0	0	0	0	0	0	0	0	0	0	0	0	0	0	0	0	0	0	0	0	0	0	0	0	0	0	0	0	0	0	0	0	0	0	0	0	0	0	0	0	0	0	0	0	0	0	0	0	0	0	0	10.25268	0	0	0	0	0	0	0	0	0	0	0	0	0	0	0	0	0	0	0	0	0	0	0	0	0	0	0	0	0	0	0	0	0	0	0	0	0	0	0	0	0	0	0	0	0	0	0	0	
0	0	0	0	0	0	0	0	0	0	0	0	0	0	0	0	0	0	0	0	0	0	0	0	0	0	0	0	0	0	0	0	0	0	0	0	0	0	0	0	0	0	0	0	0	0	0	14.51723	0	0	0	0	0	0	0	0	0	0	0	0	0	0	0	12.11619	0	0	0	0	0	0	0	0	0	0	0	0	0	0	0	0	0	0	0	0	0	0	0	0	0	0	0	0	0	0	0	0	0	0	0	0	
0	0	0	0	0	0	0	0	0	0	0	0	0	0	0	0	0	0	0	0	0	0	0	0	0	0	0	0	0	0	0	0	0	0	0	0	0	0	0	0	0	0	0	0	0	0	0	0	0	0	0	0	0	0	9.51344	0	0	0	0	0	0	0	0	0	0	0	0	0	0	0	0	0	0	0	0	0	0	0	0	0	0	0	0	0	0	0	0	0	0	0	0	0	0	0	0	0	0	0	0	0	
0	0	0	0	0	0	0	0	0	0	0	0	0	0	0	0	0	0	0	0	0	0	0	0	0	0	0	0	0	0	0	0	0	0	0	0	0	0	0	0	0	0	0	0	0	0	12.64926	8.06826	0	0	0	0	0	0	0	0	0	0	0	0	0	0	0	0	0	0	0	0	0	0	0	0	0	0	0	0	0	0	0	0	0	0	0	0	0	0	0	0	0	0	0	0	0	0	0	0	0	0	0	0	
0	0	0	0	0	0	0	0	0	0	0	0	0	0	0	0	0	0	0	0	0	0	0	0	0	0	0	0	0	0	0	0	0	0	0	0	0	4.29241	0	0	0	0	0	13.28502	0	0	0	0	0	0	0	0	0	0	0	0	0	0	0	0	0	0	0	0	0	0	0	0	0	0	0	0	0	0	0	0	0	0	0	0	0	0	0	0	0	0	0	0	0	0	0	0	0	0	0	0	0	0	0	0	
0	0	0	0	0	0	0	0	0	0	0	0	0	0	0	0	0	0	0	0	0	0	0	0	0	0	0	0	0	0	0	0	0	0	0	0	0	0	0	0	0	0	0	0	0	0	0	0	0	0	0	0	0	0	0	0	0	0	0	0	0	0	0	0	0	0	0	0	0	0	0	0	5.3677	0	0	0	0	0	0	0	0	0	0	0	0	0	0	0	0	0	0	0	0	0	0	0	0	0	0	0	
0	0	0	0	0	0	0	0	0	0	0	0	0	0	0	0	0	0	0	0	0	0	0	0	0	0	0	0	0	0	0	0	0	0	0	0	0	0	0	0	0	0	0	0	0	0	0	0	0	0	0	0	0	0	0	0	0	0	0	0	0	0	0	0	0	0	0	0	0	0	0	0	0	0	9.45093	0	0	0	0	0	0	0	0	0	0	0	0	0	0	0	0	0	0	0	0	0	0	0	0	0	
0	0	0	0	0	0	0	0	0	0	0	0	0	0	0	0	0	0	0	0	0	0	0	0	0	0	0	0	0	0	0	0	0	0	0	0	0	0	0	0	0	0	0	0	0	0	0	0	0	0	0	9.2434	0	0	0	12.11064	0	0	3.12894	0	0	0	0	0	0	0	0	0	0	0	0	0	0	0	0	0	0	0	0	0	0	0	0	0	0	0	0	0	0	0	0	0	0	0	0	0	0	0	0	0	
0	0	0	0	0	0	0	0	0	0	0	0	0	0	0	0	0	0	0	0	0	0	0	0	0	0	0	0	7.79154	0	0	0	0	0	0	0	0	0	0	0	0	0	0	0	0	0	0	0	0	0	0	0	0	0	0	0	0	0	0	0	0	0	0	0	0	0	0	7.57583	0	0	0	0	0	0	0	0	0	0	0	0	0	0	0	0	0	0	0	0	0	0	0	0	0	0	0	0	0	0	0	0	
0	0	0	0	0	0	0	0	0	0	0	0	0	0	0	0	0	0	0	0	0	0	0	0	0	0	0	0	0	0	0	0	0	0	0	0	0	0	0	0	0	0	0	0	0	0	0	0	0	0	0	0	0	0	0	8.76449	0	0	0	0	0	0	0	0	0	0	0	0	0	0	0	0	0	0	0	0	0	0	0	0	0	0	0	0	0	0	0	0	0	0	0	0	0	0	0	0	0	0	0	0	
0	0	0	0	0	0	0	0	0	0	0	0	0	0	0	0	0	0	0	0	0	0	0	0	0	0	0	0	0	0	0	0	0	0	0	0	0	0	0	0	0	0	0	0	0	0	0	0	0	0	0	0	0	0	0	0	0	0	0	0	0	0	0	0	0	0	0	10.8303	0	0	0	0	0	0	0	0	0	0	0	0	0	0	0	0	0	0	0	0	0	0	0	0	0	0	0	0	0	0	0	0	
0	0	0	0	0	0	0	0	0	0	0	0	0	0	0	0	0	0	0	0	0	0	0	0	0	0	0	0	0	0	0	0	0	0	0	0	0	0	0	0	0	0	0	0	0	0	0	0	0	0	0	0	4.32996	0	0	0	2.23961	0	0	0	0	0	0	0	0	0	0	0	0	0	0	5.06787	0	0	0	0	0	0	0	0	0	0	0	0	0	0	0	0	0	0	0	0	0	0	0	0	0	0	0	0	
0	0	0	0	0	0	0	0	0	0	0	0	0	0	0	0	0	0	0	0	0	0	0	0	0	0	0	0	0	0	0	0	0	0	0	0	0	0	0	0	0	0	0	0	0	0	0	0	10.33575	0	0	0	12.28904	0	0	0	0	0	0	0	0	0	0	0	0	0	0	7.06337	0	0	0	0	0	0	0	0	0	0	0	0	0	0	0	0	0	0	0	0	0	0	0	0	0	0	0	0	0	0	0	0	
0	0	0	0	0	0	0	0	0	0	0	0	0	0	0	0	0	0	0	0	0	0	0	0	0	0	0	0	0	0	11.66139	0	0	0	0	0	0	0	0	5.95304	0	0	0	0	0	0	0	10.0539	0	0	0	0	0	0	0	0	0	9.72458	3.99813	0	9.07226	0	0	9.13164	0	0	0	0	0	0	0	0	0	0	0	0	0	0	0	0	0	0	0	0	0	0	0	0	0	0	0	0	0	0	0	0	0	0	0	0	
0	0	0	0	0	0	0	0	0	0	0	0	0	0	0	0	0	0	0	0	0	0	0	0	0	0	0	0	0	0	0	0	0	0	0	0	0	0	0	0	0	0	0	0	0	0	0	0	0	0	0	0	0	0	5.75734	0	0	0	0	0	0	0	0	0	0	0	0	0	0	0	0	0	0	0	0	0	0	0	0	0	0	0	0	0	0	0	0	0	0	0	0	0	0	0	0	0	0	0	0	0	
0	0	0	0	0	0	0	0	0	0	0	0	0	0	0	0	0	0	0	0	0	0	0	0	0	0	0	0	0	0	0	0	0	0	0	0	0	0	0	0	0	0	15.63901	0	0	0	0	0	0	0	0	0	9.04824	0	0	0	0	0	0	12.51005	0	0	0	0	0	0	0	0	0	0	0	5.84051	0	0	0	0	0	0	0	0	0	0	0	0	0	0	0	0	0	0	0	0	0	0	0	0	0	0	0	0	
0	0	0	0	0	0	0	0	0	0	0	0	0	0	0	0	0	0	0	0	0	0	0	0	0	0	0	0	0	0	0	0	0	0	0	0	0	0	0	0	0	0	0	6.30352	0	0	0	10.66281	0	0	0	7.97344	0	0	0	0	0	0	4.91657	0	0	0	0	0	0	0	0	0	0	0	0	0	0	0	0	0	0	0	0	0	0	0	0	0	0	0	0	0	0	0	0	0	0	0	0	0	0	0	0	0	
0	0	0	0	0	0	0	0	0	0	0	0	0	0	0	0	0	0	0	0	0	0	0	0	0	0	0	0	0	0	0	0	0	0	0	0	0	0	0	0	0	0	14.39658	0	0	0	0	0	0	0	0	0	0	0	0	8.61476	0	0	0	0	0	0	0	0	0	0	2.49794	0	10.56111	0	0	0	0	0	0	0	0	0	0	0	0	0	0	0	0	0	0	0	0	0	0	0	0	0	0	0	0	0	0	0	
0	0	0	0	0	0	0	0	0	0	0	0	0	0	0	0	0	0	0	0	0	0	0	0	0	0	0	0	0	0	0	0	0	0	0	0	0	0	0	0	14.04454	0	0	0	0	0	0	0	0	0	0	0	0	0	0	0	0	0	0	0	0	0	0	0	0	0	0	0	0	0	0	0	0	0	0	0	0	0	0	0	0	0	0	0	0	0	0	0	0	0	0	0	0	0	0	0	0	0	0	0	
0	0	0	0	0	0	0	0	0	0	0	0	0	0	0	0	0	0	0	0	0	0	0	0	0	0	0	0	0	0	0	0	0	0	0	0	0	0	0	0	0	0	0	0	0	0	0	10.63888	0	0	8.39964	0	0	0	0	0	0	0	0	0	0	0	0	0	0	0	0	0	0	0	0	0	0	0	0	0	9.14223	0	0	0	0	0	0	0	0	0	0	0	0	0	0	0	0	0	0	0	0	0	0	0	
0	0	0	0	0	0	0	0	0	0	0	0	0	0	0	0	0	0	0	0	0	0	0	0	0	0	0	0	0	0	0	0	0	0	0	0	0	0	0	0	0	0	0	0	0	0	0	10.54274	0	0	9.94623	9.46997	0	0	0	0	6.50512	0	10.88689	0	9.25873	0	0	0	0	9.19022	0	0	0	0	0	0	0	0	0	0	0	0	0	0	0	0	0	0	0	0	0	0	0	0	0	0	0	0	0	0	0	0	0	0	
0	0	0	0	0	0	0	0	0	0	0	0	0	0	0	0	0	0	0	0	0	0	0	0	0	0	0	0	0	0	0	0	0	0	0	0	0	0	0	0	0	9.67348	0	0	0	0	0	0	0	0	0	0	0	0	0	0	0	0	0	0	0	0	0	0	0	0	0	0	0	0	0	0	0	0	0	0	0	0	0	0	0	0	0	0	0	0	0	0	0	0	0	0	0	0	0	0	0	0	0	0	
0	0	0	0	0	0	0	0	0	0	0	0	0	0	0	0	0	0	0	0	0	0	0	0	0	0	0	0	0	0	0	10.32649	0	0	0	0	0	0	0	0	0	0	0	0	0	0	0	10.78541	0	0	0	0	0	0	0	0	0	0	0	0	0	0	0	0.60075	0	0	0	1.35027	0	0	0	0	0	0	0	0	0	0	0	0	0	0	0	0	0	0	0	0	0	0	0	0	0	0	0	0	0	0	0	0	
0	0	0	0	0	0	0	0	0	0	0	0	0	0	0	0	0	0	0	0	0	0	0	0	0	0	0	0	0	0	0	7.56631	0	0	0	0	0	0	0	0	0	0	0	0	0	0	0	0	0	0	0	0	0	0	0	0	0	0	0	0	0	0	0	0	0	0	0	0	0	0	0	0	0	0	0	0	0	0	0	0	0	0	0	0	0	0	0	0	0	0	0	0	0	0	0	0	0	0	0	0	
0	0	0	0	0	0	0	0	0	0	0	0	0	0	0	0	0	0	0	0	0	0	0	0	0	0	0	0	0	0	0	0	0	0	0	0	0	0	0	0	0	0	0	10.48047	0	0	0	0	0	13.78126	0	0	0	0	9.46997	0	0	0	0	0	0	0	0	0	0	0	0	0	0	0	0	0	0	0	0	0	0	0	0	1.24897	0	0	0	0	0	0	0	0	0	0	0	0	0	0	0	0	0	0	0	0	
0	0	0	0	0	0	0	0	0	0	0	0	0	0	0	0	0	0	0	0	0	0	0	0	0	0	0	0	0	0	0	0	7.58971	0	0	0	0	0	0	0	0	0	0	0	0	0	0	3.85098	0	0	8.58858	0	0	0	0	0	0	0	7.81489	0	0	0	0	0	0	0	0	0	0	0	1.6164	0	0	0	0	0	0	0	0	0	0	0	0	0	0	5.30294	0	0	0	0	0	0	0	0	0	0	0	0	0	0	
0	0	0	0	0	0	0	0	0	0	0	0	0	0	0	0	0	0	0	0	0	0	0	0	0	0	0	0	0	0	0	0	0	0	0	0	0	0	0	11.09095	0	0	0	0	16.4321	0	6.48101	0	0	0	0	0	0	0	0	0	0	0	0	0	0	0	0	0	0	0	0	0	0	0	0	0	0	0	0	0	0	0	0	0	0	0	0	0	0	0	0	0	0	0	0	0	0	0	0	0	0	0	0	0	
0	0	0	0	0	0	0	0	0	0	0	0	0	0	0	0	0	0	0	0	0	0	0	0	0	0	0	0	0	0	0	0	0	0	0	10.76927	0	0	0	0	0	0	0	0	0	0	0	9.30659	0	0	0	0	0	6.96308	0	0	0	0	0	0	8.83798	0	0	0	0	0	0	0	0	0	0	0	0	0	0	0	0	0	0	0	0	0	0	0	0	0	0	0	0	0	0	0	0	0	5.84051	0	0	0	0	0	
0	0	0	0	0	0	0	0	0	0	0	0	0	0	0	0	0	0	0	0	0	0	0	0	0	0	0	0	0	0	0	0	0	0	0	0	0	0	0	0	0	15.06564	0	0	0	0	0	0	0	0	0	0	0	0	0	0	0	0	0	0	0	0	0	0	0	0	0	0	0	0	0	3.04114	0	0	0	0	0	0	0	0	0	0	0	0	0	0	0	0	0	0	0	0	0	0	0	0	0	0	0	0	
0	0	0	0	0	0	0	0	0	0	0	0	0	0	0	0	0	0	0	0	0	0	0	0	0	0	0	0	0	0	0	0	0	0	0	0	0	0	0	0	7.84761	0	0	0	9.87421	0	0	7.32795	0	0	1.84101	12.63481	0	0	0	10.65792	0	0	6.97728	0	5.60053	0	0	0	0	0	0	0	2.03534	0	0	0	0	0	0	0	0	0	0	0	0	0	0	0	0	0	0	0	0	0	0	0	0	0	0	7.45179	0	0	0	0	
0	0	0	0	0	0	0	0	0	0	0	0	0	0	0	0	0	0	0	0	0	0	0	0	0	0	0	0	0	0	0	0	0	0	0	0	0	0	0	0	0	0	0	0	15.79005	0	0	0	0	2.03534	0	0	8.859	0	0	0	0	8.19396	0	0	0	5.27451	0	0	0	0	0	0	0	0	0	0	0	0	0	0	0	0	0	0	0	0	0	0	0	0	0	0	0	0	0	0	0	0	0	0	0	0	0	0	
0	0	0	0	0	0	0	0	0	0	0	0	0	0	0	0	0	0	0	0	0	0	0	0	0	0	0	0	0	0	0	0	0	0	0	0	0	0	0	0	0	0	0	10.11633	0	0	11.72419	0	0	0	11.31661	0	0	0	0	0	0	0	0	6.56998	0	0	0	0	8.40433	0	0	8.68343	0	0	0	0	9.59857	0	0	0	2.94765	0	0	0	0	0	0	0	0	0	0	0	0	0	0	0	0	0	0	0	0	0	0	0	
0	0	0	0	0	0	0	0	0	0	0	0	0	0	0	0	0	0	0	0	0	0	0	0	0	0	0	0	0	0	0	0	0	0	0	0	0	0	0	0	0	0	0	0	0	0	0	10.44563	0	0	0	5.16723	5.38563	0	0	8.95221	0	0	1.35027	0	0	0	0	0	0	0	0	9.47626	0	0	0	0	0	9.07197	0	0	0	0	0	0	0	0	0	0	0	0	0	0	0	0	0	0	0	0	0	0	0	0	0	0	
0	0	0	0	0	0	0	0	0	0	0	0	0	0	0	0	0	0	0	0	0	0	0	0	0	0	0	0	0	0	0	0	0	0	0	0	0	15.94006	0	0	0	0	0	0	0	0	0	0	3.43483	0	0	8.60809	0	0	7.45604	0	9.17354	0	0	2.03534	0	3.68708	0	0	0	0	0	0	0	0	0	0	0	0	5.4276	3.68708	0	0	0	0	0	0	0	0	0	0	0	0	0	0	0	0	0	0	0	0	0	0	0	0	
0	0	0	0	0	0	0	0	0	0	0	0	0	0	0	0	0	0	0	0	0	0	0	0	0	0	0	0	0	0	0	0	0	0	0	0	0	0	0	0	0	0	14.81707	0	0	9.08986	0	12.8706	0	0	9.69792	0	10.74907	0	8.40433	0	0	0	0	0	0	0	0	10.09741	0	0	0	2.62417	0	0	11.22836	0	0	0	0	0	0	0	2.20655	0	0	0	0	0	0	0	0	0	0	0	0	0	0	0	0	0	0	0	0	0	
0	0	0	0	0	0	0	0	0	0	0	0	0	0	0	0	0	0	0	0	0	0	0	0	0	0	0	0	0	0	0	0	0	0	0	0	0	0	0	0	0	0	0	0	0	0	0	9.66708	13.3316	0	0	8.11014	0	0	0	0	0	0	0	0	0	0	0	0	1.84101	0	0	0	0	0	0	0	0	0	0	0	0	0	0	0	0	0	0	0	0	0	0	0	0	0	7.34584	0	0	0	0	0	0	0	0	0	
0	0	0	0	0	0	0	0	0	0	0	0	0	0	0	0	0	0	0	0	0	0	0	0	0	0	0	0	0	0	0	0	0	0	0	0	0	0	0	0	0	0	0	0	0	0	0	11.05217	0	0	0	0	9.38	1.02368	0	0	0	0	10.70461	8.67069	0	0	0	0	0	0	0	0	0	0	0	0	0	0	0	0	0	0	0	0	0	0	0	0	0	0	0	0	0	0	0	0	0	0	0	0	0	0	6.22619	0	
0	0	0	0	0	0	0	0	0	0	0	0	0	0	0	0	0	0	0	0	0	0	0	0	0	0	0	0	0	0	0	0	0	0	0	0	0	0	0	0	0	0	8.06355	0	0	0	0	0	0	8.78414	0	7.93851	0	8.04109	0	0	0	0	0	0	0	0	0	0	12.22589	0	0	0	0	0	0	0	0	0	0	0	14.71483	0	0	0	0	0	0	0	0	0	0	0	0	0	0	0	0	0	0	0	0	0	0	0	
0	0	0	0	0	0	0	0	0	0	0	0	13.58838	0	0	0	0	0	0	0	0	0	0	0	0	0	0	0	0	0	9.57824	0	0	0	0	0	0	0	0	0	0	0	9.63227	0	0	0	0	8.33679	0	0	13.95038	0	0	5.08992	2.20655	0	8.95842	0	0	0	0	0	0	7.88907	11.51756	8.50417	0	0	0	0	0	0	0	0	0	0	0	0	0	0	0	0	0	0	0	0	0	0	0	0	0	0	0	0	0	0	0	0	0	0	
0	0	0	0	0	0	0	0	0	0	0	0	0	0	0	0	0	0	0	0	0	0	0	0	0	0	0	0	0	0	0	0	0	0	0	0	0	0	0	0	0	0	0	0	0	10.41078	1.35027	0	2.74024	11.28351	0.60075	9.30205	7.48868	0	8.59947	6.11991	0	0	0	0	13.63686	0	0	0	0	0	0	0	0	7.34713	0	0	0	0	0	0	4.21465	0	0	0	0	0	0	0	0	0	0	0	0	0	0	0	0	0	0	0	0	0	0	0	
0	0	0	0	0	0	0	0	0	0	0	0	0	0	0	9.03409	0	0	0	0	0	0	0	0	0	0	0	0	0	0	0	0	0	0	0	6.43007	11.29542	0	0	0	0	0	0	2.74024	0	10.4349	7.91423	8.75244	4.32996	7.88907	0	0	2.94765	0	11.35154	0	0	0	0	8.17604	0	11.12805	0	4.74558	0	7.78141	0	0	10.99636	0	5.60053	0	0	0	0	10.13224	0	0	0	4.44835	0	0	0	0	0	0	0	0	0	0	6.9474	0	0	0	0	0	0	0	0	0	
0	0	0	0	0	0	0	0	0	0	0	0	0	0	0	0	0	0	0	0	0	0	0	0	0	0	11.89631	0	0	0	0	3.74381	0	0	6.6314	0	0	0	0	0	11.50718	0	0	0	0	0	0	0	9.94463	1.02368	6.48101	9.71841	9.90174	0	9.57629	0	11.7002	0	1.62124	0	3.12894	8.52455	0	0	0	8.81003	0	0	0	0	0	0	0	9.5165	0	0	0	0	0	0	0	0	0	0	0	0	0	0	0	0	0	0	0	0	0	0	4.21428	0	0	0	
0	0	0	0	0	0	0	0	0	0	0	0	0	0	0	0	0	0	0	12.901	0	0	0	0	0	0	0	0	0	0	0	0	0	0	0	0	0	0	0	0	0	0	0	14.12807	0	0	12.97941	11.26516	9.97094	0	6.27512	8.08276	11.77163	0	0	0	12.91583	0	0	8.51738	5.28456	0	0	11.6389	0	9.05806	0	7.6051	0	0	0	0	0	0	0	0	0	0	0	0	0	0	0	0	0	0	0	0	0	0	9.11896	0	0	0	0	0	0	0	0	0	
0	0	0	0	0	0	0	0	0	0	0	0	6.86029	0	0	0	0	0	0	8.37769	0	0	0	0	0	0	0	0	0	0	0	0	0	6.48149	0	0	0	0	0	0	0	6.76073	12.57353	0	9.23183	0	0	3.23009	11.93261	0	3.04114	7.7965	7.19108	0	9.37177	1.35027	5.18315	5.09575	7.10384	0	0	0	0	0	6.83441	0	0	0	0	0	0	0	0	0	0	0	0	0	8.08566	4.85263	0	0	0	0	0	0	0	0	0	0	0	0	0	0	0	0	0	0	0	0	
0	0	0	0	0	0	0	0	0	0	0	0	0	0	0	0	0	0	0	0	0	0	0	15.09911	0	0	0	0	0	0	0	0	0	0	0	0	0	0	10.55864	0	0	0	9.49338	10.77396	0.60075	0	11.46726	6.96256	0	8.10548	9.90951	7.5276	0	0	0	0	0	6.04847	15.7079	11.05568	12.03506	0	0	0	8.10203	0	0	0	0	0	0	0	0	0	0	0	0	0	0	0	0	0	0	0	0	0	0	0	0	0	0	0	0	0	0	0	0	0	0	0	
0	0	9.69971	0	0	0	0	0	0	0	0	0	0	0	0	0	0	0	0	0	0	0	0	0	0	0	0	0	0	0	0	0	0	0	0	0	0	0	0	0	9.85653	0	0	0	0	9.85181	0	6.6268	9.95976	11.62297	0	9.46997	11.52365	8.80053	2.62417	10.20738	0	0	5.74647	0	7.09182	0	8.54265	10.84577	0	0	0	0	0	0	0	7.6144	0	0	0	0	1.02368	0	0	0	0	0	0	0	0	0	0	0	0	0	0	0	0	0	0	0	0	0	0	0	
0	0	0	0	0	0	0	0	0	0	0	9.76369	0	0	0	0	0	0	0	0	0	0	0	0	0	0	0	0	0	0	0	0	6.25575	0	0	0	0	9.64151	12.38922	6.17554	4.7731	7.96559	0	0	13.07329	7.55273	11.8773	9.78792	11.03835	0	10.71888	0	6.80828	5.67261	0	9.67029	5.30433	13.2927	0	0	0	0	0	0	0	0	0	8.04109	0	0	0	0	6.91689	0	0	10.96315	0	0	9.27446	0	0	0	0	0	0	0	0	0	0	0	0	0	0	0	0	8.66204	0	0	0	0	
0	0	0	0	0	0	0	0	0	0	0	0	0	0	0	0	0	0	0	0	0	0	0	0	0	0	0	0	0	0	0	0	0	0	0	8.20808	0	0	0	6.53022	0	13.6676	0	11.42189	14.32868	10.19491	7.6571	9.2703	4.99249	10.57656	10.28407	10.32823	3.74381	8.85496	0	0	9.85674	0	0	6.05177	8.46464	0	0	0	0	0	0	0	0	0	0	0	0	0	0	0	0	0	4.40222	0	0	0	0	0	0	0	0	9.00393	0	0	0	0	0	0	0	0	0	0	0	0	
0	0	0	0	0	0	0	0	9.67713	0	9.14487	0	0	0	0	0	0	0	0	0	0	0	0	0	0	0	8.0154	0	0	0	0	0	0	0	0.60075	0	0	12.17684	12.88759	0	10.14969	5.17489	0	11.1551	0	12.24112	9.66548	7.59803	9.53495	10.21276	0	5.93124	0	0	0	0	9.53279	3.12894	0	0	0	0	3.43483	0	0	0	12.5238	0	0	0	0	0	0	0	0	0	0	0	0	0	0	0	0	0	0	0	0	0	0	0	0	0	0	7.6051	0	0	0	0	0	0	
0	0	0	0	0	0	0	0	0	0	0	10.64261	0	0	13.78881	0	0	0	0	0	0	0	0	0	0	0	0	0	0	0	0	11.44271	0	0	6.41268	0	11.31544	0	0	10.52126	0.60075	0	9.85496	11.25591	9.82973	9.34681	11.34993	9.80436	4.7244	9.65824	7.27998	9.22624	10.20601	8.88368	0	5.80095	10.13678	0	0	5.53775	7.0181	4.86951	0	6.88572	0	0	0	0	0	0	0	0	0	0.60075	0	6.98556	0	0	0	0	0	0	0	3.85098	0	0	0	0	0	0	0	0	0	0	0	0	0	0	0	0	
0	0	0	0	0	0	0	0	0	0	0	0	13.13976	0	0	0	0	0	0	0	0	0	0	0	0	0	0	0	0	10.08854	0	0	7.03524	0	4.04404	0	11.25757	0	9.41208	11.53449	11.09358	10.36881	9.50941	10.1049	9.03475	5.12491	10.65522	10.31181	7.49787	10.07716	11.17861	10.97948	10.19536	7.01163	6.71986	6.53657	8.90604	0	0	10.46052	2.74024	0	0	0	0	0	0	0	0	0	0	0	0	10.35595	0	0	0	0	0	0	9.32646	0	0	0	0	0	0	0	0	0	0	0	0	0	0	0	0	0	0	0	
0	0	0	0	0	0	0	13.31626	0	0	0	10.61959	0	0	0	0	0	0	0	0	0	0	0	0	0	0	0	9.81174	0	0	5.68985	0	11.86349	0	0	0	8.67069	7.56631	8.62892	10.81086	10.24854	8.11855	0	11.13911	10.17161	10.52243	9.49962	9.24826	11.2562	10.42381	4.9686	9.33343	8.70323	7.97747	8.74227	6.98441	9.01694	5.92235	5.27203	9.55068	5.39028	12.66851	5.71844	0	10.65653	0	0	0	0	0	0	0	0	9.4794	0	0	0	0	0	0	0	0	0	0	0	0	0	0	0	0	0	0	0	0	0	0	0	0	0	0	
12.27227	0	0	0	0	0	0	0	8.93006	0	0	0	6.94135	0	0	0	0	0	0	0	0	0	0	0	9.44024	0	0	8.4835	0	0	0	0	12.64694	0	10.86081	9.86065	0	5.63092	10.74493	7.48878	7.11267	11.20584	6.31175	10.07045	12.30061	10.3658	9.18307	9.98765	7.56973	4.10876	10.00876	7.05788	7.61443	3.23091	11.55175	8.67605	9.68349	5.56612	0	10.83903	0	1.84101	0	7.17923	0	8.68343	0	0	0	0	1.35027	0	0	0	0	0	0	0	0	0	0	0	4.15823	0	0	6.14438	0	0	0	0	0	0	0	0	0	0	0	0	0	0	
0	0	0	10.74343	0	0	0	0	0	0	0	0	0	0	0	0	0	0	8.84448	0	0	10.58702	0	5.21556	11.23701	9.84372	0	0	11.80388	9.33456	12.05563	0	12.75136	0	0	0	0	9.82134	11.23565	8.91026	8.88535	7.81898	9.50647	9.47667	9.02897	10.02111	8.96995	9.89106	10.72435	6.02628	9.9344	9.35618	9.97711	6.90396	7.12112	8.40601	0	3.83437	5.73991	8.41611	1.35027	1.02368	8.56446	0	0	0	0	0	0	4.17357	0	0	4.65975	0	1.35027	9.30659	12.83482	4.27866	0	0	0	0	0	0	0	0	0	0	0	0	0	0	0	0	0	0	0	0	0	0	
9.32878	0	0	0	12.24704	6.98432	0	0	0	0	0	0	0	0	0	0	0	10.32765	0	0	0	0	0	0	10.5621	0	10.56546	9.6383	0	13.69937	11.21081	0	0	0	10.74603	10.33402	6.66186	11.39359	11.76523	10.38577	7.93502	9.54208	10.52096	9.93707	9.63695	9.91455	9.87117	8.77128	8.38143	10.79476	6.08367	9.92304	10.07409	7.7973	10.02093	8.13587	9.13877	6.02493	7.02874	10.45403	8.29944	0	5.27744	9.42948	10.87225	9.69522	8.07752	0	0	0	0	0	0	0	7.13404	0	0	0	0	0	0	0	0	0	0	0	0	0	0	0	0	0	0	0	0	0	0	0	0	0	
0	0	0	0	0	0	0	0	11.03238	0	9.43917	0	0	0	0	0	7.28023	12.31954	9.84858	8.49387	10.51092	7.69065	0	0	0	12.11081	0	10.44937	11.25288	11.69998	0	10.91996	12.9328	7.58702	10.39742	10.16582	8.41039	7.69359	11.3994	11.39135	10.05954	9.78556	5.11638	8.73555	10.00541	8.49538	9.19833	9.39896	8.79523	7.94033	7.95022	10.43462	8.51898	7.78795	5.85806	6.75259	4.53435	9.22551	0	10.45415	5.88286	9.38336	7.13639	0	7.79726	10.84334	4.99963	0	0	0	0	4.21428	0	0	9.31714	0	0	0	9.20923	0	0	0	0	0	0	7.99218	0	0	0	0	0	0	0	0	0	5.21556	0	0	0	0	
0	10.18515	0	0	6.23611	7.92937	0	0	0	0	0	0	0	0	7.06337	11.02489	0	10.85907	10.30867	0	5.5537	0	6.11232	0	0	0	0	0	10.8978	9.68711	8.57166	0	11.18485	5.29438	9.98425	8.7712	9.51001	9.30884	8.7472	9.49489	8.97601	8.56547	8.51358	8.41739	9.6118	7.33311	8.45591	9.73189	9.04889	8.47282	8.07134	8.47788	8.68706	6.63414	8.32096	8.3308	6.5778	6.48944	8.57008	5.3002	0	8.15004	0	12.98732	10.15817	0.60075	5.635	7.81158	0	0	0	0	0	0	0	5.67534	0	0	0	0	8.52971	0	0	0	0	0	0	0	0	0	0	0	0	0	0	0	0	0	0	0	
0	9.48148	7.55049	0	8.90077	0	0	0	0	0	6.6389	0	0	0	7.96559	2.94765	0	7.32739	0	0	8.27318	5.73252	9.57968	6.7575	10.2799	9.54471	0	4.02377	11.14131	7.21844	11.63843	10.67852	10.61364	10.6347	9.86635	5.77541	8.31046	9.19672	8.10991	9.18948	7.99049	8.8099	7.35112	7.08224	7.8792	7.75783	9.12701	7.86623	9.31943	7.93645	7.61636	9.70597	7.84143	8.31194	7.94192	7.12753	7.05831	4.99965	6.34982	7.42168	0	6.94693	10.80008	10.49638	2.32988	5.43814	1.84101	0	0	0	0	6.06624	0	0	8.18631	0	6.48933	0	0	0	0	0	0	4.52833	0	1.37012	0	0	0	0	0	0	0	0	0	0	0	0	0	0	
0	0	0	0	0	0	0	0	8.19904	0	10.65191	11.65192	0	0	0	0	0	0	10.6295	0	3.99813	0	0	0	0	9.60528	10.64223	0	4.90331	11.76115	7.75713	7.61653	8.8067	9.39664	9.40811	9.95409	7.32757	8.92848	9.56592	9.98598	6.59131	9.08852	8.36472	7.43186	7.50748	7.61932	7.74394	8.42637	9.29269	8.35403	9.20816	7.58221	7.34361	8.54133	7.26589	8.52568	8.53662	9.11413	11.10692	8.30893	9.86271	5.6129	10.5405	6.49351	0	6.8255	0	9.69769	0	0	0	0	0	0	0	0	0	0	0	0	0	7.14987	0	0	0	0	0	8.37562	5.21556	10.18002	0	0	0	0	0	0	0	0	0	0	
0	0	0	0	0	0	0	0	11.82642	7.88907	3.48561	4.47104	0	11.90333	0	0	0	3.50215	6.53022	2.18327	0	0	0	8.10365	9.63651	10.27269	3.79838	9.41106	7.71928	10.69067	0	7.78824	4.53806	4.18607	6.3905	9.07984	9.89394	7.45117	8.72345	5.80251	7.04542	9.91157	7.92249	9.52975	6.89275	8.08773	7.74356	7.98603	6.98864	9.15331	8.53444	7.23991	7.54059	7.59439	7.93943	8.58345	5.51308	8.06458	10.55369	5.51026	6.32766	9.67443	9.82912	6.12305	2.57706	10.98749	10.11297	0	0	0	0	0	0	8.86859	9.00102	0	0	0	14.10943	0	0	0	0	0	0	0	0	0	7.89534	0	1.6164	0	0	0	0	0	0	0	0	0	
0	0	9.7015	6.95644	0	5.11163	0	3.56646	6.54626	0	0	0	0	0	0	0	0	7.76482	0	0	0	0	0	11.90703	0	7.54651	0	9.4061	8.52859	7.43793	0	8.71877	0	7.48128	6.2808	8.54603	7.76345	6.33351	3.77558	8.74199	8.16572	8.73343	7.1855	7.75906	7.90879	8.38106	7.35375	8.73365	8.77727	8.18474	8.17717	8.1854	8.0703	8.62909	7.94811	6.32485	7.63699	9.54255	7.46427	6.62668	10.34681	7.60603	7.03857	10.93716	4.15509	0	0	5.96713	3.43483	4.08851	3.40734	0	8.00963	0	0	0	6.59403	0	0	0	0	0	3.87482	0	0	0	0	0	0	0	0	0	0	0	0	0	0	0	0	0	
0	0	0	0	0	0	0	0	0	0	9.52765	6.92917	9.8207	0	10.02701	0	0	7.98337	0	6.52214	0	0	0	0	0	0	7.93851	6.3862	7.14089	0	8.80337	8.07203	6.54537	9.3478	5.20266	8.16295	8.20413	8.43102	8.22394	7.63177	7.97712	6.22434	7.72584	6.07715	6.8055	8.06385	6.22249	6.40888	8.22223	6.27996	7.82187	9.47638	9.07459	7.55136	6.66944	7.06041	6.29424	7.65233	9.66208	6.75162	7.52508	5.91883	7.31162	6.35308	0	6.32518	6.4976	4.09826	0	0	7.89221	0	7.75627	2.22926	0	14.03503	0	0	0	0	0	0	0	0	0	0	0	0	6.01618	0	0	0	0	0	0	0	0	0	0	0	
0	0	0	0	0	0	0	0	0	9.90252	0	0	8.53061	0	0	0	0	0	0	0	0	0	0	10.16431	0	0	7.77018	0	0	5.12502	6.98607	0	0	5.99568	8.53262	8.13686	5.52162	0	0.60075	8.74378	5.82639	11.10354	4.43699	6.64234	9.03712	10.31868	7.70827	7.12975	8.76536	5.54871	6.96767	9.25297	8.01585	6.81618	8.30552	7.06217	7.33773	6.65013	4.24196	6.88728	7.33387	6.0716	4.48146	8.86831	7.50249	4.43208	6.72595	11.02454	7.77288	0	0	13.86804	0	3.56646	0	3.36422	9.02124	0	0	0	0	0	0	0	7.4896	0	0	1.35027	0	0	0	7.7848	0	0	0	0	8.15266	0	0	0	
0	0	0	0	0	0	0	0	0	0	0	10.88649	0	0	0	0	0	7.47094	12.37685	0	0	0	0	1.35027	0	0	0	5.15411	0	0	0	0	5.48594	5.29844	6.79805	0	7.36201	8.38483	2.19746	0	8.36771	8.79253	6.76006	2.08679	0	7.49441	6.79505	4.92779	7.5074	6.49233	7.21525	9.8445	8.03007	6.07808	6.9212	5.1974	6.49174	7.49961	7.03316	7.869	7.11237	6.8146	0	6.2435	10.51987	0	6.75452	9.05806	8.54065	6.90873	0	0	2.03534	0	0	9.80509	0	8.22418	0	0	0	7.39427	0	0	0	0	0	0	0	0	0	0	0	0	0	0	0	0	0	0	
0	0	0	0	6.51627	0	0	0	0	0	8.60139	0	1.84101	0	0	9.41645	0	0	6.66116	0	6.67159	6.84092	0	0	0	8.62988	7.09097	0	0	5.17817	0	7.81735	10.94134	0	0	6.48101	9.27205	6.54626	10.33805	9.52728	5.29333	10.18963	6.76372	7.44325	4.02414	7.56749	12.39619	5.51296	7.91775	8.3509	7.72028	5.37713	8.47141	6.38405	5.70989	7.5554	5.83783	8.68589	3.48921	9.04571	5.56014	7.42225	5.92061	5.41459	7.73302	0	8.16787	9.90418	0	0	9.34249	8.33679	8.00175	10.85125	7.94675	0	5.52687	0	0	0	6.05743	0	0	3.21171	0	3.74381	0	0	0	0.60075	0	0	0	0	0	0	0	0	0	0	
0	0	0	0	0	0	0	0	0	0	0	6.55421	2.4391	0	0	7.87644	0	0	0	4.21428	6.84092	0	0	0	0	0	0	0	0	4.75263	5.81426	6.09556	0	0	0	9.02554	0	0	0	4.29241	3.8126	6.31043	4.09215	4.99688	6.73562	6.58136	5.97493	6.85735	6.72346	4.48119	0	0	7.42629	8.89792	0.60075	6.49418	8.31821	7.76424	6.90342	6.2105	8.66163	6.66427	7.85431	7.94987	6.12038	6.59415	5.19537	8.89033	1.02368	9.09581	0	6.17238	8.52511	10.47053	9.58116	0	2.03534	0	7.51834	0	0	0	0	0	0	0	0	0	0	0	0	0	0	0	0	0	0	0	0	0	
0	0	0	9.27326	0	0	0	0	0	0	0	0	0	0	0	0	1.02368	0	0	0	0	0	7.6354	0	0	0	7.65132	7.90387	10.10757	6.68308	0	0	0.60075	0	0	10.24687	0	0	5.19537	1.75108	4.38858	0	2.49794	0	3.35611	10.6767	7.1156	6.48101	6.06676	5.45668	7.1708	6.59139	8.87771	8.66414	7.29962	7.6897	8.95809	6.1088	6.26495	6.68756	8.25734	9.2223	8.53016	8.18194	6.68006	7.90126	5.82874	8.93861	12.44573	9.41833	7.56877	8.43268	5.52785	2.75681	5.45197	0	11.22557	0	7.31933	8.1631	2.11317	7.76438	11.08032	0	0	0	0	0	0	0	0	0	0	0	0	0	0	1.02368	0	10.31484	
0	0	4.7	0	0	0	0	0	0	0	0	0	0	0	0	0	0	0	0	0	6.51401	0	0	0	0	8.07741	0	9.74813	0	11.43922	0	10.85465	8.90325	0	5.31251	0	0	7.79624	6.6799	0	8.76962	0	0	7.41712	12.35041	9.11561	0.8082	4.66445	2.03534	6.6714	7.7132	9.77223	7.97965	8.89966	5.67798	8.26012	1.02368	6.5192	7.50459	6.07256	2.72557	6.32534	6.19705	4.47971	5.8343	8.16233	5.89122	0	8.21702	4.76908	5.29179	6.10655	6.38143	7.98804	0	0	5.76364	0	1.39114	6.1652	0	6.12012	0	0	0	0	0	0	8.94819	0	0	0	0	0	0	0	2.49794	0	0	0	
0	0	0	0	1.02368	0	0	0	0	0	0	0	9.20039	0	0	0	0	0	0	0	4.40222	4.32996	0	0	0	0	0	7.53104	0	0	0	5.06787	10.1541	0	0	0	4.40222	0	7.27543	7.32739	0	0	5.50497	0	10.20486	0	6.88578	8.96718	1.02368	3.86241	6.92304	6.05956	9.77308	8.3915	8.84308	1.97537	0	5.66313	4.70976	0.51184	6.85869	7.73446	8.01945	6.37334	6.69861	9.37027	5.18089	6.77579	6.17846	6.58904	7.94578	0	0	10.21217	0	8.45437	4.66381	5.77014	0	0	0	0	0	0	5.42085	2.20655	0	0	0	0	0	0	0	0	0	0	7.22153	0	0	0	
0	0	0	0	0	0	0	0	8.14478	0	0	0	3.21171	0	0	0	7.83461	6.96188	5.77397	0	0	0	0	0	6.90432	0	0	0	0	0	0	0	0	0	6.86029	8.11014	0	4.47104	0	0	0	0	8.22418	10.2036	0	8.36769	10.59908	8.22169	0	5.50413	0	9.37328	11.26213	8.47885	0	4.53672	0	8.03964	0	4.53043	8.4047	8.31121	5.97121	7.74367	5.11167	6.91939	6.4483	6.29946	9.52158	7.86919	8.7818	3.75305	6.51512	7.87644	7.8092	5.43894	7.80733	9.55068	0	0	9.39336	0	9.36826	0	5.17346	0	9.27566	4.97614	8.73156	0	4.6069	0	0	9.92099	0	0	0	0	0	0	
0	0	0	0	0	0	0	0	0	0	0	0	0	0	0	0	0	0	0	0	4.97208	0	0	0	0	0	0	0	0	7.00074	0	0	0	0	4.68893	0	0	0	0	0	8.52657	0	8.65598	9.62994	5.9872	0	0	2.35958	3.43483	5.71865	9.36765	0	0	1.24897	2.95133	8.23919	0	0	7.94279	8.97319	9.22924	5.66268	3.36306	5.87857	6.5638	8.88051	1.98327	4.5546	6.66723	5.4507	9.5781	6.71389	4.21732	5.26448	6.33173	0	2.59143	0	4.18343	0	0	0	2.74024	0	0	0	7.22212	0	0	0	0	0	0	0	0	0	0	0	0	0	
0	0	0	0	6.81468	0	0	0	0	0	0	2.84766	0	1.84101	0	0	0	0	0	0	0	0	0	0	0	0	0	0	0	0	0	0	0	0	0	0	0	0	0	8.62381	0	0	6.6314	0	5.7031	0	0.8082	5.27451	0	0	1.02368	0	0	0	10.52566	0	0	0	0	9.9967	6.29835	0.60075	8.00941	7.96579	8.6168	0	0.51184	5.60828	10.58394	6.53285	8.90256	10.06923	8.57697	6.13125	0	0	4.45396	5.31251	8.30456	5.67534	6.59332	8.66886	1.35027	0	0	0	7.914	12.00647	0	4.61304	0	0	0	0	6.24597	0	0	0	0	0	
0	0	0	0	0	0	0	0	0	0	0	0	0	0	0	0	0	5.27036	0	0	0	9.14881	9.45199	0	0	0	9.57434	0	0	0	0	0	0	8.27457	6.82168	0	0	0	0	0	0	0	0	0	0	0	0	0	0	0	0.60075	0	0	0	0	9.24089	8.91121	9.55692	4.17357	7.04656	0	6.49949	5.61205	0	8.48904	6.72225	7.01479	6.71769	4.24164	2.4391	9.20549	6.83298	5.45438	5.60768	9.57406	6.50465	5.93352	0	9.05806	9.55723	0	0	7.30787	0	7.5345	9.92364	0.60075	7.66507	0	9.09197	0	0	0	0	0	0	8.74042	0	0	0	
0	0	0	0	0	0	0	0	6.92492	0	0	0	0	0	0	0	0	0	0	0	0	0	0	0	0	0	0	3.12894	0	4.21428	0	0	0	0	0	0	0	0	0	10.42977	0	0	0	0	0	4.8266	0	6.48101	7.32275	0	0	9.97094	0	0	0	0	0	0	9.94636	0	8.60246	0	9.02673	9.88374	7.09856	5.04176	6.13709	0	0	6.1273	9.17783	1.35027	9.03664	5.63589	4.92517	7.01802	1.17979	0	0	6.85818	5.5334	7.25242	11.19919	9.37319	9.04227	0	0.60075	0	0	0	6.11232	0	10.84527	0	0	0	0	0	0	0	
0	0	0	0	0	0	0	0	0	0	0	0	0	7.91091	0	0	0	0	0	1.35027	0	0	0	0	0	3.82603	0	0	0	0	0	0	0	0	7.96559	0	0	6.80301	0	0	9.97243	0	3.12894	6.9045	8.08841	0	0	0	0	0	4.74558	5.06787	0	0	7.8605	0	0	0	0	6.29292	4.31405	0	5.17232	8.57427	6.86029	4.07922	9.87364	10.36769	0	4.81816	5.35678	0	4.89833	5.29971	10.22056	7.5649	3.48451	5.9539	8.44588	3.7471	0	5.34231	8.54265	4.07381	4.67438	0	0	8.22169	4.85413	0	1.35027	0	0	8.69606	0	0	0	0	5.09413	0	
0	0	0	0	0	0	0	0	0	0	0	0	0	0	0	0	0	0	0	0	0	0	4.90331	0	0	0	0	0	8.88287	0	0	0	0	0	9.55685	0	0	2.74024	0	0	0	1.24897	0	0	0	0	4.29588	0	0	0	0	0	10.37163	0	0	0	6.72825	5.19537	0	5.1282	9.91035	0	0	5.9652	0	4.74558	0	7.89959	6.11144	10.02844	8.55788	6.23397	7.69415	4.69655	5.47211	7.57499	2.7444	0	6.16565	5.28086	7.07098	8.25588	5.36736	0	5.65479	0	1.35027	4.5116	0	0	10.23979	8.67161	0	0	0	0	8.67069	0	0	0	
0	0	0	0	0	0	0	0	0	0	0	0	0	0	0	0	0	0	0	0	0	0	0	0	0	0	0	0	0	0	0	0	0	0	0	0	0	4.80925	0	0	0	0	0	0	0	0	0	0	0	3.21171	0	4.79662	0	3.69671	0	0	5.9769	6.89861	1.6164	0	6.23611	0	9.8758	11.95999	6.71889	5.62249	0	0	10.7435	6.25968	0	7.03524	6.37228	8.98051	7.67295	8.5501	0	4.15772	4.58226	5.29277	2.64018	9.4044	5.90411	0	0	0	3.88148	0	0	0	0	0	4.28305	7.45086	9.84047	0	0	0	0	0	
0	0	0	0	0	0	0	8.08017	0	0	0	0	0	0	0	0	0	0	0	0	0	0	0	0	0	0	0	0	0	0	0	0	0	0	0	0	0	2.83767	0	6.86029	0	0	0	0	0	0	0	0	0	0	5.29014	0	0	10.47629	5.9522	0	0	6.57097	9.65142	11.18549	0	2.74024	0	7.22195	8.37041	10.53974	0	0	8.07748	3.94033	8.83309	5.95968	4.08063	7.56565	4.62996	7.34074	6.28886	0	9.15784	6.30988	7.57345	9.27927	3.68687	7.55624	3.60071	0	0	0	0	0	6.51401	0	0	0	0	1.26613	0	0	0	0	
0	0	0	0	0	0	0	0	0	0	0	0	0	0	0	0	0	0	0	0	0	0	0	0	0	8.61095	0	0	0	0	0	0	0	0	0	0	0	4.59954	0	0	0	0	0	0	9.61956	0	0	0	8.55855	0	0	0	0	0	0	2.03534	0	0	0	0	0	0	8.06015	0	0	5.01744	4.58341	8.40207	0.60075	6.98336	2.35538	0	6.37571	0	8.33218	6.40316	5.89161	6.90756	6.17777	7.14815	3.97257	0	7.076	0	5.98868	5.88901	0	0	0	0	8.87019	0	0	0	0	0	0	6.07964	0	0	
0	0	0	0	0	0	0	0	0	0	0	0	3.21171	0	0	0	0	0	0	0	0	0	0	0	0	0	0	0	0	0	0	0	0	0	0	0	0	0	0	0	0	0	0	0	0	0	0	7.36404	0	0	2.62417	0	9.45306	0	0	0	0	0	0	3.974	0	0	0	5.41635	2.49794	7.24136	9.84451	0	10.92034	0	0	10.13567	0	0	0	3.17979	7.52503	8.83693	4.42176	5.6098	0	7.21217	3.8368	2.78614	7.41816	4.37881	4.58299	0.60075	9.51344	0	0	0	0	6.60102	0	0	0	0	0	0	
0	0	0	0	0	0	0	0	0	0	0	0	0	0	0	0	0	0	0	0	0	0	0	0	0	0	0	0	0	0	0	0	9.67895	0	0	0	0	0	0	0	0	0	0	0	0	0	0	0	0	0	0	0	0	0	0	0	4.90686	0	0	0	7.36897	0	0	5.46249	0	8.51643	0	0	6.36568	0	0	0	11.05603	0	0	1.02368	0	0	4.65595	9.08276	5.98553	7.33203	11.07238	0	3.56646	0	0	0	0.60075	0	5.48555	4.75945	5.48692	0	0	0	0	0	0	0	
0	0	0	0	0	0	0	3.99079	0	0	0	0	0	0	0	0	0	0	0	0	0	0	0	0	0	0	0	10.2829	0	0	0	0	0	0	0	0	0	0	0	0	0	0	0	0	0	0	0	0	0	0	0	0	0	0	0	0	0	1.02368	0	0	0	0	0	0	0	0	0	0	0	0	3.10308	5.09656	6.28077	0	0	9.96946	11.46476	0	10.26636	5.29363	0	6.55687	0	8.8622	3.62803	8.79286	0	9.56256	0	0	0	2.20655	0	0	0	9.86305	0	0	0	0	
0	0	0	0	0	0	0	0	0	0	0	0	0	0	0	0	0	0	0	0	7.18614	0	0	0	0	0	0	0	0	0	1.35027	0	0	0	0	0	0	0	0	0	0	0	0	0	0	0	0	0	0	0	0	0	0	0	0	0	0	0	0	11.40912	0	0	0	0	6.7118	9.4055	9.3744	8.14072	0	0	0	0	0	0	0	3.50215	4.93573	4.50425	0	0	3.65436	0	0	0	4.46274	5.19537	8.15828	5.47206	6.32245	0	8.59369	6.61629	7.55842	4.43704	0	8.05797	0	0	0	0	
0	0	0	0	0	0	0	0	0	0	0	0	0	0	0	0	0	0	0	0	0	0	0	0	0	0	0	0	0	0	0	0	0	0	0	0	0	0	0	0	0	0	0	0	0	0	0	0	4.56848	0	0	0	0	0	0	0	0	0	0	0	0	0	0	0	0	0	0	0	0	8.48766	9.47731	8.33218	6.72712	0	9.75767	7.92937	0	10.88255	3.90172	0	0	8.5205	7.39833	0	4.9387	0	6.01197	0	0	8.27581	0	3.05368	2.60778	0	6.12305	0	0	0	0	0	
0	0	0	0	0	0	0	0	0	0	0	0	0	0	0	9.09487	0	0	0	0	0	0	0	0	0	0	0	0	0	0	0	0	0	0	8.77983	0	0	0	0	0	0	0	0	0	0	0	0	0	0	0	0	0	0	0	0	0	0	0	0	0	0	0	0	0	0	0	0	5.68985	0	0	0	0	0	9.04683	0	0	0	6.77611	0	0	0	3.50215	0	0	3.53097	0	5.8187	5.38556	8.70323	10.04228	9.34491	0	7.79825	0	0	0	0	0	0	0	
0	0	0	0	0	0	0	0	0	0	0	0	0	0	0	0	0	0	0	0	0	0	0	0	0	0	0	0	0	0	0	0	0	0	0	0	0	0	0	0	0	0	0	0	0	0	0	0	7.40419	5.13303	0	0	0	0	0	0	0	0	0	12.83226	0	0	0	0	0	5.73775	0	0	0	0	0	5.25513	0	0	0	0	0	11.1076	0	6.05084	9.76454	0	0	8.38663	0	0	0	0	0	0	0	0	0	0	0	0	0	0	0	0	
0	0	0	0	0	0	0	0	0	0	0	0	0	0	0	0	0	0	0	0	0	0	0	0	0	0	0	0	0	0	0	0	0	0	0	0	0	0	0	0	0	0	0	0	0	0	0	0	0	0	0	0	0	0	0	3.67403	0	0	15.81459	0	0	0	0	0	3.95073	0	0	0	0	0	0	5.43814	0	7.44753	0	0	7.46872	0	0	0	6.44713	5.70979	4.07355	6.99085	0	0	0	8.53664	9.15116	0	3.50215	10.55963	9.39115	0	0	0	0	0	0	0	
0	0	0	0	0	0	0	0	0	0	0	0	0	0	0	0	0	0	0	0	0	0	0	0	0	0	0	0	0	0	0	0	0	0	0	0	0	0	0	0	0	0	0	0	0	0	0	0	0	0	0	0	0	0	0	0	0	0	0	0	0	0	0	0	0	0	0	0	0	0	0	0	0	0	0	0	0	0	0	0	0	0	0	0	0	0	1.02368	0	0	0	0	10.23114	0	0	0	0	0	0	0	0	
0	0	0	0	0	0	0	0	0	0	0	0	0	0	0	0	0	0	0	0	0	0	0	0	0	0	0	0	0	0	0	0	0	0	0	0	0	0	0	0	0	0	0	0	0	0	0	0	0	0	0	0	0	0	0	0	0	0	0	0	0	0	0	0	0	0	0	0	0	0	8.45046	0	0	0	0	0	1.35027	0	0	9.13289	0	0	0	9.3148	0	0	0	2.20655	0	0	6.37721	8.04674	0	0	0	0	0	0	0	0	
0	0	0	0	0	0	0	0	0	0	0	0	0	0	0	0	0	0	0	0	0	0	0	0	0	0	0	0	0	0	0	0	0	0	0	0	0	0	0	0	0	0	0	0	0	0	0	0	0	0	0	0	0	0	0	0	0	0	0	2.62417	0	0	0	0	0	0	0	0	0	0	3.68708	0	0	0	0	0	0	0	0	0	0	0	0	0	0	0	6.85386	0	0	0	0	0	0	0	0	0	0	0	0	0	
0	0	0	0	0	0	0	0	0	0	0	0	0	0	0	0	0	0	0	0	0	0	0	0	0	0	0	0	0	0	0	0	0	0	0	0	0	0	0	0	0	0	0	0	0	0	0	0	0	0	0	0	0	0	0	0	0	0	0	0	0	0	0	0	0	0	0	0	0	9.29833	9.21426	0	0	0	0	0	0	0	6.72595	0	0	0	0	0	0	0	0	0	5.66069	5.11163	0	0	0	0	0	0	0	0	0	0	
0	0	0	0	0	0	0	0	0	0	0	0	0	0	0	0	0	0	0	0	0	0	0	0	0	0	0	0	0	0	0	0	0	0	0	0	0	0	0	0	0	0	0	0	0	0	0	0	0	0	0	0	0	0	0	0	0	0	0	0	0	0	0	0	0	0	0	0	0	0	0	0	0	0	0	0	0	0	0	0	0	0	0	0	0	0	3.28998	0	0	0	0	0	0	0	0	0	0	0	0	0	
0	0	0	0	0	0	0	0	0	0	0	0	0	0	0	0	0	0	0	0	0	0	0	0	0	0	0	0	0	0	0	0	0	0	0	0	0	0	0	0	0	0	0	0	0	0	0	0	0	0	0	0	0	0	0	0	0	0	7.39979	0	0	0	0	0	0	0	0	0	0	0	0	0	0	0	0	6.89827	0	0	0	0	0	0	0	0	0	0	0	0	0	0	0	0	0	0	0	0	0	0	0	0	
0	0	0	0	0	0	0	0	0	0	0	0	0	0	0	0	0	0	0	0	0	0	0	0	0	0	0	0	0	0	0	0	8.11284	0	0	0	0	0	0	0	0	0	0	0	0	0	0	0	0	0	3.43483	0	0	0	0	0	0	0	0	0	0	0	0	0	0	0	0	0	0	0	0	0	0	0	0	3.43483	0	0	0	0	5.08992	0	0	0	0	0	0	0	0	0	0	0	0	0	0	0	0	0	0	0	
0	0	0	0	0	0	0	0	0	0	0	0	0	0	0	0	0	0	0	0	0	0	0	0	0	0	0	0	0	0	0	0	0	0	0	0	0	0	0	0	0	0	0	0	0	0	0	0	0	0	0	0	0	0	0	0	0	0	0	0	0	0	0	0	0	0	0	0	0	0	0	0	0	0	0	0	0	0	0	0	0	0	0	0	0	0	0	0	0	0	0	0	0	0	0	0	0	0	0	0	
0	0	0	0	0	0	0	0	0	0	0	0	0	0	0	0	0	0	0	0	0	0	0	0	0	0	0	0	0	0	0	0	0	0	0	0	0	0	0	0	0	0	0	0	0	0	0	0	0	0	0	0	0	0	0	0	0	0	0	0	0	0	0	0	0	0	0	0	0	0	0	0	0	0	0	0	0	0	0	0	0	0	0	0	0	0	0	0	0	0	0	0	0	0	0	0	0	0	0	0	
0	0	0	0	0	0	0	0	0	0	0	0	0	0	0	0	0	0	0	0	0	0	0	0	0	0	0	0	0	0	0	0	0	0	0	0	0	0	0	0	0	0	0	0	0	0	0	0	0	0	0	0	0	0	0	0	0	0	0	0	0	0	0	0	0	0	0	0	0	0	0	0	0	0	0	0	0	0	0	0	0	0	0	0	0	0	0	0	0	0	0	0	0	0	0	0	0	0	0	0	
0	0	0	0	0	0	0	0	0	0	0	0	0	0	0	0	0	0	0	0	0	0	0	0	0	0	0	0	0	0	0	0	0	0	0	0	0	0	0	0	0	0	0	0	0	0	0	0	0	0	0	0	0	0	0	0	0	0	0	0	0	0	0	0	0	0	0	0	0	0	0	0	0	0	0	0	0	0	0	0	0	0	0	0	0	0	0	0	0	0	0	0	0	0	0	0	0	0	0	0	
0	0	0	0	0	0	0	0	0	0	0	0	0	0	0	0	0	0	0	0	0	0	0	0	0	0	0	0	0	0	0	0	0	0	0	0	0	0	0	0	0	0	0	0	0	0	0	0	0	0	0	0	0	0	0	0	0	0	0	0	0	0	0	0	0	0	0	0	0	0	0	0	0	0	0	0	0	0	0	0	0	0	0	0	0	0	0	0	0	0	0	0	0	0	0	0	0	0	0	0	
0	0	0	0	0	0	0	0	0	0	0	0	0	0	0	0	0	0	0	0	0	0	0	0	0	0	0	0	0	0	0	0	0	0	0	0	0	0	0	0	0	0	0	0	0	0	0	10.75339	0	0	0	0	0	0	0	0	0	0	0	0	0	0	0	0	0	0	0	0	0	0	0	0	0	0	9.29218	0	0	0	0	0	0	0	0	0	0	0	0	0	0	0	0	0	0	0	0	0	0	0	0	0	
