0	0	0	0	0	0	0	0	0	0	0	0	0	0	0	0	0	0	0	0	0	0	0	0	0	0	0	0	0	0	0	0	0	0	0	0	0	0	0	0	0	0	0	0	0	0	0	0	0	0	0	10.53547	0	0	0	0	0	0	0	0	0	0	0	0	0	0	0	0	0	0	0	0	0	0	0	0	0	0	0	0	0	0	0	0	0	0	0	0	0	0	0	0	0	0	0	0	0	0	0	0	
0	0	0	0	0	0	0	0	0	0	0	0	0	0	0	0	0	0	0	0	0	0	0	0	0	0	0	0	0	0	0	0	0	0	0	0	0	0	0	0	0	0	0	0	0	0	0	14.66853	0	0	0	0	0	0	0	0	0	0	0	0	0	0	0	11.11223	0	0	0	0	0	0	0	0	0	0	0	0	0	0	0	0	0	0	0	0	0	0	0	0	0	0	0	0	0	0	0	0	0	0	0	0	
0	0	0	0	0	0	0	0	0	0	0	0	0	0	0	0	0	0	0	0	0	0	0	0	0	0	0	0	0	0	0	0	0	0	0	0	0	0	0	0	0	0	0	0	0	0	0	0	0	0	0	0	0	0	10.9003	0	0	0	0	0	0	0	0	0	0	0	0	0	0	0	0	0	0	0	0	0	0	0	0	0	0	0	0	0	0	0	0	0	0	0	0	0	0	0	0	0	0	0	0	0	
0	0	0	0	0	0	0	0	0	0	0	0	0	0	0	0	0	0	0	0	0	0	0	0	0	0	0	0	0	0	0	0	0	0	0	0	0	0	0	0	0	0	0	0	0	0	12.78808	7.9051	0	0	0	0	0	0	0	0	0	0	0	0	0	0	0	0	0	0	0	0	0	0	0	0	0	0	0	0	0	0	0	0	0	0	0	0	0	0	0	0	0	0	0	0	0	0	0	0	0	0	0	0	
0	0	0	0	0	0	0	0	0	0	0	0	0	0	0	0	0	0	0	0	0	0	0	0	0	0	0	0	0	0	0	0	0	0	0	0	0	5.55268	0	0	0	0	0	12.93988	0	0	0	0	0	0	0	0	0	0	0	0	0	0	0	0	0	0	0	0	0	0	0	0	0	0	0	0	0	0	0	0	0	0	0	0	0	0	0	0	0	0	0	0	0	0	0	0	0	0	0	0	0	0	0	0	
0	0	0	0	0	0	0	0	0	0	0	0	0	0	0	0	0	0	0	0	0	0	0	0	0	0	0	0	0	0	0	0	0	0	0	0	0	0	0	0	0	0	0	0	0	0	0	0	0	0	0	0	0	0	0	0	0	0	0	0	0	0	0	0	0	0	0	0	0	0	0	0	6.89266	0	0	0	0	0	0	0	0	0	0	0	0	0	0	0	0	0	0	0	0	0	0	0	0	0	0	0	
0	0	0	0	0	0	0	0	0	0	0	0	0	0	0	0	0	0	0	0	0	0	0	0	0	0	0	0	0	0	0	0	0	0	0	0	0	0	0	0	0	0	0	0	0	0	0	0	0	0	0	0	0	0	0	0	0	0	0	0	0	0	0	0	0	0	0	0	0	0	0	0	0	0	9.52441	0	0	0	0	0	0	0	0	0	0	0	0	0	0	0	0	0	0	0	0	0	0	0	0	0	
0	0	0	0	0	0	0	0	0	0	0	0	0	0	0	0	0	0	0	0	0	0	0	0	0	0	0	0	0	0	0	0	0	0	0	0	0	0	0	0	0	0	0	0	0	0	0	0	0	0	0	8.58328	0	0	0	13.17262	0	0	0.88807	0	0	0	0	0	0	0	0	0	0	0	0	0	0	0	0	0	0	0	0	0	0	0	0	0	0	0	0	0	0	0	0	0	0	0	0	0	0	0	0	0	
0	0	0	0	0	0	0	0	0	0	0	0	0	0	0	0	0	0	0	0	0	0	0	0	0	0	0	0	9.48127	0	0	0	0	0	0	0	0	0	0	0	0	0	0	0	0	0	0	0	0	0	0	0	0	0	0	0	0	0	0	0	0	0	0	0	0	0	0	6.36555	0	0	0	0	0	0	0	0	0	0	0	0	0	0	0	0	0	0	0	0	0	0	0	0	0	0	0	0	0	0	0	0	
0	0	0	0	0	0	0	0	0	0	0	0	0	0	0	0	0	0	0	0	0	0	0	0	0	0	0	0	0	0	0	0	0	0	0	0	0	0	0	0	0	0	0	0	0	0	0	0	0	0	0	0	0	0	0	8.8744	0	0	0	0	0	0	0	0	0	0	0	0	0	0	0	0	0	0	0	0	0	0	0	0	0	0	0	0	0	0	0	0	0	0	0	0	0	0	0	0	0	0	0	0	
0	0	0	0	0	0	0	0	0	0	0	0	0	0	0	0	0	0	0	0	0	0	0	0	0	0	0	0	0	0	0	0	0	0	0	0	0	0	0	0	0	0	0	0	0	0	0	0	0	0	0	0	0	0	0	0	0	0	0	0	0	0	0	0	0	0	0	10.69167	0	0	0	0	0	0	0	0	0	0	0	0	0	0	0	0	0	0	0	0	0	0	0	0	0	0	0	0	0	0	0	0	
0	0	0	0	0	0	0	0	0	0	0	0	0	0	0	0	0	0	0	0	0	0	0	0	0	0	0	0	0	0	0	0	0	0	0	0	0	0	0	0	0	0	0	0	0	0	0	0	0	0	0	0	1.64469	0	0	0	2.39495	0	0	0	0	0	0	0	0	0	0	0	0	0	0	3.869	0	0	0	0	0	0	0	0	0	0	0	0	0	0	0	0	0	0	0	0	0	0	0	0	0	0	0	0	
0	0	0	0	0	0	0	0	0	0	0	0	0	0	0	0	0	0	0	0	0	0	0	0	0	0	0	0	0	0	0	0	0	0	0	0	0	0	0	0	0	0	0	0	0	0	0	0	10.34997	0	0	0	12.69851	0	0	0	0	0	0	0	0	0	0	0	0	0	0	10.63684	0	0	0	0	0	0	0	0	0	0	0	0	0	0	0	0	0	0	0	0	0	0	0	0	0	0	0	0	0	0	0	0	
0	0	0	0	0	0	0	0	0	0	0	0	0	0	0	0	0	0	0	0	0	0	0	0	0	0	0	0	0	0	10.35467	0	0	0	0	0	0	0	0	3.82639	0	0	0	0	0	0	0	9.6992	0	0	0	0	0	0	0	0	0	8.438	3.54025	0	9.12246	0	0	10.05522	0	0	0	0	0	0	0	0	0	0	0	0	0	0	0	0	0	0	0	0	0	0	0	0	0	0	0	0	0	0	0	0	0	0	0	0	
0	0	0	0	0	0	0	0	0	0	0	0	0	0	0	0	0	0	0	0	0	0	0	0	0	0	0	0	0	0	0	0	0	0	0	0	0	0	0	0	0	0	0	0	0	0	0	0	0	0	0	0	0	0	4.94203	0	0	0	0	0	0	0	0	0	0	0	0	0	0	0	0	0	0	0	0.51137	0	0	0	0	0	0	0	0	0	0	0	0	0	0	0	0	0	0	0	0	0	0	0	0	0	
0	0	0	0	0	0	0	0	0	0	0	0	0	0	0	0	0	0	0	0	0	0	0	0	0	0	0	0	0	0	0	0	0	0	0	0	0	0	0	0	0	0	15.06669	0	0	0	0	0	0	0	0	0	8.62525	0	0	0	0	0	0	12.27555	0	0	0	0	0	0	0	0	0	0	0	6.87185	0	0	0	0	0	0	0	0	0	0	0	0	0	0	0	0	0	0	0	0	0	0	0	0	0	0	0	0	
0	0	0	0	0	0	0	0	0	0	0	0	0	0	0	0	0	0	0	0	0	0	0	0	0	0	0	0	0	0	0	0	0	0	0	0	0	0	0	0	0	0	0	6.11209	0	0	0	11.33021	0	0	0	7.09455	0	0	0	0	0	0	4.93283	0	0	0	0	0	0	0	0	0	0	0	0	0	0	0	0	0	0	0	0	0	0	0	0	0	0	0	0	0	0	0	0	0	0	0	0	0	0	0	0	0	
0	0	0	0	0	0	0	0	0	0	0	0	0	0	0	0	0	0	0	0	0	0	0	0	0	0	0	0	0	0	0	0	0	0	0	0	0	0	0	0	0	0	7.87617	0	0	0	0	0	0	0	0	0	0	0	0	7.97947	0	0	0	0	0	0	0	0	0	0	3.24899	0	9.03041	0	0	0	0	0	0	0	0	0	0	0	0	0	0	0	0	0	0	0	0	0	0	0	0	0	0	0	0	0	0	0	
0	0	0	0	0	0	0	0	0	0	0	0	0	0	0	0	0	0	0	0	0	0	0	0	0	0	0	0	0	0	0	0	0	0	0	0	0	0	0	0	13.79149	0	0	0	0	0	0	0	0	0	0	0	0	0	0	0	0	0	0	0	0	0	0	0	0	0	0	0	0	0	0	0	0	0	0	0	0	0	0	0	0	0	0	0	0	0	0	0	0	0	0	0	0	0	0	0	0	0	0	0	
0	0	0	0	0	0	0	0	0	0	0	0	0	0	0	0	0	0	0	0	0	0	0	0	0	0	0	0	0	0	0	0	0	0	0	0	0	0	0	0	0	0	0	0	0	0	0	10.88318	0	0	8.61967	0	0	0	0	0	0	0	0	0	0	0	0	0	0	0	0	0	0	0	0	0	0	0	0	0	8.62058	0	0	0	0	0	0	0	0	0	0	0	0	0	0	0	0	0	0	0	0	0	0	0	
0	0	0	0	0	0	0	0	0	0	0	0	0	0	0	0	0	0	0	0	0	0	0	0	0	0	0	0	0	0	0	0	0	0	0	0	0	0	0	0	0	0	0	0	0	0	0	10.7982	0	0	9.48385	10.19841	0	0	0	0	6.46083	0	9.10697	0	9.6992	0	0	0	0	8.19582	0	0	0	0	0	0	0	0	0	0	0	0	0	0	0	0	0	0	0	0	0	0	0	0	0	0	0	0	0	0	0	0	0	0	
0	0	0	0	0	0	0	0	0	0	0	0	0	0	0	0	0	0	0	0	0	0	0	0	0	0	0	0	0	0	0	0	0	0	0	0	0	0	0	0	0	12.32698	0	0	0	0	0	0	0	0	0	0	0	0	0	0	0	0	0	0	0	0	0	0	0	0	0	0	2.39328	0	0	0	0	0	0	0	0	0	0	0	0	0	0	0	0	0	0	0	0	0	0	0	0	0	0	0	0	0	0	0	
0	0	0	0	0	0	0	0	0	0	0	0	0	0	0	0	0	0	0	0	0	0	0	0	0	0	0	0	0	0	0	10.61275	0	0	0	0	0	0	0	0	0	0	0	0	0	0	0	10.68049	0	0	0	0	0	0	0	0	0	0	0	0	0	0	0	7.62269	0	0	0	3.24899	0	0	0	0	0	0	0	0	0	0	0	0	0	0	0	0	0	0	0	0	0	0	0	0	0	0	0	0	0	0	0	0	
0	0	0	0	0	0	0	0	0	0	0	0	0	0	0	0	0	0	0	0	0	0	0	0	0	0	0	0	0	0	0	7.63817	0	0	0.51137	0	0	0	0	0	0	0	0	0	0	0	0	0	0	0	0	0	0	0	0	0	0	0	0	0	0	0	0	0	0	0	0	0	0	0	0	0	0	0	0	0	0	0	0	0	0	0	0	0	0	0	0	0	0	0	0	0	0	0	0	0	0	0	0	0	
0	0	0	0	0	0	0	0	0	0	0	0	0	0	0	0	0	0	0	0	0	0	0	0	0	0	0	0	0	0	0	0	0	0	0	0	0	0	0	0	0	0	0	10.0866	0	0	0	0	0	11.32714	0	0	0	0	9.63813	0	0	0	0	0	0	0	0	0	0	0	0	0	0	0	0	0	0	0	0	0	0	0	0	1.6245	0	0	0	0	0	0	0	0	0	0	0	0	0	0	0	0	0	0	0	0	
0	0	0	0	0	0	0	0	0	0	0	0	0	0	0	0	0	0	0	0	0	0	0	0	0	0	0	0	0	0	0	0	8.79235	0	0	0	0	0	0	0	0	0	0	0	0	0	0	4.79686	0	0	9.41983	1.04796	0	0	0	0	0	0	7.86568	0	0	0	0	0	0	0	0	0	0	0	3.04107	0	0	0	0	0	0	0	0	0	0	0	0	0	0	5.86959	0	0	0	0	0	0	0	0	0	0	0	0	0	0	
0	0	0	0	0	0	0	0	0	0	0	0	0	0	0	0	0	0	0	0	0	0	0	0	0	0	0	0	0	0	0	0	0	0	0	0	0	0	0	10.79268	0	0	0	0	16.94788	0	7.94999	0	0	0	0	0	0	0	0	0	0	0	0	0	0	0	0	0	0	0	0	0	0	0	0	0	0	0	0	0	0	0	0	0	0	0	0	0	0	0	0	0	0	0	0	0	0	0	0	0	0	0	0	0	
0	0	0	0	0	0	0	0	0	0	0	0	0	0	0	0	0	0	0	0	0	0	0	0	0	0	0	0	0	0	0	0	0	0	0	11.02775	0	0	0	0	0	0	0	0	0	0	0	9.29455	0	0	0	0	0	7.38593	0	0	0	0	0	0	9.19545	0	0	0	0	0	0	0	0	0	0	0	0	0	0	0	0	0	0	0	0	0	0	0	0	0	0	0	0	0	0	0	0	0	1.18656	0	0	0	0	0	
0	0	0	0	0	0	0	0	0	0	0	0	0	0	0	0	0	0	0	0	0	0	0	0	0	0	0	0	0	0	0	0	0	0	0	0	0	0	0	0	0	14.21618	0	0	0	0	0	0	0	0	0	0	0	0	0	0	0	0	0	0	0	0	0	0	0	0	0	0	0	0	0	3.69039	0	0	0	0	0	0	0	0	0	0	0	0	0	0	0	0	0	0	0	0	0	0	0	0	0	0	0	0	
0	0	0	0	0	0	0	0	0	0	0	0	0	0	0	0	0	0	0	0	0	0	0	0	0	0	0	0	0	0	0	0	0	0	0	0	0	0	0	0	8.58267	0	0	0	9.94561	0	0	11.14151	0	0	0.88807	13.2785	0	0	0	11.04091	0	0	7.06754	0	6.9434	0	0	0	0	0	0	0	0	0	0	0	0	0	0	0	0	0	0	0	0	0	0	0	0	0	0	0	0	0	0	0	0	0	0	2.50561	0	0	0	0	
0	0	0	0	0	0	0	0	0	0	0	0	0	0	0	0	0	0	0	0	0	0	0	0	0	0	0	0	0	0	0	0	0	0	0	0	0	0	0	0	0	0	0	0	15.37646	0	0	0	0	3.31214	0	0	9.12686	0	0	0	0	8.18742	0	0	0	5.78187	0	0	0	0	0	0	0	0	0	0	0	0	0	0	0	0	0	0	0	0	0	0	0	0	0	0	0	0	0	0	0	0	0	0	0	0	0	0	
0	0	0	0	0	0	0	0	0	0	0	0	0	0	0	0	0	0	0	0	0	0	0	0	0	0	0	0	0	0	0	0	0	0	0	0	0	0	0	0	0	0	0	11.38152	0	0	14.17071	0	0	0	11.45024	0	0	0	0	0	0	0	0	6.82391	0	0	0	0	7.92748	0	0	8.94707	0	0	0	0	9.60384	0	0	0	4.17105	0	0	0	0	0	0	0	0	0	0	0	0	0	0	0	0	0	0	0	0	0	0	0	
0	0	0	0	0	0	0	0	0	0	0	0	0	0	0	0	0	0	0	0	0	0	0	0	0	0	0	0	0	0	0	0	0	0	0	0	0	0	0	0	0	0	0	0	1.43371	0	0	10.69648	0	0	0	6.73678	5.62907	0	0	7.77334	0	0	0	0	0	0	0	0	0	0	0	9.30816	0	0	0	0	0	9.93436	0	0	0	0	0	0	0	0	0	0	0	0	0	0	0	0	0	0	0	0	0	0	0	0	0	0	
0	0	0	0	0	0	0	0	0	0	0	0	0	0	0	0	0	0	0	0	0	0	0	0	0	0	0	0	0	0	0	0	0	0	0	0	0	15.91828	0	0	0	0	0	0	0	0	0	0	0	0	0	5.98341	0	0	3.24899	0	9.38727	0	0	2.6098	0	3.37263	0	0	0	0	0	0	0	0	0	0	0	0	5.57404	0.51137	0	0	0	0	0	0	0	0	0	0	0	0	0	0	0	0	0	0	0	0	0	0	0	0	
0	0	0	0	0	0	0	0	0	0	0	0	0	0	0	0	0	0	0	0	0	0	0	0	0	0	0	0	0	0	0	0	0	0	0	0	0	0	0	0	0	0	14.80276	0	0	9.12686	0	12.66032	0	0	4.47687	0	11.62497	0	9.15942	0	0	0	0	0	0	0	0	9.7775	0	0	0	3.11375	0	0	11.61796	0	0	0	0	0	0	0	2.79803	0	0	0	0	0	0	0	0	0	0	0	0	0	0	0	0	0	0	0	0	0	
0	0	0	0	0	0	0	0	0	0	0	0	0	0	0	0	0	0	0	0	0	0	0	0	0	0	0	0	0	0	0	0	0	0	0	0	0	0	0	0	0	0	0	0	0	0	0	10.12557	14.34685	0	0	9.26991	0	0	0	0	0	0	0	0	0	0	0	0	0.88807	0	0	0	0	0	0	0	0	0	0	0	0	0	0	0	0	0	0	0	0	0	0	0	0	0	6.52396	0	0	0	0	0	0	0	0	0	
0	0	0	0	0	0	0	0	0	0	0	0	0	0	0	0	0	0	0	0	0	0	0	0	0	0	0	0	0	0	0	0	0	0	0	0	0	0	0	0	0	0	0	0	0	0	0	11.6117	0	0	0	0	6.96321	4.17105	0	0	0	0	11.05457	6.88229	0	0	0	0	0	0	0	0	0	0	0	0	0	0	0	0	0	0	0	0	0	0	0	0	0	0	0	0	0	0	0	0	0	0	0	0	0	0	6.44163	0	
0	0	0	0	0	0	0	0	0	0	0	0	0	0	0	0	0	0	0	0	0	0	0	0	0	0	0	0	0	0	0	0	0	0	0	0	0	0	0	0	0	0	7.85512	0	0	0	0	0	0	9.17581	0	8.56819	0	7.19027	0	0	0	0	0	0	0	0	0	0	11.8202	0	0	0	0	0	0	0	0	0	0	0	13.79088	0	0	0	0	0	0	0	0	0	0	0	0	0	0	0	0	0	0	0	0	0	0	0	
0	0	0	0	0	0	0	0	0	0	0	0	15.06539	0	0	0	0	0	0	0	0	0	0	0	0	0	0	0	0	0	9.89623	0	0	0	0	0	0	0	0	0	0	0	9.68232	0	0	0	0	10.68423	0	0	13.5356	0	0	6.15346	3.54025	0	8.93677	0	0	0	0	0	0	7.56876	11.74907	8.91183	0	0	0	0	0	0	0	0	0	0	0	0	0	0	0	0	0	0	0	0	0	0	0	0	0	0	0	0	0	0	0	0	0	0	
0	0	0	0	0	0	0	0	0	0	0	0	0	0	0	0	0	0	0	0	0	0	0	0	0	0	0	0	0	0	0	0	0	0	0	0	0	0	0	0	0	0	0	0	0	10.17369	0.51137	0	2.39328	12.98137	1.18656	7.89095	8.22252	0	7.98674	7.1967	0	0	0	0	12.70964	0	0	0	0	0	0	0	0	6.73437	0	0	0	0	0	0	5.04622	0	0	0	0	0	0	0	0	0	0	0	0	0	0	0	0	0	0	0	0	0	0	0	
0	0	0	0	0	0	0	0	0	0	0	0	0	0	0	9.78169	0	0	0	0	0	0	0	0	0	0	0	0	0	0	0	0	0	0	0	6.05537	11.91922	0	0	0	0	0	0	8.85598	0	10.22941	7.64304	8.92704	6.55039	7.55251	0	0	4.13658	0	11.59175	0	0	0	0	8.02022	0	9.06634	0	3.24899	0	7.27986	0	0	10.90607	0	7.3417	0	0	0	0	10.11524	0	0	0	5.0477	0	0	0	0	0	0	0	0	0	0	7.49244	0	0	0	0	0	0	0	0	0	
0	0	0	0	0	0	0	0	0	0	0	0	0	0	0	0	0	0	0	0	0	0	0	0	0	0	11.26017	0	0	0	0	2.88368	0	0	7.401	0	0	0	0	0	11.82766	0	0	0	0	0	0	0	9.83477	6.37665	6.96812	9.22549	9.74067	0	8.00119	0	8.74594	0	1.45175	0	0.88807	7.4856	0	0	0	8.94831	0	0	0	0	0	0	0	10.44812	0	0	0	0	0	0	0	0	0	0	0	0	0	0	0	0	0	0	0	0	0	0	3.11375	0	0	0	
0	0	0	0	0	0	0	0	0	0	0	0	0	0	0	0	0	0	0	10.64988	0	0	0	0	0	0	0	0	0	0	0	0	0	0	0	0	0	0	0	0	0	0	0	13.40516	0	0	13.35024	11.13778	10.66357	0	7.24792	8.51191	10.72794	0	0	0	13.1116	0	0	8.86062	5.22463	0	0	11.73851	0	8.05294	0	5.47203	0	0	0	0	0	0	0	0	0	0	0	0	0	0	0	0	0	0	0	0	0	0	8.59751	0	0	0	0	0	0	0	0	0	
0	0	0	0	0	0	0	0	0	0	0	0	8.63763	0	0	0	0	0	0	9.6389	0	0	0	0	0	0	0	0	0	0	0	0	0	6.62074	0	0	0	0	0	0	0	11.43391	12.47897	0	9.85861	0	0	3.27743	12.088	0	3.11375	8.32824	7.28516	0.96236	9.4431	1.43371	6.36399	4.36867	7.16973	0	0	0	0	0	7.44744	0	0	0	0	0	0	0	0	0	0	0	0	0	6.55039	4.63341	0	0	0	0	0	0	0	0	0	0	0	0	0	0	0	0	0	0	0	0	
0	0	0	0	0	0	0	0	0	0	0	0	0	0	0	0	0	0	0	0	0	0	0	15.29208	0	0	0	0	0	0	0	0	0	0	0	0	0	0	11.64024	0	0	0	8.96072	10.16512	0.51137	0	11.33092	5.83391	0	7.21807	11.1677	7.46367	0	0	0	0	0	4.80842	16.5997	11.73977	11.73582	0	0	0	7.65957	0	0	0	0	0	0	0	0	0	0	0	0	0	0	0	0	0	0	0	0	0	0	0	0	0	0	0	0	0	0	0	0	0	0	0	
0	0	8.96437	0	0	0	0	0	0	0	0	0	0	0	0	0	0	0	0	0	0	0	0	0	0	0	0	0	0	0	0	0	0	0	0	0	0	0	0	0	10.30128	0	0	0	0	10.69315	0	5.57433	8.82384	11.03454	0	8.9717	10.80542	8.92219	1.82867	9.14215	0	0	5.68977	2.6098	8.12776	0	8.53218	10.29144	0	0	0	0	0	0	0	7.33732	0	0	0	0	1.82867	0	0	0	0	0	0	0	0	0	0	0	0	0	0	0	0	0	0	0	0	0	0	0	
0	0	0	0	0	0	0	0	0	0	0	10.01486	0	0	0	0	0	0	0	0	0	0	0	0	0	0	0	0	0	0	0	0	6.22083	0	0	0	0	9.68918	12.94886	5.55268	4.68203	7.10965	0	0	12.97675	6.37603	11.6053	8.72987	10.56785	0	10.61431	0	6.81903	4.62563	0	10.92925	4.6204	12.76275	0	0	0	0	0	0	0	0	0	8.90032	0	0	0	0	6.89266	0	0	8.3561	0	0	9.17755	0	0	0	0	0	0	0	0	0	0	0	0	0	0	0	0	8.51443	0	0	0	0	
0	0	0	0	0	0	0	0	0	0	0	0	0	0	0	0	0	0	0	0	0	0	0	0	0	0	0	0	0	0	0	0	0	0	2.88368	8.22033	0	0	0	9.05484	0	13.94057	0	11.33043	14.46209	9.85845	7.27676	9.07949	5.64507	10.71801	10.5092	10.36819	1.43371	9.29594	0	0	9.75417	0	0	6.48545	7.68365	0	0.88807	0	0	0	0	0	0	0	0	0	0	0	0	0	0	0	5.3419	0	0	0	0	0	0	0	0	8.33725	0	0	0	0	0	0	0	0	0	0	0	0	
0	0	0	0	0	0	0	0	10.75589	0	8.94458	0	0	0	0	0	0	0	0	0	0	0	0	0	0	0	11.86859	0	0	0	0	0	0	0	0	3.11375	0	11.17886	12.93981	0	10.13534	5.19887	0	11.52002	0.51137	11.84086	9.60773	7.52383	11.00174	11.0697	0	6.8134	0.51137	0	0	0	9.5303	11.02186	0	0	0	0	1.18656	0	0	0	9.59275	0	0	0	0	0	0	0	0	0	0	0	0	0	0	0	0	0	0	0	0	0	0	0	0	0	0	3.69039	0	0	0	0	0	0	
0	0	0	0	0	0	0	0	0	0	0	10.40758	0	0	14.19951	0	0	0	0	0	0	0	0	0	0	0	0	0	0	0	0	11.74978	0	0	7.19865	0	11.44848	0	0	10.61138	0	0	10.50242	12.59872	9.53621	10.03463	11.55855	8.73294	2.93554	9.63316	7.30307	9.04392	10.65141	8.60173	0	6.29304	9.41015	0	0	4.50417	7.55577	5.88047	0	6.2453	0	0	0	0	0	0	0	0	0	0	0	7.20884	0	0	0	0	0	0	0	4.42067	0	0	0	0	0	0	0	0	0	0	0	0	0	0	0	0	
0	0	0	0	0	0	0	0	0	0	0	0	13.68187	0	0	0	0	0	0	0	0	0	0	0	0	0	0	0	0	11.17488	0	0	7.41545	0	2.6098	0	12.43521	0	10.93111	10.75269	11.45071	9.89623	10.42083	10.00004	9.08309	6.22343	10.31306	10.2868	7.88917	9.74053	9.39613	11.86004	10.25675	8.24327	6.52332	8.29147	9.31986	0	0	10.74198	2.50561	0	0	0	0	0	0	0	0	0	0	0	0	8.97268	0	0	0	0	0	0	9.24888	0	0	0	0	0	0	0	0	0	0	0	0	0	0	0	0	0	0	0	
0	0	0	0	0	0	0	13.57832	0	0	0	10.21554	0	0	0	0	0	0	0	0	0	0	0	0	0	0	0	8.9131	0	0	5.14785	0	10.9377	0	0	0	7.56552	7.99639	11.65963	9.88107	10.12271	5.90598	0	11.53191	10.62274	10.74751	9.57656	8.92296	11.07164	10.30407	5.02577	9.37543	9.42611	9.8663	8.11095	8.19866	10.15224	5.12951	5.38191	9.45266	5.9673	12.40588	7.19027	0	10.5621	0	0	0	0	0	0	0	0	10.01664	0	0	0	0	0	0	0	0	0	0	0	0	0	0	0	0	0	0	0	0	0	0	0	0	0	0	
11.07032	0	0	0	0	0	0	0	8.56755	0	0	0	7.02577	0	0	0	0	0	0	0	0	0	0	0	9.70876	0	0	9.12136	0	0	0	0	14.71677	0	11.12213	9.29747	0	6.2773	10.87685	7.61839	6.95828	9.77857	6.11561	9.64711	11.91972	11.53907	10.16793	10.16083	7.34431	4.58217	10.14511	7.03798	7.63109	4.93263	10.55005	8.61905	9.51605	4.89141	0	11.34699	0	2.96451	0	5.5521	0	7.42619	0	0	0	0	0.51137	0	0	0	0	0	0	0	0	0	0	0	3.64376	0	0	9.37976	0	0	0	0	0	0	0	0	0	0	0	0	0	0	
0	0	0	10.66546	0	0	0	0	0	0	0	0	0	0	0	0	0	0	8.85862	0	0	11.74657	0	3.95065	11.44673	7.3417	0	0	10.39077	8.46082	11.90752	0	11.85226	0	0	0	0	10.21915	12.65795	8.81722	9.14425	8.26236	9.72551	9.79778	9.52051	9.8994	9.54684	10.15565	10.57594	6.40798	9.94078	9.29174	9.87666	6.59314	6.54616	9.39478	0	3.18005	5.18467	8.67179	0.51137	3.11375	9.29747	0	0	0	0	0	0	6.09181	0	0	5.65365	0	1.18656	10.26375	11.91859	5.2247	0	0.51137	0	0	0	0	0	0	0	0	0	0	0	0	0	0	0	0	0	0	0	0	
9.26093	0	0	0	11.99229	8.11763	0	0	0	0	0	0	0	0	0	0	0	11.08763	0	0	0	0	0	0	10.88253	0	10.22538	8.37842	0	14.07792	10.67139	0	0	0	10.83831	10.0506	6.05869	11.80008	12.02254	10.69424	8.59265	9.69782	10.88344	10.08018	9.66854	9.77797	9.84203	9.64546	7.50289	10.80421	6.16322	9.89555	10.18371	8.08398	9.94754	8.25539	8.62519	3.59912	4.86131	10.78291	7.07211	0	7.98238	7.29947	9.62963	10.47976	8.03171	0	0	0	0	0	0	0	5.82581	0	0	0	0	0	0	0	0	0	0	0	0	0	0	0	0	0	0	0	0	1.64469	0	0	0	0	
0	0	0	0	0	0	0	0	10.15385	0	9.6504	0	0	0	0	0	7.03516	13.2854	11.02186	8.49864	10.14087	6.0665	0	0	0	13.11423	0	10.84499	10.19072	11.78638	0	11.18809	14.68343	9.98214	10.93742	10.00048	9.10265	7.83468	11.37842	11.54236	10.66257	10.24274	4.09377	9.25038	10.32118	8.91597	9.13619	9.71812	9.08625	7.74801	8.15142	11.42892	9.05537	8.32865	5.34152	6.93612	4.2947	9.30234	0	9.88589	6.31578	9.33881	7.01304	0	8.82067	11.37344	2.50561	0	0	0	0	5.00228	0	0	7.94502	0	0	0	8.3085	0	0	0	0	0	0	6.7687	0	0	0	0	0	0	0	0	0	1.99186	0	0	0	0	
0	9.93624	0	0	3.48651	8.41661	0	0	0	0	0	0	0	0	6.10078	10.14358	0	11.16903	10.25881	0	6.61442	0	4.72698	0	0	0	0	0	10.46415	10.00951	8.37683	0	11.46029	5.46289	10.14954	9.41361	9.85382	9.14391	8.94098	9.25322	9.01507	8.51472	8.79689	8.3628	9.84606	7.30061	8.57453	9.69809	9.00791	8.61488	8.15914	8.66631	6.96158	6.97336	8.35652	9.05058	6.66367	6.09915	9.62937	6.02718	0	8.4433	0	11.63233	9.17722	0.51137	6.13401	11.20509	0	0	0	0	0	0	0	5.47203	0	0	0	0	8.031	0	0	0	0	0	0	0	0	0	0	0	0	0	0	0	0	0	0	0	
0	9.61562	7.4856	0	8.89499	0	0	0	0	0	10.32196	0	0	0	8.13163	3.95065	0	8.74451	0	0	10.11951	5.31132	7.54486	8.22557	10.21915	8.91056	0	5.21632	11.27411	8.42202	13.32385	11.0109	10.9295	11.2109	9.80809	6.46144	8.3165	9.98297	7.97094	8.9787	7.99377	9.07575	7.9429	7.96062	7.82675	7.69001	9.33309	7.4635	9.21018	8.47339	7.90229	9.14703	8.03847	8.33764	7.499	6.75814	7.34516	4.64991	5.84334	8.9508	0	7.12083	11.03841	10.96065	2.21034	9.04674	0.88807	0	0	0	0	5.41103	0	0	8.98147	0	5.67783	0	0	0	0	0	0	4.64336	0	1.9949	0	0	0	0	0	0	0	0	0	0	0	0	0	0	
0	0	0	0	0	0	0	0	9.30428	0	10.80439	12.53763	0	0	0	0	0	0	10.87993	0	3.73717	0	0	0	0	11.72896	10.75096	0	5.05861	12.03093	8.58746	9.06634	7.06754	10.04823	9.52692	10.96116	7.47696	8.15113	10.01868	9.93508	6.60991	9.68659	8.32372	7.40417	8.0114	7.19299	7.49473	8.18903	9.00771	9.06099	9.45989	8.1473	7.95181	8.59463	7.56364	8.68086	8.95408	9.79604	11.56202	8.12742	10.79938	4.81771	7.61957	6.25843	0	6.9708	0	10.13264	0	0	0	0	0	0	0	0	0	0	0	0	0	5.99892	0	0	0	0	0	8.66693	7.01632	2.27149	0	0	0	0	0	0	0	0	0	0	
0	0	0	0	0	0	0	0	12.33282	7.60073	0	5.78187	0	12.37051	0	0	0	2.27149	10.11841	3.07613	0	0	1.43371	8.31721	9.87809	11.28448	2.79803	9.42833	6.55457	10.52999	0	9.09164	5.41848	5.57505	7.83307	9.65435	9.36666	8.36347	7.0763	5.68627	6.90951	10.33414	8.18176	10.11093	7.09707	8.56136	8.12124	8.48285	7.10505	9.27313	8.42701	6.97389	7.61443	7.08255	8.09458	8.02097	5.21544	6.93917	10.66508	5.99889	6.57504	9.67495	10.7714	6.3086	2.58253	10.50761	10.23553	0	0	0	0	0	0	9.5194	8.28312	0	0	0	14.33849	0	0	0	0	0	0	0	0	0	7.19027	0	0	0	0	0	0	0	0	0	0	0	
0	0	9.95058	9.70356	0	1.99186	0	4.20472	2.6098	0	0	0	0	0	0	0	0	9.07491	0	0	0	0	0	11.11278	0	8.05063	0	10.20953	8.24923	8.52581	0	8.88014	0	9.09804	6.35833	8.48833	8.05686	6.7188	4.07275	9.36379	10.0997	8.78896	7.48227	8.58755	8.82773	8.72906	7.42721	9.19452	8.65442	7.38684	7.80634	8.2014	8.2586	8.54418	7.68786	5.75591	8.105	8.92811	7.94203	6.8546	10.134	8.91845	6.01597	11.06746	4.45142	0	0	5.2475	2.27149	3.57207	4.07242	0	7.99398	0	1.13575	0	7.6618	0	0	0	0	0	3.72899	0	0	0	0	0	0	0	0	0	0	0	0	0	0	0	0	0	
0	0	0	0	0	0	0	0	0	0	10.06212	8.26528	9.48148	0	13.01342	0	0	8.03667	0	7.44039	0	0	0	0	0	0	9.23061	7.52612	7.29165	0	8.00119	8.39967	7.29781	8.4232	5.11647	8.94659	8.61134	8.2311	7.77458	7.90147	8.33079	6.82234	7.70926	6.93349	7.43777	8.55659	6.25098	6.40111	8.74526	6.14226	7.36252	9.77266	9.19046	7.44569	7.48971	7.49423	6.72186	7.94532	9.06199	6.65981	7.39955	4.87103	7.21617	7.08544	0.88807	5.77028	6.08279	3.96599	0	0	7.6289	0	7.46456	1.78992	0	13.38845	0	0	4.10126	0	0	0	0	0	0	0	0	0	5.90052	0	0	0	0	0	0	0	0	0	0	0	
0	0	0	0	0	0.51137	0	0	0	9.91352	0	0	5.93013	0	0	0	0	0	0	0	0	0	0	10.13831	0	0	7.68633	0	0	4.9113	6.83414	0	0	6.37051	9.67988	7.31111	4.81877	0	1.18656	9.58159	5.12674	11.81357	4.78777	7.49601	9.04279	9.49725	7.7972	6.69626	9.50141	6.27159	7.60525	9.36631	7.52698	6.80689	9.3952	6.97825	8.39039	7.18321	4.37774	7.42316	6.85756	5.89362	3.96062	9.34872	7.61324	4.805	8.16408	11.05396	7.99365	0	0	3.9898	0	4.20472	0	2.70699	9.43148	0	0	0	0	0	0	0	7.59439	0	0	0.51137	0	0	0	7.20698	0	0	0	0	9.35671	0	0	0	
0	0	0	0	0	0	0	0	0	0	0	11.10612	0	0	0	0	0	7.64716	13.52226	0	0	0	0	1.82867	0	0	0	6.26937	0	0	0	0	3.93749	6.30713	5.91341	0	4.96595	8.44545	0.99593	0.51137	7.49504	9.34192	7.64342	2.27863	0	6.93638	6.07748	5.50901	7.47909	6.71868	7.66848	10.3106	8.33167	5.69098	7.04303	4.91442	7.04764	6.99663	7.0271	7.91624	7.11153	7.09219	0	6.14988	8.87229	0	6.51296	9.87155	8.56981	7.58518	0	0	0	2.39328	0	9.92808	0	8.52886	0	0	0	7.89922	0	0	0	0	0	0	0	0	0	0	0	0	0	0	0	0	0	0	
0	0	0	0	7.37417	0	0	0	0	0	8.73013	0	5.99892	0	0	9.79418	0	0	5.71335	0	4.85897	8.76158	0	0	0	8.31815	7.22349	0	0	5.84339	0	8.57789	9.69476	0	0	5.71335	9.59435	3.64207	10.02903	10.64416	5.50399	9.72915	7.81026	7.96235	4.22944	6.73916	11.5547	5.53256	7.11804	9.01987	8.47415	4.66177	9.09446	6.99009	5.64011	7.75819	6.11101	9.70602	2.71374	9.06614	4.97485	7.49023	7.33394	6.29849	7.96084	0	9.63935	10.7443	0	0	8.71351	7.77053	7.58435	10.61523	8.65522	0	6.03314	0	0	0	5.93013	0	0	0.51137	0	2.88368	0	0	0	0	0	0	0	0	0	0	0	0	0	0	
0	0	0	0	0	0	0	0	0	0	0	6.48338	2.01396	0	0	5.13044	0	0	0	4.79686	7.14762	0	1.43371	0	0	0	0	0	0	5.14199	7.00681	6.57747	0	0	0	8.91946	0	0	0	5.21548	5.04309	6.43593	5.40354	5.54204	7.66288	6.63863	6.65037	6.52011	6.24854	6.24118	0	0	8.22548	8.38568	0.51137	7.98941	8.05246	6.74111	7.23884	6.87742	9.82805	6.34801	8.31498	8.6832	6.25763	6.95888	7.88138	9.14428	1.82867	8.18575	0	6.56138	8.10933	10.13215	11.06975	0	2.50561	0	7.89175	0	0	0	0	0	0	0	0	0	0	0	0	0	0	0	0	0	0	0	0	0	
0	0	0	4.86162	0	0	0	0	0	0	0	0	0	0	0	0	2.50561	0	0	0	0	0	7.06754	0	0	0	6.46886	7.63211	10.47035	6.77991	0	0	2.79803	0	0	11.79113	0	2.96451	5.86845	3.44891	5.80834	0	5.86845	0	3.54105	11.27807	6.42897	5.51292	7.34867	6.60302	7.61203	5.61104	9.42671	8.67999	7.25479	7.06657	9.36889	5.81996	7.01049	8.5231	8.59486	8.70051	8.53184	8.19965	6.21166	7.8801	5.2548	8.45559	11.82402	9.36113	2.54258	8.29973	6.14059	2.56158	5.24445	0	12.76367	0	7.52225	9.33976	3.18296	8.97904	10.90799	0	0	0	0	0	0	0	0	0	0	0	0	0	0	0.88807	0	8.58267	
0	0	4.53317	0	0	0	0	0	0	0	0	0	0	0	0	0	0	0	0	0	7.13021	0	0	0	0	8.81569	0	9.60875	0	9.15189	0	10.84065	10.60725	0	9.02688	0	0	7.33367	6.02526	0	8.74594	0	0	7.18866	12.15466	8.49524	5.54367	4.4592	5.67783	6.21184	8.83552	9.25693	9.34012	9.31287	6.482	8.14741	0	6.91894	7.01325	5.81663	2.82316	5.68518	6.60311	2.19612	5.82907	6.95446	5.05351	0	8.10073	5.78721	5.52192	6.58976	4.80937	7.56313	1.18656	0	6.03068	0	1.55081	5.45813	0	4.93656	0	0	0	0	0	0	8.62016	0	0	0	0	0	0	0	2.39328	0	0	0	
0	0	0	0	3.04107	0	0	0	0	0	0	0	9.29845	0	0	0	0	0	0	0	3.69039	4.02791	0	0	0	0	0	7.59734	0	0	0	0.88807	9.75991	0	0	0	4.79686	0	0.88807	8.3784	0	0	3.91419	0	9.9849	0	8.4118	8.44682	3.54025	4.37628	7.20698	6.8095	9.18389	8.52561	9.23084	0.91434	0	5.02551	4.18559	0.9423	7.84474	7.7888	8.22939	7.45376	7.63819	9.49587	5.86222	4.19452	5.95501	6.51316	7.70718	0	0	9.64951	0	8.90763	5.42643	5.51649	0	0	0	0	0	0	2.27149	0	0	0	0	0	0	0	0	0	0	0	8.63917	0	0	0	
0	0	0	0	0	0	0	0	7.25195	0	0	0	2.50561	0	0	0	8.73446	2.6098	7.11701	0	0	0	0	0	4.39032	0	0	0	0	0	0	0	0	0	4.58309	7.13021	0	3.59205	0	0	0	0	7.12582	12.45031	0	8.48993	10.11122	7.4856	0	4.38992	0	8.45908	9.35014	8.80096	0	7.95742	0	5.79571	0	5.80008	8.70401	8.136	6.84611	7.55903	5.88805	8.04065	6.34439	6.76858	8.56658	6.28043	8.70359	4.61744	6.52543	7.83645	8.12803	5.23007	8.00573	10.58185	0	0	9.58479	0	9.90783	0	3.87174	0	9.23061	4.23762	8.68909	0	5.0749	0	0	9.99638	0	0	0	0	0	0	
0	0	0	0	0	0	0	0	0	0	0	0	0	0	0	0	0	0	0	0	5.72686	0	0	0	0	0	0	0	0	7.41545	0	0	0	0	8.25125	0	0	0	0	0	9.6866	0	8.97295	8.27125	4.21773	0	0	1.64469	3.82639	6.05518	12.27704	0	0	1.8452	3.56232	6.99732	0	0	9.18251	8.60097	8.32007	6.12748	4.75978	5.24864	7.71993	8.29389	3.43764	4.64247	7.9055	5.25654	9.65806	6.61956	4.55233	7.45981	6.80872	0	3.23333	0	4.19077	0	0	0	1.64469	0	0	0	9.06613	0	0	0	0	0	0	0	0	0	0	0	0	0	
0	0	0	0	6.84541	0	0	0	0	0	0	4.33205	0	2.27149	0	0	0	0	0	0	0	0	0	0	0	0	0	0	0	0	0	0	0	0	0	0	0	0	0	7.98084	0	0	5.56569	0	5.88356	0	0.56123	7.0812	0	0	2.96451	0	0	0	10.638	0	0	0.51137	0	8.74879	7.15925	1.22379	8.56098	7.89307	7.69933	0	0.71686	4.51287	10.08906	6.03624	9.87472	9.83284	8.8581	5.76605	0	0	4.9231	4.20472	8.25021	4.79686	7.21526	7.56876	2.13842	0	0.51137	0	8.91438	13.13193	0	4.86503	0	0	0	0	6.87185	0	0	0	0	0	
0	0	0	0	0	0	0	0	0	0	0	0	0	0	0	0	0	5.11594	0	0	0	9.68137	10.76438	0	0	0	9.44739	0	0	0	0	0	0	8.28018	7.46505	0	0	0	0	0	0	0	0	0	0	0	0	0	0.88807	0	7.25195	0	0	0	0	8.60983	8.48156	9.09987	4.17105	7.41185	0	5.93308	5.61657	0	8.91242	7.21816	7.48174	7.59031	4.76533	3.24061	9.30771	6.68601	5.3818	2.95493	8.67507	7.32322	7.48156	0	9.56305	11.40526	0	0	6.94078	0	9.86762	9.49919	0	5.00228	0	10.00161	0	0	0	0	0	0	8.75036	0	0	0	
0	0	0	0	0	0	0	0	7.17755	0	0	0	0	0	0	0	0	0	0	0	0	0	0	0	0	0	0	2.79803	0	0.51137	0	0	0	0	0	0	0	0	0	9.53161	0	0	0	0	0	5.32669	0	7.09921	8.83059	0	0	11.13451	0	0	0	0	0	0	8.23762	0	8.83689	0	9.16173	9.95954	5.79141	4.83072	6.25737	0	0	6.15785	8.48625	5.37185	8.89614	5.99483	5.59875	8.7006	1.3535	0	3.31214	6.55801	5.68085	7.54818	11.2549	8.77137	10.07529	0	0.51137	0	0	0	6.22083	0	10.73148	0	0	0	0	0	0	0	
0	0	0	0	0	0	0	0	0	0	0	0	0	8.14035	0	0	0	0	0	2.27149	0	0	0	0	0	4.90033	0	0	0	0	0	0	0	0	8.56171	0	0	7.56889	0	0	10.18792	0	7.632	7.33412	7.91482	0	0	0	0	0	5.56712	5.80401	0	0	4.50417	0	0	0	0	6.67622	5.01683	0	6.27674	9.05484	6.6454	3.34642	9.97802	10.00951	0	4.82934	6.89576	0	5.06646	5.63791	9.74497	7.32971	4.73408	5.66334	8.00393	4.70048	0	5.79483	8.45734	4.29683	4.27382	0	0	6.07371	6.7826	0	10.17789	0	0	7.26398	0	0	0	0	4.97491	0	
0	0	0	0	0	0	0	0.88807	0	0	0	0	0	0	0	0	0	0	0	0	0	0	4.42067	0	0	0	0	0	9.49749	0	0	0	0	0	10.24634	0	0	3.91041	0	0	0	1.06921	0	0	0	0	4.90435	0	0	0	0	0	10.94051	0	0	0	6.57864	6.42744	0	6.11584	9.41297	0	0	6.28731	0	5.0213	0	8.14311	6.33115	10.36541	8.16661	6.70257	9.26393	4.60863	7.70145	8.36887	3.94588	0	6.0773	5.31367	6.69826	7.97631	3.51289	0	6.03044	0	0	3.24899	0	0	11.0997	7.79688	0	0	0	0	8.19582	0	0	0	
0	0	0	0	0	0	0	0	0	0	0	0	0	0	0	0	0	0	0	0	0	0	0	0	0	0	0	0	0	0	0	0	0	0	0	0	0	5.02168	0	0	0	0	0	0	0	0	0	0	0	4.50417	0	4.45504	0	4.19497	0	0	7.1776	5.74383	0	0	5.0769	0	8.33345	10.82314	8.48671	6.05423	0	0	9.00137	6.96254	0	4.58309	7.80099	9.40524	8.20016	6.49718	0	3.98218	4.55355	6.43019	2.25229	9.26592	3.48651	0	0	0	4.8622	0	0	0	0	0	5.14555	5.65502	8.76016	0	0	0	0	0	
0	0	0	0	0	0	0	9.24079	0	0	0	0	0	0	0	0	0	0	0	0	0	0	0	0	0	0	0	0	0	0	0	0	0	0	0	0	0	4.6564	0	8.371	0	0	0	0	0	0	0	0	0	0	3.81933	0	0	10.40487	7.76636	0	0	7.54992	9.03392	11.44782	0	0	0	9.17965	8.28543	10.79544	0	0	7.95111	4.06044	8.36354	6.75696	4.45432	7.02409	6.85074	6.6251	6.80525	0	8.96167	7.43523	7.41821	10.1162	3.63443	5.11332	4.29287	0	0	0	0	0	5.77068	0	0	0	0	1.43375	0	0	0	0	
0	0	0	0	0	0	0	0	0	0	0	0	0	0	0	0	0	0	0	0	0	0	0	0	0	8.63609	0	0	0	0	0	0	0	0	0	0	0	3.95065	0	0	0	0	0	0	9.96723	0	0	0	6.7687	0	0	0	0	0	0	4.39173	0	0	0	0	0	0	8.63448	0	0	7.13453	6.0728	6.59789	1.18656	7.12209	2.34121	0	5.99889	0	7.92496	6.23548	4.42067	6.96574	6.41763	7.76444	4.65691	0	6.47892	0	4.90323	5.57679	0	0	0	0	8.63455	0	0	0	0	0	0	4.75202	0	0	
0	0	0	0	0	0	0	0	0	0	0	0	3.37263	0	0	0	0	0	0	0	0	0	0	0	0	0	0	0	0	0	0	0	0	0	0	0	0	0	0	0	0	0	0	0	0	0	0	8.23708	0	0	4.23762	0	9.27189	0	0	0	0	0	0	3.79208	0	0	0	5.9511	2.70699	7.15625	9.79012	0	10.6647	0	0	9.07433	0	0	0	2.85929	6.56033	8.84249	7.54677	4.13613	0	6.49568	4.4336	3.37542	5.6937	4.26857	6.02064	0	9.30234	0	0	0	0	7.37165	0	0	0	0	0	0	
0	0	0	0	0	0	0	0	0	0	0	0	0	0	0	0	0	0	0	0	0	0	0	0	0	0	0	0	0	0	0	0	10.21812	0	0	0	0	0	0	0	0.51137	0	0	0	0	0	0	0	0	0	0	0	0	0	0	0	6.04366	0	0	0	6.20203	0	0	7.00163	0	8.42556	0	0	6.6872	0	0	0	11.7286	0	0	1.99186	0	0	4.54936	8.21725	5.69912	6.88749	10.32675	0	8.6651	0	0	0	0	0	5.67436	4.94507	4.97848	0	0	0	0	0	0	0	
0	0	0	0	0	0	0	3.87752	0	0	0	0	0	0	0	0	0	0	0	0	0	0	0	0	0	0	0	10.30071	0	0	0	0	0	0	0	0	0	0	0	0	0	0	0	0	0	0	0	0	0	0	0	0	0	0	0	0	0	0	0	0	0	0	0	0	0	0	0	0	0	0	3.52456	3.63154	6.4028	0	0	9.29552	11.22086	0	10.06914	4.42067	0	7.14777	0	8.60491	0.51137	8.73447	0	8.55846	0	0	0	1.82867	0	0	0	9.10697	0	0	0	0	
0	0	0	0	0	0	0	0	0	0	0	0	0	0	0	0	0	0	0	0	7.48218	0	0	0	0	0	0	0	0	0	2.13842	0	0	0	0	0	0	0	0	0	0	0	0	0	0	0	0	0	0	0	0	0	0	0	0	0	0	0	0	10.55966	0	0	0	0	5.74802	9.12026	9.47439	8.68842	0	0	0	0	0	0	0	2.50561	6.11669	5.05861	0	0	3.70231	0	0	0	5.46716	6.5699	7.71673	5.71337	10.70202	0	6.61442	7.55903	8.23505	7.84181	0	8.65752	0	0	0	0	
0	0	0	0	0	0	0	0	0	0	0	0	0	0	0	0	0	0	0	0	0	0	0	0	0	0	0	0	0	0	0	0	0	0	0	0	0	0	0	0	0	0	0	0	0	0	0	0	4.44905	0	0	0	0	0	0	0	0	0	0	0	0	0	0	0	0	0	0	0	0	9.12136	10.49352	10.17683	6.65055	0	9.63041	7.80661	0	11.84243	2.13842	0	0	7.73928	7.29166	0	4.39062	0	2.13842	0	0	8.07284	0	5.07698	5.03493	0	6.33164	0	0	0	0	0	
0	0	0	0	0	0	0	0	0	0	0	0	0	0	0	10.05376	0	0	0	0	0	0	0	0	0	0	0	0	0	0	0	0	0	0	8.64531	0	0	0	0	0	0	0	0	0	0	0	0	0	0	0	0	0	0	0	0	0	0	0	0	0	0	0	0	0	0	0	0	5.64141	0	0	0	0	0	7.7364	0	0	0	6.37242	0	0	0	3.73717	0	0	3.15131	0	5.66769	3.9994	9.20172	10.64739	10.02668	0	7.64738	0	0	0	0	0	0	0	
0	0	0	0	0	0	0	0	0	0	0	0	0	0	0	0	0	0	0	0	0	0	0	0	0	0	0	0	0	0	0	0	0	0	0	0	0	0	0	0	0	0	0	0	0	0	0	0	8.03433	6.49022	0	0	0	0	0	0	0	0	0	13.72561	0	0	0	0	0	5.43305	0	0	0	0	0	4.42067	0	0	0	0	0	11.38358	0	5.74768	7.00681	0	0	8.54866	0	0	0	0	0	0	0	0	0	0	0	0	0	0	0	0	
0	0	0	0	0	0	0	0	0	0	0	0	0	0	0	0	0	0	0	0	0	0	0	0	0	0	0	0	0	0	0	0	0	0	0	0	0	0	0	0	0	0	0	0	0	0	0	0	0	0	0	0	0	0	0	4.03664	0	0	15.08407	0	0	0	0	0	4.26979	0	0	0	0	0	0	9.15727	0	6.74029	0	0	8.80475	0	0	0	6.22518	6.14692	6.58127	6.76155	0	0	0	7.28774	8.1202	0	2.70699	10.9863	10.07924	0	0	0	0	0	0	0	
0	0	0	0	0	0	0	0	0	0	0	0	0	0	0	0	0	0	0	0	0	0	0	0	0	0	0	0	0	0	0	0	0	0	0	0	0	0	0	0	0	0	0	0	0	0	0	0	0	0	0	0	0	0	0	0	0	0	0	0	0	0	0	0	0	0	0	0	0	0	0	0	0	0	0	0	0	0	0	0	0	0	0	0	0	0	1.43371	0	0	0	0	10.71339	0	0	0	0	0	0	0	0	
0	0	0	0	0	0	0	0	0	0	0	0	0	0	0	0	0	0	0	0	0	0	0	0	0	0	0	0	0	0	0	0	0	0	0	0	0	0	0	0	0	0	0	0	0	0	0	0	0	0	0	0	0	0	0	0	0	0	0	0	0	0	0	0	0	0	0	0	0	0	9.01964	0	0	0	0	0	2.88368	0	0	9.21059	0	0	0	9.41899	0	0	0	3.18296	0	0	3.70178	9.24888	0	0	0	0	0	0	0	0	
0	0	0	0	0	0	0	0	0	0	0	0	0	0	0	0	0	0	0	0	0	0	0	0	0	0	0	0	0	0	0	0	0	0	0	0	0	0	0	0	0	0	0	0	0	0	0	0	0	0	0	0	0	0	0	0	0	0	0	2.70699	0	0	0	0	0	0	0	0	0	0	3.04107	0	0	0	0	0	0	0	0	0	0	0	0	0	0	0	8.14686	0	0	0	0	0	0	0	0	0	0	0	0	0	
0	0	0	0	0	0	0	0	0	0	0	0	0	0	0	0	0	0	0	0	0	0	0	0	0	0	0	0	0	0	0	0	0	0	0	0	0	0	0	0	0	0	0	0	0	0	0	0	0	0	0	0	0	0	0	0	0	0	0	0	0	0	0	0	0	0	0	0	0	9.51773	5.61661	0	0	0	0	0	0	0	6.42029	0	0	0	0	0	0	0	0	0	6.66367	9.27685	0	0	0	0	0	0	0	0	0	0	
0	0	0	0	0	0	0	0	0	0	0	0	0	0	0	0	0	0	0	0	0	0	0	0	0	0	0	0	0	0	0	0	0	0	0	0	0	0	0	0	0	0	0	0	0	0	0	0	0	0	0	0	0	0	0	0	0	0	0	0	0	0	0	0	0	0	0	0	0	0	0	0	0	0	0	0	0	0	0	0	0	0	0	0	0	0	4.13658	0	0	0	0	0	0	0	0	0	0	0	0	0	
0	0	0	0	0	0	0	0	0	0	0	0	0	0	0	0	0	0	0	0	0	0	0	0	0	0	0	0	0	0	0	0	0	0	0	0	0	0	0	0	0	0	0	0	0	0	0	0	0	0	0	0	0	0	0	0	0	0	7.18606	0	0	0	0	0	0	0	0	0	0	0	0	0	0	0	0	6.78549	0	0	0	0	0	0	0	0	0	0	0	0	0	0	0	0	0	0	0	0	0	0	0	0	
0	0	0	0	0	0	0	0	0	0	0	0	0	0	0	0	0	0	0	0	0	0	0	0	0	0	0	0	0	0	0	0	9.98065	0	0	0	0	0	0	0	0	0	0	0	0	0	0	0	0	0	0	0	0	0	0	0	0	0	0	0	0	0	0.51137	0	0	0	0	0	0	0	0	0	0	0	0	5.00228	0	0	0	0	0.51137	0	0	0	0	0	0	0	0	0	0	0	0	0	0	0	0	0	0	0	
0	0	0	0	0	0	0	0	0	0	0	0	0	0	0	0	0	0	0	0	0	0	0	0	0	0	0	0	0	0	0	0	0	0	0	0	0	0	0	0	0	0	0	0	0	0	0	0	0	0	0	0	0	0	0	0	0	0	0	0	0	0	0	0	0	0	0	0	0	0	0	0	0	0	0	0	0	0	0	0	0	0	0	0	0	0	0	0	0	0	0	0	0	0	0	0	0	0	0	0	
0	0	0	0	0	0	0	0	0	0	0	0	0	0	0	0	0	0	0	0	0	0	0	0	0	0	0	0	0	0	0	0	0	0	0	0	0	0	0	0	0	0	0	0	0	0	0	0	0	0	0	0	0	0	0	0	0	0	0	0	0	0	0	0	0	0	0	0	0	0	0	0	0	0	0	0	0	0	0	0	0	0	0	0	0	0	0	0	0	0	0	0	0	0	0	0	0	0	0	0	
0	0	0	0	0	0	0	0	0	0	0	0	0	0	0	0	0	0	0	0	0	0	0	0	0	0	0	0	0	0	0	0	0	0	0	0	0	0	0	0	0	0	0	0	0	0	0	0	0	0	0	0	0	0	0	0	0	0	0	0	0	0	0	0	0	0	0	0	0	0	0	0	0	0	0	0	0	0	0	0	0	0	0	0	0	0	0	0	0	0	0	0	0	0	0	0	0	0	0	0	
0	0	0	0	0	0	0	0	0	0	0	0	0	0	0	0	0	0	0	0	0	0	0	0	0	0	0	0	0	0	0	0	0	0	0	0	0	0	0	0	0	0	0	0	0	0	0	0	0	0	0	0	0	0	0	0	0	0	0	0	0	0	0	0	0	0	0	0	0	0	0	0	0	0	0	0	0	0	0	0	0	0	0	0	0	0	0	0	0	0	0	0	0	0	0	0	0	0	0	0	
0	0	0	0	0	0	0	0	0	0	0	0	0	0	0	0	0	0	0	0	0	0	0	0	0	0	0	0	0	0	0	0	0	0	0	0	0	0	0	0	0	0	0	0	0	0	0	0	0	0	0	0	0	0	0	0	0	0	0	0	0	0	0	0	0	0	0	0	0	0	0	0	0	0	0	0	0	0	0	0	0	4.06506	0	0	0	0	0	0	0	0	0	0	0	0	0	0	0	0	0	0	
0	0	0	0	0	0	0	0	0	0	0	0	0	0	0	0	0	0	0	0	0	0	0	0	0	0	0	0	0	0	0	0	0	0	0	0	0	0	0	0	0	0	0	0	0	0	0	11.1852	0	0	0	0	0	0	0	0	0	0	0	0	0	0	0	0	0	0	0	0	0	0	0	0	0	0	8.81127	0	0	0	0	0	0	0	0	0	0	0	0	0	0	0	0	0	0	0	0	0	0	0	0	0	
