0	0	0	0	0	0	0	0	0	0	0	0	0	0	0	0	0	0	0	0	0	0	0	0	0	0	0	0	0	0	0	0	0	0	0	0	0	0	0	0	0	0	0	0	0	0	0	0	0	0	0	10.46874	0	0	0	0	0	0	0	0	0	0	0	0	0	0	0	0	0	0	0	0	0	0	0	0	0	0	0	0	0	0	0	0	0	0	0	0	0	0	0	0	0	0	0	0	0	0	0	0	
0	0	0	0	0	0	0	0	0	0	0	0	0	0	0	0	0	0	0	0	0	0	0	0	0	0	0	0	0	0	0	0	0	0	0	0	0	0	0	0	0	0	0	0	0	0	0	14.6894	0	0	0	0	0	0	0	0	0	0	0	0	0	0	0	10.93646	0	0	0	0	0	0	0	0	0	0	0	0	0	0	0	0	0	0	0	0	0	0	0	0	0	0	0	0	0	0	0	0	0	0	0	0	
0	0	0	0	0	0	0	0	0	0	0	0	0	0	0	0	0	0	0	0	0	0	0	0	0	0	0	0	0	0	0	0	0	0	0	0	0	0	0	0	0	0	0	0	0	0	0	0	0	0	0	0	0	0	9.4761	0	0	0	0	0	0	0	0	0	0	0	0	0	0	0	0	0	0	0	0	0	0	0	0	0	0	0	0	0	0	0	0	0	0	0	0	0	0	0	0	0	0	0	0	0	
0	0	0	0	0	0	0	0	0	0	0	0	0	0	0	0	0	0	0	0	0	0	0	0	0	0	0	0	0	0	0	0	0	0	0	0	0	0	0	0	0	0	0	0	0	0	11.85506	9.97414	0	0	0	0	0	0	0	0	0	0	0	0	0	0	0	0	0	0	0	0	0	0	0	0	0	0	0	0	0	0	0	0	0	0	0	0	0	0	0	0	0	0	0	0	0	0	0	0	0	0	0	0	
0	0	0	0	0	0	0	0	0	0	0	0	0	0	0	0	0	0	0	0	0	0	0	0	0	0	0	0	0	0	0	0	0	0	0	0	0	8.92119	0	0	0	0	0	12.09598	0	0	0	0	0	0	0	0	0	0	0	0	0	0	0	0	0	0	0	0	0	0	0	0	0	0	0	0	0	0	0	0	0	0	0	0	0	0	0	0	0	0	0	0	0	0	0	0	0	0	0	0	0	0	0	0	
0	0	0	0	0	0	0	0	0	0	0	0	0	0	0	0	0	0	0	0	0	0	0	0	0	0	0	0	0	0	0	0	0	0	0	0	0	0	0	0	0	0	0	0	0	0	0	0	0	0	0	0	0	0	0	0	0	0	0	0	0	0	0	0	0	0	0	0	0	0	0	0	8.35877	0	0	0	0	0	0	0	0	0	0	0	0	0	0	0	0	0	0	0	0	0	0	0	0	0	0	0	
0	0	0	0	0	0	0	0	0	0	0	0	0	0	0	0	0	0	0	0	0	0	0	0	0	0	0	0	0	0	0	0	0	0	0	0	0	0	0	0	0	0	0	0	0	0	0	0	0	0	0	0	0	0	0	0	0	0	0	0	0	0	0	0	0	0	0	0	0	0	0	0	0	0	12.19561	0	0	0	0	0	0	0	0	0	0	0	0	0	0	0	0	0	0	0	0	0	0	0	0	0	
0	0	0	0	0	0	0	0	0	0	0	0	0	0	0	0	0	0	0	0	0	0	0	0	0	0	0	0	0	0	0	0	0	0	0	0	0	0	0	0	0	0	0	0	0	0	0	0	0	0	0	9.66106	0	0	0	12.05545	0	0	10.38126	0	0	0	0	0	0	0	0	0	0	0	0	0	0	0	0	0	0	0	0	0	0	0	0	0	0	0	0	0	0	0	0	0	0	0	0	0	0	0	0	0	
0	0	0	0	0	0	0	0	0	0	0	0	0	0	0	0	0	0	0	0	0	0	0	0	0	0	0	0	5.68326	0	0	0	0	0	0	0	0	0	0	0	0	0	0	0	0	0	0	0	0	0	0	0	0	0	0	0	0	0	0	0	0	0	0	0	0	0	0	7.11175	0	0	0	0	0	0	0	0	0	0	0	0	0	0	0	0	0	0	0	0	0	0	0	0	0	0	0	0	0	0	0	0	
0	0	0	0	0	0	0	0	0	0	0	0	0	0	0	0	0	0	0	0	0	0	0	0	0	0	0	0	0	0	0	0	0	0	0	0	0	0	0	0	0	0	0	0	0	0	0	0	0	0	0	0	0	0	0	8.51464	0	0	0	0	0	0	0	0	0	0	0	0	0	0	0	0	0	0	0	0	0	0	0	0	0	0	0	0	0	0	0	0	0	0	0	0	0	0	0	0	0	0	0	0	
0	0	0	0	0	0	0	0	0	0	0	0	0	0	0	0	0	0	0	0	0	0	0	0	0	0	0	0	0	0	0	0	0	0	0	0	0	0	0	0	0	0	0	0	0	0	0	0	0	0	0	0	0	0	0	0	0	0	0	0	0	0	0	0	0	0	0	10.71172	0	0	0	0	0	0	0	0	0	0	0	0	0	0	0	0	0	0	0	0	0	0	0	0	0	0	0	0	0	0	0	0	
0	0	0	0	0	0	0	0	0	0	0	0	0	0	0	0	0	0	0	0	0	0	0	0	0	0	0	0	0	0	0	0	0	0	0	0	0	0	0	0	0	0	0	0	0	0	0	0	0	0	0	0	8.21896	0	0	0	4.0405	0	0	0	0	0	0	0	0	0	0	0	0	0	0	5.51059	0	0	0	0	0	0	0	0	0	0	0	0	0	0	0	0	0	0	0	0	0	0	0	0	0	0	0	0	
0	0	0	0	0	0	0	0	0	0	0	0	0	0	0	0	0	0	0	0	0	0	0	0	0	0	0	0	0	0	0	0	0	0	0	0	0	0	0	0	0	0	0	0	0	0	0	0	9.89492	0	0	0	12.76927	0	0	0	0	0	0	0	0	0	0	0	0	0	0	4.69874	0	0	0	0	0	0	0	0	0	0	0	0	0	0	0	0	0	0	0	0	0	0	0	0	0	0	0	0	0	0	0	0	
0	0	0	0	0	0	0	0	0	0	0	0	0	0	0	0	0	0	0	0	0	0	0	0	0	0	0	0	0	0	11.94754	0	0	0	0	0	0	0	0	8.46635	0	0	0	0	0	0	0	9.11578	0	0	0	0	0	0	0	0	0	5.1789	4.64833	0	7.63383	0	0	9.04448	0	0	0	0	0	0	0	0	0	0	0	0	0	0	0	0	0	0	0	0	0	0	0	0	0	0	0	0	0	0	0	0	0	0	0	0	
0	0	0	0	0	0	0	0	0	0	0	0	0	0	0	0	0	0	0	0	0	0	0	0	0	0	0	0	0	0	0	0	0	0	0	0	0	0	0	0	0	0	0	0	0	0	0	0	0	0	0	0	0	0	6.28667	0	0	0	0	0	0	0	0	0	0	0	0	0	0	0	0	0	0	0	4.05362	0	0	0	0	0	0	0	0	0	0	0	0	0	0	0	0	0	0	0	0	0	0	0	0	0	
0	0	0	0	0	0	0	0	0	0	0	0	0	0	0	0	0	0	0	0	0	0	0	0	0	0	0	0	0	0	0	0	0	0	0	0	0	0	0	0	0	0	16.09231	0	0	0	0	0	0	0	0	0	9.96931	0	0	0	0	0	0	12.4385	0	0	0	0	0	0	0	0	0	0	0	8.00526	0	0	0	0	0	0	0	0	0	0	0	0	0	0	0	0	0	0	0	0	0	0	0	0	0	0	0	0	
0	0	0	0	0	0	0	0	0	0	0	0	0	0	0	0	0	0	0	0	0	0	0	0	0	0	0	0	0	0	0	0	0	0	0	0	0	0	0	0	0	0	0	5.50404	0	0	0	12.24931	0	0	0	10.62916	0	0	0	0	0	0	5.60193	0	0	0	0	0	0	0	0	0	0	0	0	0	0	0	0	0	0	0	0	0	0	0	0	0	0	0	0	0	0	0	0	0	0	0	0	0	0	0	0	0	
0	0	0	0	0	0	0	0	0	0	0	0	0	0	0	0	0	0	0	0	0	0	0	0	0	0	0	0	0	0	0	0	0	0	0	0	0	0	0	0	0	0	12.61632	0	0	0	0	0	0	0	0	0	0	0	0	8.12531	0	0	0	0	0	0	0	0	0	0	2.32565	0	4.74745	0	0	0	0	0	0	0	0	0	0	0	0	0	0	0	0	0	0	0	0	0	0	0	0	0	0	0	0	0	0	0	
0	0	0	0	0	0	0	0	0	0	0	0	0	0	0	0	0	0	0	0	0	0	0	0	0	0	0	0	0	0	0	0	0	0	0	0	0	0	0	0	11.88751	0	0	0	0	0	0	0	0	0	0	0	0	0	0	0	0	0	0	0	0	0	0	0	0	0	0	0	0	0	0	0	0	0	0	0	0	0	0	0	0	0	0	0	0	0	0	0	0	0	0	0	0	0	0	0	0	0	0	0	
0	0	0	0	0	0	0	0	0	0	0	0	0	0	0	0	0	0	0	0	0	0	0	0	0	0	0	0	0	0	0	0	0	0	0	0	0	0	0	0	0	0	0	0	0	0	0	10.10166	0	0	10.07612	0	0	0	0	0	0	0	0	0	0	0	0	0	0	0	0	0	0	0	0	0	0	0	0	0	9.43951	0	0	0	0	0	0	0	0	0	0	0	0	0	0	0	0	0	0	0	0	0	0	0	
0	0	0	0	0	0	0	0	0	0	0	0	0	0	0	0	0	0	0	0	0	0	0	0	0	0	0	0	0	0	0	0	0	0	0	0	0	0	0	0	0	0	0	0	0	0	0	7.48665	0	0	10.42403	10.91163	0	0	0	0	9.01729	0	8.63764	0	10.3247	0	0	0	0	9.90233	0	0	0	0	0	0	0	0	0	0	0	0	0	0	0	0	0	0	0	0	0	0	0	0	0	0	0	0	0	0	0	0	0	0	
0	0	0	0	0	0	0	0	0	0	0	0	0	0	0	0	0	0	0	0	0	0	0	0	0	0	0	0	0	0	0	0	0	0	0	0	0	0	0	0	0	9.18262	0	0	0	0	0	0	0	0	0	0	0	0	0	0	0	0	0	0	0	0	0	0	0	0	0	0	0	0	0	0	0	0	0	0	0	0	0	0	0	0	0	0	0	0	0	0	0	0	0	0	0	0	0	0	0	0	0	0	
0	0	0	0	0	0	0	0	0	0	0	0	0	0	0	0	0	0	0	0	0	0	0	0	0	0	0	0	0	0	0	8.03745	0	0	0	0	0	0	0	0	0	0	0	0	0	0	0	9.66939	0	0	0	0	0	0	0	0	0	0	0	0	0	0	0	0.91976	0	0	0	1.4769	0	0	0	0	0	0	0	0	0	0	0	0	0	0	0	0	0	0	0	0	0	0	0	0	0	0	0	0	0	0	0	0	
0	0	0	0	0	0	0	0	0	0	0	0	0	0	0	0	0	0	0	0	0	0	0	0	0	0	0	0	0	0	0	11.10568	0	0	1.69127	0	0	0	0	0	0	0	0	0	0	0	0	0	0	0	0	0	0	0	0	0	0	0	0	0	0	0	0	0	0	0	0	0	0	0	0	0	0	0	0	0	0	0	0	0	0	0	0	0	0	0	0	0	0	0	0	0	0	0	0	0	0	0	0	0	
0	0	0	0	0	0	0	0	0	0	0	0	0	0	0	0	0	0	0	0	0	0	0	0	0	0	0	0	0	0	0	0	0	0	0	0	0	0	0	0	0	0	0	10.76445	0	0	0	0	0	14.9118	0	0	0	0	11.46596	0	0	0	0	0	0	0	0	0	0	0	0	0	0	0	0	0	0	0	0	0	0	0	0	2.18295	0	0	0	0	0	0	0	0	0	0	0	0	0	0	0	0	0	0	0	0	
0	0	0	0	0	0	0	0	0	0	0	0	0	0	0	0	0	0	0	0	0	0	0	0	0	0	0	0	0	0	0	0	8.61156	0	0	0	0	0	0	0	0	0	0	0	0	0	0	2.66689	0	0	10.08085	0	0	0	0	0	0	0	6.63072	0	0	0	0	0	0	0	0	0	0	0	1.4769	0	0	0	0	0	0	0	0	0	0	0	0	0	0	5.4898	0	0	0	0	0	0	0	0	0	0	0	0	0	0	
0	0	0	0	0	0	0	0	0	0	0	0	0	0	0	0	0	0	0	0	0	0	0	0	0	0	0	0	0	0	0	0	0	0	0	0	0	0	0	11.85887	0	0	0	0	15.65829	0	10.53311	0	0	0	0	0	0	0	0	0	0	0	0	0	0	0	0	0	0	0	0	0	0	3.93246	0	0	0	0	0	0	0	0	0	0	0	0	0	0	0	0	0	0	0	0	0	0	0	0	0	0	0	0	0	0	
0	0	0	0	0	0	0	0	0	0	0	0	0	0	0	0	0	0	0	0	0	0	0	0	0	0	0	0	0	0	0	0	0	0	0	10.48095	0	0	0	0	0	0	0	0	0	0	0	9.38859	0	0	0	0	0	7.32964	0	0	0	0	0	0	8.67274	0	0	0	0	0	0	0	0	0	0	0	0	0	0	0	0	0	0	0	0	0	0	0	0	0	0	0	0	0	0	0	0	0	3.02398	0	0	0	0	0	
0	0	0	0	0	0	0	0	0	0	0	0	0	0	0	0	0	0	0	0	0	0	0	0	0	0	0	0	0	0	0	0	0	0	0	0	0	0	0	0	0	15.67722	0	0	0	0	0	0	0	0	0	0	2.76479	0	0	0	0	0	0	0	0	0	0	0	0	0	0	4.39676	0	0	0	7.855	0	0	0	0	0	0	0	0	0	0	0	0	0	0	0	0	0	0	0	0	0	0	0	0	0	0	0	0	
0	0	0	0	0	0	0	0	0	0	0	0	0	0	0	0	0	0	0	0	0	0	0	0	0	0	0	0	0	0	0	0	0	0	0	0	0	0	0	0	5.36209	0	0	0	8.49159	0	0	5.67523	0	0	6.08496	10.80852	0	0	0	11.62472	0	0	10.17082	0	8.20595	0	0	0	0	0	0	0	0.53197	0	0	0	0	0	0	0	0	0	0	0	0	0	0	0	0	0	0	0	0	0	0	0	0	0	0	6.50887	0	0	0	0	
0	0	0	0	0	0	0	0	0	0	0	0	0	0	0	0	0	0	0	0	0	0	0	0	0	0	0	0	0	0	0	0	0	0	0	0	0	0	0	0	0	0	0	0	15.84658	0	0	0	0	3.17407	0	0	8.2552	0	0	0	0	7.58038	0	0	0	7.63318	0	0	0	0	0	0	0	0	0	0	0	0	0	0	0	0	0	0	0	0	0	0	0	0	0	0	0	0	0	0	0	0	0	0	0	0	0	0	
0	0	0	0	0	0	0	0	0	0	0	0	0	0	0	0	0	0	0	0	0	0	0	0	0	0	0	0	0	0	0	0	0	0	0	0	0	0	0	0	0	0	0	11.30112	0	0	11.98341	0	0	0	10.70403	0	0	0	0	0	0	0	0	6.8134	0	0	0	0	6.57108	0	0	2.19125	0	0	0	0	11.14115	0	0	0	5.08726	0	0	0	0	0	0	0	0	0	0	0	0	0	0	0	0	0	0	0	0	0	0	0	
0	0	0	0	0	0	0	0	0	0	0	0	0	0	0	0	0	0	0	0	0	0	0	0	0	0	0	0	0	0	0	0	0	0	0	0	0	0	0	0	0	0	0	0	2.56186	5.19655	0	10.51344	0	0	0	10.62059	5.52463	0	0	8.38402	0	0	0	0	0	0	0	0	0	0	0	11.29525	0	0	0	0	0	12.21387	0	0	0	0	0	0	0	0	0	0	0	0	0	0	0	0	0	0	0	0	0	0	0	0	0	0	
0	0	0	0	0	0	0	0	0	0	0	0	0	0	0	0	0	0	0	0	0	0	0	0	0	0	0	0	0	0	0	0	0	0	0	0	0	16.91994	0	0	0	0	0	0	0	0	0	0	3.75325	0	0	5.25273	0	0	7.69036	0	9.9077	0	0	2.04306	0	6.99078	0	0	0	0	0	0	0	0	0	0	0	0	6.48663	0.91976	0	0	0	0	0	0	0	0	0	0	0	0	0	0	0	0	0	0	0	0	0	0	0	0	
0	0	0	0	0	0	0	0	0	0	0	0	0	0	0	0	0	0	0	0	0	0	0	0	0	0	0	0	0	0	0	0	0	0	0	0	0	0	0	0	0	0	14.09902	0	0	10.40423	0	13.41995	0	0	9.4779	0	12.28417	0	8.82376	0	0	0	0	0	0	0	0	11.00223	0	0	0	6.3205	0	0	11.16544	0	0	0	0	0	0	0	2.76479	0	0	0	0	0	0	0	0	0	0	0	0	0	0	0	0	0	0	0	0	0	
0	0	0	0	0	0	0	0	0	0	0	0	0	0	0	0	0	0	0	0	0	0	0	0	0	0	0	0	0	0	0	0	0	0	0	0	0	0	0	0	0	0	0	0	0	0	0	8.92516	11.10451	0	0	10.92691	0	0	0	0	0	0	0	0	0	0	0	0	0.91976	0	0	0	0	0	0	0	0	0	0	0	0	0	0	0	0	0	0	0	0	0	0	0	0	0	5.19655	0	0	0	0	0	0	0	0	0	
0	0	0	0	0	0	0	0	0	0	0	0	0	0	0	0	0	0	0	0	0	0	0	0	0	0	0	0	0	0	0	0	0	0	0	0	0	0	0	0	0	0	0	0	0	0	0	12.7641	0	0	0	0	10.3947	5.70809	0	0	0	0	11.92033	12.97965	0	0	0	0	0	0	0	0	0	0	0	0	0	0	0	0	0	0	0	0	0	0	0	0	0	0	0	0	0	0	0	0	0	0	0	0	0	0	9.08887	0	
0	0	0	0	0	0	0	0	0	0	0	0	0	0	0	0	0	0	0	0	0	0	0	0	0	0	0	0	0	0	0	0	0	0	0	0	0	0	0	0	0	0	7.06951	0	0	0	0	0	0	7.57208	0	8.17512	0	7.15775	0	0	0	0	0	0	0	0	0	0	14.03173	0	0	0	0	0	0	0	0	0	0	0	14.95004	0	0	0	0	0	0	0	0	0	0	0	0	0	0	0	0	0	0	0	0	0	0	0	
0	0	0	0	0	0	0	0	0	0	0	0	12.56724	0	0	0	0	0	0	0	0	0	0	0	0	0	0	0	0	0	11.132	0	0	0	0	0	0	0	0	0	0	0	10.0323	0	0	0	0	9.38667	0	0	13.69389	0	0	6.69422	6.14073	0	9.57113	0	0	0	0	0	0	9.8342	12.26639	7.99269	0	0	0	0	0	0	0	0	0	0	0	0	0	0	0	0	0	0	0	0	0	0	0	0	0	0	0	0	0	0	0	0	0	0	
0	0	0	0	0	0	0	0	0	0	0	0	0	0	0	0	0	0	0	0	0	0	0	0	0	0	0	0	0	0	0	0	0	0	0	0	0	0	0	0	0	0	0	0	0	10.21095	4.48557	0	4.59609	11.68653	0.91976	8.07739	10.21118	0	8.2103	8.0336	0	0	0	0	13.4321	0	0	0	0	0	0	0	0	7.30133	0	0	0	0	0	0	4.94563	0	0	0	0	0	0	0	0	0	0	0	0	0	0	0	0	0	0	0	0	0	0	0	
0	0	0	0	0	0	0	0	0	0	0	0	0	0	0	9.89762	0	0	0	0	0	0	0	0	0	0	0	0	0	0	0	0	0	0	0	8.76435	12.48816	0	0	0	0	0	0	4.33435	0	10.36282	8.05666	9.8745	10.16914	8.86849	0	0	1.22503	0	9.37219	0	0	0	0	8.81522	0	9.55945	0	6.77867	0	7.43555	0	0	11.82647	0	11.06392	0	0	0	0	11.62604	0	1.69127	0	4.81505	0	0	0	0	0	0	0	0	0	0	7.26201	0	0	0	0	0	0	0	0	0	
0	0	0	0	0	0	0	0	0	0	0	0	0	0	0	0	0	0	0	0	0	0	0	0	0	0	11.66311	0	0	0	0	4.45657	0	0	8.13907	0	0	0	0	0	11.9404	0	0	0	0	0	0	0	12.42971	8.29671	7.4281	10.021	9.37606	0	10.55465	0	11.18463	0	4.94059	0	6.26303	8.02516	0	0	0	11.26132	0	0	0	0	0	0	0	8.70084	0	0	0	0	0	0	0	0	0	0	0	0	0	0	0	0	0	0	0	0	0	0	0.53197	0	0	0	
0	0	0	0	0	0	0	0	0	0	0	0	0	0	0	0	0	0	0	12.69594	0	0	0	0	0	0	0	0	0	0	0	0	0	0	0	0	0	0	0	0	0	0	0	14.37046	0	0	13.76451	12.671	11.29704	0	9.24332	8.64907	12.5206	0	0	0	14.58178	0	0	8.09116	6.71689	0	0	12.85208	0	4.54189	0	7.855	0	0	0	0	0	0	0	0	0	0	0	0	0	0	0	0	0	0	0	0	0	0	8.9745	0	0	0	0	0	0	0	0	0	
0	0	0	0	0	0	0	0	0	0	0	0	9.01991	0	0	0	0	0	0	9.89762	0	0	0	0	0	0	0	0	0	0	0	0	0	7.38509	0	0	0	0	0	0	0	9.18594	12.56023	0	8.73168	0	0	4.13874	12.28739	0	2.76479	8.68536	6.67206	6.32508	10.60356	8.42015	5.81539	4.90098	7.88666	0	0	0	0	0	4.90604	0	0	0	0	0	0	0	0	0	0	0	0	0	11.90556	0	0	0	0	0	0	0	0	0	0	0	0	0	0	0	0	0	0	0	0	0	
0	0	0	0	0	0	0	0	0	0	0	0	0	0	0	0	0	0	0	0	0	0	0	14.29935	0	0	0	0	0	0	0	0	0	0	0	0	0	0	9.9897	0	0	0	8.84438	10.02347	4.45657	0	11.30937	5.65658	0	7.76559	9.50825	7.48777	0	0	0	0	0	7.52762	16.27146	9.077	11.7313	0	0	0	9.3036	0	0	0	0	0	0	0	0	0	0	0	0	0	0	0	0	0	0	0	0	0	0	0	0	0	0	0	0	0	0	0	0	0	0	0	
0	0	7.56348	0	0	0	0	0	0	0	0	0	0	0	0	0	0	0	0	0	0	0	0	0	0	0	0	0	0	0	0	0	0	0	0	0	0	0	0	0	10.73809	0	0	0	0	10.38463	0	8.1694	9.52843	11.86211	0	8.06173	9.8179	9.47912	0.53197	9.02732	0	0	8.06893	0	8.9045	0	8.68686	10.45185	0	0	0	0	0	0	0	8.00243	0	0	0	0	2.32565	0	0	0	0	0	0	0	0	0	0	0	0	0	0	0	0	0	0	0	0	0	0	0	
0	0	0	0	0	0	0	0	0	0	0	9.7267	0	0	0	0	0	0	0	0	0	0	0	0	0	0	0	0	0	0	0	0	3.17407	0	0	0	0	8.18124	13.20034	5.08726	8.04478	3.80019	0	0	11.63422	8.29766	11.57229	5.23933	10.94952	0	11.17075	0	4.07495	5.74432	0	11.20539	5.68939	11.0366	0	0	0	0	0	0	0	0	0	8.50935	0	0	0	0	6.19442	0	0	3.02398	0	0	10.2336	0	0	0	0	0	0	0	0	0	0	0	0	0	0	0	0	9.63577	0	0	0	0	
0	0	0	0	0	0	0	0	0	0	0	0	0	0	0	0	0	0	0	0	0	0	0	0	0	0	0	0	0	0	0	0	0	0	4.94832	9.44385	0	0	0	4.88442	0	12.98711	0	11.41504	14.78628	10.16672	8.74118	9.26553	5.0478	10.3745	11.44432	10.69475	0.53197	9.75271	0	0	10.5598	0	0	10.21589	9.57893	0	3.24362	0	0	0	0	0	0	0	0	0	0	0	0	0	0	0	5.78009	0	0	0	0	0	0	0	0	10.47373	0	0	0	0	0	0	0	0	0	0	0	0	
0	0	0	0	0	0	0	0	11.98022	0	11.31179	0	0	0	0	0	0	0	0	0	0	0	0	0	0	0	11.5311	0	0	0	0	0	0	0	0.91976	5.34637	0	12.9562	11.7007	0	9.22787	8.32306	0	8.85744	5.1789	12.46429	7.68348	8.85002	11.20465	9.96605	0	9.78266	0	0	0	0	8.66387	4.12909	0	0	0	0	3.02398	0	0	0	14.38811	0	0	0	0	0	0	0	0	0	0	0	0	0	0	0	0	0	0	0	0	0	0	0	0	0	0	8.73143	0	0	0	0	0	0	
0	0	0	0	0	0	0	0	0	0	0	11.11354	0	0	13.9166	0	0	0	0	0	0	0	0	0	0	0	0	0	0	0	0	11.09366	0	0	9.37413	0	12.5172	0	0	11.16659	2.44858	0	10.22778	11.18074	9.9894	8.21258	10.87084	8.62478	4.29835	10.52938	7.0238	9.6121	11.28934	8.04029	0	9.42928	9.61669	0	0	11.38361	9.0347	5.461	0	8.3069	0	0	0	0	0	0	0	0	0	0.53197	0	6.53356	0	0	0	0	0	0	0	5.45301	0	0	0	0	0	0	0	0	0	0	0	0	0	0	0	0	
0	0	0	0	0	0	0	0	0	0	0	0	12.19671	0	0	0	0	0	0	0	0	0	0	0	0	0	0	0	0	9.47881	0	0	8.97459	0	5.43825	0	12.572	0	13.80201	10.96022	10.63999	10.55165	9.28934	11.1399	9.097	4.36482	9.77742	9.87655	6.97552	9.19038	9.59006	10.85371	10.38944	6.00922	8.63422	7.30217	10.36359	0	0	10.56573	6.86398	0	0	0	0	0	0	0	0	0	0	0	0	9.68994	0	0	0	0	0	0	8.82234	0	0	0	0	0	0	0	0	0	0	0	0	0	0	0	0	0	0	0	
0	0	0	0	0	0	0	13.82896	0	0	0	9.02609	0	0	0	0	0	0	0	0	0	0	0	0	0	0	0	8.86435	0	0	5.1789	0	11.08835	0	0	0	10.10225	6.7728	8.62478	10.92903	10.29544	5.94634	0	10.916	11.3709	9.01845	9.15642	8.79748	10.96549	10.09271	5.93864	9.46452	8.6521	9.9916	9.96718	10.91843	11.15278	5.77896	4.08399	8.35681	4.12059	12.99328	7.90684	0	10.0321	0	0	0	0	0	0	0	0	9.09946	0	0	0	0	0	0	0	0	0	0	0	0	0	0	0	0	0	0	0	0	0	0	0	0	0	0	
13.45994	0	0	0	0	0	0	0	5.53132	0	0	0	9.44598	0	0	0	0	0	0	0	0	0	0	0	12.04924	0	0	8.78491	0	0	0	0	15.06446	0	11.22568	8.49159	0	7.60702	10.66877	7.65871	8.73294	9.07923	5.96725	10.18092	11.7522	10.64084	9.06433	10.87857	6.72617	3.36072	10.37017	7.08258	7.09407	5.01705	10.78826	8.32278	10.93679	7.04859	0	10.92607	2.04306	1.87786	0	6.06842	0	10.28813	0	0	0	0	1.4769	0	0	0	0	0	0	0	0	0	0	0	4.67095	0	0	7.55252	0	0	0	0	0	0	0	0	0	0	0	0	0	0	
0	0	0	9.46157	0	0	0	0	0	0	0	0	0	0	0	0	0	0	7.99773	0	0	10.19187	0	6.13158	11.22552	7.38256	0	0	11.37831	9.06384	10.98604	0	13.77248	0	0	0	0	10.8856	10.63315	8.73063	8.37461	7.32387	9.56962	9.50096	9.02422	9.93073	8.76383	9.82063	10.038	6.00616	9.7475	9.58632	9.41797	6.261	8.38203	8.58728	0	3.82465	6.45336	8.43619	0	4.12909	10.69708	0	0	0	0	0	0	8.66484	0	0	6.41399	0	3.10098	10.05284	11.4442	8.09033	0	0	0	0	0	0	0	0	0	0	0	0	0	0	0	0	0	0	0	0	0	0	
7.27453	0	0	0	12.85877	8.88914	0	0	0	0	0	0	0	0	0	0	0	12.49943	0	0	0	0	0	0	10.89483	0	9.38191	10.53393	0	14.83735	9.78309	0	0	0	11.82506	8.89845	6.86748	11.36514	10.72699	9.90174	6.4698	9.85518	9.9296	9.18533	9.40598	8.85657	9.73156	9.23786	8.8486	10.43402	6.07095	10.58243	11.16207	8.92147	11.49254	9.04593	8.70999	4.26494	6.58078	9.26655	11.84198	0	4.61651	8.9669	11.36739	8.53559	8.90016	0	0	0	0	0	0	0	7.18453	0	0	0	0	0	0	0	0	0	0	0	0	0	0	0	0	0	0	0	0	0.91976	0	0	0	0	
0	0	0	0	0	0	0	0	6.39118	0	9.85449	0	0	0	0	0	8.71469	14.34049	9.98273	6.12238	11.28858	6.17271	0	0	0	11.78333	0	11.95046	8.75901	10.07864	0	10.55208	12.45177	8.2775	9.36231	11.27195	7.35277	6.71323	10.09154	9.40419	9.38119	8.24078	4.53658	8.47846	9.38924	8.62903	8.46494	8.7372	7.94094	6.81678	7.38635	11.11801	9.72244	9.11101	5.95276	6.35465	5.76445	8.93965	0	9.63744	6.7457	8.38402	8.64915	0	7.86348	10.8833	6.93404	0	0	0	0	6.30431	0	0	8.99869	0	0	0	9.84123	0	0	0	0	0	0	6.31243	0	0	0	0	0	0	0	0	0	3.02398	0	0	0	0	
0	10.80421	0	0	6.26303	9.44966	0	0	0	0	0	0	0	0	7.01087	11.94035	0	11.60276	10.97376	0	9.53365	0	7.40551	0	0	0	0	0	11.0076	9.34968	7.43824	0	11.93494	6.07782	11.43051	7.85571	10.05228	9.51008	7.48896	8.94176	8.93895	7.77044	9.6327	7.68671	8.67831	8.37416	8.40127	9.62613	8.60997	8.59095	7.3156	8.2085	8.48843	8.27979	8.62281	8.87272	6.31243	7.52999	9.36531	5.10972	0	9.06984	0	11.53219	10.60652	2.19125	4.5081	7.68411	0	0	0	0	0	0	0	5.75649	0	0	0	0	7.64408	0	0	0	0	0	0	0	0	0	0	0	0	0	0	0	0	0	0	0	
0	10.6264	7.48665	0	8.32731	0	0	0	0	0	8.47722	0	0	0	7.9543	10.36915	0	10.8551	0	0	6.7669	6.80192	8.79895	9.65034	9.95577	10.57967	0	4.40858	8.38787	7.82096	11.19619	11.11963	10.55633	11.54621	9.84569	8.95171	8.25923	9.38658	8.95904	8.96135	7.11755	7.87873	6.9632	7.49825	7.24487	7.02541	8.91187	7.61327	9.4814	8.49438	7.65279	9.56218	7.71137	8.35561	8.17731	7.76175	7.92593	5.25114	8.04657	9.06023	0	7.4803	9.28914	9.71933	4.08879	0.91976	0.53197	0	0	0.91976	0	5.46762	0	2.04306	7.70584	0	6.52293	0	0.53197	0	0	0	0	4.58016	0	3.56106	0	0	0	0	0	0	0	0	0	0	0	0	0	0	
0	0	0	0	0	0	0	0	9.486	0	9.4105	12.55029	0	0	0	0	0	0	9.89492	0	10.40328	0	0	0	0	7.50448	11.21276	0	3.70474	10.37933	7.7454	8.67274	10.27053	9.71731	9.58377	9.0706	8.72829	9.23615	9.12393	10.48082	7.44956	7.84402	7.69715	7.97963	7.33964	8.38744	8.54986	8.56962	8.74609	9.40431	8.88135	8.14834	8.15888	7.86269	8.02837	9.20607	8.94222	9.23455	11.28394	7.31405	11.23833	4.98873	12.61632	6.43026	0	9.74451	0	9.31946	0	0	0	0	0	0	0	0	0	0	1.4769	0	0	7.94911	0	0	0	0	0	9.16122	7.59043	8.12761	0	0	0	0	0	0	0	0	0	0	
0	0	0	0	0	0	0	0	10.86927	9.04813	5.5711	6.05625	0	11.75066	0	0	0	3.84563	7.59376	3.93214	0	0	0	9.68125	10.25271	7.88524	6.92877	9.37685	5.74674	9.93414	0	7.68554	5.31787	4.97196	7.59966	8.7064	8.52599	7.30645	6.98088	5.40127	7.32223	9.39898	8.19014	8.85065	7.39381	8.54143	8.48612	7.88951	6.88107	8.9647	9.07136	6.99134	7.5705	6.1994	8.2296	8.7949	6.09259	10.54245	10.93711	5.87571	6.34044	9.52022	9.09743	10.47418	5.5295	11.51268	11.43679	0	0	0	0	0	0	8.00777	9.85796	0	0	0	14.83236	0	0	0	0	0	0	0	0	0	8.45356	0	2.04306	0	0	0	0	0	0	0	0	0	
0	0	10.66969	7.06148	0	6.74907	0	0.91976	7.24091	0	0	0	0	0	0	0	0	7.24074	0	0	0	0	0	10.68736	0	8.8421	0	9.26345	9.10648	8.82576	0	7.61221	0	10.09049	5.87215	8.64547	7.40743	7.37847	2.46645	10.68965	6.86642	9.61649	8.2112	7.37386	9.08073	6.75103	6.5567	8.61915	7.9122	8.07437	8.91238	8.22569	8.64319	8.85759	8.27156	6.47684	8.27626	8.67525	8.75741	7.39035	9.83842	8.82129	5.17707	9.76269	7.5568	0	0	5.99584	5.24824	5.3144	4.46917	0	8.4462	0	0.84564	0	5.96597	0	0	0	0	0	6.18523	0	0	0	0	0	0	0	0	0	0	0	0	0	0	0	0	0	
0	0	0	0	0	0	0	0	1.4769	0	8.33307	6.49467	8.96712	0	13.82254	0	0	7.69347	0	9.69212	0	0	0	0	0	0	9.13193	7.32355	6.90394	0	8.63116	8.13163	6.58687	8.27172	4.50098	6.01768	9.14114	8.80662	7.29121	8.76475	8.26347	7.50657	6.50723	7.70877	7.89375	7.26885	4.70588	5.60703	8.74424	6.21216	7.15735	10.14566	8.86084	6.9277	7.28849	6.4331	6.97793	7.72697	9.24347	7.47884	7.30317	5.97518	8.90284	6.91141	0	6.60439	8.63764	4.20264	0	0	8.62792	0	7.75124	4.18524	0	13.58833	0	0	0	0	0	0	0	0	0	0	0	0	6.756	0	0	0	0	0	0	0	0	0	0	0	
0	0	0	0	0	0.53197	0	0	0	8.82092	0	0	6.3205	0	0	0	0	0	0	0	0	0	0	10.75581	0	0	8.70438	0	0	4.51744	8.17865	0	0	7.03224	10.37546	6.86949	6.39118	0.53197	4.7712	7.96721	4.36405	10.35988	6.05207	6.20084	8.78276	9.27479	8.25913	5.63645	9.57628	5.20251	8.09315	9.07495	7.57687	6.91374	8.70632	7.30343	8.00165	7.30281	4.58676	7.99446	7.7706	6.33727	4.77335	9.99369	7.60461	5.23496	5.26506	13.16755	8.34248	0	0	15.66394	0	7.69347	0	5.59286	9.05177	0	0	0	0	0	0	0	10.74359	0	0	2.76479	0	0	0	9.84683	0	0	0	0	8.04721	0	0	0	
0	0	0	0	0	0	0	0	0	0	0	10.54521	0	0	0	0	0	6.27614	10.87921	0	0	0	0	3.17407	0	0	0	7.36316	0	0	0	0	3.37454	6.17955	8.70351	0	4.03805	8.86615	1.87663	2.31225	7.96921	8.91624	7.66389	2.06455	0	8.27395	7.35076	5.15501	6.83241	6.73326	7.20401	10.00275	8.59506	5.53242	7.18029	6.11524	7.38839	7.91867	6.99475	8.84692	7.5831	6.87481	0	5.54253	10.09595	0	7.0888	9.53104	11.19756	6.71816	0	0	0	6.17674	0	8.94096	0	8.80806	0	0	0	8.63458	0	0	0	0	0	0	0	0	0	0	0	0	0	0	0	0	0	0	
0	0	0	0	5.2315	0	0	0	0	0	8.88899	0	2.76479	0	0	11.05941	0	0	7.62994	0	5.95024	7.43926	0	0	0	7.63318	6.35234	0	0	7.80856	0	9.49179	12.05892	0	0	8.86573	11.47435	12.96121	10.9734	10.36418	5.85247	9.83982	7.95523	3.30999	4.63036	7.37371	13.62504	5.23779	7.86368	8.64972	7.88572	6.77842	8.55588	6.60037	5.62012	6.9659	5.77551	7.65595	3.45532	8.97208	6.23418	7.18827	5.55639	7.52286	8.41261	0	7.87698	11.54888	0	5.72034	8.32441	9.14562	7.01525	9.90514	6.78717	0	6.98561	0	0	0	8.26569	0	0	0.91976	0	2.04306	0	0	0	3.80019	0	0	0	0	0	0	0	0	0	0	
0	0	0	0	0	0	0	0	0	0	0	4.48557	5.60516	0	0	9.38379	0	0	0	4.69874	4.45657	0	0	0	0	0	0	0	0	4.6194	6.74308	7.17848	0	0	0	10.11216	0	0	0	2.56186	4.13552	7.12803	4.56417	4.68594	7.98783	5.31344	7.12564	7.34683	6.61159	4.29944	0	0	7.90878	8.57083	1.22503	8.22307	9.32225	8.32397	7.53336	6.21813	9.04349	8.05645	9.53626	8.94147	5.62982	7.43673	3.17407	9.88585	1.87786	9.91376	0	8.28554	8.0569	11.61757	11.82842	0	3.84563	0	5.29814	0	0	0	0	0	0	0	0	0	0	0	0	0	0	0	0	0	0	0	0	0	
0	0	0	10.54951	0	0	0	0	0	0	0	0	0	0	0	0	1.22503	0	0	0	0	0	9.46795	0	0	0	7.16701	10.38505	10.17249	8.07372	0	0	5.76834	0	0	11.37968	0	1.22503	6.26303	1.51199	6.00432	0	0	0	3.35903	10.76223	9.38616	7.12126	6.64379	6.47603	7.23746	7.33427	5.65624	8.76318	8.87847	6.63472	9.09426	6.6086	7.76041	6.83965	7.40677	9.39299	9.02013	8.96091	7.0981	6.51899	6.46258	10.44402	12.23776	5.65342	5.45428	9.02623	6.6285	2.83428	6.48095	0	11.64676	0	7.39767	7.62343	3.75325	10.1568	10.24531	0	0	0	0	0	0	0	0	0	0	0	0	0	0	1.87786	0	12.11858	
0	0	6.08196	0	0	0	0	0	0	0	0	0	0	0	0	0	0	0	0	0	8.39744	0	0	0	0	7.99269	0	8.64759	0	9.69601	0	10.74397	10.38944	0	6.19442	0	0	5.06135	6.98097	0	7.60372	0	0	8.23406	12.4182	9.76047	5.21648	5.90315	6.19442	6.87701	7.06937	10.30297	8.40827	8.50062	6.30695	9.57977	0	6.66319	7.70664	7.44264	3.00654	4.87593	6.36355	3.07648	5.95586	6.97587	6.08677	0	7.96698	5.43173	5.91503	7.31308	7.75777	8.3268	2.56186	0	5.8003	0	2.19809	6.29615	0	5.88543	0	0	0	0	0	0	9.04828	0	0	0	0	0	0	0	4.7233	0	0	0	
0	0	0	0	5.73249	0	0	0	0	0	0	0	9.45334	0	0	0	0	0	0	0	7.27453	1.4769	0	0	0	0	0	9.55256	0	0	0	3.49253	8.91454	0	0	0	6.93404	0	7.46497	5.69573	0	0	3.7352	0.91976	9.94276	0	5.9737	6.36801	8.03745	5.4664	5.98694	8.40986	10.1669	5.83929	9.04882	1.85237	0	6.08434	4.76844	0	7.26624	7.13389	8.48574	6.89003	3.88987	9.4402	8.3914	5.52737	7.42068	6.62321	7.72994	0	0	8.11365	0	9.0544	8.44882	6.16972	0	0	0	0	0	0	7.78963	0	0	0	0	0	0	0	0	0	0	0	9.51794	0	0	0	
0	0	0	0	0	0	0	0	6.54376	0	0	0	5.37765	0	0	0	8.17512	3.43421	6.94452	0	0	0	0	0	10.29467	0	0	0	0	0	0	0	0	0	7.01087	8.18621	0	6.21188	0	0	0	0	8.59169	10.98709	0	10.6151	9.93424	9.15016	0	5.12125	0	10.73757	8.67589	8.34405	0	4.56924	0	7.81117	0	5.353	9.37187	4.01436	7.47953	7.58374	5.52518	6.86976	6.59308	6.11985	10.50771	6.84745	8.61928	7.16947	6.2989	6.88045	7.67851	5.83428	10.31077	9.65191	0	0.53197	10.30501	11.65356	9.82574	0	6.47081	2.04306	7.75729	4.16539	8.02268	0	5.1969	0	0	9.37823	0	0	0	0	0	0	
0	0	0	0	0	0	0	0	0	0	0	0	0	0	0	0	0	0	0	0	7.53453	0	0	0	0	0	0	0	0	8.04478	0	0	0	0	3.75325	0	0	0	0	0	8.90786	0	7.52558	8.67432	5.99844	0	0	1.69127	8.25731	5.47504	8.27403	0	0	2.98326	3.05064	8.70472	0	0	6.84347	8.40364	9.73654	5.85289	3.59588	5.2701	6.95443	7.6777	5.23621	7.36536	6.5401	5.71233	9.8159	6.86349	4.00661	7.05934	8.2015	0	2.85372	0	5.17077	0	0	0	4.36589	0	0	0	8.09802	0	0	0	0	0	0	0	0	0	0	0	0	0	
0	0	0	0	7.8041	0	0	0	0	0	0	5.65801	0	3.54857	0	0	0	0	0	0	0	0	0	0	0	0	0	0	0	0	0	0	0	0	0	0	0	0	0	8.5299	0	0	8.55454	0	5.73924	0	3.44609	8.50759	0	0	5.37765	0	0	0	9.5509	0	0	0.91976	0	10.9505	6.9111	1.48151	7.81868	8.26194	6.71377	0	1.655	4.14438	10.17107	7.5085	9.01507	9.32417	9.22389	4.9605	0	0	4.01056	7.62016	7.66068	6.74907	4.51401	8.6214	1.69127	0	0	0	8.08797	13.06539	0	5.4435	0	0	0	0	8.8449	0	0	0	0	0	
0	0	0	0	0	0	0	0	0	0	0	0	0	0	0	0	0	5.81631	0	0	0	10.45872	9.05782	0	0	0	9.95188	0	0	0	0	0	0	7.53543	7.31638	0	0	0	0	0	0	0	0	0	0	0	0	0	1.69127	0	0.91976	0	0	0	0	8.2733	8.49461	9.91417	5.61927	2.76479	0	5.05473	6.63183	0	7.73548	9.56247	6.41316	7.23254	4.94037	2.96638	9.43202	6.60721	6.75184	4.83707	9.7627	4.5822	6.84342	0	9.68276	8.68005	0	0	7.9407	0	8.15269	8.83725	5.26506	5.48209	0	9.76179	0	0	0	0	0	0	8.55806	0	0	0	
0	0	0	0	0	0	0	0	6.23794	0	0	0	0	0	0	0	0	0	0	0	0	0	0	0	0	0	0	1.4769	0	0.91976	0	0	0	0	0	0	0	0	0	9.99016	0	0	0	0	0	7.50448	0	7.13505	3.43421	0	0	10.15623	0	0	0	0	0	0	8.57652	0	7.49552	0	9.52015	9.32398	7.47659	3.63538	5.52066	0	0	6.65525	8.30359	5.82617	9.61115	6.73213	6.01597	8.3352	3.33841	0	0	5.33131	7.39784	8.85355	10.38222	9.10031	9.37579	0	0.53197	0	0	0	8.9344	0	11.11382	0	0	0	0	0	0	0	
0	0	0	0	0	0	0	0	0	0	0	0	0	7.09797	0	0	0	0	0	3.8897	0	0	0	0	0	3.83834	0	0	0	0	0	0	0	0	6.21188	0	0	7.56775	0	0	8.78491	0	4.42697	11.25291	1.69127	0	0	0	0	0	7.39408	7.86331	0	0	6.75504	0	0	0	0	6.62672	6.40654	0	5.55934	9.60229	7.13962	4.60895	10.02138	6.00709	0.53197	5.16871	5.96191	0	6.61471	6.50957	11.30672	6.48514	3.38958	4.3359	7.57154	4.00325	0	6.77456	8.93834	4.53309	6.0899	0	0	5.3144	6.46779	0	11.15193	0	0	6.70042	0	0	0	0	5.90988	0	
0	0	0	0	0	0	0	5.3144	0	0	0	0	0	0	0	0	0	0	0	0	0	0	10.87339	0	0	0	0	0	9.25705	0	0	0	0	0	9.49187	0	0	3.54857	0	0	0	1.98309	0	0	0	0	8.18529	0	0	0	0	0	9.89559	0	0	0	4.94186	4.9894	0	5.44401	11.62374	0	0	7.38457	0	1.4769	0	8.53868	6.83746	10.28916	8.92751	7.21414	7.1801	5.55739	6.87498	6.94792	7.43876	3.02398	6.8201	6.25325	7.97696	8.48109	5.47898	0	6.93243	0	1.87786	6.43993	0	0	12.01266	8.63764	0	0	0	0	10.48005	0	0	0	
0	0	0	0	0	0	0	0	2.32565	0	0	0	0	0	0	0	0	0	0	0	0	0	0	0	0	0	0	0	0	0	0	0	0	0	0	0	0	5.39895	0	0	0	0	0	0	0	0	0	0	0	9.57472	0	5.41801	0	4.30482	0	0	7.62343	8.55557	1.22503	0	4.01436	0	11.36276	12.20191	7.74535	5.48861	0	0	9.21171	7.65383	0	6.20317	6.18178	8.80732	6.42296	8.47358	0	4.77364	5.60841	6.46387	4.20835	9.78983	6.21188	0	0	0	4.60365	0	0	0	0	0	8.68183	6.36036	11.51646	0	0	0	0	0	
0	0	0	0	0	0	0	6.47311	0	0	0	0	0	0	0	0	0	0	0	0	0	0	0	0	0	0	0	0	0	0	0	0	0	0	0	0	0	6.79363	0	6.47311	0	0	0	0	0	0	0	0	0	0	4.45621	0	0	12.60439	8.78996	0	0	9.38879	8.90786	11.93757	0	2.32565	0	6.24694	8.94581	10.27001	0	0	7.95783	3.78669	8.453	6.62439	4.24928	7.90589	8.18841	8.68389	6.2631	0	7.71077	6.69632	8.10992	8.79364	3.62179	6.57651	3.89061	0	0	0.61317	0	0	8.89034	0	0	0	0	2.78045	0	0	0	0	
0	0	0	0	0	0	0	0	0	0	0	0	0	0	0	0	0	0	0	0	0	0	0	0	0	7.79544	0	0	0	0	0	0	0	0	0	0	0	10.12892	0	0	0	0	0	0	10.2585	0	0	0	9.31274	0	0	0	0	0	0	4.79457	0	0	0	0	0	0	8.80823	0	0	6.65782	4.78265	8.50315	2.04306	6.07702	3.89206	0	6.73757	0	9.60312	7.29614	5.42334	7.15667	4.30063	8.6102	7.16943	0	6.16311	0	7.81842	5.63862	0	0	0	0	5.37765	0	0	0	0	0	0	2.44858	0	0	
0	0	0	0	0	0	0	0	0	0	0	0	5.6323	0	0	0	0	0	0.91976	0	0	0	0	0	0	0	0	0	0	0	0	0	0	0	0	0	0	0	0	0	0	0	0	0	0	0	0	11.51118	0	0	4.16539	0	10.92294	0	0	0	0	0	0	5.1019	0	0	0	6.46382	4.33435	8.29261	9.50051	0	9.38571	0	0	8.80806	0	0	0	3.37598	6.37534	8.87067	7.10621	5.78357	0	8.62605	6.16909	5.58465	8.30706	5.71956	7.53219	0	9.64791	0	0	0	0	6.65007	0	0	0	0	0	0	
0	0	0	0	0	0	0	0	0	0	0	0	0	0	0	0	0	0	0	0	0	0	0	0	0	0	0	0	0	0	0	0	10.88262	0	0	0	0	0	0	0	5.26506	0	0	0	0	0	0	0	0	0	0	0	0	0	0	0	6.3498	0	0	0	6.89447	0	0	2.64796	0	6.40643	0	0	7.79447	0	0	0	10.63815	0	0	4.84019	0	0	5.58273	8.7363	6.68768	6.01705	10.54133	0	2.19125	0	0	0	2.04306	0.91976	7.47355	5.76232	5.39346	0	0	0	0	0	0	0	
0	0	0	0	0	0	0	2.15105	0	0	0	0	0	0	0	0	0	0	0	0	0	0	0	0	0	0	0	7.57026	0	0	0	0	0	0	0	0	0	0	0	0	0	0	0	0	0	0	0	0	0	0	0	0	0	0	0	0	0	0.53197	0	0	0	0	0	0	0	0	0	0	0	0	4.25828	4.06208	6.41248	0.53197	0	6.83046	7.61689	0	9.8442	6.89133	0	7.76574	0	9.2623	1.22503	9.96665	0	7.36706	0	5.36209	0	2.56186	0	0	0	8.47361	0	0	0	0	
0	0	0	0	0	0	0	0	0	0	0	0	0	0	0	0	0	0	0	0	6.77867	0	0	0	0	0	0	0	0	0	4.88442	0	0	0	0	0	0	0	0	0	0	0	0	0	0	0	0	0	0	0	0	0	0	0	0	0	0	0	0	11.63426	0	0	0	0	5.61927	8.36659	9.38763	6.57671	0	0	0	0	0	0	0	2.66689	5.38328	0.91976	0	0	2.50476	0	0	0	4.82246	5.12462	7.5695	4.57035	7.2662	0	8.89575	9.95707	7.51154	10.52265	0	10.71326	0	0	0	0	
0	0	0	0	0	0	0	0	0	0	0	0	0	0	0	0	0	0	0	0	0	0	0	0	0	0	0	0	0	0	0	0	0	0	0	0	0	0	0	0	0	0	0	0	0	0	0	0	4.54189	0	0	0	0	0	0	0	0	0	0	0	0	0	0	0	0	0	0	0	0	8.57154	10.1168	8.57154	7.07764	0	11.19125	6.12238	0	9.18594	3.17407	0	0	7.18453	5.67069	0	5.1792	0	3.75325	0	0	5.95216	0	4.18538	9.25235	0	6.68174	0	0	0	0	0	
0	0	0	0	0	0	0	0	0	0	0	0	0	0	0	7.50791	0	0	0	0	0	0	0	0	0	0	0	0	0	0	0	0	0	0	9.60229	0	0	0	0	0	0	0	0	0	0	0	0	0	0	0	0	0	0	0	0	0	0	0	0	0	0	0	0	0	0	0	0	5.06821	0	0	0	0	0	9.66306	0	0	0	1.96623	0	0	0	2.04306	0	0	4.4699	0	7.61977	5.42929	10.31867	8.79326	9.29952	0	10.0425	0	0	0	0	0	0	0	
0	0	0	0	0	0	0	0	0	0	0	0	0	0	0	0	0	0	0	0	0	0	0	0	0	0	0	0	0	0	0	0	0	0	0	0	0	0	0	0	0	0	0	0	0	0	0	0	7.43555	0.91976	0	0	0	0	0	0	0	0	0	12.01421	0	0	0	0	0	6.10495	0	0	0	0	0	5.61927	0	0	0	0	0	10.85718	0	6.41983	10.22879	0	0	8.59502	0	0	0	0	0	0	0	0	0	0	0	0	0	0	0	0	
0	0	0	0	0	0	0	0	0	0	0	0	0	0	0	0	0	0	0	7.72725	0	0	0	0	0	0	0	0	0	0	0	0	0	0	0	0	0	0	0	0	0	0	0	0	0	0	0	0	0	0	0	0	0	0	0	3.0054	0	0	16.40392	0	0	0	0	0	7.07906	0	0	0	0	0	0	10.59097	0	4.64833	0	0	8.83648	0	0	0	5.1576	7.02826	5.44642	8.25447	0	0	0	7.75134	9.48336	0	3.60253	12.43827	9.39338	0	0	0	0	0	0	0	
0	0	0	0	0	0	0	0	0	0	0	0	0	0	0	0	0	0	0	0	0	0	0	0	0	0	0	0	0	0	0	0	0	0	0	0	0	0	0	0	0	0	0	0	0	0	0	0	0	0	0	0	0	0	0	0	0	0	0	0	0	0	0	0	0	0	0	0	0	0	0	0	0	0	0	0	0	0	0	0	0	0	0	0	0	0	2.76479	0	0	0	0	8.38402	0	0	0	0	0	0	0	0	
0	0	0	0	0	0	0	0	0	0	0	0	0	0	0	0	0	0	0	0	0	0	0	0	0	0	0	0	0	0	0	0	0	0	0	0	0	0	0	0	0	0	0	0	0	0	0	0	0	0	0	0	0	0	0	0	0	0	0	0	0	0	0	0	0	0	0	0	0	0	7.81156	0	0	0	0	0	1.22503	0	0	9.9603	0	0	0	9.94145	0	0	0	0	0	0	6.42275	9.5586	0	0	0	0	0	0	0	0	
0	0	0	0	0	0	0	0	0	0	0	0	0	0	0	0	0	0	0	0	0	0	0	0	0	0	0	0	0	0	0	0	0	0	0	0	0	0	0	0	0	0	0	0	0	0	0	0	0	0	0	0	0	0	0	0	0	0	0	4.3021	0	0	0	0	0	0	0	0	0	0	7.16225	0	0	0	0	0	0	0	0	0	0	0	0	0	0	0	9.51442	0	0	0	0	0	0	0	0	0	0	0	0	0	
0	0	0	0	0	0	0	0	0	0	0	0	0	0	0	0	0	0	0	0	0	0	0	0	0	0	0	0	0	0	0	0	0	0	0	0	0	0	0	0	0	0	0	0	0	0	0	0	0	0	0	0	0	0	0	0	0	0	0	0	0	0	0	0	0	0	0	0	0	11.53414	4.39676	0	0	0	0	0	0	0	7.49381	0	0	0	0	0	0	0	0	0	7.29925	4.3021	0	0	0	0	0	0	0	0	0	0	
0	0	0	0	0	0	0	0	0	0	0	0	0	0	0	0	0	0	0	0	0	0	0	0	0	0	0	0	0	0	0	0	0	0	0	0	0	0	0	0	0	0	0	0	0	0	0	0	0	0	0	0	0	0	0	0	0	0	0	0	0	0	0	0	0	0	0	0	0	0	0	0	0	0	0	0	0	0	0	0	0	0	0	0	0	0	2.85645	0	0	0	0	0	0	0	0	0	0	0	0	0	
0	0	0	0	0	0	0	0	0	0	0	0	0	0	0	0	0	0	0	0	0	0	0	0	0	0	0	0	0	0	0	0	0	0	0	0	0	0	0	0	0	0	0	0	0	0	0	0	0	0	0	0	0	0	0	0	0	0	8.17957	0	0	0	0	0	0	0	0	0	0	0	0	0	0	0	0	6.48034	0	0	0	0	0	0	0	0	0	0	0	0	0	0	0	0	0	0	0	0	0	0	0	0	
0	0	0	0	0	0	0	0	0	0	0	0	0	0	0	0	0	0	0	0	0	0	0	0	0	0	0	0	0	0	0	0	10.4935	0	0	0	0	0	0	0	0	0	0	0	0	0	0	0	0	0	1.22503	0	0	0	0	0	0	0	0	0	0	0	5.84867	0	0	0	0	0	0	0	0	0	0	0	0	3.37344	0	0	0	0	0	0	0	0	0	0	0	0	0	0	0	0	0	0	0	0	0	0	0	0	
0	0	0	0	0	0	0	0	0	0	0	0	0	0	0	0	0	0	0	0	0	0	0	0	0	0	0	0	0	0	0	0	0	0	0	0	0	0	0	0	0	0	0	0	0	0	0	0	0	0	0	0	0	0	0	0	0	0	0	0	0	0	0	0	0	0	0	0	0	0	0	0	0	0	0	0	0	0	0	0	0	0	0	0	0	0	0	0	0	0	0	0	0	0	0	0	0	0	0	0	
0	0	0	0	0	0	0	0	0	0	0	0	0	0	0	0	0	0	0	0	0	0	0	0	0	0	0	0	0	0	0	0	0	0	0	0	0	0	0	0	0	0	0	0	0	0	0	0	0	0	0	0	0	0	0	0	0	0	0	0	0	0	0	0	0	0	0	0	0	0	0	0	0	0	0	0	0	0	0	0	0	0	0	0	0	0	0	0	0	0	0	0	0	0	0	0	0	0	0	0	
0	0	0	0	0	0	0	0	0	0	0	0	0	0	0	0	0	0	0	0	0	0	0	0	0	0	0	0	0	0	0	0	0	0	0	0	0	0	0	0	0	0	0	0	0	0	0	0	0	0	0	0	0	0	0	0	0	0	0	0	0	0	0	0	0	0	0	0	0	0	0	0	0	0	0	0	0	0	0	0	0	0	0	0	0	0	0	0	0	0	0	0	0	0	0	0	0	0	0	0	
0	0	0	0	0	0	0	0	0	0	0	0	0	0	0	0	0	0	0	0	0	0	0	0	0	0	0	0	0	0	0	0	0	0	0	0	0	0	0	0	0	0	0	0	0	0	0	0	0	0	0	0	0	0	0	0	0	0	0	0	0	0	0	0	0	0	0	0	0	0	0	0	0	0	0	0	0	0	0	0	0	0	0	0	0	0	0	0	0	0	0	0	0	0	0	0	0	0	0	0	
0	0	0	0	0	0	0	0	0	0	0	0	0	0	0	0	0	0	0	0	0	0	0	0	0	0	0	0	0	0	0	0	0	0	0	0	0	0	0	0	0	0	0	0	0	0	0	0	0	0	0	0	0	0	0	0	0	0	0	0	0	0	0	0	0	0	0	0	0	0	0	0	0	0	0	0	0	0	0	0	0	2.32565	0	0	0	0	0	0	0	0	0	0	0	0	0	0	0	0	0	0	
0	0	0	0	0	0	0	0	0	0	0	0	0	0	0	0	0	0	0	0	0	0	0	0	0	0	0	0	0	0	0	0	0	0	0	0	0	0	0	0	0	0	0	0	0	0	0	11.79206	0	0	0	0	0	0	0	0	0	0	0	0	0	0	0	0	0	0	0	0	0	0	0	0	0	0	9.59834	0	0	0	0	0	0	0	0	0	0	0	0	0	0	0	0	0	0	0	0	0	0	0	0	0	
