0	0	0	0	0	0	0	0	0	0	0	0	0	0	0	0	0	0	0	0	0	0	0	0	0	0	0	0	0	0	0	0	0	0	0	0	0	0	0	0	0	0	0	0	0	0	0	0	0	0	0	8.75111	0	0	0	0	0	0	0	0	0	0	0	0	0	0	0	0	0	0	0	0	0	0	0	0	0	0	0	0	0	0	0	0	0	0	0	0	0	0	0	0	0	0	0	0	0	0	0	0	
0	0	0	0	0	0	0	0	0	0	0	0	0	0	0	0	0	0	0	0	0	0	0	0	0	0	0	0	0	0	0	0	0	0	0	0	0	0	0	0	0	0	0	0	0	0	0	13.84978	0	0	0	0	0	0	0	0	0	0	0	0	0	0	0	13.35105	0	0	0	0	0	0	0	0	0	0	0	0	0	0	0	0	0	0	0	0	0	0	0	0	0	0	0	0	0	0	0	0	0	0	0	0	
0	0	0	0	0	0	0	0	0	0	0	0	0	0	0	0	0	0	0	0	0	0	0	0	0	0	0	0	0	0	0	0	0	0	0	0	0	0	0	0	0	0	0	0	0	0	0	0	0	0	0	0	0	0	9.28724	0	0	0	0	0	0	0	0	0	0	0	0	0	0	0	0	0	0	0	0	0	0	0	0	0	0	0	0	0	0	0	0	0	0	0	0	0	0	0	0	0	0	0	0	0	
0	0	0	0	0	0	0	0	0	0	0	0	0	0	0	0	0	0	0	0	0	0	0	0	0	0	0	0	0	0	0	0	0	0	0	0	0	0	0	0	0	0	0	0	0	0	11.71492	9.22876	0	0	0	0	0	0	0	0	0	0	0	0	0	0	0	0	0	0	0	0	0	0	0	0	0	0	0	0	0	0	0	0	0	0	0	0	0	0	0	0	0	0	0	0	0	0	0	0	0	0	0	0	
0	0	0	0	0	0	0	0	0	0	0	0	0	0	0	0	0	0	0	0	0	0	0	0	0	0	0	0	0	0	0	0	0	0	0	0	0	8.67804	0	0	0	0	0	12.27953	0	0	0	0	0	0	0	0	0	0	0	0	0	0	0	0	0	0	0	0	0	0	0	0	0	0	0	0	0	0	0	0	0	0	0	0	0	0	0	0	0	0	0	0	0	0	0	0	0	0	0	0	0	0	0	0	
0	0	0	0	0	0	0	0	0	0	0	0	0	0	0	0	0	0	0	0	0	0	0	0	0	0	0	0	0	0	0	0	0	0	0	0	0	0	0	0	0	0	0	0	0	0	0	0	0	0	0	0	0	0	0	0	0	0	0	0	0	0	0	0	0	0	0	0	0	0	0	0	7.20742	0	0	0	0	0	0	0	0	0	0	0	0	0	0	0	0	0	0	0	0	0	0	0	0	0	0	0	
0	0	0	0	0	0	0	0	0	0	0	0	0	0	0	0	0	0	0	0	0	0	0	0	0	0	0	0	0	0	0	0	0	0	0	0	0	0	0	0	0	0	0	0	0	0	0	0	0	0	0	0	0	0	0	0	0	0	0	0	0	0	0	0	0	0	0	0	0	0	0	0	0	0	9.85475	0	0	0	0	0	0	0	0	0	0	0	0	0	0	0	0	0	0	0	0	0	0	0	0	0	
0	0	0	0	0	0	0	0	0	0	0	0	0	0	0	0	0	0	0	0	0	0	0	0	0	0	0	0	0	0	0	0	0	0	0	0	0	0	0	0	0	0	0	0	0	0	0	0	0	0	0	8.61968	0	0	0	13.38086	0	0	10.17619	0	0	0	0	0	0	0	0	0	0	0	0	0	0	0	0	0	0	0	0	0	0	0	0	0	0	0	0	0	0	0	0	0	0	0	0	0	0	0	0	0	
0	0	0	0	0	0	0	0	0	0	0	0	0	0	0	0	0	0	0	0	0	0	0	0	0	0	0	0	5.11552	0	0	0	0	0	0	0	0	0	0	0	0	0	0	0	0	0	0	0	0	0	0	0	0	0	0	0	0	0	0	0	0	0	0	0	0	0	0	7.00124	0	0	0	0	0	0	0	0	0	0	0	0	0	0	0	0	0	0	0	0	0	0	0	0	0	0	0	0	0	0	0	0	
0	0	0	0	0	0	0	0	0	0	0	0	0	0	0	0	0	0	0	0	0	0	0	0	0	0	0	0	0	0	0	0	0	0	0	0	0	0	0	0	0	0	0	0	0	0	0	0	0	0	0	0	0	0	0	8.34318	0	0	0	0	0	0	0	0	0	0	0	0	0	0	0	0	0	0	0	0	0	0	0	0	0	0	0	0	0	0	0	0	0	0	0	0	0	0	0	0	0	0	0	0	
0	0	0	0	0	0	0	0	0	0	0	0	0	0	0	0	0	0	0	0	0	0	0	0	0	0	0	0	0	0	0	0	0	0	0	0	0	0	0	0	0	0	0	0	0	0	0	0	0	0	0	0	0	0	0	0	0	0	0	0	0	0	0	0	0	0	0	10.07499	0	0	0	0	0	0	0	0	0	0	0	0	0	0	0	0	0	0	0	0	0	0	0	0	0	0	0	0	0	0	0	0	
0	0	0	0	0	0	0	0	0	0	0	0	0	0	0	0	0	0	0	0	0	0	0	0	0	0	0	0	0	0	0	0	0	0	0	0	0	0	0	0	0	0	0	0	0	0	0	0	0	0	0	0	4.27167	0	0	0	2.31164	0	0	0	0	0	0	0	0	0	0	0	0	0	0	8.51022	0	0	0	0	0	0	0	0	0	0	0	0	0	0	0	0	0	0	0	0	0	0	0	0	0	0	0	0	
0	0	0	0	0	0	0	0	0	0	0	0	0	0	0	0	0	0	0	0	0	0	0	0	0	0	0	0	0	0	0	0	0	0	0	0	0	0	0	0	0	0	0	0	0	0	0	0	11.37133	0	0	0	14.00047	0	0	0	0	0	0	0	0	0	0	0	0	0	0	8.239	0	0	0	0	0	0	0	0	0	0	0	0	0	0	0	0	0	0	0	0	0	0	0	0	0	0	0	0	0	0	0	0	
0	0	0	0	0	0	0	0	0	0	0	0	0	0	0	0	0	0	0	0	0	0	0	0	0	0	0	0	0	0	12.04256	0	0	0	0	0	0	0	0	10.08505	0	0	0	0	0	0	0	8.21173	0	0	0	0	0	0	0	0	0	6.64556	5.67518	0	10.51661	0	0	11.61242	0	0	0	0	0	0	0	0	0	0	0	0	0	0	0	0	0	0	0	0	0	0	0	0	0	0	0	0	0	0	0	0	0	0	0	0	
0	0	0	0	0	0	0	0	0	0	0	0	0	0	0	0	0	0	0	0	0	0	0	0	0	0	0	0	0	0	0	0	0	0	0	0	0	0	0	0	0	0	0	0	0	0	0	0	0	0	0	0	0	0	6.92044	0	0	0	0	0	0	0	0	0	0	0	0	0	0	0	0	0	0	0	4.94939	0	0	0	0	0	0	0	0	0	0	0	0	0	0	0	0	0	0	0	0	0	0	0	0	0	
0	0	0	0	0	0	0	0	0	0	0	0	0	0	0	0	0	0	0	0	0	0	0	0	0	0	0	0	0	0	0	0	0	0	0	0	0	0	0	0	0	0	17.17989	0	0	0	0	0	0	0	0	0	9.04541	0	0	0	0	0	0	11.37338	0	0	0	0	0	0	0	0	0	0	0	5.59706	0	0	0	0	0	0	0	0	0	0	0	0	0	0	0	0	0	0	0	0	0	0	0	0	0	0	0	0	
0	0	0	0	0	0	0	0	0	0	0	0	0	0	0	0	0	0	0	0	0	0	0	0	0	0	0	0	0	0	0	0	0	0	0	0	0	0	0	0	0	0	0	7.27109	0	0	0	12.97992	0	0	0	6.08595	0	0	0	0	0	0	4.6492	0	0	0	0	0	0	0	0	0	0	0	0	0	0	0	0	0	0	0	0	0	0	0	0	0	0	0	0	0	0	0	0	0	0	0	0	0	0	0	0	0	
0	0	0	0	0	0	0	0	0	0	0	0	0	0	0	0	0	0	0	0	0	0	0	0	0	0	0	0	0	0	0	0	0	0	0	0	0	0	0	0	0	0	10.59954	0	0	0	0	0	0	0	0	0	0	0	0	8.66948	0	0	0	0	0	0	0	0	0	0	1.6575	0	0.34403	0	0	0	0	0	0	0	0	0	0	0	0	0	0	0	0	0	0	0	0	0	0	0	0	0	0	0	0	0	0	0	
0	0	0	0	0	0	0	0	0	0	0	0	0	0	0	0	0	0	0	0	0	0	0	0	0	0	0	0	0	0	0	0	0	0	0	0	0	0	0	0	13.23413	0	0	0	0	0	0	0	0	0	0	0	0	0	0	0	0	0	0	0	0	0	0	0	0	0	0	0	0	0	0	0	0	0	0	0	0	0	0	0	0	0	0	0	0	0	0	0	0	0	0	0	0	0	0	0	0	0	0	0	
0	0	0	0	0	0	0	0	0	0	0	0	0	0	0	0	0	0	0	0	0	0	0	0	0	0	0	0	0	0	0	0	0	0	0	0	0	0	0	0	0	0	0	0	0	0	0	9.5045	0	0	9.50209	0	0	0	0	0	0	0	0	0	0	0	0	0	0	0	0	0	0	0	0	0	0	0	0	0	7.4841	0	0	0	0	0	0	0	0	0	0	0	0	0	0	0	0	0	0	0	0	0	0	0	
0	0	0	0	0	0	0	0	0	0	0	0	0	0	0	0	0	0	0	0	0	0	0	0	0	0	0	0	0	0	0	0	0	0	0	0	0	0	0	0	0	0	0	0	0	0	0	10.17384	0	0	9.64167	10.67016	0	0	0	0	7.38127	0	7.47102	0	9.97236	0	0	0	0	8.95042	0	0	0	0	0	0	0	0	0	0	0	0	0	0	0	0	0	0	0	0	0	0	0	0	0	0	0	0	0	0	0	0	0	0	
0	0	0	0	0	0	0	0	0	0	0	0	0	0	0	0	0	0	0	0	0	0	0	0	0	0	0	0	0	0	0	0	0	0	0	0	0	0	0	0	0	10.49276	0	0	0	0	0	0	0	0	0	0	0	0	0	0	0	0	0	0	0	0	0	0	0	0	0	0	0	0	0	0	0	0	0	0	0	0	0	0	0	0	0	0	0	0	0	0	0	0	0	0	0	0	0	0	0	0	0	0	
0	0	0	0	0	0	0	0	0	0	0	0	0	0	0	0	0	0	0	0	0	0	0	0	0	0	0	0	0	0	0	4.51202	0	0	0	0	0	0	0	0	0	0	0	0	0	0	0	11.4821	0	0	0	0	0	0	0	0	0	0	0	0	0	0	0	3.5575	0	0	0	5.64444	0	0	0	0	0	0	0	0	0	0	0	0	0	0	0	0	0	0	0	0	0	0	0	0	0	0	0	0	0	0	0	0	
0	0	0	0	0	0	0	0	0	0	0	0	0	0	0	0	0	0	0	0	0	0	0	0	0	0	0	0	0	0	0	11.48319	0	0	0	0	0	0	0	0	0	0	0	0	0	0	0	0	0	0	0	0	0	0	0	0	0	0	0	0	0	0	0	0	0	0	0	0	0	0	0	0	0	0	0	0	0	0	0	0	0	0	0	0	0	0	0	0	0	0	0	0	0	0	0	0	0	0	0	0	
0	0	0	0	0	0	0	0	0	0	0	0	0	0	0	0	0	0	0	0	0	0	0	0	0	0	0	0	0	0	0	0	0	0	0	0	0	0	0	0	0	0	0	10.01129	0	0	0	0	0	12.7656	0	0	0	0	8.39489	0	0	0	0	0	0	0	0	0	0	0	0	0	0	0	0	0	0	0	0	0	0	0	0	1.08519	0	0	0	0	0	0	0	0	0	0	0	0	0	0	0	0	0	0	0	0	
0	0	0	0	0	0	0	0	0	0	0	0	0	0	0	0	0	0	0	0	0	0	0	0	0	0	0	0	0	0	0	0	8.90899	0	0	0	0	0	0	0	0	0	0	0	0	0	0	4.8451	0	0	7.76801	0.4756	0	0	0	0	0	0	8.72012	0	0	0	0	0	0	0	0	0	0	0	5.25434	0	0	0	0	0	0	0	0	0	0	0	0	0	0	6.44972	0	0	0	0	0	0	0	0	0	0	0	0	0	0	
0	0	0	0	0	0	0	0	0	0	0	0	0	0	0	0	0	0	0	0	0	0	0	0	0	0	0	0	0	0	0	0	0	0	0	0	0	0	0	9.04615	0	0	0	0	14.78406	0	9.21127	0	0	0	0	0	0	0	0	0	0	0	0	0	0	0	0	0	0	0	0	0	0	3.30572	0	0	0	0	0	0	0	0	0	0	0	0	0	0	0	0	0	0	0	0	0	0	0	0	0	0	0	0	0	0	
0	0	0	0	0	0	0	0	0	0	0	0	0	0	0	0	0	0	0	0	0	0	0	0	0	0	0	0	0	0	0	0	0	0	0	9.10801	0	0	0	0	0	0	0	0	0	0	0	8.64251	0	0	0	0	0	7.28467	0	0	0	0	0	0	9.40254	0	0	0	0	0	0	0	0	0	0	0	0	0	0	0	0	0	0	0	0	0	0	0	0	0	0	0	0	0	0	0	0	0	3.34449	0	0	0	0	0	
0	0	0	0	0	0	0	0	0	0	0	0	0	0	0	0	0	0	0	0	0	0	0	0	0	0	0	0	0	0	0	0	0	0	0	0	0	0	0	0	0	16.29762	0	0	0	0	0	0	0	0	0	0	0	0	0	0	0	0	0	0	0	0	0	0	0	0	0	3.30572	0	0	0	5.81978	0	0	0	0	0	0	0	0	0	0	0	0	0	0	0	0	0	0	0	0	0	0	0	0	0	0	0	0	
0	0	0	0	0	0	0	0	0	0	0	0	0	0	0	0	0	0	0	0	0	0	0	0	0	0	0	0	0	0	0	0	0	0	0	0	0	0	0	0	9.83233	0	0	0	10.74384	0	0	7.24177	0	0	4.31135	12.83499	0	0	0	9.85222	0	0	6.45939	0	6.45053	0	0	0	0	0	0	0	1.38742	0	0	0	0	0	0	0	0	0	0	0	0	0	0	0	0	0	0	0	0	0	0	0	0	0	0	5.60507	0	0	0	0	
0	0	0	0	0	0	0	0	0	0	0	0	0	0	0	0	0	0	0	0	0	0	0	0	0	0	0	0	0	0	0	0	0	0	0	0	0	0	0	0	0	0	0	0	17.37123	0	0	0	0	1.05478	0	0	5.93223	0	0	0	0	8.37797	0	0	0	4.23086	0	0	0	0	0	0	0	0	0	0	0	0	0	0	0	0	0	0	0	0	0	0	0	0	0	0	0	0	0	0	0	0	0	0	0	0	0	0	
0	0	0	0	0	0	0	0	0	0	0	0	0	0	0	0	0	0	0	0	0	0	0	0	0	0	0	0	0	0	0	0	0	0	0	0	0	0	0	0	0	0	0	10.07211	0	0	14.40006	0	0	0	11.81333	0	0	0	0	0	0	0	0	5.9761	0	0	0	0	11.10217	0	0	5.12669	0	0	0	0	9.66196	0	0	0	3.41904	0	0	0	0	0	0	0	0	0	0	0	0	0	0	0	0	0	0	0	0	0	0	0	
0	0	0	0	0	0	0	0	0	0	0	0	0	0	0	0	0	0	0	0	0	0	0	0	0	0	0	0	0	0	0	0	0	0	0	0	0	0	0	0	0	0	0	0	3.86966	0	0	10.20215	0.34403	0	0	9.97856	9.59822	0	0	7.0811	0	0	0	0	0	0	0	0	0	0	0	9.49591	0	0	0	0	0	10.61746	0	0	0	0	0	0	0	0	0	0	0	0	0	0	0	0	0	0	0	0	0	0	0	0	0	0	
0	0	0	0	0	0	0	0	0	0	0	0	0	0	0	0	0	0	0	0	0	0	0	0	0	0	0	0	0	0	0	0	0	0	0	0	0	17.27177	0	0	0	0	0	0	0	0	0	0	4.16741	0	0	6.57458	0	0	10.15896	0	10.04036	0	0	2.40858	0	7.67682	0	0	0	0	0	0	0	0	0	0	0	0	5.2594	1.05478	0	0	0	0	0	0	0	0	0	0	0	0	0	0	0	0	0	0	0	0	0	0	0	0	
0	0	0	0	0	0	0	0	0	0	0	0	0	0	0	0	0	0	0	0	0	0	0	0	0	0	0	0	0	0	0	0	0	0	0	0	0	0	0	0	0	0	13.85543	0	0	11.03246	0	11.7067	0	0	10.8133	0	10.86672	0	9.97892	0	0	0	0	0	0	0	0	10.7922	0	0	0	4.40604	0	0	9.57548	0	0	0	0	0	0	0	1.6575	0	0	0	0	0	0	0	0	0	0	0	0	0	0	0	0	0	0	0	0	0	
0	0	0	0	0	0	0	0	0	0	0	0	0	0	0	0	0	0	0	0	0	0	0	0	0	0	0	0	0	0	0	0	0	0	0	0	0	0	0	0	0	0	0	0	0	0	0	10.20017	11.54484	0	0	11.47325	0	0	0	0	0	0	0	0	0	0	0	0	1.05478	0	0	0	0	0	0	0	0	0	0	0	0	0	0	0	0	0	0	0	0	0	0	0	0	0	7.08397	0	0	0	0	0	0	0	0	0	
0	0	0	0	0	0	0	0	0	0	0	0	0	0	0	0	0	0	0	0	0	0	0	0	0	0	0	0	0	0	0	0	0	0	0	0	0	0	0	0	0	0	0	0	0	0	0	11.07144	0	0	0	0	9.75349	6.69889	0	0	0	0	11.52831	10.77301	0	0	0	0	0	0	0	0	0	0	0	0	0	0	0	0	0	0	0	0	0	0	0	0	0	0	0	0	0	0	0	0	0	0	0	0	0	0	7.52265	0	
0	0	0	0	0	0	0	0	0	0	0	0	0	0	0	0	0	0	0	0	0	0	0	0	0	0	0	0	0	0	0	0	0	0	0	0	0	0	0	0	0	0	7.60279	0	0	0	0	0	0	8.84432	0	6.2558	0	8.84536	0	0	0	0	0	0	0	0	0	0	12.70159	0	0	0	0	0	0	0	0	0	0	0	14.2292	0	0	0	0	0	0	0	0	0	0	0	0	0	0	0	0	0	0	0	0	0	0	0	
0	0	0	0	0	0	0	0	0	0	0	0	11.23401	0	0	0	0	0	0	0	0	0	0	0	0	0	0	0	0	0	9.29901	0	0	0	0	0	0	0	0	0	0	0	8.95827	0	0	0	0	9.78775	0	0	12.99234	0	0	3.59012	8.68372	0	9.71381	0	0	0	0	0	0	9.91032	9.26594	9.75619	0	0	0	0	0	0	0	0	0	0	0	0	0	0	0	0	0	0	0	0	0	0	0	0	0	0	0	0	0	0	0	0	0	0	
0	0	0	0	0	0	0	0	0	0	0	0	0	0	0	0	0	0	0	0	0	0	0	0	0	0	0	0	0	0	0	0	0	0	0	0	0	0	0	0	0	0	0	0	0	12.76268	4.85856	0	3.68382	13.20907	1.38742	9.23337	9.27241	0	12.0228	6.43453	0	0	0	0	12.92633	0	0	0	0	0	0	0	0	5.3518	0	0	0	0	0	0	4.39434	0	0	0	0	0	0	0	0	0	0	0	0	0	0	0	0	0	0	0	0	0	0	0	
0	0	0	0	0	0	0	0	0	0	0	0	0	0	0	9.85349	0	0	0	0	0	0	0	0	0	0	0	0	0	0	0	0	0	0	0	5.91945	10.26034	0	0	0	0	0	0	6.15034	0	10.06051	9.24082	6.54926	4.76162	6.35407	0	0	4.68815	0	12.65439	0	0	0	0	8.03041	0	10.65723	0	7.00751	0	7.78649	0	0	11.18211	0	5.03485	0	0	0	0	10.16131	0	0.85439	0	2.56908	0	0	0	0	0	0	0	0	0	0	9.04025	0	0	0	0	0	0	0	0	0	
0	0	0	0	0	0	0	0	0	0	0	0	0	0	0	0	0	0	0	0	0	0	0	0	0	0	11.8871	0	0	0	0	4.81781	0	0	5.31416	0	0	0	0	0	10.99829	0	0	0	0	0	0	0	9.19993	0	5.88041	10.7812	8.18661	0	11.03375	0	8.43586	0	3.38968	0	1.77572	9.1059	0	0	0	8.35628	0	0	0	0	0	0	0	9.57904	0	0	0	0	0	0	0	0	0	0	0	0	0	0	0	0	0	0	0	0	0	0	0	0	0	0	
0	0	0	0	0	0	0	0	0	0	0	0	0	0	0	0	0	0	0	11.38853	0	0	0	0	0	0	0	0	0	0	0	0	0	0	0	0	0	0	0	0	0	0	0	12.88708	0	0	13.27876	12.44595	10.92803	0	7.51841	8.34379	10.99924	0	0	0	12.78511	0	0	8.14907	6.57607	0	0	12.86671	0	7.38994	0	9.99005	0	0	0	0	0	0	0	0	0	0	0	0	0	0	0	0	0	0	0	0	0	0	8.06072	0	0	0	0	0	0	0	0	0	
0	0	0	0	0	0	0	0	0	0	0	0	7.25399	0	0	0	0	0	0	8.48441	0	0	0	0	0	0	0	0	0	0	0	0	0	6.48485	0	0	0	0	0	0	0	7.91762	12.41163	0	9.153	0	0	3.98844	9.12551	0	3.09451	8.08642	6.79299	7.6717	8.7313	8.84028	5.62722	5.37401	8.68126	0	0	0	0	0	3.18274	0	0	0	0	0	0	0	0	0	0	0	0	0	10.25048	0.34403	0	0	0	0	0	0	0	0	0	0	0	0	0	0	0	0	0	0	0	0	
0	0	0	0	0	0	0	0	0	0	0	0	0	0	0	0	0	0	0	0	0	0	0	13.39842	0	0	0	0	0	0	0	0	0	0	0	0	0	0	12.56545	0	0	0	7.79966	9.82635	0	0	10.42096	5.86935	0	9.16088	8.36692	7.49504	0	0	0	0	0	8.36026	13.22006	11.462	11.52229	0	0	0	7.46663	0	0	0	0	0	0	0	0	0	0	0	0	0	0	0	0	0	0	0	0	0	0	0	0	0	0	0	0	0	0	0	0	0	0	0	
0	0	9.78158	0	0	0	0	0	0	0	0	0	0	0	0	0	0	0	0	0	0	0	0	0	0	0	0	0	0	0	0	0	0	0	0	0	0	0	0	0	9.31149	0	0	0	0	9.66196	0	9.29805	7.67302	11.56427	0	8.51978	9.74989	8.87452	0	10.39831	0	0	4.99884	0.34403	8.49111	0	7.77943	10.28172	0	0	0	0	0	0	0	7.9384	0	0	0	0	3.77179	0	0	0	0	0	0	0	0	0	0	0	0	0	0	0	0	0	0	0	0	0	0	0	
0	0	0	0	0	0	0	0	0	0	0	10.56866	0	0	0	0	0	0	0	0	0	0	0	0	0	0	0	0	0	0	0	0	8.97148	0	0	0	0	9.46445	12.78962	4.74722	4.21001	7.97231	0	0	12.59371	7.79082	10.66378	5.23465	10.93591	0	11.21386	0	3.2947	5.80487	0	10.62738	4.53085	9.70406	0	0	0	0	0	0	0	0	0	7.88347	0	0	0	0	6.53257	0	0	7.5643	0	0	10.27421	0	0	0	0	0	0	0	0	0	0	0	0	0	0	0	0	7.30172	0	0	0	0	
0	0	0	0	0	0	0	0	0	0	0	0	0	0	0	0	0	0	0	0	0	0	0	0	0	0	0	0	0	0	0	0	0	0	2.17037	7.8752	0	0	0	7.77411	0	13.10296	0	10.31554	14.8517	10.35295	7.18654	8.63318	3.4214	10.6707	10.12205	10.3704	0.62171	9.51319	0	0	8.60624	0	0	6.28063	7.54571	0	0.62171	0	0	0	0	0	0	0	0	0	0	0	0	0	0	0	5.14876	0	0	0	0	0	0	0	0	10.12804	0	0	0	0	0	0	0	0	0	0	0	0	
0	0	0	0	0	0	0	0	10.07536	0	9.82592	0	0	0	0	0	0	0	0	0	0	0	0	0	0	0	9.43322	0	0	0	0	0	0	0	0	3.98311	0	11.55804	11.93602	0	9.54855	9.84844	0	8.94885	0.34403	11.90126	8.13068	7.34196	9.51099	9.08563	0	7.26984	0	0	0	0	8.88176	3.48993	0	0	0	0	0.85439	0	0	0	10.95883	0	0	0	0	0	0	0	0	0	0	0	0	0	0	0	0	0	0	0	0	0	0	0	0	0	0	9.18414	0	0	0	0	0	0	
0	0	0	0	0	0	0	0	0	0	0	12.0155	0	0	13.79625	0	0	0	0	0	0	0	0	0	0	0	0	0	0	0	0	10.7513	0	0	7.25653	0	10.3269	0	0	10.10741	0.85439	0	10.11909	10.19815	10.86259	7.53858	10.45697	9.27842	5.06333	9.06228	7.22478	9.57561	10.45833	8.38162	0	7.33323	11.096	0	0	6.48997	9.53938	5.96562	0	8.53975	0	0	0	0	0	0	0	0	0	2.25423	0	7.77179	0	0	0	0	0	0	0	6.07164	0	0	0	0	0	0	0	0	0	0	0	0	0	0	0	0	
0	0	0	0	0	0	0	0	0	0	0	0	12.51582	0	0	0	0	0	0	0	0	0	0	0	0	0	0	0	0	9.85726	0	0	8.66278	0	10.74316	0	11.76077	0	11.50046	10.613	11.20277	11.51673	10.39842	9.08502	8.03467	4.85323	9.87164	10.49923	7.20215	9.35375	10.09691	11.40238	9.48619	5.77338	6.69768	6.91444	9.87174	0	0	10.23025	6.33013	0	0	0	0	0	0	0	0	0	0	0	0	10.1011	0	0	0	0	0	0	10.46633	0	0	0	0	0	0	0	0	0	0	0	0	0	0	0	0	0	0	0	
0	0	0	0	0	0	0	12.28794	0	0	0	10.45671	0	0	0	0	0	0	0	0	0	0	0	0	0	0	0	8.43474	0	0	6.00059	0	12.80479	0	0	0	10.10741	9.2308	8.75769	9.62458	9.62735	6.4838	0	10.86087	10.36566	10.04162	8.85979	9.02213	10.71516	9.42743	4.58013	9.25875	10.13011	7.68817	8.29173	5.98138	10.9502	5.34154	4.24383	9.7161	5.61522	11.07144	5.50594	0	11.43404	0	0	0	0	0	0	0	0	9.28288	0	0	0	0	0	0	0	0	0	0	0	0	0	0	0	0	0	0	0	0	0	0	0	0	0	0	
12.49847	0	0	0	0	0	0	0	8.23419	0	0	0	7.76878	0	0	0	0	0	0	0	0	0	0	0	11.74002	0	0	7.41292	0	0	0	0	13.58671	0	11.12763	8.617	0	3.79996	10.24859	9.09949	8.79464	9.78952	6.3813	10.34988	11.77421	10.05641	8.75382	9.97122	7.13883	3.00835	10.38904	6.12254	5.56884	5.22668	11.33125	8.66902	11.91896	7.17385	0	10.82579	0.34403	1.38742	0	6.42122	0	7.19686	0	0	0	0	0.34403	0	0	0	0	0	0	0	0	0	0	0	4.92486	0	0	8.54604	0	0	0	0	0	0	0	0	0	0	0	0	0	0	
0	0	0	11.71307	0	0	0	0	0	0	0	0	0	0	0	0	0	0	8.32633	0	0	12.50951	0	6.83785	11.37953	9.24944	0	0	10.1329	8.45481	12.48992	0	14.51534	0	0	1.05478	0	10.20338	11.46785	8.53916	9.48471	6.95414	8.96819	9.58183	9.42168	9.72221	8.56792	9.52047	10.12639	6.04231	9.87819	7.99578	10.459	7.47269	7.9077	9.62665	0	4.77896	5.41759	8.67769	0	1.77572	8.46144	0	0	0	0	0	0	5.59706	0	0	5.48005	0	2.25423	8.32875	12.45677	5.53178	0	1.05478	0	0	0	0	0	0	0	0	0	0	0	0	0	0	0	0	0	0	0	0	
9.70868	0	0	0	11.82612	6.96523	0	0	0	0	0	0	0	0	0	0	0	9.86478	0	0	0	0	0	0	9.34156	0	10.18174	9.69605	0	13.83585	9.87901	0	0	0	9.84379	9.67913	6.36605	10.21434	10.58974	9.86372	8.66507	9.03189	9.53486	9.43584	9.09217	9.35212	10.00182	7.99944	8.59436	9.74688	5.47214	9.77961	11.832	8.17507	9.66058	9.16169	9.93566	3.94237	8.7592	9.17372	13.5752	0	6.38398	9.80783	9.78246	10.2923	9.63804	0	0	0	0	0	0	0	6.69889	0	0	0	0	0	0	0	0	0	0	0	0	0	0	0	0	0	0	0	0	0	0	0	0	0	
0	0	0	0	0	0	0	0	8.92906	0	9.42702	0	0	0	0	0	9.74219	11.53466	9.64459	7.72904	11.40482	6.29442	0	0	0	12.40362	0	9.34873	8.72448	11.079	0	10.17216	11.53688	9.26631	9.67531	9.46436	7.97027	7.59246	10.39261	10.3257	9.85556	9.10779	6.315	8.4611	9.67042	8.38432	8.60693	8.99734	9.61985	7.83569	8.14092	11.02226	7.69898	7.94101	5.83758	6.45196	4.89494	8.97148	0	10.61796	4.15797	9.34873	8.92179	0	7.97946	11.49401	9.39967	0	0	0	0	5.33357	0	0	7.39456	0	0	0	8.74025	0	0	0	0	0	0	7.17283	0	0	0	0	0	0	0	0	0	2.61294	0	0	0	0	
0	9.14074	0	0	3.5575	6.89121	0	0	0	0	0	0	0	0	7.12352	8.51128	0	10.83856	9.92825	0	5.48873	0	6.31556	0	0	0	0	0	10.18867	10.30495	8.0484	0	12.59232	6.02829	9.45884	8.20389	9.43264	9.57285	8.7059	9.26603	9.12799	8.81057	9.03493	8.82547	9.16666	8.97789	8.91647	9.55916	8.66337	7.70138	7.33201	8.48714	8.06769	7.7194	8.4647	8.888	6.9521	7.95459	8.11278	6.18138	0	8.41666	0	12.36665	9.25788	0.62171	5.97642	4.51202	0	0	0	0	0	0	0	3.74305	0	0	0	0	9.85534	0	0	0	0	0	0	0	0	0	0	0	0	0	0	0	0	0	0	0	
0	10.95079	9.35882	0	9.71049	0	0	0	0	0	8.24157	0	0	0	8.71643	7.30893	0	5.02294	0	0	7.82298	7.63833	9.74301	8.34902	10.59327	7.3783	0	6.26995	10.31718	8.43803	11.7004	10.41035	11.11687	11.13166	10.39843	9.00003	8.72012	9.15341	8.62743	8.42217	8.47211	8.43137	7.8964	7.3582	7.88505	7.68796	8.94771	7.90457	9.17544	8.20475	7.46835	9.52073	8.50542	8.10815	7.80117	6.922	7.31595	4.52365	8.33806	6.26593	0	8.42865	10.18973	9.74554	2.10501	1.88495	0.62171	0	0	0	0	7.53519	0	2.61294	9.33796	0	7.78296	0	0.34403	0	0	0	0	5.00489	0	1.59137	0	0	0	0	0	0	0	0	0	0	0	0	0	0	
0	0	0	0	0	0	0	0	8.57584	0	10.39802	11.89436	0	0	0	0	0	0	10.85123	0	10.87688	0	0	0	0	7.75625	10.45667	0	4.00748	8.49091	6.67785	9.48348	7.03147	9.28668	9.94708	8.89804	8.51048	8.70744	9.43981	9.45234	7.13042	8.51865	8.70736	7.66807	7.9778	8.78441	7.99002	8.00773	8.98627	8.5477	8.96865	8.22918	7.77541	8.43915	7.46106	8.89783	8.6577	9.19131	10.38297	8.35943	9.56553	4.5301	10.40998	6.57173	0	8.51184	0	8.9698	0	0	0	0	0	0	0	0	0	0	1.38742	0	0	9.96499	0	0	0	0	0	8.6048	5.0815	6.7647	0	0	0	0	0	0	0	0	0	0	
0	0	0	0	0	0	0	0	9.99081	7.21005	2.50688	2.61294	0	13.08942	0	0	0	8.33358	11.38563	4.99035	0	0	0.34403	9.42193	9.86353	12.54121	9.41113	9.36797	6.41647	10.03155	0	7.80662	4.80684	4.96542	6.34197	9.62273	10.32041	6.74335	7.99804	6.08579	7.00575	8.66355	8.94062	9.53307	7.37089	8.74009	9.00476	7.95684	6.91658	9.17076	7.61071	7.79118	7.3517	7.67423	8.72118	8.50178	6.78465	9.85213	8.54497	7.63436	6.04808	11.12889	9.295	7.3187	4.08864	8.65771	9.38579	0	0	0	0	0	0	9.89571	9.44831	0	0	0	13.03606	0	0	0	0	0	0	0	0	0	9.24496	0	1.05478	0	0	0	0	0	0	0	0	0	
0	0	12.03684	8.91482	0	4.85856	0	2.33345	6.33495	0	0	0	0	0	0	0	0	8.14716	0	0	0	0	0	11.80304	0	8.87711	0	9.46003	9.13591	8.1501	0	9.69941	0	6.24046	5.87506	8.08073	7.81786	6.68951	3.74896	8.91926	7.30062	8.61043	7.95172	8.20439	8.06637	8.22875	6.65987	8.61753	8.78242	7.61805	8.25208	8.3886	8.24209	8.33254	7.91473	6.32935	7.72041	7.01754	7.92917	6.59293	10.82219	9.07031	6.39569	9.61863	6.65763	0	0	6.41033	5.94491	4.69687	4.42231	0	9.63338	0	0.17202	0	6.49263	0	0	0	0	0	4.18176	0	0	0	0	0	0	0	0	0	0	0	0	0	0	0	0	0	
0	0	0	0	0	0	0	0	0.85439	0	9.02392	9.51993	8.66676	0	13.24665	0	0	9.09101	0	6.17743	0	0	0	0	0	0	7.94469	5.9884	7.03694	0	9.56679	7.53594	6.43759	8.04217	5.30133	8.98498	9.19749	8.0599	7.75877	8.86903	9.10446	7.00275	6.45475	5.62897	6.90433	8.60029	5.41754	5.69175	8.08657	5.72515	8.44135	9.70362	9.39109	7.81591	6.80006	6.56107	6.14032	7.40612	8.91105	8.23017	7.10429	6.20805	10.25903	6.61961	0	5.86102	6.281	4.80794	0	0	8.50488	0	6.40025	3.39728	0	13.2406	0	0	0	0	0	0	0	0	0	0	0	0	6.91042	0	0	0	0	0	0	0	0	0	0	0	
0	0	0	0	0	0	0	0	0	9.99995	0	0	4.93676	0	0	0	0	0	0	0	0	0	0	8.6007	0	0	7.8002	0	0	4.60239	6.18166	0	0	9.38085	8.30438	6.37763	7.98972	0.62171	0.62171	9.15988	5.08457	12.54817	6.23403	5.22149	8.58518	9.46337	6.62973	7.90948	9.35656	5.64158	7.43719	9.0703	6.47428	6.06952	8.60541	7.00576	7.95781	6.69514	4.48554	7.7555	7.37216	6.06496	3.42665	10.25088	7.88156	5.7882	9.23274	10.65047	6.9668	0	0	10.3937	0	5.21303	0	4.34997	8.44816	0	0	0	0	0	0	0	9.5932	0	0	1.05478	0	0	0	9.08029	0	0	0	0	7.1263	0	0	0	
0	0	0	0	0	0	0	0	0	0	0	12.86993	0	0	0	0	0	8.18155	12.99448	0	0	0	0	2.7347	0	0	0	7.02552	0	0	0	0	6.5779	5.50963	5.1627	0	5.81089	8.23627	1.54726	1.12091	6.76417	8.3334	7.32769	1.30647	0	9.19548	7.09476	6.83926	8.21711	6.31486	8.35212	11.03942	8.12769	4.56167	6.62958	5.56672	6.93254	6.71701	7.34093	8.53156	7.52948	5.85519	0	6.56052	8.05635	0	6.56473	8.617	8.83349	8.6739	0	0	1.23063	3.00052	0	10.2412	0	9.16734	0	0	0	7.54215	0	0	0	0	0	0	0	0	0	0	0	0	0	0	0	0	0	0	
0	0	0	0	6.65248	0	0	0	0	0	9.53625	0	0.34403	0	0	10.11514	0	0	7.89004	0	5.27415	6.1558	0	0	0	9.92957	7.82298	0	0	5.56222	0	7.96614	12.26957	0	0	6.43265	9.62652	10.92324	10.98742	11.99634	6.58181	8.31295	6.69155	9.52627	3.62317	6.83335	12.45012	4.63781	8.40314	8.44349	8.48396	6.19562	8.08429	7.82445	5.7523	8.03737	7.13364	8.6207	3.71921	7.62813	5.56224	8.13999	5.49963	4.87986	8.20129	0	8.16459	9.21258	0	3.8276	9.23485	9.33796	6.94538	11.9978	8.58623	0	6.17054	0	0	0	8.45371	0	0	3.2249	0	1.52877	0	0	0	2.33345	0	0	0	0	0	0	0	0	0	0	
0	0	0	0	0	0	0	0	0	0	0	7.1889	2.8143	0	0	8.46585	0	0	0	3.74305	7.64611	0	1.05478	0	0	0	0	0	0	5.1976	7.40377	7.70503	0	0	0	8.15424	0	0	0	5.39949	3.82648	7.77332	4.36758	5.64959	7.15614	4.6059	6.24354	7.6475	6.10131	3.68496	0	0	8.0857	10.38754	0.62171	7.54275	8.59509	7.73631	6.63145	6.39148	8.67504	7.37415	8.21108	7.67672	6.77969	5.71362	4.76162	9.16263	1.38742	9.20278	0	6.69599	7.35624	9.60022	9.70961	0	4.27167	0	8.33237	0	0	0	0	0	0	0	0	0	0	0	0	0	0	0	0	0	0	0	0	0	
0	0	0	7.64999	0	0	0	0	0	0	0	0	0	0	0	0	0	0	0	0	0	0	10.73087	0	0	0	7.62349	9.732	10.02701	5.91945	0	0	1.6575	0	0	9.98307	0	1.05478	6.69139	3.0003	5.2326	0	1.38742	0	2.9495	10.74814	7.77627	6.7647	6.90634	5.07267	7.06067	7.91261	8.53855	8.81758	8.85556	7.34622	8.6519	5.89749	7.92865	6.90495	8.25484	9.88671	8.14115	8.59049	7.70094	8.53157	5.36825	6.64167	9.64539	9.05371	5.88367	8.7398	6.21729	1.14441	8.11326	0	11.49023	0	7.01303	9.60522	2.12568	7.5684	10.29013	0	0	0	0	0	0	0	0	0	0	0	0	0	0	0	0	14.46453	
0	0	5.05243	0	0	0	0	0	0	0	0	0	0	0	0	0	0	0	0	0	6.38695	0	0	0	0	11.33824	0	9.09444	0	8.69408	0	9.71008	8.23126	0	5.91302	0	0	7.10894	6.18975	0	6.31556	0	0	8.15979	11.72655	8.94255	3.38414	4.75288	7.50136	7.26166	9.50508	10.07751	7.83856	9.13557	6.27511	9.31249	0	6.31191	7.14811	7.79316	4.00591	5.70005	7.0289	3.23543	4.78523	8.89521	5.9541	0	8.52142	4.98534	5.64765	7.13353	5.9857	8.30944	2.33345	0	6.54231	0	1.60541	6.25071	0	5.88401	0	0	0	0	0	0	6.95808	0	0	0	0	0	0	0	4.03144	0	0	0	
0	0	0	0	3.74305	0	0	0	0	0	0	0	8.51341	0	0	0	0	0	0	0	9.2424	5.91945	0	0	0	0	0	7.09941	0	0	0	0	10.53291	0	0	0	7.77411	0	2.25423	8.70623	0	0	4.08863	0	10.16676	0	5.42063	8.48006	1.05478	6.35809	6.89121	8.15897	8.7717	5.78563	9.35518	2.64228	0	6.48962	5.27582	2.0195	7.70315	7.62607	8.73121	7.17202	6.10309	9.70335	7.98123	4.196	7.5395	6.52412	7.95322	0	0	9.47906	0	7.62568	4.87291	5.68763	0	0	0	0	0	0	5.88699	0	0	0	0	0	0	0	0	0	0	0	8.15561	0	0	0	
0	0	0	0	0	0	0	0	7.65578	0	0	0	2.17037	0	0	0	9.36296	2.84697	6.84125	0	0	0	0	0	4.51531	0	0	0	0	0	0	0	0	0	7.82298	8.61403	0	9.35646	0	0	0	0	4.93676	10.03888	0	9.95569	9.97854	8.25435	0	4.12908	0	9.18547	9.53415	9.4838	0	6.4986	0	5.84554	0	5.38965	8.69134	6.57395	5.67097	8.13916	4.94714	6.58925	6.78753	5.77895	9.96071	6.91795	8.04908	6.63346	6.07185	6.76112	7.97503	4.46969	9.23348	9.02392	0	0	7.63443	10.161	10.2788	0	4.78213	0.85439	8.12392	4.77587	8.09579	0	2.16607	0	0	9.43303	0	0	0	0	0	0	
0	0	0	0	0	0	0	0	0	0	0	0	0	0	0	0	0	0	0	0	6.87609	0	0	0	0	0	0	0	0	7.58063	0	0	0	0	4.81781	0	0	0	0	0	8.17725	0	8.49845	8.83178	6.03194	0	0	5.57277	3.77179	5.97002	10.22149	0	0	1.56965	3.29212	7.69585	0	0	7.97722	9.31647	10.58114	6.71316	4.65217	6.07405	7.70206	8.75833	4.82364	4.44491	7.12839	5.93563	10.35621	7.42178	4.75382	5.78761	6.07738	0	3.67585	0	5.83723	0	0	0	3.13929	0	0	0	8.19517	0	0	0	0	0	0	0	0	0	0	0	0	0	
0	0	0	0	7.36658	0	0	0	0	0	0	1.05478	0	5.4537	0	0	0	0	0	0	0	0	0	0	0	0	0	0	0	0	0	0	0	0	0	0	0	0	0	8.33726	0	0	6.3823	0	5.93215	0	0.94248	6.42363	0	0	5.2945	0	0	0	8.57584	0	0	1.05478	0	9.14897	6.49437	0	7.30136	7.28985	7.40151	0	2.1938	3.91601	9.19686	6.88312	10.92793	8.87159	8.3089	5.37318	0	0	4.16378	5.20252	6.85406	7.767	7.64999	9.20404	1.23063	0	2.17037	0	6.40081	9.39298	0	4.82402	0	0	0	0	7.44002	0	0	0	0	0	
0	0	0	0	0	0	0	0	0	0	0	0	0	0	0	0	0	6.58031	0	0	0	8.92826	10.41833	0	0	0	8.32754	0	0	0	0	0	0	8.22685	6.53747	0	0	0	0	0	0	0	0	0	0	0	0	0	0	0	4.98664	0	0	0	0	8.78535	9.06172	8.82031	7.07535	7.26413	0	6.25869	6.13465	0	8.9764	6.40686	7.75002	7.34671	5.14984	4.70197	8.29289	6.34873	6.51799	4.75011	8.62376	8.44957	4.85629	0	10.40406	9.85993	0	0	6.73935	0	5.9512	9.56988	6.35407	4.71799	0	10.98982	0	0	0	0	0	0	7.84241	0	0	0	
0	0	0	0	0	0	0	0	6.74981	0	0	0	0	0	0	0	0	0	0	0	0	0	0	0	0	0	0	1.23063	0	0	0	0	0	0	0	0	0	0	0	9.19633	0	0	0	0	0	5.799	0	7.29663	9.86395	0	0	9.11994	0	0	0	0	0	0	8.57222	0	8.22214	0	8.16969	9.54843	5.85233	4.29696	5.21068	0	0	5.6854	9.15637	6.43265	9.18115	5.71015	5.02318	9.43911	2.21785	0	0	6.05311	7.05892	7.85556	10.28328	10.48103	8.22636	0	0.34403	0	0	0	5.58901	0	9.54626	0	0	0	0	0	0	0	
0	0	0	0	0	0	0	0	0	0	0	0	0	8.95121	0	0	0	0	0	2.25423	0	0	0	0	0	3.71977	0	0	0	0	0	0	0	0	8.65413	0	0	8.35853	0	0	10.07463	0	3.8276	11.83413	2.25423	0	0	0	0	0	8.24542	7.45339	0	0	4.97433	0	0	0	0	7.72038	4.76337	0	5.35511	8.29203	7.37128	4.4457	9.37748	7.77234	0.85439	5.02862	6.35829	0	7.35707	5.97394	10.767	7.15262	4.47583	5.79665	8.15856	4.72673	0	6.21055	9.79651	4.31924	4.3033	0	0	6.81042	5.20628	0	10.37831	0	0	8.43699	0	0	0	0	3.84628	0	
0	0	0	0	0	0	0	8.14329	0	0	0	0	0	0	0	0	0	0	0	0	0	0	8.25308	0	0	0	0	0	9.51037	0	0	0	0	0	9.9913	0	0	4.6422	0	0	0	1.88495	0	0	0	0	10.18945	0	0	0	0	0	10.82962	0	0	0	5.2928	4.74722	0	5.33906	8.79673	0	0	6.60673	0	4.47755	0	8.39088	6.92737	10.38733	6.95938	7.4661	7.52265	4.38635	8.43474	6.90573	3.42074	6.40081	6.70489	6.58089	8.5449	8.30434	4.90995	0	7.25494	0	2.33345	3.63358	0	0	10.0455	8.97449	0	0	0	0	7.72353	0	0	0	
0	0	0	0	0	0	0	0	1.6575	0	0	0	0	0	0	0	0	0	0	0	0	0	0	0	0	0	0	0	0	0	0	0	0	0	0	0	0	5.74526	0	0	0	0	0	0	0	0	0	0	0	6.9646	0	5.76024	0	3.83151	0	0	4.98664	6.28856	0	0	4.00748	0	8.62687	11.89058	7.67111	7.47317	0	0	8.83446	7.15296	0	1.52877	6.52886	9.7385	8.39973	7.83676	0	3.83034	4.41214	6.87378	3.66394	10.59929	5.6599	0	0	0	4.89645	0	0	0	0	0	5.48479	7.48301	12.65541	0	0	0	0	0	
0	0	0	0	0	0	0	9.15444	0	0	0	0	0	0	0	0	0	0	0	0	0	0	0	0	0	0	0	0	0	0	0	0	0	0	0	0	0	4.22999	0	7.67492	0	0	0	0	0	0	0	0	0	0	5.11345	0	0	9.54303	6.23732	0	0	7.30473	9.57752	12.26602	0	0.62171	0	7.31801	8.56862	9.39794	0	0	7.86013	4.88504	7.8953	4.67051	4.21745	8.44398	4.98664	7.65742	6.8804	0	8.1026	5.91133	7.78716	10.03666	4.01589	7.65052	4.69207	0	0	1.09893	0	0	8.34318	0	0	0	0	1.65811	0	0	0	0	
0	0	0	0	0	0	0	0	0	0	0	0	0	0	0	0	0	0	0	0	0	0	0	0	0	10.31718	0	0	0	0	0	0	0	0	0	0	0	4.87189	0	0	0	0	0	0	9.59471	0	0	0	9.45774	0	0	0	0	0	0	3.34449	0	0	0	0	0	0	8.18221	0	0	6.98024	4.68515	8.34691	0	7.74212	3.75889	0	7.86306	0	8.56254	6.55247	7.33804	6.54708	5.61248	6.42885	5.43092	0	6.19653	0	8.30191	6.46818	0	0	0	0	10.54701	0	0	0	0	0	0	3.8276	0	0	
0	0	0	0	0	0	0	0	0	0	0	0	2.17037	0	0	0	0	0	0.34403	0	0	0	0	0	0	0	0	0	0	0	0	0	0	0	0	0	0	0	0	0	0	0	0	0	0	0	0	7.12908	0	0	2.54799	0	9.0564	0	0	0	0	0	0	5.80316	0	0	0	5.49832	3.41904	8.18795	8.61109	0	11.34064	0	0	9.24688	0	0	0	2.67677	7.35696	9.44261	5.77861	5.63505	0	5.9631	5.31323	3.73321	5.62362	4.71308	4.9975	0	9.03359	0	0	0	0	6.80696	0	0	0	0	0	0	
0	0	0	0	0	0	0	0	0	0	0	0	0	0	0	0	0	0	0	0	0	0	0	0	0	0	0	0	0	0	0	0	10.37011	0	0	0	0	0	0	0	1.98652	0	0	0	0	0	0	0	0	0	0	0	0	0	0	0	5.68895	0	0	0	9.20191	0	0	5.29371	0	7.68817	0	0	5.77169	0	0	0	9.6989	0	0	1.6575	0	0	3.98597	9.63504	9.1995	7.15658	9.6097	0	2.17037	0	0.34403	0	2.17037	0.34403	7.67379	5.07887	5.55242	0	0	0	0	0	0	0	
0	0	0	0	0	0	0	2.26	0	0	0	0	0	0	0	0	0	0	0	0	0	0	0	0	0	0	0	7.01354	0	0	0	0	0	0	0	0	0	0	0	0	0	0	0	0	0	0	0	0	0	0	0	0	0	0	0	0	0	0.85439	0	0	0	0	0	0	0	0	0	0	0	0	3.14781	4.28094	5.74605	1.23063	0	7.69381	6.29096	0	9.85205	4.34997	0	7.23242	0	6.08887	1.98652	8.41927	0	8.95747	0	2.84697	0	0	0	0	0	10.06487	0	0	0	0	
0	0	0	0	0	0	0	0	0	0	0	0	0	0	0	0	0	0	0	0	7.42201	0	0	0	0	0	0	0	0	0	2.79192	0	0	0	0	0	0	0	0	0	0	0	0	0	0	0	0	0	0	0	0	0	0	0	0	0	0	0	0	11.56062	0	0	0	0	7.16743	8.70437	8.58498	5.80701	0	0	0	0	0	0	0	4.42425	5.50704	1.38742	0	0	3.69959	0	0	0	6.13449	5.2945	7.41144	5.3985	8.80423	0	6.47258	6.69889	8.51022	11.69713	0	7.65578	0	0	0	0	
0	0	0	0	0	0	0	0	0	0	0	0	0	0	0	0	0	0	0	0	0	0	0	0	0	0	0	0	0	0	0	0	0	0	0	0	0	0	0	0	0	0	0	0	0	0	0	0	6.48997	0	0	0	0	0	0	0	0	0	0	0	0	0	0	0	0	0	0	0	0	8.70809	12.03341	9.80262	6.58391	0	8.98917	7.81782	0	10.67302	3.74305	0	0	8.0393	9.34216	0	4.45288	0	2.47995	0	0	5.56155	0	1.62302	7.28379	0	4.57858	0	0	0	0	0	
0	0	0	0	0	0	0	0	0	0	0	0	0	0	0	8.37965	0	0	0	0	0	0	0	0	0	0	0	0	0	0	0	0	0	0	9.21127	0	0	0	0	0	0	0	0	0	0	0	0	0	0	0	0	0	0	0	0	0	0	0	0	0	0	0	0	0	0	0	0	6.4638	0	0	0	0	0	10.15658	0	0	0	0.69371	0	0	0	3.98311	0	0	6.0204	0	9.29348	4.10381	7.93519	10.21271	9.35942	0	8.50274	0	0	0	0	0	0	0	
0	0	0	0	0	0	0	0	0	0	0	0	0	0	0	0	0	0	0	0	0	0	0	0	0	0	0	0	0	0	0	0	0	0	0	0	0	0	0	0	0	0	0	0	0	0	0	0	9.35349	1.77572	0	0	0	0	0	0	0	0	0	10.82791	0	0	0	0	0	6.35377	0	0	0	0	0	5.52294	0	0	0	0	0	12.49234	0	6.39458	11.25021	0	0	7.98051	0	0	0	0	0	0	0	0	0	0	0	0	0	0	0	0	
0	0	0	0	0	0	0	0	0	0	0	0	0	0	0	0	0	0	0	0	0	0	0	0	0	0	0	0	0	0	0	0	0	0	0	0	0	0	0	0	0	0	0	0	0	0	0	0	0	0	0	0	0	0	0	4.73408	0	0	13.65253	0	0	0	0	0	3.38225	0	0	0	0	0	0	11.06511	0	8.02744	0	0	8.46585	0	0	0	5.40582	6.39739	4.75693	8.51461	0	0	0	8.69689	9.05889	0	0.85439	12.70398	12.12682	0	0	0	0	0	0	0	
0	0	0	0	0	0	0	0	0	0	0	0	0	0	0	0	0	0	0	0	0	0	0	0	0	0	0	0	0	0	0	0	0	0	0	0	0	0	0	0	0	0	0	0	0	0	0	0	0	0	0	0	0	0	0	0	0	0	0	0	0	0	0	0	0	0	0	0	0	0	0	0	0	0	0	0	0	0	0	0	0	0	0	0	0	0	0.62171	0	0	0	0	10.11514	0	0	0	0	0	0	0	0	
0	0	0	0	0	0	0	0	0	0	0	0	0	0	0	0	0	0	0	0	0	0	0	0	0	0	0	0	0	0	0	0	0	0	0	0	0	0	0	0	0	0	0	0	0	0	0	0	0	0	0	0	0	0	0	0	0	0	0	0	0	0	0	0	0	0	0	0	0	0	9.27416	0.34403	0	0	0	0	0	0	0	11.08289	0	0	0	9.08172	0	0	0	1.52877	0	0	6.2149	10.36068	0	0	0	0	0	0	0	0	
0	0	0	0	0	0	0	0	0	0	0	0	0	0	0	0	0	0	0	0	0	0	0	0	0	0	0	0	0	0	0	0	0	0	0	0	0	0	0	0	0	0	0	0	0	0	0	0	0	0	0	0	0	0	0	0	0	0	0	1.38742	0	0	0	0	0	0	0	0	0	0	5.57277	0	0	0	0	0	0	0	0	0	0	0	0	0	0	0	7.39687	0	0	0	0	0	0	0	0	0	0	0	0	0	
0	0	0	0	0	0	0	0	0	0	0	0	0	0	0	0	0	0	0	0	0	0	0	0	0	0	0	0	0	0	0	0	0	0	0	0	0	0	0	0	0	0	0	0	0	0	0	0	0	0	0	0	0	0	0	0	0	0	0	0	0	0	0	0	0	0	0	0	0	9.12342	4.78998	0	0	0	0	0	0	0	9.77716	0	0	0	0	0	0	0	0	0	7.33564	5.20252	0	0	0	0	0	0	0	0	0	0	
0	0	0	0	0	0	0	0	0	0	0	0	0	0	0	0	0	0	0	0	0	0	0	0	0	0	0	0	0	0	0	0	0	0	0	0	0	0	0	0	0	0	0	0	0	0	0	0	0	0	0	0	0	0	0	0	0	0	0	0	0	0	0	0	0	0	0	0	0	0	0	0	0	0	0	0	0	0	0	0	0	0	0	0	0	0	0.85439	0	0	0	0	0	0	0	0	0	0	0	0	0	
0	0	0	0	0	0	0	0	0	0	0	0	0	0	0	0	0	0	0	0	0	0	0	0	0	0	0	0	0	0	0	0	0	0	0	0	0	0	0	0	0	0	0	0	0	0	0	0	0	0	0	0	0	0	0	0	0	0	6.38695	0	0	0	0	0	0	0	0	0	0	0	0	0	0	0	0	7.38994	0	0	0	0	0	0	0	0	0	0	0	0	0	0	0	0	0	0	0	0	0	0	0	0	
0	0	0	0	0	0	0	0	0	0	0	0	0	0	0	0	0	0	0	0	0	0	0	0	0	0	0	0	0	0	0	0	10.02552	0	0	0	0	0	0	0	0	0	0	0	0	0	0	0	0	0	3.04827	0	0	0	0	0	0	0	0	0	0	0	1.38742	0	0	0	0	0	0	0	0	0	0	0	0	3.95833	0	0	0	0	0	0	0	0	0	0	0	0	0	0	0	0	0	0	0	0	0	0	0	0	
0	0	0	0	0	0	0	0	0	0	0	0	0	0	0	0	0	0	0	0	0	0	0	0	0	0	0	0	0	0	0	0	0	0	0	0	0	0	0	0	0	0	0	0	0	0	0	0	0	0	0	0	0	0	0	0	0	0	0	0	0	0	0	0	0	0	0	0	0	0	0	0	0	0	0	0	0	0	0	0	0	0	0	0	0	0	0	0	0	0	0	0	0	0	0	0	0	0	0	0	
0	0	0	0	0	0	0	0	0	0	0	0	0	0	0	0	0	0	0	0	0	0	0	0	0	0	0	0	0	0	0	0	0	0	0	0	0	0	0	0	0	0	0	0	0	0	0	0	0	0	0	0	0	0	0	0	0	0	0	0	0	0	0	0	0	0	0	0	0	0	0	0	0	0	0	0	0	0	0	0	0	0	0	0	0	0	0	0	0	0	0	0	0	0	0	0	0	0	0	0	
0	0	0	0	0	0	0	0	0	0	0	0	0	0	0	0	0	0	0	0	0	0	0	0	0	0	0	0	0	0	0	0	0	0	0	0	0	0	0	0	0	0	0	0	0	0	0	0	0	0	0	0	0	0	0	0	0	0	0	0	0	0	0	0	0	0	0	0	0	0	0	0	0	0	0	0	0	0	0	0	0	0	0	0	0	0	0	0	0	0	0	0	0	0	0	0	0	0	0	0	
0	0	0	0	0	0	0	0	0	0	0	0	0	0	0	0	0	0	0	0	0	0	0	0	0	0	0	0	0	0	0	0	0	0	0	0	0	0	0	0	0	0	0	0	0	0	0	0	0	0	0	0	0	0	0	0	0	0	0	0	0	0	0	0	0	0	0	0	0	0	0	0	0	0	0	0	0	0	0	0	0	0	0	0	0	0	0	0	0	0	0	0	0	0	0	0	0	0	0	0	
0	0	0	0	0	0	0	0	0	0	0	0	0	0	0	0	0	0	0	0	0	0	0	0	0	0	0	0	0	0	0	0	0	0	0	0	0	0	0	0	0	0	0	0	0	0	0	0	0	0	0	0	0	0	0	0	0	0	0	0	0	0	0	0	0	0	0	0	0	0	0	0	0	0	0	0	0	0	0	0	0	3.65325	0	0	0	0	0	0	0	0	0	0	0	0	0	0	0	0	0	0	
0	0	0	0	0	0	0	0	0	0	0	0	0	0	0	0	0	0	0	0	0	0	0	0	0	0	0	0	0	0	0	0	0	0	0	0	0	0	0	0	0	0	0	0	0	0	0	11.71446	0	0	0	0	0	0	0	0	0	0	0	0	0	0	0	0	0	0	0	0	0	0	0	0	0	0	9.45485	0	0	0	0	0	0	0	0	0	0	0	0	0	0	0	0	0	0	0	0	0	0	0	0	0	
