0	0	0	0	0	0	0	0	0	0	0	0	0	0	0	0	0	0	0	0	0	0	0	0	0	0	0	0	0	0	0	0	0	0	0	0	0	0	0	0	0	0	0	0	0	0	0	0	0	0	0	8.85628	0	0	0	0	0	0	0	0	0	0	0	0	0	0	0	0	0	0	0	0	0	0	0	0	0	0	0	0	0	0	0	0	0	0	0	0	0	0	0	0	0	0	0	0	0	0	0	0	
0	0	0	0	0	0	0	0	0	0	0	0	0	0	0	0	0	0	0	0	0	0	0	0	0	0	0	0	0	0	0	0	0	0	0	0	0	0	0	0	0	0	0	0	0	0	0	13.65075	0	0	0	0	0	0	0	0	0	0	0	0	0	0	0	13.87144	0	0	0	0	0	0	0	0	0	0	0	0	0	0	0	0	0	0	0	0	0	0	0	0	0	0	0	0	0	0	0	0	0	0	0	0	
0	0	0	0	0	0	0	0	0	0	0	0	0	0	0	0	0	0	0	0	0	0	0	0	0	0	0	0	0	0	0	0	0	0	0	0	0	0	0	0	0	0	0	0	0	0	0	0	0	0	0	0	0	0	10.00839	0	0	0	0	0	0	0	0	0	0	0	0	0	0	0	0	0	0	0	0	0	0	0	0	0	0	0	0	0	0	0	0	0	0	0	0	0	0	0	0	0	0	0	0	0	
0	0	0	0	0	0	0	0	0	0	0	0	0	0	0	0	0	0	0	0	0	0	0	0	0	0	0	0	0	0	0	0	0	0	0	0	0	0	0	0	0	0	0	0	0	0	10.84446	9.8592	0	0	0	0	0	0	0	0	0	0	0	0	0	0	0	0	0	0	0	0	0	0	0	0	0	0	0	0	0	0	0	0	0	0	0	0	0	0	0	0	0	0	0	0	0	0	0	0	0	0	0	0	
0	0	0	0	0	0	0	0	0	0	0	0	0	0	0	0	0	0	0	0	0	0	0	0	0	0	0	0	0	0	0	0	0	0	0	0	0	9.49768	0	0	0	0	0	12.18122	0	0	0	0	0	0	0	0	0	0	0	0	0	0	0	0	0	0	0	0	0	0	0	0	0	0	0	0	0	0	0	0	0	0	0	0	0	0	0	0	0	0	0	0	0	0	0	0	0	0	0	0	0	0	0	0	
0	0	0	0	0	0	0	0	0	0	0	0	0	0	0	0	0	0	0	0	0	0	0	0	0	0	0	0	0	0	0	0	0	0	0	0	0	0	0	0	0	0	0	0	0	0	0	0	0	0	0	0	0	0	0	0	0	0	0	0	0	0	0	0	0	0	0	0	0	0	0	0	6.74053	0	0	0	0	0	0	0	0	0	0	0	0	0	0	0	0	0	0	0	0	0	0	0	0	0	0	0	
0	0	0	0	0	0	0	0	0	0	0	0	0	0	0	0	0	0	0	0	0	0	0	0	0	0	0	0	0	0	0	0	0	0	0	0	0	0	0	0	0	0	0	0	0	0	0	0	0	0	0	0	0	0	0	0	0	0	0	0	0	0	0	0	0	0	0	0	0	0	0	0	0	0	10.97762	0	0	0	0	0	0	0	0	0	0	0	0	0	0	0	0	0	0	0	0	0	0	0	0	0	
0	0	0	0	0	0	0	0	0	0	0	0	0	0	0	0	0	0	0	0	0	0	0	0	0	0	0	0	0	0	0	0	0	0	0	0	0	0	0	0	0	0	0	0	0	0	0	0	0	0	0	9.31473	0	0	0	13.60001	0	0	8.95861	0	0	0	0	0	0	0	0	0	0	0	0	0	0	0	0	0	0	0	0	0	0	0	0	0	0	0	0	0	0	0	0	0	0	0	0	0	0	0	0	0	
0	0	0	0	0	0	0	0	0	0	0	0	0	0	0	0	0	0	0	0	0	0	0	0	0	0	0	0	5.24282	0	0	0	0	0	0	0	0	0	0	0	0	0	0	0	0	0	0	0	0	0	0	0	0	0	0	0	0	0	0	0	0	0	0	0	0	0	0	7.15872	0	0	0	0	0	0	0	0	0	0	0	0	0	0	0	0	0	0	0	0	0	0	0	0	0	0	0	0	0	0	0	0	
0	0	0	0	0	0	0	0	0	0	0	0	0	0	0	0	0	0	0	0	0	0	0	0	0	0	0	0	0	0	0	0	0	0	0	0	0	0	0	0	0	0	0	0	0	0	0	0	0	0	0	0	0	0	0	8.59764	0	0	0	0	0	0	0	0	0	0	0	0	0	0	0	0	0	0	0	0	0	0	0	0	0	0	0	0	0	0	0	0	0	0	0	0	0	0	0	0	0	0	0	0	
0	0	0	0	0	0	0	0	0	0	0	0	0	0	0	0	0	0	0	0	0	0	0	0	0	0	0	0	0	0	0	0	0	0	0	0	0	0	0	0	0	0	0	0	0	0	0	0	0	0	0	0	0	0	0	0	0	0	0	0	0	0	0	0	0	0	0	11.02653	0	0	0	0	0	0	0	0	0	0	0	0	0	0	0	0	0	0	0	0	0	0	0	0	0	0	0	0	0	0	0	0	
0	0	0	0	0	0	0	0	0	0	0	0	0	0	0	0	0	0	0	0	0	0	0	0	0	0	0	0	0	0	0	0	0	0	0	0	0	0	0	0	0	0	0	0	0	0	0	0	0	0	0	0	5.13199	0	0	0	2.58494	0	0	0	0	0	0	0	0	0	0	0	0	0	0	7.40482	0	0	0	0	0	0	0	0	0	0	0	0	0	0	0	0	0	0	0	0	0	0	0	0	0	0	0	0	
0	0	0	0	0	0	0	0	0	0	0	0	0	0	0	0	0	0	0	0	0	0	0	0	0	0	0	0	0	0	0	0	0	0	0	0	0	0	0	0	0	0	0	0	0	0	0	0	11.2793	0	0	0	14.0427	0	0	0	0	0	0	0	0	0	0	0	0	0	0	8.1029	0	0	0	0	0	0	0	0	0	0	0	0	0	0	0	0	0	0	0	0	0	0	0	0	0	0	0	0	0	0	0	0	
0	0	0	0	0	0	0	0	0	0	0	0	0	0	0	0	0	0	0	0	0	0	0	0	0	0	0	0	0	0	12.09828	0	0	0	0	0	0	0	0	9.40439	0	0	0	0	0	0	0	8.96267	0	0	0	0	0	0	0	0	0	5.34574	4.1911	0	9.78623	0	0	10.60914	0	0	0	0	0	0	0	0	0	0	0	0	0	0	0	0	0	0	0	0	0	0	0	0	0	0	0	0	0	0	0	0	0	0	0	0	
0	0	0	0	0	0	0	0	0	0	0	0	0	0	0	0	0	0	0	0	0	0	0	0	0	0	0	0	0	0	0	0	0	0	0	0	0	0	0	0	0	0	0	0	0	0	0	0	0	0	0	0	0	0	5.98388	0	0	0	0	0	0	0	0	0	0	0	0	0	0	0	0	0	0	0	2.50246	0	0	0	0	0	0	0	0	0	0	0	0	0	0	0	0	0	0	0	0	0	0	0	0	0	
0	0	0	0	0	0	0	0	0	0	0	0	0	0	0	0	0	0	0	0	0	0	0	0	0	0	0	0	0	0	0	0	0	0	0	0	0	0	0	0	0	0	17.56573	0	0	0	0	0	0	0	0	0	9.74053	0	0	0	0	0	0	12.56556	0	0	0	0	0	0	0	0	0	0	0	4.263	0	0	0	0	0	0	0	0	0	0	0	0	0	0	0	0	0	0	0	0	0	0	0	0	0	0	0	0	
0	0	0	0	0	0	0	0	0	0	0	0	0	0	0	0	0	0	0	0	0	0	0	0	0	0	0	0	0	0	0	0	0	0	0	0	0	0	0	0	0	0	0	6.75595	0	0	0	13.16611	0	0	0	8.12086	0	0	0	0	0	0	5.0178	0	0	0	0	0	0	0	0	0	0	0	0	0	0	0	0	0	0	0	0	0	0	0	0	0	0	0	0	0	0	0	0	0	0	0	0	0	0	0	0	0	
0	0	0	0	0	0	0	0	0	0	0	0	0	0	0	0	0	0	0	0	0	0	0	0	0	0	0	0	0	0	0	0	0	0	0	0	0	0	0	0	0	0	10.97996	0	0	0	0	0	0	0	0	0	0	0	0	8.79091	0	0	0	0	0	0	0	0	0	0	1.26303	0	2.50246	0	0	0	0	0	0	0	0	0	0	0	0	0	0	0	0	0	0	0	0	0	0	0	0	0	0	0	0	0	0	0	
0	0	0	0	0	0	0	0	0	0	0	0	0	0	0	0	0	0	0	0	0	0	0	0	0	0	0	0	0	0	0	0	0	0	0	0	0	0	0	0	12.28456	0	0	0	0	0	0	0	0	0	0	0	0	0	0	0	0	0	0	0	0	0	0	0	0	0	0	0	0	0	0	0	0	0	0	0	0	0	0	0	0	0	0	0	0	0	0	0	0	0	0	0	0	0	0	0	0	0	0	0	
0	0	0	0	0	0	0	0	0	0	0	0	0	0	0	0	0	0	0	0	0	0	0	0	0	0	0	0	0	0	0	0	0	0	0	0	0	0	0	0	0	0	0	0	0	0	0	9.44263	0	0	8.34398	0	0	0	0	0	0	0	0	0	0	0	0	0	0	0	0	0	0	0	0	0	0	0	0	0	9.27671	0	0	0	0	0	0	0	0	0	0	0	0	0	0	0	0	0	0	0	0	0	0	0	
0	0	0	0	0	0	0	0	0	0	0	0	0	0	0	0	0	0	0	0	0	0	0	0	0	0	0	0	0	0	0	0	0	0	0	0	0	0	0	0	0	0	0	0	0	0	0	7.84043	0	0	9.84085	10.51336	0	0	0	0	7.99727	0	8.58367	0	9.7624	0	0	0	0	10.21566	0	0	0	0	0	0	0	0	0	0	0	0	0	0	0	0	0	0	0	0	0	0	0	0	0	0	0	0	0	0	0	0	0	0	
0	0	0	0	0	0	0	0	0	0	0	0	0	0	0	0	0	0	0	0	0	0	0	0	0	0	0	0	0	0	0	0	0	0	0	0	0	0	0	0	0	10.33357	0	0	0	0	0	0	0	0	0	0	0	0	0	0	0	0	0	0	0	0	0	0	0	0	0	0	0	0	0	0	0	0	0	0	0	0	0	0	0	0	0	0	0	0	0	0	0	0	0	0	0	0	0	0	0	0	0	0	
0	0	0	0	0	0	0	0	0	0	0	0	0	0	0	0	0	0	0	0	0	0	0	0	0	0	0	0	0	0	0	4.83454	0	0	0	0	0	0	0	0	0	0	0	0	0	0	0	11.15962	0	0	0	0	0	0	0	0	0	0	0	0	0	0	0	0.95107	0	0	0	1.51934	0	0	0	0	0	0	0	0	0	0	0	0	0	0	0	0	0	0	0	0	0	0	0	0	0	0	0	0	0	0	0	0	
0	0	0	0	0	0	0	0	0	0	0	0	0	0	0	0	0	0	0	0	0	0	0	0	0	0	0	0	0	0	0	11.26049	0	0	0.55257	0	0	0	0	0	0	0	0	0	0	0	0	0	0	0	0	0	0	0	0	0	0	0	0	0	0	0	0	0	0	0	0	0	0	0	0	0	0	0	0	0	0	0	0	0	0	0	0	0	0	0	0	0	0	0	0	0	0	0	0	0	0	0	0	0	
0	0	0	0	0	0	0	0	0	0	0	0	0	0	0	0	0	0	0	0	0	0	0	0	0	0	0	0	0	0	0	0	0	0	0	0	0	0	0	0	0	0	0	10.35737	0	0	0	0	0	14.72688	0	0	0	0	9.70629	0	0	0	0	0	0	0	0	0	0	0	0	0	0	0	0	0	0	0	0	0	0	0	0	0.27629	0	0	0	0	0	0	0	0	0	0	0	0	0	0	0	0	0	0	0	0	
0	0	0	0	0	0	0	0	0	0	0	0	0	0	0	0	0	0	0	0	0	0	0	0	0	0	0	0	0	0	0	0	7.71787	0	0	0	0	0	0	0	0	0	0	0	0	0	0	3.49395	0	0	8.54728	0	0	0	0	0	0	0	8.77563	0	0	0	0	0	0	0	0	0	0	0	3.15916	0	0	0	0	0	0	0	0	0	0	0	0	0	0	6.09024	0	0	0	0	0	0	0	0	0	0	0	0	0	0	
0	0	0	0	0	0	0	0	0	0	0	0	0	0	0	0	0	0	0	0	0	0	0	0	0	0	0	0	0	0	0	0	0	0	0	0	0	0	0	10.01621	0	0	0	0	15.85112	0	9.62079	0	0	0	0	0	0	0	0	0	0	0	0	0	0	0	0	0	0	0	0	0	0	1.51934	0	0	0	0	0	0	0	0	0	0	0	0	0	0	0	0	0	0	0	0	0	0	0	0	0	0	0	0	0	0	
0	0	0	0	0	0	0	0	0	0	0	0	0	0	0	0	0	0	0	0	0	0	0	0	0	0	0	0	0	0	0	0	0	0	0	9.64201	0	0	0	0	0	0	0	0	0	0	0	8.55353	0	0	0	0	0	6.57716	0	0	0	0	0	0	8.4819	0	0	0	0	0	0	0	0	0	0	0	0	0	0	0	0	0	0	0	0	0	0	0	0	0	0	0	0	0	0	0	0	0	6.82609	0	0	0	0	0	
0	0	0	0	0	0	0	0	0	0	0	0	0	0	0	0	0	0	0	0	0	0	0	0	0	0	0	0	0	0	0	0	0	0	0	0	0	0	0	0	0	16.59682	0	0	0	0	0	0	0	0	0	0	0	0	0	0	0	0	0	0	0	0	0	0	0	0	0	6.34456	0	0	0	7.09589	0	0	0	0	0	0	0	0	0	0	0	0	0	0	0	0	0	0	0	0	0	0	0	0	0	0	0	0	
0	0	0	0	0	0	0	0	0	0	0	0	0	0	0	0	0	0	0	0	0	0	0	0	0	0	0	0	0	0	0	0	0	0	0	0	0	0	0	0	7.49342	0	0	0	9.85109	0	0	6.2573	0	0	6.47893	12.31368	0	0	0	10.52711	0	0	8.18385	0	7.49342	0	0	0	0	0	0	0	0.55257	0	0	0	0	0	0	0	0	0	0	0	0	0	0	0	0	0	0	0	0	0	0	0	0	0	0	5.9894	0	0	0	0	
0	0	0	0	0	0	0	0	0	0	0	0	0	0	0	0	0	0	0	0	0	0	0	0	0	0	0	0	0	0	0	0	0	0	0	0	0	0	0	0	0	0	0	0	17.51335	0	0	0	0	1.92596	0	0	6.98865	0	0	0	0	8.33535	0	0	0	3.3692	0	0	0	0	0	0	0	0	0	0	0	0	0	0	0	0	0	0	0	0	0	0	0	0	0	0	0	0	0	0	0	0	0	0	0	0	0	0	
0	0	0	0	0	0	0	0	0	0	0	0	0	0	0	0	0	0	0	0	0	0	0	0	0	0	0	0	0	0	0	0	0	0	0	0	0	0	0	0	0	0	0	10.84592	0	0	13.72415	0	0	0	9.68763	0	0	0	0	0	0	0	0	7.63223	0	0	0	0	9.19865	0	0	3.95106	0	0	0	0	9.21913	0	0	0	4.4594	0	0	0	0	0	0	0	0	0	0	0	0	0	0	0	0	0	0	0	0	0	0	0	
0	0	0	0	0	0	0	0	0	0	0	0	0	0	0	0	0	0	0	0	0	0	0	0	0	0	0	0	0	0	0	0	0	0	0	0	0	0	0	0	0	0	0	0	3.49395	2.24282	0	10.625	0.55257	0	0	10.76907	7.66577	0	0	9.09413	0	0	0	0	0	0	0	0	0	0	0	9.6621	0	0	0	0	0	11.85955	0	0	0	0	0	0	0	0	0	0	0	0	0	0	0	0	0	0	0	0	0	0	0	0	0	0	
0	0	0	0	0	0	0	0	0	0	0	0	0	0	0	0	0	0	0	0	0	0	0	0	0	0	0	0	0	0	0	0	0	0	0	0	0	18.05754	0	0	0	0	0	0	0	0	0	0	0	0	0	6.37058	0	0	11.5629	0	9.42609	0	0	2.72244	0	5.74771	0	0	0	0	0	0	0	0	0	0	0	0	5.71671	0.95107	0	0	0	0	0	0	0	0	0	0	0	0	0	0	0	0	0	0	0	0	0	0	0	0	
0	0	0	0	0	0	0	0	0	0	0	0	0	0	0	0	0	0	0	0	0	0	0	0	0	0	0	0	0	0	0	0	0	0	0	0	0	0	0	0	0	0	14.48331	0	0	10.93768	0	12.30367	0	0	10.86518	0	11.54522	0	9.04016	0	0	0	0	0	0	0	0	10.81823	0	0	0	3.66293	0	0	9.74368	0	0	0	0	0	0	0	3.3692	0	0	0	0	0	0	0	0	0	0	0	0	0	0	0	0	0	0	0	0	0	
0	0	0	0	0	0	0	0	0	0	0	0	0	0	0	0	0	0	0	0	0	0	0	0	0	0	0	0	0	0	0	0	0	0	0	0	0	0	0	0	0	0	0	0	0	0	0	10.21679	11.05813	0	0	11.07727	0	0	0	0	0	0	0	0	0	0	0	0	1.73695	0	0	0	0	0	0	0	0	0	0	0	0	0	0	0	0	0	0	0	0	0	0	0	0	0	5.90204	0	0	0	0	0	0	0	0	0	
0	0	0	0	0	0	0	0	0	0	0	0	0	0	0	0	0	0	0	0	0	0	0	0	0	0	0	0	0	0	0	0	0	0	0	0	0	0	0	0	0	0	0	0	0	0	0	12.40477	0	0	0	0	9.59752	1.51934	0	0	0	0	12.22884	12.28887	0	0	0	0	0	0	0	0	0	0	0	0	0	0	0	0	0	0	0	0	0	0	0	0	0	0	0	0	0	0	0	0	0	0	0	0	0	0	6.1015	0	
0	0	0	0	0	0	0	0	0	0	0	0	0	0	0	0	0	0	0	0	0	0	0	0	0	0	0	0	0	0	0	0	0	0	0	0	0	0	0	0	0	0	7.33981	0	0	0	0	0	0	8.55549	0	6.49395	0	7.84921	0	0	0	0	0	0	0	0	0	0	13.58584	0	0	0	0	0	0	0	0	0	0	0	14.54837	0	0	0	0	0	0	0	0	0	0	0	0	0	0	0	0	0	0	0	0	0	0	0	
0	0	0	0	0	0	0	0	0	0	0	0	11.75844	0	0	0	0	0	0	0	0	0	0	0	0	0	0	0	0	0	10.84409	0	0	0	0	0	0	0	0	0	0	0	9.62013	0	0	0	0	9.45035	0	0	13.48657	0	0	2.37848	9.70063	0	9.52112	0	0	0	0	0	0	9.7358	10.95711	9.39842	0	0	0	0	0	0	0	0	0	0	0	0	0	0	0	0	0	0	0	0	0	0	0	0	0	0	0	0	0	0	0	0	0	0	
0	0	0	0	0	0	0	0	0	0	0	0	0	0	0	0	0	0	0	0	0	0	0	0	0	0	0	0	0	0	0	0	0	0	0	0	0	0	0	0	0	0	0	0	0	10.93524	1.51934	0	4.15377	13.06299	2.24282	8.07773	8.37943	0	11.12869	6.3398	0	0	0	0	13.03519	0	0	0	0	0	0	0	0	6.07805	0	0	0	0	0	0	3.022	0	0	0	0	0	0	0	0	0	0	0	0	0	0	0	0	0	0	0	0	0	0	0	
0	0	0	0	0	0	0	0	0	0	0	0	0	0	0	9.69982	0	0	0	0	0	0	0	0	0	0	0	0	0	0	0	0	0	0	0	6.36103	11.99469	0	0	0	0	0	0	3.3692	0	11.68611	8.83689	9.34869	5.79698	8.82397	0	0	3.43292	0	10.60136	0	0	0	0	7.48968	0	9.56678	0	6.40935	0	7.12993	0	0	11.27632	0	9.25704	0	0	0	0	11.09675	0	1.26303	0	4.03559	0	0	0	0	0	0	0	0	0	0	8.78939	0	0	0	0	0	0	0	0	0	
0	0	0	0	0	0	0	0	0	0	0	0	0	0	0	0	0	0	0	0	0	0	0	0	0	0	11.72522	0	0	0	0	4.71146	0	0	6.03118	0	0	0	0	0	11.66873	0	0	0	0	0	0	0	9.49802	0	3.55251	10.53076	8.92299	0	11.28201	0	9.49115	0	1.27143	0	10.86698	8.27145	0	0	0	8.33744	0	0	0	0	0	0	0	8.25609	0	0	0	0	0	0	0	0	0	0	0	0	0	0	0	0	0	0	0	0	0	0	0.55257	0	0	0	
0	0	0	0	0	0	0	0	0	0	0	0	0	0	0	0	0	0	0	11.28714	0	0	0	0	0	0	0	0	0	0	0	0	0	0	0	0	0	0	0	0	0	0	0	13.93876	0	0	13.42142	13.62596	11.00704	0	7.55557	7.91212	11.1824	0	0	0	13.75277	0	0	8.15333	8.48454	0	0	12.88076	0	8.12236	0	9.1246	0	0	0	0	0	0	0	0	0	0	0	0	0	0	0	0	0	0	0	0	0	0	7.58177	0	0	0	0	0	0	0	0	0	
0	0	0	0	0	0	0	0	0	0	0	0	7.58392	0	0	0	0	0	0	9.83053	0	0	0	0	0	0	0	0	0	0	0	0	0	6.56662	0	0	0	0	0	0	0	8.47813	11.71022	0	9.27485	0	0	3.90762	11.27115	0	3.60877	7.28122	6.54898	7.9178	9.74199	10.49435	5.48251	4.75163	7.8118	0	0	0	0	0	5.94638	0	0	0	0	0	0	0	0	0	0	0	0	0	11.79716	0	0	0	0	0	0	0	0	0	0	0	0	0	0	0	0	0	0	0	0	0	
0	0	0	0	0	0	0	0	0	0	0	0	0	0	0	0	0	0	0	0	0	0	0	14.29147	0	0	0	0	0	0	0	0	0	0	0	0	0	0	12.17249	0	0	0	8.61214	9.73343	1.26303	0	10.96515	5.99164	0	9.00878	8.77716	7.09464	0	0	0	0	0	6.87467	14.16147	10.1419	11.14454	0	0	0	8.16755	0	0	0	0	0	0	0	0	0	0	0	0	0	0	0	0	0	0	0	0	0	0	0	0	0	0	0	0	0	0	0	0	0	0	0	
0	0	8.0782	0	0	0	0	0	0	0	0	0	0	0	0	0	0	0	0	0	0	0	0	0	0	0	0	0	0	0	0	0	0	0	0	0	0	0	0	0	9.83369	0	0	0	0	9.94424	0	9.35533	9.07678	11.87328	0	9.18599	10.56583	9.38068	0	9.89912	0	0	7.94794	0	8.53171	0	8.37645	10.03751	0	0	0	0	0	0	0	7.85811	0	0	0	0	3.3692	0	0	0	0	0	0	0	0	0	0	0	0	0	0	0	0	0	0	0	0	0	0	0	
0	0	0	0	0	0	0	0	0	0	0	10.64616	0	0	0	0	0	0	0	0	0	0	0	0	0	0	0	0	0	0	0	0	6.35282	0	0	0	0	8.72876	13.4332	5.68366	4.65913	6.06174	0	0	11.88074	8.00391	11.24553	7.53918	11.03368	0	12.12475	0	3.51021	5.15388	0	10.67809	5.20954	11.10619	0	0	0	0	0	0	0	0	0	7.20486	0	0	0	0	5.89073	0	0	7.9669	0	0	11.5305	0	0	0	0	0	0	0	0	0	0	0	0	0	0	0	0	8.55732	0	0	0	0	
0	0	0	0	0	0	0	0	0	0	0	0	0	0	0	0	0	0	0	0	0	0	0	0	0	0	0	0	0	0	0	0	0	0	5.48753	9.09197	0	0	0	6.01044	0	13.49237	0	10.93318	15.79768	10.32818	9.40738	8.70188	3.60196	11.02991	10.78125	10.40432	2.09309	9.11832	0	0	9.28973	0	0	6.9989	8.91046	0	0.55257	0	0	0	0	0	0	0	0	0	0	0	0	0	0	0	3.81417	0	0	0	0	0	0	0	0	12.35667	0	0	0	0	0	0	0	0	0	0	0	0	
0	0	0	0	0	0	0	0	10.80549	0	10.93802	0	0	0	0	0	0	0	0	0	0	0	0	0	0	0	10.00643	0	0	0	0	0	0	0	0	2.72244	0	12.90246	13.201	0	9.43505	8.80903	0	7.12029	1.26303	12.27356	6.65223	7.83999	10.22917	9.59472	0	7.55024	0.55257	0	0	0	9.17742	2.24282	0	0	0	0	2.09309	0	0	0	15.20287	0	0	0	0	0	0	0	0	0	0	0	0	0	0	0	0	0	0	0	0	0	0	0	0	0	0	8.82693	0	0	0	0	0	0	
0	0	0	0	0	0	0	0	0	0	0	11.45145	0	0	13.77546	0	0	0	0	0	0	0	0	0	0	0	0	0	0	0	0	11.10106	0	0	7.71787	0	12.40452	0	0	10.70184	2.24282	0	10.82828	10.40525	10.35123	7.28473	10.63409	8.79788	6.08421	9.47245	7.09337	10.14253	10.0359	7.77436	0	8.14632	9.90267	0	0	9.79762	8.83433	5.58284	0	8.47813	0	0	0	0	0	0	0	0	0	0.55257	0	7.03992	0	0	0	0	0	0	0	5.11266	0	0	0	0	0	0	0	0	0	0	0	0	0	0	0	0	
0	0	0	0	0	0	0	0	0	0	0	0	13.05786	0	0	0	0	0	0	0	0	0	0	0	0	0	0	0	0	9.60532	0	0	9.16269	0	9.29932	0	12.3973	0	13.03077	10.84299	10.38498	10.91415	9.58071	10.0591	8.72351	5.15155	9.73818	10.64239	9.83275	9.72362	8.66974	11.71764	9.86415	5.3657	6.83616	6.97652	9.44997	0	0	8.63876	4.60482	0	0	0	0	0	0	0	0	0	0	0	0	9.49899	0	0	0	0	0	0	10.20086	0	0	0	0	0	0	0	0	0	0	0	0	0	0	0	0	0	0	0	
0	0	0	0	0	0	0	12.95961	0	0	0	9.54891	0	0	0	0	0	0	0	0	0	0	0	0	0	0	0	8.84608	0	0	4.4594	0	13.26915	0	0	0	10.9068	6.71512	8.70273	10.37532	10.14754	9.30928	0	10.71852	10.76998	9.64491	9.37245	9.11067	10.74465	10.0304	6.11254	9.43268	8.81053	9.40836	9.13081	7.14518	12.10517	4.87027	4.07553	8.57664	5.5585	12.02279	8.32279	0	10.66287	0	0	0	0	0	0	0	0	9.38035	0	0	0	0	0	0	0	0	0	0	0	0	0	0	0	0	0	0	0	0	0	0	0	0	0	0	
13.33272	0	0	0	0	0	0	0	7.32595	0	0	0	8.73512	0	0	0	0	0	0	0	0	0	0	0	12.44275	0	0	7.72425	0	0	0	0	14.80278	0	11.32221	8.86497	0	6.62932	10.9891	9.30876	8.70801	9.7359	6.18007	10.50981	11.86904	10.48007	8.66074	10.24959	6.80638	3.32656	10.63542	6.34935	6.49394	5.29885	10.96713	8.73628	11.52959	6.13745	0	10.30176	1.73695	2.24282	0	5.25206	0	8.13439	0	0	0	0	0.55257	0	0	0	0	0	0	0	0	0	0	0	4.98527	0	0	6.79308	0	0	0	0	0	0	0	0	0	0	0	0	0	0	
0	0	0	10.46893	0	0	0	0	0	0	0	0	0	0	0	0	0	0	8.63876	0	0	11.50895	0	6.05162	11.21613	10.47981	0	0	10.75457	10.625	12.13293	0	14.50209	0	0	0.55257	0	10.09455	11.17036	8.02838	9.14734	6.9176	9.31104	9.48734	9.61523	9.84817	8.73047	9.66847	10.23144	6.52509	9.44585	8.35613	10.17784	6.49893	7.65986	9.82105	0	3.93331	6.56633	8.81515	0	4.85795	9.53899	0	0	0	0	0	0	5.93542	0	0	5.87934	0	1.51934	8.05307	13.1562	3.85616	0	0.55257	0	0	0	0	0	0	0	0	0	0	0	0	0	0	0	0	0	0	0	0	
8.60111	0	0	0	12.90843	8.26793	0	0	0	0	0	0	0	0	0	0	0	10.75301	0	0	0	0	0	0	9.80291	0	8.89314	8.89983	0	14.82506	10.26152	0	0	0	11.27143	9.17206	6.98241	11.69151	11.07509	9.66657	7.58916	9.41622	10.08893	9.05935	9.58771	8.96012	10.00879	8.52186	8.28899	10.77479	5.15215	11.04765	10.97729	8.15129	9.88616	8.85678	9.97285	3.49894	4.70901	8.89593	13.09265	0	5.56503	9.71031	10.29711	9.50419	9.47813	0	0	0	0	0	0	0	5.91325	0	0	0	0	0	0	0	0	0	0	0	0	0	0	0	0	0	0	0	0	0	0	0	0	0	
0	0	0	0	0	0	0	0	6.35282	0	8.23837	0	0	0	0	0	10.5152	12.41676	9.565	6.99921	10.96151	7.24254	0	0	0	12.23346	0	9.67615	8.10761	10.64448	0	10.2542	11.09276	9.1365	8.79183	11.53042	7.9358	6.93695	10.09855	9.27925	9.22525	8.7149	6.32908	8.34766	9.69355	8.80987	8.51244	8.65629	8.63096	7.38015	7.67144	11.24096	8.87704	7.15473	5.77584	6.69889	7.62922	8.94365	0	10.10447	5.71882	8.26487	9.68767	0	6.70989	11.56801	8.31436	0	0	0	0	5.13199	0	0	7.7495	0	0	0	9.7255	0	0	0	0	0	0	7.65245	0	0	0	0	0	0	0	0	0	2.50246	0	0	0	0	
0	10.06605	0	0	3.7655	7.84336	0	0	0	0	0	0	0	0	7.89801	10.88062	0	11.39156	10.48009	0	8.37442	0	4.51934	0	0	0	0	0	10.40052	10.65954	7.54818	0	12.70447	6.38094	10.4656	9.37793	9.37636	10.13782	7.8919	9.69418	8.77409	8.30277	8.78402	8.09306	8.91477	8.31003	8.42901	9.77995	8.22948	7.79014	7.41199	8.32689	8.01514	7.98283	8.46818	7.84289	3.81417	8.16429	8.27543	7.31643	0	8.80151	0	11.50525	9.72997	0.55257	6.22199	6.1015	0	0	0	0	0	0	0	3.08177	0	0	0	0	8.83244	0	0	0	0	0	0	0	0	0	0	0	0	0	0	0	0	0	0	0	
0	11.66222	9.20094	0	10.04336	0	0	0	0	0	9.03888	0	0	0	7.65913	11.18818	0	9.22589	0	0	5.64382	6.31948	10.36675	9.89566	10.6233	8.68038	0	5.43077	8.57487	8.3462	12.40402	10.75301	11.23817	11.20269	10.30538	10.08585	8.72112	8.82324	7.89701	8.33825	7.38768	7.87022	7.75625	7.33317	7.34877	7.25864	8.69783	7.71579	9.30135	8.24347	7.73043	9.34045	8.28637	7.91537	7.81744	6.84184	7.36762	4.06231	7.89935	7.42062	0	8.20723	8.95549	9.41153	2.2297	1.51934	0	0	0	0	0	7.00918	0	6.32789	8.10045	0	8.03778	0	0	0	0	0	0	4.79046	0	1.75293	0	0	0	0	0	0	0	0	0	0	0	0	0	0	
0	0	0	0	0	0	0	0	6.54531	0	8.33535	12.12731	0	0	0	0	0	0	9.80818	0	11.00736	0	0	0	0	9.1568	10.54303	0	3.15916	9.52261	6.54138	9.87135	8.14156	9.21709	9.83012	9.98855	8.53035	8.86439	9.40191	9.65791	6.22429	7.73176	8.22141	7.95969	8.19214	8.64008	8.25868	8.22049	8.5963	8.84678	8.76854	8.70428	7.67663	8.03784	7.14806	8.95441	9.17636	9.40788	9.80291	8.32719	10.98324	4.96394	11.05877	6.68573	0	9.02588	0	8.74425	0	0	0	0	0	0	0	0	0	0	4.57689	0	0	9.43292	0	0	0	0	0	9.45179	6.14971	7.1057	0	0	0	0	0	0	0	0	0	0	
0	0	0	0	0	0	0	0	10.80361	8.43008	4.2336	2.72244	0	12.0559	0	0	0	7.56982	10.87166	4.18313	0	0	0	8.23482	8.6132	11.90853	9.34144	9.09448	7.43895	9.62586	0	7.60465	4.67072	4.92137	6.4573	8.5599	9.3165	6.58962	7.82597	6.10803	6.98023	8.71978	8.67665	8.52693	6.92122	7.83944	7.83013	7.78212	6.56066	8.9502	8.51877	7.16946	7.04777	6.83371	8.17392	8.445	5.60175	9.73538	10.23534	6.79513	5.92573	11.10255	8.1016	8.42818	2.52113	9.86125	9.66043	0	0	0	0	0	0	9.78089	9.50604	0	0	0	13.54469	0	0	0	0	0	0	0	0	0	9.66043	0	2.37848	0	0	0	0	0	0	0	0	0	
0	0	10.98827	8.49096	0	5.27795	0	1.26303	7.45939	0	0	0	0	0	0	0	0	8.15478	0	0	0	0	0	11.38579	0	8.47624	0	9.4841	8.16286	8.52569	0	8.83195	0	6.53809	6.07907	8.92266	7.34995	6.86223	3.84557	9.34091	7.44076	8.74781	7.26128	8.07788	8.48413	7.44263	7.3358	8.13491	8.15887	8.37805	8.04913	7.99813	8.40786	8.0549	8.13306	6.58436	8.00605	8.23189	8.01033	6.609	11.24265	8.45947	6.00375	9.83496	8.05881	0	0	6.19585	6.17788	2.09309	4.59126	0	8.71924	0	1.30832	0	6.63465	0	0	0	0	0	5.7531	0	0	0	0	0	0	0	0	0	0	0	0	0	0	0	0	0	
0	0	0	0	0	0	0	0	0	0	9.34662	8.86497	8.56167	0	13.10103	0	0	7.66245	0	7.13473	0	0	0	0	0	0	6.04144	5.07321	6.29474	0	8.0429	7.86543	6.57334	8.31336	5.62327	7.83373	9.03665	7.84066	7.82281	8.30366	8.43977	6.33342	6.18267	6.82872	6.69816	7.55618	4.83601	5.3702	8.13036	6.03366	7.93455	9.46857	8.87394	7.62091	6.37859	6.31813	6.09454	7.61572	9.24868	7.87691	7.94931	4.94923	8.28809	7.48134	1.26303	6.271	8.02492	4.53866	0	0	7.92596	0	7.01835	4.37168	0	14.04935	0	0	0	0	0	0	0	0	0	0	0	0	6.52794	0	0	0	0	0	0	0	0	0	0	0	
0	0	0	0	0	0.55257	0	0	0	10.29871	0	0	4.73693	0	0	0	0	0	0	0	0	0	0	9.55227	0	0	8.0421	0	0	5.04214	6.78652	0	0	7.37635	9.48834	7.3481	7.31042	0	1.92596	8.69019	3.82623	11.70801	6.45443	5.09467	8.83419	8.93848	7.86943	7.28526	9.8911	5.75096	7.2518	8.98175	7.11465	6.57011	8.73484	7.23913	8.29018	6.85363	4.4991	7.42115	7.82253	6.30416	3.42207	10.5257	7.91273	5.7833	8.29305	10.17547	8.15627	0	0	15.4805	0	7.0097	0	4.88097	9.23262	0	0	0	0	0	0	0	11.43111	0	0	2.09309	0	0	0	9.22364	0	0	0	0	8.03778	0	0	0	
0	0	0	0	0	0	0	0	0	0	0	12.83321	0	0	0	0	0	5.88354	12.29236	0	0	0	0	2.61664	0	0	0	8.7787	0	0	0	0	5.71245	6.32676	7.30356	0	5.37699	8.40231	2.31612	1.73695	7.13627	8.73314	7.82479	1.36122	0	8.69843	6.50969	5.01671	7.64174	6.45217	7.58204	10.70181	8.34965	5.13844	6.9678	6.35883	6.5182	6.50265	7.01368	8.35719	7.11129	5.02305	0	5.53634	8.85871	0	6.39777	7.64574	10.3083	8.27473	0	0	0	3.15916	0	9.58968	0	8.03265	0	0	0	8.3696	0	0	0	0	0	0	0	0	0	0	0	0	0	0	0	0	0	0	
0	0	0	0	5.8105	0	0	0	0	0	9.24488	0	0	0	0	11.45888	0	0	7.12993	0	7.31539	5.84462	0	0	0	9.13062	6.43292	0	0	5.61492	0	9.00201	12.83984	0	0	8.09799	10.11605	11.86948	11.488	11.20255	6.1508	9.16855	6.49775	8.048	4.16245	6.52246	13.5814	5.92284	8.25822	8.16384	7.78781	6.22708	8.7629	7.4596	5.35442	7.26853	7.21782	7.1289	3.57539	8.67411	5.95167	7.71547	6.12572	6.85006	7.94907	0	7.43488	9.61409	0	2.37848	9.15218	9.31738	6.82167	11.61196	7.7173	0	4.62674	0	0	0	8.90625	0	0	0	0	1.73695	0	0	0	0.95107	0	0	0	0	0	0	0	0	0	0	
0	0	0	0	0	0	0	0	0	0	0	6.68926	4.45453	0	0	10.33929	0	0	0	2.09309	6.39342	0	4.51934	0	0	0	0	0	0	5.06184	7.09096	7.78122	0	0	0	8.88505	0	0	0	5.20682	3.90687	7.38056	4.09919	4.76805	7.95644	5.32232	6.70078	7.94762	6.4269	4.25708	0	0	7.61254	10.04425	0.95107	8.07961	8.04474	7.31237	6.84431	6.04298	8.97982	7.58104	8.8188	7.76314	6.63974	6.96451	3.71512	8.44255	1.51934	10.04295	0	7.03022	8.07162	10.63985	12.39443	0	2.37848	0	5.64382	0	0	0	0	0	0	0	0	0	0	0	0	0	0	0	0	0	0	0	0	0	
0	0	0	11.90344	0	0	0	0	0	0	0	0	0	0	0	0	0	0	0	0	0	0	10.9962	0	0	0	7.16388	10.72245	8.60976	9.52444	0	0	4.33148	0	0	9.83516	0	1.73695	6.60186	3.12962	4.62707	0	2.09309	0	5.23051	10.13233	8.80958	7.06605	5.83127	5.60594	6.33399	5.52011	8.59212	8.49597	9.33888	6.85867	8.45607	6.10855	7.39219	6.56146	7.91217	9.36081	9.05924	8.78174	6.97781	7.30489	6.30862	7.1957	11.07276	8.03824	5.04638	8.37654	5.32804	2.98112	7.74726	0	11.07321	0	6.28533	9.28644	0.55257	6.74681	6.44069	0	0	0	0	0	0	0	0	0	0	0	0	0	0	1.92596	0	12.56456	
0	0	4.76032	0	0	0	0	0	0	0	0	0	0	0	0	0	0	0	0	0	7.45172	0	0	0	0	9.11613	0	8.4035	0	10.66411	0	10.48264	10.85903	0	4.78656	0	0	6.62934	6.59112	0	5.79698	0	0	8.54555	11.43671	9.66459	7.38588	4.4907	8.56068	7.34074	8.46662	10.27772	7.30449	8.65989	5.9982	8.966	0	6.74227	6.87738	7.21469	2.36417	5.3314	6.07333	2.46222	6.03162	7.88372	5.76283	0	8.93634	4.88585	4.4839	6.81093	6.99887	8.23882	2.72244	0	6.38409	0	1.34997	7.42846	0	6.36329	0	0	0	0	0	0	6.19507	0	0	0	0	0	0	0	3.23263	0	0	0	
0	0	0	0	4.48968	0	0	0	0	0	0	0	9.75774	0	0	0	0	0	0	0	6.67616	4.83454	0	0	0	0	0	7.75097	0	0	0	0.55257	10.92215	0	0	0	7.61516	0	5.18847	6.9619	0	0	3.58754	0	9.19406	0	4.4303	6.80818	2.37848	5.15592	4.96959	8.35693	9.65877	6.07638	8.46628	1.83147	0	7.12232	3.96697	0.63152	6.48996	7.0445	8.47262	5.88655	5.38863	9.74345	7.7301	5.21551	6.95485	6.75627	7.54906	0	0	9.59025	0	7.02944	5.60267	5.93713	0	0	0	0	0	0	7.1057	0	0	0	0	0	0	0	0	0	0	0	8.89357	0	0	0	
0	0	0	0	0	0	0	0	9.06802	0	0	0	9.49488	0	0	0	9.7079	3.60877	6.9456	0	0	0	0	0	10.29343	0	0	0	0	0	0	0	0	0	7.39285	8.11752	0	7.33981	0	0	0	0	6.45611	10.72226	0	9.81473	9.36308	8.33744	0	5.68537	0	10.10141	8.9368	8.21936	0	7.71787	0	6.1403	0	7.09441	8.25853	4.73693	7.06237	7.26737	4.51458	6.55788	7.00383	6.10238	10.10692	7.40342	8.21884	4.77758	6.07487	7.47462	7.38638	5.23597	9.80998	10.51704	0	0	8.72402	10.13593	9.91998	0	4.3405	0	7.1957	3.15916	6.56678	0	4.96032	0	0	9.45088	0	0	0	0	0	0	
0	0	0	0	0	0	0	0	0	0	0	0	0	0	0	0	0	0	0	0	7.32049	0	0	0	0	0	0	0	0	5.2952	0	0	0	0	4.15377	0	0	0	0	0	8.79091	0	7.70824	8.19996	5.42011	0	0	0.95107	5.50246	5.67444	10.57203	0	0	1.49998	3.8808	7.97328	0	0	7.71627	8.74969	9.63102	5.85649	5.53718	5.45021	6.76199	7.81367	5.19953	6.73958	6.06727	6.48423	9.94811	7.07073	4.70589	5.89458	4.18821	0	3.29604	0	7.0471	0	0	0	0.95107	0	0	0	8.91146	0	0	0	0	0	0	0	0	0	0	0	0	0	
0	0	0	0	8.3581	0	0	0	0	0	0	2.821	0	4.51934	0	0	0	0	0	0	0	0	0	0	0	0	0	0	0	0	0	0	0	0	0	0	0	0	0	7.88503	0	0	7.41669	0	8.34987	0	1.99697	2.37848	0	0	6.86704	0	0	0	10.19226	0	0	0.55257	0	10.62372	7.35899	2.70396	7.31762	7.60416	7.62573	0	1.45663	4.32809	9.38126	5.72679	8.84542	8.91858	9.29105	5.47119	0	0	4.25083	8.00932	7.00237	7.70502	5.85629	7.76506	0	0	0.95107	0	5.24282	10.38589	0	4.18139	0	0	0	0	5.83285	0	0	0	0	0	
0	0	0	0	0	0	0	0	0	0	0	0	0	0	0	0	0	6.69733	0	0	0	10.35891	8.97743	0	0	0	9.56589	0	0	0	0	0	0	7.62598	7.30332	0	0	0	0	0	0	0	0	0	0	0	0	0	0.55257	0	1.26303	0	0	0	0	8.11528	9.1188	10.11277	5.09307	4.29765	0	6.27025	5.75452	0	8.39331	7.55667	7.12952	7.27669	5.25137	3.82018	8.74887	6.10655	6.01217	4.33855	9.63511	7.19991	5.53117	0	8.89498	8.22215	0	0	7.40563	0	5.22493	8.81728	8.46675	3.49395	0	9.89427	0	0	0	0	0	0	8.43033	0	0	0	
0	0	0	0	0	0	0	0	6.86643	0	0	2.09309	0	0	0	0	0	0	0	0	0	0	0	0	0	0	0	0	0	0	0	0	0	0	0	0	0	0	0	9.47449	0	0	0	0	0	6.78394	0	7.52666	8.80302	0	0	9.32159	0	0	0	0	0	0	9.12147	0	6.98828	0	8.39393	8.99937	7.24266	5.15677	5.88979	0	0	6.18768	8.9646	5.93542	8.8182	7.6497	5.28807	9.37535	1.04655	0	0	6.70777	7.36838	7.96484	11.04034	11.2676	8.31369	0	0	0	0	0	5.82099	0	10.03742	0	0	0	0	0	0	0	
0	0	0	0	0	0	0	0	0	0	0	0	0	10.12391	0	0	0	0	0	2.61664	0	0	0	0	0	3.0611	0	0	0	0	0	0	0	0	7.95338	0	0	8.15251	0	0	9.46376	0	5.15106	12.22561	1.73695	0	0	0	0	0	5.65722	6.72152	0	0	8.32909	0	0	0	0	7.44558	6.18026	0	5.31036	8.14156	7.16788	3.83538	10.37198	6.27671	0	5.34302	6.08728	0	7.9151	6.18938	11.01194	7.10648	4.70201	5.03557	6.67708	4.49473	0	6.92784	10.18533	4.85186	3.29746	0	0	7.16319	3.73022	0	9.16972	0	0	7.59441	0	0	0	0	5.45858	0	
0	0	0	0	0	0	0	2.09309	0	0	0	0	0	0	0	0	0	0	0	0	0	0	10.40084	0	0	0	0	0	10.05597	0	0	0	0	0	10.04202	0	0	5.50246	0	0	0	1.23927	0	0	0	0	10.05818	0	0	0	0	0	9.80893	0	0	0	4.23623	4.15377	0	4.30681	10.75668	0	0	7.51767	0	2.821	0	9.13765	6.80172	10.42259	8.40996	7.59566	6.60877	4.67109	8.63199	7.19996	7.66619	5.27795	7.15184	7.10144	8.39867	8.23405	4.79407	0	5.93463	0	2.24282	5.85559	0	0	9.4436	8.92913	0	0	0	0	9.4761	0	0	0	
0	0	0	0	0	0	0	0	0.95107	0	0	0	0	0	0	0	0	0	0	0	0	0	0	0	0	0	0	0	0	0	0	0	0	0	0	0	0	6.49834	0	0	0	0	0	0	0	0	0	0	0	9.98001	0	5.36202	0	3.65531	0	0	3.7655	6.41244	0	0	6.13062	0	10.71707	12.75716	5.79698	6.63126	0	0	9.03161	7.43418	0	3.3692	6.14731	9.29772	7.42669	9.15295	0	4.40493	4.46777	7.2063	3.31373	9.75307	5.57487	0	0	0	4.61542	0	0	0	0	0	7.66412	6.82055	8.5784	0	0	0	0	0	
0	0	0	0	0	0	0	8.27795	0	0	0	0	0	0	0	0	0	0	0	0	0	0	0	0	0	0	0	0	0	0	0	0	0	0	0	0	0	4.94564	0	7.28906	0	0	0	0	0	0	0	0	0	0	4.52688	0	0	11.37772	6.83012	0	0	6.9837	9.34041	11.66574	0	1.92596	0	7.14059	8.44439	9.90194	0	0	7.73149	4.49601	7.94006	5.08199	4.23728	8.64211	4.96959	8.47476	6.27891	0	7.75898	6.66219	8.22162	10.71867	4.42922	5.50665	3.5178	0	0	2.63973	0	0	9.16972	0	0	0	0	2.3587	0	0	0	0	
0	0	0	0	0	0	0	0	0	0	0	0	0	0	0	0	0	0	0	0	0	0	0	0	0	9.91315	0	0	0	0	0	0	0	0	0	0	0	6.27671	0	0	0	0	0	0	11.14929	0	0	0	9.72231	0	0	0	0	0	0	1.92596	0	0	0	0	0	0	8.2453	0	0	6.47183	4.55419	9.61916	0.95107	7.20984	4.47199	0	8.24862	0	8.41444	6.6866	7.78961	6.48149	4.59954	6.66069	5.02017	0	5.9085	0	8.53912	5.71189	0	0	0	0	8.92853	0	0	0	0	0	0	1.51934	0	0	
0	0	0	0	0	0	0	0	0	0	0	0	5.05308	0	0	0	0	0	0	0	0	0	0	0	0	0	0	0	0	0	0	0	0	0	0	0	0	0	0	0	0	0	0	0	0	0	0	8.66885	0	0	2.72244	0	10.42259	0	0	0	0	0	0	6.05946	0	0	0	5.73706	2.61664	6.72788	9.48472	0	10.21905	0	0	9.02861	0	0	0	3.01551	6.43353	8.93643	6.94598	5.24435	0	6.89836	6.53634	5.89884	6.88327	5.62198	7.34961	0.55257	8.29305	0	0	0	0	5.24282	0	0	0	0	0	0	
0	0	0	0	0	0	0	0	0	0	0	0	0	0	0	0	0	0	0	0	0	0	0	0	0	0	0	0	0	0	0	0	10.96656	0	0	0	0	0	0	0	6.11127	0	0	0	0	0	0	0	0	0	0	0	0	0	0	0	5.51394	0	0	0	9.21269	0	0	2.52209	0	6.92912	0	0	6.62078	0	0	0	8.99865	0	0	1.26303	0	0	4.62106	9.2733	7.27563	6.61565	10.20372	0	3.49395	0	0	0	2.24282	0.95107	7.52133	5.11964	5.72688	0	0	0	0	0	0	0	
0	0	0	0	0	0	0	1.04655	0	0	0	0	0	0	0	0	0	0	0	0	0	0	0	0	0	0	0	7.99356	0	0	0	0	0	0	0	0	0	0	0	0	0	0	0	0	0	0	0	0	0	0	0	0	0	0	0	0	0	0	0	0	0	0	0	0	0	0	0	0	0	0	3.72111	4.96468	6.92217	2.37848	0	6.77782	6.40141	0	10.14321	6.08176	0	6.72443	0	8.00147	1.73695	9.7879	0	8.75084	0	3.49395	0	0.55257	0	0	0	9.97333	0	0	0	0	
0	0	0	0	0	0	0	0	0	0	0	0	0	0	0	0	0	0	0	0	6.47893	0	0	0	0	0	0	0	0	0	3.15916	0	0	0	0	0	0	0	0	0	0	0	0	0	0	0	0	0	0	0	0	0	0	0	0	0	0	0	0	12.23318	0	0	0	0	6.40141	8.50061	8.78176	5.49588	0	0	0	0	0	0	0	2.72244	5.18318	0	0	0	3.01043	0	0	0	5.07081	7.88952	7.68174	4.46425	9.42902	0	8.06066	7.263	8.40056	9.8357	0	7.6491	0	0	0	0	
0	0	0	0	0	0	0	0	0	0	0	0	0	0	0	0	0	0	0	0	0	0	0	0	0	0	0	0	0	0	0	0	0	0	0	0	0	0	0	0	0	0	0	0	0	0	0	0	4.94794	0	0	0	0	0	0	0	0	0	0	0	0	0	0	0	0	0	0	0	0	8.95726	12.16254	8.74614	7.37163	0	10.03623	6.95105	0	10.5129	5.13199	0	0	7.62543	7.68465	0	6.40109	0	3.43292	0	0	5.54939	0	1.8528	7.32982	0	3.86126	0	0	0	0	0	
0	0	0	0	0	0	0	0	0	0	0	0	0	0	0	8.19492	0	0	0	0	0	0	0	0	0	0	0	0	0	0	0	0	0	0	8.29305	0	0	0	0	0	0	0	0	0	0	0	0	0	0	0	0	0	0	0	0	0	0	0	0	0	0	0	0	0	0	0	0	5.57487	0	0	0	0	0	9.37833	0	0	0	2.11375	0	0	0	2.91326	0	0	5.32743	0	7.52969	3.7353	7.58392	9.49403	8.92022	0	10.1413	0	0	0	0	0	0	0	
0	0	0	0	0	0	0	0	0	0	0	0	0	0	0	0	0	0	0	0	0	0	0	0	0	0	0	0	0	0	0	0	0	0	0	0	0	0	0	0	0	0	0	0	0	0	0	0	7.85794	3.08177	0	0	0	0	0	0	0	0	0	11.49665	0	0	0	0	0	7.19874	0	0	0	0	0	5.64382	0	0	0	0	0	11.9008	0	5.81799	11.55487	0	0	8.57487	0	0	0	0	0	0	0	0	0	0	0	0	0	0	0	0	
0	0	0	0	0	0	0	0	0	0	0	0	0	0	0	0	0	0	0	0	0	0	0	0	0	0	0	0	0	0	0	0	0	0	0	0	0	0	0	0	0	0	0	0	0	0	0	0	0	0	0	0	0	0	0	3.17929	0	0	15.36081	0	0	0	0	0	6.40141	0	0	0	0	0	0	10.35942	0	4.90365	0	0	7.1008	0	0	0	4.31994	5.93706	4.34099	8.42663	0	0	0	7.95338	8.81674	0	4.81075	12.32907	10.75496	0	0	0	0	0	0	0	
0	0	0	0	0	0	0	0	0	0	0	0	0	0	0	0	0	0	0	0	0	0	0	0	0	0	0	0	0	0	0	0	0	0	0	0	0	0	0	0	0	0	0	0	0	0	0	0	0	0	0	0	0	0	0	0	0	0	0	0	0	0	0	0	0	0	0	0	0	0	0	0	0	0	0	0	0	0	0	0	0	0	0	0	0	0	0	0	0	0	0	9.05543	0	0	0	0	0	0	0	0	
0	0	0	0	0	0	0	0	0	0	0	0	0	0	0	0	0	0	0	0	0	0	0	0	0	0	0	0	0	0	0	0	0	0	0	0	0	0	0	0	0	0	0	0	0	0	0	0	0	0	0	0	0	0	0	0	0	0	0	0	0	0	0	0	0	0	0	0	0	0	8.5629	0	0	0	0	0	0	0	0	11.89604	0	0	0	9.39042	0	0	0	1.73695	0	0	5.64558	9.60359	0	0	0	0	0	0	0	0	
0	0	0	0	0	0	0	0	0	0	0	0	0	0	0	0	0	0	0	0	0	0	0	0	0	0	0	0	0	0	0	0	0	0	0	0	0	0	0	0	0	0	0	0	0	0	0	0	0	0	0	0	0	0	0	0	0	0	0	2.24282	0	0	0	0	0	0	0	0	0	0	6.1402	0	0	0	0	0	0	0	0	0	0	0	0	0	0	0	6.16855	0	0	0	0	0	0	0	0	0	0	0	0	0	
0	0	0	0	0	0	0	0	0	0	0	0	0	0	0	0	0	0	0	0	0	0	0	0	0	0	0	0	0	0	0	0	0	0	0	0	0	0	0	0	0	0	0	0	0	0	0	0	0	0	0	0	0	0	0	0	0	0	0	0	0	0	0	0	0	0	0	0	0	9.39742	6.01044	0	0	0	0	0	0	0	8.75863	0	0	0	0	0	0	0	0	0	7.75885	4.60482	0	0	0	0	0	0	0	0	0	0	
0	0	0	0	0	0	0	0	0	0	0	0	0	0	0	0	0	0	0	0	0	0	0	0	0	0	0	0	0	0	0	0	0	0	0	0	0	0	0	0	0	0	0	0	0	0	0	0	0	0	0	0	0	0	0	0	0	0	0	0	0	0	0	0	0	0	0	0	0	0	0	0	0	0	0	0	0	0	0	0	0	0	0	0	0	0	0.55257	0	0	0	0	0	0	0	0	0	0	0	0	0	
0	0	0	0	0	0	0	0	0	0	0	0	0	0	0	0	0	0	0	0	0	0	0	0	0	0	0	0	0	0	0	0	0	0	0	0	0	0	0	0	0	0	0	0	0	0	0	0	0	0	0	0	0	0	0	0	0	0	6.60877	0	0	0	0	0	0	0	0	0	0	0	0	0	0	0	0	5.89073	0	0	0	0	0	0	0	0	0	0	0	0	0	0	0	0	0	0	0	0	0	0	0	0	
0	0	0	0	0	0	0	0	0	0	0	0	0	0	0	0	0	0	0	0	0	0	0	0	0	0	0	0	0	0	0	0	11.59089	0	0	0	0	0	0	0	0	0	0	0	0	0	0	0	0	0	1.51934	0	0	0	0	0	0	0	0	0	0	0	6.31103	0	0	0	0	0	0	0	0	0	0	0	0	2.50246	0	0	0	0	0	0	0	0	0	0	0	0	0	0	0	0	0	0	0	0	0	0	0	0	
0	0	0	0	0	0	0	0	0	0	0	0	0	0	0	0	0	0	0	0	0	0	0	0	0	0	0	0	0	0	0	0	0	0	0	0	0	0	0	0	0	0	0	0	0	0	0	0	0	0	0	0	0	0	0	0	0	0	0	0	0	0	0	0	0	0	0	0	0	0	0	0	0	0	0	0	0	0	0	0	0	0	0	0	0	0	0	0	0	0	0	0	0	0	0	0	0	0	0	0	
0	0	0	0	0	0	0	0	0	0	0	0	0	0	0	0	0	0	0	0	0	0	0	0	0	0	0	0	0	0	0	0	0	0	0	0	0	0	0	0	0	0	0	0	0	0	0	0	0	0	0	0	0	0	0	0	0	0	0	0	0	0	0	0	0	0	0	0	0	0	0	0	0	0	0	0	0	0	0	0	0	0	0	0	0	0	0	0	0	0	0	0	0	0	0	0	0	0	0	0	
0	0	0	0	0	0	0	0	0	0	0	0	0	0	0	0	0	0	0	0	0	0	0	0	0	0	0	0	0	0	0	0	0	0	0	0	0	0	0	0	0	0	0	0	0	0	0	0	0	0	0	0	0	0	0	0	0	0	0	0	0	0	0	0	0	0	0	0	0	0	0	0	0	0	0	0	0	0	0	0	0	0	0	0	0	0	0	0	0	0	0	0	0	0	0	0	0	0	0	0	
0	0	0	0	0	0	0	0	0	0	0	0	0	0	0	0	0	0	0	0	0	0	0	0	0	0	0	0	0	0	0	0	0	0	0	0	0	0	0	0	0	0	0	0	0	0	0	0	0	0	0	0	0	0	0	0	0	0	0	0	0	0	0	0	0	0	0	0	0	0	0	0	0	0	0	0	0	0	0	0	0	0	0	0	0	0	0	0	0	0	0	0	0	0	0	0	0	0	0	0	
0	0	0	0	0	0	0	0	0	0	0	0	0	0	0	0	0	0	0	0	0	0	0	0	0	0	0	0	0	0	0	0	0	0	0	0	0	0	0	0	0	0	0	0	0	0	0	0	0	0	0	0	0	0	0	0	0	0	0	0	0	0	0	0	0	0	0	0	0	0	0	0	0	0	0	0	0	0	0	0	0	2.72244	0	0	0	0	0	0	0	0	0	0	0	0	0	0	0	0	0	0	
0	0	0	0	0	0	0	0	0	0	0	0	0	0	0	0	0	0	0	0	0	0	0	0	0	0	0	0	0	0	0	0	0	0	0	0	0	0	0	0	0	0	0	0	0	0	0	12.28077	0	0	0	0	0	0	0	0	0	0	0	0	0	0	0	0	0	0	0	0	0	0	0	0	0	0	10.14771	0	0	0	0	0	0	0	0	0	0	0	0	0	0	0	0	0	0	0	0	0	0	0	0	0	
