0	0	0	0	0	0	0	0	0	0	0	0	0	0	0	0	0	0	0	0	0	0	0	0	0	0	0	0	0	0	0	0	0	0	0	0	0	0	0	0	0	0	0	0	0	0	0	0	0	0	0	10.81292	0	0	0	0	0	0	0	0	0	0	0	0	0	0	0	0	0	0	0	0	0	0	0	0	0	0	0	0	0	0	0	0	0	0	0	0	0	0	0	0	0	0	0	0	0	0	0	0	
0	0	0	0	0	0	0	0	0	0	0	0	0	0	0	0	0	0	0	0	0	0	0	0	0	0	0	0	0	0	0	0	0	0	0	0	0	0	0	0	0	0	0	0	0	0	0	13.20794	0	0	0	0	0	0	0	0	0	0	0	0	0	0	0	8.82072	0	0	0	0	0	0	0	0	0	0	0	0	0	0	0	0	0	0	0	0	0	0	0	0	0	0	0	0	0	0	0	0	0	0	0	0	
0	0	0	0	0	0	0	0	0	0	0	0	0	0	0	0	0	0	0	0	0	0	0	0	0	0	0	0	0	0	0	0	0	0	0	0	0	0	0	0	0	0	0	0	0	0	0	0	0	0	0	0	0	0	9.29882	0	0	0	0	0	0	0	0	0	0	0	0	0	0	0	0	0	0	0	0	0	0	0	0	0	0	0	0	0	0	0	0	0	0	0	0	0	0	0	0	0	0	0	0	0	
0	0	0	0	0	0	0	0	0	0	0	0	0	0	0	0	0	0	0	0	0	0	0	0	0	0	0	0	0	0	0	0	0	0	0	0	0	0	0	0	0	0	0	0	0	0	10.84077	10.93903	0	0	0	0	0	0	0	0	0	0	0	0	0	0	0	0	0	0	0	0	0	0	0	0	0	0	0	0	0	0	0	0	0	0	0	0	0	0	0	0	0	0	0	0	0	0	0	0	0	0	0	0	
0	0	0	0	0	0	0	0	0	0	0	0	0	0	0	0	0	0	0	0	0	0	0	0	0	0	0	0	0	0	0	0	0	0	0	0	0	10.48738	0	0	0	0	0	11.41144	0	0	0	0	0	0	0	0	0	0	0	0	0	0	0	0	0	0	0	0	0	0	0	0	0	0	0	0	0	0	0	0	0	0	0	0	0	0	0	0	0	0	0	0	0	0	0	0	0	0	0	0	0	0	0	0	
0	0	0	0	0	0	0	0	0	0	0	0	0	0	0	0	0	0	0	0	0	0	0	0	0	0	0	0	0	0	0	0	0	0	0	0	0	0	0	0	0	0	0	0	0	0	0	0	0	0	0	0	0	0	0	0	0	0	0	0	0	0	0	0	0	0	0	0	0	0	0	0	9.22309	0	0	0	0	0	0	0	0	0	0	0	0	0	0	0	0	0	0	0	0	0	0	0	0	0	0	0	
0	0	0	0	0	0	0	0	0	0	0	0	0	0	0	0	0	0	0	0	0	0	0	0	0	0	0	0	0	0	0	0	0	0	0	0	0	0	0	0	0	0	0	0	0	0	0	0	0	0	0	0	0	0	0	0	0	0	0	0	0	0	0	0	0	0	0	0	0	0	0	0	0	0	11.13976	0	0	0	0	0	0	0	0	0	0	0	0	0	0	0	0	0	0	0	0	0	0	0	0	0	
0	0	0	0	0	0	0	0	0	0	0	0	0	0	0	0	0	0	0	0	0	0	0	0	0	0	0	0	0	0	0	0	0	0	0	0	0	0	0	0	0	0	0	0	0	0	0	0	0	0	0	9.65014	0	0	0	10.92894	0	0	1.49477	0	0	0	0	0	0	0	0	0	0	0	0	0	0	0	0	0	0	0	0	0	0	0	0	0	0	0	0	0	0	0	0	0	0	0	0	0	0	0	0	0	
0	0	0	0	0	0	0	0	0	0	0	0	0	0	0	0	0	0	0	0	0	0	0	0	0	0	0	0	0.6036	0	0	0	0	0	0	0	0	0	0	0	0	0	0	0	0	0	0	0	0	0	0	0	0	0	0	0	0	0	0	0	0	0	0	0	0	0	0	8.3381	0	0	0	0	0	0	0	0	0	0	0	0	0	0	0	0	0	0	0	0	0	0	0	0	0	0	0	0	0	0	0	0	
0	0	0	0	0	0	0	0	0	0	0	0	0	0	0	0	0	0	0	0	0	0	0	0	0	0	0	0	0	0	0	0	0	0	0	0	0	0	0	0	0	0	0	0	0	0	0	0	0	0	0	0	0	0	0	6.35366	0	0	0	0	0	0	0	0	0	0	0	0	0	0	0	0	0	0	0	0	0	0	0	0	0	0	0	0	0	0	0	0	0	0	0	0	0	0	0	0	0	0	0	0	
0	0	0	0	0	0	0	0	0	0	0	0	0	0	0	0	0	0	0	0	0	0	0	0	0	0	0	0	0	0	0	0	0	0	0	0	0	0	0	0	0	0	0	0	0	0	0	0	0	0	0	0	0	0	0	0	0	0	0	0	0	0	0	0	0	0	0	11.10836	0	0	0	0	0	0	0	0	0	0	0	0	0	0	0	0	0	0	0	0	0	0	0	0	0	0	0	0	0	0	0	0	
0	0	0	0	0	0	0	0	0	0	0	0	0	0	0	0	0	0	0	0	0	0	0	0	0	0	0	0	0	0	0	0	0	0	0	0	0	0	0	0	0	0	0	0	0	0	0	0	0	0	0	0	7.59207	0	0	0	1.45118	0	0	0	0	0	0	0	0	0	0	0	0	0	0	0	0	0	0	0	0	0	0	0	0	0	0	0	0	0	0	0	0	0	0	0	0	0	0	0	0	0	0	0	
0	0	0	0	0	0	0	0	0	0	0	0	0	0	0	0	0	0	0	0	0	0	0	0	0	0	0	0	0	0	0	0	0	0	0	0	0	0	0	0	0	0	0	0	0	0	0	0	4.35618	0	0	0	11.62249	0	0	0	0	0	0	0	0	0	0	0	0	0	0	5.31111	0	0	0	0	0	0	0	0	0	0	0	0	0	0	0	0	0	0	0	0	0	0	0	0	0	0	0	0	0	0	0	0	
0	0	0	0	0	0	0	0	0	0	0	0	0	0	0	0	0	0	0	0	0	0	0	0	0	0	0	0	0	0	13.40532	0	0	0	0	0	0	0	0	3.29737	0	0	0	0	0	0	0	9.00413	0	0	0	0	0	0	0	0	0	5.7956	3.57399	0	10.2932	0	0	11.48086	0	0	0	0	0	0	0	0	0	0	0	0	0	0	0	0	0	0	0	0	0	0	0	0	0	0	0	0	0	0	0	0	0	0	0	0	
0	0	0	0	0	0	0	0	0	0	0	0	0	0	0	0	0	0	0	0	0	0	0	0	0	0	0	0	0	0	0	0	0	0	0	0	0	0	0	0	0	0	0	0	0	0	0	0	0	0	0	0	0	0	5.00051	0	0	0	0	0	0	0	0	0	0	0	0	0	0	0	0	0	0	0	0	0	0	0	0	0	0	0	0	0	0	0	0	0	0	0	0	0	0	0	0	0	0	0	0	0	
0	0	0	0	0	0	0	0	0	0	0	0	0	0	0	0	0	0	0	0	0	0	0	0	0	0	0	0	0	0	0	0	0	0	0	0	0	0	0	0	0	0	13.54498	0	0	0	0	0	0	0	0	0	9.50782	0	0	0	0	0	0	11.87321	0	0	0	0	0	0	0	0	0	0	0	4.98411	0	0	0	0	0	0	0	0	0	0	0	0	0	0	0	0	0	0	0	0	0	0	0	0	0	0	0	0	
0	0	0	0	0	0	0	0	0	0	0	0	0	0	0	0	0	0	0	0	0	0	0	0	0	0	0	0	0	0	0	0	0	0	0	0	0	0	0	0	0	0	0	8.13531	0	0	0	11.85666	0	0	0	9.13284	0	0	0	0	0	0	4.28977	0	0	0	0	0	0	0	0	0	0	0	0	0	0	0	0	0	0	0	0	0	0	0	0	0	0	0	0	0	0	0	0	0	0	0	0	0	0	0	0	0	
0	0	0	0	0	0	0	0	0	0	0	0	0	0	0	0	0	0	0	0	0	0	0	0	0	0	0	0	0	0	0	0	0	0	0	0	0	0	0	0	0	0	8.04645	0	0	0	0	0	0	0	0	0	0	0	0	8.25708	0	0	0	0	0	0	0	0	0	0	2.3662	0	3.75141	0	0	0	0	0	0	0	0	0	0	0	0	0	0	0	0	0	0	0	0	0	0	0	0	0	0	0	0	0	0	0	
0	0	0	0	0	0	0	0	0	0	0	0	0	0	0	0	0	0	0	0	0	0	0	0	0	0	0	0	0	0	0	0	0	0	0	0	0	0	0	0	12.6862	0	0	0	0	0	0	0	0	0	0	0	0	0	0	0	0	0	0	0	0	0	0	0	0	0	0	0	0	0	0	0	0	0	0	0	0	0	0	0	0	0	0	0	0	0	0	0	0	0	0	0	0	0	0	0	0	0	0	0	
0	0	0	0	0	0	0	0	0	0	0	0	0	0	0	0	0	0	0	0	0	0	0	0	0	0	0	0	0	0	0	0	0	0	0	0	0	0	0	0	0	0	0	0	0	0	0	10.73151	0	0	5.27902	0	0	0	0	0	0	0	0	0	0	0	0	0	0	0	0	0	0	0	0	0	0	0	0	0	7.70413	0	0	0	0	0	0	0	0	0	0	0	0	0	0	0	0	0	0	0	0	0	0	0	
0	0	0	0	0	0	0	0	0	0	0	0	0	0	0	0	0	0	0	0	0	0	0	0	0	0	0	0	0	0	0	0	0	0	0	0	0	0	0	0	0	0	0	0	0	0	0	8.46331	0	0	8.59124	10.89923	0	0	0	0	5.88035	0	8.45799	0	9.90956	0	0	0	0	9.11844	0	0	0	0	0	0	0	0	0	0	0	0	0	0	0	0	0	0	0	0	0	0	0	0	0	0	0	0	0	0	0	0	0	0	
0	0	0	0	0	0	0	0	0	0	0	0	0	0	0	0	0	0	0	0	0	0	0	0	0	0	0	0	0	0	0	0	0	0	0	0	0	0	0	0	0	9.51039	0	0	0	0	0	0	0	0	0	0	0	0	0	0	0	0	0	0	0	0	0	0	0	0	0	0	1.49477	0	0	0	0	0	0	0	0	0	0	0	0	0	0	0	0	0	0	0	0	0	0	0	0	0	0	0	0	0	0	0	
0	0	0	0	0	0	0	0	0	0	0	0	0	0	0	0	0	0	0	0	0	0	0	0	0	0	0	0	0	0	0	0.6036	0	0	0	0	0	0	0	0	0	0	0	0	0	0	0	9.80495	0	0	0	0	0	0	0	0	0	0	0	0	0	0	0	0	0	0	0	3.66543	0	0	0	0	0	0	0	0	0	0	0	0	0	0	0	0	0	0	0	0	0	0	0	0	0	0	0	0	0	0	0	0	
0	0	0	0	0	0	0	0	0	0	0	0	0	0	0	0	0	0	0	0	0	0	0	0	0	0	0	0	0	0	0	13.27071	0	0	0	0	0	0	0	0	0	0	0	0	0	0	0	0	0	0	0	0	0	0	0	0	0	0	0	0	0	0	0	0	0	0	0	0	0	0	0	0	0	0	0	0	0	0	0	0	0	0	0	0	0	0	0	0	0	0	0	0	0	0	0	0	0	0	0	0	
0	0	0	0	0	0	0	0	0	0	0	0	0	0	0	0	0	0	0	0	0	0	0	0	0	0	0	0	0	0	0	0	0	0	0	0	0	0	0	0	0	0	0	9.74464	0	0	0	0	0	16.03108	0	0	0	0	10.20007	0	0	0	0	0	0	0	0	0	0	0	0	0	0	0	0	0	0	0	0	0	0	0	0	0.74739	0	0	0	0	0	0	0	0	0	0	0	0	0	0	0	0	0	0	0	0	
0	0	0	0	0	0	0	0	0	0	0	0	0	0	0	0	0	0	0	0	0	0	0	0	0	0	0	0	0	0	0	0	12.13169	0	0	0	0	0	0	0	0	0	0	0	0	0	0	5.00759	0	0	5.54134	0.7264	0	0	0	0	0	0	8.31588	0	0	0	0	0	0	0	0	0	0	0	4.8734	0	0	0	0	0	0	0	0	0	0	0	0	0	0	5.62313	0	0	0	0	0	0	0	0	0	0	0	0	0	0	
0	0	0	0	0	0	0	0	0	0	0	0	0	0	0	0	0	0	0	0	0	0	0	0	0	0	0	0	0	0	0	0	0	0	0	0	0	0	0	9.75941	0	0	0	0	14.95297	0	3.66543	0	0	0	0	0	0	0	0	0	0	0	0	0	0	0	0	0	0	0	0	0	0	0.33308	0	0	0	0	0	0	0	0	0	0	0	0	0	0	0	0	0	0	0	0	0	0	0	0	0	0	0	0	0	0	
0	0	0	0	0	0	0	0	0	0	0	0	0	0	0	0	0	0	0	0	0	0	0	0	0	0	0	0	0	0	0	0	0	0	0	9.85598	0	0	0	0	0	0	0	0	0	0	0	8.13309	0	0	0	0	0	6.38218	0	0	0	0	0	0	9.53029	0	0	0	0	0	0	0	0	0	0	0	0	0	0	0	0	0	0	0	0	0	0	0	0	0	0	0	0	0	0	0	0	0	0.83123	0	0	0	0	0	
0	0	0	0	0	0	0	0	0	0	0	0	0	0	0	0	0	0	0	0	0	0	0	0	0	0	0	0	0	0	0	0	0	0	0	0	0	0	0	0	0	14.52884	0	0	0	0	0	0	0	0	0	0	0	0	0	0	0	0	0	0	0	0	0	0	0	0	0	0.33308	0	0	0	8.00037	0	0	0	0	0	0	0	0	0	0	0	0	0	0	0	0	0	0	0	0	0	0	0	0	0	0	0	0	
0	0	0	0	0	0	0	0	0	0	0	0	0	0	0	0	0	0	0	0	0	0	0	0	0	0	0	0	0	0	0	0	0	0	0	0	0	0	0	0	9.54792	0	0	0	9.81538	0	0	4.72856	0	0	0	13.26108	0	0	0	10.36628	0	0	7.06874	0	5.6834	0	0	0	0	0	0	0	1.49477	0	0	0	0	0	0	0	0	0	0	0	0	0	0	0	0	0	0	0	0	0	0	0	0	0	0	4.76733	0	0	0	0	
0	0	0	0	0	0	0	0	0	0	0	0	0	0	0	0	0	0	0	0	0	0	0	0	0	0	0	0	0	0	0	0	0	0	0	0	0	0	0	0	0	0	0	0	13.64967	0	0	0	0	1.35524	0	0	3.33498	0	0	0	0	7.68786	0	0	0	5.70512	0	0	0	0	0	0	0	0	0	0	0	0	0	0	0	0	0	0	0	0	0	0	0	0	0	0	0	0	0	0	0	0	0	0	0	0	0	0	
0	0	0	0	0	0	0	0	0	0	0	0	0	0	0	0	0	0	0	0	0	0	0	0	0	0	0	0	0	0	0	0	0	0	0	0	0	0	0	0	0	0	0	11.52807	0	0	12.33952	0	0	0	9.60726	0	0	0	0	0	0	0	0	2.21301	0	0	0	0	9.64332	0	0	0.33308	0	0	0	0	10.88146	0	0	0	1.73885	0	0	0	0	0	0	0	0	0	0	0	0	0	0	0	0	0	0	0	0	0	0	0	
0	0	0	0	0	0	0	0	0	0	0	0	0	0	0	0	0	0	0	0	0	0	0	0	0	0	0	0	0	0	0	0	0	0	0	0	0	0	0	0	0	0	0	0	0.33308	6.03156	0	11.43491	0	0	0	10.47557	8.07035	0	0	8.75111	0	0	0	0	0	0	0	0	0	0	0	4.18133	0	0	0	0	0	11.78719	0	0	0	0	0	0	0	0	0	0	0	0	0	0	0	0	0	0	0	0	0	0	0	0	0	0	
0	0	0	0	0	0	0	0	0	0	0	0	0	0	0	0	0	0	0	0	0	0	0	0	0	0	0	0	0	0	0	0	0	0	0	0	0	13.77658	0	0	0	0	0	0	0	0	0	0	0	0	0	8.05952	0	0	14.78607	0	7.47689	0	0	2.21301	0	2.12981	0	0	0	0	0	0	0	0	0	0	0	0	6.21493	3.54218	0	0	0	0	0	0	0	0	0	0	0	0	0	0	0	0	0	0	0	0	0	0	0	0	
0	0	0	0	0	0	0	0	0	0	0	0	0	0	0	0	0	0	0	0	0	0	0	0	0	0	0	0	0	0	0	0	0	0	0	0	0	0	0	0	0	0	14.1778	0	0	10.48294	0	12.9278	0	0	8.17907	0	11.02108	0	8.73449	0	0	0	0	0	0	0	0	13.99178	0	0	0	2.69031	0	0	9.30298	0	0	0	0	0	0	0	6.31653	0	0	0	0	0	0	0	0	0	0	0	0	0	0	0	0	0	0	0	0	0	
0	0	0	0	0	0	0	0	0	0	0	0	0	0	0	0	0	0	0	0	0	0	0	0	0	0	0	0	0	0	0	0	0	0	0	0	0	0	0	0	0	0	0	0	0	0	0	8.47494	7.87986	0	0	10.78409	0	0	0	0	0	0	0	0	0	0	0	0	3.50965	0	0	0	0	0	0	0	0	0	0	0	0	0	0	0	0	0	0	0	0	0	0	0	0	0	5.60858	0	0	0	0	0	0	0	0	0	
0	0	0	0	0	0	0	0	0	0	0	0	0	0	0	0	0	0	0	0	0	0	0	0	0	0	0	0	0	0	0	0	0	0	0	0	0	0	0	0	0	0	0	0	0	0	0	8.60574	0	0	0	0	10.87269	1.35524	0	0	0	0	16.09684	13.33992	0	0	0	0	0	0	0	0	0	0	0	0	0	0	0	0	0	0	0	0	0	0	0	0	0	0	0	0	0	0	0	0	0	0	0	0	0	0	7.11813	0	
0	0	0	0	0	0	0	0	0	0	0	0	0	0	0	0	0	0	0	0	0	0	0	0	0	0	0	0	0	0	0	0	0	0	0	0	0	0	0	0	0	0	9.82119	0	0	0	0	0	0	9.6044	0	7.21716	0	8.60959	0	0	0	0	0	0	0	0	0	0	11.59186	0	0	0	0	0	0	0	0	0	0	0	13.35563	0	0	0	0	0	0	0	0	0	0	0	0	0	0	0	0	0	0	0	0	0	0	0	
0	0	0	0	0	0	0	0	0	0	0	0	10.2797	0	0	0	0	0	0	0	0	0	0	0	0	0	0	0	0	0	8.92539	0	0	0	0	0	0	0	0	0	0	0	11.15614	0	0	0	0	9.96723	0	0	10.92336	0	0	6.8787	7.52448	0	9.13062	0	0	0	0	0	0	8.37352	7.22218	9.15505	0	0	0	0	0	0	0	0	0	0	0	0	0	0	0	0	0	0	0	0	0	0	0	0	0	0	0	0	0	0	0	0	0	0	
0	0	0	0	0	0	0	0	0	0	0	0	0	0	0	0	0	0	0	0	0	0	0	0	0	0	0	0	0	0	0	0	0	0	0	0	0	0	0	0	0	0	0	0	0	10.88439	0.33308	0	0.6036	14.21938	0	8.69838	6.85133	0	9.69803	6.43018	0	0	0	0	11.02198	0	0	0	0	0	0	0	0	4.87484	0	0	0	0	0	0	3.98761	0	0	0	0	0	0	0	0	0	0	0	0	0	0	0	0	0	0	0	0	0	0	0	
0	0	0	0	0	0	0	0	0	0	0	0	0	0	0	9.76975	0	0	0	0	0	0	0	0	0	0	0	0	0	0	0	0	0	0	0	0.6036	10.92509	0	0	0	0	0	0	3.25873	0	11.66257	7.71595	7.75705	1.35524	9.06347	0	0	4.79458	0	10.61281	0	0	0	0	9.16618	0	6.54238	0	4.26167	0	8.98872	0	0	11.36132	0	5.73357	0	0	0	0	10.09784	0	0	0	3.90589	0	0	0	0	0	0	0	0	0	0	7.94973	0	0	0	0	0	0	0	0	0	
0	0	0	0	0	0	0	0	0	0	0	0	0	0	0	0	0	0	0	0	0	0	0	0	0	0	8.95439	0	0	0	0	4.16052	0	0	4.56056	0	0	0	0	0	10.82799	0	0	0	0	0	0	0	6.18971	0.89709	0.83123	10.67326	8.90833	0	11.38155	0	6.10961	0	2.39144	0	0	9.15833	0	0	0	8.25586	0	0	0	0	0	0	0	9.36112	0	0	0	0	0	0	0	0	0	0	0	0	0	0	0	0	0	0	0	0	0	0	0	0	0	0	
0	0	0	0	0	0	0	0	0	0	0	0	0	0	0	0	0	0	0	8.07035	0	0	0	0	0	0	0	0	0	0	0	0	0	0	0	0	0	0	0	0	0	0	0	12.93039	0	0	9.34277	11.49495	12.24889	0	10.13424	7.33191	10.83134	0	0	0	12.53453	0	0	7.54995	8.28708	0	0	12.29473	0	8.04787	0	3.75141	0	0	0	0	0	0	0	0	0	0	0	0	0	0	0	0	0	0	0	0	0	0	7.32906	0	0	0	0	0	0	0	0	0	
0	0	0	0	0	0	0	0	0	0	0	0	7.47689	0	0	0	0	0	0	10.2615	0	0	0	0	0	0	0	0	0	0	0	0	0	6.84295	0	0	0	0	0	0	0	6.19903	13.2079	0	8.50943	0	0	3.79977	9.64986	0	0	8.34458	6.85334	1.20082	9.03524	0	5.34329	4.75391	7.61106	0	0	0	0	0	5.72651	0	0	0	0	0	0	0	0	0	0	0	0	0	11.5268	0	0	0	0	0	0	0	0	0	0	0	0	0	0	0	0	0	0	0	0	0	
0	0	0	0	0	0	0	0	0	0	0	0	0	0	0	0	0	0	0	0	0	0	0	13.11916	0	0	0	0	0	0	0	0	0	0	0	0	0	0	11.2968	0	0	0	7.63653	8.6115	0	0	10.95339	5.86768	0	10.98166	8.70247	8.35186	0	0	0	0	0	6.77591	13.74395	9.87087	10.29648	0	0	0	7.04056	0	0	0	0	0	0	0	0	0	0	0	0	0	0	0	0	0	0	0	0	0	0	0	0	0	0	0	0	0	0	0	0	0	0	0	
0	0	9.12583	0	0	0	0	0	0	0	0	0	0	0	0	0	0	0	0	0	0	0	0	0	0	0	0	0	0	0	0	0	0	0	0	0	0	0	0	0	9.97486	0	0	0	0	8.738	0	7.48029	10.20833	12.29142	0	7.6171	8.81906	8.59852	0	10.9803	0	0	2.5047	0	7.57344	0	6.89702	9.27905	0	0	0	0	0	0	0	7.85302	0	0	0	0	0	0	0	0	0	0	0	0	0	0	0	0	0	0	0	0	0	0	0	0	0	0	0	0	
0	0	0	0	0	0	0	0	0	0	0	8.85592	0	0	0	0	0	0	0	0	0	0	0	0	0	0	0	0	0	0	0	0	7.88463	0	0	0	0	9.32521	13.19434	4.98411	1.84695	8.5312	0	0	11.75534	7.55901	10.93275	5.0823	10.41702	0	13.76772	0	2.25606	3.6346	0	10.6484	3.82767	6.3332	0	0	0	0	0	0	0	0	0	9.01937	0	0	0	0	3.09297	0	0	3.21904	0	0	10.05403	0	0	0	0	0	0	0	0	0	0	0	0	0	0	0	0	7.7151	0	0	0	0	
0	0	0	0	0	0	0	0	0	0	0	0	0	0	0	0	0	0	0	0	0	0	0	0	0	0	0	0	0	0	0	0	0	0	5.42015	8.58058	0	0	0	5.96113	0	13.6217	0	9.44464	13.83602	9.99835	9.72834	7.93433	1.27803	11.01255	10.93256	9.60534	0.83123	8.34877	0	0	6.18592	0	0	3.97981	7.79298	0	0.33308	0	0	0	0	0	0	0	0	0	0	0	0	0	0	0	3.80601	0	0	0	0	0	0	0	0	12.55958	0	0	0	0	0	0	0	0	0	0	0	0	
0	0	0	0	0	0	0	0	9.81705	0	9.56978	0	0	0	0	0	0	0	0	0	0	0	0	0	0	0	8.32058	0	0	0	0	0	0	0	0	0	0	10.72775	12.08226	0	8.88813	9.08984	0	7.42768	0.33308	11.10249	7.96333	7.70651	8.96065	8.56194	0	7.1688	0	0	0	0	6.34583	4.31911	0	0	0	0	1.35524	0	0	0	12.41175	0	0	0	0	0	0	0	0	0	0	0	0	0	0	0	0	0	0	0	0	0	0	0	0	0	0	0	0	0	0	0	0	0	
0	0	0	0	0	0	0	0	0	0	0	10.84179	0	0	7.03588	0	0	0	0	0	0	0	0	0	0	0	0	0	0	0	0	10.70862	0	0	5.24348	0	10.68469	0	0	9.9857	0	0	10.69839	8.37977	11.57068	7.55726	9.83998	8.2445	4.52752	9.17918	6.46244	10.17326	9.44779	8.37283	0	5.62386	10.17064	0	0	5.26313	7.38796	4.59538	0	6.49746	0	0	0	0	0	0	0	0	0	0	0	6.42213	0	0	0	0	0	0	0	4.94814	0	0	0	0	0	0	0	0	0	0	0	0	0	0	0	0	
0	0	0	0	0	0	0	0	0	0	0	0	14.41796	0	0	0	0	0	0	0	0	0	0	0	0	0	0	0	0	9.3335	0	0	9.98286	0	3.21904	0	12.25227	0	12.6757	10.59402	9.97153	10.50219	5.94786	5.5249	8.55595	4.16524	9.32888	11.16467	10.47848	8.98795	8.92432	12.94231	8.94681	5.31849	4.58699	6.0836	8.67104	0	0	8.34499	7.35629	0	0	0	0	0	0	0	0	0	0	0	0	9.66807	0	0	0	0	0	0	10.29827	0	0	0	0	0	0	0	0	0	0	0	0	0	0	0	0	0	0	0	
0	0	0	0	0	0	0	12.53093	0	0	0	10.09058	0	0	0	0	0	0	0	0	0	0	0	0	0	0	0	8.75372	0	0	1.49477	0	11.02162	0	0	0	10.44849	9.17269	7.98173	9.46751	9.55182	5.36081	0	9.27967	9.27255	9.72218	8.41909	7.26839	10.85992	9.94473	3.88865	9.41324	8.76406	9.51757	8.72044	5.44108	10.09606	4.86353	5.55548	8.92153	7.48925	12.31097	4.66764	0	10.78728	0	0	0	0	0	0	0	0	12.71357	0	0	0	0	0	0	0	0	0	0	0	0	0	0	0	0	0	0	0	0	0	0	0	0	0	0	
9.21303	0	0	0	0	0	0	0	6.0287	0	0	0	10.44554	0	0	0	0	0	0	0	0	0	0	0	11.61915	0	0	8.04361	0	0	0	0	15.82645	0	10.76912	7.99156	0	6.73761	10.68533	6.92534	8.04219	9.29243	6.44174	10.39101	11.0963	9.48696	7.5623	10.07425	5.09695	2.04813	10.37435	5.97188	5.68818	2.91858	11.27652	7.96004	9.79949	7.79677	0	10.92474	4.47889	1.49477	0	7.44187	0	7.38123	0	0	0	0	0	0	0	0	0	0	0	0	0	0	0	0	3.61802	0	0	2.3749	0	0	0	0	0	0	0	0	0	0	0	0	0	0	
0	0	0	12.62854	0	0	0	0	0	0	0	0	0	0	0	0	0	0	8.61438	0	0	13.47858	0	5.84206	12.00694	6.48078	0	0	9.72529	10.00053	11.9357	0	5.48852	0	0	0	0	9.74116	10.68523	7.82651	8.29553	5.7694	8.32316	9.23016	9.01692	9.82931	7.05632	8.40677	8.58544	5.75923	10.0498	8.20481	10.86664	7.00345	5.16388	9.158	0	6.79125	4.49987	8.26156	0	1.02786	11.02288	0	0	0	0	0	0	3.13622	0	0	7.51016	0	0.83123	9.0085	11.22175	4.15127	0	0	0	0	0	0	0	0	0	0	0	0	0	0	0	0	0	0	0	0	0	0	
8.96417	0	0	0	11.06424	8.63961	0	0	0	0	0	0	0	0	0	0	0	8.98058	0	0	0	0	0	0	10.1495	0	9.05866	7.61876	0	11.80059	10.00538	0	0	0	10.86086	8.88633	5.39517	11.43909	10.43691	10.11486	7.39456	9.1484	9.2661	8.65019	8.75249	9.01632	9.65629	8.71914	7.55181	10.17974	4.03989	9.62285	7.68422	6.77657	7.88932	8.60741	8.66252	3.3894	5.74017	9.55819	14.53924	0	4.28461	7.44068	9.66978	11.0906	8.62997	0	0	0	0	0	0	0	4.18133	0	0	0	0	0	0	0	0	0	0	0	0	0	0	0	0	0	0	0	0	0	0	0	0	0	
0	0	0	0	0	0	0	0	5.29211	0	8.0966	0	0	0	0	0	7.97378	13.33097	10.39384	6.96158	11.78124	5.60267	0	0	0	12.7682	0	11.26351	5.35207	10.8206	0	9.84176	10.3119	7.03093	9.25467	13.01631	6.37256	6.86625	9.94524	9.77312	9.34995	8.05879	5.40221	7.65193	9.30761	7.33367	8.29922	7.51564	8.18333	7.13669	7.58329	10.78047	8.23147	8.56527	5.6108	5.99507	5.54215	8.36103	0	9.28627	5.55935	6.75506	7.63225	0	7.32114	10.09229	10.05368	0	0	0	0	6.96158	0	0	8.24231	0	0	0	8.74588	0	0	0	0	0	0	11.399	0	0	0	0	0	0	0	0	0	0	0	0	0	0	
0	9.86525	0	0	5.2135	8.88633	0	0	0	0	0	0	0	0	4.02898	9.13453	0	10.33239	8.87793	0	6.81619	0	1.62195	0	0	0	0	0	11.04212	10.19592	7.263	0	11.70494	6.32273	10.90608	8.52314	10.01656	8.38026	8.1713	8.89858	8.43703	8.37597	8.67773	8.0067	8.72367	8.11054	7.96131	8.76711	8.12217	8.02714	6.63404	7.4358	6.51343	4.36193	7.72021	5.75946	2.04156	9.51527	7.9611	4.4553	0	8.58632	0	11.25264	10.46044	0.6036	6.40924	10.09778	0	0	0	0	0	0	0	4.11799	0	0	0	0	8.33727	0	0	0	0	0	0	0	0	0	0	0	0	0	0	0	0	0	0	0	
0	10.85074	8.9791	0	8.95474	0	0	0	0	0	7.42114	0	0	0	8.4026	6.59759	0	7.80978	0	0	5.93687	5.97311	8.20298	7.99588	10.43421	10.06247	0	4.396	8.9392	8.71366	10.87449	9.50215	11.04449	10.67916	9.67127	4.79736	9.0111	8.43648	8.35163	8.26067	8.00765	7.80755	7.70712	5.7682	7.33561	6.70986	8.27354	6.89883	8.39359	8.46724	7.59029	7.88304	7.85647	7.57323	6.10913	6.8102	7.75614	5.22417	8.33055	7.30982	0	5.23583	8.57157	8.82923	2.17809	0	1.49477	0	0	0	0	5.22356	0	0.83123	9.28086	0	6.97951	0	0.33308	0	0	0	0	5.05468	0	1.58911	0	0	0	0	0	0	0	0	0	0	0	0	0	0	
0	0	0	0	0	0	0	0	8.01203	0	7.71487	12.8852	0	0	0	0	0	0	9.46339	0	4.09625	0	0	0	0	3.57399	10.02455	0	0.6036	7.92682	5.74582	6.71638	8.36672	8.03021	9.02266	8.94728	7.17254	9.22269	9.331	9.76711	5.11384	7.11734	8.20043	7.27933	7.79535	8.30744	6.57203	6.91202	7.76459	8.36675	8.34743	7.52709	7.5447	6.91798	7.01465	9.20745	7.94274	9.1085	10.10324	5.66527	10.2953	5.20624	6.45683	5.34565	0	7.53896	0	8.85123	0	0	0	0	0	0	0	0	0	0	0.83123	0	0	5.00759	0	0	0	0	0	7.90387	4.02898	9.47975	0	0	0	0	0	0	0	0	0	0	
0	0	0	0	0	0	0	0	12.01594	9.10421	3.01584	3.25873	0	14.63555	0	0	0	0	9.56929	5.08484	0	0	0.33308	9.98355	8.59996	3.57399	11.71935	8.79486	3.8663	9.54835	0	6.22567	4.33807	4.69869	5.24328	9.95467	8.73306	6.11377	5.43221	7.53771	6.46555	8.56354	7.6057	8.51558	6.54005	6.94003	8.41504	7.83899	6.96299	9.82502	8.10456	6.51991	6.93168	6.86547	8.45764	7.88736	5.52501	9.74838	8.97687	6.62284	6.24291	9.02491	7.73065	9.71641	4.21501	9.31634	9.67895	0	0	0	0	0	0	8.04787	7.42986	0	0	0	11.58663	0	0	0	0	0	0	0	0	0	5.18288	0	2.21301	0	0	0	0	0	0	0	0	0	
0	0	9.78852	12.67417	0	6.28324	0	1.02786	6.58594	0	0	0	0	0	0	0	0	8.41601	0	0	0	0	0	10.56587	0	9.02514	0	11.1636	6.38986	7.54873	0	8.0312	0	6.82943	5.90703	9.62612	6.29732	6.79373	2.37985	8.94163	6.84151	8.99374	5.86123	7.25145	8.28346	7.08597	5.75649	7.84933	7.59843	7.64084	8.21862	7.80885	7.97163	6.85248	6.8665	5.06515	7.34172	7.55642	6.35795	6.4897	8.7453	7.35936	3.13921	9.00121	5.60798	0	0	5.45355	6.61681	4.6045	4.774	0	6.91576	0	1.48207	0	4.66088	0	0	0	0	0	4.42631	0	0	0	0	0	0	0	0	0	0	0	0	0	0	0	0	0	
0	0	0	0	0	0	0	0	0	0	9.18754	7.21716	7.51927	0	9.74289	0	0	3.50965	0	9.64379	0	0	0	0	0	0	2.63106	2.95479	5.23694	0	6.89211	7.26683	7.46439	6.62138	4.26872	9.11699	9.4474	7.8397	8.76774	10.04289	8.68543	4.68327	4.86398	7.06145	5.20346	7.70037	6.86053	6.31221	7.37507	5.49717	5.43408	9.26123	9.11432	6.68402	6.27836	6.53079	4.61102	7.14008	9.10869	7.14372	7.49256	4.70458	5.58156	6.12977	0	5.92708	6.19903	5.73506	0	0	8.8074	0	5.39614	0.84416	0	13.38079	0	0	0	0	0	0	0	0	0	0	0	0	6.36352	0	0	0	0	0	0	0	0	0	0	0	
0	0	0	0	0	0	0	0	0	9.66702	0	0	3.17822	0	0	0	0	0	0	0	0	0	0	9.16728	0	0	9.29691	0	0	4.43615	6.48305	0	0	8.68004	9.47028	7.19175	4.56056	0.6036	0	8.74501	3.59755	10.92548	7.67262	6.14071	8.57331	8.55515	7.12049	7.05628	9.23593	6.82836	6.98956	8.30537	5.93846	6.25618	7.82391	6.52427	8.12841	6.60726	3.7487	5.08817	5.90775	5.74404	5.65154	3.72199	7.24564	3.57862	8.76754	6.82283	6.17958	0	0	9.3306	0	3.80601	0	5.96113	10.10017	0	0	0	0	0	0	0	11.67075	0	0	0.83123	0	0	0	5.6834	0	0	0	0	11.04238	0	0	0	
0	0	0	0	0	0	0	0	0	0	0	12.85133	0	0	0	0	0	3.61969	9.76588	0	0	0	0	3.90939	0	0	0	8.92539	0	0	0	0	6.86231	7.28435	6.44011	0	4.32448	8.44517	2.49228	1.99133	6.65159	8.30746	7.7211	2.41067	0	7.26691	5.12077	3.20921	6.28143	6.28753	7.81348	8.48207	7.59639	3.6286	6.28426	4.90195	7.27974	6.85486	7.10321	7.59494	6.3025	3.06437	0	4.54462	9.52949	0	4.9434	6.3071	11.25816	8.0291	0	0	0	0	0	10.15575	0	8.20977	0	0	0	6.3306	0	0	0	0	0	0	0	0	0	0	0	0	0	0	0	0	0	0	
0	0	0	0	4.47177	0	0	0	0	0	9.64519	0	2.85475	0	0	13.01396	0	0	8.81989	0	4.12661	6.26386	0	0	0	8.59706	8.47178	0	0	5.33838	0	8.73157	14.07638	0	0	8.58052	10.34713	12.71591	10.96594	9.97156	4.02238	7.82638	5.02063	9.4829	3.86609	6.00405	11.77291	3.38136	7.51456	8.77266	5.95196	5.83632	8.18422	6.39106	5.74651	7.23953	6.0869	6.05111	2.05434	5.02328	5.16807	5.85462	5.46699	6.26426	6.98781	0	7.39422	11.86928	0	0	7.20085	10.52347	6.47671	10.48459	8.00868	0	4.72113	0	0	0	3.83257	0	0	9.04088	0	1.35524	0	0	0	0	0	0	0	0	0	0	0	0	0	0	
0	0	0	0	0	0	0	0	0	0	0	5.80903	4.51662	0	0	11.11699	0	0	0	0.6036	4.62272	0	1.20082	0	0	0	0	0	0	4.16053	3.88423	7.72912	0	0	0	9.41536	0	0	0	4.96023	3.23	3.41466	4.25334	5.33943	7.2416	4.65484	7.18944	5.79433	6.06229	3.30036	0	0	8.05486	10.85821	1.35524	5.73877	7.60186	5.94542	6.29662	5.40296	7.59844	6.32672	8.49824	6.88151	2.37327	5.16438	5.36666	8.83085	0	8.73001	0	8.32077	5.96557	8.60863	7.92527	0	2.56927	0	7.58623	0	0	0	0	0	0	0	0	0	0	0	0	0	0	0	0	0	0	0	0	0	
0	0	0	4.60743	0	0	0	0	0	0	0	0	0	0	0	0	0	0	0	0	0	0	10.0572	0	0	0	6.37699	6.3162	9.46392	8.18423	0	0	7.1262	0	0	11.30716	0	0	0.6036	2.34116	4.95939	0	0	0	1.82598	11.09523	9.43557	8.48439	5.40668	4.00165	6.25244	6.45035	8.38289	7.79051	9.63302	6.94074	8.58676	5.95074	6.76424	6.23229	7.80454	7.26004	7.99439	8.63595	5.32911	5.36505	5.72982	13.12391	10.84417	8.62944	4.34794	6.81966	4.76218	1.34863	5.77571	0	10.78239	0	5.10321	8.95816	0	2.04156	0.83123	0	0	6.49746	0	0	0	0	0	0	0	0	0	0	0	0.33308	0	10.21086	
0	0	4.97647	0	0	0	0	0	0	0	0	0	0	0	0	0	0	0	0	0	6.35366	0	0	0	0	8.73008	0	7.54792	0	10.00856	0	11.18537	8.04645	0	6.03728	0	0	5.50042	6.07256	0	10.0988	0	0	8.90896	10.8878	9.48917	0.81573	2.75798	2.04156	7.98664	9.77983	9.63014	7.51016	8.33386	5.79883	9.65139	0	7.09095	6.69318	4.71224	2.532	5.24523	5.50838	1.32969	4.42703	4.75814	5.72638	0	8.67048	5.35035	4.18386	8.19661	4.59826	8.53354	0.33308	0	5.68028	0	2.92043	8.08973	0	4.67625	0	0	0	0	0	0	2.5047	0	0	0	0	0	0	0	3.44229	0	0	0	
0	0	0	0	2.5047	0	0	0	0	0	0	0	8.53578	0	0	0	0	0	0	0	1.62195	5.36666	0	0	0	0	0	3.53993	0	0	0	7.0434	10.15411	0	0	0	5.75454	0	0.83123	7.16589	0	0	3.72034	0	6.44251	0	0.16654	4.97221	1.35524	7.37937	1.49477	5.60291	8.25586	5.85732	8.53275	0.33308	0	5.05011	3.34687	2.05021	6.21555	6.70849	7.60091	6.26601	6.12426	7.92713	6.0399	1.85452	5.73889	6.62961	6.12753	0	0	8.15043	0	8.36063	4.98161	5.35521	0	0	0	0	0	0	5.64648	0	0	0	0	0	0	0	0	0	0	0	8.18938	0	0	0	
0	0	0	0	0	0	0	0	0.33308	0	0	0	0	0	0	0	6.47236	1.58621	3.09297	0	0	0	0	0	4.16061	0	0	0	0	0	0	0	0	0	3.50965	5.8934	0	8.715	0	0	0	0	6.80953	11.83269	0	10.30385	8.51749	8.68618	0	4.29659	0	10.17176	10.02627	7.24641	0	3.98233	0	5.19438	0	4.48471	6.87072	1.20082	7.01424	8.45586	4.25657	6.32501	6.50909	5.73808	9.96535	5.62722	8.27568	5.93955	5.47672	6.7723	7.69323	4.78434	10.52937	9.12113	0	1.62195	6.43387	14.6012	9.44451	0	8.1889	0	7.59788	11.23316	3.50965	0	5.67206	0	0	8.65097	0	0	0	0	0	0	
0	0	0	0	0	0	0	0	0	0	0	0	0	0	0	0	0	0	0	0	8.1849	0	0	0	0	0	0	0	0	2.12981	0	0	0	0	3.98233	0	0	0	0	0	9.0919	0	8.17907	8.19066	4.4734	0	0	0.33308	4.00584	5.47268	9.84217	0	0	2.75798	2.89587	5.62036	0	0	6.94103	8.60368	9.9601	6.53178	5.38275	4.28124	6.39333	7.42222	8.76693	3.97839	6.52927	5.67457	7.30787	6.93061	4.04615	5.93691	4.24615	0.83123	1.9621	0	6.14653	0	0	0	1.02786	0	0	0	7.91395	0	0	0	0	0	0	0	0	0	0	0	0	0	
0	0	0	0	4.46199	0	0	0	0	0	0	1.35524	0	7.72376	0	0	0	0	0	0	0	0	0	0	0	0	0	0	0	0	0	0	0	0	0	0	0	0	0	6.71727	0	0	4.7535	0	9.55347	0	1.3851	1.62195	0	0	1.49477	0	0	0	8.30289	0	0	0.33308	0	5.97906	7.38948	1.04061	6.52529	6.79471	5.63357	0	1.10651	4.09345	9.08018	6.15534	5.09396	8.90516	8.8924	4.63329	0	0	3.96977	6.23927	7.25497	1.20082	1.35524	6.9033	0.33308	0	0.83123	0	3.95843	8.38354	0	4.25127	0	0	0	0	7.94518	0	0	0	0	0	
0	0	0	0	0	0	0	0	0	0	0	0	0	0	0	0	0	6.2653	0	0	0	9.00996	8.51339	0	0	0	9.26876	0	0	0	0	0	0	5.17858	8.25292	0	0	0	0	0	0	0	0	0	0	0	0	0	1.02786	0	0	0	0	0	0	8.90979	11.33522	8.99848	2.95479	6.03156	0	6.20536	5.11717	0	8.54091	6.846	5.91865	6.99576	4.67002	4.3454	7.0911	5.76881	5.39481	5.63677	9.14914	6.55996	4.43087	0	9.406	5.89787	0	0	8.03667	0	6.73057	8.77002	5.27286	0	0	9.80089	0	0	0	0	0	0	8.69209	0	0	0	
0	0	0	0	0	0	0	0	6.43397	0	0	0	0	0	0	0	0	0	0	0	0	0	0	0	0	0	0	0	0	0	0	0	0	0	0	0	0	0	0	9.38968	0	0	0	0	0	5.35755	0	2.56927	6.24916	0	0	9.33698	0	0	0	0	0	0	7.36714	0	8.01945	0	7.43335	8.66421	7.88983	3.89542	5.05023	0	0	5.34975	7.6271	2.90564	8.68652	6.86411	5.23424	9.95942	2.83438	0	0.33308	5.68167	4.76966	6.90448	9.77404	12.79201	7.58133	0	0	0	0	0	7.29796	0	8.06251	0	0	0	0	0	0	0	
0	0	0	0	0	0	0	0	0	0	0	0	0	7.01181	0	0	0	0	0	6.25898	0	0	0	0	0	1.82819	0	0	0	0	0	0	0	0	7.7811	0	0	8.81464	0	0	9.5801	0	3.85863	12.05143	0	0	0	0	0	0	6.31182	6.94343	0	0	5.26313	0	0	0	0	5.53434	6.08501	0	4.55001	8.73713	7.47689	5.08414	9.34097	6.62443	0.33308	5.3216	4.81244	0	6.85522	4.99227	8.69525	7.39899	4.59118	5.89479	6.8728	3.78515	0	5.98088	6.21426	3.78265	2.86325	0	0	9.42629	3.79988	0	0	0	0	7.5507	0	0	0	0	6.0517	0	
0	0	0	0	0	0	0	1.49477	0	0	0	0	0	0	0	0	0	0	0	0	0	0	10.74642	0	0	0	0	0	9.15899	0	0	0	0	0	10.96473	0	0	4.05175	0	0	0	1.06491	0	0	0	0	6.12418	0	0	0	0	0	8.00766	0	0	0	4.32248	4.66764	0	5.59078	9.94812	0	0	5.00985	0	2.3662	0	7.8419	5.9876	10.73437	9.17833	6.7766	8.02791	4.56152	8.78379	7.91683	6.48487	1.49477	6.60913	8.51273	5.52071	7.17038	5.83042	0	5.5503	0	0.33308	2.6294	0	0	6.71282	9.67272	0	0	0	0	8.94605	0	0	0	
0	0	0	0	0	0	0	0	0	0	0	0	0	0	0	0	0	0	0	0	0	0	0	0	0	0	0	0	0	0	0	0	0	0	0	0	0	6.33519	0	0	0	0	0	0	0	0	0	0	0	8.11699	0	4.03529	0	3.59952	0	0	2.04156	8.82899	1.02786	0	5.18288	0	6.19903	12.89631	6.42518	4.51758	0	0	8.81099	6.69968	0	1.49477	6.18643	9.59145	8.38375	6.39226	0	2.54487	4.367	4.19766	2.50931	9.71284	6.76887	3.09297	0	0	4.15707	0	0	0	0	0	7.39798	4.94504	10.97323	0	0	0	0	0	
0	0	0	0	0	0	0	7.22969	0	0	0	0	0	0	0	0	0	0	0	0	0	0	0	0	0	0	0	0	0	0	0	0	0	0	0	0	0	4.17037	0	8.34499	0	0	0	0	0	0	0	0	0	0	3.69552	0	0	10.70773	7.63995	0	0	7.12899	8.79057	12.021	0	0.83123	0	7.62032	7.53008	9.6624	0	0	4.75538	4.63246	8.02265	4.19708	4.18695	6.94847	2.85475	8.48207	5.56269	0	8.61726	6.15329	7.44754	9.42029	2.52424	4.84126	0.6036	0	0	3.6871	0	0	8.91223	0	0	0	0	2.42841	0	0	0	0	
0	0	0	0	0	0	0	0	0	0	0	0	0	0	0	0	0	0	0	0	0	0	0	0	0	12.27218	0	0	0	0	0	0	0	0	0	0	0	3.75141	0	0	0	0	0	0	8.17129	0	0	0	9.84584	0	0	0	0	0	0	4.22205	0	0	0	0	0	0	7.91121	0	0	4.70164	3.6097	5.61865	0	8.01883	3.83745	0	6.95178	0	8.94149	5.17724	0.83123	6.98367	5.40009	5.61698	5.57224	0	5.95828	0	10.16231	5.83349	0	0	0	0	9.92506	0	0	0	0	0	0	1.02786	0	0	
0	0	0	0	0	0	0	0	0	0	0	0	5.54579	0	0	0	0	0	0	0	0	0	0	0	0	0	0	0	0	0	0	0	0	0	0	0	0	0	0	0	0	0	0	0	0	0	0	9.77233	0	0	1.49477	0	11.46226	0	0	0	0	0	0	3.69583	0	0	0	4.85713	1.84695	7.13689	8.66618	0	10.76527	0	0	8.71411	0	0	0	2.90766	4.59943	9.99937	6.19632	3.83984	0	4.25376	5.37537	4.38607	0.62555	1.91629	6.56268	0	8.34153	0	0	0	0	6.27842	0	0	0	0	0	0	
0	0	0	0	0	0	0	0	0	0	0	0	0	0	0	0	0	0	0	0	0	0	0	0	0	0	0	0	0	0	0	0	10.41073	0	0	0	0	0	0	0	0.6036	0	0	0	0	0	0	0	0	0	0	0	0	0	0	0	5.83763	0	0	0	10.14763	0	0	2.69507	0	5.23356	0	0	6.17931	0	0	0	8.08973	0	0	4.30022	0	0	3.6136	8.69593	4.94168	6.81952	9.84787	0	4.93595	0	0	0	1.02786	0	5.51718	4.72216	4.94493	0	0	0	0	0	0	0	
0	0	0	0	0	0	0	0.92348	0	0	0	0	0	0	0	0	0	0	0	0	0	0	0	0	0	0	0	2.5047	0	0	0	0	0	0	0	0	0	0	0	0	0	0	0	0	0	0	0	0	0	0	0	0	0	0	0	0	0	0	0	0	0	0	0	0	0	0	0	0	0	0	3.3285	3.34734	6.8827	0	0	7.21967	5.86796	0	9.10981	5.70512	0	5.41903	0	7.94213	1.35524	9.29428	0	11.42975	0	0	0	0.6036	0	0	0	9.55591	0	0	0	0	
0	0	0	0	0	0	0	0	0	0	0	0	0	0	0	0	0	0	0	0	6.19393	0	0	0	0	0	0	0	0	0	2.63106	0	0	0	0	0	0	0	0	0	0	0	0	0	0	0	0	0	0	0	0	0	0	0	0	0	0	0	0	11.60527	0	0	0	0	7.13423	8.36103	5.82894	6.59693	0	0	0	0	0	0	0	0	5.31424	0	0	0	3.44061	0	0	0	4.4014	11.1566	6.97782	4.46276	4.47889	0	7.94518	4.33777	5.7956	4.60743	0	6.20413	0	0	0	0	
0	0	0	0	0	0	0	0	0	0	0	0	0	0	0	0	0	0	0	0	0	0	0	0	0	0	0	0	0	0	0	0	0	0	0	0	0	0	0	0	0	0	0	0	0	0	0	0	5.33916	0	0	0	0	0	0	0	0	0	0	0	0	0	0	0	0	0	0	0	0	9.90449	10.83052	9.6216	5.80378	0	8.28258	7.01471	0	8.70516	0	0	0	8.28618	9.45665	0	4.19908	0	1.02786	0	0	6.12336	0	1.99942	9.45231	0	3.47637	0	0	0	0	0	
0	0	0	0	0	0	0	0	0	0	0	0	0	0	0	5.35755	0	0	0	0	0	0	0	0	0	0	0	0	0	0	0	0	0	0	8.63996	0	0	0	0	0	0	0	0	0	0	0	0	0	0	0	0	0	0	0	0	0	0	0	0	0	0	0	0	0	0	0	0	6.23927	0	0	0	0	0	9.19779	0	0	0	0.16654	0	0	0	3.50965	0	0	4.20454	0	11.7552	3.61591	9.02514	10.08932	8.58735	0	9.4766	0	0	0	0	0	0	0	
0	0	0	0	0	0	0	0	0	0	0	0	0	0	0	0	0	0	0	0	0	0	0	0	0	0	0	0	0	0	0	0	0	0	0	0	0	0	0	0	0	0	0	0	0	0	0	0	9.22622	1.62195	0	0	0	0	0	0	0	0	0	4.46199	0	0	0	0	0	8.24058	0	0	0	0	0	8.26563	0	0	0	0	0	11.96004	0	3.94666	10.60849	0	0	10.41375	0	0	0	0	0	0	0	0	0	0	0	0	0	0	0	0	
0	0	0	0	0	0	0	0	0	0	0	0	0	0	0	0	0	0	0	0	0	0	0	0	0	0	0	0	0	0	0	0	0	0	0	0	0	0	0	0	0	0	0	0	0	0	0	0	0	0	0	0	0	0	0	3.0984	0	0	17.89014	0	0	0	0	0	9.13852	0	0	0	0	0	0	12.47739	0	3.69467	0	0	4.35618	0	0	0	2.34463	7.10244	4.39905	7.55618	0	0	0	8.64278	8.63297	0	0	7.37898	8.30999	0	0	0	0	0	0	0	
0	0	0	0	0	0	0	0	0	0	0	0	0	0	0	0	0	0	0	0	0	0	0	0	0	0	0	0	0	0	0	0	0	0	0	0	0	0	0	0	0	0	0	0	0	0	0	0	0	0	0	0	0	0	0	0	0	0	0	0	0	0	0	0	0	0	0	0	0	0	0	0	0	0	0	0	0	0	0	0	0	0	0	0	0	0	2.29163	0	0	0	0	9.60774	0	0	0	0	0	0	0	0	
0	0	0	0	0	0	0	0	0	0	0	0	0	0	0	0	0	0	0	0	0	0	0	0	0	0	0	0	0	0	0	0	0	0	0	0	0	0	0	0	0	0	0	0	0	0	0	0	0	0	0	0	0	0	0	0	0	0	0	0	0	0	0	0	0	0	0	0	0	0	8.44916	0	0	0	0	0	0	0	0	10.81551	0	0	0	9.29286	0	0	0	0	0	0	7.29777	9.01793	0	0	0	0	0	0	0	0	
0	0	0	0	0	0	0	0	0	0	0	0	0	0	0	0	0	0	0	0	0	0	0	0	0	0	0	0	0	0	0	0	0	0	0	0	0	0	0	0	0	0	0	0	0	0	0	0	0	0	0	0	0	0	0	0	0	0	0	3.72332	0	0	0	0	0	0	0	0	0	0	2.63106	0	0	0	0	0	0	0	0	0	0	0	0	0	0	0	0.33308	0	0	0	0	0	0	0	0	0	0	0	0	0	
0	0	0	0	0	0	0	0	0	0	0	0	0	0	0	0	0	0	0	0	0	0	0	0	0	0	0	0	0	0	0	0	0	0	0	0	0	0	0	0	0	0	0	0	0	0	0	0	0	0	0	0	0	0	0	0	0	0	0	0	0	0	0	0	0	0	0	0	0	7.21211	1.20082	0	0	0	0	0	0	0	5.80903	0	0	0	0	0	0	0	0	0	3.66543	3.33498	0	0	0	0	0	0	0	0	0	0	
0	0	0	0	0	0	0	0	0	0	0	0	0	0	0	0	0	0	0	0	0	0	0	0	0	0	0	0	0	0	0	0	0	0	0	0	0	0	0	0	0	0	0	0	0	0	0	0	0	0	0	0	0	0	0	0	0	0	0	0	0	0	0	0	0	0	0	0	0	0	0	0	0	0	0	0	0	0	0	0	0	0	0	0	0	0	0	0	0	0	0	0	0	0	0	0	0	0	0	0	
0	0	0	0	0	0	0	0	0	0	0	0	0	0	0	0	0	0	0	0	0	0	0	0	0	0	0	0	0	0	0	0	0	0	0	0	0	0	0	0	0	0	0	0	0	0	0	0	0	0	0	0	0	0	0	0	0	0	8.01348	0	0	0	0	0	0	0	0	0	0	0	0	0	0	0	0	3.83257	0	0	0	0	0	0	0	0	0	0	0	0	0	0	0	0	0	0	0	0	0	0	0	0	
0	0	0	0	0	0	0	0	0	0	0	0	0	0	0	0	0	0	0	0	0	0	0	0	0	0	0	0	0	0	0	0	6.9495	0	0	0	0	0	0	0	0	0	0	0	0	0	0	0	0	0	0	0	0	0	0	0	0	0	0	0	0	0	0	0	0	0	0	0	0	0	0	0	0	0	0	0	0	0	0	0	0.33308	0	0	0	0	0	0	0	0	0	0	0	0	0	0	0	0	0	0	0	
0	0	0	0	0	0	0	0	0	0	0	0	0	0	0	0	0	0	0	0	0	0	0	0	0	0	0	0	0	0	0	0	0	0	0	0	0	0	0	0	0	0	0	0	0	0	0	0	0	0	0	0	0	0	0	0	0	0	0	0	0	0	0	0	0	0	0	0	0	0	0	0	0	0	0	0	0	0	0	0	0	0	0	0	0	0	0	0	0	0	0	0	0	0	0	0	0	0	0	0	
0	0	0	0	0	0	0	0	0	0	0	0	0	0	0	0	0	0	0	0	0	0	0	0	0	0	0	0	0	0	0	0	0	0	0	0	0	0	0	0	0	0	0	0	0	0	0	0	0	0	0	0	0	0	0	0	0	0	0	0	0	0	0	0	0	0	0	0	0	0	0	0	0	0	0	0	0	0	0	0	0	0	0	0	0	0	0	0	0	0	0	0	0	0	0	0	0	0	0	0	
0	0	0	0	0	0	0	0	0	0	0	0	0	0	0	0	0	0	0	0	0	0	0	0	0	0	0	0	0	0	0	0	0	0	0	0	0	0	0	0	0	0	0	0	0	0	0	0	0	0	0	0	0	0	0	0	0	0	0	0	0	0	0	0	0	0	0	0	0	0	0	0	0	0	0	0	0	0	0	0	0	0	0	0	0	0	0	0	0	0	0	0	0	0	0	0	0	0	0	0	
0	0	0	0	0	0	0	0	0	0	0	0	0	0	0	0	0	0	0	0	0	0	0	0	0	0	0	0	0	0	0	0	0	0	0	0	0	0	0	0	0	0	0	0	0	0	0	0	0	0	0	0	0	0	0	0	0	0	0	0	0	0	0	0	0	0	0	0	0	0	0	0	0	0	0	0	0	0	0	0	0	0	0	0	0	0	0	0	0	0	0	0	0	0	0	0	0	0	0	0	
0	0	0	0	0	0	0	0	0	0	0	0	0	0	0	0	0	0	0	0	0	0	0	0	0	0	0	0	0	0	0	0	0	0	0	0	0	0	0	0	0	0	0	0	0	0	0	0	0	0	0	0	0	0	0	0	0	0	0	0	0	0	0	0	0	0	0	0	0	0	0	0	0	0	0	0	0	0	0	0	0	0.33308	0	0	0	0	0	0	0	0	0	0	0	0	0	0	0	0	0	0	
0	0	0	0	0	0	0	0	0	0	0	0	0	0	0	0	0	0	0	0	0	0	0	0	0	0	0	0	0	0	0	0	0	0	0	0	0	0	0	0	0	0	0	0	0	0	0	12.33118	0	0	0	0	0	0	0	0	0	0	0	0	0	0	0	0	0	0	0	0	0	0	0	0	0	0	10.07956	0	0	0	0	0	0	0	0	0	0	0	0	0	0	0	0	0	0	0	0	0	0	0	0	0	
