0	0	0	0	0	0	0	0	0	0	0	0	0	0	0	0	0	0	0	0	0	0	0	0	0	0	0	0	0	0	0	0	0	0	0	0	0	0	0	0	0	0	0	0	0	0	0	0	0	0	0	9.85097	0	0	0	0	0	0	0	0	0	0	0	0	0	0	0	0	0	0	0	0	0	0	0	0	0	0	0	0	0	0	0	0	0	0	0	0	0	0	0	0	0	0	0	0	0	0	0	0	
0	0	0	0	0	0	0	0	0	0	0	0	0	0	0	0	0	0	0	0	0	0	0	0	0	0	0	0	0	0	0	0	0	0	0	0	0	0	0	0	0	0	0	0	0	0	0	15.06873	0	0	0	0	0	0	0	0	0	0	0	0	0	0	0	9.66265	0	0	0	0	0	0	0	0	0	0	0	0	0	0	0	0	0	0	0	0	0	0	0	0	0	0	0	0	0	0	0	0	0	0	0	0	
0	0	0	0	0	0	0	0	0	0	0	0	0	0	0	0	0	0	0	0	0	0	0	0	0	0	0	0	0	0	0	0	0	0	0	0	0	0	0	0	0	0	0	0	0	0	0	0	0	0	0	0	0	0	9.26499	0	0	0	0	0	0	0	0	0	0	0	0	0	0	0	0	0	0	0	0	0	0	0	0	0	0	0	0	0	0	0	0	0	0	0	0	0	0	0	0	0	0	0	0	0	
0	0	0	0	0	0	0	0	0	0	0	0	0	0	0	0	0	0	0	0	0	0	0	0	0	0	0	0	0	0	0	0	0	0	0	0	0	0	0	0	0	0	0	0	0	0	11.02163	7.9335	0	0	0	0	0	0	0	0	0	0	0	0	0	0	0	0	0	0	0	0	0	0	0	0	0	0	0	0	0	0	0	0	0	0	0	0	0	0	0	0	0	0	0	0	0	0	0	0	0	0	0	0	
0	0	0	0	0	0	0	0	0	0	0	0	0	0	0	0	0	0	0	0	0	0	0	0	0	0	0	0	0	0	0	0	0	0	0	0	0	3.61058	0	0	0	0	0	12.04513	0	0	0	0	0	0	0	0	0	0	0	0	0	0	0	0	0	0	0	0	0	0	0	0	0	0	0	0	0	0	0	0	0	0	0	0	0	0	0	0	0	0	0	0	0	0	0	0	0	0	0	0	0	0	0	0	
0	0	0	0	0	0	0	0	0	0	0	0	0	0	0	0	0	0	0	0	0	0	0	0	0	0	0	0	0	0	0	0	0	0	0	0	0	0	0	0	0	0	0	0	0	0	0	0	0	0	0	0	0	0	0	0	0	0	0	0	0	0	0	0	0	0	0	0	0	0	0	0	8.06997	0	0	0	0	0	0	0	0	0	0	0	0	0	0	0	0	0	0	0	0	0	0	0	0	0	0	0	
0	0	0	0	0	0	0	0	0	0	0	0	0	0	0	0	0	0	0	0	0	0	0	0	0	0	0	0	0	0	0	0	0	0	0	0	0	0	0	0	0	0	0	0	0	0	0	0	0	0	0	0	0	0	0	0	0	0	0	0	0	0	0	0	0	0	0	0	0	0	0	0	0	0	10.39223	0	0	0	0	0	0	0	0	0	0	0	0	0	0	0	0	0	0	0	0	0	0	0	0	0	
0	0	0	0	0	0	0	0	0	0	0	0	0	0	0	0	0	0	0	0	0	0	0	0	0	0	0	0	0	0	0	0	0	0	0	0	0	0	0	0	0	0	0	0	0	0	0	0	0	0	0	9.27908	0	0	0	10.87536	0	0	7.58668	0	0	0	0	0	0	0	0	0	0	0	0	0	0	0	0	0	0	0	0	0	0	0	0	0	0	0	0	0	0	0	0	0	0	0	0	0	0	0	0	0	
0	0	0	0	0	0	0	0	0	0	0	0	0	0	0	0	0	0	0	0	0	0	0	0	0	0	0	0	10.23622	0	0	0	0	0	0	0	0	0	0	0	0	0	0	0	0	0	0	0	0	0	0	0	0	0	0	0	0	0	0	0	0	0	0	0	0	0	0	3.72652	0	0	0	0	0	0	0	0	0	0	0	0	0	0	0	0	0	0	0	0	0	0	0	0	0	0	0	0	0	0	0	0	
0	0	0	0	0	0	0	0	0	0	0	0	0	0	0	0	0	0	0	0	0	0	0	0	0	0	0	0	0	0	0	0	0	0	0	0	0	0	0	0	0	0	0	0	0	0	0	0	0	0	0	0	0	0	0	5.32584	0	0	0	0	0	0	0	0	0	0	0	0	0	0	0	0	0	0	0	0	0	0	0	0	0	0	0	0	0	0	0	0	0	0	0	0	0	0	0	0	0	0	0	0	
0	0	0	0	0	0	0	0	0	0	0	0	0	0	0	0	0	0	0	0	0	0	0	0	0	0	0	0	0	0	0	0	0	0	0	0	0	0	0	0	0	0	0	0	0	0	0	0	0	0	0	0	0	0	0	0	0	0	0	0	0	0	0	0	0	0	0	9.9164	0	0	0	0	0	0	0	0	0	0	0	0	0	0	0	0	0	0	0	0	0	0	0	0	0	0	0	0	0	0	0	0	
0	0	0	0	0	0	0	0	0	0	0	0	0	0	0	0	0	0	0	0	0	0	0	0	0	0	0	0	0	0	0	0	0	0	0	0	0	0	0	0	0	0	0	0	0	0	0	0	0	0	0	0	8.49827	0	0	0	1.86947	0	0	0	0	0	0	0	0	0	0	0	0	0	0	2.8731	0	0	0	0	0	0	0	0	0	0	0	0	0	0	0	0	0	0	0	0	0	0	0	0	0	0	0	0	
0	0	0	0	0	0	0	0	0	0	0	0	0	0	0	0	0	0	0	0	0	0	0	0	0	0	0	0	0	0	0	0	0	0	0	0	0	0	0	0	0	0	0	0	0	0	0	0	7.66849	0	0	0	11.69574	0	0	0	0	0	0	0	0	0	0	0	0	0	0	10.66202	0	0	0	0	0	0	0	0	0	0	0	0	0	0	0	0	0	0	0	0	0	0	0	0	0	0	0	0	0	0	0	0	
0	0	0	0	0	0	0	0	0	0	0	0	0	0	0	0	0	0	0	0	0	0	0	0	0	0	0	0	0	0	11.36567	0	0	0	0	0	0	0	0	6.75068	0	0	0	0	0	0	0	9.83425	0	0	0	0	0	0	0	0	0	8.41927	2.05769	0	9.51787	0	0	9.67234	0	0	0	0	0	0	0	0	0	0	0	0	0	0	0	0	0	0	0	0	0	0	0	0	0	0	0	0	0	0	0	0	0	0	0	0	
0	0	0	0	0	0	0	0	0	0	0	0	0	0	0	0	0	0	0	0	0	0	0	0	0	0	0	0	0	0	0	0	0	0	0	0	0	0	0	0	0	0	0	0	0	0	0	0	0	0	0	0	0	0	5.63351	0	0	0	0	0	0	0	0	0	0	0	0	0	0	0	0	0	0	0	0	0	0	0	0	0	0	0	0	0	0	0	0	0	0	0	0	0	0	0	0	0	0	0	0	0	
0	0	0	0	0	0	0	0	0	0	0	0	0	0	0	0	0	0	0	0	0	0	0	0	0	0	0	0	0	0	0	0	0	0	0	0	0	0	0	0	0	0	13.95854	0	0	0	0	0	0	0	0	0	10.8879	0	0	0	0	0	0	12.62923	0	0	0	0	0	0	0	0	0	0	0	8.18134	0	0	0	0	0	0	0	0	0	0	0	0	0	0	0	0	0	0	0	0	0	0	0	0	0	0	0	0	
0	0	0	0	0	0	0	0	0	0	0	0	0	0	0	0	0	0	0	0	0	0	0	0	0	0	0	0	0	0	0	0	0	0	0	0	0	0	0	0	0	0	0	4.44657	0	0	0	11.4593	0	0	0	8.22933	0	0	0	0	0	0	4.40255	0	0	0	0	0	0	0	0	0	0	0	0	0	0	0	0	0	0	0	0	0	0	0	0	0	0	0	0	0	0	0	0	0	0	0	0	0	0	0	0	0	
0	0	0	0	0	0	0	0	0	0	0	0	0	0	0	0	0	0	0	0	0	0	0	0	0	0	0	0	0	0	0	0	0	0	0	0	0	0	0	0	0	0	8.25381	0	0	0	0	0	0	0	0	0	0	0	0	9.0941	0	0	0	0	0	0	0	0	0	0	0.36468	0	0	0	0	0	0	0	0	0	0	0	0	0	0	0	0	0	0	0	0	0	0	0	0	0	0	0	0	0	0	0	0	0	
0	0	0	0	0	0	0	0	0	0	0	0	0	0	0	0	0	0	0	0	0	0	0	0	0	0	0	0	0	0	0	0	0	0	0	0	0	0	0	0	13.19123	0	0	0	0	0	0	0	0	0	0	0	0	0	0	0	0	0	0	0	0	0	0	0	0	0	0	0	0	0	0	0	0	0	0	0	0	0	0	0	0	0	0	0	0	0	0	0	0	0	0	0	0	0	0	0	0	0	0	0	
0	0	0	0	0	0	0	0	0	0	0	0	0	0	0	0	0	0	0	0	0	0	0	0	0	0	0	0	0	0	0	0	0	0	0	0	0	0	0	0	0	0	0	0	0	0	0	10.51014	0	0	5.84317	0	0	0	0	0	0	0	0	0	0	0	0	0	0	0	0	0	0	0	0	0	0	0	0	0	7.83581	0	0	0	0	0	0	0	0	0	0	0	0	0	0	0	0	0	0	0	0	0	0	0	
0	0	0	0	0	0	0	0	0	0	0	0	0	0	0	0	0	0	0	0	0	0	0	0	0	0	0	0	0	0	0	0	0	0	0	0	0	0	0	0	0	0	0	0	0	0	0	9.05563	0	0	6.85829	11.70596	0	0	0	0	6.87922	0	7.989	0	8.66902	0	0	0	0	9.87547	0	0	0	0	0	0	0	0	0	0	0	0	0	0	0	0	0	0	0	0	0	0	0	0	0	0	0	0	0	0	0	0	0	0	
0	0	0	0	0	0	0	0	0	0	0	0	0	0	0	0	0	0	0	0	0	0	0	0	0	0	0	0	0	0	0	0	0	0	0	0	0	0	0	0	0	7.76701	0	0	0	0	0	0	0	0	0	0	0	0	0	0	0	0	0	0	0	0	0	0	0	0	0	0	1.44647	0	0	0	0	0	0	0	0	0	0	0	0	0	0	0	0	0	0	0	0	0	0	0	0	0	0	0	0	0	0	0	
0	0	0	0	0	0	0	0	0	0	0	0	0	0	0	0	0	0	0	0	0	0	0	0	0	0	0	0	0	0	0	7.36554	0.36468	0	0	0	0	0	0	0	0	0	0	0	0	0	0	8.32798	0	0	0	0	0	0	0	0	0	0	0	0	0	0	0	9.10845	0	0	0	6.61337	0	0	0	0	0	0	0	0	0	0	0	0	0	0	0	0	0	0	0	0	0	0	0	0	0	0	0	0	0	0	0	0	
0	0	0	0	0	0	0	0	0	0	0	0	0	0	0	0	0	0	0	0	0	0	0	0	0	0	0	0	0	0	0	10.53887	0	0	2.40964	0	0	0	0	0	0	0	0	0	0	0	0	0	0	0	0	0	0	0	0	0	0	0	0	0	0	0	0	0	0	0	0	0	0	0	0	0	0	0	0	0	0	0	0	0	0	0	0	0	0	0	0	0	0	0	0	0	0	0	0	0	0	0	0	0	
0	0	0	0	0	0	0	0	0	0	0	0	0	0	0	0	0	0	0	0	0	0	0	0	0	0	0	0	0	0	0	0	0	0	0	0	0	0	0	0	0	0	0	9.92453	0	0	0	0	0	12.26361	0	0	0	0	9.98637	0	0	0	0	0	0	0	0	0	0	0	0	0	0	0	0	0	0	0	0	0	0	0	0	1.02885	0	0	0	0	0	0	0	0	0	0	0	0	0	0	0	0	0	0	0	0	
0	0	0	0	0	0	0	0	0	0	0	0	0	0	0	0	0	0	0	0	0	0	0	0	0	0	0	0	0	0	0	0	8.45163	0	0	0	0	0	0	0	0	0	0	0	0	0	0	5.46383	0	0	5.88291	0.56306	0	0	0	0	0	0	8.04505	0	0	0	0	0	0	0	0	0	0	0	5.11457	0	0	0	0	0	0	0	0	0	0	0	0	0	0	6.4567	0	0	0	0	0	0	0	0	0	0	0	0	0	0	
0	0	0	0	0	0	0	0	0	0	0	0	0	0	0	0	0	0	0	0	0	0	0	0	0	0	0	0	0	0	0	0	0	0	0	0	0	0	0	8.78266	0	0	0	0	15.49592	0	8.75027	0	0	0	0	0	0	0	0	0	0	0	0	0	0	0	0	0	0	0	0	0	0	0.36468	0	0	0	0	0	0	0	0	0	0	0	0	0	0	0	0	0	0	0	0	0	0	0	0	0	0	0	0	0	0	
0	0	0	0	0	0	0	0	0	0	0	0	0	0	0	0	0	0	0	0	0	0	0	0	0	0	0	0	0	0	0	0	0	0	0	9.83016	0	0	0	0	0	0	0	0	0	0	0	9.54984	0	0	0	0	0	4.20539	0	0	0	0	0	0	8.00362	0	0	0	0	0	0	0	0	0	0	0	0	0	0	0	0	0	0	0	0	0	0	0	0	0	0	0	0	0	0	0	0	0	1.10454	0	0	0	0	0	
0	0	0	0	0	0	0	0	0	0	0	0	0	0	0	0	0	0	0	0	0	0	0	0	0	0	0	0	0	0	0	0	0	0	0	0	0	0	0	0	0	14.93545	0	0	0	0	0	0	0	0	0	0	0	0	0	0	0	0	0	0	0	0	0	0	0	0	0	2.8731	0	0	0	7.71859	0	0	0	0	0	0	0	0	0	0	0	0	0	0	0	0	0	0	0	0	0	0	0	0	0	0	0	0	
0	0	0	0	0	0	0	0	0	0	0	0	0	0	0	0	0	0	0	0	0	0	0	0	0	0	0	0	0	0	0	0	0	0	0	0	0	0	0	0	8.80138	0	0	0	9.54039	0	0	5.8358	0	0	3.57621	12.42614	0	0	0	11.68583	0	0	9.00647	0	7.35798	0	0	0	0	0	0	0	0.65544	0	0	0	0	0	0	0	0	0	0	0	0	0	0	0	0	0	0	0	0	0	0	0	0	0	0	4.66919	0	0	0	0	
0	0	0	0	0	0	0	0	0	0	0	0	0	0	0	0	0	0	0	0	0	0	0	0	0	0	0	0	0	0	0	0	0	0	0	0	0	0	0	0	0	0	0	0	14.7592	0	0	0	0	0.36468	0	0	7.93916	0	0	0	0	6.64687	0	0	0	6.02517	0	0	0	0	0	0	0	0	0	0	0	0	0	0	0	0	0	0	0	0	0	0	0	0	0	0	0	0	0	0	0	0	0	0	0	0	0	0	
0	0	0	0	0	0	0	0	0	0	0	0	0	0	0	0	0	0	0	0	0	0	0	0	0	0	0	0	0	0	0	0	0	0	0	0	0	0	0	0	0	0	0	11.07472	0	0	13.76224	0	0	0	6.99467	0	0	0	0	0	0	0	0	5.28386	0	0	0	0	8.58833	0	0	5.99947	0	0	0	0	9.18884	0	0	0	1.72268	0	0	0	0	0	0	0	0	0	0	0	0	0	0	0	0	0	0	0	0	0	0	0	
0	0	0	0	0	0	0	0	0	0	0	0	0	0	0	0	0	0	0	0	0	0	0	0	0	0	0	0	0	0	0	0	0	0	0	0	0	0	0	0	0	0	0	0	1.61847	0	0	10.03265	0	0	0	8.23224	6.71559	0	0	7.61659	0	0	0	0	0	0	0	0	0	0	0	8.37497	0	0	0	0	0	12.1132	0	0	0	0	0	0	0	0	0	0	0	0	0	0	0	0	0	0	0	0	0	0	0	0	0	0	
0	0	0	0	0	0	0	0	0	0	0	0	0	0	0	0	0	0	0	0	0	0	0	0	0	0	0	0	0	0	0	0	0	0	0	0	0	14.17384	0	0	0	0	0	0	0	0	0	0	1.10454	0	0	5.9074	0	0	10.65766	0	10.71703	0	0	0.8974	0	8.48327	0	0	0	0	0	0	0	0	0	0	0	0	6.12332	0.36468	0	0	0	0	0	0	0	0	0	0	0	0	0	0	0	0	0	0	0	0	0	0	0	0	
0	0	0	0	0	0	0	0	0	0	0	0	0	0	0	0	0	0	0	0	0	0	0	0	0	0	0	0	0	0	0	0	0	0	0	0	0	0	0	0	0	0	13.11055	0	0	9.94698	0	11.36342	0	0	7.66441	0	10.14537	0	8.9396	0	0	0	0	0	0	0	0	8.88799	0	0	0	4.29951	0	0	8.31501	0	0	0	0	0	0	0	2.69236	0	0	0	0	0	0	0	0	0	0	0	0	0	0	0	0	0	0	0	0	0	
0	0	0	0	0	0	0	0	0	0	0	0	0	0	0	0	0	0	0	0	0	0	0	0	0	0	0	0	0	0	0	0	0	0	0	0	0	0	0	0	0	0	0	0	0	0	0	7.71267	7.54064	0	0	8.27673	0	0	0	0	0	0	0	0	0	0	0	0	1.28558	0	0	0	0	0	0	0	0	0	0	0	0	0	0	0	0	0	0	0	0	0	0	0	0	0	4.56788	0	0	0	0	0	0	0	0	0	
0	0	0	0	0	0	0	0	0	0	0	0	0	0	0	0	0	0	0	0	0	0	0	0	0	0	0	0	0	0	0	0	0	0	0	0	0	0	0	0	0	0	0	0	0	0	0	9.19664	0	0	0	0	9.24188	2.75517	0	0	0	0	11.80332	12.02795	0	0	0	0	0	0	0	0	0	0	0	0	0	0	0	0	0	0	0	0	0	0	0	0	0	0	0	0	0	0	0	0	0	0	0	0	0	0	8.90627	0	
0	0	0	0	0	0	0	0	0	0	0	0	0	0	0	0	0	0	0	0	0	0	0	0	0	0	0	0	0	0	0	0	0	0	0	0	0	0	0	0	0	0	7.83218	0	0	0	0	0	0	8.63494	0	7.95596	0	7.80089	0	0	0	0	0	0	0	0	0	0	10.03265	0	0	0	0	0	0	0	0	0	0	0	8.37122	0	0	0	0	0	0	0	0	0	0	0	0	0	0	0	0	0	0	0	0	0	0	0	
0	0	0	0	0	0	0	0	0	0	0	0	9.70353	0	0	0	0	0	0	0	0	0	0	0	0	0	0	0	0	0	9.64825	0	0	0	0	0	0	0	0	0	0	0	9.08714	0	0	0	0	6.18196	0	0	11.37148	0	0	3.94281	9.49109	0	6.68055	0	0	0	0	0	0	8.33056	9.14261	9.07037	0	0	0	0	0	0	0	0	0	0	0	0	0	0	0	0	0	0	0	0	0	0	0	0	0	0	0	0	0	0	0	0	0	0	
0	0	0	0	0	0	0	0	0	0	0	0	0	0	0	0	0	0	0	0	0	0	0	0	0	0	0	0	0	0	0	0	0	0	0	0	0	0	0	0	0	0	0	0	0	11.38107	2.32938	0	4.70144	14.98857	3.22598	10.11781	7.91799	0	7.0707	5.41804	0	0	0	0	14.12823	0	0	0	0	0	0	0	0	4.50726	0	0	0	0	0	0	4.24066	0	0	0	0	0	0	0	0	0	0	0	0	0	0	0	0	0	0	0	0	0	0	0	
0	0	0	0	0	0	0	0	0	0	0	0	0	0	0	11.28933	0	0	0	0	0	0	0	0	0	0	0	0	0	0	0	0	0	0	0	2.75517	10.94688	0	0	0	0	0	0	6.91096	0	10.58416	8.18419	7.19199	1.84322	8.32281	0	0	5.04087	0	9.66674	0	0	0	0	4.23488	0	10.03424	0	5.97988	0	6.59202	0	0	11.11324	0	7.38305	0	0	0	0	10.19014	0	1.28558	0	1.28558	0	0	0	0	0	0	0	0	0	0	4.29951	0	0	0	0	0	0	0	0	0	
0	0	0	0	0	0	0	0	0	0	0	0	0	0	0	0	0	0	0	0	0	0	0	0	0	0	11.73923	0	0	0	0	7.45338	0	0	4.27828	0	0	0	0	0	12.33469	0	0	0	0	0	0	0	7.54596	4.97644	2.81533	9.4202	10.05661	0	10.56128	0	6.48493	0	6.14539	0	0.36468	8.06687	0	0	0	6.70767	0	0	0	0	0	0	0	10.42096	0	0	0	0	0	0	0	0	0	0	0	0	0	0	0	0	0	0	0	0	0	0	0	0	0	0	
0	0	0	0	0	0	0	0	0	0	0	0	0	0	0	0	0	0	0	12.46261	0	0	0	0	0	0	0	0	0	0	0	0	0	0	0	0	0	0	0	0	0	0	0	12.78164	0	0	10.15486	12.89197	11.1504	0	10.11875	6.87253	11.34206	0	0	0	13.10703	0	0	8.83607	6.76599	0	0	12.78371	0	7.15171	0	6.15892	0	0	0	0	0	0	0	0	0	0	0	0	0	0	0	0	0	0	0	0	0	0	5.20352	0	0	0	0	0	0	0	0	0	
0	0	0	0	0	0	0	0	0	0	0	0	7.5227	0	0	0	0	0	0	11.78073	0	0	0	0	0	0	0	0	0	0	0	0	0	9.27404	0	0	0	0	0	0	0	6.5572	12.76386	0	7.90952	0	0	2.36192	7.56275	0	1.44647	7.94827	6.17253	6.88613	7.60934	7.37557	4.7812	4.9539	7.28933	0	0	0	0	0	6.20464	0	0	0	0	0	0	0	0	0	0	0	0	0	11.43264	2.98213	0	0	0	0	0	0	0	0	0	0	0	0	0	0	0	0	0	0	0	0	
0	0	0	0	0	0	0	0	0	0	0	0	0	0	0	0	0	0	0	0	0	0	0	12.21871	0	0	0	0	0	0	0	0	0	0	0	0	0	0	10.40667	0	0	0	8.67454	10.08745	0	0	10.38495	5.90657	0	10.35798	9.15358	7.08639	0	0	0	0	0	9.79795	11.28566	11.12258	11.19143	0	0	0	8.12895	0	0	0	0	0	0	0	0	0	0	0	0	0	0	0	0	0	0	0	0	0	0	0	0	0	0	0	0	0	0	0	0	0	0	0	
0	0	8.45872	0	0	0	0	0	0	0	0	0	0	0	0	0	0	0	0	0	0	0	0	0	0	0	0	0	0	0	0	0	0	0	0	0	0	0	0	0	9.69159	0	0	0	0	9.61794	0	6.60647	9.11669	11.57428	0	9.44064	9.57942	7.73939	0	10.10526	0	0	3.96954	0	8.25308	0	7.19482	8.91403	0	0	0	0	0	0	0	7.96139	0	0	0	0	1.10454	0	0	0	0	0	0	0	0	0	0	0	0	0	0	0	0	0	0	0	0	0	0	0	
0	0	0	0	0	0	0	0	0	0	0	8.95222	0	0	0	0	0	0	0	0	0	0	0	0	0	0	0	0	0	0	0	0	9.69754	0	0	0	0	8.55833	11.72313	5.7602	6.52152	8.27137	0	0	12.53246	9.98904	10.82547	4.90913	9.11253	0	11.70993	0	2.18265	4.18913	0	10.13893	5.22467	8.72807	0	0	0	0	0	0	0	0	0	5.6069	0	0	0	0	4.55028	0	0	5.2624	0	0	11.22509	0	0	0	0	0	0	0	0	0	0	0	0	0	0	0	0	8.58226	0	0	0	0	
0	0	0	0	0	0	0	0	0	0	0	0	0	0	0	0	0	0	0	0	0	0	0	0	0	0	0	0	0	0	0	0	0	0	4.36137	7.82568	0	0	0	6.97171	0	13.24363	0	10.39002	12.83442	9.92566	6.84944	6.71919	1.35657	11.20026	10.11996	10.65483	2.35637	8.325	0	0	5.79236	0	0	4.59386	7.80089	0	2.05769	0	0	0	0	0	0	0	0	0	0	0	0	0	0	0	6.25982	0	0	0	0	0	0	0	0	12.47148	0	0	0	0	0	0	0	0	0	0	0	0	
0	0	0	0	0	0	0	0	9.04703	0	8.08379	0	0	0	0	0	0	0	0	0	0	0	0	0	0	0	7.63549	0	0	0	0	0	0	0	0	1.95442	0	9.41595	12.37769	0	10.43666	9.92581	0	10.00223	2.69236	11.49378	9.49651	7.80683	9.51378	8.56163	0	8.56236	0	0	0	0	7.01771	5.24062	0	0	0	0	2.81533	0	0	0	9.95537	0	0	0	0	0	0	0	0	0	0	0	0	0	0	0	0	0	0	0	0	0	0	0	0	0	0	4.49616	0	0	0	0	0	0	
0	0	0	0	0	0	0	0	0	0	0	10.03977	0	0	9.75821	0	0	0	0	0	0	0	0	0	0	0	0	0	0	0	0	11.4622	0	0	9.17096	0	10.7371	0	0	10.40186	0.65544	0	11.9441	10.37275	12.3347	7.22726	10.30847	8.52432	3.46234	8.30248	6.44233	10.50872	9.17102	8.24707	0	8.247	8.90486	0	0	8.04505	7.74976	4.67091	0	8.18562	0	0	0	0	0	0	0	0	0	0	0	7.84808	0	0	0	0	0	0	0	5.42573	0	0	0	0	0	0	0	0	0	0	0	0	0	0	0	0	
0	0	0	0	0	0	0	0	0	0	0	0	13.0458	0	0	0	0	0	0	0	0	0	0	0	0	0	0	0	0	8.72794	0	0	9.83425	0	7.10426	0	14.37245	0	12.11853	11.14785	11.31656	8.99106	9.31767	8.94527	9.67729	4.8751	10.14244	9.76046	10.49843	9.90459	11.08688	10.81447	7.92044	6.00165	4.98763	6.1738	9.11684	0	0	7.11327	6.37926	0	0	0	0	0	0	0	0	0	0	0	0	9.92092	0	0	0	0	0	0	9.92069	0	0	0	0	0	0	0	0	0	0	0	0	0	0	0	0	0	0	0	
0	0	0	0	0	0	0	12.0811	0	0	0	5.74481	0	0	0	0	0	0	0	0	0	0	0	0	0	0	0	7.67256	0	0	3.70903	0	11.85462	0	0	0	10.97457	6.30249	8.7492	9.47056	9.55466	4.90527	0	10.30271	9.8911	10.25044	8.47603	7.75317	10.51451	10.79591	5.53574	9.93857	8.63812	9.48878	9.12581	7.02654	10.35248	4.58774	3.30682	9.57833	6.37353	11.12369	8.73574	0	10.49929	0	0	0	0	0	0	0	0	9.07345	0	0	0	0	0	0	0	0	0	0	0	0	0	0	0	0	0	0	0	0	0	0	0	0	0	0	
11.12889	0	0	0	0	0	0	0	8.7162	0	0	0	9.16808	0	0	0	0	0	0	0	0	0	0	0	11.98725	0	0	8.61502	0	0	0	0	14.87419	0	10.24914	7.91358	0	5.73705	9.9368	7.41147	7.3605	9.88055	6.09418	10.16633	11.95517	9.84716	8.24506	9.85372	5.97027	0.36468	9.77823	5.93943	5.93008	3.81764	11.1897	7.74285	9.9835	7.25017	0	10.97323	0.8974	0.65544	0	6.20384	0	6.87253	0	0	0	0	4.45891	0	0	0	0	0	0	0	0	0	0	0	4.46061	0	0	5.69306	0	0	0	0	0	0	0	0	0	0	0	0	0	0	
0	0	0	11.0923	0	0	0	0	0	0	0	0	0	0	0	0	0	0	8.84894	0	0	11.66617	0	6.19334	11.89104	5.20732	0	0	10.91844	10.66253	11.4762	0	11.58855	0	0	0	0	9.75348	10.66734	7.2668	8.45686	7.79936	8.91416	9.91279	9.73157	10.19261	7.92813	9.10754	9.37193	6.50559	9.51567	6.9045	10.73862	6.92347	6.62299	9.26325	0	6.61751	4.26221	7.96996	0	0.8974	9.26026	0	0	0	0	0	0	3.26707	0	0	6.517	0	0.65544	7.30649	9.50429	2.58859	0	0	0	0	0	0	0	0	0	0	0	0	0	0	0	0	0	0	0	0	0	0	
9.09485	0	0	0	9.77345	8.72312	0	0	0	0	0	0	0	0	0	0	0	7.87345	0	0	0	0	0	0	9.76108	0	9.93424	8.24048	0	12.31133	9.39184	0	0	0	9.81319	9.40926	6.09905	10.84798	10.91243	9.63316	7.60242	9.54678	10.28062	9.59333	9.47995	9.27629	9.34059	8.44434	7.66169	9.41665	4.01853	9.84302	8.66392	7.47289	7.57849	8.82624	8.49729	3.03496	7.63142	9.18819	11.42693	0	4.07341	8.02289	9.73746	10.31747	7.96013	0	0	0	0	0	0	0	5.4732	0	0	0	0	0	0	0	0	0	0	0	0	0	0	0	0	0	0	0	0	0	0	0	0	0	
0	0	0	0	0	0	0	0	9.62742	0	6.87253	0	0	0	0	0	5.74481	10.96568	10.7624	7.5715	9.78995	4.38651	0	0	0	12.40938	0	7.19199	6.84959	10.89205	0	10.01592	10.03028	8.52546	10.06632	12.54896	8.01901	7.63268	10.45866	10.68259	9.3917	7.8724	5.25246	7.94591	9.5101	8.3777	8.89756	8.54255	8.75197	7.38528	8.30689	10.68696	6.99278	8.06318	6.42141	5.67425	7.18377	9.42865	0	8.18989	4.87944	9.181	6.65317	0	6.20484	10.9515	7.29333	0	0	0	0	4.92274	0	0	4.60245	0	0	0	9.37029	0	0	0	0	0	0	6.57472	0	0	0	0	0	0	0	0	0	0.36468	0	0	0	0	
0	9.07499	0	0	1.44647	5.96667	0	0	0	0	0	0	0	0	9.45903	6.81104	0	10.92529	8.57529	0	8.43014	0	3.22331	0	0	0	0	0	10.61727	12.26791	7.96916	0	9.97611	5.60166	9.38278	8.39652	8.89168	9.75182	7.94729	8.56071	8.94842	9.09906	8.22585	7.69077	9.11455	8.11644	8.44455	9.08091	8.57962	7.73571	6.83168	7.38804	7.40996	6.57511	8.62194	5.89996	4.6362	7.63106	7.67886	3.4768	0	9.14261	0	10.9066	9.64037	0.8974	6.93599	11.38659	0	0	0	0	0	0	0	1.59115	0	0	0	0	9.73409	0	0	0	0	0	0	0	0	0	0	0	0	0	0	0	0	0	0	0	
0	11.93141	6.86898	0	8.43803	0	0	0	0	0	8.20824	0	0	0	8.14223	5.73705	0	7.54286	0	0	5.98644	6.03786	7.38838	7.33567	8.00846	8.83265	0	3.7736	11.22579	8.81548	11.77518	10.75377	11.35114	11.3671	9.24444	8.79887	8.77668	8.05155	6.85262	8.77233	8.94565	8.13427	7.77976	6.89223	7.96367	6.96619	8.48072	7.42369	9.08825	8.57174	7.69642	8.81029	7.60037	7.04064	6.85277	6.51407	8.23191	5.06577	7.63131	5.37665	0	6.35817	10.29816	9.60733	2.12838	0	0.8974	0	0	0	0	8.23144	0	1.10454	7.95094	0	6.8971	0	0	0	0	0	0	4.79052	0	2.19312	0	0	0	0	0	0	0	0	0	0	0	0	0	0	
0	0	0	0	0	0	0	0	6.28664	0	9.91081	12.70872	0	0	0	0	0	0	12.05969	0	8.1437	0	0	0	0	8.54233	10.11592	0	0.65544	9.2177	6.85889	5.86357	8.69228	8.24169	9.41939	8.82646	7.57599	9.58463	9.16255	8.96837	6.9761	8.59486	8.78974	8.04821	7.46251	8.7713	7.93845	8.80246	8.1333	8.47317	8.13304	8.65933	7.22352	7.86856	6.84348	8.46132	8.27325	7.21528	7.62712	6.82621	8.79701	4.88285	9.29455	6.26234	0	7.26719	0	7.40613	0	0	0	0	0	0	0	0	0	0	0.8974	0	0	5.82749	0	0	0	0	0	7.21761	4.42068	2.8731	0	0	0	0	0	0	0	0	0	0	
0	0	0	0	0	0	0	0	8.16698	8.98124	0	2.24437	0	13.66852	0	0	0	3.39089	9.57344	3.50246	0	0	0	10.2518	6.05043	12.19121	8.22081	9.46284	3.50703	9.8074	0	6.75662	4.04495	3.81792	4.73346	9.19991	9.64243	6.62918	6.47561	6.96553	6.98223	8.64317	7.72203	9.14756	5.85153	6.82562	8.32338	7.7041	6.41303	8.73309	7.62749	6.92652	8.02183	6.43514	7.6335	8.65246	3.94484	10.77953	8.757	6.07426	6.74276	8.8707	7.15976	4.45891	1.69919	7.81664	7.41743	0	0	0	0	0	0	6.54836	6.64272	0	0	0	10.08897	0	0	0	0	0	0	0	0	0	6.89012	0	5.11457	0	0	0	0	0	0	0	0	0	
0	0	9.57671	7.08939	0	3.74041	0	0.8974	3.35078	0	0	0	0	0	0	0	0	8.10668	0	0	0	0	0	10.83346	0	7.94759	0	10.97374	6.71953	8.2915	0	9.68796	0	7.20611	6.14061	9.22361	7.08519	7.34272	2.70294	8.24924	7.52887	8.15454	7.50927	6.84406	8.31896	7.54954	7.70104	7.67511	8.34003	7.2918	8.383	8.17469	8.61281	7.2717	6.77591	5.27725	7.26304	6.7656	6.8081	6.42668	10.63946	8.02672	4.15751	8.08837	5.74424	0	0	7.3592	6.31818	2.62131	5.84844	0	7.00439	0	0.18234	0	4.43043	0	0	0	0	0	3.94639	0	0	0	0	0	0	0	0	0	0	0	0	0	0	0	0	0	
0	0	0	0	0	0	0	0	0.8974	0	7.40034	8.1245	8.39374	0	8.98452	0	0	5.27317	0	6.06909	0	0	0	0	0	0	3.57621	2.92864	6.49589	0	8.58043	7.25481	5.84465	8.33827	4.55156	8.99633	9.74566	6.92734	7.86348	7.37304	8.47496	5.37875	5.76079	6.2893	5.2962	8.44966	5.31291	6.40416	8.79952	6.05021	6.80781	9.30847	9.50841	6.96299	7.68444	5.90643	5.65245	7.11019	8.47436	6.04861	8.19625	5.34504	7.14287	5.25818	0.36468	5.41142	5.51916	5.9603	0	0	5.72141	0	4.48782	7.81349	0	12.34425	0	0	0	0	0	0	0	0	0	0	0	0	6.37822	0	0	0	0	0	0	0	0	0	0	0	
0	0	0	0	0	0	0	0	0	10.23278	0	0	3.96954	0	0	0	0	0	0	0	0	0	0	8.39414	0	0	8.06868	0	0	4.98172	5.91465	0	0	7.77127	10.78491	7.35291	5.44491	1.10454	5.68961	9.40559	3.72551	11.39801	5.85662	5.52739	7.91221	6.5433	6.54233	7.19814	9.62012	6.68921	6.82333	8.26397	7.64912	6.51107	7.63044	5.7109	8.47711	5.78141	4.57316	6.71153	5.94444	5.94944	5.71868	7.38968	6.61647	5.17269	8.76941	6.95843	5.89667	0	0	8.42049	0	6.43306	0	6.49876	10.0267	0	0	0	0	0	0	0	11.65284	0	0	0	0	0	0	6.17049	0	0	0	0	6.53052	0	0	0	
0	0	0	0	0	0	0	0	0	0	0	14.42871	0	0	0	0	0	9.99926	12.86275	0	0	0	0	3.57621	0	0	0	5.11457	0	0	0	0	6.96091	8.26475	5.46127	0	4.50686	8.84583	0.92161	1.38716	6.84605	9.05942	6.92472	2.52044	0	8.80385	5.09645	6.58137	6.50072	6.30371	7.40908	9.80716	7.95466	4.07247	6.92071	5.20749	6.00656	7.4601	6.42915	7.92955	4.81612	4.82611	0	5.39189	10.11374	0	6.71678	5.44491	12.12894	8.2725	0	0	0	0.65544	0	9.66009	0	7.88929	0	0	0	6.13838	0	0	0	0	0	0	0	0	0	0	0	0	0	0	0	0	0	0	
0	0	0	0	6.0804	0	0	0	0	0	10.11651	0	1.95442	0	0	12.1343	0	0	6.57472	0	4.90461	8.95724	0	0	0	8.11256	7.25038	0	0	6.27654	0	8.17887	11.76508	0	0	8.80416	10.69041	11.36032	11.31642	11.42466	4.67941	8.61608	6.58308	9.27641	5.1943	6.70739	11.35526	3.65236	7.95974	9.02917	7.11631	7.11431	8.71112	6.91668	6.33621	7.54941	6.10768	7.91512	2.91789	7.46956	5.48312	7.56208	5.61738	8.21946	7.11534	0	7.72978	8.93622	0	5.31546	8.49296	9.30621	7.24836	9.76786	8.01661	0	4.29323	0	0	0	4.49616	0	0	13.47347	0	0.65544	0	0	0	0	0	0	0	0	0	0	0	0	0	0	
0	0	0	0	0	0	0	0	0	0	0	5.01544	4.11457	0	0	9.08572	0	0	0	2.15406	3.35078	0	4.07176	0	0	0	0	0	0	3.81358	5.61539	6.39611	0	0	0	9.3577	0	0	0	3.83065	5.54619	6.17615	3.94082	4.86068	7.41616	4.90106	7.47808	7.24044	5.79355	3.89424	0	0	8.02397	10.03615	1.10454	7.02719	7.14877	5.8736	6.54401	5.41001	7.43863	6.84553	8.14883	6.66506	5.66528	6.04727	6.71164	6.93444	5.82749	8.62984	0	5.61788	7.35928	8.38742	8.49482	0	3.70903	0	4.32043	0	0	0	0	0	0	0	0	0	0	0	0	0	0	0	0	0	0	0	0	0	
0	0	0	5.10254	0	0	0	0	0	0	0	0	0	0	0	0	2.69236	0	0	0	0	0	10.76192	0	0	0	6.28502	7.06183	6.6176	5.53714	0	0	6.03786	0	0	11.95183	0	0.8974	4.12028	1.37759	4.52705	0	0.36468	0	2.99617	10.54887	6.68825	7.49996	5.12321	4.43208	6.57328	7.51506	7.67175	8.34611	7.694	6.11213	9.15084	5.94918	6.1408	6.90725	8.52456	7.71543	7.86315	8.10551	6.01601	7.53412	6.62045	12.52666	7.46324	9.33419	3.10996	7.58402	4.68282	1.53981	5.63146	0	10.95861	0	4.53862	9.16012	0.65544	3.0337	2.55792	0	0	1.28558	0	0	0	0	0	0	0	0	0	0	0	0.65544	0	8.98288	
0	0	3.37197	0	0	0	0	0	0	0	0	0	0	0	0	0	0	0	0	0	7.22841	0	0	0	0	7.38305	0	8.23326	0	7.03001	0	9.49627	5.25155	0	4.66919	0	0	5.30201	6.12536	0	3.99578	0	0	7.64708	9.76394	8.95138	2.47492	3.42211	5.58113	6.31376	10.63331	11.53685	7.58323	8.69441	5.52501	9.04381	0	5.65537	7.76494	5.66623	3.4896	6.23004	5.74366	2.77345	4.63585	7.19071	5.971	0	8.43582	4.01759	4.67621	6.53616	4.96495	8.33113	2.40964	0	5.56381	0	4.99812	8.4217	0	5.05801	0	0	0	0	0	0	0.73734	0	0	0	0	0	0	0	3.26707	0	0	0	
0	0	0	0	6.27597	0	0	0	0	0	0	0	8.92687	0	0	0	0	0	0	0	9.20088	6.1414	0	0	0	0	0	4.83941	0	0	0	1.84322	10.64993	0	0	0	9.0696	0	2.24437	8.11705	0	0	4.23309	0	7.12818	0	4.5071	9.60788	1.59115	5.72162	3.35078	4.16547	7.53841	5.06028	7.44827	0.18234	0	6.1776	4.89992	2.36046	6.22589	7.69625	7.57705	6.85761	7.25926	8.30364	5.34357	3.66625	6.54754	6.80299	6.70344	0	0	9.93491	0	9.16167	5.73859	5.18791	0	0	0	0	0	0	5.88479	0	0	0	0	0	0	0	0	0	0	0	8.73574	0	0	0	
0	0	0	0	0	0	0	0	3.99578	0	0	0	0	0	0	0	8.12895	1.97673	5.44491	0	0	0	0	0	9.3016	0	0	0	0	0	0	0	0	0	6.37426	7.70275	0	8.79858	0	0	0	0	8.06687	10.18226	0	11.0093	9.7169	7.66031	0	2.6933	0	9.27842	10.18083	9.28802	0	6.94502	0	6.24248	0	6.00844	9.5077	2.40964	6.83268	8.6182	5.93104	7.64474	6.53286	6.04073	9.75821	5.99887	8.13389	4.72916	5.20895	5.98644	7.88135	3.10559	10.64105	8.89759	0	0	7.30649	12.55423	9.56181	0	1.16469	0.65544	6.52152	5.12649	4.12028	0	4.91272	0	0	8.46039	0	0	0	0	0	0	
0	0	0	0	0	0	0	0	0	0	0	0	0	0	0	0	0	0	0	0	8.40054	0	0	0	0	0	0	0	0	3.61058	0	0	0	0	2.40964	0	0	0	0	0	8.12152	0	8.9002	7.88929	5.51235	0	0	7.8628	5.29447	5.42105	9.04232	0	0	0.79558	3.168	5.62659	0	0	6.18023	9.37691	9.18386	6.83606	2.79347	5.1375	6.99615	8.46666	7.46263	6.10773	7.15423	4.8659	9.86491	7.27435	5.34021	5.53466	1.89019	0	1.85637	0	6.80059	0	0	0	0.65544	0	0	0	9.39374	0	0	0	0	0	0	0	0	0	0	0	0	0	
0	0	0	0	6.52152	0	0	0	0	0	0	1.28558	0	3.80119	0	0	0	0	0	0	0	0	0	0	0	0	0	0	0	0	0	0	0	0	0	0	0	0	0	6.98573	0	0	6.4474	0	6.39215	0	1.78262	5.06586	0	0	3.88782	0	0	0	8.55342	0	0	0	0	11.37242	7.36564	3.5897	8.58149	7.23048	8.23227	0	1.41361	6.1029	9.25297	7.02324	5.36491	8.64682	8.50701	6.09329	0	0	2.33961	5.59836	5.86561	4.76385	1.59115	7.17199	1.28558	0	0.36468	0	2.69236	8.49537	0	4.01479	0	0	0	0	8.49827	0	0	0	0	0	
0	0	0	0	0	0	0	0	0	0	0	0	0	0	0	0	0	6.5956	0	0	0	9.57072	9.15212	0	0	0	9.6606	0	0	0	0	0	0	6.21854	8.70054	0	0	0	0	0	0	0	0	0	0	0	0	0	3.61058	0	5.21851	0	0	0	0	8.19431	8.17379	8.84637	3.46789	7.45101	0	6.13239	5.46765	0	8.71041	6.30493	6.27317	6.5146	5.62197	4.34165	6.48206	7.18807	6.14559	6.73507	7.6689	6.84369	6.04533	0	6.7622	5.11065	0	0	8.86589	0	4.70144	9.37079	8.58509	2.05769	0	11.19616	0	0	0	0	0	0	8.8119	0	0	0	
0	0	0	0	0	0	0	0	6.64678	0	0	0	0	0	0	0	0	0	0	0	0	0	0	0	0	0	0	5.48251	0	0	0	0	0	0	0	0	0	0	0	8.51865	0	0	0	0	0	4.79407	0	5.24062	4.82367	0	0	10.03463	0	0	0	0	0	0	8.97443	0	8.68356	0	8.01817	9.16045	7.52397	2.83223	6.25076	0	0	6.31946	8.36826	2.6267	8.56838	7.02776	5.42295	8.65363	2.50772	0	0	3.87621	5.43924	7.6647	10.68059	9.39748	6.60379	0	0	0	0	0	6.46159	0	9.88292	0	0	0	0	0	0	0	
0	0	0	0	0	0	0	0	0	0	0	0	0	4.6362	0	0	0	0	0	4.25675	0	0	0	0	0	2.06734	0	0	0	0	0	0	0	0	9.45371	0	0	8.06607	0	0	9.06882	0	3.85952	7.86636	0.8974	0	0	0	0	0	4.7485	5.49176	0	0	4.07176	0	0	0	0	7.2534	6.57559	0	6.6513	8.39236	7.99552	4.53522	9.10971	7.65002	0.65544	5.45548	6.13578	0	5.61048	5.55578	8.8748	7.7847	6.59712	6.1824	6.15784	3.4862	0	6.92768	5.19605	4.44149	2.20704	0	0	6.90058	2.11532	0	3.96954	0	0	7.38056	0	0	0	0	5.26503	0	
0	0	0	0	0	0	0	6.93489	0	0	0	0	0	0	0	0	0	0	0	0	0	0	8.86593	0	0	0	0	0	10.30736	0	0	0	0	0	9.61151	0	0	0.8974	0	0	0	1.34703	0	0	0	0	8.35406	0	0	0	0	0	9.01371	0	0	0	7.19047	5.84925	0	7.48912	6.65813	0	0	5.55514	0	7.74976	0	7.46018	6.85638	9.53257	8.42547	7.322	6.07525	5.73153	7.04894	7.52233	8.11173	0.36468	6.14412	8.06551	7.34412	7.69567	5.58129	0	4.25535	0	2.98213	2.49102	0	0	7.89627	8.59872	0	0	0	0	9.1594	0	0	0	
0	0	0	0	0	0	0	0	0.36468	0	0	0	0	0	0	0	0	0	0	0	0	0	0	0	0	0	0	0	0	0	0	0	0	0	0	0	0	8.62012	0	0	0	0	0	0	0	0	0	0	0	7.66645	0	4.48191	0	3.02661	0	0	1.95442	5.81988	0.36468	0	6.59202	0	6.43306	13.91363	8.86948	6.98561	0	0	7.33825	7.00774	0	4.909	5.61609	9.79037	8.93699	6.49974	0	3.451	3.58228	6.27624	2.90876	10.06864	3.39089	0	0	0	2.53223	0	0	0	0	0	6.14591	5.85386	13.16627	0	0	0	0	0	
0	0	0	0	0	0	0	6.58771	0	0	0	0	0	0	0	0	0	0	0	0	0	0	0	0	0	0	0	0	0	0	0	0	0	0	0	0	0	4.36795	0	8.93706	0	0	0	0	0	0	0	0	0	0	3.85293	0	0	8.39606	7.05843	0	0	7.21337	9.19381	10.65637	0	0.65544	0	7.08687	8.33688	9.63213	0	0	7.18434	4.00731	6.94515	4.18688	4.6319	7.01856	7.25038	7.93463	5.41294	0	8.25765	5.61541	8.12643	10.55853	3.95595	7.04499	3.37027	0	0	2.17347	0	0	8.85701	0	0	0	0	2.78696	0	0	0	0	
0	0	0	0	0	0	0	0	0	0	0	0	0	0	0	0	0	0	0	0	0	0	0	0	0	10.23209	0	0	0	0	0	0	0	0	0	0	0	4.82367	0	0	0	0	0	0	8.75604	0	0	0	8.82077	0	0	0	0	0	0	1.44647	0	0	0	0	0	0	7.93312	0	0	5.00298	4.74418	7.29428	0	7.90931	4.02601	0	5.78164	0	8.87745	5.84762	3.1782	6.0644	4.52451	5.8618	5.41374	0	5.58116	0	8.89062	6.51748	0	0	0	0	8.85612	0	0	0	0	0	0	0.36468	0	0	
0	0	0	0	0	0	0	0	0	0	0	0	1.59115	0	0	0	0	0	0	0	0	0	0	0	0	0	0	0	0	0	0	0	0	0	0	0	0	0	0	0	0	0	0	0	0	0	0	9.48416	0	0	1.59115	0	10.26551	0	0	0	0	0	0	5.00257	0	0	0	6.37198	3.85952	9.46197	9.25576	0	11.50722	0	0	8.88624	0	0	0	2.96789	5.9031	10.1992	7.25652	4.76122	0	3.70417	6.46157	4.23486	3.63352	2.4676	6.87733	0	4.23488	0	0	0	0	4.09622	0	0	0	0	0	0	
0	0	0	0	0	0	0	0	0	0	0	0	0	0	0	0	0	0	0	0	0	0	0	0	0	0	0	0	0	0	0	0	10.10752	0	0	0	0	0	0	0	1.72268	0	0	0	0	0	0	0	0	0	0	0	0	0	0	0	7.02323	0	0	0	8.13525	0	0	5.5272	0	6.75068	0	0	7.71873	0	0	0	6.95509	0	0	3.35078	0	0	5.68256	10.38477	9.38263	7.01084	9.57017	0	3.70903	0	0	0	0.65544	0.65544	7.17621	6.35497	5.57786	0	0	0	0	0	0	0	
0	0	0	0	0	0	0	1.8845	0	0	0	0	0	0	0	0	0	0	0	0	0	0	0	0	0	0	0	4.36137	0	0	0	0	0	0	0	0	0	0	0	0	0	0	0	0	0	0	0	0	0	0	0	0	0	0	0	0	0	3.61058	0	0	0	0	0	0	0	0	0	0	0	0	2.9543	4.10255	7.27893	1.44647	0	5.37665	4.23488	0	8.72563	3.74104	0	5.18502	0	8.29269	1.10454	9.45689	0	8.79111	0	0.8974	0	0.8974	0	0	0	9.17455	0	0	0	0	
0	0	0	0	0	0	0	0	0	0	0	0	0	0	0	0	0	0	0	0	10.9092	0	0	0	0	0	0	0	0	0	2.24437	0	0	0	0	0	0	0	0	0	0	0	0	0	0	0	0	0	0	0	0	0	0	0	0	0	0	0	0	11.40476	0	0	0	0	8.32021	8.98943	6.38919	4.97125	0	0	0	0	0	0	0	3.08349	5.21828	1.84322	0	0	4.04488	0	0	0	2.58543	5.16169	7.32704	5.87417	4.34104	0	7.58668	5.00256	6.97831	14.60894	0	5.01544	0	0	0	0	
0	0	0	0	0	0	0	0	0	0	0	0	0	0	0	0	0	0	0	0	0	0	0	0	0	0	0	0	0	0	0	0	0	0	0	0	0	0	0	0	0	0	0	0	0	0	0	0	3.57621	0	0	0	0	0	0	0	0	0	0	0	0	0	0	0	0	0	0	0	0	8.61397	11.95626	9.27172	6.63968	0	8.24152	8.9564	0	7.70275	2.24437	0	0	8.05756	7.68962	0	6.34061	0	1.44647	0	0	4.19994	0	1.77802	6.21212	0	1.72268	0	0	0	0	0	
0	0	0	0	0	0	0	0	0	0	0	0	0	0	0	5.97296	0	0	0	0	0	0	0	0	0	0	0	0	0	0	0	0	0	0	5.71353	0	0	0	0	0	0	0	0	0	0	0	0	0	0	0	0	0	0	0	0	0	0	0	0	0	0	0	0	0	0	0	0	3.1782	0	0	0	0	0	8.17561	0	0	0	1.30493	0	0	0	4.71729	0	0	5.55048	0	10.85712	3.6097	5.64055	10.70981	9.25959	0	9.506	0	0	0	0	0	0	0	
0	0	0	0	0	0	0	0	0	0	0	0	0	0	0	0	0	0	0	0	0	0	0	0	0	0	0	0	0	0	0	0	0	0	0	0	0	0	0	0	0	0	0	0	0	0	0	0	9.73308	2.75517	0	0	0	0	0	0	0	0	0	8.39852	0	0	0	0	0	7.80946	0	0	0	0	0	7.95262	0	0	0	0	0	12.39281	0	6.61529	11.20889	0	0	9.46139	0	0	0	0	0	0	0	0	0	0	0	0	0	0	0	0	
0	0	0	0	0	0	0	0	0	0	0	0	0	0	0	0	0	0	0	2.24437	0	0	0	0	0	0	0	0	0	0	0	0	0	0	0	0	0	0	0	0	0	0	0	0	0	0	0	0	0	0	0	0	0	0	0	4.34528	0	0	11.15623	0	0	0	0	0	5.80541	0	0	0	0	0	0	10.8685	0	0.36468	0	0	3.0337	0	0	0	2.46818	6.37596	3.64382	7.66354	0	0	0	7.72252	9.17189	0	1.28558	9.17168	9.72477	0	0	0	0	0	0	0	
0	0	0	0	0	0	0	0	0	0	0	0	0	0	0	0	0	0	0	0	0	0	0	0	0	0	0	0	0	0	0	0	0	0	0	0	0	0	0	0	0	0	0	0	0	0	0	0	0	0	0	0	0	0	0	0	0	0	0	0	0	0	0	0	0	0	0	0	0	0	0	0	0	0	0	0	0	0	0	0	0	0	0	0	0	0	0.8974	0	0	0	0	9.35644	0	0	0	0	0	0	0	0	
0	0	0	0	0	0	0	0	0	0	0	0	0	0	0	0	0	0	0	0	0	0	0	0	0	0	0	0	0	0	0	0	0	0	0	0	0	0	0	0	0	0	0	0	0	0	0	0	0	0	0	0	0	0	0	0	0	0	0	0	0	0	0	0	0	0	0	0	0	0	9.76858	0.36468	0	0	0	0	5.7602	0	0	6.50759	0	0	0	9.65855	0	0	0	3.26707	0	0	4.98936	9.62374	0	0	0	0	0	0	0	0	
0	0	0	0	0	0	0	0	0	0	0	0	0	0	0	0	0	0	0	0	0	0	0	0	0	0	0	0	0	0	0	0	0	0	0	0	0	0	0	0	0	0	0	0	0	0	0	0	0	0	0	0	0	0	0	0	0	0	0	5.29447	0	0	0	0	0	0	0	0	0	0	3.64414	0	0	0	0	0	0	0	0	0	0	0	0	0	0	0	6.17049	0	0	0	0	0	0	0	0	0	0	0	0	0	
0	0	0	0	0	0	0	0	0	0	0	0	0	0	0	0	0	0	0	0	0	0	0	0	0	0	0	0	0	0	0	0	0	0	0	0	0	0	0	0	0	0	0	0	0	0	0	0	0	0	0	0	0	0	0	0	0	0	0	0	0	0	0	0	0	0	0	0	0	6.55279	2.32938	0	0	0	0	0	0	0	5.73705	0	0	0	0	0	0	0	0	0	6.12366	1.84322	0	0	0	0	0	0	0	0	0	0	
0	0	0	0	0	0	0	0	0	0	0	0	0	0	0	0	0	0	0	0	0	0	0	0	0	0	0	0	0	0	0	0	0	0	0	0	0	0	0	0	0	0	0	0	0	0	0	0	0	0	0	0	0	0	0	0	0	0	0	0	0	0	0	0	0	0	0	0	0	0	0	0	0	0	0	0	0	0	0	0	0	0	0	0	0	0	0	0	0	0	0	0	0	0	0	0	0	0	0	0	
0	0	0	0	0	0	0	0	0	0	0	0	0	0	0	0	0	0	0	0	0	0	0	0	0	0	0	0	0	0	0	0	0	0	0	0	0	0	0	0	0	0	0	0	0	0	0	0	0	0	0	0	0	0	0	0	0	0	6.91783	0	0	0	0	0	0	0	0	0	0	0	0	0	0	0	0	6.76982	0	0	0	0	0	0	0	0	0	0	0	0	0	0	0	0	0	0	0	0	0	0	0	0	
0	0	0	0	0	0	0	0	0	0	0	0	0	0	0	0	0	0	0	0	0	0	0	0	0	0	0	0	0	0	0	0	6.51246	0	0	0	0	0	0	0	0	0	0	0	0	0	0	0	0	0	4.60245	0	0	0	0	0	0	0	0	0	0	0	0.8974	0	0	0	0	0	0	0	0	0	0	0	0	0.36468	0	0	0	0	4.07176	0	0	0	0	0	0	0	0	0	0	0	0	0	0	0	0	0	0	0	
0	0	0	0	0	0	0	0	0	0	0	0	0	0	0	0	0	0	0	0	0	0	0	0	0	0	0	0	0	0	0	0	0	0	0	0	0	0	0	0	0	0	0	0	0	0	0	0	0	0	0	0	0	0	0	0	0	0	0	0	0	0	0	0	0	0	0	0	0	0	0	0	0	0	0	0	0	0	0	0	0	0	0	0	0	0	0	0	0	0	0	0	0	0	0	0	0	0	0	0	
0	0	0	0	0	0	0	0	0	0	0	0	0	0	0	0	0	0	0	0	0	0	0	0	0	0	0	0	0	0	0	0	0	0	0	0	0	0	0	0	0	0	0	0	0	0	0	0	0	0	0	0	0	0	0	0	0	0	0	0	0	0	0	0	0	0	0	0	0	0	0	0	0	0	0	0	0	0	0	0	0	0	0	0	0	0	0	0	0	0	0	0	0	0	0	0	0	0	0	0	
0	0	0	0	0	0	0	0	0	0	0	0	0	0	0	0	0	0	0	0	0	0	0	0	0	0	0	0	0	0	0	0	0	0	0	0	0	0	0	0	0	0	0	0	0	0	0	0	0	0	0	0	0	0	0	0	0	0	0	0	0	0	0	0	0	0	0	0	0	0	0	0	0	0	0	0	0	0	0	0	0	0	0	0	0	0	0	0	0	0	0	0	0	0	0	0	0	0	0	0	
0	0	0	0	0	0	0	0	0	0	0	0	0	0	0	0	0	0	0	0	0	0	0	0	0	0	0	0	0	0	0	0	0	0	0	0	0	0	0	0	0	0	0	0	0	0	0	0	0	0	0	0	0	0	0	0	0	0	0	0	0	0	0	0	0	0	0	0	0	0	0	0	0	0	0	0	0	0	0	0	0	0	0	0	0	0	0	0	0	0	0	0	0	0	0	0	0	0	0	0	
0	0	0	0	0	0	0	0	0	0	0	0	0	0	0	0	0	0	0	0	0	0	0	0	0	0	0	0	0	0	0	0	0	0	0	0	0	0	0	0	0	0	0	0	0	0	0	0	0	0	0	0	0	0	0	0	0	0	0	0	0	0	0	0	0	0	0	0	0	0	0	0	0	0	0	0	0	0	0	0	0	9.33861	0	0	0	0	0	0	0	0	0	0	0	0	0	0	0	0	0	0	
0	0	0	0	0	0	0	0	0	0	0	0	0	0	0	0	0	0	0	0	0	0	0	0	0	0	0	0	0	0	0	0	0	0	0	0	0	0	0	0	0	0	0	0	0	0	0	11.99143	0	0	0	0	0	0	0	0	0	0	0	0	0	0	0	0	0	0	0	0	0	0	0	0	0	0	8.6827	0	0	0	0	0	0	0	0	0	0	0	0	0	0	0	0	0	0	0	0	0	0	0	0	0	
