0	0	0	0	0	0	0	0	0	0	0	0	0	0	0	0	0	0	0	0	0	0	0	0	0	0	0	0	0	0	0	0	0	0	0	0	0	0	0	0	0	0	0	0	0	0	0	0	0	0	0	8.06711	0	0	0	0	0	0	0	0	0	0	0	0	0	0	0	0	0	0	0	0	0	0	0	0	0	0	0	0	0	0	0	0	0	0	0	0	0	0	0	0	0	0	0	0	0	0	0	0	
0	0	0	0	0	0	0	0	0	0	0	0	0	0	0	0	0	0	0	0	0	0	0	0	0	0	0	0	0	0	0	0	0	0	0	0	0	0	0	0	0	0	0	0	0	0	0	13.1803	0	0	0	0	0	0	0	0	0	0	0	0	0	0	0	10.90935	0	0	0	0	0	0	0	0	0	0	0	0	0	0	0	0	0	0	0	0	0	0	0	0	0	0	0	0	0	0	0	0	0	0	0	0	
0	0	0	0	0	0	0	0	0	0	0	0	0	0	0	0	0	0	0	0	0	0	0	0	0	0	0	0	0	0	0	0	0	0	0	0	0	0	0	0	0	0	0	0	0	0	0	0	0	0	0	0	0	0	9.8512	0	0	0	0	0	0	0	0	0	0	0	0	0	0	0	0	0	0	0	0	0	0	0	0	0	0	0	0	0	0	0	0	0	0	0	0	0	0	0	0	0	0	0	0	0	
0	0	0	0	0	0	0	0	0	0	0	0	0	0	0	0	0	0	0	0	0	0	0	0	0	0	0	0	0	0	0	0	0	0	0	0	0	0	0	0	0	0	0	0	0	0	12.55959	10.6669	0	0	0	0	0	0	0	0	0	0	0	0	0	0	0	0	0	0	0	0	0	0	0	0	0	0	0	0	0	0	0	0	0	0	0	0	0	0	0	0	0	0	0	0	0	0	0	0	0	0	0	0	
0	0	0	0	0	0	0	0	0	0	0	0	0	0	0	0	0	0	0	0	0	0	0	0	0	0	0	0	0	0	0	0	0	0	0	0	0	7.7415	0	0	0	0	0	11.74132	0	0	0	0	0	0	0	0	0	0	0	0	0	0	0	0	0	0	0	0	0	0	0	0	0	0	0	0	0	0	0	0	0	0	0	0	0	0	0	0	0	0	0	0	0	0	0	0	0	0	0	0	0	0	0	0	
0	0	0	0	0	0	0	0	0	0	0	0	0	0	0	0	0	0	0	0	0	0	0	0	0	0	0	0	0	0	0	0	0	0	0	0	0	0	0	0	0	0	0	0	0	0	0	0	0	0	0	0	0	0	0	0	0	0	0	0	0	0	0	0	0	0	0	0	0	0	0	0	7.91905	0	0	0	0	0	0	0	0	0	0	0	0	0	0	0	0	0	0	0	0	0	0	0	0	0	0	0	
0	0	0	0	0	0	0	0	0	0	0	0	0	0	0	0	0	0	0	0	0	0	0	0	0	0	0	0	0	0	0	0	0	0	0	0	0	0	0	0	0	0	0	0	0	0	0	0	0	0	0	0	0	0	0	0	0	0	0	0	0	0	0	0	0	0	0	0	0	0	0	0	0	0	10.36442	0	0	0	0	0	0	0	0	0	0	0	0	0	0	0	0	0	0	0	0	0	0	0	0	0	
0	0	0	0	0	0	0	0	0	0	0	0	0	0	0	0	0	0	0	0	0	0	0	0	0	0	0	0	0	0	0	0	0	0	0	0	0	0	0	0	0	0	0	0	0	0	0	0	0	0	0	8.43704	0	0	0	10.52598	0	0	9.65251	0	0	0	0	0	0	0	0	0	0	0	0	0	0	0	0	0	0	0	0	0	0	0	0	0	0	0	0	0	0	0	0	0	0	0	0	0	0	0	0	0	
0	0	0	0	0	0	0	0	0	0	0	0	0	0	0	0	0	0	0	0	0	0	0	0	0	0	0	0	6.88679	0	0	0	0	0	0	0	0	0	0	0	0	0	0	0	0	0	0	0	0	0	0	0	0	0	0	0	0	0	0	0	0	0	0	0	0	0	0	7.36037	0	0	0	0	0	0	0	0	0	0	0	0	0	0	0	0	0	0	0	0	0	0	0	0	0	0	0	0	0	0	0	0	
0	0	0	0	0	0	0	0	0	0	0	0	0	0	0	0	0	0	0	0	0	0	0	0	0	0	0	0	0	0	0	0	0	0	0	0	0	0	0	0	0	0	0	0	0	0	0	0	0	0	0	0	0	0	0	8.76316	0	0	0	0	0	0	0	0	0	0	0	0	0	0	0	0	0	0	0	0	0	0	0	0	0	0	0	0	0	0	0	0	0	0	0	0	0	0	0	0	0	0	0	0	
0	0	0	0	0	0	0	0	0	0	0	0	0	0	0	0	0	0	0	0	0	0	0	0	0	0	0	0	0	0	0	0	0	0	0	0	0	0	0	0	0	0	0	0	0	0	0	0	0	0	0	0	0	0	0	0	0	0	0	0	0	0	0	0	0	0	0	10.59766	0	0	0	0	0	0	0	0	0	0	0	0	0	0	0	0	0	0	0	0	0	0	0	0	0	0	0	0	0	0	0	0	
0	0	0	0	0	0	0	0	0	0	0	0	0	0	0	0	0	0	0	0	0	0	0	0	0	0	0	0	0	0	0	0	0	0	0	0	0	0	0	0	0	0	0	0	0	0	0	0	0	0	0	0	5.87156	0	0	0	0.63164	0	0	0	0	0	0	0	0	0	0	0	0	0	0	6.50281	0	0	0	0	0	0	0	0	0	0	0	0	0	0	0	0	0	0	0	0	0	0	0	0	0	0	0	0	
0	0	0	0	0	0	0	0	0	0	0	0	0	0	0	0	0	0	0	0	0	0	0	0	0	0	0	0	0	0	0	0	0	0	0	0	0	0	0	0	0	0	0	0	0	0	0	0	13.58334	0	0	0	13.75912	0	0	0	0	0	0	0	0	0	0	0	0	0	0	3.69578	0	0	0	0	0	0	0	0	0	0	0	0	0	0	0	0	0	0	0	0	0	0	0	0	0	0	0	0	0	0	0	0	
0	0	0	0	0	0	0	0	0	0	0	0	0	0	0	0	0	0	0	0	0	0	0	0	0	0	0	0	0	0	13.00767	0	0	0	0	0	0	0	0	11.41354	0	0	0	0	0	0	0	7.92572	0	0	0	0	0	0	0	0	0	5.77641	4.50297	0	11.33104	0	0	9.42123	0	0	0	0	0	0	0	0	0	0	0	0	0	0	0	0	0	0	0	0	0	0	0	0	0	0	0	0	0	0	0	0	0	0	0	0	
0	0	0	0	0	0	0	0	0	0	0	0	0	0	0	0	0	0	0	0	0	0	0	0	0	0	0	0	0	0	0	0	0	0	0	0	0	0	0	0	0	0	0	0	0	0	0	0	0	0	0	0	0	0	7.90724	0	0	0	0	0	0	0	0	0	0	0	0	0	0	0	0	0	0	0	4.61722	0	0	0	0	0	0	0	0	0	0	0	0	0	0	0	0	0	0	0	0	0	0	0	0	0	
0	0	0	0	0	0	0	0	0	0	0	0	0	0	0	0	0	0	0	0	0	0	0	0	0	0	0	0	0	0	0	0	0	0	0	0	0	0	0	0	0	0	12.53944	0	0	0	0	0	0	0	0	0	9.09135	0	0	0	0	0	0	11.20464	0	0	0	0	0	0	0	0	0	0	0	7.70837	0	0	0	0	0	0	0	0	0	0	0	0	0	0	0	0	0	0	0	0	0	0	0	0	0	0	0	0	
0	0	0	0	0	0	0	0	0	0	0	0	0	0	0	0	0	0	0	0	0	0	0	0	0	0	0	0	0	0	0	0	0	0	0	0	0	0	0	0	0	0	0	8.22013	0	0	0	12.73789	0	0	0	8.60728	0	0	0	0	0	0	4.13542	0	0	0	0	0	0	0	0	0	0	0	0	0	0	0	0	0	0	0	0	0	0	0	0	0	0	0	0	0	0	0	0	0	0	0	0	0	0	0	0	0	
0	0	0	0	0	0	0	0	0	0	0	0	0	0	0	0	0	0	0	0	0	0	0	0	0	0	0	0	0	0	0	0	0	0	0	0	0	0	0	0	0	0	9.74964	0	0	0	0	0	0	0	0	0	0	0	0	7.91235	0	0	0	0	0	0	0	0	0	0	0.45807	0	2.80304	0	0	0	0	0	0	0	0	0	0	0	0	0	0	0	0	0	0	0	0	0	0	0	0	0	0	0	0	0	0	0	
0	0	0	0	0	0	0	0	0	0	0	0	0	0	0	0	0	0	0	0	0	0	0	0	0	0	0	0	0	0	0	0	0	0	0	0	0	0	0	0	12.44958	0	0	0	0	0	0	0	0	0	0	0	0	0	0	0	0	0	0	0	0	0	0	0	0	0	0	0	0	0	0	0	0	0	0	0	0	0	0	0	0	0	0	0	0	0	0	0	0	0	0	0	0	0	0	0	0	0	0	0	
0	0	0	0	0	0	0	0	0	0	0	0	0	0	0	0	0	0	0	0	0	0	0	0	0	0	0	0	0	0	0	0	0	0	0	0	0	0	0	0	0	0	0	0	0	0	0	6.64965	0	0	7.9484	0	0	0	0	0	0	0	0	0	0	0	0	0	0	0	0	0	0	0	0	0	0	0	0	0	8.69974	0	0	0	0	0	0	0	0	0	0	0	0	0	0	0	0	0	0	0	0	0	0	0	
0	0	0	0	0	0	0	0	0	0	0	0	0	0	0	0	0	0	0	0	0	0	0	0	0	0	0	0	0	0	0	0	0	0	0	0	0	0	0	0	0	0	0	0	0	0	0	8.56673	0	0	9.61519	11.44269	0	0	0	0	9.21003	0	8.4983	0	9.32868	0	0	0	0	9.75589	0	0	0	0	0	0	0	0	0	0	0	0	0	0	0	0	0	0	0	0	0	0	0	0	0	0	0	0	0	0	0	0	0	0	
0	0	0	0	0	0	0	0	0	0	0	0	0	0	0	0	0	0	0	0	0	0	0	0	0	0	0	0	0	0	0	0	0	0	0	0	0	0	0	0	0	10.40714	0	0	0	0	0	0	0	0	0	0	0	0	0	0	0	0	0	0	0	0	0	0	0	0	0	0	0.45807	0	0	0	0	0	0	0	0	0	0	0	0	0	0	0	0	0	0	0	0	0	0	0	0	0	0	0	0	0	0	0	
0	0	0	0	0	0	0	0	0	0	0	0	0	0	0	0	0	0	0	0	0	0	0	0	0	0	0	0	0	0	0	8.46054	0	0	0	0	0	0	0	0	0	0	0	0	0	0	0	9.39104	0	0	0	0	0	0	0	0	0	0	0	0	0	0	0	3.31739	0	0	0	4.42982	0	0	0	0	0	0	0	0	0	0	0	0	0	0	0	0	0	0	0	0	0	0	0	0	0	0	0	0	0	0	0	0	
0	0	0	0	0	0	0	0	0	0	0	0	0	0	0	0	0	0	0	0	0	0	0	0	0	0	0	0	0	0	0	10.66296	0	0	0	0	0	0	0	0	0	0	0	0	0	0	0	0	0	0	0	0	0	0	0	0	0	0	0	0	0	0	0	0	0	0	0	0	0	0	0	0	0	0	0	0	0	0	0	0	0	0	0	0	0	0	0	0	0	0	0	0	0	0	0	0	0	0	0	0	
0	0	0	0	0	0	0	0	0	0	0	0	0	0	0	0	0	0	0	0	0	0	0	0	0	0	0	0	0	0	0	0	0	0	0	0	0	0	0	0	0	0	0	9.81873	0	0	0	0	0	13.92285	0	0	0	0	7.56769	0	0	0	0	0	0	0	0	0	0	0	0	0	0	0	0	0	0	0	0	0	0	0	0	1.43915	0	0	0	0	0	0	0	0	0	0	0	0	0	0	0	0	0	0	0	0	
0	0	0	0	0	0	0	0	0	0	0	0	0	0	0	0	0	0	0	0	0	0	0	0	0	0	0	0	0	0	0	0	9.92958	0	0	0	0	0	0	0	0	0	0	0	0	0	0	4.896	0	0	10.47062	0	0	0	0	0	0	0	8.80353	0	0	0	0	0	0	0	0	0	0	0	2.55041	0	0	0	0	0	0	0	0	0	0	0	0	0	0	7.23562	0	0	0	0	0	0	0	0	0	0	0	0	0	0	
0	0	0	0	0	0	0	0	0	0	0	0	0	0	0	0	0	0	0	0	0	0	0	0	0	0	0	0	0	0	0	0	0	0	0	0	0	0	0	8.62387	0	0	0	0	14.39124	0	9.52951	0	0	0	0	0	0	0	0	0	0	0	0	0	0	0	0	0	0	0	0	0	0	3.65358	0	0	0	0	0	0	0	0	0	0	0	0	0	0	0	0	0	0	0	0	0	0	0	0	0	0	0	0	0	0	
0	0	0	0	0	0	0	0	0	0	0	0	0	0	0	0	0	0	0	0	0	0	0	0	0	0	0	0	0	0	0	0	0	0	0	7.48884	0	0	0	0	0	0	0	0	0	0	0	7.65587	0	0	0	0	0	7.53792	0	0	0	0	0	0	9.3437	0	0	0	0	0	0	0	0	0	0	0	0	0	0	0	0	0	0	0	0	0	0	0	0	0	0	0	0	0	0	0	0	0	1.5203	0	0	0	0	0	
0	0	0	0	0	0	0	0	0	0	0	0	0	0	0	0	0	0	0	0	0	0	0	0	0	0	0	0	0	0	0	0	0	0	0	0	0	0	0	0	0	15.35566	0	0	0	0	0	0	0	0	0	0	0	0	0	0	0	0	0	0	0	0	0	0	0	0	0	6.49087	0	0	0	3.20495	0	0	0	0	0	0	0	0	0	0	0	0	0	0	0	0	0	0	0	0	0	0	0	0	0	0	0	0	
0	0	0	0	0	0	0	0	0	0	0	0	0	0	0	0	0	0	0	0	0	0	0	0	0	0	0	0	0	0	0	0	0	0	0	0	0	0	0	0	9.58952	0	0	0	10.07661	0	0	7.2524	0	0	5.55349	13.04004	0	0	0	8.89244	0	0	6.67625	0	6.76319	0	0	0	0	0	0	0	5.47081	0	0	0	0	0	0	0	0	0	0	0	0	0	0	0	0	0	0	0	0	0	0	0	0	0	0	3.51896	0	0	0	0	
0	0	0	0	0	0	0	0	0	0	0	0	0	0	0	0	0	0	0	0	0	0	0	0	0	0	0	0	0	0	0	0	0	0	0	0	0	0	0	0	0	0	0	0	12.55278	0	0	0	0	0	0	0	5.21909	0	0	0	0	8.24468	0	0	0	5.39596	0	0	0	0	0	0	0	0	0	0	0	0	0	0	0	0	0	0	0	0	0	0	0	0	0	0	0	0	0	0	0	0	0	0	0	0	0	0	
0	0	0	0	0	0	0	0	0	0	0	0	0	0	0	0	0	0	0	0	0	0	0	0	0	0	0	0	0	0	0	0	0	0	0	0	0	0	0	0	0	0	0	10.26803	0	0	12.9665	0	0	0	9.36102	0	0	0	0	0	0	0	0	8.79991	0	0	0	0	10.10822	0	0	1.5203	0	0	0	0	9.38863	0	0	0	0.80521	0	0	0	0	0	0	0	0	0	0	0	0	0	0	0	0	0	0	0	0	0	0	0	
0	0	0	0	0	0	0	0	0	0	0	0	0	0	0	0	0	0	0	0	0	0	0	0	0	0	0	0	0	0	0	0	0	0	0	0	0	0	0	0	0	0	0	0	3.4919	3.01794	0	11.28764	0.80521	0	0	14.16153	7.44929	0	0	8.07513	0	0	0	0	0	0	0	0	0	0	0	8.4296	0	0	0	0	0	10.98604	0	0	0	0	0	0	0	0	0	0	0	0	0	0	0	0	0	0	0	0	0	0	0	0	0	0	
0	0	0	0	0	0	0	0	0	0	0	0	0	0	0	0	0	0	0	0	0	0	0	0	0	0	0	0	0	0	0	0	0	0	0	0	0	11.35382	0	0	0	0	0	0	0	0	0	0	4.27134	0	0	6.61135	0	0	10.66429	0	6.88679	0	0	4.02869	0	5.91688	0	0	0	0	0	0	0	0	0	0	0	0	5.93192	3.56524	0	0	0	0	0	0	0	0	0	0	0	0	0	0	0	0	0	0	0	0	0	0	0	0	
0	0	0	0	0	0	0	0	0	0	0	0	0	0	0	0	0	0	0	0	0	0	0	0	0	0	0	0	0	0	0	0	0	0	0	0	0	0	0	0	0	0	13.38912	0	0	11.54167	0	11.16797	0	0	10.05092	0	11.66849	0	10.96597	0	0	0	0	0	0	0	0	9.50598	0	0	0	6.11657	0	0	8.0076	0	0	0	0	0	0	0	2.63963	0	0	0	0	0	0	0	0	0	0	0	0	0	0	0	0	0	0	0	0	0	
0	0	0	0	0	0	0	0	0	0	0	0	0	0	0	0	0	0	0	0	0	0	0	0	0	0	0	0	0	0	0	0	0	0	0	0	0	0	0	0	0	0	0	0	0	0	0	8.96436	9.70319	0	0	6.50874	0	0	0	0	0	0	0	0	0	0	0	0	0.80521	0	0	0	0	0	0	0	0	0	0	0	0	0	0	0	0	0	0	0	0	0	0	0	0	0	8.64153	0	0	0	0	0	0	0	0	0	
0	0	0	0	0	0	0	0	0	0	0	0	0	0	0	0	0	0	0	0	0	0	0	0	0	0	0	0	0	0	0	0	0	0	0	0	0	0	0	0	0	0	0	0	0	0	0	12.52735	0	0	0	0	10.30003	10.22318	0	0	0	0	11.39682	10.65295	0	0	0	0	0	0	0	0	0	0	0	0	0	0	0	0	0	0	0	0	0	0	0	0	0	0	0	0	0	0	0	0	0	0	0	0	0	0	5.53034	0	
0	0	0	0	0	0	0	0	0	0	0	0	0	0	0	0	0	0	0	0	0	0	0	0	0	0	0	0	0	0	0	0	0	0	0	0	0	0	0	0	0	0	8.72926	0	0	0	0	0	0	9.79821	0	6.16996	0	8.32757	0	0	0	0	0	0	0	0	0	0	10.55816	0	0	0	0	0	0	0	0	0	0	0	13.64537	0	0	0	0	0	0	0	0	0	0	0	0	0	0	0	0	0	0	0	0	0	0	0	
0	0	0	0	0	0	0	0	0	0	0	0	9.85295	0	0	0	0	0	0	0	0	0	0	0	0	0	0	0	0	0	9.30416	0	0	0	0	0	0	0	0	0	0	0	9.21578	0	0	0	0	12.679	0	0	11.97862	0	0	6.16808	5.06657	0	10.94278	0	0	0	0	0	0	10.06206	6.86845	10.96677	0	0	0	0	0	0	0	0	0	0	0	0	0	0	0	0	0	0	0	0	0	0	0	0	0	0	0	0	0	0	0	0	0	0	
0	0	0	0	0	0	0	0	0	0	0	0	0	0	0	0	0	0	0	0	0	0	0	0	0	0	0	0	0	0	0	0	0	0	0	0	0	0	0	0	0	0	0	0	0	11.26975	6.22144	0	0.80521	11.91023	1.85431	8.59827	6.5642	0	11.33974	7.26338	0	0	0	0	10.9584	0	0	0	0	0	0	0	0	5.7062	0	0	0	0	0	0	2.77784	0	0	0	0	0	0	0	0	0	0	0	0	0	0	0	0	0	0	0	0	0	0	0	
0	0	0	0	0	0	0	0	0	0	0	0	0	0	0	9.52513	0	0	0	0	0	0	0	0	0	0	0	0	0	0	0	0	0	0	0	4.50297	11.63108	0	0	0	0	0	0	4.54976	0	10.98577	8.92151	6.94044	2.45531	6.41076	0	0	6.43589	0	10.72065	0	0	0	0	6.99641	0	10.43817	0	7.26879	0	7.9235	0	0	10.99479	0	11.52786	0	0	0	0	9.6596	0	0	0	3.26227	0	0	0	0	0	0	0	0	0	0	9.04209	0	0	0	0	0	0	0	0	0	
0	0	0	0	0	0	0	0	0	0	0	0	0	0	0	0	0	0	0	0	0	0	0	0	0	0	11.23962	0	0	0	0	3.56524	0	0	7.24411	0	0	0	0	0	10.28049	0	0	0	0	0	0	0	8.57753	6.39803	1.31892	11.26963	8.44206	0	10.43037	0	13.67374	0	5.89911	0	0.80521	10.36361	0	0	0	7.96724	0	0	0	0	0	0	0	8.20321	0	0	0	0	0	0	0	0	0	0	0	0	0	0	0	0	0	0	0	0	0	0	1.08481	0	0	0	
0	0	0	0	0	0	0	0	0	0	0	0	0	0	0	0	0	0	0	9.74902	0	0	0	0	0	0	0	0	0	0	0	0	0	0	0	0	0	0	0	0	0	0	0	13.35333	0	0	13.4941	12.7298	12.02153	0	9.71863	7.65141	10.06307	0	0	0	12.96583	0	0	7.73835	6.62748	0	0	12.61228	0	6.60049	0	9.22619	0	0	0	0	0	0	0	0	0	0	0	0	0	0	0	0	0	0	0	0	0	0	7.56231	0	0	0	0	0	0	0	0	0	
0	0	0	0	0	0	0	0	0	0	0	0	8.9622	0	0	0	0	0	0	7.96939	0	0	0	0	0	0	0	0	0	0	0	0	0	6.73274	0	0	0	0	0	0	0	9.25559	10.96839	0	8.00888	0	0	5.32313	6.18485	0	1.69697	9.02348	6.30042	5.9875	9.17572	14.86434	6.19451	5.67226	8.86578	0	0	0	0	0	2.55041	0	0	0	0	0	0	0	0	0	0	0	0	0	10.24911	0.45807	0	0	0	0	0	0	0	0	0	0	0	0	0	0	0	0	0	0	0	0	
0	0	0	0	0	0	0	0	0	0	0	0	0	0	0	0	0	0	0	0	0	0	0	13.65124	0	0	0	0	0	0	0	0	0	0	0	0	0	0	12.26431	0	0	0	6.71141	8.98152	1.31892	0	10.92826	6.23202	0	9.20225	7.45851	8.69123	0	0	0	0	0	6.01399	12.62804	9.97582	10.83898	0	0	0	8.83339	0	0	0	0	0	0	0	0	0	0	0	0	0	0	0	0	0	0	0	0	0	0	0	0	0	0	0	0	0	0	0	0	0	0	0	
0	0	10.92911	0	0	0	0	0	0	0	0	0	0	0	0	0	0	0	0	0	0	0	0	0	0	0	0	0	0	0	0	0	0	0	0	0	0	0	0	0	9.93361	0	0	0	0	8.70879	0	9.76379	8.39958	11.72967	0	8.16051	8.75943	8.68131	0	11.16762	0	0	10.49082	0	11.30959	0	7.9865	10.23888	0	0	0	0	0	0	0	8.53771	0	0	0	0	1.69697	0	0	0	0	0	0	0	0	0	0	0	0	0	0	0	0	0	0	0	0	0	0	0	
0	0	0	0	0	0	0	0	0	0	0	11.11852	0	0	0	0	0	0	0	0	0	0	0	0	0	0	0	0	0	0	0	0	8.84867	0	0	0	0	9.75251	13.25441	4.24315	3.65358	7.27273	0	0	12.38995	7.25069	10.50283	5.2281	10.32321	0	11.41116	0	5.08093	5.39348	0	10.79025	6.45078	10.65569	0	0	0	0	0	0	0	0	0	6.57244	0	0	0	0	4.35276	0	0	1.31892	0	0	10.76253	0	0	0	0	0	0	0	0	0	0	0	0	0	0	0	0	7.38384	0	0	0	0	
0	0	0	0	0	0	0	0	0	0	0	0	0	0	0	0	0	0	0	0	0	0	0	0	0	0	0	0	0	0	0	0	0	0	9.46155	8.35132	0	0	0	6.70753	0	11.84432	0	10.85571	12.80458	10.06806	6.58555	10.03256	4.36459	10.00019	11.60454	9.80071	2.36087	9.75443	0	0	7.94902	0	0	5.7291	7.46463	0	4.2144	0	0	0	0	0	0	0	0	0	0	0	0	0	0	0	6.4421	0	0	0	0	0	0	0	0	10.27544	0	0	0	0	0	0	0	0	0	0	0	0	
0	0	0	0	0	0	0	0	8.61152	0	9.85992	0	0	0	0	0	0	0	0	0	0	0	0	0	0	0	12.57787	0	0	0	0	0	0	0	0	2.35349	0	13.83837	11.2133	0	8.04771	7.82945	0	5.03403	2.45531	11.66538	5.47322	7.66391	9.20385	8.50587	0	7.64399	0	0	0	0	9.22192	3.65358	0	0	0	0	2.45531	0	0	0	9.99971	0	0	0	0	0	0	0	0	0	0	0	0	0	0	0	0	0	0	0	0	0	0	0	0	0	0	1.85431	0	0	0	0	0	0	
0	0	0	0	0	0	0	0	0	0	0	13.32005	0	0	12.79581	0	0	0	0	0	0	0	0	0	0	0	0	0	0	0	0	9.93565	0	0	7.79588	0	11.07445	0	0	8.78357	0.45807	0	9.71688	8.91031	10.61092	8.07149	10.30068	8.52986	4.92909	8.40019	7.57167	10.41281	10.03075	7.94138	0	8.36075	10.72376	0	0	12.72734	10.16802	5.14966	0	10.96057	0	0	0	0	0	0	0	0	0	1.69697	0	7.3506	0	0	0	0	0	0	0	6.37872	0	0	0	0	0	0	0	0	0	0	0	0	0	0	0	0	
0	0	0	0	0	0	0	0	0	0	0	0	13.21	0	0	0	0	0	0	0	0	0	0	0	0	0	0	0	0	9.41335	0	0	7.68236	0	8.75069	0	12.2725	0	11.08193	10.37745	10.74188	11.2525	10.44587	10.23796	7.41096	4.70761	9.71304	10.17212	5.88986	9.17149	7.42978	11.91945	10.31195	7.53106	6.07021	5.68362	11.40494	0	0	7.86689	7.88296	0	0	0	0	0	0	0	0	0	0	0	0	9.9444	0	0	0	0	0	0	10.54487	0	0	0	0	0	0	0	0	0	0	0	0	0	0	0	0	0	0	0	
0	0	0	0	0	0	0	11.42398	0	0	0	9.12554	0	0	0	0	0	0	0	0	0	0	0	0	0	0	0	8.46054	0	0	7.33373	0	13.4983	0	0	0	9.80252	9.07245	9.53452	9.39284	9.3477	5.80045	0	10.73655	10.5881	8.95817	8.60001	8.91912	10.82543	10.06058	4.34232	8.99899	11.54052	8.5087	7.44762	3.92897	11.26131	6.73409	5.17195	9.50078	6.16392	11.17999	6.53805	0	9.47298	0	0	0	0	0	0	0	0	10.49157	0	0	0	0	0	0	0	0	0	0	0	0	0	0	0	0	0	0	0	0	0	0	0	0	0	0	
11.75776	0	0	0	0	0	0	0	8.51794	0	0	0	8.07313	0	0	0	0	0	0	0	0	0	0	0	11.73168	0	0	7.24055	0	0	0	0	12.56324	0	11.4366	8.14726	0	4.35276	10.11732	7.74291	9.97153	9.12454	6.19146	9.69159	11.21251	10.21422	8.0251	10.22816	6.79553	4.8983	9.05642	5.51805	6.81497	6.40927	11.42747	8.90787	8.56673	6.84698	0	10.18929	3.56524	1.69697	0	6.51636	0	8.91718	0	0	0	0	2.12539	0	0	0	0	0	0	0	0	0	0	0	4.45521	0	0	10.21378	0	0	0	0	0	0	0	0	0	0	0	0	0	0	
0	0	0	11.77939	0	0	0	0	0	0	0	0	0	0	0	0	0	0	8.38836	0	0	11.77586	0	7.93456	11.24814	9.16833	0	0	10.43544	8.62251	11.9168	0	14.65665	0	0	0.45807	0	9.62437	9.9697	8.44328	9.01539	7.08544	8.27771	9.38467	10.20001	9.96682	8.75112	10.24693	10.15642	5.7899	10.05496	7.7522	11.41833	7.65595	9.61011	10.92848	0	6.88453	7.24609	8.51562	1.69697	4.59508	8.32925	0	0	0	0	0	0	4.76333	0	0	5.35703	0	2.12539	6.90939	12.09817	3.65358	0	1.31892	0	0	0	0	0	0	0	0	0	0	0	0	0	0	0	0	0	0	0	0	
9.69085	0	0	0	11.86802	8.44036	0	0	0	0	0	0	0	0	0	0	0	11.40024	0	0	0	0	0	0	8.87532	0	8.66656	9.84164	0	10.47386	10.09526	0	0	0	9.87091	8.77428	7.52284	10.62345	10.31703	8.08224	7.5656	8.77339	8.81479	8.44118	10.19082	9.02046	9.71608	7.97994	8.57578	9.57744	4.84102	9.52169	10.68441	6.87763	8.90087	9.37955	9.61967	4.70061	7.15368	8.55797	11.43258	0	6.19225	11.14542	10.81853	10.75973	9.79429	0	0	0	0	0	0	0	7.30333	0	0	0	0	0	0	0	0	0	0	0	0	0	0	0	0	0	0	0	0	0	0	0	0	0	
0	0	0	0	0	0	0	0	6.2988	0	7.84829	0	0	0	0	0	7.52149	13.06887	9.74902	7.85296	11.698	7.46097	0	0	0	14.85993	0	8.30388	9.77399	11.71462	0	9.23427	11.00846	9.49199	8.61922	10.19501	7.97787	6.67004	9.10087	8.17102	8.93266	7.97148	8.14533	8.28247	9.29814	7.63791	7.34915	9.35229	8.43801	7.72408	7.29652	10.44022	8.72087	7.17529	6.23108	6.29097	4.96931	8.52928	0	9.99918	4.28701	8.21051	6.40303	0	8.38098	12.02386	9.13324	0	0	0	0	8.97511	0	0	6.57244	0	0	0	9.5244	0	0	0	0	0	0	8.45594	0	0	0	0	0	0	0	0	0	3.08301	0	0	0	0	
0	9.57051	0	0	4.12453	8.02427	0	0	0	0	0	0	0	0	6.50281	9.36756	0	10.48293	10.50703	0	7.80314	0	8.32244	0	0	0	0	0	9.64075	10.10724	7.54842	0	12.5628	7.36602	8.72289	8.76966	9.24199	10.58313	8.82665	9.43451	9.03948	8.47652	8.63054	8.59922	8.57211	8.61366	9.05041	8.8493	7.94878	7.51842	7.08021	8.22438	8.40829	8.50163	9.08949	7.80447	5.35703	8.88209	7.89846	8.60373	0	8.85351	0	12.23463	9.90846	1.5203	6.07201	1.5203	0	0	0	0	0	0	0	3.92603	0	0	0	0	9.44021	0	0	0	0	0	0	0	0	0	0	0	0	0	0	0	0	0	0	0	
0	12.00116	11.18949	0	10.67508	0	0	0	0	0	10.47613	0	0	0	10.27196	7.07848	0	6.02846	0	0	8.21051	8.02634	9.83734	8.80186	9.45542	6.79267	0	5.08435	7.37328	8.25596	12.07574	9.66052	11.11267	9.77353	10.42686	13.87101	8.47903	8.86264	8.36393	7.64786	8.3232	7.9996	8.47591	7.45194	7.57457	7.31419	8.5099	8.5198	9.33933	9.00413	7.45103	8.69401	9.23133	8.34474	7.4539	7.10052	7.9458	5.19806	8.32898	6.33932	0	8.72724	9.21135	9.05119	3.23496	3.47115	1.08481	0	0	0.80521	0	8.36558	0	1.85431	9.7794	0	7.93896	0	0	0	0	0	0	4.84575	0	3.11141	0	0	0	0	0	0	0	0	0	0	0	0	0	0	
0	0	0	0	0	0	0	0	9.80192	0	9.73896	11.07345	0	0	0	0	0	0	10.25088	0	12.91389	0	0	0	0	11.10414	10.03096	0	1.85431	8.33427	5.82822	8.02427	9.14662	8.84167	11.34456	8.17505	9.62153	10.36057	8.44604	10.28544	5.71045	8.74278	8.93972	8.36684	7.49389	9.41248	7.1926	8.29226	8.12804	8.55117	7.90959	7.09356	7.0372	8.67947	7.57409	9.11576	8.97994	9.15744	9.23963	8.63152	9.33188	4.66509	12.11448	6.84933	0	11.75075	0	8.44562	0	0	0	0	0	0	0	0	0	0	0.45807	0	0	9.16364	0	0	0	0	0	8.50827	3.7368	7.47981	0	0	0	0	0	0	0	0	0	0	
0	0	0	0	0	0	0	0	12.61469	8.57351	9.27408	1.31892	0	13.29163	0	0	0	8.81913	10.58824	6.71024	0	0	0	8.88396	8.12039	12.00273	8.59489	9.32589	6.53872	9.52063	0	8.9424	5.29231	5.77358	5.01287	8.61671	10.38406	7.06335	9.74855	6.01406	7.33538	8.58138	8.38982	8.73793	7.35534	8.84769	8.46647	7.48789	7.18946	9.31778	8.70088	7.2787	7.43141	7.84785	8.92374	8.2544	6.57223	9.74609	9.06744	8.37159	6.32155	12.55414	8.9419	5.39596	7.2106	8.97817	9.71221	0	0	0	0	0	0	8.89584	9.99971	0	0	0	12.42411	0	0	0	0	0	0	0	0	0	9.39264	0	3.92603	0	0	0	0	0	0	0	0	0	
0	0	11.52768	8.70794	0	8.35418	0	1.99621	9.0277	0	0	0	0	0	0	0	0	6.35649	0	0	0	0	0	11.57563	0	10.45862	0	11.20951	9.14472	7.71016	0	10.1726	0	9.22349	4.99155	7.98992	7.02966	7.28347	2.02852	10.64408	7.51029	8.29255	7.5972	8.51949	8.16347	7.72866	6.61418	8.16055	7.44181	7.94545	8.28308	7.86181	8.49931	7.64413	8.72182	6.08893	7.52717	9.47038	7.77614	6.95919	10.20441	7.69898	4.86287	10.7755	5.3959	0	0	6.23599	4.24315	5.01064	4.91801	0	8.92052	0	0.54241	0	6.36335	0	0	0	0	0	4.59936	0	0	0	0	0	0	0	0	0	0	0	0	0	0	0	0	0	
0	0	0	0	0	0	0	0	0.45807	0	12.13723	9.86745	9.3747	0	15.08703	0	0	8.95895	0	8.23398	0	0	0	0	0	0	7.58464	4.42982	6.911	0	7.0298	7.96574	6.09935	9.12094	4.89188	8.62183	8.50033	7.48238	8.36621	8.94635	9.11859	5.41802	6.46775	6.42357	7.23216	9.59471	5.6021	6.14366	8.19076	5.45715	7.59426	8.99747	8.59379	7.90162	7.20225	6.59095	5.95042	7.92611	8.24873	8.35517	7.37478	5.66655	8.90734	7.12569	2.12539	6.0646	10.46168	5.29204	0	0	7.74653	0	5.9316	2.42966	0	14.41191	0	0	0	0	0	0	0	0	0	0	0	0	7.20516	0	0	0	0	0	0	0	0	0	0	0	
0	0	0	0	0	0.80521	0	0	0	10.851	0	0	8.76935	0	0	0	0	0	0	0	0	0	0	7.60397	0	0	7.45618	0	0	4.44257	7.04408	0	0	7.39533	6.13969	6.61706	8.19955	2.35349	2.12539	8.4983	4.02998	11.76227	6.43761	5.80754	10.27808	8.22171	7.75173	7.15411	9.47711	4.46218	7.21096	9.07302	6.26654	5.96865	8.65968	7.01394	8.55217	6.66418	5.0421	7.62739	8.20818	4.98677	4.51918	9.53741	8.30376	6.02113	9.28786	8.48332	7.12716	0	0	14.68891	0	3.01794	0	8.49532	8.57806	0	0	0	0	0	0	0	9.64915	0	0	0.45807	0	0	0	9.99655	0	0	0	0	7.87839	0	0	0	
0	0	0	0	0	0	0	0	0	0	0	12.33519	0	0	0	0	0	5.97422	11.61243	0	0	0	0	8.50277	0	0	0	8.15674	0	0	0	0	7.5767	6.3209	7.53689	0	6.57147	7.93658	2.08785	1.98781	6.1043	8.6128	7.90367	4.26318	0	9.42248	6.62408	5.93976	6.30872	6.66827	8.52425	11.663	8.09891	5.62936	7.12539	6.49765	6.79811	6.36998	8.12414	9.28074	7.37557	4.42111	0	6.25879	10.1827	0	5.56698	6.60049	8.85101	8.38788	0	0	0	0.45807	0	12.29714	0	8.80955	0	0	0	6.89574	0	0	0	0	0	0	0	0	0	0	0	0	0	0	0	0	0	0	
0	0	0	0	5.09762	0	0	0	0	0	8.94917	0	2.55041	0	0	10.52232	0	0	8.49681	0	6.74033	4.93176	0	0	0	10.12135	6.58934	0	0	5.28645	0	9.45916	13.78982	0	0	7.24766	8.33761	9.0533	10.28585	11.79415	6.8941	8.26935	7.34092	9.26088	3.735	7.34389	13.83818	3.97132	7.65458	8.0099	9.17366	7.00463	8.43545	7.34485	5.90073	8.26862	7.77378	8.79476	5.21605	8.6383	5.39252	7.6278	6.04241	6.67216	8.6624	0	8.20603	9.82759	0	5.56492	9.58171	9.99918	6.79228	9.92249	7.47008	0	4.53275	0	0	0	3.01794	0	0	0.80521	0	3.31739	0	0	0	3.89012	0	0	0	0	0	0	0	0	0	0	
0	0	0	0	0	0	0	0	0	0	0	6.71268	2.52658	0	0	9.45542	0	0	0	2.35349	4.70251	0	0.45807	0	0	0	0	0	0	7.55634	6.40441	5.47108	0	0	0	9.46385	0	0	0	6.78291	4.21307	7.34137	3.95344	6.57538	8.16529	5.67486	7.2161	8.56577	6.7703	4.745	0	0	8.22488	10.71691	0	8.29512	9.3004	6.90166	6.79675	6.5236	9.38631	8.05408	7.70585	6.91206	5.14382	6.68768	5.64252	7.7395	0	9.17911	0	6.56005	8.25925	8.56815	7.75653	0	1.08481	0	6.84987	0	0	0	0	0	0	0	0	0	0	0	0	0	0	0	0	0	0	0	0	0	
0	0	0	7.65587	0	0	0	0	0	0	0	0	0	0	0	0	2.35349	0	0	0	0	0	10.65094	0	0	0	8.893	9.79139	8.14345	4.70251	0	0	1.99621	0	0	11.88199	0	2.87829	6.63887	3.18286	6.99553	0	1.5203	0	3.03503	11.36959	8.1026	8.69454	5.679	5.08565	7.33924	5.66811	8.92266	9.82324	8.12063	6.53774	7.37631	5.80405	7.19109	6.98602	8.16045	7.54702	8.48419	8.47821	7.93226	10.08287	5.94339	7.52149	8.38271	8.62863	6.30592	9.58339	6.03147	4.48096	7.47719	0	12.81838	0	6.25555	10.3811	0	4.68166	1.99621	0	0	1.08481	0	0	0	0	0	0	0	0	0	0	0	0.80521	0	11.66252	
0	0	5.69927	0	0	0	0	0	0	0	0	0	0	0	0	0	0	0	0	0	7.8389	0	0	0	0	10.18247	0	9.15797	0	10.36565	0	10.53582	6.64427	0	7.37003	0	0	7.69574	7.05493	0	7.54188	0	0	7.42594	10.0443	9.8235	5.70845	3.98891	5.72637	9.74298	8.79211	9.41493	6.06052	8.41032	6.40955	8.70122	0	7.81775	7.48755	8.16955	2.84286	4.93321	5.883	1.98809	5.84452	8.76634	5.93445	0	9.64885	4.31991	5.35191	7.73198	5.2339	9.39968	1.31892	0	6.91114	0	2.80588	7.4181	0	6.24177	0	0	0	0	0	0	5.60845	0	0	0	0	0	0	0	2.72365	0	0	0	
0	0	0	0	7.14855	0	0	0	0	0	0	0	7.38945	0	0	0	0	0	0	0	6.32594	7.05434	0	0	0	0	0	6.56055	0	0	0	0	9.09629	0	0	0	6.41708	0	8.19219	9.10904	0	0	5.09625	0.45807	11.23449	0	5.14967	10.19953	1.31892	7.45845	6.94483	6.92459	10.96327	5.40656	8.74297	1.63026	0	6.88923	4.22637	2.88909	8.04276	6.69498	8.78505	7.41188	6.61217	8.581	7.15832	5.87256	7.51325	6.81785	9.01195	0	0	8.59287	0	6.80868	7.86128	6.08069	0	0	0	0	0	0	8.14916	0	0	0	0	0	0	0	0	0	0	0	7.33038	0	0	0	
0	0	0	0	0	0	0	0	3.14527	0	0	0	0.80521	0	0	0	8.03253	6.33278	7.34703	0	0	0	0	0	10.75886	0	0	0	0	0	0	0	0	0	9.10317	9.68954	0	9.13612	0	0	0	0	7.57336	9.0953	0	13.40922	10.20776	9.08243	0	4.37372	0	9.37245	10.53145	8.90472	0	5.18985	0	8.67298	0	4.67268	10.41922	7.50674	4.84138	6.21419	4.50113	6.27868	7.48818	5.17766	8.14916	7.66205	8.36848	3.39427	6.00995	5.54196	8.07816	4.26259	9.57532	9.04414	0	0	5.33048	7.96076	11.29607	0	5.76758	2.80304	6.5264	5.66394	6.85919	0	3.94751	0	0	10.62604	0	0	0	0	0	0	
0	0	0	0	0	0	0	0	0	0	0	0	0	0	0	0	0	0	0	0	5.58273	0	0	0	0	0	0	0	0	6.77308	0	0	0	0	8.15296	0	0	0	0	0	8.29704	0	8.77182	8.26761	7.17485	0	0	1.08481	5.44629	6.70392	10.40833	0	0	2.31951	2.96789	7.52738	0	0	8.61815	9.07649	12.68212	5.7777	5.82007	6.29486	7.59487	7.96053	3.74826	9.35501	7.24842	9.33016	9.12524	7.40746	6.65799	5.83304	2.98714	0.45807	3.58211	0	6.64748	0	0	0	7.29305	0	0	0	10.08103	0	0	0	0	0	0	0	0	0	0	0	0	0	
0	0	0	0	8.82033	0	0	0	0	0	0	5.50682	0	7.33373	0	0	0	0	0	0	0	0	0	0	0	0	0	0	0	0	0	0	0	0	0	0	0	0	0	6.19014	0	0	8.89584	0	5.02851	0	0.63164	2.72365	0	0	7.94554	0	0	0	8.47879	0	0	0.80521	0	8.43429	8.10436	0	7.97432	6.83116	6.90255	0	2.79376	5.43646	9.2778	8.19366	8.3419	8.58229	8.23674	4.99559	0	0	3.39068	6.19225	6.3175	7.38945	3.31739	8.07113	0.45807	0	5.17501	0	5.18985	9.00031	0	4.69217	0	0	0	0	6.51465	0	0	0	0	0	
0	0	0	0	0	0	0	0	0	0	0	0	0	0	0	0	0	7.2119	0	0	0	8.71136	9.89715	0	0	0	7.80796	0	0	0	0	0	0	10.43574	6.33104	0	0	0	0	0	0	0	0	0	0	0	0	0	0	0	0.45807	0	0	0	0	8.28032	10.79722	8.34458	7.01737	3.56524	0	7.28691	8.07618	0	8.40053	8.3292	9.15354	7.58164	5.67199	6.50394	6.81395	5.7975	6.93558	4.92561	8.51507	7.23507	7.84392	0	11.39544	7.07531	0	0	6.86906	0	5.94341	9.17454	6.38519	4.76333	0	11.50135	0	0	0	0	0	0	7.71064	0	0	0	
0	0	0	0	0	0	0	0	7.85553	0	0	3.51896	0	0	0	0	0	0	0	0	0	0	0	0	0	0	0	2.24394	0	0	0	0	0	0	0	0	0	0	0	9.78498	0	0	0	0	0	6.06112	0	6.21419	4.76333	0	0	9.49556	0	0	0	0	0	0	8.70783	0	7.1562	0	8.08873	9.91766	6.80832	3.2544	6.02317	0	0	7.01134	8.56	7.86457	9.7856	6.36051	4.73183	11.01496	3.25017	0	0	6.93318	5.81772	8.05886	9.30586	9.38396	6.96195	0	0	0	0	0	8.89357	0	9.58409	0	0	0	0	0	0	0	
0	0	0	0	0	0	0	0	0	0	0	0	0	9.43064	0	0	0	0	0	4.02869	0	0	0	0	0	3.15928	0	0	0	0	0	0	0	0	8.41072	0	0	7.27868	0	0	11.31096	0	3.99528	12.45487	4.40459	0	0	0	0	0	8.5765	8.0489	0	0	7.25474	0	0	0	0	7.16762	4.30233	0	3.82923	8.83928	7.39907	4.58881	9.54316	4.63902	0	5.92014	7.7856	0	5.53806	6.93278	9.61174	7.11921	6.80001	5.32096	7.12384	4.7318	0	7.03423	9.35773	6.83018	3.30144	0	0	4.52656	3.3682	0	7.67446	0	0	7.65854	0	0	0	0	4.05923	0	
0	0	0	0	0	0	0	5.31701	0	0	0	0	0	0	0	0	0	0	0	0	0	0	8.35088	0	0	0	0	0	9.83771	0	0	0	0	0	11.43924	0	0	5.63169	0	0	0	3.67204	0	0	0	0	7.50424	0	0	0	0	0	10.72224	0	0	0	3.65163	3.01794	0	6.39127	9.0977	0	0	6.73644	0	5.81523	0	8.78004	7.1705	12.11004	8.08749	7.83555	7.88752	6.50116	8.31239	6.8978	8.26629	5.3831	6.52332	6.5004	7.50436	7.60604	6.17894	0	7.21768	0	3.08301	6.94264	0	0	7.9607	9.14986	0	0	0	0	8.30218	0	0	0	
0	0	0	0	0	0	0	0	2.94982	0	0	0	0	0	0	0	0	0	0	0	0	0	0	0	0	0	0	0	0	0	0	0	0	0	0	0	0	6.3971	0	0	0	0	0	0	0	0	0	0	0	4.2144	0	5.54118	0	4.26778	0	0	4.37891	7.86002	0	0	3.69578	0	9.55482	11.48844	7.61521	7.54191	0	0	11.27413	7.85327	0	6.80718	5.37562	10.64329	7.35991	7.71701	0	5.28772	5.16125	7.71111	4.19186	9.87894	6.57809	1.99621	0	0	6.44886	0	0	0	0	0	6.45466	5.90561	9.67445	0	0	0	0	0	
0	0	0	0	0	0	0	11.18926	0	0	0	0	0	0	0	0	0	0	0	0	0	0	0	0	0	0	0	0	0	0	0	0	0	0	0	0	0	4.7195	0	8.52489	0	0	0	0	0	0	0	0	0	0	5.59087	0	0	10.14106	7.72426	0	0	7.67185	9.7509	11.48863	0	2.35349	0	7.4911	9.10492	8.43895	0	0	7.13055	5.79326	7.88046	5.24933	4.37747	8.31798	3.92603	7.73302	7.39985	0	8.93209	8.66562	8.99628	8.72289	5.14476	8.45439	6.3686	0	0	2.24773	0	0	6.27115	0	0	0	0	3.03936	0	0	0	0	
0	0	0	0	0	0	0	0	0	0	0	0	0	0	0	0	0	0	0	0	0	0	0	0	0	10.95732	0	0	0	0	0	0	0	0	0	0	0	6.48486	0	0	0	0	0	0	9.12747	0	0	0	10.2619	0	0	0	0	0	0	0	0	0	0	0	0	0	8.31158	0	0	7.91894	7.40894	9.18357	0.80521	7.48066	5.28372	0	8.16642	0	8.81674	6.03158	4.09329	6.23247	5.32417	6.04349	4.01477	0	5.29488	0	9.39984	6.79039	0	0	0	0	9.87837	0	0	0	0	0	0	0	0	0	
0	0	0	0	0	0	0	0	0	0	0	0	6.42965	0	0	0	0	0	0.45807	0	0	0	0	0	0	0	0	0	0	0	0	0	0	0	0	0	0	0	0	0	0	0	0	0	0	0	0	9.25383	0	0	2.45531	0	9.37326	0	0	0	0	0	0	5.52776	0	0	0	5.15997	4.68166	5.44629	8.77489	0	10.41268	0	0	8.75818	0	0	0	2.64264	7.83972	9.54285	5.83105	6.48192	0	4.82495	7.54136	6.07027	5.66037	6.72147	5.11656	0	6.53805	0	0	0	0	6.61156	0	0	0	0	0	0	
0	0	0	0	0	0	0	0	0	0	0	0	0	0	0	0	0	0	0	0	0	0	0	0	0	0	0	0	0	0	0	0	11.34431	0	0	0	0	0	0	0	3.61009	0	0	0	0	0	0	0	0	0	0	0	0	0	0	0	7.54828	0	0	0	9.98935	0	0	4.82984	0	8.31239	0	0	7.09823	0	0	0	8.78898	0	0	4.37891	0	0	4.64308	9.07605	9.33317	6.64427	9.31859	0	4.09329	0	0.45807	0	0	1.08481	7.06227	5.26974	5.07797	0	0	0	0	0	0	0	
0	0	0	0	0	0	0	1.54885	0	0	0	0	0	0	0	0	0	0	0	0	0	0	0	0	0	0	0	7.79588	0	0	0	0	0	0	0	0	0	0	0	0	0	0	0	0	0	0	0	0	0	0	0	0	0	0	0	0	0	0	0	0	0	0	0	0	0	0	0	0	0	0	2.60467	5.78242	5.81692	2.55041	0	9.75652	7.28961	0	10.36964	5.6223	0	7.70507	0	5.7566	1.69697	8.07835	0	8.35747	0	2.80304	0	0.45807	0	0	0	9.22078	0	0	0	0	
0	0	0	0	0	0	0	0	0	0	0	0	0	0	0	0	0	0	0	0	9.19984	0	0	0	0	0	0	0	0	0	5.01748	0	0	0	0	0	0	0	0	0	0	0	0	0	0	0	0	0	0	0	0	0	0	0	0	0	0	0	0	10.79596	0	0	0	0	7.81755	8.52196	5.60977	5.11839	0	0	0	0	0	0	0	0.45807	6.12226	3.01794	0	0	3.72724	0	0	0	4.81962	8.20321	8.08667	5.64846	9.45389	0	10.95025	6.49685	5.53034	11.17043	0	5.24776	0	0	0	0	
0	0	0	0	0	0	0	0	0	0	0	0	0	0	0	0	0	0	0	0	0	0	0	0	0	0	0	0	0	0	0	0	0	0	0	0	0	0	0	0	0	0	0	0	0	0	0	0	3.47115	0	0	0	0	0	0	0	0	0	0	0	0	0	0	0	0	0	0	0	0	7.67973	11.75604	8.44051	7.34893	0	8.35582	6.41708	0	9.44618	9.70513	0	0	8.66828	9.873	0	4.19096	0	4.37891	0	0	7.52632	0	3.93892	5.85095	0	1.85431	0	0	0	0	0	
0	0	0	0	0	0	0	0	0	0	0	0	0	0	0	8.53607	0	0	0	0	0	0	0	0	0	0	0	0	0	0	0	0	0	0	6.95355	0	0	0	0	0	0	0	0	0	0	0	0	0	0	0	0	0	0	0	0	0	0	0	0	0	0	0	0	0	0	0	0	4.479	0	0	0	0	0	9.56054	0	0	0	2.62388	0	0	0	4.59508	0	0	7.86457	0	7.04293	3.96524	6.89133	10.26665	8.85683	0	8.8799	0	0	0	0	0	0	0	
0	0	0	0	0	0	0	0	0	0	0	0	0	0	0	0	0	0	0	0	0	0	0	0	0	0	0	0	0	0	0	0	0	0	0	0	0	0	0	0	0	0	0	0	0	0	0	0	8.46817	3.69578	0	0	0	0	0	0	0	0	0	15.00192	0	0	0	0	0	7.30107	0	0	0	0	0	7.00902	0	0	0	0	0	12.78279	0	5.42956	11.25889	0	0	7.37653	0	0	0	0	0	0	0	0	0	0	0	0	0	0	0	0	
0	0	0	0	0	0	0	0	0	0	0	0	0	0	0	0	0	0	0	0	0	0	0	0	0	0	0	0	0	0	0	0	0	0	0	0	0	0	0	0	0	0	0	0	0	0	0	0	0	0	0	0	0	0	0	3.02972	0	0	16.44908	0	0	0	0	0	8.02427	0	0	0	0	0	0	9.69671	0	4.54976	0	0	6.04488	0	0	0	3.04278	6.03848	5.68619	8.84835	0	0	0	9.67445	8.82818	0	5.55349	13.17668	12.16144	0	0	0	0	0	0	0	
0	0	0	0	0	0	0	0	0	0	0	0	0	0	0	0	0	0	0	0	0	0	0	0	0	0	0	0	0	0	0	0	0	0	0	0	0	0	0	0	0	0	0	0	0	0	0	0	0	0	0	0	0	0	0	0	0	0	0	0	0	0	0	0	0	0	0	0	0	0	0	0	0	0	0	0	0	0	0	0	0	0	0	0	0	0	0.80521	0	0	0	0	10.34714	0	0	0	0	0	0	0	0	
0	0	0	0	0	0	0	0	0	0	0	0	0	0	0	0	0	0	0	0	0	0	0	0	0	0	0	0	0	0	0	0	0	0	0	0	0	0	0	0	0	0	0	0	0	0	0	0	0	0	0	0	0	0	0	0	0	0	0	0	0	0	0	0	0	0	0	0	0	0	9.79741	0.80521	0	0	0	0	0	0	0	9.09037	0	0	0	10.03045	0	0	0	0.45807	0	0	5.14535	10.69063	0	0	0	0	0	0	0	0	
0	0	0	0	0	0	0	0	0	0	0	0	0	0	0	0	0	0	0	0	0	0	0	0	0	0	0	0	0	0	0	0	0	0	0	0	0	0	0	0	0	0	0	0	0	0	0	0	0	0	0	0	0	0	0	0	0	0	0	2.94982	0	0	0	0	0	0	0	0	0	0	8.12039	0	0	0	0	0	0	0	0	0	0	0	0	0	0	0	9.16364	0	0	0	0	0	0	0	0	0	0	0	0	0	
0	0	0	0	0	0	0	0	0	0	0	0	0	0	0	0	0	0	0	0	0	0	0	0	0	0	0	0	0	0	0	0	0	0	0	0	0	0	0	0	0	0	0	0	0	0	0	0	0	0	0	0	0	0	0	0	0	0	0	0	0	0	0	0	0	0	0	0	0	8.02219	5.62077	0	0	0	0	0	0	0	8.86841	0	0	0	0	0	0	0	0	0	7.22261	4.45462	0	0	0	0	0	0	0	0	0	0	
0	0	0	0	0	0	0	0	0	0	0	0	0	0	0	0	0	0	0	0	0	0	0	0	0	0	0	0	0	0	0	0	0	0	0	0	0	0	0	0	0	0	0	0	0	0	0	0	0	0	0	0	0	0	0	0	0	0	0	0	0	0	0	0	0	0	0	0	0	0	0	0	0	0	0	0	0	0	0	0	0	0	0	0	0	0	1.08481	0	0	0	0	0	0	0	0	0	0	0	0	0	
0	0	0	0	0	0	0	0	0	0	0	0	0	0	0	0	0	0	0	0	0	0	0	0	0	0	0	0	0	0	0	0	0	0	0	0	0	0	0	0	0	0	0	0	0	0	0	0	0	0	0	0	0	0	0	0	0	0	8.63612	0	0	0	0	0	0	0	0	0	0	0	0	0	0	0	0	7.86689	0	0	0	0	0	0	0	0	0	0	0	0	0	0	0	0	0	0	0	0	0	0	0	0	
0	0	0	0	0	0	0	0	0	0	0	0	0	0	0	0	0	0	0	0	0	0	0	0	0	0	0	0	0	0	0	0	9.75652	0	0	0	0	0	0	0	0	0	0	0	0	0	0	0	0	0	1.5203	0	0	0	0	0	0	0	0	0	0	0	4.74334	0	0	0	0	0	0	0	0	0	0	0	0	2.94982	0	0	0	0	0	0	0	0	0	0	0	0	0	0	0	0	0	0	0	0	0	0	0	0	
0	0	0	0	0	0	0	0	0	0	0	0	0	0	0	0	0	0	0	0	0	0	0	0	0	0	0	0	0	0	0	0	0	0	0	0	0	0	0	0	0	0	0	0	0	0	0	0	0	0	0	0	0	0	0	0	0	0	0	0	0	0	0	0	0	0	0	0	0	0	0	0	0	0	0	0	0	0	0	0	0	0	0	0	0	0	0	0	0	0	0	0	0	0	0	0	0	0	0	0	
0	0	0	0	0	0	0	0	0	0	0	0	0	0	0	0	0	0	0	0	0	0	0	0	0	0	0	0	0	0	0	0	0	0	0	0	0	0	0	0	0	0	0	0	0	0	0	0	0	0	0	0	0	0	0	0	0	0	0	0	0	0	0	0	0	0	0	0	0	0	0	0	0	0	0	0	0	0	0	0	0	0	0	0	0	0	0	0	0	0	0	0	0	0	0	0	0	0	0	0	
0	0	0	0	0	0	0	0	0	0	0	0	0	0	0	0	0	0	0	0	0	0	0	0	0	0	0	0	0	0	0	0	0	0	0	0	0	0	0	0	0	0	0	0	0	0	0	0	0	0	0	0	0	0	0	0	0	0	0	0	0	0	0	0	0	0	0	0	0	0	0	0	0	0	0	0	0	0	0	0	0	0	0	0	0	0	0	0	0	0	0	0	0	0	0	0	0	0	0	0	
0	0	0	0	0	0	0	0	0	0	0	0	0	0	0	0	0	0	0	0	0	0	0	0	0	0	0	0	0	0	0	0	0	0	0	0	0	0	0	0	0	0	0	0	0	0	0	0	0	0	0	0	0	0	0	0	0	0	0	0	0	0	0	0	0	0	0	0	0	0	0	0	0	0	0	0	0	0	0	0	0	0	0	0	0	0	0	0	0	0	0	0	0	0	0	0	0	0	0	0	
0	0	0	0	0	0	0	0	0	0	0	0	0	0	0	0	0	0	0	0	0	0	0	0	0	0	0	0	0	0	0	0	0	0	0	0	0	0	0	0	0	0	0	0	0	0	0	0	0	0	0	0	0	0	0	0	0	0	0	0	0	0	0	0	0	0	0	0	0	0	0	0	0	0	0	0	0	0	0	0	0	7.63161	0	0	0	0	0	0	0	0	0	0	0	0	0	0	0	0	0	0	
0	0	0	0	0	0	0	0	0	0	0	0	0	0	0	0	0	0	0	0	0	0	0	0	0	0	0	0	0	0	0	0	0	0	0	0	0	0	0	0	0	0	0	0	0	0	0	12.35797	0	0	0	0	0	0	0	0	0	0	0	0	0	0	0	0	0	0	0	0	0	0	0	0	0	0	10.28337	0	0	0	0	0	0	0	0	0	0	0	0	0	0	0	0	0	0	0	0	0	0	0	0	0	
