0	0	0	0	0	0	0	0	0	0	0	0	0	0	0	0	0	0	0	0	0	0	0	0	0	0	0	0	0	0	0	0	0	0	0	0	0	0	0	0	0	0	0	0	0	0	0	0	0	0	0	9.48282	0	0	0	0	0	0	0	0	0	0	0	0	0	0	0	0	0	0	0	0	0	0	0	0	0	0	0	0	0	0	0	0	0	0	0	0	0	0	0	0	0	0	0	0	0	0	0	0	
0	0	0	0	0	0	0	0	0	0	0	0	0	0	0	0	0	0	0	0	0	0	0	0	0	0	0	0	0	0	0	0	0	0	0	0	0	0	0	0	0	0	0	0	0	0	0	13.46962	0	0	0	0	0	0	0	0	0	0	0	0	0	0	0	12.6724	0	0	0	0	0	0	0	0	0	0	0	0	0	0	0	0	0	0	0	0	0	0	0	0	0	0	0	0	0	0	0	0	0	0	0	0	
0	0	0	0	0	0	0	0	0	0	0	0	0	0	0	0	0	0	0	0	0	0	0	0	0	0	0	0	0	0	0	0	0	0	0	0	0	0	0	0	0	0	0	0	0	0	0	0	0	0	0	0	0	0	8.99242	0	0	0	0	0	0	0	0	0	0	0	0	0	0	0	0	0	0	0	0	0	0	0	0	0	0	0	0	0	0	0	0	0	0	0	0	0	0	0	0	0	0	0	0	0	
0	0	0	0	0	0	0	0	0	0	0	0	0	0	0	0	0	0	0	0	0	0	0	0	0	0	0	0	0	0	0	0	0	0	0	0	0	0	0	0	0	0	0	0	0	0	13.3812	11.01282	0	0	0	0	0	0	0	0	0	0	0	0	0	0	0	0	0	0	0	0	0	0	0	0	0	0	0	0	0	0	0	0	0	0	0	0	0	0	0	0	0	0	0	0	0	0	0	0	0	0	0	0	
0	0	0	0	0	0	0	0	0	0	0	0	0	0	0	0	0	0	0	0	0	0	0	0	0	0	0	0	0	0	0	0	0	0	0	0	0	7.02894	0	0	0	0	0	11.73338	0	0	0	0	0	0	0	0	0	0	0	0	0	0	0	0	0	0	0	0	0	0	0	0	0	0	0	0	0	0	0	0	0	0	0	0	0	0	0	0	0	0	0	0	0	0	0	0	0	0	0	0	0	0	0	0	
0	0	0	0	0	0	0	0	0	0	0	0	0	0	0	0	0	0	0	0	0	0	0	0	0	0	0	0	0	0	0	0	0	0	0	0	0	0	0	0	0	0	0	0	0	0	0	0	0	0	0	0	0	0	0	0	0	0	0	0	0	0	0	0	0	0	0	0	0	0	0	0	9.12027	0	0	0	0	0	0	0	0	0	0	0	0	0	0	0	0	0	0	0	0	0	0	0	0	0	0	0	
0	0	0	0	0	0	0	0	0	0	0	0	0	0	0	0	0	0	0	0	0	0	0	0	0	0	0	0	0	0	0	0	0	0	0	0	0	0	0	0	0	0	0	0	0	0	0	0	0	0	0	0	0	0	0	0	0	0	0	0	0	0	0	0	0	0	0	0	0	0	0	0	0	0	11.15011	0	0	0	0	0	0	0	0	0	0	0	0	0	0	0	0	0	0	0	0	0	0	0	0	0	
0	0	0	0	0	0	0	0	0	0	0	0	0	0	0	0	0	0	0	0	0	0	0	0	0	0	0	0	0	0	0	0	0	0	0	0	0	0	0	0	0	0	0	0	0	0	0	0	0	0	0	8.48132	0	0	0	8.829	0	0	11.85528	0	0	0	0	0	0	0	0	0	0	0	0	0	0	0	0	0	0	0	0	0	0	0	0	0	0	0	0	0	0	0	0	0	0	0	0	0	0	0	0	0	
0	0	0	0	0	0	0	0	0	0	0	0	0	0	0	0	0	0	0	0	0	0	0	0	0	0	0	0	4.23228	0	0	0	0	0	0	0	0	0	0	0	0	0	0	0	0	0	0	0	0	0	0	0	0	0	0	0	0	0	0	0	0	0	0	0	0	0	0	5.89133	0	0	0	0	0	0	0	0	0	0	0	0	0	0	0	0	0	0	0	0	0	0	0	0	0	0	0	0	0	0	0	0	
0	0	0	0	0	0	0	0	0	0	0	0	0	0	0	0	0	0	0	0	0	0	0	0	0	0	0	0	0	0	0	0	0	0	0	0	0	0	0	0	0	0	0	0	0	0	0	0	0	0	0	0	0	0	0	8.43168	0	0	0	0	0	0	0	0	0	0	0	0	0	0	0	0	0	0	0	0	0	0	0	0	0	0	0	0	0	0	0	0	0	0	0	0	0	0	0	0	0	0	0	0	
0	0	0	0	0	0	0	0	0	0	0	0	0	0	0	0	0	0	0	0	0	0	0	0	0	0	0	0	0	0	0	0	0	0	0	0	0	0	0	0	0	0	0	0	0	0	0	0	0	0	0	0	0	0	0	0	0	0	0	0	0	0	0	0	0	0	0	11.57594	0	0	0	0	0	0	0	0	0	0	0	0	0	0	0	0	0	0	0	0	0	0	0	0	0	0	0	0	0	0	0	0	
0	0	0	0	0	0	0	0	0	0	0	0	0	0	0	0	0	0	0	0	0	0	0	0	0	0	0	0	0	0	0	0	0	0	0	0	0	0	0	0	0	0	0	0	0	0	0	0	0	0	0	0	5.31051	0	0	0	1.66151	0	0	0	0	0	0	0	0	0	0	0	0	0	0	8.94225	0	0	0	0	0	0	0	0	0	0	0	0	0	0	0	0	0	0	0	0	0	0	0	0	0	0	0	0	
0	0	0	0	0	0	0	0	0	0	0	0	0	0	0	0	0	0	0	0	0	0	0	0	0	0	0	0	0	0	0	0	0	0	0	0	0	0	0	0	0	0	0	0	0	0	0	0	13.76336	0	0	0	14.84752	0	0	0	0	0	0	0	0	0	0	0	0	0	0	4.59758	0	0	0	0	0	0	0	0	0	0	0	0	0	0	0	0	0	0	0	0	0	0	0	0	0	0	0	0	0	0	0	0	
0	0	0	0	0	0	0	0	0	0	0	0	0	0	0	0	0	0	0	0	0	0	0	0	0	0	0	0	0	0	12.43956	0	0	0	0	0	0	0	0	8.64607	0	0	0	0	0	0	0	7.45188	0	0	0	0	0	0	0	0	0	5.69145	2.84591	0	11.44235	0	0	12.23272	0	0	0	0	0	0	0	0	0	0	0	0	0	0	0	0	0	0	0	0	0	0	0	0	0	0	0	0	0	0	0	0	0	0	0	0	
0	0	0	0	0	0	0	0	0	0	0	0	0	0	0	0	0	0	0	0	0	0	0	0	0	0	0	0	0	0	0	0	0	0	0	0	0	0	0	0	0	0	0	0	0	0	0	0	0	0	0	0	0	0	7.46247	0	0	0	0	0	0	0	0	0	0	0	0	0	0	0	0	0	0	0	0	0	0	0	0	0	0	0	0	0	0	0	0	0	0	0	0	0	0	0	0	0	0	0	0	0	
0	0	0	0	0	0	0	0	0	0	0	0	0	0	0	0	0	0	0	0	0	0	0	0	0	0	0	0	0	0	0	0	0	0	0	0	0	0	0	0	0	0	16.37297	0	0	0	0	0	0	0	0	0	9.32034	0	0	0	0	0	0	9.354	0	0	0	0	0	0	0	0	0	0	0	7.35975	0	0	0	0	0	0	0	0	0	0	0	0	0	0	0	0	0	0	0	0	0	0	0	0	0	0	0	0	
0	0	0	0	0	0	0	0	0	0	0	0	0	0	0	0	0	0	0	0	0	0	0	0	0	0	0	0	0	0	0	0	0	0	0	0	0	0	0	0	0	0	0	9.48357	0	0	0	11.81675	0	0	0	8.89482	0	0	0	0	0	0	3.95366	0	0	0	0	0	0	0	0	0	0	0	0	0	0	0	0	0	0	0	0	0	0	0	0	0	0	0	0	0	0	0	0	0	0	0	0	0	0	0	0	0	
0	0	0	0	0	0	0	0	0	0	0	0	0	0	0	0	0	0	0	0	0	0	0	0	0	0	0	0	0	0	0	0	0	0	0	0	0	0	0	0	0	0	12.94658	0	0	0	0	0	0	0	0	0	0	0	0	7.63429	0	0	0	0	0	0	0	0	0	0	1.11137	0	1.73166	0	0	0	0	0	0	0	0	0	0	0	0	0	0	0	0	0	0	0	0	0	0	0	0	0	0	0	0	0	0	0	
0	0	0	0	0	0	0	0	0	0	0	0	0	0	0	0	0	0	0	0	0	0	0	0	0	0	0	0	0	0	0	0	0	0	0	0	0	0	0	0	12.01981	0	0	0	0	0	0	0	0	0	0	0	0	0	0	0	0	0	0	0	0	0	0	0	0	0	0	0	0	0	0	0	0	0	0	0	0	0	0	0	0	0	0	0	0	0	0	0	0	0	0	0	0	0	0	0	0	0	0	0	
0	0	0	0	0	0	0	0	0	0	0	0	0	0	0	0	0	0	0	0	0	0	0	0	0	0	0	0	0	0	0	0	0	0	0	0	0	0	0	0	0	0	0	0	0	0	0	5.92064	0	0	7.40166	0	0	0	0	0	0	0	0	0	0	0	0	0	0	0	0	0	0	0	0	0	0	0	0	0	8.89848	0	0	0	0	0	0	0	0	0	0	0	0	0	0	0	0	0	0	0	0	0	0	0	
0	0	0	0	0	0	0	0	0	0	0	0	0	0	0	0	0	0	0	0	0	0	0	0	0	0	0	0	0	0	0	0	0	0	0	0	0	0	0	0	0	0	0	0	0	0	0	6.85183	0	0	9.97667	11.68606	0	0	0	0	9.74902	0	8.34509	0	9.11021	0	0	0	0	10.0911	0	0	0	0	0	0	0	0	0	0	0	0	0	0	0	0	0	0	0	0	0	0	0	0	0	0	0	0	0	0	0	0	0	0	
0	0	0	0	0	0	0	0	0	0	0	0	0	0	0	0	0	0	0	0	0	0	0	0	0	0	0	0	0	0	0	0	0	0	0	0	0	0	0	0	0	10.6041	0	0	0	0	0	0	0	0	0	0	0	0	0	0	0	0	0	0	0	0	0	0	0	0	0	0	0	0	0	0	0	0	0	0	0	0	0	0	0	0	0	0	0	0	0	0	0	0	0	0	0	0	0	0	0	0	0	0	
0	0	0	0	0	0	0	0	0	0	0	0	0	0	0	0	0	0	0	0	0	0	0	0	0	0	0	0	0	0	0	8.65163	0	0	0	0	0	0	0	0	0	0	0	0	0	0	0	9.47265	0	0	0	0	0	0	0	0	0	0	0	0	0	0	0	1.55297	0	0	0	3.18963	0	0	0	0	0	0	0	0	0	0	0	0	0	0	0	0	0	0	0	0	0	0	0	0	0	0	0	0	0	0	0	0	
0	0	0	0	0	0	0	0	0	0	0	0	0	0	0	0	0	0	0	0	0	0	0	0	0	0	0	0	0	0	0	8.78286	0	0	0	0	0	0	0	0	0	0	0	0	0	0	0	0	0	0	0	0	0	0	0	0	0	0	0	0	0	0	0	0	0	0	0	0	0	0	0	0	0	0	0	0	0	0	0	0	0	0	0	0	0	0	0	0	0	0	0	0	0	0	0	0	0	0	0	0	
0	0	0	0	0	0	0	0	0	0	0	0	0	0	0	0	0	0	0	0	0	0	0	0	0	0	0	0	0	0	0	0	0	0	0	0	0	0	0	0	0	0	0	9.92134	0	0	0	0	0	14.6231	0	0	0	0	7.9189	0	0	0	0	0	0	0	0	0	0	0	0	0	0	0	0	0	0	0	0	0	0	0	0	1.0169	0	0	0	0	0	0	0	0	0	0	0	0	0	0	0	0	0	0	0	0	
0	0	0	0	0	0	0	0	0	0	0	0	0	0	0	0	0	0	0	0	0	0	0	0	0	0	0	0	0	0	0	0	11.33278	0	0	0	0	0	0	0	0	0	0	0	0	0	0	4.34642	0	0	10.56627	0	0	0	0	0	0	0	8.54808	0	0	0	0	0	0	0	0	0	0	0	1.11137	0	0	0	0	0	0	0	0	0	0	0	0	0	0	7.34794	0	0	0	0	0	0	0	0	0	0	0	0	0	0	
0	0	0	0	0	0	0	0	0	0	0	0	0	0	0	0	0	0	0	0	0	0	0	0	0	0	0	0	0	0	0	0	0	0	0	0	0	0	0	9.55657	0	0	0	0	14.22875	0	8.96141	0	0	0	0	0	0	0	0	0	0	0	0	0	0	0	0	0	0	0	0	0	0	4.64296	0	0	0	0	0	0	0	0	0	0	0	0	0	0	0	0	0	0	0	0	0	0	0	0	0	0	0	0	0	0	
0	0	0	0	0	0	0	0	0	0	0	0	0	0	0	0	0	0	0	0	0	0	0	0	0	0	0	0	0	0	0	0	0	0	0	7.24302	0	0	0	0	0	0	0	0	0	0	0	7.72677	0	0	0	0	0	6.59783	0	0	0	0	0	0	8.80299	0	0	0	0	0	0	0	0	0	0	0	0	0	0	0	0	0	0	0	0	0	0	0	0	0	0	0	0	0	0	0	0	0	1.55297	0	0	0	0	0	
0	0	0	0	0	0	0	0	0	0	0	0	0	0	0	0	0	0	0	0	0	0	0	0	0	0	0	0	0	0	0	0	0	0	0	0	0	0	0	0	0	16.45938	0	0	0	0	0	0	0	0	0	0	0	0	0	0	0	0	0	0	0	0	0	0	0	0	0	10.05955	0	0	0	2.39377	0	0	0	0	0	0	0	0	0	0	0	0	0	0	0	0	0	0	0	0	0	0	0	0	0	0	0	0	
0	0	0	0	0	0	0	0	0	0	0	0	0	0	0	0	0	0	0	0	0	0	0	0	0	0	0	0	0	0	0	0	0	0	0	0	0	0	0	0	9.11122	0	0	0	10.34648	0	0	5.55185	0	0	11.00313	12.59405	0	0	0	9.12027	0	0	7.06273	0	7.00307	0	0	0	0	0	0	0	6.69369	0	0	0	0	0	0	0	0	0	0	0	0	0	0	0	0	0	0	0	0	0	0	0	0	0	0	2.99335	0	0	0	0	
0	0	0	0	0	0	0	0	0	0	0	0	0	0	0	0	0	0	0	0	0	0	0	0	0	0	0	0	0	0	0	0	0	0	0	0	0	0	0	0	0	0	0	0	16.00952	0	0	0	0	0	0	0	4.34642	0	0	0	0	7.95758	0	0	0	4.79142	0	0	0	0	0	0	0	0	0	0	0	0	0	0	0	0	0	0	0	0	0	0	0	0	0	0	0	0	0	0	0	0	0	0	0	0	0	0	
0	0	0	0	0	0	0	0	0	0	0	0	0	0	0	0	0	0	0	0	0	0	0	0	0	0	0	0	0	0	0	0	0	0	0	0	0	0	0	0	0	0	0	13.21278	0	0	14.51276	0	0	0	8.48562	0	0	0	0	0	0	0	0	10.50773	0	0	0	0	9.97612	0	0	2.28348	0	0	0	0	9.29213	0	0	0	0.47176	0	0	0	0	0	0	0	0	0	0	0	0	0	0	0	0	0	0	0	0	0	0	0	
0	0	0	0	0	0	0	0	0	0	0	0	0	0	0	0	0	0	0	0	0	0	0	0	0	0	0	0	0	0	0	0	0	0	0	0	0	0	0	0	0	0	0	0	2.45001	5.09883	0	11.63977	0	0	0	12.99694	5.84498	0	0	6.37524	0	0	0	0	0	0	0	0	0	0	0	9.51293	0	0	0	0	0	11.39814	0	0	0	0	0	0	0	0	0	0	0	0	0	0	0	0	0	0	0	0	0	0	0	0	0	0	
0	0	0	0	0	0	0	0	0	0	0	0	0	0	0	0	0	0	0	0	0	0	0	0	0	0	0	0	0	0	0	0	0	0	0	0	0	15.77121	0	0	0	0	0	0	0	0	0	0	3.74191	0	0	6.0604	0	0	8.55255	0	9.20025	0	0	5.23842	0	4.99764	0	0	0	0	0	0	0	0	0	0	0	0	5.76608	4.52671	0	0	0	0	0	0	0	0	0	0	0	0	0	0	0	0	0	0	0	0	0	0	0	0	
0	0	0	0	0	0	0	0	0	0	0	0	0	0	0	0	0	0	0	0	0	0	0	0	0	0	0	0	0	0	0	0	0	0	0	0	0	0	0	0	0	0	13.60423	0	0	12.50468	0	11.53498	0	0	11.88849	0	12.47724	0	11.14445	0	0	0	0	0	0	0	0	11.95438	0	0	0	2.84591	0	0	7.85042	0	0	0	0	0	0	0	2.59192	0	0	0	0	0	0	0	0	0	0	0	0	0	0	0	0	0	0	0	0	0	
0	0	0	0	0	0	0	0	0	0	0	0	0	0	0	0	0	0	0	0	0	0	0	0	0	0	0	0	0	0	0	0	0	0	0	0	0	0	0	0	0	0	0	0	0	0	0	8.40887	9.92019	0	0	11.13629	0	0	0	0	0	0	0	0	0	0	0	0	0.47176	0	0	0	0	0	0	0	0	0	0	0	0	0	0	0	0	0	0	0	0	0	0	0	0	0	8.49956	0	0	0	0	0	0	0	0	0	
0	0	0	0	0	0	0	0	0	0	0	0	0	0	0	0	0	0	0	0	0	0	0	0	0	0	0	0	0	0	0	0	0	0	0	0	0	0	0	0	0	0	0	0	0	0	0	13.05496	0	0	0	0	10.57403	6.68287	0	0	0	0	11.48489	9.45844	0	0	0	0	0	0	0	0	0	0	0	0	0	0	0	0	0	0	0	0	0	0	0	0	0	0	0	0	0	0	0	0	0	0	0	0	0	0	5.66969	0	
0	0	0	0	0	0	0	0	0	0	0	0	0	0	0	0	0	0	0	0	0	0	0	0	0	0	0	0	0	0	0	0	0	0	0	0	0	0	0	0	0	0	7.93495	0	0	0	0	0	0	9.9581	0	8.76501	0	9.57936	0	0	0	0	0	0	0	0	0	0	11.77809	0	0	0	0	0	0	0	0	0	0	0	15.38563	0	0	0	0	0	0	0	0	0	0	0	0	0	0	0	0	0	0	0	0	0	0	0	
0	0	0	0	0	0	0	0	0	0	0	0	10.23512	0	0	0	0	0	0	0	0	0	0	0	0	0	0	0	0	0	9.12027	0	0	0	0	0	0	0	0	0	0	0	9.0422	0	0	0	0	11.22849	0	0	12.23249	0	0	5.0727	4.90754	0	10.50749	0	0	0	0	0	0	10.51423	6.32043	11.12634	0	0	0	0	0	0	0	0	0	0	0	0	0	0	0	0	0	0	0	0	0	0	0	0	0	0	0	0	0	0	0	0	0	0	
0	0	0	0	0	0	0	0	0	0	0	0	0	0	0	0	0	0	0	0	0	0	0	0	0	0	0	0	0	0	0	0	0	0	0	0	0	0	0	0	0	0	0	0	0	10.90667	9.79762	0	2.92151	10.7785	2.03379	9.35015	6.32193	0	9.19073	7.59015	0	0	0	0	9.63727	0	0	0	0	0	0	0	0	5.97517	0	0	0	0	0	0	2.12557	0	0	0	0	0	0	0	0	0	0	0	0	0	0	0	0	0	0	0	0	0	0	0	
0	0	0	0	0	0	0	0	0	0	0	0	0	0	0	10.61624	0	0	0	0	0	0	0	0	0	0	0	0	0	0	0	0	0	0	0	5.3521	12.58508	0	0	0	0	0	0	1.73166	0	11.13505	9.64613	7.23933	3.18963	6.42155	0	0	5.26769	0	10.19522	0	0	0	0	6.24149	0	9.51445	0	7.89565	0	7.95083	0	0	11.01639	0	13.29969	0	0	0	0	10.43653	0	6.15014	0	3.53505	0	0	0	0	0	0	0	0	0	0	8.59358	0	0	0	0	0	0	0	0	0	
0	0	0	0	0	0	0	0	0	0	0	0	0	0	0	0	0	0	0	0	0	0	0	0	0	0	11.35511	0	0	0	0	2.39377	0	0	8.24194	0	0	0	0	0	10.61084	0	0	0	0	0	0	0	9.54355	7.82357	1.55297	10.92089	8.26389	0	10.9848	0	13.43294	0	3.83753	0	1.34903	11.42944	0	0	0	9.12027	0	0	0	0	0	0	0	7.87915	0	0	0	0	0	0	0	0	0	0	0	0	0	0	0	0	0	0	0	0	0	0	0	0	0	0	
0	0	0	0	0	0	0	0	0	0	0	0	0	0	0	0	0	0	0	8.9377	0	0	0	0	0	0	0	0	0	0	0	0	0	0	0	0	0	0	0	0	0	0	0	13.32745	0	0	14.50202	13.73601	12.1664	0	9.3718	6.89063	9.08884	0	0	0	13.826	0	0	6.89221	6.99497	0	0	13.0985	0	7.44229	0	9.77614	0	0	0	0	0	0	0	0	0	0	0	0	0	0	0	0	0	0	0	0	0	0	6.87929	0	0	0	0	0	0	0	0	0	
0	0	0	0	0	0	0	0	0	0	0	0	9.49911	0	0	0	0	0	0	7.51121	0	0	0	0	0	0	0	0	0	0	0	0	0	6.22181	0	0	0	0	0	0	0	9.87752	10.59871	0	8.22675	0	0	5.22723	7.26495	0	1.8906	8.5577	6.31894	4.69129	9.68	16.33772	6.53895	5.72636	9.65794	0	0	0	0	0	1.55297	0	0	0	0	0	0	0	0	0	0	0	0	0	9.65053	0.47176	0	0	0	0	0	0	0	0	0	0	0	0	0	0	0	0	0	0	0	0	
0	0	0	0	0	0	0	0	0	0	0	0	0	0	0	0	0	0	0	0	0	0	0	13.48122	0	0	0	0	0	0	0	0	0	0	0	0	0	0	11.83709	0	0	0	6.87729	8.67912	2.76611	0	10.68598	6.40563	0	8.73388	7.53848	8.1176	0	0	0	0	0	5.46422	13.06778	9.24048	10.77468	0	0	0	11.00856	0	0	0	0	0	0	0	0	0	0	0	0	0	0	0	0	0	0	0	0	0	0	0	0	0	0	0	0	0	0	0	0	0	0	0	
0	0	9.62106	0	0	0	0	0	0	0	0	0	0	0	0	0	0	0	0	0	0	0	0	0	0	0	0	0	0	0	0	0	0	0	0	0	0	0	0	0	9.31543	0	0	0	0	8.64746	0	9.29527	9.26971	12.00156	0	7.39001	9.15299	9.57767	2.49626	12.0036	0	0	11.9792	0	11.49064	0	9.90572	10.29499	0	0	0	0	0	0	0	7.71633	0	0	0	0	5.09883	0	0	0	0	0	0	0	0	0	0	0	0	0	0	0	0	0	0	0	0	0	0	0	
0	0	0	0	0	0	0	0	0	0	0	10.45542	0	0	0	0	0	0	0	0	0	0	0	0	0	0	0	0	0	0	0	0	7.84071	0	0	0	0	9.80468	14.67851	5.25313	3.65597	7.26995	0	0	12.24885	8.06515	10.98551	5.01258	10.32228	0	11.5124	0	3.56961	4.91224	0	11.08612	6.78932	9.3561	0	0	0	0	0	0	0	0	0	6.72568	0	0	0	0	4.79142	0	0	0.47176	0	0	10.9003	0	0	0	0	0	0	0	0	0	0	0	0	0	0	0	0	7.40817	0	0	0	0	
0	0	0	0	0	0	0	0	0	0	0	0	0	0	0	0	0	0	0	0	0	0	0	0	0	0	0	0	0	0	0	0	0	0	10.64615	8.87442	0	0	0	4.79142	0	12.39942	0	11.47832	14.06998	9.97516	8.39188	10.33247	4.44376	9.49271	12.19017	10.13346	2.49626	10.1219	0	0	8.43089	0	0	7.05991	8.43813	0	3.8998	0	0	0	0	0	0	0	0	0	0	0	0	0	0	0	6.98996	0	0	0	0	0	0	0	0	10.46691	0	0	0	0	0	0	0	0	0	0	0	0	
0	0	0	0	0	0	0	0	9.46161	0	10.9859	0	0	0	0	0	0	0	0	0	0	0	0	0	0	0	13.66603	0	0	0	0	0	0	0	0	5.06588	0	13.70429	11.09683	0	7.5498	7.98427	0	4.37359	0.82676	12.16019	3.45664	7.85864	8.49806	8.61306	0	7.32195	0.47176	0	0	0	9.16682	3.30706	0	0	0	0	3.82302	0	0	0	10.53876	0	0	0	0	0	0	0	0	0	0	0	0	0	0	0	0	0	0	0	0	0	0	0	0	0	0	5.08245	0	0	0	0	0	0	
0	0	0	0	0	0	0	0	0	0	0	14.25505	0	0	14.57447	0	0	0	0	0	0	0	0	0	0	0	0	0	0	0	0	10.23882	0	0	8.21777	0	11.86219	0	0	8.92709	0.82676	0	10.30332	10.19821	10.60989	7.40619	10.36803	8.75259	4.01063	8.72296	7.95452	10.29797	10.0256	8.97877	0	8.65717	10.05436	0	0	9.76143	11.19983	5.42703	0	10.96232	0	0	0	0	0	0	0	0	0	1.73166	0	7.16006	0	0	0	0	0	0	0	5.14688	0	0	0	0	0	0	0	0	0	0	0	0	0	0	0	0	
0	0	0	0	0	0	0	0	0	0	0	0	14.29013	0	0	0	0	0	0	0	0	0	0	0	0	0	0	0	0	9.54092	0	0	7.83584	0	9.0356	0	11.47642	0	11.80032	10.14039	10.06743	12.19644	9.67293	9.63731	7.38609	4.72893	9.85994	10.16235	4.70847	9.33447	6.74527	12.0525	10.86303	8.1549	6.23656	7.19506	12.52294	0	0	8.58343	8.92398	0	0	0	0	0	0	0	0	0	0	0	0	9.52785	0	0	0	0	0	0	9.26004	0	0	0	0	0	0	0	0	0	0	0	0	0	0	0	0	0	0	0	
0	0	0	0	0	0	0	12.0735	0	0	0	9.57863	0	0	0	0	0	0	0	0	0	0	0	0	0	0	0	8.197	0	0	7.37664	0	14.37922	0	0	0	7.86725	9.68551	9.30312	10.73719	9.83398	5.36042	0	10.95867	10.11627	8.58651	8.68648	8.67505	11.01078	9.31331	6.55513	9.20733	11.82585	8.92971	7.56715	4.10546	10.16199	7.39975	4.57816	8.86894	6.11607	12.02531	8.16041	0	9.97279	0	0	0	0	0	0	0	0	10.71617	0	0	0	0	0	0	0	0	0	0	0	0	0	0	0	0	0	0	0	0	0	0	0	0	0	0	
14.87989	0	0	0	0	0	0	0	6.5801	0	0	0	9.2679	0	0	0	0	0	0	0	0	0	0	0	13.15258	0	0	7.6867	0	0	0	0	10.02461	0	11.80541	8.04892	0	4.00782	10.22623	7.39649	10.89034	9.0521	5.90881	9.8777	10.89247	10.21038	7.16231	10.32084	6.54716	6.2743	10.24541	5.47991	6.57322	6.5298	11.21398	9.6934	9.89403	6.05031	0	10.30685	1.73166	2.28348	0	6.5691	0	9.82372	0	0	0	0	0.47176	0	0	0	0	0	0	0	0	0	0	0	4.13718	0	0	9.09818	0	0	0	0	0	0	0	0	0	0	0	0	0	0	
0	0	0	11.31996	0	0	0	0	0	0	0	0	0	0	0	0	0	0	7.78107	0	0	10.51041	0	7.26858	11.01449	8.60795	0	0	10.79994	8.37901	11.48923	0	16.81065	0	0	1.11137	0	10.03667	9.93808	8.98896	8.96464	5.84525	7.99308	9.39751	10.42384	10.17387	8.7983	9.91586	10.11837	5.80677	10.19453	8.3685	11.53923	8.31416	8.84767	11.23763	0	7.0739	8.00383	8.38135	0	4.70847	8.69537	0	0	0	0	0	0	6.21168	0	0	4.66513	0	3.65597	6.23409	12.66795	3.24954	0	5.73402	0	0	0	0	0	0	0	0	0	0	0	0	0	0	0	0	0	0	0	0	
9.05041	0	0	0	11.96461	6.89329	0	0	0	0	0	0	0	0	0	0	0	12.3164	0	0	0	0	0	0	8.83023	0	8.83644	10.11423	0	13.08417	10.08854	0	0	0	10.16831	9.84996	6.89705	10.35956	10.76349	7.23875	7.1292	9.04039	8.46911	8.23322	9.76797	8.9985	9.35134	8.24036	8.59779	9.90181	4.94188	10.13768	12.66632	6.58232	9.07528	10.57227	10.05744	4.49172	6.56641	7.66201	10.78009	0	6.498	11.17373	10.98535	11.03566	10.22831	0	0	0	0	0	0	0	9.19073	0	0	0	0	0	0	0	0	0	0	0	0	0	0	0	0	0	0	0	0	0	0	0	0	0	
0	0	0	0	0	0	0	0	5.73402	0	7.502	0	0	0	0	0	7.54746	13.79512	9.00116	7.15177	12.98839	8.68477	0	0	0	15.45547	0	9.25517	8.4546	11.90386	0	9.62743	11.78475	9.73493	8.22306	10.30278	7.61734	6.06265	8.55598	7.93311	8.78112	7.70966	6.41818	8.19652	9.57273	7.71705	7.1985	9.10663	8.45112	7.69991	7.36592	9.73766	7.85318	7.59371	7.0501	6.27339	5.89144	8.67366	0	7.54148	5.20852	8.98032	6.15343	0	9.31821	12.22014	7.14784	0	0	0	0	9.33425	0	0	5.37917	0	0	0	10.31922	0	0	0	0	0	0	8.36045	0	0	0	0	0	0	0	0	0	2.39377	0	0	0	0	
0	10.44625	0	0	2.92151	8.71675	0	0	0	0	0	0	0	0	4.04211	9.58736	0	10.45144	11.13786	0	5.26769	0	8.02332	0	0	0	0	0	9.6195	9.83965	7.43783	0	10.47947	6.54875	10.24251	8.16912	9.53349	11.12608	8.66114	9.16216	9.2007	7.82511	8.24902	8.51122	8.07121	7.63551	9.35471	8.96369	8.04026	7.21921	6.99797	8.20801	8.6319	7.66249	9.23802	6.87223	4.42646	8.48711	7.73136	8.22002	0	9.45367	0	13.16186	10.12031	3.24954	5.98129	2.28348	0	0	0	0	0	0	0	1.55297	0	0	0	0	8.57119	0	0	0	0	0	0	0	0	0	0	0	0	0	0	0	0	0	0	0	
0	10.03049	11.52439	0	10.18843	0	0	0	0	0	10.55894	0	0	0	10.47516	7.57406	0	7.45824	0	0	7.83584	9.31947	10.07657	10.09481	7.9212	5.47011	0	5.1161	5.88331	7.27924	11.9667	9.8578	10.96814	9.94258	10.83475	14.53455	8.24332	9.09371	7.758	7.32048	7.52341	7.50946	8.59014	6.97255	6.92706	7.46053	8.25114	8.47415	9.73991	9.02277	7.2063	8.8689	8.27491	7.74259	6.99331	7.25246	7.87827	5.3349	8.86272	7.2758	0	8.91988	9.08038	9.02477	2.88768	4.57434	0.82676	0	0	0	0	7.99962	0	0.47176	9.62884	0	7.97099	0	0.82676	0	0	0	0	4.88328	0	1.88941	0	0	0	0	0	0	0	0	0	0	0	0	0	0	
0	0	0	0	0	0	0	0	10.65863	0	8.96811	8.77141	0	0	0	0	0	0	10.24941	0	10.90293	0	0	0	0	8.2008	10.42516	0	0	9.44968	3.66122	6.26345	8.50878	9.57244	11.44379	8.20878	9.49437	9.33276	8.28462	10.25352	5.49729	8.0989	8.81912	8.40891	7.61713	9.65224	7.1638	7.57461	8.1773	8.47653	7.85107	6.31569	6.93435	7.88156	7.6444	9.10299	8.80672	8.32635	9.31685	6.94239	9.95165	4.38676	13.71803	6.68842	0	12.72234	0	8.3991	0	0	0	0	0	0	0	0	0	0	0.47176	0	0	8.61935	0	0	0	0	0	7.43042	2.68165	8.12086	0	0	0	0	0	0	0	0	0	0	
0	0	0	0	0	0	0	0	12.83575	8.39568	9.62571	0	0	13.18464	0	0	0	7.80372	10.80681	7.67462	0	0	0.47176	8.80338	7.20947	9.16373	8.16819	9.34088	6.47723	9.16865	0	10.00917	5.94334	5.75972	4.72368	8.91027	9.95172	6.09916	9.55761	5.56374	7.63672	8.36297	8.38595	8.36042	7.60972	8.54354	8.59411	7.36948	6.93938	9.36231	8.25884	7.27518	6.3303	7.0913	7.92654	8.00432	6.21477	8.74857	9.35485	9.192	6.06461	11.6404	8.46671	5.06588	6.49527	8.69735	9.43363	0	0	0	0	0	0	10.32836	9.8045	0	0	0	13.34443	0	0	0	0	0	0	0	0	0	9.60682	0	4.20227	0	0	0	0	0	0	0	0	0	
0	0	12.49968	8.67578	0	6.37524	0	1.55297	7.65659	0	0	0	0	0	0	0	0	6.30472	0	0	0	0	0	12.25138	0	11.14124	0	11.37286	10.08444	8.22998	0	10.22185	0	9.44889	4.92845	7.87905	7.15208	7.26157	1.08318	10.90549	6.61857	8.87835	7.50645	9.14057	8.30298	8.63496	6.07626	7.70271	7.12071	7.80122	8.70273	7.36003	8.19947	7.5201	7.91288	5.56735	7.58484	9.14281	8.84934	7.26044	10.02228	7.72394	5.08537	12.03159	5.59881	0	0	4.60933	3.30706	4.04041	3.6379	0	11.12309	0	1.31789	0	5.96473	0	0	0	0	0	5.72376	0	0	0	0	0	0	0	0	0	0	0	0	0	0	0	0	0	
0	0	0	0	0	0	0	0	1.11137	0	12.15469	9.87038	10.17416	0	15.6944	0	0	7.31838	0	6.34809	0	0	0	0	0	0	4.47746	3.30706	6.74699	0	7.2282	7.93239	5.3144	8.68372	5.01894	8.11296	8.97997	7.53811	8.35582	8.84655	9.40307	6.32628	6.02572	5.98867	7.66084	8.76351	4.92304	4.905	7.7515	5.8177	7.57639	8.80558	8.33135	7.54665	6.73364	6.58248	5.48375	8.19499	8.07021	9.83858	6.97625	6.22444	11.2766	5.17177	0	5.42395	11.53514	5.86892	0	0	10.0911	0	4.63048	3.56799	0	14.25776	0	0	0	0	0	0	0	0	0	0	0	0	7.46307	0	0	0	0	0	0	0	0	0	0	0	
0	0	0	0	0	0	0	0	0	10.7025	0	0	9.61467	0	0	0	0	0	0	0	0	0	0	8.33893	0	0	7.20673	0	0	4.36817	7.40152	0	0	7.33302	5.17804	6.57578	9.60753	2.59192	2.68165	7.70554	3.34954	9.70236	5.12254	6.37923	10.80102	9.77279	6.84492	7.73482	9.92528	3.91322	7.29946	9.18619	6.74651	6.27388	9.09355	7.27971	7.7405	6.63192	4.94202	7.44895	7.56748	5.6771	4.63462	11.36571	7.67174	5.3532	8.83756	7.02466	5.72922	0	0	11.92941	0	1.55297	0	10.1084	10.38288	0	0	0	0	0	0	0	7.44229	0	0	1.8906	0	0	0	9.5068	0	0	0	0	9.48594	0	0	0	
0	0	0	0	0	0	0	0	0	0	0	11.95325	0	0	0	0	0	5.4818	10.45025	0	0	0	0	9.16568	0	0	0	8.87608	0	0	0	0	6.72348	6.9547	6.38513	0	6.97865	8.30698	3.1198	3.63989	5.27529	8.39812	8.33462	5.07831	0	9.5073	6.64598	4.95312	6.74891	6.3611	9.17749	12.45915	8.42226	5.42817	6.83703	6.72491	6.60814	6.47992	8.05129	8.70706	7.25214	4.45154	0	5.5642	9.44481	0	6.08138	5.20855	8.22152	9.01878	0	0	0	9.65607	0	11.73306	0	8.28909	0	0	0	6.1426	0	0	0	0	0	0	0	0	0	0	0	0	0	0	0	0	0	0	
0	0	0	0	5.13718	0	0	0	0	0	8.74434	0	2.03379	0	0	10.32053	0	0	9.31247	0	6.67377	4.42646	0	0	0	9.27602	4.70847	0	0	5.06078	0	9.35678	14.75633	0	0	7.22074	8.05523	7.96653	10.20848	11.0202	6.52058	8.37397	7.48123	8.49956	3.62519	6.79598	12.60493	3.45787	6.96457	7.65481	8.30076	7.01154	8.61877	7.50456	5.7501	8.2405	7.48014	7.29995	5.24768	8.14534	5.28616	7.78459	5.94928	5.60743	9.06863	0	7.17387	10.84043	0	4.59758	8.72206	10.64963	6.54538	11.5387	7.60422	0	4.56145	0	0	0	6.47272	0	0	1.55297	0	1.55297	0	0	0	2.59192	0	0	0	0	0	0	0	0	0	0	
0	0	0	0	0	0	0	0	0	0	0	5.85466	2.55751	0	0	6.93628	0	0	0	0.47176	3.97271	0	0	0	0	0	0	0	0	8.70524	7.62867	4.52036	0	0	0	9.77741	0	0	0	7.10794	3.41268	7.45228	4.52879	5.76003	8.20704	5.8722	6.67935	7.63769	7.21442	4.32635	0	0	7.66766	10.52588	0	8.44596	9.63305	6.91828	6.60355	6.30216	8.89533	8.08306	8.09162	6.19665	4.9309	5.89741	3.74191	7.29688	0	9.58818	0	6.74428	8.17574	8.92398	9.7595	0	4.20227	0	6.75181	0	0	0	0	0	0	0	0	0	0	0	0	0	0	0	0	0	0	0	0	0	
0	0	0	7.82603	0	0	0	0	0	0	0	0	0	0	0	0	1.11137	0	0	0	0	0	10.12398	0	0	0	8.40567	11.49214	7.99525	6.49764	0	0	2.03379	0	0	11.0756	0	3.18963	7.48963	2.80118	8.09032	0	1.8906	0	2.24126	12.22493	6.5909	9.31071	5.07168	6.28257	6.92848	6.32787	8.83474	10.02435	7.899	5.85911	6.57181	5.66963	7.49032	7.20109	7.90195	8.30124	7.31603	7.86031	8.65405	9.91325	5.70621	5.59082	8.92907	8.11546	6.97095	10.05152	5.53459	1.43367	7.52201	0	13.37349	0	7.02158	10.01655	0.47176	3.41565	2.49626	0	0	0.47176	0	0	0	0	0	0	0	0	0	0	0	0.82676	0	11.64082	
0	0	6.8288	0	0	0	0	0	0	0	0	0	0	0	0	0	0	0	0	0	7.56525	0	0	0	0	10.99905	0	9.17925	0	9.68484	0	11.02874	8.27294	0	8.71143	0	0	7.05969	6.05541	0	7.54746	0	0	6.5874	10.43218	9.66091	3.81855	5.54472	5.01501	10.73026	7.56984	9.04831	6.78974	8.57982	6.55284	8.26317	0	6.93839	7.35327	7.60804	2.8201	4.58064	6.03473	2.02666	4.92424	9.88891	6.14694	0	9.94804	4.32341	5.34401	7.75043	5.68769	9.2696	1.34903	0	6.7551	0	3.17425	9.14906	0	6.0148	0	0	0	0	0	0	4.21615	0	0	0	0	0	0	0	5.59082	0	0	0	
0	0	0	0	6.24885	0	0	0	0	0	0	0	6.68829	0	0	0	0	0	0	0	7.16738	8.13284	0	0	0	0	0	8.11126	0	0	0	1.11137	8.98693	0	0	0	7.02894	0	7.15177	7.86725	0	0	5.07347	0	10.08392	0	4.34713	8.98803	0.47176	7.69081	4.72966	7.59751	12.20178	3.68992	8.07343	1.62477	0	6.94653	3.77008	1.97796	7.21837	6.1699	8.48436	7.13013	5.7913	9.12155	8.29173	4.55385	7.79881	6.7588	9.1889	0	0	8.19814	0	6.80082	8.23895	5.86331	0	0	0	0	0	0	8.24746	0	0	0	0	0	0	0	0	0	0	0	7.2794	0	0	0	
0	0	0	0	0	0	0	0	7.86964	0	0	0	0.47176	0	0	0	7.7425	5.315	8.17593	0	0	0	0	0	9.28534	0	0	0	0	0	0	0	0	0	8.89496	9.03134	0	8.51031	0	0	0	0	5.6138	7.51732	0	13.9811	10.22023	10.01547	0	3.01359	0	9.764	10.86812	8.06902	0	5.88331	0	8.893	0	4.4568	9.98347	4.40027	5.07195	5.09883	4.63203	5.94331	7.16911	5.37249	7.3323	7.14986	8.11095	2.9656	6.04146	3.78304	7.59901	4.48452	9.95038	10.22397	0	0	4.42646	6.59899	11.47685	0	5.60416	2.84591	7.19431	6.87579	4.70847	0	2.24632	0	0	11.20083	0	0	0	0	0	0	
0	0	0	0	0	0	0	0	0	0	0	0	0	0	0	0	0	0	0	0	4.6274	0	0	0	0	0	0	0	0	6.2779	0	0	0	0	7.10794	0	0	0	0	0	8.29621	0	8.5011	9.02493	6.22284	0	0	2.16401	6.48523	6.01815	8.42682	0	0	2.15936	3.42297	6.75694	0	0	6.89038	9.08652	12.05801	6.55974	5.46667	6.64107	7.19445	7.03662	3.08521	10.00899	7.36787	9.28955	9.00146	7.22119	6.45533	5.53521	2.19568	0	2.70678	0	5.18951	0	0	0	4.62045	0	0	0	9.34548	0	0	0	0	0	0	0	0	0	0	0	0	0	
0	0	0	0	8.61935	0	0	0	0	0	0	3.86193	0	8.65855	0	0	0	0	0	0	0	0	0	0	0	0	0	0	0	0	0	0	0	0	0	0	0	0	0	5.69498	0	0	10.05221	0	5.39214	0	1.72179	2.76611	0	0	5.69145	0	0	0	8.75987	0	0	0.82676	0	8.99461	7.11132	0	7.013	7.18713	7.52521	0	3.16708	5.23517	9.46091	7.93537	8.01424	9.08637	8.29824	4.72704	0	0	3.31107	5.43183	7.87152	4.42646	1.34903	8.04259	0.47176	0	7.51732	0	7.80622	9.52294	0	4.90981	0	0	0	0	4.70847	0	0	0	0	0	
0	0	0	0	0	0	0	0	0	0	0	0	0	0	0	0	0	7.43664	0	0	0	6.79265	9.57131	0	0	0	7.70287	0	0	0	0	0	0	8.58104	6.33433	0	0	0	0	0	0	0	0	0	0	0	0	0	0	0	0	0	0	0	0	7.97805	10.25681	9.01852	7.52036	3.30706	0	5.64724	7.82361	0	7.85343	9.07564	7.68188	7.92843	5.62817	5.8452	8.16727	5.77346	6.91729	3.86864	7.57082	6.52774	7.33852	0	12.11586	5.8544	0	0	6.34057	0	7.75547	8.9622	2.84591	7.02894	0	11.49856	0	0	0	0	0	0	7.57682	0	0	0	
0	0	0	0	0	0	0	0	8.44811	0	0	2.28348	0	0	0	0	0	0	0	0	0	0	0	0	0	0	0	0.47176	0	0	0	0	0	0	0	0	0	0	0	9.92185	0	0	0	0	0	8.68727	0	7.30433	6.76726	0	0	9.25517	0	0	0	0	0	0	8.92427	0	6.89158	0	7.77908	9.02537	5.73716	3.08339	6.08736	0	0	7.97761	7.65958	4.75054	10.25568	5.97809	4.11362	9.86266	0.55569	0	0	6.97861	6.47254	8.80364	9.11424	9.33198	7.58254	0	0	0	0	0	8.99023	0	10.11478	0	0	0	0	0	0	0	
0	0	0	0	0	0	0	0	0	0	0	0	0	9.18403	0	0	0	0	0	2.92151	0	0	0	0	0	2.99063	0	0	0	0	0	0	0	0	7.502	0	0	6.76242	0	0	10.7035	0	4.31871	11.49433	3.46702	0	0	0	0	0	9.30807	7.84315	0	0	8.03622	0	0	0	0	7.99861	4.65453	0	3.67271	8.81296	6.63874	3.87108	8.65897	3.24954	0	5.23786	6.77001	0	6.63723	7.13187	10.4249	7.27454	5.81565	5.22363	6.6157	4.63468	0	7.36276	9.45605	7.51884	2.0082	0	0	5.48265	3.15946	0	8.68727	0	0	5.51961	0	0	0	0	3.59763	0	
0	0	0	0	0	0	0	4.52671	0	0	0	0	0	0	0	0	0	0	0	0	0	0	6.12637	0	0	0	0	0	11.03167	0	0	0	0	0	12.10734	0	0	7.28656	0	0	0	3.52657	0	0	0	0	9.03911	0	0	0	0	0	10.49076	0	0	0	3.06864	3.86193	0	5.33541	7.99967	0	0	8.28799	0	3.56459	0	9.06969	7.19878	12.50247	7.5777	6.75301	8.44135	6.41188	7.82603	6.76098	9.63499	3.36237	7.01264	8.25293	7.73479	8.74255	5.91032	0	5.89188	0	1.11137	7.53619	0	0	8.57614	8.48844	0	0	0	0	7.93267	0	0	0	
0	0	0	0	0	0	0	0	1.11137	0	0	0	0	0	0	0	0	0	0	0	0	0	0	0	0	0	0	0	0	0	0	0	0	0	0	0	0	6.09251	0	0	0	0	0	0	0	0	0	0	0	3.74191	0	5.39465	0	3.26607	0	0	3.30706	8.21704	0	0	3.78304	0	9.40593	10.01061	7.87678	7.66495	0	0	10.35781	7.52017	0	3.69958	5.24078	10.05872	7.06934	5.82264	0	4.68434	5.69997	7.19449	4.39755	9.96388	5.56748	0.82676	0	0	3.98288	0	0	0	0	0	7.3204	5.34645	8.43813	0	0	0	0	0	
0	0	0	0	0	0	0	9.9689	0	0	0	0	0	0	0	0	0	0	0	0	0	0	0	0	0	0	0	0	0	0	0	0	0	0	0	0	0	5.54969	0	7.71354	0	0	0	0	0	0	0	0	0	0	5.49027	0	0	10.83336	7.14244	0	0	6.25681	9.67463	12.53405	0	2.39377	0	7.66338	9.39448	7.67855	0	0	7.01504	5.18404	7.44131	4.98924	4.30066	7.65691	1.34903	7.50009	6.69097	0	9.39382	7.63283	9.70036	8.41379	3.41335	6.22391	5.60719	0	0	2.15966	0	0	5.43183	0	0	0	0	2.78659	0	0	0	0	
0	0	0	0	0	0	0	0	0	0	0	0	0	0	0	0	0	0	0	0	0	0	0	0	0	10.49657	0	0	0	0	0	0	0	0	0	0	0	6.3685	0	0	0	0	0	0	8.72732	0	0	0	10.66724	0	0	0	0	0	0	0	0	0	0	0	0	0	7.94177	0	0	8.27038	6.38806	8.35302	1.55297	6.9701	6.43922	0	6.66088	0	9.34973	5.36537	1.8906	7.24991	5.27148	6.25588	4.09287	0	3.66173	0	10.81179	7.02105	0	0	0	0	9.92192	0	0	0	0	0	0	0.47176	0	0	
0	0	0	0	0	0	0	0	0	0	0	0	4.26167	0	0	0	0	0	0	0	0	0	0	0	0	0	0	0	0	0	0	0	0	0	0	0	0	0	0	0	0	0	0	0	0	0	0	9.96164	0	0	1.73166	0	9.64007	0	0	0	0	0	0	5.45506	0	0	0	4.23356	4.00782	6.28508	8.81658	0	7.71885	0	0	8.17593	0	0	0	2.05266	8.53858	9.44533	5.85405	6.40425	0	5.70753	7.99778	5.8806	4.4568	4.02812	4.49085	0	6.19654	0	0	0	0	7.33921	0	0	0	0	0	0	
0	0	0	0	0	0	0	0	0	0	0	0	0	0	0	0	0	0	0	0	0	0	0	0	0	0	0	0	0	0	0	0	10.55264	0	0	0	0	0	0	0	3.61101	0	0	0	0	0	0	0	0	0	0	0	0	0	0	0	7.08494	0	0	0	10.42919	0	0	4.45924	0	8.0018	0	0	6.90472	0	0	0	9.49293	0	0	4.47746	0	0	5.51143	7.69387	9.39856	6.18891	9.77805	0	4.20227	0	0	0	0	1.55297	6.62402	4.50622	4.9971	0	0	0	0	0	0	0	
0	0	0	0	0	0	0	0.93199	0	0	0	0	0	0	0	0	0	0	0	0	0	0	0	0	0	0	0	8.92053	0	0	0	0	0	0	0	0	0	0	0	0	0	0	0	0	0	0	0	0	0	0	0	0	0	0	0	0	0	1.34903	0	0	0	0	0	0	0	0	0	0	0	0	2.76033	5.30773	5.22633	5.68061	0	9.64496	6.74141	0	10.96516	5.66969	0	8.21946	0	6.11836	2.68165	8.13963	0	11.01557	0	3.93671	0	1.34903	0	0	0	8.89262	0	0	0	0	
0	0	0	0	0	0	0	0	0	0	0	0	0	0	0	0	0	0	0	0	8.72995	0	0	0	0	0	0	0	0	0	6.77238	0	0	0	0	0	0	0	0	0	0	0	0	0	0	0	0	0	0	0	0	0	0	0	0	0	0	0	0	10.97817	0	0	0	0	7.23933	7.98427	5.88331	5.46565	0	0	0	0	0	0	0	2.39377	6.48829	2.99335	0	0	3.80141	0	0	0	3.11832	8.1565	7.78215	5.87612	8.70476	0	12.08793	7.19811	6.04418	10.68328	0	6.31343	0	0	0	0	
0	0	0	0	0	0	0	0	0	0	0	0	0	0	0	0	0	0	0	0	0	0	0	0	0	0	0	0	0	0	0	0	0	0	0	0	0	0	0	0	0	0	0	0	0	0	0	0	4.99764	0	0	0	0	0	0	0	0	0	0	0	0	0	0	0	0	0	0	0	0	6.31343	10.96901	7.3323	7.02917	0	8.51184	6.26345	0	8.74304	7.62867	0	0	7.98867	9.24486	0	4.9454	0	2.03379	0	0	5.09692	0	1.37762	5.98347	0	1.55297	0	0	0	0	0	
0	0	0	0	0	0	0	0	0	0	0	0	0	0	0	8.76436	0	0	0	0	0	0	0	0	0	0	0	0	0	0	0	0	0	0	7.17513	0	0	0	0	0	0	0	0	0	0	0	0	0	0	0	0	0	0	0	0	0	0	0	0	0	0	0	0	0	0	0	0	4.77112	0	0	0	0	0	8.92971	0	0	0	1.73351	0	0	0	4.26196	0	0	9.26583	0	7.10588	3.27609	5.91139	9.75224	9.39353	0	9.07339	0	0	0	0	0	0	0	
0	0	0	0	0	0	0	0	0	0	0	0	0	0	0	0	0	0	0	0	0	0	0	0	0	0	0	0	0	0	0	0	0	0	0	0	0	0	0	0	0	0	0	0	0	0	0	0	7.12002	4.00782	0	0	0	0	0	0	0	0	0	13.64475	0	0	0	0	0	6.4643	0	0	0	0	0	8.1027	0	0	0	0	0	12.51797	0	5.99762	10.27666	0	0	7.54746	0	0	0	0	0	0	0	0	0	0	0	0	0	0	0	0	
0	0	0	0	0	0	0	0	0	0	0	0	0	0	0	0	0	0	0	6.11836	0	0	0	0	0	0	0	0	0	0	0	0	0	0	0	0	0	0	0	0	0	0	0	0	0	0	0	0	0	0	0	0	0	0	0	2.65343	0	0	15.61991	0	0	0	0	0	9.376	0	0	0	0	0	0	7.77598	0	2.39377	0	0	7.54448	0	0	0	3.9079	3.90445	6.23906	8.94046	0	0	0	9.5213	8.60445	0	3.8998	15.00132	10.96511	0	0	0	0	0	0	0	
0	0	0	0	0	0	0	0	0	0	0	0	0	0	0	0	0	0	0	0	0	0	0	0	0	0	0	0	0	0	0	0	0	0	0	0	0	0	0	0	0	0	0	0	0	0	0	0	0	0	0	0	0	0	0	0	0	0	0	0	0	0	0	0	0	0	0	0	0	0	0	0	0	0	0	0	0	0	0	0	0	0	0	0	0	0	0.82676	0	0	0	0	9.75498	0	0	0	0	0	0	0	0	
0	0	0	0	0	0	0	0	0	0	0	0	0	0	0	0	0	0	0	0	0	0	0	0	0	0	0	0	0	0	0	0	0	0	0	0	0	0	0	0	0	0	0	0	0	0	0	0	0	0	0	0	0	0	0	0	0	0	0	0	0	0	0	0	0	0	0	0	0	0	9.90392	0	0	0	0	0	0	0	0	9.13623	0	0	0	10.86213	0	0	0	3.36237	0	0	3.95882	11.0907	0	0	0	0	0	0	0	0	
0	0	0	0	0	0	0	0	0	0	0	0	0	0	0	0	0	0	0	0	0	0	0	0	0	0	0	0	0	0	0	0	0	0	0	0	0	0	0	0	0	0	0	0	0	0	0	0	0	0	0	0	0	0	0	0	0	0	0	2.03379	0	0	0	0	0	0	0	0	0	0	7.35293	0	0	0	0	0	0	0	0	0	0	0	0	0	0	0	10.13693	0	0	0	0	0	0	0	0	0	0	0	0	0	
0	0	0	0	0	0	0	0	0	0	0	0	0	0	0	0	0	0	0	0	0	0	0	0	0	0	0	0	0	0	0	0	0	0	0	0	0	0	0	0	0	0	0	0	0	0	0	0	0	0	0	0	0	0	0	0	0	0	0	0	0	0	0	0	0	0	0	0	0	10.06164	4.10832	0	0	0	0	0	0	0	9.69901	0	0	0	0	0	0	0	0	0	8.1108	3.12712	0	0	0	0	0	0	0	0	0	0	
0	0	0	0	0	0	0	0	0	0	0	0	0	0	0	0	0	0	0	0	0	0	0	0	0	0	0	0	0	0	0	0	0	0	0	0	0	0	0	0	0	0	0	0	0	0	0	0	0	0	0	0	0	0	0	0	0	0	0	0	0	0	0	0	0	0	0	0	0	0	0	0	0	0	0	0	0	0	0	0	0	0	0	0	0	0	0.47176	0	0	0	0	0	0	0	0	0	0	0	0	0	
0	0	0	0	0	0	0	0	0	0	0	0	0	0	0	0	0	0	0	0	0	0	0	0	0	0	0	0	0	0	0	0	0	0	0	0	0	0	0	0	0	0	0	0	0	0	0	0	0	0	0	0	0	0	0	0	0	0	7.99525	0	0	0	0	0	0	0	0	0	0	0	0	0	0	0	0	7.23192	0	0	0	0	0	0	0	0	0	0	0	0	0	0	0	0	0	0	0	0	0	0	0	0	
0	0	0	0	0	0	0	0	0	0	0	0	0	0	0	0	0	0	0	0	0	0	0	0	0	0	0	0	0	0	0	0	9.47813	0	0	0	0	0	0	0	0	0	0	0	0	0	0	0	0	0	0	0	0	0	0	0	0	0	0	0	0	0	5.20855	0	0	0	0	0	0	0	0	0	0	0	0	1.34903	0	0	0	0	0	0	0	0	0	0	0	0	0	0	0	0	0	0	0	0	0	0	0	0	
0	0	0	0	0	0	0	0	0	0	0	0	0	0	0	0	0	0	0	0	0	0	0	0	0	0	0	0	0	0	0	0	0	0	0	0	0	0	0	0	0	0	0	0	0	0	0	0	0	0	0	0	0	0	0	0	0	0	0	0	0	0	0	0	0	0	0	0	0	0	0	0	0	0	0	0	0	0	0	0	0	0	0	0	0	0	0	0	0	0	0	0	0	0	0	0	0	0	0	0	
0	0	0	0	0	0	0	0	0	0	0	0	0	0	0	0	0	0	0	0	0	0	0	0	0	0	0	0	0	0	0	0	0	0	0	0	0	0	0	0	0	0	0	0	0	0	0	0	0	0	0	0	0	0	0	0	0	0	0	0	0	0	0	0	0	0	0	0	0	0	0	0	0	0	0	0	0	0	0	0	0	0	0	0	0	0	0	0	0	0	0	0	0	0	0	0	0	0	0	0	
0	0	0	0	0	0	0	0	0	0	0	0	0	0	0	0	0	0	0	0	0	0	0	0	0	0	0	0	0	0	0	0	0	0	0	0	0	0	0	0	0	0	0	0	0	0	0	0	0	0	0	0	0	0	0	0	0	0	0	0	0	0	0	0	0	0	0	0	0	0	0	0	0	0	0	0	0	0	0	0	0	0	0	0	0	0	0	0	0	0	0	0	0	0	0	0	0	0	0	0	
0	0	0	0	0	0	0	0	0	0	0	0	0	0	0	0	0	0	0	0	0	0	0	0	0	0	0	0	0	0	0	0	0	0	0	0	0	0	0	0	0	0	0	0	0	0	0	0	0	0	0	0	0	0	0	0	0	0	0	0	0	0	0	0	0	0	0	0	0	0	0	0	0	0	0	0	0	0	0	0	0	0	0	0	0	0	0	0	0	0	0	0	0	0	0	0	0	0	0	0	
0	0	0	0	0	0	0	0	0	0	0	0	0	0	0	0	0	0	0	0	0	0	0	0	0	0	0	0	0	0	0	0	0	0	0	0	0	0	0	0	0	0	0	0	0	0	0	0	0	0	0	0	0	0	0	0	0	0	0	0	0	0	0	0	0	0	0	0	0	0	0	0	0	0	0	0	0	0	0	0	0	7.49274	0	0	0	0	0	0	0	0	0	0	0	0	0	0	0	0	0	0	
0	0	0	0	0	0	0	0	0	0	0	0	0	0	0	0	0	0	0	0	0	0	0	0	0	0	0	0	0	0	0	0	0	0	0	0	0	0	0	0	0	0	0	0	0	0	0	12.26766	0	0	0	0	0	0	0	0	0	0	0	0	0	0	0	0	0	0	0	0	0	0	0	0	0	0	10.70809	0	0	0	0	0	0	0	0	0	0	0	0	0	0	0	0	0	0	0	0	0	0	0	0	0	
