0	0	0	0	0	0	0	0	0	0	0	0	0	0	0	0	0	0	0	0	0	0	0	0	0	0	0	0	0	0	0	0	0	0	0	0	0	0	0	0	0	0	0	0	0	0	0	0	0	0	0	7.57045	0	0	0	0	0	0	0	0	0	0	0	0	0	0	0	0	0	0	0	0	0	0	0	0	0	0	0	0	0	0	0	0	0	0	0	0	0	0	0	0	0	0	0	0	0	0	0	0	
0	0	0	0	0	0	0	0	0	0	0	0	0	0	0	0	0	0	0	0	0	0	0	0	0	0	0	0	0	0	0	0	0	0	0	0	0	0	0	0	0	0	0	0	0	0	0	12.82006	0	0	0	0	0	0	0	0	0	0	0	0	0	0	0	11.99793	0	0	0	0	0	0	0	0	0	0	0	0	0	0	0	0	0	0	0	0	0	0	0	0	0	0	0	0	0	0	0	0	0	0	0	0	
0	0	0	0	0	0	0	0	0	0	0	0	0	0	0	0	0	0	0	0	0	0	0	0	0	0	0	0	0	0	0	0	0	0	0	0	0	0	0	0	0	0	0	0	0	0	0	0	0	0	0	0	0	0	10.09322	0	0	0	0	0	0	0	0	0	0	0	0	0	0	0	0	0	0	0	0	0	0	0	0	0	0	0	0	0	0	0	0	0	0	0	0	0	0	0	0	0	0	0	0	0	
0	0	0	0	0	0	0	0	0	0	0	0	0	0	0	0	0	0	0	0	0	0	0	0	0	0	0	0	0	0	0	0	0	0	0	0	0	0	0	0	0	0	0	0	0	0	11.6362	9.91132	0	0	0	0	0	0	0	0	0	0	0	0	0	0	0	0	0	0	0	0	0	0	0	0	0	0	0	0	0	0	0	0	0	0	0	0	0	0	0	0	0	0	0	0	0	0	0	0	0	0	0	0	
0	0	0	0	0	0	0	0	0	0	0	0	0	0	0	0	0	0	0	0	0	0	0	0	0	0	0	0	0	0	0	0	0	0	0	0	0	8.38836	0	0	0	0	0	11.88551	0	0	0	0	0	0	0	0	0	0	0	0	0	0	0	0	0	0	0	0	0	0	0	0	0	0	0	0	0	0	0	0	0	0	0	0	0	0	0	0	0	0	0	0	0	0	0	0	0	0	0	0	0	0	0	0	
0	0	0	0	0	0	0	0	0	0	0	0	0	0	0	0	0	0	0	0	0	0	0	0	0	0	0	0	0	0	0	0	0	0	0	0	0	0	0	0	0	0	0	0	0	0	0	0	0	0	0	0	0	0	0	0	0	0	0	0	0	0	0	0	0	0	0	0	0	0	0	0	7.00131	0	0	0	0	0	0	0	0	0	0	0	0	0	0	0	0	0	0	0	0	0	0	0	0	0	0	0	
0	0	0	0	0	0	0	0	0	0	0	0	0	0	0	0	0	0	0	0	0	0	0	0	0	0	0	0	0	0	0	0	0	0	0	0	0	0	0	0	0	0	0	0	0	0	0	0	0	0	0	0	0	0	0	0	0	0	0	0	0	0	0	0	0	0	0	0	0	0	0	0	0	0	10.49649	0	0	0	0	0	0	0	0	0	0	0	0	0	0	0	0	0	0	0	0	0	0	0	0	0	
0	0	0	0	0	0	0	0	0	0	0	0	0	0	0	0	0	0	0	0	0	0	0	0	0	0	0	0	0	0	0	0	0	0	0	0	0	0	0	0	0	0	0	0	0	0	0	0	0	0	0	8.60332	0	0	0	11.01919	0	0	7.546	0	0	0	0	0	0	0	0	0	0	0	0	0	0	0	0	0	0	0	0	0	0	0	0	0	0	0	0	0	0	0	0	0	0	0	0	0	0	0	0	0	
0	0	0	0	0	0	0	0	0	0	0	0	0	0	0	0	0	0	0	0	0	0	0	0	0	0	0	0	6.80514	0	0	0	0	0	0	0	0	0	0	0	0	0	0	0	0	0	0	0	0	0	0	0	0	0	0	0	0	0	0	0	0	0	0	0	0	0	0	7.53621	0	0	0	0	0	0	0	0	0	0	0	0	0	0	0	0	0	0	0	0	0	0	0	0	0	0	0	0	0	0	0	0	
0	0	0	0	0	0	0	0	0	0	0	0	0	0	0	0	0	0	0	0	0	0	0	0	0	0	0	0	0	0	0	0	0	0	0	0	0	0	0	0	0	0	0	0	0	0	0	0	0	0	0	0	0	0	0	8.69004	0	0	0	0	0	0	0	0	0	0	0	0	0	0	0	0	0	0	0	0	0	0	0	0	0	0	0	0	0	0	0	0	0	0	0	0	0	0	0	0	0	0	0	0	
0	0	0	0	0	0	0	0	0	0	0	0	0	0	0	0	0	0	0	0	0	0	0	0	0	0	0	0	0	0	0	0	0	0	0	0	0	0	0	0	0	0	0	0	0	0	0	0	0	0	0	0	0	0	0	0	0	0	0	0	0	0	0	0	0	0	0	10.56013	0	0	0	0	0	0	0	0	0	0	0	0	0	0	0	0	0	0	0	0	0	0	0	0	0	0	0	0	0	0	0	0	
0	0	0	0	0	0	0	0	0	0	0	0	0	0	0	0	0	0	0	0	0	0	0	0	0	0	0	0	0	0	0	0	0	0	0	0	0	0	0	0	0	0	0	0	0	0	0	0	0	0	0	0	5.93933	0	0	0	0	0	0	0	0	0	0	0	0	0	0	0	0	0	0	10.19028	0	0	0	0	0	0	0	0	0	0	0	0	0	0	0	0	0	0	0	0	0	0	0	0	0	0	0	0	
0	0	0	0	0	0	0	0	0	0	0	0	0	0	0	0	0	0	0	0	0	0	0	0	0	0	0	0	0	0	0	0	0	0	0	0	0	0	0	0	0	0	0	0	0	0	0	0	11.85648	0	0	0	13.42301	0	0	0	0	0	0	0	0	0	0	0	0	0	0	4.95524	0	0	0	0	0	0	0	0	0	0	0	0	0	0	0	0	0	0	0	0	0	0	0	0	0	0	0	0	0	0	0	0	
0	0	0	0	0	0	0	0	0	0	0	0	0	0	0	0	0	0	0	0	0	0	0	0	0	0	0	0	0	0	13.09512	0	0	0	0	0	0	0	0	11.5703	0	0	0	0	0	0	0	8.70447	0	0	0	0	0	0	0	0	0	5.78911	4.35633	0	10.16274	0	0	12.32907	0	0	0	0	0	0	0	0	0	0	0	0	0	0	0	0	0	0	0	0	0	0	0	0	0	0	0	0	0	0	0	0	0	0	0	0	
0	0	0	0	0	0	0	0	0	0	0	0	0	0	0	0	0	0	0	0	0	0	0	0	0	0	0	0	0	0	0	0	0	0	0	0	0	0	0	0	0	0	0	0	0	0	0	0	0	0	0	0	0	0	7.24186	0	0	0	0	0	0	0	0	0	0	0	0	0	0	0	0	0	0	0	3.68003	0	0	0	0	0	0	0	0	0	0	0	0	0	0	0	0	0	0	0	0	0	0	0	0	0	
0	0	0	0	0	0	0	0	0	0	0	0	0	0	0	0	0	0	0	0	0	0	0	0	0	0	0	0	0	0	0	0	0	0	0	0	0	0	0	0	0	0	14.1707	0	0	0	0	0	0	0	0	0	9.0435	0	0	0	0	0	0	12.76543	0	0	0	0	0	0	0	0	0	0	0	6.93884	0	0	0	0	0	0	0	0	0	0	0	0	0	0	0	0	0	0	0	0	0	0	0	0	0	0	0	0	
0	0	0	0	0	0	0	0	0	0	0	0	0	0	0	0	0	0	0	0	0	0	0	0	0	0	0	0	0	0	0	0	0	0	0	0	0	0	0	0	0	0	0	8.01531	0	0	0	13.7195	0	0	0	8.621	0	0	0	0	0	0	3.90037	0	0	0	0	0	0	0	0	0	0	0	0	0	0	0	0	0	0	0	0	0	0	0	0	0	0	0	0	0	0	0	0	0	0	0	0	0	0	0	0	0	
0	0	0	0	0	0	0	0	0	0	0	0	0	0	0	0	0	0	0	0	0	0	0	0	0	0	0	0	0	0	0	0	0	0	0	0	0	0	0	0	0	0	8.34226	0	0	0	0	0	0	0	0	0	0	0	0	7.35657	0	0	0	0	0	0	0	0	0	0	1.18751	0	2.45191	0	0	0	0	0	0	0	0	0	0	0	0	0	0	0	0	0	0	0	0	0	0	0	0	0	0	0	0	0	0	0	
0	0	0	0	0	0	0	0	0	0	0	0	0	0	0	0	0	0	0	0	0	0	0	0	0	0	0	0	0	0	0	0	0	0	0	0	0	0	0	0	12.67638	0	0	0	0	0	0	0	0	0	0	0	0	0	0	0	0	0	0	0	0	0	0	0	0	0	0	0	0	0	0	0	0	0	0	0	0	0	0	0	0	0	0	0	0	0	0	0	0	0	0	0	0	0	0	0	0	0	0	0	
0	0	0	0	0	0	0	0	0	0	0	0	0	0	0	0	0	0	0	0	0	0	0	0	0	0	0	0	0	0	0	0	0	0	0	0	0	0	0	0	0	0	0	0	0	0	0	5.68547	0	0	8.01545	0	0	0	0	0	0	0	0	0	0	0	0	0	0	0	0	0	0	0	0	0	0	0	0	0	8.58356	0	0	0	0	0	0	0	0	0	0	0	0	0	0	0	0	0	0	0	0	0	0	0	
0	0	0	0	0	0	0	0	0	0	0	0	0	0	0	0	0	0	0	0	0	0	0	0	0	0	0	0	0	0	0	0	0	0	0	0	0	0	0	0	0	0	0	0	0	0	0	7.61108	0	0	9.86372	10.93908	0	0	0	0	8.66695	0	8.06442	0	9.93465	0	0	0	0	8.94035	0	0	0	0	0	0	0	0	0	0	0	0	0	0	0	0	0	0	0	0	0	0	0	0	0	0	0	0	0	0	0	0	0	0	
0	0	0	0	0	0	0	0	0	0	0	0	0	0	0	0	0	0	0	0	0	0	0	0	0	0	0	0	0	0	0	0	0	0	0	0	0	0	0	0	0	9.48597	0	0	0	0	0	0	0	0	0	0	0	0	0	0	0	0	0	0	0	0	0	0	0	0	0	0	0	0	0	0	0	0	0	0	0	0	0	0	0	0	0	0	0	0	0	0	0	0	0	0	0	0	0	0	0	0	0	0	
0	0	0	0	0	0	0	0	0	0	0	0	0	0	0	0	0	0	0	0	0	0	0	0	0	0	0	0	0	0	0	7.43322	0	0	0	0	0	0	0	0	0	0	0	0	0	0	0	8.53718	0	0	0	0	0	0	0	0	0	0	0	0	0	0	0	2.45191	0	0	0	4.21462	0	0	0	0	0	0	0	0	0	0	0	0	0	0	0	0	0	0	0	0	0	0	0	0	0	0	0	0	0	0	0	0	
0	0	0	0	0	0	0	0	0	0	0	0	0	0	0	0	0	0	0	0	0	0	0	0	0	0	0	0	0	0	0	10.81566	0	0	0	0	0	0	0	0	0	0	0	0	0	0	0	0	0	0	0	0	0	0	0	0	0	0	0	0	0	0	0	0	0	0	0	0	0	0	0	0	0	0	0	0	0	0	0	0	0	0	0	0	0	0	0	0	0	0	0	0	0	0	0	0	0	0	0	0	
0	0	0	0	0	0	0	0	0	0	0	0	0	0	0	0	0	0	0	0	0	0	0	0	0	0	0	0	0	0	0	0	0	0	0	0	0	0	0	0	0	0	0	9.89454	0	0	0	0	0	13.76331	0	0	0	0	8.0471	0	0	0	0	0	0	0	0	0	0	0	0	0	0	0	0	0	0	0	0	0	0	0	0	2.01476	0	0	0	0	0	0	0	0	0	0	0	0	0	0	0	0	0	0	0	0	
0	0	0	0	0	0	0	0	0	0	0	0	0	0	0	0	0	0	0	0	0	0	0	0	0	0	0	0	0	0	0	0	9.72087	0	0	0	0	0	0	0	0	0	0	0	0	0	0	4.86325	0	0	10.41086	0.92653	0	0	0	0	0	0	8.10849	0	0	0	0	0	0	0	0	0	0	0	3.35928	0	0	0	0	0	0	0	0	0	0	0	0	0	0	7.11207	0	0	0	0	0	0	0	0	0	0	0	0	0	0	
0	0	0	0	0	0	0	0	0	0	0	0	0	0	0	0	0	0	0	0	0	0	0	0	0	0	0	0	0	0	0	0	0	0	0	0	0	0	0	9.08057	0	0	0	0	14.64939	0	10.44751	0	0	0	0	0	0	0	0	0	0	0	0	0	0	0	0	0	0	0	0	0	0	1.82989	0	0	0	0	0	0	0	0	0	0	0	0	0	0	0	0	0	0	0	0	0	0	0	0	0	0	0	0	0	0	
0	0	0	0	0	0	0	0	0	0	0	0	0	0	0	0	0	0	0	0	0	0	0	0	0	0	0	0	0	0	0	0	0	0	0	7.05774	0	0	0	0	0	0	0	0	0	0	0	8.23775	0	0	0	0	0	7.96386	0	0	0	0	0	0	9.3647	0	0	0	0	0	0	0	0	0	0	0	0	0	0	0	0	0	0	0	0	0	0	0	0	0	0	0	0	0	0	0	0	0	3.52855	0	0	0	0	0	
0	0	0	0	0	0	0	0	0	0	0	0	0	0	0	0	0	0	0	0	0	0	0	0	0	0	0	0	0	0	0	0	0	0	0	0	0	0	0	0	0	13.78688	0	0	0	0	0	0	0	0	0	0	0.71264	0	0	0	0	0	0	0	0	0	0	0	0	0	0	7.11869	0	0	0	4.50579	0	0	0	0	0	0	0	0	0	0	0	0	0	0	0	0	0	0	0	0	0	0	0	0	0	0	0	0	
0	0	0	0	0	0	0	0	0	0	0	0	0	0	0	0	0	0	0	0	0	0	0	0	0	0	0	0	0	0	0	0	0	0	0	0	0	0	0	0	9.6498	0	0	0	10.45573	0	0	7.47184	0	0	5.02766	13.08926	0	0	0	9.48533	0	0	7.07151	0	6.48334	0	0	0	0	0	0	0	3.94228	0	0	0	0	0	0	0	0	0	0	0	0	0	0	0	0	0	0	0	0	0	0	0	0	0	0	4.28721	0	0	0	0	
0	0	0	0	0	0	0	0	0	0	0	0	0	0	0	0	0	0	0	0	0	0	0	0	0	0	0	0	0	0	0	0	0	0	0	0	0	0	0	0	0	0	0	0	14.64159	0	0	0	0	0.39988	0	0	7.6913	0	0	0	0	8.2069	0	0	0	5.22536	0	0	0	0	0	0	0	0	0	0	0	0	0	0	0	0	0	0	0	0	0	0	0	0	0	0	0	0	0	0	0	0	0	0	0	0	0	0	
0	0	0	0	0	0	0	0	0	0	0	0	0	0	0	0	0	0	0	0	0	0	0	0	0	0	0	0	0	0	0	0	0	0	0	0	0	0	0	0	0	0	0	11.65918	0	0	14.77578	0	0	0	9.16567	0	0	0	0	0	0	0	0	8.61915	0	0	0	0	10.09911	0	0	4.02951	0	0	0	0	9.48854	0	0	0	0	0	0	0	0	0	0	0	0	0	0	0	0	0	0	0	0	0	0	0	0	0	0	0	
0	0	0	0	0	0	0	0	0	0	0	0	0	0	0	0	0	0	0	0	0	0	0	0	0	0	0	0	0	0	0	0	0	0	0	0	0	0	0	0	0	0	0	0	3.52855	2.94621	0	11.16859	0.96953	0	0	13.74854	7.99206	0	0	9.01439	0	0	0	0	0	0	0	0	0	0	0	9.61085	0	0	0	0	0	10.67253	0	0	0	0	0	0	0	0	0	0	0	0	0	0	0	0	0	0	0	0	0	0	0	0	0	0	
0	0	0	0	0	0	0	0	0	0	0	0	0	0	0	0	0	0	0	0	0	0	0	0	0	0	0	0	0	0	0	0	0	0	0	0	0	13.65931	0	0	0	0	0	0	0	0	0	0	3.94228	0	0	6.66131	0	0	12.45439	0	7.8515	0	0	4.50579	0	7.28746	0	0	0	0	0	0	0	0	0	0	0	0	6.24249	3.7502	0	0	0	0	0	0	0	0	0	0	0	0	0	0	0	0	0	0	0	0	0	0	0	0	
0	0	0	0	0	0	0	0	0	0	0	0	0	0	0	0	0	0	0	0	0	0	0	0	0	0	0	0	0	0	0	0	0	0	0	0	0	0	0	0	0	0	13.01355	0	0	10.74117	0	11.42718	0	0	9.12416	0	10.71756	0	9.99775	0	0	0	0	0	0	0	0	10.31741	0	0	0	6.66232	0	0	8.41155	0	0	0	0	0	0	0	4.46464	0	0	0	0	0	0	0	0	0	0	0	0	0	0	0	0	0	0	0	0	0	
0	0	0	0	0	0	0	0	0	0	0	0	0	0	0	0	0	0	0	0	0	0	0	0	0	0	0	0	0	0	0	0	0	0	0	0	0	0	0	0	0	0	0	0	0	0	0	8.3634	10.48914	0	0	10.39475	0	0	0	0	0	0	0	0	0	0	0	0	0.71264	0	0	0	0	0	0	0	0	0	0	0	0	0	0	0	0	0	0	0	0	0	0	0	0	0	8.2408	0	0	0	0	0	0	0	0	0	
0	0	0	0	0	0	0	0	0	0	0	0	0	0	0	0	0	0	0	0	0	0	0	0	0	0	0	0	0	0	0	0	0	0	0	0	0	0	0	0	0	0	0	0	0	0	0	12.03046	0	0	0	0	9.95475	8.33228	0	0	0	0	11.83827	11.24955	0	0	0	0	0	0	0	0	0	0	0	0	0	0	0	0	0	0	0	0	0	0	0	0	0	0	0	0	0	0	0	0	0	0	0	0	0	0	6.38753	0	
0	0	0	0	0	0	0	0	0	0	0	0	0	0	0	0	0	0	0	0	0	0	0	0	0	0	0	0	0	0	0	0	0	0	0	0	0	0	0	0	0	0	9.17447	0	0	0	0	0	0	9.36037	0	6.61139	0	7.26067	0	0	0	0	0	0	0	0	0	0	10.94634	0	0	0	0	0	0	0	0	0	0	0	12.56262	0	0	0	0	0	0	0	0	0	0	0	0	0	0	0	0	0	0	0	0	0	0	0	
0	0	0	0	0	0	0	0	0	0	0	0	9.66691	0	0	0	0	0	0	0	0	0	0	0	0	0	0	0	0	0	9.80827	0	0	0	0	0	0	0	0	0	0	0	9.71333	0	0	0	0	12.63793	0	0	11.1531	0	0	6.68108	6.38201	0	11.02814	0	0	0	0	0	0	10.57743	4.7307	10.61022	0	0	0	0	0	0	0	0	0	0	0	0	0	0	0	0	0	0	0	0	0	0	0	0	0	0	0	0	0	0	0	0	0	0	
0	0	0	0	0	0	0	0	0	0	0	0	0	0	0	0	0	0	0	0	0	0	0	0	0	0	0	0	0	0	0	0	0	0	0	0	0	0	0	0	0	0	0	0	0	11.44799	3.97195	0	4.7985	12.65174	1.37679	8.30225	8.01089	0	11.39113	6.88865	0	0	0	0	11.77441	0	0	0	0	0	0	0	0	7.03204	0	0	0	0	0	0	3.66044	0	0	0	0	0	0	0	0	0	0	0	0	0	0	0	0	0	0	0	0	0	0	0	
0	0	0	0	0	0	0	0	0	0	0	0	0	0	0	9.31565	0	0	0	0	0	0	0	0	0	0	0	0	0	0	0	0	0	0	0	5.06943	11.08027	0	0	0	0	0	0	3.68003	0	10.55218	9.16282	7.98116	3.4035	7.36498	0	0	6.32568	0	10.74278	0	0	0	0	7.56316	0	11.52145	0	6.29667	0	8.16738	0	0	10.81182	0	9.49302	0	0	0	0	9.4302	0	0.96953	0	3.49134	0	0	0	0	0	0	0	0	0	0	8.3034	0	0	0	0	0	0	0	0	0	
0	0	0	0	0	0	0	0	0	0	0	0	0	0	0	0	0	0	0	0	0	0	0	0	0	0	11.59405	0	0	0	0	4.89458	0	0	8.6493	0	0	0	0	0	10.85469	0	0	0	0	0	0	0	9.3597	0	2.17418	11.82495	8.55567	0	9.7404	0	11.79284	0	4.05413	0	0.39988	9.31926	0	0	0	7.83545	0	0	0	0	0	0	0	8.11016	0	0	0	0	0	0	0	0	0	0	0	0	0	0	0	0	0	0	0	0	0	0	0.39988	0	0	0	
0	0	0	0	0	0	0	0	0	0	0	0	0	0	0	0	0	0	0	10.42489	0	0	0	0	0	0	0	0	0	0	0	0	0	0	0	0	0	0	0	0	0	0	0	13.79156	0	0	13.06855	12.54907	12.19398	0	9.24071	7.98151	10.36466	0	0	0	12.67638	0	0	8.16372	8.07905	0	0	12.88325	0	7.75454	0	9.79898	0	0	0	0	0	0	0	0	0	0	0	0	0	0	0	0	0	0	0	0	0	0	7.6834	0	0	0	0	0	0	0	0	0	
0	0	0	0	0	0	0	0	0	0	0	0	8.33228	0	0	0	0	0	0	8.66187	0	0	0	0	0	0	0	0	0	0	0	0	0	7.0775	0	0	0	0	0	0	0	7.80487	12.31141	0	8.46642	0	0	4.68452	6.24292	0	1.69408	9.26256	6.08245	6.40308	8.48813	13.59052	5.68939	5.23635	8.8585	0	0	0	0	0	3.48805	0	0	0	0	0	0	0	0	0	0	0	0	0	10.77312	0	0	0	0	0	0	0	0	0	0	0	0	0	0	0	0	0	0	0	0	0	
0	0	0	0	0	0	0	0	0	0	0	0	0	0	0	0	0	0	0	0	0	0	0	14.0615	0	0	0	0	0	0	0	0	0	0	0	0	0	0	11.30524	0	0	0	6.87086	9.31854	0.96953	0	11.29315	6.03244	0	9.83492	7.59687	7.53211	0	0	0	0	0	7.38841	13.05681	10.12987	10.61169	0	0	0	8.08323	0	0	0	0	0	0	0	0	0	0	0	0	0	0	0	0	0	0	0	0	0	0	0	0	0	0	0	0	0	0	0	0	0	0	0	
0	0	10.74493	0	0	0	0	0	0	0	0	0	0	0	0	0	0	0	0	0	0	0	0	0	0	0	0	0	0	0	0	0	0	0	0	0	0	0	0	0	10.63158	0	0	0	0	8.94316	0	10.1083	8.60028	11.65466	0	8.98286	9.06602	9.20104	0.39988	10.02984	0	0	9.95289	0	9.75139	0	7.5361	10.19775	0	0	0	0	0	0	0	8.15569	0	0	0	0	1.95401	0	0	0	0	0	0	0	0	0	0	0	0	0	0	0	0	0	0	0	0	0	0	0	
0	0	0	0	0	0	0	0	0	0	0	10.80566	0	0	0	0	0	0	0	0	0	0	0	0	0	0	0	0	0	0	0	0	9.12581	0	0	0	0	9.7906	12.08735	3.26656	4.62263	7.23456	0	0	12.35702	8.26384	10.68614	4.80188	10.45456	0	11.73657	0	5.577	6.60325	0	10.24864	6.65686	10.90202	0	0	0	0	0	0	0	0	0	6.2849	0	0	0	0	4.11177	0	0	0.96953	0	0	9.91043	0	0	0	0	0	0	0	0	0	0	0	0	0	0	0	0	7.72306	0	0	0	0	
0	0	0	0	0	0	0	0	0	0	0	0	0	0	0	0	0	0	0	0	0	0	0	0	0	0	0	0	0	0	0	0	0	0	8.00467	9.24743	0	0	0	6.76757	0	12.06507	0	10.81771	13.12086	10.44221	7.44328	9.44487	4.57029	10.53587	10.79482	9.97504	1.18751	8.84525	0	0	8.20238	0	0	6.64266	7.03684	0	0.39988	0	0	0	0	0	0	0	0	0	0	0	0	0	0	0	5.32068	0	0	0	0	0	0	0	0	9.56839	0	0	0	0	0	0	0	0	0	0	0	0	
0	0	0	0	0	0	0	0	7.79867	0	9.77289	0	0	0	0	0	0	0	0	0	0	0	0	0	0	0	10.72302	0	0	0	0	0	0	0	0	3.16747	0	12.88227	11.45866	0	7.30754	8.31068	0	3.21787	4.33366	11.38778	4.49692	7.64876	9.28192	9.02401	0	7.90833	0	0	0	0	9.50738	5.90129	0	0	0	0	0	0	0	0	9.82162	0	0	0	0	0	0	0	0	0	0	0	0	0	0	0	0	0	0	0	0	0	0	0	0	0	0	4.78185	0	0	0	0	0	0	
0	0	0	0	0	0	0	0	0	0	0	12.30777	0	0	12.898	0	0	0	0	0	0	0	0	0	0	0	0	0	0	0	0	10.24484	0	0	6.82152	0	11.1533	0	0	9.39972	1.37679	0	9.87882	9.07515	10.42324	8.1693	10.53368	8.6498	5.03234	8.27734	7.46217	10.38692	9.59907	8.57929	0	7.50853	11.06456	0	0	14.04636	10.05648	5.2164	0	10.79351	0	0	0	0	0	0	0	0	0	4.44363	0	8.01235	0	0	0	0	0	0	0	6.15513	0	0	0	0	0	0	0	0	0	0	0	0	0	0	0	0	
0	0	0	0	0	0	0	0	0	0	0	0	12.26235	0	0	0	0	0	0	0	0	0	0	0	0	0	0	0	0	9.42091	0	0	7.80898	0	9.15601	0	13.15217	0	10.33035	10.4554	10.27134	10.90824	10.87681	10.79535	7.70621	5.06822	9.46545	10.12015	6.74626	9.25156	7.05629	10.57652	9.45216	6.42805	5.66493	6.93345	9.60378	0	0	7.78829	6.22456	0	0	0	0	0	0	0	0	0	0	0	0	9.88633	0	0	0	0	0	0	10.33858	0	0	0	0	0	0	0	0	0	0	0	0	0	0	0	0	0	0	0	
0	0	0	0	0	0	0	11.36359	0	0	0	8.95806	0	0	0	0	0	0	0	0	0	0	0	0	0	0	0	8.85436	0	0	7.13845	0	12.93595	0	0	0	10.69605	8.53966	8.56384	9.61117	9.39781	6.44175	0	11.16908	11.04112	8.85097	9.04453	9.41099	10.66538	10.20058	5.02623	9.14985	10.31087	8.4277	7.92092	5.17655	11.44649	5.39779	5.52764	9.13403	6.24494	11.30415	9.44755	0	9.75006	0	0	0	0	0	0	0	0	9.43429	0	0	0	0	0	0	0	0	0	0	0	0	0	0	0	0	0	0	0	0	0	0	0	0	0	0	
12.05709	0	0	0	0	0	0	0	6.02277	0	0	0	8.10012	0	0	0	0	0	0	0	0	0	0	0	10.93838	0	0	7.58971	0	0	0	0	12.93483	0	11.52161	8.38423	0	5.20052	10.75881	8.3376	9.00724	9.1583	5.70592	9.96952	11.4379	10.49033	7.6733	10.0798	7.22075	3.87933	9.60968	6.19107	8.06542	6.72491	11.23933	9.72237	10.39509	7.59185	0	10.85601	3.88105	2.06829	0	5.77484	0	8.19751	0	0	0	0	0	0	0	0	0	0	0	0	0	0	0	0	4.49864	0	0	10.25087	0	0	0	0	0	0	0	0	0	0	0	0	0	0	
0	0	0	11.82951	0	0	0	0	0	0	0	0	0	0	0	0	0	0	8.77559	0	0	11.31178	0	8.33514	11.53223	9.91378	0	0	10.65578	10.0608	11.89881	0	14.9209	0	0	0.39988	0	9.92544	9.66718	8.04336	9.64409	7.68408	7.99311	9.71476	9.96618	9.9006	8.99786	10.27819	9.52878	6.45926	9.75332	7.62446	10.82444	7.29231	9.06898	9.97979	0	5.21376	6.54308	8.44006	0.71264	7.16438	8.70668	0	0	0	0	0	0	3.64363	0	0	6.79272	0	1.95401	6.89305	12.20417	4.6351	0	0.96953	0	0	0	0	0	0	0	0	0	0	0	0	0	0	0	0	0	0	0	0	
9.2068	0	0	0	12.3511	7.20605	0	0	0	0	0	0	0	0	0	0	0	9.29012	0	0	0	0	0	0	9.33647	0	7.89527	9.75675	0	9.28865	10.16354	0	0	0	10.05648	8.37871	7.56768	11.11404	10.50856	7.86587	8.2791	9.20398	8.6251	8.48468	10.08501	9.12214	9.91989	8.11849	8.55435	9.87737	5.20173	9.15882	10.51204	6.98739	9.25531	9.35629	9.38449	4.7602	6.44552	8.81229	11.90811	0	5.84301	10.72927	10.35941	9.90034	9.45544	0	0	0	0	0	0	0	6.74197	0	0	0	0	0	0	0	0	0	0	0	0	0	0	0	0	0	0	0	0	0	0	0	0	0	
0	0	0	0	0	0	0	0	5.55434	0	7.95168	0	0	0	0	0	7.55583	12.20534	10.26707	7.3253	10.48174	7.83439	0	0	0	13.84449	0	8.78397	10.02947	11.35165	0	9.40876	10.49904	9.41757	8.74971	10.81953	7.76754	6.87453	9.33024	7.53679	8.36323	8.03058	8.6396	8.7324	9.45165	7.95628	7.37346	9.26344	8.31717	7.75069	7.51999	11.17331	9.68026	8.9311	6.50499	6.34691	5.32332	8.68445	0	10.16561	4.23679	9.22693	7.3193	0	7.50631	11.66586	8.65617	0	0	0	0	8.33371	0	0	6.32568	0	0	0	8.93659	0	0	0	0	0	0	8.44631	0	0	0	0	0	0	0	0	0	3.91199	0	0	0	0	
0	10.55616	0	0	3.88105	7.91206	0	0	0	0	0	0	0	0	7.26367	10.49234	0	10.59541	10.42023	0	8.07983	0	7.08844	0	0	0	0	0	9.56914	10.01344	7.58088	0	12.36436	8.08078	8.95342	8.91725	9.2665	10.0472	8.29913	9.26924	8.68355	8.15134	8.18609	8.36219	8.91627	8.54617	8.57368	9.00367	7.73276	7.5518	7.32424	7.99601	8.58342	8.76739	8.96613	7.4157	6.12903	8.52136	7.89959	8.59589	0	9.05285	0	11.4252	9.41564	1.18751	6.63388	3.8171	0	0	0	0	0	0	0	2.61122	0	0	0	0	9.12126	0	0	0	0	0	0	0	0	0	0	0	0	0	0	0	0	0	0	0	
0	11.90775	10.34814	0	10.5114	0	0	0	0	0	10.82636	0	0	0	9.26263	7.27562	0	6.43623	0	0	6.35412	6.68936	9.45916	9.30611	9.93229	7.83948	0	5.61218	7.11537	8.85381	11.82393	10.28047	10.85985	9.9988	10.32493	12.7927	9.01948	8.15181	8.23865	7.6212	7.82889	7.8198	8.37147	7.52884	8.13794	7.53311	8.49606	8.40446	9.44962	8.6341	7.57585	8.88488	9.25469	8.16029	7.28048	6.81445	8.13937	5.16598	8.60505	5.88579	0	8.41032	9.53785	9.16861	2.88195	4.08486	1.54414	0	0	0.71264	0	8.711	0	2.68473	10.00315	0	8.52847	0	0	0	0	0	0	4.67392	0	4.40825	0	0	0	0	0	0	0	0	0	0	0	0	0	0	
0	0	0	0	0	0	0	0	8.33228	0	9.97045	11.59479	0	0	0	0	0	0	10.12946	0	13.11645	0	0	0	0	11.37056	9.50253	0	1.54414	8.37455	6.24584	8.16417	9.09159	9.55413	10.5917	7.51039	9.56164	10.29828	8.04984	10.12928	6.37395	9.00509	8.78543	6.93432	7.77431	9.05885	8.10304	8.57984	8.28258	8.63556	7.91811	7.15135	7.33453	8.43775	7.11063	8.91686	8.8822	9.12902	9.19269	8.19788	9.40676	4.50704	12.01482	6.36724	0	10.46094	0	7.96402	0	0	0	0	0	0	0	0	0	0	0.71264	0	0	8.84537	0	0	0	0	0	8.63198	3.4035	6.49871	0	0	0	0	0	0	0	0	0	0	
0	0	0	0	0	0	0	0	12.35762	8.21467	6.97357	3.00477	0	13.17022	0	0	0	9.04175	10.93955	4.66135	0	0	0	8.41712	7.80692	11.15532	8.12839	9.63843	6.29787	9.35375	0	7.90825	4.03393	5.73391	5.28029	8.40895	10.03389	6.74575	9.2792	5.87315	6.67883	8.30093	8.55464	8.58165	6.83183	8.33988	8.52806	7.19966	7.05064	9.26801	8.82264	7.55774	7.61468	8.05609	8.77984	8.17331	6.32789	10.6755	8.70004	7.76446	6.63754	11.60671	8.30281	4.6038	5.85564	8.57807	9.65324	0	0	0	0	0	0	8.13332	10.22842	0	0	0	11.5621	0	0	0	0	0	0	0	0	0	7.54353	0	3.68003	0	0	0	0	0	0	0	0	0	
0	0	10.99659	7.99894	0	7.09866	0	2.27283	8.76715	0	0	0	0	0	0	0	0	6.03329	0	0	0	0	0	11.49583	0	10.19461	0	10.63415	8.54214	8.10802	0	9.96605	0	7.31377	5.74139	8.4411	7.33177	7.02892	1.08213	10.02836	7.67643	8.45103	7.94614	8.50291	8.2821	7.23953	6.98245	8.4469	7.36083	8.07979	8.48888	7.87229	8.28821	7.85228	8.41786	6.20031	7.68897	8.54742	7.11362	6.89995	10.03221	8.84422	5.39988	10.89645	7.12257	0	0	6.94095	5.08309	5.20152	4.94436	0	8.32224	0	0.19994	0	6.14462	0	0	0	0	0	4.33597	0	0	0	0	0	0	0	0	0	0	0	0	0	0	0	0	0	
0	0	0	0	0	0	0	0	0.96953	0	11.47397	9.35559	9.14535	0	15.86406	0	0	7.52864	0	7.14823	0	0	0	0	0	0	7.15794	5.05564	6.27575	0	7.63409	8.07792	5.7505	9.34976	5.37734	8.73346	8.62693	8.25169	8.59593	9.26451	8.97679	6.08797	6.39567	6.84573	7.68457	9.58749	5.27264	5.9139	8.44152	5.47345	7.93224	8.64804	8.46175	8.07299	7.16505	6.49492	5.96828	8.22458	8.452	8.26271	7.87304	5.66125	9.54741	6.64293	1.82989	5.64547	8.80164	5.27817	0	0	10.37995	0	6.47954	2.6249	0	14.58703	0	0	0	0	0	0	0	0	0	0	0	0	7.1239	0	0	0	0	0	0	0	0	0	0	0	
0	0	0	0	0	1.95401	0	0	0	10.26819	0	0	8.37316	0	0	0	0	0	0	0	0	0	0	8.15425	0	0	7.55613	0	0	4.79697	6.59406	0	0	7.59271	7.19929	6.39849	7.31377	2.45191	3.31367	8.31647	4.36949	12.10337	6.47592	5.94246	9.99503	7.9657	8.38108	7.74946	9.75805	4.36035	7.64586	8.75019	6.86629	6.11043	9.04406	6.69833	8.98802	6.55259	5.2834	8.32165	8.3823	5.47904	4.65416	10.48558	8.21709	6.24664	9.39239	9.06688	8.01645	0	0	13.38488	0	5.81389	0	6.84175	8.31647	0	0	0	0	0	0	0	10.43691	0	0	0.39988	0	0	0	8.86823	0	0	0	0	6.61609	0	0	0	
0	0	0	0	0	0	0	0	0	0	0	12.30995	0	0	0	0	0	6.60255	11.21953	0	0	0	0	6.11581	0	0	0	7.60162	0	0	0	0	7.08379	6.29262	7.12573	0	5.09795	7.90837	0.95008	2.09196	7.03163	9.04532	7.35009	3.23651	0	9.62952	6.94025	6.14274	6.61495	6.42946	7.9432	11.93172	8.48024	5.66622	7.5901	5.77266	6.94506	6.90718	7.83546	9.07839	7.5697	4.60229	0	6.47786	9.51789	0	5.95411	6.65319	9.18242	8.09905	0	0	0	4.69557	0	10.35202	0	8.49821	0	0	0	8.15106	0	0	0	0	0	0	0	0	0	0	0	0	0	0	0	0	0	0	
0	0	0	0	5.04668	0	0	0	0	0	9.46134	0	3.56793	0	0	11.26741	0	0	8.31647	0	6.24142	4.31062	0	0	0	10.18197	6.94633	0	0	6.17808	0	9.24228	13.09196	0	0	7.29041	8.99826	10.46424	10.35835	11.74711	5.31995	8.14964	6.82106	9.56231	3.98653	7.36082	14.42351	4.65963	8.00179	8.04131	9.40305	6.90397	8.66366	8.00285	5.76058	8.38606	7.72532	8.91689	4.87581	8.38287	5.49538	8.42562	6.0286	6.01315	8.35611	0	7.64382	9.30267	0	6.98686	9.14622	8.68892	6.29308	10.32479	8.51349	0	4.40583	0	0	0	3.44639	0	0	0	0	1.18751	0	0	0	0.71264	0	0	0	0	0	0	0	0	0	0	
0	0	0	0	0	0	0	0	0	0	0	7.04384	4.07026	0	0	10.01745	0	0	0	3.06107	5.26185	0	0.39988	0	0	0	0	0	0	4.42314	6.33712	6.15319	0	0	0	9.6132	0	0	0	6.70711	5.2443	6.97273	3.82449	6.61832	8.02457	5.53942	7.10587	7.50239	6.85472	5.11224	0	0	8.3986	10.23374	0	8.29576	8.69468	6.97158	7.35076	6.33231	9.2535	7.68447	7.86143	7.31309	4.90814	6.70886	6.2849	7.94759	1.18751	8.89757	0	7.12597	8.13841	8.5715	9.93088	0	3.00477	0	7.1286	0	0	0	0	0	0	0	0	0	0	0	0	0	0	0	0	0	0	0	0	0	
0	0	0	7.75668	0	0	0	0	0	0	0	0	0	0	0	0	1.18751	0	0	0	0	0	10.82585	0	0	0	9.67699	9.36616	7.7588	3.78403	0	0	3.21787	0	0	11.87332	0	3.31367	5.55434	2.17817	7.40109	0	0.39988	0	4.20194	11.11642	8.09183	8.58716	6.61151	4.90895	6.16303	5.51268	9.06188	8.52256	7.98013	7.10355	7.44249	6.57452	6.98607	6.80857	8.23328	7.522	8.76851	8.44405	7.75196	9.26563	6.39036	8.38147	9.42924	8.72645	6.53774	8.408	5.69287	5.47599	7.45542	0	11.68446	0	6.41723	11.12676	0.39988	3.64363	5.91663	0	0	1.18751	0	0	0	0	0	0	0	0	0	0	0	1.37679	0	11.8739	
0	0	5.33623	0	0	0	0	0	0	0	0	0	0	0	0	0	0	0	0	0	8.01183	0	0	0	0	10.15312	0	8.74947	0	11.14213	0	10.38203	9.92378	0	6.30834	0	0	6.20452	6.95262	0	6.27303	0	0	7.89175	10.13398	9.66748	5.99038	3.70335	5.64	7.87415	9.01776	10.11582	6.57486	8.63549	6.08877	9.15637	0	7.63013	7.24482	7.92351	2.73842	3.80439	5.53909	2.86906	5.52015	8.46344	6.16993	0	8.85119	3.98717	5.01492	7.36572	5.04739	8.53984	2.45191	0	6.37965	0	2.00441	7.67109	0	6.37423	0	0	0	0	0	0	7.01972	0	0	0	0	0	0	0	5.87797	0	0	0	
0	0	0	0	7.26367	0	0	0	0	0	0	0	7.92539	0	0	0	0	0	0	0	7.68683	5.1495	0	0	0	0	0	4.39802	0	0	0	0	9.38	0	0	0	6.39849	0	9.06172	8.84837	0	0	4.37167	0.39988	12.29536	0	5.8634	10.05605	4.02951	6.88846	7.92349	7.51146	8.37316	6.45616	8.36613	1.68085	0	7.43966	4.17178	3.0043	8.34346	6.36586	8.2695	7.3129	6.91984	9.1104	6.24092	6.37433	7.20458	6.40908	8.70368	0	0	9.07993	0	7.00968	8.74832	6.28169	0	0	0	0	0	0	8.21467	0	0	0	0	0	0	0	0	0	0	0	7.58971	0	0	0	
0	0	0	0	0	0	0	0	7.40359	0	0	0	0.39988	0	0	0	7.7966	4.50579	5.21299	0	0	0	0	0	10.73271	0	0	0	0	0	0	0	0	0	9.01082	9.4006	0	9.26562	0	0	0	0	9.30404	10.15958	0	10.55972	9.98052	7.01206	0	4.11235	0	9.3171	10.57743	8.67895	0	6.75482	0	7.81546	0	5.1573	9.5121	7.53362	5.36142	6.73765	4.28666	6.32807	7.34977	4.62944	8.24688	7.94639	8.75635	3.98386	5.52552	6.16801	8.08218	4.92982	9.14638	8.45946	0	0.39988	5.64921	9.68773	10.54972	0	6.13391	1.95401	6.83369	5.34356	5.72085	0	6.05695	0	0	10.37815	0	0	0	0	0	0	
0	0	0	0	0	0	0	0	0	0	0	0	0	0	0	0	0	0	0	0	5.80918	0	0	0	0	0	0	0	0	6.40395	0	0	0	0	6.23683	0	0	0	0	0	9.345	0	8.27839	8.65274	7.14835	0	0	1.82989	4.16411	6.75794	10.97386	0	0	2.0948	2.4188	7.72669	0	0	8.81342	8.93224	12.43729	5.76484	4.94048	5.82463	7.36056	8.1431	4.3741	6.83861	7.58971	8.1771	9.4459	7.50466	6.67286	6.96245	3.76563	0	5.07812	0	7.0949	0	0	0	5.39921	0	0	0	9.68024	0	0	0	0	0	0	0	0	0	0	0	0	0	
0	0	0	0	8.5483	0	0	0	0	0	0	5.63073	0	5.24979	0	0	0	0	0	0	0	0	0	0	0	0	0	0	0	0	0	0	0	0	0	0	0	0	0	6.7338	0	0	7.81103	0	6.99462	0	0.19994	4.31062	0	0	7.52614	0	0	0	9.51837	0	0	0.71264	0	9.17686	7.64624	0	7.80672	7.6829	7.43035	0	1.98598	6.04054	8.67617	6.47706	8.04101	8.72846	8.61292	5.003	0	0	3.56177	6.39849	5.67672	8.10347	3.4035	7.69797	0.96953	0	3.00477	0	6.65319	9.32021	0	4.76543	0	0	0	0	6.9612	0	0	0	0	0	
0	0	0	0	0	0	0	0	0	0	0	0	0	0	0	0	0	7.20807	0	0	0	10.33785	9.0135	0	0	0	8.14476	0	0	0	0	0	0	9.68588	7.14777	0	0	0	0	0	0	0	0	0	0	0	0	0	0.39988	0	0	0	0	0	0	7.87519	9.65045	8.75111	6.40938	3.16747	0	6.78897	6.84141	0	8.53567	7.40024	9.20436	7.81456	4.78319	4.85096	7.64455	6.20268	6.35222	4.33321	8.84175	7.61262	5.92301	0	10.15231	6.23402	0	0	6.85208	0	5.71209	9.52544	7.00849	2.45191	0	10.88401	0	0	0	0	0	0	8.18922	0	0	0	
0	0	0	0	0	0	0	0	7.19331	0	0	2.27283	0	0	0	0	0	0	0	0	0	0	0	0	0	0	0	1.37679	0	0.39988	0	0	0	0	0	0	0	0	0	9.54364	0	0	0	0	0	5.56411	0	7.19615	4.71324	0	0	10.25355	0	0	0	0	0	0	8.9126	0	7.22865	0	9.06683	10.18737	7.52257	3.79717	5.82899	0	0	6.44002	8.6704	7.35375	9.23733	6.21533	4.08769	11.19609	3.26708	0	0	6.39105	6.49843	7.74067	9.67031	9.57095	7.31773	0	0	0	0	0	8.4686	0	9.71314	0	0	0	0	0	0	0	
0	0	0	0	0	0	0	0	0	0	0	0	0	7.122	0	0	0	0	0	5.24979	0	0	0	0	0	2.97003	0	0	0	0	0	0	0	0	8.35216	0	0	7.86895	0	0	10.61904	0	2.68473	12.18282	2.45191	0	0	0	0	0	8.29316	8.06097	0	0	6.03379	0	0	0	0	6.93955	5.21632	0	4.12954	7.8515	7.74384	4.35367	9.79926	4.40064	1.82989	5.83248	7.16999	0	5.85014	6.26156	9.98962	7.33361	6.19094	5.17307	7.17802	5.04092	0	6.49259	9.44887	6.22609	4.01868	0	0	5.92424	2.80911	0	10.02055	0	0	7.91397	0	0	0	0	4.21957	0	
0	0	0	0	0	0	0	6.6759	0	0	0	0	0	0	0	0	0	0	0	0	0	0	8.53221	0	0	0	0	0	9.9515	0	0	0	0	0	10.54558	0	0	3.4035	0	0	0	1.17695	0	0	0	0	6.60434	0	0	0	0	0	10.27155	0	0	0	3.32201	5.93933	0	6.13287	9.06806	0	0	6.72088	0	6.06165	0	8.97312	7.20469	11.34829	8.90512	7.71114	7.81103	5.58053	8.29316	6.59568	7.65361	5.73822	6.91754	6.16426	8.38286	7.7987	4.95463	0	7.08998	0	5.75538	3.3364	0	0	8.3208	9.33437	0	0	0	0	9.05654	0	0	0	
0	0	0	0	0	0	0	0	0.71264	0	0	0	0	0	0	0	0	0	0	0	0	0	0	0	0	0	0	0	0	0	0	0	0	0	0	0	0	5.77533	0	0	0	0	0	0	0	0	0	0	0	5.4316	0	5.41721	0	3.78847	0	0	3.4035	6.86031	0	0	4.31062	0	10.0724	12.17338	6.54879	7.58612	0	0	10.95585	7.55387	0	5.24979	5.40889	10.43243	8.0174	7.98768	0	4.87396	4.9633	8.00452	4.20998	9.83878	6.73333	0.71264	0	0	6.86992	0	0	0	0	0	6.72959	5.96077	10.27899	0	0	0	0	0	
0	0	0	0	0	0	0	11.31847	0	0	0	0	0	0	0	0	0	0	0	0	0	0	0	0	0	0	0	0	0	0	0	0	0	0	0	0	0	5.16587	0	7.93859	0	0	0	0	0	0	0	0	0	0	5.50118	0	0	10.6745	7.81218	0	0	8.23426	9.33147	10.4212	0	1.69408	0	7.32015	8.95899	9.25133	0	0	7.44365	6.04223	7.63103	5.09021	4.54557	8.67568	6.83369	7.84353	7.45169	0	8.54934	8.69832	8.75176	9.78808	5.81719	8.75766	5.96271	0	0	2.61765	0	0	6.8617	0	0	0	0	2.10443	0	0	0	0	
0	0	0	0	0	0	0	0	0	0	0	0	0	0	0	0	0	0	0	0	0	0	0	0	0	10.34531	0	0	0	0	0	0	0	0	0	0	0	7.7588	0	0	0	0	0	0	7.47007	0	0	0	10.42857	0	0	0	0	0	0	0.71264	0	0	0	0	0	0	8.09242	0	0	7.37748	6.88087	9.25579	0.39988	7.32975	4.15509	0	7.82713	0	9.32215	5.83886	3.11525	6.21605	5.39845	6.23811	4.68385	0	5.45814	0	10.58164	7.00486	0	0	0	0	9.50639	0	0	0	0	0	0	0	0	0	
0	0	0	0	0	0	0	0	0	0	0	0	7.92728	0	0	0	0	0	0.39988	0	0	0	0	0	0	0	0	0	0	0	0	0	0	0	0	0	0	0	0	0	0	0	0	0	0	0	0	8.11515	0	0	3.84943	0	9.52088	0	0	0	0	0	0	5.31575	0	0	0	5.83298	5.29743	6.93131	8.81214	0	10.56531	0	0	8.13823	0	0	0	2.86684	7.55083	9.50747	5.94277	5.64256	0	5.209	6.14985	5.93519	6.08802	7.0731	5.84293	0	7.38992	0	0	0	0	7.21177	0	0	0	0	0	0	
0	0	0	0	0	0	0	0	0	0	0	0	0	0	0	0	0	0	0	0	0	0	0	0	0	0	0	0	0	0	0	0	11.40581	0	0	0	0	0	0	0	2.94621	0	0	0	0	0	0	0	0	0	0	0	0	0	0	0	6.24752	0	0	0	9.50294	0	0	4.61893	0	9.15034	0	0	7.40225	0	0	0	8.49821	0	0	5.32068	0	0	4.77494	9.77231	8.63132	6.6804	9.36261	0	6.16158	0	0	0	0.39988	0	7.03952	5.1807	5.56898	0	0	0	0	0	0	0	
0	0	0	0	0	0	0	1.94053	0	0	0	0	0	0	0	0	0	0	0	0	0	0	0	0	0	0	0	7.99567	0	0	0	0	0	0	0	0	0	0	0	0	0	0	0	0	0	0	0	0	0	0	0	0	0	0	0	0	0	0	0	0	0	0	0	0	0	0	0	0	0	0	2.72686	4.89997	5.78214	1.82989	0	9.24603	7.96281	0	8.73171	6.06853	0	8.69585	0	6.02674	0	8.48116	0	9.05913	0	7.58971	0	1.82989	0	0	0	9.44425	0	0	0	0	
0	0	0	0	0	0	0	0	0	0	0	0	0	0	0	0	0	0	0	0	7.93859	0	0	0	0	0	0	0	0	0	4.23923	0	0	0	0	0	0	0	0	0	0	0	0	0	0	0	0	0	0	0	0	0	0	0	0	0	0	0	0	11.39695	0	0	0	0	7.17398	8.89654	5.39921	4.20797	0	0	0	0	0	0	0	0	5.4695	1.37679	0	0	3.79329	0	0	0	4.82343	8.88489	8.15512	4.93381	9.83676	0	9.29819	6.80925	6.91994	9.42426	0	5.41009	0	0	0	0	
0	0	0	0	0	0	0	0	0	0	0	0	0	0	0	0	0	0	0	0	0	0	0	0	0	0	0	0	0	0	0	0	0	0	0	0	0	0	0	0	0	0	0	0	0	0	0	0	3.84943	0	0	0	0	0	0	0	0	0	0	0	0	0	0	0	0	0	0	0	0	8.9783	11.55981	9.08905	7.50132	0	8.28727	6.1356	0	9.30258	9.81646	0	0	8.64471	8.86291	0	4.61959	0	6.88917	0	0	8.30617	0	4.8883	6.12442	0	1.37679	0	0	0	0	0	
0	0	0	0	0	0	0	0	0	0	0	0	0	0	0	8.79937	0	0	0	0	0	0	0	0	0	0	0	0	0	0	0	0	0	0	7.35093	0	0	0	0	0	0	0	0	0	0	0	0	0	0	0	0	0	0	0	0	0	0	0	0	0	0	0	0	0	0	0	0	4.35633	0	0	0	0	0	9.90275	0	0	0	2.2827	0	0	0	4.78185	0	0	6.59637	0	8.0173	4.77784	6.96489	10.23331	8.80782	0	8.68669	0	0	0	0	0	0	0	
0	0	0	0	0	0	0	0	0	0	0	0	0	0	0	0	0	0	0	0	0	0	0	0	0	0	0	0	0	0	0	0	0	0	0	0	0	0	0	0	0	0	0	0	0	0	0	0	8.55199	2.53376	0	0	0	0	0	0	0	0	0	15.56056	0	0	0	0	0	7.11299	0	0	0	0	0	7.61579	0	0	0	0	0	12.26582	0	5.48131	11.65932	0	0	8.57271	0	0	0	0	0	0	0	0	0	0	0	0	0	0	0	0	
0	0	0	0	0	0	0	0	0	0	0	0	0	0	0	0	0	0	0	0	0	0	0	0	0	0	0	0	0	0	0	0	0	0	0	0	0	0	0	0	0	0	0	0	0	0	0	0	0	0	0	0	0	0	0	2.85366	0	0	15.17637	0	0	0	0	0	7.68907	0	0	0	0	0	0	9.96999	0	5.63073	0	0	6.83369	0	0	0	2.71294	7.08299	4.5852	8.29326	0	0	0	9.25887	8.91831	0	5.23763	11.51894	13.11515	0	0	0	0	0	0	0	
0	0	0	0	0	0	0	0	0	0	0	0	0	0	0	0	0	0	0	0	0	0	0	0	0	0	0	0	0	0	0	0	0	0	0	0	0	0	0	0	0	0	0	0	0	0	0	0	0	0	0	0	0	0	0	0	0	0	0	0	0	0	0	0	0	0	0	0	0	0	0	0	0	0	0	0	0	0	0	0	0	0	0	0	0	0	1.54414	0	0	0	0	10.49681	0	0	0	0	0	0	0	0	
0	0	0	0	0	0	0	0	0	0	0	0	0	0	0	0	0	0	0	0	0	0	0	0	0	0	0	0	0	0	0	0	0	0	0	0	0	0	0	0	0	0	0	0	0	0	0	0	0	0	0	0	0	0	0	0	0	0	0	0	0	0	0	0	0	0	0	0	0	0	9.56487	0	0	0	0	0	0	0	0	8.19751	0	0	0	9.30913	0	0	0	0.39988	0	0	5.41458	8.86428	0	0	0	0	0	0	0	0	
0	0	0	0	0	0	0	0	0	0	0	0	0	0	0	0	0	0	0	0	0	0	0	0	0	0	0	0	0	0	0	0	0	0	0	0	0	0	0	0	0	0	0	0	0	0	0	0	0	0	0	0	0	0	0	0	0	0	0	3.68003	0	0	0	0	0	0	0	0	0	0	7.44384	0	0	0	0	0	0	0	0	0	0	0	0	0	0	0	7.31087	0	0	0	0	0	0	0	0	0	0	0	0	0	
0	0	0	0	0	0	0	0	0	0	0	0	0	0	0	0	0	0	0	0	0	0	0	0	0	0	0	0	0	0	0	0	0	0	0	0	0	0	0	0	0	0	0	0	0	0	0	0	0	0	0	0	0	0	0	0	0	0	0	0	0	0	0	0	0	0	0	0	0	7.86144	6.18076	0	0	0	0	0	0	0	8.28284	0	0	0	0	0	0	0	0	0	6.77179	6.33712	0	0	0	0	0	0	0	0	0	0	
0	0	0	0	0	0	0	0	0	0	0	0	0	0	0	0	0	0	0	0	0	0	0	0	0	0	0	0	0	0	0	0	0	0	0	0	0	0	0	0	0	0	0	0	0	0	0	0	0	0	0	0	0	0	0	0	0	0	0	0	0	0	0	0	0	0	0	0	0	0	0	0	0	0	0	0	0	0	0	0	0	0	0	0	0	0	0.96953	0	0	0	0	0	0	0	0	0	0	0	0	0	
0	0	0	0	0	0	0	0	0	0	0	0	0	0	0	0	0	0	0	0	0	0	0	0	0	0	0	0	0	0	0	0	0	0	0	0	0	0	0	0	0	0	0	0	0	0	0	0	0	0	0	0	0	0	0	0	0	0	8.66642	0	0	0	0	0	0	0	0	0	0	0	0	0	0	0	0	8.14639	0	0	0	0	0	0	0	0	0	0	0	0	0	0	0	0	0	0	0	0	0	0	0	0	
0	0	0	0	0	0	0	0	0	0	0	0	0	0	0	0	0	0	0	0	0	0	0	0	0	0	0	0	0	0	0	0	9.97641	0	0	0	0	0	0	0	0	0	0	0	0	0	0	0	0	0	1.37679	0	0	0	0	0	0	0	0	0	0	0	11.15391	0	0	0	0	0	0	0	0	0	0	0	0	2.06829	0	0	0	0	0	0	0	0	0	0	0	0	0	0	0	0	0	0	0	0	0	0	0	0	
0	0	0	0	0	0	0	0	0	0	0	0	0	0	0	0	0	0	0	0	0	0	0	0	0	0	0	0	0	0	0	0	0	0	0	0	0	0	0	0	0	0	0	0	0	0	0	0	0	0	0	0	0	0	0	0	0	0	0	0	0	0	0	0	0	0	0	0	0	0	0	0	0	0	0	0	0	0	0	0	0	0	0	0	0	0	0	0	0	0	0	0	0	0	0	0	0	0	0	0	
0	0	0	0	0	0	0	0	0	0	0	0	0	0	0	0	0	0	0	0	0	0	0	0	0	0	0	0	0	0	0	0	0	0	0	0	0	0	0	0	0	0	0	0	0	0	0	0	0	0	0	0	0	0	0	0	0	0	0	0	0	0	0	0	0	0	0	0	0	0	0	0	0	0	0	0	0	0	0	0	0	0	0	0	0	0	0	0	0	0	0	0	0	0	0	0	0	0	0	0	
0	0	0	0	0	0	0	0	0	0	0	0	0	0	0	0	0	0	0	0	0	0	0	0	0	0	0	0	0	0	0	0	0	0	0	0	0	0	0	0	0	0	0	0	0	0	0	0	0	0	0	0	0	0	0	0	0	0	0	0	0	0	0	0	0	0	0	0	0	0	0	0	0	0	0	0	0	0	0	0	0	0	0	0	0	0	0	0	0	0	0	0	0	0	0	0	0	0	0	0	
0	0	0	0	0	0	0	0	0	0	0	0	0	0	0	0	0	0	0	0	0	0	0	0	0	0	0	0	0	0	0	0	0	0	0	0	0	0	0	0	0	0	0	0	0	0	0	0	0	0	0	0	0	0	0	0	0	0	0	0	0	0	0	0	0	0	0	0	0	0	0	0	0	0	0	0	0	0	0	0	0	0	0	0	0	0	0	0	0	0	0	0	0	0	0	0	0	0	0	0	
0	0	0	0	0	0	0	0	0	0	0	0	0	0	0	0	0	0	0	0	0	0	0	0	0	0	0	0	0	0	0	0	0	0	0	0	0	0	0	0	0	0	0	0	0	0	0	0	0	0	0	0	0	0	0	0	0	0	0	0	0	0	0	0	0	0	0	0	0	0	0	0	0	0	0	0	0	0	0	0	0	4.11177	0	0	0	0	0	0	0	0	0	0	0	0	0	0	0	0	0	0	
0	0	0	0	0	0	0	0	0	0	0	0	0	0	0	0	0	0	0	0	0	0	0	0	0	0	0	0	0	0	0	0	0	0	0	0	0	0	0	0	0	0	0	0	0	0	0	12.70874	0	0	0	0	0	0	0	0	0	0	0	0	0	0	0	0	0	0	0	0	0	0	0	0	0	0	9.32745	0	0	0	0	0	0	0	0	0	0	0	0	0	0	0	0	0	0	0	0	0	0	0	0	0	
