0	0	0	0	0	0	0	0	0	0	0	0	0	0	0	0	0	0	0	0	0	0	0	0	0	0	0	0	0	0	0	0	0	0	0	0	0	0	0	0	0	0	0	0	0	0	0	0	0	0	0	9.20031	0	0	0	0	0	0	0	0	0	0	0	0	0	0	0	0	0	0	0	0	0	0	0	0	0	0	0	0	0	0	0	0	0	0	0	0	0	0	0	0	0	0	0	0	0	0	0	0	
0	0	0	0	0	0	0	0	0	0	0	0	0	0	0	0	0	0	0	0	0	0	0	0	0	0	0	0	0	0	0	0	0	0	0	0	0	0	0	0	0	0	0	0	0	0	0	14.1819	0	0	0	0	0	0	0	0	0	0	0	0	0	0	0	11.54295	0	0	0	0	0	0	0	0	0	0	0	0	0	0	0	0	0	0	0	0	0	0	0	0	0	0	0	0	0	0	0	0	0	0	0	0	
0	0	0	0	0	0	0	0	0	0	0	0	0	0	0	0	0	0	0	0	0	0	0	0	0	0	0	0	0	0	0	0	0	0	0	0	0	0	0	0	0	0	0	0	0	0	0	0	0	0	0	0	0	0	9.40048	0	0	0	0	0	0	0	0	0	0	0	0	0	0	0	0	0	0	0	0	0	0	0	0	0	0	0	0	0	0	0	0	0	0	0	0	0	0	0	0	0	0	0	0	0	
0	0	0	0	0	0	0	0	0	0	0	0	0	0	0	0	0	0	0	0	0	0	0	0	0	0	0	0	0	0	0	0	0	0	0	0	0	0	0	0	0	0	0	0	0	0	11.74082	10.23023	0	0	0	0	0	0	0	0	0	0	0	0	0	0	0	0	0	0	0	0	0	0	0	0	0	0	0	0	0	0	0	0	0	0	0	0	0	0	0	0	0	0	0	0	0	0	0	0	0	0	0	0	
0	0	0	0	0	0	0	0	0	0	0	0	0	0	0	0	0	0	0	0	0	0	0	0	0	0	0	0	0	0	0	0	0	0	0	0	0	6.41042	0	0	0	0	0	11.90684	0	0	0	0	0	0	0	0	0	0	0	0	0	0	0	0	0	0	0	0	0	0	0	0	0	0	0	0	0	0	0	0	0	0	0	0	0	0	0	0	0	0	0	0	0	0	0	0	0	0	0	0	0	0	0	0	
0	0	0	0	0	0	0	0	0	0	0	0	0	0	0	0	0	0	0	0	0	0	0	0	0	0	0	0	0	0	0	0	0	0	0	0	0	0	0	0	0	0	0	0	0	0	0	0	0	0	0	0	0	0	0	0	0	0	0	0	0	0	0	0	0	0	0	0	0	0	0	0	7.60308	0	0	0	0	0	0	0	0	0	0	0	0	0	0	0	0	0	0	0	0	0	0	0	0	0	0	0	
0	0	0	0	0	0	0	0	0	0	0	0	0	0	0	0	0	0	0	0	0	0	0	0	0	0	0	0	0	0	0	0	0	0	0	0	0	0	0	0	0	0	0	0	0	0	0	0	0	0	0	0	0	0	0	0	0	0	0	0	0	0	0	0	0	0	0	0	0	0	0	0	0	0	9.57512	0	0	0	0	0	0	0	0	0	0	0	0	0	0	0	0	0	0	0	0	0	0	0	0	0	
0	0	0	0	0	0	0	0	0	0	0	0	0	0	0	0	0	0	0	0	0	0	0	0	0	0	0	0	0	0	0	0	0	0	0	0	0	0	0	0	0	0	0	0	0	0	0	0	0	0	0	9.99412	0	0	0	11.26818	0	0	6.44454	0	0	0	0	0	0	0	0	0	0	0	0	0	0	0	0	0	0	0	0	0	0	0	0	0	0	0	0	0	0	0	0	0	0	0	0	0	0	0	0	0	
0	0	0	0	0	0	0	0	0	0	0	0	0	0	0	0	0	0	0	0	0	0	0	0	0	0	0	0	8.89477	0	0	0	0	0	0	0	0	0	0	0	0	0	0	0	0	0	0	0	0	0	0	0	0	0	0	0	0	0	0	0	0	0	0	0	0	0	0	7.23888	0	0	0	0	0	0	0	0	0	0	0	0	0	0	0	0	0	0	0	0	0	0	0	0	0	0	0	0	0	0	0	0	
0	0	0	0	0	0	0	0	0	0	0	0	0	0	0	0	0	0	0	0	0	0	0	0	0	0	0	0	0	0	0	0	0	0	0	0	0	0	0	0	0	0	0	0	0	0	0	0	0	0	0	0	0	0	0	5.97624	0	0	0	0	0	0	0	0	0	0	0	0	0	0	0	0	0	0	0	0	0	0	0	0	0	0	0	0	0	0	0	0	0	0	0	0	0	0	0	0	0	0	0	0	
0	0	0	0	0	0	0	0	0	0	0	0	0	0	0	0	0	0	0	0	0	0	0	0	0	0	0	0	0	0	0	0	0	0	0	0	0	0	0	0	0	0	0	0	0	0	0	0	0	0	0	0	0	0	0	0	0	0	0	0	0	0	0	0	0	0	0	10.00855	0	0	0	0	0	0	0	0	0	0	0	0	0	0	0	0	0	0	0	0	0	0	0	0	0	0	0	0	0	0	0	0	
0	0	0	0	0	0	0	0	0	0	0	0	0	0	0	0	0	0	0	0	0	0	0	0	0	0	0	0	0	0	0	0	0	0	0	0	0	0	0	0	0	0	0	0	0	0	0	0	0	0	0	0	4.47465	0	0	0	2.13908	0	0	0	0	0	0	0	0	0	0	0	0	0	0	1.60222	0	0	0	0	0	0	0	0	0	0	0	0	0	0	0	0	0	0	0	0	0	0	0	0	0	0	0	0	
0	0	0	0	0	0	0	0	0	0	0	0	0	0	0	0	0	0	0	0	0	0	0	0	0	0	0	0	0	0	0	0	0	0	0	0	0	0	0	0	0	0	0	0	0	0	0	0	7.86127	0	0	0	12.57848	0	0	0	0	0	0	0	0	0	0	0	0	0	0	4.61825	0	0	0	0	0	0	0	0	0	0	0	0	0	0	0	0	0	0	0	0	0	0	0	0	0	0	0	0	0	0	0	0	
0	0	0	0	0	0	0	0	0	0	0	0	0	0	0	0	0	0	0	0	0	0	0	0	0	0	0	0	0	0	11.23322	0	0	0	0	0	0	0	0	5.08185	0	0	0	0	0	0	0	9.48137	0	0	0	0	0	0	0	0	0	5.92881	2.5716	0	9.69023	0	0	12.22891	0	0	0	0	0	0	0	0	0	0	0	0	0	0	0	0	0	0	0	0	0	0	0	0	0	0	0	0	0	0	0	0	0	0	0	0	
0	0	0	0	0	0	0	0	0	0	0	0	0	0	0	0	0	0	0	0	0	0	0	0	0	0	0	0	0	0	0	0	0	0	0	0	0	0	0	0	0	0	0	0	0	0	0	0	0	0	0	0	0	0	6.22276	0	0	0	0	0	0	0	0	0	0	0	0	0	0	0	0	0	0	0	0.36838	0	0	0	0	0	0	0	0	0	0	0	0	0	0	0	0	0	0	0	0	0	0	0	0	0	
0	0	0	0	0	0	0	0	0	0	0	0	0	0	0	0	0	0	0	0	0	0	0	0	0	0	0	0	0	0	0	0	0	0	0	0	0	0	0	0	0	0	15.80049	0	0	0	0	0	0	0	0	0	10.15854	0	0	0	0	0	0	10.42436	0	0	0	0	0	0	0	0	0	0	0	4.93868	0	0	0	0	0	0	0	0	0	0	0	0	0	0	0	0	0	0	0	0	0	0	0	0	0	0	0	0	
0	0	0	0	0	0	0	0	0	0	0	0	0	0	0	0	0	0	0	0	0	0	0	0	0	0	0	0	0	0	0	0	0	0	0	0	0	0	0	0	0	0	0	6.39259	0	0	0	13.43805	0	0	0	8.14546	0	0	0	0	0	0	5.27837	0	0	0	0	0	0	0	0	0	0	0	0	0	0	0	0	0	0	0	0	0	0	0	0	0	0	0	0	0	0	0	0	0	0	0	0	0	0	0	0	0	
0	0	0	0	0	0	0	0	0	0	0	0	0	0	0	0	0	0	0	0	0	0	0	0	0	0	0	0	0	0	0	0	0	0	0	0	0	0	0	0	0	0	9.53948	0	0	0	0	0	0	0	0	0	0	0	0	8.47633	0	0	0	0	0	0	0	0	0	0	0.36838	0	0.36838	0	0	0	0	0	0	0	0	0	0	0	0	0	0	0	0	0	0	0	0	0	0	0	0	0	0	0	0	0	0	0	
0	0	0	0	0	0	0	0	0	0	0	0	0	0	0	0	0	0	0	0	0	0	0	0	0	0	0	0	0	0	0	0	0	0	0	0	0	0	0	0	12.59262	0	0	0	0	0	0	0	0	0	0	0	0	0	0	0	0	0	0	0	0	0	0	0	0	0	0	0	0	0	0	0	0	0	0	0	0	0	0	0	0	0	0	0	0	0	0	0	0	0	0	0	0	0	0	0	0	0	0	0	
0	0	0	0	0	0	0	0	0	0	0	0	0	0	0	0	0	0	0	0	0	0	0	0	0	0	0	0	0	0	0	0	0	0	0	0	0	0	0	0	0	0	0	0	0	0	0	10.25819	0	0	5.28289	0	0	0	0	0	0	0	0	0	0	0	0	0	0	0	0	0	0	0	0	0	0	0	0	0	8.53408	0	0	0	0	0	0	0	0	0	0	0	0	0	0	0	0	0	0	0	0	0	0	0	
0	0	0	0	0	0	0	0	0	0	0	0	0	0	0	0	0	0	0	0	0	0	0	0	0	0	0	0	0	0	0	0	0	0	0	0	0	0	0	0	0	0	0	0	0	0	0	8.20632	0	0	8.75413	11.15588	0	0	0	0	6.26937	0	8.83262	0	8.60153	0	0	0	0	9.8746	0	0	0	0	0	0	0	0	0	0	0	0	0	0	0	0	0	0	0	0	0	0	0	0	0	0	0	0	0	0	0	0	0	0	
0	0	0	0	0	0	0	0	0	0	0	0	0	0	0	0	0	0	0	0	0	0	0	0	0	0	0	0	0	0	0	0	0	0	0	0	0	0	0	0	0	9.42632	0	0	0	0	0	0	0	0	0	0	0	0	0	0	0	0	0	0	0	0	0	0	0	0	0	0	0.66148	0	0	0	0	0	0	0	0	0	0	0	0	0	0	0	0	0	0	0	0	0	0	0	0	0	0	0	0	0	0	0	
0	0	0	0	0	0	0	0	0	0	0	0	0	0	0	0	0	0	0	0	0	0	0	0	0	0	0	0	0	0	0	9.11736	0	0	0	0	0	0	0	0	0	0	0	0	0	0	0	11.16925	0	0	0	0	0	0	0	0	0	0	0	0	0	0	0	1.29531	0	0	0	3.48289	0	0	0	0	0	0	0	0	0	0	0	0	0	0	0	0	0	0	0	0	0	0	0	0	0	0	0	0	0	0	0	0	
0	0	0	0	0	0	0	0	0	0	0	0	0	0	0	0	0	0	0	0	0	0	0	0	0	0	0	0	0	0	0	13.47034	0	0	0.66148	0	0	0	0	0	0	0	0	0	0	0	0	0	0	0	0	0	0	0	0	0	0	0	0	0	0	0	0	0	0	0	0	0	0	0	0	0	0	0	0	0	0	0	0	0	0	0	0	0	0	0	0	0	0	0	0	0	0	0	0	0	0	0	0	0	
0	0	0	0	0	0	0	0	0	0	0	0	0	0	0	0	0	0	0	0	0	0	0	0	0	0	0	0	0	0	0	0	0	0	0	0	0	0	0	0	0	0	0	10.26127	0	0	0	0	0	13.2905	0	0	0	0	10.20051	0	0	0	0	0	0	0	0	0	0	0	0	0	0	0	0	0	0	0	0	0	0	0	0	1.54902	0	0	0	0	0	0	0	0	0	0	0	0	0	0	0	0	0	0	0	0	
0	0	0	0	0	0	0	0	0	0	0	0	0	0	0	0	0	0	0	0	0	0	0	0	0	0	0	0	0	0	0	0	8.21764	0	0	0	0	0	0	0	0	0	0	0	0	0	0	4.4934	0	0	6.79893	1.84932	0	0	0	0	0	0	8.89301	0	0	0	0	0	0	0	0	0	0	0	6.70401	0	0	0	0	0	0	0	0	0	0	0	0	0	0	6.84061	0	0	0	0	0	0	0	0	0	0	0	0	0	0	
0	0	0	0	0	0	0	0	0	0	0	0	0	0	0	0	0	0	0	0	0	0	0	0	0	0	0	0	0	0	0	0	0	0	0	0	0	0	0	10.16805	0	0	0	0	14.47783	0	4.29392	0	0	0	0	0	0	0	0	0	0	0	0	0	0	0	0	0	0	0	0	0	0	1.96669	0	0	0	0	0	0	0	0	0	0	0	0	0	0	0	0	0	0	0	0	0	0	0	0	0	0	0	0	0	0	
0	0	0	0	0	0	0	0	0	0	0	0	0	0	0	0	0	0	0	0	0	0	0	0	0	0	0	0	0	0	0	0	0	0	0	9.6423	0	0	0	0	0	0	0	0	0	0	0	8.00542	0	0	0	0	0	7.6687	0	0	0	0	0	0	9.52929	0	0	0	0	0	0	0	0	0	0	0	0	0	0	0	0	0	0	0	0	0	0	0	0	0	0	0	0	0	0	0	0	0	2.5716	0	0	0	0	0	
0	0	0	0	0	0	0	0	0	0	0	0	0	0	0	0	0	0	0	0	0	0	0	0	0	0	0	0	0	0	0	0	0	0	0	0	0	0	0	0	0	15.30788	0	0	0	0	0	0	0	0	0	0	0	0	0	0	0	0	0	0	0	0	0	0	0	0	0	4.92493	0	0	0	7.23924	0	0	0	0	0	0	0	0	0	0	0	0	0	0	0	0	0	0	0	0	0	0	0	0	0	0	0	0	
0	0	0	0	0	0	0	0	0	0	0	0	0	0	0	0	0	0	0	0	0	0	0	0	0	0	0	0	0	0	0	0	0	0	0	0	0	0	0	0	9.2411	0	0	0	9.60399	0	0	5.3801	0	0	4.41689	13.05055	0	0	0	10.12285	0	0	7.80422	0	2.94296	0	0	0	0	0	0	0	0.66148	0	0	0	0	0	0	0	0	0	0	0	0	0	0	0	0	0	0	0	0	0	0	0	0	0	0	0.90504	0	0	0	0	
0	0	0	0	0	0	0	0	0	0	0	0	0	0	0	0	0	0	0	0	0	0	0	0	0	0	0	0	0	0	0	0	0	0	0	0	0	0	0	0	0	0	0	0	15.56209	0	0	0	0	0	0	0	4.86859	0	0	0	0	8.42842	0	0	0	4.20571	0	0	0	0	0	0	0	0	0	0	0	0	0	0	0	0	0	0	0	0	0	0	0	0	0	0	0	0	0	0	0	0	0	0	0	0	0	0	
0	0	0	0	0	0	0	0	0	0	0	0	0	0	0	0	0	0	0	0	0	0	0	0	0	0	0	0	0	0	0	0	0	0	0	0	0	0	0	0	0	0	0	9.78517	0	0	13.20416	0	0	0	7.82101	0	0	0	0	0	0	0	0	5.37262	0	0	0	0	8.51241	0	0	3.98497	0	0	0	0	10.12624	0	0	0	2.2574	0	0	0	0	0	0	0	0	0	0	0	0	0	0	0	0	0	0	0	0	0	0	0	
0	0	0	0	0	0	0	0	0	0	0	0	0	0	0	0	0	0	0	0	0	0	0	0	0	0	0	0	0	0	0	0	0	0	0	0	0	0	0	0	0	0	0	0	2.22903	0.36838	0	9.97392	0	0	0	9.15699	7.63931	0	0	9.34671	0	0	0	0	0	0	0	0	0	0	0	6.8924	0	0	0	0	0	12.11225	0	0	0	0	0	0	0	0	0	0	0	0	0	0	0	0	0	0	0	0	0	0	0	0	0	0	
0	0	0	0	0	0	0	0	0	0	0	0	0	0	0	0	0	0	0	0	0	0	0	0	0	0	0	0	0	0	0	0	0	0	0	0	0	15.95038	0	0	0	0	0	0	0	0	0	0	0	0	0	4.46993	0	0	11.77523	0	6.60403	0	0	2.07022	0	2.5716	0	0	0	0	0	0	0	0	0	0	0	0	5.95325	1.60222	0	0	0	0	0	0	0	0	0	0	0	0	0	0	0	0	0	0	0	0	0	0	0	0	
0	0	0	0	0	0	0	0	0	0	0	0	0	0	0	0	0	0	0	0	0	0	0	0	0	0	0	0	0	0	0	0	0	0	0	0	0	0	0	0	0	0	14.16274	0	0	10.16878	0	11.57782	0	0	9.29086	0	10.66201	0	9.13538	0	0	0	0	0	0	0	0	9.58718	0	0	0	3.32436	0	0	8.1689	0	0	0	0	0	0	0	4.56606	0	0	0	0	0	0	0	0	0	0	0	0	0	0	0	0	0	0	0	0	0	
0	0	0	0	0	0	0	0	0	0	0	0	0	0	0	0	0	0	0	0	0	0	0	0	0	0	0	0	0	0	0	0	0	0	0	0	0	0	0	0	0	0	0	0	0	0	0	10.13485	8.99933	0	0	8.94417	0	0	0	0	0	0	0	0	0	0	0	0	0.66148	0	0	0	0	0	0	0	0	0	0	0	0	0	0	0	0	0	0	0	0	0	0	0	0	0	4.68503	0	0	0	0	0	0	0	0	0	
0	0	0	0	0	0	0	0	0	0	0	0	0	0	0	0	0	0	0	0	0	0	0	0	0	0	0	0	0	0	0	0	0	0	0	0	0	0	0	0	0	0	0	0	0	0	0	12.02028	0	0	0	0	11.54548	0.36838	0	0	0	0	10.05964	13.54635	0	0	0	0	0	0	0	0	0	0	0	0	0	0	0	0	0	0	0	0	0	0	0	0	0	0	0	0	0	0	0	0	0	0	0	0	0	0	6.90996	0	
0	0	0	0	0	0	0	0	0	0	0	0	0	0	0	0	0	0	0	0	0	0	0	0	0	0	0	0	0	0	0	0	0	0	0	0	0	0	0	0	0	0	6.93418	0	0	0	0	0	0	8.86673	0	6.24875	0	8.87346	0	0	0	0	0	0	0	0	0	0	11.84909	0	0	0	0	0	0	0	0	0	0	0	11.22501	0	0	0	0	0	0	0	0	0	0	0	0	0	0	0	0	0	0	0	0	0	0	0	
0	0	0	0	0	0	0	0	0	0	0	0	10.97299	0	0	0	0	0	0	0	0	0	0	0	0	0	0	0	0	0	8.83354	0	0	0	0	0	0	0	0	0	0	0	8.59994	0	0	0	0	5.33153	0	0	12.59479	0	0	3.32436	5.68145	0	8.78685	0	0	0	0	0	0	8.51355	6.7747	7.97405	0	0	0	0	0	0	0	0	0	0	0	0	0	0	0	0	0	0	0	0	0	0	0	0	0	0	0	0	0	0	0	0	0	0	
0	0	0	0	0	0	0	0	0	0	0	0	0	0	0	0	0	0	0	0	0	0	0	0	0	0	0	0	0	0	0	0	0	0	0	0	0	0	0	0	0	0	0	0	0	11.49968	1.11337	0	2.42304	13.3806	2.16684	8.88182	7.7638	0	9.76891	5.50757	0	0	0	0	13.11379	0	0	0	0	0	0	0	0	5.04456	0	0	0	0	0	0	1.92695	0	0	0	0	0	0	0	0	0	0	0	0	0	0	0	0	0	0	0	0	0	0	0	
0	0	0	0	0	0	0	0	0	0	0	0	0	0	0	9.85435	0	0	0	0	0	0	0	0	0	0	0	0	0	0	0	0	0	0	0	1.29531	11.13364	0	0	0	0	0	0	0	0	10.26024	7.8254	8.32883	1.60222	8.92012	0	0	4.56606	0	10.66666	0	0	0	0	5.37262	0	5.94933	0	6.13394	0	7.54135	0	0	11.29899	0	7.34368	0	0	0	0	10.06942	0	0.66148	0	3.61479	0	0	0	0	0	0	0	0	0	0	7.52777	0	0	0	0	0	0	0	0	0	
0	0	0	0	0	0	0	0	0	0	0	0	0	0	0	0	0	0	0	0	0	0	0	0	0	0	12.32487	0	0	0	0	5.50788	0	0	4.22827	0	0	0	0	0	11.47377	0	0	0	0	0	0	0	7.53245	4.87333	1.60222	9.8315	9.44991	0	11.65884	0	7.17099	0	0.90728	0	0.66148	8.46694	0	0	0	6.87463	0	0	0	0	0	0	0	9.65381	0	0	0	0	0	0	0	0	0	0	0	0	0	0	0	0	0	0	0	0	0	0	0	0	0	0	
0	0	0	0	0	0	0	0	0	0	0	0	0	0	0	0	0	0	0	12.35666	0	0	0	0	0	0	0	0	0	0	0	0	0	0	0	0	0	0	0	0	0	0	0	13.04041	0	0	10.65291	13.77249	11.28173	0	8.43207	7.78362	11.26068	0	0	0	13.37508	0	0	7.61191	4.65302	0	0	12.40047	0	7.80046	0	8.18051	0	0	0	0	0	0	0	0	0	0	0	0	0	0	0	0	0	0	0	0	0	0	6.66087	0	0	0	0	0	0	0	0	0	
0	0	0	0	0	0	0	0	0	0	0	0	8.50318	0	0	0	0	0	0	10.38002	0	0	0	0	0	0	0	0	0	0	0	0	0	6.48049	0	0	0	0	0	0	0	7.43624	12.99756	0	8.49598	0	0	2.82678	10.7134	0	1.60222	7.6508	6.37445	5.48163	9.05333	8.31045	5.06124	4.73034	7.66107	0	0	0	0	0	4.88288	0	0	0	0	0	0	0	0	0	0	0	0	0	11.1767	0	0	0	0	0	0	0	0	0	0	0	0	0	0	0	0	0	0	0	0	0	
0	0	0	0	0	0	0	0	0	0	0	0	0	0	0	0	0	0	0	0	0	0	0	13.721	0	0	0	0	0	0	0	0	0	0	0	0	0	0	11.80989	0	0	0	7.75088	9.90468	0	0	10.91465	4.92888	0	9.9225	8.24832	7.57691	0	0	0	0	0	5.16845	13.43318	11.04129	10.9207	0	0	0	7.72114	0	0	0	0	0	0	0	0	0	0	0	0	0	0	0	0	0	0	0	0	0	0	0	0	0	0	0	0	0	0	0	0	0	0	0	
0	0	7.50946	0	0	0	0	0	0	0	0	0	0	0	0	0	0	0	0	0	0	0	0	0	0	0	0	0	0	0	0	0	0	0	0	0	0	0	0	0	9.59774	0	0	0	0	9.29954	0	8.85736	9.57457	11.13372	0	8.60153	9.90818	8.92832	0	10.60171	0	0	5.06941	0	7.90246	0	7.93514	10.18977	0	0	0	0	0	0	0	7.78423	0	0	0	0	1.29531	0	0	0	0	0	0	0	0	0	0	0	0	0	0	0	0	0	0	0	0	0	0	0	
0	0	0	0	0	0	0	0	0	0	0	9.01726	0	0	0	0	0	0	0	0	0	0	0	0	0	0	0	0	0	0	0	0	7.83026	0	0	0	0	8.5108	12.49268	5.06941	2.2574	7.77769	0	0	11.74285	7.28664	10.90691	5.19847	10.42623	0	13.2837	0	0.91265	3.9904	0	10.22798	3.88648	8.7837	0	0	0	0	0	0	0	0	0	5.908	0	0	0	0	3.09803	0	0	4.56606	0	0	10.96083	0	0	0	0	0	0	0	0	0	0	0	0	0	0	0	0	7.20708	0	0	0	0	
0	0	0	0	0	0	0	0	0	0	0	0	0	0	0	0	0	0	0	0	0	0	0	0	0	0	0	0	0	0	0	0	0	0	3.69215	7.9032	0	0	0	3.8165	0	13.16023	0	10.2278	14.40139	9.35817	7.34037	7.76479	1.44368	11.34771	10.78878	10.74967	0	8.41373	0	0	6.08031	0	0	3.93176	7.65813	0	0	0	0	0	0	0	0	0	0	0	0	0	0	0	0	0	3.84598	0	0	0	0	0	0	0	0	10.72807	0	0	0	0	0	0	0	0	0	0	0	0	
0	0	0	0	0	0	0	0	9.48547	0	8.74829	0	0	0	0	0	0	0	0	0	0	0	0	0	0	0	9.48313	0	0	0	0	0	0	0	0	0	0	11.35549	12.16309	0	10.2916	7.3281	0	8.07554	0	11.56059	7.74677	7.95572	7.83477	8.58071	0	8.47417	0	0	0	0	7.3561	1.11337	0	0	0	0	1.60222	0	0	0	12.08141	0	0	0	0	0	0	0	0	0	0	0	0	0	0	0	0	0	0	0	0	0	0	0	0	0	0	3.19287	0	0	0	0	0	0	
0	0	0	0	0	0	0	0	0	0	0	10.16403	0	0	11.08734	0	0	0	0	0	0	0	0	0	0	0	0	0	0	0	0	10.74087	0	0	9.1294	0	10.09512	0	0	8.94188	0.90504	0	10.64806	9.7567	10.58021	6.1987	10.17834	8.27151	4.98424	8.21406	6.38184	10.58602	8.41662	8.74292	0	5.91497	10.44121	0	0	6.3551	7.49325	3.53733	0	8.48104	0	0	0	0	0	0	0	0	0	0	0	6.94572	0	0	0	0	0	0	0	4.82484	0	0	0	0	0	0	0	0	0	0	0	0	0	0	0	0	
0	0	0	0	0	0	0	0	0	0	0	0	13.20505	0	0	0	0	0	0	0	0	0	0	0	0	0	0	0	0	9.16566	0	0	8.93819	0	11.87479	0	13.52216	0	11.98086	11.20346	11.12078	9.40853	6.44503	7.185	8.44933	4.9068	9.99726	10.32853	9.68931	8.56525	9.34829	12.27138	9.8292	5.91316	4.5801	6.56268	10.18111	0	0	7.09629	7.04637	0	0	0	0	0	0	0	0	0	0	0	0	9.6968	0	0	0	0	0	0	9.81669	0	0	0	0	0	0	0	0	0	0	0	0	0	0	0	0	0	0	0	
0	0	0	0	0	0	0	13.15048	0	0	0	9.99915	0	0	0	0	0	0	0	0	0	0	0	0	0	0	0	8.22327	0	0	2.94296	0	10.8581	0	0	0	11.97472	9.49597	6.59745	8.89	9.61616	4.83648	0	9.687	9.53194	10.00818	8.58823	7.18341	10.5441	10.45766	4.61786	9.33911	9.08292	9.66522	7.64548	5.3595	10.56728	4.8614	6.85664	8.99358	6.40531	11.38513	3.8165	0	10.72881	0	0	0	0	0	0	0	0	9.16127	0	0	0	0	0	0	0	0	0	0	0	0	0	0	0	0	0	0	0	0	0	0	0	0	0	0	
11.34778	0	0	0	0	0	0	0	8.75224	0	0	0	8.54423	0	0	0	0	0	0	0	0	0	0	0	12.09259	0	0	8.2497	0	0	0	0	14.66357	0	10.44601	7.70313	0	5.45146	10.4483	8.07421	8.19491	9.42399	4.93754	10.4991	11.06508	10.02076	7.97116	10.15877	6.20746	3.2646	10.42389	5.24406	5.43926	5.21143	11.22683	7.88798	11.436	7.44761	0	10.1744	0	2.5716	0	5.12125	0	7.0045	0	0	0	0	0	0	0	0	0	0	0	0	0	0	0	0	3.80597	0	0	2.71592	0	0	0	0	0	0	0	0	0	0	0	0	0	0	
0	0	0	11.57453	0	0	0	0	0	0	0	0	0	0	0	0	0	0	9.79039	0	0	12.15087	0	5.10642	11.19819	10.89206	0	0	9.69995	11.16139	11.76451	0	12.28943	0	0	0	0	9.53695	11.68866	7.90894	8.80841	5.85954	8.3797	9.39439	9.32567	9.69142	7.75757	9.47054	8.99936	5.63203	9.71524	7.05044	10.51387	7.21511	5.92809	9.22069	0	4.06898	5.09114	8.03183	0	1.45691	10.14674	0	0	0	0	0	0	2.70631	0	0	2.99653	0	1.45691	6.12795	12.07422	1.13455	0	0.36838	0	0	0	0	0	0	0	0	0	0	0	0	0	0	0	0	0	0	0	0	
9.68013	0	0	0	10.43652	8.59877	0	0	0	0	0	0	0	0	0	0	0	9.01076	0	0	0	0	0	0	10.60198	0	8.65895	8.0595	0	13.0917	10.13689	0	0	0	10.79076	9.78707	6.17402	11.15525	10.87852	9.74106	8.18505	9.09542	9.75145	9.09668	9.11835	9.35664	9.61963	8.24105	7.36867	10.46585	4.02158	10.12187	8.86538	7.54786	8.65943	10.41176	9.25085	3.28114	7.6186	7.64828	14.23002	0	3.84079	8.09562	10.31331	11.34778	8.56813	0	0	0	0	0	0	0	5.44184	0	0	0	0	0	0	0	0	0	0	0	0	0	0	0	0	0	0	0	0	0.36838	0	0	0	0	
0	0	0	0	0	0	0	0	4.91105	0	6.98475	0	0	0	0	0	7.51864	13.91715	10.42954	6.19249	11.04923	6.1421	0	0	0	12.727	0	8.08484	6.15999	11.08328	0	10.17206	10.62794	7.53055	8.75242	12.04274	7.24851	7.42846	9.76227	9.65929	9.12768	8.56464	5.156	8.11266	9.22855	8.24058	8.36143	8.21453	8.13001	7.04755	7.75841	11.18928	7.75097	6.1819	5.09103	6.87709	4.67364	9.27739	0	10.90765	5.54776	9.14801	7.29279	0	6.17143	10.9059	4.11174	0	0	0	0	5.37262	0	0	6.3704	0	0	0	8.60261	0	0	0	0	0	0	10.12511	0	0	0	0	0	0	0	0	0	0	0	0	0	0	
0	9.77035	0	0	2.34258	6.62543	0	0	0	0	0	0	0	0	6.34997	9.38424	0	10.34237	8.75387	0	10.8337	0	3.23804	0	0	0	0	0	10.06534	11.00295	7.65284	0	11.74486	7.68657	9.85887	6.68891	8.96325	8.26712	7.91829	9.0248	8.90911	8.82329	8.63503	7.67438	8.91756	7.67436	7.98558	9.12592	8.37447	7.31865	6.93507	7.71795	6.93018	6.96877	8.20097	6.21103	3.32436	7.16667	7.69331	4.65837	0	9.4011	0	12.05964	10.14721	0.36838	7.06022	9.68371	0	0	0	0	0	0	0	0	0	0	0	0	9.72806	0	0	0	0	0	0	0	0	0	0	0	0	0	0	0	0	0	0	0	
0	12.24637	8.92875	0	8.21842	0	0	0	0	0	6.69594	0	0	0	8.6155	2.64053	0	7.64771	0	0	5.97624	5.27846	8.37373	8.58394	8.32753	8.12748	0	5.25915	9.05167	7.34504	11.8665	10.6813	10.60547	10.48508	9.51558	10.05556	8.59798	7.63075	8.42804	8.58873	7.0162	8.03855	7.84457	6.24863	7.66684	7.17241	8.25436	7.3761	9.04774	8.31569	7.33245	8.40317	8.115	6.58095	6.73911	6.20195	7.40707	4.9252	7.96486	5.88688	0	6.99888	9.66188	8.60142	1.50446	0	0.66148	0	0	0	0	5.31	0	0	9.11358	0	7.37941	0	0	0	0	0	0	4.68582	0	1.57312	0	0	0	0	0	0	0	0	0	0	0	0	0	0	
0	0	0	0	0	0	0	0	6.61691	0	8.40509	11.84704	0	0	0	0	0	0	10.34753	0	3.44487	0	0	0	0	5.15434	10.54278	0	0.66148	8.30647	6.94204	6.87821	7.42651	8.01843	9.80656	8.93216	7.87028	9.7342	8.44308	9.61971	5.73089	7.39392	8.46417	7.09019	6.88984	8.21473	6.95605	7.48262	8.13137	8.41001	8.13707	7.9526	7.27563	7.07634	7.28673	8.37043	8.15957	8.19292	8.67729	7.34175	9.66609	4.59065	9.30826	6.08341	0	7.7949	0	8.54066	0	0	0	0	0	0	0	0	0	0	0	0	0	7.21685	0	0	0	0	0	6.78518	4.45565	7.10241	0	0	0	0	0	0	0	0	0	0	
0	0	0	0	0	0	0	0	12.35706	7.88986	3.54029	1.73418	0	12.68485	0	0	0	4.53019	5.65671	4.56378	0	0	0.66148	7.94765	6.59103	4.88288	9.94313	8.79384	4.98769	9.18558	0	6.62157	4.57711	4.02261	5.18368	8.50632	9.24212	7.23272	5.47045	5.70083	6.99983	8.04288	8.20784	8.21281	5.8992	7.08442	7.62942	7.71649	6.52547	9.26152	7.83136	6.68464	7.06032	6.64826	8.67749	7.43675	7.19816	11.03984	9.95375	5.81171	6.18159	8.73256	7.31916	3.19287	5.9568	9.49399	9.66832	0	0	0	0	0	0	8.70369	9.05404	0	0	0	12.84673	0	0	0	0	0	0	0	0	0	7.95557	0	3.51994	0	0	0	0	0	0	0	0	0	
0	0	10.04237	7.68694	0	5.04419	0	0	6.37546	0	0	0	0	0	0	0	0	7.22458	0	0	0	0	0	10.86148	0	8.84363	0	9.63619	6.80879	7.8695	0	8.37119	0	7.61811	5.37015	8.88462	7.41227	6.81744	2.99819	8.25832	7.32049	8.27464	7.70954	7.58745	8.05136	7.66028	6.87315	7.91724	7.3972	7.87632	7.88645	7.6608	8.17523	7.15474	7.08519	4.94144	7.12874	7.11498	6.35186	5.70994	10.65483	8.40287	4.78674	7.80234	5.10111	0	0	4.65053	4.92493	4.25115	4.34528	0	7.16223	0	0	0	5.33612	0	0	0	0	0	4.2625	0	0	0	0	0	0	0	0	0	0	0	0	0	0	0	0	0	
0	0	0	0	0	0	0	0	0	0	10.35332	9.98307	8.23556	0	10.61836	0	0	5.04419	0	9.32397	0	0	0	0	0	0	3.44487	2.88735	6.761	0	7.84676	7.70743	6.3805	7.07121	3.60117	8.7124	9.26652	7.00537	7.45017	9.55591	8.74645	5.13198	5.24767	6.11757	6.03973	7.81624	4.79123	6.84784	7.38975	5.86849	7.39327	8.96529	9.19788	6.35162	6.58063	5.70651	5.38307	7.66494	9.04735	6.60573	6.54496	4.78161	5.95933	6.43142	0	5.39141	7.53909	4.96033	0	0	8.82154	0	4.50168	3.3316	0	15.1101	0	0	0	0	0	0	0	0	0	0	0	0	6.367	0	0	0	0	0	0	0	0	0	0	0	
0	0	0	0	0	0	0	0	0	10.69149	0	0	2.07022	0	0	0	0	0	0	0	0	0	0	8.85484	0	0	8.6549	0	0	4.24305	6.17909	0	0	6.7048	7.99558	7.29374	6.49659	1.11337	0	9.01239	3.67827	12.5181	6.09072	5.00982	7.94971	7.19067	7.13902	6.81897	10.16468	6.28163	6.15541	8.23708	6.28017	5.90926	7.86157	6.04713	7.09667	6.63002	4.12263	5.62244	5.40271	5.04437	3.62033	7.2438	6.20894	5.93258	10.56007	7.21685	6.14171	0	0	5.62304	0	6.1399	0	5.14251	9.54061	0	0	0	0	0	0	0	11.21074	0	0	0.90504	0	0	0	6.62118	0	0	0	0	7.40439	0	0	0	
0	0	0	0	0	0	0	0	0	0	0	13.78592	0	0	0	0	0	6.53024	12.61373	0	0	0	0	3.48289	0	0	0	5.68145	0	0	0	0	5.14608	6.40705	6.45516	0	4.11653	8.38867	1.99705	1.85483	6.73948	9.00796	7.3938	0.33074	0	8.4375	5.36725	3.82499	6.69524	5.61302	7.15274	8.75129	8.30541	3.5228	6.55279	4.81976	6.40717	6.70114	7.14276	7.8379	6.59315	3.79826	0	6.05528	9.3819	0	6.25937	6.27609	9.6888	7.49153	0	0	1.11337	0.90504	0	10.59223	0	8.41619	0	0	0	5.32136	0	0	0	0	0	0	0	0	0	0	0	0	0	0	0	0	0	0	
0	0	0	0	5.09939	0	0	0	0	0	10.21046	0	3.44487	0	0	11.63832	0	0	5.6145	0	4.57004	5.7687	0	0	0	10.08935	7.05901	0	0	5.53333	0	8.30549	13.54926	0	0	8.89565	9.96177	12.25833	11.42826	10.75047	4.21202	8.69562	5.51122	9.37416	3.57818	5.64549	11.69789	4.45225	8.03014	7.6986	7.22536	6.2474	8.26692	6.86469	6.58267	7.31988	7.05507	6.25229	1.94966	5.97642	5.05227	7.23457	5.06231	8.09921	7.23318	0	8.67418	9.6002	0	4.85416	7.12297	8.90093	8.01981	11.28242	7.12195	0	4.79764	0	0	0	6.71603	0	0	4.45565	0	1.29531	0	0	0	0	0	0	0	0	0	0	0	0	0	0	
0	0	0	0	0	0	0	0	0	0	0	6.57351	2.29833	0	0	10.20834	0	0	0	0.66148	5.96956	0	0.90504	0	0	0	0	0	0	5.24584	5.27846	7.32663	0	0	0	8.6399	0	0	0	4.76437	3.56186	5.2202	3.30598	5.00063	7.10193	4.63988	6.10321	6.44238	5.41999	3.0008	0	0	7.45488	9.40137	0.66148	6.05779	7.34436	4.73941	5.98668	5.42022	8.79247	7.86117	8.53566	6.68131	4.02978	5.32402	7.09015	7.33923	5.665	9.479	0	6.75672	6.74641	9.68116	9.18381	0	3.28185	0	5.7687	0	0	0	0	0	0	0	0	0	0	0	0	0	0	0	0	0	0	0	0	0	
0	0	0	3.4058	0	0	0	0	0	0	0	0	0	0	0	0	1.85511	0	0	0	0	0	10.57087	0	0	0	6.20385	8.36649	7.49092	7.63931	0	0	3.14623	0	0	10.88133	0	1.29531	5.55327	2.55321	3.42125	0	2.49925	0	0.45252	10.60468	6.22552	7.54809	5.88209	4.90911	6.37982	6.54912	9.00656	7.94611	7.56131	6.79987	8.10361	4.91144	5.9184	6.84544	7.8315	7.68753	7.11189	7.83012	6.49249	8.00797	5.46617	9.30287	8.147	8.39738	4.95151	8.80483	4.95067	0.78086	7.14013	0	11.20861	0	5.05446	9.44751	1.73418	3.75567	2.5716	0	0	7.73302	0	0	0	0	0	0	0	0	0	0	0	4.06236	0	9.68982	
0	0	3.64558	0	0	0	0	0	0	0	0	0	0	0	0	0	0	0	0	0	5.72969	0	0	0	0	7.37183	0	6.81551	0	9.5899	0	8.94842	7.54809	0	2.88735	0	0	4.77582	5.98853	0	5.38271	0	0	7.62937	10.09933	8.90181	2.05318	3.5325	9.15171	7.25384	9.4039	8.12748	7.38923	8.70007	5.77125	9.67836	0	5.47261	7.1109	5.54439	3.28083	5.62658	5.82003	1.59376	3.99049	6.497	5.70984	0	8.8298	4.63983	4.11949	6.14135	5.45851	8.42279	0	0	5.56941	0	3.3217	7.58571	0	4.83103	0	0	0	0	0	0	2.39778	0	0	0	0	0	0	0	2.94296	0	0	0	
0	0	0	0	3.04818	0	0	0	0	0	0	0	8.4125	0	0	0	0	0	0	0	4.97916	4.27237	0	0	0	0	0	5.48192	0	0	0	0	10.0824	0	0	0	8.16598	0	3.32436	7.74676	0	0	4.02766	0	6.84209	0	3.11608	5.77638	4.31515	5.52945	2.42304	6.68393	8.89389	4.93872	7.71857	3.79957	0	5.32291	5.13716	0.72846	6.94013	6.50917	7.95317	6.36148	5.15006	8.67791	6.02836	2.65298	6.20856	6.54628	6.41094	0	0	9.62428	0	6.50619	5.02412	4.82074	0	0	0	0	0	0	6.82738	0.36838	0	0	0	0	0	0	0	0	0	0	8.58085	0	0	0	
0	0	0	0	0	0	0	0	6.60403	0	0	0	0	0	0	0	8.84728	0	5.05685	0	0	0	0	0	3.10318	0	0	0	0	0	0	0	0	0	5.89395	7.50485	0	8.49623	0	0	0	0	3.51994	10.46352	0	9.58842	10.11266	8.21057	0	4.27149	0	10.04634	8.97785	8.34679	0	7.62238	0	5.59228	0	6.19287	7.93472	8.17472	6.52696	7.42163	4.6247	5.99482	6.50211	7.79563	9.941	5.77651	7.61342	6.42883	5.20624	6.40548	7.77088	4.60978	10.07169	9.8292	0	0.66148	5.88688	10.9289	9.7487	0	3.23971	0	6.97811	4.18278	4.4364	0	5.48838	0	0	9.67342	0	0	0	0	0	0	
0	0	0	0	0	0	0	0	0	0	0	0	0	0	0	0	0	0	0	0	6.99126	0	0	0	0	0	0	0	0	3.84598	0	0	0	0	4.89704	0	0	0	0	0	8.80004	0	9.01968	8.64411	5.05575	0	0	6.40548	7.91442	5.81408	11.63291	0	0	1.3846	2.52084	6.90014	0	0	7.11134	9.05713	9.39985	6.04383	6.49684	5.06742	6.58581	7.21526	4.21167	6.14146	6.89839	6.22566	9.14441	7.1466	4.16306	5.24415	2.36922	3.90319	1.81895	0	6.45862	0	0	0	1.11337	0	0	0	7.61511	0	0	0	0	0	0	0	0	0	0	0	0	0	
0	0	0	0	6.77086	0	0	0	0	0	0	1.11337	0	5.22336	0	0	0	0	0	0	0	0	0	0	0	0	0	0	0	0	0	0	0	0	0	0	0	0	0	7.64765	0	0	4.4364	0	8.63087	0	1.72244	0.90504	0	0	0.66148	0	0	0	10.19587	0	0	0.36838	0	8.05043	5.85773	0	6.68563	6.2719	6.51426	0	1.80321	4.2726	9.42734	7.68936	6.26991	9.07358	9.31206	5.19386	0	0	2.62792	6.72796	6.71131	4.83957	2.88735	7.45549	0.66148	0	0	0	4.06236	9.71471	0	2.92874	0	0	0	0	8.91056	0	0	0	0	0	
0	0	0	0	0	0	0	0	0	0	0	0	0	0	0	0	0	4.69949	0	0	0	9.4318	8.05043	0	0	0	9.78564	0	0	0	0	0	0	5.75931	7.77136	0	0	0	0	0	0	0	0	0	0	0	0	0	0	0	0	0	0	0	0	7.58413	10.73098	9.2025	4.20571	5.90099	0	3.60706	5.50826	0	8.82044	6.23281	6.54568	6.5953	4.72736	3.89556	8.01877	6.26558	5.54709	5.65393	8.44396	6.94969	6.81561	0	7.4531	5.66336	0	0	7.28134	0	4.33608	9.14578	6.67145	0.90504	0	10.63626	0	0	0	0	0	0	7.92299	0	0	0	
0	0	0	0	0	0	0	0	6.42572	0	0	0	0	0	0	0	0	0	0	0	0	0	0	0	0	0	0	0.36838	0	0	0	0	0	0	0	0	0	0	0	9.18145	0	0	0	0	0	4.63524	0	5.17771	8.34183	0	0	9.10598	0	0	0	0	0	0	6.28554	0	6.86728	0	7.00986	8.70282	7.53904	3.11121	4.41792	0	0	4.93652	8.61979	4.63524	8.51417	7.18162	4.97717	10.19901	1.96223	0	0.90504	5.60791	6.9566	7.31578	9.95924	11.35793	8.03676	0	0	0	0	0	7.4459	0	8.531	0	0	0	0	0	0	0	
0	0	0	0	0	0	0	0	0	0	0	0	0	9.24595	0	0	0	0	0	3.09803	0	0	0	0	0	2.23998	0	0	0	0	0	0	0	0	7.63298	0	0	8.34572	0	0	7.88099	0	3.04818	6.51964	1.11337	0	0	0	0	0	3.51994	7.12363	0	0	3.04818	0	0	0	0	7.11068	6.06082	0	6.41279	7.80984	7.53231	4.34681	7.82082	7.1739	0.90504	4.75088	5.50297	0	4.82443	5.70749	9.59425	7.24205	8.92281	6.31803	6.46646	3.84551	0	5.35386	6.92385	4.34729	2.77656	0	0	8.00705	2.60123	0	4.61825	0	0	3.59131	0	0	0	0	5.01592	0	
0	0	0	0	0	0	0	3.19287	0	0	0	0	0	0	0	0	0	0	0	0	0	0	10.17968	0	0	0	0	0	9.1598	0	0	0	0	0	10.19447	0	0	3.28185	0	0	0	1.18098	0	0	0	0	8.7949	0	0	0	0	0	9.60991	0	0	0	4.26945	2.49925	0	6.13024	8.64729	0	0	5.85663	0	5.6896	0	7.4951	5.97372	11.01253	8.27534	6.97419	10.70588	3.93604	8.03931	7.37996	6.32054	2.82948	6.9896	7.22236	6.99319	8.25913	4.22689	0	7.57152	0	0	2.85289	0	0	7.09322	9.53366	0	0	0	0	8.07086	0	0	0	
0	0	0	0	0	0	0	0	0.36838	0	0	0	0	0	0	0	0	0	0	0	0	0	0	0	0	0	0	0	0	0	0	0	0	0	0	0	0	5.36785	0	0	0	0	0	0	0	0	0	0	0	7.02719	0	4.81827	0	4.19676	0	0	2.34258	6.90933	0.66148	0	6.92039	0	8.31572	12.5115	6.34481	5.82916	0	0	7.22881	6.63431	0	0.66148	5.61833	9.57138	8.22356	5.58499	0	3.63109	3.90317	6.23045	2.66713	11.52683	4.11174	2.42304	0	0	3.20521	0	0	0	0	0	6.27322	7.13406	13.52208	0	0	0	0	0	
0	0	0	0	0	0	0	6.43002	0	0	0	0	0	0	0	0	0	0	0	0	0	0	0	0	0	0	0	0	0	0	0	0	0	0	0	0	0	4.27479	0	8.7868	0	0	0	0	0	0	0	0	0	0	3.54671	0	0	11.39061	4.4934	0	0	6.41642	10.76928	10.88209	0	1.11337	0	6.71147	7.75837	9.48547	0	0	7.72932	5.13208	7.24863	4.02906	3.80531	7.93387	8.17472	7.69566	6.56681	0	8.09591	5.05999	7.48417	10.72311	3.81966	5.58371	3.38988	0	0	0.34759	0	0	8.79533	0	0	0	0	2.98825	0	0	0	0	
0	0	0	0	0	0	0	0	0	0	0	0	0	0	0	0	0	0	0	0	0	0	0	0	0	11.72616	0	0	0	0	0	0	0	0	0	0	0	4.15949	0	0	0	0	0	0	10.2489	0	0	0	11.52811	0	0	0	0	0	0	0.90504	0	0	0	0	0	0	8.27623	0	0	5.68359	6.57779	7.61386	0	8.16134	3.27117	0	7.03275	0	8.5078	6.26053	3.14623	6.20185	3.99344	6.52111	4.77941	0	6.10802	0	8.43571	5.97124	0	0	0	0	12.00199	0	0	0	0	0	0	1.73418	0	0	
0	0	0	0	0	0	0	0	0	0	0	0	2.49925	0	0	0	0	0	0.36838	0	0	0	0	0	0	0	0	0	0	0	0	0	0	0	0	0	0	0	0	0	0	0	0	0	0	0	0	7.1739	0	0	2.5716	0	11.09886	0	0	0	0	0	0	4.88264	0	0	0	4.32927	2.49925	7.23088	9.13089	0	10.87562	0	0	10.0114	0	0	0	1.6898	6.55038	10.24537	5.31628	4.198	0	3.90423	3.9378	4.90567	4.58511	1.7029	5.74906	0	5.03142	0	0	0	0	3.95822	0	0	0	0	0	0	
0	0	0	0	0	0	0	0	0	0	0	0	0	0	0	0	0	0	0	0	0	0	0	0	0	0	0	0	0	0	0	0	10.74894	0	0	0	0	0	0	0	0	0	0	0	0	0	0	0	0	0	0	0	0	0	0	0	5.12355	0	0	0	9.19364	0	0	4.19716	0	7.12363	0	0	6.51599	0	0	0	7.8173	0	0	3.19287	0	0	3.76736	9.74454	6.42746	7.02397	9.78564	0	4.15949	0	0	0	1.29531	0.66148	7.03783	4.71162	5.12541	0	0	0	0	0	0	0	
0	0	0	0	0	0	0	1.35316	0	0	0	0	0	0	0	0	0	0	0	0	0	0	0	0	0	0	0	2.42304	0	0	0	0	0	0	0	0	0	0	0	0	0	0	0	0	0	0	0	0	0	0	0	0	0	0	0	0	0	0.36838	0	0	0	0	0	0	0	0	0	0	0	0	2.01851	3.89726	6.45147	0.66148	0	5.41257	5.8216	0	9.00685	5.14322	0	6.26801	0	7.68896	2.07022	9.35973	0	9.14505	0	1.29531	0	0	0	0	0	9.20174	0	0	0	0	
0	0	0	0	0	0	0	0	0	0	0	0	0	0	0	0	0	0	0	0	6.88887	0	0	0	0	0	0	0	0	0	2.7692	0	0	0	0	0	0	0	0	0	0	0	0	0	0	0	0	0	0	0	0	0	0	0	0	0	0	0	0	13.39824	0	0	0	0	7.08397	8.20774	9.1744	4.01254	0	0	0	0	0	0	0	2.94296	4.1109	1.11337	0	0	2.61168	0	0	0	3.06772	8.76382	7.42096	5.11264	4.73315	0	7.04319	6.19822	7.22528	13.35235	0	4.93868	0	0	0	0	
0	0	0	0	0	0	0	0	0	0	0	0	0	0	0	0	0	0	0	0	0	0	0	0	0	0	0	0	0	0	0	0	0	0	0	0	0	0	0	0	0	0	0	0	0	0	0	0	2.64053	0	0	0	0	0	0	0	0	0	0	0	0	0	0	0	0	0	0	0	0	9.33636	11.94246	9.25628	5.74154	0	8.16012	7.7681	0	10.11758	0	0	0	7.72313	9.27244	0	4.25735	0	0.36838	0	0	2.25471	0	1.98159	7.15265	0	0.36838	0	0	0	0	0	
0	0	0	0	0	0	0	0	0	0	0	0	0	0	0	6.13376	0	0	0	0	0	0	0	0	0	0	0	0	0	0	0	0	0	0	7.10546	0	0	0	0	0	0	0	0	0	0	0	0	0	0	0	0	0	0	0	0	0	0	0	0	0	0	0	0	0	0	0	0	4.45565	0	0	0	0	0	8.21057	0	0	0	0	0	0	0	3.93097	0	0	4.25584	0	9.92588	3.36001	5.88688	10.12635	7.78722	0	9.30618	0	0	0	0	0	0	0	
0	0	0	0	0	0	0	0	0	0	0	0	0	0	0	0	0	0	0	0	0	0	0	0	0	0	0	0	0	0	0	0	0	0	0	0	0	0	0	0	0	0	0	0	0	0	0	0	8.62829	2.07022	0	0	0	0	0	0	0	0	0	6.86387	0	0	0	0	0	6.82677	0	0	0	0	0	7.26402	0	0	0	0	0	12.88079	0	4.51061	9.91906	0	0	8.70972	0	0	0	0	0	0	0	0	0	0	0	0	0	0	0	0	
0	0	0	0	0	0	0	0	0	0	0	0	0	0	0	0	0	0	0	3.19287	0	0	0	0	0	0	0	0	0	0	0	0	0	0	0	0	0	0	0	0	0	0	0	0	0	0.36838	0	0	0	0	0	0	0	0	0	3.62784	0	0	13.25595	0	0	0	0	0	6.77086	0	0	0	0	0	0	10.91897	0	3.36565	0	0	4.25048	0	0	0	3.7026	7.19295	4.83644	7.50698	0	0	0	8.29182	9.08462	0	0	9.62434	12.06973	0	0	0	0	0	0	0	
0	0	0	0	0	0	0	0	0	0	0	0	0	0	0	0	0	0	0	0	0	0	0	0	0	0	0	0	0	0	0	0	0	0	0	0	0	0	0	0	0	0	0	0	0	0	0	0	0	0	0	0	0	0	0	0	0	0	0	0	0	0	0	0	0	0	0	0	0	0	0	0	0	0	0	0	0	0	0	0	0	0	0	0	0	0	0.36838	0	0	0	0	10.16257	0	0	0	0	0	0	0	0	
0	0	0	0	0	0	0	0	0	0	0	0	0	0	0	0	0	0	0	0	0	0	0	0	0	0	0	0	0	0	0	0	0	0	0	0	0	0	0	0	0	0	0	0	0	0	0	0	0	0	0	0	0	0	0	0	0	0	0	0	0	0	0	0	0	0	0	0	0	0	9.02124	0	0	0	0	0	0	0	0	9.76105	0	0	0	9.29554	0	0	0	0	0	0	8.24661	8.27566	0	0	0	0	0	0	0	0	
0	0	0	0	0	0	0	0	0	0	0	0	0	0	0	0	0	0	0	0	0	0	0	0	0	0	0	0	0	0	0	0	0	0	0	0	0	0	0	0	0	0	0	0	0	0	0	0	0	0	0	0	0	0	0	0	0	0	0	3.19287	0	0	0	0	0	0	0	0	0	0	2.94296	0	0	0	0	0	0	0	0	0	0	0	0	0	0	0	3.90319	0	0	0	0	0	0	0	0	0	0	0	0	0	
0	0	0	0	0	0	0	0	0	0	0	0	0	0	0	0	0	0	0	0	0	0	0	0	0	0	0	0	0	0	0	0	0	0	0	0	0	0	0	0	0	0	0	0	0	0	0	0	0	0	0	0	0	0	0	0	0	0	0	0	0	0	0	0	0	0	0	0	0	7.57914	1.11337	0	0	0	0	0	0	0	7.28031	0	0	0	0	0	0	0	0	0	7.05271	2.16684	0	0	0	0	0	0	0	0	0	0	
0	0	0	0	0	0	0	0	0	0	0	0	0	0	0	0	0	0	0	0	0	0	0	0	0	0	0	0	0	0	0	0	0	0	0	0	0	0	0	0	0	0	0	0	0	0	0	0	0	0	0	0	0	0	0	0	0	0	0	0	0	0	0	0	0	0	0	0	0	0	0	0	0	0	0	0	0	0	0	0	0	0	0	0	0	0	0.36838	0	0	0	0	0	0	0	0	0	0	0	0	0	
0	0	0	0	0	0	0	0	0	0	0	0	0	0	0	0	0	0	0	0	0	0	0	0	0	0	0	0	0	0	0	0	0	0	0	0	0	0	0	0	0	0	0	0	0	0	0	0	0	0	0	0	0	0	0	0	0	0	7.25581	0	0	0	0	0	0	0	0	0	0	0	0	0	0	0	0	4.20571	0	0	0	0	0	0	0	0	0	0	0	0	0	0	0	0	0	0	0	0	0	0	0	0	
0	0	0	0	0	0	0	0	0	0	0	0	0	0	0	0	0	0	0	0	0	0	0	0	0	0	0	0	0	0	0	0	9.7125	0	0	0	0	0	0	0	0	0	0	0	0	0	0	0	0	0	0	0	0	0	0	0	0	0	0	0	0	0	3.59131	0	0	0	0	0	0	0	0	0	0	0	0	0.66148	0	0	0	0	0.36838	0	0	0	0	0	0	0	0	0	0	0	0	0	0	0	0	0	0	0	
0	0	0	0	0	0	0	0	0	0	0	0	0	0	0	0	0	0	0	0	0	0	0	0	0	0	0	0	0	0	0	0	0	0	0	0	0	0	0	0	0	0	0	0	0	0	0	0	0	0	0	0	0	0	0	0	0	0	0	0	0	0	0	0	0	0	0	0	0	0	0	0	0	0	0	0	0	0	0	0	0	0	0	0	0	0	0	0	0	0	0	0	0	0	0	0	0	0	0	0	
0	0	0	0	0	0	0	0	0	0	0	0	0	0	0	0	0	0	0	0	0	0	0	0	0	0	0	0	0	0	0	0	0	0	0	0	0	0	0	0	0	0	0	0	0	0	0	0	0	0	0	0	0	0	0	0	0	0	0	0	0	0	0	0	0	0	0	0	0	0	0	0	0	0	0	0	0	0	0	0	0	0	0	0	0	0	0	0	0	0	0	0	0	0	0	0	0	0	0	0	
0	0	0	0	0	0	0	0	0	0	0	0	0	0	0	0	0	0	0	0	0	0	0	0	0	0	0	0	0	0	0	0	0	0	0	0	0	0	0	0	0	0	0	0	0	0	0	0	0	0	0	0	0	0	0	0	0	0	0	0	0	0	0	0	0	0	0	0	0	0	0	0	0	0	0	0	0	0	0	0	0	0	0	0	0	0	0	0	0	0	0	0	0	0	0	0	0	0	0	0	
0	0	0	0	0	0	0	0	0	0	0	0	0	0	0	0	0	0	0	0	0	0	0	0	0	0	0	0	0	0	0	0	0	0	0	0	0	0	0	0	0	0	0	0	0	0	0	0	0	0	0	0	0	0	0	0	0	0	0	0	0	0	0	0	0	0	0	0	0	0	0	0	0	0	0	0	0	0	0	0	0	0	0	0	0	0	0	0	0	0	0	0	0	0	0	0	0	0	0	0	
0	0	0	0	0	0	0	0	0	0	0	0	0	0	0	0	0	0	0	0	0	0	0	0	0	0	0	0	0	0	0	0	0	0	0	0	0	0	0	0	0	0	0	0	0	0	0	0	0	0	0	0	0	0	0	0	0	0	0	0	0	0	0	0	0	0	0	0	0	0	0	0	0	0	0	0	0	0	0	0	0	5.60592	0	0	0	0	0	0	0	0	0	0	0	0	0	0	0	0	0	0	
0	0	0	0	0	0	0	0	0	0	0	0	0	0	0	0	0	0	0	0	0	0	0	0	0	0	0	0	0	0	0	0	0	0	0	0	0	0	0	0	0	0	0	0	0	0	0	11.74779	0	0	0	0	0	0	0	0	0	0	0	0	0	0	0	0	0	0	0	0	0	0	0	0	0	0	9.34091	0	0	0	0	0	0	0	0	0	0	0	0	0	0	0	0	0	0	0	0	0	0	0	0	0	
