0	0	0	0	0	0	0	0	0	0	0	0	0	0	0	0	0	0	0	0	0	0	0	0	0	0	0	0	0	0	0	0	0	0	0	0	0	0	0	0	0	0	0	0	0	0	0	0	0	0	0	9.66815	0	0	0	0	0	0	0	0	0	0	0	0	0	0	0	0	0	0	0	0	0	0	0	0	0	0	0	0	0	0	0	0	0	0	0	0	0	0	0	0	0	0	0	0	0	0	0	0	
0	0	0	0	0	0	0	0	0	0	0	0	0	0	0	0	0	0	0	0	0	0	0	0	0	0	0	0	0	0	0	0	0	0	0	0	0	0	0	0	0	0	0	0	0	0	0	14.65134	0	0	0	0	0	0	0	0	0	0	0	0	0	0	0	13.40363	0	0	0	0	0	0	0	0	0	0	0	0	0	0	0	0	0	0	0	0	0	0	0	0	0	0	0	0	0	0	0	0	0	0	0	0	
0	0	0	0	0	0	0	0	0	0	0	0	0	0	0	0	0	0	0	0	0	0	0	0	0	0	0	0	0	0	0	0	0	0	0	0	0	0	0	0	0	0	0	0	0	0	0	0	0	0	0	0	0	0	9.05879	0	0	0	0	0	0	0	0	0	0	0	0	0	0	0	0	0	0	0	0	0	0	0	0	0	0	0	0	0	0	0	0	0	0	0	0	0	0	0	0	0	0	0	0	0	
0	0	0	0	0	0	0	0	0	0	0	0	0	0	0	0	0	0	0	0	0	0	0	0	0	0	0	0	0	0	0	0	0	0	0	0	0	0	0	0	0	0	0	0	0	0	14.09863	7.99642	0	0	0	0	0	0	0	0	0	0	0	0	0	0	0	0	0	0	0	0	0	0	0	0	0	0	0	0	0	0	0	0	0	0	0	0	0	0	0	0	0	0	0	0	0	0	0	0	0	0	0	0	
0	0	0	0	0	0	0	0	0	0	0	0	0	0	0	0	0	0	0	0	0	0	0	0	0	0	0	0	0	0	0	0	0	0	0	0	0	7.73016	0	0	0	0	0	12.57429	0	0	0	0	0	0	0	0	0	0	0	0	0	0	0	0	0	0	0	0	0	0	0	0	0	0	0	0	0	0	0	0	0	0	0	0	0	0	0	0	0	0	0	0	0	0	0	0	0	0	0	0	0	0	0	0	
0	0	0	0	0	0	0	0	0	0	0	0	0	0	0	0	0	0	0	0	0	0	0	0	0	0	0	0	0	0	0	0	0	0	0	0	0	0	0	0	0	0	0	0	0	0	0	0	0	0	0	0	0	0	0	0	0	0	0	0	0	0	0	0	0	0	0	0	0	0	0	0	8.44436	0	0	0	0	0	0	0	0	0	0	0	0	0	0	0	0	0	0	0	0	0	0	0	0	0	0	0	
0	0	0	0	0	0	0	0	0	0	0	0	0	0	0	0	0	0	0	0	0	0	0	0	0	0	0	0	0	0	0	0	0	0	0	0	0	0	0	0	0	0	0	0	0	0	0	0	0	0	0	0	0	0	0	0	0	0	0	0	0	0	0	0	0	0	0	0	0	0	0	0	0	0	10.17988	0	0	0	0	0	0	0	0	0	0	0	0	0	0	0	0	0	0	0	0	0	0	0	0	0	
0	0	0	0	0	0	0	0	0	0	0	0	0	0	0	0	0	0	0	0	0	0	0	0	0	0	0	0	0	0	0	0	0	0	0	0	0	0	0	0	0	0	0	0	0	0	0	0	0	0	0	9.8095	0	0	0	13.38763	0	0	6.85451	0	0	0	0	0	0	0	0	0	0	0	0	0	0	0	0	0	0	0	0	0	0	0	0	0	0	0	0	0	0	0	0	0	0	0	0	0	0	0	0	0	
0	0	0	0	0	0	0	0	0	0	0	0	0	0	0	0	0	0	0	0	0	0	0	0	0	0	0	0	7.02261	0	0	0	0	0	0	0	0	0	0	0	0	0	0	0	0	0	0	0	0	0	0	0	0	0	0	0	0	0	0	0	0	0	0	0	0	0	0	5.95891	0	0	0	0	0	0	0	0	0	0	0	0	0	0	0	0	0	0	0	0	0	0	0	0	0	0	0	0	0	0	0	0	
0	0	0	0	0	0	0	0	0	0	0	0	0	0	0	0	0	0	0	0	0	0	0	0	0	0	0	0	0	0	0	0	0	0	0	0	0	0	0	0	0	0	0	0	0	0	0	0	0	0	0	0	0	0	0	6.98691	0	0	0	0	0	0	0	0	0	0	0	0	0	0	0	0	0	0	0	0	0	0	0	0	0	0	0	0	0	0	0	0	0	0	0	0	0	0	0	0	0	0	0	0	
0	0	0	0	0	0	0	0	0	0	0	0	0	0	0	0	0	0	0	0	0	0	0	0	0	0	0	0	0	0	0	0	0	0	0	0	0	0	0	0	0	0	0	0	0	0	0	0	0	0	0	0	0	0	0	0	0	0	0	0	0	0	0	0	0	0	0	11.07982	0	0	0	0	0	0	0	0	0	0	0	0	0	0	0	0	0	0	0	0	0	0	0	0	0	0	0	0	0	0	0	0	
0	0	0	0	0	0	0	0	0	0	0	0	0	0	0	0	0	0	0	0	0	0	0	0	0	0	0	0	0	0	0	0	0	0	0	0	0	0	0	0	0	0	0	0	0	0	0	0	0	0	0	0	7.00487	0	0	0	1.63004	0	0	0	0	0	0	0	0	0	0	0	0	0	0	3.39693	0	0	0	0	0	0	0	0	0	0	0	0	0	0	0	0	0	0	0	0	0	0	0	0	0	0	0	0	
0	0	0	0	0	0	0	0	0	0	0	0	0	0	0	0	0	0	0	0	0	0	0	0	0	0	0	0	0	0	0	0	0	0	0	0	0	0	0	0	0	0	0	0	0	0	0	0	8.06235	0	0	0	13.17324	0	0	0	0	0	0	0	0	0	0	0	0	0	0	9.77823	0	0	0	0	0	0	0	0	0	0	0	0	0	0	0	0	0	0	0	0	0	0	0	0	0	0	0	0	0	0	0	0	
0	0	0	0	0	0	0	0	0	0	0	0	0	0	0	0	0	0	0	0	0	0	0	0	0	0	0	0	0	0	11.74944	0	0	0	0	0	0	0	0	2.26709	0	0	0	0	0	0	0	9.56781	0	0	0	0	0	0	0	0	0	8.2059	7.47322	0	9.71001	0	0	10.1909	0	0	0	0	0	0	0	0	0	0	0	0	0	0	0	0	0	0	0	0	0	0	0	0	0	0	0	0	0	0	0	0	0	0	0	0	
0	0	0	0	0	0	0	0	0	0	0	0	0	0	0	0	0	0	0	0	0	0	0	0	0	0	0	0	0	0	0	0	0	0	0	0	0	0	0	0	0	0	0	0	0	0	0	0	0	0	0	0	0	0	4.82241	0	0	0	0	0	0	0	0	0	0	0	0	0	0	0	0	0	0	0	0.70982	0	0	0	0	0	0	0	0	0	0	0	0	0	0	0	0	0	0	0	0	0	0	0	0	0	
0	0	0	0	0	0	0	0	0	0	0	0	0	0	0	0	0	0	0	0	0	0	0	0	0	0	0	0	0	0	0	0	0	0	0	0	0	0	0	0	0	0	15.80764	0	0	0	0	0	0	0	0	0	10.06173	0	0	0	0	0	0	12.38567	0	0	0	0	0	0	0	0	0	0	0	6.135	0	0	0	0	0	0	0	0	0	0	0	0	0	0	0	0	0	0	0	0	0	0	0	0	0	0	0	0	
0	0	0	0	0	0	0	0	0	0	0	0	0	0	0	0	0	0	0	0	0	0	0	0	0	0	0	0	0	0	0	0	0	0	0	0	0	0	0	0	0	0	0	5.85929	0	0	0	11.79438	0	0	0	7.25632	0	0	0	0	0	0	4.08328	0	0	0	0	0	0	0	0	0	0	0	0	0	0	0	0	0	0	0	0	0	0	0	0	0	0	0	0	0	0	0	0	0	0	0	0	0	0	0	0	0	
0	0	0	0	0	0	0	0	0	0	0	0	0	0	0	0	0	0	0	0	0	0	0	0	0	0	0	0	0	0	0	0	0	0	0	0	0	0	0	0	0	0	8.71698	0	0	0	0	0	0	0	0	0	0	0	0	8.68169	0	0	0	0	0	0	0	0	0	0	1.37234	0	1.53938	0	0	0	0	0	0	0	0	0	0	0	0	0	0	0	0	0	0	0	0	0	0	0	0	0	0	0	0	0	0	0	
0	0	0	0	0	0	0	0	0	0	0	0	0	0	0	0	0	0	0	0	0	0	0	0	0	0	0	0	0	0	0	0	0	0	0	0	0	0	0	0	12.92629	0	0	0	0	0	0	0	0	0	0	0	0	0	0	0	0	0	0	0	0	0	0	0	0	0	0	0	0	0	0	0	0	0	0	0	0	0	0	0	0	0	0	0	0	0	0	0	0	0	0	0	0	0	0	0	0	0	0	0	
0	0	0	0	0	0	0	0	0	0	0	0	0	0	0	0	0	0	0	0	0	0	0	0	0	0	0	0	0	0	0	0	0	0	0	0	0	0	0	0	0	0	0	0	0	0	0	10.95003	0	0	7.61167	0	0	0	0	0	0	0	0	0	0	0	0	0	0	0	0	0	0	0	0	0	0	0	0	0	7.62957	0	0	0	0	0	0	0	0	0	0	0	0	0	0	0	0	0	0	0	0	0	0	0	
0	0	0	0	0	0	0	0	0	0	0	0	0	0	0	0	0	0	0	0	0	0	0	0	0	0	0	0	0	0	0	0	0	0	0	0	0	0	0	0	0	0	0	0	0	0	0	8.98561	0	0	8.53614	11.24797	0	0	0	0	6.47925	0	8.03639	0	9.73585	0	0	0	0	8.70165	0	0	0	0	0	0	0	0	0	0	0	0	0	0	0	0	0	0	0	0	0	0	0	0	0	0	0	0	0	0	0	0	0	0	
0	0	0	0	0	0	0	0	0	0	0	0	0	0	0	0	0	0	0	0	0	0	0	0	0	0	0	0	0	0	0	0	0	0	0	0	0	0	0	0	0	10.5765	0	0	0	0	0	0	0	0	0	0	0	0	0	0	0	0	0	0	0	0	0	0	0	0	0	0	0.39813	0	0	0	0	0	0	0	0	0	0	0	0	0	0	0	0	0	0	0	0	0	0	0	0	0	0	0	0	0	0	0	
0	0	0	0	0	0	0	0	0	0	0	0	0	0	0	0	0	0	0	0	0	0	0	0	0	0	0	0	0	0	0	7.80587	0	0	0	0	0	0	0	0	0	0	0	0	0	0	0	9.32852	0	0	0	0	0	0	0	0	0	0	0	0	0	0	0	2.3593	0	0	0	3.84269	0	0	0	0	0	0	0	0	0	0	0	0	0	0	0	0	0	0	0	0	0	0	0	0	0	0	0	0	0	0	0	0	
0	0	0	0	0	0	0	0	0	0	0	0	0	0	0	0	0	0	0	0	0	0	0	0	0	0	0	0	0	0	0	9.85252	0	0	0.70982	0	0	0	0	0	0	0	0	0	0	0	0	0	0	0	0	0	0	0	0	0	0	0	0	0	0	0	0	0	0	0	0	0	0	0	0	0	0	0	0	0	0	0	0	0	0	0	0	0	0	0	0	0	0	0	0	0	0	0	0	0	0	0	0	0	
0	0	0	0	0	0	0	0	0	0	0	0	0	0	0	0	0	0	0	0	0	0	0	0	0	0	0	0	0	0	0	0	0	0	0	0	0	0	0	0	0	0	0	9.93117	0	0	0	0	0	13.84673	0	0	0	0	10.40384	0	0	0	0	0	0	0	0	0	0	0	0	0	0	0	0	0	0	0	0	0	0	0	0	0.19907	0	0	0	0	0	0	0	0	0	0	0	0	0	0	0	0	0	0	0	0	
0	0	0	0	0	0	0	0	0	0	0	0	0	0	0	0	0	0	0	0	0	0	0	0	0	0	0	0	0	0	0	0	6.8936	0	0	0	0	0	0	0	0	0	0	0	0	0	0	4.96301	0	0	6.68408	0	0	0	0	0	0	0	8.70385	0	0	0	0	0	0	0	0	0	0	0	5.51753	0	0	0	0	0	0	0	0	0	0	0	0	0	0	5.87795	0	0	0	0	0	0	0	0	0	0	0	0	0	0	
0	0	0	0	0	0	0	0	0	0	0	0	0	0	0	0	0	0	0	0	0	0	0	0	0	0	0	0	0	0	0	0	0	0	0	0	0	0	0	10.18027	0	0	0	0	15.42617	0	6.10201	0	0	0	0	0	0	0	0	0	0	0	0	0	0	0	0	0	0	0	0	0	0	1.18345	0	0	0	0	0	0	0	0	0	0	0	0	0	0	0	0	0	0	0	0	0	0	0	0	0	0	0	0	0	0	
0	0	0	0	0	0	0	0	0	0	0	0	0	0	0	0	0	0	0	0	0	0	0	0	0	0	0	0	0	0	0	0	0	0	0	9.62583	0	0	0	0	0	0	0	0	0	0	0	8.96741	0	0	0	0	0	6.80706	0	0	0	0	0	0	8.0709	0	0	0	0	0	0	0	0	0	0	0	0	0	0	0	0	0	0	0	0	0	0	0	0	0	0	0	0	0	0	0	0	0	1.37234	0	0	0	0	0	
0	0	0	0	0	0	0	0	0	0	0	0	0	0	0	0	0	0	0	0	0	0	0	0	0	0	0	0	0	0	0	0	0	0	0	0	0	0	0	0	0	14.90035	0	0	0	0	0	0	0	0	0	0	0	0	0	0	0	0	0	0	0	0	0	0	0	0	0	6.17362	0	0	0	6.39133	0	0	0	0	0	0	0	0	0	0	0	0	0	0	0	0	0	0	0	0	0	0	0	0	0	0	0	0	
0	0	0	0	0	0	0	0	0	0	0	0	0	0	0	0	0	0	0	0	0	0	0	0	0	0	0	0	0	0	0	0	0	0	0	0	0	0	0	0	9.646	0	0	0	10.03051	0	0	5.62567	0	0	5.21831	11.55211	0	0	0	11.34616	0	0	6.40222	0	5.31362	0	0	0	0	0	0	0	1.82469	0	0	0	0	0	0	0	0	0	0	0	0	0	0	0	0	0	0	0	0	0	0	0	0	0	0	3.99422	0	0	0	0	
0	0	0	0	0	0	0	0	0	0	0	0	0	0	0	0	0	0	0	0	0	0	0	0	0	0	0	0	0	0	0	0	0	0	0	0	0	0	0	0	0	0	0	0	16.44056	0	0	0	0	1.18345	0	0	6.33565	0	0	0	0	7.48606	0	0	0	3.8743	0	0	0	0	0	0	0	0	0	0	0	0	0	0	0	0	0	0	0	0	0	0	0	0	0	0	0	0	0	0	0	0	0	0	0	0	0	0	
0	0	0	0	0	0	0	0	0	0	0	0	0	0	0	0	0	0	0	0	0	0	0	0	0	0	0	0	0	0	0	0	0	0	0	0	0	0	0	0	0	0	0	11.40009	0	0	13.60794	0	0	0	9.53667	0	0	0	0	0	0	0	0	6.21741	0	0	0	0	9.66363	0	0	3.74348	0	0	0	0	9.70652	0	0	0	4.23236	0	0	0	0	0	0	0	0	0	0	0	0	0	0	0	0	0	0	0	0	0	0	0	
0	0	0	0	0	0	0	0	0	0	0	0	0	0	0	0	0	0	0	0	0	0	0	0	0	0	0	0	0	0	0	0	0	0	0	0	0	0	0	0	0	0	0	0	3.19997	0	0	10.35041	0	0	0	7.95913	7.73232	0	0	8.36593	0	0	0	0	0	0	0	0	0	0	0	8.29033	0	0	0	0	0	10.95165	0	0	0	0	0	0	0	0	0	0	0	0	0	0	0	0	0	0	0	0	0	0	0	0	0	0	
0	0	0	0	0	0	0	0	0	0	0	0	0	0	0	0	0	0	0	0	0	0	0	0	0	0	0	0	0	0	0	0	0	0	0	0	0	16.1988	0	0	0	0	0	0	0	0	0	0	0.39813	0	0	5.85896	0	0	10.63187	0	8.37563	0	0	2.3593	0	8.18084	0	0	0	0	0	0	0	0	0	0	0	0	5.43064	2.16855	0	0	0	0	0	0	0	0	0	0	0	0	0	0	0	0	0	0	0	0	0	0	0	0	
0	0	0	0	0	0	0	0	0	0	0	0	0	0	0	0	0	0	0	0	0	0	0	0	0	0	0	0	0	0	0	0	0	0	0	0	0	0	0	0	0	0	14.54032	0	0	10.76798	0	12.73626	0	0	10.1181	0	11.09457	0	9.77405	0	0	0	0	0	0	0	0	10.5741	0	0	0	5.43516	0	0	10.60475	0	0	0	0	0	0	0	0.96599	0	0	0	0	0	0	0	0	0	0	0	0	0	0	0	0	0	0	0	0	0	
0	0	0	0	0	0	0	0	0	0	0	0	0	0	0	0	0	0	0	0	0	0	0	0	0	0	0	0	0	0	0	0	0	0	0	0	0	0	0	0	0	0	0	0	0	0	0	8.64207	9.24561	0	0	11.15191	0	0	0	0	0	0	0	0	0	0	0	0	1.37234	0	0	0	0	0	0	0	0	0	0	0	0	0	0	0	0	0	0	0	0	0	0	0	0	0	5.89416	0	0	0	0	0	0	0	0	0	
0	0	0	0	0	0	0	0	0	0	0	0	0	0	0	0	0	0	0	0	0	0	0	0	0	0	0	0	0	0	0	0	0	0	0	0	0	0	0	0	0	0	0	0	0	0	0	9.89888	0	0	0	0	9.59711	5.43516	0	0	0	0	12.60777	12.43742	0	0	0	0	0	0	0	0	0	0	0	0	0	0	0	0	0	0	0	0	0	0	0	0	0	0	0	0	0	0	0	0	0	0	0	0	0	0	5.47693	0	
0	0	0	0	0	0	0	0	0	0	0	0	0	0	0	0	0	0	0	0	0	0	0	0	0	0	0	0	0	0	0	0	0	0	0	0	0	0	0	0	0	0	8.37009	0	0	0	0	0	0	9.19961	0	8.46267	0	7.75159	0	0	0	0	0	0	0	0	0	0	13.96123	0	0	0	0	0	0	0	0	0	0	0	12.45843	0	0	0	0	0	0	0	0	0	0	0	0	0	0	0	0	0	0	0	0	0	0	0	
0	0	0	0	0	0	0	0	0	0	0	0	9.99994	0	0	0	0	0	0	0	0	0	0	0	0	0	0	0	0	0	9.9986	0	0	0	0	0	0	0	0	0	0	0	9.23823	0	0	0	0	6.31277	0	0	13.15345	0	0	4.69321	7.22923	0	7.11594	0	0	0	0	0	0	8.46916	11.07451	9.02575	0	0	0	0	0	0	0	0	0	0	0	0	0	0	0	0	0	0	0	0	0	0	0	0	0	0	0	0	0	0	0	0	0	0	
0	0	0	0	0	0	0	0	0	0	0	0	0	0	0	0	0	0	0	0	0	0	0	0	0	0	0	0	0	0	0	0	0	0	0	0	0	0	0	0	0	0	0	0	0	12.04808	0	0	2.81517	12.84462	0.96599	9.5083	7.08187	0	9.25239	5.89154	0	0	0	0	12.9927	0	0	0	0	0	0	0	0	5.7387	0	0	0	0	0	0	2.71737	0	0	0	0	0	0	0	0	0	0	0	0	0	0	0	0	0	0	0	0	0	0	0	
0	0	0	0	0	0	0	0	0	0	0	0	0	0	0	10.85669	0	0	0	0	0	0	0	0	0	0	0	0	0	0	0	0	0	0	0	4.96301	11.00839	0	0	0	0	0	0	3.8743	0	9.97191	7.96347	8.04856	2.81517	8.26968	0	0	3.81037	0	13.27914	0	0	0	0	7.03665	0	9.66137	0	3.67335	0	7.34655	0	0	11.55058	0	7.78523	0	0	0	0	10.52927	0	0.96599	0	4.63462	0	0	0	0	0	0	0	0	0	0	9.07928	0	0	0	0	0	0	0	0	0	
0	0	0	0	0	0	0	0	0	0	0	0	0	0	0	0	0	0	0	0	0	0	0	0	0	0	10.43066	0	0	0	0	3.70885	0	0	4.55845	0	0	0	0	0	11.89061	0	0	0	0	0	0	0	9.3434	4.53965	3.48145	10.64338	9.38995	0	11.5492	0	7.87195	0	4.35124	0	1.37234	7.83828	0	0	0	7.37168	0	0	0	0	0	0	0	9.95999	0	0	0	0	0	0	0	0	0	0	0	0	0	0	0	0	0	0	0	0	0	0	2.60516	0	0	0	
0	0	0	0	0	0	0	0	0	0	0	0	0	0	0	0	0	0	0	11.99732	0	0	0	0	0	0	0	0	0	0	0	0	0	0	0	0	0	0	0	0	0	0	0	12.77209	0	0	11.71984	11.42864	10.79145	0	7.99925	8.3022	11.12445	0	0	0	13.82311	0	0	10.11681	6.21893	0	0	12.65612	0	7.04709	0	8.33787	0	0	0	0	0	0	0	0	0	0	0	0	0	0	0	0	0	0	0	0	0	0	7.3832	0	0	0	0	0	0	0	0	0	
0	0	0	0	0	0	0	0	0	0	0	0	7.20458	0	0	0	0	0	0	11.27764	0	0	0	0	0	0	0	0	0	0	0	0	0	7.17707	0	0	0	0	0	0	0	10.1251	14.04894	0	9.08124	0	0	2.86768	9.4877	0	3.43981	9.25813	6.74533	7.76658	8.9524	9.44097	5.69715	4.84941	7.97853	0	0	0	0	0	1.37234	0	0	0	0	0	0	0	0	0	0	0	0	0	11.09226	0.39813	0	0	0	0	0	0	0	0	0	0	0	0	0	0	0	0	0	0	0	0	
0	0	0	0	0	0	0	0	0	0	0	0	0	0	0	0	0	0	0	0	0	0	0	14.20837	0	0	0	0	0	0	0	0	0	0	0	0	0	0	11.48107	0	0	0	8.3347	9.71581	0	0	10.62965	5.76996	0	9.93938	10.16558	8.07535	0	0	0	0	0	7.66338	13.02191	10.4116	10.89186	0	0	0	7.23228	0	0	0	0	0	0	0	0	0	0	0	0	0	0	0	0	0	0	0	0	0	0	0	0	0	0	0	0	0	0	0	0	0	0	0	
0	0	8.13101	0	0	0	0	0	0	0	0	0	0	0	0	0	0	0	0	0	0	0	0	0	0	0	0	0	0	0	0	0	0	0	0	0	0	0	0	0	9.80212	0	0	0	0	9.63451	0	8.83327	9.02046	11.51299	0	8.89317	10.10817	8.64373	0	10.30692	0	0	5.41381	0	7.38063	0	8.6671	10.15436	0	0	0	0	0	0	0	7.72671	0	0	0	0	2.60516	0	0	0	0	0	0	0	0	0	0	0	0	0	0	0	0	0	0	0	0	0	0	0	
0	0	0	0	0	0	0	0	0	0	0	9.79485	0	0	0	0	0	0	0	0	0	0	0	0	0	0	0	0	0	0	0	0	8.84912	0	0	0	0	9.4293	12.55849	3.74348	5.87085	7.5087	0	0	12.23015	7.40999	11.85906	6.75357	10.48615	0	12.64249	0	0	4.50611	0	9.9067	5.35875	9.68722	0	0	0	0	0	0	0	0	0	8.49861	0	0	0	0	5.94714	0	0	9.88537	0	0	10.67513	0	0	0	0	0	0	0	0	0	0	0	0	0	0	0	0	7.925	0	0	0	0	
0	0	0	0	0	0	0	0	0	0	0	0	0	0	0	0	0	0	0	0	0	0	0	0	0	0	0	0	0	0	0	0	0	0	4.10494	8.62495	0	0	0	6.27774	0	13.36256	0	10.55927	15.64501	10.37821	7.53729	7.73181	2.4485	11.42654	10.30811	10.24442	0.39813	8.12337	0	0	8.01805	0	0	4.61467	8.41108	0	0	0	0	0	0	0	0	0	0	0	0	0	0	0	0	0	3.63696	0	0	0	0	0	0	0	0	9.81636	0	0	0	0	0	0	0	0	0	0	0	0	
0	0	0	0	0	0	0	0	11.04357	0	9.07163	0	0	0	0	0	0	0	0	0	0	0	0	0	0	0	8.14241	0	0	0	0	0	0	0	0	0	0	11.64436	12.95244	0	10.00255	10.08429	0	10.40857	0	11.69655	9.53824	7.13812	9.14411	8.74683	0	6.4788	0.70982	0	0	0	7.53096	1.94864	0	0	0	0	1.53938	0	0	0	7.48882	0	0	0	0	0	0	0	0	0	0	0	0	0	0	0	0	0	0	0	0	0	0	0	0	0	0	7.07795	0	0	0	0	0	0	
0	0	0	0	0	0	0	0	0	0	0	10.56353	0	0	11.64851	0	0	0	0	0	0	0	0	0	0	0	0	0	0	0	0	11.18891	0	0	9.76723	0	11.02036	0	0	10.89248	0.70982	0	10.81306	10.67661	10.69564	7.15876	10.49624	9.12383	4.43099	9.17338	6.57093	9.65883	9.70132	8.91925	0	6.34132	9.18245	0	0	0.96599	9.72614	5.34793	0	8.86001	0	0	0	0	0	0	0	0	0	0.39813	0	7.76548	0	0	0	0	0	0	0	5.23057	0	0	0	0	0	0	0	0	0	0	0	0	0	0	0	0	
0	0	0	0	0	0	0	0	0	0	0	0	13.57361	0	0	0	0	0	0	0	0	0	0	0	0	0	0	0	0	9.54958	0	0	9.34694	0	9.33564	0	12.35388	0	14.69829	10.15958	10.80497	10.53724	11.03068	8.36824	9.13424	3.93741	10.04081	10.59509	9.12598	9.54185	9.57036	11.41645	10.36856	5.15438	4.75535	6.45148	8.27344	0	0	8.91233	6.60892	0	0	0	0	0	0	0	0	0	0	0	0	9.71861	0	0	0	0	0	0	10.04664	0	0	0	0	0	0	0	0	0	0	0	0	0	0	0	0	0	0	0	
0	0	0	0	0	0	0	13.75195	0	0	0	10.43066	0	0	0	0	0	0	0	0	0	0	0	0	0	0	0	8.57152	0	0	3.30715	0	11.70714	0	0	0	10.25196	7.67962	9.41335	9.33618	10.09278	5.33665	0	11.0827	10.40216	10.43218	8.9991	8.79017	10.65478	10.49618	5.20862	9.45723	9.95628	8.81796	6.97974	6.21943	10.90411	4.79569	3.43973	8.78923	5.55798	11.80981	7.23533	0	11.4501	0	0	0	0	0	0	0	0	10.00129	0	0	0	0	0	0	0	0	0	0	0	0	0	0	0	0	0	0	0	0	0	0	0	0	0	0	
11.07239	0	0	0	0	0	0	0	8.02881	0	0	0	9.54283	0	0	0	0	0	0	0	0	0	0	0	11.5189	0	0	8.36454	0	0	0	0	15.08535	0	10.64029	8.30925	0	6.44494	10.63503	9.30159	7.82217	10.39859	5.51724	11.00959	11.83504	9.86283	8.4863	10.34102	5.79197	3.04454	10.89439	5.28769	5.46028	3.60829	11.37443	9.30866	10.09732	6.18456	0	9.63785	0	0.39813	0	5.17773	0	6.36932	0	0	0	0	1.37234	0	0	0	0	0	0	0	0	0	0	0	4.23149	0	0	9.14881	0	0	0	0	0	0	0	0	0	0	0	0	0	0	
0	0	0	11.33325	0	0	0	0	0	0	0	0	0	0	0	0	0	0	8.15694	0	0	11.70618	0	5.95455	11.7403	7.68854	0	0	10.3875	10.59352	12.5806	0	13.1721	0	0	0.70982	0	10.05332	12.04619	7.05553	9.0981	6.66263	8.80011	9.89515	9.33844	10.22452	8.2772	8.39882	9.93156	6.70697	10.06287	8.54437	10.80287	6.81908	5.84385	9.67154	0	3.94082	4.95969	8.42943	0	1.53938	9.74816	0	0	0	0	0	0	2.60516	0	0	4.57777	0	0.96599	9.04323	11.08489	4.91822	0	0	0	0	0	0	0	0	0	0	0	0	0	0	0	0	0	0	0	0	0	0	
9.50295	0	0	0	11.9908	9.10284	0	0	0	0	0	0	0	0	0	0	0	10.94166	0	0	0	0	0	0	10.02392	0	10.0552	10.00574	0	14.09585	9.96859	0	0	0	10.30474	9.35817	5.25473	10.99625	11.2119	10.55708	8.75876	9.21551	10.42253	9.96626	9.40609	10.10907	9.82486	9.7376	8.0491	10.43509	5.14768	10.10881	9.87515	8.08606	9.21636	10.25489	9.88718	3.30053	5.94219	10.16375	12.7122	0	5.41614	7.96479	10.55624	11.09938	9.46625	0	0	0	0	0	0	0	6.27774	0	0	0	0	0	0	0	0	0	0	0	0	0	0	0	0	0	0	0	0	0	0	0	0	0	
0	0	0	0	0	0	0	0	9.93211	0	8.23966	0	0	0	0	0	10.13858	11.52171	10.55198	7.94074	10.57018	6.41664	0	0	0	12.91422	0	9.55994	6.19739	10.92596	0	10.2909	10.92996	7.63677	10.19884	10.09558	8.204	7.75864	10.22701	10.70861	9.83123	8.73736	5.21394	7.97706	10.06182	8.98453	8.64058	8.70405	9.25102	7.15319	9.2056	10.71728	9.12389	7.54714	5.55431	5.92572	5.78808	8.49607	0	10.04099	4.87826	9.84306	9.63334	0	7.30829	10.39977	4.59685	0	0	0	0	3.05469	0	0	6.35819	0	0	0	8.56427	0	0	0	0	0	0	8.6236	0	0	0	0	0	0	0	0	0	0	0	0	0	0	
0	10.61764	0	0	6.5017	7.1247	0	0	0	0	0	0	0	0	8.99463	7.30367	0	11.27709	9.55611	0	9.41098	0	6.21123	0	0	0	0	0	10.84825	10.41966	7.74163	0	11.11166	4.66582	8.95175	7.62747	9.39312	9.30446	9.12087	9.49205	9.00524	8.25815	8.77064	8.64502	9.19873	8.25465	8.66958	9.89129	8.51331	7.94766	6.88235	8.017	7.08861	7.41772	8.32088	7.08282	3.43981	7.28805	8.25072	5.09542	0	8.06063	0	11.3058	9.77847	2.16855	6.62213	8.41646	0	0	0	0	0	0	0	3.59963	0	0	0	0	8.84228	0	0	0	0	0	0	0	0	0	0	0	0	0	0	0	0	0	0	0	
0	12.08224	7.14751	0	7.90041	0	0	0	0	0	6.88198	0	0	0	8.21673	7.82621	0	6.70434	0	0	5.30204	5.27861	8.68026	7.34669	9.88197	8.20123	0	4.40946	10.10692	7.87757	11.72959	10.40215	10.65377	10.95929	9.47997	9.62595	8.46897	8.08107	7.81016	8.62035	7.50694	8.46054	7.2144	6.79757	7.44281	7.07409	8.65407	7.61242	9.08473	8.49302	7.56327	9.16481	7.73487	7.27451	7.31724	6.26518	7.73926	4.97335	8.4073	6.95031	0	7.32657	11.24797	9.18289	2.3263	0.39813	1.53938	0	0	0	0	6.4128	0	1.18345	9.61301	0	6.5218	0	0.70982	0	0	0	0	4.92129	0	1.63004	0	0	0	0	0	0	0	0	0	0	0	0	0	0	
0	0	0	0	0	0	0	0	6.40222	0	7.22617	12.29853	0	0	0	0	0	0	12.52924	0	2.99843	0	0	0	0	7.6226	10.82875	0	2.3593	11.36332	7.27334	9.392	7.63419	8.64291	9.29303	9.07109	7.65908	9.19952	9.95623	9.54109	7.79503	9.09314	8.6487	7.99781	7.60992	8.31644	7.0909	8.03116	8.21977	8.61304	8.936	8.68148	7.92847	7.44826	7.14633	8.4941	8.50224	8.29518	10.2127	6.83693	9.40567	5.23793	11.2157	6.1072	0	7.85845	0	9.13181	0	0	0	0	0	0	0	0	0	0	1.37234	0	0	7.90675	0	0	0	0	0	8.99755	6.5168	9.69992	0	0	0	0	0	0	0	0	0	0	
0	0	0	0	0	0	0	0	9.55751	9.471	1.7666	2.99843	0	12.59785	0	0	0	8.25024	10.72772	3.52339	0	0	0	8.19539	7.80792	12.70446	7.24443	8.73639	5.76434	9.80405	0	7.1817	9.06582	3.55479	6.33298	10.18306	9.4614	6.74949	6.6365	5.92202	7.25898	8.79134	8.48006	8.84125	6.83264	8.17544	7.9779	8.17127	6.25114	9.30661	7.56763	6.85511	7.30358	7.35857	8.08219	8.43627	6.94045	11.15252	9.69992	6.64568	5.80413	10.1474	7.88144	3.5613	2.50678	9.38549	8.48332	0	0	0	0	0	0	9.5888	9.49788	0	0	0	11.84575	0	0	0	0	0	0	0	0	0	9.79794	0	3.84269	0	0	0	0	0	0	0	0	0	
0	0	10.11521	7.6884	0	4.07805	0	2.06278	3.05469	0	0	0	0	0	0	0	0	8.53594	0	0	0	0	0	11.1747	0	7.32384	0	10.04419	6.87809	7.59163	0	9.20305	0	7.62725	5.28542	8.78861	7.54985	6.07802	3.62757	8.79673	7.26212	8.36213	7.69877	7.34098	7.86854	7.85722	6.75437	8.62709	8.28954	7.55381	7.86257	8.15403	8.03735	7.61403	7.17907	5.65183	7.52045	7.11996	8.15752	6.14219	10.52579	7.9505	4.98847	9.84057	5.09724	0	0	3.98918	2.87888	4.48111	4.40555	0	9.76354	0	0.19907	0	4.54419	0	0	0	0	0	4.23652	0	0	0	0	0	0	0	0	0	0	0	0	0	0	0	0	0	
0	0	0	0	0	0	0	0	0	0	9.05276	9.26287	8.23796	0	10.3022	0	0	7.05055	0	6.43438	0	0	0	0	0	0	4.6526	4.13134	6.79824	0	8.20302	8.43003	6.88052	7.56118	6.43766	8.79997	9.25666	7.02419	8.08665	7.08581	8.59268	5.70589	4.50534	6.99308	6.60684	8.2747	6.67105	5.59827	7.06128	5.69146	6.80188	9.42624	9.28068	7.31778	6.09711	6.21661	5.76416	7.0849	9.31761	6.89919	9.37924	5.70105	6.96859	6.68387	0	5.62484	6.97603	3.22492	0	0	9.6955	0	6.47944	8.45817	0	11.96866	0	0	0	0	0	0	0	0	0	0	0	0	6.1539	0	0	0	0	0	0	0	0	0	0	0	
0	0	0	0	0	0	0	0	0	9.57625	0	0	9.73046	0	0	0	0	0	0	0	0	0	0	10.12728	0	0	8.75426	0	0	4.79947	6.36344	0	0	6.54668	10.82191	7.58489	7.5289	1.94864	0	9.90702	3.99982	11.3481	5.71576	6.92486	7.67391	8.84281	6.63898	8.14625	10.07724	6.80829	6.47826	8.99525	7.39343	5.98688	7.7006	7.05252	7.57704	7.13708	4.14454	6.94758	6.99122	6.27438	3.31849	8.03251	6.88416	5.18846	7.73232	8.46137	6.94383	0	0	2.99843	0	5.15538	0	4.15727	8.65464	0	0	0	0	0	0	0	11.55226	0	0	2.81517	0	0	0	8.38526	0	0	0	0	9.52303	0	0	0	
0	0	0	0	0	0	0	0	0	0	0	13.26733	0	0	0	0	0	8.09881	14.17135	0	0	0	0	6.21123	0	0	0	7.68631	0	0	0	0	6.51111	5.37376	4.9389	0	4.64296	9.33842	2.16339	1.11141	7.8693	9.02635	7.85808	4.55164	0	8.63274	5.82361	4.89759	7.39247	6.8198	7.57605	10.0884	8.05918	5.30775	6.81531	5.57085	6.23286	6.46195	6.67565	7.77374	6.77799	5.83731	0	6.62401	7.81169	0	5.66645	7.20146	11.23738	8.06257	0	0	0.39813	3.59963	0	10.22463	0	7.95928	0	0	0	6.78635	0	0	0	0	0	0	0	0	0	0	0	0	0	0	0	0	0	0	
0	0	0	0	7.46556	0	0	0	0	0	9.55202	0	3.10884	0	0	10.85074	0	0	6.81434	0	5.19091	8.03814	0	0	0	8.66485	6.97967	0	0	6.17691	0	9.12964	11.18832	0	0	7.45766	9.68217	11.84313	13.01796	10.67106	4.6364	8.97381	5.78543	9.3185	3.52007	6.80618	12.72701	5.56176	8.56232	8.46606	7.03969	6.07913	8.78989	7.11785	5.89822	7.61433	5.47825	6.6682	2.44114	9.19576	4.82907	7.70781	5.20449	7.53009	7.76859	0	7.11143	10.83737	0	3.05469	9.08752	8.8511	7.90079	11.11881	7.92028	0	6.84683	0	0	0	6.32997	0	0	0.96599	0	2.9399	0	0	0	0	0	0	0	0	0	0	0	0	0	0	
0	0	0	0	0	0	0	0	0	0	0	6.5995	2.76871	0	0	7.7748	0	0	0	1.82469	6.5218	0	2.06278	0	0	0	0	0	0	4.27483	5.66939	7.50578	0	0	0	8.88156	0	0	0	3.96517	4.03155	6.53349	3.96461	4.17388	7.28138	4.17306	5.69966	5.532	6.02171	2.87027	0	0	7.89704	10.88549	0.70982	5.8864	7.65326	6.8145	6.34534	6.64225	8.24233	6.94205	7.92892	7.4007	6.35063	4.99408	5.66939	7.96921	3.59963	9.22814	0	7.25983	6.77855	10.39092	11.2425	0	1.82469	0	7.17949	0	0	0	0	0	0	0	0	0	0	0	0	0	0	0	0	0	0	0	0	0	
0	0	0	9.5983	0	0	0	0	0	0	0	0	0	0	0	0	1.68908	0	0	0	0	0	9.8265	0	0	0	5.86568	8.20226	9.43303	7.67514	0	0	4.07805	0	0	10.61026	0	0	6.43967	2.93933	6.13886	0	0	0	2.66825	11.12917	7.27462	6.49154	5.71955	6.33221	6.69049	6.50085	8.5877	7.73809	8.41427	6.73078	9.06701	5.88125	6.04437	9.09606	8.22914	8.64152	8.38246	8.67531	5.46688	7.11734	5.20614	8.13917	10.33774	8.88969	2.98771	8.52431	6.01026	1.10238	6.78122	0	11.68071	0	6.36349	9.29315	0.70982	5.00644	5.83917	0	0	0.39813	0	0	0	0	0	0	0	0	0	0	0	0.39813	0	11.46964	
0	0	4.15028	0	0	0	0	0	0	0	0	0	0	0	0	0	0	0	0	0	6.84258	0	0	0	0	7.47322	0	7.60743	0	9.2019	0	9.86683	9.70212	0	5.4666	0	0	6.6844	6.03894	0	6.65059	0	0	7.12804	11.10938	9.21584	1.45586	3.69718	7.41799	5.29364	8.05697	9.81636	9.0717	9.13206	6.39628	8.76279	0	6.49321	6.76217	5.66956	2.40944	5.72925	7.37029	2.85618	4.81037	7.72344	6.74041	0	8.19069	5.1148	4.48179	5.96342	5.23726	7.44823	2.3593	0	6.55128	0	4.34727	7.93138	0	5.0653	0	0	0	0	0	0	3.5291	0	0	0	0	0	0	0	4.80797	0	0	0	
0	0	0	0	2.3593	0	0	0	0	0	0	0	9.08097	0	0	0	0	0	0	0	7.728	4.13134	0	0	0	0	0	6.98228	0	0	0	0.39813	10.24177	0	0	0	8.75568	0	6.34696	7.26245	0	0	3.98431	0	7.16997	0	3.72833	8.60958	0.70982	5.00181	4.34944	5.09279	7.96112	6.4571	8.5015	1.11141	0	6.2686	4.04165	1.95307	6.82352	7.87828	8.36965	6.41681	6.51162	8.74569	6.2037	5.82071	6.75151	6.12894	7.57206	0	0	9.30845	0	7.69526	5.27669	6.18161	0	0	0	0	0	0	6.70873	0	0	0	0	0	0	0	0	0	0	0	8.97198	0	0	0	
0	0	0	0	0	0	0	0	6.85055	0	0	0	0.39813	0	0	0	8.8951	0.70982	6.70434	0	0	0	0	0	5.82952	0	0	0	0	0	0	0	0	0	5.71374	7.28615	0	8.14079	0	0	0	0	6.42374	10.63821	0	10.36177	10.17513	7.68631	0	3.94666	0	10.59144	8.70275	10.12698	0	10.26878	0	5.22992	0	5.7306	7.46594	7.05055	6.79321	8.37839	4.76886	6.75483	6.63911	7.0703	9.07503	6.5919	7.9883	2.78409	5.69694	7.8778	7.90555	4.22603	9.21682	9.71199	0	0	9.20889	10.81404	9.47758	0	8.80654	1.18345	8.10793	3.2114	6.01252	0	4.23651	0	0	9.24894	0	0	0	0	0	0	
0	0	0	0	0	0	0	0	0	0	0	0	0	0	0	0	0	0	0	0	7.47346	0	0	0	0	0	0	0	0	3.16103	0	0	0	0	3.48145	0	0	0	0	0	8.43247	0	9.43635	8.13917	4.4341	0	0	3.84269	9.44821	5.49902	9.48194	0	0	2.12828	3.49907	5.57311	0	0	6.69728	9.19874	8.91423	6.85255	4.36124	5.48377	7.03827	7.97594	5.18771	5.26444	6.38009	5.38135	10.16514	7.25361	3.32344	5.77217	3.65915	0	3.52138	0	4.03327	0	0	0	8.94246	0	0	0	9.62569	0	0	0	0	0	0	0	0	0	0	0	0	0	
0	0	0	0	6.92789	0	0	0	0	0	0	0.39813	0	3.74348	0	0	0	0	0	0	0	0	0	0	0	0	0	0	0	0	0	0	0	0	0	0	0	0	0	7.90253	0	0	5.57637	0	5.71141	0	1.83598	7.13778	0	0	0.39813	0	0	0	10.03925	0	0	0	0	9.03277	6.64565	3.23934	6.46615	7.38146	6.26445	0	2.33742	4.76839	9.56725	5.84031	7.89257	8.79333	8.08403	5.57771	0	0	3.63199	7.7769	6.84581	6.57566	5.21831	9.04236	1.37234	0	1.53938	0	5.64211	9.03612	0	4.42769	0	0	0	0	7.56324	0	0	0	0	0	
0	0	0	0	0	0	0	0	0	0	0	0	0	0	0	0	0	5.94374	0	0	0	9.29242	9.15281	0	0	0	9.71636	0	0	0	0	0	0	4.23781	8.18811	0	0	0	0	0	0	0	0	0	0	0	0	0	0.70982	0	4.96301	0	0	0	0	8.53291	8.31208	9.10807	4.80797	7.3267	0	6.58866	4.11158	0	8.48175	6.51072	7.0414	6.46135	4.8265	4.08504	8.96194	6.0096	6.11658	4.40898	8.94235	8.1246	5.76787	0	8.24572	6.57847	0	0	7.51136	0	5.6143	9.49072	6.51178	4.34944	0	10.6505	0	0	0	0	0	0	9.07038	0	0	0	
0	0	0	0	0	0	0	0	6.48304	0	0	0	0	0	0	0	0	0	0	0	0	0	0	0	0	0	0	4.94823	0	0	0	0	0	0	0	0	0	0	0	9.01934	0	0	0	0	0	5.00644	0	4.6526	9.65057	0	0	9.4877	0	0	0	0	0	0	7.97858	0	9.58827	0	7.3481	9.5643	6.2067	4.14251	6.27838	0	0	4.63361	8.79787	10.11521	8.13493	6.13628	4.60251	8.9007	2.05247	0	0	5.3284	5.92481	7.52889	10.35986	10.26871	6.75384	0	0	0	0	0	7.52392	0	9.83572	0	0	0	0	0	0	0	
0	0	0	0	0	0	0	0	0	0	0	0	0	10.10567	0	0	0	0	0	2.26709	0	0	0	0	0	2.45567	0	0	0	0	0	0	0	0	9.71363	0	0	8.74325	0	0	8.88738	0	3.74348	8.0692	6.39678	0	0	0	0	0	6.10866	7.8562	0	0	5.88643	0	0	0	0	7.81399	5.4451	0	6.35877	8.43379	6.66421	4.50346	9.99817	7.21387	0	4.55251	4.94535	0	5.60364	5.9573	10.16518	7.29687	5.04332	5.5583	6.61519	3.58491	0	5.60154	9.30407	5.70913	2.35094	0	0	6.71746	3.52882	0	0.96599	0	0	7.054	0	0	0	0	4.71676	0	
0	0	0	0	0	0	0	5.8551	0	0	0	0	0	0	0	0	0	0	0	0	0	0	8.7578	0	0	0	0	0	10.19872	0	0	0	0	0	9.6322	0	0	3.59963	0	0	0	1.42206	0	0	0	0	5.80065	0	0	0	0	0	8.94153	0	0	0	5.12069	5.10299	0	6.18312	8.59032	0	0	5.62688	0	3.2114	0	7.35538	6.87916	10.37271	8.6556	6.72745	6.89745	4.73379	8.94712	6.98073	3.54405	0.39813	6.52383	6.97967	7.48824	7.70026	1.99931	0	5.14498	0	0.96599	3.62572	0	0	8.43512	7.77973	0	0	0	0	8.35056	0	0	0	
0	0	0	0	0	0	0	0	2.26709	0	0	0	0	0	0	0	0	0	0	0	0	0	0	0	0	0	0	0	0	0	0	0	0	0	0	0	0	5.99437	0	0	0	0	0	0	0	0	0	0	0	7.37445	0	4.76691	0	3.56947	0	0	2.99843	6.39311	0	0	2.87888	0	8.87376	11.85877	8.73646	5.73801	0	0	8.14299	6.80754	0	1.82469	6.41571	9.64028	7.98943	6.30446	0	3.17592	3.81381	6.31383	1.96761	9.413	5.10299	0	0	0	4.58	0	0	0	0	0	5.42106	6.0552	10.71659	0	0	0	0	0	
0	0	0	0	0	0	0	7.43928	0	0	0	0	0	0	0	0	0	0	0	0	0	0	0	0	0	0	0	0	0	0	0	0	0	0	0	0	0	5.43894	0	7.01554	0	0	0	0	0	0	0	0	0	0	4.71884	0	0	13.04821	5.33649	0	0	5.60198	9.41233	12.18555	0	0.39813	0	7.52031	8.2814	9.67882	0	0	7.45992	4.92122	7.77369	3.89987	4.39182	7.74416	9.07928	7.545	6.10202	0	7.96326	7.26373	7.44496	10.5801	3.61919	8.3806	7.11638	0	0	0.97875	0	0	8.44699	0	0	0	0	1.17398	0	0	0	0	
0	0	0	0	0	0	0	0	0	0	0	0	0	0	0	0	0	0	0	0	0	0	0	0	0	10.5732	0	0	0	0	0	0	0	0	0	0	0	2.16855	0	0	0	0	0	0	4.85626	0	0	0	9.60302	0	0	0	0	0	0	1.18345	0	0	0	0	0	0	7.63216	0	0	5.32137	5.11443	6.89149	0	8.22864	2.38743	0	6.81771	0	9.02399	6.20629	2.26709	6.98453	5.27861	6.47261	4.10954	0	5.50116	0	6.44494	6.34411	0	0	0	0	9.75931	0	0	0	0	0	0	0.70982	0	0	
0	0	0	0	0	0	0	0	0	0	0	0	4.20777	0	0	0	0	0	0.39813	0	0	0	0	0	0	0	0	0	0	0	0	0	0	0	0	0	0	0	0	0	0	0	0	0	0	0	0	7.82217	0	0	0.96599	0	10.10275	0	0	0	0	0	0	5.99506	0	0	0	4.93112	2.06278	9.45606	9.13118	0	11.99788	0	0	9.08266	0	0	0	2.25016	6.02728	8.84025	7.38708	3.93956	0	6.05312	4.50995	4.53241	5.15982	2.63931	5.60874	0	7.17949	0	0	0	0	7.0881	0	0	0	0	0	0	
0	0	0	0	0	0	0	0	0	0	0	0	0	0	0	0	0	0	0	0	0	0	0	0	0	0	0	0	0	0	0	0	9.9396	0	0	0	0	0	0	0	3.30715	0	0	0	0	0	0	0	0	0	0	0	0	0	0	0	5.0665	0	0	0	8.31408	0	0	5.08826	0	5.00644	0	0	5.29325	0	0	0	8.76625	0	0	3.43981	0	0	4.96885	9.79115	8.14877	7.32955	9.82296	0	6.51178	0	0	0	5.89416	0	7.28508	5.40016	4.76584	0	0	0	0	0	0	0	
0	0	0	0	0	0	0	2.07864	0	0	0	0	0	0	0	0	0	0	0	0	0	0	0	0	0	0	0	0.96599	0	0	0	0	0	0	0	0	0	0	0	0	0	0	0	0	0	0	0	0	0	0	0	0	0	0	0	0	0	1.53938	0	0	0	0	0	0	0	0	0	0	0	0	3.00152	3.30971	5.92154	0	0	6.0196	7.79559	0	9.3681	2.26709	0	5.50608	0	7.27731	1.53938	8.60163	0	12.13142	0	1.53938	0	0.39813	0	0	0	9.57565	0	0	0	0	
0	0	0	0	0	0	0	0	0	0	0	0	0	0	0	0	0	0	0	0	9.73853	0	0	0	0	0	0	0	0	0	6.1988	0	0	0	0	0	0	0	0	0	0	0	0	0	0	0	0	0	0	0	0	0	0	0	0	0	0	0	0	11.9147	0	0	0	0	6.57085	8.44173	7.68631	6.90084	0	0	0	0	0	0	0	1.18345	4.31436	0.39813	0	0	2.80715	0	0	0	3.63448	6.7772	7.54222	5.25778	6.72181	0	6.67771	5.26675	6.04065	3.63696	0	6.06824	0	0	0	0	
0	0	0	0	0	0	0	0	0	0	0	0	0	0	0	0	0	0	0	0	0	0	0	0	0	0	0	0	0	0	0	0	0	0	0	0	0	0	0	0	0	0	0	0	0	0	0	0	4.88757	0	0	0	0	0	0	0	0	0	0	0	0	0	0	0	0	0	0	0	0	8.79234	11.9604	9.7471	5.57656	0	9.25239	8.07601	0	8.36732	0.70982	0	0	8.09793	8.86818	0	4.16253	0	0	0	0	7.29132	0	1.24046	6.74471	0	2.67861	0	0	0	0	0	
0	0	0	0	0	0	0	0	0	0	0	0	0	0	0	7.07795	0	0	0	0	0	0	0	0	0	0	0	0	0	0	0	0	0	0	8.0451	0	0	0	0	0	0	0	0	0	0	0	0	0	0	0	0	0	0	0	0	0	0	0	0	0	0	0	0	0	0	0	0	5.93969	0	0	0	0	0	10.10858	0	0	0	0.483	0	0	0	4.75802	0	0	3.20372	0	8.00707	3.41929	7.53632	10.14451	8.90661	0	8.85507	0	0	0	0	0	0	0	
0	0	0	0	0	0	0	0	0	0	0	0	0	0	0	0	0	0	0	0	0	0	0	0	0	0	0	0	0	0	0	0	0	0	0	0	0	0	0	0	0	0	0	0	0	0	0	0	8.94246	3.30715	0	0	0	0	0	0	0	0	0	6.09531	0	0	0	0	0	7.21849	0	0	0	0	0	5.18088	0	0	0	0	0	13.08635	0	5.85044	8.0064	0	0	10.08598	0	0	0	0	0	0	0	0	0	0	0	0	0	0	0	0	
0	0	0	0	0	0	0	0	0	0	0	0	0	0	0	0	0	0	0	0	0	0	0	0	0	0	0	0	0	0	0	0	0	0	0	0	0	0	0	0	0	0	0	0	0	0	0	0	0	0	0	0	0	0	0	2.69967	0	0	14.59052	0	0	0	0	0	7.67514	0	0	0	0	0	0	10.08091	0	4.37176	0	0	5.00644	0	0	0	4.66023	5.80214	4.60711	8.15763	0	0	0	7.49879	8.05184	0	0.70982	10.44915	11.07536	0	0	0	0	0	0	0	
0	0	0	0	0	0	0	0	0	0	0	0	0	0	0	0	0	0	0	0	0	0	0	0	0	0	0	0	0	0	0	0	0	0	0	0	0	0	0	0	0	0	0	0	0	0	0	0	0	0	0	0	0	0	0	0	0	0	0	0	0	0	0	0	0	0	0	0	0	0	0	0	0	0	0	0	0	0	0	0	0	0	0	0	0	0	0.39813	0	0	0	0	9.19566	0	0	0	0	0	0	0	0	
0	0	0	0	0	0	0	0	0	0	0	0	0	0	0	0	0	0	0	0	0	0	0	0	0	0	0	0	0	0	0	0	0	0	0	0	0	0	0	0	0	0	0	0	0	0	0	0	0	0	0	0	0	0	0	0	0	0	0	0	0	0	0	0	0	0	0	0	0	0	9.0806	0	0	0	0	0	0	0	0	9.01636	0	0	0	9.71199	0	0	0	0	0	0	3.52322	10.16757	0	0	0	0	0	0	0	0	
0	0	0	0	0	0	0	0	0	0	0	0	0	0	0	0	0	0	0	0	0	0	0	0	0	0	0	0	0	0	0	0	0	0	0	0	0	0	0	0	0	0	0	0	0	0	0	0	0	0	0	0	0	0	0	0	0	0	0	1.94864	0	0	0	0	0	0	0	0	0	0	4.30374	0	0	0	0	0	0	0	0	0	0	0	0	0	0	0	3.35274	0	0	0	0	0	0	0	0	0	0	0	0	0	
0	0	0	0	0	0	0	0	0	0	0	0	0	0	0	0	0	0	0	0	0	0	0	0	0	0	0	0	0	0	0	0	0	0	0	0	0	0	0	0	0	0	0	0	0	0	0	0	0	0	0	0	0	0	0	0	0	0	0	0	0	0	0	0	0	0	0	0	0	9.1886	1.53938	0	0	0	0	0	0	0	7.52392	0	0	0	0	0	0	0	0	0	6.64143	3.81037	0	0	0	0	0	0	0	0	0	0	
0	0	0	0	0	0	0	0	0	0	0	0	0	0	0	0	0	0	0	0	0	0	0	0	0	0	0	0	0	0	0	0	0	0	0	0	0	0	0	0	0	0	0	0	0	0	0	0	0	0	0	0	0	0	0	0	0	0	0	0	0	0	0	0	0	0	0	0	0	0	0	0	0	0	0	0	0	0	0	0	0	0	0	0	0	0	1.18345	0	0	0	0	0	0	0	0	0	0	0	0	0	
0	0	0	0	0	0	0	0	0	0	0	0	0	0	0	0	0	0	0	0	0	0	0	0	0	0	0	0	0	0	0	0	0	0	0	0	0	0	0	0	0	0	0	0	0	0	0	0	0	0	0	0	0	0	0	0	0	0	5.39214	0	0	0	0	0	0	0	0	0	0	0	0	0	0	0	0	4.53886	0	0	0	0	0	0	0	0	0	0	0	0	0	0	0	0	0	0	0	0	0	0	0	0	
0	0	0	0	0	0	0	0	0	0	0	0	0	0	0	0	0	0	0	0	0	0	0	0	0	0	0	0	0	0	0	0	9.98056	0	0	0	0	0	0	0	0	0	0	0	0	0	0	0	0	0	1.37234	0	0	0	0	0	0	0	0	0	0	0	0	0	0	0	0	0	0	0	0	0	0	0	0	1.18345	0	0	0	0	0	0	0	0	0	0	0	0	0	0	0	0	0	0	0	0	0	0	0	0	
0	0	0	0	0	0	0	0	0	0	0	0	0	0	0	0	0	0	0	0	0	0	0	0	0	0	0	0	0	0	0	0	0	0	0	0	0	0	0	0	0	0	0	0	0	0	0	0	0	0	0	0	0	0	0	0	0	0	0	0	0	0	0	0	0	0	0	0	0	0	0	0	0	0	0	0	0	0	0	0	0	0	0	0	0	0	0	0	0	0	0	0	0	0	0	0	0	0	0	0	
0	0	0	0	0	0	0	0	0	0	0	0	0	0	0	0	0	0	0	0	0	0	0	0	0	0	0	0	0	0	0	0	0	0	0	0	0	0	0	0	0	0	0	0	0	0	0	0	0	0	0	0	0	0	0	0	0	0	0	0	0	0	0	0	0	0	0	0	0	0	0	0	0	0	0	0	0	0	0	0	0	0	0	0	0	0	0	0	0	0	0	0	0	0	0	0	0	0	0	0	
0	0	0	0	0	0	0	0	0	0	0	0	0	0	0	0	0	0	0	0	0	0	0	0	0	0	0	0	0	0	0	0	0	0	0	0	0	0	0	0	0	0	0	0	0	0	0	0	0	0	0	0	0	0	0	0	0	0	0	0	0	0	0	0	0	0	0	0	0	0	0	0	0	0	0	0	0	0	0	0	0	0	0	0	0	0	0	0	0	0	0	0	0	0	0	0	0	0	0	0	
0	0	0	0	0	0	0	0	0	0	0	0	0	0	0	0	0	0	0	0	0	0	0	0	0	0	0	0	0	0	0	0	0	0	0	0	0	0	0	0	0	0	0	0	0	0	0	0	0	0	0	0	0	0	0	0	0	0	0	0	0	0	0	0	0	0	0	0	0	0	0	0	0	0	0	0	0	0	0	0	0	0	0	0	0	0	0	0	0	0	0	0	0	0	0	0	0	0	0	0	
0	0	0	0	0	0	0	0	0	0	0	0	0	0	0	0	0	0	0	0	0	0	0	0	0	0	0	0	0	0	0	0	0	0	0	0	0	0	0	0	0	0	0	0	0	0	0	0	0	0	0	0	0	0	0	0	0	0	0	0	0	0	0	0	0	0	0	0	0	0	0	0	0	0	0	0	0	0	0	0	0	0	0	0	0	0	0	0	0	0	0	0	0	0	0	0	0	0	0	0	
0	0	0	0	0	0	0	0	0	0	0	0	0	0	0	0	0	0	0	0	0	0	0	0	0	0	0	0	0	0	0	0	0	0	0	0	0	0	0	0	0	0	0	0	0	0	0	11.67819	0	0	0	0	0	0	0	0	0	0	0	0	0	0	0	0	0	0	0	0	0	0	0	0	0	0	9.28573	0	0	0	0	0	0	0	0	0	0	0	0	0	0	0	0	0	0	0	0	0	0	0	0	0	
