0	0	0	0	0	0	0	0	0	0	0	0	0	0	0	0	0	0	0	0	0	0	0	0	0	0	0	0	0	0	0	0	0	0	0	0	0	0	0	0	0	0	0	0	0	0	0	0	0	0	0	8.68827	0	0	0	0	0	0	0	0	0	0	0	0	0	0	0	0	0	0	0	0	0	0	0	0	0	0	0	0	0	0	0	0	0	0	0	0	0	0	0	0	0	0	0	0	0	0	0	0	
0	0	0	0	0	0	0	0	0	0	0	0	0	0	0	0	0	0	0	0	0	0	0	0	0	0	0	0	0	0	0	0	0	0	0	0	0	0	0	0	0	0	0	0	0	0	0	14.58253	0	0	0	0	0	0	0	0	0	0	0	0	0	0	0	10.35439	0	0	0	0	0	0	0	0	0	0	0	0	0	0	0	0	0	0	0	0	0	0	0	0	0	0	0	0	0	0	0	0	0	0	0	0	
0	0	0	0	0	0	0	0	0	0	0	0	0	0	0	0	0	0	0	0	0	0	0	0	0	0	0	0	0	0	0	0	0	0	0	0	0	0	0	0	0	0	0	0	0	0	0	0	0	0	0	0	0	0	9.58816	0	0	0	0	0	0	0	0	0	0	0	0	0	0	0	0	0	0	0	0	0	0	0	0	0	0	0	0	0	0	0	0	0	0	0	0	0	0	0	0	0	0	0	0	0	
0	0	0	0	0	0	0	0	0	0	0	0	0	0	0	0	0	0	0	0	0	0	0	0	0	0	0	0	0	0	0	0	0	0	0	0	0	0	0	0	0	0	0	0	0	0	11.89067	9.44069	0	0	0	0	0	0	0	0	0	0	0	0	0	0	0	0	0	0	0	0	0	0	0	0	0	0	0	0	0	0	0	0	0	0	0	0	0	0	0	0	0	0	0	0	0	0	0	0	0	0	0	0	
0	0	0	0	0	0	0	0	0	0	0	0	0	0	0	0	0	0	0	0	0	0	0	0	0	0	0	0	0	0	0	0	0	0	0	0	0	6.52214	0	0	0	0	0	14.16565	0	0	0	0	0	0	0	0	0	0	0	0	0	0	0	0	0	0	0	0	0	0	0	0	0	0	0	0	0	0	0	0	0	0	0	0	0	0	0	0	0	0	0	0	0	0	0	0	0	0	0	0	0	0	0	0	
0	0	0	0	0	0	0	0	0	0	0	0	0	0	0	0	0	0	0	0	0	0	0	0	0	0	0	0	0	0	0	0	0	0	0	0	0	0	0	0	0	0	0	0	0	0	0	0	0	0	0	0	0	0	0	0	0	0	0	0	0	0	0	0	0	0	0	0	0	0	0	0	8.49109	0	0	0	0	0	0	0	0	0	0	0	0	0	0	0	0	0	0	0	0	0	0	0	0	0	0	0	
0	0	0	0	0	0	0	0	0	0	0	0	0	0	0	0	0	0	0	0	0	0	0	0	0	0	0	0	0	0	0	0	0	0	0	0	0	0	0	0	0	0	0	0	0	0	0	0	0	0	0	0	0	0	0	0	0	0	0	0	0	0	0	0	0	0	0	0	0	0	0	0	0	0	10.68211	0	0	0	0	0	0	0	0	0	0	0	0	0	0	0	0	0	0	0	0	0	0	0	0	0	
0	0	0	0	0	0	0	0	0	0	0	0	0	0	0	0	0	0	0	0	0	0	0	0	0	0	0	0	0	0	0	0	0	0	0	0	0	0	0	0	0	0	0	0	0	0	0	0	0	0	0	8.23465	0	0	0	12.92312	0	0	6.08266	0	0	0	0	0	0	0	0	0	0	0	0	0	0	0	0	0	0	0	0	0	0	0	0	0	0	0	0	0	0	0	0	0	0	0	0	0	0	0	0	0	
0	0	0	0	0	0	0	0	0	0	0	0	0	0	0	0	0	0	0	0	0	0	0	0	0	0	0	0	3.70792	0	0	0	0	0	0	0	0	0	0	0	0	0	0	0	0	0	0	0	0	0	0	0	0	0	0	0	0	0	0	0	0	0	0	0	0	0	0	7.43367	0	0	0	0	0	0	0	0	0	0	0	0	0	0	0	0	0	0	0	0	0	0	0	0	0	0	0	0	0	0	0	0	
0	0	0	0	0	0	0	0	0	0	0	0	0	0	0	0	0	0	0	0	0	0	0	0	0	0	0	0	0	0	0	0	0	0	0	0	0	0	0	0	0	0	0	0	0	0	0	0	0	0	0	0	0	0	0	8.99507	0	0	0	0	0	0	0	0	0	0	0	0	0	0	0	0	0	0	0	0	0	0	0	0	0	0	0	0	0	0	0	0	0	0	0	0	0	0	0	0	0	0	0	0	
0	0	0	0	0	0	0	0	0	0	0	0	0	0	0	0	0	0	0	0	0	0	0	0	0	0	0	0	0	0	0	0	0	0	0	0	0	0	0	0	0	0	0	0	0	0	0	0	0	0	0	0	0	0	0	0	0	0	0	0	0	0	0	0	0	0	0	10.62777	0	0	0	0	0	0	0	0	0	0	0	0	0	0	0	0	0	0	0	0	0	0	0	0	0	0	0	0	0	0	0	0	
0	0	0	0	0	0	0	0	0	0	0	0	0	0	0	0	0	0	0	0	0	0	0	0	0	0	0	0	0	0	0	0	0	0	0	0	0	0	0	0	0	0	0	0	0	0	0	0	0	0	0	0	2.8143	0	0	0	2.66592	0	0	0	0	0	0	0	0	0	0	0	0	0	0	0.8516	0	0	0	0	0	0	0	0	0	0	0	0	0	0	0	0	0	0	0	0	0	0	0	0	0	0	0	0	
0	0	0	0	0	0	0	0	0	0	0	0	0	0	0	0	0	0	0	0	0	0	0	0	0	0	0	0	0	0	0	0	0	0	0	0	0	0	0	0	0	0	0	0	0	0	0	0	8.32368	0	0	0	11.66247	0	0	0	0	0	0	0	0	0	0	0	0	0	0	6.34071	0	0	0	0	0	0	0	0	0	0	0	0	0	0	0	0	0	0	0	0	0	0	0	0	0	0	0	0	0	0	0	0	
0	0	0	0	0	0	0	0	0	0	0	0	0	0	0	0	0	0	0	0	0	0	0	0	0	0	0	0	0	0	13.01614	0	0	0	0	0	0	0	0	3.98944	0	0	0	0	0	0	0	9.48989	0	0	0	0	0	0	0	0	0	8.59379	6.63154	0	9.73665	0	0	11.93106	0	0	0	0	0	0	0	0	0	0	0	0	0	0	0	0	0	0	0	0	0	0	0	0	0	0	0	0	0	0	0	0	0	0	0	0	
0	0	0	0	0	0	0	0	0	0	0	0	0	0	0	0	0	0	0	0	0	0	0	0	0	0	0	0	0	0	0	0	0	0	0	0	0	0	0	0	0	0	0	0	0	0	0	0	0	0	0	0	0	0	5.09203	0	0	0	0	0	0	0	0	0	0	0	0	0	0	0	0	0	0	0	1.14196	0	0	0	0	0	0	0	0	0	0	0	0	0	0	0	0	0	0	0	0	0	0	0	0	0	
0	0	0	0	0	0	0	0	0	0	0	0	0	0	0	0	0	0	0	0	0	0	0	0	0	0	0	0	0	0	0	0	0	0	0	0	0	0	0	0	0	0	14.50978	0	0	0	0	0	0	0	0	0	9.52969	0	0	0	0	0	0	13.10274	0	0	0	0	0	0	0	0	0	0	0	10.17677	0	0	0	0	0	0	0	0	0	0	0	0	0	0	0	0	0	0	0	0	0	0	0	0	0	0	0	0	
0	0	0	0	0	0	0	0	0	0	0	0	0	0	0	0	0	0	0	0	0	0	0	0	0	0	0	0	0	0	0	0	0	0	0	0	0	0	0	0	0	0	0	6.38509	0	0	0	11.39462	0	0	0	8.10842	0	0	0	0	0	0	4.71403	0	0	0	0	0	0	0	0	0	0	0	0	0	0	0	0	0	0	0	0	0	0	0	0	0	0	0	0	0	0	0	0	0	0	0	0	0	0	0	0	0	
0	0	0	0	0	0	0	0	0	0	0	0	0	0	0	0	0	0	0	0	0	0	0	0	0	0	0	0	0	0	0	0	0	0	0	0	0	0	0	0	0	0	9.59193	0	0	0	0	0	0	0	0	0	0	0	0	9.142	0	0	0	0	0	0	0	0	0	0	0	0	11.76107	0	0	0	0	0	0	0	0	0	0	0	0	0	0	0	0	0	0	0	0	0	0	0	0	0	0	0	0	0	0	0	
0	0	0	0	0	0	0	0	0	0	0	0	0	0	0	0	0	0	0	0	0	0	0	0	0	0	0	0	0	0	0	0	0	0	0	0	0	0	0	0	13.82423	0	0	0	0	0	0	0	0	0	0	0	0	0	0	0	0	0	0	0	0	0	0	0	0	0	0	0	0	0	0	0	0	0	0	0	0	0	0	0	0	0	0	0	0	0	0	0	0	0	0	0	0	0	0	0	0	0	0	0	
0	0	0	0	0	0	0	0	0	0	0	0	0	0	0	0	0	0	0	0	0	0	0	0	0	0	0	0	0	0	0	0	0	0	0	0	0	0	0	0	0	0	0	0	0	0	0	10.44043	0	0	5.97615	0	0	0	0	0	0	0	0	0	0	0	0	0	0	0	0	0	0	0	0	0	0	0	0	0	8.56036	0	0	0	0	0	0	0	0	0	0	0	0	0	0	0	0	0	0	0	0	0	0	0	
0	0	0	0	0	0	0	0	0	0	0	0	0	0	0	0	0	0	0	0	0	0	0	0	0	0	0	0	0	0	0	0	0	0	0	0	0	0	0	0	0	0	0	0	0	0	0	10.87213	0	0	9.8589	9.82731	0	0	0	0	6.50202	0	10.81078	0	9.98738	0	0	0	0	8.93941	0	0	0	0	0	0	0	0	0	0	0	0	0	0	0	0	0	0	0	0	0	0	0	0	0	0	0	0	0	0	0	0	0	0	
0	0	0	0	0	0	0	0	0	0	0	0	0	0	0	0	0	0	0	0	0	0	0	0	0	0	0	0	0	0	0	0	0	0	0	0	0	0	0	0	0	7.66484	0	0	0	0	0	0	0	0	0	0	0	0	0	0	0	0	0	0	0	0	0	0	0	0	0	0	1.3835	0	0	0	0	0	0	0	0	0	0	0	0	0	0	0	0	0	0	0	0	0	0	0	0	0	0	0	0	0	0	0	
0	0	0	0	0	0	0	0	0	0	0	0	0	0	0	0	0	0	0	0	0	0	0	0	0	0	0	0	0	0	0	5.33703	0	0	0	0	0	0	0	0	0	0	0	0	0	0	0	6.66623	0	0	0	0	0	0	0	0	0	0	0	0	0	0	0	0.4878	0	0	0	0.8516	0	0	0	0	0	0	0	0	0	0	0	0	0	0	0	0	0	0	0	0	0	0	0	0	0	0	0	0	0	0	0	0	
0	0	0	0	0	0	0	0	0	0	0	0	0	0	0	0	0	0	0	0	0	0	0	0	0	0	0	0	0	0	0	11.88791	0	0	1.3835	0	0	0	0	0	0	0	0	0	0	0	0	0	0	0	0	0	0	0	0	0	0	0	0	0	0	0	0	0	0	0	0	0	0	0	0	0	0	0	0	0	0	0	0	0	0	0	0	0	0	0	0	0	0	0	0	0	0	0	0	0	0	0	0	0	
0	0	0	0	0	0	0	0	0	0	0	0	0	0	0	0	0	0	0	0	0	0	0	0	0	0	0	0	0	0	0	0	0	0	0	0	0	0	0	0	0	0	0	9.95617	0	0	0	0	0	8.77428	0	0	0	0	10.20801	0	0	0	0	0	0	0	0	0	0	0	0	0	0	0	0	0	0	0	0	0	0	0	0	1.93565	0	0	0	0	0	0	0	0	0	0	0	0	0	0	0	0	0	0	0	0	
0	0	0	0	0	0	0	0	0	0	0	0	0	0	0	0	0	0	0	0	0	0	0	0	0	0	0	0	0	0	0	0	7.436	0	0	0	0	0	0	0	0	0	0	0	0	0	0	3.1115	0	0	6.28265	6.75273	0	0	0	0	0	0	9.20629	0	0	0	0	0	0	0	0	0	0	0	2.43957	0	0	0	0	0	0	0	0	0	0	0	0	0	0	5.23604	0	0	0	0	0	0	0	0	0	0	0	0	0	0	
0	0	0	0	0	0	0	0	0	0	0	0	0	0	0	0	0	0	0	0	0	0	0	0	0	0	0	0	0	0	0	0	0	0	0	0	0	0	0	12.22309	0	0	0	0	16.8885	0	1.93199	0	0	0	0	0	0	0	0	0	0	0	0	0	0	0	0	0	0	0	0	0	0	0	0	0	0	0	0	0	0	0	0	0	0	0	0	0	0	0	0	0	0	0	0	0	0	0	0	0	0	0	0	0	
0	0	0	0	0	0	0	0	0	0	0	0	0	0	0	0	0	0	0	0	0	0	0	0	0	0	0	0	0	0	0	0	0	0	0	10.12678	0	0	0	0	0	0	0	0	0	0	0	9.35194	0	0	0	0	0	7.9128	0	0	0	0	0	0	8.85796	0	0	0	0	0	0	0	0	0	0	0	0	0	0	0	0	0	0	0	0	0	0	0	0	0	0	0	0	0	0	0	0	0	10.68458	0	0	0	0	0	
0	0	0	0	0	0	0	0	0	0	0	0	0	0	0	0	0	0	0	0	0	0	0	0	0	0	0	0	0	0	0	0	0	0	0	0	0	0	0	0	0	14.23067	0	0	0	0	0	0	0	0	0	0	3.04273	0	0	0	0	0	0	0	0	0	0	0	0	0	0	1.93199	0	0	0	6.11651	0	0	0	0	0	0	0	0	0	0	0	0	0	0	0	0	0	0	0	0	0	0	0	0	0	0	0	0	
0	0	0	0	0	0	0	0	0	0	0	0	0	0	0	0	0	0	0	0	0	0	0	0	0	0	0	0	0	0	0	0	0	0	0	0	0	0	0	0	7.19985	0	0	0	10.25673	0	0	5.33329	0	0	3.51836	10.93839	0	0	0	10.36719	0	0	6.71124	0	6.52214	0	0	0	0	0	0	0	0	0	0	0	0	0	0	0	0	0	0	0	0	0	0	0	0	0	0	0	0	0	0	0	0	0	0	6.18192	0	0	0	0	
0	0	0	0	0	0	0	0	0	0	0	0	0	0	0	0	0	0	0	0	0	0	0	0	0	0	0	0	0	0	0	0	0	0	0	0	0	0	0	0	0	0	0	0	14.78039	0	0	0	0	0	0	0	5.33703	0	0	0	0	8.09447	0	0	0	4.96204	0	0	0	0	0	0	0	0	0	0	0	0	0	0	0	0	0	0	0	0	0	0	0	0	0	0	0	0	0	0	0	0	0	0	0	0	0	0	
0	0	0	0	0	0	0	0	0	0	0	0	0	0	0	0	0	0	0	0	0	0	0	0	0	0	0	0	0	0	0	0	0	0	0	0	0	0	0	0	0	0	0	11.37212	0	0	11.7828	0	0	0	7.74548	0	0	0	0	0	0	0	0	7.33538	0	0	0	0	8.43014	0	0	9.31415	0	0	0	0	10.12781	0	0	0	4.67454	0	0	0	0	0	0	0	0	0	0	0	0	0	0	0	0	0	0	0	0	0	0	0	
0	0	0	0	0	0	0	0	0	0	0	0	0	0	0	0	0	0	0	0	0	0	0	0	0	0	0	0	0	0	0	0	0	0	0	0	0	0	0	0	0	0	0	0	0	0	0	10.57738	0	0	0	8.9753	6.55337	0	0	8.9756	0	0	13.77279	0	0	0	0	0	0	0	0	12.51198	0	0	0	0	0	11.86149	0	0	0	0	0	0	0	0	0	0	0	0	0	0	0	0	0	0	0	0	0	0	0	0	0	0	
0	0	0	0	0	0	0	0	0	0	0	0	0	0	0	0	0	0	0	0	0	0	0	0	0	0	0	0	0	0	0	0	0	0	0	0	0	14.95119	0	0	0	0	0	0	0	0	0	0	13.01579	0	0	3.95632	0	0	0	0	7.20772	0	0	1.3835	0	0.4878	0	0	0	0	0	0	0	0	0	0	0	0	6.09241	0.8516	0	0	0	0	0	0	0	0	0	0	0	0	0	0	0	0	0	0	0	0	0	0	0	0	
0	0	0	0	0	0	0	0	0	0	0	0	0	0	0	0	0	0	0	0	0	0	0	0	0	0	0	0	0	0	0	0	0	0	0	0	0	0	0	0	0	0	13.70757	0	0	9.69494	0	11.71353	0	0	6.9269	0	12.3833	0	8.87041	0	0	0	0	0	0	0	0	8.47487	0	0	0	1.3835	0	0	7.62718	0	0	0	0	0	0	0	1.14196	0	0	0	0	0	0	0	0	0	0	0	0	0	0	0	0	0	0	0	0	0	
0	0	0	0	0	0	0	0	0	0	0	0	0	0	0	0	0	0	0	0	0	0	0	0	0	0	0	0	0	0	0	0	0	0	0	0	0	0	0	0	0	0	0	0	0	0	0	7.04146	9.49954	0	0	8.27205	0	0	0	0	0	0	0	0	0	0	0	0	0.4878	0	0	0	0	0	0	0	0	0	0	0	0	0	0	0	0	0	0	0	0	0	0	0	0	0	4.19353	0	0	0	0	0	0	0	0	0	
0	0	0	0	0	0	0	0	0	0	0	0	0	0	0	0	0	0	0	0	0	0	0	0	0	0	0	0	0	0	0	0	0	0	0	0	0	0	0	0	0	0	0	0	0	0	0	13.97941	0	0	0	0	8.8642	0	0	0	0	0	11.78548	10.18427	0	0	0	0	0	0	0	0	0	0	0	0	0	0	0	0	0	0	0	0	0	0	0	0	0	0	0	0	0	0	0	0	0	0	0	0	0	0	4.92431	0	
0	0	0	0	0	0	0	0	0	0	0	0	0	0	0	0	0	0	0	0	0	0	0	0	0	0	0	0	0	0	0	0	0	0	0	0	0	0	0	0	0	0	5.88079	0	0	0	0	0	0	8.64763	0	6.57787	0	6.59598	0	0	0	0	0	0	0	0	0	0	11.88715	0	0	0	0	0	0	0	0	0	0	0	10.88046	0	0	0	0	0	0	0	0	0	0	0	0	0	0	0	0	0	0	0	0	0	0	0	
0	0	0	0	0	0	0	0	0	0	0	0	12.09005	0	0	0	0	0	0	0	0	0	0	0	0	0	0	0	0	0	9.57605	0	0	0	0	0	0	0	0	0	0	0	10.62484	0	0	0	0	9.58439	0	0	14.14399	0	0	2.54275	0.4878	0	9.33254	0	0	0	0	0	0	7.32093	8.51191	7.71818	0	0	0	0	0	0	0	0	0	0	0	0	0	0	0	0	0	0	0	0	0	0	0	0	0	0	0	0	0	0	0	0	0	0	
0	0	0	0	0	0	0	0	0	0	0	0	0	0	0	0	0	0	0	0	0	0	0	0	0	0	0	0	0	0	0	0	0	0	0	0	0	0	0	0	0	0	0	0	0	11.07151	4.37228	0	1.59039	12.45058	0.8516	9.25792	6.49252	0	11.14701	5.62214	0	0	0	0	13.12025	0	0	0	0	0	0	0	0	7.68556	0	0	0	0	0	0	3.1177	0	0	0	0	0	0	0	0	0	0	0	0	0	0	0	0	0	0	0	0	0	0	0	
0	0	0	0	0	0	0	0	0	0	0	0	0	0	0	7.74006	0	0	0	0	0	0	0	0	0	0	0	0	0	0	0	0	0	0	0	4.25561	11.78921	0	0	0	0	0	0	0	0	11.34338	6.8486	9.48585	1.77125	8.9582	0	0	2.20799	0	13.61119	0	0	0	0	5.33703	0	9.01315	0	5.89061	0	7.99106	0	0	11.79102	0	6.2057	0	0	0	0	10.26383	0	3.2399	0	2.72934	0	0	0	0	0	0	0	0	0	0	9.34571	0	0	0	0	0	0	0	0	0	
0	0	0	0	0	0	0	0	0	0	0	0	0	0	0	0	0	0	0	0	0	0	0	0	0	0	11.64807	0	0	0	0	2.43957	0	0	4.25561	0	0	0	0	0	12.17076	0	0	0	0	0	0	0	8.46485	4.45399	2.72934	9.21119	9.52182	0	10.72354	0	6.80763	0	3.79579	0	1.77125	6.4443	0	0	0	6.77621	0	0	0	0	0	0	0	9.4423	0	0	0	0	0	0	0	0	0	0	0	0	0	0	0	0	0	0	0	0	0	0	2.97054	0	0	0	
0	0	0	0	0	0	0	0	0	0	0	0	0	0	0	0	0	0	0	11.48333	0	0	0	0	0	0	0	0	0	0	0	0	0	0	0	0	0	0	0	0	0	0	0	14.43497	0	0	9.94444	9.47773	10.31256	0	7.2916	9.80822	11.04083	0	0	0	12.97572	0	0	7.67688	5.94246	0	0	11.44137	0	9.26877	0	6.89799	0	0	0	0	0	0	0	0	0	0	0	0	0	0	0	0	0	0	0	0	0	0	7.94011	0	0	0	0	0	0	0	0	0	
0	0	0	0	0	0	0	0	0	0	0	0	7.70155	0	0	0	0	0	0	9.48098	0	0	0	0	0	0	0	0	0	0	0	0	0	6.35125	0	0	0	0	0	0	0	13.11836	12.5475	0	10.49741	0	0	2.8595	8.08809	0	0	8.4568	7.60106	0	10.09758	4.58065	5.49194	5.79625	7.43223	0	0	0	0	0	6.50945	0	0	0	0	0	0	0	0	0	0	0	0	0	12.76119	0.4878	0	0	0	0	0	0	0	0	0	0	0	0	0	0	0	0	0	0	0	0	
0	0	0	0	0	0	0	0	0	0	0	0	0	0	0	0	0	0	0	0	0	0	0	15.10654	0	0	0	0	0	0	0	0	0	0	0	0	0	0	10.86934	0	0	0	8.74912	10.22847	1.59039	0	10.40263	5.98486	0	6.80617	10.02184	5.63001	0	0	0	0	0	7.42428	14.94539	11.70289	12.17734	0	0	0	8.70366	0	0	0	0	0	0	0	0	0	0	0	0	0	0	0	0	0	0	0	0	0	0	0	0	0	0	0	0	0	0	0	0	0	0	0	
0	0	6.84849	0	0	0	0	0	0	0	0	0	0	0	0	0	0	0	0	0	0	0	0	0	0	0	0	0	0	0	0	0	0	0	0	0	0	0	0	0	10.64004	0	0	0	0	9.77859	0	5.34283	10.14637	11.53673	0	10.11269	11.08958	8.53653	4.9988	8.07093	0	0	0.8516	0	9.00182	0	7.79074	9.68158	0	0	0	0	0	0	0	6.53636	0	0	0	0	0.8516	0	0	0	0	0	0	0	0	0	0	0	0	0	0	0	0	0	0	0	0	0	0	0	
0	0	0	0	0	0	0	0	0	0	0	10.60149	0	0	0	0	0	0	0	0	0	0	0	0	0	0	0	0	0	0	0	0	5.77878	0	0	0	0	8.24691	11.26038	3.87545	4.88557	8.43014	0	0	12.63097	6.83944	12.26402	10.27915	10.97266	0	10.52242	0	5.32927	4.85048	0	10.57928	3.18415	11.74413	0	0	0	0	0	0	0	0	0	5.51254	0	0	0	0	4.67454	0	0	12.04311	0	0	11.01218	0	0	0	0	0	0	0	0	0	0	0	0	0	0	0	0	7.6536	0	0	0	0	
0	0	0	0	0	0	0	0	0	0	0	0	0	0	0	0	0	0	0	0	0	0	0	0	0	0	0	0	0	0	0	0	0	0	2.72934	7.93717	0	0	0	8.9323	0	14.20865	0	10.74056	13.66902	9.59314	7.37318	8.20408	9.32373	11.27755	10.77197	11.45197	5.01073	9.56019	0	0	7.22558	0	0	5.92425	6.86352	0	0.4878	0	0	0	0	0	0	0	0	0	0	0	0	0	0	0	0.8516	0	0	0	0	0	0	0	0	10.16013	0	0	0	0	0	0	0	0	0	0	0	0	
0	0	0	0	0	0	0	0	8.625	0	8.79925	0	0	0	0	0	0	0	0	0	0	0	0	0	0	0	6.18989	0	0	0	0	0	0	0	0	0.4878	0	11.23053	12.52523	0	9.98611	8.82635	0	10.35394	3.70792	11.49091	8.94127	7.9381	8.85307	8.61113	0	7.64728	0	0	0	0	11.25804	1.77125	0	0	0	0	1.3835	0	0	0	11.17194	0	0	0	0	0	0	0	0	0	0	0	0	0	0	0	0	0	0	0	0	0	0	0	0	0	0	10.69617	0	0	0	0	0	0	
0	0	0	0	0	0	0	0	0	0	0	10.75007	0	0	11.22908	0	0	0	0	0	0	0	0	0	0	0	0	0	0	0	0	11.25306	0	0	4.06073	0	10.29003	0	0	11.83884	1.3835	0	8.62373	10.41605	10.83774	8.02052	11.59762	9.01643	4.442	7.93689	6.8875	10.2503	9.98828	7.20991	0	8.25125	10.99331	0	0	17.31531	7.42253	4.17619	0	11.32155	0	0	0	0	0	0	0	0	0	0	0	6.41865	0	0	0	0	0	0	0	4.55619	0	0	0	0	0	0	0	0	0	0	0	0	0	0	0	0	
0	0	0	0	0	0	0	0	0	0	0	0	12.1193	0	0	0	0	0	0	0	0	0	0	0	0	0	0	0	0	10.78568	0	0	7.40209	0	0	0	11.81521	0	12.06019	11.20199	11.63043	10.50135	8.66225	9.68696	8.75193	4.22284	10.97599	10.22851	3.2399	8.21578	10.22712	10.88783	9.59643	8.36498	6.07372	6.08773	9.35801	0	0	7.56111	7.04146	0	0	0	0	0	0	0	0	0	0	0	0	10.30062	0	0	0	0	0	0	10.97633	0	0	0	0	0	0	0	0	0	0	0	0	0	0	0	0	0	0	0	
0	0	0	0	0	0	0	12.58435	0	0	0	10.61487	0	0	0	0	0	0	0	0	0	0	0	0	0	0	0	8.98594	0	0	1.77125	0	12.16172	0	0	0	10.62997	5.1858	9.14413	8.79617	9.76413	6.282	0	11.03208	10.92652	10.61714	9.31771	9.05382	11.06878	10.36701	5.51326	9.69824	7.61835	8.17097	6.08403	4.8197	10.13402	6.01844	4.73091	9.09077	6.70149	10.90337	4.67454	0	9.20629	0	0	0	0	0	0	0	0	9.17751	0	0	0	0	0	0	0	0	0	0	0	0	0	0	0	0	0	0	0	0	0	0	0	0	0	0	
10.40363	0	0	0	0	0	0	0	8.13	0	0	0	9.65663	0	0	0	0	0	0	0	0	0	0	0	8.68545	0	0	8.45019	0	0	0	0	13.51929	0	11.52911	9.52812	0	6.77091	10.66343	5.53738	5.63438	8.85372	6.50861	9.6539	12.5578	10.22863	8.96468	9.4162	6.57128	5.059	10.03396	5.76402	11.48737	3.83996	10.78073	9.88187	9.27534	7.1639	0	10.58508	0.4878	1.59039	0	4.17045	0	6.79724	0	0	0	0	0.4878	0	0	0	0	0	0	0	0	0	0	0	4.65739	0	0	2.37615	0	0	0	0	0	0	0	0	0	0	0	0	0	0	
0	0	0	10.92383	0	0	0	0	0	0	0	0	0	0	0	0	0	0	8.88889	0	0	10.60373	0	4.09509	10.51275	6.78676	0	0	10.05112	6.58393	11.99618	0	11.86818	0	0	0.8516	0	9.60662	12.03641	10.17284	8.74629	5.87697	9.57505	8.63985	9.34951	10.15908	8.98792	8.07934	9.83143	7.37627	9.59929	7.78989	10.84288	6.14948	5.98164	9.16588	0	1.48527	3.94229	8.0476	1.3835	4.02552	10.13609	0	0	0	0	0	0	4.67454	0	0	6.59598	0	0	6.61387	12.47096	2.72934	0	1.59039	0	0	0	0	0	0	0	0	0	0	0	0	0	0	0	0	0	0	0	0	
9.06716	0	0	0	11.74796	8.30027	0	0	0	0	0	0	0	0	0	0	0	9.78518	0	0	0	0	0	0	10.49211	0	10.0701	8.62152	0	11.60513	11.46232	0	0	0	12.31102	9.59193	7.19828	12.68301	10.76915	10.65767	7.04174	9.21498	9.61744	9.39146	9.25131	9.10907	10.11209	8.56823	8.80691	10.13195	5.53149	9.31446	7.90893	6.20777	9.53746	7.5741	8.71263	3.11465	1.9594	8.99737	11.47581	0	5.57916	8.71889	11.1804	11.29726	8.64671	0	0	0	0	0	0	0	5.56252	0	0	0	0	0	0	0	0	0	0	0	0	0	0	0	0	0	0	0	0	5.96682	0	0	0	0	
0	0	0	0	0	0	0	0	8.11973	0	7.20772	0	0	0	0	0	9.91709	16.45202	10.98323	8.48462	8.78616	5.97237	0	0	0	13.20129	0	7.43264	9.505	11.52409	0	10.91183	11.34248	7.08053	10.53293	10.96393	7.58367	7.77971	9.67026	10.37718	9.19941	8.47469	4.73247	8.15135	9.54545	8.53849	8.31241	9.08255	8.14202	5.85677	7.77857	9.82566	7.19003	7.59296	5.34104	6.39988	5.02822	9.50674	0	10.72868	5.98926	7.22722	9.42551	0	7.27733	10.7906	2.07656	0	0	0	0	1.59039	0	0	8.51349	0	0	0	9.27253	0	0	0	0	0	0	4.37228	0	0	0	0	0	0	0	0	0	7.71818	0	0	0	0	
0	10.6647	0	0	1.14196	6.77091	0	0	0	0	0	0	0	0	5.5252	10.64091	0	11.20101	9.58945	0	6.9692	0	5.10379	0	0	0	0	0	10.39518	8.90108	8.07876	0	10.70975	2.66864	9.60017	8.16057	8.65021	8.41508	8.46405	9.33665	9.38986	8.17574	8.78947	7.87323	9.31207	7.08368	8.52453	9.44123	8.68377	8.03918	8.02631	8.46365	6.97435	8.11226	8.78438	6.23174	2.07656	6.47334	7.51125	7.65425	0	8.63255	0	11.89402	9.68463	1.14196	5.17305	13.16725	0	0	0	0	0	0	0	0.8516	0	0	0	0	8.4168	0	0	0	0	0	0	0	0	0	0	0	0	0	0	0	0	0	0	0	
0	11.53626	7.39521	0	9.57914	0	0	0	0	0	10.69687	0	0	0	8.58324	9.75326	0	8.54646	0	0	7.86977	8.74076	9.64947	7.59953	10.61709	10.7208	0	4.12984	9.98107	6.51977	9.56919	10.96534	10.13334	11.40886	10.59711	3.61747	8.09302	7.95339	7.24707	8.85311	7.72378	8.80085	7.82034	7.15099	6.71961	7.25335	8.78798	6.68553	9.11677	7.99071	8.02116	8.87458	8.06132	7.69754	7.08295	6.06619	7.82583	8.46639	6.33794	7.49509	0	6.78941	10.87272	9.50382	1.104	2.8143	1.3835	0	0	8.72987	0	12.40524	0	0	8.56956	0	7.71818	0	1.14196	0	0	0	0	4.70938	0	1.58857	0	0	0	0	0	0	0	0	0	0	0	0	0	0	
0	0	0	0	0	0	0	0	6.24449	0	7.64469	12.07614	0	0	0	0	0	0	10.28817	0	9.44896	0	0	0	0	12.38471	9.70529	0	5.36546	10.33655	6.41565	6.06543	6.72227	8.91133	11.02828	10.18151	6.81804	9.92227	8.87005	9.02653	8.30516	7.32031	9.33444	9.16165	7.09328	7.40715	7.06546	7.724	8.78073	8.6879	9.3425	9.02447	7.59225	6.71755	7.09439	8.39014	8.28562	8.55618	8.5787	9.70578	10.43773	5.03691	8.54646	7.26716	0	7.47293	0	8.67949	0	0	0	0	0	0	0	0	0	0	0	0	0	6.41059	0	0	0	0	0	7.41095	6.50945	8.34168	0	0	0	0	0	0	0	0	0	0	
0	0	0	0	0	0	0	0	11.13931	8.64833	0	2.72934	0	10.81626	0	0	0	2.07656	8.66843	3.70927	0	0	0.8516	7.94901	5.85094	3.56813	9.12651	8.53757	3.99306	9.55713	0	5.77252	5.09958	3.58235	3.39731	8.79167	9.0943	7.16887	9.77309	5.45436	8.89737	9.33611	8.2669	8.92876	6.93117	6.89743	7.66396	8.44368	6.68637	8.70816	7.47443	6.856	7.16442	6.30729	7.83728	8.17782	7.47786	11.9088	9.93913	5.42238	6.83264	7.91423	8.21083	3.56813	3.07887	8.61317	9.8254	0	0	0	0	0	0	8.483	8.78616	0	0	0	13.61003	0	0	0	0	0	0	0	0	0	6.8784	0	4.45399	0	0	0	0	0	0	0	0	0	
0	0	8.07739	6.08947	0	1.59039	0	2.97054	9.74179	0	0	0	0	0	0	0	0	9.02597	0	0	0	0	0	10.92233	0	8.03376	0	9.40363	6.2897	7.84297	0	7.66059	0	9.84383	6.86283	7.75419	7.12613	5.94254	4.68771	11.18076	7.52544	8.47625	9.14429	7.46618	7.74761	7.00843	6.96824	8.37535	8.31157	7.54834	6.50057	8.28404	8.43653	7.10105	7.53771	6.03794	7.52853	9.94763	7.05281	6.42949	8.6437	7.6439	4.23417	10.52123	3.75307	0	0	7.75614	1.59039	2.08206	0.2439	0	8.46833	0	4.316	0	8.11582	0	0	0	0	0	4.19805	0	0	0	0	0	0	0	0	0	0	0	0	0	0	0	0	0	
0	0	0	0	0	0	0	0	0	0	10.6108	6.59598	7.91446	0	11.48778	0	0	5.5989	0	2.72934	0	0	0	0	0	0	6.68327	4.2249	9.35786	0	8.625	8.01175	6.76308	8.50589	5.18138	6.0222	8.61467	7.50225	6.37167	7.59361	8.1418	4.88969	7.52319	7.14388	6.78664	8.44065	7.15275	7.72095	7.1109	5.75809	6.93508	9.20233	9.13247	6.63366	5.5573	6.39733	5.3752	7.34725	9.37404	5.64203	6.96888	5.0608	5.74356	6.47617	0	5.44518	6.12485	4.2998	0	0	8.25505	0	7.07134	1.56344	0	12.14567	0	0	0	0	0	0	0	0	0	0	0	0	5.71639	0	0	0	0	0	0	0	0	0	0	0	
0	0	0	0	0	0	0	0	0	11.04606	0	0	2.63907	0	0	0	0	0	0	0	0	0	0	9.63586	0	0	10.42031	0	0	4.65317	6.76093	0	0	5.90524	8.78747	7.36032	4.34398	0	0	9.50594	5.05647	11.01133	2.64308	6.84618	8.46203	6.91653	7.52733	7.81742	9.32567	5.09423	6.19731	8.96358	5.59183	6.28155	8.55602	6.74764	6.81116	7.4443	4.60986	5.34518	6.96344	5.78823	3.32044	7.8385	5.59079	7.10908	7.2953	6.8685	6.69466	0	0	4.50599	0	4.58065	0	0	9.59193	0	0	0	0	0	0	0	11.52232	0	0	2.63907	0	0	0	7.48541	0	0	0	0	6.55953	0	0	0	
0	0	0	0	0	0	0	0	0	0	0	10.88783	0	0	0	0	0	4.83954	12.0587	0	0	0	0	1.3835	0	0	0	10.72868	0	0	0	0	7.23527	6.02484	6.38658	0	3.22548	8.12798	4.75218	3.80055	8.4072	8.06336	6.44887	1.16421	0	7.45647	7.91742	4.75022	6.89315	7.15329	5.32244	10.58482	7.63557	4.68087	7.45303	5.80983	6.08424	8.05662	7.51108	8.42965	7.15988	4.42011	0	7.46728	7.57622	0	6.12047	5.23285	10.08731	7.26209	0	0	0	0.4878	0	11.0256	0	9.21803	0	0	0	10.6548	0	0	0	0	0	0	0	0	0	0	0	0	0	0	0	0	0	0	
0	0	0	0	4.95953	0	0	0	0	0	8.81866	0	1.59039	0	0	10.50575	0	0	6.93641	0	5.62321	10.9534	0	0	0	5.88079	7.80118	0	0	11.8234	0	10.04349	8.84666	0	0	3.04273	10.41897	4.9433	11.72569	10.03615	6.81233	9.72885	6.86075	7.84979	6.83292	5.45471	12.93725	6.11192	8.28903	7.77451	8.20063	5.51079	7.46186	7.9293	6.43272	6.623	6.02221	8.55006	3.01929	8.08024	4.97885	7.23056	5.52006	5.56101	6.92436	0	9.89761	8.12181	0	0.4878	9.03667	8.99051	7.31149	10.07581	7.63098	0	6.35522	0	0	0	5.06964	0	0	8.47975	0	1.3835	0	0	0	0	0	0	0	0	0	0	0	0	0	0	
0	0	0	0	0	0	0	0	0	0	0	6.2291	5.03911	0	0	10.05057	0	0	0	1.14196	3.70792	0	0.8516	0	0	0	0	0	0	3.46938	2.20799	6.23556	0	0	0	9.65878	0	0	0	6.57787	4.73129	6.14191	4.27018	6.17898	8.40553	3.38624	4.37471	6.16213	6.86176	3.24329	0	0	6.85793	9.8257	12.6725	6.23582	7.39434	5.74614	6.18936	5.96994	6.88518	7.80634	8.50409	6.73389	5.38938	8.41285	9.25079	7.26852	1.14196	8.52057	0	8.74723	6.99101	9.57681	10.00894	0	8.44853	0	4.9433	0	0	0	0	0	0	0	0	0	0	0	0	0	0	0	0	0	0	0	0	0	
0	0	0	6.36203	0	0	0	0	0	0	0	0	0	0	0	0	0	0	0	0	0	0	5.56252	0	0	0	7.10489	6.91045	6.39688	8.51508	0	0	1.14196	0	0	10.23663	0	0.4878	0	2.6613	5.02433	0	0.8516	0	4.99668	11.30696	6.68001	4.19353	5.48475	5.42815	4.38623	6.66658	9.11023	7.07332	7.12975	7.25888	8.17433	7.58767	5.46859	6.58077	8.15024	7.39018	9.10866	8.58722	7.27723	8.64633	5.86165	9.38008	11.04841	8.95667	2.05257	9.18133	4.29444	4.90517	5.96467	0	12.4781	9.55074	4.86288	8.63379	0	5.3226	4.86581	0	0	0.4878	0	0	0	0	0	0	0	0	0	0	0	12.94485	0	12.97486	
0	0	5.56961	0	0	0	0	0	0	0	0	0	0	0	0	0	0	0	0	0	6.95523	0	0	0	0	8.9406	0	8.64672	0	9.93913	0	10.74365	10.0766	0	8.54956	0	0	6.99447	6.13319	0	6.79201	0	0	9.91742	11.29915	9.73022	3.29499	2.69879	7.1435	5.10267	8.9076	9.93083	8.04683	7.54195	7.86902	7.3628	1.93199	4.46077	8.43325	7.67641	3.31453	5.45634	6.21238	1.55227	4.53834	6.56337	5.51591	0	8.70639	2.83034	3.87535	5.55627	6.98161	7.05921	3.75166	0	5.24002	0	4.26213	6.68327	0	5.08221	0	0	0	0	0	0	4.41372	0	0	0	0	0	0	0	4.12866	0	0	0	
0	0	0	0	1.14196	0	0	0	0	0	0	0	8.80055	0	0	0	0	0	0	0	6.57178	2.07656	0	0	0	0	0	6.51022	0	0	0	4.09509	10.25863	0	0	0	5.08681	0	0	7.28045	0	0	4.54791	0	6.09968	0	4.09699	7.27296	9.73771	3.75834	2.20799	4.03678	8.65122	4.23933	7.28268	8.2548	0	5.46968	5.53377	0.4258	6.9333	6.33443	6.83971	5.86232	7.06195	8.74973	3.97258	2.62445	5.37717	6.38995	5.94062	0	0	9.79965	0	7.88754	4.90007	6.34101	0	0	0	0	0	0	8.81866	3.66281	0	0	0	0	0	0	0	0	0	0	8.83654	0	0	0	
0	0	0	0	0	0	0	0	8.00016	0	0	0	2.54275	0	0	0	8.72987	1.14196	1.3835	0	0	0	0	0	6.18824	0	0	0	0	0	0	0	0	0	6.43091	7.57943	0	3.87545	0	0	0	0	5.97606	12.84245	0	7.4037	10.35793	6.25972	0	3.07887	0	10.52163	10.06039	7.03774	0	7.03263	0	5.79396	0	4.76406	7.53435	7.51744	6.47599	7.9041	5.70481	6.20634	5.99374	6.83443	8.85546	5.86441	8.23189	1.16421	8.49659	10.7338	7.43364	3.81822	8.69791	8.09447	0	0	9.90987	9.265	9.77552	0	2.43291	0	6.32632	4.34398	4.25561	0	3.78782	0	0	10.14032	0	0	0	0	0	0	
0	0	0	0	0	0	0	0	0	0	0	0	0	0	0	0	0	0	0	0	9.38267	0	0	0	0	0	0	0	0	4.40003	0	0	0	0	4.60471	0	0	0	0	0	9.91167	0	8.83018	7.58246	5.60367	0	0	1.77125	9.33587	5.61732	10.61376	0	0	7.72619	4.00191	6.09013	0	0	8.17709	8.89263	10.11007	5.78549	2.77182	5.4043	6.7931	6.89836	7.80109	7.20938	5.34194	6.12472	8.82605	6.80928	3.43706	4.42888	3.7102	0	2.57678	0	4.97239	0	0	0	4.96204	0	0	0	8.23468	0	0	0	0	0	0	0	0	0	0	0	0	0	
0	0	0	0	6.08266	0	0	0	0	0	0	7.98878	0	3.98944	0	0	0	0	0	0	0	0	0	0	0	0	0	0	0	0	0	0	0	0	0	0	0	0	0	7.57577	0	0	6.12485	0	4.0905	0	1.01111	1.14196	0	0	0.4878	0	0	0	10.38422	0	0	0.4878	0	7.8648	6.60177	0	5.71644	8.10555	6.84324	0	0.57098	5.38694	10.21238	5.71689	6.47776	8.3609	8.19867	4.62198	0	0	5.59939	5.27842	7.13458	8.11764	3.17714	6.87346	3.56813	0	0	0	5.01684	10.41866	0	4.45779	0	0	0	0	6.54717	0	0	0	0	0	
0	0	0	0	0	0	0	0	0	0	0	0	0	0	0	0	0	3.87152	0	0	0	10.46363	7.42591	0	0	0	10.36894	0	0	0	0	0	0	9.0759	5.93321	0	0	0	0	0	0	0	0	0	0	0	0	0	0.4878	0	7.5703	0	0	0	0	9.44923	7.45506	7.91393	3.61625	6.47725	0	6.8398	2.64164	0	7.7541	5.90177	5.39836	6.7703	4.84956	3.85005	8.42468	5.47205	5.68584	5.00718	10.61715	5.27797	5.01297	0	10.58647	5.59749	0	0	7.29095	0	7.62718	8.69194	0.4878	4.9433	0	9.27563	0	0	0	0	0	0	9.42173	0	0	0	
0	0	0	0	0	0	0	0	6.7528	0	0	0	0	0	0	0	0	0	0	0	0	0	0	0	0	0	0	12.03109	0	0	0	0	0	0	0	0	0	0	0	10.12017	0	0	0	0	0	6.18192	0	5.23285	6.72227	0	0	11.32856	0	0	0	0	0	0	6.59035	0	9.04428	0	8.3418	9.23097	5.92164	6.62672	3.38307	0	0	4.66367	8.65974	2.32841	8.01088	8.05194	7.90265	9.38867	3.78871	0	0.4878	7.12843	5.90157	7.82507	10.6478	9.7993	6.64321	0	0	0	0	0	7.27671	0	10.90614	0	0	0	0	0	0	0	
0	0	0	0	0	0	0	0	0	0	0	0	0	8.08168	0	0	0	0	0	0.8516	0	0	0	0	0	2.08091	0	0	0	0	0	0	0	0	7.08913	0	0	4.75677	0	0	9.80673	0	1.14196	7.72093	0	0	0	0	0	0	2.54275	6.60793	0	0	6.08266	0	0	0	0	6.00453	5.67377	0	7.14293	8.44521	5.10379	5.55932	8.45278	8.23014	0	4.54808	6.76743	0	3.92	5.18729	7.9541	7.10028	3.73457	5.62206	6.99644	3.16703	0	6.37566	9.30684	4.11914	3.4714	0	0	6.55953	5.71359	0	7.71266	0	0	7.72093	0	0	0	0	4.85728	0	
0	0	0	0	0	0	0	6.81281	0	0	0	0	0	0	0	0	0	0	0	0	0	0	10.82907	0	0	0	0	0	9.96781	0	0	0	0	0	8.19393	0	0	0.4878	0	0	0	3.63613	0	0	0	0	5.86108	0	0	0	0	0	8.21069	0	0	0	5.4648	2.07656	0	3.5598	9.06871	0	0	5.44914	0	1.3835	0	7.39645	6.53028	12.03787	8.49891	5.67525	8.51667	3.86004	8.38399	6.26548	6.83449	8.02488	5.97224	5.34856	7.84843	6.82619	3.6019	0	5.11025	0	2.43957	4.18853	0	0	7.26166	7.74257	0	0	0	0	8.69108	0	0	0	
0	0	0	0	0	0	0	0	0.4878	0	0	0	0	0	0	0	0	0	0	0	0	0	0	0	0	0	0	0	0	0	0	0	0	0	0	0	0	4.51482	0	0	0	0	0	0	0	0	0	0	0	2.20799	0	4.61819	0	3.95308	0	0	2.07656	5.48769	0.8516	0	1.59039	0	7.57335	12.15282	8.2944	4.65819	0	0	8.5968	5.7371	0	0.8516	5.43816	10.07706	6.9683	8.65748	0	3.46802	4.34012	7.27336	2.28092	10.09847	5.82046	3.87545	0	0	1.52137	0	0	0	0	0	5.46861	6.95018	11.3651	0	0	0	0	0	
0	0	0	0	0	0	0	8.6541	0	0	0	0	0	0	0	0	0	0	0	0	0	0	0	0	0	0	0	0	0	0	0	0	0	0	0	0	0	2.75712	0	2.72934	0	0	0	0	0	0	0	0	0	0	3.7403	0	0	10.95807	5.91004	0	0	7.59339	5.90036	9.05739	0	0.4878	0	7.39938	8.73205	10.73857	0	0	7.78152	4.67002	8.05485	3.36572	4.33696	6.86744	8.95704	7.08451	5.30952	0	7.36461	5.46484	6.63442	10.59587	4.53173	2.35635	2.38303	0	0	0.54325	0	0	7.16792	0	0	0	0	1.52688	0	0	0	0	
0	0	0	0	0	0	0	0	0	0	0	0	0	0	0	0	0	0	0	0	0	0	0	0	0	8.95704	0	0	0	0	0	0	0	0	0	0	0	10.47509	0	0	0	0	0	0	10.36719	0	0	0	10.18676	0	0	0	0	0	0	0.8516	0	0	0	0	0	0	7.73155	0	0	5.35026	4.60095	8.26109	0	6.77543	2.57678	0	7.9566	0	7.23494	5.14057	1.3835	5.63723	5.51067	5.74694	3.83036	0	5.77065	0	7.1435	6.06334	0	0	0	0	9.77793	0	0	0	0	0	0	1.3835	0	0	
0	0	0	0	0	0	0	0	0	0	0	0	11.14957	0	0	0	0	0	0	0	0	0	0	0	0	0	0	0	0	0	0	0	0	0	0	0	0	0	0	0	0	0	0	0	0	0	0	7.08913	0	0	1.93199	0	10.4706	0	0	0	0	0	0	3.8973	0	0	0	6.5169	2.89453	11.48312	9.44216	0	10.31803	0	0	9.09502	0	0	0	2.2441	5.49525	8.48823	7.08737	3.27784	0	4.8909	4.87016	3.75011	5.48468	3.47762	5.62558	3.1115	7.04146	0	0	0	0	4.62836	0	0	0	0	0	0	
0	0	0	0	0	0	0	0	0	0	0	0	0	0	0	0	0	0	0	0	0	0	0	0	0	0	0	0	0	0	0	0	10.34861	0	0	0	0	0	0	0	7.76429	0	0	0	0	0	0	0	0	0	0	0	0	0	0	0	5.81128	0	0	0	8.61977	0	0	4.36993	0	7.34968	0	0	4.87257	0	0	0	9.46054	0	0	2.8143	0	0	5.95719	11.71803	5.63643	7.5703	10.42024	0	9.23835	0	0	0	1.3835	0.4878	4.48172	4.38411	4.71265	0	0	0	0	0	0	0	
0	0	0	0	0	0	0	0.69175	0	0	0	0	0	0	0	0	0	0	0	0	0	0	0	0	0	0	0	5.37947	0	0	0	0	0	0	0	0	0	0	0	0	0	0	0	0	0	0	0	0	0	0	0	0	0	0	0	0	0	0	0	0	0	0	0	0	0	0	0	0	0	0	2.94069	2.64391	6.12167	1.3835	0	8.88276	8.73396	0	8.85684	4.76354	0	5.47983	0	8.03598	1.59039	8.72579	0	8.08382	0	0	0	0.4878	0	0	0	9.98909	0	0	0	0	
0	0	0	0	0	0	0	0	0	0	0	0	0	0	0	0	0	0	0	0	9.27628	0	0	0	0	0	0	0	0	0	9.33856	0	0	0	0	0	0	0	0	0	0	0	0	0	0	0	0	0	0	0	0	0	0	0	0	0	0	0	0	13.55019	0	0	0	0	6.66051	9.02322	6.47725	4.71778	0	0	0	0	0	0	0	5.49978	5.4454	0	0	0	4.0252	0	0	0	5.35593	2.8143	7.96312	6.10884	7.63304	0	4.67454	6.49021	7.74006	4.28567	0	5.20165	0	0	0	0	
0	0	0	0	0	0	0	0	0	0	0	0	0	0	0	0	0	0	0	0	0	0	0	0	0	0	0	0	0	0	0	0	0	0	0	0	0	0	0	0	0	0	0	0	0	0	0	0	9.98451	0	0	0	0	0	0	0	0	0	0	0	0	0	0	0	0	0	0	0	0	7.20772	9.27908	9.34214	8.64038	0	10.88477	8.82762	0	9.12962	3.51836	0	0	7.56111	7.39865	0	5.49281	0	2.32841	0	0	1.76527	0	1.17283	6.70859	0	0.8516	0	0	0	0	0	
0	0	0	0	0	0	0	0	0	0	0	0	0	0	0	5.58687	0	0	0	0	0	0	0	0	0	0	0	0	0	0	0	0	0	0	5.95751	0	0	0	0	0	0	0	0	0	0	0	0	0	0	0	0	0	0	0	0	0	0	0	0	0	0	0	0	0	0	0	0	3.04273	0	0	0	0	0	7.93288	0	0	0	2.54341	0	0	0	1.59039	0	0	2.13902	0	5.31553	3.74755	6.25212	10.69877	7.20772	0	8.31459	0	0	0	0	0	0	0	
0	0	0	0	0	0	0	0	0	0	0	0	0	0	0	0	0	0	0	0	0	0	0	0	0	0	0	0	0	0	0	0	0	0	0	0	0	0	0	0	0	0	0	0	0	0	0	0	8.65266	5.86096	0	0	0	0	0	0	0	0	0	2.54275	0	0	0	0	0	6.2225	0	0	0	0	0	3.1115	0	0	0	0	0	11.34293	0	3.50536	10.17325	0	0	9.13892	0	0	0	0	0	0	0	0	0	0	0	0	0	0	0	0	
0	0	0	0	0	0	0	0	0	0	0	0	0	0	0	0	0	0	0	0	0	0	0	0	0	0	0	0	0	0	0	0	0	0	0	0	0	0	0	0	0	0	0	0	0	0	0	0	0	0	0	0	0	0	0	3.06308	0	0	8.2146	0	0	0	0	0	6.65476	0	0	0	0	0	0	0	0	5.40708	0	0	6.1739	0	0	0	3.41383	5.75929	4.63774	7.51164	0	0	0	6.74409	8.26616	0	11.32766	8.60874	9.24888	0	0	0	0	0	0	0	
0	0	0	0	0	0	0	0	0	0	0	0	0	0	0	0	0	0	0	0	0	0	0	0	0	0	0	0	0	0	0	0	0	0	0	0	0	0	0	0	0	0	0	0	0	0	0	0	0	0	0	0	0	0	0	0	0	0	0	0	0	0	0	0	0	0	0	0	0	0	0	0	0	0	0	0	0	0	0	0	0	0	0	0	0	0	2.89453	0	0	0	0	10.24674	0	0	0	0	0	0	0	0	
0	0	0	0	0	0	0	0	0	0	0	0	0	0	0	0	0	0	0	0	0	0	0	0	0	0	0	0	0	0	0	0	0	0	0	0	0	0	0	0	0	0	0	0	0	0	0	0	0	0	0	0	0	0	0	0	0	0	0	0	0	0	0	0	0	0	0	0	0	0	4.27372	0	0	0	0	0	5.73587	0	0	6.38304	0	0	0	10.1304	0	0	0	0	0	0	4.99808	11.43426	0	0	0	0	0	0	0	0	
0	0	0	0	0	0	0	0	0	0	0	0	0	0	0	0	0	0	0	0	0	0	0	0	0	0	0	0	0	0	0	0	0	0	0	0	0	0	0	0	0	0	0	0	0	0	0	0	0	0	0	0	0	0	0	0	0	0	0	0.4878	0	0	0	0	0	0	0	0	0	0	8.33271	0	0	0	0	0	0	0	0	0	0	0	0	0	0	0	4.31512	0	0	0	0	0	0	0	0	0	0	0	0	0	
0	0	0	0	0	0	0	0	0	0	0	0	0	0	0	0	0	0	0	0	0	0	0	0	0	0	0	0	0	0	0	0	0	0	0	0	0	0	0	0	0	0	0	0	0	0	0	0	0	0	0	0	0	0	0	0	0	0	0	0	0	0	0	0	0	0	0	0	0	7.61539	4.34398	0	0	0	0	0	0	0	5.36546	0	0	0	0	0	0	0	0	0	10.27277	0	0	0	0	0	0	0	0	0	0	0	
0	0	0	0	0	0	0	0	0	0	0	0	0	0	0	0	0	0	0	0	0	0	0	0	0	0	0	0	0	0	0	0	0	0	0	0	0	0	0	0	0	0	0	0	0	0	0	0	0	0	0	0	0	0	0	0	0	0	0	0	0	0	0	0	0	0	0	0	9.64	0	0	0	0	0	0	0	0	0	0	0	0	0	0	0	0	0	2.32841	0	0	0	0	0	0	0	0	0	0	0	0	0	
0	0	0	0	0	0	0	0	0	0	0	0	0	0	0	0	0	0	0	0	0	0	0	0	0	0	0	0	0	0	0	0	0	0	0	0	0	0	0	0	0	0	0	0	0	0	0	0	0	0	0	0	0	0	0	0	0	0	6.53471	0	0	0	0	0	0	0	0	0	0	0	0	0	0	0	0	6.31907	0	0	0	0	0	0	0	0	0	0	0	0	0	0	0	0	0	0	0	0	0	0	0	0	
0	0	0	0	0	0	0	0	0	0	0	0	0	0	0	0	0	0	0	0	0	0	0	0	0	0	0	0	0	0	0	0	6.55337	0	0	0	0	0	0	0	0	0	0	0	0	0	0	0	0	0	0	0	0	0	0	0	0	0	0	0	0	0	0	0	0	0	0	0	0	0	0	0	0	0	0	5.12057	0	0	0	0	0	0	0	0	0	0	0	0	0	0	0	0	0	0	0	0	0	0	0	0	
0	0	0	0	0	0	0	0	0	0	0	0	0	0	0	0	0	0	0	0	0	0	0	0	0	0	0	0	0	0	0	0	0	0	0	0	0	0	0	0	0	0	0	0	0	0	0	0	0	0	0	0	0	0	0	0	0	0	0	0	0	0	0	0	0	0	0	0	0	0	0	0	0	0	0	0	0	0	0	0	0	0	0	0	0	0	0	0	0	0	0	0	0	0	0	0	0	0	0	0	
0	0	0	0	0	0	0	0	0	0	0	0	0	0	0	0	0	0	0	0	0	0	0	0	0	0	0	0	0	0	0	0	0	0	0	0	0	0	0	0	0	0	0	0	0	0	0	0	0	0	0	0	0	0	0	0	0	0	0	0	0	0	0	0	0	0	0	0	0	0	0	0	0	0	0	0	0	0	0	0	0	0	0	0	0	0	0	0	0	0	0	0	0	0	0	0	0	0	0	0	
0	0	0	0	0	0	0	0	0	0	0	0	0	0	0	0	0	0	0	0	0	0	0	0	0	0	0	0	0	0	0	0	0	0	0	0	0	0	0	0	0	0	0	0	0	0	0	0	0	0	0	0	0	0	0	0	0	0	0	0	0	0	0	0	0	0	0	0	0	0	0	0	0	0	0	0	0	0	0	0	0	0	0	0	0	0	0	0	0	0	0	0	0	0	0	0	0	0	0	0	
0	0	0	0	0	0	0	0	0	0	0	0	0	0	0	0	0	0	0	0	0	0	0	0	0	0	0	0	0	0	0	0	0	0	0	0	0	0	0	0	0	0	0	0	0	0	0	0	0	0	0	0	0	0	0	0	0	0	0	0	0	0	0	0	0	0	0	0	0	0	0	0	0	0	0	0	0	0	0	0	0	0	0	0	0	0	0	0	0	0	0	0	0	0	0	0	0	0	0	0	
0	0	0	0	0	0	0	0	0	0	0	0	0	0	0	0	0	0	0	0	0	0	0	0	0	0	0	0	0	0	0	0	0	0	0	0	0	0	0	0	0	0	0	0	0	0	0	0	0	0	0	0	0	0	0	0	0	0	0	0	0	0	0	0	0	0	0	0	0	0	0	0	0	0	0	0	0	0	0	0	0	0.8516	0	0	0	0	0	0	0	0	0	0	0	0	0	0	0	0	0	0	
0	0	0	0	0	0	0	0	0	0	0	0	0	0	0	0	0	0	0	0	0	0	0	0	0	0	0	0	0	0	0	0	0	0	0	0	0	0	0	0	0	0	0	0	0	0	0	9.80802	0	0	0	0	0	0	0	0	0	0	0	0	0	0	0	0	0	0	0	0	0	0	0	0	0	0	8.49334	0	0	0	0	0	0	0	0	0	0	0	0	0	0	0	0	0	0	0	0	0	0	0	0	0	
