0	0	0	0	0	0	0	0	0	0	0	0	0	0	0	0	0	0	0	0	0	0	0	0	0	0	0	0	0	0	0	0	0	0	0	0	0	0	0	0	0	0	0	0	0	0	0	0	0	0	0	8.31953	0	0	0	0	0	0	0	0	0	0	0	0	0	0	0	0	0	0	0	0	0	0	0	0	0	0	0	0	0	0	0	0	0	0	0	0	0	0	0	0	0	0	0	0	0	0	0	0	
0	0	0	0	0	0	0	0	0	0	0	0	0	0	0	0	0	0	0	0	0	0	0	0	0	0	0	0	0	0	0	0	0	0	0	0	0	0	0	0	0	0	0	0	0	0	0	14.56858	0	0	0	0	0	0	0	0	0	0	0	0	0	0	0	8.7985	0	0	0	0	0	0	0	0	0	0	0	0	0	0	0	0	0	0	0	0	0	0	0	0	0	0	0	0	0	0	0	0	0	0	0	0	
0	0	0	0	0	0	0	0	0	0	0	0	0	0	0	0	0	0	0	0	0	0	0	0	0	0	0	0	0	0	0	0	0	0	0	0	0	0	0	0	0	0	0	0	0	0	0	0	0	0	0	0	0	0	9.55125	0	0	0	0	0	0	0	0	0	0	0	0	0	0	0	0	0	0	0	0	0	0	0	0	0	0	0	0	0	0	0	0	0	0	0	0	0	0	0	0	0	0	0	0	0	
0	0	0	0	0	0	0	0	0	0	0	0	0	0	0	0	0	0	0	0	0	0	0	0	0	0	0	0	0	0	0	0	0	0	0	0	0	0	0	0	0	0	0	0	0	0	13.08425	8.2237	0	0	0	0	0	0	0	0	0	0	0	0	0	0	0	0	0	0	0	0	0	0	0	0	0	0	0	0	0	0	0	0	0	0	0	0	0	0	0	0	0	0	0	0	0	0	0	0	0	0	0	0	
0	0	0	0	0	0	0	0	0	0	0	0	0	0	0	0	0	0	0	0	0	0	0	0	0	0	0	0	0	0	0	0	0	0	0	0	0	8.98971	0	0	0	0	0	14.1974	0	0	0	0	0	0	0	0	0	0	0	0	0	0	0	0	0	0	0	0	0	0	0	0	0	0	0	0	0	0	0	0	0	0	0	0	0	0	0	0	0	0	0	0	0	0	0	0	0	0	0	0	0	0	0	0	
0	0	0	0	0	0	0	0	0	0	0	0	0	0	0	0	0	0	0	0	0	0	0	0	0	0	0	0	0	0	0	0	0	0	0	0	0	0	0	0	0	0	0	0	0	0	0	0	0	0	0	0	0	0	0	0	0	0	0	0	0	0	0	0	0	0	0	0	0	0	0	0	8.2594	0	0	0	0	0	0	0	0	0	0	0	0	0	0	0	0	0	0	0	0	0	0	0	0	0	0	0	
0	0	0	0	0	0	0	0	0	0	0	0	0	0	0	0	0	0	0	0	0	0	0	0	0	0	0	0	0	0	0	0	0	0	0	0	0	0	0	0	0	0	0	0	0	0	0	0	0	0	0	0	0	0	0	0	0	0	0	0	0	0	0	0	0	0	0	0	0	0	0	0	0	0	9.19004	0	0	0	0	0	0	0	0	0	0	0	0	0	0	0	0	0	0	0	0	0	0	0	0	0	
0	0	0	0	0	0	0	0	0	0	0	0	0	0	0	0	0	0	0	0	0	0	0	0	0	0	0	0	0	0	0	0	0	0	0	0	0	0	0	0	0	0	0	0	0	0	0	0	0	0	0	9.2815	0	0	0	12.659	0	0	2.86997	0	0	0	0	0	0	0	0	0	0	0	0	0	0	0	0	0	0	0	0	0	0	0	0	0	0	0	0	0	0	0	0	0	0	0	0	0	0	0	0	0	
0	0	0	0	0	0	0	0	0	0	0	0	0	0	0	0	0	0	0	0	0	0	0	0	0	0	0	0	1.42374	0	0	0	0	0	0	0	0	0	0	0	0	0	0	0	0	0	0	0	0	0	0	0	0	0	0	0	0	0	0	0	0	0	0	0	0	0	0	7.06018	0	0	0	0	0	0	0	0	0	0	0	0	0	0	0	0	0	0	0	0	0	0	0	0	0	0	0	0	0	0	0	0	
0	0	0	0	0	0	0	0	0	0	0	0	0	0	0	0	0	0	0	0	0	0	0	0	0	0	0	0	0	0	0	0	0	0	0	0	0	0	0	0	0	0	0	0	0	0	0	0	0	0	0	0	0	0	0	8.75981	0	0	0	0	0	0	0	0	0	0	0	0	0	0	0	0	0	0	0	0	0	0	0	0	0	0	0	0	0	0	0	0	0	0	0	0	0	0	0	0	0	0	0	0	
0	0	0	0	0	0	0	0	0	0	0	0	0	0	0	0	0	0	0	0	0	0	0	0	0	0	0	0	0	0	0	0	0	0	0	0	0	0	0	0	0	0	0	0	0	0	0	0	0	0	0	0	0	0	0	0	0	0	0	0	0	0	0	0	0	0	0	11.94521	0	0	0	0	0	0	0	0	0	0	0	0	0	0	0	0	0	0	0	0	0	0	0	0	0	0	0	0	0	0	0	0	
0	0	0	0	0	0	0	0	0	0	0	0	0	0	0	0	0	0	0	0	0	0	0	0	0	0	0	0	0	0	0	0	0	0	0	0	0	0	0	0	0	0	0	0	0	0	0	0	0	0	0	0	2.12618	0	0	0	4.509	0	0	0	0	0	0	0	0	0	0	0	0	0	0	3.41631	0	0	0	0	0	0	0	0	0	0	0	0	0	0	0	0	0	0	0	0	0	0	0	0	0	0	0	0	
0	0	0	0	0	0	0	0	0	0	0	0	0	0	0	0	0	0	0	0	0	0	0	0	0	0	0	0	0	0	0	0	0	0	0	0	0	0	0	0	0	0	0	0	0	0	0	0	6.97185	0	0	0	10.45103	0	0	0	0	0	0	0	0	0	0	0	0	0	0	6.73029	0	0	0	0	0	0	0	0	0	0	0	0	0	0	0	0	0	0	0	0	0	0	0	0	0	0	0	0	0	0	0	0	
0	0	0	0	0	0	0	0	0	0	0	0	0	0	0	0	0	0	0	0	0	0	0	0	0	0	0	0	0	0	12.64097	0	0	0	0	0	0	0	0	0.8808	0	0	0	0	0	0	0	9.42538	0	0	0	0	0	0	0	0	0	8.87029	5.7663	0	8.9794	0	0	11.51456	0	0	0	0	0	0	0	0	0	0	0	0	0	0	0	0	0	0	0	0	0	0	0	0	0	0	0	0	0	0	0	0	0	0	0	0	
0	0	0	0	0	0	0	0	0	0	0	0	0	0	0	0	0	0	0	0	0	0	0	0	0	0	0	0	0	0	0	0	0	0	0	0	0	0	0	0	0	0	0	0	0	0	0	0	0	0	0	0	0	0	5.24296	0	0	0	0	0	0	0	0	0	0	0	0	0	0	0	0	0	0	0	0	0	0	0	0	0	0	0	0	0	0	0	0	0	0	0	0	0	0	0	0	0	0	0	0	0	
0	0	0	0	0	0	0	0	0	0	0	0	0	0	0	0	0	0	0	0	0	0	0	0	0	0	0	0	0	0	0	0	0	0	0	0	0	0	0	0	0	0	13.71251	0	0	0	0	0	0	0	0	0	9.42096	0	0	0	0	0	0	14.82866	0	0	0	0	0	0	0	0	0	0	0	10.68837	0	0	0	0	0	0	0	0	0	0	0	0	0	0	0	0	0	0	0	0	0	0	0	0	0	0	0	0	
0	0	0	0	0	0	0	0	0	0	0	0	0	0	0	0	0	0	0	0	0	0	0	0	0	0	0	0	0	0	0	0	0	0	0	0	0	0	0	0	0	0	0	5.33628	0	0	0	10.50191	0	0	0	7.53748	0	0	0	0	0	0	4.47734	0	0	0	0	0	0	0	0	0	0	0	0	0	0	0	0	0	0	0	0	0	0	0	0	0	0	0	0	0	0	0	0	0	0	0	0	0	0	0	0	0	
0	0	0	0	0	0	0	0	0	0	0	0	0	0	0	0	0	0	0	0	0	0	0	0	0	0	0	0	0	0	0	0	0	0	0	0	0	0	0	0	0	0	8.99567	0	0	0	0	0	0	0	0	0	0	0	0	8.33088	0	0	0	0	0	0	0	0	0	0	1.17766	0	9.47484	0	0	0	0	0	0	0	0	0	0	0	0	0	0	0	0	0	0	0	0	0	0	0	0	0	0	0	0	0	0	0	
0	0	0	0	0	0	0	0	0	0	0	0	0	0	0	0	0	0	0	0	0	0	0	0	0	0	0	0	0	0	0	0	0	0	0	0	0	0	0	0	14.26592	0	0	0	0	0	0	0	0	0	0	0	0	0	0	0	0	0	0	0	0	0	0	0	0	0	0	0	0	0	0	0	0	0	0	0	0	0	0	0	0	0	0	0	0	0	0	0	0	0	0	0	0	0	0	0	0	0	0	0	
0	0	0	0	0	0	0	0	0	0	0	0	0	0	0	0	0	0	0	0	0	0	0	0	0	0	0	0	0	0	0	0	0	0	0	0	0	0	0	0	0	0	0	0	0	0	0	11.02185	0	0	6.80051	0	0	0	0	0	0	0	0	0	0	0	0	0	0	0	0	0	0	0	0	0	0	0	0	0	7.44566	0	0	0	0	0	0	0	0	0	0	0	0	0	0	0	0	0	0	0	0	0	0	0	
0	0	0	0	0	0	0	0	0	0	0	0	0	0	0	0	0	0	0	0	0	0	0	0	0	0	0	0	0	0	0	0	0	0	0	0	0	0	0	0	0	0	0	0	0	0	0	12.75669	0	0	7.99493	8.7779	0	0	0	0	7.45997	0	9.21579	0	10.46569	0	0	0	0	9.42803	0	0	0	0	0	0	0	0	0	0	0	0	0	0	0	0	0	0	0	0	0	0	0	0	0	0	0	0	0	0	0	0	0	0	
0	0	0	0	0	0	0	0	0	0	0	0	0	0	0	0	0	0	0	0	0	0	0	0	0	0	0	0	0	0	0	0	0	0	0	0	0	0	0	0	0	8.76819	0	0	0	0	0	0	0	0	0	0	0	0	0	0	0	0	0	0	0	0	0	0	0	0	0	0	0.5066	0	0	0	0	0	0	0	0	0	0	0	0	0	0	0	0	0	0	0	0	0	0	0	0	0	0	0	0	0	0	0	
0	0	0	0	0	0	0	0	0	0	0	0	0	0	0	0	0	0	0	0	0	0	0	0	0	0	0	0	0	0	0	6.62355	0	0	0	0	0	0	0	0	0	0	0	0	0	0	0	5.09741	0	0	0	0	0	0	0	0	0	0	0	0	0	0	0	0.5066	0	0	0	0	0	0	0	0	0	0	0	0	0	0	0	0	0	0	0	0	0	0	0	0	0	0	0	0	0	0	0	0	0	0	0	0	
0	0	0	0	0	0	0	0	0	0	0	0	0	0	0	0	0	0	0	0	0	0	0	0	0	0	0	0	0	0	0	11.7033	0	0	0.8808	0	0	0	0	0	0	0	0	0	0	0	0	0	0	0	0	0	0	0	0	0	0	0	0	0	0	0	0	0	0	0	0	0	0	0	0	0	0	0	0	0	0	0	0	0	0	0	0	0	0	0	0	0	0	0	0	0	0	0	0	0	0	0	0	0	
0	0	0	0	0	0	0	0	0	0	0	0	0	0	0	0	0	0	0	0	0	0	0	0	0	0	0	0	0	0	0	0	0	0	0	0	0	0	0	0	0	0	0	9.89512	0	0	0	0	0	7.16608	0	0	0	0	10.21866	0	0	0	0	0	0	0	0	0	0	0	0	0	0	0	0	0	0	0	0	0	0	0	0	0.90865	0	0	0	0	0	0	0	0	0	0	0	0	0	0	0	0	0	0	0	0	
0	0	0	0	0	0	0	0	0	0	0	0	0	0	0	0	0	0	0	0	0	0	0	0	0	0	0	0	0	0	0	0	8.37543	0	0	0	0	0	0	0	0	0	0	0	0	0	0	4.40555	0	0	6.22013	5.08691	0	0	0	0	0	0	8.50303	0	0	0	0	0	0	0	0	0	0	0	2.38045	0	0	0	0	0	0	0	0	0	0	0	0	0	0	5.01356	0	0	0	0	0	0	0	0	0	0	0	0	0	0	
0	0	0	0	0	0	0	0	0	0	0	0	0	0	0	0	0	0	0	0	0	0	0	0	0	0	0	0	0	0	0	0	0	0	0	0	0	0	0	12.39915	0	0	0	0	16.10772	0	4.12161	0	0	0	0	0	0	0	0	0	0	0	0	0	0	0	0	0	0	0	0	0	0	0	0	0	0	0	0	0	0	0	0	0	0	0	0	0	0	0	0	0	0	0	0	0	0	0	0	0	0	0	0	0	
0	0	0	0	0	0	0	0	0	0	0	0	0	0	0	0	0	0	0	0	0	0	0	0	0	0	0	0	0	0	0	0	0	0	0	11.34923	0	0	0	0	0	0	0	0	0	0	0	9.39866	0	0	0	0	0	5.23266	0	0	0	0	0	0	7.94654	0	0	0	0	0	0	0	0	0	0	0	0	0	0	0	0	0	0	0	0	0	0	0	0	0	0	0	0	0	0	0	0	0	10.97949	0	0	0	0	0	
0	0	0	0	0	0	0	0	0	0	0	0	0	0	0	0	0	0	0	0	0	0	0	0	0	0	0	0	0	0	0	0	0	0	0	0	0	0	0	0	0	12.52938	0	0	0	0	0	0	0	0	0	0	2.12618	0	0	0	0	0	0	0	0	0	0	0	0	0	0	0.5066	0	0	0	5.18343	0	0	0	0	0	0	0	0	0	0	0	0	0	0	0	0	0	0	0	0	0	0	0	0	0	0	0	0	
0	0	0	0	0	0	0	0	0	0	0	0	0	0	0	0	0	0	0	0	0	0	0	0	0	0	0	0	0	0	0	0	0	0	0	0	0	0	0	0	7.69154	0	0	0	9.32959	0	0	4.6519	0	0	0	11.6017	0	0	0	11.19907	0	0	5.85286	0	6.70143	0	0	0	0	0	0	0	0.5066	0	0	0	0	0	0	0	0	0	0	0	0	0	0	0	0	0	0	0	0	0	0	0	0	0	0	7.06997	0	0	0	0	
0	0	0	0	0	0	0	0	0	0	0	0	0	0	0	0	0	0	0	0	0	0	0	0	0	0	0	0	0	0	0	0	0	0	0	0	0	0	0	0	0	0	0	0	13.5307	0	0	0	0	3.29788	0	0	4.61819	0	0	0	0	7.4526	0	0	0	5.99286	0	0	0	0	0	0	0	0	0	0	0	0	0	0	0	0	0	0	0	0	0	0	0	0	0	0	0	0	0	0	0	0	0	0	0	0	0	0	
0	0	0	0	0	0	0	0	0	0	0	0	0	0	0	0	0	0	0	0	0	0	0	0	0	0	0	0	0	0	0	0	0	0	0	0	0	0	0	0	0	0	0	11.76093	0	0	11.59877	0	0	0	6.79184	0	0	0	0	0	0	0	0	7.1995	0	0	0	0	7.57224	0	0	6.08515	0	0	0	0	9.51687	0	0	0	5.20004	0	0	0	0	0	0	0	0	0	0	0	0	0	0	0	0	0	0	0	0	0	0	0	
0	0	0	0	0	0	0	0	0	0	0	0	0	0	0	0	0	0	0	0	0	0	0	0	0	0	0	0	0	0	0	0	0	0	0	0	0	0	0	0	0	0	0	0	0.5066	0	0	9.87264	0	0	0	8.78024	3.93581	0	0	6.94747	0	0	0	0	0	0	0	0	0	0	0	9.55852	0	0	0	0	0	12.58458	0	0	0	0	0	0	0	0	0	0	0	0	0	0	0	0	0	0	0	0	0	0	0	0	0	0	
0	0	0	0	0	0	0	0	0	0	0	0	0	0	0	0	0	0	0	0	0	0	0	0	0	0	0	0	0	0	0	0	0	0	0	0	0	14.00774	0	0	0	0	0	0	0	0	0	0	12.28484	0	0	3.65998	0	0	1.8173	0	5.35637	0	0	0.8808	0	0.8808	0	0	0	0	0	0	0	0	0	0	0	0	6.51176	1.17766	0	0	0	0	0	0	0	0	0	0	0	0	0	0	0	0	0	0	0	0	0	0	0	0	
0	0	0	0	0	0	0	0	0	0	0	0	0	0	0	0	0	0	0	0	0	0	0	0	0	0	0	0	0	0	0	0	0	0	0	0	0	0	0	0	0	0	13.78546	0	0	9.04016	0	12.12714	0	0	5.73245	0	12.26389	0	9.35112	0	0	0	0	0	0	0	0	6.73029	0	0	0	2.38045	0	0	6.54772	0	0	0	0	0	0	0	0	0	0	0	0	0	0	0	0	0	0	0	0	0	0	0	0	0	0	0	0	0	
0	0	0	0	0	0	0	0	0	0	0	0	0	0	0	0	0	0	0	0	0	0	0	0	0	0	0	0	0	0	0	0	0	0	0	0	0	0	0	0	0	0	0	0	0	0	0	5.56306	9.1	0	0	7.83401	0	0	0	0	0	0	0	0	0	0	0	0	1.42374	0	0	0	0	0	0	0	0	0	0	0	0	0	0	0	0	0	0	0	0	0	0	0	0	0	3.52576	0	0	0	0	0	0	0	0	0	
0	0	0	0	0	0	0	0	0	0	0	0	0	0	0	0	0	0	0	0	0	0	0	0	0	0	0	0	0	0	0	0	0	0	0	0	0	0	0	0	0	0	0	0	0	0	0	14.14211	0	0	0	0	7.22812	0	0	0	0	0	11.78182	8.3384	0	0	0	0	0	0	0	0	0	0	0	0	0	0	0	0	0	0	0	0	0	0	0	0	0	0	0	0	0	0	0	0	0	0	0	0	0	0	6.20517	0	
0	0	0	0	0	0	0	0	0	0	0	0	0	0	0	0	0	0	0	0	0	0	0	0	0	0	0	0	0	0	0	0	0	0	0	0	0	0	0	0	0	0	7.69154	0	0	0	0	0	0	9.27867	0	5.97367	0	6.59871	0	0	0	0	0	0	0	0	0	0	11.86872	0	0	0	0	0	0	0	0	0	0	0	7.57543	0	0	0	0	0	0	0	0	0	0	0	0	0	0	0	0	0	0	0	0	0	0	0	
0	0	0	0	0	0	0	0	0	0	0	0	12.55008	0	0	0	0	0	0	0	0	0	0	0	0	0	0	0	0	0	9.18066	0	0	0	0	0	0	0	0	0	0	0	9.54477	0	0	0	0	8.34589	0	0	13.05459	0	0	2.12618	4.12161	0	9.4958	0	0	0	0	0	0	7.08793	4.96764	6.68971	0	0	0	0	0	0	0	0	0	0	0	0	0	0	0	0	0	0	0	0	0	0	0	0	0	0	0	0	0	0	0	0	0	0	
0	0	0	0	0	0	0	0	0	0	0	0	0	0	0	0	0	0	0	0	0	0	0	0	0	0	0	0	0	0	0	0	0	0	0	0	0	0	0	0	0	0	0	0	0	11.14378	0.5066	0	0.8808	12.94441	0	9.27708	7.65976	0	11.0712	5.21905	0	0	0	0	12.54977	0	0	0	0	0	0	0	0	7.89352	0	0	0	0	0	0	2.6323	0	0	0	0	0	0	0	0	0	0	0	0	0	0	0	0	0	0	0	0	0	0	0	
0	0	0	0	0	0	0	0	0	0	0	0	0	0	0	7.99016	0	0	0	0	0	0	0	0	0	0	0	0	0	0	0	0	0	0	0	1.97999	11.66176	0	0	0	0	0	0	0.5066	0	10.92497	7.34424	9.89957	2.69357	9.71547	0	0	1.17766	0	13.71327	0	0	0	0	7.36696	0	5.7551	0	3.62748	0	8.29268	0	0	11.05418	0	8.52462	0	0	0	0	10.52224	0	4.8463	0	3.96408	0	0	0	0	0	0	0	0	0	0	8.01384	0	0	0	0	0	0	0	0	0	
0	0	0	0	0	0	0	0	0	0	0	0	0	0	0	0	0	0	0	0	0	0	0	0	0	0	12.22322	0	0	0	0	4.15606	0	0	2.69357	0	0	0	0	0	13.34543	0	0	0	0	0	0	0	7.54613	2.26018	2.12618	9.72195	9.09446	0	9.95321	0	5.31122	0	2.50006	0	0	6.70143	0	0	0	5.72099	0	0	0	0	0	0	0	9.37782	0	0	0	0	0	0	0	0	0	0	0	0	0	0	0	0	0	0	0	0	0	0	2.25891	0	0	0	
0	0	0	0	0	0	0	0	0	0	0	0	0	0	0	0	0	0	0	10.55151	0	0	0	0	0	0	0	0	0	0	0	0	0	0	0	0	0	0	0	0	0	0	0	13.62568	0	0	8.67475	8.3972	9.21375	0	7.90663	9.07177	11.24356	0	0	0	13.19247	0	0	8.09293	4.14588	0	0	11.59132	0	7.00057	0	5.14964	0	0	0	0	0	0	0	0	0	0	0	0	0	0	0	0	0	0	0	0	0	0	7.77129	0	0	0	0	0	0	0	0	0	
0	0	0	0	0	0	0	0	0	0	0	0	7.94408	0	0	0	0	0	0	9.82391	0	0	0	0	0	0	0	0	0	0	0	0	0	7.0994	0	0	0	0	0	0	0	13.72035	13.02999	0	10.10434	0	0	1.58933	9.12848	0	1.42374	8.58064	6.37211	3.29169	10.12751	2.78446	6.56044	5.75621	6.10749	0	0	0	0	0	3.93581	0	0	0	0	0	0	0	0	0	0	0	0	0	12.78749	0	0	0	0	0	0	0	0	0	0	0	0	0	0	0	0	0	0	0	0	0	
0	0	0	0	0	0	0	0	0	0	0	0	0	0	0	0	0	0	0	0	0	0	0	15.14677	0	0	0	0	0	0	0	0	0	0	0	0	0	0	10.51589	0	0	0	9.11411	9.80504	1.17766	0	10.5479	5.41989	0	6.93578	10.85361	6.65399	0	0	0	0	0	5.95076	15.61734	12.30861	12.07959	0	0	0	8.06233	0	1.17766	0	0	0	0	0	0	0	0	0	0	0	0	0	0	0	0	0	0	0	0	0	0	0	0	0	0	0	0	0	0	0	0	0	
0	0	7.55943	0	0	0	0	0	0	0	0	0	0	0	0	0	0	0	0	0	0	0	0	0	0	0	0	0	0	0	0	0	0	0	0	0	0	0	0	0	10.12955	0	0	0	0	11.0516	0	4.317	9.62996	11.35466	0	8.97411	9.92851	9.07716	0	8.44848	0	0	1.6339	0	7.78522	0	10.06622	9.03785	0	0	0	0	0	0	0	7.08931	0	0	0	0	1.42374	0	0	0	0	0	0	0	0	0	0	0	0	0	0	0	0	0	0	0	0	0	0	0	
0	0	0	0	0	0	0	0	0	0	0	8.73154	0	0	0	0	0	0	0	0	0	0	0	0	0	0	0	0	0	0	0	0	5.7774	0	0	0	0	8.27874	11.86099	3.85423	7.43518	7.68354	0	0	12.37441	5.87539	12.37237	9.36074	10.99512	0	11.70075	0	1.54987	4.30028	0	9.69343	2.76695	10.46446	0	0	0	0	0	0	0	0	0	4.88789	0	0	0	0	3.35831	0	0	3.93581	0	0	11.08328	0	0	0	0	0	0	0	0	0	0	0	0	0	0	0	0	7.53745	0	0	0	0	
0	0	0	0	0	0	0	0	0	0	0	0	0	0	0	0	0	0	0	0	0	0	0	0	0	0	0	0	0	0	0	0	0	0	3.16885	7.25014	0	0	0	9.35019	0	13.1511	0	10.99855	13.0476	9.6993	7.75396	7.37714	10.54265	10.81832	9.602	11.51643	2.38045	8.62776	0	0	6.35523	0	0	5.61543	6.76977	0	0	0	0	0	0	0	0	0	0	0	0	0	0	0	0	0	0	0	0	0	0	0	0	0	0	9.38329	0	0	0	0	0	0	0	0	0	0	0	0	
0	0	0	0	0	0	0	0	8.56684	0	7.75754	0	0	0	0	0	0	0	0	0	0	0	0	0	0	0	4.59326	0	0	0	0	0	0	0	0	0.5066	0	9.89001	11.26147	0	10.15605	9.74052	0	10.82077	4.2226	11.10853	9.61127	7.99568	8.38494	9.32095	0	6.41673	0	0	0	0	10.22455	3.16885	0	0	0	0	0.8808	0	0	0	9.48595	0	0	0	0	0	0	0	0	0	0	0	0	0	0	0	0	0	0	0	0	0	0	0	0	0	0	1.8173	0	0	0	0	0	0	
0	0	0	0	0	0	0	0	0	0	0	10.6386	0	0	9.59978	0	0	0	0	0	0	0	0	0	0	0	0	0	0	0	0	11.21192	0	0	6.28518	0	9.39776	0	0	11.28981	0	0	9.58822	9.92416	10.73548	8.31219	11.91402	9.17822	2.25789	7.56348	7.06536	10.17733	9.61916	10.77677	0	3.67577	10.81276	0	0	15.80368	6.21338	4.57415	0	11.54657	0	0	0	0	0	0	0	0	0	0	0	6.97469	0	0	0	0	0	0	0	5.13244	0	0	0	0	0	0	0	0	0	0	0	0	0	0	0	0	
0	0	0	0	0	0	0	0	0	0	0	0	12.06096	0	0	0	0	0	0	0	0	0	0	0	0	0	0	0	0	11.52819	0	0	7.57543	0	2.49255	0	12.48158	0	11.83606	10.87801	11.20398	11.68148	10.18525	8.58374	9.06952	4.60438	11.42573	10.01398	4.88789	8.67292	8.98704	11.03897	10.47809	8.02364	4.68469	6.3733	9.54001	0	0	5.821	8.09155	0	0	0	0	0.5066	0	0	0	0	0	0	0	10.0054	0	0	0	0	0	0	10.15087	0	0	0	0	0	0	0	0	0	0	0	0	0	0	0	0	0	0	0	
0	0	0	0	0	0	0	12.84695	0	0	0	10.64847	0	0	0	0	0	0	0	0	0	0	0	0	0	0	0	11.12383	0	0	1.97999	0	10.78853	0	0	0	11.3668	8.19043	8.95125	8.85976	9.779	4.12	0	10.45698	10.319	10.30211	8.55679	8.72954	11.02402	10.52222	4.49018	9.47555	8.19858	8.56844	6.35626	4.45825	11.84549	4.04578	3.64096	9.29522	5.36589	11.28695	4.69048	0	10.47383	0	0	0	0	0	0	0	0	10.69607	0	0	0	0	0	0	0	0	0	0	0	0	0	0	0	0	0	0	0	0	0	0	0	0	0	0	
8.7654	0	0	0	0	0	0	0	10.68809	0	0	0	8.7542	0	0	0	0	0	0	0	0	0	0	0	8.19251	0	0	9.189	0	0	0	0	14.31558	0	10.60185	10.20484	0	7.84725	10.53582	5.72277	5.31122	9.01124	6.46475	9.48629	11.81941	10.19987	8.56481	9.10231	6.09362	5.44473	10.3901	4.90563	11.81564	2.15912	11.0658	9.61075	8.62949	3.53546	0	9.76556	0	2.78446	0	2.67126	0	6.21338	0	0	0	0	3.09973	0	0	0	0	0	0	0	0	0	0	0	4.0433	0	0	0	0	0	0	0	0	0	0	0	0	0	0	0	0	0	
0	0	0	10.95738	0	0	0	0	0	0	0	0	0	0	0	0	0	0	8.89727	0	0	10.92528	0	3.35831	10.30792	4.98691	0	0	10.31899	8.00441	11.99279	0	9.53825	0	0	0	0	9.45541	12.36066	9.57271	8.97929	5.64989	8.99206	8.64592	9.42364	9.92865	8.59753	7.66171	9.76267	7.99318	9.89446	5.56645	10.72839	6.34431	6.15608	8.77138	0	0.90865	3.05586	7.8579	0	1.8173	9.18275	0	0	0	0	0	0	2.78446	0	0	5.41444	0	0	5.4974	10.99563	1.68199	0	0.5066	0	0	0	0	0	0	0	0	0	0	0	0	0	0	0	0	0	0	0	0	
8.46231	0	0	0	12.18931	8.22706	0	0	0	0	0	0	0	0	0	0	0	11.58105	0	0	0	0	0	0	10.84605	0	9.82329	7.61715	0	10.38175	10.75826	0	0	0	11.91425	10.88219	5.80256	11.72099	11.48459	10.61618	8.03095	9.13784	9.50017	8.82822	9.73572	9.1931	10.18974	8.39356	8.10051	9.91479	5.68058	9.30784	6.85612	6.75343	8.84786	7.47944	8.03316	2.06009	2.18022	9.85579	7.72922	0	6.15312	9.13389	11.25899	10.38539	7.7069	0	0	0	0	0	0	0	4.56789	0	0	0	0	0	0	0	0	0	0	0	0	0	0	0	0	0	0	0	0	6.07618	0	0	0	0	
0	0	0	0	0	0	0	0	8.42218	0	7.17451	0	0	0	0	0	9.16383	15.29365	10.7531	8.33653	8.53938	5.89304	0	0	0	13.77666	0	7.00057	9.49537	11.31605	0	11.30721	10.77336	5.61948	10.11357	10.32738	7.03228	7.47758	9.76341	10.78349	9.17831	8.06971	5.41318	8.2264	9.92365	8.68503	8.99554	9.41142	8.56484	6.1671	7.94954	10.18573	6.40141	6.85875	4.35503	5.77543	5.99161	9.44206	0	10.88701	5.64658	6.15495	9.42606	0	6.78339	10.40924	3.16885	0	0	0	0	1.42374	0	0	9.63913	0	0	0	9.27381	0	0	0	0	0	0	4.75933	0	0	0	0	0	0	0	0	0	3.02714	0	0	0	0	
0	10.30227	0	0	3.85423	5.56306	0	0	0	0	0	0	0	0	6.14641	9.92976	0	11.13844	9.38975	0	5.4839	0	4.08632	0	0	0	0	0	10.74103	8.33088	7.48566	0	10.05371	1.34921	10.04684	7.76027	7.92123	7.79373	8.31336	9.46159	8.90011	8.2022	8.09742	8.62397	9.32556	7.34245	8.46121	9.44582	8.85405	8.15696	7.9705	8.319	7.2218	5.51857	8.72916	5.91746	1.6339	6.57093	7.61657	6.62046	0	8.22938	0	11.72803	9.9055	0.8808	3.9865	11.95243	0	0	0	0	0	0	0	0	0	0	0	0	9.01917	0	0	0	0	0	0	0	0	0	0	0	0	0	0	0	0	0	0	0	
0	11.98738	6.11172	0	8.89109	0	0	0	0	0	10.05028	0	0	0	7.83932	9.37874	0	8.94238	0	0	5.8317	5.7663	8.90678	8.09828	11.22998	10.69204	0	2.88939	10.12936	6.35582	9.92851	10.86537	9.54301	11.15985	10.6583	3.15417	8.16646	7.47897	7.65947	8.84751	7.97154	7.87269	7.54636	7.76472	7.2399	7.33207	8.78534	6.61335	8.99074	8.02555	7.68935	8.49197	7.70395	7.1216	6.58474	6.41667	8.08755	8.70226	5.26447	9.00397	0	5.9222	10.87969	9.53406	2.1113	0.5066	1.17766	0	0	9.75955	0	10.4902	0	0	8.7985	0	3.97493	0	0	0	0	0	0	4.11469	0	1.92712	0	0	0	0	0	0	0	0	0	0	0	0	0	0	
0	0	0	0	0	0	0	0	5.34147	0	9.64445	11.61241	0	0	0	0	0	0	11.37893	0	11.18871	0	0	0	0	12.45707	9.97445	0	3.16885	10.67841	6.73599	6.50826	5.67421	8.45238	10.89678	9.68611	6.46679	8.05261	8.78293	8.44338	6.42566	7.19802	8.64134	9.38209	7.32932	6.85487	7.50611	7.49642	8.73052	8.89956	9.13452	8.73219	7.82565	7.06483	6.49961	8.73971	7.684	6.86398	9.26496	8.65613	9.4488	5.10925	7.91922	9.48002	0	8.2659	0	7.18393	0	0	0	0	0	0	0	0	0	0	0	0	0	5.51077	0	0	0	0	0	6.0467	4.64269	8.0232	0	0	0	0	0	0	0	0	0	0	
0	0	0	0	0	0	0	0	11.5486	7.649	0	2.69357	0	11.05103	0	0	0	1.17766	5.72099	3.52008	0	0	0	8.4388	5.21646	3.16885	9.14465	9.05223	6.40417	10.1295	0	5.81304	6.28492	4.01064	3.11195	8.45076	8.67518	6.37188	10.50358	5.21917	8.71761	9.64776	7.65521	9.15392	6.25306	6.57337	7.05188	8.24646	6.60321	8.33041	7.90991	6.57156	7.34022	6.16311	7.90159	7.58455	7.20432	11.35054	9.09779	5.19861	7.53997	7.25379	7.96877	3.47207	1.9478	11.11396	9.35576	0	0	0	0	0	0	6.53469	9.36959	0	0	0	14.17648	0	0	0	0	0	0	0	0	0	10.71317	0	9.66478	0	0	0	0	0	0	0	0	0	
0	0	7.39247	5.38701	0	1.42374	0	4.66678	10.22069	0	0	0	0	0	0	0	0	9.26009	0	0	0	0	0	10.32468	0	9.04821	0	8.78519	5.26462	7.82347	0	8.25089	0	13.71395	6.95351	8.49557	7.27415	5.59088	3.75853	9.95834	6.92225	7.84956	9.25211	7.62236	7.55946	7.42206	6.90433	8.97459	8.06947	6.72166	6.43813	8.40351	8.19773	7.16932	7.30951	5.40527	7.41785	9.67239	6.77533	5.82215	7.84702	7.94447	2.81293	10.8985	4.04084	0	0	4.99452	0	3.50292	0.6937	0	8.34028	0	2.25414	0	9.14308	0	0	0	0	0	4.07627	0	0	0	0	0	0	0	0	0	0	0	0	0	0	0	0	0	
0	0	0	0	0	0	0	0	0.5066	0	10.32137	5.16664	7.60849	0	14.19689	0	0	5.06151	0	1.8173	0	0	0	0	0	0	8.16317	5.4974	9.50487	0	8.72438	7.53126	6.33376	8.32267	4.86222	9.05866	7.8966	7.00325	6.7261	7.54432	8.23823	5.35308	7.24685	7.10717	6.41745	8.29901	5.80121	7.05913	6.29859	5.69131	5.66662	9.00326	8.64605	6.76646	6.05819	6.48546	5.73106	7.6437	9.38399	4.25214	5.11129	4.69406	6.00478	5.50561	0	5.2857	7.61001	2.89234	0	0	7.27981	0	6.82316	1.16195	0	12.15485	0	0	0.5066	0	0	0	0	0	0	0	0	0	5.77107	0	0	0	0	0	0	0	0	0	0	0	
0	0	0	0	0	0	0	0	0	9.48842	0	0	1.42374	0	0	0	0	0	0	0	0	0	0	10.05733	0	0	10.11812	0	0	5.16711	6.33361	0	0	5.13168	9.47313	9.04706	3.85423	0.8808	0	8.96564	4.53095	10.83513	2.45782	6.95963	8.2576	5.58581	7.02112	7.27725	8.79643	5.42623	6.59666	8.44443	5.85633	7.09934	8.19278	6.17156	6.12369	7.04405	4.91166	4.21315	7.27126	5.09447	4.33767	6.38657	5.7991	6.06804	7.48346	7.04261	5.47527	0	0	7.00057	0	2.59655	0	1.8173	9.27381	0	0	0	0	0	0	0	10.35327	0	0	4.28619	0	0	0	5.99286	0	0	0	0	5.4839	0	0	0	
0	0	0	0	0	0	0	0	0	0	0	7.94161	0	0	0	0	0	3.29512	12.27434	0	0	0	0	0.5066	0	0	0	8.43451	0	0	0	0	6.60565	5.44287	6.47377	0	2.8605	8.52553	4.74421	2.65561	6.8678	8.85503	6.53176	1.70816	0	6.61679	5.97696	4.04476	6.54288	6.93382	5.65755	10.49782	7.72491	4.05618	7.70261	5.61881	6.09613	7.47746	7.35757	7.44653	7.8047	2.98514	0	7.14557	9.09851	0	6.9105	5.3857	9.84782	6.87479	0	0	0	0.5066	0	9.53335	0	8.98971	0	0	0	11.00359	0	0	0	0	0	0	0	0	0	0	0	0	0	0	0	0	0	0	
0	0	0	0	5.92677	0	0	0	0	0	8.84939	0	0.5066	0	0	11.20139	0	0	3.85423	0	5.68213	12.28594	0	0	0	7.20773	5.29586	0	0	12.09726	0	10.23759	7.78807	0	0	4.8463	10.92777	8.00913	12.49867	8.81202	6.00123	8.94115	6.07728	7.99255	7.2087	5.29783	10.43446	6.52738	8.57868	8.29732	8.78263	5.34726	7.41559	8.04241	6.74077	6.53124	5.45024	8.42682	2.99791	6.39248	4.92339	7.58152	4.59538	4.83726	6.56267	0	9.12858	8.16623	0	2.25891	9.02438	8.7542	7.39085	9.86301	6.54814	0	5.6573	0	0	0	2.78446	0	0	11.8671	0	0.5066	0	0	0	0	0	0	0	0	0	0	0	0	0	0	
0	0	0	0	0	0	0	0	0	0	0	5.31122	4.2448	0	0	6.654	0	0	0	2.12618	1.17766	0	0	0	0	0	0	0	0	3.42016	0.5066	6.22937	0	0	0	8.62795	0	0	0	5.52402	4.76612	2.91637	4.74597	5.35897	8.2179	2.82077	4.05867	5.77274	6.00561	3.69947	0	0	6.60126	9.79414	12.38094	6.82285	7.62263	5.74443	6.01029	5.31383	6.6325	7.33397	8.34445	6.28187	4.48049	7.34399	9.87974	7.52415	4.40555	7.00182	0	7.87362	7.88384	9.40314	9.00279	0	7.31835	0	3.16885	0	0	0	0	0	0	0	0	0	0	0	0	0	0	0	0	0	0	0	0	0	
0	0	0	8.21923	0	0	0	0	0	0	0	0	0	0	0	0	1.97999	0	0	0	0	0	4.05014	0	0	0	6.81271	5.14913	5.60107	8.00913	0	0	1.17766	0	0	12.51718	0	0.5066	4.01302	2.58332	3.89943	0	0	0	3.41751	10.32941	5.20296	6.03049	4.83472	5.33306	3.53591	7.196	8.58814	7.08776	6.11618	6.50795	8.40111	6.87033	4.26266	6.97067	7.42882	5.69634	8.60893	8.57009	6.78539	7.80381	5.2192	7.00531	9.49067	9.80162	1.71326	9.47143	3.89535	4.21338	4.74076	0	12.72558	0	4.02735	11.94951	0	6.78636	4.80347	0	0	0	0	0	0	0	0	0	0	0	0	0	0	13.16067	0	11.17644	
0	0	4.97997	0	0	0	0	0	0	0	0	0	0	0	0	0	0	0	0	0	7.5786	0	0	0	0	6.86135	0	8.53559	0	10.57199	0	10.88637	10.81438	0	7.05179	0	0	5.99075	5.0438	0	6.21338	0	0	9.32542	10.51961	9.25208	2.24077	2.64469	0.8808	4.28645	7.77374	9.63073	8.11502	7.15751	8.06908	6.98731	3.85423	3.72201	8.37739	6.5022	2.18111	5.32428	6.60685	1.04657	3.84048	6.16121	5.18295	0	8.99394	3.87436	4.34774	5.0415	5.79716	6.49259	4.66678	0	4.97376	0	4.57781	6.78636	0	4.71876	0	0	0	0	0	0	4.25475	0	0	0	0	0	0	0	3.16885	0	0	0	
0	0	0	0	2.12618	0	0	0	0	0	0	0	10.94296	0	0	0	0	0	0	0	6.52153	1.6339	0	0	0	0	0	5.42508	0	0	0	7.60066	9.64823	0	0	0	4.46172	0	0.5066	5.91453	0	0	4.08574	1.17766	6.68971	0	3.74852	6.74168	9.74265	4.08322	6.82434	3.44735	8.9275	4.9872	7.7624	6.19248	0	5.87697	7.80036	1.12946	6.09889	6.38512	6.65733	4.88158	6.8823	7.98513	4.27558	3.40028	5.13699	6.85582	5.94432	0	0	9.33533	0	8.22274	4.72364	6.84028	0	0	0	0	0	0	5.89426	2.95069	0	0	0	0	0	0	0	0	0	0	8.40796	0	0	0	
0	0	0	0	0	0	0	0	6.11172	0	0	0	0	0	0	0	9.86485	0.8808	0	0	0	0	0	0	5.78478	0	0	0	0	0	0	0	0	0	3.52576	7.67382	0	1.8173	0	0	0	0	5.91453	12.30621	0	7.24658	10.45622	5.73245	0	1.96791	0	9.88167	9.38601	7.10886	0	6.79731	0	5.84178	0	4.17759	7.47653	7.86558	6.57883	7.67084	6.06971	6.25451	6.25646	6.91641	8.70123	5.8987	8.56572	3.06891	8.74549	10.25089	8.04101	2.51595	7.7406	7.71773	0	0	5.04322	6.76419	9.27038	0	0.71187	0	5.04322	5.14964	2.49255	0	4.86245	0	0	10.04297	0	0	0	0	0	0	
0	0	0	0	0	0	0	0	0	0	0	0	0	0	0	0	0	0	0	0	8.60462	0	0	0	0	0	0	0	0	3.09973	0	0	0	0	3.89559	0	0	0	0	0	9.06643	0	9.01574	8.09377	4.30811	0	0	2.38045	8.41864	4.61444	9.65427	0	0	4.6032	3.59915	6.54891	0	0	7.95306	9.04912	9.83193	5.84328	1.56986	5.8359	7.07173	7.00488	5.14028	5.6407	5.41638	4.93736	8.35217	7.13449	3.33146	4.23623	2.37681	0	2.75539	0	5.44462	0	0	0	0.8808	0	0	0	5.72951	0	0	0	0	0	0	0	0	0	0	0	0	0	
0	0	0	0	4.43391	0	0	0	0	0	0	6.28518	0	1.17766	0	0	0	0	0	0	0	0	0	0	0	0	0	0	0	0	0	0	0	0	0	0	0	0	0	7.49303	0	0	3.47207	0	4.43548	0	0.90257	0.8808	0	0	0	0	0	0	10.54217	0	0	1.8173	0	6.39743	6.40257	1.94257	5.72132	7.72803	6.30561	0	0	4.22265	10.33778	5.01259	5.06679	8.79604	7.25074	4.58343	0	0	4.92534	4.96764	6.26261	3.16885	1.8173	5.37111	0.8808	0	0	0	0.8808	11.97837	0	2.72013	0	0	0	0	8.54751	0	0	0	0	0	
0	0	0	0	0	0	0	0	0	0	0	0	0	0	0	0	0	3.71963	0	0	0	9.28844	7.40684	0	0	0	9.39325	0	0	0	0	0	0	8.70324	7.32047	0	0	0	0	0	0	0	0	0	0	0	0	0	5.24874	0	8.43802	0	0	0	0	9.45167	8.43095	7.50032	2.69357	7.1405	0	5.97194	3.10077	0	7.39878	5.15824	5.40652	6.54073	4.76077	5.70671	6.78545	5.28028	5.63154	8.62267	9.5123	6.54237	6.06863	0	9.4774	4.61124	0	0	6.56289	0	5.06151	8.86971	0	1.8173	0	10.41833	0	0	0	0	0	0	9.36359	0	0	0	
0	0	0	0	0	0	0	0	6.5425	0	0	0	0	0	0	0	0	0	0	0	0	0	0	0	0	0	0	11.67054	0	0	0	0	0	0	0	0	0	0	0	9.94981	0	0	0	0	0	8.98133	0	4.59326	6.24573	0	0	10.80118	0	0	0	0	0	0	6.64023	0	9.14911	0	8.11567	8.85259	6.1075	6.39735	3.61313	0	0	4.6224	8.41478	1.17766	8.01572	7.92135	6.96963	9.15309	2.33339	0	0.5066	6.36856	5.98866	7.85137	9.85832	7.77549	4.67608	0	0.5066	0	0	0	7.25618	0	10.47655	0	0	0	0	0	0	0	
0	0	0	0	0	0	0	0	0	0	0	0	0	6.26164	0	0	0	0	0	3.47207	0	0	0	0	0	2.24315	0	0	0	0	0	0	0	0	6.86656	0	0	4.71229	0	0	9.69804	0	1.6339	8.57959	0	0	0	0	0	0	1.8173	5.40014	0	0	6.40461	0	0	0	0	5.48996	5.38373	0	7.46598	8.32522	2.59655	4.33219	7.64918	8.59851	0	4.41624	6.56355	0	2.48716	5.55244	6.92766	6.56305	4.03942	5.98552	7.04595	3.69339	0	6.75014	7.31072	4.12261	2.01015	0	0	7.05636	4.0863	0	6.39021	0	0	8.37177	0	0	0	0	4.77886	0	
0	0	0	0	0	0	0	6.16344	0	0	0	0	0	0	0	0	0	0	0	0	0	0	7.54325	0	0	0	0	0	10.4601	0	0	0	0	0	8.28029	0	0	0	0	0	0	5.50865	0	0	0	0	3.71101	0	0	0	0	0	6.88722	0	0	0	4.93138	5.56306	0	3.54061	7.83272	0	0	4.50943	0	0	0	7.28724	6.45075	11.20628	8.41679	5.0564	7.94654	4.32262	10.38402	6.13212	9.3138	12.22942	5.56074	5.70329	7.07849	6.32339	4.5971	0	3.34003	0	2.59655	2.06704	0	0	6.78085	7.97597	0	0	0	0	8.7056	0	0	0	
0	0	0	0	0	0	0	0	0	0	0	0	0	0	0	0	0	0	0	0	0	0	0	0	0	0	0	0	0	0	0	0	0	0	0	0	0	4.04661	0	0	0	0	0	0	0	0	0	0	0	2.25891	0	4.58197	0	3.38148	0	0	1.8173	4.70251	2.59655	0	0.5066	0	10.39263	11.58382	7.03338	5.18689	0	0	8.68083	4.85153	0	3.57751	5.15677	9.96859	6.74059	8.37918	0	3.65224	4.96212	7.30061	3.33111	7.38522	5.18343	2.59655	0	0	2.11956	0	0	0	0	0	5.6738	6.36181	10.80152	0	0	0	0	0	
0	0	0	0	0	0	0	8.70269	0	0	0	0	0	0	0	0	0	0	0	0	0	0	0	0	0	0	0	0	0	0	0	0	0	0	0	0	0	3.03322	0	3.16885	0	0	0	0	0	0	0	0	0	0	2.64549	0	0	8.00678	6.82247	0	0	8.12038	9.94585	9.16171	0	0.5066	0	7.87591	9.0031	10.94234	0	0	7.19864	4.6271	7.26819	3.53155	4.61998	7.42525	9.23707	6.62032	6.48714	0	6.06832	4.6569	6.12344	10.23738	4.19257	3.66736	0.81695	0	0	0	0	0	6.03049	0	0	0	0	2.08807	0	0	0	0	
0	0	0	0	0	0	0	0	0	0	0	0	0	0	0	0	0	0	0	0	0	0	0	0	0	8.99567	0	0	0	0	0	0	0	0	0	0	0	9.46629	0	0	0	0	0	0	10.46698	0	0	0	5.56306	0	0	0	0	0	0	0	0	0	0	0	0	0	7.27628	0	0	6.07971	4.31872	6.02652	0	5.86015	1.9478	0	8.88434	0	7.33724	6.41191	6.83501	5.40022	5.05015	5.09749	3.30154	0	6.37249	0	6.78085	5.58274	0	0	0	0	9.77972	0	0	0	0	0	0	1.17766	0	0	
0	0	0	0	0	0	0	0	0	0	0	0	10.06282	0	0	0	0	0	0	0	0	0	0	0	0	0	0	0	0	0	0	0	0	0	0	0	0	0	0	0	0	0	0	0	0	0	0	7.02874	0	0	1.42374	0	10.20741	0	0	0	0	0	0	3.47765	0	0	0	7.30466	2.69357	11.82523	9.56445	0	10.11465	0	0	9.26693	0	0	0	1.80953	5.61356	7.85222	5.53009	3.00154	0	4.1124	4.91562	3.79551	5.3006	1.81374	6.11851	6.59243	5.47027	0	0	0	0	2.78446	0	0	0	0	0	0	
0	0	0	0	0	0	0	0	0	0	0	0	0	0	0	0	0	0	0	0	0	0	0	0	0	0	0	0	0	0	0	0	10.05085	0	0	0	0	0	0	0	7.48684	0	0	0	0	0	0	0	0	0	0	0	0	0	0	0	5.72811	0	0	0	7.24045	0	0	4.89726	0	7.50032	0	0	5.35524	0	0	0	11.98078	0	0	4.34711	0	0	4.27048	11.03419	6.00017	6.67197	9.96298	0	7.36696	0	0	0	2.12618	0.8808	5.06653	4.93201	4.76028	0	0	0	0	0	0	0	
0	0	0	0	0	0	0	1.68744	0	0	0	0	0	0	0	0	0	0	0	0	0	0	0	0	0	0	0	2.12618	0	0	0	0	0	0	0	0	0	0	0	0	0	0	0	0	0	0	0	0	0	0	0	0	0	0	0	0	0	0	0	0	0	0	0	0	0	0	0	0	0	0	2.28395	3.8319	6.76056	2.12618	0	9.40941	10.14391	0	8.55981	5.04322	0	6.38921	0	8.7143	1.8173	7.57204	0	7.60459	0	1.17766	0	0.5066	0	0	0	9.52101	0	0	0	0	
0	0	0	0	0	0	0	0	0	0	0	0	0	0	0	0	0	0	0	0	9.87781	0	0	0	0	0	0	0	0	0	8.69832	0	0	0	0	0	0	0	0	0	0	0	0	0	0	0	0	0	0	0	0	0	0	0	0	0	0	0	0	11.31438	0	0	0	0	5.97367	9.59821	8.23946	3.55476	0	0	0	0	0	0	0	7.12754	6.78634	1.17766	0	0	7.34711	0	0	0	2.99941	2.78446	7.63887	5.67576	8.445	0	5.00593	5.51077	6.736	4.40555	0	3.76776	0	0	0	0	
0	0	0	0	0	0	0	0	0	0	0	0	0	0	0	0	0	0	0	0	0	0	0	0	0	0	0	0	0	0	0	0	0	0	0	0	0	0	0	0	0	0	0	0	0	0	0	0	10.00906	0	0	0	0	0	0	0	0	0	0	0	0	0	0	0	0	0	0	0	0	8.30041	8.7944	9.64293	8.53098	0	10.54055	7.22406	0	7.59439	0	0	0	8.50136	7.64512	0	6.79416	0	0	0	0	2.6805	0	2.12221	5.87115	0	2.86997	0	0	0	0	0	
0	0	0	0	0	0	0	0	0	0	0	0	0	0	0	4.46172	0	0	0	0	0	0	0	0	0	0	0	0	0	0	0	0	0	0	4.15606	0	0	0	0	0	0	0	0	0	0	0	0	0	0	0	0	0	0	0	0	0	0	0	0	0	0	0	0	0	0	0	0	1.6339	0	0	0	0	0	5.7663	0	0	0	0.5066	0	0	0	2.49255	0	0	1.12946	0	4.43375	4.09105	4.98691	10.52869	7.13187	0	9.64596	0	0	0	0	0	0	0	
0	0	0	0	0	0	0	0	0	0	0	0	0	0	0	0	0	0	0	0	0	0	0	0	0	0	0	0	0	0	0	0	0	0	0	0	0	0	0	0	0	0	0	0	0	0	0	0	8.47601	2.95069	0	0	0	0	0	0	0	0	0	1.42374	0	0	0	0	0	5.76	0	0	0	0	0	5.51077	0	0	0	0	0	10.91337	0	4.18853	10.55393	0	0	9.96904	0	0	0	0	0	0	0	0	0	0	0	0	0	0	0	0	
0	0	0	0	0	0	0	0	0	0	0	0	0	0	0	0	0	0	0	1.8173	0	0	0	0	0	0	0	0	0	0	0	0	0	0	0	0	0	0	0	0	0	0	0	0	0	0	0	0	0	0	0	0	0	0	0	2.20155	0	0	7.95145	0	0	0	0	0	5.93451	0	0	0	0	0	0	0.5066	0	8.55398	0	0	4.98691	0	0	0	3.77739	7.05592	3.70352	7.11094	0	0	0	6.59243	8.04626	0	9.65953	6.59243	7.71484	0	0	0	0	0	0	0	
0	0	0	0	0	0	0	0	0	0	0	0	0	0	0	0	0	0	0	0	0	0	0	0	0	0	0	0	0	0	0	0	0	0	0	0	0	0	0	0	0	0	0	0	0	0	0	0	0	0	0	0	0	0	0	0	0	0	0	0	0	0	0	0	0	0	0	0	0	0	0	0	0	0	0	0	0	0	0	0	0	0	0	0	0	0	1.17766	0	0	0	0	8.94362	0	0	0	0	0	0	0	0	
0	0	0	0	0	0	0	0	0	0	0	0	0	0	0	0	0	0	0	0	0	0	0	0	0	0	0	0	0	0	0	0	0	0	0	0	0	0	0	0	0	0	0	0	0	0	0	0	0	0	0	0	0	0	0	0	0	0	0	0	0	0	0	0	0	0	0	0	0	0	6.15265	0	0	0	0	0	5.66227	0	0	5.90443	0	0	0	10.61325	0	0	0	0	0	0	6.619	8.26138	0	0	0	0	0	0	0	0	
0	0	0	0	0	0	0	0	0	0	0	0	0	0	0	0	0	0	0	0	0	0	0	0	0	0	0	0	0	0	0	0	0	0	0	0	0	0	0	0	0	0	0	0	0	0	0	0	0	0	0	0	0	0	0	0	0	0	0	2.38045	0	0	0	0	0	0	0	0	0	0	8.34775	0	0	0	0	0	0	0	0	0	0	0	0	0	0	0	2.95069	0	0	0	0	0	0	0	0	0	0	0	0	0	
0	0	0	0	0	0	0	0	0	0	0	0	0	0	0	0	0	0	0	0	0	0	0	0	0	0	0	0	0	0	0	0	0	0	0	0	0	0	0	0	0	0	0	0	0	0	0	0	0	0	0	0	0	0	0	0	0	0	0	0	0	0	0	0	0	0	0	0	0	6.58613	2.95069	0	0	0	0	0	0	0	4.37662	0	0	0	0	0	0	0	0	0	9.57293	0	0	0	0	0	0	0	0	0	0	0	
0	0	0	0	0	0	0	0	0	0	0	0	0	0	0	0	0	0	0	0	0	0	0	0	0	0	0	0	0	0	0	0	0	0	0	0	0	0	0	0	0	0	0	0	0	0	0	0	0	0	0	0	0	0	0	0	0	0	0	0	0	0	0	0	0	0	0	0	3.7225	0	0	0	0	0	0	0	0	0	0	0	0	0	0	0	0	0	1.97999	0	0	0	0	0	0	0	0	0	0	0	0	0	
0	0	0	0	0	0	0	0	0	0	0	0	0	0	0	0	0	0	0	0	0	0	0	0	0	0	0	0	0	0	0	0	0	0	0	0	0	0	0	0	0	0	0	0	0	0	0	0	0	0	0	0	0	0	0	0	0	0	8.20696	0	0	0	0	0	0	0	0	0	0	0	0	0	0	0	0	5.4974	0	0	0	0	0	0	0	0	0	0	0	0	0	0	0	0	0	0	0	0	0	0	0	0	
0	0	0	0	0	0	0	0	0	0	0	0	0	0	0	0	0	0	0	0	0	0	0	0	0	0	0	0	0	0	0	0	5.58851	0	0	0	0	0	0	0	0	0	0	0	0	0	0	0	0	0	0	0	0	0	0	0	0	0	0	0	0	0	0	0	0	0	0	0	0	0	0	0	0	0	0	1.8173	0	0	0	0	0	0	0	0	0	0	0	0	0	0	0	0	0	0	0	0	0	0	0	0	
0	0	0	0	0	0	0	0	0	0	0	0	0	0	0	0	0	0	0	0	0	0	0	0	0	0	0	0	0	0	0	0	0	0	0	0	0	0	0	0	0	0	0	0	0	0	0	0	0	0	0	0	0	0	0	0	0	0	0	0	0	0	0	0	0	0	0	0	0	0	0	0	0	0	0	0	0	0	0	0	0	0	0	0	0	0	0	0	0	0	0	0	0	0	0	0	0	0	0	0	
0	0	0	0	0	0	0	0	0	0	0	0	0	0	0	0	0	0	0	0	0	0	0	0	0	0	0	0	0	0	0	0	0	0	0	0	0	0	0	0	0	0	0	0	0	0	0	0	0	0	0	0	0	0	0	0	0	0	0	0	0	0	0	0	0	0	0	0	0	0	0	0	0	0	0	0	0	0	0	0	0	0	0	0	0	0	0	0	0	0	0	0	0	0	0	0	0	0	0	0	
0	0	0	0	0	0	0	0	0	0	0	0	0	0	0	0	0	0	0	0	0	0	0	0	0	0	0	0	0	0	0	0	0	0	0	0	0	0	0	0	0	0	0	0	0	0	0	0	0	0	0	0	0	0	0	0	0	0	0	0	0	0	0	0	0	0	0	0	0	0	0	0	0	0	0	0	0	0	0	0	0	0	0	0	0	0	0	0	0	0	0	0	0	0	0	0	0	0	0	0	
0	0	0	0	0	0	0	0	0	0	0	0	0	0	0	0	0	0	0	0	0	0	0	0	0	0	0	0	0	0	0	0	0	0	0	0	0	0	0	0	0	0	0	0	0	0	0	0	0	0	0	0	0	0	0	0	0	0	0	0	0	0	0	0	0	0	0	0	0	0	0	0	0	0	0	0	0	0	0	0	0	0	0	0	0	0	0	0	0	0	0	0	0	0	0	0	0	0	0	0	
0	0	0	0	0	0	0	0	0	0	0	0	0	0	0	0	0	0	0	0	0	0	0	0	0	0	0	0	0	0	0	0	0	0	0	0	0	0	0	0	0	0	0	0	0	0	0	0	0	0	0	0	0	0	0	0	0	0	0	0	0	0	0	0	0	0	0	0	0	0	0	0	0	0	0	0	0	0	0	0	0	0.5066	0	0	0	0	0	0	0	0	0	0	0	0	0	0	0	0	0	0	
0	0	0	0	0	0	0	0	0	0	0	0	0	0	0	0	0	0	0	0	0	0	0	0	0	0	0	0	0	0	0	0	0	0	0	0	0	0	0	0	0	0	0	0	0	0	0	9.10662	0	0	0	0	0	0	0	0	0	0	0	0	0	0	0	0	0	0	0	0	0	0	0	0	0	0	8.18718	0	0	0	0	0	0	0	0	0	0	0	0	0	0	0	0	0	0	0	0	0	0	0	0	0	
