0	0	0	0	0	0	0	0	0	0	0	0	0	0	0	0	0	0	0	0	0	0	0	0	0	0	0	0	0	0	0	0	0	0	0	0	0	0	0	0	0	0	0	0	0	0	0	0	0	0	0	10.85358	0	0	0	0	0	0	0	0	0	0	0	0	0	0	0	0	0	0	0	0	0	0	0	0	0	0	0	0	0	0	0	0	0	0	0	0	0	0	0	0	0	0	0	0	0	0	0	0	
0	0	0	0	0	0	0	0	0	0	0	0	0	0	0	0	0	0	0	0	0	0	0	0	0	0	0	0	0	0	0	0	0	0	0	0	0	0	0	0	0	0	0	0	0	0	0	14.67386	0	0	0	0	0	0	0	0	0	0	0	0	0	0	0	11.54818	0	0	0	0	0	0	0	0	0	0	0	0	0	0	0	0	0	0	0	0	0	0	0	0	0	0	0	0	0	0	0	0	0	0	0	0	
0	0	0	0	0	0	0	0	0	0	0	0	0	0	0	0	0	0	0	0	0	0	0	0	0	0	0	0	0	0	0	0	0	0	0	0	0	0	0	0	0	0	0	0	0	0	0	0	0	0	0	0	0	0	8.75166	0	0	0	0	0	0	0	0	0	0	0	0	0	0	0	0	0	0	0	0	0	0	0	0	0	0	0	0	0	0	0	0	0	0	0	0	0	0	0	0	0	0	0	0	0	
0	0	0	0	0	0	0	0	0	0	0	0	0	0	0	0	0	0	0	0	0	0	0	0	0	0	0	0	0	0	0	0	0	0	0	0	0	0	0	0	0	0	0	0	0	0	13.86298	8.97096	0	0	0	0	0	0	0	0	0	0	0	0	0	0	0	0	0	0	0	0	0	0	0	0	0	0	0	0	0	0	0	0	0	0	0	0	0	0	0	0	0	0	0	0	0	0	0	0	0	0	0	0	
0	0	0	0	0	0	0	0	0	0	0	0	0	0	0	0	0	0	0	0	0	0	0	0	0	0	0	0	0	0	0	0	0	0	0	0	0	8.38584	0	0	0	0	0	14.98155	0	0	0	0	0	0	0	0	0	0	0	0	0	0	0	0	0	0	0	0	0	0	0	0	0	0	0	0	0	0	0	0	0	0	0	0	0	0	0	0	0	0	0	0	0	0	0	0	0	0	0	0	0	0	0	0	
0	0	0	0	0	0	0	0	0	0	0	0	0	0	0	0	0	0	0	0	0	0	0	0	0	0	0	0	0	0	0	0	0	0	0	0	0	0	0	0	0	0	0	0	0	0	0	0	0	0	0	0	0	0	0	0	0	0	0	0	0	0	0	0	0	0	0	0	0	0	0	0	9.87884	0	0	0	0	0	0	0	0	0	0	0	0	0	0	0	0	0	0	0	0	0	0	0	0	0	0	0	
0	0	0	0	0	0	0	0	0	0	0	0	0	0	0	0	0	0	0	0	0	0	0	0	0	0	0	0	0	0	0	0	0	0	0	0	0	0	0	0	0	0	0	0	0	0	0	0	0	0	0	0	0	0	0	0	0	0	0	0	0	0	0	0	0	0	0	0	0	0	0	0	0	0	10.35494	0	0	0	0	0	0	0	0	0	0	0	0	0	0	0	0	0	0	0	0	0	0	0	0	0	
0	0	0	0	0	0	0	0	0	0	0	0	0	0	0	0	0	0	0	0	0	0	0	0	0	0	0	0	0	0	0	0	0	0	0	0	0	0	0	0	0	0	0	0	0	0	0	0	0	0	0	9.14242	0	0	0	12.32343	0	0	7.62919	0	0	0	0	0	0	0	0	0	0	0	0	0	0	0	0	0	0	0	0	0	0	0	0	0	0	0	0	0	0	0	0	0	0	0	0	0	0	0	0	0	
0	0	0	0	0	0	0	0	0	0	0	0	0	0	0	0	0	0	0	0	0	0	0	0	0	0	0	0	1.56086	0	0	0	0	0	0	0	0	0	0	0	0	0	0	0	0	0	0	0	0	0	0	0	0	0	0	0	0	0	0	0	0	0	0	0	0	0	0	6.97146	0	0	0	0	0	0	0	0	0	0	0	0	0	0	0	0	0	0	0	0	0	0	0	0	0	0	0	0	0	0	0	0	
0	0	0	0	0	0	0	0	0	0	0	0	0	0	0	0	0	0	0	0	0	0	0	0	0	0	0	0	0	0	0	0	0	0	0	0	0	0	0	0	0	0	0	0	0	0	0	0	0	0	0	0	0	0	0	9.11856	0	0	0	0	0	0	0	0	0	0	0	0	0	0	0	0	0	0	0	0	0	0	0	0	0	0	0	0	0	0	0	0	0	0	0	0	0	0	0	0	0	0	0	0	
0	0	0	0	0	0	0	0	0	0	0	0	0	0	0	0	0	0	0	0	0	0	0	0	0	0	0	0	0	0	0	0	0	0	0	0	0	0	0	0	0	0	0	0	0	0	0	0	0	0	0	0	0	0	0	0	0	0	0	0	0	0	0	0	0	0	0	10.63524	0	0	0	0	0	0	0	0	0	0	0	0	0	0	0	0	0	0	0	0	0	0	0	0	0	0	0	0	0	0	0	0	
0	0	0	0	0	0	0	0	0	0	0	0	0	0	0	0	0	0	0	0	0	0	0	0	0	0	0	0	0	0	0	0	0	0	0	0	0	0	0	0	0	0	0	0	0	0	0	0	0	0	0	0	4.71992	0	0	0	4.51727	0	0	0	0	0	0	0	0	0	0	0	0	0	0	4.13564	0	0	0	0	0	0	0	0	0	0	0	0	0	0	0	0	0	0	0	0	0	0	0	0	0	0	0	0	
0	0	0	0	0	0	0	0	0	0	0	0	0	0	0	0	0	0	0	0	0	0	0	0	0	0	0	0	0	0	0	0	0	0	0	0	0	0	0	0	0	0	0	0	0	0	0	0	9.72693	0	0	0	12.11311	0	0	0	0	0	0	0	0	0	0	0	0	0	0	4.89562	0	0	0	0	0	0	0	0	0	0	0	0	0	0	0	0	0	0	0	0	0	0	0	0	0	0	0	0	0	0	0	0	
0	0	0	0	0	0	0	0	0	0	0	0	0	0	0	0	0	0	0	0	0	0	0	0	0	0	0	0	0	0	12.75291	0	0	0	0	0	0	0	0	2.55476	0	0	0	0	0	0	0	9.6728	0	0	0	0	0	0	0	0	0	7.47563	8.22118	0	9.87611	0	0	11.34523	0	0	0	0	0	0	0	0	0	0	0	0	0	0	0	0	0	0	0	0	0	0	0	0	0	0	0	0	0	0	0	0	0	0	0	0	
0	0	0	0	0	0	0	0	0	0	0	0	0	0	0	0	0	0	0	0	0	0	0	0	0	0	0	0	0	0	0	0	0	0	0	0	0	0	0	0	0	0	0	0	0	0	0	0	0	0	0	0	0	0	5.7013	0	0	0	0	0	0	0	0	0	0	0	0	0	0	0	0	0	0	0	0	0	0	0	0	0	0	0	0	0	0	0	0	0	0	0	0	0	0	0	0	0	0	0	0	0	
0	0	0	0	0	0	0	0	0	0	0	0	0	0	0	0	0	0	0	0	0	0	0	0	0	0	0	0	0	0	0	0	0	0	0	0	0	0	0	0	0	0	13.86289	0	0	0	0	0	0	0	0	0	8.77914	0	0	0	0	0	0	14.14008	0	0	0	0	0	0	0	0	0	0	0	9.90622	0	0	0	0	0	0	0	0	0	0	0	0	0	0	0	0	0	0	0	0	0	0	0	0	0	0	0	0	
0	0	0	0	0	0	0	0	0	0	0	0	0	0	0	0	0	0	0	0	0	0	0	0	0	0	0	0	0	0	0	0	0	0	0	0	0	0	0	0	0	0	0	6.44301	0	0	0	10.60076	0	0	0	8.65624	0	0	0	0	0	0	4.85847	0	0	0	0	0	0	0	0	0	0	0	0	0	0	0	0	0	0	0	0	0	0	0	0	0	0	0	0	0	0	0	0	0	0	0	0	0	0	0	0	0	
0	0	0	0	0	0	0	0	0	0	0	0	0	0	0	0	0	0	0	0	0	0	0	0	0	0	0	0	0	0	0	0	0	0	0	0	0	0	0	0	0	0	9.51062	0	0	0	0	0	0	0	0	0	0	0	0	8.43138	0	0	0	0	0	0	0	0	0	0	0.57299	0	9.55337	0	0	0	0	0	0	0	0	0	0	0	0	0	0	0	0	0	0	0	0	0	0	0	0	0	0	0	0	0	0	0	
0	0	0	0	0	0	0	0	0	0	0	0	0	0	0	0	0	0	0	0	0	0	0	0	0	0	0	0	0	0	0	0	0	0	0	0	0	0	0	0	14.35535	0	0	0	0	0	0	0	0	0	0	0	0	0	0	0	0	0	0	0	0	0	0	0	0	0	0	0	0	0	0	0	0	0	0	0	0	0	0	0	0	0	0	0	0	0	0	0	0	0	0	0	0	0	0	0	0	0	0	0	
0	0	0	0	0	0	0	0	0	0	0	0	0	0	0	0	0	0	0	0	0	0	0	0	0	0	0	0	0	0	0	0	0	0	0	0	0	0	0	0	0	0	0	0	0	0	0	11.58779	0	0	8.89081	0	0	0	0	0	0	0	0	0	0	0	0	0	0	0	0	0	0	0	0	0	0	0	0	0	7.42741	0	0	0	0	0	0	0	0	0	0	0	0	0	0	0	0	0	0	0	0	0	0	0	
0	0	0	0	0	0	0	0	0	0	0	0	0	0	0	0	0	0	0	0	0	0	0	0	0	0	0	0	0	0	0	0	0	0	0	0	0	0	0	0	0	0	0	0	0	0	0	10.50383	0	0	10.43232	9.84559	0	0	0	0	6.5911	0	9.64056	0	9.04589	0	0	0	0	9.28227	0	0	0	0	0	0	0	0	0	0	0	0	0	0	0	0	0	0	0	0	0	0	0	0	0	0	0	0	0	0	0	0	0	0	
0	0	0	0	0	0	0	0	0	0	0	0	0	0	0	0	0	0	0	0	0	0	0	0	0	0	0	0	0	0	0	0	0	0	0	0	0	0	0	0	0	8.98333	0	0	0	0	0	0	0	0	0	0	0	0	0	0	0	0	0	0	0	0	0	0	0	0	0	0	1.30024	0	0	0	0	0	0	0	0	0	0	0	0	0	0	0	0	0	0	0	0	0	0	0	0	0	0	0	0	0	0	0	
0	0	0	0	0	0	0	0	0	0	0	0	0	0	0	0	0	0	0	0	0	0	0	0	0	0	0	0	0	0	0	2.96826	0	0	0	0	0	0	0	0	0	0	0	0	0	0	0	8.40879	0	0	0	0	0	0	0	0	0	0	0	0	0	0	0	1.78149	0	0	0	1.78149	0	0	0	0	0	0	0	0	0	0	0	0	0	0	0	0	0	0	0	0	0	0	0	0	0	0	0	0	0	0	0	0	
0	0	0	0	0	0	0	0	0	0	0	0	0	0	0	0	0	0	0	0	0	0	0	0	0	0	0	0	0	0	0	11.56406	0	0	2.14176	0	0	0	0	0	0	0	0	0	0	0	0	0	0	0	0	0	0	0	0	0	0	0	0	0	0	0	0	0	0	0	0	0	0	0	0	0	0	0	0	0	0	0	0	0	0	0	0	0	0	0	0	0	0	0	0	0	0	0	0	0	0	0	0	0	
0	0	0	0	0	0	0	0	0	0	0	0	0	0	0	0	0	0	0	0	0	0	0	0	0	0	0	0	0	0	0	0	0	0	0	0	0	0	0	0	0	0	0	11.1777	0	0	0	0	0	11.45479	0	0	0	0	10.71231	0	0	0	0	0	0	0	0	0	0	0	0	0	0	0	0	0	0	0	0	0	0	0	0	2.12471	0	0	0	0	0	0	0	0	0	0	0	0	0	0	0	0	0	0	0	0	
0	0	0	0	0	0	0	0	0	0	0	0	0	0	0	0	0	0	0	0	0	0	0	0	0	0	0	0	0	0	0	0	7.96382	0	0	0	0	0	0	0	0	0	0	0	0	0	0	3.96597	0	0	8.01046	3.75345	0	0	0	0	0	0	8.52601	0	0	0	0	0	0	0	0	0	0	0	2.42978	0	0	0	0	0	0	0	0	0	0	0	0	0	0	5.64992	0	0	0	0	0	0	0	0	0	0	0	0	0	0	
0	0	0	0	0	0	0	0	0	0	0	0	0	0	0	0	0	0	0	0	0	0	0	0	0	0	0	0	0	0	0	0	0	0	0	0	0	0	0	12.33205	0	0	0	0	16.59729	0	5.84694	0	0	0	0	0	0	0	0	0	0	0	0	0	0	0	0	0	0	0	0	0	0	0.57299	0	0	0	0	0	0	0	0	0	0	0	0	0	0	0	0	0	0	0	0	0	0	0	0	0	0	0	0	0	0	
0	0	0	0	0	0	0	0	0	0	0	0	0	0	0	0	0	0	0	0	0	0	0	0	0	0	0	0	0	0	0	0	0	0	0	10.85813	0	0	0	0	0	0	0	0	0	0	0	9.13616	0	0	0	0	0	5.53236	0	0	0	0	0	0	9.00266	0	0	0	0	0	0	0	0	0	0	0	0	0	0	0	0	0	0	0	0	0	0	0	0	0	0	0	0	0	0	0	0	0	9.91863	0	0	0	0	0	
0	0	0	0	0	0	0	0	0	0	0	0	0	0	0	0	0	0	0	0	0	0	0	0	0	0	0	0	0	0	0	0	0	0	0	0	0	0	0	0	0	14.27967	0	0	0	0	0	0	0	0	0	0	8.80924	0	0	0	0	0	0	0	0	0	0	0	0	0	0	2.55476	0	0	0	3.77365	0	0	0	0	0	0	0	0	0	0	0	0	0	0	0	0	0	0	0	0	0	0	0	0	0	0	0	0	
0	0	0	0	0	0	0	0	0	0	0	0	0	0	0	0	0	0	0	0	0	0	0	0	0	0	0	0	0	0	0	0	0	0	0	0	0	0	0	0	8.87364	0	0	0	10.22109	0	0	5.62361	0	0	2.55476	9.99851	0	0	0	11.22461	0	0	10.39624	0	8.17568	0	0	0	0	0	0	0	0.57299	0	0	0	0	0	0	0	0	0	0	0	0	0	0	0	0	0	0	0	0	0	0	0	0	0	0	4.77234	0	0	0	0	
0	0	0	0	0	0	0	0	0	0	0	0	0	0	0	0	0	0	0	0	0	0	0	0	0	0	0	0	0	0	0	0	0	0	0	0	0	0	0	0	0	0	0	0	14.35763	0	0	0	0	0.98193	0	0	5.98661	0	0	0	0	6.5263	0	0	0	5.17412	0	0	0	0	0	0	0	0	0	0	0	0	0	0	0	0	0	0	0	0	0	0	0	0	0	0	0	0	0	0	0	0	0	0	0	0	0	0	
0	0	0	0	0	0	0	0	0	0	0	0	0	0	0	0	0	0	0	0	0	0	0	0	0	0	0	0	0	0	0	0	0	0	0	0	0	0	0	0	0	0	0	10.81192	0	0	11.43078	0	0	0	10.92116	0	0	0	0	0	0	0	0	6.23094	0	0	0	0	8.87664	0	0	12.3525	0	0	0	0	9.51351	0	0	0	7.09836	0	0	0	0	0	0	0	0	0	0	0	0	0	0	0	0	0	0	0	0	0	0	0	
0	0	0	0	0	0	0	0	0	0	0	0	0	0	0	0	0	0	0	0	0	0	0	0	0	0	0	0	0	0	0	0	0	0	0	0	0	0	0	0	0	0	0	0	2.14176	0	0	10.36884	0	0	0	10.62204	6.28606	0	0	10.67192	0	0	3.66694	0	0	0	0	0	0	0	1.78149	10.41903	0	0	0	0	0	11.53473	0	0	0	0	0	0	0	0	0	0	0	0	0	0	0	0	0	0	0	0	0	0	0	0	0	0	
0	0	0	0	0	0	0	0	0	0	0	0	0	0	0	0	0	0	0	0	0	0	0	0	0	0	0	0	0	0	0	0	0	0	0	0	0	14.48017	0	0	0	0	0	0	0	0	0	0	3.92024	0	0	5.60892	0	0	0.57299	0	8.94531	0	0	4.66553	0	0.98193	0	0	0	0	0	0	0	0	0	0	0	0	6.40347	3.5517	0	0	0	0	0	0	0	0	0	0	0	0	0	0	0	0	0	0	0	0	0	0	0	0	
0	0	0	0	0	0	0	0	0	0	0	0	0	0	0	0	0	0	0	0	0	0	0	0	0	0	0	0	0	0	0	0	0	0	0	0	0	0	0	0	0	0	14.9425	0	0	9.58302	0	12.26619	0	0	10.13613	0	12.68681	0	8.97077	0	0	0	0	0	0	0	0	8.61661	0	0	0	3.72129	0	0	10.73436	0	0	0	0	0	0	0	2.42978	0	0	0	0	0	0	0	0	0	0	0	0	0	0	0	0	0	0	0	0	0	
0	0	0	0	0	0	0	0	0	0	0	0	0	0	0	0	0	0	0	0	0	0	0	0	0	0	0	0	0	0	0	0	0	0	0	0	0	0	0	0	0	0	0	0	0	0	0	8.26757	10.40457	0	0	9.89961	0	0	0	0	0	0	0	0	0	0	0	0	1.56086	0	0	0	0	0	0	0	0	0	0	0	0	0	0	0	0	0	0	0	0	0	0	0	0	0	9.57197	0	0	0	0	0	0	0	0	0	
0	0	0	0	0	0	0	0	0	0	0	0	0	0	0	0	0	0	0	0	0	0	0	0	0	0	0	0	0	0	0	0	0	0	0	0	0	0	0	0	0	0	0	0	0	0	0	14.28701	0	0	0	0	8.13373	0.57299	0	0	0	0	10.46508	7.0567	0	0	0	0	0	0	0	0	0	0	0	0	0	0	0	0	0	0	0	0	0	0	0	0	0	0	0	0	0	0	0	0	0	0	0	0	0	0	6.86485	0	
0	0	0	0	0	0	0	0	0	0	0	0	0	0	0	0	0	0	0	0	0	0	0	0	0	0	0	0	0	0	0	0	0	0	0	0	0	0	0	0	0	0	7.04609	0	0	0	0	0	0	9.73636	0	9.74671	0	7.62563	0	0	0	0	0	0	0	0	0	0	13.42227	0	0	0	0	0	0	0	0	0	0	0	13.08513	0	0	0	0	0	0	0	0	0	0	0	0	0	0	0	0	0	0	0	0	0	0	0	
0	0	0	0	0	0	0	0	0	0	0	0	12.15443	0	0	0	0	0	0	0	0	0	0	0	0	0	0	0	0	0	9.51735	0	0	0	0	0	0	0	0	0	0	0	10.14604	0	0	0	0	10.73394	0	0	12.67889	0	0	5.32212	4.96482	0	9.53203	0	0	0	0	0	0	8.27667	10.9474	8.79189	0	0	0	0	0	0	0	0	0	0	0	0	0	0	0	0	0	0	0	0	0	0	0	0	0	0	0	0	0	0	0	0	0	0	
0	0	0	0	0	0	0	0	0	0	0	0	0	0	0	0	0	0	0	0	0	0	0	0	0	0	0	0	0	0	0	0	0	0	0	0	0	0	0	0	0	0	0	0	0	10.29649	5.44023	0	3.5517	11.89627	2.29293	8.08986	8.58897	0	9.34743	6.64683	0	0	0	0	12.73238	0	0	0	0	0	0	0	0	6.02723	0	0	0	0	0	0	5.60342	0	0	0	0	0	0	0	0	0	0	0	0	0	0	0	0	0	0	0	0	0	0	0	
0	0	0	0	0	0	0	0	0	0	0	0	0	0	0	8.14619	0	0	0	0	0	0	0	0	0	0	0	0	0	0	0	0	0	0	0	7.55632	11.44321	0	0	0	0	0	0	0	0	10.68223	6.71375	9.77749	6.50323	9.79423	0	0	3.92024	0	13.59979	0	0	0	0	9.13991	0	8.93673	0	7.00287	0	9.47548	0	0	11.10739	0	9.58394	0	0	0	0	10.41875	0	1.56086	0	2.92909	0	0	0	0	0	0	0	0	0	0	9.08398	0	0	0	0	0	0	0	0	0	
0	0	0	0	0	0	0	0	0	0	0	0	0	0	0	0	0	0	0	0	0	0	0	0	0	0	11.09104	0	0	0	0	4.74637	0	0	6.92975	0	0	0	0	0	11.24015	0	0	0	0	0	0	0	10.13664	9.19975	4.89562	9.08138	9.55804	0	8.43138	0	8.67112	0	3.8802	0	0.65122	8.62558	0	0	0	8.97776	0	0	0	0	0	0	0	8.26071	0	0	0	0	0	0	0	0	0	0	0	0	0	0	0	0	0	0	0	0	0	0	4.91905	0	0	0	
0	0	0	0	0	0	0	0	0	0	0	0	0	0	0	0	0	0	0	12.21561	0	0	0	0	0	0	0	0	0	0	0	0	0	0	0	0	0	0	0	0	0	0	0	15.24846	0	0	12.01608	11.10292	10.44146	0	7.77762	9.90768	11.31904	0	0	0	14.24586	0	0	8.1884	7.13193	0	0	10.61205	0	7.27224	0	6.85273	0	0	0	0	0	0	0	0	0	0	0	0	0	0	0	0	0	0	0	0	0	0	8.03384	0	0	0	0	0	0	0	0	0	
0	0	0	0	0	0	0	0	0	0	0	0	8.16347	0	0	0	0	0	0	9.06965	0	0	0	0	0	0	0	0	0	0	0	0	0	7.8072	0	0	0	0	0	0	0	12.52521	12.95511	0	9.51329	0	0	3.48802	10.56454	0	2.55476	8.60539	7.52275	1.21798	10.9997	5.50362	6.1987	5.22008	7.47993	0	0	0	0	0	9.17319	0	0	0	0	0	0	0	0	0	0	0	0	0	10.17924	4.17511	0	0	0	0	0	0	0	0	0	0	0	0	0	0	0	0	0	0	0	0	
0	0	0	0	0	0	0	0	0	0	0	0	0	0	0	0	0	0	0	0	0	0	0	14.75313	0	0	0	0	0	0	0	0	0	0	0	0	0	0	11.27373	0	0	0	9.20627	10.35977	0.57299	0	9.3879	6.70991	0	6.84477	10.94704	7.36884	0	0	0	0	0	6.95403	14.6012	9.8706	12.0957	0	0	0	9.27548	0	0	0	0	0	0	0	0	0	0	0	0	0	0	0	0	0	0	0	0	0	0	0	0	0	0	0	0	0	0	0	0	0	0	0	
0	0	5.57913	0	0	0	0	0	0	0	0	0	0	0	0	0	0	0	0	0	0	0	0	0	0	0	0	0	0	0	0	0	0	0	0	0	0	0	0	0	11.38814	0	0	0	0	10.72524	0	8.2345	10.40664	11.60158	0	9.62104	9.83869	10.03298	4.09506	8.94103	0	0	2.77627	0	9.33988	0	10.89184	10.04785	0	0	0	0	0	0	0	7.03847	0	0	0	0	3.66694	0	0	0	0	0	0	0	0	0	0	0	0	0	0	0	0	0	0	0	0	0	0	0	
0	0	0	0	0	0	0	0	0	0	0	9.89001	0	0	0	0	0	0	0	0	0	0	0	0	0	0	0	0	0	0	0	0	6.33044	0	0	0	0	8.79259	11.6721	4.32302	8.38163	8.11253	0	0	12.78888	6.56524	12.31968	9.14668	11.51771	0	11.15536	0	0.65012	6.99654	0	10.9868	4.78166	9.80425	0	0	0	0	0	0	0	0	0	7.52229	0	0	0	0	5.48803	0	0	10.6423	0	0	10.57933	0	0	0	0	0	0	0	0	0	0	0	0	0	0	0	0	7.87526	0	0	0	0	
0	0	0	0	0	0	0	0	0	0	0	0	0	0	0	0	0	0	0	0	0	0	0	0	0	0	0	0	0	0	0	0	0	0	5.23141	7.68496	0	0	0	8.77433	0	12.86511	0	11.66091	14.93787	10.35769	7.72995	9.05025	11.33048	11.12346	10.68699	11.356	4.46578	9.53131	0	0	9.05212	0	0	6.64349	7.72207	0	1.97284	0	0	0	0	0	0	0	0	0	0	0	0	0	0	0	2.42978	0	0	0	0	0	0	0	0	8.50293	0	0	0	0	0	0	0	0	0	0	0	0	
0	0	0	0	0	0	0	0	10.73889	0	9.38052	0	0	0	0	0	0	0	0	0	0	0	0	0	0	0	7.72539	0	0	0	0	0	0	0	0	0.57299	0	12.00346	11.32837	0	8.77624	7.16849	0	11.05413	0.98193	11.44921	9.72533	8.87345	9.59427	9.26177	0	7.46768	0.98193	0	0	0	10.21414	4.57989	0	0	0	0	0	0	0	0	9.40355	0	0	0	0	0	0	0	0	0	0	0	0	0	0	0	0	0	0	0	0	0	0	0	0	0	0	8.93385	0	0	0	0	0	0	
0	0	0	0	0	0	0	0	0	0	0	10.35279	0	0	12.58264	0	0	0	0	0	0	0	0	0	0	0	0	0	0	0	0	10.92803	0	0	5.96425	0	11.15906	0	0	11.31792	1.56086	0	9.50071	11.56182	11.06043	7.93241	11.49017	9.13701	1.52773	9.46192	7.90178	9.47673	11.18106	9.03091	0	6.16384	10.24459	0	0	12.50949	9.7352	4.82051	0	11.01762	0	0	0	0	0	0	0	0	0	0	0	7.25556	0	0	0	0	0	0	0	5.37393	0	0	0	0	0	0	0	0	0	0	0	0	0	0	0	0	
0	0	0	0	0	0	0	0	0	0	0	0	12.21989	0	0	0	0	0	0	0	0	0	0	0	0	0	0	0	0	10.16215	0	0	7.42331	0	2.66975	0	12.74739	0	15.24363	10.92079	10.97897	9.97773	7.59711	9.4361	9.48576	4.60545	11.51366	10.21882	5.63682	8.27811	9.55755	11.2003	11.79003	9.77075	5.79773	7.44835	8.83088	0	0	10.09105	6.26792	0	0	0	0	0	0	0	0	0	0	0	0	10.30369	0	0	0	0	0	0	11.47667	0	0	0	0	0	0	0	0	0	0	0	0	0	0	0	0	0	0	0	
0	0	0	0	0	0	0	13.43465	0	0	0	10.50431	0	0	0	0	0	0	0	0	0	0	0	0	0	0	0	9.00403	0	0	6.07273	0	10.8131	0	0	0	9.88926	6.73879	8.21712	9.77721	9.68026	4.87299	0	10.93987	10.72456	10.59943	9.75412	9.0586	11.17223	11.11572	4.89283	9.14005	9.30677	9.48924	7.46398	7.24477	10.86418	4.59266	3.39587	8.96233	6.78824	12.81835	5.5494	0	10.55989	0	0	0	0	0	0	0	0	7.98895	0	0	0	0	0	0	0	0	0	0	0	0	0	0	0	0	0	0	0	0	0	0	0	0	0	0	
11.1898	0	0	0	0	0	0	0	8.2183	0	0	0	8.39632	0	0	0	0	0	0	0	0	0	0	0	10.12673	0	0	8.84333	0	0	0	0	14.04882	0	10.78892	8.82794	0	7.20232	11.04878	7.77778	7.20232	8.99695	6.02048	10.36351	11.90649	10.50541	9.10988	9.59449	5.41898	7.25115	10.11269	7.04807	13.24335	3.29092	9.5428	9.65528	10.75363	5.99273	0	10.49888	4.09506	1.97284	0	6.36799	0	7.11368	0	0	0	0	5.57913	0	0	0	0	0	0	0	0	0	0	0	4.38152	0	0	7.18551	0	0	0	0	0	0	0	0	0	0	0	0	0	0	
0	0	0	11.12104	0	0	0	0	0	0	0	0	0	0	0	0	0	0	8.55061	0	0	10.42773	0	4.94212	10.9346	6.13411	0	0	9.90549	9.33333	12.31066	0	12.76498	0	0	0	0	10.17215	11.51332	10.36267	9.06917	6.29862	9.95021	9.59738	10.22618	10.41151	9.16662	9.2139	10.09673	7.81151	10.13174	9.5848	10.81801	6.09742	6.35203	9.84683	0	2.21239	4.53089	8.50078	0	6.97519	11.74627	0	0	0	0	0	0	6.62225	0	0	5.60827	0	0.57299	9.66502	11.16121	3.92024	0	0	0	0	0	0	0	0	0	0	0	0	0	0	0	0	0	0	0	0	0	0	
9.21403	0	0	0	12.58904	7.96941	0	0	0	0	0	0	0	0	0	0	0	10.29853	0	0	0	0	0	0	10.80604	0	8.81803	10.05284	0	12.33722	11.76148	0	0	0	11.49018	11.05512	6.29642	12.04896	11.53781	10.24538	8.01654	9.38031	11.09505	9.62493	9.66271	9.24623	9.65462	9.21234	8.66669	10.57935	5.35522	10.02388	9.47942	7.93176	10.40341	9.65565	8.22383	2.90575	3.12699	9.49226	10.42773	0	6.45909	8.56368	11.89571	10.44701	7.57937	0	0	0	0	0	0	0	8.18054	0	0	0	0	0	0	0	0	0	0	0	0	0	0	0	0	0	0	0	0	0.98193	0	0	0	0	
0	0	0	0	0	0	0	0	6.94696	0	9.02848	0	0	0	0	0	10.76297	14.86284	10.69671	8.54497	9.78788	5.91166	0	0	0	13.17974	0	9.53737	4.3824	11.90455	0	10.89849	11.97788	7.17352	11.06782	12.39742	7.33396	8.06722	10.43194	10.82858	9.91247	9.00676	5.09237	8.69669	9.93875	8.79511	9.13794	9.49883	8.84316	7.56706	9.54087	11.08462	7.38801	7.84457	5.17264	7.01655	6.00059	9.87285	0	10.07158	6.60231	5.82229	9.71987	0	10.10012	10.90767	3.49043	0	0	0	0	3.35949	0	0	8.2812	0	0	0	10.35816	0	0	0	0	0	0	6.33916	0	0	0	0	0	0	0	0	0	5.63682	0	0	0	0	
0	11.09201	0	0	1.97284	7.9411	0	0	0	0	0	0	0	0	6.24955	10.9007	0	11.33001	9.8312	0	7.38174	0	5.05222	0	0	0	0	0	10.04484	9.61835	8.76549	0	9.42418	3.73753	10.7144	8.47279	9.64252	9.39208	8.72362	9.5855	8.48948	7.97778	9.15065	7.98692	9.39631	7.49011	8.79467	9.34383	8.64436	8.54751	7.80731	8.8944	7.94969	6.67663	8.91672	8.59059	5.56434	7.46091	9.37344	6.34477	0	9.46158	0	12.06746	11.09466	3.92024	6.15794	11.50986	0	0	0	0	0	0	0	4.45716	0	0	0	0	8.82478	0	0	0	0	0	0	0	0	0	0	0	0	0	0	0	0	0	0	0	
0	10.42824	8.29022	0	8.96871	0	0	0	0	0	9.46457	0	0	0	7.93536	8.64148	0	9.83869	0	0	6.40704	6.86485	8.08014	10.34749	10.42518	10.31188	0	4.91379	8.99441	7.73311	10.15969	10.96087	10.82821	10.1229	10.21809	5.06949	8.63919	8.5684	7.61598	8.61283	7.17993	8.19639	8.00265	7.86052	7.57765	6.90619	9.26759	6.86338	9.57431	8.42748	8.48041	9.08767	7.53068	7.72762	7.57276	6.91311	8.76148	9.27099	6.48804	10.133	0	7.41661	11.0178	10.49725	2.16151	3.82419	1.56086	0	0	3.05546	0	8.31455	0	0	8.93529	0	4.66553	0	1.78149	0	0	0	0	4.83812	0	2.78008	0	0	0	0	0	0	0	0	0	0	0	0	0	0	
0	0	0	0	0	0	0	0	8.89153	0	8.83412	12.171	0	0	0	0	0	0	11.27912	0	7.49135	0	0	0	0	12.66974	10.54923	0	5.11445	10.35387	8.14704	7.1636	7.61131	9.71398	10.49962	10.16592	7.31964	8.89384	8.88111	9.17359	6.71662	7.0106	9.04968	8.2967	7.10677	7.04692	7.33459	7.80194	8.87067	9.26954	9.84685	8.7645	8.01096	6.84553	7.32085	9.15863	7.65027	8.66648	11.37652	9.27608	10.30471	5.63308	8.23469	8.88813	0	8.81009	0	9.25842	0	0	0	0	0	0	0	0	0	0	0	0	0	6.95265	0	0	0	0	0	7.99238	6.47187	8.73359	0	0	0	0	0	0	0	0	0	0	
0	0	0	0	0	0	0	0	10.02912	9.00792	3.42382	4.69298	0	9.91718	0	0	0	1.78149	5.44023	4.62505	0	0	0	8.42724	8.74183	3.35949	6.81574	8.75792	8.22408	9.87973	0	6.86509	8.99748	5.45787	4.94864	8.85431	9.08172	6.41137	7.83418	5.65639	8.89123	8.90764	8.3246	9.47449	7.31911	7.96178	8.0934	8.76828	7.01834	8.55105	8.06457	7.47972	7.43661	6.2444	7.69292	8.96354	7.48265	12.0384	9.85549	5.77284	6.89646	8.09885	10.13312	5.84694	3.02584	9.38671	9.68567	0	0	0	0	0	0	8.99027	8.38163	0	0	0	12.94605	0	0	0	0	0	0	0	0	0	7.55258	0	1.56086	0	0	0	0	0	0	0	0	0	
0	0	8.79189	7.32608	0	2.14176	0	6.51096	9.2445	0	0	0	0	0	0	0	0	8.7035	0	0	0	0	0	9.69249	0	8.59858	0	9.4141	9.17927	8.15953	0	8.3193	0	8.62376	5.45061	8.0743	8.68165	6.69893	4.60507	10.91692	8.9697	8.958	9.16703	8.16179	8.00808	7.88444	7.06656	9.21563	8.7827	7.39631	7.78123	8.36569	8.13432	8.36756	7.24384	6.20714	8.1243	9.55821	8.47682	6.54367	9.4961	8.17683	4.86106	10.52832	4.9009	0	0	7.43529	3.5517	4.69298	4.27133	0	10.52927	0	0.65012	0	8.24455	0	0	0	0	0	6.90035	0	0	0	0	0	0	0	0	0	0	0	0	0	0	0	0	0	
0	0	0	0	0	0	0	0	3.05546	0	9.46953	6.6079	8.56338	0	10.25545	0	0	6.29505	0	6.38195	0	0	0	0	0	0	7.61491	7.77441	9.09043	0	7.79356	7.86877	7.33059	8.07103	5.86101	6.47845	8.02182	7.89857	7.32606	7.9353	8.35648	6.56908	8.04106	7.41335	7.42581	7.34492	5.66786	7.00848	8.04524	6.28818	6.17526	9.45429	8.47206	6.54874	6.18098	6.82759	7.09627	7.61682	10.08548	6.46902	8.60152	5.51086	6.76498	6.12703	0	6.20854	9.17562	3.32491	0	0	8.55248	0	8.21379	2.99751	0	12.62412	0	0	0	0	0	0	0	0	0	0	0	0	5.99756	0	0	0	0	0	0	0	0	0	0	0	
0	0	0	0	0	0	0	0	0	9.99368	0	0	5.56434	0	0	0	0	0	0	0	0	0	0	10.06825	0	0	9.47072	0	0	5.19704	7.33986	0	0	6.24325	8.36892	8.70354	4.82292	0.98193	0	8.7998	5.5434	8.58947	3.68515	6.28419	8.4958	8.73963	7.4973	6.8559	9.68295	5.01803	7.33008	9.0144	7.24442	7.1608	8.20245	7.92518	6.88369	7.82809	4.8195	7.01295	8.22274	5.68991	3.53908	8.65345	6.58131	6.32985	8.0299	11.49409	8.37624	0	0	6.55651	0	6.22154	0	0.98193	9.77509	0	0	0	0	0	0	0	11.33056	0	0	2.14176	0	0	0	7.88567	0	0	0	0	10.05249	0	0	0	
0	0	0	0	0	0	0	0	0	0	0	8.43748	0	0	0	0	0	5.03656	13.28335	0	0	0	0	0	0	0	0	10.02575	0	0	0	0	5.3985	6.8247	8.6331	0	3.78003	8.48211	4.1759	3.74558	8.27075	8.49396	6.95534	6.97366	0	6.95777	6.81191	4.5257	7.61897	7.06	6.56195	10.50185	8.0152	4.64249	7.82263	6.50776	7.01064	8.2467	7.19407	9.09806	6.30143	6.67629	0	6.93894	8.8359	0	6.61406	8.58765	11.15968	8.08575	0	0	0	2.87547	0	10.43588	0	9.49413	0	0	0	10.95886	0	0	0	0	0	0	0	0	0	0	0	0	0	0	0	0	0	0	
0	0	0	0	6.12217	0	0	0	0	0	7.87671	0	5.00918	0	0	9.51158	0	0	7.17337	0	5.83071	13.37995	0	0	0	6.53392	7.06197	0	0	10.91159	0	9.56497	10.42313	0	0	5.13462	10.99021	6.39873	11.50889	9.52512	7.82827	9.4863	6.96025	7.41097	9.25536	7.41427	12.08974	7.30129	8.24311	8.68001	8.12744	5.5903	8.20753	7.74983	6.50903	7.33265	6.04706	8.8912	3.75128	6.39473	6.82244	7.94967	6.02295	6.20728	8.24028	0	9.6919	9.80673	0	0	8.7016	10.21696	6.74592	10.53535	8.72587	0	6.30435	0	0	0	5.5494	0	0	9.12864	0	7.13385	0	0	0	0	0	0	0	0	0	0	0	0	0	0	
0	0	0	0	0	0	0	0	0	0	0	6.87687	2.22858	0	0	6.47187	0	0	0	3.87302	0.57299	0	3.28927	0	0	0	0	0	0	4.82328	4.79785	6.65436	0	0	0	11.5823	0	0	0	6.90061	5.98688	5.91403	4.88351	5.94189	8.5478	3.09597	3.86746	7.47112	6.33755	3.82234	0	0	7.53118	9.17406	8.19261	6.32779	7.41478	7.64077	6.82332	6.24455	8.71022	8.30846	9.52681	8.04486	4.84982	6.36494	10.40509	8.9697	7.86771	8.34113	0	6.34192	7.42623	10.17194	10.73312	0	4.25096	0	7.2213	0	0	0	0	0	0	0	0	0	0	0	0	0	0	0	0	0	0	0	0	0	
0	0	0	9.3678	0	0	0	0	0	0	0	0	0	0	0	0	9.19375	0	0	0	0	0	5.70583	0	0	0	7.96572	8.66934	9.38789	5.07326	0	0	0	0	0	11.61219	0	0.57299	3.49043	2.70373	5.43435	0	0.57299	0	2.13289	10.81114	7.27312	5.47228	6.03162	7.33147	6.44518	7.33927	8.53615	7.79892	7.5381	7.88401	8.84668	7.44407	6.55761	6.99533	8.52538	8.20413	8.74106	9.65699	8.48962	8.2696	6.44113	11.45027	9.57761	8.33716	3.23992	8.76872	4.72613	4.7187	5.98134	0	12.2784	8.16347	6.17505	7.68836	2.4961	8.12115	8.9194	0	0	0	0	0	0	0	0	0	0	0	0	0	0	13.60409	0	12.30381	
0	0	6.12651	0	0	0	0	0	0	0	0	0	0	0	0	0	0	0	0	0	6.56396	0	0	0	0	9.6326	0	8.89598	0	9.30358	0	10.94597	10.63169	0	8.74839	0	0	8.52579	6.17876	0	7.51846	0	0	9.0504	11.18709	9.50965	5.98193	3.65027	6.66447	5.70711	4.57989	9.61567	8.48602	7.46349	7.88126	7.68518	8.01638	6.02304	7.76213	6.20429	3.34335	5.33866	5.88913	1.96844	3.49584	7.19276	6.20821	0	9.24073	4.80909	5.14662	6.87661	7.0746	7.56701	3.21546	0	5.51736	0	6.89721	3.87302	0	5.11996	0	0	0	0	0	0	6.11901	0	0	0	0	0	0	0	6.30398	0	0	0	
0	0	0	0	1.30024	0	0	0	0	0	0	0	8.04596	0	0	0	0	0	0	0	9.24334	3.05546	0	0	0	0	0	7.91668	0	0	0	5.47228	9.31135	0	0	0	7.04609	0	7.03004	8.15856	0	0	8.2914	0.98193	7.68836	0	6.82711	8.11609	9.61835	4.63032	5.11445	4.87718	9.8766	5.83235	8.22213	7.38999	0	5.86729	6.92171	2.91957	7.65683	7.39061	8.43472	7.0131	7.29695	9.0045	6.47666	3.49623	6.07027	6.84436	7.5013	0	0	9.42366	0	8.21189	4.71312	5.79231	0	0	0	0	0	0	10.2589	0	0	0	0	0	0	0	0	0	0	0	8.17568	0	0	0	
0	0	0	0	0	0	0	0	8.90039	0	0	0	1.94205	0	0	0	9.34851	2.42978	3.13768	0	0	0	0	0	4.17267	0	0	0	0	0	0	0	0	0	6.87087	8.68486	0	3.28927	0	0	0	0	4.17511	13.83115	0	8.1953	10.004	9.09431	0	4.57488	0	10.44348	10.00878	7.51219	0	5.73253	0	5.77493	0	5.9846	8.37426	8.28797	8.15066	8.23759	6.04845	7.2422	6.06917	6.79068	8.78393	5.86481	8.66886	3.97562	8.46046	11.25773	7.96732	5.36242	9.11865	7.69177	0	0	10.81973	11.29124	9.90433	0	4.16562	1.56086	8.56739	4.71992	7.21184	0	7.55258	0	0	10.50838	0	0	0	0	0	0	
0	0	0	0	0	0	0	0	0	0	0	0	0	0	0	0	0	0	0	0	9.08473	0	0	0	0	0	0	0	0	7.12884	0	0	0	0	4.77234	0	0	0	0	0	8.50487	0	10.09299	9.40459	5.18314	0	0	7.83419	10.77105	5.13708	10.51396	0	0	2.10677	4.577	7.2255	0	0	7.6995	9.19235	8.94816	7.4292	4.01014	5.44074	6.57376	7.93976	5.11832	6.30024	5.4763	5.60173	9.15387	7.00057	3.68792	4.65208	6.30609	0	4.2874	0	5.35262	0	0	0	7.0567	0	0	0	7.79322	0	0	0	0	0	0	0	0	0	0	0	0	0	
0	0	0	0	6.67138	0	0	0	0	0	0	7.03541	0	3.96597	0	0	0	0	0	0	0	0	0	0	0	0	0	0	0	0	0	0	0	0	0	0	0	0	0	8.51702	0	0	6.23094	0	4.6021	0	1.86002	8.49515	0	0	3.13768	0	0	0	8.33882	0	0	0	0	10.35709	8.16341	1.3313	5.59823	8.22683	6.85618	0	1.82584	5.83037	9.97423	5.77714	8.91524	9.37655	9.09857	5.34418	0	0	6.72998	6.54902	6.85544	5.89501	6.73879	8.72198	4.21353	0	1.78149	0	7.26769	10.71988	0	4.80776	0	0	0	0	8.64148	0	0	0	0	0	
0	0	0	0	0	0	0	0	0	0	0	0	0	0	0	0	0	4.941	0	0	0	9.86835	7.3082	0	0	0	9.18774	0	0	0	0	0	0	4.96613	6.52164	0	0	0	0	0	0	0	0	0	0	0	0	0	1.97284	0	8.4676	0	0	0	0	9.64923	9.09867	8.56107	4.609	6.81574	0	6.62347	4.12238	0	7.39367	7.21094	8.04534	7.49517	5.12628	6.36648	8.52048	6.75443	6.14053	5.01017	9.45918	5.31214	7.05046	0	8.98472	6.62332	0	0	7.16266	0	8.77111	7.30983	0	8.68827	0	9.04396	0	0	0	0	0	0	9.23981	0	0	0	
0	0	0	0	0	0	0	0	7.48062	0	0	0	0	0	0	0	0	0	0	0	0	0	0	0	0	0	0	11.1467	0	0.57299	0	0	0	0	0	0	0	0	0	10.10336	0	0	0	0	0	7.77119	0	6.22154	7.755	0	0	10.51348	0	0	0	0	0	0	7.89533	0	9.57032	0	9.54269	9.27936	5.4085	5.21709	4.47287	0	0	5.0909	8.76627	4.71992	8.70112	9.05968	4.52228	8.67619	2.2962	0	0	8.2302	6.3323	8.09922	10.65019	10.75735	8.32625	0	0.98193	0	0	0	5.8098	0	9.89852	0	0	0	0	0	0	0	
0	0	0	0	0	0	0	0	0	0	0	0	0	8.51644	0	0	0	0	0	5.73253	0	0	0	0	0	3.27315	0	0	0	0	0	0	0	0	6.51096	0	0	5.84848	0	0	9.60306	0	1.97284	8.32353	0	0	0	0	0	0	5.09401	6.8032	0	0	4.57989	0	0	0	0	6.78711	5.33384	0	7.3694	9.14861	4.28744	4.60913	9.26749	7.53751	0.57299	4.66698	5.21335	0	5.0975	6.02976	9.08915	7.05379	4.6595	5.82348	8.1581	3.92754	0	6.49314	9.70434	7.44954	4.04573	0	0	7.55258	7.36564	0	8.11862	0	0	5.57913	0	0	0	0	4.47879	0	
0	0	0	0	0	0	0	5.7457	0	0	0	0	0	0	0	0	0	0	0	0	0	0	9.34527	0	0	0	0	0	8.99992	0	0	0	0	0	9.54821	0	0	0	0	0	0	3.48977	0	0	0	0	7.21043	0	0	0	0	0	8.5241	0	0	0	4.76916	6.19298	0	5.65598	7.62604	0	0	6.13636	0	1.78149	0	7.39702	6.76361	11.98709	9.23251	5.85871	8.06447	5.10512	7.51076	6.52448	6.24603	5.42394	5.71037	5.45034	8.62512	7.24024	4.46477	0	7.88072	0	2.42978	6.71509	0	0	10.13925	7.6561	0	0	0	0	8.81706	0	0	0	
0	0	0	0	0	0	0	0	0	0	0	0	0	0	0	0	0	0	0	0	0	0	0	0	0	0	0	0	0	0	0	0	0	0	0	0	0	4.42419	0	0	0	0	0	0	0	0	0	0	0	3.05546	0	5.41069	0	4.07079	0	0	6.12406	7.22433	2.87547	0	4.17511	0	10.79302	12.35747	8.32353	5.35013	0	0	8.36737	6.44615	0	3.28927	6.32272	9.68474	7.15124	7.58582	0	3.5295	5.03828	7.45581	2.19587	8.94959	5.82229	0	0	0	3.59792	0	0	0	0	0	7.53397	8.688	7.04609	0	0	0	0	0	
0	0	0	0	0	0	0	6.8405	0	0	0	0	0	0	0	0	0	0	0	0	0	0	0	0	0	0	0	0	0	0	0	0	0	0	0	0	0	3.58264	0	3.87302	0	0	0	0	0	0	0	0	0	0	4.74651	0	0	10.46354	7.36251	0	0	8.37264	9.64408	10.51204	0	0.98193	0	7.70261	9.03782	10.234	0	0	8.4477	4.69915	8.3249	4.46368	5.04153	7.40417	9.33442	7.51847	5.39288	0	7.82697	5.87999	7.13277	10.14112	4.24986	4.89575	3.07803	0	0	1.09162	0	0	5.3396	0	0	0	0	2.10133	0	0	0	0	
0	0	0	0	0	0	0	0	0	0	0	0	0	0	0	0	0	0	0	0	0	0	0	0	0	7.71204	0	0	0	0	0	0	0	0	0	0	0	9.00129	0	0	0	0	0	0	9.4912	0	0	0	6.7189	0	0	0	0	0	0	2.87547	0	0	0	0	0	0	7.98355	0	0	5.38175	5.29638	6.47731	0	6.3977	1.71322	0	9.56735	0	8.71027	7.43638	2.87547	7.33715	6.33164	6.34012	4.74248	0	7.49892	0	7.55258	6.17331	0	0	0	0	9.36567	0	0	0	0	0	0	3.61046	0	0	
0	0	0	0	0	0	0	0	0	0	0	0	8.81081	0	0	0	0	0	0	0	0	0	0	0	0	0	0	0	0	0	0	0	0	0	0	0	0	0	0	0	0	0	0	0	0	0	0	8.87664	0	0	4.609	0	10.5976	0	0	0	0	0	0	4.57899	0	0	0	7.31978	2.29293	6.56396	9.3542	0	10.09041	0	0	9.37418	0	0	0	1.26282	6.82832	8.30586	6.3085	4.36196	0	6.49051	5.60582	3.34151	5.54852	3.78003	6.43746	5.90678	9.06834	0	0	0	0	7.10859	0	0	0	0	0	0	
0	0	0	0	0	0	0	0	0	0	0	0	0	0	0	0	0	0	0	0	0	0	0	0	0	0	0	0	0	0	0	0	9.49608	0	0	0	0	0	0	0	6.03031	0	0	0	0	0	0	0	0	0	0	0	0	0	0	0	5.25306	0	0	0	9.7909	0	0	4.57922	0	8.22589	0	0	6.50672	0	0	0	9.99161	0	0	3.5517	0	0	5.14006	9.58185	7.15329	7.04076	9.91791	0	5.99766	0	0.57299	0	1.97284	1.30024	5.69672	4.75637	5.1896	0	0	0	0	0	0	0	
0	0	0	0	0	0	0	2.20419	0	0	0	0	0	0	0	0	0	0	0	0	0	0	0	0	0	0	0	5.3396	0	0	0	0	0	0	0	0	0	0	0	0	0	0	0	0	0	0	0	0	0	0	0	0	0	0	0	0	0	0.57299	0	0	0	0	0	0	0	0	0	0	0	0	3.54724	3.37746	6.10858	0.98193	0	9.15232	8.51067	0	8.82492	4.32302	0	6.77617	0	7.52229	3.42644	8.65862	0	9.02033	0	4.21353	0	2.29293	0	0	0	10.03852	0	0	0	0	
0	0	0	0	0	0	0	0	0	0	0	0	0	0	0	0	0	0	0	0	10.70685	0	0	0	0	0	0	0	0	0	8.84486	0	0	0	0	0	0	0	0	0	0	0	0	0	0	0	0	0	0	0	0	0	0	0	0	0	0	0	0	10.6107	0	0	0	0	6.51096	9.62639	10.22168	7.89892	0	0	0	0	0	0	0	2.14176	8.00722	0	0	0	8.27552	0	0	0	4.68426	3.96597	7.9537	7.25662	7.39015	0	5.69229	6.86485	9.66242	2.14176	0	8.46163	0	0	0	0	
0	0	0	0	0	0	0	0	0	0	0	0	0	0	0	0	0	0	0	0	0	0	0	0	0	0	0	0	0	0	0	0	0	0	0	0	0	0	0	0	0	0	0	0	0	0	0	0	4.05329	0	0	0	0	0	0	0	0	0	0	0	0	0	0	0	0	0	0	0	0	8.34316	10.53829	10.29909	7.32269	0	10.29965	8.02451	0	9.11221	0.98193	0	0	8.37952	7.3029	0	5.53464	0	9.02579	0	0	2.75756	0	2.50945	5.45105	0	4.66553	0	0	0	0	0	
0	0	0	0	0	0	0	0	0	0	0	0	0	0	0	6.08242	0	0	0	0	0	0	0	0	0	0	0	0	0	0	0	0	0	0	9.34743	0	0	0	0	0	0	0	0	0	0	0	0	0	0	0	0	0	0	0	0	0	0	0	0	0	0	0	0	0	0	0	0	4.87179	0	0	0	0	0	5.44023	0	0	0	0.93662	0	0	0	2.55476	0	0	3.18224	0	5.78525	4.13068	8.38584	11.51241	8.47355	0	9.14116	0	0	0	0	0	0	0	
0	0	0	0	0	0	0	0	0	0	0	0	0	0	0	0	0	0	0	0	0	0	0	0	0	0	0	0	0	0	0	0	0	0	0	0	0	0	0	0	0	0	0	0	0	0	0	0	8.28346	1.78149	0	0	0	0	0	0	0	0	0	5.84694	0	0	0	0	0	6.12818	0	0	0	0	0	6.33916	0	0	0	0	0	11.67771	0	4.66876	10.23808	0	0	8.99165	0	0	0	0	0	0	0	0	0	0	0	0	0	0	0	0	
0	0	0	0	0	0	0	0	0	0	0	0	0	0	0	0	0	0	0	2.55476	0	0	0	0	0	0	0	0	0	0	0	0	0	0	0	0	0	0	0	0	0	0	0	0	0	0	0	0	0	0	0	0	0	0	0	2.18884	0	0	10.92079	0	0	0	0	0	7.53751	0	0	0	0	0	0	1.30024	0	4.17511	0	0	7.92382	0	0	0	6.5926	7.14601	5.20365	7.74787	0	0	0	7.49135	8.63512	0	6.79055	9.51831	8.34316	0	0	0	0	0	0	0	
0	0	0	0	0	0	0	0	0	0	0	0	0	0	0	0	0	0	0	0	0	0	0	0	0	0	0	0	0	0	0	0	0	0	0	0	0	0	0	0	0	0	0	0	0	0	0	0	0	0	0	0	0	0	0	0	0	0	0	0	0	0	0	0	0	0	0	0	0	0	0	0	0	0	0	0	0	0	0	0	0	0	0	0	0	0	4.17511	0	0	0	0	9.93238	0	0	0	0	0	0	0	0	
0	0	0	0	0	0	0	0	0	0	0	0	0	0	0	0	0	0	0	0	0	0	0	0	0	0	0	0	0	0	0	0	0	0	0	0	0	0	0	0	0	0	0	0	0	0	0	0	0	0	0	0	0	0	0	0	0	0	0	0	0	0	0	0	0	0	0	0	0	0	5.47132	0	0	0	0	0	5.88314	0	0	9.3311	0	0	0	10.06437	0	0	0	0	0	0	6.22404	8.62019	0	0	0	0	0	0	0	0	
0	0	0	0	0	0	0	0	0	0	0	0	0	0	0	0	0	0	0	0	0	0	0	0	0	0	0	0	0	0	0	0	0	0	0	0	0	0	0	0	0	0	0	0	0	0	0	0	0	0	0	0	0	0	0	0	0	0	0	1.30024	0	0	0	0	0	0	0	0	0	0	6.98076	0	0	0	0	0	0	0	0	0	0	0	0	0	0	0	5.73253	0	0	0	0	0	0	0	0	0	0	0	0	0	
0	0	0	0	0	0	0	0	0	0	0	0	0	0	0	0	0	0	0	0	0	0	0	0	0	0	0	0	0	0	0	0	0	0	0	0	0	0	0	0	0	0	0	0	0	0	0	0	0	0	0	0	0	0	0	0	0	0	0	0	0	0	0	0	0	0	0	0	0	9.58119	0.98193	0	0	0	0	0	0	0	6.13411	0	0	0	0	0	0	0	0	0	10.37891	1.56086	0	0	0	0	0	0	0	0	0	0	
0	0	0	0	0	0	0	0	0	0	0	0	0	0	0	0	0	0	0	0	0	0	0	0	0	0	0	0	0	0	0	0	0	0	0	0	0	0	0	0	0	0	0	0	0	0	0	0	0	0	0	0	0	0	0	0	0	0	0	0	0	0	0	0	0	0	0	0	1.30024	0	0	0	0	0	0	0	0	0	0	0	0	0	0	0	0	0	5.00918	0	0	0	0	0	0	0	0	0	0	0	0	0	
0	0	0	0	0	0	0	0	0	0	0	0	0	0	0	0	0	0	0	0	0	0	0	0	0	0	0	0	0	0	0	0	0	0	0	0	0	0	0	0	0	0	0	0	0	0	0	0	0	0	0	0	0	0	0	0	0	0	6.19298	0	0	0	0	0	0	0	0	0	0	0	0	0	0	0	0	7.31263	0	0	0	0	0	0	0	0	0	0	0	0	0	0	0	0	0	0	0	0	0	0	0	0	
0	0	0	0	0	0	0	0	0	0	0	0	0	0	0	0	0	0	0	0	0	0	0	0	0	0	0	0	0	0	0	0	7.59321	0	0	0	0	0	0	0	0	0	0	0	0	0	0	0	0	0	1.78149	0	0	0	0	0	0	0	0	0	0	0	1.30024	0	0	0	0	0	0	0	0	0	0	0	0	6.6079	0	0	0	0	2.77627	0	0	0	0	0	0	0	0	0	0	0	0	0	0	0	0	0	0	0	
0	0	0	0	0	0	0	0	0	0	0	0	0	0	0	0	0	0	0	0	0	0	0	0	0	0	0	0	0	0	0	0	0	0	0	0	0	0	0	0	0	0	0	0	0	0	0	0	0	0	0	0	0	0	0	0	0	0	0	0	0	0	0	0	0	0	0	0	0	0	0	0	0	0	0	0	0	0	0	0	0	0	0	0	0	0	0	0	0	0	0	0	0	0	0	0	0	0	0	0	
0	0	0	0	0	0	0	0	0	0	0	0	0	0	0	0	0	0	0	0	0	0	0	0	0	0	0	0	0	0	0	0	0	0	0	0	0	0	0	0	0	0	0	0	0	0	0	0	0	0	0	0	0	0	0	0	0	0	0	0	0	0	0	0	0	0	0	0	0	0	0	0	0	0	0	0	0	0	0	0	0	0	0	0	0	0	0	0	0	0	0	0	0	0	0	0	0	0	0	0	
0	0	0	0	0	0	0	0	0	0	0	0	0	0	0	0	0	0	0	0	0	0	0	0	0	0	0	0	0	0	0	0	0	0	0	0	0	0	0	0	0	0	0	0	0	0	0	0	0	0	0	0	0	0	0	0	0	0	0	0	0	0	0	0	0	0	0	0	0	0	0	0	0	0	0	0	0	0	0	0	0	0	0	0	0	0	0	0	0	0	0	0	0	0	0	0	0	0	0	0	
0	0	0	0	0	0	0	0	0	0	0	0	0	0	0	0	0	0	0	0	0	0	0	0	0	0	0	0	0	0	0	0	0	0	0	0	0	0	0	0	0	0	0	0	0	0	0	0	0	0	0	0	0	0	0	0	0	0	0	0	0	0	0	0	0	0	0	0	0	0	0	0	0	0	0	0	0	0	0	0	0	0	0	0	0	0	0	0	0	0	0	0	0	0	0	0	0	0	0	0	
0	0	0	0	0	0	0	0	0	0	0	0	0	0	0	0	0	0	0	0	0	0	0	0	0	0	0	0	0	0	0	0	0	0	0	0	0	0	0	0	0	0	0	0	0	0	0	0	0	0	0	0	0	0	0	0	0	0	0	0	0	0	0	0	0	0	0	0	0	0	0	0	0	0	0	0	0	0	0	0	0	0	0	0	0	0	0	0	0	0	0	0	0	0	0	0	0	0	0	0	
0	0	0	0	0	0	0	0	0	0	0	0	0	0	0	0	0	0	0	0	0	0	0	0	0	0	0	0	0	0	0	0	0	0	0	0	0	0	0	0	0	0	0	0	0	0	0	9.41391	0	0	0	0	0	0	0	0	0	0	0	0	0	0	0	0	0	0	0	0	0	0	0	0	0	0	8.81421	0	0	0	0	0	0	0	0	0	0	0	0	0	0	0	0	0	0	0	0	0	0	0	0	0	
