0	0	0	0	0	0	0	0	0	0	0	0	0	0	0	0	0	0	0	0	0	0	0	0	0	0	0	0	0	0	0	0	0	0	0	0	0	0	0	0	0	0	0	0	0	0	0	0	0	0	0	8.8621	0	0	0	0	0	0	0	0	0	0	0	0	0	0	0	0	0	0	0	0	0	0	0	0	0	0	0	0	0	0	0	0	0	0	0	0	0	0	0	0	0	0	0	0	0	0	0	0	
0	0	0	0	0	0	0	0	0	0	0	0	0	0	0	0	0	0	0	0	0	0	0	0	0	0	0	0	0	0	0	0	0	0	0	0	0	0	0	0	0	0	0	0	0	0	0	15.48182	0	0	0	0	0	0	0	0	0	0	0	0	0	0	0	9.13918	0	0	0	0	0	0	0	0	0	0	0	0	0	0	0	0	0	0	0	0	0	0	0	0	0	0	0	0	0	0	0	0	0	0	0	0	
0	0	0	0	0	0	0	0	0	0	0	0	0	0	0	0	0	0	0	0	0	0	0	0	0	0	0	0	0	0	0	0	0	0	0	0	0	0	0	0	0	0	0	0	0	0	0	0	0	0	0	0	0	0	9.47387	0	0	0	0	0	0	0	0	0	0	0	0	0	0	0	0	0	0	0	0	0	0	0	0	0	0	0	0	0	0	0	0	0	0	0	0	0	0	0	0	0	0	0	0	0	
0	0	0	0	0	0	0	0	0	0	0	0	0	0	0	0	0	0	0	0	0	0	0	0	0	0	0	0	0	0	0	0	0	0	0	0	0	0	0	0	0	0	0	0	0	0	12.8796	8.64053	0	0	0	0	0	0	0	0	0	0	0	0	0	0	0	0	0	0	0	0	0	0	0	0	0	0	0	0	0	0	0	0	0	0	0	0	0	0	0	0	0	0	0	0	0	0	0	0	0	0	0	0	
0	0	0	0	0	0	0	0	0	0	0	0	0	0	0	0	0	0	0	0	0	0	0	0	0	0	0	0	0	0	0	0	0	0	0	0	0	9.21811	0	0	0	0	0	14.1579	0	0	0	0	0	0	0	0	0	0	0	0	0	0	0	0	0	0	0	0	0	0	0	0	0	0	0	0	0	0	0	0	0	0	0	0	0	0	0	0	0	0	0	0	0	0	0	0	0	0	0	0	0	0	0	0	
0	0	0	0	0	0	0	0	0	0	0	0	0	0	0	0	0	0	0	0	0	0	0	0	0	0	0	0	0	0	0	0	0	0	0	0	0	0	0	0	0	0	0	0	0	0	0	0	0	0	0	0	0	0	0	0	0	0	0	0	0	0	0	0	0	0	0	0	0	0	0	0	8.58416	0	0	0	0	0	0	0	0	0	0	0	0	0	0	0	0	0	0	0	0	0	0	0	0	0	0	0	
0	0	0	0	0	0	0	0	0	0	0	0	0	0	0	0	0	0	0	0	0	0	0	0	0	0	0	0	0	0	0	0	0	0	0	0	0	0	0	0	0	0	0	0	0	0	0	0	0	0	0	0	0	0	0	0	0	0	0	0	0	0	0	0	0	0	0	0	0	0	0	0	0	0	9.31364	0	0	0	0	0	0	0	0	0	0	0	0	0	0	0	0	0	0	0	0	0	0	0	0	0	
0	0	0	0	0	0	0	0	0	0	0	0	0	0	0	0	0	0	0	0	0	0	0	0	0	0	0	0	0	0	0	0	0	0	0	0	0	0	0	0	0	0	0	0	0	0	0	0	0	0	0	9.80804	0	0	0	12.40845	0	0	1.09255	0	0	0	0	0	0	0	0	0	0	0	0	0	0	0	0	0	0	0	0	0	0	0	0	0	0	0	0	0	0	0	0	0	0	0	0	0	0	0	0	0	
0	0	0	0	0	0	0	0	0	0	0	0	0	0	0	0	0	0	0	0	0	0	0	0	0	0	0	0	0	0	0	0	0	0	0	0	0	0	0	0	0	0	0	0	0	0	0	0	0	0	0	0	0	0	0	0	0	0	0	0	0	0	0	0	0	0	0	8.40995	0	0	0	0	0	0	0	0	0	0	0	0	0	0	0	0	0	0	0	0	0	0	0	0	0	0	0	0	0	0	0	0	
0	0	0	0	0	0	0	0	0	0	0	0	0	0	0	0	0	0	0	0	0	0	0	0	0	0	0	0	0	0	0	0	0	0	0	0	0	0	0	0	0	0	0	0	0	0	0	0	0	0	0	0	0	0	0	8.08269	0	0	0	0	0	0	0	0	0	0	0	0	0	0	0	0	0	0	0	0	0	0	0	0	0	0	0	0	0	0	0	0	0	0	0	0	0	0	0	0	0	0	0	0	
0	0	0	0	0	0	0	0	0	0	0	0	0	0	0	0	0	0	0	0	0	0	0	0	0	0	0	0	0	0	0	0	0	0	0	0	0	0	0	0	0	0	0	0	0	0	0	0	0	0	0	0	0	0	0	0	0	0	0	0	0	0	0	0	0	0	0	11.52928	0	0	0	0	0	0	0	0	0	0	0	0	0	0	0	0	0	0	0	0	0	0	0	0	0	0	0	0	0	0	0	0	
0	0	0	0	0	0	0	0	0	0	0	0	0	0	0	0	0	0	0	0	0	0	0	0	0	0	0	0	0	0	0	0	0	0	0	0	0	0	0	0	0	0	0	0	0	0	0	0	0	0	0	0	2.85376	0	0	0	5.01879	0	0	0	0	0	0	0	0	0	0	0	0	0	0	0.64736	0	0	0	0	0	0	0	0	0	0	0	0	0	0	0	0	0	0	0	0	0	0	0	0	0	0	0	0	
0	0	0	0	0	0	0	0	0	0	0	0	0	0	0	0	0	0	0	0	0	0	0	0	0	0	0	0	0	0	0	0	0	0	0	0	0	0	0	0	0	0	0	0	0	0	0	0	7.40721	0	0	0	10.63626	0	0	0	0	0	0	0	0	0	0	0	0	0	0	6.5784	0	0	0	0	0	0	0	0	0	0	0	0	0	0	0	0	0	0	0	0	0	0	0	0	0	0	0	0	0	0	0	0	
0	0	0	0	0	0	0	0	0	0	0	0	0	0	0	0	0	0	0	0	0	0	0	0	0	0	0	0	0	0	11.62628	0	0	0	0	0	0	0	0	3.15826	0	0	0	0	0	0	0	9.10398	0	0	0	0	0	0	0	0	0	9.87367	5.86273	0	9.41688	0	0	12.12272	0	0	0	0	0	0	0	0	0	0	0	0	0	0	0	0	0	0	0	0	0	0	0	0	0	0	0	0	0	0	0	0	0	0	0	0	
0	0	0	0	0	0	0	0	0	0	0	0	0	0	0	0	0	0	0	0	0	0	0	0	0	0	0	0	0	0	0	0	0	0	0	0	0	0	0	0	0	0	0	0	0	0	0	0	0	0	0	0	0	0	5.98324	0	0	0	0	0	0	0	0	0	0	0	0	0	0	0	0	0	0	0	1.93783	0	0	0	0	0	0	0	0	0	0	0	0	0	0	0	0	0	0	0	0	0	0	0	0	0	
0	0	0	0	0	0	0	0	0	0	0	0	0	0	0	0	0	0	0	0	0	0	0	0	0	0	0	0	0	0	0	0	0	0	0	0	0	0	0	0	0	0	13.74049	0	0	0	0	0	0	0	0	0	9.44368	0	0	0	0	0	0	13.70227	0	0	0	0	0	0	0	0	0	0	0	10.62182	0	0	0	0	0	0	0	0	0	0	0	0	0	0	0	0	0	0	0	0	0	0	0	0	0	0	0	0	
0	0	0	0	0	0	0	0	0	0	0	0	0	0	0	0	0	0	0	0	0	0	0	0	0	0	0	0	0	0	0	0	0	0	0	0	0	0	0	0	0	0	0	5.94044	0	0	0	10.42049	0	0	0	7.44159	0	0	0	0	0	0	4.89146	0	0	0	0	0	0	0	0	0	0	0	0	0	0	0	0	0	0	0	0	0	0	0	0	0	0	0	0	0	0	0	0	0	0	0	0	0	0	0	0	0	
0	0	0	0	0	0	0	0	0	0	0	0	0	0	0	0	0	0	0	0	0	0	0	0	0	0	0	0	0	0	0	0	0	0	0	0	0	0	0	0	0	0	8.19288	0	0	0	0	0	0	0	0	0	0	0	0	8.33627	0	0	0	0	0	0	0	0	0	0	0	0	8.60109	0	0	0	0	0	0	0	0	0	0	0	0	0	0	0	0	0	0	0	0	0	0	0	0	0	0	0	0	0	0	0	
0	0	0	0	0	0	0	0	0	0	0	0	0	0	0	0	0	0	0	0	0	0	0	0	0	0	0	0	0	0	0	0	0	0	0	0	0	0	0	0	14.44472	0	0	0	0	0	0	0	0	0	0	0	0	0	0	0	0	0	0	0	0	0	0	0	0	0	0	0	0	0	0	0	0	0	0	0	0	0	0	0	0	0	0	0	0	0	0	0	0	0	0	0	0	0	0	0	0	0	0	0	
0	0	0	0	0	0	0	0	0	0	0	0	0	0	0	0	0	0	0	0	0	0	0	0	0	0	0	0	0	0	0	0	0	0	0	0	0	0	0	0	0	0	0	0	0	0	0	12.26628	0	0	6.65615	0	0	0	0	0	0	0	0	0	0	0	0	0	0	0	0	0	0	0	0	0	0	0	0	0	8.50317	0	0	0	0	0	0	0	0	0	0	0	0	0	0	0	0	0	0	0	0	0	0	0	
0	0	0	0	0	0	0	0	0	0	0	0	0	0	0	0	0	0	0	0	0	0	0	0	0	0	0	0	0	0	0	0	0	0	0	0	0	0	0	0	0	0	0	0	0	0	0	10.43618	0	0	10.06884	9.85703	0	0	0	0	5.51578	0	10.5131	0	10.69559	0	0	0	0	8.59265	0	0	0	0	0	0	0	0	0	0	0	0	0	0	0	0	0	0	0	0	0	0	0	0	0	0	0	0	0	0	0	0	0	0	
0	0	0	0	0	0	0	0	0	0	0	0	0	0	0	0	0	0	0	0	0	0	0	0	0	0	0	0	0	0	0	0	0	0	0	0	0	0	0	0	0	7.47765	0	0	0	0	0	0	0	0	0	0	0	0	0	0	0	0	0	0	0	0	0	0	0	0	0	0	4.41853	0	0	0	0	0	0	0	0	0	0	0	0	0	0	0	0	0	0	0	0	0	0	0	0	0	0	0	0	0	0	0	
0	0	0	0	0	0	0	0	0	0	0	0	0	0	0	0	0	0	0	0	0	0	0	0	0	0	0	0	0	0	0	6.00944	0	0	0	0	0	0	0	0	0	0	0	0	0	0	0	5.79077	0	0	0	0	0	0	0	0	0	0	0	0	0	0	0	0	0	0	0	0	0	0	0	0	0	0	0	0	0	0	0	0	0	0	0	0	0	0	0	0	0	0	0	0	0	0	0	0	0	0	0	0	
0	0	0	0	0	0	0	0	0	0	0	0	0	0	0	0	0	0	0	0	0	0	0	0	0	0	0	0	0	0	0	11.55395	0	0	2.73606	0	0	0	0	0	0	0	0	0	0	0	0	0	0	0	0	0	0	0	0	0	0	0	0	0	0	0	0	0	0	0	0	0	0	0	0	0	0	0	0	0	0	0	0	0	0	0	0	0	0	0	0	0	0	0	0	0	0	0	0	0	0	0	0	0	
0	0	0	0	0	0	0	0	0	0	0	0	0	0	0	0	0	0	0	0	0	0	0	0	0	0	0	0	0	0	0	0	0	0	0	0	0	0	0	0	0	0	0	10.36981	0	0	0	0	0	9.97699	0	0	0	0	10.58772	0	0	0	0	0	0	0	0	0	0	0	0	0	0	0	0	0	0	0	0	0	0	0	0	0.32368	0	0	0	0	0	0	0	0	0	0	0	0	0	0	0	0	0	0	0	0	
0	0	0	0	0	0	0	0	0	0	0	0	0	0	0	0	0	0	0	0	0	0	0	0	0	0	0	0	0	0	0	0	8.39327	0	0	0	0	0	0	0	0	0	0	0	0	0	0	3.75034	0	0	7.2185	1.97984	0	0	0	0	0	0	7.87914	0	0	0	0	0	0	0	0	0	0	0	6.43469	0	0	0	0	0	0	0	0	0	0	0	0	0	0	5.1149	0	0	0	0	0	0	0	0	0	0	0	0	0	0	
0	0	0	0	0	0	0	0	0	0	0	0	0	0	0	0	0	0	0	0	0	0	0	0	0	0	0	0	0	0	0	0	0	0	0	0	0	0	0	12.41908	0	0	0	0	16.50373	0	2.13668	0	0	0	0	0	0	0	0	0	0	0	0	0	0	0	0	0	0	0	0	0	0	1.09255	0	0	0	0	0	0	0	0	0	0	0	0	0	0	0	0	0	0	0	0	0	0	0	0	0	0	0	0	0	0	
0	0	0	0	0	0	0	0	0	0	0	0	0	0	0	0	0	0	0	0	0	0	0	0	0	0	0	0	0	0	0	0	0	0	0	10.60146	0	0	0	0	0	0	0	0	0	0	0	9.66108	0	0	0	0	0	5.93504	0	0	0	0	0	0	8.96213	0	0	0	0	0	0	0	0	0	0	0	0	0	0	0	0	0	0	0	0	0	0	0	0	0	0	0	0	0	0	0	0	0	11.94289	0	0	0	0	0	
0	0	0	0	0	0	0	0	0	0	0	0	0	0	0	0	0	0	0	0	0	0	0	0	0	0	0	0	0	0	0	0	0	0	0	0	0	0	0	0	0	13.15265	0	0	0	0	0	0	0	0	0	0	5.3844	0	0	0	0	0	0	0	0	0	0	0	0	0	0	0	0	0	0	6.87833	0	0	0	0	0	0	0	0	0	0	0	0	0	0	0	0	0	0	0	0	0	0	0	0	0	0	0	0	
0	0	0	0	0	0	0	0	0	0	0	0	0	0	0	0	0	0	0	0	0	0	0	0	0	0	0	0	0	0	0	0	0	0	0	0	0	0	0	0	7.71388	0	0	0	10.75542	0	0	5.74154	0	0	0.64736	10.40759	0	0	0	10.998	0	0	6.48116	0	7.20058	0	0	0	0	0	0	0	1.09255	0	0	0	0	0	0	0	0	0	0	0	0	0	0	0	0	0	0	0	0	0	0	0	0	0	0	5.58493	0	0	0	0	
0	0	0	0	0	0	0	0	0	0	0	0	0	0	0	0	0	0	0	0	0	0	0	0	0	0	0	0	0	0	0	0	0	0	0	0	0	0	0	0	0	0	0	0	13.64952	0	0	0	0	3.48446	0	0	5.08077	0	0	0	0	6.9982	0	0	0	5.66761	0	0	0	0	0	0	0	0	0	0	0	0	0	0	0	0	0	0	0	0	0	0	0	0	0	0	0	0	0	0	0	0	0	0	0	0	0	0	
0	0	0	0	0	0	0	0	0	0	0	0	0	0	0	0	0	0	0	0	0	0	0	0	0	0	0	0	0	0	0	0	0	0	0	0	0	0	0	0	0	0	0	11.94185	0	0	12.01926	0	0	0	7.97966	0	0	0	0	0	0	0	0	8.01483	0	0	0	0	7.62149	0	0	10.19407	0	0	0	0	10.50356	0	0	0	5.49722	0	0	0	0	0	0	0	0	0	0	0	0	0	0	0	0	0	0	0	0	0	0	0	
0	0	0	0	0	0	0	0	0	0	0	0	0	0	0	0	0	0	0	0	0	0	0	0	0	0	0	0	0	0	0	0	0	0	0	0	0	0	0	0	0	0	0	0	0.64736	0	0	10.96078	0	0	0	8.88376	5.9578	0	0	9.08906	0	0	10.5259	0	0	0	0	0	0	0	0.64736	9.63048	0	0	0	0	0	12.01038	0	0	0	0	0	0	0	0	0	0	0	0	0	0	0	0	0	0	0	0	0	0	0	0	0	0	
0	0	0	0	0	0	0	0	0	0	0	0	0	0	0	0	0	0	0	0	0	0	0	0	0	0	0	0	0	0	0	0	0	0	0	0	0	14.34845	0	0	0	0	0	0	0	0	0	0	10.48658	0	0	4.83883	0	0	0	0	6.81444	0	0	1.09255	0	1.09255	0	0	0	0	0	0	0	0	0	0	0	0	7.19075	3.24699	0	0	0	0	0	0	0	0	0	0	0	0	0	0	0	0	0	0	0	0	0	0	0	0	
0	0	0	0	0	0	0	0	0	0	0	0	0	0	0	0	0	0	0	0	0	0	0	0	0	0	0	0	0	0	0	0	0	0	0	0	0	0	0	0	0	0	13.79179	0	0	9.65298	0	12.33779	0	0	5.83438	0	12.21805	0	9.40444	0	0	0	0	0	0	0	0	6.77022	0	0	0	1.09255	0	0	8.06144	0	0	0	0	0	0	0	0	0	0	0	0	0	0	0	0	0	0	0	0	0	0	0	0	0	0	0	0	0	
0	0	0	0	0	0	0	0	0	0	0	0	0	0	0	0	0	0	0	0	0	0	0	0	0	0	0	0	0	0	0	0	0	0	0	0	0	0	0	0	0	0	0	0	0	0	0	5.3245	9.05567	0	0	8.80662	0	0	0	0	0	0	0	0	0	0	0	0	1.70708	0	0	0	0	0	0	0	0	0	0	0	0	0	0	0	0	0	0	0	0	0	0	0	0	0	9.3315	0	0	0	0	0	0	0	0	0	
0	0	0	0	0	0	0	0	0	0	0	0	0	0	0	0	0	0	0	0	0	0	0	0	0	0	0	0	0	0	0	0	0	0	0	0	0	0	0	0	0	0	0	0	0	0	0	15.02715	0	0	0	0	8.03053	1.09255	0	0	0	0	9.45768	10.308	0	0	0	0	0	0	0	0	0	0	0	0	0	0	0	0	0	0	0	0	0	0	0	0	0	0	0	0	0	0	0	0	0	0	0	0	0	0	5.83438	0	
0	0	0	0	0	0	0	0	0	0	0	0	0	0	0	0	0	0	0	0	0	0	0	0	0	0	0	0	0	0	0	0	0	0	0	0	0	0	0	0	0	0	6.41568	0	0	0	0	0	0	8.92409	0	6.53501	0	6.44411	0	0	0	0	0	0	0	0	0	0	12.64951	0	0	0	0	0	0	0	0	0	0	0	9.14784	0	0	0	0	0	0	0	0	0	0	0	0	0	0	0	0	0	0	0	0	0	0	0	
0	0	0	0	0	0	0	0	0	0	0	0	11.99445	0	0	0	0	0	0	0	0	0	0	0	0	0	0	0	0	0	10.02404	0	0	0	0	0	0	0	0	0	0	0	10.81377	0	0	0	0	9.38013	0	0	13.11069	0	0	6.33702	5.28314	0	9.72881	0	0	0	0	0	0	7.14971	7.94361	7.74468	0	0	0	0	0	0	0	0	0	0	0	0	0	0	0	0	0	0	0	0	0	0	0	0	0	0	0	0	0	0	0	0	0	0	
0	0	0	0	0	0	0	0	0	0	0	0	0	0	0	0	0	0	0	0	0	0	0	0	0	0	0	0	0	0	0	0	0	0	0	0	0	0	0	0	0	0	0	0	0	10.3691	1.43232	0	1.43232	12.64096	0	10.40425	9.91126	0	10.98395	5.0533	0	0	0	0	12.65306	0	0	0	0	0	0	0	0	7.84741	0	0	0	0	0	0	3.94924	0	0	0	0	0	0	0	0	0	0	0	0	0	0	0	0	0	0	0	0	0	0	0	
0	0	0	0	0	0	0	0	0	0	0	0	0	0	0	7.78968	0	0	0	0	0	0	0	0	0	0	0	0	0	0	0	0	0	0	0	1.43232	11.93477	0	0	0	0	0	0	1.09255	0	10.95585	7.20905	10.0802	4.12278	9.83662	0	0	3.33056	0	13.47806	0	0	0	0	4.25701	0	6.83605	0	2.31144	0	9.59923	0	0	12.04056	0	7.93696	0	0	0	0	9.73916	0	3.68833	0	3.01402	0	0	0	0	0	0	0	0	0	0	8.52994	0	0	0	0	0	0	0	0	0	
0	0	0	0	0	0	0	0	0	0	0	0	0	0	0	0	0	0	0	0	0	0	0	0	0	0	11.1826	0	0	0	0	2.13668	0	0	5.47902	0	0	0	0	0	13.09509	0	0	0	0	0	0	0	8.61933	1.44737	2.96255	8.99292	9.61286	0	9.66108	0	5.47902	0	6.70821	0	0	5.83438	0	0	0	6.29602	0	0	0	0	0	0	0	9.58334	0	0	0	0	0	0	0	0	0	0	0	0	0	0	0	0	0	0	0	0	0	0	6.76272	0	0	0	
0	0	0	0	0	0	0	0	0	0	0	0	0	0	0	0	0	0	0	11.98057	0	0	0	0	0	0	0	0	0	0	0	0	0	0	0	0	0	0	0	0	0	0	0	13.9172	0	0	9.13337	10.68024	10.08923	0	6.5784	9.50068	10.58772	0	0	0	13.62852	0	0	8.5374	6.25769	0	0	12.16958	0	8.13012	0	5.91782	0	0	0	0	0	0	0	0	0	0	0	0	0	0	0	0	0	0	0	0	0	0	8.27776	0	0	0	0	0	0	0	0	0	
0	0	0	0	0	0	0	0	0	0	0	0	7.19502	0	0	0	0	0	0	9.16929	0	0	0	0	0	0	0	0	0	0	0	0	0	7.92712	0	0	0	0	0	0	0	12.63943	13.27983	0	9.91722	0	0	2.51745	9.23041	0	2.85376	6.89389	6.83948	0	10.44924	3.48446	5.25822	4.83105	6.81508	0	0	0	0	0	6.47198	0	0	0	0	0	0	0	0	0	0	0	0	0	11.9308	0.64736	0	0	0	0	0	0	0	0	0	0	0	0	0	0	0	0	0	0	0	0	
0	0	0	0	0	0	0	0	0	0	0	0	0	0	0	0	0	0	0	0	0	0	0	15.7866	0	0	0	0	0	0	0	0	0	0	0	0	0	0	10.19477	0	0	0	8.93029	11.16989	2.60793	0	11.03277	6.29699	0	6.7815	11.45644	5.63752	0	0	0	0	0	5.84044	14.71433	11.58486	12.23153	0	0	0	9.31621	0	1.43232	0	0	0	0	0	0	0	0	0	0	0	0	0	0	0	0	0	0	0	0	0	0	0	0	0	0	0	0	0	0	0	0	0	
0	0	7.88607	0	0	0	0	0	0	0	0	0	0	0	0	0	0	0	0	0	0	0	0	0	0	0	0	0	0	0	0	0	0	0	0	0	0	0	0	0	10.08333	0	0	0	0	11.32823	0	3.93497	10.49849	12.08539	0	10.02168	10.12844	8.71889	4.95472	8.46206	0	0	0	0	8.27803	0	10.22716	9.79769	0	0	0	0	0	0	0	7.32254	0	0	0	0	0.64736	0	0	0	0	0	0	0	0	0	0	0	0	0	0	0	0	0	0	0	0	0	0	0	
0	0	0	0	0	0	0	0	0	0	0	10.31122	0	0	0	0	0	0	0	0	0	0	0	0	0	0	0	0	0	0	0	0	5.56781	0	0	0	0	9.27503	12.71921	2.73606	5.03166	7.94726	0	0	12.31455	6.42891	12.10771	11.19956	10.71654	0	10.38088	0	3.11665	7.30531	0	9.80098	4.77237	8.2013	0	0	0	0	0	0	0	0	0	5.56781	0	0	0	0	8.20401	0	0	12.86774	0	0	11.72732	0	0	0	0	0	0	0	0	0	0	0	0	0	0	0	0	8.3929	0	0	0	0	
0	0	0	0	0	0	0	0	0	0	0	0	0	0	0	0	0	0	0	0	0	0	0	0	0	0	0	0	0	0	0	0	0	0	5.55048	8.34197	0	0	0	9.07398	0	13.94406	0	11.86752	13.06681	10.11162	8.11908	7.56241	10.59999	11.30218	10.10198	11.37143	7.507	8.84216	0	0	8.33078	0	0	6.23611	6.37689	0	1.09255	0	0	0	0	0	0	0	0	0	0	0	0	0	0	0	1.43232	0	0	0	0	0	0	0	0	9.88408	0	0	0	0	0	0	0	0	0	0	0	0	
0	0	0	0	0	0	0	0	8.23145	0	7.85817	0	0	0	0	0	0	0	0	0	0	0	0	0	0	0	5.90425	0	0	0	0	0	0	0	0	2.96255	0	10.42136	12.48198	0	10.11166	9.44251	0	10.9213	6.93951	11.40723	10.04601	8.07258	9.66319	9.95019	0	7.31559	1.43232	0	0	0	9.98073	3.24699	0	0	0	0	1.43232	0	0	0	11.34246	0	0	0	0	0	0	0	0	0	0	0	0	0	0	0	0	0	0	0	0	0	0	0	0	0	0	10.2918	0	0	0	0	0	0	
0	0	0	0	0	0	0	0	0	0	0	11.67481	0	0	9.78755	0	0	0	0	0	0	0	0	0	0	0	0	0	0	0	0	11.61564	0	0	7.06683	0	10.43971	0	0	12.13934	1.93783	0	9.64118	10.41648	11.51942	8.72439	11.46872	9.20992	2.22812	7.95738	7.01862	10.3606	10.32461	8.2437	0	4.78732	11.2048	0	0	16.62075	8.0645	4.42311	0	10.76578	0	0	0	0	0	0	0	0	0	0.64736	0	7.17594	0	0	0	0	0	0	0	4.8166	0	0	0	0	0	0	0	0	0	0	0	0	0	0	0	0	
0	0	0	0	0	0	0	0	0	0	0	0	12.39258	0	0	0	0	0	0	0	0	0	0	0	0	0	0	0	0	10.78025	0	0	9.18762	0	1.43232	0	11.80174	0	12.08335	11.05671	11.21437	8.83015	8.99525	8.03098	8.9313	4.9063	11.15442	10.24891	7.01724	8.40503	11.05285	10.79135	10.50862	8.89736	4.87293	6.29242	9.10003	0	0	6.73231	4.56377	0	0	0	0	0	0	0	0	0	0	0	0	10.09647	0	0	0	0	0	0	10.88753	0	0	0	0	0	0	0	0	0	0	0	0	0	0	0	0	0	0	0	
0	0	0	0	0	0	0	12.63057	0	0	0	10.63421	0	0	0	0	0	0	0	0	0	0	0	0	0	0	0	9.29685	0	0	2.96255	0	10.55062	0	0	0	10.64241	2.31144	9.50177	8.88303	9.75825	4.13491	0	11.24292	10.48332	10.64956	9.03537	8.96707	11.11459	10.5306	3.61467	9.99941	7.03598	7.66641	7.93147	4.55143	11.95199	4.3498	6.5294	8.82835	5.83598	10.80466	7.29204	0	10.23396	0	0	0	0	0	0	0	0	9.16929	0	0	0	0	0	0	0	0	0	0	0	0	0	0	0	0	0	0	0	0	0	0	0	0	0	0	
8.55839	0	0	0	0	0	0	0	4.87149	0	0	0	9.8041	0	0	0	0	0	0	0	0	0	0	0	9.02464	0	0	7.15545	0	0	0	0	14.6182	0	10.90209	8.96377	0	5.71504	11.17909	5.88471	5.86273	9.35252	6.60467	10.34256	12.07963	10.256	9.37055	9.22581	5.91676	6.29851	10.55087	5.96035	11.60428	3.79189	11.01076	9.39892	9.09205	6.02261	0	9.23291	0	2.46728	0	3.70843	0	7.41201	0	0	0	0	3.62352	0	0	0	0	0	0	0	0	0	0	0	4.50787	0	0	2.25948	0	0	0	0	0	0	0	0	0	0	0	0	0	0	
0	0	0	11.80927	0	0	0	0	0	0	0	0	0	0	0	0	0	0	9.04952	0	0	11.11349	0	6.18812	10.50525	5.73051	0	0	10.07945	6.03458	12.11938	0	9.78848	0	0	0	0	10.15153	11.68435	9.50291	9.24248	7.0203	9.62929	8.74327	9.78324	10.36413	8.56145	9.03404	10.21475	7.90434	9.40749	8.07427	10.51338	6.54752	6.09538	9.37609	0	0.85354	3.77022	9.40385	0	2.31144	10.387	0	0	0	0	0	0	3.92185	0	0	5.03166	0	0	6.74759	10.19964	3.33056	0	0	0	0	0	0	0	0	0	0	0	0	0	0	0	0	0	0	0	0	0	0	
8.78456	0	0	0	12.0167	8.72133	0	0	0	0	0	0	0	0	0	0	0	11.36648	0	0	0	0	0	0	11.88618	0	10.06868	8.18383	0	10.60356	11.24006	0	0	0	10.87246	10.27608	7.73744	12.28651	11.28633	11.12612	7.64452	9.10998	9.85304	9.3336	9.89651	9.33555	10.33438	8.64778	9.33383	9.78232	5.62925	9.35177	7.41201	7.39779	9.98389	8.42593	8.96248	2.41706	2.45019	9.95667	11.29318	0	5.77036	10.67225	11.42797	10.46825	7.99974	0	0	0	0	0	0	0	4.78732	0	0	0	0	0	0	0	0	0	0	0	0	0	0	0	0	0	0	0	0	5.80546	0	0	0	0	
0	0	0	0	0	0	0	0	8.17603	0	7.4358	0	0	0	0	0	10.14945	15.12021	11.26756	8.44341	9.252	5.64104	0	0	0	13.76581	0	7.92019	9.7831	11.02648	0	11.50335	11.74289	6.47652	10.45841	10.61605	6.14618	8.26515	10.02804	11.33784	9.98863	8.2896	4.86486	8.63443	10.06236	9.83571	9.42809	9.31815	8.94264	6.30191	7.79542	10.23021	7.09841	7.72661	4.24159	6.05617	4.47414	9.72715	0	11.08819	5.78299	5.08077	9.06245	0	4.92441	10.52257	3.68833	0	0	0	0	1.70708	0	0	8.6323	0	0	0	9.2825	0	0	0	0	0	0	2.31144	0	0	0	0	0	0	0	0	0	5.08077	0	0	0	0	
0	11.41007	0	0	9.10398	7.09698	0	0	0	0	0	0	0	0	7.99895	9.95576	0	11.50756	9.93509	0	8.24766	0	4.75743	0	0	0	0	0	10.88759	6.74759	9.50825	0	9.50005	2.56555	10.39915	7.56874	8.9186	9.16366	8.41915	9.42803	8.67292	8.15142	8.67362	8.14569	9.54108	7.20521	8.79986	9.74489	8.90363	8.40997	8.24583	8.44755	7.28859	6.62329	9.12548	6.58306	1.43232	7.13364	8.12424	7.88694	0	8.56271	0	11.3705	10.31699	1.43232	4.87598	13.41012	0	0	0	0	0	0	0	1.09255	0	0	0	0	8.89957	0	0	0	0	0	0	0	0	0	0	0	0	0	0	0	0	0	0	0	
0	10.8327	6.68545	0	8.00056	0	0	0	0	0	10.07643	0	0	0	6.65335	9.2825	0	7.36818	0	0	3.15826	8.45509	7.91307	10.94216	11.56126	10.80876	0	2.98399	10.72581	6.74717	9.84731	11.17024	10.34785	11.09606	10.44512	3.31026	8.3547	8.40538	8.11023	8.58799	8.15765	8.50388	7.57601	7.3831	7.01001	7.3566	9.0998	7.32601	9.15485	8.27244	8.21836	8.54256	7.52456	7.57405	7.05154	6.78936	8.29006	8.56445	5.60906	8.87085	0	6.53176	10.96617	9.85436	2.03755	5.9967	0	0	0	11.53838	0	9.77065	0	0	8.39569	0	3.48446	0	0	0	0	0	0	4.90342	0	1.77784	0	0	0	0	0	0	0	0	0	0	0	0	0	0	
0	0	0	0	0	0	0	0	6.48116	0	9.22222	12.00701	0	0	0	0	0	0	9.92751	0	10.77885	0	0	0	0	13.20567	9.715	0	3.33056	10.35679	6.88131	6.00944	6.09558	8.56816	10.72267	9.67511	7.28595	8.76874	9.05072	8.86696	6.65703	7.35788	9.12597	8.97802	6.76502	6.62369	7.3298	8.00155	8.52452	9.00144	9.64674	9.23321	8.11303	6.57065	6.20014	8.42365	8.02147	6.9927	7.94029	9.50612	10.19476	5.18351	8.42213	9.02977	0	6.2287	0	7.91084	0	0	0	0	0	0	0	0	0	0	0	0	0	6.75517	0	0	0	0	0	6.41834	5.84863	7.69823	0	0	0	0	0	0	0	0	0	0	
0	0	0	0	0	0	0	0	11.09978	8.71391	0	2.31144	0	10.9297	0	0	0	0.64736	9.17918	3.89229	0	0	0.64736	8.2639	6.55252	4.0751	8.71628	8.72965	7.254	10.39417	0	5.7652	6.53917	3.97996	6.02544	8.92468	9.24312	6.96641	9.75582	6.42026	8.80652	8.88737	7.63805	9.13605	6.29769	6.91278	7.39625	8.30771	6.57786	9.14586	7.64759	6.8783	7.66247	5.38767	8.14151	7.89259	7.32076	12.35362	9.75199	4.96172	7.23389	7.64856	8.57291	4.45623	1.77784	10.93084	9.94751	0	0	0	0	0	0	7.12651	6.93284	0	0	0	13.48734	0	0	0	0	0	0	0	0	0	5.49722	0	1.93783	0	0	0	0	0	0	0	0	0	
0	0	7.89296	5.89062	0	1.43232	0	4.29912	10.12479	0	0	0	0	0	0	0	0	9.37218	0	0	0	0	0	10.97424	0	9.01045	0	9.41973	5.66761	7.68314	0	7.97046	0	8.43163	6.59256	8.07101	7.14349	5.70013	3.98207	9.29171	8.52879	8.22263	8.66897	7.14889	7.34622	7.76062	6.80901	9.26534	8.80289	6.74609	6.91125	8.34845	7.8924	7.18614	7.19266	6.0862	7.73392	9.89886	7.95805	6.1848	8.08798	7.83458	4.57587	9.90894	5.96901	0	0	8.01045	0.64736	4.36601	3.68366	0	11.18014	0	0.32368	0	9.5184	0	0	0	0	0	4.74945	0	0	0	0	0	0	0	0	0	0	0	0	0	0	0	0	0	
0	0	0	0	0	0	0	0	0.64736	0	10.51979	4.8166	7.99022	0	12.73119	0	0	4.41853	0	5.76096	0	0	0	0	0	0	8.26636	5.86273	6.25175	0	7.37804	7.93028	6.57447	7.80228	5.07641	7.79443	9.40762	7.97162	6.0912	7.40728	7.63029	5.44993	7.10926	6.96645	6.5616	8.05028	7.25752	6.6584	6.45144	6.10216	5.90159	9.27714	8.65175	6.53079	5.71902	7.03721	5.265	7.87358	9.49329	4.21	6.73112	4.82862	6.79079	5.6902	0	5.1435	8.28743	3.46766	0	0	8.36381	0	7.19568	3.66359	0	11.90994	0	0	1.43232	0	0	0	0	0	0	0	0	0	5.76274	0	0	0	0	0	0	0	0	0	0	0	
0	0	0	0	0	0	0	0	0	10.00429	0	0	4.12278	0	0	0	0	0	0	0	0	0	0	10.45612	0	0	9.75975	0	0	5.16856	6.46377	0	0	5.61221	9.14496	8.03677	3.33056	2.13668	0	8.9189	4.35522	9.5423	3.09719	7.20612	7.4645	7.30574	7.24647	7.22228	9.33474	5.33992	7.61383	8.91737	6.52358	6.68459	8.41531	6.94097	6.73497	7.22519	4.87356	5.22812	7.57962	5.08483	3.7407	9.23062	5.90233	6.40459	6.96589	7.99895	6.81844	0	0	5.98385	0	4.56377	0	2.60793	10.60146	0	0	0	0	0	0	0	10.10044	0	0	2.31144	0	0	0	7.30759	0	0	0	0	5.73051	0	0	0	
0	0	0	0	0	0	0	0	0	0	0	7.59638	0	0	0	0	0	7.84658	12.52516	0	0	0	0	1.43232	0	0	0	10.29441	0	0	0	0	6.228	6.73796	8.7458	0	2.96564	7.99174	4.82953	3.64592	8.96827	8.66344	6.32243	1.70479	0	6.28799	7.28613	4.58159	7.08803	7.65003	6.13471	9.62512	7.66399	4.90184	8.12744	5.97119	6.62561	8.44911	7.11058	8.29905	6.39988	4.71179	0	7.68334	8.69888	0	6.10671	5.90425	9.79493	7.76302	0	0	0	0	0	9.29555	0	8.76404	0	0	0	11.55653	0	0	0	0	0	0	0	0	0	0	0	0	0	0	0	0	0	0	
0	0	0	0	6.50891	0	0	0	0	0	8.9703	0	2.31144	0	0	11.27186	0	0	5.60185	0	5.68626	11.59176	0	0	0	6.33702	7.48679	0	0	11.7255	0	10.04184	8.29265	0	0	3.48446	10.83046	9.8728	10.83539	9.05266	6.81701	8.41257	5.8667	7.37804	7.43429	7.32386	12.38893	6.42477	8.63415	8.78488	8.21383	5.65294	8.15261	7.76098	6.83255	7.05555	5.24535	9.4019	2.96598	7.00843	6.23378	7.33462	6.0936	6.90098	7.11068	0	9.89415	8.26638	0	0	8.9826	8.00532	7.16344	9.90486	8.24671	0	5.92168	0	0	0	4.59791	0	0	13.61965	0	1.43232	0	0	0	0	0	0	0	0	0	0	0	0	0	0	
0	0	0	0	0	0	0	0	0	0	0	5.53294	4.43281	0	0	9.05106	0	0	0	3.33056	3.40957	0	1.43232	0	0	0	0	0	0	3.66404	0.64736	6.32006	0	0	0	9.18762	0	0	0	6.95934	6.95858	5.28713	5.17359	5.25476	8.07673	3.00784	3.90618	6.99956	6.11852	3.24452	0	0	7.30113	9.19829	9.42835	7.12066	7.63109	7.13819	6.79021	5.83309	7.40446	7.50296	8.66125	7.54029	5.10398	8.79193	9.25735	7.66897	7.85817	7.80518	0	6.30324	8.28003	9.98829	9.58441	0	6.48116	0	4.25701	0	0	0	0	0	0	0	0	0	0	0	0	0	0	0	0	0	0	0	0	0	
0	0	0	9.52798	0	0	0	0	0	0	0	0	0	0	0	0	4.59791	0	0	0	0	0	5.03166	0	0	0	7.45517	6.04671	6.53501	6.49027	0	0	0	0	0	11.58835	0	0	0	2.74861	5.2786	0	0	0	5.33204	11.68005	7.17178	4.78732	4.76841	5.56224	3.98274	6.78163	8.61513	7.33247	6.34298	7.05209	8.37277	7.24971	5.45768	7.04248	6.27879	6.67573	8.78926	8.40232	8.01341	8.41066	6.32824	8.59476	9.3691	9.4894	3.09416	8.26463	5.22396	4.13265	5.71352	0	12.50127	8.30819	4.68758	8.76779	0	6.05929	6.1426	0	0	0	0	0	0	0	0	0	0	0	0	0	0	13.5924	0	9.74439	
0	0	4.99173	0	0	0	0	0	0	0	0	0	0	0	0	0	0	0	0	0	7.37312	0	0	0	0	7.43107	0	8.19717	0	10.38639	0	10.30607	10.5209	0	7.30243	0	0	7.13358	5.63163	0	7.27631	0	0	8.75864	10.93222	10.22716	4.40695	2.67709	3.40957	4.43833	8.19823	9.32515	7.19989	7.7165	6.85972	7.4466	9.55647	4.80161	7.79469	8.15715	2.11061	5.77893	6.35281	2.86996	5.29066	5.00696	6.07955	0	8.2057	3.66199	4.19007	8.43188	5.74212	5.96782	4.63126	0	4.86148	0	4.35002	7.52721	0	5.00519	0	0	0	0	0	0	5.24228	0	0	0	0	0	0	0	5.03166	0	0	0	
0	0	0	0	1.93783	0	0	0	0	0	0	0	9.5412	0	0	0	0	0	0	0	10.71468	2.13668	0	0	0	0	0	5.86918	0	0	0	4.98083	9.51576	0	0	0	5.80546	0	0	5.73051	0	0	5.56809	0	5.93127	0	6.99925	7.80802	9.04643	4.04145	5.44191	3.73283	9.14352	5.29659	8.33382	6.39147	0	6.01402	6.41903	1.52484	6.25897	6.99717	7.36337	5.57258	7.00591	8.98664	3.07961	3.18044	5.38128	6.99402	5.93914	0	0	8.59875	0	9.30989	4.83507	6.56884	0	0	0	0	0	0	10.68967	1.43232	0	0	0	0	0	0	0	0	0	0	8.60319	0	0	0	
0	0	0	0	0	0	0	0	6.7925	0	0	0	0.64736	0	0	0	9.16787	0	0	0	0	0	0	0	5.29941	0	0	0	0	0	0	0	0	0	3.48446	6.92614	0	2.85376	0	0	0	0	5.51519	13.30257	0	8.37269	9.6139	6.81444	0	3.28579	0	9.84908	10.62906	7.85539	0	7.51386	0	7.96002	0	3.89299	7.64692	8.12134	7.14365	7.33821	7.90197	7.1149	6.12705	7.27415	8.1066	4.79284	9.23283	2.96564	9.32219	11.76137	8.09611	3.84473	8.87728	8.43399	0	0	7.92019	10.05892	9.51741	0	1.81176	0	5.71504	4.59791	3.40957	0	5.99042	0	0	10.1218	0	0	0	0	0	0	
0	0	0	0	0	0	0	0	0	0	0	0	0	0	0	0	0	0	0	0	8.14897	0	0	0	0	0	0	0	0	3.92185	0	0	0	0	3.40957	0	0	0	0	0	10.39612	0	8.80844	7.95023	4.78999	0	0	2.31144	9.85527	5.16521	9.73292	0	0	0	3.65134	6.57086	0	0	8.02739	8.7685	10.29115	6.66666	1.69171	5.88631	7.12573	6.96462	5.6885	7.39999	6.28167	4.87061	8.2249	6.91642	3.50994	4.83689	2.81277	0	3.76802	0	5.37194	0	0	0	1.43232	0	0	0	7.56395	0	0	0	0	0	0	0	0	0	0	0	0	0	
0	0	0	0	6.61219	0	0	0	0	0	0	9.89699	0	1.93783	0	0	0	0	0	0	0	0	0	0	0	0	0	0	0	0	0	0	0	0	0	0	0	0	0	8.89744	0	0	5.56781	0	3.93784	0	2.72041	5.08077	0	0	1.43232	0	0	0	10.47515	0	0	0.64736	0	9.71651	7.91438	0	5.69769	7.3173	6.29212	0	0.71616	5.43745	10.48759	5.01315	5.45948	8.58644	8.28165	4.80548	0	0	5.10429	4.8166	6.65202	5.28314	3.62352	6.70124	2.31144	0	0.64736	0	3.68833	10.64883	0	3.31566	0	0	0	0	8.04298	0	0	0	0	0	
0	0	0	0	0	0	0	0	0	0	0	0	0	0	0	0	0	5.34603	0	0	0	9.65805	7.6543	0	0	0	9.73771	0	0	0	0	0	0	6.02691	6.60381	0	0	0	0	0	0	0	0	0	0	0	0	0	0.64736	0	8.35136	0	0	0	0	9.92353	8.80333	8.61967	3.24699	7.35327	0	6.69233	3.0559	0	7.02924	4.69166	8.33067	6.67397	4.67653	4.51192	6.97868	5.44817	5.80081	5.38167	9.32396	5.58495	4.97958	0	6.6288	5.29062	0	0	8.78739	0	6.5784	8.69121	2.73606	4.75743	0	9.27103	0	0	0	0	0	0	8.62096	0	0	0	
0	0	0	0	0	0	0	0	7.15648	0	0	0	0	0	0	0	0	0	0	0	0	0	0	0	0	0	0	11.97875	0	0.64736	0	0	0	0	0	0	0	0	0	10.14986	0	0	0	0	0	5.46058	0	7.95353	6.88526	0	0	10.74451	0	0	0	0	0	0	7.13266	0	9.6471	0	8.70264	9.7593	6.37121	6.69105	4.35595	0	0	6.36753	8.98008	1.43232	8.24043	8.27243	6.26958	9.19246	3.1431	0	0	7.95419	6.16559	7.42529	9.72425	10.75274	6.3327	0	0	0	0	0	6.46275	0	9.80243	0	0	0	0	0	0	0	
0	0	0	0	0	0	0	0	0	0	0	0	0	7.07291	0	0	0	0	0	1.93783	0	0	0	0	0	2.48108	0	0	0	0	0	0	0	0	6.16554	0	0	5.27838	0	0	9.82226	0	0	6.92614	0	0	0	0	0	0	5.46058	5.00647	0	0	7.34325	0	0	0	0	5.57334	5.00403	0	6.84456	9.64178	2.31144	4.14803	7.94047	9.00092	0	4.54441	6.70698	0	3.81481	5.40122	7.23895	7.44732	5.14118	5.79848	6.06508	3.80253	0	6.29052	7.92692	6.15315	4.42431	0	0	6.70907	5.96633	0	5.28314	0	0	8.01798	0	0	0	0	5.09702	0	
0	0	0	0	0	0	0	7.47306	0	0	0	0	0	0	0	0	0	0	0	0	0	0	9.3554	0	0	0	0	0	9.87975	0	0	0	0	0	8.49418	0	0	0.64736	0	0	0	3.15536	0	0	0	0	7.77396	0	0	0	0	0	8.62197	0	0	0	5.84964	4.49298	0	5.23848	8.99699	0	0	5.22166	0	0.64736	0	8.00186	6.56825	10.94263	8.80978	6.01586	8.13303	4.3795	7.91343	5.75793	8.73154	9.33404	5.72631	4.31019	8.14639	6.70429	4.73001	0	4.20567	0	1.43232	3.11573	0	0	8.37861	7.83153	0	0	0	0	7.17254	0	0	0	
0	0	0	0	0	0	0	0	0	0	0	0	0	0	0	0	0	0	0	0	0	0	0	0	0	0	0	0	0	0	0	0	0	0	0	0	0	3.77799	0	0	0	0	0	0	0	0	0	0	0	3.62352	0	4.04185	0	3.68068	0	0	2.60793	5.79846	1.93783	0	4.92814	0	9.77921	12.48611	9.11138	5.06463	0	0	8.29368	6.54472	0	2.85376	5.53001	10.61975	6.97989	8.07741	0	3.50204	5.06074	6.79868	4.342	9.16929	4.25701	3.55567	0	0	1.702	0	0	0	0	0	5.83058	7.68381	9.34287	0	0	0	0	0	
0	0	0	0	0	0	0	6.48116	0	0	0	0	0	0	0	0	0	0	0	0	0	0	0	0	0	0	0	0	0	0	0	0	0	0	0	0	0	2.17002	0	2.85376	0	0	0	0	0	0	0	0	0	0	4.63333	0	0	8.32358	6.82168	0	0	7.47268	9.18481	9.82045	0	0	0	8.03506	8.28149	10.91666	0	0	7.73339	5.15243	7.82746	5.22127	4.95792	7.05787	7.15545	6.78483	5.50332	0	6.64262	5.90239	7.95807	8.80662	4.1728	3.8003	1.15572	0	0	0.21579	0	0	7.26574	0	0	0	0	1.47284	0	0	0	0	
0	0	0	0	0	0	0	0	0	0	0	0	0	0	0	0	0	0	0	0	0	0	0	0	0	7.98933	0	0	0	0	0	0	0	0	0	0	0	10.11451	0	0	0	0	0	0	10.81331	0	0	0	5.08077	0	0	0	0	0	0	1.09255	0	0	0	0	0	0	7.9943	0	0	5.12948	4.2547	6.99167	0.64736	6.17499	1.66528	0	8.9615	0	6.85028	7.22904	0	5.89743	4.44214	4.9462	4.23545	0	5.89966	0	6.08359	5.83087	0	0	0	0	8.94897	0	0	0	0	0	0	1.70708	0	0	
0	0	0	0	0	0	0	0	0	0	0	0	10.35055	0	0	0	0	0	0	0	0	0	0	0	0	0	0	0	0	0	0	0	0	0	0	0	0	0	0	0	0	0	0	0	0	0	0	9.84642	0	0	5.17423	0	10.24881	0	0	0	0	0	0	3.7049	0	0	0	6.95229	4.37982	6.47198	9.99618	0	9.55539	0	0	9.53901	0	0	0	1.35837	5.41437	7.96082	5.41335	3.20316	0	5.22969	4.69161	4.07856	4.89543	2.51583	6.09051	6.31667	6.17688	0	0	0	0	6.13099	0	0	0	0	0	0	
0	0	0	0	0	0	0	0	0	0	0	0	0	0	0	0	0	0	0	0	0	0	0	0	0	0	0	0	0	0	0	0	10.51812	0	0	0	0	0	0	0	5.24055	0	0	0	0	0	0	0	0	0	0	0	0	0	0	0	7.28401	0	0	0	8.7119	0	0	4.09987	0	7.65835	0	0	6.80142	0	0	0	10.60984	0	0	6.00944	0	0	5.75831	10.46244	5.724	8.17886	11.13798	0	7.07291	0	0.64736	0	3.68833	1.09255	5.14103	4.6646	4.90016	0	0	0	0	0	0	0	
0	0	0	0	0	0	0	1.39202	0	0	0	0	0	0	0	0	0	0	0	0	0	0	0	0	0	0	0	4.12278	0	0	0	0	0	0	0	0	0	0	0	0	0	0	0	0	0	0	0	0	0	0	0	0	0	0	0	0	0	0	0	0	0	0	0	0	0	0	0	0	0	0	3.34791	3.13498	6.25499	3.24699	0	9.98346	9.58228	0	8.56814	5.34474	0	5.91416	0	8.90363	2.46728	7.84501	0	10.62108	0	0	0	0.64736	0	0	0	10.30154	0	0	0	0	
0	0	0	0	0	0	0	0	0	0	0	0	0	0	0	0	0	0	0	0	9.5068	0	0	0	0	0	0	0	0	0	9.39719	0	0	0	0	0	0	0	0	0	0	0	0	0	0	0	0	0	0	0	0	0	0	0	0	0	0	0	0	11.20145	0	0	0	0	5.19668	9.32769	8.86561	4.66385	0	0	0	0	0	0	0	8.28481	7.69915	0	0	0	6.92195	0	0	0	4.73761	3.06373	7.57215	7.73082	7.5794	0	4.8453	5.28314	10.18357	3.92185	0	4.8453	0	0	0	0	
0	0	0	0	0	0	0	0	0	0	0	0	0	0	0	0	0	0	0	0	0	0	0	0	0	0	0	0	0	0	0	0	0	0	0	0	0	0	0	0	0	0	0	0	0	0	0	0	4.90105	0	0	0	0	0	0	0	0	0	0	0	0	0	0	0	0	0	0	0	0	9.30592	8.62818	9.51129	7.55243	0	9.94004	7.56652	0	8.98165	0	0	0	8.57776	6.8615	0	4.78313	0	0	0	0	2.6922	0	2.61725	7.7969	0	2.73606	0	0	0	0	0	
0	0	0	0	0	0	0	0	0	0	0	0	0	0	0	4.8166	0	0	0	0	0	0	0	0	0	0	0	0	0	0	0	0	0	0	4.75743	0	0	0	0	0	0	0	0	0	0	0	0	0	0	0	0	0	0	0	0	0	0	0	0	0	0	0	0	0	0	0	0	1.70708	0	0	0	0	0	7.49134	0	0	0	2.13544	0	0	0	1.09255	0	0	1.4794	0	5.03476	4.76085	5.8767	10.66264	8.11546	0	8.12427	0	0	0	0	0	0	0	
0	0	0	0	0	0	0	0	0	0	0	0	0	0	0	0	0	0	0	0	0	0	0	0	0	0	0	0	0	0	0	0	0	0	0	0	0	0	0	0	0	0	0	0	0	0	0	0	8.4736	3.48446	0	0	0	0	0	0	0	0	0	2.31144	0	0	0	0	0	4.25806	0	0	0	0	0	7.54918	0	0	0	0	0	10.64139	0	3.94558	11.16563	0	0	8.64664	0	0	0	0	0	0	0	0	0	0	0	0	0	0	0	0	
0	0	0	0	0	0	0	0	0	0	0	0	0	0	0	0	0	0	0	0	0	0	0	0	0	0	0	0	0	0	0	0	0	0	0	0	0	0	0	0	0	0	0	0	0	0	0	0	0	0	0	0	0	0	0	2.89337	0	0	7.18382	0	0	0	0	0	8.32867	0	0	0	0	0	0	3.24699	0	6.25383	0	0	4.95472	0	0	0	4.37118	6.71859	5.03166	7.30106	0	0	0	5.80546	8.72841	0	10.12039	7.31274	9.43072	0	0	0	0	0	0	0	
0	0	0	0	0	0	0	0	0	0	0	0	0	0	0	0	0	0	0	0	0	0	0	0	0	0	0	0	0	0	0	0	0	0	0	0	0	0	0	0	0	0	0	0	0	0	0	0	0	0	0	0	0	0	0	0	0	0	0	0	0	0	0	0	0	0	0	0	0	0	0	0	0	0	0	0	0	0	0	0	0	0	0	0	0	0	3.68833	0	0	0	0	9.36286	0	0	0	0	0	0	0	0	
0	0	0	0	0	0	0	0	0	0	0	0	0	0	0	0	0	0	0	0	0	0	0	0	0	0	0	0	0	0	0	0	0	0	0	0	0	0	0	0	0	0	0	0	0	0	0	0	0	0	0	0	0	0	0	0	0	0	0	0	0	0	0	0	0	0	0	0	0	0	4.16892	0	0	0	0	0	4.90105	0	0	5.84863	0	0	0	10.14945	0	0	0	0	0	0	7.59385	9.04024	0	0	0	0	0	0	0	0	
0	0	0	0	0	0	0	0	0	0	0	0	0	0	0	0	0	0	0	0	0	0	0	0	0	0	0	0	0	0	0	0	0	0	0	0	0	0	0	0	0	0	0	0	0	0	0	0	0	0	0	0	0	0	0	0	0	0	0	1.70708	0	0	0	0	0	0	0	0	0	0	7.50938	0	0	0	0	0	0	0	0	0	0	0	0	0	0	0	3.62352	0	0	0	0	0	0	0	0	0	0	0	0	0	
0	0	0	0	0	0	0	0	0	0	0	0	0	0	0	0	0	0	0	0	0	0	0	0	0	0	0	0	0	0	0	0	0	0	0	0	0	0	0	0	0	0	0	0	0	0	0	0	0	0	0	0	0	0	0	0	0	0	0	0	0	0	0	0	0	0	0	0	0	8.02427	1.09255	0	0	0	0	0	0	0	4.34003	0	0	0	0	0	0	0	0	0	10.52756	0.64736	0	0	0	0	0	0	0	0	0	0	
0	0	0	0	0	0	0	0	0	0	0	0	0	0	0	0	0	0	0	0	0	0	0	0	0	0	0	0	0	0	0	0	0	0	0	0	0	0	0	0	0	0	0	0	0	0	0	0	0	0	0	0	0	0	0	0	0	0	0	0	0	0	0	0	0	0	0	0	0.64736	0	0	0	0	0	0	0	0	0	0	0	0	0	0	0	0	0	2.73606	0	0	0	0	0	0	0	0	0	0	0	0	0	
0	0	0	0	0	0	0	0	0	0	0	0	0	0	0	0	0	0	0	0	0	0	0	0	0	0	0	0	0	0	0	0	0	0	0	0	0	0	0	0	0	0	0	0	0	0	0	0	0	0	0	0	0	0	0	0	0	0	6.66144	0	0	0	0	0	0	0	0	0	0	0	0	0	0	0	0	6.61219	0	0	0	0	0	0	0	0	0	0	0	0	0	0	0	0	0	0	0	0	0	0	0	0	
0	0	0	0	0	0	0	0	0	0	0	0	0	0	0	0	0	0	0	0	0	0	0	0	0	0	0	0	0	0	0	0	5.81999	0	0	0	0	0	0	0	0	0	0	0	0	0	0	0	0	0	1.70708	0	0	0	0	0	0	0	0	0	0	0	0	0	0	0	0	0	0	0	0	0	0	0	0	2.13668	0	0	0	0	2.96255	0	0	0	0	0	0	0	0	0	0	0	0	0	0	0	0	0	0	0	
0	0	0	0	0	0	0	0	0	0	0	0	0	0	0	0	0	0	0	0	0	0	0	0	0	0	0	0	0	0	0	0	0	0	0	0	0	0	0	0	0	0	0	0	0	0	0	0	0	0	0	0	0	0	0	0	0	0	0	0	0	0	0	0	0	0	0	0	0	0	0	0	0	0	0	0	0	0	0	0	0	0	0	0	0	0	0	0	0	0	0	0	0	0	0	0	0	0	0	0	
0	0	0	0	0	0	0	0	0	0	0	0	0	0	0	0	0	0	0	0	0	0	0	0	0	0	0	0	0	0	0	0	0	0	0	0	0	0	0	0	0	0	0	0	0	0	0	0	0	0	0	0	0	0	0	0	0	0	0	0	0	0	0	0	0	0	0	0	0	0	0	0	0	0	0	0	0	0	0	0	0	0	0	0	0	0	0	0	0	0	0	0	0	0	0	0	0	0	0	0	
0	0	0	0	0	0	0	0	0	0	0	0	0	0	0	0	0	0	0	0	0	0	0	0	0	0	0	0	0	0	0	0	0	0	0	0	0	0	0	0	0	0	0	0	0	0	0	0	0	0	0	0	0	0	0	0	0	0	0	0	0	0	0	0	0	0	0	0	0	0	0	0	0	0	0	0	0	0	0	0	0	0	0	0	0	0	0	0	0	0	0	0	0	0	0	0	0	0	0	0	
0	0	0	0	0	0	0	0	0	0	0	0	0	0	0	0	0	0	0	0	0	0	0	0	0	0	0	0	0	0	0	0	0	0	0	0	0	0	0	0	0	0	0	0	0	0	0	0	0	0	0	0	0	0	0	0	0	0	0	0	0	0	0	0	0	0	0	0	0	0	0	0	0	0	0	0	0	0	0	0	0	0	0	0	0	0	0	0	0	0	0	0	0	0	0	0	0	0	0	0	
0	0	0	0	0	0	0	0	0	0	0	0	0	0	0	0	0	0	0	0	0	0	0	0	0	0	0	0	0	0	0	0	0	0	0	0	0	0	0	0	0	0	0	0	0	0	0	0	0	0	0	0	0	0	0	0	0	0	0	0	0	0	0	0	0	0	0	0	0	0	0	0	0	0	0	0	0	0	0	0	0	1.43232	0	0	0	0	0	0	0	0	0	0	0	0	0	0	0	0	0	0	
0	0	0	0	0	0	0	0	0	0	0	0	0	0	0	0	0	0	0	0	0	0	0	0	0	0	0	0	0	0	0	0	0	0	0	0	0	0	0	0	0	0	0	0	0	0	0	10.29701	0	0	0	0	0	0	0	0	0	0	0	0	0	0	0	0	0	0	0	0	0	0	0	0	0	0	8.54155	0	0	0	0	0	0	0	0	0	0	0	0	0	0	0	0	0	0	0	0	0	0	0	0	0	
