0	0	0	0	0	0	0	0	0	0	0	0	0	0	0	0	0	0	0	0	0	0	0	0	0	0	0	0	0	0	0	0	0	0	0	0	0	0	0	0	0	0	0	0	0	0	0	0	0	0	0	10.1782	0	0	0	0	0	0	0	0	0	0	0	0	0	0	0	0	0	0	0	0	0	0	0	0	0	0	0	0	0	0	0	0	0	0	0	0	0	0	0	0	0	0	0	0	0	0	0	0	
0	0	0	0	0	0	0	0	0	0	0	0	0	0	0	0	0	0	0	0	0	0	0	0	0	0	0	0	0	0	0	0	0	0	0	0	0	0	0	0	0	0	0	0	0	0	0	13.93279	0	0	0	0	0	0	0	0	0	0	0	0	0	0	0	8.22758	0	0	0	0	0	0	0	0	0	0	0	0	0	0	0	0	0	0	0	0	0	0	0	0	0	0	0	0	0	0	0	0	0	0	0	0	
0	0	0	0	0	0	0	0	0	0	0	0	0	0	0	0	0	0	0	0	0	0	0	0	0	0	0	0	0	0	0	0	0	0	0	0	0	0	0	0	0	0	0	0	0	0	0	0	0	0	0	0	0	0	9.00578	0	0	0	0	0	0	0	0	0	0	0	0	0	0	0	0	0	0	0	0	0	0	0	0	0	0	0	0	0	0	0	0	0	0	0	0	0	0	0	0	0	0	0	0	0	
0	0	0	0	0	0	0	0	0	0	0	0	0	0	0	0	0	0	0	0	0	0	0	0	0	0	0	0	0	0	0	0	0	0	0	0	0	0	0	0	0	0	0	0	0	0	13.1777	9.85269	0	0	0	0	0	0	0	0	0	0	0	0	0	0	0	0	0	0	0	0	0	0	0	0	0	0	0	0	0	0	0	0	0	0	0	0	0	0	0	0	0	0	0	0	0	0	0	0	0	0	0	0	
0	0	0	0	0	0	0	0	0	0	0	0	0	0	0	0	0	0	0	0	0	0	0	0	0	0	0	0	0	0	0	0	0	0	0	0	0	8.49328	0	0	0	0	0	13.7574	0	0	0	0	0	0	0	0	0	0	0	0	0	0	0	0	0	0	0	0	0	0	0	0	0	0	0	0	0	0	0	0	0	0	0	0	0	0	0	0	0	0	0	0	0	0	0	0	0	0	0	0	0	0	0	0	
0	0	0	0	0	0	0	0	0	0	0	0	0	0	0	0	0	0	0	0	0	0	0	0	0	0	0	0	0	0	0	0	0	0	0	0	0	0	0	0	0	0	0	0	0	0	0	0	0	0	0	0	0	0	0	0	0	0	0	0	0	0	0	0	0	0	0	0	0	0	0	0	8.67999	0	0	0	0	0	0	0	0	0	0	0	0	0	0	0	0	0	0	0	0	0	0	0	0	0	0	0	
0	0	0	0	0	0	0	0	0	0	0	0	0	0	0	0	0	0	0	0	0	0	0	0	0	0	0	0	0	0	0	0	0	0	0	0	0	0	0	0	0	0	0	0	0	0	0	0	0	0	0	0	0	0	0	0	0	0	0	0	0	0	0	0	0	0	0	0	0	0	0	0	0	0	11.20462	0	0	0	0	0	0	0	0	0	0	0	0	0	0	0	0	0	0	0	0	0	0	0	0	0	
0	0	0	0	0	0	0	0	0	0	0	0	0	0	0	0	0	0	0	0	0	0	0	0	0	0	0	0	0	0	0	0	0	0	0	0	0	0	0	0	0	0	0	0	0	0	0	0	0	0	0	9.01798	0	0	0	12.46501	0	0	11.38536	0	0	0	0	0	0	0	0	0	0	0	0	0	0	0	0	0	0	0	0	0	0	0	0	0	0	0	0	0	0	0	0	0	0	0	0	0	0	0	0	0	
0	0	0	0	0	0	0	0	0	0	0	0	0	0	0	0	0	0	0	0	0	0	0	0	0	0	0	0	7.39893	0	0	0	0	0	0	0	0	0	0	0	0	0	0	0	0	0	0	0	0	0	0	0	0	0	0	0	0	0	0	0	0	0	0	0	0	0	0	10.57435	0	0	0	0	0	0	0	0	0	0	0	0	0	0	0	0	0	0	0	0	0	0	0	0	0	0	0	0	0	0	0	0	
0	0	0	0	0	0	0	0	0	0	0	0	0	0	0	0	0	0	0	0	0	0	0	0	0	0	0	0	0	0	0	0	0	0	0	0	0	0	0	0	0	0	0	0	0	0	0	0	0	0	0	0	0	0	0	8.98898	0	0	0	0	0	0	0	0	0	0	0	0	0	0	0	0	0	0	0	0	0	0	0	0	0	0	0	0	0	0	0	0	0	0	0	0	0	0	0	0	0	0	0	0	
0	0	0	0	0	0	0	0	0	0	0	0	0	0	0	0	0	0	0	0	0	0	0	0	0	0	0	0	0	0	0	0	0	0	0	0	0	0	0	0	0	0	0	0	0	0	0	0	0	0	0	0	0	0	0	0	0	0	0	0	0	0	0	0	0	0	0	10.44114	0	0	0	0	0	0	0	0	0	0	0	0	0	0	0	0	0	0	0	0	0	0	0	0	0	0	0	0	0	0	0	0	
0	0	0	0	0	0	0	0	0	0	0	0	0	0	0	0	0	0	0	0	0	0	0	0	0	0	0	0	0	0	0	0	0	0	0	0	0	0	0	0	0	0	0	0	0	0	0	0	0	0	0	0	5.11079	0	0	0	7.8723	0	0	0	0	0	0	0	0	0	0	0	0	0	0	6.99594	0	0	0	0	0	0	0	0	0	0	0	0	0	0	0	0	0	0	0	0	0	0	0	0	0	0	0	0	
0	0	0	0	0	0	0	0	0	0	0	0	0	0	0	0	0	0	0	0	0	0	0	0	0	0	0	0	0	0	0	0	0	0	0	0	0	0	0	0	0	0	0	0	0	0	0	0	11.23733	0	0	0	12.82481	0	0	0	0	0	0	0	0	0	0	0	0	0	0	5.4691	0	0	0	0	0	0	0	0	0	0	0	0	0	0	0	0	0	0	0	0	0	0	0	0	0	0	0	0	0	0	0	0	
0	0	0	0	0	0	0	0	0	0	0	0	0	0	0	0	0	0	0	0	0	0	0	0	0	0	0	0	0	0	12.89578	0	0	0	0	0	0	0	0	1.66211	0	0	0	0	0	0	0	8.7668	0	0	0	0	0	0	0	0	0	4.63301	8.04747	0	9.60751	0	0	8.9859	0	0	0	0	0	0	0	0	0	0	0	0	0	0	0	0	0	0	0	0	0	0	0	0	0	0	0	0	0	0	0	0	0	0	0	0	
0	0	0	0	0	0	0	0	0	0	0	0	0	0	0	0	0	0	0	0	0	0	0	0	0	0	0	0	0	0	0	0	0	0	0	0	0	0	0	0	0	0	0	0	0	0	0	0	0	0	0	0	0	0	7.03222	0	0	0	0	0	0	0	0	0	0	0	0	0	0	0	0	0	0	0	1.39155	0	0	0	0	0	0	0	0	0	0	0	0	0	0	0	0	0	0	0	0	0	0	0	0	0	
0	0	0	0	0	0	0	0	0	0	0	0	0	0	0	0	0	0	0	0	0	0	0	0	0	0	0	0	0	0	0	0	0	0	0	0	0	0	0	0	0	0	12.49034	0	0	0	0	0	0	0	0	0	9.37615	0	0	0	0	0	0	14.1648	0	0	0	0	0	0	0	0	0	0	0	9.13222	0	0	0	0	0	0	0	0	0	0	0	0	0	0	0	0	0	0	0	0	0	0	0	0	0	0	0	0	
0	0	0	0	0	0	0	0	0	0	0	0	0	0	0	0	0	0	0	0	0	0	0	0	0	0	0	0	0	0	0	0	0	0	0	0	0	0	0	0	0	0	0	8.69227	0	0	0	13.52101	0	0	0	9.02758	0	0	0	0	0	0	4.78829	0	0	0	0	0	0	0	0	0	0	0	0	0	0	0	0	0	0	0	0	0	0	0	0	0	0	0	0	0	0	0	0	0	0	0	0	0	0	0	0	0	
0	0	0	0	0	0	0	0	0	0	0	0	0	0	0	0	0	0	0	0	0	0	0	0	0	0	0	0	0	0	0	0	0	0	0	0	0	0	0	0	0	0	8.60978	0	0	0	0	0	0	0	0	0	0	0	0	8.26359	0	0	0	0	0	0	0	0	0	0	2.25954	0	7.64111	0	0	0	0	0	0	0	0	0	0	0	0	0	0	0	0	0	0	0	0	0	0	0	0	0	0	0	0	0	0	0	
0	0	0	0	0	0	0	0	0	0	0	0	0	0	0	0	0	0	0	0	0	0	0	0	0	0	0	0	0	0	0	0	0	0	0	0	0	0	0	0	12.3685	0	0	0	0	0	0	0	0	0	0	0	0	0	0	0	0	0	0	0	0	0	0	0	0	0	0	0	0	0	0	0	0	0	0	0	0	0	0	0	0	0	0	0	0	0	0	0	0	0	0	0	0	0	0	0	0	0	0	0	
0	0	0	0	0	0	0	0	0	0	0	0	0	0	0	0	0	0	0	0	0	0	0	0	0	0	0	0	0	0	0	0	0	0	0	0	0	0	0	0	0	0	0	0	0	0	0	9.22256	0	0	8.6627	0	0	0	0	0	0	0	0	0	0	0	0	0	0	0	0	0	0	0	0	0	0	0	0	0	10.51129	0	0	0	0	0	0	0	0	0	0	0	0	0	0	0	0	0	0	0	0	0	0	0	
0	0	0	0	0	0	0	0	0	0	0	0	0	0	0	0	0	0	0	0	0	0	0	0	0	0	0	0	0	0	0	0	0	0	0	0	0	0	0	0	0	0	0	0	0	0	0	10.23761	0	0	9.60993	10.41106	0	0	0	0	8.57512	0	11.60855	0	10.30273	0	0	0	0	9.82404	0	0	0	0	0	0	0	0	0	0	0	0	0	0	0	0	0	0	0	0	0	0	0	0	0	0	0	0	0	0	0	0	0	0	
0	0	0	0	0	0	0	0	0	0	0	0	0	0	0	0	0	0	0	0	0	0	0	0	0	0	0	0	0	0	0	0	0	0	0	0	0	0	0	0	0	9.20679	0	0	0	0	0	0	0	0	0	0	0	0	0	0	0	0	0	0	0	0	0	0	0	0	0	0	0.62405	0	0	0	0	0	0	0	0	0	0	0	0	0	0	0	0	0	0	0	0	0	0	0	0	0	0	0	0	0	0	0	
0	0	0	0	0	0	0	0	0	0	0	0	0	0	0	0	0	0	0	0	0	0	0	0	0	0	0	0	0	0	0	12.9319	0.62405	0	0	0	0	0	0	0	0	0	0	0	0	0	0	8.49761	0	0	0	0	0	0	0	0	0	0	0	0	0	0	0	2.25954	0	0	0	2.08651	0	0	0	0	0	0	0	0	0	0	0	0	0	0	0	0	0	0	0	0	0	0	0	0	0	0	0	0	0	0	0	0	
0	0	0	0	0	0	0	0	0	0	0	0	0	0	0	0	0	0	0	0	0	0	0	0	0	0	0	0	0	0	0	12.70912	0	0	1.88986	0	0	0	0	0	0	0	0	0	0	0	0	0	0	0	0	0	0	0	0	0	0	0	0	0	0	0	0	0	0	0	0	0	0	0	0	0	0	0	0	0	0	0	0	0	0	0	0	0	0	0	0	0	0	0	0	0	0	0	0	0	0	0	0	0	
0	0	0	0	0	0	0	0	0	0	0	0	0	0	0	0	0	0	0	0	0	0	0	0	0	0	0	0	0	0	0	0	0	0	0	0	0	0	0	0	0	0	0	10.53358	0	0	0	0	0	11.96693	0	0	0	0	10.49893	0	0	0	0	0	0	0	0	0	0	0	0	0	0	0	0	0	0	0	0	0	0	0	0	3.12475	0	0	0	0	0	0	0	0	0	0	0	0	0	0	0	0	0	0	0	0	
0	0	0	0	0	0	0	0	0	0	0	0	0	0	0	0	0	0	0	0	0	0	0	0	0	0	0	0	0	0	0	0	6.58873	0	0	0	0	0	0	0	0	0	0	0	0	0	0	3.10044	0	0	8.14505	3.72704	0	0	0	0	0	0	8.5713	0	0	0	0	0	0	0	0	0	0	0	5.4691	0	0	0	0	0	0	0	0	0	0	0	0	0	0	5.86551	0	0	0	0	0	0	0	0	0	0	0	0	0	0	
0	0	0	0	0	0	0	0	0	0	0	0	0	0	0	0	0	0	0	0	0	0	0	0	0	0	0	0	0	0	0	0	0	0	0	0	0	0	0	12.45364	0	0	0	0	15.5119	0	6.06665	0	0	0	0	0	0	0	0	0	0	0	0	0	0	0	0	0	0	0	0	0	0	2.55356	0	0	0	0	0	0	0	0	0	0	0	0	0	0	0	0	0	0	0	0	0	0	0	0	0	0	0	0	0	0	
0	0	0	0	0	0	0	0	0	0	0	0	0	0	0	0	0	0	0	0	0	0	0	0	0	0	0	0	0	0	0	0	0	0	0	9.37967	0	0	0	0	0	0	0	0	0	0	0	8.42904	0	0	0	0	0	6.70327	0	0	0	0	0	0	11.085	0	0	0	0	0	0	0	0	0	0	0	0	0	0	0	0	0	0	0	0	0	0	0	0	0	0	0	0	0	0	0	0	0	4.35637	0	0	0	0	0	
0	0	0	0	0	0	0	0	0	0	0	0	0	0	0	0	0	0	0	0	0	0	0	0	0	0	0	0	0	0	0	0	0	0	0	0	0	0	0	0	0	12.32549	0	0	0	0	0	0	0	0	0	0	3.35055	0	0	0	0	0	0	0	0	0	0	0	0	0	0	5.39681	0	0	0	7.01418	0	0	0	0	0	0	0	0	0	0	0	0	0	0	0	0	0	0	0	0	0	0	0	0	0	0	0	0	
0	0	0	0	0	0	0	0	0	0	0	0	0	0	0	0	0	0	0	0	0	0	0	0	0	0	0	0	0	0	0	0	0	0	0	0	0	0	0	0	7.6797	0	0	0	10.23567	0	0	5.66016	0	0	2.68077	11.52808	0	0	0	10.09925	0	0	6.35118	0	6.20008	0	0	0	0	0	0	0	1.66211	0	0	0	0	0	0	0	0	0	0	0	0	0	0	0	0	0	0	0	0	0	0	0	0	0	0	5.11079	0	0	0	0	
0	0	0	0	0	0	0	0	0	0	0	0	0	0	0	0	0	0	0	0	0	0	0	0	0	0	0	0	0	0	0	0	0	0	0	0	0	0	0	0	0	0	0	0	12.6163	0	0	0	0	2.68077	0	0	5.04136	0	0	0	0	7.9561	0	0	0	5.15529	0	0	0	0	0	0	0	0	0	0	0	0	0	0	0	0	0	0	0	0	0	0	0	0	0	0	0	0	0	0	0	0	0	0	0	0	0	0	
0	0	0	0	0	0	0	0	0	0	0	0	0	0	0	0	0	0	0	0	0	0	0	0	0	0	0	0	0	0	0	0	0	0	0	0	0	0	0	0	0	0	0	11.76794	0	0	11.60103	0	0	0	10.02626	0	0	0	0	0	0	0	0	10.6721	0	0	0	0	8.85375	0	0	8.45151	0	0	0	0	10.65186	0	0	0	6.47922	0	0	0	0	0	0	0	0	0	0	0	0	0	0	0	0	0	0	0	0	0	0	0	
0	0	0	0	0	0	0	0	0	0	0	0	0	0	0	0	0	0	0	0	0	0	0	0	0	0	0	0	0	0	0	0	0	0	0	0	0	0	0	0	0	0	0	0	3.1068	0.62405	0	10.42759	0	0	0	15.39036	6.69805	0	0	8.51265	0	0	0	0	0	0	0	0	0	0	0	12.05855	0	0	0	0	0	11.6895	0	0	0	0	0	0	0	0	0	0	0	0	0	0	0	0	0	0	0	0	0	0	0	0	0	0	
0	0	0	0	0	0	0	0	0	0	0	0	0	0	0	0	0	0	0	0	0	0	0	0	0	0	0	0	0	0	0	0	0	0	0	0	0	11.74036	0	0	0	0	0	0	0	0	0	0	12.49426	0	0	4.86435	0	0	0	0	8.21186	0	0	4.91766	0	5.24037	0	0	0	0	0	0	0	0	0	0	0	0	7.31087	3.49605	0	0	0	0	0	0	0	0	0	0	0	0	0	0	0	0	0	0	0	0	0	0	0	0	
0	0	0	0	0	0	0	0	0	0	0	0	0	0	0	0	0	0	0	0	0	0	0	0	0	0	0	0	0	0	0	0	0	0	0	0	0	0	0	0	0	0	13.97536	0	0	11.52676	0	12.80999	0	0	10.52513	0	12.0111	0	9.13361	0	0	0	0	0	0	0	0	9.87815	0	0	0	5.68177	0	0	9.10412	0	0	0	0	0	0	0	1.66211	0	0	0	0	0	0	0	0	0	0	0	0	0	0	0	0	0	0	0	0	0	
0	0	0	0	0	0	0	0	0	0	0	0	0	0	0	0	0	0	0	0	0	0	0	0	0	0	0	0	0	0	0	0	0	0	0	0	0	0	0	0	0	0	0	0	0	0	0	8.34028	8.67236	0	0	6.21066	0	0	0	0	0	0	0	0	0	0	0	0	0.62405	0	0	0	0	0	0	0	0	0	0	0	0	0	0	0	0	0	0	0	0	0	0	0	0	0	8.04156	0	0	0	0	0	0	0	0	0	
0	0	0	0	0	0	0	0	0	0	0	0	0	0	0	0	0	0	0	0	0	0	0	0	0	0	0	0	0	0	0	0	0	0	0	0	0	0	0	0	0	0	0	0	0	0	0	14.89282	0	0	0	0	8.16094	0	0	0	0	0	11.00432	11.14588	0	0	0	0	0	0	0	0	0	0	0	0	0	0	0	0	0	0	0	0	0	0	0	0	0	0	0	0	0	0	0	0	0	0	0	0	0	0	8.57949	0	
0	0	0	0	0	0	0	0	0	0	0	0	0	0	0	0	0	0	0	0	0	0	0	0	0	0	0	0	0	0	0	0	0	0	0	0	0	0	0	0	0	0	8.25339	0	0	0	0	0	0	9.58895	0	7.33266	0	6.52233	0	0	0	0	0	0	0	0	0	0	10.532	0	0	0	0	0	0	0	0	0	0	0	12.41485	0	0	0	0	0	0	0	0	0	0	0	0	0	0	0	0	0	0	0	0	0	0	0	
0	0	0	0	0	0	0	0	0	0	0	0	11.03453	0	0	0	0	0	0	0	0	0	0	0	0	0	0	0	0	0	9.85219	0	0	0	0	0	0	0	0	0	0	0	10.82722	0	0	0	0	13.60181	0	0	11.13377	0	0	4.15196	2.41403	0	10.17577	0	0	0	0	0	0	9.14607	9.7028	8.92777	0	0	0	0	0	0	0	0	0	0	0	0	0	0	0	0	0	0	0	0	0	0	0	0	0	0	0	0	0	0	0	0	0	0	
0	0	0	0	0	0	0	0	0	0	0	0	0	0	0	0	0	0	0	0	0	0	0	0	0	0	0	0	0	0	0	0	0	0	0	0	0	0	0	0	0	0	0	0	0	10.58478	9.61293	0	3.35055	12.80814	1.39155	8.23532	11.13692	0	9.06821	5.74674	0	0	0	0	12.65688	0	0	0	0	0	0	0	0	9.7394	0	0	0	0	0	0	4.14419	0	0	0	0	0	0	0	0	0	0	0	0	0	0	0	0	0	0	0	0	0	0	0	
0	0	0	0	0	0	0	0	0	0	0	0	0	0	0	7.15231	0	0	0	0	0	0	0	0	0	0	0	0	0	0	0	0	0	0	0	7.15231	12.13206	0	0	0	0	0	0	1.05825	0	12.94424	7.73483	8.13618	5.34012	7.9655	0	0	4.66414	0	11.2582	0	0	0	0	6.79966	0	7.9655	0	7.93711	0	11.20264	0	0	12.56864	0	12.41227	0	0	0	0	10.03897	0	0.62405	0	3.18872	0	0	0	0	0	0	0	0	0	0	6.95876	0	0	0	0	0	0	0	0	0	
0	0	0	0	0	0	0	0	0	0	0	0	0	0	0	0	0	0	0	0	0	0	0	0	0	0	10.89717	0	0	0	0	4.10735	0	0	6.28263	0	0	0	0	0	12.0859	0	0	0	0	0	0	0	10.33256	7.00205	3.18872	9.30757	9.00426	0	9.62682	0	9.08556	0	2.90789	0	1.39155	7.89509	0	0	0	8.14172	0	0	0	0	0	0	0	8.33061	0	0	0	0	0	0	0	0	0	0	0	0	0	0	0	0	0	0	0	0	0	0	9.40292	0	0	0	
0	0	0	0	0	0	0	0	0	0	0	0	0	0	0	0	0	0	0	11.40392	0	0	0	0	0	0	0	0	0	0	0	0	0	0	0	0	0	0	0	0	0	0	0	13.94596	0	0	11.87907	11.34661	11.00254	0	7.31316	9.82478	11.69115	0	0	0	13.96987	0	0	7.15236	6.41616	0	0	11.79126	0	6.07826	0	7.51872	0	0	0	0	0	0	0	0	0	0	0	0	0	0	0	0	0	0	0	0	0	0	7.69736	0	0	0	0	0	0	0	0	0	
0	0	0	0	0	0	0	0	0	0	0	0	7.32781	0	0	0	0	0	0	8.25595	0	0	0	0	0	0	0	0	0	0	0	0	0	7.03673	0	0	0	0	0	0	0	15.54046	12.63495	0	9.84626	0	0	4.82966	8.13618	0	3.49605	8.08576	6.42399	5.1974	10.2478	12.64376	4.90547	6.11776	7.81893	0	0	0	0	0	3.18872	0	0	0	0	0	0	0	0	0	0	0	0	0	10.82196	2.55356	0	0	0	0	0	0	0	0	0	0	0	0	0	0	0	0	0	0	0	0	
0	0	0	0	0	0	0	0	0	0	0	0	0	0	0	0	0	0	0	0	0	0	0	13.5653	0	0	0	0	0	0	0	0	0	0	0	0	0	0	10.32542	0	0	0	7.04098	8.97042	1.88986	0	8.62308	5.8149	0	8.44841	9.62978	7.18246	0	0	0	0	0	6.37491	14.81842	10.96514	11.56952	0	0	0	7.69486	0	0.62405	0	0	0	0	0	0	0	0	0	0	0	0	0	0	0	0	0	0	0	0	0	0	0	0	0	0	0	0	0	0	0	0	0	
0	0	6.8614	0	0	0	0	0	0	0	0	0	0	0	0	0	0	0	0	0	0	0	0	0	0	0	0	0	0	0	0	0	0	0	0	0	0	0	0	0	10.40616	0	0	0	0	8.9453	0	7.07309	9.29395	11.77887	0	8.63749	9.33442	9.31739	0	8.46262	0	0	3.62821	0	10.40643	0	8.65309	10.46287	0	0	0	0	0	0	0	7.28747	0	0	0	0	6.17868	0	0	0	0	0	0	0	0	0	0	0	0	0	0	0	0	0	0	0	0	0	0	0	
0	0	0	0	0	0	0	0	0	0	0	10.19161	0	0	0	0	0	0	0	0	0	0	0	0	0	0	0	0	0	0	0	0	7.07335	0	0	0	0	9.03726	11.66631	3.2719	8.42677	8.3618	0	0	11.95503	7.2342	11.20229	6.6147	10.98876	0	11.11277	0	3.24831	6.51806	0	10.20923	5.64227	5.54567	0	0	0	0	0	0	0	0	0	7.74303	0	0	0	0	6.35118	0	0	3.42514	0	0	11.63235	0	0	0	0	0	0	0	0	0	0	0	0	0	0	0	0	8.35199	0	0	0	0	
0	0	0	0	0	0	0	0	0	0	0	0	0	0	0	0	0	0	0	0	0	0	0	0	0	0	0	0	0	0	0	0	0	0	7.55654	8.85925	0	0	0	7.97174	0	13.0515	0	10.92226	13.73331	9.69457	6.91368	8.17661	8.16111	10.96476	11.53739	10.68828	1.66211	9.3954	0	0	7.73346	0	0	8.09661	6.30255	0	1.88986	0	0	0	0	0	0	0	0	0	0	0	0	0	0	0	4.53537	0	0	0	0	0	0	0	0	9.20282	0	0	0	0	0	0	0	0	0	0	0	0	
0	0	0	0	0	0	0	0	9.58677	0	9.29146	0	0	0	0	0	0	0	0	0	0	0	0	0	0	0	10.68021	0	0	0	0	0	0	0	0	0	0	14.00857	11.2132	0	8.94816	8.83848	0	8.01464	14.47329	11.68568	7.41761	7.8664	8.46297	8.02047	0	7.92386	0.62405	0	0	0	9.0463	2.68077	0	0	0	0	2.90581	0	0	0	10.43883	0	0	0	0	0	0	0	0	0	0	0	0	0	0	0	0	0	0	0	0	0	0	0	0	0	0	0.62405	0	0	0	0	0	0	
0	0	0	0	0	0	0	0	0	0	0	12.04309	0	0	12.50236	0	0	0	0	0	0	0	0	0	0	0	0	0	0	0	0	10.57512	0	0	8.5233	0	10.75486	0	0	10.6407	0	0	8.96614	10.02555	11.24116	7.92244	10.74894	8.38181	3.58975	8.24745	7.1786	9.91835	10.22118	8.38805	0	7.32781	10.17417	0	0	17.23916	9.58575	4.829	0	12.51122	0	0	0	0	0	0	0	0	0	3.35055	0	6.33749	0	0	0	0	0	0	0	4.46642	0	0	0	0	0	0	0	0	0	0	0	0	0	0	0	0	
0	0	0	0	0	0	0	0	0	0	0	0	10.39259	0	0	0	0	0	0	0	0	0	0	0	0	0	0	0	0	9.59386	0	0	8.54227	0	3.18872	0	12.01356	0	12.3883	10.63723	11.03176	11.08644	10.25751	7.30499	9.07361	4.71661	9.90342	9.98603	6.41662	8.54661	8.84926	11.18598	9.8041	9.25834	6.22557	6.06016	11.17308	0	0	9.21863	8.43356	0	0	0	0	0	0	0	0	0	0	0	0	9.57369	0	0	0	0	0	0	10.62492	0	0	0	0	0	0	0	0	0	0	0	0	0	0	0	0	0	0	0	
0	0	0	0	0	0	0	13.88571	0	0	0	9.15431	0	0	0	0	0	0	0	0	0	0	0	0	0	0	0	8.6838	0	0	4.53537	0	11.19832	0	0	0	10.92152	7.47989	10.19232	9.08334	9.57675	5.58225	0	10.07044	10.91533	9.24005	8.88313	8.3916	10.70186	10.28002	4.41337	9.96103	9.90035	9.62187	6.00466	6.59819	11.72106	5.14828	5.29931	8.97042	6.14296	12.03864	6.50524	0	9.24074	0	0	0	0	0	0	0	0	8.02066	0	0	0	0	0	0	0	0	0	0	0	0	0	0	0	0	0	0	0	0	0	0	0	0	0	0	
12.68774	0	0	0	0	0	0	0	5.7941	0	0	0	11.15344	0	0	0	0	0	0	0	0	0	0	0	11.07454	0	0	7.57304	0	0	0	0	14.67016	0	11.07832	8.67618	0	8.13895	10.04934	6.5526	7.92752	8.56999	6.52079	10.1688	11.49698	10.29695	7.64378	9.62837	5.23346	7.84428	10.66018	6.58319	11.94809	4.4845	10.94655	8.54273	8.5937	5.08128	0	9.62311	1.05825	1.66211	0	7.08674	0	6.97747	0	0	0	0	1.05825	0	0	0	0	0	0	0	0	0	0	0	4.75344	0	0	9.497	0	0	0	0	0	0	0	0	0	0	0	0	0	0	
0	0	0	11.35378	0	0	0	0	0	0	0	0	0	0	0	0	0	0	9.00274	0	0	10.72426	0	5.01745	10.94171	4.75368	0	0	10.4832	7.28339	11.4835	0	14.09548	0	0	0	0	9.89385	10.39535	9.6853	8.46259	6.52515	8.73524	9.13389	10.28109	9.67977	7.87315	8.22528	10.16246	7.12052	9.78222	8.24524	10.78822	7.01543	6.88984	9.58225	0	3.79872	6.20717	8.4417	1.39155	3.86096	10.26642	0	0	0	0	0	0	7.89181	0	0	6.0072	0	2.53749	7.53986	11.20429	4.63301	0	1.39155	0	0	0	0	0	0	0	0	0	0	0	0	0	0	0	0	0	0	0	0	
8.87387	0	0	0	11.31814	6.89878	0	0	0	0	0	0	0	0	0	0	0	9.83861	0	0	0	0	0	0	9.69435	0	8.58187	8.98198	0	9.26251	9.82867	0	0	0	10.92474	10.71454	7.29535	11.41867	10.95416	9.6436	7.03233	9.01277	9.65837	9.0448	9.12502	8.83993	9.42993	8.06112	8.97928	9.67991	5.12608	9.23274	11.247	7.29895	9.92839	8.71616	9.03572	4.62202	5.20774	8.09367	13.17803	0	6.0071	10.31135	11.52993	10.98261	9.40516	0	0	0	0	0	0	0	9.26124	0	0	0	0	0	0	0	0	0	0	0	0	0	0	0	0	0	0	0	0	2.68077	0	0	0	0	
0	0	0	0	0	0	0	0	4.63301	0	8.53387	0	0	0	0	0	10.52566	14.49479	9.59386	7.44894	9.77141	5.74843	0	0	0	13.22291	0	9.81714	4.97073	10.67497	0	10.52566	10.65283	7.42339	9.28032	11.64471	6.68891	7.91889	9.45922	8.66027	9.3584	7.52038	5.27136	7.8229	9.47455	7.80509	7.85138	9.33684	8.25601	7.56578	6.83803	10.97735	7.84737	10.25111	6.19903	6.07764	4.70627	8.86719	0	11.0052	5.46595	7.83481	7.6383	0	7.83807	10.65719	4.69461	0	0	0	0	6.58873	0	0	9.55078	0	0	0	10.35612	0	0	0	0	0	0	5.7267	0	0	0	0	0	0	0	0	0	5.58749	0	0	0	0	
0	10.25688	0	0	3.91372	8.44032	0	0	0	0	0	0	0	0	4.10735	9.39018	0	10.32176	10.79978	0	6.98366	0	7.69486	0	0	0	0	0	9.89793	9.51601	7.12126	0	9.06966	5.07937	9.49561	7.9738	9.445	9.58348	8.46733	9.56713	8.95631	8.40396	8.38485	7.56482	9.09815	7.50228	8.88126	9.34868	8.19641	7.98114	7.29236	8.64825	7.77525	6.10614	8.59594	8.16607	5.17704	8.28649	8.70296	6.99582	0	8.69703	0	11.89924	10.5913	2.25954	6.67524	11.883	0	0	0	0	0	0	0	1.05825	0	0	0	0	9.39695	0	0	0	0	0	0	0	0	0	0	0	0	0	0	0	0	0	0	0	
0	11.53099	9.76065	0	9.85649	0	0	0	0	0	10.26515	0	0	0	9.37497	9.6347	0	7.95295	0	0	7.42642	10.18358	8.67136	8.46985	11.5922	10.59595	0	5.03277	8.28628	8.30774	9.24589	10.64651	10.63724	10.83278	10.82847	9.05128	8.80762	8.93312	8.18247	8.1167	7.59995	7.76891	8.37901	7.15155	6.92507	7.82372	8.77847	7.45238	9.33909	8.53247	8.04518	8.98468	8.47837	7.80779	7.4589	7.87284	8.15345	9.68629	7.33958	8.32818	0	7.6454	9.10592	10.04347	1.78183	0.62405	0.62405	0	0	15.73095	0	8.90304	0	0	9.52875	0	5.94519	0	0.62405	0	0	0	0	5.37833	0	1.55022	0	0	0	0	0	0	0	0	0	0	0	0	0	0	
0	0	0	0	0	0	0	0	8.80919	0	9.95725	12.67693	0	0	0	0	0	0	11.37892	0	11.31201	0	0	0	0	13.63558	9.81373	0	3.91372	9.60493	7.12334	7.0849	8.30861	9.44405	11.20321	9.24973	8.7259	9.56377	8.66486	9.26045	5.42659	8.0154	9.46188	8.49069	7.84758	8.40611	7.15882	7.86593	8.00085	8.75822	8.95494	8.25739	7.9425	7.30884	7.03461	9.4823	8.44347	8.57322	10.74716	9.52701	9.18079	5.0265	9.25614	9.07615	0	9.73103	0	9.37739	0	0	0	0	0	0	0	0	0	0	0	0	0	8.45151	0	0	0	0	0	7.52216	7.35668	4.91766	0	0	0	0	0	0	0	0	0	0	
0	0	0	0	0	0	0	0	11.25405	8.51905	7.72676	3.35055	0	10.81157	0	0	0	6.68293	6.9206	7.19052	0	0	5.71188	9.54531	8.54645	7.32294	7.44894	8.86304	4.47974	9.36417	0	6.90972	6.03121	5.5802	4.13849	8.00762	8.37257	7.18624	10.58187	5.62945	9.27514	8.77364	8.74062	8.22678	6.88326	8.05244	8.12198	7.95522	6.83422	8.57645	8.11816	6.96061	6.99007	6.02791	8.18105	8.56019	9.0468	11.23204	9.54243	7.51531	5.71682	7.65313	8.74511	6.40745	3.37124	11.70169	10.18894	0	0	0	0	0	0	6.25222	9.65033	0	0	0	11.16675	0	0	0	0	0	0	0	0	0	5.86708	0	1.39155	0	0	0	0	0	0	0	0	0	
0	0	9.53087	6.54515	0	4.60119	0	3.18872	10.7535	0	0	0	0	0	0	0	0	8.23279	0	0	0	0	0	9.7288	0	10.38502	0	10.15704	8.9165	8.18081	0	9.03258	0	11.0438	6.49953	8.40293	8.28049	6.68856	5.42802	11.31367	7.14091	9.01075	9.92003	7.97622	6.16204	6.69473	6.82907	8.23161	7.74309	7.52878	8.39477	8.11866	8.31429	8.02309	7.87245	5.97795	8.00158	9.69712	8.11592	7.02503	9.20496	8.03664	2.03067	10.04412	5.75458	0	0	6.89725	2.25954	2.90581	4.42811	0	10.94508	0	4.15131	0	8.50799	0	0	0	0	0	3.71999	0	0	0	0	0	0	0	0	0	0	0	0	0	0	0	0	0	
0	0	0	0	0	0	0	0	0	0	10.18425	7.79317	7.60606	0	9.81193	0	0	7.15779	0	3.86096	0	0	0	0	0	0	6.98366	7.6797	6.71929	0	7.66054	6.68569	6.58431	9.00234	6.62647	7.35754	9.15811	7.87422	6.9044	7.87547	9.04085	5.49621	7.73671	7.83277	7.32477	8.37773	6.05198	5.9842	7.20979	5.89455	7.13678	9.43644	8.43289	6.68598	5.93725	6.70895	6.917	8.49494	9.31264	7.52022	6.15608	6.3327	6.24723	6.50169	0	6.31849	9.91582	4.35829	0	0	9.38552	0	7.08097	7.75377	0	12.88395	0	0	0	0	0	0	0	0	0	0	0	0	6.78995	0	0	0	0	0	0	0	0	0	0	0	
0	0	0	0	0	1.66211	0	0	0	10.71547	0	0	5.74137	0	0	0	0	0	0	0	0	0	0	9.73202	0	0	11.92817	0	0	4.35712	7.06287	0	0	6.11898	5.74137	8.00555	6.78558	1.05825	0	8.91165	3.54818	10.15989	3.65761	7.11686	9.1195	8.85692	8.60908	7.19622	10.17619	4.82041	5.81214	9.86094	6.4854	7.30478	7.39682	8.00576	7.19555	7.46559	5.43582	6.35687	8.27811	6.77866	3.71307	9.86913	7.04979	7.78872	8.68759	10.50486	5.97397	0	0	7.3709	0	9.25487	0	5.15529	10.40185	0	0	0	0	0	0	0	12.02747	0	0	4.53537	0	0	0	6.82054	0	0	0	0	9.54557	0	0	0	
0	0	0	0	0	0	0	0	0	0	0	10.45009	0	0	0	0	0	5.20825	12.53299	0	0	0	0	1.39155	0	0	0	9.24846	0	0	0	0	6.67301	7.35227	6.68846	0	4.28153	8.40339	3.66875	5.79098	7.31174	7.9464	7.863	4.36709	0	8.37755	6.57644	6.4417	6.68183	7.57237	7.20901	11.05575	8.38691	5.40454	7.04576	7.56308	6.59215	8.2268	7.11175	8.76009	7.89365	5.47746	0	7.38224	8.07721	0	11.03954	6.92703	10.41907	8.08299	0	0	0	2.41403	0	10.71314	0	9.46611	0	0	0	13.05447	0	0	0	0	0	0	0	0	0	0	0	0	0	0	0	0	0	0	
0	0	0	0	7.13196	0	0	0	0	0	9.30016	0	1.05825	0	0	11.41397	0	0	5.15529	0	7.18891	10.9799	0	0	0	8.63945	9.13639	0	0	12.14492	0	9.70566	12.23234	0	0	7.32781	10.44618	11.02594	11.78086	9.07982	6.80901	8.38534	7.19866	7.9561	10.19318	7.22782	13.54794	6.55777	8.94463	7.71529	8.91718	7.66028	7.99599	9.33812	7.07028	7.24437	8.4752	8.59419	4.63773	8.04789	6.07832	9.20153	4.84326	3.62359	8.70941	0	9.3847	10.8632	0	0	8.41333	8.94371	6.75575	9.4123	9.39119	0	6.6163	0	0	0	3.56365	0	0	14.63708	0	4.81044	0	0	0	3.42514	0	0	0	0	0	0	0	0	0	0	
0	0	0	0	0	0	0	0	0	0	0	6.04317	3.68781	0	0	10.70428	0	0	0	4.01378	1.88986	0	0.62405	0	0	0	0	0	0	5.82068	2.25954	6.4705	0	0	0	9.80846	0	0	0	6.37959	5.78687	4.79158	5.7157	5.70897	9.17596	3.21645	5.53035	7.80755	8.79611	4.75592	0	0	7.92051	9.78659	11.13724	5.97976	7.79386	7.73273	7.0802	6.09502	6.58568	8.66192	9.81547	8.27934	5.82526	7.13781	10.49947	9.45048	1.05825	8.42524	0	7.09045	7.69439	8.98127	10.42929	0	1.39155	0	7.45785	0	0	0	0	0	0	0	0	0	0	0	0	0	0	0	0	0	0	0	0	0	
0	0	0	8.78815	0	0	0	0	0	0	0	0	0	0	0	0	0	0	0	0	0	0	7.60547	0	0	0	10.19047	9.82112	9.14331	6.44378	0	0	0	0	0	11.25194	0	1.66211	0	3.55386	8.04019	0	0	0	4.6731	11.29502	8.24853	6.55591	5.66492	5.6121	5.59115	6.05888	8.61745	9.04655	7.98831	7.89818	7.18991	7.09336	7.48574	6.54508	8.62138	7.93915	8.63844	9.22874	8.76007	8.50718	6.10977	8.6316	9.86444	8.14121	5.30801	9.35036	4.43346	5.35448	6.42016	0	13.12737	0	7.02819	14.57103	0	6.47044	9.23168	0	0	0	0	0	0	0	0	0	0	0	0	0	0	13.9869	0	13.6398	
0	0	5.89333	0	0	0	0	0	0	0	0	0	0	0	0	0	0	0	0	0	8.80919	0	0	0	0	7.92109	0	8.15476	0	9.07111	0	10.82841	7.06171	0	9.74254	0	0	6.01363	6.85506	0	6.9206	0	0	9.19618	11.66229	10.11624	2.26769	3.79746	2.68077	7.99425	7.64111	10.37212	7.23052	7.22938	7.4862	8.09189	9.5776	5.81909	8.15651	7.17183	4.80388	5.14088	6.03004	3.36739	5.62866	6.74771	5.84818	0	9.10556	4.97414	5.24609	5.76935	7.59645	7.39831	0	0	5.37102	0	4.63535	6.03128	0	5.83734	0	0	0	0	0	0	5.71604	0	0	0	0	0	0	0	6.03128	0	0	0	
0	0	0	0	0.62405	0	0	0	0	0	0	0	8.5233	0	0	0	0	0	0	0	7.09636	4.50131	0	0	0	0	0	6.18288	0	0	0	0	9.58778	0	0	0	7.38498	0	2.79768	7.56068	0	0	6.37959	3.62821	6.23159	0	6.17582	7.67207	10.52513	6.74934	6.27256	4.05438	9.61989	5.32341	7.89821	9.13733	0	5.9116	7.40379	1.50321	7.29876	6.9105	7.66564	7.14162	5.72488	7.56797	8.02682	5.77363	8.73966	6.45172	7.35506	0	0	9.02676	0	8.54614	4.83194	6.23382	0	0	0	0	0	0	10.37035	0	0	0	0	0	0	0	0	0	0	0	8.3689	0	0	0	
0	0	0	0	0	0	0	0	0	0	0	0	1.05825	0	0	0	8.14999	1.88986	0	0	0	0	0	0	7.07432	0	0	0	0	0	0	0	0	0	7.78612	8.52965	0	7.12461	0	0	0	0	7.97174	13.51343	0	9.04504	9.79005	6.8614	0	5.20468	0	10.85352	8.81441	6.39596	0	7.82795	0	8.35686	0	5.02942	8.56553	8.52542	5.89664	8.34749	5.19463	7.38795	7.19963	7.21387	8.28127	6.48338	8.7742	3.83746	8.866	9.34887	7.99137	5.80153	10.27116	4.46642	0	0	7.23756	11.61179	9.92925	0	2.91319	0	7.55654	7.58529	7.15779	0	5.10627	0	0	10.54251	0	0	0	0	0	0	
0	0	0	0	0	0	0	0	0	0	0	0	0	0	0	0	0	0	0	0	8.12177	0	0	0	0	0	0	0	0	5.75589	0	0	0	0	6.21066	0	0	0	0	0	7.79317	0	10.12605	7.82106	5.77093	0	0	1.05825	8.88051	5.97624	10.05149	0	0	1.59436	3.65727	6.61427	0	0	8.30204	9.08094	12.0704	5.62717	2.91273	5.67718	7.04071	7.93758	7.18777	6.58279	6.53898	5.42095	8.52556	7.89416	4.29829	4.66591	6.35004	0	0	0	6.52969	0	0	0	1.05825	0	0	0	10.00249	0	0	0	0	0	0	0	0	0	0	0	0	0	
0	0	0	0	8.5856	0	0	0	0	0	0	7.36144	0	6.71301	0	0	0	0	0	0	0	0	0	0	0	0	0	0	0	0	0	0	0	0	0	0	0	0	0	7.85338	0	0	5.7267	0	4.68009	0	2.62019	0	0	0	3.18872	0	0	0	8.37597	0	0	0	0	8.48676	8.16228	0.68356	5.74769	7.02187	8.05644	0	3.47161	4.62993	9.35609	6.86457	6.43129	8.90145	8.68508	5.59056	0	0	7.2598	4.94326	5.91899	9.13639	3.18872	6.42573	2.90581	0	6.67531	0	5.77027	10.92331	0	4.43943	0	0	0	0	4.56866	0	0	0	0	0	
0	0	0	0	0	0	0	0	0	0	0	0	0	0	0	0	0	7.49166	0	0	0	9.78652	8.06798	0	0	0	9.07546	0	0	0	0	0	0	8.49401	5.93131	0	0	0	0	0	0	0	0	0	0	0	0	0	3.10044	0	13.11369	0	0	0	0	8.82638	10.54341	7.88	7.00205	4.15196	0	6.1374	5.08789	0	7.37892	7.81191	5.83445	7.64187	4.56225	8.05331	6.58949	6.34279	6.42933	8.93797	9.60868	5.69408	7.4331	0	9.99446	4.01707	0	0	7.32073	0	6.5308	8.96034	5.6969	7.85518	0	9.2675	0	0	0	0	0	0	8.42488	0	0	0	
0	0	0	0	0	0	0	0	6.9454	0	0	1.88986	0	0	0	0	0	0	0	0	0	0	0	0	0	0	0	11.6921	0	0	0	0	0	0	0	0	0	0	0	10.07575	0	0	0	0	0	3.10044	0	6.17868	2.41403	0	0	11.61055	0	0	0	0	0	0	7.80703	0	7.18756	0	8.20103	8.18656	6.40534	4.99219	5.51038	0	0	7.20748	8.66924	2.68077	8.10585	7.0298	5.65611	9.53638	3.39406	0	0	5.90031	7.90764	9.34217	9.91662	9.11706	6.13715	0	0	0	0	0	6.03128	0	10.07302	0	0	0	0	0	0	0	
0	0	0	0	0	0	0	0	0	0	0	0	0	5.34012	0	0	0	0	0	7.90164	0	0	0	0	0	3.05121	0	0	0	0	0	0	0	0	6.23159	0	0	5.30599	0	0	9.64839	0	0	10.33391	2.25954	0	0	0	0	0	6.07826	5.45137	0	0	10.1351	0	0	0	0	6.77722	5.06095	0	6.12058	9.71121	6.42573	5.26818	9.6151	6.14597	0	5.04833	7.37144	0	4.65274	7.05023	8.64532	7.49899	3.63667	5.72921	7.53654	3.73468	0	7.84682	6.36071	5.51975	3.55386	0	0	1.05825	5.27535	0	9.79709	0	0	5.93247	0	0	0	0	5.09592	0	
0	0	0	0	0	0	0	9.51067	0	0	0	0	0	0	0	0	0	0	0	0	0	0	10.27967	0	0	0	0	0	8.71757	0	0	0	0	0	9.48224	0	0	0.62405	0	0	0	5.84279	0	0	0	0	8.67854	0	0	0	0	0	7.86191	0	0	0	4.82978	7.09636	0	4.20423	7.35772	0	0	6.41163	0	0.62405	0	7.59356	7.06913	11.63186	9.68761	5.05668	8.39928	5.23257	6.27256	7.30178	11.35277	15.15094	6.24453	5.1399	8.4988	6.28739	7.18879	0	6.49267	0	4.75368	5.41813	0	0	8.67809	8.44615	0	0	0	0	8.89698	0	0	0	
0	0	0	0	0	0	0	0	0	0	0	0	0	0	0	0	0	0	0	0	0	0	0	0	0	0	0	0	0	0	0	0	0	0	0	0	0	5.20976	0	0	0	0	0	0	0	0	0	0	0	1.88986	0	5.73189	0	4.01134	0	0	4.50131	6.26979	7.11337	0	3.74928	0	8.30121	12.67824	4.19522	6.61373	0	0	7.16746	8.31277	0	4.06133	6.87317	10.37962	6.97273	7.07958	0	5.21725	5.36919	8.57424	4.6797	9.31494	6.55591	1.05825	0	0	2.93354	0	0	0	0	0	7.2252	7.78384	9.11402	0	0	0	0	0	
0	0	0	0	0	0	0	8.65697	0	0	0	0	0	0	0	0	0	0	0	0	0	0	0	0	0	0	0	0	0	0	0	0	0	0	0	0	0	4.48023	0	6.58059	0	0	0	0	0	0	0	0	0	0	4.3155	0	0	11.5509	5.67857	0	0	6.6696	9.22256	10.3821	0	1.39155	0	7.57377	9.86905	9.49453	0	0	7.57043	5.76667	8.54828	3.99513	4.15443	7.92943	1.66211	7.57368	6.545	0	8.38545	7.83586	8.17896	9.92146	5.13183	3.98275	4.85389	0	0	1.33793	0	0	5.93247	0	0	0	0	2.24956	0	0	0	0	
0	0	0	0	0	0	0	0	0	0	0	0	0	0	0	0	0	0	0	0	0	0	0	0	0	9.15157	0	0	0	0	0	0	0	0	0	0	0	5.43341	0	0	0	0	0	0	11.15173	0	0	0	4.27804	0	0	0	0	0	0	2.08651	0	0	0	0	0	0	8.21265	0	0	4.52397	6.97942	9.09966	0	6.23257	5.63588	0	7.82053	0	8.77752	6.83802	1.05825	6.3878	4.89121	6.46678	5.0674	0	6.75666	0	9.04178	7.17017	0	0	0	0	10.01045	0	0	0	0	0	0	5.2811	0	0	
0	0	0	0	0	0	0	0	0	0	0	0	11.65553	0	0	0	0	0	0	0	0	0	0	0	0	0	0	0	0	0	0	0	0	0	0	0	0	0	0	0	0	0	0	0	0	0	0	8.61178	0	0	1.39155	0	10.26325	0	0	0	0	0	0	3.67208	0	0	0	7.61476	4.86504	10.66009	8.46625	0	10.02251	0	0	8.66468	0	0	0	1.66014	6.46113	8.64914	6.73337	5.12017	0	5.00907	6.40597	5.74567	4.05232	4.07427	5.96145	3.8062	7.71358	0	0	0	0	5.99501	0	0	0	0	0	0	
0	0	0	0	0	0	0	0	0	0	0	0	0	0	0	0	0	0	0	0	0	0	0	0	0	0	0	0	0	0	0	0	10.98415	0	0	0	0	0	0	0	5.77027	0	0	0	0	0	0	0	0	0	0	0	0	0	0	0	7.67073	0	0	0	9.11187	0	0	3.10723	0	7.30824	0	0	6.93513	0	0	0	8.96574	0	0	3.8062	0	0	4.49709	10.08595	7.84401	6.04317	10.06832	0	5.26088	0	0	0	13.41006	1.66211	5.85165	5.76794	4.82476	0	0	0	0	0	0	0	
0	0	0	0	0	0	0	2.09761	0	0	0	0	0	0	0	0	0	0	0	0	0	0	0	0	0	0	0	6.99594	0	0	0	0	0	0	0	0	0	0	0	0	0	0	0	0	0	0	0	0	0	0	0	0	0	0	0	0	0	0	0	0	0	0	0	0	0	0	0	0	0	0	2.97238	3.87639	5.50886	4.01378	0	9.69529	9.87233	0	9.38947	4.27804	0	8.24776	0	6.96503	2.68077	8.72152	0	7.38965	0	4.06133	0	0.62405	0	0	0	9.13361	0	0	0	0	
0	0	0	0	0	0	0	0	0	0	0	0	0	0	0	0	0	0	0	0	10.29591	0	0	0	0	0	0	0	0	0	6.41662	0	0	0	0	0	0	0	0	0	0	0	0	0	0	0	0	0	0	0	0	0	0	0	0	0	0	0	0	13.16032	0	0	0	0	6.79264	8.22497	7.1741	6.56404	0	0	0	0	0	0	0	6.27256	6.37621	0	0	0	7.09618	0	0	0	5.13697	3.91372	7.88604	7.0594	9.21863	0	7.90815	6.82743	6.99594	6.87477	0	7.38498	0	0	0	0	
0	0	0	0	0	0	0	0	0	0	0	0	0	0	0	0	0	0	0	0	0	0	0	0	0	0	0	0	0	0	0	0	0	0	0	0	0	0	0	0	0	0	0	0	0	0	0	0	4.15196	0	0	0	0	0	0	0	0	0	0	0	0	0	0	0	0	0	0	0	0	6.17868	10.74897	9.05799	8.41163	0	9.60091	6.88141	0	9.02239	4.31774	0	0	7.81414	7.16869	0	4.91803	0	5.50393	0	0	2.33207	0	3.22897	7.86624	0	1.39155	0	0	0	0	0	
0	0	0	0	0	0	0	0	0	0	0	0	0	0	0	7.32294	0	0	0	0	0	0	0	0	0	0	0	0	0	0	0	0	0	0	8.68948	0	0	0	0	0	0	0	0	0	0	0	0	0	0	0	0	0	0	0	0	0	0	0	0	0	0	0	0	0	0	0	0	5.32071	0	0	0	0	0	6.14597	0	0	0	0.31203	0	0	0	3.69001	0	0	2.21533	0	8.01968	5.51318	7.58122	10.31396	7.66054	0	9.31984	0	0	0	0	0	0	0	
0	0	0	0	0	0	0	0	0	0	0	0	0	0	0	0	0	0	0	0	0	0	0	0	0	0	0	0	0	0	0	0	0	0	0	0	0	0	0	0	0	0	0	0	0	0	0	0	9.3679	9.9069	0	0	0	0	0	0	0	0	0	11.08284	0	0	0	0	0	6.31	0	0	0	0	0	6.40745	0	0	0	0	0	11.16369	0	4.80576	12.65821	0	0	9.52346	0	0	0	0	0	0	0	0	0	0	0	0	0	0	0	0	
0	0	0	0	0	0	0	0	0	0	0	0	0	0	0	0	0	0	0	0	0	0	0	0	0	0	0	0	0	0	0	0	0	0	0	0	0	0	0	0	0	0	0	0	0	0.62405	0	0	0	0	0	0	0	0	0	2.88167	0	0	11.56153	0	0	0	0	0	10.25112	0	0	0	0	0	0	2.25954	0	1.66211	0	0	6.80666	0	0	0	3.11765	6.56554	5.99019	7.99337	0	0	0	7.47989	8.61771	0	5.2811	11.22466	9.98679	0	0	0	0	0	0	0	
0	0	0	0	0	0	0	0	0	0	0	0	0	0	0	0	0	0	0	0	0	0	0	0	0	0	0	0	0	0	0	0	0	0	0	0	0	0	0	0	0	0	0	0	0	0	0	0	0	0	0	0	0	0	0	0	0	0	0	0	0	0	0	0	0	0	0	0	0	0	0	0	0	0	0	0	0	0	0	0	0	0	0	0	0	0	1.05825	0	0	0	0	10.1996	0	0	0	0	0	0	0	0	
0	0	0	0	0	0	0	0	0	0	0	0	0	0	0	0	0	0	0	0	0	0	0	0	0	0	0	0	0	0	0	0	0	0	0	0	0	0	0	0	0	0	0	0	0	0	0	0	0	0	0	0	0	0	0	0	0	0	0	0	0	0	0	0	0	0	0	0	0	0	7.47305	0	0	0	0	0	8.46041	0	0	10.42697	0	0	0	9.91501	0	0	0	0	0	0	8.05576	7.24273	0	0	0	0	0	0	0	0	
0	0	0	0	0	0	0	0	0	0	0	0	0	0	0	0	0	0	0	0	0	0	0	0	0	0	0	0	0	0	0	0	0	0	0	0	0	0	0	0	0	0	0	0	0	0	0	0	0	0	0	0	0	0	0	0	0	0	0	0	0	0	0	0	0	0	0	0	0	0	8.45151	0	0	0	0	0	0	0	0	0	0	0	0	0	0	0	6.31241	0	0	0	0	0	0	0	0	0	0	0	0	0	
0	0	0	0	0	0	0	0	0	0	0	0	0	0	0	0	0	0	0	0	0	0	0	0	0	0	0	0	0	0	0	0	0	0	0	0	0	0	0	0	0	0	0	0	0	0	0	0	0	0	0	0	0	0	0	0	0	0	0	0	0	0	0	0	0	0	0	0	0	8.87387	0	0	0	0	0	0	0	0	7.29835	0	0	0	0	0	0	0	0	0	10.60049	3.10044	0	0	0	0	0	0	0	0	0	0	
0	0	0	0	0	0	0	0	0	0	0	0	0	0	0	0	0	0	0	0	0	0	0	0	0	0	0	0	0	0	0	0	0	0	0	0	0	0	0	0	0	0	0	0	0	0	0	0	0	0	0	0	0	0	0	0	0	0	0	0	0	0	0	0	0	0	0	0	4.94326	0	0	0	0	0	0	0	0	0	0	0	0	0	0	0	0	0	3.49605	0	0	0	0	0	0	0	0	0	0	0	0	0	
0	0	0	0	0	0	0	0	0	0	0	0	0	0	0	0	0	0	0	0	0	0	0	0	0	0	0	0	0	0	0	0	0	0	0	0	0	0	0	0	0	0	0	0	0	0	0	0	0	0	0	0	0	0	0	0	0	0	8.24054	0	0	0	0	0	0	0	0	0	0	0	0	0	0	0	0	6.96503	0	0	0	0	0	0	0	0	0	0	0	0	0	0	0	0	0	0	0	0	0	0	0	0	
0	0	0	0	0	0	0	0	0	0	0	0	0	0	0	0	0	0	0	0	0	0	0	0	0	0	0	0	0	0	0	0	7.31806	0	0	0	0	0	0	0	0	0	0	0	0	0	0	0	0	0	0	0	0	0	0	0	0	0	0	0	0	0	0	0	0	0	0	0	0	0	0	0	0	0	0	7.30824	0	0	0	0	0	0	0	0	0	0	0	0	0	0	0	0	0	0	0	0	0	0	0	0	
0	0	0	0	0	0	0	0	0	0	0	0	0	0	0	0	0	0	0	0	0	0	0	0	0	0	0	0	0	0	0	0	0	0	0	0	0	0	0	0	0	0	0	0	0	0	0	0	0	0	0	0	0	0	0	0	0	0	0	0	0	0	0	0	0	0	0	0	0	0	0	0	0	0	0	0	0	0	0	0	0	0	0	0	0	0	0	0	0	0	0	0	0	0	0	0	0	0	0	0	
0	0	0	0	0	0	0	0	0	0	0	0	0	0	0	0	0	0	0	0	0	0	0	0	0	0	0	0	0	0	0	0	0	0	0	0	0	0	0	0	0	0	0	0	0	0	0	0	0	0	0	0	0	0	0	0	0	0	0	0	0	0	0	0	0	0	0	0	0	0	0	0	0	0	0	0	0	0	0	0	0	0	0	0	0	0	0	0	0	0	0	0	0	0	0	0	0	0	0	0	
0	0	0	0	0	0	0	0	0	0	0	0	0	0	0	0	0	0	0	0	0	0	0	0	0	0	0	0	0	0	0	0	0	0	0	0	0	0	0	0	0	0	0	0	0	0	0	0	0	0	0	0	0	0	0	0	0	0	0	0	0	0	0	0	0	0	0	0	0	0	0	0	0	0	0	0	0	0	0	0	0	0	0	0	0	0	0	0	0	0	0	0	0	0	0	0	0	0	0	0	
0	0	0	0	0	0	0	0	0	0	0	0	0	0	0	0	0	0	0	0	0	0	0	0	0	0	0	0	0	0	0	0	0	0	0	0	0	0	0	0	0	0	0	0	0	0	0	0	0	0	0	0	0	0	0	0	0	0	0	0	0	0	0	0	0	0	0	0	0	0	0	0	0	0	0	0	0	0	0	0	0	0	0	0	0	0	0	0	0	0	0	0	0	0	0	0	0	0	0	0	
0	0	0	0	0	0	0	0	0	0	0	0	0	0	0	0	0	0	0	0	0	0	0	0	0	0	0	0	0	0	0	0	0	0	0	0	0	0	0	0	0	0	0	0	0	0	0	0	0	0	0	0	0	0	0	0	0	0	0	0	0	0	0	0	0	0	0	0	0	0	0	0	0	0	0	0	0	0	0	0	0	2.08651	0	0	0	0	0	0	0	0	0	0	0	0	0	0	0	0	0	0	
0	0	0	0	0	0	0	0	0	0	0	0	0	0	0	0	0	0	0	0	0	0	0	0	0	0	0	0	0	0	0	0	0	0	0	0	0	0	0	0	0	0	0	0	0	0	0	10.46343	0	0	0	0	0	0	0	0	0	0	0	0	0	0	0	0	0	0	0	0	0	0	0	0	0	0	7.30546	0	0	0	0	0	0	0	0	0	0	0	0	0	0	0	0	0	0	0	0	0	0	0	0	0	
