0	0	0	0	0	0	0	0	0	0	0	0	0	0	0	0	0	0	0	0	0	0	0	0	0	0	0	0	0	0	0	0	0	0	0	0	0	0	0	0	0	0	0	0	0	0	0	0	0	0	0	10.77651	0	0	0	0	0	0	0	0	0	0	0	0	0	0	0	0	0	0	0	0	0	0	0	0	0	0	0	0	0	0	0	0	0	0	0	0	0	0	0	0	0	0	0	0	0	0	0	0	
0	0	0	0	0	0	0	0	0	0	0	0	0	0	0	0	0	0	0	0	0	0	0	0	0	0	0	0	0	0	0	0	0	0	0	0	0	0	0	0	0	0	0	0	0	0	0	13.98161	0	0	0	0	0	0	0	0	0	0	0	0	0	0	0	14.66189	0	0	0	0	0	0	0	0	0	0	0	0	0	0	0	0	0	0	0	0	0	0	0	0	0	0	0	0	0	0	0	0	0	0	0	0	
0	0	0	0	0	0	0	0	0	0	0	0	0	0	0	0	0	0	0	0	0	0	0	0	0	0	0	0	0	0	0	0	0	0	0	0	0	0	0	0	0	0	0	0	0	0	0	0	0	0	0	0	0	0	12.56581	0	0	0	0	0	0	0	0	0	0	0	0	0	0	0	0	0	0	0	0	0	0	0	0	0	0	0	0	0	0	0	0	0	0	0	0	0	0	0	0	0	0	0	0	0	
0	0	0	0	0	0	0	0	0	0	0	0	0	0	0	0	0	0	0	0	0	0	0	0	0	0	0	0	0	0	0	0	0	0	0	0	0	0	0	0	0	0	0	0	0	0	16.63228	7.57909	0	0	0	0	0	0	0	0	0	0	0	0	0	0	0	0	0	0	0	0	0	0	0	0	0	0	0	0	0	0	0	0	0	0	0	0	0	0	0	0	0	0	0	0	0	0	0	0	0	0	0	0	
0	0	0	0	0	0	0	0	0	0	0	0	0	0	0	0	0	0	0	0	0	0	0	0	0	0	0	0	0	0	0	0	0	0	0	0	0	4.8001	0	0	0	0	0	12.35112	0	0	0	0	0	0	0	0	0	0	0	0	0	0	0	0	0	0	0	0	0	0	0	0	0	0	0	0	0	0	0	0	0	0	0	0	0	0	0	0	0	0	0	0	0	0	0	0	0	0	0	0	0	0	0	0	
0	0	0	0	0	0	0	0	0	0	0	0	0	0	0	0	0	0	0	0	0	0	0	0	0	0	0	0	0	0	0	0	0	0	0	0	0	0	0	0	0	0	0	0	0	0	0	0	0	0	0	0	0	0	0	0	0	0	0	0	0	0	0	0	0	0	0	0	0	0	0	0	6.10151	0	0	0	0	0	0	0	0	0	0	0	0	0	0	0	0	0	0	0	0	0	0	0	0	0	0	0	
0	0	0	0	0	0	0	0	0	0	0	0	0	0	0	0	0	0	0	0	0	0	0	0	0	0	0	0	0	0	0	0	0	0	0	0	0	0	0	0	0	0	0	0	0	0	0	0	0	0	0	0	0	0	0	0	0	0	0	0	0	0	0	0	0	0	0	0	0	0	0	0	0	0	11.25056	0	0	0	0	0	0	0	0	0	0	0	0	0	0	0	0	0	0	0	0	0	0	0	0	0	
0	0	0	0	0	0	0	0	0	0	0	0	0	0	0	0	0	0	0	0	0	0	0	0	0	0	0	0	0	0	0	0	0	0	0	0	0	0	0	0	0	0	0	0	0	0	0	0	0	0	0	8.59449	0	0	0	15.29503	0	0	3.28998	0	0	0	0	0	0	0	0	0	0	0	0	0	0	0	0	0	0	0	0	0	0	0	0	0	0	0	0	0	0	0	0	0	0	0	0	0	0	0	0	0	
0	0	0	0	0	0	0	0	0	0	0	0	0	0	0	0	0	0	0	0	0	0	0	0	0	0	0	0	4.36654	0	0	0	0	0	0	0	0	0	0	0	0	0	0	0	0	0	0	0	0	0	0	0	0	0	0	0	0	0	0	0	0	0	0	0	0	0	0	5.56887	0	0	0	0	0	0	0	0	0	0	0	0	0	0	0	0	0	0	0	0	0	0	0	0	0	0	0	0	0	0	0	0	
0	0	0	0	0	0	0	0	0	0	0	0	0	0	0	0	0	0	0	0	0	0	0	0	0	0	0	0	0	0	0	0	0	0	0	0	0	0	0	0	0	0	0	0	0	0	0	0	0	0	0	0	0	0	0	9.79757	0	0	0	0	0	0	0	0	0	0	0	0	0	0	0	0	0	0	0	0	0	0	0	0	0	0	0	0	0	0	0	0	0	0	0	0	0	0	0	0	0	0	0	0	
0	0	0	0	0	0	0	0	0	0	0	0	0	0	0	0	0	0	0	0	0	0	0	0	0	0	0	0	0	0	0	0	0	0	0	0	0	0	0	0	0	0	0	0	0	0	0	0	0	0	0	0	0	0	0	0	0	0	0	0	0	0	0	0	0	0	0	9.61006	0	0	0	0	0	0	0	0	0	0	0	0	0	0	0	0	0	0	0	0	0	0	0	0	0	0	0	0	0	0	0	0	
0	0	0	0	0	0	0	0	0	0	0	0	0	0	0	0	0	0	0	0	0	0	0	0	0	0	0	0	0	0	0	0	0	0	0	0	0	0	0	0	0	0	0	0	0	0	0	0	0	0	0	0	6.13371	0	0	0	3.90896	0	0	0	0	0	0	0	0	0	0	0	0	0	0	5.98868	0	0	0	0	0	0	0	0	0	0	0	0	0	0	0	0	0	0	0	0	0	0	0	0	0	0	0	0	
0	0	0	0	0	0	0	0	0	0	0	0	0	0	0	0	0	0	0	0	0	0	0	0	0	0	0	0	0	0	0	0	0	0	0	0	0	0	0	0	0	0	0	0	0	0	0	0	10.58895	0	0	0	14.55369	0	0	0	0	0	0	0	0	0	0	0	0	0	0	9.5477	0	0	0	0	0	0	0	0	0	0	0	0	0	0	0	0	0	0	0	0	0	0	0	0	0	0	0	0	0	0	0	0	
0	0	0	0	0	0	0	0	0	0	0	0	0	0	0	0	0	0	0	0	0	0	0	0	0	0	0	0	0	0	11.63163	0	0	0	0	0	0	0	0	12.7356	0	0	0	0	0	0	0	8.3844	0	0	0	0	0	0	0	0	0	6.12305	5.89161	0	9.86584	0	0	11.39286	0	0	0	0	0	0	0	0	0	0	0	0	0	0	0	0	0	0	0	0	0	0	0	0	0	0	0	0	0	0	0	0	0	0	0	0	
0	0	0	0	0	0	0	0	0	0	0	0	0	0	0	0	0	0	0	0	0	0	0	0	0	0	0	0	0	0	0	0	0	0	0	0	0	0	0	0	0	0	0	0	0	0	0	0	0	0	0	0	0	0	4.66993	0	0	0	0	0	0	0	0	0	0	0	0	0	0	0	0	0	0	0	1.84101	0	0	0	0	0	0	0	0	0	0	0	0	0	0	0	0	0	0	0	0	0	0	0	0	0	
0	0	0	0	0	0	0	0	0	0	0	0	0	0	0	0	0	0	0	0	0	0	0	0	0	0	0	0	0	0	0	0	0	0	0	0	0	0	0	0	0	0	19.06357	0	0	0	0	0	0	0	0	0	8.78996	0	0	0	0	0	0	9.75163	0	0	0	0	0	0	0	0	0	0	0	8.40653	0	0	0	0	0	0	0	0	0	0	0	0	0	0	0	0	0	0	0	0	0	0	0	0	0	0	0	0	
0	0	0	0	0	0	0	0	0	0	0	0	0	0	0	0	0	0	0	0	0	0	0	0	0	0	0	0	0	0	0	0	0	0	0	0	0	0	0	0	0	0	0	6.04354	0	0	0	11.52374	0	0	0	7.19756	0	0	0	0	0	0	5.26055	0	0	0	0	0	0	0	0	0	0	0	0	0	0	0	0	0	0	0	0	0	0	0	0	0	0	0	0	0	0	0	0	0	0	0	0	0	0	0	0	0	
0	0	0	0	0	0	0	0	0	0	0	0	0	0	0	0	0	0	0	0	0	0	0	0	0	0	0	0	0	0	0	0	0	0	0	0	0	0	0	0	0	0	11.55866	0	0	0	0	0	0	0	0	0	0	0	0	8.19396	0	0	0	0	0	0	0	0	0	0	1.35027	0	1.6164	0	0	0	0	0	0	0	0	0	0	0	0	0	0	0	0	0	0	0	0	0	0	0	0	0	0	0	0	0	0	0	
0	0	0	0	0	0	0	0	0	0	0	0	0	0	0	0	0	0	0	0	0	0	0	0	0	0	0	0	0	0	0	0	0	0	0	0	0	0	0	0	10.77779	0	0	0	0	0	0	0	0	0	0	0	0	0	0	0	0	0	0	0	0	0	0	0	0	0	0	0	0	0	0	0	0	0	0	0	0	0	0	0	0	0	0	0	0	0	0	0	0	0	0	0	0	0	0	0	0	0	0	0	
0	0	0	0	0	0	0	0	0	0	0	0	0	0	0	0	0	0	0	0	0	0	0	0	0	0	0	0	0	0	0	0	0	0	0	0	0	0	0	0	0	0	0	0	0	0	0	9.52866	0	0	7.84844	0	0	0	0	0	0	0	0	0	0	0	0	0	0	0	0	0	0	0	0	0	0	0	0	0	9.94849	0	0	0	0	0	0	0	0	0	0	0	0	0	0	0	0	0	0	0	0	0	0	0	
0	0	0	0	0	0	0	0	0	0	0	0	0	0	0	0	0	0	0	0	0	0	0	0	0	0	0	0	0	0	0	0	0	0	0	0	0	0	0	0	0	0	0	0	0	0	0	8.75417	0	0	10.18899	11.35553	0	0	0	0	8.75032	0	10.91224	0	10.68578	0	0	0	0	8.88129	0	0	0	0	0	0	0	0	0	0	0	0	0	0	0	0	0	0	0	0	0	0	0	0	0	0	0	0	0	0	0	0	0	0	
0	0	0	0	0	0	0	0	0	0	0	0	0	0	0	0	0	0	0	0	0	0	0	0	0	0	0	0	0	0	0	0	0	0	0	0	0	0	0	0	0	10.84901	0	0	0	0	0	0	0	0	0	0	0	0	0	0	0	0	0	0	0	0	0	0	0	0	0	0	1.02368	0	0	0	0	0	0	0	0	0	0	0	0	0	0	0	0	0	0	0	0	0	0	0	0	0	0	0	0	0	0	0	
0	0	0	0	0	0	0	0	0	0	0	0	0	0	0	0	0	0	0	0	0	0	0	0	0	0	0	0	0	0	0	7.80493	0	0	0	0	0	0	0	0	0	0	0	0	0	0	0	11.13834	0	0	0	0	0	0	0	0	0	0	0	0	0	0	0	7.33203	0	0	0	0.60075	0	0	0	0	0	0	0	0	0	0	0	0	0	0	0	0	0	0	0	0	0	0	0	0	0	0	0	0	0	0	0	0	
0	0	0	0	0	0	0	0	0	0	0	0	0	0	0	0	0	0	0	0	0	0	0	0	0	0	0	0	0	0	0	9.77479	0	0	0	0	0	0	0	0	0	0	0	0	0	0	0	0	0	0	0	0	0	0	0	0	0	0	0	0	0	0	0	0	0	0	0	0	0	0	0	0	0	0	0	0	0	0	0	0	0	0	0	0	0	0	0	0	0	0	0	0	0	0	0	0	0	0	0	0	
0	0	0	0	0	0	0	0	0	0	0	0	0	0	0	0	0	0	0	0	0	0	0	0	0	0	0	0	0	0	0	0	0	0	0	0	0	0	0	0	0	0	0	10.59185	0	0	0	0	0	9.96574	0	0	0	0	8.71746	0	0	0	0	0	0	0	0	0	0	0	0	0	0	0	0	0	0	0	0	0	0	0	0	0.8082	0	0	0	0	0	0	0	0	0	0	0	0	0	0	0	0	0	0	0	0	
0	0	0	0	0	0	0	0	0	0	0	0	0	0	0	0	0	0	0	0	0	0	0	0	0	0	0	0	0	0	0	0	6.22619	0	0	0	0	0	0	0	0	0	0	0	0	0	0	4.29241	0	0	5.99669	1.13639	0	0	0	0	0	0	8.07741	0	0	0	0	0	0	0	0	0	0	0	2.20655	0	0	0	0	0	0	0	0	0	0	0	0	0	0	6.6259	0	0	0	0	0	0	0	0	0	0	0	0	0	0	
0	0	0	0	0	0	0	0	0	0	0	0	0	0	0	0	0	0	0	0	0	0	0	0	0	0	0	0	0	0	0	0	0	0	0	0	0	0	0	11.52492	0	0	0	0	16.17127	0	9.61482	0	0	0	0	0	0	0	0	0	0	0	0	0	0	0	0	0	0	0	0	0	0	0	0	0	0	0	0	0	0	0	0	0	0	0	0	0	0	0	0	0	0	0	0	0	0	0	0	0	0	0	0	0	
0	0	0	0	0	0	0	0	0	0	0	0	0	0	0	0	0	0	0	0	0	0	0	0	0	0	0	0	0	0	0	0	0	0	0	8.68343	0	0	0	0	0	0	0	0	0	0	0	7.17071	0	0	0	0	0	6.30988	0	0	0	0	0	0	8.66335	0	0	0	0	0	0	0	0	0	0	0	0	0	0	0	0	0	0	0	0	0	0	0	0	0	0	0	0	0	0	0	0	0	9.01261	0	0	0	0	0	
0	0	0	0	0	0	0	0	0	0	0	0	0	0	0	0	0	0	0	0	0	0	0	0	0	0	0	0	0	0	0	0	0	0	0	0	0	0	0	0	0	17.83428	0	0	0	0	0	0	0	0	0	0	0	0	0	0	0	0	0	0	0	0	0	0	0	0	0	0.60075	0	0	0	0.60075	0	0	0	0	0	0	0	0	0	0	0	0	0	0	0	0	0	0	0	0	0	0	0	0	0	0	0	0	
0	0	0	0	0	0	0	0	0	0	0	0	0	0	0	0	0	0	0	0	0	0	0	0	0	0	0	0	0	0	0	0	0	0	0	0	0	0	0	0	8.91101	0	0	0	10.48568	0	0	7.57391	0	0	0.60075	12.64787	0	0	0	11.52542	0	0	9.46365	0	5.78752	0	0	0	0	0	0	0	0.60075	0	0	0	0	0	0	0	0	0	0	0	0	0	0	0	0	0	0	0	0	0	0	0	0	0	0	3.04114	0	0	0	0	
0	0	0	0	0	0	0	0	0	0	0	0	0	0	0	0	0	0	0	0	0	0	0	0	0	0	0	0	0	0	0	0	0	0	0	0	0	0	0	0	0	0	0	0	19.30737	0	0	0	0	13.67291	0	0	8.73156	0	0	0	0	7.92324	0	0	0	3.90172	0	0	0	0	0	0	0	0	0	0	0	0	0	0	0	0	0	0	0	0	0	0	0	0	0	0	0	0	0	0	0	0	0	0	0	0	0	0	
0	0	0	0	0	0	0	0	0	0	0	0	0	0	0	0	0	0	0	0	0	0	0	0	0	0	0	0	0	0	0	0	0	0	0	0	0	0	0	0	0	0	0	12.7078	0	0	12.10997	0	0	0	9.4	0	0	0	0	0	0	0	0	5.56948	0	0	0	0	10.45309	0	0	10.0018	0	0	0	0	9.92875	0	0	0	6.95343	0	0	0	0	0	0	0	0	0	0	0	0	0	0	0	0	0	0	0	0	0	0	0	
0	0	0	0	0	0	0	0	0	0	0	0	0	0	0	0	0	0	0	0	0	0	0	0	0	0	0	0	0	0	0	0	0	0	0	0	0	0	0	0	0	0	0	0	4.52867	0	0	11.15117	0	0	0	8.96423	7.18102	0	0	3.90172	0	0	0	0	0	0	0	0	0	0	0	9.70508	0	0	0	0	0	10.57045	0	0	0	0	0	0	0	0	0	0	0	0	0	0	0	0	0	0	0	0	0	0	0	0	0	0	
0	0	0	0	0	0	0	0	0	0	0	0	0	0	0	0	0	0	0	0	0	0	0	0	0	0	0	0	0	0	0	0	0	0	0	0	0	20.26341	0	0	0	0	0	0	0	0	0	0	1.02368	0	0	9.19936	0	0	0	0	11.24688	0	0	7.8637	0	3.50215	0	0	0	0	0	0	0	0	0	0	0	0	5.22762	1.84101	0	0	0	0	0	0	0	0	0	0	0	0	0	0	0	0	0	0	0	0	0	0	0	0	
0	0	0	0	0	0	0	0	0	0	0	0	0	0	0	0	0	0	0	0	0	0	0	0	0	0	0	0	0	0	0	0	0	0	0	0	0	0	0	0	0	0	15.63272	0	0	11.75146	0	12.66968	0	0	11.92745	0	10.78878	0	9.90018	0	0	0	0	0	0	0	0	11.60005	0	0	0	5.25513	0	0	11.75599	0	0	0	0	0	0	0	2.03534	0	0	0	0	0	0	0	0	0	0	0	0	0	0	0	0	0	0	0	0	0	
0	0	0	0	0	0	0	0	0	0	0	0	0	0	0	0	0	0	0	0	0	0	0	0	0	0	0	0	0	0	0	0	0	0	0	0	0	0	0	0	0	0	0	0	0	0	0	9.75767	11.20204	0	0	13.23125	0	0	0	0	0	0	0	0	0	0	0	0	1.35027	0	0	0	0	0	0	0	0	0	0	0	0	0	0	0	0	0	0	0	0	0	0	0	0	0	5.71844	0	0	0	0	0	0	0	0	0	
0	0	0	0	0	0	0	0	0	0	0	0	0	0	0	0	0	0	0	0	0	0	0	0	0	0	0	0	0	0	0	0	0	0	0	0	0	0	0	0	0	0	0	0	0	0	0	11.93032	0	0	0	0	6.95343	1.35027	0	0	0	0	12.37645	7.12873	0	0	0	0	0	0	0	0	0	0	0	0	0	0	0	0	0	0	0	0	0	0	0	0	0	0	0	0	0	0	0	0	0	0	0	0	0	0	5.43814	0	
0	0	0	0	0	0	0	0	0	0	0	0	0	0	0	0	0	0	0	0	0	0	0	0	0	0	0	0	0	0	0	0	0	0	0	0	0	0	0	0	0	0	7.39979	0	0	0	0	0	0	9.21508	0	8.859	0	8.90013	0	0	0	0	0	0	0	0	0	0	12.22806	0	0	0	0	0	0	0	0	0	0	0	11.34954	0	0	0	0	0	0	0	0	0	0	0	0	0	0	0	0	0	0	0	0	0	0	0	
0	0	0	0	0	0	0	0	0	0	0	0	12.10946	0	0	0	0	0	0	0	0	0	0	0	0	0	0	0	0	0	12.53287	0	0	0	0	0	0	0	0	0	0	0	8.76462	0	0	0	0	7.93242	0	0	13.54021	0	0	9.84858	1.6164	0	10.37325	0	0	0	0	0	0	10.18451	12.75093	9.3472	0	0	0	0	0	0	0	0	0	0	0	0	0	0	0	0	0	0	0	0	0	0	0	0	0	0	0	0	0	0	0	0	0	0	
0	0	0	0	0	0	0	0	0	0	0	0	0	0	0	0	0	0	0	0	0	0	0	0	0	0	0	0	0	0	0	0	0	0	0	0	0	0	0	0	0	0	0	0	0	11.51489	4.40222	0	4.21428	12.63094	1.35027	6.97941	7.13765	0	11.78056	6.31804	0	0	0	0	11.86329	0	0	0	0	0	0	0	0	7.69748	0	0	0	0	0	0	3.11111	0	0	0	0	0	0	0	0	0	0	0	0	0	0	0	0	0	0	0	0	0	0	0	
0	0	0	0	0	0	0	0	0	0	0	0	0	0	0	10.48983	0	0	0	0	0	0	0	0	0	0	0	0	0	0	0	0	0	0	0	3.74381	12.61867	0	0	0	0	0	0	0	0	9.87501	8.66493	8.08566	4.68893	8.89544	0	0	2.74024	0	10.73427	0	0	0	0	7.35041	0	9.33456	0	5.56948	0	7.85729	0	0	11.97709	0	7.42168	0	0	0	0	10.85949	0	0	0	2.03534	0	0	0	0	0	0	0	0	0	0	10.84456	0	0	0	0	0	0	0	0	0	
0	0	0	0	0	0	0	0	0	0	0	0	0	0	0	0	0	0	0	0	0	0	0	0	0	0	11.20077	0	0	0	0	2.49794	0	0	6.10151	0	0	0	0	0	11.29034	0	0	0	0	0	0	0	9.64492	5.80095	4.17357	10.13898	9.24406	0	10.35579	0	13.47102	0	4.19447	0	0.60075	7.12873	0	0	0	7.97747	0	0	0	0	0	0	0	7.8215	0	0	0	0	0	0	0	0	0	0	0	0	0	0	0	0	0	0	0	0	0	0	0.60075	0	0	0	
0	0	0	0	0	0	0	0	0	0	0	0	0	0	0	0	0	0	0	12.37194	0	0	0	0	0	0	0	0	0	0	0	0	0	0	0	0	0	0	0	0	0	0	0	12.97144	0	0	13.25994	12.06528	11.34439	0	6.02347	8.9024	10.70823	0	0	0	13.77042	0	0	8.38201	6.78633	0	0	12.35226	0	8.59754	0	11.1187	0	0	0	0	0	0	0	0	0	0	0	0	0	0	0	0	0	0	0	0	0	0	8.14198	0	0	0	0	0	0	0	0	0	
0	0	0	0	0	0	0	0	0	0	0	0	8.22169	0	0	0	0	0	0	9.67713	0	0	0	0	0	0	0	0	0	0	0	0	0	7.52529	0	0	0	0	0	0	0	9.79254	12.74018	0	8.18708	0	0	4.7863	12.46766	0	9.20039	9.54112	8.52935	8.40811	10.03711	0.60075	11.50033	5.20251	7.44687	0	0	0	0	0	4.21428	0	0	0	0	0	0	0	0	0	0	0	0	0	12.10033	3.68708	0	0	0	0	0	0	0	0	0	0	0	0	0	0	0	0	0	0	0	0	
0	0	0	0	0	0	0	0	0	0	0	0	0	0	0	0	0	0	0	0	0	0	0	15.32275	0	0	0	0	0	0	0	0	0	0	0	0	0	0	12.94173	0	0	0	9.01398	8.55261	0.60075	0	7.69734	6.14918	0	7.20139	10.6593	7.96827	0	0	0	0	0	6.99659	15.16351	8.75589	12.06962	0	0	0	8.76106	0	0	0	0	0	0	0	0	0	0	0	0	0	0	0	0	0	0	0	0	0	0	0	0	0	0	0	0	0	0	0	0	0	0	0	
0	0	9.7237	0	0	0	0	0	0	0	0	0	0	0	0	0	0	0	0	0	0	0	0	0	0	0	0	0	0	0	0	0	0	0	0	0	0	0	0	0	10.15812	0	0	0	0	8.72805	0	7.91958	8.64299	11.15477	0	8.26593	9.46576	9.62294	1.6164	9.58892	0	0	4.29241	0	6.88237	0	8.34369	10.91379	0	0	0	0	0	0	0	7.86751	0	0	0	0	5.67534	0	0	0	0	0	0	0	0	0	0	0	0	0	0	0	0	0	0	0	0	0	0	0	
0	0	0	0	0	0	0	0	0	0	0	9.51038	0	0	0	0	0	0	0	0	0	0	0	0	0	0	0	0	0	0	0	0	6.82786	0	0	0	0	9.54919	15.17435	6.59332	10.135	4.17357	0	0	12.17393	7.7561	11.1352	8.45219	10.19919	0	11.94966	0	10.69271	5.48556	0	11.20911	5.24769	9.99274	0	0	0	0	0	0	0	0	0	7.89847	0	0	0	0	6.02347	0	0	16.43436	0	0	10.98795	0	0	0	0	0	0	0	0	0	0	0	0	0	0	0	0	9.49425	0	0	0	0	
0	0	0	0	0	0	0	0	0	0	0	0	0	0	0	0	0	0	0	0	0	0	0	0	0	0	0	0	0	0	0	0	0	0	7.75406	7.71279	0	0	0	8.5684	0	13.4872	0	11.82171	15.52419	10.23087	6.84793	8.67271	2.85922	10.18115	10.27	10.13699	1.6164	8.45738	0	0	9.35926	0	0	7.34521	10.42084	0	1.84101	0	0	0	0	0	0	0	0	0	0	0	0	0	0	0	6.2162	0	0	0	0	0	0	0	0	8.3229	0	0	0	0	0	0	0	0	0	0	0	0	
0	0	0	0	0	0	0	0	12.64229	0	11.60101	0	0	0	0	0	0	0	0	0	0	0	0	0	0	0	9.00538	0	0	0	0	0	0	0	0	0.60075	0	13.4172	11.2868	0	8.50971	6.37726	0	7.16553	0.60075	12.20645	6.49407	8.30375	10.24067	11.14658	0	7.6088	3.43483	0	0	0	8.46146	4.99963	0	0	0	0	2.84766	0	0	0	9.1878	0	0	0	0	0	0	0	0	0	0	0	0	0	0	0	0	0	0	0	0	0	0	0	0	0	0	14.13496	0	0	0	0	0	0	
0	0	0	0	0	0	0	0	0	0	0	10.72681	0	0	14.41078	0	0	0	0	0	0	0	0	0	0	0	0	0	0	0	0	11.61937	0	0	7.15511	0	10.714	0	0	10.5493	1.35027	0	10.09938	11.51377	10.93376	10.68422	10.31881	9.23349	7.66261	9.87069	6.84892	10.98949	10.42473	10.26775	0	6.30371	11.11214	0	0	1.35027	8.19651	5.16575	0	6.85386	0	0	0	0	0	0	0	0	0	0.60075	0	6.88785	0	0	0	0	0	0	0	4.29241	0	0	0	0	0	0	0	0	0	0	0	0	0	0	0	0	
0	0	0	0	0	0	0	0	0	0	0	0	13.74822	0	0	0	0	0	0	0	0	0	0	0	0	0	0	0	0	10.14557	0	0	8.28994	0	4.95227	0	12.11451	0	15.06534	10.14557	9.90023	11.3087	12.57802	11.17365	9.24144	7.46878	9.57699	10.30798	4.95227	9.68576	7.7912	12.72011	10.56751	5.98681	5.27187	7.85314	10.15347	0	0	8.54465	2.62417	0	0	0	0	0	0	0	0	0	0	0	0	9.2357	0	0	0	0	0	0	8.69311	0	0	0	0	0	0	0	0	0	0	0	0	0	0	0	0	0	0	0	
0	0	0	0	0	0	0	14.7794	0	0	0	9.97835	0	0	0	0	0	0	0	0	0	0	0	0	0	0	0	8.59947	0	0	6.7118	0	13.20213	0	0	0	3.68708	6.81468	8.5933	11.07581	10.38804	11.46873	0	10.27941	11.62618	9.16613	9.50172	11.34362	10.98013	9.83633	7.77782	9.00933	11.73297	12.25956	7.57901	7.27679	14.10326	6.6	11.24708	8.68705	5.30875	13.19014	8.10203	0	9.69432	0	0	0	0	0	0	0	0	10.0803	0	0	0	0	0	0	0	0	0	0	0	0	0	0	0	0	0	0	0	0	0	0	0	0	0	0	
12.99025	0	0	0	0	0	0	0	9.30249	0	0	0	5.5537	0	0	0	0	0	0	0	0	0	0	0	10.978	0	0	7.37306	0	0	0	0	14.16485	0	12.49455	8.42399	0	6.75384	10.70372	7.20225	9.4929	9.97287	7.42175	10.11836	12.16922	10.41936	10.80115	10.56528	10.35719	10.58073	11.09141	5.17765	8.84435	6.42929	10.21891	8.11715	11.2358	5.19636	0	10.14542	0	0.60075	0	10.32368	0	9.30541	0	0	0	0	6.56212	0	0	0	0	0	0	0	0	0	0	0	5.85328	0	0	3.04926	0	0	0	0	0	0	0	0	0	0	0	0	0	0	
0	0	0	10.51041	0	0	0	0	0	0	0	0	0	0	0	0	0	0	8.07741	0	0	10.25938	0	5.58509	11.92319	9.20797	0	0	10.16841	7.50199	13.03583	0	13.78353	0	0	0.60075	0	10.30361	10.48676	8.6768	8.92237	7.55409	10.11962	9.69714	8.9152	9.81152	9.13397	9.94799	10.09441	6.46217	10.2095	9.08603	9.98511	6.41457	7.55838	9.79637	0	6.40199	8.04589	8.99192	0.60075	4.17357	9.24406	0	0	0	0	0	0	3.99813	0	0	6.7118	0	2.94765	9.73599	12.05884	3.23643	0	0	0	0	0	0	0	0	0	0	0	0	0	0	0	0	0	0	0	0	0	0	
9.14487	0	0	0	13.02446	9.64318	0	0	0	0	0	0	0	0	0	0	0	11.41977	0	0	0	0	0	0	10.46632	0	9.68623	7.41393	0	15.98682	9.53458	0	0	0	10.93602	10.36656	5.30638	10.25975	11.75771	9.01334	8.17485	8.74698	8.31314	8.87675	10.54128	9.3962	9.5596	9.65806	9.58779	10.78693	6.80229	10.40155	10.74299	7.12974	11.18335	9.95575	9.71258	3.25256	4.59315	8.20423	11.96577	0	7.02596	9.16708	9.80842	10.18195	8.70773	0	0	0	0	0	0	0	5.5537	0	0	0	0	0	0	0	0	0	0	0	0	0	0	0	0	0	0	0	0	0	0	0	0	0	
0	0	0	0	0	0	0	0	8.27559	0	8.8216	0	0	0	0	0	11.05112	14.13334	8.55459	6.4214	10.65283	9.82312	0	0	0	13.03302	0	10.01842	9.15141	10.43598	0	11.82704	12.11031	9.27091	8.26745	10.09348	9.03197	6.41718	9.79778	9.11898	9.06576	8.09139	7.68083	8.47622	10.67793	8.52222	9.17956	9.60172	8.79773	7.09506	9.91529	12.49006	9.44813	9.33805	7.44412	7.32785	5.63937	8.93709	0	10.79634	9.71441	7.30401	8.15921	0	7.296	11.54625	0.60075	0	0	0	0	5.33114	0	0	6.80805	0	0	0	9.32878	0	0	0	0	0	0	6.56998	0	0	0	0	0	0	0	0	0	0	0	0	0	0	
0	10.9504	0	0	1.84101	8.25378	0	0	0	0	0	0	0	0	8.97608	10.76799	0	10.71622	11.03742	0	7.29928	0	11.93279	0	0	0	0	0	9.93931	9.21927	6.95008	0	12.24228	4.6853	10.49604	7.01071	9.79642	10.90218	8.64949	11.28091	8.66691	8.8687	8.4201	7.24757	8.40644	7.9429	8.10052	9.57579	8.0366	7.55284	8.56865	7.97334	8.24681	8.38075	8.30337	7.71918	3.12894	8.56761	8.354	7.87231	0	7.15511	0	11.54874	10.01806	1.35027	6.17037	7.88907	0	0	0	0	0	0	0	3.21171	0	0	0	0	9.03587	0	0	0	0	0	0	0	0	0	0	0	0	0	0	0	0	0	0	0	
0	10.79802	8.59754	0	9.35125	0	0	0	0	0	8.37096	0	0	0	8.89231	7.72265	0	8.62045	0	0	7.85729	4.59954	10.11282	12.58898	11.26728	8.37993	0	6.093	7.6724	8.96374	15.25094	11.22027	11.18733	11.1602	10.64363	5.75939	8.81778	8.56969	7.99183	7.76432	7.68706	8.75403	8.06457	8.2389	6.45849	6.91056	8.84643	8.90696	9.51779	8.76635	7.83244	9.48409	8.74749	9.08394	7.29028	6.29598	7.72297	4.53265	7.6921	9.23543	0	8.00792	10.70568	9.83958	2.92673	6.53826	1.02368	0	0	0	0	9.32642	0	0.60075	9.1343	0	6.97135	0	1.02368	0	0	0	0	7.69206	0	1.31209	0	0	0	0	0	0	0	0	0	0	0	0	0	0	
0	0	0	0	0	0	0	0	8.05797	0	8.45405	11.74474	0	0	0	0	0	0	9.63182	0	15.22834	0	0	0	0	11.53901	10.66461	0	3.50215	9.57434	8.54412	9.72282	8.68162	9.00603	9.35064	8.36819	8.30748	8.21511	10.00495	10.76839	7.3408	8.1295	8.42484	8.27436	8.03098	8.30242	8.34772	8.51045	8.72927	9.98936	7.97895	7.45033	8.36231	8.80119	6.6923	9.24762	7.83494	8.319	10.11095	7.78562	12.14632	10.23445	12.71647	6.54407	0	11.59818	0	8.81254	0	0	0	0	0	0	0	0	0	0	0	0	0	10.65422	0	0	0	0	0	10.04081	8.6798	7.29454	0	0	0	0	0	0	0	0	0	0	
0	0	0	0	0	0	0	0	12.19348	9.11561	5.47764	3.74381	0	13.36192	0	0	0	7.42168	9.87818	3.99337	0	0	2.94765	9.18733	8.10203	6.62387	3.90172	9.86664	6.72266	9.96078	0	7.70259	5.73133	5.2071	7.08613	8.03961	9.33911	7.87938	8.5471	6.97526	7.19574	8.51797	8.7612	8.63964	7.36332	7.42013	8.1847	8.24344	7.1986	9.26178	9.28319	8.01766	6.61378	7.47907	8.50654	8.79173	4.7379	7.10832	10.75339	7.06489	6.49098	8.96248	9.32243	2.62417	1.42383	11.06985	9.80676	0	0	0	0	0	0	11.9385	7.69055	0	0	0	13.97669	0	0	0	0	0	0	0	0	0	10.21304	0	3.43483	0	0	0	0	0	0	0	0	0	
0	0	11.78394	8.63977	0	3.43483	0	5.77397	10.37668	0	0	0	0	0	0	0	0	7.2463	0	0	0	0	0	12.26123	0	10.67488	0	10.50496	8.65413	8.11198	0	8.78393	0	10.82415	6.90363	9.65063	8.62914	7.77967	1.74357	8.38078	7.22741	9.12658	6.52092	8.34901	8.02237	7.38164	7.33144	8.71723	7.54111	8.83902	8.24763	9.21359	9.32576	8.13681	7.98366	5.90548	8.59807	9.6008	8.18092	6.86798	9.842	10.07852	9.83701	9.07059	5.59391	0	0	4.6092	2.84766	5.10081	5.06252	0	9.19532	0	0.8082	0	7.15945	0	0	0	0	0	6.68965	0	0	0	0	0	0	0	0	0	0	0	0	0	0	0	0	0	
0	0	0	0	0	0	0	0	1.35027	0	11.38814	9.15797	9.54338	0	12.13917	0	0	7.59742	0	6.22619	0	0	0	0	0	0	8.81003	7.10186	8.41629	0	7.37755	9.42614	6.13853	8.45134	5.87383	8.10743	8.56275	9.67842	7.57453	9.90814	9.10894	7.43837	6.22858	6.88786	7.2819	7.60182	7.75267	7.58758	7.31459	6.38269	8.07015	9.40654	8.54689	7.60006	7.58451	8.15948	7.02725	8.49895	8.62206	7.71784	8.69842	6.53089	7.04117	5.79878	2.03534	5.54065	9.28046	5.47432	0	0	10.04406	0	7.2248	1.75108	0	13.67325	0	0	1.35027	0	0	0	0	0	0	0	0	0	6.6213	0	0	0	0	0	0	0	0	0	0	0	
0	0	0	0	0	0	0	0	0	9.96946	0	0	9.26601	0	0	0	0	0	0	0	0	0	0	10.42145	0	0	8.03027	0	0	4.4075	7.23096	0	0	7.61066	4.36654	8.87971	7.69774	4.53672	5.84051	9.33109	5.29598	8.92947	4.73479	7.7547	9.46431	9.52381	6.29504	7.61179	9.61467	4.99498	8.06666	8.93794	8.993	7.91997	9.47759	8.03251	8.2275	7.68639	5.30026	8.05898	8.21522	7.57981	3.19042	9.50251	8.22138	8.1885	8.00093	10.21179	6.99224	0	0	3.74381	0	7.64287	0	9.3253	9.49807	0	0	0	0	0	0	0	8.75762	0	0	3.21171	0	0	0	9.2379	0	0	0	0	8.13421	0	0	0	
0	0	0	0	0	0	0	0	0	0	0	10.25573	0	0	0	0	0	6.46745	11.90236	0	0	0	0	1.6164	0	0	0	6.81468	0	0	0	0	6.46769	6.59915	8.69812	0	4.99982	8.39569	6.44942	1.91148	7.71805	9.01468	7.6248	1.24897	0	8.23375	7.21422	5.08587	7.26182	7.75338	8.27953	9.41675	10.43563	5.34224	7.09429	6.28681	8.29953	7.40166	8.41959	7.34723	7.88713	5.63455	0	5.66593	10.29272	0	5.98577	7.20647	8.57427	8.44125	0	0	7.21653	4.40222	0	10.04335	0	6.72595	0	0	0	9.63615	0	0	0	0	0	0	0	0	0	0	0	0	0	0	0	0	0	0	
0	0	0	0	8.51352	0	0	0	0	0	8.69965	0	5.3677	0	0	9.60049	0	0	7.46872	0	5.40926	8.68343	0	0	0	11.28531	6.54626	0	0	4.51246	0	9.94143	10.9161	0	0	7.57415	9.4055	2.20655	10.11901	9.15117	5.87652	8.92947	6.73867	7.48128	6.59598	6.92273	12.22495	7.41676	7.55653	8.46574	10.04039	6.03007	8.6741	7.82407	6.25848	7.40801	6.07918	8.86846	5.85995	8.37863	5.40402	7.89773	5.97542	7.89887	8.37145	0	9.70959	10.40284	0	1.35027	8.75866	8.07741	7.41389	11.47546	9.23675	0	5.2636	0	0	0	9.59086	0	0	2.49794	0	2.62417	0	0	0	4.74558	0	0	0	0	0	0	0	0	0	0	
0	0	0	0	0	0	0	0	0	0	0	5.33114	2.28424	0	0	8.46253	0	0	0	2.03534	9.22177	0	2.03534	0	0	0	0	0	0	4.75567	7.78141	5.93688	0	0	0	8.8461	0	0	0	5.19537	5.91425	7.94732	4.20989	5.02993	7.79725	5.58293	6.38179	6.75779	7.10125	4.3107	0	0	7.14415	9.29274	0	11.27537	8.88531	7.25546	7.01655	7.43221	10.00652	8.22539	8.95464	8.41631	7.83461	5.99544	4.29241	8.54051	3.28998	9.69794	0	6.82881	9.10417	11.05952	13.21167	0	4.17357	0	6.89201	0	0	0	0	0	0	0	0	0	0	0	0	0	0	0	0	0	0	0	0	0	
0	0	0	7.19125	0	0	0	0	0	0	0	0	0	0	0	0	1.35027	0	0	0	0	0	11.04971	0	0	0	6.83012	10.00285	9.24897	8.12089	0	0	0.60075	0	0	9.72927	0	3.95073	1.6164	9.63111	4.53433	0	5.25513	0	2.38779	12.04972	7.29112	6.06858	7.04198	7.85516	6.32235	6.91355	8.88362	8.19552	7.94287	9.49707	8.24044	4.95619	7.59773	6.44353	7.63883	9.78736	8.94846	6.14767	6.52691	8.67318	5.5538	7.65031	10.85121	7.74254	2.52475	9.65763	7.00795	3.45044	7.90516	0	13.49845	0	6.96366	8.8606	0.60075	5.90411	8.02688	0	0	6.31311	0	0	0	0	0	0	0	0	0	0	0	0.60075	0	10.75555	
0	0	4.14259	0	0	0	0	0	0	0	0	0	0	0	0	0	0	0	0	0	9.89549	0	0	0	0	9.91801	0	8.61062	0	11.87663	0	10.56505	11.26031	0	9.5596	0	0	7.66208	7.17104	0	7.06337	0	0	5.86873	12.18774	9.27927	6.55239	6.72208	7.61273	5.81883	5.397	9.84939	8.78681	8.51536	5.3326	9.04539	0	8.50046	7.52142	7.40768	2.94045	6.41431	6.89174	1.68416	6.88814	8.07676	5.92754	0	7.10393	4.00948	5.03146	6.706	7.59168	8.7033	0	0	7.1979	0	3.00983	2.74024	0	5.60821	0	0	0	0	0	0	4.5844	0	0	0	0	0	0	0	7.35951	0	0	0	
0	0	0	0	2.03534	0	0	0	0	0	0	0	9.64863	0	0	0	0	0	0	0	9.48044	3.56646	0	0	0	0	0	10.12257	0	0	0	1.02368	9.36765	0	0	0	7.94457	0	5.66069	7.13934	0	0	4.30326	0	8.62423	0	7.97559	8.89231	1.35027	6.65084	6.6389	6.33096	11.0786	6.68662	7.82521	1.01767	0	5.81222	5.80174	5.00369	6.62874	7.17514	9.24332	6.73044	7.99684	10.12435	6.5029	3.84069	7.60308	6.20642	8.79989	0	0	8.38718	0	6.85608	5.25291	5.32063	0	0	0	0	0	0	5.43814	0.60075	0	0	0	0	0	0	0	0	0	0	8.92334	0	0	0	
0	0	0	0	0	0	0	0	8.60713	0	0	0	0	0	0	0	9.29596	3.92986	2.94765	0	0	0	0	0	5.51092	0	0	0	0	0	0	0	0	0	7.6724	8.02115	0	6.1652	0	0	0	0	5.02274	8.52859	0	9.01065	9.59279	8.37545	0	5.27105	0	9.56157	8.30416	7.91435	0	6.89201	0	6.94076	0	4.26811	7.89476	9.6853	6.31987	6.71889	5.26763	6.19607	6.53907	10.85086	9.57336	7.85482	7.92127	4.97775	7.23508	9.4055	8.09696	5.06289	10.68396	13.64619	0	2.35958	10.35352	0	9.97021	0	2.23552	0	7.37755	4.04404	3.85098	0	0	0	0	9.04719	0	0	0	0	0	0	
0	0	0	0	0	0	0	0	0	0	0	0	0	0	0	0	0	0	0	0	5.58981	0	0	0	0	0	0	0	0	7.4645	0	0	0	0	6.94135	0	0	0	0	0	9.01981	0	8.40653	8.3159	5.58924	0	0	3.12894	4.50425	6.47152	11.79342	0	0	5.34107	3.29274	7.60479	0	0	7.11128	8.24053	10.93297	6.89324	7.04606	5.59625	6.70065	5.96003	4.25358	5.96548	8.88012	5.88772	10.70059	6.93692	5.51965	6.94782	3.45901	0	5.29436	0	4.38079	0	0	0	2.84766	0	0	0	7.20721	0	0	0	0	0	0	0	0	0	0	0	0	0	
0	0	0	0	6.54626	0	0	0	0	0	0	7.78817	0	3.62803	0	0	0	0	0	0	0	0	0	0	0	0	0	0	0	0	0	0	0	0	0	0	0	0	0	7.48332	0	0	8.1657	0	6.28411	0	4.61405	6.87941	0	0	2.94765	0	0	0	8.69606	0	0	0	0	9.66433	8.78396	3.26539	8.00658	8.10685	6.95553	0	2.21852	5.46469	9.92117	8.27938	9.08488	9.38735	8.84409	4.94426	0	0	3.67081	7.44325	7.65876	6.35012	5.34953	8.61476	0.60075	0	2.03534	0	4.21428	11.56224	0	4.03111	0	0	0	0	9.00972	0	0	0	0	0	
0	0	0	0	0	0	0	0	0	0	0	0	0	0	0	0	0	4.71993	0	0	0	6.64636	8.62612	0	0	0	9.44453	0	0	0	0	0	0	6.96945	7.41156	0	0	0	0	0	0	0	0	0	0	0	0	0	0	0	0	0	0	0	0	8.63664	8.96908	10.57855	5.81426	4.43704	0	5.82252	7.25212	0	7.02716	7.88383	5.0499	7.16134	4.80136	3.64913	9.49401	6.86105	6.26799	5.58976	6.93116	7.32856	5.64678	0	9.6862	7.30413	0	0	5.88518	0	6.23611	8.51474	2.49794	4.7731	0	11.13258	0	0	0	0	0	0	9.02375	0	0	0	
0	0	0	0	0	0	0	0	7.92562	0	0	0.60075	0	0	0	0	0	0	0	0	0	0	0	0	0	0	0	0	0	0	0	0	0	0	0	0	0	0	0	9.26185	0	0	0	0	0	6.9045	0	8.10203	10.44563	0	0	10.54024	0	0	0	0	0	0	9.22472	0	7.85181	0	7.51345	9.92655	7.05906	4.54251	5.93787	0	0	6.59476	8.84411	9.92875	8.43912	5.99828	8.67205	9.39432	1.22088	0	4.59954	5.24494	6.7465	7.733	9.49394	9.14062	9.41454	0	0.60075	0	0	0	6.13371	0	10.36703	0	0	0	0	0	0	0	
0	0	0	0	0	0	0	0	0	0	0	0	0	11.23858	0	0	0	0	0	3.56646	0	0	0	0	0	3.12746	0	0	0	0	0	0	0	0	6.36827	0	0	6.76384	0	0	9.99816	0	7.36404	8.96569	3.95073	0	0	0	0	0	8.47933	7.68331	0	0	6.56998	0	0	0	0	7.26332	3.6303	0	5.87556	9.95075	5.5053	4.14136	9.00634	5.23548	0.60075	4.87735	6.29097	0	6.61024	5.84022	11.44163	6.54708	8.66583	3.90637	7.06323	4.23846	0	6.45782	11.74778	3.51491	2.68693	0	0	7.26578	3.59861	0	10.08099	0	0	6.1652	0	0	0	0	4.36881	0	
0	0	0	0	0	0	0	1.02368	0	0	0	0	0	0	0	0	0	0	0	0	0	0	1.84101	0	0	0	0	0	8.91719	0	0	0	0	0	11.02694	0	0	6.43007	0	0	0	0.51184	0	0	0	0	4.61213	0	0	0	0	0	9.53971	0	0	0	5.5493	5.42085	0	3.72435	8.3193	0	0	7.30154	0	3.21171	0	7.68182	6.80378	9.31948	7.97102	7.61047	8.52859	5.48433	6.77441	7.6995	4.24176	0	7.67895	5.88323	8.67784	8.54141	3.17506	0	4.65738	0	1.6164	8.14203	0	0	9.6477	7.45298	0	0	0	0	9.04118	0	0	0	
0	0	0	0	0	0	0	0	1.35027	0	0	0	0	0	0	0	0	0	0	0	0	0	0	0	0	0	0	0	0	0	0	0	0	0	0	0	0	7.98411	0	0	0	0	0	0	0	0	0	0	0	1.35027	0	5.85112	0	3.43206	0	0	3.50215	5.70489	2.20655	0	3.04114	0	10.72197	11.95248	7.87327	7.29284	0	0	8.46181	7.11783	0	3.43483	8.24607	9.20005	7.22091	5.50526	0	5.03287	4.61189	7.38833	2.47509	8.9218	6.99491	0	0	0	5.68008	0	0	0	0	0	7.62151	9.15728	11.18773	0	0	0	0	0	
0	0	0	0	0	0	0	8.39993	0	0	0	0	0	0	0	0	0	0	0	0	0	0	0	0	0	0	0	0	0	0	0	0	0	0	0	0	0	7.47528	0	6.3862	0	0	0	0	0	0	0	0	0	0	4.93047	0	0	11.81695	8.73698	0	0	6.55476	10.12035	12.02705	0	0	0	7.41795	9.59708	9.92875	0	0	7.66052	4.44156	7.75411	6.367	6.46689	8.62935	5.08992	7.28208	5.55817	0	8.72685	8.51181	8.7221	10.40279	3.80254	7.24821	5.22693	0	0	0.99157	0	0	7.49787	0	0	0	0	2.13747	0	0	0	0	
0	0	0	0	0	0	0	0	0	0	0	0	0	0	0	0	0	0	0	0	0	0	0	0	0	10.21116	0	0	0	0	0	0	0	0	0	0	0	4.8266	0	0	0	0	0	0	9.07059	0	0	0	10.02272	0	0	0	0	0	0	2.35958	0	0	0	0	0	0	8.96217	0	0	6.15671	4.58458	8.10412	14.1803	5.71557	2.76405	0	11.61081	0	8.45193	6.56085	10.85747	8.39215	6.27858	7.61147	3.10601	0	5.7362	0	7.16553	10.49003	0	0	0	0	9.98498	0	0	0	0	0	0	5.96502	0	0	
0	0	0	0	0	0	0	0	0	0	0	0	3.99813	0	0	0	0	0	0	0	0	0	0	0	0	0	0	0	0	0	0	0	0	0	0	0	0	0	0	0	0	0	0	0	0	0	0	8.61476	0	0	3.90172	0	9.07336	0	0	0	0	0	0	6.63758	0	0	0	4.44584	1.84101	6.32245	9.05938	0	9.87342	0	0	8.37993	0	0	0	2.77116	6.75521	8.51433	3.87558	4.84342	0	9.40788	5.33784	2.7751	8.51895	3.0231	5.89072	0	7.7848	0	0	0	0	7.74367	0	0	0	0	0	0	
0	0	0	0	0	0	0	0	0	0	0	0	0	0	0	0	0	0	0	0	0	0	0	0	0	0	0	0	0	0	0	0	9.80842	0	0	0	0	0	0	0	2.03534	0	0	0	0	0	0	0	0	0	0	0	0	0	0	0	6.9124	0	0	0	6.97698	0	0	3.84857	0	6.77441	0	0	7.17772	0	0	0	10.51907	0	0	6.84092	0	0	6.98559	8.33099	6.57133	5.21556	11.37024	0	0	0	5.04548	0	1.02368	0.60075	5.54474	4.16277	6.35153	0	0	0	0	0	0	0	
0	0	0	0	0	0	0	3.50102	0	0	0	0	0	0	0	0	0	0	0	0	0	0	0	0	0	0	0	4.08851	0	0	0	0	0	0	0	0	0	0	0	0	0	0	0	0	0	0	0	0	0	0	0	0	0	0	0	0	0	1.02368	0	0	0	0	0	0	0	0	0	0	0	0	6.16758	3.50896	5.25932	2.49794	0	10.66528	7.72618	0	8.96734	4.17357	0	7.02697	0	7.7506	1.35027	8.84603	0	9.72796	0	0	0	0	0	0	0	9.56944	0	0	0	0	
0	0	0	0	0	0	0	0	0	0	0	0	0	0	0	0	0	0	0	0	6.0462	0	0	0	0	0	0	0	0	0	1.84101	0	0	0	0	0	0	0	0	0	0	0	0	0	0	0	0	0	0	0	0	0	0	0	0	0	0	0	0	11.9047	0	0	0	0	4.65975	7.97451	9.30069	7.0716	0	0	0	0	0	0	0	3.12894	3.89887	1.02368	0	0	2.58745	0	0	0	6.00333	5.08992	10.04406	6.57962	5.38563	0	7.03524	8.11821	10.67898	3.43483	0	7.1234	0	0	0	0	
0	0	0	0	0	0	0	0	0	0	0	0	0	0	0	0	0	0	0	0	0	0	0	0	0	0	0	0	0	0	0	0	0	0	0	0	0	0	0	0	0	0	0	0	0	0	0	0	7.0181	0	0	0	0	0	0	0	0	0	0	0	0	0	0	0	0	0	0	0	0	9.12765	9.45093	7.7848	6.69291	0	9.86065	6.20615	0	10.61104	9.90563	0	0	7.34125	8.68495	0	4.55242	0	0.60075	0	0	1.92411	0	2.70036	2.76888	0	4.17357	0	0	0	0	0	
0	0	0	0	0	0	0	0	0	0	0	0	0	0	0	8.31541	0	0	0	0	0	0	0	0	0	0	0	0	0	0	0	0	0	0	7.49787	0	0	0	0	0	0	0	0	0	0	0	0	0	0	0	0	0	0	0	0	0	0	0	0	0	0	0	0	0	0	0	0	3.99813	0	0	0	0	0	7.71912	0	0	0	6.85042	0	0	0	3.56646	0	0	5.58867	0	5.02876	4.27115	7.96559	9.07115	10.18963	0	9.06642	0	0	0	0	0	0	0	
0	0	0	0	0	0	0	0	0	0	0	0	0	0	0	0	0	0	0	0	0	0	0	0	0	0	0	0	0	0	0	0	0	0	0	0	0	0	0	0	0	0	0	0	0	0	0	0	6.45577	4.04404	0	0	0	0	0	0	0	0	0	8.4583	0	0	0	0	0	5.46304	0	0	0	0	0	5.52162	0	0	0	0	0	13.77271	0	7.38929	10.52566	0	0	9.14487	0	0	0	0	0	0	0	0	0	0	0	0	0	0	0	0	
0	0	0	0	0	0	0	0	0	0	0	0	0	0	0	0	0	0	0	0	0	0	0	0	0	0	0	0	0	0	0	0	0	0	0	0	0	0	0	0	0	0	0	0	0	0	0	0	0	0	0	0	0	0	0	1.84583	0	0	10.68985	0	0	0	0	0	6.76073	0	0	0	0	0	0	7.50609	0	9.06642	0	0	6.03488	0	0	0	4.75774	5.31771	5.90553	7.76624	0	0	0	7.8605	7.75778	0	0	12.73527	9.77649	0	0	0	0	0	0	0	
0	0	0	0	0	0	0	0	0	0	0	0	0	0	0	0	0	0	0	0	0	0	0	0	0	0	0	0	0	0	0	0	0	0	0	0	0	0	0	0	0	0	0	0	0	0	0	0	0	0	0	0	0	0	0	0	0	0	0	0	0	0	0	0	0	0	0	0	0	0	0	0	0	0	0	0	0	0	0	0	0	0	0	0	0	0	0.60075	0	0	0	0	9.13032	0	0	0	0	0	0	0	0	
0	0	0	0	0	0	0	0	0	0	0	0	0	0	0	0	0	0	0	0	0	0	0	0	0	0	0	0	0	0	0	0	0	0	0	0	0	0	0	0	0	0	0	0	0	0	0	0	0	0	0	0	0	0	0	0	0	0	0	0	0	0	0	0	0	0	0	0	0	0	8.18863	0	0	0	0	0	0	0	0	8.00905	0	0	0	11.60125	0	0	0	4.43704	0	0	5.21306	9.79506	0	0	0	0	0	0	0	0	
0	0	0	0	0	0	0	0	0	0	0	0	0	0	0	0	0	0	0	0	0	0	0	0	0	0	0	0	0	0	0	0	0	0	0	0	0	0	0	0	0	0	0	0	0	0	0	0	0	0	0	0	0	0	0	0	0	0	0	2.74024	0	0	0	0	0	0	0	0	0	0	7.26093	0	0	0	0	0	0	0	0	0	0	0	0	0	0	0	5.23548	0	0	0	0	0	0	0	0	0	0	0	0	0	
0	0	0	0	0	0	0	0	0	0	0	0	0	0	0	0	0	0	0	0	0	0	0	0	0	0	0	0	0	0	0	0	0	0	0	0	0	0	0	0	0	0	0	0	0	0	0	0	0	0	0	0	0	0	0	0	0	0	0	0	0	0	0	0	0	0	0	0	0	10.44135	7.97747	0	0	0	0	0	0	0	9.58019	0	0	0	0	0	0	0	0	0	6.58558	6.20615	0	0	0	0	0	0	0	0	0	0	
0	0	0	0	0	0	0	0	0	0	0	0	0	0	0	0	0	0	0	0	0	0	0	0	0	0	0	0	0	0	0	0	0	0	0	0	0	0	0	0	0	0	0	0	0	0	0	0	0	0	0	0	0	0	0	0	0	0	0	0	0	0	0	0	0	0	0	0	0	0	0	0	0	0	0	0	0	0	0	0	0	0	0	0	0	0	4.59954	0	0	0	0	0	0	0	0	0	0	0	0	0	
0	0	0	0	0	0	0	0	0	0	0	0	0	0	0	0	0	0	0	0	0	0	0	0	0	0	0	0	0	0	0	0	0	0	0	0	0	0	0	0	0	0	0	0	0	0	0	0	0	0	0	0	0	0	0	0	0	0	5.76029	0	0	0	0	0	0	0	0	0	0	0	0	0	0	0	0	6.05743	0	0	0	0	0	0	0	0	0	0	0	0	0	0	0	0	0	0	0	0	0	0	0	0	
0	0	0	0	0	0	0	0	0	0	0	0	0	0	0	0	0	0	0	0	0	0	0	0	0	0	0	0	0	0	0	0	11.87286	0	0	0	0	0	0	0	0	0	0	0	0	0	0	0	0	0	7.62788	0	0	0	0	0	0	0	0	0	0	0	0	0	0	0	0	0	0	0	0	0	0	0	0	4.74558	0	0	0	0	0	0	0	0	0	0	0	0	0	0	0	0	0	0	0	0	0	0	0	0	
0	0	0	0	0	0	0	0	0	0	0	0	0	0	0	0	0	0	0	0	0	0	0	0	0	0	0	0	0	0	0	0	0	0	0	0	0	0	0	0	0	0	0	0	0	0	0	0	0	0	0	0	0	0	0	0	0	0	0	0	0	0	0	0	0	0	0	0	0	0	0	0	0	0	0	0	0	0	0	0	0	0	0	0	0	0	0	0	0	0	0	0	0	0	0	0	0	0	0	0	
0	0	0	0	0	0	0	0	0	0	0	0	0	0	0	0	0	0	0	0	0	0	0	0	0	0	0	0	0	0	0	0	0	0	0	0	0	0	0	0	0	0	0	0	0	0	0	0	0	0	0	0	0	0	0	0	0	0	0	0	0	0	0	0	0	0	0	0	0	0	0	0	0	0	0	0	0	0	0	0	0	0	0	0	0	0	0	0	0	0	0	0	0	0	0	0	0	0	0	0	
0	0	0	0	0	0	0	0	0	0	0	0	0	0	0	0	0	0	0	0	0	0	0	0	0	0	0	0	0	0	0	0	0	0	0	0	0	0	0	0	0	0	0	0	0	0	0	0	0	0	0	0	0	0	0	0	0	0	0	0	0	0	0	0	0	0	0	0	0	0	0	0	0	0	0	0	0	0	0	0	0	0	0	0	0	0	0	0	0	0	0	0	0	0	0	0	0	0	0	0	
0	0	0	0	0	0	0	0	0	0	0	0	0	0	0	0	0	0	0	0	0	0	0	0	0	0	0	0	0	0	0	0	0	0	0	0	0	0	0	0	0	0	0	0	0	0	0	0	0	0	0	0	0	0	0	0	0	0	0	0	0	0	0	0	0	0	0	0	0	0	0	0	0	0	0	0	0	0	0	0	0	0	0	0	0	0	0	0	0	0	0	0	0	0	0	0	0	0	0	0	
0	0	0	0	0	0	0	0	0	0	0	0	0	0	0	0	0	0	0	0	0	0	0	0	0	0	0	0	0	0	0	0	0	0	0	0	0	0	0	0	0	0	0	0	0	0	0	0	0	0	0	0	0	0	0	0	0	0	0	0	0	0	0	0	0	0	0	0	0	0	0	0	0	0	0	0	0	0	0	0	0	0	0	0	0	0	0	0	0	0	0	0	0	0	0	0	0	0	0	0	
0	0	0	0	0	0	0	0	0	0	0	0	0	0	0	0	0	0	0	0	0	0	0	0	0	0	0	0	0	0	0	0	0	0	0	0	0	0	0	0	0	0	0	0	0	0	0	12.54002	0	0	0	0	0	0	0	0	0	0	0	0	0	0	0	0	0	0	0	0	0	0	0	0	0	0	10.9488	0	0	0	0	0	0	0	0	0	0	0	0	0	0	0	0	0	0	0	0	0	0	0	0	0	
