0	0	0	0	0	0	0	0	0	0	0	0	0	0	0	0	0	0	0	0	0	0	0	0	0	0	0	0	0	0	0	0	0	0	0	0	0	0	0	0	0	0	0	0	0	0	0	0	0	0	0	10.0723	0	0	0	0	0	0	0	0	0	0	0	0	0	0	0	0	0	0	0	0	0	0	0	0	0	0	0	0	0	0	0	0	0	0	0	0	0	0	0	0	0	0	0	0	0	0	0	0	
0	0	0	0	0	0	0	0	0	0	0	0	0	0	0	0	0	0	0	0	0	0	0	0	0	0	0	0	0	0	0	0	0	0	0	0	0	0	0	0	0	0	0	0	0	0	0	13.15866	0	0	0	0	0	0	0	0	0	0	0	0	0	0	0	8.93105	0	0	0	0	0	0	0	0	0	0	0	0	0	0	0	0	0	0	0	0	0	0	0	0	0	0	0	0	0	0	0	0	0	0	0	0	
0	0	0	0	0	0	0	0	0	0	0	0	0	0	0	0	0	0	0	0	0	0	0	0	0	0	0	0	0	0	0	0	0	0	0	0	0	0	0	0	0	0	0	0	0	0	0	0	0	0	0	0	0	0	11.24083	0	0	0	0	0	0	0	0	0	0	0	0	0	0	0	0	0	0	0	0	0	0	0	0	0	0	0	0	0	0	0	0	0	0	0	0	0	0	0	0	0	0	0	0	0	
0	0	0	0	0	0	0	0	0	0	0	0	0	0	0	0	0	0	0	0	0	0	0	0	0	0	0	0	0	0	0	0	0	0	0	0	0	0	0	0	0	0	0	0	0	0	14.2483	7.9098	0	0	0	0	0	0	0	0	0	0	0	0	0	0	0	0	0	0	0	0	0	0	0	0	0	0	0	0	0	0	0	0	0	0	0	0	0	0	0	0	0	0	0	0	0	0	0	0	0	0	0	0	
0	0	0	0	0	0	0	0	0	0	0	0	0	0	0	0	0	0	0	0	0	0	0	0	0	0	0	0	0	0	0	0	0	0	0	0	0	4.12664	0	0	0	0	0	12.24415	0	0	0	0	0	0	0	0	0	0	0	0	0	0	0	0	0	0	0	0	0	0	0	0	0	0	0	0	0	0	0	0	0	0	0	0	0	0	0	0	0	0	0	0	0	0	0	0	0	0	0	0	0	0	0	0	
0	0	0	0	0	0	0	0	0	0	0	0	0	0	0	0	0	0	0	0	0	0	0	0	0	0	0	0	0	0	0	0	0	0	0	0	0	0	0	0	0	0	0	0	0	0	0	0	0	0	0	0	0	0	0	0	0	0	0	0	0	0	0	0	0	0	0	0	0	0	0	0	7.96436	0	0	0	0	0	0	0	0	0	0	0	0	0	0	0	0	0	0	0	0	0	0	0	0	0	0	0	
0	0	0	0	0	0	0	0	0	0	0	0	0	0	0	0	0	0	0	0	0	0	0	0	0	0	0	0	0	0	0	0	0	0	0	0	0	0	0	0	0	0	0	0	0	0	0	0	0	0	0	0	0	0	0	0	0	0	0	0	0	0	0	0	0	0	0	0	0	0	0	0	0	0	10.15469	0	0	0	0	0	0	0	0	0	0	0	0	0	0	0	0	0	0	0	0	0	0	0	0	0	
0	0	0	0	0	0	0	0	0	0	0	0	0	0	0	0	0	0	0	0	0	0	0	0	0	0	0	0	0	0	0	0	0	0	0	0	0	0	0	0	0	0	0	0	0	0	0	0	0	0	0	8.13511	0	0	0	13.99756	0	0	5.63045	0	0	0	0	0	0	0	0	0	0	0	0	0	0	0	0	0	0	0	0	0	0	0	0	0	0	0	0	0	0	0	0	0	0	0	0	0	0	0	0	0	
0	0	0	0	0	0	0	0	0	0	0	0	0	0	0	0	0	0	0	0	0	0	0	0	0	0	0	0	8.03281	0	0	0	0	0	0	0	0	0	0	0	0	0	0	0	0	0	0	0	0	0	0	0	0	0	0	0	0	0	0	0	0	0	0	0	0	0	0	6.27543	0	0	0	0	0	0	0	0	0	0	0	0	0	0	0	0	0	0	0	0	0	0	0	0	0	0	0	0	0	0	0	0	
0	0	0	0	0	0	0	0	0	0	0	0	0	0	0	0	0	0	0	0	0	0	0	0	0	0	0	0	0	0	0	0	0	0	0	0	0	0	0	0	0	0	0	0	0	0	0	0	0	0	0	0	0	0	0	7.91859	0	0	0	0	0	0	0	0	0	0	0	0	0	0	0	0	0	0	0	0	0	0	0	0	0	0	0	0	0	0	0	0	0	0	0	0	0	0	0	0	0	0	0	0	
0	0	0	0	0	0	0	0	0	0	0	0	0	0	0	0	0	0	0	0	0	0	0	0	0	0	0	0	0	0	0	0	0	0	0	0	0	0	0	0	0	0	0	0	0	0	0	0	0	0	0	0	0	0	0	0	0	0	0	0	0	0	0	0	0	0	0	7.97434	0	0	0	0	0	0	0	0	0	0	0	0	0	0	0	0	0	0	0	0	0	0	0	0	0	0	0	0	0	0	0	0	
0	0	0	0	0	0	0	0	0	0	0	0	0	0	0	0	0	0	0	0	0	0	0	0	0	0	0	0	0	0	0	0	0	0	0	0	0	0	0	0	0	0	0	0	0	0	0	0	0	0	0	0	2.98803	0	0	0	4.42635	0	0	0	0	0	0	0	0	0	0	0	0	0	0	5.77447	0	0	0	0	0	0	0	0	0	0	0	0	0	0	0	0	0	0	0	0	0	0	0	0	0	0	0	0	
0	0	0	0	0	0	0	0	0	0	0	0	0	0	0	0	0	0	0	0	0	0	0	0	0	0	0	0	0	0	0	0	0	0	0	0	0	0	0	0	0	0	0	0	0	0	0	0	10.1348	0	0	0	12.04992	0	0	0	0	0	0	0	0	0	0	0	0	0	0	5.49837	0	0	0	0	0	0	0	0	0	0	0	0	0	0	0	0	0	0	0	0	0	0	0	0	0	0	0	0	0	0	0	0	
0	0	0	0	0	0	0	0	0	0	0	0	0	0	0	0	0	0	0	0	0	0	0	0	0	0	0	0	0	0	12.91846	0	0	0	0	0	0	0	0	12.01892	0	0	0	0	0	0	0	8.21638	0	0	0	0	0	0	0	0	0	6.38094	9.14052	0	6.88276	0	0	10.8659	0	0	0	0	0	0	0	0	0	0	0	0	0	0	0	0	0	0	0	0	0	0	0	0	0	0	0	0	0	0	0	0	0	0	0	0	
0	0	0	0	0	0	0	0	0	0	0	0	0	0	0	0	0	0	0	0	0	0	0	0	0	0	0	0	0	0	0	0	0	0	0	0	0	0	0	0	0	0	0	0	0	0	0	0	0	0	0	0	0	0	5.05906	0	0	0	0	0	0	0	0	0	0	0	0	0	0	0	0	0	0	0	0	0	0	0	0	0	0	0	0	0	0	0	0	0	0	0	0	0	0	0	0	0	0	0	0	0	
0	0	0	0	0	0	0	0	0	0	0	0	0	0	0	0	0	0	0	0	0	0	0	0	0	0	0	0	0	0	0	0	0	0	0	0	0	0	0	0	0	0	12.46745	0	0	0	0	0	0	0	0	0	10.15797	0	0	0	0	0	0	14.56346	0	0	0	0	0	0	0	0	0	0	0	5.98653	0	0	0	0	0	0	0	0	0	0	0	0	0	0	0	0	0	0	0	0	0	0	0	0	0	0	0	0	
0	0	0	0	0	0	0	0	0	0	0	0	0	0	0	0	0	0	0	0	0	0	0	0	0	0	0	0	0	0	0	0	0	0	0	0	0	0	0	0	0	0	0	7.08038	0	0	0	12.10622	0	0	0	8.01735	0	0	0	0	0	0	3.80742	0	0	0	0	0	0	0	0	0	0	0	0	0	0	0	0	0	0	0	0	0	0	0	0	0	0	0	0	0	0	0	0	0	0	0	0	0	0	0	0	0	
0	0	0	0	0	0	0	0	0	0	0	0	0	0	0	0	0	0	0	0	0	0	0	0	0	0	0	0	0	0	0	0	0	0	0	0	0	0	0	0	0	0	10.04533	0	0	0	0	0	0	0	0	0	0	0	0	8.18665	0	0	0	0	0	0	0	0	0	0	0	0	3.80747	0	0	0	0	0	0	0	0	0	0	0	0	0	0	0	0	0	0	0	0	0	0	0	0	0	0	0	0	0	0	0	
0	0	0	0	0	0	0	0	0	0	0	0	0	0	0	0	0	0	0	0	0	0	0	0	0	0	0	0	0	0	0	0	0	0	0	0	0	0	0	0	12.34036	0	0	0	0	0	0	0	0	0	0	0	0	0	0	0	0	0	0	0	0	0	0	0	0	0	0	0	0	0	0	0	0	0	0	0	0	0	0	0	0	0	0	0	0	0	0	0	0	0	0	0	0	0	0	0	0	0	0	0	
0	0	0	0	0	0	0	0	0	0	0	0	0	0	0	0	0	0	0	0	0	0	0	0	0	0	0	0	0	0	0	0	0	0	0	0	0	0	0	0	0	0	0	0	0	0	0	8.91041	0	0	6.66563	0	0	0	0	0	0	0	0	0	0	0	0	0	0	0	0	0	0	0	0	0	0	0	0	0	10.07346	0	0	0	0	0	0	0	0	0	0	0	0	0	0	0	0	0	0	0	0	0	0	0	
0	0	0	0	0	0	0	0	0	0	0	0	0	0	0	0	0	0	0	0	0	0	0	0	0	0	0	0	0	0	0	0	0	0	0	0	0	0	0	0	0	0	0	0	0	0	0	10.2347	0	0	10.08271	10.80989	0	0	0	0	10.41579	0	11.76131	0	10.96994	0	0	0	0	11.08147	0	0	0	0	0	0	0	0	0	0	0	0	0	0	0	0	0	0	0	0	0	0	0	0	0	0	0	0	0	0	0	0	0	0	
0	0	0	0	0	0	0	0	0	0	0	0	0	0	0	0	0	0	0	0	0	0	0	0	0	0	0	0	0	0	0	0	0	0	0	0	0	0	0	0	0	9.80511	0	0	0	0	0	0	0	0	0	0	0	0	0	0	0	0	0	0	0	0	0	0	0	0	0	0	0	0	0	0	0	0	0	0	0	0	0	0	0	0	0	0	0	0	0	0	0	0	0	0	0	0	0	0	0	0	0	0	
0	0	0	0	0	0	0	0	0	0	0	0	0	0	0	0	0	0	0	0	0	0	0	0	0	0	0	0	0	0	0	10.47416	0	0	0	0	0	0	0	0	0	0	0	0	0	0	0	9.4575	0	0	0	0	0	0	0	0	0	0	0	0	0	0	0	2.82114	0	0	0	3.13762	0	0	0	0	0	0	0	0	0	0	0	0	0	0	0	0	0	0	0	0	0	0	0	0	0	0	0	0	0	0	0	0	
0	0	0	0	0	0	0	0	0	0	0	0	0	0	0	0	0	0	0	0	0	0	0	0	0	0	0	0	0	0	0	11.2896	0	0	1.84808	0	0	0	0	0	0	0	0	0	0	0	0	0	0	0	0	0	0	0	0	0	0	0	0	0	0	0	0	0	0	0	0	0	0	0	0	0	0	0	0	0	0	0	0	0	0	0	0	0	0	0	0	0	0	0	0	0	0	0	0	0	0	0	0	0	
0	0	0	0	0	0	0	0	0	0	0	0	0	0	0	0	0	0	0	0	0	0	0	0	0	0	0	0	0	0	0	0	0	0	0	0	0	0	0	0	0	0	0	11.1458	0	0	0	0	0	12.22756	0	0	0	0	7.64638	0	0	0	0	0	0	0	0	0	0	0	0	0	0	0	0	0	0	0	0	0	0	0	0	2.09826	0	0	0	0	0	0	0	0	0	0	0	0	0	0	0	0	0	0	0	0	
0	0	0	0	0	0	0	0	0	0	0	0	0	0	0	0	0	0	0	0	0	0	0	0	0	0	0	0	0	0	0	0	9.28783	0	0	0	0	0	0	0	0	0	0	0	0	0	0	2.15931	0	0	7.99388	1.19623	0	0	0	0	0	0	6.43974	0	0	0	0	0	0	0	0	0	0	0	0	0	0	0	0	0	0	0	0	0	0	0	0	0	0	6.863	0	0	0	0	0	0	0	0	0	0	0	0	0	0	
0	0	0	0	0	0	0	0	0	0	0	0	0	0	0	0	0	0	0	0	0	0	0	0	0	0	0	0	0	0	0	0	0	0	0	0	0	0	0	9.54212	0	0	0	0	17.35431	0	8.59507	0	0	0	0	0	0	0	0	0	0	0	0	0	0	0	0	0	0	0	0	0	0	0	0	0	0	0	0	0	0	0	0	0	0	0	0	0	0	0	0	0	0	0	0	0	0	0	0	0	0	0	0	0	
0	0	0	0	0	0	0	0	0	0	0	0	0	0	0	0	0	0	0	0	0	0	0	0	0	0	0	0	0	0	0	0	0	0	0	9.59805	0	0	0	0	0	0	0	0	0	0	0	7.76034	0	0	0	0	0	4.7323	0	0	0	0	0	0	7.77183	0	0	0	0	0	0	0	0	0	0	0	0	0	0	0	0	0	0	0	0	0	0	0	0	0	0	0	0	0	0	0	0	0	5.68007	0	0	0	0	0	
0	0	0	0	0	0	0	0	0	0	0	0	0	0	0	0	0	0	0	0	0	0	0	0	0	0	0	0	0	0	0	0	0	0	0	0	0	0	0	0	0	13.09662	0	0	0	0	0	0	0	0	0	0	0	0	0	0	0	0	0	0	0	0	0	0	0	0	0	3.13762	0	0	0	5.70425	0	0	0	0	0	0	0	0	0	0	0	0	0	0	0	0	0	0	0	0	0	0	0	0	0	0	0	0	
0	0	0	0	0	0	0	0	0	0	0	0	0	0	0	0	0	0	0	0	0	0	0	0	0	0	0	0	0	0	0	0	0	0	0	0	0	0	0	0	6.49624	0	0	0	10.69465	0	0	7.22307	0	0	0.90049	10.98667	0	0	0	9.64097	0	0	8.32565	0	6.9038	0	0	0	0	0	0	0	2.15931	0	0	0	0	0	0	0	0	0	0	0	0	0	0	0	0	0	0	0	0	0	0	0	0	0	0	2.63236	0	0	0	0	
0	0	0	0	0	0	0	0	0	0	0	0	0	0	0	0	0	0	0	0	0	0	0	0	0	0	0	0	0	0	0	0	0	0	0	0	0	0	0	0	0	0	0	0	11.96364	0	0	0	0	17.70173	0	0	4.32685	0	0	0	0	5.9054	0	0	0	5.52577	0	0	0	0	0	0	0	0	0	0	0	0	0	0	0	0	0	0	0	0	0	0	0	0	0	0	0	0	0	0	0	0	0	0	0	0	0	0	
0	0	0	0	0	0	0	0	0	0	0	0	0	0	0	0	0	0	0	0	0	0	0	0	0	0	0	0	0	0	0	0	0	0	0	0	0	0	0	0	0	0	0	13.1637	0	0	11.22001	0	0	0	8.53565	0	0	0	0	0	0	0	0	7.45298	0	0	0	0	8.88947	0	0	4.84477	0	0	0	0	9.19701	0	0	0	2.63236	0	0	0	0	0	0	0	0	0	0	0	0	0	0	0	0	0	0	0	0	0	0	0	
0	0	0	0	0	0	0	0	0	0	0	0	0	0	0	0	0	0	0	0	0	0	0	0	0	0	0	0	0	0	0	0	0	0	0	0	0	0	0	0	0	0	0	0	9.28122	0	0	11.50066	0	0	0	10.97664	6.53721	0	0	4.60893	0	0	0	0	0	0	0	0	0	0	0	8.04706	0	0	0	0	0	11.63883	0	0	0	0	0	0	0	0	0	0	0	0	0	0	0	0	0	0	0	0	0	0	0	0	0	0	
0	0	0	0	0	0	0	0	0	0	0	0	0	0	0	0	0	0	0	0	0	0	0	0	0	0	0	0	0	0	0	0	0	0	0	0	0	12.04786	0	0	0	0	0	0	0	0	0	0	6.53721	0	0	5.62168	0	0	0	0	9.05142	0	0	2.41514	0	4.32685	0	0	0	0	0	0	0	0	0	0	0	0	5.46461	7.51582	0	0	0	0	0	0	0	0	0	0	0	0	0	0	0	0	0	0	0	0	0	0	0	0	
0	0	0	0	0	0	0	0	0	0	0	0	0	0	0	0	0	0	0	0	0	0	0	0	0	0	0	0	0	0	0	0	0	0	0	0	0	0	0	0	0	0	12.92249	0	0	9.88134	0	11.64997	0	0	8.93872	0	12.33238	0	8.97147	0	0	0	0	0	0	0	0	9.22444	0	0	0	4.05322	0	0	6.15392	0	0	0	0	0	0	0	2.63236	0	0	0	0	0	0	0	0	0	0	0	0	0	0	0	0	0	0	0	0	0	
0	0	0	0	0	0	0	0	0	0	0	0	0	0	0	0	0	0	0	0	0	0	0	0	0	0	0	0	0	0	0	0	0	0	0	0	0	0	0	0	0	0	0	0	0	0	0	6.55061	10.7223	0	0	9.55048	0	0	0	0	0	0	0	0	0	0	0	0	2.15931	0	0	0	0	0	0	0	0	0	0	0	0	0	0	0	0	0	0	0	0	0	0	0	0	0	7.65261	0	0	0	0	0	0	0	0	0	
0	0	0	0	0	0	0	0	0	0	0	0	0	0	0	0	0	0	0	0	0	0	0	0	0	0	0	0	0	0	0	0	0	0	0	0	0	0	0	0	0	0	0	0	0	0	0	12.1148	0	0	0	0	7.31058	0.90049	0	0	0	0	9.5922	6.39587	0	0	0	0	0	0	0	0	0	0	0	0	0	0	0	0	0	0	0	0	0	0	0	0	0	0	0	0	0	0	0	0	0	0	0	0	0	0	4.88764	0	
0	0	0	0	0	0	0	0	0	0	0	0	0	0	0	0	0	0	0	0	0	0	0	0	0	0	0	0	0	0	0	0	0	0	0	0	0	0	0	0	0	0	5.49837	0	0	0	0	0	0	8.91496	0	6.23916	0	7.19586	0	0	0	0	0	0	0	0	0	0	10.2347	0	0	0	0	0	0	0	0	0	0	0	11.36122	0	0	0	0	0	0	0	0	0	0	0	0	0	0	0	0	0	0	0	0	0	0	0	
0	0	0	0	0	0	0	0	0	0	0	0	11.52844	0	0	0	0	0	0	0	0	0	0	0	0	0	0	0	0	0	11.32024	0	0	0	0	0	0	0	0	0	0	0	7.5445	0	0	0	0	6.72622	0	0	14.87757	0	0	7.59556	1.84808	0	8.42986	0	0	0	0	0	0	8.97893	7.19586	8.65833	0	0	0	0	0	0	0	0	0	0	0	0	0	0	0	0	0	0	0	0	0	0	0	0	0	0	0	0	0	0	0	0	0	0	
0	0	0	0	0	0	0	0	0	0	0	0	0	0	0	0	0	0	0	0	0	0	0	0	0	0	0	0	0	0	0	0	0	0	0	0	0	0	0	0	0	0	0	0	0	9.85387	7.69546	0	1.84808	11.68817	0	8.10034	8.90225	0	8.40526	6.38867	0	0	0	0	8.95645	0	0	0	0	0	0	0	0	8.52174	0	0	0	0	0	0	3.6184	0	0	0	0	0	0	0	0	0	0	0	0	0	0	0	0	0	0	0	0	0	0	0	
0	0	0	0	0	0	0	0	0	0	0	0	0	0	0	8.43808	0	0	0	0	0	0	0	0	0	0	0	0	0	0	0	0	0	0	0	6.04451	12.23743	0	0	0	0	0	0	2.82114	0	12.12715	7.45966	9.02045	4.70793	9.97874	0	0	1.84808	0	10.60998	0	0	0	0	6.33521	0	9.99965	0	6.11837	0	9.87469	0	0	11.11117	0	10.64241	0	0	0	0	9.29979	0	2.41514	0	3.74448	0	0	0	0	0	0	0	0	0	0	9.32924	0	0	0	0	0	0	0	0	0	
0	0	0	0	0	0	0	0	0	0	0	0	0	0	0	0	0	0	0	0	0	0	0	0	0	0	10.02867	0	0	0	0	1.45075	0	0	5.55266	0	0	0	0	0	12.05384	0	0	0	0	0	0	0	9.46074	9.31753	3.27313	9.82593	8.74249	0	8.70102	0	16.02727	0	5.45883	0	0.90049	8.49117	0	0	0	8.12528	0	0	0	0	0	0	0	9.00106	0	0	0	0	0	0	0	0	0	0	0	0	0	0	0	0	0	0	0	0	0	0	3.97587	0	0	0	
0	0	0	0	0	0	0	0	0	0	0	0	0	0	0	0	0	0	0	8.61434	0	0	0	0	0	0	0	0	0	0	0	0	0	0	0	0	0	0	0	0	0	0	0	14.4451	0	0	11.73844	11.85036	11.24856	0	7.67725	7.92269	11.37306	0	0	0	12.97516	0	0	7.29494	5.45905	0	0	10.09534	0	7.54289	0	11.22106	0	0	0	0	0	0	0	0	0	0	0	0	0	0	0	0	0	0	0	0	0	0	8.56576	0	0	0	0	0	0	0	0	0	
0	0	0	0	0	0	0	0	0	0	0	0	9.37516	0	0	0	0	0	0	9.55048	0	0	0	0	0	0	0	0	0	0	0	0	0	6.41119	0	0	0	0	0	0	0	11.99155	13.28052	0	8.86084	0	0	6.29276	7.05251	0	10.94288	11.62213	7.08586	3.14045	9.88112	10.03226	13.58702	4.89554	7.67298	0	0	0	0	0	2.82114	0	0	0	0	0	0	0	0	0	0	0	0	0	11.59665	0	0	0	0	0	0	0	0	0	0	0	0	0	0	0	0	0	0	0	0	0	
0	0	0	0	0	0	0	0	0	0	0	0	0	0	0	0	0	0	0	0	0	0	0	14.30919	0	0	0	0	0	0	0	0	0	0	0	0	0	0	10.97864	0	0	0	9.04352	9.75389	0	0	8.29832	7.69637	0	8.52238	9.29581	6.95499	0	0	0	0	0	4.91121	14.18506	10.14478	12.52332	0	0	0	7.21282	0	13.43844	0	0	0	0	0	0	0	0	0	0	0	0	0	0	0	0	0	0	0	0	0	0	0	0	0	0	0	0	0	0	0	0	0	
0	0	10.94351	0	0	0	0	0	0	0	0	0	0	0	0	0	0	0	0	0	0	0	0	0	0	0	0	0	0	0	0	0	0	0	0	0	0	0	0	0	10.10894	0	0	0	0	10.1667	0	9.67332	8.93872	11.56109	0	8.75701	9.65964	9.04244	1.45075	9.07943	0	0	6.64109	0.90049	10.02247	0	7.46718	10.73923	0	0	0	0	0	0	0	8.93331	0	0	0	0	3.89412	0	0	0	0	0	0	0	0	0	0	0	0	0	0	0	0	0	0	0	0	0	0	0	
0	0	0	0	0	0	0	0	0	0	0	8.71894	0	0	0	0	0	0	0	0	0	0	0	0	0	0	0	0	0	0	0	0	6.10025	0	0	0	0	9.82836	11.52359	4.19651	10.96807	6.56389	0	0	12.47769	6.96298	12.42443	5.53929	9.19711	0	12.00712	0	11.94899	2.90443	0	10.27686	4.90204	6.31981	0	0	0	0	0	0	0	0	0	6.92454	0	0	0	0	4.26315	0	0	5.47044	0	0	11.05644	0	0	0	0	0	0	0	0	0	0	0	0	0	0	0	0	8.50028	0	0	0	0	
0	0	0	0	0	0	0	0	0	0	0	0	0	0	0	0	0	0	0	0	0	0	0	0	0	0	0	0	0	0	0	0	0	0	11.51098	10.02098	0	0	0	11.99981	0	16.08173	0	12.48778	13.06365	9.57238	7.52941	9.24127	4.63486	10.22428	10.92052	10.69239	2.48156	9.55793	0	0	7.09825	0	0	7.56816	9.27779	0	3.61678	0	0	0	0	0	0	0	0	0	0	0	0	0	0	0	2.82114	0	0	0	0	0	0	0	0	10.218	0	0	0	0	0	0	0	0	0	0	0	0	
0	0	0	0	0	0	0	0	9.13609	0	9.33506	0	0	0	0	0	0	0	0	0	0	0	0	0	0	0	10.53863	0	0	0	0	0	0	0	0	0	0	10.83885	11.4385	0	8.76736	4.65928	0	8.21638	0.90049	11.82077	6.64693	8.44371	8.5527	10.69145	0	7.98939	0	0	0	0	8.66544	5.57906	0	0	0	0	1.45075	0	0	0	8.57225	0	0	0	0	0	0	0	0	0	0	0	0	0	0	0	0	0	0	0	0	0	0	0	0	0	0	3.61678	0	0	0	0	0	0	
0	0	0	0	0	0	0	0	0	0	0	10.54451	0	0	12.13718	0	0	0	0	0	0	0	0	0	0	0	0	0	0	0	0	11.60591	0	0	7.41685	0	13.15234	0	0	10.90275	0	0	9.9336	10.51241	9.56969	9.05548	11.29616	9.09577	10.05654	8.10261	7.18802	10.30821	9.90317	11.68233	0	4.70793	9.28639	0	0	0	9.16251	5.65544	0	10.43043	0	0	0	0	0	0	0	0	0	0	0	6.03356	0	0	0	0	0	0	0	5.68007	0	0	0	0	0	0	0	0	0	0	0	0	0	0	0	0	
0	0	0	0	0	0	0	0	0	0	0	0	10.18937	0	0	0	0	0	0	0	0	0	0	0	0	0	0	0	0	10.26652	0	0	7.32625	0	6.22251	0	12.4169	0	16.11857	10.64085	10.47181	9.3808	13.74316	11.02963	8.06873	7.50079	10.51745	9.66942	5.63045	9.70809	7.68796	10.32812	10.22219	7.94354	6.81043	6.0746	11.75075	0	0	8.46664	4.92927	0	0	0	0	0	0	0	0	0	0	0	0	10.26777	0	0	0	0	0	0	9.16144	0	0	0	0	0	0	0	0	0	0	0	0	0	0	0	0	0	0	0	
0	0	0	0	0	0	0	12.94471	0	0	0	10.52172	0	0	0	0	0	0	0	0	0	0	0	0	0	0	0	9.4909	0	0	7.12596	0	11.26948	0	0	0	5.81945	8.18665	10.33288	10.23098	10.57846	9.93294	0	10.98087	11.93344	9.85355	9.26857	11.91826	10.80585	9.53056	7.46267	9.25524	8.95448	13.52001	5.24697	6.60402	10.7732	6.1957	12.63487	8.94381	5.96602	11.21581	8.02323	0	9.40128	0	0	0	0	0	0	0	0	10.93587	0	0	0	0	0	0	0	0	0	0	0	0	0	0	0	0	0	0	0	0	0	0	0	0	0	0	
11.5191	0	0	0	0	0	0	0	9.53836	0	0	0	6.65356	0	0	0	0	0	0	0	0	0	0	0	12.66791	0	0	7.56947	0	0	0	0	9.13386	0	10.66655	9.84509	0	5.81945	11.11508	7.0728	8.07978	9.17431	8.97626	10.67759	11.83613	10.34701	10.19279	10.31721	9.53292	11.59144	8.5667	5.52365	11.5499	6.7106	11.5161	9.46756	8.58858	4.87447	0	11.24365	3.397	0.90049	0	10.96165	0	7.903	0	0	0	0	3.61678	0	0	0	0	0	0	0	0	0	0	0	5.66483	0	0	7.53273	0	0	0	0	0	0	0	0	0	0	0	0	0	0	
0	0	0	10.54869	0	0	0	0	0	0	0	0	0	0	0	0	0	0	7.78323	0	0	10.13925	0	5.94654	10.47236	9.05142	0	0	10.22742	9.84373	10.58977	0	13.24038	0	0	0	0	9.80702	11.6601	7.79133	9.24573	7.31791	11.10173	9.57384	8.8527	10.25149	9.37217	9.74526	9.6693	9.09435	9.61144	7.98144	11.54218	6.65668	8.26459	8.68381	0	6.24405	6.10209	8.42531	0	5.77447	9.67349	0	0	0	0	0	0	7.11698	0	0	6.39587	0	2.98803	6.66593	11.30649	4.49265	0	1.45075	0	0	0	0	0	0	0	0	0	0	0	0	0	0	0	0	0	0	0	0	
9.02045	0	0	0	11.86183	7.74415	0	0	0	0	0	0	0	0	0	0	0	11.8018	0	0	0	0	0	0	9.35047	0	8.82583	9.01906	0	11.64665	9.8673	0	0	0	10.19897	8.33342	6.51936	11.63104	11.2315	8.9616	6.64225	9.284	8.90918	8.49306	10.42409	9.45858	9.63364	9.81365	10.07747	10.73212	5.86386	10.06817	11.58123	7.71009	9.46728	10.05306	8.39883	2.92571	6.22215	9.1543	11.09297	0	5.89955	9.732	11.3124	12.81155	9.27483	0	0	0	0	0	0	0	4.92927	0	0	0	0	0	0	0	0	0	0	0	0	0	0	0	0	0	0	0	0	2.15931	0	0	0	0	
0	0	0	0	0	0	0	0	7.21282	0	7.32625	0	0	0	0	0	8.78846	13.47152	9.24314	6.69035	10.14919	11.44062	0	0	0	12.25519	0	9.18846	9.97012	11.05174	0	11.36027	10.7987	8.28676	8.23343	11.25895	7.56066	6.9958	9.47452	8.77994	8.76598	8.04674	6.92951	8.09679	10.85231	8.0988	8.53293	9.50624	8.07268	6.91717	6.77157	10.92308	8.26465	9.60676	7.43831	7.17312	5.82739	9.34663	0	10.45558	7.8369	10.45558	5.10283	0	7.7939	11.21213	4.80058	0	0	0	0	9.92701	0	0	10.00209	0	0	0	10.34071	0	0	0	0	0	0	6.25562	0	0	0	0	0	0	0	0	0	2.82114	0	0	0	0	
0	11.96895	0	0	4.44637	7.05251	0	0	0	0	0	0	0	0	8.7219	10.48118	0	10.72008	9.36714	0	8.58858	0	10.21484	0	0	0	0	0	10.11333	8.59507	6.93925	0	10.01181	4.42052	9.732	8.86713	9.36636	9.47723	8.3225	10.67087	9.33389	9.70936	8.39583	8.4385	8.53308	8.50884	8.62907	8.71636	8.31271	7.80431	8.20922	8.197	8.70143	7.98101	8.57684	7.41248	2.15931	7.82796	8.01304	8.65081	0	8.02803	0	10.94351	10.35383	2.82114	6.14154	8.56567	0	0	0	0	0	0	0	0.90049	0	0	0	0	9.1226	0	0	0	0	0	0	0	0	0	0	0	0	0	0	0	0	0	0	0	
0	8.89736	8.17804	0	10.27268	0	0	0	0	0	9.79389	0	0	0	10.88653	6.56389	0	9.89059	0	0	7.59556	5.32205	8.7151	13.54937	9.79811	9.01321	0	4.74927	8.24139	7.6292	12.04016	10.26652	9.80769	10.25502	10.15746	7.24709	8.26629	9.09107	7.78838	7.83695	8.68425	7.94313	9.11027	8.24703	6.29592	6.56469	8.42428	9.72767	10.04696	8.85718	7.75825	9.26319	8.86709	9.76424	7.37005	6.67316	8.73587	5.01008	7.562	9.26362	0	7.40284	10.62068	8.91844	2.37751	11.12953	2.15931	0	0	0.90049	0	9.4681	0	0	10.44934	0	6.69035	0	0.90049	0	0	0	0	9.11788	0	2.46464	0	0	0	0	0	0	0	0	0	0	0	0	0	0	
0	0	0	0	0	0	0	0	7.33402	0	10.02027	11.41945	0	0	0	0	0	0	9.58182	0	13.35593	0	0	0	0	13.17361	9.89421	0	3.13762	9.03005	8.79514	8.34885	10.71041	9.45777	9.84381	9.55232	8.95165	9.11177	9.57317	9.96699	7.86892	8.32108	8.29656	8.77862	7.74884	8.42519	8.25753	9.43424	8.52511	9.21192	7.80498	6.85364	8.30859	8.65299	9.586	9.4875	8.64175	8.36279	8.60473	6.39699	10.19418	10.95092	11.32662	5.60164	0	12.77972	0	7.70895	0	0	0	0	0	0	0	0	0	0	0	0	0	7.53617	0	0	0	0	0	6.63039	11.85644	10.16016	0	0	0	0	0	0	0	0	0	0	
0	0	0	0	0	0	0	0	12.87018	10.60106	8.67697	1.45075	0	12.02644	0	0	0	4.80058	10.20852	4.7108	0	0	0	8.35656	7.99899	9.18417	4.80058	9.90811	4.85936	9.34565	0	7.42745	5.03615	4.34394	5.6182	7.59949	9.23735	7.09633	9.22798	7.09353	6.81503	8.21842	8.23554	9.25325	7.2872	7.89441	7.68257	9.59639	8.28412	8.7803	9.38895	8.59345	6.88092	7.42086	9.08493	9.31214	6.34775	6.99759	9.69477	5.08084	6.22384	8.60282	8.19859	3.89412	1.5299	7.85802	9.02045	0	0	0	0	0	0	5.65547	8.7337	0	0	0	12.36356	0	0	0	0	0	0	0	0	0	6.51003	0	0	0	0	0	0	0	0	0	0	0	
0	0	10.10446	7.03071	0	3.97587	0	2.15931	10.57679	0	0	0	0	0	0	0	0	7.98728	0	0	0	0	0	11.21949	0	9.6077	0	10.82129	8.32954	7.92883	0	8.54836	0	11.2861	7.00324	8.08976	8.42797	8.35515	1.69492	10.07928	11.93148	8.30388	7.30907	8.75685	8.30495	5.88912	7.28579	8.52438	8.38717	8.63389	8.46385	9.78	8.55475	8.51858	7.64084	7.42533	7.99801	11.44038	8.82512	6.46048	10.17355	9.15656	9.08164	9.97253	4.72511	0	0	4.51075	0.90049	7.89991	5.76714	0	7.63384	0	1.65782	0	6.4245	0	0	0	0	0	4.03059	0	0	0	0	0	0	0	0	0	0	0	0	0	0	0	0	0	
0	0	0	0	0	0	0	0	0.90049	0	11.82163	8.67678	7.83555	0	16.18105	0	0	8.38296	0	6.53721	0	0	0	0	0	0	9.4105	2.98803	10.28153	0	8.28614	7.5241	5.40636	7.73334	5.13222	7.275	8.14728	7.63683	7.50272	9.79577	8.89097	6.36778	6.26017	6.73034	7.46808	8.39426	8.47778	6.5468	8.42726	6.45105	7.76687	9.19287	9.02607	8.18905	7.6038	8.53281	6.45823	8.88949	8.30565	7.66118	4.98607	6.91619	9.36335	5.56092	3.27313	5.76296	6.89332	5.04253	0	0	9.54714	0	8.95005	3.29504	0	13.71106	0	0	0	0	0	0	0	0	0	0	0	0	7.28103	0	0	0	0	0	0	0	0	0	0	0	
0	0	0	0	0	0.90049	0	0	0	11.42492	0	0	4.92927	0	0	0	0	0	0	0	0	0	0	8.81221	0	0	8.56213	0	0	4.72746	6.38941	0	0	6.33922	5.32205	8.27003	8.93872	6.81774	8.10725	7.67725	4.81398	10.39929	5.58374	7.5136	10.64368	6.85786	6.4151	8.31462	10.07759	4.66299	8.38292	8.21106	10.68746	7.57691	10.1982	6.80597	8.51285	7.38009	5.44452	6.94404	9.65591	7.43786	4.64936	8.61355	8.13569	8.69289	6.73799	9.40498	7.69797	0	0	8.26597	0	4.32685	0	11.66448	8.39043	0	0	0	0	0	0	0	7.20436	0	0	6.06333	0	0	0	6.66593	0	0	0	0	5.92612	0	0	0	
0	0	0	0	0	0	0	0	0	0	0	11.05762	0	0	0	0	0	5.57222	12.44318	0	0	0	0	6.85062	0	0	0	8.60794	0	0	0	0	7.19112	6.49884	7.08801	0	5.77732	8.01097	6.37313	0.92404	5.71993	9.13852	7.28424	3.36311	0	7.98675	6.20711	5.3543	6.11237	10.20748	7.87883	11.05212	10.70599	5.0195	7.96437	6.64591	9.04022	8.86567	8.90047	8.68668	6.9054	5.62238	0	6.85826	10.74959	0	5.41257	6.33521	4.38785	7.92245	0	0	0	4.88764	0	10.7646	0	7.73709	0	0	0	7.22541	0	0	0	0	0	0	0	0	0	0	0	0	0	0	0	0	0	0	
0	0	0	0	7.69418	0	0	0	0	0	9.20974	0	4.12664	0	0	9.67807	0	0	5.47044	0	5.73869	10.64398	0	0	0	11.67561	3.89412	0	0	3.94362	0	8.50673	11.29956	0	0	8.5289	9.40682	2.41514	9.864	9.85642	2.27838	9.34471	6.86904	6.48232	4.53187	5.85927	12.18469	4.57595	8.12764	7.98777	10.00752	5.30029	8.21788	6.53096	7.44577	7.73441	6.32591	8.90647	6.90287	8.7773	6.6564	7.90508	6.05894	8.24696	8.73596	0	9.19865	8.29473	0	1.45075	8.86259	10.10332	8.86708	9.29208	8.64693	0	3.76814	0	0	0	3.51108	0	0	0.90049	0	3.13762	0	0	0	7.28675	0	0	0	0	0	0	0	0	0	0	
0	0	0	0	0	0	0	0	0	0	0	4.50262	3.48756	0	0	10.25837	0	0	0	2.41514	10.28868	0	3.397	0	0	0	0	0	0	5.85275	3.61678	5.22034	0	0	0	9.85322	0	0	0	5.35297	7.89381	6.83337	3.80022	5.37739	5.83016	3.47013	6.03328	6.12138	6.49254	6.54207	0	0	6.97197	9.83427	0.90049	11.39049	9.03601	6.26306	6.47434	6.99048	8.18727	6.9064	8.44583	7.912	6.45277	5.49672	8.00387	8.0423	5.19126	8.06821	0	5.90748	9.16912	8.47369	8.02803	0	2.82114	0	3.397	0	0	0	0	0	0	0	0	0	0	0	0	0	0	0	0	0	0	0	0	0	
0	0	0	8.35268	0	0	0	0	0	0	0	0	0	0	0	0	2.15931	0	0	0	0	0	8.24551	0	0	0	8.87261	8.67887	7.0897	4.88764	0	0	0.90049	0	0	10.31864	0	6.36586	0.90049	7.69367	5.48292	0	7.33402	0	3.54215	11.56357	6.71713	6.98501	5.96728	6.95423	5.71932	7.77812	7.74788	7.92825	6.94089	9.26145	8.56424	6.27435	7.02023	6.36798	7.59401	7.02078	8.60903	6.21891	8.16322	8.14857	6.66135	5.22508	10.30283	7.16533	4.5556	8.54667	6.15169	2.98799	6.72357	0	12.72074	0	5.36924	8.73076	0	6.39587	5.08475	0	0	8.85478	0	0	0	0	0	0	0	0	0	0	0	0.90049	0	9.92829	
0	0	5.72657	0	0	0	0	0	0	0	0	0	0	0	0	0	0	0	0	0	9.02045	0	0	0	0	8.34501	0	7.21509	0	9.20762	0	11.3261	10.66415	0	8.97147	0	0	8.32929	6.98621	0	5.55266	0	0	7.09909	9.97128	9.31949	7.27485	6.342	11.1336	7.75665	6.3039	9.80651	7.17119	7.3329	5.58383	7.74565	0	9.89824	7.13381	7.99381	3.39385	9.39165	5.70528	1.82498	5.76599	7.4219	5.36106	0	7.08306	3.66475	5.15209	6.51763	6.74051	9.45777	0	0	9.75329	0	2.89551	3.27313	0	4.61028	0	0	0	0	0	0	5.81123	0	0	0	0	0	0	0	7.74293	0	0	0	
0	0	0	0	2.41514	0	0	0	0	0	0	0	9.14936	0	0	0	0	0	0	0	10.5874	5.68007	0	0	0	0	0	7.12909	0	0	0	6.15392	8.71299	0	0	0	4.65928	0	6.96513	6.80662	0	0	6.67561	0	10.59469	0	2.27838	9.43238	0	6.73083	8.22476	6.10926	9.19914	7.23769	7.48335	1.75554	0	6.39256	5.4497	4.69177	7.48589	7.3404	8.03028	7.02202	7.68628	9.09648	6.68695	6.15897	7.70788	6.93018	8.58368	0	0	7.78444	0	7.54965	4.02117	4.56544	0	0	0	0	0	0	8.50844	4.19651	0	0	0	0	0	0	0	0	0	0	8.70402	0	0	0	
0	0	0	0	0	0	0	0	1.45075	0	0	0	0	0	0	0	9.21606	2.98803	0	0	0	0	0	0	6.89058	0	0	0	0	0	0	0	0	0	7.09885	8.30207	0	6.53721	0	0	0	0	8.75412	10.39186	0	11.00014	9.39015	6.95509	0	3.43071	0	10.0723	11.39412	7.37963	0	4.32685	0	7.94395	0	4.61118	7.88602	8.76852	5.40323	7.81689	5.07869	7.1769	6.71268	12.40178	8.11629	7.91128	8.02804	2.30788	7.31694	8.86286	8.22858	3.61566	10.9555	8.695	0	8.73956	7.22958	0	9.07519	0	6.84554	0	5.49837	3.51108	4.96974	0	2.49715	0	0	8.47901	0	0	0	0	0	0	
0	0	0	0	0	0	0	0	0	0	0	0	0	0	0	0	0	0	0	0	6.44033	0	0	0	0	0	0	0	0	5.65547	0	0	0	0	8.77995	0	0	0	0	0	9.22235	0	8.93361	8.71597	4.32916	0	0	1.84808	2.15931	5.82887	10.48293	0	0	2.08681	3.70459	7.98644	0	0	6.85596	8.46675	12.6813	6.66846	7.19726	6.12887	6.25787	6.38192	3.66531	8.3962	9.90668	5.68472	10.37166	7.05253	4.79329	5.97836	2.36421	1.45075	3.61007	0	5.02102	0	0	0	4.96974	0	0	0	8.48187	0	0	0	0	0	0	0	0	0	0	0	0	0	
0	0	0	0	7.9442	0	0	0	0	0	0	13.28692	0	6.06333	0	0	0	0	0	0	0	0	0	0	0	0	0	0	0	0	0	0	0	0	0	0	0	0	0	7.82057	0	0	6.46827	0	6.19019	0	6.23394	0	0	0	1.45075	0	0	0	9.88795	0	0	0	0	8.63336	9.46275	0	7.19828	7.2177	7.42183	0	0	5.29208	9.91768	11.19952	7.3132	9.36285	8.40625	4.70147	0	0	1.93738	6.04451	7.64159	2.41514	2.41514	7.15257	3.80747	0	2.15931	0	5.79713	10.24545	0	5.44307	0	0	0	0	12.34253	0	0	0	0	0	
0	0	0	0	0	0	0	0	0	0	0	0	0	0	0	0	0	6.33926	0	0	0	9.34471	8.85208	0	0	0	8.5524	0	0	0	0	0	0	7.15362	6.61581	0	0	0	0	0	0	0	0	0	0	0	0	0	0	0	0.90049	0	0	0	0	8.36856	10.83352	8.60265	4.38785	2.41514	0	5.27673	6.54967	0	7.85718	8.96694	5.22632	7.5897	4.41915	3.94525	8.20095	6.11874	7.60023	4.70617	7.9377	5.22821	8.56507	0	9.71425	5.61945	0	0	8.39553	0	7.18731	8.33463	3.89412	5.04742	0	9.61402	0	0	0	0	0	0	8.75626	0	0	0	
0	0	0	0	0	0	0	0	7.14724	0	0	0	0	0	0	0	0	0	0	0	0	0	0	0	0	0	0	0	0	0	0	0	0	0	0	0	0	0	0	8.86047	0	0	0	0	0	6.27189	0	5.88439	3.80747	0	0	10.77249	0	0	0	0	0	0	7.99526	0	8.25913	0	8.20344	9.89443	7.41499	5.37518	6.42333	0	0	7.37384	8.35794	8.48769	8.5671	5.74131	5.48698	10.00769	1.86082	0	9.83143	5.84988	6.81657	7.98002	9.18632	7.88115	11.81901	0	0	0	0	0	4.80058	0	9.00623	0	0	0	0	0	0	0	
0	0	0	0	0	0	0	0	0	0	0	0	0	5.96667	0	0	0	0	0	2.15931	0	0	0	0	0	3.00814	0	0	0	0	0	0	0	0	5.08475	0	0	6.63236	0	0	9.4646	0	7.81133	8.83301	3.13762	0	0	0	0	0	5.9054	5.57906	0	0	9.09094	0	0	0	0	6.48514	4.68764	0	5.15534	7.92888	6.72622	3.85677	9.65992	6.42526	4.92927	5.52988	8.11421	0	4.88301	6.2912	8.4842	6.32825	9.02518	4.70564	7.78351	4.93395	0	6.41039	9.26769	5.0231	8.6521	0	0	1.84808	4.2584	0	9.12493	0	0	5.81945	0	0	0	0	4.29726	0	
0	0	0	0	0	0	0	0	0	0	0	0	0	0	0	0	0	0	0	0	0	0	3.13762	0	0	0	0	0	7.35708	0	0	0	0	0	10.81106	0	0	6.17138	0	0	0	1.17562	0	0	0	0	4.62671	0	0	0	0	0	8.85478	0	0	0	2.69162	0.90049	0	4.1459	6.82967	0	0	6.63608	0	2.15931	0	8.94611	6.82012	11.65404	10.23384	7.59653	8.0844	5.86171	6.96513	7.88561	6.63635	0	6.94256	6.46577	6.4568	7.4646	2.93729	0	6.61392	0	1.45075	10.60261	0	0	8.55905	7.15491	0	0	0	0	9.70529	0	0	0	
0	0	0	0	0	0	0	0	0	0	0	0	0	0	0	0	0	0	0	0	0	0	0	0	0	0	0	0	0	0	0	0	0	0	0	0	0	9.69067	0	0	0	0	0	0	0	0	0	0	0	3.397	0	5.29088	0	3.87316	0	0	3.97587	6.9347	0	0	2.63236	0	9.42148	11.2465	8.05649	7.30006	0	0	7.8661	7.27304	0	3.89412	4.99513	8.07225	7.18544	5.74453	0	6.65633	4.91015	5.94096	3.49386	9.67502	5.70425	0	0	0	4.55255	0	0	0	0	0	6.6361	8.59778	5.4129	0	0	0	0	0	
0	0	0	0	0	0	0	6.33521	0	0	0	0	0	0	0	0	0	0	0	0	0	0	0	0	0	0	0	0	0	0	0	0	0	0	0	0	0	8.41388	0	6.91421	0	0	0	0	0	0	0	0	0	0	6.3587	0	0	10.1667	11.18124	0	0	7.04109	10.24298	9.23278	0	1.84808	0	7.75004	9.1934	9.10917	0	0	7.71146	4.21767	7.69444	6.68788	7.16925	8.45623	3.61678	7.79546	6.42471	0	7.47384	9.26581	8.7987	10.66415	2.30788	8.02167	4.55675	0	0	2.60787	0	0	9.66889	0	0	0	0	2.14572	0	0	0	0	
0	0	0	0	0	0	0	0	0	0	0	0	0	0	0	0	0	0	0	0	0	0	0	0	0	11.82301	0	0	0	0	0	0	0	0	0	0	0	5.65547	0	0	0	0	0	0	7.72532	0	0	0	6.91421	0	0	0	0	0	0	2.15931	0	0	0	0	0	0	7.86711	0	0	7.92054	6.45968	8.66757	16.9105	6.28076	3.56749	0	11.11601	0	7.52942	5.95298	7.90821	8.4557	6.28706	6.08827	3.91542	0	4.08686	0	7.98425	10.77354	0	0	0	0	7.42415	0	0	0	0	0	0	2.41514	0	0	
0	0	0	0	0	0	0	0	0	0	0	0	5.81945	0	0	0	0	0	0	0	0	0	0	0	0	0	0	0	0	0	0	0	0	0	0	0	0	0	0	0	0	0	0	0	0	0	0	8.21638	0	0	4.12664	0	10.54451	0	0	0	0	0	0	4.84268	0	0	0	4.37758	3.27313	5.86307	8.84044	0	9.97253	0	0	8.27003	0	0	0	3.26014	7.80186	8.36342	4.79266	5.41204	0	9.18005	6.66085	3.06671	5.34815	3.77079	7.27698	0	8.02323	0	0	0	0	5.52577	0	0	0	0	0	0	
0	0	0	0	0	0	0	0	0	0	0	0	0	0	0	0	0	0	0	0	0	0	0	0	0	0	0	0	0	0	0	0	9.67349	0	0	0	0	0	0	0	4.19651	0	0	0	0	0	0	0	0	0	0	0	0	0	0	0	6.14527	0	0	0	8.71195	0	0	3.01973	0	7.36469	0	0	7.21516	0	0	0	9.66889	0	0	10.13146	0	0	6.25461	8.84021	6.42361	6.53721	10.50547	0	1.84808	0	0	0	0	1.84808	5.12304	3.32862	5.78162	0	0	0	0	0	0	0	
0	0	0	0	0	0	0	1.63657	0	0	0	0	0	0	0	0	0	0	0	0	0	0	0	0	0	0	0	7.21282	0	0	0	0	0	0	0	0	0	0	0	0	0	0	0	0	0	0	0	0	0	0	0	0	0	0	0	0	0	1.45075	0	0	0	0	0	0	0	0	0	0	0	0	7.45394	4.89619	5.70359	0	0	10.60918	6.23916	0	8.68806	6.17138	0	7.20494	0	7.49518	1.45075	8.31665	0	7.91859	0	1.45075	0	1.45075	0	0	0	10.37596	0	0	0	0	
0	0	0	0	0	0	0	0	0	0	0	0	0	0	0	0	0	0	0	0	7.02397	0	0	0	0	0	0	0	0	0	0	0	0	0	0	0	0	0	0	0	0	0	0	0	0	0	0	0	0	0	0	0	0	0	0	0	0	0	0	11.38152	0	0	0	0	6.3039	8.53565	5.86307	3.3772	0	0	0	0	0	0	0	5.22508	4.8606	1.45075	0	0	2.70645	0	0	0	2.85475	5.55266	10.69092	6.54384	9.05377	0	7.95432	7.34944	14.31932	3.13762	0	7.15257	0	0	0	0	
0	0	0	0	0	0	0	0	0	0	0	0	0	0	0	0	0	0	0	0	0	0	0	0	0	0	0	0	0	0	0	0	0	0	0	0	0	0	0	0	0	0	0	0	0	0	0	0	4.32685	0	0	0	0	0	0	0	0	0	0	0	0	0	0	0	0	0	0	0	0	9.42148	9.05142	8.35268	6.65119	0	10.38907	6.25562	0	8.1952	13.221	0	0	8.18665	7.84359	0	3.89162	0	1.84808	0	0	5.89586	0	3.78115	3.02984	0	3.80747	0	0	0	0	0	
0	0	0	0	0	0	0	0	0	0	0	0	0	0	0	7.25083	0	0	0	0	0	0	0	0	0	0	0	0	0	0	0	0	0	0	7.02397	0	0	0	0	0	0	0	0	0	0	0	0	0	0	0	0	0	0	0	0	0	0	0	0	0	0	0	0	0	0	0	0	4.19651	0	0	0	0	0	5.52577	0	0	0	7.83276	0	0	0	5.65547	0	0	6.53276	0	6.07606	4.34352	6.87213	10.29712	7.88195	0	7.76034	0	0	0	0	0	0	0	
0	0	0	0	0	0	0	0	0	0	0	0	0	0	0	0	0	0	0	0	0	0	0	0	0	0	0	0	0	0	0	0	0	0	0	0	0	0	0	0	0	0	0	0	0	0	0	0	7.20436	0	0	0	0	0	0	0	0	0	0	10.60436	0	0	0	0	0	6.50155	0	0	0	0	0	6.31964	0	0	0	0	0	13.02041	0	7.05563	10.36272	0	0	9.46637	0	0	0	0	0	0	0	0	0	0	0	0	0	0	0	0	
0	0	0	0	0	0	0	0	0	0	0	0	0	0	0	0	0	0	0	0	0	0	0	0	0	0	0	0	0	0	0	0	0	0	0	0	0	0	0	0	0	0	0	0	0	0	0	0	0	0	0	0	0	0	0	1.43954	0	0	11.25931	0	0	0	0	0	10.54952	0	0	0	0	0	0	2.41514	0	11.55612	0	0	8.60473	0	0	0	3.6245	4.08382	4.46889	7.38509	0	0	0	9.12717	8.34719	0	3.97587	10.68329	9.25751	0	0	0	0	0	0	0	
0	0	0	0	0	0	0	0	0	0	0	0	0	0	0	0	0	0	0	0	0	0	0	0	0	0	0	0	0	0	0	0	0	0	0	0	0	0	0	0	0	0	0	0	0	0	0	0	0	0	0	0	0	0	0	0	0	0	0	0	0	0	0	0	0	0	0	0	0	0	0	0	0	0	0	0	0	0	0	0	0	0	0	0	0	0	0	0	0	0	0	9.98121	0	0	0	0	0	0	0	0	
0	0	0	0	0	0	0	0	0	0	0	0	0	0	0	0	0	0	0	0	0	0	0	0	0	0	0	0	0	0	0	0	0	0	0	0	0	0	0	0	0	0	0	0	0	0	0	0	0	0	0	0	0	0	0	0	0	0	0	0	0	0	0	0	0	0	0	0	0	0	8.657	0	0	0	0	0	6.00612	0	0	6.64059	0	0	0	8.99617	0	0	0	7.52264	0	0	3.47255	11.80635	0	0	0	0	0	0	0	0	
0	0	0	0	0	0	0	0	0	0	0	0	0	0	0	0	0	0	0	0	0	0	0	0	0	0	0	0	0	0	0	0	0	0	0	0	0	0	0	0	0	0	0	0	0	0	0	0	0	0	0	0	0	0	0	0	0	0	0	2.98803	0	0	0	0	0	0	0	0	0	0	7.9941	0	0	0	0	0	0	0	0	0	0	0	0	0	0	0	7.31844	0	0	0	0	0	0	0	0	0	0	0	0	0	
0	0	0	0	0	0	0	0	0	0	0	0	0	0	0	0	0	0	0	0	0	0	0	0	0	0	0	0	0	0	0	0	0	0	0	0	0	0	0	0	0	0	0	0	0	0	0	0	0	0	0	0	0	0	0	0	0	0	0	0	0	0	0	0	0	0	0	0	0	8.84666	6.603	0	0	0	0	0	0	0	7.65261	0	0	0	0	0	0	0	0	0	4.88764	9.14936	0	0	0	0	0	0	0	0	0	0	
0	0	0	0	0	0	0	0	0	0	0	0	0	0	0	0	0	0	0	0	0	0	0	0	0	0	0	0	0	0	0	0	0	0	0	0	0	0	0	0	0	0	0	0	0	0	0	0	0	0	0	0	0	0	0	0	0	0	0	0	0	0	0	0	0	0	0	0	0	0	0	0	0	0	0	0	0	0	0	0	0	0	0	0	0	0	6.00612	0	0	0	0	0	0	0	0	0	0	0	0	0	
0	0	0	0	0	0	0	0	0	0	0	0	0	0	0	0	0	0	0	0	0	0	0	0	0	0	0	0	0	0	0	0	0	0	0	0	0	0	0	0	0	0	0	0	0	0	0	0	0	0	0	0	0	0	0	0	0	0	6.27189	0	0	0	0	0	0	0	0	0	0	0	0	0	0	0	0	6.88276	0	0	0	0	0	0	0	0	0	0	0	0	0	0	0	0	0	0	0	0	0	0	0	0	
0	0	0	0	0	0	0	0	0	0	0	0	0	0	0	0	0	0	0	0	0	0	0	0	0	0	0	0	0	0	0	0	7.75456	0	0	0	0	0	0	0	0	0	0	0	0	0	0	0	0	0	8.67066	0	0	0	0	0	0	0	0	0	0	0	8.72486	0	0	0	0	0	0	0	0	0	0	0	0	6.603	0	0	0	0	2.63236	0	0	0	0	0	0	0	0	0	0	0	0	0	0	0	0	0	0	0	
0	0	0	0	0	0	0	0	0	0	0	0	0	0	0	0	0	0	0	0	0	0	0	0	0	0	0	0	0	0	0	0	0	0	0	0	0	0	0	0	0	0	0	0	0	0	0	0	0	0	0	0	0	0	0	0	0	0	0	0	0	0	0	0	0	0	0	0	0	0	0	0	0	0	0	0	0	0	0	0	0	0	0	0	0	0	0	0	0	0	0	0	0	0	0	0	0	0	0	0	
0	0	0	0	0	0	0	0	0	0	0	0	0	0	0	0	0	0	0	0	0	0	0	0	0	0	0	0	0	0	0	0	0	0	0	0	0	0	0	0	0	0	0	0	0	0	0	0	0	0	0	0	0	0	0	0	0	0	0	0	0	0	0	0	0	0	0	0	0	0	0	0	0	0	0	0	0	0	0	0	0	0	0	0	0	0	0	0	0	0	0	0	0	0	0	0	0	0	0	0	
0	0	0	0	0	0	0	0	0	0	0	0	0	0	0	0	0	0	0	0	0	0	0	0	0	0	0	0	0	0	0	0	0	0	0	0	0	0	0	0	0	0	0	0	0	0	0	0	0	0	0	0	0	0	0	0	0	0	0	0	0	0	0	0	0	0	0	0	0	0	0	0	0	0	0	0	0	0	0	0	0	0	0	0	0	0	0	0	0	0	0	0	0	0	0	0	0	0	0	0	
0	0	0	0	0	0	0	0	0	0	0	0	0	0	0	0	0	0	0	0	0	0	0	0	0	0	0	0	0	0	0	0	0	0	0	0	0	0	0	0	0	0	0	0	0	0	0	0	0	0	0	0	0	0	0	0	0	0	0	0	0	0	0	0	0	0	0	0	0	0	0	0	0	0	0	0	0	0	0	0	0	0	0	0	0	0	0	0	0	0	0	0	0	0	0	0	0	0	0	0	
0	0	0	0	0	0	0	0	0	0	0	0	0	0	0	0	0	0	0	0	0	0	0	0	0	0	0	0	0	0	0	0	0	0	0	0	0	0	0	0	0	0	0	0	0	0	0	0	0	0	0	0	0	0	0	0	0	0	0	0	0	0	0	0	0	0	0	0	0	0	0	0	0	0	0	0	0	0	0	0	0	0.90049	0	0	0	0	0	0	0	0	0	0	0	0	0	0	0	0	0	0	
0	0	0	0	0	0	0	0	0	0	0	0	0	0	0	0	0	0	0	0	0	0	0	0	0	0	0	0	0	0	0	0	0	0	0	0	0	0	0	0	0	0	0	0	0	0	0	11.62306	0	0	0	0	0	0	0	0	0	0	0	0	0	0	0	0	0	0	0	0	0	0	0	0	0	0	7.7955	0	0	0	0	0	0	0	0	0	0	0	0	0	0	0	0	0	0	0	0	0	0	0	0	0	
