0	0	0	0	0	0	0	0	0	0	0	0	0	0	0	0	0	0	0	0	0	0	0	0	0	0	0	0	0	0	0	0	0	0	0	0	0	0	0	0	0	0	0	0	0	0	0	0	0	0	0	10.05747	0	0	0	0	0	0	0	0	0	0	0	0	0	0	0	0	0	0	0	0	0	0	0	0	0	0	0	0	0	0	0	0	0	0	0	0	0	0	0	0	0	0	0	0	0	0	0	0	
0	0	0	0	0	0	0	0	0	0	0	0	0	0	0	0	0	0	0	0	0	0	0	0	0	0	0	0	0	0	0	0	0	0	0	0	0	0	0	0	0	0	0	0	0	0	0	13.15358	0	0	0	0	0	0	0	0	0	0	0	0	0	0	0	11.0184	0	0	0	0	0	0	0	0	0	0	0	0	0	0	0	0	0	0	0	0	0	0	0	0	0	0	0	0	0	0	0	0	0	0	0	0	
0	0	0	0	0	0	0	0	0	0	0	0	0	0	0	0	0	0	0	0	0	0	0	0	0	0	0	0	0	0	0	0	0	0	0	0	0	0	0	0	0	0	0	0	0	0	0	0	0	0	0	0	0	0	8.84433	0	0	0	0	0	0	0	0	0	0	0	0	0	0	0	0	0	0	0	0	0	0	0	0	0	0	0	0	0	0	0	0	0	0	0	0	0	0	0	0	0	0	0	0	0	
0	0	0	0	0	0	0	0	0	0	0	0	0	0	0	0	0	0	0	0	0	0	0	0	0	0	0	0	0	0	0	0	0	0	0	0	0	0	0	0	0	0	0	0	0	0	12.56962	9.57826	0	0	0	0	0	0	0	0	0	0	0	0	0	0	0	0	0	0	0	0	0	0	0	0	0	0	0	0	0	0	0	0	0	0	0	0	0	0	0	0	0	0	0	0	0	0	0	0	0	0	0	0	
0	0	0	0	0	0	0	0	0	0	0	0	0	0	0	0	0	0	0	0	0	0	0	0	0	0	0	0	0	0	0	0	0	0	0	0	0	5.98308	0	0	0	0	0	10.83452	0	0	0	0	0	0	0	0	0	0	0	0	0	0	0	0	0	0	0	0	0	0	0	0	0	0	0	0	0	0	0	0	0	0	0	0	0	0	0	0	0	0	0	0	0	0	0	0	0	0	0	0	0	0	0	0	
0	0	0	0	0	0	0	0	0	0	0	0	0	0	0	0	0	0	0	0	0	0	0	0	0	0	0	0	0	0	0	0	0	0	0	0	0	0	0	0	0	0	0	0	0	0	0	0	0	0	0	0	0	0	0	0	0	0	0	0	0	0	0	0	0	0	0	0	0	0	0	0	8.29753	0	0	0	0	0	0	0	0	0	0	0	0	0	0	0	0	0	0	0	0	0	0	0	0	0	0	0	
0	0	0	0	0	0	0	0	0	0	0	0	0	0	0	0	0	0	0	0	0	0	0	0	0	0	0	0	0	0	0	0	0	0	0	0	0	0	0	0	0	0	0	0	0	0	0	0	0	0	0	0	0	0	0	0	0	0	0	0	0	0	0	0	0	0	0	0	0	0	0	0	0	0	10.3272	0	0	0	0	0	0	0	0	0	0	0	0	0	0	0	0	0	0	0	0	0	0	0	0	0	
0	0	0	0	0	0	0	0	0	0	0	0	0	0	0	0	0	0	0	0	0	0	0	0	0	0	0	0	0	0	0	0	0	0	0	0	0	0	0	0	0	0	0	0	0	0	0	0	0	0	0	7.61704	0	0	0	7.1583	0	0	10.06174	0	0	0	0	0	0	0	0	0	0	0	0	0	0	0	0	0	0	0	0	0	0	0	0	0	0	0	0	0	0	0	0	0	0	0	0	0	0	0	0	0	
0	0	0	0	0	0	0	0	0	0	0	0	0	0	0	0	0	0	0	0	0	0	0	0	0	0	0	0	2.30454	0	0	0	0	0	0	0	0	0	0	0	0	0	0	0	0	0	0	0	0	0	0	0	0	0	0	0	0	0	0	0	0	0	0	0	0	0	0	7.2773	0	0	0	0	0	0	0	0	0	0	0	0	0	0	0	0	0	0	0	0	0	0	0	0	0	0	0	0	0	0	0	0	
0	0	0	0	0	0	0	0	0	0	0	0	0	0	0	0	0	0	0	0	0	0	0	0	0	0	0	0	0	0	0	0	0	0	0	0	0	0	0	0	0	0	0	0	0	0	0	0	0	0	0	0	0	0	0	8.09206	0	0	0	0	0	0	0	0	0	0	0	0	0	0	0	0	0	0	0	0	0	0	0	0	0	0	0	0	0	0	0	0	0	0	0	0	0	0	0	0	0	0	0	0	
0	0	0	0	0	0	0	0	0	0	0	0	0	0	0	0	0	0	0	0	0	0	0	0	0	0	0	0	0	0	0	0	0	0	0	0	0	0	0	0	0	0	0	0	0	0	0	0	0	0	0	0	0	0	0	0	0	0	0	0	0	0	0	0	0	0	0	9.17254	0	0	0	0	0	0	0	0	0	0	0	0	0	0	0	0	0	0	0	0	0	0	0	0	0	0	0	0	0	0	0	0	
0	0	0	0	0	0	0	0	0	0	0	0	0	0	0	0	0	0	0	0	0	0	0	0	0	0	0	0	0	0	0	0	0	0	0	0	0	0	0	0	0	0	0	0	0	0	0	0	0	0	0	0	2.30454	0	0	0	1.69315	0	0	0	0	0	0	0	0	0	0	0	0	0	0	10.285	0	0	0	0	0	0	0	0	0	0	0	0	0	0	0	0	0	0	0	0	0	0	0	0	0	0	0	0	
0	0	0	0	0	0	0	0	0	0	0	0	0	0	0	0	0	0	0	0	0	0	0	0	0	0	0	0	0	0	0	0	0	0	0	0	0	0	0	0	0	0	0	0	0	0	0	0	12.61871	0	0	0	13.34043	0	0	0	0	0	0	0	0	0	0	0	0	0	0	4.91441	0	0	0	0	0	0	0	0	0	0	0	0	0	0	0	0	0	0	0	0	0	0	0	0	0	0	0	0	0	0	0	0	
0	0	0	0	0	0	0	0	0	0	0	0	0	0	0	0	0	0	0	0	0	0	0	0	0	0	0	0	0	0	13.23789	0	0	0	0	0	0	0	0	10.24808	0	0	0	0	0	0	0	7.70217	0	0	0	0	0	0	0	0	0	4.87621	4.62297	0	9.45441	0	0	11.05733	0	0	0	0	0	0	0	0	0	0	0	0	0	0	0	0	0	0	0	0	0	0	0	0	0	0	0	0	0	0	0	0	0	0	0	0	
0	0	0	0	0	0	0	0	0	0	0	0	0	0	0	0	0	0	0	0	0	0	0	0	0	0	0	0	0	0	0	0	0	0	0	0	0	0	0	0	0	0	0	0	0	0	0	0	0	0	0	0	0	0	7.37242	0	0	0	0	0	0	0	0	0	0	0	0	0	0	0	0	0	0	0	3.58884	0	0	0	0	0	0	0	0	0	0	0	0	0	0	0	0	0	0	0	0	0	0	0	0	0	
0	0	0	0	0	0	0	0	0	0	0	0	0	0	0	0	0	0	0	0	0	0	0	0	0	0	0	0	0	0	0	0	0	0	0	0	0	0	0	0	0	0	14.60259	0	0	0	0	0	0	0	0	0	9.73081	0	0	0	0	0	0	7.08483	0	0	0	0	0	0	0	0	0	0	0	1.75022	0	0	0	0	0	0	0	0	0	0	0	0	0	0	0	0	0	0	0	0	0	0	0	0	0	0	0	0	
0	0	0	0	0	0	0	0	0	0	0	0	0	0	0	0	0	0	0	0	0	0	0	0	0	0	0	0	0	0	0	0	0	0	0	0	0	0	0	0	0	0	0	9.12226	0	0	0	10.02252	0	0	0	7.63209	0	0	0	0	0	0	4.33135	0	0	0	0	0	0	0	0	0	0	0	0	0	0	0	0	0	0	0	0	0	0	0	0	0	0	0	0	0	0	0	0	0	0	0	0	0	0	0	0	0	
0	0	0	0	0	0	0	0	0	0	0	0	0	0	0	0	0	0	0	0	0	0	0	0	0	0	0	0	0	0	0	0	0	0	0	0	0	0	0	0	0	0	12.12957	0	0	0	0	0	0	0	0	0	0	0	0	7.35167	0	0	0	0	0	0	0	0	0	0	1.36513	0	0	0	0	0	0	0	0	0	0	0	0	0	0	0	0	0	0	0	0	0	0	0	0	0	0	0	0	0	0	0	0	0	
0	0	0	0	0	0	0	0	0	0	0	0	0	0	0	0	0	0	0	0	0	0	0	0	0	0	0	0	0	0	0	0	0	0	0	0	0	0	0	0	12.00068	0	0	0	0	0	0	0	0	0	0	0	0	0	0	0	0	0	0	0	0	0	0	0	0	0	0	0	0	0	0	0	0	0	0	0	0	0	0	0	0	0	0	0	0	0	0	0	0	0	0	0	0	0	0	0	0	0	0	0	
0	0	0	0	0	0	0	0	0	0	0	0	0	0	0	0	0	0	0	0	0	0	0	0	0	0	0	0	0	0	0	0	0	0	0	0	0	0	0	0	0	0	0	0	0	0	0	6.83889	0	0	7.16172	0	0	0	0	0	0	0	0	0	0	0	0	0	0	0	0	0	0	0	0	0	0	0	0	0	8.09622	0	0	0	0	0	0	0	0	0	0	0	0	0	0	0	0	0	0	0	0	0	0	0	
0	0	0	0	0	0	0	0	0	0	0	0	0	0	0	0	0	0	0	0	0	0	0	0	0	0	0	0	0	0	0	0	0	0	0	0	0	0	0	0	0	0	0	0	0	0	0	5.98308	0	0	9.99979	11.65711	0	0	0	0	10.49906	0	11.78761	0	11.00684	0	0	0	0	8.97884	0	0	0	0	0	0	0	0	0	0	0	0	0	0	0	0	0	0	0	0	0	0	0	0	0	0	0	0	0	0	0	0	0	0	
0	0	0	0	0	0	0	0	0	0	0	0	0	0	0	0	0	0	0	0	0	0	0	0	0	0	0	0	0	0	0	0	0	0	0	0	0	0	0	0	0	9.42163	0	0	0	0	0	0	0	0	0	0	0	0	0	0	0	0	0	0	0	0	0	0	0	0	0	0	0	0	0	0	0	0	0	0	0	0	0	0	0	0	0	0	0	0	0	0	0	0	0	0	0	0	0	0	0	0	0	0	
0	0	0	0	0	0	0	0	0	0	0	0	0	0	0	0	0	0	0	0	0	0	0	0	0	0	0	0	0	0	0	6.77804	0	0	0	0	0	0	0	0	0	0	0	0	0	0	0	9.89264	0	0	0	0	0	0	0	0	0	0	0	0	0	0	0	3.15059	0	0	0	4.71241	0	0	0	0	0	0	0	0	0	0	0	0	0	0	0	0	0	0	0	0	0	0	0	0	0	0	0	0	0	0	0	0	
0	0	0	0	0	0	0	0	0	0	0	0	0	0	0	0	0	0	0	0	0	0	0	0	0	0	0	0	0	0	0	8.40875	0	0	2.05384	0	0	0	0	0	0	0	0	0	0	0	0	0	0	0	0	0	0	0	0	0	0	0	0	0	0	0	0	0	0	0	0	0	0	0	0	0	0	0	0	0	0	0	0	0	0	0	0	0	0	0	0	0	0	0	0	0	0	0	0	0	0	0	0	0	
0	0	0	0	0	0	0	0	0	0	0	0	0	0	0	0	0	0	0	0	0	0	0	0	0	0	0	0	0	0	0	0	0	0	0	0	0	0	0	0	0	0	0	10.71583	0	0	0	0	0	13.98163	0	0	0	0	7.84746	0	0	0	0	0	0	0	0	0	0	0	0	0	0	0	0	0	0	0	0	0	0	0	0	1.50827	0	0	0	0	0	0	0	0	0	0	0	0	0	0	0	0	0	0	0	0	
0	0	0	0	0	0	0	0	0	0	0	0	0	0	0	0	0	0	0	0	0	0	0	0	0	0	0	0	0	0	0	0	7.25077	0	0	0	0	0	0	0	0	0	0	0	0	0	0	3.76643	0	0	7.96911	0	0	0	0	0	0	0	6.84879	0	0	0	0	0	0	0	0	0	0	0	0.83835	0	0	0	0	0	0	0	0	0	0	0	0	0	0	6.54437	0	0	0	0	0	0	0	0	0	0	0	0	0	0	
0	0	0	0	0	0	0	0	0	0	0	0	0	0	0	0	0	0	0	0	0	0	0	0	0	0	0	0	0	0	0	0	0	0	0	0	0	0	0	9.46087	0	0	0	0	17.7435	0	9.83531	0	0	0	0	0	0	0	0	0	0	0	0	0	0	0	0	0	0	0	0	0	0	3.3863	0	0	0	0	0	0	0	0	0	0	0	0	0	0	0	0	0	0	0	0	0	0	0	0	0	0	0	0	0	0	
0	0	0	0	0	0	0	0	0	0	0	0	0	0	0	0	0	0	0	0	0	0	0	0	0	0	0	0	0	0	0	0	0	0	0	8.37148	0	0	0	0	0	0	0	0	0	0	0	6.37424	0	0	0	0	0	6.58132	0	0	0	0	0	0	8.93306	0	0	0	0	0	0	0	0	0	0	0	0	0	0	0	0	0	0	0	0	0	0	0	0	0	0	0	0	0	0	0	0	0	2.86873	0	0	0	0	0	
0	0	0	0	0	0	0	0	0	0	0	0	0	0	0	0	0	0	0	0	0	0	0	0	0	0	0	0	0	0	0	0	0	0	0	0	0	0	0	0	0	14.79839	0	0	0	0	0	0	0	0	0	0	2.51806	0	0	0	0	0	0	0	0	0	0	0	0	0	0	7.63513	0	0	0	3.58884	0	0	0	0	0	0	0	0	0	0	0	0	0	0	0	0	0	0	0	0	0	0	0	0	0	0	0	0	
0	0	0	0	0	0	0	0	0	0	0	0	0	0	0	0	0	0	0	0	0	0	0	0	0	0	0	0	0	0	0	0	0	0	0	0	0	0	0	0	7.91967	0	0	0	10.46227	0	0	7.79544	0	0	7.49721	11.06743	0	0	0	9.41331	0	0	8.60254	0	5.66236	0	0	0	0	0	0	0	4.87621	0	0	0	0	0	0	0	0	0	0	0	0	0	0	0	0	0	0	0	0	0	0	0	0	0	0	2.86873	0	0	0	0	
0	0	0	0	0	0	0	0	0	0	0	0	0	0	0	0	0	0	0	0	0	0	0	0	0	0	0	0	0	0	0	0	0	0	0	0	0	0	0	0	0	0	0	0	14.5998	0	0	0	0	18.99679	0	0	5.33632	0	0	0	0	5.90498	0	0	0	3.68036	0	0	0	0	0	0	0	0	0	0	0	0	0	0	0	0	0	0	0	0	0	0	0	0	0	0	0	0	0	0	0	0	0	0	0	0	0	0	
0	0	0	0	0	0	0	0	0	0	0	0	0	0	0	0	0	0	0	0	0	0	0	0	0	0	0	0	0	0	0	0	0	0	0	0	0	0	0	0	0	0	0	13.60926	0	0	14.97666	0	0	0	8.24228	0	0	0	0	0	0	0	0	8.46774	0	0	0	0	8.67665	0	0	4.47746	0	0	0	0	8.80674	0	0	0	0.83835	0	0	0	0	0	0	0	0	0	0	0	0	0	0	0	0	0	0	0	0	0	0	0	
0	0	0	0	0	0	0	0	0	0	0	0	0	0	0	0	0	0	0	0	0	0	0	0	0	0	0	0	0	0	0	0	0	0	0	0	0	0	0	0	0	0	0	0	6.37424	1.36513	0	11.81153	0	0	0	14.43952	4.71241	0	0	5.0233	0	0	0	0	0	0	0	0	0	0	0	9.96381	0	0	0	0	0	11.62651	0	0	0	0	0	0	0	0	0	0	0	0	0	0	0	0	0	0	0	0	0	0	0	0	0	0	
0	0	0	0	0	0	0	0	0	0	0	0	0	0	0	0	0	0	0	0	0	0	0	0	0	0	0	0	0	0	0	0	0	0	0	0	0	14.30254	0	0	0	0	0	0	0	0	0	0	3.58884	0	0	6.36586	0	0	0.83835	0	7.87678	0	0	2.70403	0	5.63974	0	0	0	0	0	0	0	0	0	0	0	0	5.20587	7.16623	0	0	0	0	0	0	0	0	0	0	0	0	0	0	0	0	0	0	0	0	0	0	0	0	
0	0	0	0	0	0	0	0	0	0	0	0	0	0	0	0	0	0	0	0	0	0	0	0	0	0	0	0	0	0	0	0	0	0	0	0	0	0	0	0	0	0	13.11501	0	0	11.39155	0	11.64222	0	0	10.88769	0	12.28936	0	10.18405	0	0	0	0	0	0	0	0	10.41309	0	0	0	6.13639	0	0	7.35861	0	0	0	0	0	0	0	2.51806	0	0	0	0	0	0	0	0	0	0	0	0	0	0	0	0	0	0	0	0	0	
0	0	0	0	0	0	0	0	0	0	0	0	0	0	0	0	0	0	0	0	0	0	0	0	0	0	0	0	0	0	0	0	0	0	0	0	0	0	0	0	0	0	0	0	0	0	0	7.58864	9.81904	0	0	10.33954	0	0	0	0	0	0	0	0	0	0	0	0	0.83835	0	0	0	0	0	0	0	0	0	0	0	0	0	0	0	0	0	0	0	0	0	0	0	0	0	7.48457	0	0	0	0	0	0	0	0	0	
0	0	0	0	0	0	0	0	0	0	0	0	0	0	0	0	0	0	0	0	0	0	0	0	0	0	0	0	0	0	0	0	0	0	0	0	0	0	0	0	0	0	0	0	0	0	0	11.39451	0	0	0	0	7.39959	0	0	0	0	0	10.83541	8.46774	0	0	0	0	0	0	0	0	0	0	0	0	0	0	0	0	0	0	0	0	0	0	0	0	0	0	0	0	0	0	0	0	0	0	0	0	0	0	6.01859	0	
0	0	0	0	0	0	0	0	0	0	0	0	0	0	0	0	0	0	0	0	0	0	0	0	0	0	0	0	0	0	0	0	0	0	0	0	0	0	0	0	0	0	6.80879	0	0	0	0	0	0	9.51777	0	7.47181	0	9.47372	0	0	0	0	0	0	0	0	0	0	11.75443	0	0	0	0	0	0	0	0	0	0	0	13.69199	0	0	0	0	0	0	0	0	0	0	0	0	0	0	0	0	0	0	0	0	0	0	0	
0	0	0	0	0	0	0	0	0	0	0	0	10.96537	0	0	0	0	0	0	0	0	0	0	0	0	0	0	0	0	0	11.19899	0	0	0	0	0	0	0	0	0	0	0	8.86017	0	0	0	0	9.97063	0	0	10.98738	0	0	7.95106	0	0	9.52441	0	0	0	0	0	0	10.50592	5.89029	9.38128	0	0	0	0	0	0	0	0	0	0	0	0	0	0	0	0	0	0	0	0	0	0	0	0	0	0	0	0	0	0	0	0	0	0	
0	0	0	0	0	0	0	0	0	0	0	0	0	0	0	0	0	0	0	0	0	0	0	0	0	0	0	0	0	0	0	0	0	0	0	0	0	0	0	0	0	0	0	0	0	10.18188	8.49005	0	3.76643	11.1215	1.75022	7.59823	5.67914	0	7.52833	7.11013	0	0	0	0	9.5904	0	0	0	0	0	0	0	0	9.81067	0	0	0	0	0	0	3.06621	0	0	0	0	0	0	0	0	0	0	0	0	0	0	0	0	0	0	0	0	0	0	0	
0	0	0	0	0	0	0	0	0	0	0	0	0	0	0	9.70516	0	0	0	0	0	0	0	0	0	0	0	0	0	0	0	0	0	0	0	6.99855	12.39256	0	0	0	0	0	0	3.76643	0	11.48653	8.75214	8.53058	4.83697	8.10037	0	0	3.76643	0	10.5865	0	0	0	0	5.24933	0	12.38556	0	7.78698	0	8.21576	0	0	10.18209	0	12.77188	0	0	0	0	9.76257	0	3.58884	0	3.62154	0	0	0	0	0	0	0	0	0	0	7.60625	0	0	0	0	0	0	0	0	0	
0	0	0	0	0	0	0	0	0	0	0	0	0	0	0	0	0	0	0	0	0	0	0	0	0	0	10.65438	0	0	0	0	0.83835	0	0	6.91623	0	0	0	0	0	11.09098	0	0	0	0	0	0	0	9.18707	10.63664	2.05384	10.63521	8.46774	0	10.15941	0	16.05582	0	4.5593	0	0	10.9528	0	0	0	7.91496	0	0	0	0	0	0	0	7.60625	0	0	0	0	0	0	0	0	0	0	0	0	0	0	0	0	0	0	0	0	0	0	0	0	0	0	
0	0	0	0	0	0	0	0	0	0	0	0	0	0	0	0	0	0	0	9.04706	0	0	0	0	0	0	0	0	0	0	0	0	0	0	0	0	0	0	0	0	0	0	0	13.96457	0	0	13.37444	13.29228	11.42378	0	6.31836	6.41393	8.41875	0	0	0	13.25497	0	0	6.97636	6.29534	0	0	11.7776	0	5.72818	0	11.71202	0	0	0	0	0	0	0	0	0	0	0	0	0	0	0	0	0	0	0	0	0	0	7.22458	0	0	0	0	0	0	0	0	0	
0	0	0	0	0	0	0	0	0	0	0	0	9.46249	0	0	0	0	0	0	7.52833	0	0	0	0	0	0	0	0	0	0	0	0	0	6.22348	0	0	0	0	0	0	0	11.99818	10.75649	0	8.14028	0	0	5.57305	8.46774	0	11.46377	11.94494	7.691	2.42164	9.43897	12.55004	14.23461	5.07622	9.04904	0	0	0	0	0	1.36513	0	0	0	0	0	0	0	0	0	0	0	0	0	9.15669	0	0	0	0	0	0	0	0	0	0	0	0	0	0	0	0	0	0	0	0	0	
0	0	0	0	0	0	0	0	0	0	0	0	0	0	0	0	0	0	0	0	0	0	0	13.03559	0	0	0	0	0	0	0	0	0	0	0	0	0	0	11.71304	0	0	0	8.63797	8.70689	0	0	9.42814	6.98984	0	8.54873	7.3724	7.74223	0	0	0	0	0	4.95173	13.78673	9.35895	10.03055	0	0	0	8.76292	0	0.83835	0	0	0	0	0	0	0	0	0	0	0	0	0	0	0	0	0	0	0	0	0	0	0	0	0	0	0	0	0	0	0	0	0	
0	0	11.53561	0	0	0	0	0	0	0	0	0	0	0	0	0	0	0	0	0	0	0	0	0	0	0	0	0	0	0	0	0	0	0	0	0	0	0	0	0	9.97402	0	0	0	0	8.54282	0	10.41666	9.5636	11.30886	0	8.50577	9.29161	8.60659	0	11.04555	0	0	8.89536	1.75022	10.52865	0	8.99006	11.57676	0	0	0	0	0	0	0	8.65021	0	0	0	0	6.10371	0	0	0	0	0	0	0	0	0	0	0	0	0	0	0	0	0	0	0	0	0	0	0	
0	0	0	0	0	0	0	0	0	0	0	10.68854	0	0	0	0	0	0	0	0	0	0	0	0	0	0	0	0	0	0	0	0	7.54059	0	0	0	0	10.62191	13.71597	4.79664	11.97464	7.60046	0	0	12.15764	7.77056	10.07791	6.68916	9.57865	0	11.92989	0	7.76078	3.9135	0	11.56098	5.38366	8.73831	0	0	0	0	0	0	0	0	0	5.83161	0	0	0	0	6.88771	0	0	6.31836	0	0	10.33778	0	0	0	0	0	0	0	0	0	0	0	0	0	0	0	0	6.12016	0	0	0	0	
0	0	0	0	0	0	0	0	0	0	0	0	0	0	0	0	0	0	0	0	0	0	0	0	0	0	0	0	0	0	0	0	0	0	12.53862	9.33322	0	0	0	12.51783	0	16.18928	0	10.67122	13.86194	9.52973	6.06508	8.97516	3.41072	9.69707	11.63104	10.35525	2.05384	9.569	0	0	8.84548	0	0	7.44224	9.72276	0	2.70403	0	0	0	0	0	0	0	0	0	0	0	0	0	0	0	5.49599	0	0	0	0	0	0	0	0	10.49336	0	0	0	0	0	0	0	0	0	0	0	0	
0	0	0	0	0	0	0	0	9.35895	0	10.55662	0	0	0	0	0	0	0	0	0	0	0	0	0	0	0	12.19723	0	0	0	0	0	0	0	0	0	0	13.35178	12.03711	0	7.02963	6.74662	0	4.3716	2.86873	12.21568	3.10954	8.50437	7.87417	8.92887	0	7.50394	0	0	0	0	8.3429	6.00094	0	0	0	0	5.83161	0	0	0	8.60444	0	0	0	0	0	0	0	0	0	0	0	0	0	0	0	0	0	0	0	0	0	0	0	0	0	0	4.3716	0	0	0	0	0	0	
0	0	0	0	0	0	0	0	0	0	0	13.01568	0	0	13.53611	0	0	0	0	0	0	0	0	0	0	0	0	0	0	0	0	11.50347	0	0	8.53365	0	11.77825	0	0	10.24848	0	0	8.6242	10.0765	9.75528	8.00785	10.86049	8.51688	4.7686	8.03373	7.69657	10.68831	10.26124	12.23683	0	5.59339	8.77303	0	0	11.61966	11.06159	4.82411	0	9.87701	0	0	0	0	0	0	0	0	0	0.83835	0	6.47569	0	0	0	0	0	0	0	5.70657	0	0	0	0	0	0	0	0	0	0	0	0	0	0	0	0	
0	0	0	0	0	0	0	0	0	0	0	0	12.46009	0	0	0	0	0	0	0	0	0	0	0	0	0	0	0	0	9.47372	0	0	8.06259	0	8.1045	0	10.34042	0	14.26931	10.10057	9.64306	11.61568	10.42542	9.00117	7.34085	4.99235	10.17599	10.20086	4.95163	9.34221	5.49951	11.17706	10.46066	7.66304	5.93536	6.60181	13.2561	0	0	8.72849	7.96132	0	0	0	0	0	0	0	0	0	0	0	0	10.19758	0	0	0	0	0	0	9.20949	0	0	0	0	0	0	0	0	0	0	0	0	0	0	0	0	0	0	0	
0	0	0	0	0	0	0	11.72585	0	0	0	9.80513	0	0	0	0	0	0	0	0	0	0	0	0	0	0	0	8.67942	0	0	6.67054	0	12.88832	0	0	0	2.30454	9.49751	11.58845	10.5782	9.30573	7.36807	0	10.78621	10.59545	9.43655	9.11883	8.65649	10.21278	8.20648	7.55214	9.16965	9.90548	13.45683	6.94014	5.1393	10.63235	7.19056	8.56862	9.14067	6.35276	11.86676	7.77664	0	9.43483	0	0	0	0	0	0	0	0	11.32087	0	0	0	0	0	0	0	0	0	0	0	0	0	0	0	0	0	0	0	0	0	0	0	0	0	0	
13.24142	0	0	0	0	0	0	0	9.04873	0	0	0	7.70762	0	0	0	0	0	0	0	0	0	0	0	11.57191	0	0	7.42627	0	0	0	0	8.55497	0	11.09542	8.62862	0	6.00094	10.61119	6.67969	10.13434	8.67533	5.80035	10.87383	11.35752	10.26079	7.49721	10.33471	8.84583	12.84911	9.35413	5.80031	8.87565	5.97356	11.69714	10.4836	9.56059	6.528	0	11.03955	0	0	0	10.25152	0	9.81652	0	0	0	0	0	0	0	0	0	0	0	0	0	0	0	0	5.03386	0	0	9.05533	0	0	0	0	0	0	0	0	0	0	0	0	0	0	
0	0	0	11.54553	0	0	0	0	0	0	0	0	0	0	0	0	0	0	7.64652	0	0	8.86885	0	7.29488	10.60668	9.1527	0	0	9.65809	9.8477	10.38382	0	15.05282	0	0	0.83835	0	9.82209	9.51115	8.22826	8.88856	5.71902	8.27677	9.93389	9.50105	10.21608	8.3591	8.93276	9.66051	5.93507	9.51366	7.99377	12.20096	8.29884	8.40112	9.75513	0	7.36184	7.05605	8.11658	0	4.4255	9.92107	0	0	0	0	0	0	6.736	0	0	6.10371	0	2.30454	6.10371	12.18067	5.09157	0	2.05384	0	0	0	0	0	0	0	0	0	0	0	0	0	0	0	0	0	0	0	0	
9.71466	0	0	0	11.94063	6.89194	0	0	0	0	0	0	0	0	0	0	0	11.83101	0	0	0	0	0	0	9.01005	0	8.13729	9.51941	0	12.74531	9.5644	0	0	0	9.24553	8.49321	6.65559	10.75603	10.40975	7.57902	7.13378	9.22016	7.40232	8.4143	9.48458	8.97269	9.41625	8.7523	10.18213	10.66363	5.12223	10.01672	12.49773	8.0795	9.18218	10.52637	9.62038	3.74369	3.90166	8.17262	8.89297	0	6.96575	10.45823	11.16374	13.88379	9.99645	0	0	0	0	0	0	0	8.84433	0	0	0	0	0	0	0	0	0	0	0	0	0	0	0	0	0	0	0	0	1.36513	0	0	0	0	
0	0	0	0	0	0	0	0	5.81151	0	6.68166	0	0	0	0	0	9.12038	13.45308	8.03685	5.94668	12.23992	11.41811	0	0	0	13.90062	0	9.04059	6.45789	11.10146	0	11.66483	11.90343	9.90865	8.28293	11.0765	7.56703	6.16653	8.71271	7.17297	8.04449	8.1006	6.80665	8.03046	10.88942	7.70896	7.57219	9.22352	8.29767	7.0805	6.73287	9.89732	8.62302	8.29428	8.22752	6.92789	5.86388	8.4054	0	5.72818	8.35246	8.9025	6.53444	0	8.31173	11.38349	5.72818	0	0	0	0	10.44606	0	0	4.75514	0	0	0	10.73264	0	0	0	0	0	0	7.07643	0	0	0	0	0	0	0	0	0	4.06698	0	0	0	0	
0	11.65394	0	0	2.51806	8.95613	0	0	0	0	0	0	0	0	2.86873	8.93306	0	10.10264	10.21455	0	4.19665	0	11.57897	0	0	0	0	0	9.30715	8.99453	6.90206	0	10.90913	5.33669	11.08847	8.10967	9.30532	10.45233	8.43117	10.30497	9.51953	8.61794	8.12919	8.33935	8.04586	7.32945	9.07766	8.97028	7.63275	7.42557	7.25049	8.0131	8.60784	8.11432	9.04371	7.15545	4.3716	8.74264	7.08319	6.49516	0	8.41543	0	12.02052	10.31406	1.75022	7.3591	3.58884	0	0	0	0	0	0	0	2.70403	0	0	0	0	9.60998	0	0	0	0	0	0	0	0	0	0	0	0	0	0	0	0	0	0	0	
0	8.81686	10.14743	0	11.36203	0	0	0	0	0	10.24621	0	0	0	11.49719	9.37616	0	8.89057	0	0	8.23097	7.3724	9.2943	12.98968	6.70364	5.33632	0	5.98187	5.47058	8.04759	12.04332	9.63254	9.89333	10.16514	10.73737	11.8587	7.97215	8.92762	7.27693	7.56086	6.5742	7.62706	9.10324	8.05093	6.46706	6.96368	8.4313	10.53345	10.35402	9.13644	7.88265	8.62465	8.34505	9.08535	6.88865	6.92184	7.69578	5.09015	8.31655	7.64652	0	8.54413	9.591	9.27021	2.63946	2.86873	0.83835	0	0	0	0	9.45274	0	0	10.44525	0	7.19755	0	0	0	0	0	0	10.08209	0	1.35202	0	0	0	0	0	0	0	0	0	0	0	0	0	0	
0	0	0	0	0	0	0	0	7.6967	0	7.76101	7.44597	0	0	0	0	0	0	9.82532	0	7.83258	0	0	0	0	9.79236	10.40897	0	2.51806	9.04706	4.16944	6.41479	10.82201	8.97839	9.94111	8.38145	9.77904	9.80372	8.99799	9.26571	6.11417	8.55264	8.48133	8.55015	7.21088	8.86631	6.71824	8.95341	8.40528	9.50665	7.35382	6.00946	7.08362	8.63021	7.44936	9.29913	8.80584	7.82669	8.29753	5.89659	8.72767	10.35488	13.01161	5.8362	0	13.60289	0	8.37347	0	0	0	0	0	0	0	0	0	0	0.83835	0	0	6.01859	0	0	0	0	0	6.822	4.57607	10.88889	0	0	0	0	0	0	0	0	0	0	
0	0	0	0	0	0	0	0	13.78987	10.4973	9.21396	2.51806	0	12.53479	0	0	0	6.16836	8.15723	7.37441	0	0	0	8.79705	6.93493	9.54241	6.54224	9.4938	4.77653	9.05535	0	8.74249	5.86661	5.03277	5.14674	6.8144	9.10301	6.71393	10.57275	7.18686	6.77765	7.76951	7.91894	7.77366	8.48087	8.30648	8.20581	9.10095	8.27969	9.22582	8.72449	8.97479	5.59833	6.48313	9.01015	8.94157	5.63722	11.34176	9.5317	7.56007	6.10054	9.58877	8.34543	4.25735	2.0558	9.61632	8.90012	0	0	0	0	0	0	8.14523	8.74448	0	0	0	13.59554	0	0	0	0	0	0	0	0	0	7.52216	0	3.3863	0	0	0	0	0	0	0	0	0	
0	0	11.57899	7.96229	0	5.44471	0	2.51806	8.27568	0	0	0	0	0	0	0	0	5.71161	0	0	0	0	0	11.57825	0	9.13056	0	10.15868	9.28615	8.03682	0	9.98527	0	9.8758	5.17052	8.16312	7.39018	7.27629	1.18079	9.3621	9.10325	8.28842	6.81255	8.71506	7.47951	6.62718	7.06106	7.66884	7.57529	8.84915	8.55541	8.87406	8.44335	7.78135	7.49602	7.19212	8.22195	9.40842	9.19209	6.6288	10.68713	9.97851	4.77878	11.14227	5.55391	0	0	5.89623	2.05384	2.86873	5.21854	0	10.03598	0	2.25786	0	6.19581	0	0	0	0	0	4.71742	0	0	0	0	0	0	0	0	0	0	0	0	0	0	0	0	0	
0	0	0	0	0	0	0	0	0	0	10.64731	10.34916	9.35745	0	14.62786	0	0	8.03252	0	10.10264	0	0	0	0	0	0	4.57607	3.68036	9.38144	0	7.39331	7.39383	4.84734	8.14427	5.29753	7.5282	9.0721	7.57469	7.32319	9.58972	9.83605	5.7608	5.62669	6.57091	7.56902	7.84247	7.63368	7.77747	8.54282	7.25349	7.87334	8.65215	8.67888	7.48598	7.32844	8.21772	6.4432	8.52188	7.28871	8.6321	6.70948	7.35258	10.28137	5.12825	0	5.39046	7.45247	5.66154	0	0	9.12038	0	4.69131	4.32542	0	14.17313	0	0	1.36513	0	0	0	0	0	0	0	0	0	6.89768	0	0	0	0	0	0	0	0	0	0	0	
0	0	0	0	0	2.30454	0	0	0	12.38811	0	0	8.75241	0	0	0	0	0	0	0	0	0	0	8.57716	0	0	6.85728	0	0	4.47951	7.10797	0	0	6.57118	4.83697	8.33673	9.56059	8.4516	8.65988	7.61207	4.60091	7.89122	5.60572	7.20608	11.28481	8.28245	5.97553	8.63755	9.88899	4.00287	7.62829	8.5969	10.83939	7.28356	9.72248	7.05828	7.20738	7.53067	5.27117	6.6401	9.83857	6.15735	4.24829	10.50663	8.46394	7.10907	7.91967	8.09206	4.789	0	0	9.99757	0	3.3863	0	12.80737	9.4801	0	0	0	0	0	0	0	6.89728	0	0	7.28033	0	0	0	8.64292	0	0	0	0	8.28664	0	0	0	
0	0	0	0	0	0	0	0	0	0	0	11.49365	0	0	0	0	0	4.82955	7.43287	0	0	0	0	7.7452	0	0	0	9.00784	0	0	0	0	7.08141	5.80188	7.44817	0	5.84638	8.60489	6.22101	1.43437	5.87715	8.90445	8.3305	4.59975	0	8.43509	5.84612	5.15267	6.64156	9.18603	8.08567	11.32715	10.80272	5.21304	8.14751	7.3842	8.21085	7.31951	8.75969	8.5219	6.94567	4.12926	0	6.20249	9.90352	0	9.06393	6.54224	5.81151	9.23768	0	0	1.75022	6.9534	0	11.57527	0	8.26832	0	0	0	6.59258	0	0	0	0	0	0	0	0	0	0	0	0	0	0	0	0	0	0	
0	0	0	0	7.73565	0	0	0	0	0	9.05563	0	0.83835	0	0	9.05135	0	0	6.33253	0	6.89852	4.87621	0	0	0	12.74646	5.24933	0	0	4.28378	0	8.18447	13.01747	0	0	8.83937	8.43198	9.12038	10.52611	10.39977	3.2506	8.88337	6.48328	7.72921	4.96638	6.54465	12.57018	3.95541	7.71909	8.17747	8.33533	5.93721	8.8057	8.14641	8.30363	8.27196	7.16326	6.58787	7.39892	8.08966	6.55003	7.51138	5.96871	4.54486	9.33204	0	7.16052	10.15866	0	0.83835	8.30306	10.15543	6.44139	10.00375	8.74797	0	4.13477	0	0	0	5.44471	0	0	0	0	4.06698	0	0	0	8.81181	0	0	0	0	0	0	0	0	0	0	
0	0	0	0	0	0	0	0	0	0	0	4.52761	3.62911	0	0	10.82076	0	0	0	3.01653	0	0	3.15059	0	0	0	0	0	0	5.34254	6.51763	4.92002	0	0	0	9.82657	0	0	0	6.91623	4.3341	6.92219	3.7701	5.5626	6.39371	4.40694	4.81368	6.25218	6.72029	4.07861	0	0	7.26247	10.11426	0.83835	10.45507	9.23427	5.8219	7.2309	6.57373	9.20226	6.94138	8.55161	7.13634	4.81861	5.64884	8.0837	7.49299	5.68463	8.55332	0	5.90525	8.35582	8.44509	10.33602	0	2.86873	0	5.33632	0	0	0	0	0	0	0	0	0	0	0	0	0	0	0	0	0	0	0	0	0	
0	0	0	5.05784	0	0	0	0	0	0	0	0	0	0	0	0	0.83835	0	0	0	0	0	8.43527	0	0	0	8.41421	10.36948	7.34469	6.41479	0	0	1.36513	0	0	9.80047	0	7.1261	0	8.26974	6.24543	0	7.26563	0	2.02738	11.85913	5.24399	7.72384	4.73846	7.23751	5.7868	6.8651	8.4876	8.81772	6.63037	8.67956	7.92682	5.8387	7.78661	6.79474	7.76626	7.61566	7.14174	7.49476	7.83798	8.96279	5.69329	5.36419	10.14077	7.23703	5.7301	10.08397	4.69782	1.73665	7.52317	0	12.76079	0.83835	6.40721	10.07128	0.85734	3.84764	0.83835	0	0	6.70364	0	0	0	0	0	0	0	0	0	0	0	0.83835	0	10.94878	
0	0	5.48291	0	0	0	0	0	0	0	0	0	0	0	0	0	0	0	0	0	8.18484	0	0	0	0	10.09642	0	8.78994	0	10.79667	0	11.65711	8.71773	0	7.81249	0	0	7.05928	7.32565	0	6.78836	0	0	7.36302	9.73348	8.44835	8.78005	6.94175	7.1583	10.01611	6.59046	8.94233	6.58953	7.70731	5.76678	7.81285	0	10.46032	7.4679	7.9342	2.58549	6.14158	6.3337	2.37474	5.20964	8.75376	5.56278	0	8.14379	4.89496	4.49571	7.45471	7.45394	9.00441	0.83835	0	7.16574	0	1.79613	4.91441	0	5.63571	0	0	0	0	0	0	4.21818	0	0	0	0	0	0	0	5.81151	0	0	0	
0	0	0	0	3.01653	0	0	0	0	0	0	0	7.03368	0	0	0	0	0	0	0	3.15059	6.87808	0	0	0	0	0	9.16958	0	0	0	3.49112	9.23424	0	0	0	3.99751	0	7.94757	8.43198	0	0	2.99154	1.75022	8.57597	0	3.47681	9.4801	4.4255	6.65669	8.70689	6.40728	11.69429	4.67959	6.68442	2.43811	0	6.37696	3.77457	2.93657	8.17993	5.83786	7.75903	6.71846	7.47548	9.15674	8.65836	4.31335	8.34236	6.77424	9.22223	0	0	7.8887	0	6.50141	4.35752	5.73609	0	0	0	0	0	0	6.52999	1.36513	0	0	0	0	0	0	0	0	0	0	8.177	0	0	0	
0	0	0	0	0	0	0	0	3.99751	0	0	0	0	0	0	0	7.35861	4.3156	1.75022	0	0	0	0	0	5.22831	0	0	0	0	0	0	0	0	0	7.80742	8.67387	0	8.59374	0	0	0	0	9.00342	6.84879	0	12.17451	9.86852	9.06627	0	3.48582	0	10.31297	12.50165	7.0945	0	6.23024	0	8.3807	0	4.27749	9.02375	3.68036	4.34777	6.71451	5.80072	6.93702	6.89153	10.9022	7.63513	7.23202	7.73733	2.84542	6.97901	4.47746	7.30865	4.59129	11.13966	8.75768	0	0	5.79112	5.94668	9.90339	0	9.07622	0.83835	8.15324	4.79664	5.74947	0	0	0	0	8.65935	0	0	0	0	0	0	
0	0	0	0	0	0	0	0	0	0	0	0	0	0	0	0	0	0	0	0	4.33358	0	0	0	0	0	0	0	0	4.3156	0	0	0	0	9.25858	0	0	0	0	0	9.13663	0	9.24553	9.38639	5.3725	0	0	2.05384	1.75022	6.21361	7.13422	0	0	5.85861	2.71927	6.84144	0	0	5.3826	8.25634	13.821	6.75501	7.61534	5.34838	6.49853	7.10682	6.78665	8.97057	9.86676	7.14555	10.91676	7.48309	5.56698	6.39351	2.30239	0	3.58884	0	3.41608	0	0	0	2.86873	0	0	0	9.85846	0	0	0	0	0	0	0	0	0	0	0	0	0	
0	0	0	0	6.50517	0	0	0	0	0	0	7.65218	0	8.65425	0	0	0	0	0	0	0	0	0	0	0	0	0	0	0	0	0	0	0	0	0	0	0	0	0	6.85356	0	0	7.72921	0	5.83918	0	7.54905	1.36513	0	0	3.01653	0	0	0	9.91637	0	0	2.05384	0	9.08941	7.69441	0.83835	6.45029	6.88706	8.06808	0	2.17919	5.22164	8.82276	11.6579	7.54684	10.02661	8.11012	4.64154	0	0	2.56625	2.51806	8.33992	2.86873	4.06698	7.57081	0.83835	0	3.68036	0	7.21296	9.82589	0	5.96277	0	0	0	0	3.01653	0	0	0	0	0	
0	0	0	0	0	0	0	0	0	0	0	0	0	0	0	0	0	7.00003	0	0	0	5.30791	9.43154	0	0	0	7.5588	0	0	0	0	0	0	7.41653	6.19963	0	0	0	0	0	0	0	0	0	0	0	0	0	0.83835	0	0.83835	0	0	0	0	6.89625	10.0305	9.84135	6.65934	3.68036	0	5.93551	6.75456	0	7.7198	9.27258	6.32022	8.34413	4.19885	8.4681	8.65629	5.80008	7.49218	5.44095	5.99922	5.46372	8.7912	0	10.69267	6.13622	0	0	6.00377	0	6.41479	8.02656	4.47746	7.32355	0	10.26505	0	0	0	0	0	0	8.86681	0	0	0	
0	0	0	0	0	0	0	0	7.40575	0	0	0	0	0	0	0	0	0	0	0	0	0	0	0	0	0	0	1.36513	0	4.95163	0	0	0	0	0	0	0	0	0	8.59972	0	0	0	0	0	8.27568	0	7.16623	5.94668	0	0	11.15728	0	0	0	0	0	0	8.15434	0	6.95624	0	7.31833	9.08039	6.34887	3.77324	7.2331	0	0	7.90639	7.54915	9.43975	9.42992	5.02679	6.64198	10.26777	2.98864	0	0	5.3631	6.88359	7.60325	9.01884	8.30466	5.96466	0	0	0	0	0	6.42805	0	10.38806	0	0	0	0	0	0	0	
0	0	0	0	0	0	0	0	0	0	0	0	0	8.48688	0	0	0	0	0	3.68036	0	0	0	0	0	2.88118	0	0	0	0	0	0	0	0	5.96499	0	0	7.21085	0	0	9.73081	0	3.3863	10.25182	6.34657	0	0	0	0	0	7.01622	7.43943	0	0	10.0403	0	0	0	0	6.80188	4.63674	0	4.26671	8.04117	6.05324	4.25162	8.42309	2.51806	0	4.6997	8.37507	0	6.48611	7.00692	9.21333	6.52946	9.76818	5.50188	7.24139	4.50775	0	6.59773	9.97741	6.27009	8.6279	0	0	5.09157	2.91752	0	12.91771	0	0	6.15247	0	0	0	0	3.2074	0	
0	0	0	0	0	0	0	0.83835	0	0	0	0	0	0	0	0	0	0	0	0	0	0	13.07314	0	0	0	0	0	8.73384	0	0	0	0	0	11.73001	0	0	7.33063	0	0	0	2.61105	0	0	0	0	7.37202	0	0	0	0	0	9.39147	0	0	0	2.89532	2.51806	0	3.80323	6.59009	0	0	7.53931	0	3.15059	0	9.69963	6.6243	12.4175	10.061	5.67105	8.91668	6.12885	7.68017	6.88073	8.18303	0	7.83739	8.14979	6.70979	8.29458	4.87341	0	5.17423	0	1.36513	9.72703	0	0	8.91903	7.83295	0	0	0	0	8.19651	0	0	0	
0	0	0	0	0	0	0	0	0	0	0	0	0	0	0	0	0	0	0	0	0	0	0	0	0	0	0	0	0	0	0	0	0	0	0	0	0	10.1405	0	0	0	0	0	0	0	0	0	0	0	2.05384	0	5.34849	0	1.85025	0	0	3.49112	6.82191	0.83835	0	1.75022	0	11.01015	9.02322	6.9534	7.86004	0	0	8.06706	7.9297	0	4.3156	5.39668	9.06072	7.06347	5.8428	0	5.42208	5.33192	7.41326	3.69733	9.21524	5.15676	1.36513	0	0	5.51792	0	0	0	0	0	6.91607	6.15794	8.55194	0	0	0	0	0	
0	0	0	0	0	0	0	8.18092	0	0	0	0	0	0	0	0	0	0	0	0	0	0	0	0	0	0	0	0	0	0	0	0	0	0	0	0	0	9.59416	0	7.24329	0	0	0	0	0	0	0	0	0	0	4.78701	0	0	9.7241	5.01734	0	0	5.32317	9.05563	11.11434	0	0.83835	0	7.45872	9.76555	8.57	0	0	6.73766	4.9568	7.52974	4.33772	6.04705	6.89533	0	8.17939	6.2233	0	8.38581	10.40551	9.02653	6.30404	2.74921	6.1243	4.52453	0	0	3.5963	0	0	10.64376	0	0	0	0	2.9499	0	0	0	0	
0	0	0	0	0	0	0	0	0	0	0	0	0	0	0	0	0	0	0	0	0	0	0	0	0	12.0897	0	0	0	0	0	0	0	0	0	0	0	6.98066	0	0	0	0	0	0	7.65782	0	0	0	9.62104	0	0	0	0	0	0	0.83835	0	0	0	0	0	0	7.81064	0	0	6.65307	5.47904	7.00613	16.72027	5.82394	4.62001	0	11.91131	0	7.72384	6.86925	0.83835	9.29574	4.19433	6.14056	2.00644	0	2.70403	0	9.45278	12.09807	0	0	0	0	8.85419	0	0	0	0	0	0	1.36513	0	0	
0	0	0	0	0	0	0	0	0	0	0	0	5.39153	0	0	0	0	0	0	0	0	0	0	0	0	0	0	0	0	0	0	0	0	0	0	0	0	0	0	0	0	0	0	0	0	0	0	10.41392	0	0	5.47058	0	10.13231	0	0	0	0	0	0	5.51817	0	0	0	4.19855	1.75022	6.08708	8.68556	0	5.39153	0	0	7.1583	0	0	0	3.0922	8.71858	8.96905	4.60939	5.98505	0	9.29642	7.27879	4.25375	3.56844	3.35093	3.83741	0	5.72818	0	0	0	0	6.98963	0	0	0	0	0	0	
0	0	0	0	0	0	0	0	0	0	0	0	0	0	0	0	0	0	0	0	0	0	0	0	0	0	0	0	0	0	0	0	9.87338	0	0	0	0	0	0	0	4.3156	0	0	0	0	0	0	0	0	0	0	0	0	0	0	0	5.83605	0	0	0	10.14615	0	0	4.66885	0	7.53448	0	0	6.50003	0	0	0	8.54891	0	0	10.14843	0	0	7.3624	6.16971	7.85663	5.90933	10.54754	0	4.71241	0	0	0	0	2.70403	5.3764	3.67111	5.36727	0	0	0	0	0	0	0	
0	0	0	0	0	0	0	2.85728	0	0	0	0	0	0	0	0	0	0	0	0	0	0	0	0	0	0	0	8.78628	0	0	0	0	0	0	0	0	0	0	0	0	0	0	0	0	0	0	0	0	0	0	0	0	0	0	0	0	0	0.83835	0	0	0	0	0	0	0	0	0	0	0	0	7.42729	4.08094	5.116	0	0	9.19016	5.24933	0	10.19897	5.54551	0	7.06995	0	7.05948	3.58884	8.17142	0	9.47052	0	3.92452	0	1.36513	0	0	0	8.33321	0	0	0	0	
0	0	0	0	0	0	0	0	0	0	0	0	0	0	0	0	0	0	0	0	8.71232	0	0	0	0	0	0	0	0	0	1.75022	0	0	0	0	0	0	0	0	0	0	0	0	0	0	0	0	0	0	0	0	0	0	0	0	0	0	0	0	11.3547	0	0	0	0	6.83889	7.67461	5.94668	5.06277	0	0	0	0	0	0	0	4.13328	6.36506	2.70403	0	0	2.99154	0	0	0	2.24757	7.28033	10.60334	5.70779	9.54241	0	9.91165	6.77804	6.77804	5.92813	0	6.46712	0	0	0	0	
0	0	0	0	0	0	0	0	0	0	0	0	0	0	0	0	0	0	0	0	0	0	0	0	0	0	0	0	0	0	0	0	0	0	0	0	0	0	0	0	0	0	0	0	0	0	0	0	4.79664	0	0	0	0	0	0	0	0	0	0	0	0	0	0	0	0	0	0	0	0	5.12453	9.10807	8.53365	6.56937	0	8.56701	6.45422	0	8.45808	13.83414	0	0	7.81249	9.29682	0	3.83452	0	0	0	0	3.03549	0	3.77905	4.00464	0	3.01653	0	0	0	0	0	
0	0	0	0	0	0	0	0	0	0	0	0	0	0	0	8.46253	0	0	0	0	0	0	0	0	0	0	0	0	0	0	0	0	0	0	6.07026	0	0	0	0	0	0	0	0	0	0	0	0	0	0	0	0	0	0	0	0	0	0	0	0	0	0	0	0	0	0	0	0	3.76643	0	0	0	0	0	7.05948	0	0	0	2.99154	0	0	0	6.56643	0	0	8.38464	0	7.2157	3.84845	6.16836	10.04529	8.62862	0	7.45895	0	0	0	0	0	0	0	
0	0	0	0	0	0	0	0	0	0	0	0	0	0	0	0	0	0	0	0	0	0	0	0	0	0	0	0	0	0	0	0	0	0	0	0	0	0	0	0	0	0	0	0	0	0	0	0	7.5588	0.83835	0	0	0	0	0	0	0	0	0	12.58043	0	0	0	0	0	6.78495	0	0	0	0	0	7.03368	0	0	0	0	0	12.59924	0	4.38136	10.5067	0	0	10.05534	0	0	0	0	0	0	0	0	0	0	0	0	0	0	0	0	
0	0	0	0	0	0	0	0	0	0	0	0	0	0	0	0	0	0	0	0	0	0	0	0	0	0	0	0	0	0	0	0	0	0	0	0	0	0	0	0	0	0	0	0	0	0	0	0	0	0	0	0	0	0	0	1.94009	0	0	13.72687	0	0	0	0	0	11.04608	0	0	0	0	0	0	3.84764	0	2.51806	0	0	7.17413	0	0	0	2.1858	5.05459	5.06184	8.1046	0	0	0	9.83282	8.93085	0	4.47746	13.65422	9.253	0	0	0	0	0	0	0	
0	0	0	0	0	0	0	0	0	0	0	0	0	0	0	0	0	0	0	0	0	0	0	0	0	0	0	0	0	0	0	0	0	0	0	0	0	0	0	0	0	0	0	0	0	0	0	0	0	0	0	0	0	0	0	0	0	0	0	0	0	0	0	0	0	0	0	0	0	0	0	0	0	0	0	0	0	0	0	0	0	0	0	0	0	0	0	0	0	0	0	10.086	0	0	0	0	0	0	0	0	
0	0	0	0	0	0	0	0	0	0	0	0	0	0	0	0	0	0	0	0	0	0	0	0	0	0	0	0	0	0	0	0	0	0	0	0	0	0	0	0	0	0	0	0	0	0	0	0	0	0	0	0	0	0	0	0	0	0	0	0	0	0	0	0	0	0	0	0	0	0	8.80547	0	0	0	0	0	3.84764	0	0	7.45247	0	0	0	9.60798	0	0	0	2.86873	0	0	4.22207	11.73288	0	0	0	0	0	0	0	0	
0	0	0	0	0	0	0	0	0	0	0	0	0	0	0	0	0	0	0	0	0	0	0	0	0	0	0	0	0	0	0	0	0	0	0	0	0	0	0	0	0	0	0	0	0	0	0	0	0	0	0	0	0	0	0	0	0	0	0	2.70403	0	0	0	0	0	0	0	0	0	0	9.00563	0	0	0	0	0	0	0	0	0	0	0	0	0	0	0	9.10807	0	0	0	0	0	0	0	0	0	0	0	0	0	
0	0	0	0	0	0	0	0	0	0	0	0	0	0	0	0	0	0	0	0	0	0	0	0	0	0	0	0	0	0	0	0	0	0	0	0	0	0	0	0	0	0	0	0	0	0	0	0	0	0	0	0	0	0	0	0	0	0	0	0	0	0	0	0	0	0	0	0	0	9.46731	2.05384	0	0	0	0	0	0	0	8.65707	0	0	0	0	0	0	0	0	0	6.89728	9.14268	0	0	0	0	0	0	0	0	0	0	
0	0	0	0	0	0	0	0	0	0	0	0	0	0	0	0	0	0	0	0	0	0	0	0	0	0	0	0	0	0	0	0	0	0	0	0	0	0	0	0	0	0	0	0	0	0	0	0	0	0	0	0	0	0	0	0	0	0	0	0	0	0	0	0	0	0	0	0	0	0	0	0	0	0	0	0	0	0	0	0	0	0	0	0	0	0	0	0	0	0	0	0	0	0	0	0	0	0	0	0	
0	0	0	0	0	0	0	0	0	0	0	0	0	0	0	0	0	0	0	0	0	0	0	0	0	0	0	0	0	0	0	0	0	0	0	0	0	0	0	0	0	0	0	0	0	0	0	0	0	0	0	0	0	0	0	0	0	0	5.98308	0	0	0	0	0	0	0	0	0	0	0	0	0	0	0	0	7.02498	0	0	0	0	0	0	0	0	0	0	0	0	0	0	0	0	0	0	0	0	0	0	0	0	
0	0	0	0	0	0	0	0	0	0	0	0	0	0	0	0	0	0	0	0	0	0	0	0	0	0	0	0	0	0	0	0	8.94464	0	0	0	0	0	0	0	0	0	0	0	0	0	0	0	0	0	0	0	0	0	0	0	0	0	0	0	0	0	10.47989	0	0	0	0	0	0	0	0	0	0	0	0	8.49321	0	0	0	0	0.83835	0	0	0	0	0	0	0	0	0	0	0	0	0	0	0	0	0	0	0	
0	0	0	0	0	0	0	0	0	0	0	0	0	0	0	0	0	0	0	0	0	0	0	0	0	0	0	0	0	0	0	0	0	0	0	0	0	0	0	0	0	0	0	0	0	0	0	0	0	0	0	0	0	0	0	0	0	0	0	0	0	0	0	0	0	0	0	0	0	0	0	0	0	0	0	0	0	0	0	0	0	0	0	0	0	0	0	0	0	0	0	0	0	0	0	0	0	0	0	0	
0	0	0	0	0	0	0	0	0	0	0	0	0	0	0	0	0	0	0	0	0	0	0	0	0	0	0	0	0	0	0	0	0	0	0	0	0	0	0	0	0	0	0	0	0	0	0	0	0	0	0	0	0	0	0	0	0	0	0	0	0	0	0	0	0	0	0	0	0	0	0	0	0	0	0	0	0	0	0	0	0	0	0	0	0	0	0	0	0	0	0	0	0	0	0	0	0	0	0	0	
0	0	0	0	0	0	0	0	0	0	0	0	0	0	0	0	0	0	0	0	0	0	0	0	0	0	0	0	0	0	0	0	0	0	0	0	0	0	0	0	0	0	0	0	0	0	0	0	0	0	0	0	0	0	0	0	0	0	0	0	0	0	0	0	0	0	0	0	0	0	0	0	0	0	0	0	0	0	0	0	0	0	0	0	0	0	0	0	0	0	0	0	0	0	0	0	0	0	0	0	
0	0	0	0	0	0	0	0	0	0	0	0	0	0	0	0	0	0	0	0	0	0	0	0	0	0	0	0	0	0	0	0	0	0	0	0	0	0	0	0	0	0	0	0	0	0	0	0	0	0	0	0	0	0	0	0	0	0	0	0	0	0	0	0	0	0	0	0	0	0	0	0	0	0	0	0	0	0	0	0	0	0	0	0	0	0	0	0	0	0	0	0	0	0	0	0	0	0	0	0	
0	0	0	0	0	0	0	0	0	0	0	0	0	0	0	0	0	0	0	0	0	0	0	0	0	0	0	0	0	0	0	0	0	0	0	0	0	0	0	0	0	0	0	0	0	0	0	0	0	0	0	0	0	0	0	0	0	0	0	0	0	0	0	0	0	0	0	0	0	0	0	0	0	0	0	0	0	0	0	0	0	3.01653	0	0	0	0	0	0	0	0	0	0	0	0	0	0	0	0	0	0	
0	0	0	0	0	0	0	0	0	0	0	0	0	0	0	0	0	0	0	0	0	0	0	0	0	0	0	0	0	0	0	0	0	0	0	0	0	0	0	0	0	0	0	0	0	0	0	10.80813	0	0	0	0	0	0	0	0	0	0	0	0	0	0	0	0	0	0	0	0	0	0	0	0	0	0	9.26657	0	0	0	0	0	0	0	0	0	0	0	0	0	0	0	0	0	0	0	0	0	0	0	0	0	
