0	0	0	0	0	0	0	0	0	0	0	0	0	0	0	0	0	0	0	0	0	0	0	0	0	0	0	0	0	0	0	0	0	0	0	0	0	0	0	0	0	0	0	0	0	0	0	0	0	0	0	13.17803	0	0	0	0	0	0	0	0	0	0	0	0	0	0	0	0	0	0	0	0	0	0	0	0	0	0	0	0	0	0	0	0	0	0	0	0	0	0	0	0	0	0	0	0	0	0	0	0	
0	0	0	0	0	0	0	0	0	0	0	0	0	0	0	0	0	0	0	0	0	0	0	0	0	0	0	0	0	0	0	0	0	0	0	0	0	0	0	0	0	0	0	0	0	0	0	14.09566	0	0	0	0	0	0	0	0	0	0	0	0	0	0	0	10.56595	0	0	0	0	0	0	0	0	0	0	0	0	0	0	0	0	0	0	0	0	0	0	0	0	0	0	0	0	0	0	0	0	0	0	0	0	
0	0	0	0	0	0	0	0	0	0	0	0	0	0	0	0	0	0	0	0	0	0	0	0	0	0	0	0	0	0	0	0	0	0	0	0	0	0	0	0	0	0	0	0	0	0	0	0	0	0	0	0	0	0	9.5157	0	0	0	0	0	0	0	0	0	0	0	0	0	0	0	0	0	0	0	0	0	0	0	0	0	0	0	0	0	0	0	0	0	0	0	0	0	0	0	0	0	0	0	0	0	
0	0	0	0	0	0	0	0	0	0	0	0	0	0	0	0	0	0	0	0	0	0	0	0	0	0	0	0	0	0	0	0	0	0	0	0	0	0	0	0	0	0	0	0	0	0	15.58862	9.74841	0	0	0	0	0	0	0	0	0	0	0	0	0	0	0	0	0	0	0	0	0	0	0	0	0	0	0	0	0	0	0	0	0	0	0	0	0	0	0	0	0	0	0	0	0	0	0	0	0	0	0	0	
0	0	0	0	0	0	0	0	0	0	0	0	0	0	0	0	0	0	0	0	0	0	0	0	0	0	0	0	0	0	0	0	0	0	0	0	0	6.56789	0	0	0	0	0	11.75926	0	0	0	0	0	0	0	0	0	0	0	0	0	0	0	0	0	0	0	0	0	0	0	0	0	0	0	0	0	0	0	0	0	0	0	0	0	0	0	0	0	0	0	0	0	0	0	0	0	0	0	0	0	0	0	0	
0	0	0	0	0	0	0	0	0	0	0	0	0	0	0	0	0	0	0	0	0	0	0	0	0	0	0	0	0	0	0	0	0	0	0	0	0	0	0	0	0	0	0	0	0	0	0	0	0	0	0	0	0	0	0	0	0	0	0	0	0	0	0	0	0	0	0	0	0	0	0	0	8.30646	0	0	0	0	0	0	0	0	0	0	0	0	0	0	0	0	0	0	0	0	0	0	0	0	0	0	0	
0	0	0	0	0	0	0	0	0	0	0	0	0	0	0	0	0	0	0	0	0	0	0	0	0	0	0	0	0	0	0	0	0	0	0	0	0	0	0	0	0	0	0	0	0	0	0	0	0	0	0	0	0	0	0	0	0	0	0	0	0	0	0	0	0	0	0	0	0	0	0	0	0	0	11.39844	0	0	0	0	0	0	0	0	0	0	0	0	0	0	0	0	0	0	0	0	0	0	0	0	0	
0	0	0	0	0	0	0	0	0	0	0	0	0	0	0	0	0	0	0	0	0	0	0	0	0	0	0	0	0	0	0	0	0	0	0	0	0	0	0	0	0	0	0	0	0	0	0	0	0	0	0	7.96315	0	0	0	11.87787	0	0	8.32391	0	0	0	0	0	0	0	0	0	0	0	0	0	0	0	0	0	0	0	0	0	0	0	0	0	0	0	0	0	0	0	0	0	0	0	0	0	0	0	0	0	
0	0	0	0	0	0	0	0	0	0	0	0	0	0	0	0	0	0	0	0	0	0	0	0	0	0	0	0	5.73306	0	0	0	0	0	0	0	0	0	0	0	0	0	0	0	0	0	0	0	0	0	0	0	0	0	0	0	0	0	0	0	0	0	0	0	0	0	0	9.47868	0	0	0	0	0	0	0	0	0	0	0	0	0	0	0	0	0	0	0	0	0	0	0	0	0	0	0	0	0	0	0	0	
0	0	0	0	0	0	0	0	0	0	0	0	0	0	0	0	0	0	0	0	0	0	0	0	0	0	0	0	0	0	0	0	0	0	0	0	0	0	0	0	0	0	0	0	0	0	0	0	0	0	0	0	0	0	0	9.78506	0	0	0	0	0	0	0	0	0	0	0	0	0	0	0	0	0	0	0	0	0	0	0	0	0	0	0	0	0	0	0	0	0	0	0	0	0	0	0	0	0	0	0	0	
0	0	0	0	0	0	0	0	0	0	0	0	0	0	0	0	0	0	0	0	0	0	0	0	0	0	0	0	0	0	0	0	0	0	0	0	0	0	0	0	0	0	0	0	0	0	0	0	0	0	0	0	0	0	0	0	0	0	0	0	0	0	0	0	0	0	0	10.38203	0	0	0	0	0	0	0	0	0	0	0	0	0	0	0	0	0	0	0	0	0	0	0	0	0	0	0	0	0	0	0	0	
0	0	0	0	0	0	0	0	0	0	0	0	0	0	0	0	0	0	0	0	0	0	0	0	0	0	0	0	0	0	0	0	0	0	0	0	0	0	0	0	0	0	0	0	0	0	0	0	0	0	0	0	6.36827	0	0	0	4.76674	0	0	0	0	0	0	0	0	0	0	0	0	0	0	5.33018	0	0	0	0	0	0	0	0	0	0	0	0	0	0	0	0	0	0	0	0	0	0	0	0	0	0	0	0	
0	0	0	0	0	0	0	0	0	0	0	0	0	0	0	0	0	0	0	0	0	0	0	0	0	0	0	0	0	0	0	0	0	0	0	0	0	0	0	0	0	0	0	0	0	0	0	0	10.22285	0	0	0	12.61578	0	0	0	0	0	0	0	0	0	0	0	0	0	0	6.10015	0	0	0	0	0	0	0	0	0	0	0	0	0	0	0	0	0	0	0	0	0	0	0	0	0	0	0	0	0	0	0	0	
0	0	0	0	0	0	0	0	0	0	0	0	0	0	0	0	0	0	0	0	0	0	0	0	0	0	0	0	0	0	13.09574	0	0	0	0	0	0	0	0	3.06273	0	0	0	0	0	0	0	8.61818	0	0	0	0	0	0	0	0	0	5.56178	3.33725	0	10.85323	0	0	6.77586	0	0	0	0	0	0	0	0	0	0	0	0	0	0	0	0	0	0	0	0	0	0	0	0	0	0	0	0	0	0	0	0	0	0	0	0	
0	0	0	0	0	0	0	0	0	0	0	0	0	0	0	0	0	0	0	0	0	0	0	0	0	0	0	0	0	0	0	0	0	0	0	0	0	0	0	0	0	0	0	0	0	0	0	0	0	0	0	0	0	0	4.77035	0	0	0	0	0	0	0	0	0	0	0	0	0	0	0	0	0	0	0	0	0	0	0	0	0	0	0	0	0	0	0	0	0	0	0	0	0	0	0	0	0	0	0	0	0	
0	0	0	0	0	0	0	0	0	0	0	0	0	0	0	0	0	0	0	0	0	0	0	0	0	0	0	0	0	0	0	0	0	0	0	0	0	0	0	0	0	0	13.7371	0	0	0	0	0	0	0	0	0	9.78449	0	0	0	0	0	0	11.30905	0	0	0	0	0	0	0	0	0	0	0	8.06366	0	0	0	0	0	0	0	0	0	0	0	0	0	0	0	0	0	0	0	0	0	0	0	0	0	0	0	0	
0	0	0	0	0	0	0	0	0	0	0	0	0	0	0	0	0	0	0	0	0	0	0	0	0	0	0	0	0	0	0	0	0	0	0	0	0	0	0	0	0	0	0	7.91814	0	0	0	10.65025	0	0	0	9.73583	0	0	0	0	0	0	5.63705	0	0	0	0	0	0	0	0	0	0	0	0	0	0	0	0	0	0	0	0	0	0	0	0	0	0	0	0	0	0	0	0	0	0	0	0	0	0	0	0	0	
0	0	0	0	0	0	0	0	0	0	0	0	0	0	0	0	0	0	0	0	0	0	0	0	0	0	0	0	0	0	0	0	0	0	0	0	0	0	0	0	0	0	9.57388	0	0	0	0	0	0	0	0	0	0	0	0	8.56713	0	0	0	0	0	0	0	0	0	0	3.38641	0	7.75997	0	0	0	0	0	0	0	0	0	0	0	0	0	0	0	0	0	0	0	0	0	0	0	0	0	0	0	0	0	0	0	
0	0	0	0	0	0	0	0	0	0	0	0	0	0	0	0	0	0	0	0	0	0	0	0	0	0	0	0	0	0	0	0	0	0	0	0	0	0	0	0	12.40685	0	0	0	0	0	0	0	0	0	0	0	0	0	0	0	0	0	0	0	0	0	0	0	0	0	0	0	0	0	0	0	0	0	0	0	0	0	0	0	0	0	0	0	0	0	0	0	0	0	0	0	0	0	0	0	0	0	0	0	
0	0	0	0	0	0	0	0	0	0	0	0	0	0	0	0	0	0	0	0	0	0	0	0	0	0	0	0	0	0	0	0	0	0	0	0	0	0	0	0	0	0	0	0	0	0	0	9.19115	0	0	10.74974	0	0	0	0	0	0	0	0	0	0	0	0	0	0	0	0	0	0	0	0	0	0	0	0	0	8.14267	0	0	0	0	0	0	0	0	0	0	0	0	0	0	0	0	0	0	0	0	0	0	0	
0	0	0	0	0	0	0	0	0	0	0	0	0	0	0	0	0	0	0	0	0	0	0	0	0	0	0	0	0	0	0	0	0	0	0	0	0	0	0	0	0	0	0	0	0	0	0	7.57624	0	0	10.71258	10.36986	0	0	0	0	8.41832	0	11.627	0	8.65123	0	0	0	0	10.5769	0	0	0	0	0	0	0	0	0	0	0	0	0	0	0	0	0	0	0	0	0	0	0	0	0	0	0	0	0	0	0	0	0	0	
0	0	0	0	0	0	0	0	0	0	0	0	0	0	0	0	0	0	0	0	0	0	0	0	0	0	0	0	0	0	0	0	0	0	0	0	0	0	0	0	0	10.64065	0	0	0	0	0	0	0	0	0	0	0	0	0	0	0	0	0	0	0	0	0	0	0	0	0	0	6.3248	0	0	0	0	0	0	0	0	0	0	0	0	0	0	0	0	0	0	0	0	0	0	0	0	0	0	0	0	0	0	0	
0	0	0	0	0	0	0	0	0	0	0	0	0	0	0	0	0	0	0	0	0	0	0	0	0	0	0	0	0	0	0	5.6749	3.9737	0	0	0	0	0	0	0	0	0	0	0	0	0	0	10.25091	0	0	0	0	0	0	0	0	0	0	0	0	0	0	0	1.9268	0	0	0	0	0	0	0	0	0	0	0	0	0	0	0	0	0	0	0	0	0	0	0	0	0	0	0	0	0	0	0	0	0	0	0	0	
0	0	0	0	0	0	0	0	0	0	0	0	0	0	0	0	0	0	0	0	0	0	0	0	0	0	0	0	0	0	0	9.48147	0	0	0.43328	0	0	0	0	0	0	0	0	0	0	0	0	0	0	0	0	0	0	0	0	0	0	0	0	0	0	0	0	0	0	0	0	0	0	0	0	0	0	0	0	0	0	0	0	0	0	0	0	0	0	0	0	0	0	0	0	0	0	0	0	0	0	0	0	0	
0	0	0	0	0	0	0	0	0	0	0	0	0	0	0	0	0	0	0	0	0	0	0	0	0	0	0	0	0	0	0	0	0	0	0	0	0	0	0	0	0	0	0	10.76666	0	0	0	0	0	15.87919	0	0	0	0	9.50113	0	0	0	0	0	0	0	0	0	0	0	0	0	0	0	0	0	0	0	0	0	0	0	0	4.97109	0	0	0	0	0	0	0	0	0	0	0	0	0	0	0	0	0	0	0	0	
0	0	0	0	0	0	0	0	0	0	0	0	0	0	0	0	0	0	0	0	0	0	0	0	0	0	0	0	0	0	0	0	8.67986	0	0	0	0	0	0	0	0	0	0	0	0	0	0	3.06273	0	0	7.68803	7.95663	0	0	0	0	0	0	7.80811	0	0	0	0	0	0	0	0	0	0	0	0.76596	0	0	0	0	0	0	0	0	0	0	0	0	0	0	5.58923	0	0	0	0	0	0	0	0	0	0	0	0	0	0	
0	0	0	0	0	0	0	0	0	0	0	0	0	0	0	0	0	0	0	0	0	0	0	0	0	0	0	0	0	0	0	0	0	0	0	0	0	0	0	11.64966	0	0	0	0	17.11921	0	8.62203	0	0	0	0	0	0	0	0	0	0	0	0	0	0	0	0	0	0	0	0	0	0	4.00552	0	0	0	0	0	0	0	0	0	0	0	0	0	0	0	0	0	0	0	0	0	0	0	0	0	0	0	0	0	0	
0	0	0	0	0	0	0	0	0	0	0	0	0	0	0	0	0	0	0	0	0	0	0	0	0	0	0	0	0	0	0	0	0	0	0	9.38273	0	0	0	0	0	0	0	0	0	0	0	8.88403	0	0	0	0	0	7.83802	0	0	0	0	0	0	9.17725	0	0	0	0	0	0	0	0	0	0	0	0	0	0	0	0	0	0	0	0	0	0	0	0	0	0	0	0	0	0	0	0	0	0.43328	0	0	0	0	0	
0	0	0	0	0	0	0	0	0	0	0	0	0	0	0	0	0	0	0	0	0	0	0	0	0	0	0	0	0	0	0	0	0	0	0	0	0	0	0	0	0	15.41486	0	0	0	0	0	0	0	0	0	0	0	0	0	0	0	0	0	0	0	0	0	0	0	0	0	6.63552	0	0	0	3.94118	0	0	0	0	0	0	0	0	0	0	0	0	0	0	0	0	0	0	0	0	0	0	0	0	0	0	0	0	
0	0	0	0	0	0	0	0	0	0	0	0	0	0	0	0	0	0	0	0	0	0	0	0	0	0	0	0	0	0	0	0	0	0	0	0	0	0	0	0	6.70981	0	0	0	9.61763	0	0	5.91993	0	0	9.49973	12.1641	0	0	0	10.50222	0	0	10.53324	0	13.68629	0	0	0	0	0	0	0	3.12198	0	0	0	0	0	0	0	0	0	0	0	0	0	0	0	0	0	0	0	0	0	0	0	0	0	0	6.5732	0	0	0	0	
0	0	0	0	0	0	0	0	0	0	0	0	0	0	0	0	0	0	0	0	0	0	0	0	0	0	0	0	0	0	0	0	0	0	0	0	0	0	0	0	0	0	0	0	13.54411	0	0	0	0	2.3794	0	0	7.66107	0	0	0	0	7.52316	0	0	0	5.74253	0	0	0	0	0	0	0	0	0	0	0	0	0	0	0	0	0	0	0	0	0	0	0	0	0	0	0	0	0	0	0	0	0	0	0	0	0	0	
0	0	0	0	0	0	0	0	0	0	0	0	0	0	0	0	0	0	0	0	0	0	0	0	0	0	0	0	0	0	0	0	0	0	0	0	0	0	0	0	0	0	0	12.15792	0	0	12.30048	0	0	0	12.04873	0	0	0	0	0	0	0	0	5.94475	0	0	0	0	6.13652	0	0	0.43328	0	0	0	0	8.56847	0	0	0	5.41553	0	0	0	0	0	0	0	0	0	0	0	0	0	0	0	0	0	0	0	0	0	0	0	
0	0	0	0	0	0	0	0	0	0	0	0	0	0	0	0	0	0	0	0	0	0	0	0	0	0	0	0	0	0	0	0	0	0	0	0	0	0	0	0	0	0	0	0	4.06891	1.63301	0	11.27418	1.03619	0	0	12.99135	3.06273	0	0	11.40068	0	0	0	0	0	0	0	0	0	0	8.34737	13.88251	0	0	0	0	0	11.80036	0	0	0	0	0	0	0	0	0	0	0	0	0	0	0	0	0	0	0	0	0	0	0	0	0	0	
0	0	0	0	0	0	0	0	0	0	0	0	0	0	0	0	0	0	0	0	0	0	0	0	0	0	0	0	0	0	0	0	0	0	0	0	0	14.21666	0	0	0	0	0	0	0	0	0	0	1.46011	0	0	6.62306	0	0	12.27041	0	9.41936	0	0	10.45188	0	4.54947	0	0	0	0	0	0	0	0	0	0	0	0	5.95391	1.9268	0	0	0	0	0	0	0	0	0	0	0	0	0	0	0	0	0	0	0	0	0	0	0	0	
0	0	0	0	0	0	0	0	0	0	0	0	0	0	0	0	0	0	0	0	0	0	0	0	0	0	0	0	0	0	0	0	0	0	0	0	0	0	0	0	0	0	14.10136	0	0	11.40981	0	13.03268	0	0	8.16749	0	12.67995	0	9.45363	0	0	0	0	0	0	0	0	10.3288	0	0	0	2.56162	0	0	12.41834	0	0	0	0	0	0	0	1.03619	0	0	0	0	0	0	0	0	0	0	0	0	0	0	0	0	0	0	0	0	0	
0	0	0	0	0	0	0	0	0	0	0	0	0	0	0	0	0	0	0	0	0	0	0	0	0	0	0	0	0	0	0	0	0	0	0	0	0	0	0	0	0	0	0	0	0	0	0	10.06623	11.14201	0	0	12.61755	0	0	0	0	0	0	0	0	0	0	0	0	3.38641	0	0	0	0	0	0	0	0	0	0	0	0	0	0	0	0	0	0	0	0	0	0	0	0	0	6.16497	0	0	0	0	0	0	0	0	0	
0	0	0	0	0	0	0	0	0	0	0	0	0	0	0	0	0	0	0	0	0	0	0	0	0	0	0	0	0	0	0	0	0	0	0	0	0	0	0	0	0	0	0	0	0	0	0	11.18127	0	0	0	0	8.41703	7.10436	0	0	0	0	12.49697	3.17887	0	0	0	0	0	0	0	0	0	0	0	0	0	0	0	0	0	0	0	0	0	0	0	0	0	0	0	0	0	0	0	0	0	0	0	0	0	0	8.739	0	
0	0	0	0	0	0	0	0	0	0	0	0	0	0	0	0	0	0	0	0	0	0	0	0	0	0	0	0	0	0	0	0	0	0	0	0	0	0	0	0	0	0	7.89771	0	0	0	0	0	0	8.97559	0	9.14548	0	11.58534	0	0	0	0	0	0	0	0	0	0	13.9459	0	0	0	0	0	0	0	0	0	0	0	15.4075	0	0	0	0	0	0	0	0	0	0	0	0	0	0	0	0	0	0	0	0	0	0	0	
0	0	0	0	0	0	0	0	0	0	0	0	13.2061	0	0	0	0	0	0	0	0	0	0	0	0	0	0	0	0	0	10.1208	0	0	0	0	0	0	0	0	0	0	0	10.15736	0	0	0	0	9.80158	0	0	13.47647	0	0	6.22024	3.06273	0	9.76082	0	0	0	0	0	0	9.9106	7.23757	10.73943	0	0	0	0	0	0	0	0	0	0	0	0	0	0	0	0	0	0	0	0	0	0	0	0	0	0	0	0	0	0	0	0	0	0	
0	0	0	0	0	0	0	0	0	0	0	0	0	0	0	0	0	0	0	0	0	0	0	0	0	0	0	0	0	0	0	0	0	0	0	0	0	0	0	0	0	0	0	0	0	10.60255	6.98178	0	3.17887	12.10442	1.2637	7.36494	11.63261	0	8.53616	11.00801	0	0	0	0	11.39225	0	0	0	0	0	0	0	0	7.41678	0	0	0	0	0	0	5.54155	0	0	0	0	0	0	0	0	0	0	0	0	0	0	0	0	0	0	0	0	0	0	0	
0	0	0	0	0	0	0	0	0	0	0	0	0	0	0	11.27886	0	0	0	0	0	0	0	0	0	0	0	0	0	0	0	0	0	0	0	6.6657	13.73773	0	0	0	0	0	0	0	0	10.63621	7.85116	7.56827	7.65607	8.91576	0	0	2.27885	0	9.44278	0	0	0	0	9.27999	0	9.29536	0	6.42817	0	11.30786	0	0	12.0323	0	9.07977	0	0	0	0	11.769	0	2.05395	0	4.37805	0	0	0	0	0	0	0	0	0	0	6.92053	0	0	0	0	0	0	0	0	0	
0	0	0	0	0	0	0	0	0	0	0	0	0	0	0	0	0	0	0	0	0	0	0	0	0	0	11.76871	0	0	0	0	4.3656	0	0	6.18594	0	0	0	0	0	12.04841	0	0	0	0	0	0	0	9.8954	9.03615	6.43403	11.57478	8.83729	0	9.60924	0	14.98498	0	3.55712	0	4.97604	10.1808	0	0	0	10.49699	0	0	0	0	0	0	0	11.04346	0	0	0	0	0	0	0	0	0	0	0	0	0	0	0	0	0	0	0	0	0	0	7.95586	0	0	0	
0	0	0	0	0	0	0	0	0	0	0	0	0	0	0	0	0	0	0	12.38226	0	0	0	0	0	0	0	0	0	0	0	0	0	0	0	0	0	0	0	0	0	0	0	14.23256	0	0	14.78093	13.13778	11.03938	0	7.05201	8.32697	11.83466	0	0	0	14.51573	0	0	8.21852	5.34946	0	0	12.24128	0	8.46501	0	4.57089	0	0	0	0	0	0	0	0	0	0	0	0	0	0	0	0	0	0	0	0	0	0	8.93929	0	0	0	0	0	0	0	0	0	
0	0	0	0	0	0	0	0	0	0	0	0	9.65321	0	0	0	0	0	0	9.31612	0	0	0	0	0	0	0	0	0	0	0	0	0	8.47543	0	0	0	0	0	0	0	9.48922	14.27392	0	10.41969	0	0	3.68483	10.41941	0	1.63301	8.82132	8.00728	7.16492	10.83871	5.69455	5.6403	6.50253	7.80119	0	0	0	0	0	3.23363	0	0	0	0	0	0	0	0	0	0	0	0	0	7.94154	0	0	0	0	0	0	0	0	0	0	0	0	0	0	0	0	0	0	0	0	0	
0	0	0	0	0	0	0	0	0	0	0	0	0	0	0	0	0	0	0	0	0	0	0	15.39417	0	0	0	0	0	0	0	0	0	0	0	0	0	0	12.8819	0	0	0	8.63794	9.21771	8.40366	0	9.37825	5.63751	0	8.83626	11.33725	7.76014	0	0	0	0	0	4.72281	16.88379	9.07509	11.42496	0	0	0	7.64602	0	0	0	0	0	0	0	0	0	0	0	0	0	0	0	0	0	0	0	0	0	0	0	0	0	0	0	0	0	0	0	0	0	0	0	
0	0	8.77174	0	0	0	0	0	0	0	0	0	0	0	0	0	0	0	0	0	0	0	0	0	0	0	0	0	0	0	0	0	0	0	0	0	0	0	0	0	10.84983	0	0	0	0	9.22025	0	6.17695	9.65572	11.76869	0	7.38995	9.54169	8.13209	1.03619	13.16807	0	0	4.43733	0	9.23463	0	9.75555	10.92474	0	0	0	0	0	0	0	7.20425	0	0	0	0	2.47337	0	0	0	0	0	0	0	0	0	0	0	0	0	0	0	0	0	0	0	0	0	0	0	
0	0	0	0	0	0	0	0	0	0	0	10.54344	0	0	0	0	0	0	0	0	0	0	0	0	0	0	0	0	0	0	0	0	5.80713	0	0	0	0	9.40862	14.13022	11.91877	7.71257	6.76196	0	0	11.70058	7.50433	10.84602	11.21781	11.10457	0	11.28232	0	1.56099	6.36855	0	11.28534	7.59279	10.43963	0	0	0	0	0	0	0	0	0	9.21771	0	0	0	0	10.26453	0	0	7.11898	0	0	9.92575	0	0	0	0	0	0	0	0	0	0	0	0	0	0	0	0	7.06385	0	0	0	0	
0	0	0	0	0	0	0	0	0	0	0	0	0	0	0	0	0	0	0	0	0	0	0	0	0	0	0	0	0	0	0	0	0	0	5.88615	9.0629	0	0	0	4.94356	0	13.05511	0	11.98987	14.62978	9.84798	7.26449	9.94973	5.64749	10.70528	11.7602	10.38958	3.65062	9.69107	0	0	8.61449	0	0	10.27917	8.61174	0	6.29936	0	0	0	0	0	0	0	0	0	0	0	0	0	0	0	6.77124	0	0	0	0	0	0	0	0	10.48716	0	0	0	0	0	0	0	0	0	0	0	0	
0	0	0	0	0	0	0	0	12.03387	0	10.22876	0	0	0	0	0	0	0	0	0	0	0	0	0	0	0	9.72721	0	0	0	0	0	0	0	0.43328	6.82571	0	12.88845	11.08987	0	8.63164	6.8782	0	7.51953	0.43328	12.41455	7.08251	7.80672	9.07811	8.74461	0	6.94854	0	0	0	0	9.00412	2.27885	0	0	0	0	6.72422	0	0	0	13.25117	0	0	0	0	0	0	0	0	0	0	0	0	0	0	0	0	0	0	0	0	0	0	0	0	0	0	0	0	0	0	0	0	0	
0	0	0	0	0	0	0	0	0	0	0	11.96475	0	0	13.55864	0	0	0	0	0	0	0	0	0	0	0	0	0	0	0	0	10.95637	0	0	6.68055	0	11.56547	0	0	10.30673	10.51264	0	9.343	10.07199	10.71026	7.6085	11.31225	8.4455	3.31266	9.72103	10.08436	10.38232	10.98229	8.78992	0	8.5524	9.63072	0	0	13.07217	8.42293	7.98141	0	9.51432	0	0	0	0	0	0	0	0	0	0.43328	0	7.00978	0	0	0	0	0	0	0	5.7798	0	0	0	0	0	0	0	0	0	0	0	0	0	0	0	0	
0	0	0	0	0	0	0	0	0	0	0	0	14.74875	0	0	0	0	0	0	0	0	0	0	0	0	0	0	0	0	9.61312	0	0	7.53051	0	5.36738	0	12.1399	0	14.41625	10.2768	10.26103	12.93694	9.87865	7.07229	8.74056	4.58811	10.532	10.55922	5.17098	8.62935	9.51232	11.99503	12.31284	8.75487	8.22889	10.29221	11.01252	0	0	9.80497	5.82507	0	0	0	0	0.43328	0	0	0	0	0	0	0	9.50386	0	0	0	0	0	0	9.30418	0	0	0	0	0	0	0	0	0	0	0	0	0	0	0	0	0	0	0	
0	0	0	0	0	0	0	13.26088	0	0	0	9.82961	0	0	0	0	0	0	0	0	0	0	0	0	0	0	0	8.36434	0	0	4.15483	0	12.47278	0	0	0	4.21047	11.11424	9.32537	11.71726	10.53641	5.63234	0	10.49983	10.98998	9.19574	9.65749	9.43527	10.97393	9.58171	5.76486	10.03304	10.84209	8.89787	9.41349	7.88252	13.78242	5.23138	4.11471	8.5059	5.06182	12.56106	6.24043	0	9.35213	0	0	0	0	0	0	0	0	12.41455	0	0	0	0	0	0	0	0	0	0	0	0	0	0	0	0	0	0	0	0	0	0	0	0	0	0	
8.23614	0	0	0	0	0	0	0	7.91109	0	0	0	9.58839	0	0	0	0	0	0	0	0	0	0	0	12.72446	0	0	8.22267	0	0	0	0	11.79497	0	11.29661	8.27581	0	6.05526	11.04086	7.0338	9.48782	9.55581	5.91707	10.7159	11.83762	10.62242	7.88129	10.59994	5.41053	3.6662	9.66868	6.33077	7.18498	3.42616	10.87576	9.36326	11.44213	6.5957	0	9.68877	0.43328	0.76596	0	6.21791	0	9.29857	0	0	0	0	0	0	0	0	0	0	0	0	0	0	0	0	3.59804	0	0	14.18166	0	0	0	0	0	0	0	0	0	0	0	0	0	0	
0	0	0	11.18887	0	0	0	0	0	0	0	0	0	0	0	0	0	0	7.85251	0	0	10.82993	0	7.54951	10.58186	7.57624	0	0	11.15381	7.06716	11.56845	0	7.77389	0	0	3.76654	0	11.04563	10.82855	9.5825	8.17073	6.63575	8.92132	9.11816	10.35109	9.84841	8.46575	8.48434	9.58583	7.28315	10.2019	9.26888	10.73634	7.95973	7.01322	10.66238	0	4.58073	5.74921	8.54294	1.46011	5.03887	10.0947	0	0	0	0	0	0	6.54642	0	0	4.29012	0	0.76596	9.43477	11.94528	5.44738	0	3.00096	0	0	0	0	0	0	0	0	0	0	0	0	0	0	0	0	0	0	0	0	
8.75897	0	0	0	12.58288	6.92511	0	0	0	0	0	0	0	0	0	0	0	11.20223	0	0	0	0	0	0	10.99402	0	9.45906	8.55657	0	14.68355	10.56925	0	0	0	12.09058	9.96975	5.52686	10.41958	11.93835	9.10398	6.65895	9.00547	9.60829	8.85128	9.00802	8.90344	9.63632	8.91732	8.47232	10.77103	6.72739	10.49057	10.24175	7.07512	10.63393	9.97819	9.58187	2.73976	4.32131	7.78402	14.8979	0	7.2728	11.46484	11.82411	9.65321	8.62602	0	0	0	0	0	0	0	7.04437	0	0	0	0	0	0	0	0	0	0	0	0	0	0	0	0	0	0	0	0	2.05395	0	0	0	0	
0	0	0	0	0	0	0	0	5.84279	0	10.21522	0	0	0	0	0	14.04964	14.04767	8.67615	5.54022	11.92021	9.22418	0	0	0	13.33248	0	11.69213	5.61492	10.77476	0	9.97628	12.25468	7.42653	9.19162	10.00259	8.44221	9.33916	9.64993	8.33959	9.85762	7.81512	4.7556	8.28534	9.97607	8.39812	8.5169	8.6646	8.84961	8.03773	7.08883	11.28162	7.96365	8.53724	4.84128	5.96999	6.73507	8.65123	0	10.49524	6.79261	7.21053	7.6765	0	8.04475	11.31759	8.59354	0	0	0	0	6.36827	0	0	9.82516	0	0	0	10.17819	0	0	0	0	0	0	9.45291	0	0	0	0	0	0	0	0	0	5.72353	0	0	0	0	
0	10.57061	0	0	3.23363	8.686	0	0	0	0	0	0	0	0	3.9737	10.60183	0	10.88628	10.19064	0	10.95204	0	7.10069	0	0	0	0	0	10.1455	10.05677	6.38079	0	10.69256	5.32138	10.79736	8.40219	9.90954	10.30054	9.77678	8.57147	8.49756	7.35686	8.78483	7.82454	8.52251	7.71498	8.17297	9.45387	8.50252	7.69936	7.72216	9.28148	7.72969	7.88097	9.02502	9.50135	5.9772	7.97807	8.82085	5.83824	0	8.316	0	11.95829	9.84461	2.05395	6.14162	2.27885	0	0	0	0	0	0	0	5.90314	0	0	0	0	7.78669	0	0	0	0	0	0	0	0	0	0	0	0	0	0	0	0	0	0	0	
0	11.60039	8.94271	0	9.09333	0	0	0	0	0	8.87114	0	0	0	9.27348	7.41682	0	9.35753	0	0	7.30623	7.20026	8.78493	12.66292	9.51708	10.5312	0	5.4375	7.58152	6.42567	13.05345	11.03047	11.29135	10.78652	10.81445	5.7367	7.76288	8.81383	8.43666	8.23613	6.2001	7.35089	7.72828	8.16452	6.6669	7.44843	8.90831	7.32655	9.48808	8.75608	7.56125	9.43021	8.73195	8.17537	7.33112	8.14671	7.65353	8.76666	7.75472	9.13833	0	7.9972	10.07503	11.03485	2.81229	0	0.43328	0	0	0	0	9.31056	0	0.76596	9.61441	0	8.77636	0	4.992	0	0	0	0	4.67954	0	1.73998	0	0	0	0	0	0	0	0	0	0	0	0	0	0	
0	0	0	0	0	0	0	0	9.20492	0	9.53422	12.04372	0	0	0	0	0	0	9.88891	0	6.36827	0	0	0	0	7.95382	11.57205	0	5.88615	10.84814	8.1178	7.58416	7.54411	10.51387	10.17992	9.26681	7.76485	8.9537	8.64827	8.88863	4.26022	7.29654	8.40303	8.14162	7.27893	7.22994	6.11844	7.45139	8.61076	8.8447	8.32161	8.34678	7.04082	7.39145	7.28349	9.78056	8.03778	9.32173	11.64383	8.54981	10.17552	6.37892	7.01244	8.28188	0	9.42663	0	9.69657	0	0	0	0	0	0	0	0	0	0	1.78735	0	0	6.00107	0	0	0	0	0	8.94742	6.8346	10.43847	0	0	0	0	0	0	0	0	0	0	
0	0	0	0	0	0	0	0	10.66357	10.37439	0	3.9737	0	11.98945	0	0	0	0.76596	8.05229	5.92497	0	0	2.72338	9.40546	10.5716	5.29199	5.58301	9.73037	8.82258	10.32526	0	7.0186	5.70769	6.13077	5.94534	9.26728	8.37529	6.0686	9.05971	5.36821	8.61754	8.70571	7.83258	8.16278	7.16162	8.19868	8.22413	7.79392	7.2305	9.52968	8.00507	7.02615	6.97559	5.90019	7.83385	8.72362	7.83668	5.14838	10.78396	6.8154	6.15733	8.98527	11.37292	13.70393	6.03072	13.63387	10.37824	0	0	0	0	0	0	7.72457	10.73736	0	0	0	14.4166	0	0	0	0	0	0	0	0	0	5.83395	0	3.00096	0	0	0	0	0	0	0	0	0	
0	0	10.64381	6.05312	0	5.96107	0	1.2637	7.55221	0	0	0	0	0	0	0	0	6.87969	0	0	0	0	0	11.19492	0	9.98429	0	8.46046	9.19891	8.74376	0	8.78571	0	10.34288	5.44008	8.21323	7.5909	7.13709	3.86586	11.02562	6.86561	9.35435	6.64233	8.25432	7.95955	6.91332	6.07801	8.64479	7.02397	7.77189	7.79294	7.60154	8.19601	8.4837	7.92252	6.15602	8.02975	9.82835	8.71548	7.18867	9.11845	7.25667	4.58585	14.89942	5.29392	0	0	6.64529	4.84151	4.6849	3.41817	0	9.01287	0	1.41177	0	8.65894	0	0	0	0	0	6.22772	0	0	0	0	0	0	0	0	0	0	0	0	0	0	0	0	0	
0	0	0	0	0	0	0	0	0.43328	0	11.08267	8.86898	9.86575	0	11.1438	0	0	8.48207	0	4.82377	0	0	0	0	0	0	9.14638	6.98578	8.61258	0	8.22942	8.52112	6.49782	8.39159	4.0508	7.54084	9.79937	7.66315	7.09231	9.02871	8.97253	6.26055	6.34505	7.15368	7.47229	7.57064	5.93087	7.7477	7.16609	6.32348	6.93691	9.6827	9.08858	6.77956	9.37598	6.32389	7.68261	7.79983	9.147	6.89443	8.73918	6.21585	7.43606	8.06935	0	7.15955	12.02298	3.70356	0	0	7.81261	0	8.27925	1.14995	0	13.61228	0	0	0	0	0	0	0	0	0	0	0	0	6.61812	0	0	0	0	0	0	0	0	0	0	0	
0	0	0	0	0	0	0	0	0	11.45209	0	0	3.17887	0	0	0	0	0	0	0	0	0	0	10.58596	0	0	9.17558	0	0	5.07013	6.87253	0	0	5.55334	9.17376	7.23086	6.03998	1.63301	0	8.14267	4.17762	9.56656	4.85238	5.71717	9.45718	9.30885	6.80518	7.69872	7.85122	4.18981	7.26775	9.36772	6.94137	6.55993	8.30084	7.26384	6.61865	7.33331	4.61824	7.33555	8.16125	5.62368	4.02359	7.70251	7.28911	4.88769	7.50291	12.76059	6.94322	0	0	15.95342	0	3.00096	0	5.69455	10.12533	0	0	0	0	0	0	0	10.33547	0	0	0	0	0	0	12.30986	0	0	0	0	8.10463	0	0	0	
0	0	0	0	0	0	0	0	0	0	0	9.40526	0	0	0	0	0	6.5221	10.04199	0	0	0	0	2.17076	0	0	0	7.23422	0	0	0	0	3.00479	6.36295	7.02404	0	5.93531	9.4595	2.40291	5.17535	6.73511	8.13735	8.78123	1.82531	0	8.28533	5.63018	5.03496	7.71299	5.92033	8.49252	10.34702	7.74846	4.49772	6.90873	5.78269	6.91678	6.98506	7.5699	9.15589	7.29002	8.01273	0	6.2834	8.99545	0	6.38359	10.32723	10.62345	7.58295	0	0	0	1.2637	0	10.47585	0	8.37198	0	0	0	6.2562	0	0	0	0	0	0	0	0	0	0	0	0	0	0	0	0	0	0	
0	0	0	0	4.74095	0	0	0	0	0	8.49614	0	5.82507	0	0	9.33267	0	0	6.54642	0	6.72998	7.42272	0	0	0	10.69653	7.37481	0	0	6.43385	0	9.8398	10.55792	0	0	8.63607	9.38727	1.03619	11.229	9.3728	6.95348	9.64376	6.05919	7.76926	4.2951	5.74676	12.27072	5.12224	8.07785	8.22997	8.24512	7.42815	8.01668	7.67751	5.75671	6.89641	7.17413	7.81371	3.24401	8.42191	5.52931	7.48353	5.99775	3.59483	9.48873	0	7.54218	11.02684	0	3.12198	6.77635	8.43028	7.87415	10.07302	9.51595	0	5.84452	0	0	0	6.76196	0	0	0	0	4.65352	0	0	0	1.03619	0	0	0	0	0	0	0	0	0	0	
0	0	0	0	0	0	0	0	0	0	0	4.76923	3.43188	0	0	9.0638	0	0	0	1.9268	3.72892	0	4.54947	0	0	0	0	0	0	4.86882	3.00096	4.54566	0	0	0	9.0265	0	0	0	4.73168	4.76143	5.74124	6.08408	4.544	8.87575	4.16666	5.30878	8.05383	7.76071	2.54523	0	0	8.04859	8.21133	0	5.72176	6.89261	7.93139	6.52813	7.00541	7.67957	9.1817	8.94915	8.16973	5.18057	6.10445	3.72892	8.97911	0.43328	9.98068	0	8.64597	6.50172	9.87821	9.49273	0	4.41381	0	7.96397	0	0	0	0	0	0	0	0	0	0	0	0	0	0	0	0	0	0	0	0	0	
0	0	0	10.52949	0	0	0	0	0	0	0	0	0	0	0	0	0.76596	0	0	0	0	0	6.73849	0	0	0	7.6011	6.18228	10.43555	9.13114	0	0	2.05395	0	0	10.17784	0	0	0	4.82598	6.80566	0	1.9268	0	3.12391	10.71378	7.83527	5.87758	7.00103	6.11967	6.74171	6.72014	7.49163	8.11891	6.6065	7.67314	9.01957	6.43305	7.06617	6.29734	8.48652	8.59584	9.48377	9.13041	7.40947	8.77568	5.89578	7.34715	10.50938	7.15352	5.07717	9.34535	4.03554	5.46627	6.71016	0	12.57495	4.91034	7.04534	8.71034	3.87934	9.44205	9.07227	0	0	1.03619	0	0	0	0	0	0	0	0	0	0	0	6.94124	0	11.60543	
0	0	5.73262	0	0	0	0	0	0	0	0	0	0	0	0	0	0	0	0	0	8.5658	0	0	0	0	8.69944	0	9.45183	0	9.44713	0	10.30103	11.70475	0	9.2396	0	0	6.76068	6.20082	0	7.10803	0	0	8.6047	12.16476	9.30178	0.73006	6.48908	3.00096	8.54421	8.06198	10.49384	7.63762	7.67341	6.74168	9.12634	10.53358	6.65743	8.51482	5.9014	3.32037	5.57771	5.89273	2.59769	6.00827	5.29821	5.70234	0	8.77798	4.30773	5.30364	5.52127	5.42909	8.40059	0	0	5.67807	0	2.52277	7.04437	0	5.36779	0	0	0	0	0	0	8.7192	0	0	0	0	0	0	0	3.33725	0	0	0	
0	0	0	0	4.06711	0	0	0	0	0	0	0	8.81614	0	0	0	0	0	0	0	1.78735	2.64476	0	0	0	0	0	11.04043	0	0	0	0.76596	7.46337	0	0	0	5.14265	0	5.09908	7.75061	0	0	4.35359	0.43328	6.67067	0	4.48793	8.45641	1.03619	4.68226	7.16196	4.38499	10.59433	4.4879	9.1024	5.75662	0	6.06275	7.90348	3.45849	6.49295	5.94066	8.97639	6.90732	5.0696	9.15981	8.40753	5.27006	7.62401	6.31689	6.782	0	0	8.40003	0	8.37826	5.90821	6.48698	0	0	0	0	0	0	10.28087	0.43328	0	0	0	0	0	0	0	0	0	0	8.47357	0	0	0	
0	0	0	0	0	0	0	0	0.76596	0	0	0	3.12198	0	0	0	7.48045	2.05395	6.96974	0	0	0	0	0	5.08814	0	0	0	0	0	0	0	0	0	8.48912	7.54681	0	6.56255	0	0	0	0	8.05038	9.49414	0	10.84933	10.73943	9.12391	0	6.96723	0	9.82405	8.30965	7.59698	0	5.06929	0	7.93485	0	4.76198	7.33997	1.78735	5.5926	8.57378	5.26075	6.63598	7.27165	6.39104	9.34204	6.97363	8.36539	6.87133	8.47689	8.3302	7.48518	5.63856	10.36737	8.60266	0	0.76596	9.02747	0	10.16719	0	3.43695	10.63494	8.56046	5.94475	8.36127	0	7.50121	0	0	5.96393	0	0	0	0	0	0	
0	0	0	0	0	0	0	0	0	0	0	0	0	0	0	0	0	0	0	0	6.09382	0	0	0	0	0	0	0	0	7.57093	0	0	0	0	4.00552	0	0	0	0	0	9.62405	0	9.0779	9.20748	5.51947	0	0	0.43328	8.00192	4.95505	6.63043	0	0	6.56079	5.5107	7.4291	0	0	6.6238	8.44154	9.72303	5.67431	2.96557	5.54548	5.79537	7.46371	3.33685	6.89652	7.78002	9.51305	8.68558	6.95516	4.4824	5.37604	6.554	0	3.21	0	4.20699	0	0	0	1.2637	0	0	0	7.77166	0	0	0	0	0	0	0	0	0	0	0	0	0	
0	0	0	0	7.08216	0	0	0	0	0	0	5.91156	0	7.21734	0	0	0	0	0	0	0	0	0	0	0	0	0	0	0	0	0	0	0	0	0	0	0	0	0	7.71795	0	0	5.93652	0	5.79998	0	2.39382	4.06711	0	0	2.72338	0	0	0	7.98607	0	0	0.43328	0	9.85766	7.40899	3.3237	6.12912	7.93514	6.88512	0	1.73998	5.10683	9.58135	7.25799	8.39688	9.80862	8.2086	5.92116	0	0	8.32422	9.60081	11.15069	6.45146	5.49611	7.31577	2.72338	0	1.9268	0	4.84151	13.29257	0	5.53172	0	0	0	0	3.43395	0	0	0	0	0	
0	0	0	0	0	0	0	0	0	0	0	0	0	0	0	0	0	5.66932	0	0	0	5.26597	9.16322	0	0	0	9.01677	0	0	0	0	0	0	5.68426	6.61505	0	0	0	0	0	0	0	0	0	0	0	0	0	0	0	3.17887	0	0	0	0	8.61148	9.43141	10.09737	5.57243	2.64476	0	4.5971	7.16977	0	7.18553	8.47721	4.64945	6.98332	5.5965	3.02379	7.64857	5.8177	6.90108	5.64197	7.66742	5.32325	7.33563	0	10.17601	9.15085	0	0	7.4248	0	8.50729	8.87738	0	1.46011	0	9.75967	0	0	0	0	0	0	8.68474	0	0	0	
0	0	0	0	0	0	0	0	7.68977	0	0	8.91052	0	0	0	0	0	0	0	0	0	0	0	0	0	0	0	11.55912	0	0	0	0	0	0	0	0	0	0	0	9.82009	0	0	0	0	0	6.86092	0	6.27998	6.17899	0	0	9.09648	0	0	0	0	0	0	6.94491	0	8.21639	0	8.5117	8.74205	6.42165	6.26463	8.23164	0	0	6.66876	7.60426	1.03619	9.52281	8.70088	7.442	9.21433	2.01858	0	0	8.58398	6.90545	8.3879	9.61892	8.52986	7.11491	0	0	0	0	0	7.46051	0	9.94668	0	0	0	0	0	0	0	
0	0	0	0	0	0	0	0	0	0	0	0	0	9.09648	0	0	0	0	0	8.38867	0	0	0	0	0	3.85701	0	0	0	0	0	0	0	0	7.16548	0	0	5.99161	0	0	10.20198	0	6.37437	10.38127	0	0	0	0	0	0	6.12932	7.2509	0	0	9.50739	0	0	0	0	7.83176	5.74945	0	5.02187	9.47864	5.91156	5.43668	9.37868	8.88937	0	5.29358	7.23614	0	7.98846	6.47854	10.75442	6.90053	3.06667	4.15694	8.12882	3.61779	0	8.34324	5.23946	4.08136	5.24622	0	0	12.86459	5.45281	0	6.78046	0	0	5.31756	0	0	0	0	5.73249	0	
0	0	0	0	0	0	0	11.14313	0	0	0	0	0	0	0	0	0	0	0	0	0	0	2.56162	0	0	0	0	0	11.26394	0	0	0	0	0	10.86367	0	0	9.57056	0	0	0	3.8984	0	0	0	0	5.65979	0	0	0	0	0	9.96622	0	0	0	3.66885	9.77644	0	4.71303	9.57317	0	0	6.80244	0	2.05395	0	9.43527	6.81663	9.36522	7.25385	5.91419	8.51698	6.9356	5.69455	7.60296	6.82883	1.46011	7.25203	5.90603	6.94209	8.15914	5.56734	0	7.44842	0	3.83895	5.3855	0	0	12.34418	7.68373	0	0	0	0	10.57591	0	0	0	
0	0	0	0	0	0	0	0	0	0	0	0	0	0	0	0	0	0	0	0	0	0	0	0	0	0	0	0	0	0	0	0	0	0	0	0	0	4.817	0	0	0	0	0	0	0	0	0	0	0	5.90314	0	5.48261	0	4.66848	0	0	6.72899	9.72535	0	0	5.09908	0	9.4601	10.73617	6.39853	5.30697	0	0	8.64854	7.30275	0	5.35508	6.19993	9.2892	6.91599	8.76404	0	4.01696	6.96863	6.97824	3.35048	9.89847	6.5732	0	0	0	3.22573	0	0	0	0	0	7.31544	7.99652	7.52228	0	0	0	0	0	
0	0	0	0	0	0	0	9.20235	0	0	0	0	0	0	0	0	0	0	0	0	0	0	0	0	0	0	0	0	0	0	0	0	0	0	0	0	0	5.10671	0	5.86029	0	0	0	0	0	0	0	0	0	0	3.94904	0	0	11.81713	7.13837	0	0	8.3442	9.64629	12.24524	0	0	0	6.73723	9.35396	10.94616	0	0	7.58872	5.20248	6.70988	4.91238	4.73771	7.78007	6.53557	7.79454	6.3894	0	8.42147	8.48783	8.51723	8.39618	5.26279	4.8456	4.58571	0	0	1.5561	0	0	4.34088	0	0	0	0	7.29558	0	0	0	0	
0	0	0	0	0	0	0	0	0	0	0	0	0	0	0	0	0	0	0	0	0	0	0	0	0	10.36297	0	0	0	0	0	0	0	0	0	0	0	7.58679	0	0	0	0	0	0	9.05433	0	0	0	9.94125	0	0	0	0	0	0	2.47337	0	0	0	0	0	0	8.67943	0	0	5.66854	6.48564	6.61044	0.76596	6.12847	2.24162	0	9.90078	0	8.8428	7.02132	2.05395	7.86983	5.39931	7.67125	2.11274	0	8.14624	0	11.37883	6.33199	0	0	0	0	8.87867	0	0	0	0	0	0	4.41381	0	0	
0	0	0	0	0	0	0	0	0	0	0	0	7.33468	0	0	0	0	0	0	0	0	0	0	0	0	0	0	0	0	0	0	0	0	0	0	0	0	0	0	0	0	0	0	0	0	0	0	10.21946	0	0	2.79795	0	9.41047	0	0	0	0	0	0	4.02605	0	0	0	6.92883	6.08534	8.54971	9.05679	0	0.43328	0	0	9.35445	0	0	0	1.89975	5.53627	8.63534	4.21725	3.88502	0	8.30443	5.47134	2.94737	6.26516	4.64768	4.99617	1.78735	9.9361	0	0	0	0	7.72457	0	0	0	0	0	0	
0	0	0	0	0	0	0	0	0	0	0	0	0	0	0	0	0	0	0	0	0	0	0	0	0	0	0	0	0	0	0	0	9.22363	0	0	0	0	0	0	0	5.56178	0	0	0	0	0	0	0	0	0	0	0	0	0	0	0	4.60895	0	0	0	6.86057	0	0	2.73551	0	6.99373	0	0	7.20902	0	0	0	10.52983	0	0	3.43395	0	0	6.34331	6.66941	8.653	5.60394	10.03092	0	1.63301	0	0	0	0.43328	0	5.63276	4.49592	4.91486	0	0	0	0	0	0	0	
0	0	0	0	0	0	0	2.77352	0	0	0	0	0	0	0	0	0	0	0	0	0	0	0	0	0	0	0	4.34088	0	0	0	0	0	0	0	0	0	0	0	0	0	0	0	0	0	0	0	0	0	0	0	0	0	0	0	0	0	0.43328	0	0	0	0	0	0	0	0	0	0	0	0	4.17665	4.05191	8.31568	0	0	8.97721	9.99076	0	9.77932	10.39934	0	6.64365	0	7.0896	4.592	8.95852	0	8.56695	0	0	0	9.36751	0	0	0	8.93757	0	0	0	0	
0	0	0	0	0	0	0	0	0	0	0	0	0	0	0	0	0	0	0	0	12.19945	0	0	0	0	0	0	0	0	0	5.34269	0	0	0	0	0	0	0	0	0	0	0	0	0	0	0	0	0	0	0	0	0	0	0	0	0	0	0	0	12.20471	0	0	0	0	5.94475	8.57511	9.03808	7.04401	0	0	0	0	0	0	0	0.43328	6.11556	0	0	0	2.65878	0	0	0	3.52447	1.78735	7.35397	3.91215	10.33898	0	9.43623	8.82174	5.11375	8.28231	0	9.4758	0	0	0	0	
0	0	0	0	0	0	0	0	0	0	0	0	0	0	0	0	0	0	0	0	0	0	0	0	0	0	0	0	0	0	0	0	0	0	0	0	0	0	0	0	0	0	0	0	0	0	0	0	3.06273	0	0	0	0	0	0	0	0	0	0	0	0	0	0	0	0	0	0	0	0	7.00558	10.5312	9.93248	6.59561	0	9.56256	6.44567	0	9.58905	0	0	0	7.05201	7.54189	0	4.81171	0	1.63301	0	0	2.95431	0	1.38363	3.60185	0	7.64602	0	0	0	0	0	
0	0	0	0	0	0	0	0	0	0	0	0	0	0	0	10.00594	0	0	0	0	0	0	0	0	0	0	0	0	0	0	0	0	0	0	9.80892	0	0	0	0	0	0	0	0	0	0	0	0	0	0	0	0	0	0	0	0	0	0	0	0	0	0	0	0	0	0	0	0	7.33781	0	0	0	0	0	8.26763	0	0	0	0	0	0	0	1.9268	0	0	4.97523	0	5.43808	3.61374	9.71824	9.26942	9.61699	0	11.14937	0	0	0	0	0	0	0	
0	0	0	0	0	0	0	0	0	0	0	0	0	0	0	0	0	0	0	0	0	0	0	0	0	0	0	0	0	0	0	0	0	0	0	0	0	0	0	0	0	0	0	0	0	0	0	0	6.35598	3.12198	0	0	0	0	0	0	0	0	0	5.21246	0	0	0	0	0	6.17876	0	0	0	0	0	6.08534	0	0	0	0	0	10.894	0	6.73066	11.33079	0	0	8.16573	0	0	0	0	0	0	0	0	0	0	0	0	0	0	0	0	
0	0	0	0	0	0	0	0	0	0	0	0	0	0	0	0	0	0	0	0	0	0	0	0	0	0	0	0	0	0	0	0	0	0	0	0	0	0	0	0	0	0	0	0	0	0	0	0	0	0	0	0	0	0	0	3.08931	0	0	12.74918	0	0	0	0	0	5.40364	0	0	0	0	0	0	0	0	1.46011	0	0	9.52258	0	0	0	6.35098	5.62327	5.75449	8.47531	0	0	0	7.91247	8.52794	0	2.05395	9.26447	9.54711	0	0	0	0	0	0	0	
0	0	0	0	0	0	0	0	0	0	0	0	0	0	0	0	0	0	0	0	0	0	0	0	0	0	0	0	0	0	0	0	0	0	0	0	0	0	0	0	0	0	0	0	0	0	0	0	0	0	0	0	0	0	0	0	0	0	0	0	0	0	0	0	0	0	0	0	0	0	0	0	0	0	0	0	0	0	0	0	0	0	0	0	0	0	1.2637	0	0	0	0	9.64692	0	0	0	0	0	0	0	0	
0	0	0	0	0	0	0	0	0	0	0	0	0	0	0	0	0	0	0	0	0	0	0	0	0	0	0	0	0	0	0	0	0	0	0	0	0	0	0	0	0	0	0	0	0	0	0	0	0	0	0	0	0	0	0	0	0	0	0	0	0	0	0	0	0	0	0	0	0	0	8.509	0	0	0	0	0	0	0	0	10.62938	0	0	0	10.5154	0	0	0	0	0	0	9.27924	11.77723	0	0	0	0	0	0	0	0	
0	0	0	0	0	0	0	0	0	0	0	0	0	0	0	0	0	0	0	0	0	0	0	0	0	0	0	0	0	0	0	0	0	0	0	0	0	0	0	0	0	0	0	0	0	0	0	0	0	0	0	0	0	0	0	0	0	0	0	2.05395	0	0	0	0	0	0	0	0	0	0	7.13345	0	0	0	0	0	0	0	0	0	0	0	0	0	0	0	5.46213	0	0	0	0	0	0	0	0	0	0	0	0	0	
0	0	0	0	0	0	0	0	0	0	0	0	0	0	0	0	0	0	0	0	0	0	0	0	0	0	0	0	0	0	0	0	0	0	0	0	0	0	0	0	0	0	0	0	0	0	0	0	0	0	0	0	0	0	0	0	0	0	0	0	0	0	0	0	0	0	0	0	0	10.56994	7.22411	0	0	0	0	0	0	0	9.20748	0	0	0	0	0	0	0	0	0	7.30623	4.57089	0	0	0	0	0	0	0	0	0	0	
0	0	0	0	0	0	0	0	0	0	0	0	0	0	0	0	0	0	0	0	0	0	0	0	0	0	0	0	0	0	0	0	0	0	0	0	0	0	0	0	0	0	0	0	0	0	0	0	0	0	0	0	0	0	0	0	0	0	0	0	0	0	0	0	0	0	0	0	0	0	0	0	0	0	0	0	0	0	0	0	0	0	0	0	0	0	1.03619	0	0	0	0	0	0	0	0	0	0	0	0	0	
0	0	0	0	0	0	0	0	0	0	0	0	0	0	0	0	0	0	0	0	0	0	0	0	0	0	0	0	0	0	0	0	0	0	0	0	0	0	0	0	0	0	0	0	0	0	0	0	0	0	0	0	0	0	0	0	0	0	7.23757	0	0	0	0	0	0	0	0	0	0	0	0	0	0	0	0	6.00893	0	0	0	0	0	0	0	0	0	0	0	0	0	0	0	0	0	0	0	0	0	0	0	0	
0	0	0	0	0	0	0	0	0	0	0	0	0	0	0	0	0	0	0	0	0	0	0	0	0	0	0	0	0	0	0	0	8.41555	0	0	0	0	0	0	0	0	0	0	0	0	0	0	0	0	0	1.03619	0	0	0	0	0	0	0	0	0	0	0	0	0	0	0	0	0	0	0	0	0	0	0	0	2.17076	0	0	0	0	0.43328	0	0	0	0	0	0	0	0	0	0	0	0	0	0	0	0	0	0	0	
0	0	0	0	0	0	0	0	0	0	0	0	0	0	0	0	0	0	0	0	0	0	0	0	0	0	0	0	0	0	0	0	0	0	0	0	0	0	0	0	0	0	0	0	0	0	0	0	0	0	0	0	0	0	0	0	0	0	0	0	0	0	0	0	0	0	0	0	0	0	0	0	0	0	0	0	0	0	0	0	0	0	0	0	0	0	0	0	0	0	0	0	0	0	0	0	0	0	0	0	
0	0	0	0	0	0	0	0	0	0	0	0	0	0	0	0	0	0	0	0	0	0	0	0	0	0	0	0	0	0	0	0	0	0	0	0	0	0	0	0	0	0	0	0	0	0	0	0	0	0	0	0	0	0	0	0	0	0	0	0	0	0	0	0	0	0	0	0	0	0	0	0	0	0	0	0	0	0	0	0	0	0	0	0	0	0	0	0	0	0	0	0	0	0	0	0	0	0	0	0	
0	0	0	0	0	0	0	0	0	0	0	0	0	0	0	0	0	0	0	0	0	0	0	0	0	0	0	0	0	0	0	0	0	0	0	0	0	0	0	0	0	0	0	0	0	0	0	0	0	0	0	0	0	0	0	0	0	0	0	0	0	0	0	0	0	0	0	0	0	0	0	0	0	0	0	0	0	0	0	0	0	0	0	0	0	0	0	0	0	0	0	0	0	0	0	0	0	0	0	0	
0	0	0	0	0	0	0	0	0	0	0	0	0	0	0	0	0	0	0	0	0	0	0	0	0	0	0	0	0	0	0	0	0	0	0	0	0	0	0	0	0	0	0	0	0	0	0	0	0	0	0	0	0	0	0	0	0	0	0	0	0	0	0	0	0	0	0	0	0	0	0	0	0	0	0	0	0	0	0	0	0	0	0	0	0	0	0	0	0	0	0	0	0	0	0	0	0	0	0	0	
0	0	0	0	0	0	0	0	0	0	0	0	0	0	0	0	0	0	0	0	0	0	0	0	0	0	0	0	0	0	0	0	0	0	0	0	0	0	0	0	0	0	0	0	0	0	0	0	0	0	0	0	0	0	0	0	0	0	0	0	0	0	0	0	0	0	0	0	0	0	0	0	0	0	0	0	0	0	0	0	0	3.23363	0	0	0	0	0	0	0	0	0	0	0	0	0	0	0	0	0	0	
0	0	0	0	0	0	0	0	0	0	0	0	0	0	0	0	0	0	0	0	0	0	0	0	0	0	0	0	0	0	0	0	0	0	0	0	0	0	0	0	0	0	0	0	0	0	0	10.8517	0	0	0	0	0	0	0	0	0	0	0	0	0	0	0	0	0	0	0	0	0	0	0	0	0	0	10.79274	0	0	0	0	0	0	0	0	0	0	0	0	0	0	0	0	0	0	0	0	0	0	0	0	0	
