0	0	0	0	0	0	0	0	0	0	0	0	0	0	0	0	0	0	0	0	0	0	0	0	0	0	0	0	0	0	0	0	0	0	0	0	0	0	0	0	0	0	0	0	0	0	0	0	0	0	0	13.43108	0	0	0	0	0	0	0	0	0	0	0	0	0	0	0	0	0	0	0	0	0	0	0	0	0	0	0	0	0	0	0	0	0	0	0	0	0	0	0	0	0	0	0	0	0	0	0	0	
0	0	0	0	0	0	0	0	0	0	0	0	0	0	0	0	0	0	0	0	0	0	0	0	0	0	0	0	0	0	0	0	0	0	0	0	0	0	0	0	0	0	0	0	0	0	0	13.67098	0	0	0	0	0	0	0	0	0	0	0	0	0	0	0	8.86168	0	0	0	0	0	0	0	0	0	0	0	0	0	0	0	0	0	0	0	0	0	0	0	0	0	0	0	0	0	0	0	0	0	0	0	0	
0	0	0	0	0	0	0	0	0	0	0	0	0	0	0	0	0	0	0	0	0	0	0	0	0	0	0	0	0	0	0	0	0	0	0	0	0	0	0	0	0	0	0	0	0	0	0	0	0	0	0	0	0	0	8.26381	0	0	0	0	0	0	0	0	0	0	0	0	0	0	0	0	0	0	0	0	0	0	0	0	0	0	0	0	0	0	0	0	0	0	0	0	0	0	0	0	0	0	0	0	0	
0	0	0	0	0	0	0	0	0	0	0	0	0	0	0	0	0	0	0	0	0	0	0	0	0	0	0	0	0	0	0	0	0	0	0	0	0	0	0	0	0	0	0	0	0	0	15.61139	10.0189	0	0	0	0	0	0	0	0	0	0	0	0	0	0	0	0	0	0	0	0	0	0	0	0	0	0	0	0	0	0	0	0	0	0	0	0	0	0	0	0	0	0	0	0	0	0	0	0	0	0	0	0	
0	0	0	0	0	0	0	0	0	0	0	0	0	0	0	0	0	0	0	0	0	0	0	0	0	0	0	0	0	0	0	0	0	0	0	0	0	7.2992	0	0	0	0	0	10.96842	0	0	0	0	0	0	0	0	0	0	0	0	0	0	0	0	0	0	0	0	0	0	0	0	0	0	0	0	0	0	0	0	0	0	0	0	0	0	0	0	0	0	0	0	0	0	0	0	0	0	0	0	0	0	0	0	
0	0	0	0	0	0	0	0	0	0	0	0	0	0	0	0	0	0	0	0	0	0	0	0	0	0	0	0	0	0	0	0	0	0	0	0	0	0	0	0	0	0	0	0	0	0	0	0	0	0	0	0	0	0	0	0	0	0	0	0	0	0	0	0	0	0	0	0	0	0	0	0	8.14041	0	0	0	0	0	0	0	0	0	0	0	0	0	0	0	0	0	0	0	0	0	0	0	0	0	0	0	
0	0	0	0	0	0	0	0	0	0	0	0	0	0	0	0	0	0	0	0	0	0	0	0	0	0	0	0	0	0	0	0	0	0	0	0	0	0	0	0	0	0	0	0	0	0	0	0	0	0	0	0	0	0	0	0	0	0	0	0	0	0	0	0	0	0	0	0	0	0	0	0	0	0	11.09058	0	0	0	0	0	0	0	0	0	0	0	0	0	0	0	0	0	0	0	0	0	0	0	0	0	
0	0	0	0	0	0	0	0	0	0	0	0	0	0	0	0	0	0	0	0	0	0	0	0	0	0	0	0	0	0	0	0	0	0	0	0	0	0	0	0	0	0	0	0	0	0	0	0	0	0	0	7.66957	0	0	0	11.50326	0	0	5.41877	0	0	0	0	0	0	0	0	0	0	0	0	0	0	0	0	0	0	0	0	0	0	0	0	0	0	0	0	0	0	0	0	0	0	0	0	0	0	0	0	0	
0	0	0	0	0	0	0	0	0	0	0	0	0	0	0	0	0	0	0	0	0	0	0	0	0	0	0	0	0.73387	0	0	0	0	0	0	0	0	0	0	0	0	0	0	0	0	0	0	0	0	0	0	0	0	0	0	0	0	0	0	0	0	0	0	0	0	0	0	9.47988	0	0	0	0	0	0	0	0	0	0	0	0	0	0	0	0	0	0	0	0	0	0	0	0	0	0	0	0	0	0	0	0	
0	0	0	0	0	0	0	0	0	0	0	0	0	0	0	0	0	0	0	0	0	0	0	0	0	0	0	0	0	0	0	0	0	0	0	0	0	0	0	0	0	0	0	0	0	0	0	0	0	0	0	0	0	0	0	8.60337	0	0	0	0	0	0	0	0	0	0	0	0	0	0	0	0	0	0	0	0	0	0	0	0	0	0	0	0	0	0	0	0	0	0	0	0	0	0	0	0	0	0	0	0	
0	0	0	0	0	0	0	0	0	0	0	0	0	0	0	0	0	0	0	0	0	0	0	0	0	0	0	0	0	0	0	0	0	0	0	0	0	0	0	0	0	0	0	0	0	0	0	0	0	0	0	0	0	0	0	0	0	0	0	0	0	0	0	0	0	0	0	11.32156	0	0	0	0	0	0	0	0	0	0	0	0	0	0	0	0	0	0	0	0	0	0	0	0	0	0	0	0	0	0	0	0	
0	0	0	0	0	0	0	0	0	0	0	0	0	0	0	0	0	0	0	0	0	0	0	0	0	0	0	0	0	0	0	0	0	0	0	0	0	0	0	0	0	0	0	0	0	0	0	0	0	0	0	0	2.49618	0	0	0	3.16918	0	0	0	0	0	0	0	0	0	0	0	0	0	0	4.29039	0	0	0	0	0	0	0	0	0	0	0	0	0	0	0	0	0	0	0	0	0	0	0	0	0	0	0	0	
0	0	0	0	0	0	0	0	0	0	0	0	0	0	0	0	0	0	0	0	0	0	0	0	0	0	0	0	0	0	0	0	0	0	0	0	0	0	0	0	0	0	0	0	0	0	0	0	9.48486	0	0	0	10.04535	0	0	0	0	0	0	0	0	0	0	0	0	0	0	4.7475	0	0	0	0	0	0	0	0	0	0	0	0	0	0	0	0	0	0	0	0	0	0	0	0	0	0	0	0	0	0	0	0	
0	0	0	0	0	0	0	0	0	0	0	0	0	0	0	0	0	0	0	0	0	0	0	0	0	0	0	0	0	0	12.42739	0	0	0	0	0	0	0	0	4.4738	0	0	0	0	0	0	0	9.26769	0	0	0	0	0	0	0	0	0	6.14218	3.16311	0	9.53281	0	0	6.10096	0	0	0	0	0	0	0	0	0	0	0	0	0	0	0	0	0	0	0	0	0	0	0	0	0	0	0	0	0	0	0	0	0	0	0	0	
0	0	0	0	0	0	0	0	0	0	0	0	0	0	0	0	0	0	0	0	0	0	0	0	0	0	0	0	0	0	0	0	0	0	0	0	0	0	0	0	0	0	0	0	0	0	0	0	0	0	0	0	0	0	4.82105	0	0	0	0	0	0	0	0	0	0	0	0	0	0	0	0	0	0	0	0	0	0	0	0	0	0	0	0	0	0	0	0	0	0	0	0	0	0	0	0	0	0	0	0	0	
0	0	0	0	0	0	0	0	0	0	0	0	0	0	0	0	0	0	0	0	0	0	0	0	0	0	0	0	0	0	0	0	0	0	0	0	0	0	0	0	0	0	12.5086	0	0	0	0	0	0	0	0	0	9.78404	0	0	0	0	0	0	11.93276	0	0	0	0	0	0	0	0	0	0	0	7.94072	0	0	0	0	0	0	0	0	0	0	0	0	0	0	0	0	0	0	0	0	0	0	0	0	0	0	0	0	
0	0	0	0	0	0	0	0	0	0	0	0	0	0	0	0	0	0	0	0	0	0	0	0	0	0	0	0	0	0	0	0	0	0	0	0	0	0	0	0	0	0	0	7.07072	0	0	0	10.41662	0	0	0	9.49739	0	0	0	0	0	0	4.55608	0	0	0	0	0	0	0	0	0	0	0	0	0	0	0	0	0	0	0	0	0	0	0	0	0	0	0	0	0	0	0	0	0	0	0	0	0	0	0	0	0	
0	0	0	0	0	0	0	0	0	0	0	0	0	0	0	0	0	0	0	0	0	0	0	0	0	0	0	0	0	0	0	0	0	0	0	0	0	0	0	0	0	0	4.38501	0	0	0	0	0	0	0	0	0	0	0	0	8.65412	0	0	0	0	0	0	0	0	0	0	3.53731	0	8.90423	0	0	0	0	0	0	0	0	0	0	0	0	0	0	0	0	0	0	0	0	0	0	0	0	0	0	0	0	0	0	0	
0	0	0	0	0	0	0	0	0	0	0	0	0	0	0	0	0	0	0	0	0	0	0	0	0	0	0	0	0	0	0	0	0	0	0	0	0	0	0	0	12.81443	0	0	0	0	0	0	0	0	0	0	0	0	0	0	0	0	0	0	0	0	0	0	0	0	0	0	0	0	0	0	0	0	0	0	0	0	0	0	0	0	0	0	0	0	0	0	0	0	0	0	0	0	0	0	0	0	0	0	0	
0	0	0	0	0	0	0	0	0	0	0	0	0	0	0	0	0	0	0	0	0	0	0	0	0	0	0	0	0	0	0	0	0	0	0	0	0	0	0	0	0	0	0	0	0	0	0	9.43459	0	0	9.16174	0	0	0	0	0	0	0	0	0	0	0	0	0	0	0	0	0	0	0	0	0	0	0	0	0	6.85451	0	0	0	0	0	0	0	0	0	0	0	0	0	0	0	0	0	0	0	0	0	0	0	
0	0	0	0	0	0	0	0	0	0	0	0	0	0	0	0	0	0	0	0	0	0	0	0	0	0	0	0	0	0	0	0	0	0	0	0	0	0	0	0	0	0	0	0	0	0	0	8.11647	0	0	10.5344	10.05708	0	0	0	0	5.72664	0	10.79134	0	9.63439	0	0	0	0	12.07481	0	0	0	0	0	0	0	0	0	0	0	0	0	0	0	0	0	0	0	0	0	0	0	0	0	0	0	0	0	0	0	0	0	0	
0	0	0	0	0	0	0	0	0	0	0	0	0	0	0	0	0	0	0	0	0	0	0	0	0	0	0	0	0	0	0	0	0	0	0	0	0	0	0	0	0	9.49815	0	0	0	0	0	0	0	0	0	0	0	0	0	0	0	0	0	0	0	0	0	0	0	0	0	0	9.90073	0	0	0	0	0	0	0	0	0	0	0	0	0	0	0	0	0	0	0	0	0	0	0	0	0	0	0	0	0	0	0	
0	0	0	0	0	0	0	0	0	0	0	0	0	0	0	0	0	0	0	0	0	0	0	0	0	0	0	0	0	0	0	3.3623	0.73387	0	0	0	0	0	0	0	0	0	0	0	0	0	0	9.86321	0	0	0	0	0	0	0	0	0	0	0	0	0	0	0	1.57986	0	0	0	1.21804	0	0	0	0	0	0	0	0	0	0	0	0	0	0	0	0	0	0	0	0	0	0	0	0	0	0	0	0	0	0	0	0	
0	0	0	0	0	0	0	0	0	0	0	0	0	0	0	0	0	0	0	0	0	0	0	0	0	0	0	0	0	0	0	8.9914	0	0	4.55743	0	0	0	0	0	0	0	0	0	0	0	0	0	0	0	0	0	0	0	0	0	0	0	0	0	0	0	0	0	0	0	0	0	0	0	0	0	0	0	0	0	0	0	0	0	0	0	0	0	0	0	0	0	0	0	0	0	0	0	0	0	0	0	0	0	
0	0	0	0	0	0	0	0	0	0	0	0	0	0	0	0	0	0	0	0	0	0	0	0	0	0	0	0	0	0	0	0	0	0	0	0	0	0	0	0	0	0	0	11.10672	0	0	0	0	0	18.12824	0	0	0	0	8.92996	0	0	0	0	0	0	0	0	0	0	0	0	0	0	0	0	0	0	0	0	0	0	0	0	4.67125	0	0	0	0	0	0	0	0	0	0	0	0	0	0	0	0	0	0	0	0	
0	0	0	0	0	0	0	0	0	0	0	0	0	0	0	0	0	0	0	0	0	0	0	0	0	0	0	0	0	0	0	0	7.39893	0	0	0	0	0	0	0	0	0	0	0	0	0	0	3.83417	0	0	6.50701	8.35254	0	0	0	0	0	0	7.77591	0	0	0	0	0	0	0	0	0	0	0	0	0	0	0	0	0	0	0	0	0	0	0	0	0	0	6.70538	0	0	0	0	0	0	0	0	0	0	0	0	0	0	
0	0	0	0	0	0	0	0	0	0	0	0	0	0	0	0	0	0	0	0	0	0	0	0	0	0	0	0	0	0	0	0	0	0	0	0	0	0	0	10.74972	0	0	0	0	17.65274	0	4.51622	0	0	0	0	0	0	0	0	0	0	0	0	0	0	0	0	0	0	0	0	0	0	0	0	0	0	0	0	0	0	0	0	0	0	0	0	0	0	0	0	0	0	0	0	0	0	0	0	0	0	0	0	0	
0	0	0	0	0	0	0	0	0	0	0	0	0	0	0	0	0	0	0	0	0	0	0	0	0	0	0	0	0	0	0	0	0	0	0	9.30749	0	0	0	0	0	0	0	0	0	0	0	8.29765	0	0	0	0	0	7.92401	0	0	0	0	0	0	7.9639	0	0	0	0	0	0	0	0	0	0	0	0	0	0	0	0	0	0	0	0	0	0	0	0	0	0	0	0	0	0	0	0	0	0	0	0	0	0	0	
0	0	0	0	0	0	0	0	0	0	0	0	0	0	0	0	0	0	0	0	0	0	0	0	0	0	0	0	0	0	0	0	0	0	0	0	0	0	0	0	0	13.95067	0	0	0	0	0	0	0	0	0	0	0.73387	0	0	0	0	0	0	0	0	0	0	0	0	0	0	5.12183	0	0	0	6.4896	0	0	0	0	0	0	0	0	0	0	0	0	0	0	0	0	0	0	0	0	0	0	0	0	0	0	0	0	
0	0	0	0	0	0	0	0	0	0	0	0	0	0	0	0	0	0	0	0	0	0	0	0	0	0	0	0	0	0	0	0	0	0	0	0	0	0	0	0	6.8791	0	0	0	10.10129	0	0	5.55382	0	0	15.77234	11.177	0	0	0	11.05909	0	0	12.61689	0	11.63152	0	0	0	0	0	0	0	1.86888	0	0	0	0	0	0	0	0	0	0	0	0	0	0	0	0	0	0	0	0	0	0	0	0	0	0	5.14905	0	0	0	0	
0	0	0	0	0	0	0	0	0	0	0	0	0	0	0	0	0	0	0	0	0	0	0	0	0	0	0	0	0	0	0	0	0	0	0	0	0	0	0	0	0	0	0	0	11.13635	0	0	0	0	0	0	0	9.71628	0	0	0	0	7.93292	0	0	0	7.73158	0	0	0	0	0	0	0	0	0	0	0	0	0	0	0	0	0	0	0	0	0	0	0	0	0	0	0	0	0	0	0	0	0	0	0	0	0	0	
0	0	0	0	0	0	0	0	0	0	0	0	0	0	0	0	0	0	0	0	0	0	0	0	0	0	0	0	0	0	0	0	0	0	0	0	0	0	0	0	0	0	0	11.15409	0	0	12.20066	0	0	0	10.27194	0	0	0	0	0	0	0	0	5.32642	0	0	0	0	4.94677	0	0	4.51622	0	0	0	0	7.929	0	0	0	3.16311	0	0	0	0	0	0	0	0	0	0	0	0	0	0	0	0	0	0	0	0	0	0	0	
0	0	0	0	0	0	0	0	0	0	0	0	0	0	0	0	0	0	0	0	0	0	0	0	0	0	0	0	0	0	0	0	0	0	0	0	0	0	0	0	0	0	0	0	9.7875	0	0	9.42766	2.6565	0	0	7.81959	1.86888	0	0	11.71585	0	0	0	0	0	0	0	0	0	0	0	14.01623	0	0	0	0	0	12.03592	0	0	0	0	0	0	0	0	0	0	0	0	0	0	0	0	0	0	0	0	0	0	0	0	0	0	
0	0	0	0	0	0	0	0	0	0	0	0	0	0	0	0	0	0	0	0	0	0	0	0	0	0	0	0	0	0	0	0	0	0	0	0	0	12.33616	0	0	0	0	0	0	0	0	0	0	0	0	0	8.26815	0	0	13.03416	0	9.48619	0	0	10.02988	0	3.69335	0	0	0	0	0	0	0	0	0	0	0	0	7.65807	3.96245	0	0	0	0	0	0	0	0	0	0	0	0	0	0	0	0	0	0	0	0	0	0	0	0	
0	0	0	0	0	0	0	0	0	0	0	0	0	0	0	0	0	0	0	0	0	0	0	0	0	0	0	0	0	0	0	0	0	0	0	0	0	0	0	0	0	0	14.87572	0	0	10.18257	0	12.83147	0	0	8.61318	0	12.12601	0	9.4137	0	0	0	0	0	0	0	0	9.83101	0	0	0	0	0	0	11.46756	0	0	0	0	0	0	0	2.80079	0	0	0	0	0	0	0	0	0	0	0	0	0	0	0	0	0	0	0	0	0	
0	0	0	0	0	0	0	0	0	0	0	0	0	0	0	0	0	0	0	0	0	0	0	0	0	0	0	0	0	0	0	0	0	0	0	0	0	0	0	0	0	0	0	0	0	0	0	10.01609	11.17948	0	0	11.50458	0	0	0	0	0	0	0	0	0	0	0	0	0.73387	0	0	0	0	0	0	0	0	0	0	0	0	0	0	0	0	0	0	0	0	0	0	0	0	0	3.83417	0	0	0	0	0	0	0	0	0	
0	0	0	0	0	0	0	0	0	0	0	0	0	0	0	0	0	0	0	0	0	0	0	0	0	0	0	0	0	0	0	0	0	0	0	0	0	0	0	0	0	0	0	0	0	0	0	11.7939	0	0	0	0	9.23789	4.33848	0	0	0	0	9.39075	6.12857	0	0	0	0	0	0	0	0	0	0	0	0	0	0	0	0	0	0	0	0	0	0	0	0	0	0	0	0	0	0	0	0	0	0	0	0	0	0	9.38537	0	
0	0	0	0	0	0	0	0	0	0	0	0	0	0	0	0	0	0	0	0	0	0	0	0	0	0	0	0	0	0	0	0	0	0	0	0	0	0	0	0	0	0	6.91125	0	0	0	0	0	0	8.43424	0	9.90073	0	9.52177	0	0	0	0	0	0	0	0	0	0	14.00922	0	0	0	0	0	0	0	0	0	0	0	16.93048	0	0	0	0	0	0	0	0	0	0	0	0	0	0	0	0	0	0	0	0	0	0	0	
0	0	0	0	0	0	0	0	0	0	0	0	12.22225	0	0	0	0	0	0	0	0	0	0	0	0	0	0	0	0	0	10.44869	0	0	0	0	0	0	0	0	0	0	0	10.70523	0	0	0	0	5.68364	0	0	13.6639	0	0	10.2446	4.08024	0	8.75815	0	0	0	0	0	0	7.57482	8.90224	11.16037	0	0	0	0	0	0	0	0	0	0	0	0	0	0	0	0	0	0	0	0	0	0	0	0	0	0	0	0	0	0	0	0	0	0	
0	0	0	0	0	0	0	0	0	0	0	0	0	0	0	0	0	0	0	0	0	0	0	0	0	0	0	0	0	0	0	0	0	0	0	0	0	0	0	0	0	0	0	0	0	10.15356	11.72661	0	1.57986	12.80658	1.57986	8.25945	10.64543	0	7.63862	11.15964	0	0	0	0	10.05887	0	0	0	0	0	0	0	0	6.65665	0	0	0	0	0	0	6.78108	0	0	0	0	0	0	0	0	0	0	0	0	0	0	0	0	0	0	0	0	0	0	0	
0	0	0	0	0	0	0	0	0	0	0	0	0	0	0	8.48019	0	0	0	0	0	0	0	0	0	0	0	0	0	0	0	0	0	0	0	7.7089	13.62453	0	0	0	0	0	0	0.73387	0	10.03536	7.49001	8.15054	5.30237	7.78894	0	0	2.80079	0	10.78972	0	0	0	0	7.73607	0	8.79647	0	6.96585	0	11.99643	0	0	11.53971	0	8.04583	0	0	0	0	12.76652	0	2.80079	0	3.89973	0	0	0	0	0	0	0	0	0	0	7.87296	0	0	0	0	0	0	0	0	0	
0	0	0	0	0	0	0	0	0	0	0	0	0	0	0	0	0	0	0	0	0	0	0	0	0	0	12.47539	0	0	0	0	5.25306	0	0	9.42209	0	0	0	0	0	11.6227	0	0	0	0	0	0	0	10.32273	9.05214	2.93193	10.71086	8.63259	0	9.81941	0	16.13032	0	3.50396	0	6.77812	9.61379	0	0	0	10.19078	0	0	0	0	0	0	0	8.18711	0	0	0	0	0	0	0	0	0	0	0	0	0	0	0	0	0	0	0	0	0	0	6.47891	0	0	0	
0	0	0	0	0	0	0	0	0	0	0	0	0	0	0	0	0	0	0	11.07514	0	0	0	0	0	0	0	0	0	0	0	0	0	0	0	0	0	0	0	0	0	0	0	13.75752	0	0	16.04317	13.26423	10.14757	0	10.02896	8.52458	11.79552	0	0	0	14.42485	0	0	8.79985	5.64874	0	0	10.97461	0	7.49752	0	4.33848	0	0	0	0	0	0	0	0	0	0	0	0	0	0	0	0	0	0	0	0	0	0	8.68849	0	0	0	0	0	0	0	0	0	
0	0	0	0	0	0	0	0	0	0	0	0	8.12335	0	0	0	0	0	0	8.66595	0	0	0	0	0	0	0	0	0	0	0	0	0	5.95275	0	0	0	0	0	0	0	10.0253	13.48914	0	9.58951	0	0	3.07536	9.42349	0	0.73387	9.7278	8.95451	3.49466	10.32588	2.10956	7.62711	7.10305	7.38131	0	0	0	0	0	8.7748	0	0	0	0	0	0	0	0	0	0	0	0	0	7.67184	1.57986	0	0	0	0	0	0	0	0	0	0	0	0	0	0	0	0	0	0	0	0	
0	0	0	0	0	0	0	0	0	0	0	0	0	0	0	0	0	0	0	0	0	0	0	15.77175	0	0	0	0	0	0	0	0	0	0	0	0	0	0	13.19552	0	0	0	8.24185	8.98008	8.11992	0	10.2047	5.51484	0	9.04579	10.32661	8.99229	0	0	0	0	0	4.08425	17.04254	9.76547	9.91368	0	0	0	6.20837	0	0	0	0	0	0	0	0	0	0	0	0	0	0	0	0	0	0	0	0	0	0	0	0	0	0	0	0	0	0	0	0	0	0	0	
0	0	9.11904	0	0	0	0	0	0	0	0	0	0	0	0	0	0	0	0	0	0	0	0	0	0	0	0	0	0	0	0	0	0	0	0	0	0	0	0	0	10.11235	0	0	0	0	9.25208	0	6.59572	9.11732	11.2209	0	6.5002	9.53601	8.98275	0	10.42731	0	0	11.69465	0	9.64278	0	9.58417	10.07758	0	0	0	0	0	0	0	8.16941	0	0	0	0	1.21804	0	0	0	0	0	0	0	0	0	0	0	0	0	0	0	0	0	0	0	0	0	0	0	
0	0	0	0	0	0	0	0	0	0	0	9.40526	0	0	0	0	0	0	0	0	0	0	0	0	0	0	0	0	0	0	0	0	5.84212	0	0	0	0	9.74388	11.09356	12.2122	8.43667	4.91541	0	0	11.62961	7.88227	11.0786	10.57679	11.47592	0	11.83899	0	0.78993	6.64959	0	11.30766	9.07801	11.99229	0	0	0	0	0	0	0	0	0	9.32996	0	0	0	0	5.6649	0	0	5.79121	0	0	8.9122	0	0	0	0	0	0	0	0	0	0	0	0	0	0	0	0	6.6078	0	0	0	0	
0	0	0	0	0	0	0	0	0	0	0	0	0	0	0	0	0	0	0	0	0	0	0	0	0	0	0	0	0	0	0	0	0	0	5.32642	9.09655	0	0	0	4.24066	0	12.17669	0	11.08475	15.80907	9.14515	7.21394	8.17034	5.2208	10.6245	11.88715	10.1543	6.59232	9.65097	0	0	7.78396	0	0	8.23894	8.31878	0	6.6601	0	0	0	0	0	0	0	0	0	0	0	0	0	0	0	6.65061	0	0	0	0	0	0	0	0	10.81596	0	0	0	0	0	0	0	0	0	0	0	0	
0	0	0	0	0	0	0	0	10.75803	0	12.39276	0	0	0	0	0	0	0	0	0	0	0	0	0	0	0	11.86154	0	0	0	0	0	0	0	0	9.02301	0	12.18123	10.47447	0	8.76884	8.92209	0	6.9349	0.73387	11.95349	7.29463	7.99085	11.50187	8.59551	0	7.05431	0	0	0	0	6.37521	3.76548	0	0	0	0	0.73387	0	0	0	14.32287	0	0	0	0	0	0	0	0	0	0	0	0	0	0	0	0	0	0	0	0	0	0	0	0	0	0	1.57986	0	0	0	0	0	0	
0	0	0	0	0	0	0	0	0	0	0	9.77096	0	0	16.03311	0	0	0	0	0	0	0	0	0	0	0	0	0	0	0	0	11.09233	0	0	4.71143	0	11.42678	0	0	10.20541	8.68467	0	8.47005	8.32829	10.36082	7.6102	11.35543	8.68738	3.63114	10.59227	6.5761	10.34289	11.53377	10.41705	0	8.47213	9.02012	0	0	10.56692	12.91038	9.00671	0	9.64757	0	0	0	0	0	0	0	0	0	0.73387	0	7.91654	0	0	0	0	0	0	0	7.28086	0	0	0	0	0	0	0	0	0	0	0	0	0	0	0	0	
0	0	0	0	0	0	0	0	0	0	0	0	12.32614	0	0	0	0	0	0	0	0	0	0	0	0	0	0	0	0	9.6724	0	0	7.84827	0	5.54708	0	13.52618	0	13.92007	10.1425	10.42502	13.52886	9.24453	7.21208	9.2907	4.18503	10.35201	10.46418	3.76548	9.36209	8.67286	11.71357	11.23053	9.56569	6.30259	9.91736	7.62879	0	0	9.8591	3.96245	0	0	0	0	0	0	0	0	0	0	0	0	9.51655	0	0	0	0	0	0	10.65449	0	0	0	0	0	0	0	0	0	0	0	0	0	0	0	0	0	0	0	
0	0	0	0	0	0	0	11.84395	0	0	0	11.57839	0	0	0	0	0	0	0	0	0	0	0	0	0	0	0	8.58356	0	0	5.54708	0	11.56676	0	0	0	4.38501	11.88576	8.62033	11.85275	9.98021	4.20002	0	10.7868	10.88482	8.60986	9.79143	10.23543	11.12865	9.9208	4.85416	10.00108	12.18285	8.81783	9.42527	7.53591	12.06278	5.35078	5.30402	8.73269	6.19417	12.04501	6.01481	0	9.29536	0	0	0	0	0	0	0	0	14.07517	0	0	0	0	0	0	0	0	0	0	0	0	0	0	0	0	0	0	0	0	0	0	0	0	0	0	
10.23273	0	0	0	0	0	0	0	0	0	0	0	10.60489	0	0	0	0	0	0	0	0	0	0	0	11.84265	0	0	7.58482	0	0	0	0	11.21089	0	11.30732	8.84097	0	5.27793	10.55077	6.53175	7.36451	9.63164	6.09769	9.82592	11.70416	9.73072	7.8859	10.49977	6.14371	2.84331	8.78855	6.3692	7.87271	4.03965	11.54608	10.18729	8.6565	4.66592	0	9.71861	2.49618	3.76548	0	6.10151	0	7.32329	0	0	0	0	0.73387	0	0	0	0	0	0	0	0	0	0	0	4.05045	0	0	15.7855	0	0	0	0	0	0	0	0	0	0	0	0	0	0	
0	0	0	9.36665	0	0	0	0	0	0	0	0	0	0	0	0	0	0	8.38895	0	0	11.35774	0	7.37608	10.54698	4.85057	0	0	11.50194	9.50079	11.32722	0	6.81257	0	0	3.61744	0	10.20664	10.72207	9.48262	7.76963	6.66924	9.41891	9.05405	10.24864	9.89411	8.24596	8.65931	9.65061	7.91427	9.90603	8.90178	10.51048	7.08748	7.79699	10.56291	0	4.23075	5.84559	9.56895	0	1.86888	9.09999	0	0	0	0	0	0	8.29156	0	0	6.56226	0	3.45245	11.65069	12.31716	3.43487	0	8.97818	0	0	0	0	0	0	0	0	0	0	0	0	0	0	0	0	0	0	0	0	
9.14969	0	0	0	11.51278	6.58931	0	0	0	0	0	0	0	0	0	0	0	10.18996	0	0	0	0	0	0	9.63799	0	8.77835	8.61704	0	11.94373	10.66547	0	0	0	11.97758	9.08949	6.73009	9.65768	11.60934	8.51711	6.14246	9.25878	9.43745	8.2348	9.1558	8.44222	9.37956	8.85857	8.70404	10.26964	6.92491	10.52788	12.55909	6.68878	9.91248	8.42585	8.82499	3.39811	5.70029	8.34559	14.87629	0	6.83998	12.05673	12.44173	9.1961	8.70973	0	0	0	0	0	0	0	3.53731	0	0	0	0	0	0	0	0	0	0	0	0	0	0	0	0	0	0	0	0	2.49618	0	0	0	0	
0	0	0	0	0	0	0	0	3.3623	0	8.47482	0	0	0	0	0	13.3637	13.17591	9.77533	5.41877	9.8446	10.05443	0	0	0	12.50449	0	10.90247	5.64986	10.29725	0	9.76107	10.99959	6.86807	9.60466	8.93378	7.91572	9.40125	10.01118	7.93763	9.09788	8.35163	5.64009	8.85544	9.39613	7.67861	8.17674	8.16137	8.28332	7.46889	6.35578	10.77525	7.5704	7.87154	4.86418	5.85618	7.29604	8.61318	0	10.1501	5.18517	7.78894	7.78954	0	7.52339	11.05775	6.6789	0	0	0	0	8.33071	0	0	8.36013	0	0	0	10.29116	0	0	0	0	0	0	7.15225	0	0	0	0	0	0	0	0	0	15.56525	0	0	0	0	
0	9.60888	0	0	3.89973	7.88515	0	0	0	0	0	0	0	0	8.73942	11.19955	0	10.63949	10.4764	0	11.04286	0	8.40857	0	0	0	0	0	9.50566	11.1372	7.29185	0	11.04784	6.97815	11.07159	8.6264	9.19809	10.59631	9.50188	8.08446	8.64855	7.21643	8.38941	7.38237	8.19332	7.36625	7.75747	9.39848	7.8281	7.88419	6.74447	8.36005	7.67712	7.68805	9.082	6.2745	2.80079	7.10196	8.70975	7.30158	0	7.99423	0	12.41973	10.32179	0.73387	4.96956	8.95524	0	0	0	0	0	0	0	4.08024	0	0	0	0	8.6509	0	0	0	0	0	0	0	0	0	0	0	0	0	0	0	0	0	0	0	
0	11.52062	8.55332	0	9.28983	0	0	0	0	0	6.89527	0	0	0	9.10348	11.28599	0	8.59597	0	0	5.25306	5.27793	7.25595	11.28157	9.00077	10.64607	0	4.94364	7.4654	5.75448	9.85187	10.09781	12.12794	10.57855	10.33017	5.73209	7.91961	7.66071	8.67548	8.36648	6.53937	6.9779	7.79878	7.81446	6.96513	6.58412	8.63165	7.10075	9.40988	8.66008	7.20369	9.47204	7.92199	7.93822	7.52804	7.59453	8.84331	5.78071	7.5338	8.5328	0	8.34366	10.56352	10.81621	3.37587	0	1.57986	0	0	0	0	8.5735	0	0	9.54629	0	6.36746	0	4.33848	0	0	0	0	4.63926	0	2.89535	0	0	0	0	0	0	0	0	0	0	0	0	0	0	
0	0	0	0	0	0	0	0	6.84622	0	8.43667	11.86539	0	0	0	0	0	0	9.48218	0	1.21804	0	0	0	0	8.24502	9.57886	0	4.88336	10.5434	7.04044	7.76275	8.81359	10.90338	9.92426	9.18465	7.38039	8.92449	9.26468	8.7365	4.41962	7.2674	7.49176	8.46913	6.91769	7.60104	7.39464	7.24371	8.56476	8.50362	7.74845	8.81285	6.73665	7.24588	7.68546	9.57399	8.07011	9.28923	9.8765	7.27232	10.25159	6.8842	5.5674	8.93182	0	7.69286	0	8.75944	0	0	0	0	0	0	0	0	0	0	0	0	0	3.16311	0	0	0	0	0	8.49808	4.24066	12.12536	0	0	0	0	0	0	0	0	0	0	
0	0	0	0	0	0	0	0	11.06937	11.70243	0	2.80079	0	11.48401	0	0	0	1.21804	9.49947	3.52817	0	0	1.86888	8.39024	8.07095	5.46282	4.18914	9.55688	10.77155	9.82691	0	6.05103	4.87198	4.45029	4.89568	9.6791	8.30704	5.70161	7.76522	6.12747	8.05651	7.99549	7.85674	8.32858	7.28305	7.97224	7.7567	7.27868	6.7146	8.99888	7.83488	7.82951	7.52341	6.25961	7.54876	8.25045	5.54715	5.57495	9.62108	7.06502	7.40728	8.3569	9.87251	13.09151	5.79138	13.45812	10.4432	0	0	0	0	0	0	3.83417	12.42304	0	0	0	13.08635	0	0	0	0	0	0	0	0	0	6.95046	0	1.21804	0	0	0	0	0	0	0	0	0	
0	0	8.71002	6.29836	0	3.53731	0	4.5975	8.32476	0	0	0	0	0	0	0	0	6.86032	0	0	0	0	0	11.11624	0	9.67591	0	9.16578	7.63862	7.84069	0	8.30575	0	6.42426	6.00129	8.63665	7.6112	7.25047	5.3742	11.59295	7.10219	9.94706	7.67651	8.19163	8.3117	7.16046	6.22246	8.50872	6.82973	7.40902	8.15207	7.58109	8.49441	8.29652	7.73169	6.03172	7.46665	9.6109	8.01829	7.09932	8.66515	10.07257	4.92904	14.78625	4.85778	0	0	9.23796	5.22774	5.36894	3.40274	0	8.79862	0	2.85432	0	8.69085	0	0	0	0	0	8.09506	0	0	0	0	0	0	0	0	0	0	0	0	0	0	0	0	0	
0	0	0	0	0	0	0	0	0.73387	0	8.98197	8.52243	8.71626	0	12.58471	0	0	7.4708	0	6.43536	0	0	0	0	0	0	6.4573	4.5975	6.68311	0	9.00718	8.51583	5.42895	9.20397	4.99854	7.87222	8.51268	7.62906	7.19063	8.84504	8.62541	5.53289	5.90061	7.27253	7.32654	7.9726	6.10869	6.99335	7.85975	5.63019	5.66565	9.21539	8.90338	7.36612	8.80893	6.57031	6.97179	7.98453	9.18452	6.96155	9.68758	6.16632	5.5321	8.02188	0	7.21301	12.84219	4.68032	0	0	8.00545	0	8.174	1.32825	0	13.66088	0	0	0	0	0	0	0	0	0	0	0	0	7.13301	0	0	0	0	0	0	0	0	0	0	0	
0	0	0	0	0	0	0	0	0	11.99362	0	0	1.86888	0	0	0	0	0	0	0	0	0	0	9.90709	0	0	7.95596	0	0	4.49028	7.79008	0	0	4.59584	10.14166	6.83788	3.53978	2.3158	1.57986	7.96773	7.13756	10.8691	5.06768	5.90718	10.25194	9.08213	7.59657	7.02973	7.80686	4.53211	7.43805	8.45729	6.82151	7.35037	8.31133	7.13896	6.02448	7.33013	5.25821	6.20037	7.93157	5.49151	5.19612	8.04284	7.19489	4.64752	8.03857	10.42731	6.29237	0	0	11.15199	0	4.5975	0	3.83417	8.09214	0	0	0	0	0	0	0	9.18792	0	0	0	0	0	0	13.68294	0	0	0	0	7.74055	0	0	0	
0	0	0	0	0	0	0	0	0	0	0	9.31652	0	0	0	0	0	7.44556	10.46231	0	0	0	0	1.57986	0	0	0	5.58743	0	0	0	0	3.06673	6.10265	6.36913	0	5.30022	8.64848	2.58788	5.35501	7.07083	8.32338	7.98274	4.41999	0	7.24401	6.03998	4.8018	7.54931	6.32319	8.13635	10.57674	7.48642	4.66637	7.69372	5.00918	6.74469	6.97341	6.93432	7.9227	7.37365	6.99458	0	7.00488	9.18798	0	6.62642	7.15896	8.93974	7.89451	0	0	0	1.57986	0	9.95378	0	9.35793	0	0	0	6.16174	0	0	0	0	0	0	0	0	0	0	0	0	0	0	0	0	0	0	
0	0	0	0	5.47253	0	0	0	0	0	8.73044	0	7.32329	0	0	10.30937	0	0	6.97348	0	6.02458	5.03695	0	0	0	11.02323	4.94677	0	0	6.69372	0	9.20612	10.86398	0	0	4.43008	10.03809	5.73842	12.02587	9.01454	6.43519	9.24264	7.25084	6.90328	6.01976	6.06402	11.4019	4.20379	8.03463	9.03046	7.8622	7.62631	8.78417	6.90947	6.47345	6.88925	7.5657	7.86193	4.38279	8.78285	5.2436	7.27182	8.86572	5.64393	8.40547	0	8.00338	10.95673	0	7.17891	8.39204	8.93779	7.59534	11.77901	7.85685	0	4.14257	0	0	0	5.96973	0	0	0.73387	0	7.96006	0	0	0	0.73387	0	0	0	0	0	0	0	0	0	0	
0	0	0	0	0	0	0	0	0	0	0	4.51622	2.66321	0	0	9.68872	0	0	0	0.73387	3.26614	0	2.93193	0	0	0	0	0	0	3.05742	3.16311	3.3779	0	0	0	9.15976	0	0	0	5.25306	5.14226	5.19733	4.51502	4.98882	9.12151	4.27081	6.07655	7.48491	6.38193	3.79626	0	0	8.17518	9.91278	3.53731	5.90654	8.17367	7.73352	5.58141	6.50622	7.69709	8.67753	8.08842	8.37151	5.59735	6.54491	6.70665	8.11491	0	10.34709	0	8.61179	6.93908	10.01239	7.18549	0	4.4738	0	5.5674	0	0	0	0	0	0	0	0	0	0	0	0	0	0	0	0	0	0	0	0	0	
0	0	0	10.44389	0	0	0	0	0	0	0	0	0	0	0	0	1.21804	0	0	0	0	0	5.50556	0	0	0	7.27314	7.17588	8.18711	7.15225	0	0	3.26614	0	0	12.25029	0	2.80079	0.73387	5.19215	7.35031	0	4.18914	0	2.19058	9.81305	8.67046	8.08863	5.86124	6.96298	5.90727	4.99185	7.56643	7.82206	6.17725	6.40753	8.07488	7.30861	7.1551	6.74171	7.89352	7.54027	10.04554	9.04708	8.07027	8.48046	5.93231	9.35939	10.20162	7.43264	4.36017	8.64831	4.56987	6.20554	7.89945	0	12.47941	5.73842	6.70318	8.51982	2.48769	6.25921	7.15225	0	0	1.21804	0	0	0	0	0	0	0	0	0	0	0	8.81359	0	10.70915	
0	0	6.46971	0	0	0	0	0	0	0	0	0	0	0	0	0	0	0	0	0	5.8751	0	0	0	0	7.34699	0	10.73062	0	10.9822	0	10.26263	11.88094	0	8.13361	0	0	5.13849	6.34701	0	9.45382	0	0	9.12246	11.53423	9.54372	1.32825	4.00139	2.10956	6.30169	9.58725	8.30976	7.04552	7.90917	7.37872	8.24522	9.44149	7.52622	8.65885	4.99533	4.94801	5.33516	6.72298	3.22784	5.69704	3.76022	5.87503	0	9.02943	3.95337	5.23932	6.31252	5.87169	8.6346	0	0	6.69134	0	2.25173	4.18914	0	5.34542	0	0	0	0	0	0	7.59332	0	0	0	0	0	0	0	4.13572	0	0	0	
0	0	0	0	7.89724	0	0	0	0	0	0	0	8.96484	0	0	0	0	0	0	0	1.57986	3.16311	0	0	0	0	0	12.56638	0	0	0	2.49618	8.06739	0	0	0	7.1251	0	4.43008	6.16902	0	0	3.89412	0	7.21155	0	3.47112	7.01105	1.57986	4.98896	6.54187	4.37085	9.73885	3.65798	8.3407	2.89984	0	5.24416	5.64097	2.47664	6.69949	6.15447	8.83957	7.16353	6.34871	8.87619	6.20004	5.5589	7.44226	6.68167	6.09663	0	0	7.37369	0	8.75384	6.29997	6.75758	0	0	0	0	0	0	8.89019	0	0	0	0	0	0	0	0	0	0	0	8.9914	0	0	0	
0	0	0	0	0	0	0	0	1.21804	0	0	0	3.61744	0	0	0	8.0745	1.86888	7.87296	0	0	0	0	0	5.80579	0	0	0	0	0	0	0	0	0	7.56475	8.21635	0	6.62176	0	0	0	0	8.75942	9.90672	0	10.15104	10.91788	7.74055	0	7.2532	0	9.99936	8.32476	7.8167	0	5.82535	0	7.95338	0	5.14977	7.89858	2.3158	5.80322	10.63649	5.14689	6.0901	8.1776	5.59865	10.4998	7.48648	7.84124	6.77268	9.61193	7.55461	7.87749	5.50889	9.20729	7.3411	0	0	10.2509	2.3158	9.99709	0	3.78551	10.3071	8.41161	6.12857	6.15566	0	8.93568	0	0	5.39682	0	0	0	0	0	0	
0	0	0	0	0	0	0	0	0	0	0	0	0	0	0	0	0	0	0	0	6.39101	0	0	0	0	0	0	0	0	6.51074	0	0	0	0	9.37244	0	0	0	0	0	9.15137	0	9.12591	9.1631	6.33074	0	0	2.10956	8.42837	4.97484	6.52119	0	0	5.45033	5.44754	7.74279	0	0	7.7102	8.25848	8.3918	6.56285	0.78993	5.99926	6.21417	6.72912	2.35443	7.14842	8.23899	9.6586	8.05519	7.17174	5.60638	5.35943	7.04569	0	3.42823	0	4.56243	0	0	0	1.21804	0	0	0	6.13456	0	0	0	0	0	0	0	0	0	0	0	0	0	
0	0	0	0	7.427	0	0	0	0	0	0	7.96006	0	4.4738	0	0	0	0	0	0	0	0	0	0	0	0	0	0	0	0	0	0	0	0	0	0	0	0	0	7.42616	0	0	7.74055	0	5.47035	0	1.63307	7.58482	0	0	2.10956	0	0	0	7.77153	0	0	0	0	10.36556	6.8038	3.63063	7.53369	9.32366	4.6583	0	1.05478	5.31924	9.60274	8.34687	7.81635	9.1261	7.34087	4.62445	0	0	8.41641	8.51198	8.10459	9.53214	1.86888	5.50556	6.59232	0	2.49618	0	6.02953	12.10661	0	5.19744	0	0	0	0	6.10096	0	0	0	0	0	
0	0	0	0	0	0	0	0	0	0	0	0	0	0	0	0	0	4.93421	0	0	0	6.66953	8.73493	0	0	0	8.54309	0	0	0	0	0	0	5.34601	6.40926	0	0	0	0	0	0	0	0	0	0	0	0	0	0	0	4.29039	0	0	0	0	8.30237	9.6491	10.09625	2.80079	1.86888	0	4.82021	5.80008	0	7.11862	8.06302	5.06148	7.24096	5.55152	5.23993	8.57667	5.76266	7.14742	8.01751	8.05625	5.37278	5.55272	0	10.15178	5.61631	0	0	10.19569	0	7.4654	9.62757	0	2.3158	0	9.1421	0	0	0	0	0	0	8.16204	0	0	0	
0	0	0	0	0	0	0	0	7.07632	0	0	9.20747	0	0	0	0	0	0	0	0	0	0	0	0	0	0	0	11.90085	0	0.73387	0	0	0	0	0	0	0	0	0	9.87406	0	0	0	0	0	5.95438	0	4.29039	4.51622	0	0	10.27117	0	0	0	0	0	0	7.74036	0	8.32129	0	8.05466	8.54911	6.97913	6.68672	7.25966	0	0	7.45981	8.09042	3.3623	8.53095	9.11814	7.90472	9.26169	2.76324	0	0	8.722	6.5319	8.83334	9.46333	8.63798	6.92416	0	0	0	0	0	7.23078	0	10.81933	0	0	0	0	0	0	0	
0	0	0	0	0	0	0	0	0	0	0	0	0	8.47213	0	0	0	0	0	8.22916	0	0	0	0	0	2.60977	0	0	0	0	0	0	0	0	8.5146	0	0	6.08076	0	0	9.91169	0	4.18914	9.99936	0	0	0	0	0	0	7.23078	8.82207	0	0	8.6565	0	0	0	0	8.44552	6.10829	0	4.08808	10.52858	6.18226	4.63376	9.03048	10.07847	0	5.67381	7.39654	0	9.08075	6.6215	9.22516	7.49181	3.90388	4.8711	7.97579	4.17609	0	8.16016	4.85057	4.36417	3.70798	0	0	9.89571	4.33487	0	1.57986	0	0	6.20837	0	0	0	0	5.48914	0	
0	0	0	0	0	0	0	11.09277	0	0	0	0	0	0	0	0	0	0	0	0	0	0	3.69335	0	0	0	0	0	9.55649	0	0	0	0	0	10.59424	0	0	11.11062	0	0	0	2.09457	0	0	0	0	4.66492	0	0	0	0	0	10.5568	0	0	0	3.63787	10.33404	0	4.78172	10.51739	0	0	5.99928	0	4.78268	0	9.268	7.46342	9.86527	9.17823	6.06696	9.30749	6.0183	8.05305	6.03624	8.2929	0	6.83815	5.87011	7.39364	7.14304	5.82012	0	7.76624	0	3.45245	3.51362	0	0	9.53601	7.99016	0	0	0	0	11.92097	0	0	0	
0	0	0	0	0	0	0	0	0	0	0	0	0	0	0	0	0	0	0	0	0	0	0	0	0	0	0	0	0	0	0	0	0	0	0	0	0	5.05776	0	0	0	0	0	0	0	0	0	0	0	6.53157	0	4.32224	0	4.28221	0	0	5.09409	9.07286	1.57986	0	6.32035	0	9.51524	9.77315	4.02255	5.53016	0	0	8.13156	6.3672	0	4.24066	6.44732	9.78555	6.58595	9.31494	0	4.3482	5.47316	7.19559	1.56682	7.97154	5.96973	0	0	0	3.21768	0	0	0	0	0	7.57073	7.31213	5.27793	0	0	0	0	0	
0	0	0	0	0	0	0	7.86478	0	0	0	0	0	0	0	0	0	0	0	0	0	0	0	0	0	0	0	0	0	0	0	0	0	0	0	0	0	5.31266	0	4.55743	0	0	0	0	0	0	0	0	0	0	4.14198	0	0	14.17599	9.536	0	0	9.11349	9.94992	10.55997	0	0.73387	0	7.18177	9.925	10.41054	0	0	7.70064	6.1346	7.33801	4.24399	5.56082	7.37436	7.28086	8.21129	6.65315	0	9.12637	10.63902	7.63449	9.75	5.53235	4.98509	6.28693	0	0	1.31339	0	0	5.37333	0	0	0	0	7.53266	0	0	0	0	
0	0	0	0	0	0	0	0	0	0	0	0	0	0	0	0	0	0	0	0	0	0	0	0	0	11.56456	0	0	0	0	0	0	0	0	0	0	0	6.01481	0	0	0	0	0	0	10.62078	0	0	0	8.91021	0	0	0	0	0	0	2.10956	0	0	0	0	0	0	8.21634	0	0	6.07126	6.31382	8.56518	0	6.76178	3.39341	0	10.4788	0	8.12335	6.61332	1.86888	7.39873	6.72996	7.28297	2.94395	0	4.06087	0	7.45997	6.13535	0	0	0	0	9.01933	0	0	0	0	0	0	2.6565	0	0	
0	0	0	0	0	0	0	0	0	0	0	0	10.29649	0	0	0	0	0	0	0	0	0	0	0	0	0	0	0	0	0	0	0	0	0	0	0	0	0	0	0	0	0	0	0	0	0	0	11.39907	0	0	2.93193	0	9.4137	0	0	0	0	0	0	4.16768	0	0	0	5.33095	2.93193	9.87752	9.27816	0	3.3623	0	0	9.4151	0	0	0	2.657	5.93735	8.66092	5.56655	3.41749	0	10.22397	4.06607	4.957	7.93053	3.59012	6.09591	1.21804	9.3105	0	0	0	0	8.96484	0	0	0	0	0	0	
0	0	0	0	0	0	0	0	0	0	0	0	0	0	0	0	0	0	0	0	0	0	0	0	0	0	0	0	0	0	0	0	9.24737	0	0	0	0	0	0	0	9.37676	0	0	0	0	0	0	0	0	0	0	0	0	0	0	0	3.82416	0	0	0	7.25804	0	0	2.98828	0	7.2685	0	0	6.70895	0	0	0	9.77424	0	0	3.76548	0	0	5.81	7.76648	7.69519	6.02953	10.32661	0	2.3158	0	0	0	0	0.73387	7.26009	5.75468	4.42407	0	0	0	0	0	0	0	
0	0	0	0	0	0	0	1.00903	0	0	0	0	0	0	0	0	0	0	0	0	0	0	0	0	0	0	0	5.70213	0	0	0	0	0	0	0	0	0	0	0	0	0	0	0	0	0	0	0	0	0	0	0	0	0	0	0	0	0	0	0	0	0	0	0	0	0	0	0	0	0	0	3.88931	3.23928	9.21926	0	0	9.00077	9.67825	0	9.28728	9.56788	0	7.00306	0	7.04042	0.73387	9.33856	0	9.25051	0	0	0	9.4137	0	0	0	8.22277	0	0	0	0	
0	0	0	0	0	0	0	0	0	0	0	0	0	0	0	0	0	0	0	0	11.95919	0	0	0	0	0	0	0	0	0	8.26381	0	0	0	0	0	0	0	0	0	0	0	0	0	0	0	0	0	0	0	0	0	0	0	0	0	0	0	0	12.7717	0	0	0	0	6.52119	8.96101	8.40032	8.98028	0	0	0	0	0	0	0	0	6.26161	0.73387	0	0	4.40351	0	0	0	2.93271	7.49752	7.50716	4.31513	10.53181	0	7.53926	7.5997	7.01845	7.89323	0	8.1706	0	0	0	0	
0	0	0	0	0	0	0	0	0	0	0	0	0	0	0	0	0	0	0	0	0	0	0	0	0	0	0	0	0	0	0	0	0	0	0	0	0	0	0	0	0	0	0	0	0	0	0	0	1.21804	0	0	0	0	0	0	0	0	0	0	0	0	0	0	0	0	0	0	0	0	7.5997	11.26942	9.74889	7.23568	0	9.67123	6.01481	0	8.86988	0	0	0	7.84411	8.06739	0	4.64768	0	0.73387	0	0	3.96746	0	2.05634	4.36024	0	4.85057	0	0	0	0	0	
0	0	0	0	0	0	0	0	0	0	0	0	0	0	0	10.70357	0	0	0	0	0	0	0	0	0	0	0	0	0	0	0	0	0	0	9.24894	0	0	0	0	0	0	0	0	0	0	0	0	0	0	0	0	0	0	0	0	0	0	0	0	0	0	0	0	0	0	0	0	3.89973	0	0	0	0	0	7.13874	0	0	0	0.78993	0	0	0	2.80079	0	0	3.46329	0	5.51672	2.82296	9.52696	9.70845	9.16143	0	11.42504	0	0	0	0	0	0	0	
0	0	0	0	0	0	0	0	0	0	0	0	0	0	0	0	0	0	0	0	0	0	0	0	0	0	0	0	0	0	0	0	0	0	0	0	0	0	0	0	0	0	0	0	0	0	0	0	5.68364	3.05214	0	0	0	0	0	0	0	0	0	3.69335	0	0	0	0	0	7.39337	0	0	0	0	0	4.78268	0	0	0	0	0	10.86295	0	5.4284	10.09256	0	0	9.51394	0	0	0	0	0	0	0	0	0	0	0	0	0	0	0	0	
0	0	0	0	0	0	0	0	0	0	0	0	0	0	0	0	0	0	0	0	0	0	0	0	0	0	0	0	0	0	0	0	0	0	0	0	0	0	0	0	0	0	0	0	0	0	0	0	0	0	0	0	0	0	0	3.46884	0	0	10.01609	0	0	0	0	0	6.35583	0	0	0	0	0	0	4.81702	0	1.86888	0	0	7.77153	0	0	0	4.1173	7.77674	5.14098	7.33742	0	0	0	8.11992	7.7189	0	4.91541	9.3681	9.0965	0	0	0	0	0	0	0	
0	0	0	0	0	0	0	0	0	0	0	0	0	0	0	0	0	0	0	0	0	0	0	0	0	0	0	0	0	0	0	0	0	0	0	0	0	0	0	0	0	0	0	0	0	0	0	0	0	0	0	0	0	0	0	0	0	0	0	0	0	0	0	0	0	0	0	0	0	0	0	0	0	0	0	0	0	0	0	0	0	0	0	0	0	0	1.21804	0	0	0	0	8.27312	0	0	0	0	0	0	0	0	
0	0	0	0	0	0	0	0	0	0	0	0	0	0	0	0	0	0	0	0	0	0	0	0	0	0	0	0	0	0	0	0	0	0	0	0	0	0	0	0	0	0	0	0	0	0	0	0	0	0	0	0	0	0	0	0	0	0	0	0	0	0	0	0	0	0	0	0	0	0	9.10707	0	0	0	0	0	0	0	0	8.46673	0	0	0	9.99936	0	0	0	0	0	0	8.93379	10.83756	0	0	0	0	0	0	0	0	
0	0	0	0	0	0	0	0	0	0	0	0	0	0	0	0	0	0	0	0	0	0	0	0	0	0	0	0	0	0	0	0	0	0	0	0	0	0	0	0	0	0	0	0	0	0	0	0	0	0	0	0	0	0	0	0	0	0	0	6.32035	0	0	0	0	0	0	0	0	0	0	10.02346	0	0	0	0	0	0	0	0	0	0	0	0	0	0	0	1.21804	0	0	0	0	0	0	0	0	0	0	0	0	0	
0	0	0	0	0	0	0	0	0	0	0	0	0	0	0	0	0	0	0	0	0	0	0	0	0	0	0	0	0	0	0	0	0	0	0	0	0	0	0	0	0	0	0	0	0	0	0	0	0	0	0	0	0	0	0	0	0	0	0	0	0	0	0	0	0	0	0	0	0	10.54468	8.5935	0	0	0	0	0	0	0	9.27697	0	0	0	0	0	0	0	0	0	3.89973	1.57986	0	0	0	0	0	0	0	0	0	0	
0	0	0	0	0	0	0	0	0	0	0	0	0	0	0	0	0	0	0	0	0	0	0	0	0	0	0	0	0	0	0	0	0	0	0	0	0	0	0	0	0	0	0	0	0	0	0	0	0	0	0	0	0	0	0	0	0	0	0	0	0	0	0	0	0	0	0	0	0	0	0	0	0	0	0	0	0	0	0	0	0	0	0	0	0	0	3.3623	0	0	0	0	0	0	0	0	0	0	0	0	0	
0	0	0	0	0	0	0	0	0	0	0	0	0	0	0	0	0	0	0	0	0	0	0	0	0	0	0	0	0	0	0	0	0	0	0	0	0	0	0	0	0	0	0	0	0	0	0	0	0	0	0	0	0	0	0	0	0	0	9.74109	0	0	0	0	0	0	0	0	0	0	0	0	0	0	0	0	4.94677	0	0	0	0	0	0	0	0	0	0	0	0	0	0	0	0	0	0	0	0	0	0	0	0	
0	0	0	0	0	0	0	0	0	0	0	0	0	0	0	0	0	0	0	0	0	0	0	0	0	0	0	0	0	0	0	0	9.01378	0	0	0	0	0	0	0	0	0	0	0	0	0	0	0	0	0	0	0	0	0	0	0	0	0	0	0	0	0	0	0	0	0	0	0	0	0	0	0	0	0	0	2.3158	0	0	0	0	0	0	0	0	0	0	0	0	0	0	0	0	0	0	0	0	0	0	0	0	
0	0	0	0	0	0	0	0	0	0	0	0	0	0	0	0	0	0	0	0	0	0	0	0	0	0	0	0	0	0	0	0	0	0	0	0	0	0	0	0	0	0	0	0	0	0	0	0	0	0	0	0	0	0	0	0	0	0	0	0	0	0	0	0	0	0	0	0	0	0	0	0	0	0	0	0	0	0	0	0	0	0	0	0	0	0	0	0	0	0	0	0	0	0	0	0	0	0	0	0	
0	0	0	0	0	0	0	0	0	0	0	0	0	0	0	0	0	0	0	0	0	0	0	0	0	0	0	0	0	0	0	0	0	0	0	0	0	0	0	0	0	0	0	0	0	0	0	0	0	0	0	0	0	0	0	0	0	0	0	0	0	0	0	0	0	0	0	0	0	0	0	0	0	0	0	0	0	0	0	0	0	0	0	0	0	0	0	0	0	0	0	0	0	0	0	0	0	0	0	0	
0	0	0	0	0	0	0	0	0	0	0	0	0	0	0	0	0	0	0	0	0	0	0	0	0	0	0	0	0	0	0	0	0	0	0	0	0	0	0	0	0	0	0	0	0	0	0	0	0	0	0	0	0	0	0	0	0	0	0	0	0	0	0	0	0	0	0	0	0	0	0	0	0	0	0	0	0	0	0	0	0	0	0	0	0	0	0	0	0	0	0	0	0	0	0	0	0	0	0	0	
0	0	0	0	0	0	0	0	0	0	0	0	0	0	0	0	0	0	0	0	0	0	0	0	0	0	0	0	0	0	0	0	0	0	0	0	0	0	0	0	0	0	0	0	0	0	0	0	0	0	0	0	0	0	0	0	0	0	0	0	0	0	0	0	0	0	0	0	0	0	0	0	0	0	0	0	0	0	0	0	0	0	0	0	0	0	0	0	0	0	0	0	0	0	0	0	0	0	0	0	
0	0	0	0	0	0	0	0	0	0	0	0	0	0	0	0	0	0	0	0	0	0	0	0	0	0	0	0	0	0	0	0	0	0	0	0	0	0	0	0	0	0	0	0	0	0	0	0	0	0	0	0	0	0	0	0	0	0	0	0	0	0	0	0	0	0	0	0	0	0	0	0	0	0	0	0	0	0	0	0	0	0	0	0	0	0	0	0	0	0	0	0	0	0	0	0	0	0	0	0	
0	0	0	0	0	0	0	0	0	0	0	0	0	0	0	0	0	0	0	0	0	0	0	0	0	0	0	0	0	0	0	0	0	0	0	0	0	0	0	0	0	0	0	0	0	0	0	11.53649	0	0	0	0	0	0	0	0	0	0	0	0	0	0	0	0	0	0	0	0	0	0	0	0	0	0	10.09543	0	0	0	0	0	0	0	0	0	0	0	0	0	0	0	0	0	0	0	0	0	0	0	0	0	
