0	0	0	0	0	0	0	0	0	0	0	0	0	0	0	0	0	0	0	0	0	0	0	0	0	0	0	0	0	0	0	0	0	0	0	0	0	0	0	0	0	0	0	0	0	0	0	0	0	0	0	12.35254	0	0	0	0	0	0	0	0	0	0	0	0	0	0	0	0	0	0	0	0	0	0	0	0	0	0	0	0	0	0	0	0	0	0	0	0	0	0	0	0	0	0	0	0	0	0	0	0	
0	0	0	0	0	0	0	0	0	0	0	0	0	0	0	0	0	0	0	0	0	0	0	0	0	0	0	0	0	0	0	0	0	0	0	0	0	0	0	0	0	0	0	0	0	0	0	13.10265	0	0	0	0	0	0	0	0	0	0	0	0	0	0	0	8.32798	0	0	0	0	0	0	0	0	0	0	0	0	0	0	0	0	0	0	0	0	0	0	0	0	0	0	0	0	0	0	0	0	0	0	0	0	
0	0	0	0	0	0	0	0	0	0	0	0	0	0	0	0	0	0	0	0	0	0	0	0	0	0	0	0	0	0	0	0	0	0	0	0	0	0	0	0	0	0	0	0	0	0	0	0	0	0	0	0	0	0	9.46636	0	0	0	0	0	0	0	0	0	0	0	0	0	0	0	0	0	0	0	0	0	0	0	0	0	0	0	0	0	0	0	0	0	0	0	0	0	0	0	0	0	0	0	0	0	
0	0	0	0	0	0	0	0	0	0	0	0	0	0	0	0	0	0	0	0	0	0	0	0	0	0	0	0	0	0	0	0	0	0	0	0	0	0	0	0	0	0	0	0	0	0	15.82382	10.83164	0	0	0	0	0	0	0	0	0	0	0	0	0	0	0	0	0	0	0	0	0	0	0	0	0	0	0	0	0	0	0	0	0	0	0	0	0	0	0	0	0	0	0	0	0	0	0	0	0	0	0	0	
0	0	0	0	0	0	0	0	0	0	0	0	0	0	0	0	0	0	0	0	0	0	0	0	0	0	0	0	0	0	0	0	0	0	0	0	0	7.93261	0	0	0	0	0	11.53678	0	0	0	0	0	0	0	0	0	0	0	0	0	0	0	0	0	0	0	0	0	0	0	0	0	0	0	0	0	0	0	0	0	0	0	0	0	0	0	0	0	0	0	0	0	0	0	0	0	0	0	0	0	0	0	0	
0	0	0	0	0	0	0	0	0	0	0	0	0	0	0	0	0	0	0	0	0	0	0	0	0	0	0	0	0	0	0	0	0	0	0	0	0	0	0	0	0	0	0	0	0	0	0	0	0	0	0	0	0	0	0	0	0	0	0	0	0	0	0	0	0	0	0	0	0	0	0	0	8.42246	0	0	0	0	0	0	0	0	0	0	0	0	0	0	0	0	0	0	0	0	0	0	0	0	0	0	0	
0	0	0	0	0	0	0	0	0	0	0	0	0	0	0	0	0	0	0	0	0	0	0	0	0	0	0	0	0	0	0	0	0	0	0	0	0	0	0	0	0	0	0	0	0	0	0	0	0	0	0	0	0	0	0	0	0	0	0	0	0	0	0	0	0	0	0	0	0	0	0	0	0	0	11.20005	0	0	0	0	0	0	0	0	0	0	0	0	0	0	0	0	0	0	0	0	0	0	0	0	0	
0	0	0	0	0	0	0	0	0	0	0	0	0	0	0	0	0	0	0	0	0	0	0	0	0	0	0	0	0	0	0	0	0	0	0	0	0	0	0	0	0	0	0	0	0	0	0	0	0	0	0	7.03548	0	0	0	10.86361	0	0	7.71031	0	0	0	0	0	0	0	0	0	0	0	0	0	0	0	0	0	0	0	0	0	0	0	0	0	0	0	0	0	0	0	0	0	0	0	0	0	0	0	0	0	
0	0	0	0	0	0	0	0	0	0	0	0	0	0	0	0	0	0	0	0	0	0	0	0	0	0	0	0	0.9307	0	0	0	0	0	0	0	0	0	0	0	0	0	0	0	0	0	0	0	0	0	0	0	0	0	0	0	0	0	0	0	0	0	0	0	0	0	0	6.51177	0	0	0	0	0	0	0	0	0	0	0	0	0	0	0	0	0	0	0	0	0	0	0	0	0	0	0	0	0	0	0	0	
0	0	0	0	0	0	0	0	0	0	0	0	0	0	0	0	0	0	0	0	0	0	0	0	0	0	0	0	0	0	0	0	0	0	0	0	0	0	0	0	0	0	0	0	0	0	0	0	0	0	0	0	0	0	0	9.32777	0	0	0	0	0	0	0	0	0	0	0	0	0	0	0	0	0	0	0	0	0	0	0	0	0	0	0	0	0	0	0	0	0	0	0	0	0	0	0	0	0	0	0	0	
0	0	0	0	0	0	0	0	0	0	0	0	0	0	0	0	0	0	0	0	0	0	0	0	0	0	0	0	0	0	0	0	0	0	0	0	0	0	0	0	0	0	0	0	0	0	0	0	0	0	0	0	0	0	0	0	0	0	0	0	0	0	0	0	0	0	0	11.77868	0	0	0	0	0	0	0	0	0	0	0	0	0	0	0	0	0	0	0	0	0	0	0	0	0	0	0	0	0	0	0	0	
0	0	0	0	0	0	0	0	0	0	0	0	0	0	0	0	0	0	0	0	0	0	0	0	0	0	0	0	0	0	0	0	0	0	0	0	0	0	0	0	0	0	0	0	0	0	0	0	0	0	0	0	6.05961	0	0	0	1.57005	0	0	0	0	0	0	0	0	0	0	0	0	0	0	3.56979	0	0	0	0	0	0	0	0	0	0	0	0	0	0	0	0	0	0	0	0	0	0	0	0	0	0	0	0	
0	0	0	0	0	0	0	0	0	0	0	0	0	0	0	0	0	0	0	0	0	0	0	0	0	0	0	0	0	0	0	0	0	0	0	0	0	0	0	0	0	0	0	0	0	0	0	0	7.77142	0	0	0	11.95004	0	0	0	0	0	0	0	0	0	0	0	0	0	0	4.56409	0	0	0	0	0	0	0	0	0	0	0	0	0	0	0	0	0	0	0	0	0	0	0	0	0	0	0	0	0	0	0	0	
0	0	0	0	0	0	0	0	0	0	0	0	0	0	0	0	0	0	0	0	0	0	0	0	0	0	0	0	0	0	13.18183	0	0	0	0	0	0	0	0	4.15095	0	0	0	0	0	0	0	8.3858	0	0	0	0	0	0	0	0	0	5.23655	3.51367	0	11.90526	0	0	7.4697	0	0	0	0	0	0	0	0	0	0	0	0	0	0	0	0	0	0	0	0	0	0	0	0	0	0	0	0	0	0	0	0	0	0	0	0	
0	0	0	0	0	0	0	0	0	0	0	0	0	0	0	0	0	0	0	0	0	0	0	0	0	0	0	0	0	0	0	0	0	0	0	0	0	0	0	0	0	0	0	0	0	0	0	0	0	0	0	0	0	0	5.82636	0	0	0	0	0	0	0	0	0	0	0	0	0	0	0	0	0	0	0	0.53913	0	0	0	0	0	0	0	0	0	0	0	0	0	0	0	0	0	0	0	0	0	0	0	0	0	
0	0	0	0	0	0	0	0	0	0	0	0	0	0	0	0	0	0	0	0	0	0	0	0	0	0	0	0	0	0	0	0	0	0	0	0	0	0	0	0	0	0	12.12722	0	0	0	0	0	0	0	0	0	9.52077	0	0	0	0	0	0	10.91733	0	0	0	0	0	0	0	0	0	0	0	6.72955	0	0	0	0	0	0	0	0	0	0	0	0	0	0	0	0	0	0	0	0	0	0	0	0	0	0	0	0	
0	0	0	0	0	0	0	0	0	0	0	0	0	0	0	0	0	0	0	0	0	0	0	0	0	0	0	0	0	0	0	0	0	0	0	0	0	0	0	0	0	0	0	8.72503	0	0	0	10.70381	0	0	0	9.22541	0	0	0	0	0	0	4.87455	0	0	0	0	0	0	0	0	0	0	0	0	0	0	0	0	0	0	0	0	0	0	0	0	0	0	0	0	0	0	0	0	0	0	0	0	0	0	0	0	0	
0	0	0	0	0	0	0	0	0	0	0	0	0	0	0	0	0	0	0	0	0	0	0	0	0	0	0	0	0	0	0	0	0	0	0	0	0	0	0	0	0	0	8.62313	0	0	0	0	0	0	0	0	0	0	0	0	8.07516	0	0	0	0	0	0	0	0	0	0	2.20939	0	0	0	0	0	0	0	0	0	0	0	0	0	0	0	0	0	0	0	0	0	0	0	0	0	0	0	0	0	0	0	0	0	
0	0	0	0	0	0	0	0	0	0	0	0	0	0	0	0	0	0	0	0	0	0	0	0	0	0	0	0	0	0	0	0	0	0	0	0	0	0	0	0	12.49456	0	0	0	0	0	0	0	0	0	0	0	0	0	0	0	0	0	0	0	0	0	0	0	0	0	0	0	0	0	0	0	0	0	0	0	0	0	0	0	0	0	0	0	0	0	0	0	0	0	0	0	0	0	0	0	0	0	0	0	
0	0	0	0	0	0	0	0	0	0	0	0	0	0	0	0	0	0	0	0	0	0	0	0	0	0	0	0	0	0	0	0	0	0	0	0	0	0	0	0	0	0	0	0	0	0	0	7.39399	0	0	9.93883	0	0	0	0	0	0	0	0	0	0	0	0	0	0	0	0	0	0	0	0	0	0	0	0	0	7.74424	0	0	0	0	0	0	0	0	0	0	0	0	0	0	0	0	0	0	0	0	0	0	0	
0	0	0	0	0	0	0	0	0	0	0	0	0	0	0	0	0	0	0	0	0	0	0	0	0	0	0	0	0	0	0	0	0	0	0	0	0	0	0	0	0	0	0	0	0	0	0	8.72242	0	0	9.87208	10.71753	0	0	0	0	6.7433	0	12.11798	0	9.56372	0	0	0	0	10.25302	0	0	0	0	0	0	0	0	0	0	0	0	0	0	0	0	0	0	0	0	0	0	0	0	0	0	0	0	0	0	0	0	0	0	
0	0	0	0	0	0	0	0	0	0	0	0	0	0	0	0	0	0	0	0	0	0	0	0	0	0	0	0	0	0	0	0	0	0	0	0	0	0	0	0	0	10.13764	0	0	0	0	0	0	0	0	0	0	0	0	0	0	0	0	0	0	0	0	0	0	0	0	0	0	0	0	0	0	0	0	0	0	0	0	0	0	0	0	0	0	0	0	0	0	0	0	0	0	0	0	0	0	0	0	0	0	
0	0	0	0	0	0	0	0	0	0	0	0	0	0	0	0	0	0	0	0	0	0	0	0	0	0	0	0	0	0	0	1.7073	6.74792	0	0	0	0	0	0	0	0	0	0	0	0	0	0	10.72257	0	0	0	0	0	0	0	0	0	0	0	0	0	0	0	1.4918	0	0	0	1.7073	0	0	0	0	0	0	0	0	0	0	0	0	0	0	0	0	0	0	0	0	0	0	0	0	0	0	0	0	0	0	0	0	
0	0	0	0	0	0	0	0	0	0	0	0	0	0	0	0	0	0	0	0	0	0	0	0	0	0	0	0	0	0	0	7.19868	0	0	0	0	0	0	0	0	0	0	0	0	0	0	0	0	0	0	0	0	0	0	0	0	0	0	0	0	0	0	0	0	0	0	0	0	0	0	0	0	0	0	0	0	0	0	0	0	0	0	0	0	0	0	0	0	0	0	0	0	0	0	0	0	0	0	0	0	
0	0	0	0	0	0	0	0	0	0	0	0	0	0	0	0	0	0	0	0	0	0	0	0	0	0	0	0	0	0	0	0	0	0	0	0	0	0	0	0	0	0	0	10.0116	0	0	0	0	0	14.91091	0	0	0	0	8.85114	0	0	0	0	0	0	0	0	0	0	0	0	0	0	0	0	0	0	0	0	0	0	0	0	7.4386	0	0	0	0	0	0	0	0	0	0	0	0	0	0	0	0	0	0	0	0	
0	0	0	0	0	0	0	0	0	0	0	0	0	0	0	0	0	0	0	0	0	0	0	0	0	0	0	0	0	0	0	0	8.31161	0	0	0	0	0	0	0	0	0	0	0	0	0	0	4.38796	0	0	6.90211	9.65581	0	0	0	0	0	0	9.21019	0	0	0	0	0	0	0	0	0	0	0	0	0	0	0	0	0	0	0	0	0	0	0	0	0	0	6.11169	0	0	0	0	0	0	0	0	0	0	0	0	0	0	
0	0	0	0	0	0	0	0	0	0	0	0	0	0	0	0	0	0	0	0	0	0	0	0	0	0	0	0	0	0	0	0	0	0	0	0	0	0	0	10.1515	0	0	0	0	16.10389	0	9.4608	0	0	0	0	0	0	0	0	0	0	0	0	0	0	0	0	0	0	0	0	0	0	0.9307	0	0	0	0	0	0	0	0	0	0	0	0	0	0	0	0	0	0	0	0	0	0	0	0	0	0	0	0	0	0	
0	0	0	0	0	0	0	0	0	0	0	0	0	0	0	0	0	0	0	0	0	0	0	0	0	0	0	0	0	0	0	0	0	0	0	7.94061	0	0	0	0	0	0	0	0	0	0	0	7.85285	0	0	0	0	0	8.49945	0	0	0	0	0	0	9.16307	0	0	0	0	0	0	0	0	0	0	0	0	0	0	0	0	0	0	0	0	0	0	0	0	0	0	0	0	0	0	0	0	0	0	0	0	0	0	0	
0	0	0	0	0	0	0	0	0	0	0	0	0	0	0	0	0	0	0	0	0	0	0	0	0	0	0	0	0	0	0	0	0	0	0	0	0	0	0	0	0	15.65453	0	0	0	0	0	0	0	0	0	0	0.53913	0	0	0	0	0	0	0	0	0	0	0	0	0	0	8.35817	0	0	0	2.34423	0	0	0	0	0	0	0	0	0	0	0	0	0	0	0	0	0	0	0	0	0	0	0	0	0	0	0	0	
0	0	0	0	0	0	0	0	0	0	0	0	0	0	0	0	0	0	0	0	0	0	0	0	0	0	0	0	0	0	0	0	0	0	0	0	0	0	0	0	8.36016	0	0	0	10.14978	0	0	5.01611	0	0	2.46754	11.17538	0	0	0	9.94485	0	0	8.00819	0	11.26736	0	0	0	0	0	0	0	3.33086	0	0	0	0	0	0	0	0	0	0	0	0	0	0	0	0	0	0	0	0	0	0	0	0	0	0	2.34423	0	0	0	0	
0	0	0	0	0	0	0	0	0	0	0	0	0	0	0	0	0	0	0	0	0	0	0	0	0	0	0	0	0	0	0	0	0	0	0	0	0	0	0	0	0	0	0	0	12.43501	0	0	0	0	0	0	0	3.33086	0	0	0	0	7.83864	0	0	0	7.58993	0	0	0	0	0	0	0	0	0	0	0	0	0	0	0	0	0	0	0	0	0	0	0	0	0	0	0	0	0	0	0	0	0	0	0	0	0	0	
0	0	0	0	0	0	0	0	0	0	0	0	0	0	0	0	0	0	0	0	0	0	0	0	0	0	0	0	0	0	0	0	0	0	0	0	0	0	0	0	0	0	0	11.6643	0	0	12.77204	0	0	0	11.09787	0	0	0	0	0	0	0	0	7.0586	0	0	0	0	7.68194	0	0	0.53913	0	0	0	0	8.67042	0	0	0	2.58113	0	0	0	0	0	0	0	0	0	0	0	0	0	0	0	0	0	0	0	0	0	0	0	
0	0	0	0	0	0	0	0	0	0	0	0	0	0	0	0	0	0	0	0	0	0	0	0	0	0	0	0	0	0	0	0	0	0	0	0	0	0	0	0	0	0	0	0	1.02687	6.63406	0	11.32124	0	0	0	10.15024	1.7073	0	0	8.61148	0	0	0	0	0	0	0	0	0	0	0	13.04961	0	0	0	0	0	11.50834	0	0	0	0	0	0	0	0	0	0	0	0	0	0	0	0	0	0	0	0	0	0	0	0	0	0	
0	0	0	0	0	0	0	0	0	0	0	0	0	0	0	0	0	0	0	0	0	0	0	0	0	0	0	0	0	0	0	0	0	0	0	0	0	11.28764	0	0	0	0	0	0	0	0	0	0	0	0	0	6.39694	0	0	14.31639	0	7.83005	0	0	9.49563	0	0.53913	0	0	0	0	0	0	0	0	0	0	0	0	7.04642	5.27081	0	0	0	0	0	0	0	0	0	0	0	0	0	0	0	0	0	0	0	0	0	0	0	0	
0	0	0	0	0	0	0	0	0	0	0	0	0	0	0	0	0	0	0	0	0	0	0	0	0	0	0	0	0	0	0	0	0	0	0	0	0	0	0	0	0	0	14.91019	0	0	11.26178	0	12.41834	0	0	10.8367	0	11.29728	0	10.11954	0	0	0	0	0	0	0	0	8.56563	0	0	0	1.4918	0	0	9.39727	0	0	0	0	0	0	0	2.34423	0	0	0	0	0	0	0	0	0	0	0	0	0	0	0	0	0	0	0	0	0	
0	0	0	0	0	0	0	0	0	0	0	0	0	0	0	0	0	0	0	0	0	0	0	0	0	0	0	0	0	0	0	0	0	0	0	0	0	0	0	0	0	0	0	0	0	0	0	9.99247	12.48045	0	0	10.84738	0	0	0	0	0	0	0	0	0	0	0	0	0	0	0	0	0	0	0	0	0	0	0	0	0	0	0	0	0	0	0	0	0	0	0	0	0	0	6.47415	0	0	0	0	0	0	0	0	0	
0	0	0	0	0	0	0	0	0	0	0	0	0	0	0	0	0	0	0	0	0	0	0	0	0	0	0	0	0	0	0	0	0	0	0	0	0	0	0	0	0	0	0	0	0	0	0	10.96323	0	0	0	0	10.1538	5.7911	0	0	0	0	12.02127	3.51367	0	0	0	0	0	0	0	0	0	0	0	0	0	0	0	0	0	0	0	0	0	0	0	0	0	0	0	0	0	0	0	0	0	0	0	0	0	0	8.37402	0	
0	0	0	0	0	0	0	0	0	0	0	0	0	0	0	0	0	0	0	0	0	0	0	0	0	0	0	0	0	0	0	0	0	0	0	0	0	0	0	0	0	0	9.47741	0	0	0	0	0	0	9.43721	0	9.59618	0	10.12013	0	0	0	0	0	0	0	0	0	0	11.4676	0	0	0	0	0	0	0	0	0	0	0	14.39729	0	0	0	0	0	0	0	0	0	0	0	0	0	0	0	0	0	0	0	0	0	0	0	
0	0	0	0	0	0	0	0	0	0	0	0	12.39867	0	0	0	0	0	0	0	0	0	0	0	0	0	0	0	0	0	9.33487	0	0	0	0	0	0	0	0	0	0	0	10.82858	0	0	0	0	7.81271	0	0	11.41207	0	0	5.706	2.34423	0	9.16892	0	0	0	0	0	0	10.02672	6.72338	11.52152	0	0	0	0	0	0	0	0	0	0	0	0	0	0	0	0	0	0	0	0	0	0	0	0	0	0	0	0	0	0	0	0	0	0	
0	0	0	0	0	0	0	0	0	0	0	0	0	0	0	0	0	0	0	0	0	0	0	0	0	0	0	0	0	0	0	0	0	0	0	0	0	0	0	0	0	0	0	0	0	11.25359	10.45513	0	2.06064	11.85053	0	7.31302	11.39545	0	9.53582	11.20361	0	0	0	0	10.71364	0	0	0	0	0	0	0	0	7.15817	0	0	0	0	0	0	4.00395	0	0	0	0	0	0	0	0	0	0	0	0	0	0	0	0	0	0	0	0	0	0	0	
0	0	0	0	0	0	0	0	0	0	0	0	0	0	0	10.41835	0	0	0	0	0	0	0	0	0	0	0	0	0	0	0	0	0	0	0	8.33204	13.3442	0	0	0	0	0	0	0	0	9.90518	6.71925	6.79577	4.86257	8.59297	0	0	5.54731	0	11.32913	0	0	0	0	7.64649	0	9.40308	0	7.23385	0	11.78961	0	0	11.5337	0	6.78395	0	0	0	0	10.86151	0	2.06064	0	5.14548	0	0	0	0	0	0	0	0	0	0	5.35308	0	0	0	0	0	0	0	0	0	
0	0	0	0	0	0	0	0	0	0	0	0	0	0	0	0	0	0	0	0	0	0	0	0	0	0	10.99497	0	0	0	0	5.93694	0	0	5.93694	0	0	0	0	0	10.81011	0	0	0	0	0	0	0	7.7902	7.71654	3.86721	11.26815	8.50034	0	9.1179	0	13.62879	0	6.28909	0	0.53913	10.81073	0	0	0	9.44869	0	0	0	0	0	0	0	8.12752	0	0	0	0	0	0	0	0	0	0	0	0	0	0	0	0	0	0	0	0	0	0	0	0	0	0	
0	0	0	0	0	0	0	0	0	0	0	0	0	0	0	0	0	0	0	7.46601	0	0	0	0	0	0	0	0	0	0	0	0	0	0	0	0	0	0	0	0	0	0	0	13.01262	0	0	13.60444	13.37953	11.64871	0	8.86523	8.09656	11.54533	0	0	0	13.38943	0	0	9.15605	5.53459	0	0	11.69971	0	1.89476	0	3.51367	0	0	0	0	0	0	0	0	0	0	0	0	0	0	0	0	0	0	0	0	0	0	8.19055	0	0	0	0	0	0	0	0	0	
0	0	0	0	0	0	0	0	0	0	0	0	9.23643	0	0	0	0	0	0	8.06787	0	0	0	0	0	0	0	0	0	0	0	0	0	5.57856	0	0	0	0	0	0	0	9.38461	13.66829	0	10.03123	0	0	3.61352	8.8095	0	0	9.12857	6.85571	1.17319	8.93972	4.76977	5.20507	5.12598	9.05853	0	0	0	0	0	2.78457	0	0	0	0	0	0	0	0	0	0	0	0	0	8.81386	0	0	0	0	0	0	0	0	0	0	0	0	0	0	0	0	0	0	0	0	0	
0	0	0	0	0	0	0	0	0	0	0	0	0	0	0	0	0	0	0	0	0	0	0	16.08039	0	0	0	0	0	0	0	0	0	0	0	0	0	0	12.51927	0	0	0	7.73938	8.72397	5.68073	0	9.33788	6.89966	0	9.4989	10.05833	8.74044	0	0	0	0	0	4.90244	15.43062	9.3963	9.05538	0	0	0	7.67875	0	0	0	0	0	0	0	0	0	0	0	0	0	0	0	0	0	0	0	0	0	0	0	0	0	0	0	0	0	0	0	0	0	0	0	
0	0	8.47116	0	0	0	0	0	0	0	0	0	0	0	0	0	0	0	0	0	0	0	0	0	0	0	0	0	0	0	0	0	0	0	0	0	0	0	0	0	10.01963	0	0	0	0	8.25282	0	9.14967	8.24422	11.29621	0	6.58043	8.62479	7.84525	0	13.40361	0	0	3.86721	0	11.21477	0	9.02559	10.81218	0	0	0	0	0	0	0	7.37669	0	0	0	0	0.53913	0	0	0	0	0	0	0	0	0	0	0	0	0	0	0	0	0	0	0	0	0	0	0	
0	0	0	0	0	0	0	0	0	0	0	10.73987	0	0	0	0	0	0	0	0	0	0	0	0	0	0	0	0	0	0	0	0	7.18527	0	0	0	0	10.88409	14.20966	11.89275	4.97076	7.5346	0	0	11.76286	8.73843	10.25988	10.23766	10.8454	0	11.02006	0	0.61918	6.29775	0	11.64308	5.74824	9.55566	0	0	0	0	0	0	0	0	0	8.79191	0	0	0	0	5.87145	0	0	6.30257	0	0	9.73995	0	0	0	0	0	0	0	0	0	0	0	0	0	0	0	0	6.19589	0	0	0	0	
0	0	0	0	0	0	0	0	0	0	0	0	0	0	0	0	0	0	0	0	0	0	0	0	0	0	0	0	0	0	0	0	0	0	6.76003	8.28254	0	0	0	4.64469	0	12.60319	0	10.51905	12.97045	9.61074	6.46684	8.51198	3.1357	10.59588	11.40241	9.84319	0	9.39606	0	0	8.18904	0	0	7.36415	7.33043	0	1.89476	0	0	0	0	0	0	0	0	0	0	0	0	0	0	0	3.67589	0	0	0	0	0	0	0	0	10.12541	0	0	0	0	0	0	0	0	0	0	0	0	
0	0	0	0	0	0	0	0	10.91564	0	10.73566	0	0	0	0	0	0	0	0	0	0	0	0	0	0	0	6.5318	0	0	0	0	0	0	0	0	6.81331	0	11.81324	10.90987	0	7.85215	9.07733	0	5.51908	0	12.03183	6.45012	6.90339	7.7593	7.83301	0	7.33518	3.04434	0	0	0	7.61795	4.72103	0	0	0	0	0.53913	0	0	0	10.84375	0	0	0	0	0	0	0	0	0	0	0	0	0	0	0	0	0	0	0	0	0	0	0	0	0	0	0	0	0	0	0	0	0	
0	0	0	0	0	0	0	0	0	0	0	13.30326	0	0	10.35809	0	0	0	0	0	0	0	0	0	0	0	0	0	0	0	0	10.44062	0	0	6.4064	0	12.14421	0	0	9.08223	12.58181	0	8.78583	8.57651	11.42787	7.40726	10.63564	8.03098	3.39789	9.61799	6.99275	9.75363	11.41264	10.17413	0	9.36393	10.45612	0	0	11.83416	12.30153	5.21651	0	10.25837	0	0	0	0	0	0	0	0	0	0	0	6.98442	0	0	0	0	0	0	0	6.9831	0	0	0	0	0	0	0	0	0	0	0	0	0	0	0	0	
0	0	0	0	0	0	0	0	0	0	0	0	14.51858	0	0	0	0	0	0	0	0	0	0	0	0	0	0	0	0	9.15621	0	0	7.80396	0	7.71343	0	12.43407	0	11.83702	9.7067	10.0997	13.626	10.8403	6.19275	8.80964	5.14276	10.00202	10.59638	3.33086	8.70613	9.3179	12.83861	10.4969	9.10966	6.1905	9.29885	11.79394	0	0	9.40115	6.08872	0	0	0	0	0	0	0	0	0	0	0	0	9.51972	0	0	0	0	0	0	10.05547	0	0	0	0	0	0	0	0	0	0	0	0	0	0	0	0	0	0	0	
0	0	0	0	0	0	0	12.68944	0	0	0	9.39727	0	0	0	0	0	0	0	0	0	0	0	0	0	0	0	7.91376	0	0	4.64469	0	12.46908	0	0	0	4.32412	12.2203	8.07735	10.86013	10.1856	5.70565	0	10.69292	9.85965	8.76789	9.48997	9.21526	10.89774	9.09457	4.94586	9.58459	11.41541	8.5535	8.74437	5.77874	11.83577	4.75683	3.99129	8.48034	7.30448	11.9274	8.30749	0	9.64026	0	0	0	0	0	0	0	0	12.81376	0	0	0	0	0	0	0	0	0	0	0	0	0	0	0	0	0	0	0	0	0	0	0	0	0	0	
7.37048	0	0	0	0	0	0	0	7.74378	0	0	0	8.20045	0	0	0	0	0	0	0	0	0	0	0	12.99884	0	0	7.59332	0	0	0	0	8.91076	0	11.38264	8.0992	0	5.2191	10.30079	7.15853	10.03047	9.28939	5.35149	9.77804	11.23766	10.09569	7.27607	9.70641	5.306	4.55276	8.76623	5.34587	6.28357	4.31172	11.53482	9.23986	11.55057	5.85207	0	9.17496	0	1.7073	0	7.09384	0	9.20798	0	0	0	0	2.46754	0	0	0	0	0	0	0	0	0	0	0	3.15187	0	0	10.58033	0	0	0	0	0	0	0	0	0	0	0	0	0	0	
0	0	0	11.26045	0	0	0	0	0	0	0	0	0	0	0	0	0	0	8.76361	0	0	11.25885	0	8.4129	10.90226	6.98826	0	0	10.3302	7.66915	11.38669	0	5.71847	0	0	0.9307	0	10.18834	9.8376	8.88081	8.35681	5.68407	8.78244	9.15422	10.51756	9.74878	8.11558	9.06176	9.31218	8.10643	9.93929	8.92533	10.74033	8.2285	6.23566	10.94224	0	3.65293	5.38037	7.95156	0	4.81692	9.11437	0	0	0	0	0	0	6.97273	0	0	6.35941	0	1.4918	9.51273	12.90905	4.83992	0	0.53913	0	0	0	0	0	0	0	0	0	0	0	0	0	0	0	0	0	0	0	0	
9.02182	0	0	0	11.85777	6.93991	0	0	0	0	0	0	0	0	0	0	0	9.39339	0	0	0	0	0	0	9.78732	0	7.7824	8.27289	0	13.62817	10.54996	0	0	0	10.6972	9.49382	6.40486	9.64606	10.87653	8.18601	7.94098	8.64181	9.09421	8.29953	8.96943	8.52358	9.45727	8.08852	7.57007	10.01389	5.90853	9.86948	9.47465	6.26065	9.38164	10.55084	9.07978	3.43894	5.43717	8.03391	12.83378	0	7.05062	10.98016	11.1133	10.45513	9.74054	0	0	0	0	0	0	0	8.33811	0	0	0	0	0	0	0	0	0	0	0	0	0	0	0	0	0	0	0	0	1.89476	0	0	0	0	
0	0	0	0	0	0	0	0	5.27081	0	9.04676	0	0	0	0	0	14.11939	11.29442	10.06627	6.19068	12.62788	9.85333	0	0	0	13.6399	0	10.8324	5.66266	10.92273	0	9.39921	12.6354	7.24011	8.72381	9.88925	6.36595	9.19261	9.59489	8.07483	9.70963	7.52942	5.48881	8.05356	9.68017	7.64497	7.76412	8.10277	8.62873	7.99494	7.27296	10.82112	7.41696	7.86983	5.34502	6.55508	5.87754	8.49128	0	6.79577	5.33837	8.49491	7.47153	0	8.20598	10.86781	10.20565	0	0	0	0	7.80103	0	0	8.21812	0	0	0	9.62047	0	0	0	0	0	0	8.63633	0	0	0	0	0	0	0	0	0	4.64469	0	0	0	0	
0	10.33982	0	0	2.46754	8.58107	0	0	0	0	0	0	0	0	4.29111	10.54887	0	10.11954	10.57062	0	10.11895	0	4.11368	0	0	0	0	0	9.52594	11.42948	7.24347	0	10.03608	6.8488	9.55767	8.28643	9.72767	9.95325	9.72011	8.21212	8.6002	8.1121	7.60531	8.28317	8.06449	7.17716	8.20521	9.08965	8.02744	7.46846	7.54755	8.58759	7.69762	6.65797	9.18067	8.48465	5.12857	7.55901	8.09811	6.36323	0	7.80396	0	11.93359	9.77917	2.34423	5.31117	3.1947	0	0	0	0	0	0	0	1.89476	0	0	0	0	8.22505	0	0	0	0	0	0	0	0	0	0	0	0	0	0	0	0	0	0	0	
0	11.393	10.29265	0	9.835	0	0	0	0	0	10.3894	0	0	0	9.85524	6.37524	0	7.8415	0	0	7.20756	7.74424	8.25027	11.3789	9.50466	9.58175	0	5.81875	7.19423	7.0231	12.64675	10.21997	11.50591	10.09007	10.52902	5.8681	7.78292	8.38614	8.53184	7.63376	6.10547	7.82901	7.84014	7.03329	6.83823	7.00988	8.17684	8.01505	8.71176	8.67268	7.41165	9.46191	8.08569	7.47528	7.39518	8.11283	8.83325	5.87215	8.16699	8.02585	0	8.04418	10.0127	10.80125	3.49926	0	0.9307	0	0	0	0	8.44861	0	0	9.64026	0	8.75001	0	1.4918	0	0	0	0	4.72762	0	2.44244	0	0	0	0	0	0	0	0	0	0	0	0	0	0	
0	0	0	0	0	0	0	0	10.28533	0	9.38657	10.80014	0	0	0	0	0	0	9.44776	0	2.87647	0	0	0	0	7.46601	10.9259	0	4.47871	8.94432	7.06319	6.94647	7.72274	9.79029	10.48851	8.50525	8.27494	9.51826	8.17316	8.33855	5.24461	8.0007	8.64449	7.3733	7.56505	8.28002	6.20713	7.65182	8.22434	8.5608	8.01368	7.97558	6.05801	7.71466	7.97983	9.81354	7.6995	9.08959	11.73044	8.47156	8.18303	5.55626	4.47871	8.98123	0	8.70996	0	9.81691	0	0	0	0	0	0	0	0	0	0	0	0	0	4.72103	0	0	0	0	0	8.34434	2.87647	11.09249	0	0	0	0	0	0	0	0	0	0	
0	0	0	0	0	0	0	0	10.85269	10.40534	0	4.18728	0	12.44525	0	0	0	0	9.85735	6.351	0	0	7.83292	9.35219	9.26434	10.47364	6.54586	9.68173	7.8731	9.92917	0	6.35019	5.50052	5.23997	3.70806	9.30808	8.19959	5.7047	10.93832	6.34207	8.60312	9.12587	8.01674	8.43372	6.6648	7.96445	8.43452	7.52182	7.34123	9.61169	7.85438	7.45068	7.36013	6.44338	7.94863	8.62239	6.49402	5.1986	9.42035	8.75036	6.7721	8.60441	10.8111	12.25468	6.83721	11.05348	10.14748	0	0	0	0	0	0	7.2934	11.07835	0	0	0	13.32311	0	0	0	0	0	0	0	0	0	3.77472	0	4.18728	0	0	0	0	0	0	0	0	0	
0	0	11.14972	5.1307	0	5.73083	0	0.53913	2.06064	0	0	0	0	0	0	0	0	7.05267	0	0	0	0	0	11.8241	0	10.52512	0	10.53435	8.80073	7.90023	0	9.02138	0	10.0116	4.71016	7.87544	7.96125	6.6665	3.50389	11.09012	6.69889	9.65429	7.24044	8.43848	7.41768	7.36285	5.64188	7.83054	7.13904	7.43162	7.69548	7.40165	7.8332	7.89973	7.63179	5.82021	7.59213	7.69928	7.8363	7.45493	8.62364	7.69326	2.34802	14.45899	4.97122	0	0	6.92156	6.26056	5.02457	2.28762	0	9.50196	0	0.73492	0	7.93559	0	0	0	0	0	5.35174	0	0	0	0	0	0	0	0	0	0	0	0	0	0	0	0	0	
0	0	0	0	0	0	0	0	0	0	10.70505	9.31653	9.34218	0	11.8662	0	0	8.08241	0	4.74561	0	0	0	0	0	0	7.51329	6.31904	4.21503	0	7.40561	8.51498	6.37812	8.05794	5.04539	8.41096	9.42503	6.70565	6.81926	9.1443	9.02976	5.95326	6.53733	6.96346	7.12182	8.92939	5.42683	6.67501	7.50505	5.86388	6.53443	8.90533	8.91652	7.19468	8.16442	5.50025	6.93945	7.74149	8.98958	8.27658	8.4687	6.10664	6.47997	6.86453	0	5.75126	12.52427	6.47219	0	0	6.76003	0	6.20213	0.53913	0	13.81856	0	0	0	0	0	0	0	0	0	0	0	0	6.7549	0	0	0	0	0	0	0	0	0	0	0	
0	0	0	0	0	0	0	0	0	11.93293	0	0	0.9307	0	0	0	0	0	0	0	0	0	0	9.71145	0	0	9.27652	0	0	4.2193	7.1449	0	0	6.30195	7.90287	6.52472	6.07909	2.20939	0	8.19153	5.40408	10.71559	4.49613	5.2694	10.59582	9.11377	6.60059	7.25179	7.55398	4.40555	6.87063	9.28874	6.81396	6.45042	7.87619	7.19781	7.11341	6.92517	4.76166	7.8256	7.63836	5.27005	3.99767	11.15049	7.31298	5.49992	8.93767	10.67338	6.60589	0	0	6.42173	0	2.87647	0	8.79633	9.15277	0	0	0	0	0	0	0	9.38559	0	0	0	0	0	0	11.33446	0	0	0	0	9.3196	0	0	0	
0	0	0	0	0	0	0	0	0	0	0	10.54144	0	0	0	0	0	8.41414	9.34194	0	0	0	0	0.9307	0	0	0	8.7286	0	0	0	0	3.01071	5.46426	6.7247	0	5.60305	9.56069	2.07548	6.23426	6.35032	8.99564	9.10232	3.70281	0	9.06136	5.10407	4.76957	8.32375	6.3597	8.91731	11.47979	8.42206	4.56429	7.03603	5.37903	6.7892	6.51661	7.47317	9.1721	7.58198	7.13254	0	7.15065	7.9507	0	10.67346	9.41366	11.01026	7.99125	0	0	0	0.9307	0	10.78132	0	8.86383	0	0	0	5.52387	0	0	0	0	0	0	0	0	0	0	0	0	0	0	0	0	0	0	
0	0	0	0	4.90325	0	0	0	0	0	9.10727	0	6.94647	0	0	10.53968	0	0	8.27409	0	5.06002	5.27081	0	0	0	10.59102	6.92512	0	0	6.81061	0	9.61704	9.97829	0	0	8.12986	8.7741	1.23836	11.49209	9.59569	5.61568	8.33204	5.87727	9.00156	4.77293	5.85972	11.83057	3.89357	7.53732	8.59918	8.39785	7.19605	8.55479	8.00138	6.48823	7.39546	7.98143	7.65678	3.85053	7.17364	6.10467	6.82914	5.86758	2.67842	9.41915	0	6.93624	12.0912	0	1.89476	8.39168	8.95753	7.66743	9.84542	9.52794	0	5.79055	0	0	0	5.80285	0	0	0.53913	0	4.15095	0	0	0	0.53913	0	0	0	0	0	0	0	0	0	0	
0	0	0	0	0	0	0	0	0	0	0	6.48878	1.03032	0	0	10.25302	0	0	0	1.23836	0.9307	0	5.2191	0	0	0	0	0	0	4.9919	2.96285	4.17126	0	0	0	9.30211	0	0	0	4.38796	4.85536	4.07058	5.53731	5.57338	8.6091	4.0791	5.65958	7.97637	7.80646	3.42606	0	0	8.25313	9.10626	0.9307	5.78939	7.42185	7.94936	6.82857	7.25134	7.81016	8.81715	7.51791	7.79617	4.65984	5.1587	2.34423	8.68877	0	9.04316	0	9.0451	5.23459	9.38755	7.64975	0	3.9957	0	7.94592	0	0	0	0	0	0	0	0	0	0	0	0	0	0	0	0	0	0	0	0	0	
0	0	0	11.19893	0	0	0	0	0	0	0	0	0	0	0	0	0.53913	0	0	0	0	0	7.03885	0	0	0	8.23644	5.63098	10.18277	7.2554	0	0	2.78457	0	0	12.46141	0	0	0	5.88167	7.29076	0	0.9307	0	4.54305	11.52574	5.71811	7.42476	5.58822	5.73182	6.34692	5.8867	8.5724	8.59996	6.47463	7.33179	8.10178	5.78197	7.5194	5.58233	8.51676	8.23706	9.20244	8.79304	6.73536	9.2544	6.31871	5.49028	9.22094	8.06507	6.07334	8.98516	2.62666	4.60537	8.05111	0	12.35217	2.06064	7.47403	9.51809	2.2878	6.57358	6.72338	0	0	0	0	0	0	0	0	0	0	0	0	0	0	4.03611	0	12.80995	
0	0	5.49105	0	0	0	0	0	0	0	0	0	0	0	0	0	0	0	0	0	9.09058	0	0	0	0	9.39047	0	9.30489	0	6.94116	0	10.6237	9.88665	0	8.94167	0	0	6.38157	6.38258	0	9.76871	0	0	10.52274	10.90783	9.50915	0.73492	6.23214	2.46754	8.95005	9.7062	9.48472	6.81701	7.86616	6.76774	8.31174	2.34423	6.43673	9.05362	5.56632	3.68076	5.45546	6.28404	1.35093	5.83307	4.89851	5.2798	0	9.27913	3.53961	4.3015	7.30665	4.7304	9.05874	0	0	6.26106	0	1.71348	3.51367	0	5.30782	0	0	0	0	0	0	7.89589	0	0	0	0	0	0	0	2.06064	0	0	0	
0	0	0	0	4.86257	0	0	0	0	0	0	0	8.36215	0	0	0	0	0	0	0	0.53913	7.84434	0	0	0	0	0	8.34148	0	0	0	0	8.90396	0	0	0	5.73083	0	3.77472	7.94592	0	0	5.14318	0	6.83065	0	2.07548	9.66382	3.33086	4.61002	8.81677	5.04876	8.95226	3.88959	8.63353	4.05641	0	6.30271	6.33144	1.64409	6.60098	5.57296	8.97055	7.16153	6.05568	8.18044	8.29213	4.38335	7.05153	6.13539	6.27024	0	0	8.26254	0	9.00056	5.46378	6.23136	0	0	0	0	0	0	9.17556	0.53913	0	0	0	0	0	0	0	0	0	0	9.35797	0	0	0	
0	0	0	0	0	0	0	0	0	0	0	0	0	0	0	0	8.01326	0.53913	7.15807	0	0	0	0	0	0.73492	0	0	0	0	0	0	0	0	0	8.1576	8.65104	0	8.84547	0	0	0	0	8.81821	8.79338	0	12.6078	11.97201	9.94816	0	5.54179	0	10.50951	8.04578	8.202	0	6.10781	0	7.55211	0	5.36975	7.42959	0	5.13218	9.36591	4.90576	8.06648	8.05429	4.98459	9.08938	7.01316	7.79675	6.71814	7.61713	7.02386	7.84247	5.6186	8.57522	9.63698	0	0	7.70718	0	11.37249	0	1.56656	13.73002	7.98773	7.23385	7.5763	0	9.93628	0	0	5.83178	0	0	0	0	0	0	
0	0	0	0	0	0	0	0	0	0	0	0	0	0	0	0	0	0	0	0	4.79316	0	0	0	0	0	0	0	0	6.7047	0	0	0	0	9.80643	0	0	0	0	0	9.41366	0	9.14932	9.43837	5.95924	0	0	0	7.74729	6.05033	7.92725	0	0	2.79433	5.44488	7.20197	0	0	7.41533	8.46336	10.97335	6.19938	3.0182	4.89245	6.92775	8.125	2.30175	6.49536	7.55806	10.10069	8.19929	7.48778	4.27897	5.51309	5.54722	0	4.04294	0	2.43129	0	0	0	1.4918	0	0	0	8.39816	0	0	0	0	0	0	0	0	0	0	0	0	0	
0	0	0	0	8.62479	0	0	0	0	0	0	4.07541	0	9.05169	0	0	0	0	0	0	0	0	0	0	0	0	0	0	0	0	0	0	0	0	0	0	0	0	0	7.47257	0	0	5.93694	0	5.09622	0	1.1047	3.3944	0	0	1.89476	0	0	0	8.2888	0	0	0.9307	0	8.84405	6.9981	1.91399	6.73	7.83227	6.79575	0	2.36052	4.63867	8.52964	9.94439	8.33422	9.20323	7.79083	5.2297	0	0	8.23952	4.41884	9.02255	1.7073	5.86025	7.43234	2.58113	0	3.12148	0	7.4697	12.11923	0	5.72462	0	0	0	0	0.53913	0	0	0	0	0	
0	0	0	0	0	0	0	0	0	0	0	0	0	0	0	0	0	6.49351	0	0	0	7.89466	9.37579	0	0	0	8.42436	0	0	0	0	0	0	7.19691	5.46757	0	0	0	0	0	0	0	0	0	0	0	0	0	0.53913	0	0.53913	0	0	0	0	7.87431	9.48322	9.97371	5.61556	2.68643	0	6.4594	6.7553	0	8.0727	8.31804	4.45402	6.89284	5.65046	5.91614	6.15722	6.02503	7.85506	5.62326	6.71765	6.85822	7.21243	0	9.52166	7.89616	0	0	8.46728	0	6.62747	8.70564	1.23836	1.89476	0	10.19719	0	0	0	0	0	0	7.66323	0	0	0	
0	0	0	0	0	0	0	0	7.83913	0	0	8.93901	0	0	0	0	0	0	0	0	0	0	0	0	0	0	0	11.68768	0	0	0	0	0	0	0	0	0	0	0	9.57081	0	0	0	0	0	5.38472	0	5.90457	5.20145	0	0	10.72218	0	0	0	0	0	0	7.29106	0	7.56984	0	8.34274	8.66216	7.66012	4.82271	8.39586	0	0	5.7895	7.66044	1.4918	9.63463	7.13034	4.42125	9.49247	1.91086	0	0	7.62391	7.96331	8.03098	9.59702	8.29645	5.42761	0	0	0	0	0	7.73813	0	8.02007	0	0	0	0	0	0	0	
0	0	0	0	0	0	0	0	0	0	0	0	0	8.97712	0	0	0	0	0	8.43195	0	0	0	0	0	3.45948	0	0	0	0	0	0	0	0	7.94857	0	0	5.86714	0	0	10.32969	0	5.16547	12.04607	0	0	0	0	0	0	7.0586	7.21638	0	0	8.39553	0	0	0	0	5.85063	5.69389	0	4.12354	9.69334	6.85344	4.70752	9.81873	9.10609	0	5.18145	7.51677	0	7.7236	6.26561	9.34697	7.04936	3.95172	4.4729	7.70184	3.70947	0	8.76393	1.89476	3.92924	5.08349	0	0	11.42211	4.4491	0	2.46754	0	0	6.9831	0	0	0	0	4.97376	0	
0	0	0	0	0	0	0	9.57833	0	0	0	0	0	0	0	0	0	0	0	0	0	0	2.96285	0	0	0	0	0	11.70677	0	0	0	0	0	11.71042	0	0	10.1923	0	0	0	2.76663	0	0	0	0	5.67353	0	0	0	0	0	11.33091	0	0	0	3.14714	10.9753	0	4.94198	8.34627	0	0	6.40755	0	3.62382	0	10.35308	6.56273	10.20841	8.00004	6.4952	9.38266	6.21835	4.22273	6.75552	8.45431	0.9307	6.94202	4.48425	6.10422	7.70809	3.21087	0	8.23671	0	3.62382	2.78716	0	0	11.13775	8.84503	0	0	0	0	10.08325	0	0	0	
0	0	0	0	0	0	0	0	0	0	0	0	0	0	0	0	0	0	0	0	0	0	0	0	0	0	0	0	0	0	0	0	0	0	0	0	0	5.67765	0	0	0	0	0	0	0	0	0	0	0	5.01186	0	5.25087	0	4.71691	0	0	5.10977	11.8698	0	0	2.58113	0	9.42226	10.59398	7.01378	5.30478	0	0	8.32317	7.10824	0	4.79354	5.68725	10.2729	7.36594	7.70748	0	3.35299	6.41089	5.73923	2.02801	9.70904	6.36735	2.96285	0	0	4.12159	0	0	0	0	0	6.7481	6.32093	7.34658	0	0	0	0	0	
0	0	0	0	0	0	0	10.27271	0	0	0	0	0	0	0	0	0	0	0	0	0	0	0	0	0	0	0	0	0	0	0	0	0	0	0	0	0	6.1492	0	7.54163	0	0	0	0	0	0	0	0	0	0	3.96367	0	0	10.15437	8.21693	0	0	8.00305	9.48198	12.59264	0	3.1947	0	7.50307	10.0967	11.24221	0	0	6.46628	6.64591	6.77325	4.24492	5.25409	7.79476	3.33086	7.04053	6.23069	0	9.27425	8.07212	8.08687	9.8382	4.48074	5.4807	6.19095	0	0	0.71773	0	0	3.95413	0	0	0	0	9.77907	0	0	0	0	
0	0	0	0	0	0	0	0	0	0	0	0	0	0	0	0	0	0	0	0	0	0	0	0	0	10.87514	0	0	0	0	0	0	0	0	0	0	0	7.98257	0	0	0	0	0	0	11.30117	0	0	0	10.29161	0	0	0	0	0	0	2.34423	0	0	0	0	0	0	8.67199	0	0	7.05167	6.34024	5.67926	0	6.91639	3.67331	0	10.46347	0	8.00819	6.37362	0.9307	7.94878	6.12802	6.48848	2.2793	0	7.15786	0	11.94026	7.06569	0	0	0	0	10.14805	0	0	0	0	0	0	3.9957	0	0	
0	0	0	0	0	0	0	0	0	0	0	0	10.93012	0	0	0	0	0	0.9307	0	0	0	0	0	0	0	0	0	0	0	0	0	0	0	0	0	0	0	0	0	0	0	0	0	0	0	0	10.7027	0	0	1.23836	0	7.89466	0	0	0	0	0	0	3.93346	0	0	0	6.22055	4.07541	9.56545	8.78152	0	0.53913	0	0	9.28335	0	0	0	0.5691	6.7615	8.8307	5.35765	5.04392	0	7.21136	5.72169	4.48703	6.44913	3.99387	3.72531	0	8.05564	0	0	0	0	8.59973	0	0	0	0	0	0	
0	0	0	0	0	0	0	0	0	0	0	0	0	0	0	0	0	0	0	0	0	0	0	0	0	0	0	0	0	0	0	0	10.42264	0	0	0	0	0	0	0	0.53913	0	0	0	0	0	0	0	0	0	0	0	0	0	0	0	3.5302	0	0	0	10.44508	0	0	2.46691	0	7.37048	0	0	6.95083	0	0	0	10.86045	0	0	5.28765	0	0	5.13842	7.91697	9.26092	6.02991	8.943	0	5.83756	0	0.9307	0	0	2.58113	6.03352	5.23504	5.27578	0	0	0	0	0	0	0	
0	0	0	0	0	0	0	1.1047	0	0	0	0	0	0	0	0	0	0	0	0	0	0	0	0	0	0	0	3.51367	0	0	0	0	0	0	0	0	0	0	0	0	0	0	0	0	0	0	0	0	0	0	0	0	0	0	0	0	0	0	0	0	0	0	0	0	0	0	0	0	0	0	3.55621	2.9523	8.63267	0	0	9.34194	9.65087	0	10.59437	10.74025	0	5.35728	0	5.53326	2.20939	8.70541	0	8.9654	0	0.53913	0	9.79323	0	0	0	9.29484	0	0	0	0	
0	0	0	0	0	0	0	0	0	0	0	0	0	0	0	0	0	0	0	0	12.23921	0	0	0	0	0	0	0	0	0	7.65948	0	0	0	0	0	0	0	0	0	0	0	0	0	0	0	0	0	0	0	0	0	0	0	0	0	0	0	0	10.81146	0	0	0	0	6.6666	8.54127	7.62015	8.8271	0	0	0	0	0	0	0	2.34423	6.06555	0	0	0	4.1326	0	0	0	3.50128	6.17267	7.44658	3.10102	10.53308	0	10.09345	6.42934	4.53618	9.02057	0	7.67875	0	0	0	0	
0	0	0	0	0	0	0	0	0	0	0	0	0	0	0	0	0	0	0	0	0	0	0	0	0	0	0	0	0	0	0	0	0	0	0	0	0	0	0	0	0	0	0	0	0	0	0	0	1.4918	0	0	0	0	0	0	0	0	0	0	0	0	0	0	0	0	0	0	0	0	5.58865	10.8038	10.94046	6.68584	0	7.41713	5.73083	0	9.89285	0	0	0	7.7863	8.17534	0	4.53867	0	0.53913	0	0	2.60955	0	1.69912	2.91878	0	5.18357	0	0	0	0	0	
0	0	0	0	0	0	0	0	0	0	0	0	0	0	0	9.59452	0	0	0	0	0	0	0	0	0	0	0	0	0	0	0	0	0	0	8.8095	0	0	0	0	0	0	0	0	0	0	0	0	0	0	0	0	0	0	0	0	0	0	0	0	0	0	0	0	0	0	0	0	6.89248	0	0	0	0	0	8.73934	0	0	0	0	0	0	0	3.74578	0	0	7.21052	0	6.82818	3.41764	8.97971	9.7615	10.36581	0	9.84248	0	0	0	0	0	0	0	
0	0	0	0	0	0	0	0	0	0	0	0	0	0	0	0	0	0	0	0	0	0	0	0	0	0	0	0	0	0	0	0	0	0	0	0	0	0	0	0	0	0	0	0	0	0	0	0	6.71096	4.99146	0	0	0	0	0	0	0	0	0	6.0983	0	0	0	0	0	7.32506	0	0	0	0	0	8.35618	0	0	0	0	0	11.70305	0	5.19563	11.01848	0	0	8.78896	0	0	0	0	0	0	0	0	0	0	0	0	0	0	0	0	
0	0	0	0	0	0	0	0	0	0	0	0	0	0	0	0	0	0	0	0	0	0	0	0	0	0	0	0	0	0	0	0	0	0	0	0	0	0	0	0	0	0	0	0	0	0	0	0	0	0	0	0	0	0	0	2.96563	0	0	11.31791	0	0	0	0	0	6.68578	0	0	0	0	0	0	0	0	1.89476	0	0	7.32636	0	0	0	5.60788	7.05803	6.90336	9.13708	0	0	0	8.90668	7.5051	0	2.06064	7.25112	9.45056	0	0	0	0	0	0	0	
0	0	0	0	0	0	0	0	0	0	0	0	0	0	0	0	0	0	0	0	0	0	0	0	0	0	0	0	0	0	0	0	0	0	0	0	0	0	0	0	0	0	0	0	0	0	0	0	0	0	0	0	0	0	0	0	0	0	0	0	0	0	0	0	0	0	0	0	0	0	0	0	0	0	0	0	0	0	0	0	0	0	0	0	0	0	0	0	0	0	0	10.58081	0	0	0	0	0	0	0	0	
0	0	0	0	0	0	0	0	0	0	0	0	0	0	0	0	0	0	0	0	0	0	0	0	0	0	0	0	0	0	0	0	0	0	0	0	0	0	0	0	0	0	0	0	0	0	0	0	0	0	0	0	0	0	0	0	0	0	0	0	0	0	0	0	0	0	0	0	0	0	9.24131	0	0	0	0	0	0	0	0	11.47387	0	0	0	11.26524	0	0	0	0	0	0	7.92673	10.66414	0	0	0	0	0	0	0	0	
0	0	0	0	0	0	0	0	0	0	0	0	0	0	0	0	0	0	0	0	0	0	0	0	0	0	0	0	0	0	0	0	0	0	0	0	0	0	0	0	0	0	0	0	0	0	0	0	0	0	0	0	0	0	0	0	0	0	0	3.26439	0	0	0	0	0	0	0	0	0	0	7.38229	0	0	0	0	0	0	0	0	0	0	0	0	0	0	0	2.34423	0	0	0	0	0	0	0	0	0	0	0	0	0	
0	0	0	0	0	0	0	0	0	0	0	0	0	0	0	0	0	0	0	0	0	0	0	0	0	0	0	0	0	0	0	0	0	0	0	0	0	0	0	0	0	0	0	0	0	0	0	0	0	0	0	0	0	0	0	0	0	0	0	0	0	0	0	0	0	0	0	0	0	9.85876	0	0	0	0	0	0	0	0	8.80073	0	0	0	0	0	0	0	0	0	5.75524	3.1947	0	0	0	0	0	0	0	0	0	0	
0	0	0	0	0	0	0	0	0	0	0	0	0	0	0	0	0	0	0	0	0	0	0	0	0	0	0	0	0	0	0	0	0	0	0	0	0	0	0	0	0	0	0	0	0	0	0	0	0	0	0	0	0	0	0	0	0	0	0	0	0	0	0	0	0	0	0	0	0	0	0	0	0	0	0	0	0	0	0	0	0	0	0	0	0	0	0.53913	0	0	0	0	0	0	0	0	0	0	0	0	0	
0	0	0	0	0	0	0	0	0	0	0	0	0	0	0	0	0	0	0	0	0	0	0	0	0	0	0	0	0	0	0	0	0	0	0	0	0	0	0	0	0	0	0	0	0	0	0	0	0	0	0	0	0	0	0	0	0	0	9.22555	0	0	0	0	0	0	0	0	0	0	0	0	0	0	0	0	6.58043	0	0	0	0	0	0	0	0	0	0	0	0	0	0	0	0	0	0	0	0	0	0	0	0	
0	0	0	0	0	0	0	0	0	0	0	0	0	0	0	0	0	0	0	0	0	0	0	0	0	0	0	0	0	0	0	0	6.02991	0	0	0	0	0	0	0	0	0	0	0	0	0	0	0	0	0	0.9307	0	0	0	0	0	0	0	0	0	0	0	0	0	0	0	0	0	0	0	0	0	0	0	0	0.53913	0	0	0	0	0	0	0	0	0	0	0	0	0	0	0	0	0	0	0	0	0	0	0	0	
0	0	0	0	0	0	0	0	0	0	0	0	0	0	0	0	0	0	0	0	0	0	0	0	0	0	0	0	0	0	0	0	0	0	0	0	0	0	0	0	0	0	0	0	0	0	0	0	0	0	0	0	0	0	0	0	0	0	0	0	0	0	0	0	0	0	0	0	0	0	0	0	0	0	0	0	0	0	0	0	0	0	0	0	0	0	0	0	0	0	0	0	0	0	0	0	0	0	0	0	
0	0	0	0	0	0	0	0	0	0	0	0	0	0	0	0	0	0	0	0	0	0	0	0	0	0	0	0	0	0	0	0	0	0	0	0	0	0	0	0	0	0	0	0	0	0	0	0	0	0	0	0	0	0	0	0	0	0	0	0	0	0	0	0	0	0	0	0	0	0	0	0	0	0	0	0	0	0	0	0	0	0	0	0	0	0	0	0	0	0	0	0	0	0	0	0	0	0	0	0	
0	0	0	0	0	0	0	0	0	0	0	0	0	0	0	0	0	0	0	0	0	0	0	0	0	0	0	0	0	0	0	0	0	0	0	0	0	0	0	0	0	0	0	0	0	0	0	0	0	0	0	0	0	0	0	0	0	0	0	0	0	0	0	0	0	0	0	0	0	0	0	0	0	0	0	0	0	0	0	0	0	0	0	0	0	0	0	0	0	0	0	0	0	0	0	0	0	0	0	0	
0	0	0	0	0	0	0	0	0	0	0	0	0	0	0	0	0	0	0	0	0	0	0	0	0	0	0	0	0	0	0	0	0	0	0	0	0	0	0	0	0	0	0	0	0	0	0	0	0	0	0	0	0	0	0	0	0	0	0	0	0	0	0	0	0	0	0	0	0	0	0	0	0	0	0	0	0	0	0	0	0	0	0	0	0	0	0	0	0	0	0	0	0	0	0	0	0	0	0	0	
0	0	0	0	0	0	0	0	0	0	0	0	0	0	0	0	0	0	0	0	0	0	0	0	0	0	0	0	0	0	0	0	0	0	0	0	0	0	0	0	0	0	0	0	0	0	0	0	0	0	0	0	0	0	0	0	0	0	0	0	0	0	0	0	0	0	0	0	0	0	0	0	0	0	0	0	0	0	0	0	0	2.20939	0	0	0	0	0	0	0	0	0	0	0	0	0	0	0	0	0	0	
0	0	0	0	0	0	0	0	0	0	0	0	0	0	0	0	0	0	0	0	0	0	0	0	0	0	0	0	0	0	0	0	0	0	0	0	0	0	0	0	0	0	0	0	0	0	0	12.07075	0	0	0	0	0	0	0	0	0	0	0	0	0	0	0	0	0	0	0	0	0	0	0	0	0	0	11.03936	0	0	0	0	0	0	0	0	0	0	0	0	0	0	0	0	0	0	0	0	0	0	0	0	0	
