0	0	0	0	0	0	0	0	0	0	0	0	0	0	0	0	0	0	0	0	0	0	0	0	0	0	0	0	0	0	0	0	0	0	0	0	0	0	0	0	0	0	0	0	0	0	0	0	0	0	0	13.19202	0	0	0	0	0	0	0	0	0	0	0	0	0	0	0	0	0	0	0	0	0	0	0	0	0	0	0	0	0	0	0	0	0	0	0	0	0	0	0	0	0	0	0	0	0	0	0	0	
0	0	0	0	0	0	0	0	0	0	0	0	0	0	0	0	0	0	0	0	0	0	0	0	0	0	0	0	0	0	0	0	0	0	0	0	0	0	0	0	0	0	0	0	0	0	0	13.43472	0	0	0	0	0	0	0	0	0	0	0	0	0	0	0	6.85936	0	0	0	0	0	0	0	0	0	0	0	0	0	0	0	0	0	0	0	0	0	0	0	0	0	0	0	0	0	0	0	0	0	0	0	0	
0	0	0	0	0	0	0	0	0	0	0	0	0	0	0	0	0	0	0	0	0	0	0	0	0	0	0	0	0	0	0	0	0	0	0	0	0	0	0	0	0	0	0	0	0	0	0	0	0	0	0	0	0	0	9.18981	0	0	0	0	0	0	0	0	0	0	0	0	0	0	0	0	0	0	0	0	0	0	0	0	0	0	0	0	0	0	0	0	0	0	0	0	0	0	0	0	0	0	0	0	0	
0	0	0	0	0	0	0	0	0	0	0	0	0	0	0	0	0	0	0	0	0	0	0	0	0	0	0	0	0	0	0	0	0	0	0	0	0	0	0	0	0	0	0	0	0	0	15.8078	10.86708	0	0	0	0	0	0	0	0	0	0	0	0	0	0	0	0	0	0	0	0	0	0	0	0	0	0	0	0	0	0	0	0	0	0	0	0	0	0	0	0	0	0	0	0	0	0	0	0	0	0	0	0	
0	0	0	0	0	0	0	0	0	0	0	0	0	0	0	0	0	0	0	0	0	0	0	0	0	0	0	0	0	0	0	0	0	0	0	0	0	9.98369	0	0	0	0	0	11.56145	0	0	0	0	0	0	0	0	0	0	0	0	0	0	0	0	0	0	0	0	0	0	0	0	0	0	0	0	0	0	0	0	0	0	0	0	0	0	0	0	0	0	0	0	0	0	0	0	0	0	0	0	0	0	0	0	
0	0	0	0	0	0	0	0	0	0	0	0	0	0	0	0	0	0	0	0	0	0	0	0	0	0	0	0	0	0	0	0	0	0	0	0	0	0	0	0	0	0	0	0	0	0	0	0	0	0	0	0	0	0	0	0	0	0	0	0	0	0	0	0	0	0	0	0	0	0	0	0	7.6606	0	0	0	0	0	0	0	0	0	0	0	0	0	0	0	0	0	0	0	0	0	0	0	0	0	0	0	
0	0	0	0	0	0	0	0	0	0	0	0	0	0	0	0	0	0	0	0	0	0	0	0	0	0	0	0	0	0	0	0	0	0	0	0	0	0	0	0	0	0	0	0	0	0	0	0	0	0	0	0	0	0	0	0	0	0	0	0	0	0	0	0	0	0	0	0	0	0	0	0	0	0	11.27207	0	0	0	0	0	0	0	0	0	0	0	0	0	0	0	0	0	0	0	0	0	0	0	0	0	
0	0	0	0	0	0	0	0	0	0	0	0	0	0	0	0	0	0	0	0	0	0	0	0	0	0	0	0	0	0	0	0	0	0	0	0	0	0	0	0	0	0	0	0	0	0	0	0	0	0	0	7.06585	0	0	0	10.88588	0	0	5.52612	0	0	0	0	0	0	0	0	0	0	0	0	0	0	0	0	0	0	0	0	0	0	0	0	0	0	0	0	0	0	0	0	0	0	0	0	0	0	0	0	0	
0	0	0	0	0	0	0	0	0	0	0	0	0	0	0	0	0	0	0	0	0	0	0	0	0	0	0	0	1.20983	0	0	0	0	0	0	0	0	0	0	0	0	0	0	0	0	0	0	0	0	0	0	0	0	0	0	0	0	0	0	0	0	0	0	0	0	0	0	4.62721	0	0	0	0	0	0	0	0	0	0	0	0	0	0	0	0	0	0	0	0	0	0	0	0	0	0	0	0	0	0	0	0	
0	0	0	0	0	0	0	0	0	0	0	0	0	0	0	0	0	0	0	0	0	0	0	0	0	0	0	0	0	0	0	0	0	0	0	0	0	0	0	0	0	0	0	0	0	0	0	0	0	0	0	0	0	0	0	8.77992	0	0	0	0	0	0	0	0	0	0	0	0	0	0	0	0	0	0	0	0	0	0	0	0	0	0	0	0	0	0	0	0	0	0	0	0	0	0	0	0	0	0	0	0	
0	0	0	0	0	0	0	0	0	0	0	0	0	0	0	0	0	0	0	0	0	0	0	0	0	0	0	0	0	0	0	0	0	0	0	0	0	0	0	0	0	0	0	0	0	0	0	0	0	0	0	0	0	0	0	0	0	0	0	0	0	0	0	0	0	0	0	13.9246	0	0	0	0	0	0	0	0	0	0	0	0	0	0	0	0	0	0	0	0	0	0	0	0	0	0	0	0	0	0	0	0	
0	0	0	0	0	0	0	0	0	0	0	0	0	0	0	0	0	0	0	0	0	0	0	0	0	0	0	0	0	0	0	0	0	0	0	0	0	0	0	0	0	0	0	0	0	0	0	0	0	0	0	0	2.83342	0	0	0	0.7299	0	0	0	0	0	0	0	0	0	0	0	0	0	0	2.02283	0	0	0	0	0	0	0	0	0	0	0	0	0	0	0	0	0	0	0	0	0	0	0	0	0	0	0	0	
0	0	0	0	0	0	0	0	0	0	0	0	0	0	0	0	0	0	0	0	0	0	0	0	0	0	0	0	0	0	0	0	0	0	0	0	0	0	0	0	0	0	0	0	0	0	0	0	7.75716	0	0	0	12.53059	0	0	0	0	0	0	0	0	0	0	0	0	0	0	2.9194	0	0	0	0	0	0	0	0	0	0	0	0	0	0	0	0	0	0	0	0	0	0	0	0	0	0	0	0	0	0	0	0	
0	0	0	0	0	0	0	0	0	0	0	0	0	0	0	0	0	0	0	0	0	0	0	0	0	0	0	0	0	0	13.4286	0	0	0	0	0	0	0	0	3.00054	0	0	0	0	0	0	0	7.90937	0	0	0	0	0	0	0	0	0	3.68004	0.9072	0	11.96711	0	0	9.14813	0	0	0	0	0	0	0	0	0	0	0	0	0	0	0	0	0	0	0	0	0	0	0	0	0	0	0	0	0	0	0	0	0	0	0	0	
0	0	0	0	0	0	0	0	0	0	0	0	0	0	0	0	0	0	0	0	0	0	0	0	0	0	0	0	0	0	0	0	0	0	0	0	0	0	0	0	0	0	0	0	0	0	0	0	0	0	0	0	0	0	5.65601	0	0	0	0	0	0	0	0	0	0	0	0	0	0	0	0	0	0	0	0	0	0	0	0	0	0	0	0	0	0	0	0	0	0	0	0	0	0	0	0	0	0	0	0	0	
0	0	0	0	0	0	0	0	0	0	0	0	0	0	0	0	0	0	0	0	0	0	0	0	0	0	0	0	0	0	0	0	0	0	0	0	0	0	0	0	0	0	13.18058	0	0	0	0	0	0	0	0	0	9.13696	0	0	0	0	0	0	10.80348	0	0	0	0	0	0	0	0	0	0	0	4.34043	0	0	0	0	0	0	0	0	0	0	0	0	0	0	0	0	0	0	0	0	0	0	0	0	0	0	0	0	
0	0	0	0	0	0	0	0	0	0	0	0	0	0	0	0	0	0	0	0	0	0	0	0	0	0	0	0	0	0	0	0	0	0	0	0	0	0	0	0	0	0	0	8.57759	0	0	0	10.87328	0	0	0	9.5977	0	0	0	0	0	0	4.97672	0	0	0	0	0	0	0	0	0	0	0	0	0	0	0	0	0	0	0	0	0	0	0	0	0	0	0	0	0	0	0	0	0	0	0	0	0	0	0	0	0	
0	0	0	0	0	0	0	0	0	0	0	0	0	0	0	0	0	0	0	0	0	0	0	0	0	0	0	0	0	0	0	0	0	0	0	0	0	0	0	0	0	0	8.16614	0	0	0	0	0	0	0	0	0	0	0	0	7.84766	0	0	0	0	0	0	0	0	0	0	2.02283	0	3.07735	0	0	0	0	0	0	0	0	0	0	0	0	0	0	0	0	0	0	0	0	0	0	0	0	0	0	0	0	0	0	0	
0	0	0	0	0	0	0	0	0	0	0	0	0	0	0	0	0	0	0	0	0	0	0	0	0	0	0	0	0	0	0	0	0	0	0	0	0	0	0	0	12.65847	0	0	0	0	0	0	0	0	0	0	0	0	0	0	0	0	0	0	0	0	0	0	0	0	0	0	0	0	0	0	0	0	0	0	0	0	0	0	0	0	0	0	0	0	0	0	0	0	0	0	0	0	0	0	0	0	0	0	0	
0	0	0	0	0	0	0	0	0	0	0	0	0	0	0	0	0	0	0	0	0	0	0	0	0	0	0	0	0	0	0	0	0	0	0	0	0	0	0	0	0	0	0	0	0	0	0	7.70667	0	0	9.44651	0	0	0	0	0	0	0	0	0	0	0	0	0	0	0	0	0	0	0	0	0	0	0	0	0	7.73362	0	0	0	0	0	0	0	0	0	0	0	0	0	0	0	0	0	0	0	0	0	0	0	
0	0	0	0	0	0	0	0	0	0	0	0	0	0	0	0	0	0	0	0	0	0	0	0	0	0	0	0	0	0	0	0	0	0	0	0	0	0	0	0	0	0	0	0	0	0	0	8.22219	0	0	9.19844	10.71796	0	0	0	0	8.41746	0	12.51017	0	9.69006	0	0	0	0	10.59476	0	0	0	0	0	0	0	0	0	0	0	0	0	0	0	0	0	0	0	0	0	0	0	0	0	0	0	0	0	0	0	0	0	0	
0	0	0	0	0	0	0	0	0	0	0	0	0	0	0	0	0	0	0	0	0	0	0	0	0	0	0	0	0	0	0	0	0	0	0	0	0	0	0	0	0	9.94514	0	0	0	0	0	0	0	0	0	0	0	0	0	0	0	0	0	0	0	0	0	0	0	0	0	0	2.83342	0	0	0	0	0	0	0	0	0	0	0	0	0	0	0	0	0	0	0	0	0	0	0	0	0	0	0	0	0	0	0	
0	0	0	0	0	0	0	0	0	0	0	0	0	0	0	0	0	0	0	0	0	0	0	0	0	0	0	0	0	0	0	3.21971	6.03952	0	0	0	0	0	0	0	0	0	0	0	0	0	0	10.58616	0	0	0	0	0	0	0	0	0	0	0	0	0	0	0	0	0	0	0	0.52376	0	0	0	0	0	0	0	0	0	0	0	0	0	0	0	0	0	0	0	0	0	0	0	0	0	0	0	0	0	0	0	0	
0	0	0	0	0	0	0	0	0	0	0	0	0	0	0	0	0	0	0	0	0	0	0	0	0	0	0	0	0	0	0	5.57991	0	0	0	0	0	0	0	0	0	0	0	0	0	0	0	0	0	0	0	0	0	0	0	0	0	0	0	0	0	0	0	0	0	0	0	0	0	0	0	0	0	0	0	0	0	0	0	0	0	0	0	0	0	0	0	0	0	0	0	0	0	0	0	0	0	0	0	0	
0	0	0	0	0	0	0	0	0	0	0	0	0	0	0	0	0	0	0	0	0	0	0	0	0	0	0	0	0	0	0	0	0	0	0	0	0	0	0	0	0	0	0	10.45869	0	0	0	0	0	15.04859	0	0	0	0	8.37646	0	0	0	0	0	0	0	0	0	0	0	0	0	0	0	0	0	0	0	0	0	0	0	0	6.98245	0	0	0	0	0	0	0	0	0	0	0	0	0	0	0	0	0	0	0	0	
0	0	0	0	0	0	0	0	0	0	0	0	0	0	0	0	0	0	0	0	0	0	0	0	0	0	0	0	0	0	0	0	8.6238	0	0	0	0	0	0	0	0	0	0	0	0	0	0	3.00054	0	0	7.36021	10.48539	0	0	0	0	0	0	8.59959	0	0	0	0	0	0	0	0	0	0	0	0	0	0	0	0	0	0	0	0	0	0	0	0	0	0	5.05241	0	0	0	0	0	0	0	0	0	0	0	0	0	0	
0	0	0	0	0	0	0	0	0	0	0	0	0	0	0	0	0	0	0	0	0	0	0	0	0	0	0	0	0	0	0	0	0	0	0	0	0	0	0	10.33948	0	0	0	0	16.08032	0	10.72059	0	0	0	0	0	0	0	0	0	0	0	0	0	0	0	0	0	0	0	0	0	0	1.20983	0	0	0	0	0	0	0	0	0	0	0	0	0	0	0	0	0	0	0	0	0	0	0	0	0	0	0	0	0	0	
0	0	0	0	0	0	0	0	0	0	0	0	0	0	0	0	0	0	0	0	0	0	0	0	0	0	0	0	0	0	0	0	0	0	0	8.09402	0	0	0	0	0	0	0	0	0	0	0	7.96097	0	0	0	0	0	8.19129	0	0	0	0	0	0	8.25564	0	0	0	0	0	0	0	0	0	0	0	0	0	0	0	0	0	0	0	0	0	0	0	0	0	0	0	0	0	0	0	0	0	0	0	0	0	0	0	
0	0	0	0	0	0	0	0	0	0	0	0	0	0	0	0	0	0	0	0	0	0	0	0	0	0	0	0	0	0	0	0	0	0	0	0	0	0	0	0	0	16.38333	0	0	0	0	0	0	0	0	0	0	0.52376	0	0	0	0	0	0	0	0	0	0	0	0	0	0	6.23662	0	0	0	2.83342	0	0	0	0	0	0	0	0	0	0	0	0	0	0	0	0	0	0	0	0	0	0	0	0	0	0	0	0	
0	0	0	0	0	0	0	0	0	0	0	0	0	0	0	0	0	0	0	0	0	0	0	0	0	0	0	0	0	0	0	0	0	0	0	0	0	0	0	0	7.42372	0	0	0	9.93227	0	0	4.4363	0	0	1.4598	11.52356	0	0	0	9.72406	0	0	11.77326	0	13.29142	0	0	0	0	0	0	0	2.02283	0	0	0	0	0	0	0	0	0	0	0	0	0	0	0	0	0	0	0	0	0	0	0	0	0	0	3.72849	0	0	0	0	
0	0	0	0	0	0	0	0	0	0	0	0	0	0	0	0	0	0	0	0	0	0	0	0	0	0	0	0	0	0	0	0	0	0	0	0	0	0	0	0	0	0	0	0	13.18844	0	0	0	0	0.52376	0	0	3.00054	0	0	0	0	7.08541	0	0	0	4.27671	0	0	0	0	0	0	0	0	0	0	0	0	0	0	0	0	0	0	0	0	0	0	0	0	0	0	0	0	0	0	0	0	0	0	0	0	0	0	
0	0	0	0	0	0	0	0	0	0	0	0	0	0	0	0	0	0	0	0	0	0	0	0	0	0	0	0	0	0	0	0	0	0	0	0	0	0	0	0	0	0	0	12.24887	0	0	12.89876	0	0	0	9.29508	0	0	0	0	0	0	0	0	5.30437	0	0	0	0	7.51975	0	0	0	0	0	0	0	8.35733	0	0	0	0.52376	0	0	0	0	0	0	0	0	0	0	0	0	0	0	0	0	0	0	0	0	0	0	0	
0	0	0	0	0	0	0	0	0	0	0	0	0	0	0	0	0	0	0	0	0	0	0	0	0	0	0	0	0	0	0	0	0	0	0	0	0	0	0	0	0	0	0	0	0.67383	3.77536	0	11.76475	0	0	0	11.31252	1.85842	0	0	7.75424	0	0	0	0	0	0	0	0	0	0	0.52376	13.69862	0	0	0	0	0	12.04522	0	0	0	0	0	0	0	0	0	0	0	0	0	0	0	0	0	0	0	0	0	0	0	0	0	0	
0	0	0	0	0	0	0	0	0	0	0	0	0	0	0	0	0	0	0	0	0	0	0	0	0	0	0	0	0	0	0	0	0	0	0	0	0	12.29584	0	0	0	0	0	0	0	0	0	0	0	0	0	5.28585	0	0	13.22161	0	6.59772	0	0	8.30439	0	1.20983	0	0	0	0	0	0	0	0	0	0	0	0	6.02831	3.34928	0	0	0	0	0	0	0	0	0	0	0	0	0	0	0	0	0	0	0	0	0	0	0	0	
0	0	0	0	0	0	0	0	0	0	0	0	0	0	0	0	0	0	0	0	0	0	0	0	0	0	0	0	0	0	0	0	0	0	0	0	0	0	0	0	0	0	14.54583	0	0	11.80078	0	12.99604	0	0	8.0613	0	12.11421	0	9.38566	0	0	0	0	0	0	0	0	9.74628	0	0	0	0.9072	0	0	11.17436	0	0	0	0	0	0	0	1.20983	0	0	0	0	0	0	0	0	0	0	0	0	0	0	0	0	0	0	0	0	0	
0	0	0	0	0	0	0	0	0	0	0	0	0	0	0	0	0	0	0	0	0	0	0	0	0	0	0	0	0	0	0	0	0	0	0	0	0	0	0	0	0	0	0	0	0	0	0	10.10905	10.82592	0	0	13.52517	0	0	0	0	0	0	0	0	0	0	0	0	0	0	0	0	0	0	0	0	0	0	0	0	0	0	0	0	0	0	0	0	0	0	0	0	0	0	5.18795	0	0	0	0	0	0	0	0	0	
0	0	0	0	0	0	0	0	0	0	0	0	0	0	0	0	0	0	0	0	0	0	0	0	0	0	0	0	0	0	0	0	0	0	0	0	0	0	0	0	0	0	0	0	0	0	0	12.11961	0	0	0	0	10.69072	4.10386	0	0	0	0	12.99306	5.48441	0	0	0	0	0	0	0	0	0	0	0	0	0	0	0	0	0	0	0	0	0	0	0	0	0	0	0	0	0	0	0	0	0	0	0	0	0	0	8.84178	0	
0	0	0	0	0	0	0	0	0	0	0	0	0	0	0	0	0	0	0	0	0	0	0	0	0	0	0	0	0	0	0	0	0	0	0	0	0	0	0	0	0	0	8.30439	0	0	0	0	0	0	9.02406	0	8.61739	0	12.24536	0	0	0	0	0	0	0	0	0	0	12.04163	0	0	0	0	0	0	0	0	0	0	0	12.92417	0	0	0	0	0	0	0	0	0	0	0	0	0	0	0	0	0	0	0	0	0	0	0	
0	0	0	0	0	0	0	0	0	0	0	0	11.84212	0	0	0	0	0	0	0	0	0	0	0	0	0	0	0	0	0	8.89182	0	0	0	0	0	0	0	0	0	0	0	11.21734	0	0	0	0	6.49646	0	0	11.3583	0	0	2.17041	1.20983	0	10.40284	0	0	0	0	0	0	10.83286	7.9786	10.70251	0	0	0	0	0	0	0	0	0	0	0	0	0	0	0	0	0	0	0	0	0	0	0	0	0	0	0	0	0	0	0	0	0	0	
0	0	0	0	0	0	0	0	0	0	0	0	0	0	0	0	0	0	0	0	0	0	0	0	0	0	0	0	0	0	0	0	0	0	0	0	0	0	0	0	0	0	0	0	0	11.48236	10.3154	0	0.9072	11.55643	0	8.00448	11.63553	0	9.83192	10.91135	0	0	0	0	11.58713	0	0	0	0	0	0	0	0	6.94491	0	0	0	0	0	0	2.43654	0	0	0	0	0	0	0	0	0	0	0	0	0	0	0	0	0	0	0	0	0	0	0	
0	0	0	0	0	0	0	0	0	0	0	0	0	0	0	11.53807	0	0	0	0	0	0	0	0	0	0	0	0	0	0	0	0	0	0	0	5.57991	13.41854	0	0	0	0	0	0	0	0	9.62837	7.51759	7.69453	5.32026	9.07508	0	0	3.98926	0	9.59447	0	0	0	0	6.46106	0	9.75215	0	8.45593	0	12.15036	0	0	11.39041	0	7.81719	0	0	0	0	11.05628	0	1.20983	0	4.48842	0	0	0	0	0	0	0	0	0	0	5.38214	0	0	0	0	0	0	0	0	0	
0	0	0	0	0	0	0	0	0	0	0	0	0	0	0	0	0	0	0	0	0	0	0	0	0	0	11.31136	0	0	0	0	4.02848	0	0	4.62264	0	0	0	0	0	11.06927	0	0	0	0	0	0	0	9.491	11.50173	3.52411	11.64899	7.9508	0	9.32197	0	13.15574	0	7.25915	0	0	10.42648	0	0	0	9.90816	0	0	0	0	0	0	0	7.16237	0	0	0	0	0	0	0	0	0	0	0	0	0	0	0	0	0	0	0	0	0	0	0.52376	0	0	0	
0	0	0	0	0	0	0	0	0	0	0	0	0	0	0	0	0	0	0	9.33962	0	0	0	0	0	0	0	0	0	0	0	0	0	0	0	0	0	0	0	0	0	0	0	13.29402	0	0	13.16663	13.54359	11.55012	0	6.94897	7.94395	10.92862	0	0	0	13.92468	0	0	7.71166	5.19527	0	0	12.63464	0	2.02283	0	3.15028	0	0	0	0	0	0	0	0	0	0	0	0	0	0	0	0	0	0	0	0	0	0	7.52432	0	0	0	0	0	0	0	0	0	
0	0	0	0	0	0	0	0	0	0	0	0	9.40628	0	0	0	0	0	0	8.17709	0	0	0	0	0	0	0	0	0	0	0	0	0	6.35359	0	0	0	0	0	0	0	11.84984	14.25338	0	9.11442	0	0	3.27963	10.40195	0	1.67283	7.65957	6.61445	4.25338	9.37808	1.67283	5.33342	5.79002	8.18196	0	0	0	0	0	3.40995	0	0	0	0	0	0	0	0	0	0	0	0	0	8.20945	0.9072	0	0	0	0	0	0	0	0	0	0	0	0	0	0	0	0	0	0	0	0	
0	0	0	0	0	0	0	0	0	0	0	0	0	0	0	0	0	0	0	0	0	0	0	15.55651	0	0	0	0	0	0	0	0	0	0	0	0	0	0	11.38239	0	0	0	7.92137	9.13134	10.68957	0	9.46651	7.33585	0	9.5511	9.70829	9.3703	0	0	0	0	0	4.0998	15.44799	8.99937	9.63553	0	0	0	8.70018	0	0	0	0	0	0	0	0	0	0	0	0	0	0	0	0	0	0	0	0	0	0	0	0	0	0	0	0	0	0	0	0	0	0	0	
0	0	8.29235	0	0	0	0	0	0	0	0	0	0	0	0	0	0	0	0	0	0	0	0	0	0	0	0	0	0	0	0	0	0	0	0	0	0	0	0	0	10.70539	0	0	0	0	8.91817	0	9.97358	9.04312	11.4022	0	7.40148	8.30239	7.51286	0.52376	14.23937	0	0	2.02283	0	11.649	0	9.86885	10.78356	0	0	0	0	0	0	0	7.14196	0	0	0	0	0	0	0	0	0	0	0	0	0	0	0	0	0	0	0	0	0	0	0	0	0	0	0	0	
0	0	0	0	0	0	0	0	0	0	0	10.70818	0	0	0	0	0	0	0	0	0	0	0	0	0	0	0	0	0	0	0	0	5.9907	0	0	0	0	9.28203	14.1714	11.56937	5.86633	7.91409	0	0	11.65578	8.25481	10.64795	11.0357	11.08804	0	11.24006	0	0.26188	5.28762	0	11.79787	6.34481	8.94452	0	0	0	0	0	0	0	0	0	7.51975	0	0	0	0	2.83342	0	0	2.30428	0	0	10.58122	0	0	0	0	0	0	0	0	0	0	0	0	0	0	0	0	6.64137	0	0	0	0	
0	0	0	0	0	0	0	0	0	0	0	0	0	0	0	0	0	0	0	0	0	0	0	0	0	0	0	0	0	0	0	0	0	0	7.89618	8.36632	0	0	0	0.52376	0	12.65564	0	11.43847	14.10645	9.24338	6.48868	8.19982	2.57548	10.71679	12.0664	10.39587	0.9072	9.17091	0	0	8.34756	0	0	7.37148	8.18796	0	0	0	0	0	0	0	0	0	0	0	0	0	0	0	0	0	1.85842	0	0	0	0	0	0	0	0	10.04714	0	0	0	0	0	0	0	0	0	0	0	0	
0	0	0	0	0	0	0	0	11.34889	0	10.442	0	0	0	0	0	0	0	0	0	0	0	0	0	0	0	6.25327	0	0	0	0	0	0	0	0	13.7739	0	12.22796	10.7932	0	8.13573	8.336	0	5.82237	0	12.20641	5.11989	7.0462	7.21393	8.20562	0	6.79319	2.53966	0	0	0	4.8604	2.74198	0	0	0	0	3.68004	0	0	0	11.04031	0	0	0	0	0	0	0	0	0	0	0	0	0	0	0	0	0	0	0	0	0	0	0	0	0	0	1.20983	0	0	0	0	0	0	
0	0	0	0	0	0	0	0	0	0	0	12.88129	0	0	8.60609	0	0	0	0	0	0	0	0	0	0	0	0	0	0	0	0	10.40987	0	0	7.29695	0	11.76711	0	0	9.25082	12.72965	0	8.40812	8.94859	10.65392	7.19551	10.78955	8.35741	2.79653	8.94864	9.18828	9.80062	11.15092	8.72088	0	9.60586	10.405	0	0	4.14012	12.59854	4.91529	0	9.44847	0	0	0	0	0	0	0	0	0	0	0	7.02095	0	0	0	0	0	0	0	5.85547	0	0	0	0	0	0	0	0	0	0	0	0	0	0	0	0	
0	0	0	0	0	0	0	0	0	0	0	0	15.35789	0	0	0	0	0	0	0	0	0	0	0	0	0	0	0	0	9.23033	0	0	7.1929	0	6.31008	0	12.62867	0	12.39882	9.99673	10.04719	13.51922	9.1757	6.83995	9.41596	4.11664	10.36312	10.34029	7.24794	8.37806	9.21194	12.27929	11.26336	7.1331	6.17076	11.19186	10.41072	0	0	8.9011	5.3972	0	0	0	0	0	0	0	0	0	0	0	0	9.42936	0	0	0	0	0	0	9.86682	0	0	0	0	0	0	0	0	0	0	0	0	0	0	0	0	0	0	0	
0	0	0	0	0	0	0	13.0108	0	0	0	10.07959	0	0	0	0	0	0	0	0	0	0	0	0	0	0	0	8.19659	0	0	3.82074	0	13.17061	0	0	0	3.00054	11.52763	6.82276	11.36027	10.02992	4.93947	0	10.80325	9.8497	8.64707	9.5731	8.97853	10.81903	9.38186	5.29064	9.61063	10.80946	7.4814	8.73632	5.81407	11.27717	5.00045	5.59882	8.25976	5.46388	12.29421	9.85255	0	8.77416	0	0	0	0	0	0	0	0	12.46944	0	0	0	0	0	0	0	0	0	0	0	0	0	0	0	0	0	0	0	0	0	0	0	0	0	0	
9.42569	0	0	0	0	0	0	0	8.51502	0	0	0	8.34961	0	0	0	0	0	0	0	0	0	0	0	12.50887	0	0	7.40148	0	0	0	0	7.61301	0	11.64707	8.09171	0	5.69408	10.4573	6.0137	10.38647	9.37999	5.23447	10.19877	11.47099	10.16121	7.32526	9.64283	5.00996	1.96686	9.03669	5.24263	6.81702	4.10208	11.78044	9.54672	11.43739	5.61003	0	9.80537	0	0	0	6.58341	0	9.86479	0	0	0	0	0.52376	0	0	0	0	0	0	0	0	0	0	0	2.88153	0	0	9.95171	0	0	0	0	0	0	0	0	0	0	0	0	0	0	
0	0	0	10.97327	0	0	0	0	0	0	0	0	0	0	0	0	0	0	7.80595	0	0	10.89287	0	8.18362	10.69397	6.74038	0	0	10.08018	7.43471	11.59979	0	4.51628	0	0	0.52376	0	10.24875	10.02263	8.83434	8.57155	5.21714	8.37811	9.07497	10.61139	9.85742	8.3669	9.11671	9.03309	7.96704	9.99512	8.12883	10.95101	8.45352	6.03949	10.63008	0	3.60503	5.30893	8.11264	0.52376	3.77536	9.32296	0	0	0	0	0	0	5.60607	0	0	4.43103	0	0.52376	8.47735	12.92157	2.45236	0	0	0	0	0	0	0	0	0	0	0	0	0	0	0	0	0	0	0	0	0	0	
8.22852	0	0	0	11.52934	5.96795	0	0	0	0	0	0	0	0	0	0	0	9.63076	0	0	0	0	0	0	9.76745	0	7.65016	8.71855	0	15.01952	10.13357	0	0	0	11.20652	9.14924	5.78803	10.08521	11.6242	7.97129	6.47193	8.41895	9.42253	8.09812	8.80655	8.30836	9.53205	8.11093	6.52686	10.0186	4.78076	10.0533	8.70624	6.59929	9.37903	11.18651	9.46952	4.28543	4.18389	7.2855	14.15819	0	6.85435	11.18742	11.68798	10.94088	9.99116	0	0	0	0	0	0	0	5.64445	0	0	0	0	0	0	0	0	0	0	0	0	0	0	0	0	0	0	0	0	0	0	0	0	0	
0	0	0	0	0	0	0	0	5.71827	0	8.22219	0	0	0	0	0	13.80149	10.79604	8.8958	5.56665	12.88589	10.23949	0	0	0	13.77363	0	10.18207	5.79367	11.44193	0	9.34643	12.05875	7.53575	8.55228	10.29055	5.97138	9.40445	8.80044	8.18155	9.22746	6.94782	5.62086	8.4025	9.41903	8.023	7.81103	8.03756	8.20493	7.84954	7.24093	10.91911	7.14536	8.00153	5.2017	6.7128	5.20385	8.52441	0	6.02989	6.42167	8.60609	7.25387	0	7.48462	11.01963	10.80912	0	0	0	0	7.40894	0	0	6.94385	0	0	0	9.86344	0	0	0	0	0	0	9.57886	0	0	0	0	0	0	0	0	0	0.52376	0	0	0	0	
0	10.21485	0	0	0.9072	8.18579	0	0	0	0	0	0	0	0	7.10389	10.5394	0	10.48228	10.63152	0	10.94856	0	8.35537	0	0	0	0	0	9.37929	11.20758	6.52267	0	10.4994	5.63854	9.9355	8.85031	9.63519	10.20036	8.79776	8.18983	8.73884	7.71292	7.44375	8.30665	7.9513	7.00415	8.08075	9.24862	7.8946	6.9306	7.23347	8.50088	7.21167	7.09505	9.09977	7.46465	4.46002	7.44332	7.81655	6.57899	0	7.86131	0	11.66697	10.52377	2.74198	5.4412	0	0	0	0	0	0	0	0	2.53966	0	0	0	0	7.59412	0	0	0	0	0	0	0	0	0	0	0	0	0	0	0	0	0	0	0	
0	10.74618	10.23228	0	8.77179	0	0	0	0	0	9.57307	0	0	0	9.18548	8.27411	0	8.52098	0	0	6.64896	7.32872	8.01959	11.66605	6.68623	8.29638	0	6.04172	7.13567	6.3463	13.75443	10.54997	11.27206	10.21731	10.80104	5.7825	8.02803	8.68836	8.4713	7.55078	5.82057	7.51609	7.7375	7.28646	6.67522	7.25393	8.05296	7.81031	8.4062	8.71981	7.58528	9.52698	7.86133	6.52378	6.85131	8.3505	7.30741	6.87276	8.25165	8.55328	0	8.21758	9.95317	9.89659	2.54004	0	0.52376	0	0	0	0	8.29636	0	0	9.32493	0	8.44329	0	4.27671	0	0	0	0	4.33008	0	1.15214	0	0	0	0	0	0	0	0	0	0	0	0	0	0	
0	0	0	0	0	0	0	0	10.26446	0	9.26358	10.40987	0	0	0	0	0	0	9.64897	0	2.53966	0	0	0	0	4.81437	11.31899	0	1.67283	10.79994	6.39313	6.21977	7.28485	9.95212	10.52463	8.6497	7.88026	8.68423	7.51221	8.59667	4.26378	7.46401	8.62139	7.28657	7.09909	8.01603	6.27138	7.43432	8.05478	8.3903	7.78885	7.84956	5.81525	7.41447	7.34527	9.47683	8.06871	8.82404	10.6972	6.45864	8.57677	6.03231	6.56115	7.9486	0	8.60319	0	9.54105	0	0	0	0	0	0	0	0	0	0	0.9072	0	0	3.62992	0	0	0	0	0	7.66851	2.83342	11.95871	0	0	0	0	0	0	0	0	0	0	
0	0	0	0	0	0	0	0	9.33474	11.00803	0	3.68004	0	11.95823	0	0	0	0	9.48064	5.94837	0	0	1.4598	8.88281	8.06366	11.27539	6.86479	9.61308	7.03141	9.53522	0	6.52844	5.78376	4.74528	4.63281	8.47794	8.26807	6.48675	10.93339	5.87329	8.64675	8.48889	7.7143	7.9412	6.75123	7.27948	8.53236	7.14738	6.79855	9.36107	7.75809	6.67207	6.41296	6.13056	7.37545	7.96953	6.1578	5.35258	9.55304	7.1972	6.10966	9.76075	9.92995	12.08965	6.87149	9.90857	9.46196	0	0	0	0	0	0	7.80312	11.38357	0	0	0	13.4569	0	0	0	0	0	0	0	0	0	4.69755	0	3.52411	0	0	0	0	0	0	0	0	0	
0	0	11.6486	5.10129	0	6.25327	0	2.17041	7.94824	0	0	0	0	0	0	0	0	6.76313	0	0	0	0	0	11.6226	0	9.2981	0	10.05016	8.52613	8.71011	0	8.36722	0	9.85324	4.75928	7.92433	7.66685	6.86337	1.67686	10.4721	6.56103	9.0788	6.93586	7.98404	7.23719	6.80873	6.08087	7.41853	6.76697	7.22398	7.50149	7.23486	7.74045	7.62649	7.49175	5.53076	7.16452	7.565	7.20849	7.20901	8.23463	8.22525	2.80304	14.59376	4.48362	0	0	7.09596	6.25327	2.55908	1.73408	0	8.89978	0	0.52376	0	7.61238	0	0	0	0	0	4.82684	0	0	0	0	0	0	0	0	0	0	0	0	0	0	0	0	0	
0	0	0	0	0	0	0	0	0	0	11.16174	8.982	10.05315	0	12.73706	0	0	6.57141	0	4.27671	0	0	0	0	0	0	6.15035	4.34043	5.33264	0	7.55584	8.0299	5.15925	8.19193	4.22472	7.58404	10.20938	7.23673	6.83875	9.76493	8.49597	5.3201	6.64599	6.47811	6.71463	8.01283	5.31132	7.73555	7.11568	5.79477	6.17171	8.83829	8.83275	6.85514	7.17203	5.27398	6.86767	8.02894	8.98713	6.94019	8.97198	5.92287	6.49644	5.55768	0	5.31852	12.32813	6.0946	0	0	9.14924	0	6.71906	0.4536	0	14.19228	0	0	0	0	0	0	0	0	0	0	0	0	6.49721	0	0	0	0	0	0	0	0	0	0	0	
0	0	0	0	0	0	0	0	0	11.336	0	0	0.9072	0	0	0	0	0	0	0	0	0	0	9.1534	0	0	10.04459	0	0	4.39652	7.04098	0	0	5.9872	6.4174	6.42477	6.58463	0.52376	0	8.29235	3.76394	10.95844	4.46878	5.41393	9.88525	8.42398	6.58571	7.34593	7.78984	3.41056	6.90969	8.85823	6.47575	5.96855	8.1076	6.9878	6.57633	7.21788	4.3494	6.97625	7.41594	4.98929	3.00933	6.1629	6.57623	5.84552	8.25357	10.09064	6.05231	0	0	5.88782	0	2.02283	0	8.27003	11.43921	0	0	0	0	0	0	0	6.0006	0	0	0.52376	0	0	0	10.92797	0	0	0	0	6.83744	0	0	0	
0	0	0	0	0	0	0	0	0	0	0	10.82034	0	0	0	0	0	5.63987	5.65702	0	0	0	0	0.52376	0	0	0	5.91946	0	0	0	0	2.76358	5.36932	6.03876	0	6.98536	9.75151	2.6986	5.57402	6.48657	8.90806	8.73406	2.74923	0	8.99426	4.44562	4.18986	6.85437	5.43653	8.26311	11.28649	8.53274	4.28817	7.24882	5.36611	6.06833	6.67953	7.68354	9.43541	6.35239	6.87622	0	7.06021	7.58806	0	8.08272	8.22431	9.32099	7.94541	0	0	0	0.52376	0	10.27265	0	8.91555	0	0	0	5.18207	0	0	0	0	0	0	0	0	0	0	0	0	0	0	0	0	0	0	
0	0	0	0	4.26359	0	0	0	0	0	9.28094	0	4.74542	0	0	10.88554	0	0	8.43966	0	5.91336	4.76877	0	0	0	9.65132	3.98926	0	0	6.39292	0	10.12106	10.25002	0	0	8.7406	8.06602	3.28595	11.73986	10.10593	6.19793	8.93633	5.60881	7.74544	4.78404	5.10975	11.41258	4.30703	7.86085	7.84558	7.46051	6.83569	8.80177	7.52509	6.11954	6.69974	7.62641	6.96383	3.73965	7.01649	6.4781	7.94234	5.93546	2.05028	9.24377	0	7.40495	10.74765	0	0.9072	8.6723	10.01087	8.38817	10.70429	8.25866	0	5.10851	0	0	0	6.90222	0	0	0	0	0	0	0	0	0	0	0	0	0	0	0	0	0	0	0	
0	0	0	0	0	0	0	0	0	0	0	4.64805	1.08521	0	0	11.16036	0	0	0	0.52376	1.85842	0	5.11693	0	0	0	0	0	0	6.14625	0.9072	4.17184	0	0	0	10.24742	0	0	0	4.27671	3.94608	3.64392	4.75342	5.49788	8.62412	4.30417	6.52154	7.50414	7.33079	2.78754	0	0	7.67371	9.40242	0.9072	5.98071	6.99053	7.65366	6.63175	6.71147	7.69755	9.09014	7.38553	7.04211	3.87553	4.1044	1.67283	7.84885	0	9.92524	0	8.58929	5.88217	9.98057	8.47558	0	2.42675	0	6.15921	0	0	0	0	0	0	0	0	0	0	0	0	0	0	0	0	0	0	0	0	0	
0	0	0	10.74176	0	0	0	0	0	0	0	0	0	0	0	0	1.4598	0	0	0	0	0	7.8504	0	0	0	7.91928	5.00798	8.53296	7.78319	0	0	3.00054	0	0	10.12505	0	0	0.52376	5.2984	6.86592	0	0	0	4.6311	11.66133	5.51226	7.32479	5.32931	9.73739	6.23837	5.47994	8.04645	8.36998	6.23641	5.76825	8.44118	5.63526	7.28692	5.80641	7.88825	7.37721	8.45233	8.58586	6.34416	8.7024	6.18543	4.14012	9.38443	7.50478	4.73496	8.67752	2.52988	3.26097	8.46842	0	12.26114	0	5.99381	9.20273	1.20983	6.4174	3.57798	0	0	0	0	0	0	0	0	0	0	0	0	0	0	2.42675	0	11.68108	
0	0	6.25998	0	0	0	0	0	0	0	0	0	0	0	0	0	0	0	0	0	7.63224	0	0	0	0	8.93761	0	8.79907	0	6.73447	0	10.39915	9.53868	0	8.98947	0	0	5.8856	6.80434	0	9.58463	0	0	10.30415	11.24761	9.97994	0	6.63385	2.17041	9.89379	8.91742	10.33264	6.78239	7.82011	6.78673	8.48568	6.42477	5.90887	8.79514	5.15618	3.09951	5.94803	6.10504	1.44237	5.87313	4.62338	4.95333	0	9.39182	3.59046	3.90501	6.87248	4.90055	8.19703	0	0	6.08817	0	2.07636	2.74198	0	5.13503	0	0	0	0	0	0	4.77108	0	0	0	0	0	0	0	3.07735	0	0	0	
0	0	0	0	3.68004	0	0	0	0	0	0	0	8.09633	0	0	0	0	0	0	0	0	5.87712	0	0	0	0	0	9.10545	0	0	0	0	8.56833	0	0	0	4.96348	0	3.52411	7.79462	0	0	4.48294	0.9072	7.0188	0	2.73889	9.58463	0	4.44773	8.47025	5.81243	10.9761	3.32879	8.61061	1.99463	0	6.43822	4.30999	2.37892	5.15347	5.19118	8.64401	6.51788	5.11132	8.52111	9.04092	4.27756	6.6836	5.84502	6.23527	0	0	7.84899	0	8.13578	5.18422	6.28679	0	0	0	0	0	0	8.85684	0	0	0	0	0	0	0	0	0	0	0	9.14256	0	0	0	
0	0	0	0	0	0	0	0	0	0	0	0	0	0	0	0	7.86131	0.9072	7.44199	0	0	0	0	0	1.1835	0	0	0	0	0	0	0	0	0	7.70667	8.31236	0	7.54025	0	0	0	0	9.03953	4.06666	0	11.81498	11.34768	10.82139	0	3.41318	0	10.89253	7.45285	7.27464	0	4.94311	0	7.44622	0	5.32266	7.03518	0	4.63808	7.98609	4.40938	7.416	7.16378	4.54973	9.1459	6.65546	8.46317	4.41901	7.49783	8.45233	7.46034	4.40425	7.57703	10.9954	0	0	5.32026	0.52376	10.73979	0	1.08521	9.53952	7.63859	6.35705	5.71827	0	8.94918	0	0	6.20692	0	0	0	0	0	0	
0	0	0	0	0	0	0	0	0	0	0	0	0	0	0	0	0	0	0	0	4.51366	0	0	0	0	0	0	0	0	6.04909	0	0	0	0	8.22008	0	0	0	0	0	8.99567	0	8.59959	9.84913	6.69577	0	0	0	8.87712	5.42621	2.9194	0	0	5.56441	5.02818	6.8634	0	0	6.88613	8.38766	10.05961	6.11679	2.29612	4.71507	6.10566	6.78937	2.8344	6.36009	7.52236	10.05898	7.19748	7.44586	5.27103	5.62216	3.84119	0	2.90433	0	2.86079	0	0	0	1.20983	0	0	0	8.45517	0	0	0	0	0	0	0	0	0	0	0	0	0	
0	0	0	0	8.13279	0	0	0	0	0	0	3.90746	0	7.6606	0	0	0	0	0	0	0	0	0	0	0	0	0	0	0	0	0	0	0	0	0	0	0	0	0	8.01868	0	0	5.13502	0	5.61921	0	2.23001	4.14012	0	0	0.52376	0	0	0	7.94055	0	0	0	0	11.1384	6.71403	0.62957	6.12819	8.21327	6.41092	0	1.97447	4.13637	8.92697	7.67629	8.0252	9.44356	7.91443	4.77937	0	0	6.63053	5.79988	10.43021	3.72849	4.02848	8.35155	0.9072	0	5.17052	0	5.56665	11.95895	0	5.12172	0	0	0	0	0.9072	0	0	0	0	0	
0	0	0	0	0	0	0	0	0	0	0	0	0	0	0	0	0	5.41162	0	0	0	8.2577	9.42477	0	0	0	7.73065	0	0	0	0	0	0	6.49955	4.40146	0	0	0	0	0	0	0	0	0	0	0	0	0	0	0	0	0	0	0	0	7.9896	9.85833	9.70769	5.86633	2.42675	0	5.47844	7.94893	0	7.39395	8.30134	5.59511	7.13031	6.05307	3.20044	6.08581	5.5125	6.72334	5.48695	6.71032	6.19623	5.1441	0	8.29235	6.81565	0	0	8.49705	0	7.77168	8.55648	3.00054	1.85842	0	10.0338	0	0	0	0	0	0	7.77301	0	0	0	
0	0	0	0	0	0	0	0	7.70127	0	0	8.89315	0	0	0	0	0	0	0	0	0	0	0	0	0	0	0	12.07699	0	0.52376	0	0	0	0	0	0	0	0	0	9.40572	0	0	0	0	0	6.69235	0	7.29695	4.14012	0	0	10.46586	0	0	0	0	0	0	8.33835	0	6.76079	0	8.92551	9.198	8.09953	4.80194	8.76932	0	0	6.42364	6.97242	0.9072	9.59581	7.2484	7.00891	9.51051	0.52376	0	0	8.34793	7.88153	8.36442	9.64108	8.19939	5.71646	0	0	0	0	0	6.74628	0	8.93113	0	0	0	0	0	0	0	
0	0	0	0	0	0	0	0	0	0	0	0	0	9.29005	0	0	0	0	0	7.39024	0	0	0	0	0	3.30529	0	0	0	0	0	0	0	0	7.14463	0	0	5.7177	0	0	10.28536	0	6.07742	10.92115	0	0	0	0	0	0	9.9445	7.17116	0	0	8.83073	0	0	0	0	5.98224	4.77267	0	4.30174	8.83902	6.98929	4.90476	9.19521	9.96738	0	3.88383	6.96968	0	7.45643	5.74657	9.62197	6.86299	3.66209	4.24831	7.06968	3.22311	0	7.25949	3.15028	3.92612	3.048	0	0	13.67294	4.04637	0	1.4598	0	0	5.53975	0	0	0	0	4.14011	0	
0	0	0	0	0	0	0	10.29795	0	0	0	0	0	0	0	0	0	0	0	0	0	0	3.28595	0	0	0	0	0	11.08184	0	0	0	0	0	11.65392	0	0	10.50419	0	0	0	2.84704	0	0	0	0	6.0244	0	0	0	0	0	11.38002	0	0	0	2.28522	10.53728	0	4.86042	6.19692	0	0	7.09745	0	2.64436	0	8.9834	6.10629	10.04115	7.83352	6.52119	7.96855	7.01033	4.54361	7.61281	8.32722	0	7.19485	4.20138	6.4758	8.34396	4.80979	0	7.67601	0	4.02848	3.00391	0	0	11.83851	8.55037	0	0	0	0	10.02488	0	0	0	
0	0	0	0	0	0	0	0	0	0	0	0	0	0	0	0	0	0	0	0	0	0	0	0	0	0	0	0	0	0	0	0	0	0	0	0	0	5.40563	0	0	0	0	0	0	0	0	0	0	0	2.74198	0	5.44403	0	4.0132	0	0	4.62264	11.58072	0	0	2.30428	0	8.88382	9.91733	6.21977	5.09347	0	0	7.63703	7.03027	0	4.59677	5.46496	9.94391	7.25502	7.09433	0	3.07373	6.15555	6.86129	2.7343	9.31901	4.83664	0	0	0	3.61351	0	0	0	0	0	6.57212	7.10672	6.81519	0	0	0	0	0	
0	0	0	0	0	0	0	9.93936	0	0	0	0	0	0	0	0	0	0	0	0	0	0	0	0	0	0	0	0	0	0	0	0	0	0	0	0	0	8.18643	0	7.05249	0	0	0	0	0	0	0	0	0	0	3.76165	0	0	11.67337	5.69895	0	0	7.38053	9.87693	12.89893	0	0.52376	0	6.72636	9.73161	10.21804	0	0	6.33434	5.48637	7.00063	4.22505	4.76319	7.68054	3.40995	6.11604	5.10272	0	8.50816	8.1463	8.5329	9.88964	5.24097	4.75163	7.32038	0	0	0.61947	0	0	3.52411	0	0	0	0	8.63855	0	0	0	0	
0	0	0	0	0	0	0	0	0	0	0	0	0	0	0	0	0	0	0	0	0	0	0	0	0	10.57461	0	0	0	0	0	0	0	0	0	0	0	7.62586	0	0	0	0	0	0	11.12348	0	0	0	11.83592	0	0	0	0	0	0	1.67283	0	0	0	0	0	0	8.27246	0	0	7.66171	6.28017	4.98524	0	7.11262	3.0526	0	10.59655	0	8.55328	7.03921	0.9072	8.10883	4.70157	6.19708	0.83577	0	3.68493	0	12.20568	6.17251	0	0	0	0	9.21128	0	0	0	0	0	0	2.02283	0	0	
0	0	0	0	0	0	0	0	0	0	0	0	10.43198	0	0	0	0	0	0	0	0	0	0	0	0	0	0	0	0	0	0	0	0	0	0	0	0	0	0	0	0	0	0	0	0	0	0	9.72032	0	0	1.20983	0	9.46017	0	0	0	0	0	0	3.65912	0	0	0	6.43958	2.02283	8.85548	8.83854	0	1.67283	0	0	9.15147	0	0	0	0.61947	6.09138	8.60499	4.33913	4.95646	0	7.76478	5.96989	3.8572	6.78887	4.56852	3.13714	0	7.0188	0	0	0	0	7.35596	0	0	0	0	0	0	
0	0	0	0	0	0	0	0	0	0	0	0	0	0	0	0	0	0	0	0	0	0	0	0	0	0	0	0	0	0	0	0	10.2307	0	0	0	0	0	0	0	2.02283	0	0	0	0	0	0	0	0	0	0	0	0	0	0	0	3.9189	0	0	0	10.24384	0	0	1.49614	0	7.57709	0	0	7.0393	0	0	0	9.0043	0	0	3.86475	0	0	4.56364	7.85396	9.05317	6.53782	9.54798	0	4.74542	0	0.52376	0	0	3.40995	5.64392	4.00045	4.76526	0	0	0	0	0	0	0	
0	0	0	0	0	0	0	1.62329	0	0	0	0	0	0	0	0	0	0	0	0	0	0	0	0	0	0	0	2.9194	0	0	0	0	0	0	0	0	0	0	0	0	0	0	0	0	0	0	0	0	0	0	0	0	0	0	0	0	0	0	0	0	0	0	0	0	0	0	0	0	0	0	3.08025	2.1568	7.80244	0.9072	0	10.33948	8.86228	0	10.88779	10.97673	0	5.87587	0	5.94018	5.08007	8.78931	0	9.26973	0	0	0	9.0202	0	0	0	9.19736	0	0	0	0	
0	0	0	0	0	0	0	0	0	0	0	0	0	0	0	0	0	0	0	0	11.76439	0	0	0	0	0	0	0	0	0	8.64762	0	0	0	0	0	0	0	0	0	0	0	0	0	0	0	0	0	0	0	0	0	0	0	0	0	0	0	0	10.79284	0	0	0	0	7.10848	7.63859	7.50592	7.13886	0	0	0	0	0	0	0	2.30428	6.70559	1.85842	0	0	4.61497	0	0	0	3.21152	2.17041	7.62813	3.53913	10.64807	0	10.42877	6.46821	6.23662	8.18145	0	7.57046	0	0	0	0	
0	0	0	0	0	0	0	0	0	0	0	0	0	0	0	0	0	0	0	0	0	0	0	0	0	0	0	0	0	0	0	0	0	0	0	0	0	0	0	0	0	0	0	0	0	0	0	0	0.9072	0	0	0	0	0	0	0	0	0	0	0	0	0	0	0	0	0	0	0	0	4.46002	11.21716	11.08475	5.42381	0	8.3399	5.59305	0	9.53016	0	0	0	7.14908	7.09006	0	4.48284	0	0.9072	0	0	2.72796	0	1.32218	3.26949	0	3.21971	0	0	0	0	0	
0	0	0	0	0	0	0	0	0	0	0	0	0	0	0	9.48115	0	0	0	0	0	0	0	0	0	0	0	0	0	0	0	0	0	0	7.40148	0	0	0	0	0	0	0	0	0	0	0	0	0	0	0	0	0	0	0	0	0	0	0	0	0	0	0	0	0	0	0	0	4.64805	0	0	0	0	0	8.71528	0	0	0	0	0	0	0	2.53966	0	0	7.76388	0	6.41014	3.0293	7.57709	10.0383	10.20258	0	10.0608	0	0	0	0	0	0	0	
0	0	0	0	0	0	0	0	0	0	0	0	0	0	0	0	0	0	0	0	0	0	0	0	0	0	0	0	0	0	0	0	0	0	0	0	0	0	0	0	0	0	0	0	0	0	0	0	4.81437	3.57798	0	0	0	0	0	0	0	0	0	5.9707	0	0	0	0	0	7.33091	0	0	0	0	0	7.05249	0	0	0	0	0	11.08853	0	5.74368	10.80701	0	0	8.87981	0	0	0	0	0	0	0	0	0	0	0	0	0	0	0	0	
0	0	0	0	0	0	0	0	0	0	0	0	0	0	0	0	0	0	0	0	0	0	0	0	0	0	0	0	0	0	0	0	0	0	0	0	0	0	0	0	0	0	0	0	0	0	0	0	0	0	0	0	0	0	0	3.1296	0	0	12.76155	0	0	0	0	0	7.72469	0	0	0	0	0	0	1.20983	0	1.20983	0	0	6.55135	0	0	0	2.97522	4.66985	6.07241	9.02783	0	0	0	8.57165	9.99615	0	1.4598	7.70061	8.60771	0	0	0	0	0	0	0	
0	0	0	0	0	0	0	0	0	0	0	0	0	0	0	0	0	0	0	0	0	0	0	0	0	0	0	0	0	0	0	0	0	0	0	0	0	0	0	0	0	0	0	0	0	0	0	0	0	0	0	0	0	0	0	0	0	0	0	0	0	0	0	0	0	0	0	0	0	0	0	0	0	0	0	0	0	0	0	0	0	0	0	0	0	0	0	0	0	0	0	10.33216	0	0	0	0	0	0	0	0	
0	0	0	0	0	0	0	0	0	0	0	0	0	0	0	0	0	0	0	0	0	0	0	0	0	0	0	0	0	0	0	0	0	0	0	0	0	0	0	0	0	0	0	0	0	0	0	0	0	0	0	0	0	0	0	0	0	0	0	0	0	0	0	0	0	0	0	0	0	0	9.04291	0	0	0	0	0	2.17041	0	0	8.72719	0	0	0	11.13194	0	0	0	0	0	0	6.82545	10.90378	0	0	0	0	0	0	0	0	
0	0	0	0	0	0	0	0	0	0	0	0	0	0	0	0	0	0	0	0	0	0	0	0	0	0	0	0	0	0	0	0	0	0	0	0	0	0	0	0	0	0	0	0	0	0	0	0	0	0	0	0	0	0	0	0	0	0	0	3.28595	0	0	0	0	0	0	0	0	0	0	6.90222	0	0	0	0	0	0	0	0	0	0	0	0	0	0	0	3.82074	0	0	0	0	0	0	0	0	0	0	0	0	0	
0	0	0	0	0	0	0	0	0	0	0	0	0	0	0	0	0	0	0	0	0	0	0	0	0	0	0	0	0	0	0	0	0	0	0	0	0	0	0	0	0	0	0	0	0	0	0	0	0	0	0	0	0	0	0	0	0	0	0	0	0	0	0	0	0	0	0	0	0	9.53528	1.85842	0	0	0	0	0	0	0	8.91817	0	0	0	0	0	0	0	0	0	5.64445	3.46815	0	0	0	0	0	0	0	0	0	0	
0	0	0	0	0	0	0	0	0	0	0	0	0	0	0	0	0	0	0	0	0	0	0	0	0	0	0	0	0	0	0	0	0	0	0	0	0	0	0	0	0	0	0	0	0	0	0	0	0	0	0	0	0	0	0	0	0	0	0	0	0	0	0	0	0	0	0	0	0	0	0	0	0	0	0	0	0	0	0	0	0	0	0	0	0	0	0	0	0	0	0	0	0	0	0	0	0	0	0	0	
0	0	0	0	0	0	0	0	0	0	0	0	0	0	0	0	0	0	0	0	0	0	0	0	0	0	0	0	0	0	0	0	0	0	0	0	0	0	0	0	0	0	0	0	0	0	0	0	0	0	0	0	0	0	0	0	0	0	7.68228	0	0	0	0	0	0	0	0	0	0	0	0	0	0	0	0	5.18795	0	0	0	0	0	0	0	0	0	0	0	0	0	0	0	0	0	0	0	0	0	0	0	0	
0	0	0	0	0	0	0	0	0	0	0	0	0	0	0	0	0	0	0	0	0	0	0	0	0	0	0	0	0	0	0	0	5.48441	0	0	0	0	0	0	0	0	0	0	0	0	0	0	0	0	0	0.52376	0	0	0	0	0	0	0	0	0	0	0	1.20983	0	0	0	0	0	0	0	0	0	0	0	0	4.51628	0	0	0	0	0	0	0	0	0	0	0	0	0	0	0	0	0	0	0	0	0	0	0	0	
0	0	0	0	0	0	0	0	0	0	0	0	0	0	0	0	0	0	0	0	0	0	0	0	0	0	0	0	0	0	0	0	0	0	0	0	0	0	0	0	0	0	0	0	0	0	0	0	0	0	0	0	0	0	0	0	0	0	0	0	0	0	0	0	0	0	0	0	0	0	0	0	0	0	0	0	0	0	0	0	0	0	0	0	0	0	0	0	0	0	0	0	0	0	0	0	0	0	0	0	
0	0	0	0	0	0	0	0	0	0	0	0	0	0	0	0	0	0	0	0	0	0	0	0	0	0	0	0	0	0	0	0	0	0	0	0	0	0	0	0	0	0	0	0	0	0	0	0	0	0	0	0	0	0	0	0	0	0	0	0	0	0	0	0	0	0	0	0	0	0	0	0	0	0	0	0	0	0	0	0	0	0	0	0	0	0	0	0	0	0	0	0	0	0	0	0	0	0	0	0	
0	0	0	0	0	0	0	0	0	0	0	0	0	0	0	0	0	0	0	0	0	0	0	0	0	0	0	0	0	0	0	0	0	0	0	0	0	0	0	0	0	0	0	0	0	0	0	0	0	0	0	0	0	0	0	0	0	0	0	0	0	0	0	0	0	0	0	0	0	0	0	0	0	0	0	0	0	0	0	0	0	0	0	0	0	0	0	0	0	0	0	0	0	0	0	0	0	0	0	0	
0	0	0	0	0	0	0	0	0	0	0	0	0	0	0	0	0	0	0	0	0	0	0	0	0	0	0	0	0	0	0	0	0	0	0	0	0	0	0	0	0	0	0	0	0	0	0	0	0	0	0	0	0	0	0	0	0	0	0	0	0	0	0	0	0	0	0	0	0	0	0	0	0	0	0	0	0	0	0	0	0	0	0	0	0	0	0	0	0	0	0	0	0	0	0	0	0	0	0	0	
0	0	0	0	0	0	0	0	0	0	0	0	0	0	0	0	0	0	0	0	0	0	0	0	0	0	0	0	0	0	0	0	0	0	0	0	0	0	0	0	0	0	0	0	0	0	0	0	0	0	0	0	0	0	0	0	0	0	0	0	0	0	0	0	0	0	0	0	0	0	0	0	0	0	0	0	0	0	0	0	0	1.4598	0	0	0	0	0	0	0	0	0	0	0	0	0	0	0	0	0	0	
0	0	0	0	0	0	0	0	0	0	0	0	0	0	0	0	0	0	0	0	0	0	0	0	0	0	0	0	0	0	0	0	0	0	0	0	0	0	0	0	0	0	0	0	0	0	0	12.29207	0	0	0	0	0	0	0	0	0	0	0	0	0	0	0	0	0	0	0	0	0	0	0	0	0	0	11.37906	0	0	0	0	0	0	0	0	0	0	0	0	0	0	0	0	0	0	0	0	0	0	0	0	0	
