0	0	0	0	0	0	0	0	0	0	0	0	0	0	0	0	0	0	0	0	0	0	0	0	0	0	0	0	0	0	0	0	0	0	0	0	0	0	0	0	0	0	0	0	0	0	0	0	0	0	0	12.86342	0	0	0	0	0	0	0	0	0	0	0	0	0	0	0	0	0	0	0	0	0	0	0	0	0	0	0	0	0	0	0	0	0	0	0	0	0	0	0	0	0	0	0	0	0	0	0	0	
0	0	0	0	0	0	0	0	0	0	0	0	0	0	0	0	0	0	0	0	0	0	0	0	0	0	0	0	0	0	0	0	0	0	0	0	0	0	0	0	0	0	0	0	0	0	0	13.27617	0	0	0	0	0	0	0	0	0	0	0	0	0	0	0	10.06869	0	0	0	0	0	0	0	0	0	0	0	0	0	0	0	0	0	0	0	0	0	0	0	0	0	0	0	0	0	0	0	0	0	0	0	0	
0	0	0	0	0	0	0	0	0	0	0	0	0	0	0	0	0	0	0	0	0	0	0	0	0	0	0	0	0	0	0	0	0	0	0	0	0	0	0	0	0	0	0	0	0	0	0	0	0	0	0	0	0	0	8.92661	0	0	0	0	0	0	0	0	0	0	0	0	0	0	0	0	0	0	0	0	0	0	0	0	0	0	0	0	0	0	0	0	0	0	0	0	0	0	0	0	0	0	0	0	0	
0	0	0	0	0	0	0	0	0	0	0	0	0	0	0	0	0	0	0	0	0	0	0	0	0	0	0	0	0	0	0	0	0	0	0	0	0	0	0	0	0	0	0	0	0	0	14.98943	10.89933	0	0	0	0	0	0	0	0	0	0	0	0	0	0	0	0	0	0	0	0	0	0	0	0	0	0	0	0	0	0	0	0	0	0	0	0	0	0	0	0	0	0	0	0	0	0	0	0	0	0	0	0	
0	0	0	0	0	0	0	0	0	0	0	0	0	0	0	0	0	0	0	0	0	0	0	0	0	0	0	0	0	0	0	0	0	0	0	0	0	7.69804	0	0	0	0	0	10.9512	0	0	0	0	0	0	0	0	0	0	0	0	0	0	0	0	0	0	0	0	0	0	0	0	0	0	0	0	0	0	0	0	0	0	0	0	0	0	0	0	0	0	0	0	0	0	0	0	0	0	0	0	0	0	0	0	
0	0	0	0	0	0	0	0	0	0	0	0	0	0	0	0	0	0	0	0	0	0	0	0	0	0	0	0	0	0	0	0	0	0	0	0	0	0	0	0	0	0	0	0	0	0	0	0	0	0	0	0	0	0	0	0	0	0	0	0	0	0	0	0	0	0	0	0	0	0	0	0	9.16072	0	0	0	0	0	0	0	0	0	0	0	0	0	0	0	0	0	0	0	0	0	0	0	0	0	0	0	
0	0	0	0	0	0	0	0	0	0	0	0	0	0	0	0	0	0	0	0	0	0	0	0	0	0	0	0	0	0	0	0	0	0	0	0	0	0	0	0	0	0	0	0	0	0	0	0	0	0	0	0	0	0	0	0	0	0	0	0	0	0	0	0	0	0	0	0	0	0	0	0	0	0	11.30936	0	0	0	0	0	0	0	0	0	0	0	0	0	0	0	0	0	0	0	0	0	0	0	0	0	
0	0	0	0	0	0	0	0	0	0	0	0	0	0	0	0	0	0	0	0	0	0	0	0	0	0	0	0	0	0	0	0	0	0	0	0	0	0	0	0	0	0	0	0	0	0	0	0	0	0	0	8.5533	0	0	0	12.49931	0	0	9.33234	0	0	0	0	0	0	0	0	0	0	0	0	0	0	0	0	0	0	0	0	0	0	0	0	0	0	0	0	0	0	0	0	0	0	0	0	0	0	0	0	0	
0	0	0	0	0	0	0	0	0	0	0	0	0	0	0	0	0	0	0	0	0	0	0	0	0	0	0	0	0	0	0	0	0	0	0	0	0	0	0	0	0	0	0	0	0	0	0	0	0	0	0	0	0	0	0	0	0	0	0	0	0	0	0	0	0	0	0	6.48209	0	0	0	0	0	0	0	0	0	0	0	0	0	0	0	0	0	0	0	0	0	0	0	0	0	0	0	0	0	0	0	0	
0	0	0	0	0	0	0	0	0	0	0	0	0	0	0	0	0	0	0	0	0	0	0	0	0	0	0	0	0	0	0	0	0	0	0	0	0	0	0	0	0	0	0	0	0	0	0	0	0	0	0	0	0	0	0	8.26726	0	0	0	0	0	0	0	0	0	0	0	0	0	0	0	0	0	0	0	0	0	0	0	0	0	0	0	0	0	0	0	0	0	0	0	0	0	0	0	0	0	0	0	0	
0	0	0	0	0	0	0	0	0	0	0	0	0	0	0	0	0	0	0	0	0	0	0	0	0	0	0	0	0	0	0	0	0	0	0	0	0	0	0	0	0	0	0	0	0	0	0	0	0	0	0	0	0	0	0	0	0	0	0	0	0	0	0	0	0	0	0	12.04711	0	0	0	0	0	0	0	0	0	0	0	0	0	0	0	0	0	0	0	0	0	0	0	0	0	0	0	0	0	0	0	0	
0	0	0	0	0	0	0	0	0	0	0	0	0	0	0	0	0	0	0	0	0	0	0	0	0	0	0	0	0	0	0	0	0	0	0	0	0	0	0	0	0	0	0	0	0	0	0	0	0	0	0	0	5.59529	0	0	0	3.16334	0	0	0	0	0	0	0	0	0	0	0	0	0	0	3.78617	0	0	0	0	0	0	0	0	0	0	0	0	0	0	0	0	0	0	0	0	0	0	0	0	0	0	0	0	
0	0	0	0	0	0	0	0	0	0	0	0	0	0	0	0	0	0	0	0	0	0	0	0	0	0	0	0	0	0	0	0	0	0	0	0	0	0	0	0	0	0	0	0	0	0	0	0	9.41984	0	0	0	11.84492	0	0	0	0	0	0	0	0	0	0	0	0	0	0	4.03167	0	0	0	0	0	0	0	0	0	0	0	0	0	0	0	0	0	0	0	0	0	0	0	0	0	0	0	0	0	0	0	0	
0	0	0	0	0	0	0	0	0	0	0	0	0	0	0	0	0	0	0	0	0	0	0	0	0	0	0	0	0	0	13.22928	0	0	0	0	0	0	0	0	4.33585	0	0	0	0	0	0	0	9.56094	0	0	0	0	0	0	0	0	0	5.43384	2.61315	0	10.93505	0	0	7.592	0	0	0	0	0	0	0	0	0	0	0	0	0	0	0	0	0	0	0	0	0	0	0	0	0	0	0	0	0	0	0	0	0	0	0	0	
0	0	0	0	0	0	0	0	0	0	0	0	0	0	0	0	0	0	0	0	0	0	0	0	0	0	0	0	0	0	0	0	0	0	0	0	0	0	0	0	0	0	0	0	0	0	0	0	0	0	0	0	0	0	4.84863	0	0	0	0	0	0	0	0	0	0	0	0	0	0	0	0	0	0	0	0.71352	0	0	0	0	0	0	0	0	0	0	0	0	0	0	0	0	0	0	0	0	0	0	0	0	0	
0	0	0	0	0	0	0	0	0	0	0	0	0	0	0	0	0	0	0	0	0	0	0	0	0	0	0	0	0	0	0	0	0	0	0	0	0	0	0	0	0	0	12.71152	0	0	0	0	0	0	0	0	0	9.54249	0	0	0	0	0	0	9.93929	0	0	0	0	0	0	0	0	0	0	0	8.20294	0	0	0	0	0	0	0	0	0	0	0	0	0	0	0	0	0	0	0	0	0	0	0	0	0	0	0	0	
0	0	0	0	0	0	0	0	0	0	0	0	0	0	0	0	0	0	0	0	0	0	0	0	0	0	0	0	0	0	0	0	0	0	0	0	0	0	0	0	0	0	0	8.01063	0	0	0	10.37806	0	0	0	9.53	0	0	0	0	0	0	5.02003	0	0	0	0	0	0	0	0	0	0	0	0	0	0	0	0	0	0	0	0	0	0	0	0	0	0	0	0	0	0	0	0	0	0	0	0	0	0	0	0	0	
0	0	0	0	0	0	0	0	0	0	0	0	0	0	0	0	0	0	0	0	0	0	0	0	0	0	0	0	0	0	0	0	0	0	0	0	0	0	0	0	0	0	9.05883	0	0	0	0	0	0	0	0	0	0	0	0	8.00875	0	0	0	0	0	0	0	0	0	0	0.71352	0	1.83155	0	0	0	0	0	0	0	0	0	0	0	0	0	0	0	0	0	0	0	0	0	0	0	0	0	0	0	0	0	0	0	
0	0	0	0	0	0	0	0	0	0	0	0	0	0	0	0	0	0	0	0	0	0	0	0	0	0	0	0	0	0	0	0	0	0	0	0	0	0	0	0	12.48972	0	0	0	0	0	0	0	0	0	0	0	0	0	0	0	0	0	0	0	0	0	0	0	0	0	0	0	0	0	0	0	0	0	0	0	0	0	0	0	0	0	0	0	0	0	0	0	0	0	0	0	0	0	0	0	0	0	0	0	
0	0	0	0	0	0	0	0	0	0	0	0	0	0	0	0	0	0	0	0	0	0	0	0	0	0	0	0	0	0	0	0	0	0	0	0	0	0	0	0	0	0	0	0	0	0	0	9.06401	0	0	9.89115	0	0	0	0	0	0	0	0	0	0	0	0	0	0	0	0	0	0	0	0	0	0	0	0	0	8.02302	0	0	0	0	0	0	0	0	0	0	0	0	0	0	0	0	0	0	0	0	0	0	0	
0	0	0	0	0	0	0	0	0	0	0	0	0	0	0	0	0	0	0	0	0	0	0	0	0	0	0	0	0	0	0	0	0	0	0	0	0	0	0	0	0	0	0	0	0	0	0	7.88926	0	0	9.93364	10.43754	0	0	0	0	8.8828	0	11.87078	0	10.38467	0	0	0	0	10.07982	0	0	0	0	0	0	0	0	0	0	0	0	0	0	0	0	0	0	0	0	0	0	0	0	0	0	0	0	0	0	0	0	0	0	
0	0	0	0	0	0	0	0	0	0	0	0	0	0	0	0	0	0	0	0	0	0	0	0	0	0	0	0	0	0	0	0	0	0	0	0	0	0	0	0	0	10.09678	0	0	0	0	0	0	0	0	0	0	0	0	0	0	0	0	0	0	0	0	0	0	0	0	0	0	1.18878	0	0	0	0	0	0	0	0	0	0	0	0	0	0	0	0	0	0	0	0	0	0	0	0	0	0	0	0	0	0	0	
0	0	0	0	0	0	0	0	0	0	0	0	0	0	0	0	0	0	0	0	0	0	0	0	0	0	0	0	0	0	0	2.61315	1.54567	0	0	0	0	0	0	0	0	0	0	0	0	0	0	10.47174	0	0	0	0	0	0	0	0	0	0	0	0	0	0	0	2.45381	0	0	0	1.18878	0	0	0	0	0	0	0	0	0	0	0	0	0	0	0	0	0	0	0	0	0	0	0	0	0	0	0	0	0	0	0	0	
0	0	0	0	0	0	0	0	0	0	0	0	0	0	0	0	0	0	0	0	0	0	0	0	0	0	0	0	0	0	0	6.24519	0	0	1.54567	0	0	0	0	0	0	0	0	0	0	0	0	0	0	0	0	0	0	0	0	0	0	0	0	0	0	0	0	0	0	0	0	0	0	0	0	0	0	0	0	0	0	0	0	0	0	0	0	0	0	0	0	0	0	0	0	0	0	0	0	0	0	0	0	0	
0	0	0	0	0	0	0	0	0	0	0	0	0	0	0	0	0	0	0	0	0	0	0	0	0	0	0	0	0	0	0	0	0	0	0	0	0	0	0	0	0	0	0	10.57398	0	0	0	0	0	15.20378	0	0	0	0	10.3666	0	0	0	0	0	0	0	0	0	0	0	0	0	0	0	0	0	0	0	0	0	0	0	0	5.71027	0	0	0	0	0	0	0	0	0	0	0	0	0	0	0	0	0	0	0	0	
0	0	0	0	0	0	0	0	0	0	0	0	0	0	0	0	0	0	0	0	0	0	0	0	0	0	0	0	0	0	0	0	8.90943	0	0	0	0	0	0	0	0	0	0	0	0	0	0	4.38085	0	0	7.98255	8.7728	0	0	0	0	0	0	7.25994	0	0	0	0	0	0	0	0	0	0	0	0.71352	0	0	0	0	0	0	0	0	0	0	0	0	0	0	6.32315	0	0	0	0	0	0	0	0	0	0	0	0	0	0	
0	0	0	0	0	0	0	0	0	0	0	0	0	0	0	0	0	0	0	0	0	0	0	0	0	0	0	0	0	0	0	0	0	0	0	0	0	0	0	11.33137	0	0	0	0	16.19793	0	10.71244	0	0	0	0	0	0	0	0	0	0	0	0	0	0	0	0	0	0	0	0	0	0	2.07005	0	0	0	0	0	0	0	0	0	0	0	0	0	0	0	0	0	0	0	0	0	0	0	0	0	0	0	0	0	0	
0	0	0	0	0	0	0	0	0	0	0	0	0	0	0	0	0	0	0	0	0	0	0	0	0	0	0	0	0	0	0	0	0	0	0	9.20987	0	0	0	0	0	0	0	0	0	0	0	8.42329	0	0	0	0	0	7.95861	0	0	0	0	0	0	8.31442	0	0	0	0	0	0	0	0	0	0	0	0	0	0	0	0	0	0	0	0	0	0	0	0	0	0	0	0	0	0	0	0	0	0	0	0	0	0	0	
0	0	0	0	0	0	0	0	0	0	0	0	0	0	0	0	0	0	0	0	0	0	0	0	0	0	0	0	0	0	0	0	0	0	0	0	0	0	0	0	0	15.4662	0	0	0	0	0	0	0	0	0	0	0.71352	0	0	0	0	0	0	0	0	0	0	0	0	0	0	9.6726	0	0	0	5.04395	0	0	0	0	0	0	0	0	0	0	0	0	0	0	0	0	0	0	0	0	0	0	0	0	0	0	0	0	
0	0	0	0	0	0	0	0	0	0	0	0	0	0	0	0	0	0	0	0	0	0	0	0	0	0	0	0	0	0	0	0	0	0	0	0	0	0	0	0	6.6646	0	0	0	9.57432	0	0	5.48996	0	0	5.15173	10.84682	0	0	0	10.76855	0	0	11.3006	0	11.87816	0	0	0	0	0	0	0	3.78617	0	0	0	0	0	0	0	0	0	0	0	0	0	0	0	0	0	0	0	0	0	0	0	0	0	0	4.46684	0	0	0	0	
0	0	0	0	0	0	0	0	0	0	0	0	0	0	0	0	0	0	0	0	0	0	0	0	0	0	0	0	0	0	0	0	0	0	0	0	0	0	0	0	0	0	0	0	12.38023	0	0	0	0	1.83155	0	0	4.80071	0	0	0	0	7.24785	0	0	0	8.42329	0	0	0	0	0	0	0	0	0	0	0	0	0	0	0	0	0	0	0	0	0	0	0	0	0	0	0	0	0	0	0	0	0	0	0	0	0	0	
0	0	0	0	0	0	0	0	0	0	0	0	0	0	0	0	0	0	0	0	0	0	0	0	0	0	0	0	0	0	0	0	0	0	0	0	0	0	0	0	0	0	0	12.18274	0	0	12.30306	0	0	0	10.38605	0	0	0	0	0	0	0	0	5.91889	0	0	0	0	6.17027	0	0	1.18878	0	0	0	0	8.86855	0	0	0	5.20275	0	0	0	0	0	0	0	0	0	0	0	0	0	0	0	0	0	0	0	0	0	0	0	
0	0	0	0	0	0	0	0	0	0	0	0	0	0	0	0	0	0	0	0	0	0	0	0	0	0	0	0	0	0	0	0	0	0	0	0	0	0	0	0	0	0	0	0	0.71352	2.88714	0	11.14707	0	0	0	10.51636	0.71352	0	0	9.22845	0	0	0	0	0	0	0	0	0	0	2.07005	13.78198	0	0	0	0	0	11.81909	0	0	0	0	0	0	0	0	0	0	0	0	0	0	0	0	0	0	0	0	0	0	0	0	0	0	
0	0	0	0	0	0	0	0	0	0	0	0	0	0	0	0	0	0	0	0	0	0	0	0	0	0	0	0	0	0	0	0	0	0	0	0	0	12.38782	0	0	0	0	0	0	0	0	0	0	0	0	0	5.50022	0	0	12.46544	0	7.54335	0	0	8.7276	0	2.07005	0	0	0	0	0	0	0	0	0	0	0	0	8.3222	5.57607	0	0	0	0	0	0	0	0	0	0	0	0	0	0	0	0	0	0	0	0	0	0	0	0	
0	0	0	0	0	0	0	0	0	0	0	0	0	0	0	0	0	0	0	0	0	0	0	0	0	0	0	0	0	0	0	0	0	0	0	0	0	0	0	0	0	0	13.7558	0	0	11.45357	0	12.69032	0	0	8.84866	0	11.68002	0	9.48311	0	0	0	0	0	0	0	0	9.05883	0	0	0	2.27465	0	0	9.99914	0	0	0	0	0	0	0	1.83155	0	0	0	0	0	0	0	0	0	0	0	0	0	0	0	0	0	0	0	0	0	
0	0	0	0	0	0	0	0	0	0	0	0	0	0	0	0	0	0	0	0	0	0	0	0	0	0	0	0	0	0	0	0	0	0	0	0	0	0	0	0	0	0	0	0	0	0	0	9.3409	11.31117	0	0	10.91198	0	0	0	0	0	0	0	0	0	0	0	0	2.27465	0	0	0	0	0	0	0	0	0	0	0	0	0	0	0	0	0	0	0	0	0	0	0	0	0	4.83346	0	0	0	0	0	0	0	0	0	
0	0	0	0	0	0	0	0	0	0	0	0	0	0	0	0	0	0	0	0	0	0	0	0	0	0	0	0	0	0	0	0	0	0	0	0	0	0	0	0	0	0	0	0	0	0	0	10.4127	0	0	0	0	9.97275	7.30733	0	0	0	0	11.87611	5.91889	0	0	0	0	0	0	0	0	0	0	0	0	0	0	0	0	0	0	0	0	0	0	0	0	0	0	0	0	0	0	0	0	0	0	0	0	0	0	8.59543	0	
0	0	0	0	0	0	0	0	0	0	0	0	0	0	0	0	0	0	0	0	0	0	0	0	0	0	0	0	0	0	0	0	0	0	0	0	0	0	0	0	0	0	8.1191	0	0	0	0	0	0	8.70531	0	7.79266	0	11.16487	0	0	0	0	0	0	0	0	0	0	12.48167	0	0	0	0	0	0	0	0	0	0	0	14.23673	0	0	0	0	0	0	0	0	0	0	0	0	0	0	0	0	0	0	0	0	0	0	0	
0	0	0	0	0	0	0	0	0	0	0	0	12.69631	0	0	0	0	0	0	0	0	0	0	0	0	0	0	0	0	0	9.55605	0	0	0	0	0	0	0	0	0	0	0	10.6349	0	0	0	0	8.74921	0	0	12.34624	0	0	7.01791	5.07166	0	9.94495	0	0	0	0	0	0	10.32691	8.71227	10.66548	0	0	0	0	0	0	0	0	0	0	0	0	0	0	0	0	0	0	0	0	0	0	0	0	0	0	0	0	0	0	0	0	0	0	
0	0	0	0	0	0	0	0	0	0	0	0	0	0	0	0	0	0	0	0	0	0	0	0	0	0	0	0	0	0	0	0	0	0	0	0	0	0	0	0	0	0	0	0	0	10.81573	10.97019	0	2.88714	12.00304	0.71352	7.95936	11.71711	0	9.02379	11.0576	0	0	0	0	10.82714	0	0	0	0	0	0	0	0	7.61975	0	0	0	0	0	0	4.51439	0	0	0	0	0	0	0	0	0	0	0	0	0	0	0	0	0	0	0	0	0	0	0	
0	0	0	0	0	0	0	0	0	0	0	0	0	0	0	11.41353	0	0	0	0	0	0	0	0	0	0	0	0	0	0	0	0	0	0	0	7.46192	13.65586	0	0	0	0	0	0	1.54567	0	9.75716	7.38734	8.04415	5.96394	9.14939	0	0	4.46684	0	10.68411	0	0	0	0	6.97453	0	8.58585	0	6.67367	0	11.05593	0	0	11.82037	0	7.48786	0	0	0	0	11.47351	0	1.54567	0	4.89152	0	0	0	0	0	0	0	0	0	0	5.47593	0	0	0	0	0	0	0	0	0	
0	0	0	0	0	0	0	0	0	0	0	0	0	0	0	0	0	0	0	0	0	0	0	0	0	0	11.23472	0	0	0	0	6.31641	0	0	7.04612	0	0	0	0	0	11.13271	0	0	0	0	0	0	0	9.13933	8.35727	4.98688	10.83726	8.84666	0	9.15101	0	14.58396	0	7.11366	0	1.43739	10.14567	0	0	0	10.05401	0	0	0	0	0	0	0	9.08456	0	0	0	0	0	0	0	0	0	0	0	0	0	0	0	0	0	0	0	0	0	0	1.83155	0	0	0	
0	0	0	0	0	0	0	0	0	0	0	0	0	0	0	0	0	0	0	8.50177	0	0	0	0	0	0	0	0	0	0	0	0	0	0	0	0	0	0	0	0	0	0	0	13.63035	0	0	13.7962	12.91118	10.74937	0	9.47924	8.14461	11.56987	0	0	0	13.84594	0	0	8.77753	6.30573	0	0	11.94547	0	2.07005	0	5.47593	0	0	0	0	0	0	0	0	0	0	0	0	0	0	0	0	0	0	0	0	0	0	8.36266	0	0	0	0	0	0	0	0	0	
0	0	0	0	0	0	0	0	0	0	0	0	9.68499	0	0	0	0	0	0	8.48899	0	0	0	0	0	0	0	0	0	0	0	0	0	6.22026	0	0	0	0	0	0	0	10.30883	13.72484	0	10.10932	0	0	3.77827	9.95146	0	3.00678	9.28546	7.42955	3.79218	9.84664	6.92222	5.25883	5.1412	7.91148	0	0	0	0	0	3.64574	0	0	0	0	0	0	0	0	0	0	0	0	0	7.97613	0	0	0	0	0	0	0	0	0	0	0	0	0	0	0	0	0	0	0	0	0	
0	0	0	0	0	0	0	0	0	0	0	0	0	0	0	0	0	0	0	0	0	0	0	15.65972	0	0	0	0	0	0	0	0	0	0	0	0	0	0	11.63546	0	0	0	8.36386	8.90559	6.71818	0	9.44951	6.05438	0	9.19792	10.76325	8.08899	0	0	0	0	0	3.86435	16.06997	8.70786	9.45971	0	0	0	8.05807	0	0	0	0	0	0	0	0	0	0	0	0	0	0	0	0	0	0	0	0	0	0	0	0	0	0	0	0	0	0	0	0	0	0	0	
0	0	9.3309	0	0	0	0	0	0	0	0	0	0	0	0	0	0	0	0	0	0	0	0	0	0	0	0	0	0	0	0	0	0	0	0	0	0	0	0	0	10.54145	0	0	0	0	9.2468	0	9.45192	9.6313	11.04445	0	6.97453	9.394	8.04976	0	13.50261	0	0	5.15173	0	11.00111	0	9.53131	10.56365	0	0	0	0	0	0	0	7.8451	0	0	0	0	2.07005	0	0	0	0	0	0	0	0	0	0	0	0	0	0	0	0	0	0	0	0	0	0	0	
0	0	0	0	0	0	0	0	0	0	0	10.93432	0	0	0	0	0	0	0	0	0	0	0	0	0	0	0	0	0	0	0	0	5.65146	0	0	0	0	9.56093	13.61923	12.50615	5.70552	7.08063	0	0	11.42702	9.2445	10.54585	10.81569	10.6187	0	10.93715	0	0.35676	5.04437	0	11.37947	6.71907	10.29381	0	0	0	0	0	0	0	0	0	8.81422	0	0	0	0	6.40622	0	0	3.9741	0	0	9.22845	0	0	0	0	0	0	0	0	0	0	0	0	0	0	0	0	7.57893	0	0	0	0	
0	0	0	0	0	0	0	0	0	0	0	0	0	0	0	0	0	0	0	0	0	0	0	0	0	0	0	0	0	0	0	0	0	0	6.68268	9.03475	0	0	0	3.57004	0	12.31832	0	11.1997	13.8383	9.72437	6.9378	8.22375	2.75712	10.52221	11.96279	10.3666	0.71352	9.51265	0	0	7.83055	0	0	8.62401	8.06843	0	6.40622	0	0	0	0	0	0	0	0	0	0	0	0	0	0	0	3.00678	0	0	0	0	0	0	0	0	9.75075	0	0	0	0	0	0	0	0	0	0	0	0	
0	0	0	0	0	0	0	0	11.14667	0	10.81745	0	0	0	0	0	0	0	0	0	0	0	0	0	0	0	8.42059	0	0	0	0	0	0	0	0	7.88926	0	12.07647	10.41676	0	8.39791	8.42059	0	6.59946	0	12.25711	6.24955	7.39975	8.52047	8.29237	0	7.59702	1.18878	0	0	0	6.72118	6.02191	0	0	0	0	4.95747	0	0	0	11.18919	0	0	0	0	0	0	0	0	0	0	0	0	0	0	0	0	0	0	0	0	0	0	0	0	0	0	1.54567	0	0	0	0	0	0	
0	0	0	0	0	0	0	0	0	0	0	12.33824	0	0	11.2699	0	0	0	0	0	0	0	0	0	0	0	0	0	0	0	0	10.53781	0	0	7.22335	0	12.40614	0	0	9.85035	13.3646	0	9.04495	9.31826	10.46605	7.23532	10.69101	8.35531	2.75842	9.5459	7.43217	9.90208	11.45168	10.05378	0	9.16716	9.81455	0	0	9.70724	11.63691	4.43032	0	9.52255	0	0	0	0	0	0	0	0	0	1.18878	0	7.55355	0	0	0	0	0	0	0	6.98185	0	0	0	0	0	0	0	0	0	0	0	0	0	0	0	0	
0	0	0	0	0	0	0	0	0	0	0	0	13.9201	0	0	0	0	0	0	0	0	0	0	0	0	0	0	0	0	8.88426	0	0	8.36569	0	5.55659	0	12.78843	0	13.65192	9.90216	10.12573	13.36888	10.41916	7.14601	8.37526	5.35687	10.41418	10.0787	4.54799	8.88501	8.84369	11.98494	10.29273	9.36461	7.21272	9.44467	10.91843	0	0	9.11651	5.84051	0	0	0	0	0	0	0	0	0	0	0	0	8.94919	0	0	0	0	0	0	9.58157	0	0	0	0	0	0	0	0	0	0	0	0	0	0	0	0	0	0	0	
0	0	0	0	0	0	0	11.99809	0	0	0	9.51248	0	0	0	0	0	0	0	0	0	0	0	0	0	0	0	8.23086	0	0	3.00678	0	11.77474	0	0	0	5.36832	11.22588	8.42406	11.09159	10.49905	4.80028	0	10.95289	10.21427	8.70863	9.60655	9.15762	10.6206	9.28543	5.1381	9.77868	10.68744	9.67599	8.41895	6.21476	11.94757	5.39534	5.99341	8.63312	5.72379	11.93254	7.89314	0	10.02684	0	0	0	0	0	0	0	0	12.14207	0	0	0	0	0	0	0	0	0	0	0	0	0	0	0	0	0	0	0	0	0	0	0	0	0	0	
7.72009	0	0	0	0	0	0	0	7.22865	0	0	0	9.25287	0	0	0	0	0	0	0	0	0	0	0	13.01685	0	0	8.06843	0	0	0	0	9.32372	0	11.43374	7.81742	0	5.07166	10.38409	6.57079	9.59237	9.42751	5.55572	9.86565	11.46769	10.20601	7.8906	10.22926	5.85887	4.69212	9.00062	5.76646	6.59209	4.29661	11.52539	9.14747	11.20178	5.58806	0	9.99367	0	2.75664	0	6.91154	0	9.98646	0	0	0	0	2.88714	0	0	0	0	0	0	0	0	0	0	0	3.40844	0	0	10.80637	0	0	0	0	0	0	0	0	0	0	0	0	0	0	
0	0	0	10.68074	0	0	0	0	0	0	0	0	0	0	0	0	0	0	7.28383	0	0	10.83069	0	7.82964	10.7194	7.36446	0	0	11.0433	8.44728	11.10259	0	8.65618	0	0	0	0	10.79012	10.17177	9.27711	8.09189	5.8221	8.68481	9.05311	10.14557	9.75937	8.24077	8.49753	9.48749	8.15355	9.83618	8.77835	10.45082	8.59575	6.65749	10.33997	0	3.61476	5.64847	8.08857	1.18878	4.73291	9.61726	0	0	0	0	0	0	7.05309	0	0	6.40622	0	0	9.53753	12.29683	3.54969	0	0.71352	0	0	0	0	0	0	0	0	0	0	0	0	0	0	0	0	0	0	0	0	
8.32597	0	0	0	11.75751	6.81424	0	0	0	0	0	0	0	0	0	0	0	10.82256	0	0	0	0	0	0	9.95705	0	8.59539	8.73161	0	14.31603	10.54256	0	0	0	11.19982	9.38575	5.20064	9.42498	11.81782	8.56097	6.63767	9.05057	9.48833	8.31793	8.74643	8.66917	9.33213	8.26096	7.09543	10.04972	6.19553	9.80077	9.52506	7.01932	9.77606	11.06876	9.10964	5.46417	5.14587	8.64483	13.23417	0	6.87739	11.06673	10.82561	10.1077	9.40928	0	0	0	0	0	0	0	6.795	0	0	0	0	0	0	0	0	0	0	0	0	0	0	0	0	0	0	0	0	0.71352	0	0	0	0	
0	0	0	0	0	0	0	0	5.55659	0	9.08286	0	0	0	0	0	12.68261	12.17058	10.8251	5.32292	11.73927	9.70999	0	0	0	13.17781	0	10.74669	5.5271	10.92296	0	9.5499	11.88207	7.24563	8.49468	10.12955	7.28877	8.90095	9.53015	8.29943	9.64177	7.46455	4.93427	8.10321	9.4461	7.82867	7.82577	8.20528	8.22102	7.84705	6.86857	10.89808	7.7076	8.03288	5.64536	6.47928	6.06721	8.55674	0	8.98059	6.61283	8.59065	8.1811	0	7.52447	11.25147	9.38988	0	0	0	0	8.15193	0	0	8.63544	0	0	0	10.48017	0	0	0	0	0	0	8.9285	0	0	0	0	0	0	0	0	0	2.27465	0	0	0	0	
0	10.97478	0	0	3.85157	8.33743	0	0	0	0	0	0	0	0	5.51683	10.65005	0	10.65807	10.2738	0	10.86128	0	5.68773	0	0	0	0	0	9.43873	10.51022	6.78694	0	9.90601	5.88892	10.2675	8.17164	9.56849	10.10678	9.17066	8.57003	8.95789	7.08035	7.97323	7.94999	8.11937	7.39976	8.13727	9.37782	8.11838	7.845	7.30138	8.50611	8.27649	6.58835	9.32816	8.35084	4.42448	6.90105	8.50466	6.56884	0	7.7069	0	11.22896	9.97401	2.45381	5.35064	3.21991	0	0	0	0	0	0	0	1.18878	0	0	0	0	8.25486	0	0	0	0	0	0	0	0	0	0	0	0	0	0	0	0	0	0	0	
0	9.95798	9.71934	0	8.51508	0	0	0	0	0	9.69949	0	0	0	9.33948	6.41706	0	9.06746	0	0	6.80329	7.55811	8.36033	12.56309	8.60731	10.44484	0	5.73098	6.91458	6.84857	12.56629	10.3701	10.96931	10.37174	10.50556	5.58645	7.9324	8.35663	8.78501	7.72687	6.23338	7.18452	7.75376	7.45259	7.07163	7.11171	8.19075	8.03543	8.65064	8.60375	7.66119	9.47019	8.11085	7.39441	7.75169	8.70482	8.95731	6.60369	8.13836	8.93982	0	8.22969	9.49387	10.86758	3.73096	0	3.71766	0	0	0	0	6.86793	0	0.71352	9.57674	0	9.6692	0	2.07005	0	0	0	0	4.40197	0	3.39333	0	0	0	0	0	0	0	0	0	0	0	0	0	0	
0	0	0	0	0	0	0	0	8.35163	0	9.20987	11.18602	0	0	0	0	0	0	10.06869	0	2.61315	0	0	0	0	7.93524	11.26839	0	3.64574	10.65807	7.25218	7.05309	8.19351	10.21959	10.35875	8.77378	7.97369	8.69096	8.23489	8.93815	5.38571	7.54774	8.46842	7.62262	7.17894	8.07926	6.84243	7.9559	8.23029	8.79676	7.97607	8.36177	6.40979	7.63178	8.19004	9.65391	8.49921	9.04386	11.30608	6.66838	8.61849	5.65619	6.92981	9.14233	0	8.90637	0	9.84555	0	0	0	0	0	0	0	0	0	0	0	0	0	5.80793	0	0	0	0	0	8.08237	4.50798	12.12708	0	0	0	0	0	0	0	0	0	0	
0	0	0	0	0	0	0	0	10.1077	11.53837	4.73048	3.64574	0	11.8011	0	0	0	1.18878	9.4279	6.4949	0	0	6.41706	9.61728	9.01311	9.28429	6.05005	9.52436	7.53189	10.40901	0	6.42618	6.33309	5.06403	5.13511	9.11178	8.67068	5.94506	10.204	6.33297	8.27111	8.91078	7.9635	8.18343	6.93775	7.86651	8.83652	7.41067	7.39915	9.59011	8.00679	7.14134	7.59534	6.32689	7.97224	8.64398	5.55994	4.80333	9.95983	7.67002	7.1625	8.82841	10.72738	13.05293	6.88924	11.00791	10.76961	0	0	0	0	0	0	7.10765	11.62673	0	0	0	13.60143	0	0	0	0	0	0	0	0	0	4.19176	0	3.11728	0	0	0	0	0	0	0	0	0	
0	0	11.33388	6.50681	0	6.02191	0	0	5.53685	0	0	0	0	0	0	0	0	6.4996	0	0	0	0	0	11.32994	0	9.57795	0	9.46884	8.66757	8.20222	0	8.71653	0	10.53967	4.63437	7.82639	7.23288	7.73768	2.81365	10.90777	7.57374	9.42781	6.43487	8.30003	8.24058	7.36039	5.69724	7.53049	7.17797	7.53049	7.86093	7.59592	8.40995	7.82263	7.68019	5.93427	7.56871	7.5878	8.29302	7.26269	8.64831	7.67334	3.4419	14.3399	5.84447	0	0	7.99375	5.74047	6.15209	2.40028	0	9.10146	0	0.59439	0	7.93307	0	0	0	0	0	7.20917	0	0	0	0	0	0	0	0	0	0	0	0	0	0	0	0	0	
0	0	0	0	0	0	0	0	0	0	10.47369	8.89011	9.448	0	10.98939	0	0	8.0923	0	4.46684	0	0	0	0	0	0	8.04415	6.49075	5.43209	0	8.02302	8.26512	6.03339	8.66389	5.69584	7.64432	9.75615	7.52147	6.72313	9.12891	8.74052	6.25586	6.29807	7.27713	7.00876	8.48212	6.06678	6.55414	7.22075	5.9012	6.13839	9.31423	8.85481	7.18124	7.39491	6.14316	7.40175	8.14415	8.94867	7.70491	8.92434	6.38636	7.65108	5.62423	0.71352	6.89027	12.23039	5.2063	0	0	7.78849	0	7.47159	1.36723	0	13.54825	0	0	0	0	0	0	0	0	0	0	0	0	6.93112	0	0	0	0	0	0	0	0	0	0	0	
0	0	0	0	0	2.27465	0	0	0	11.06156	0	0	4.24141	0	0	0	0	0	0	0	0	0	0	10.02773	0	0	10.12382	0	0	4.6471	7.38753	0	0	6.60231	8.34313	6.29306	6.49075	0	2.75664	7.68912	5.37452	9.49851	4.75017	6.08496	10.33317	8.36846	7.18328	7.10402	7.66143	4.111	7.02597	8.8438	6.96352	6.35244	8.21967	6.99651	6.62586	7.14945	4.98515	7.5087	8.47548	5.18051	4.13642	11.09544	7.3886	5.9622	8.05807	11.63081	7.34656	0	0	6.19568	0	2.45381	0	9.77413	9.28873	0	0	0	0	0	0	0	8.6653	0	0	0.71352	0	0	0	11.28293	0	0	0	0	9.03791	0	0	0	
0	0	0	0	0	0	0	0	0	0	0	9.93175	0	0	0	0	0	8.045	7.25994	0	0	0	0	2.45381	0	0	0	7.30149	0	0	0	0	2.4484	6.31013	7.08077	0	6.15295	9.7753	2.40036	5.87019	6.76972	8.82945	8.80282	3.81721	0	8.98988	5.67842	3.99077	8.04207	6.00196	8.49149	11.13762	8.21992	4.64282	7.23804	5.16155	7.1234	6.93006	7.54071	8.806	7.33365	7.2643	0	6.71201	8.1887	0	9.34296	9.02379	11.16165	7.91315	0	0	0	0.71352	0	10.58243	0	8.51697	0	0	0	6.27857	0	0	0	0	0	0	0	0	0	0	0	0	0	0	0	0	0	0	
0	0	0	0	4.80199	0	0	0	0	0	9.06918	0	8.81627	0	0	10.04966	0	0	7.90859	0	6.39379	5.65146	0	0	0	10.07982	6.51114	0	0	6.71112	0	9.23528	9.9327	0	0	7.75041	9.76567	4.66176	11.12782	10.06786	7.07487	9.3409	6.50048	7.34188	4.2547	5.60754	11.45784	5.19516	8.05913	8.88831	8.22175	7.479	8.25374	8.15259	6.55921	7.18023	7.75283	7.56718	3.92825	7.88335	6.31939	6.87216	5.5804	4.03535	9.43893	0	7.3153	11.18602	0	1.54567	8.44635	9.16876	8.16758	10.6196	8.55347	0	5.27556	0	0	0	6.05005	0	0	1.54567	0	2.75664	0	0	0	0.71352	0	0	0	0	0	0	0	0	0	0	
0	0	0	0	0	0	0	0	0	0	0	5.32292	2.01584	0	0	10.55631	0	0	0	2.07005	2.07005	0	4.54799	0	0	0	0	0	0	4.84782	1.18878	4.26413	0	0	0	9.9589	0	0	0	4.62483	3.8021	4.50626	5.39008	4.95589	8.69351	4.53462	5.91923	8.25856	8.00933	2.63565	0	0	8.00516	9.15709	0	6.29018	7.20293	8.02978	6.66247	7.35701	7.44367	9.32157	8.01707	7.334	4.62899	4.87977	0.71352	8.51172	0	9.61494	0	9.32768	5.57964	11.02349	7.86966	0	5.12553	0	6.14441	0	0	0	0	0	0	0	0	0	0	0	0	0	0	0	0	0	0	0	0	0	
0	0	0	10.38536	0	0	0	0	0	0	0	0	0	0	0	0	1.83155	0	0	0	0	0	8.04065	0	0	0	8.48335	6.02094	9.11817	8.70786	0	0	4.54799	0	0	13.16915	0	0.71352	3.31573	5.77823	7.42196	0	1.18878	0	4.07686	10.72286	6.04752	7.77169	5.53384	8.88324	6.45565	6.56142	7.03313	8.76467	6.83377	6.57053	8.65685	6.27771	7.66165	6.4876	7.99836	8.18214	8.90443	8.80716	7.01467	8.1086	6.34767	7.16666	10.22324	6.76259	4.91046	8.97434	4.39351	3.69961	7.86964	0	12.58819	0	7.14256	9.37049	2.75664	7.82964	7.69804	0	0	0	0	0	0	0	0	0	0	0	0	0	0	4.2894	0	10.72231	
0	0	6.11099	0	0	0	0	0	0	0	0	0	0	0	0	0	0	0	0	0	10.22648	0	0	0	0	7.94276	0	8.65183	0	7.33618	0	10.55447	10.20865	0	9.02024	0	0	5.28908	7.76954	0	9.49339	0	0	10.0936	10.75098	9.6278	1.49409	6.30728	3.49015	9.2633	9.21829	9.04841	7.59443	7.60343	7.43611	8.14722	4.46684	6.50298	8.68558	5.9051	4.00134	5.68973	5.78686	1.69228	6.38624	4.9064	5.54147	0	8.92139	4.047	4.7522	6.67824	6.1853	9.26731	0.71352	0	6.27125	0	2.39691	3.40557	0	5.21206	0	0	0	0	0	0	8.14995	0	0	0	0	0	0	0	3.9741	0	0	0	
0	0	0	0	4.42448	0	0	0	0	0	0	0	8.86063	0	0	0	0	0	0	0	2.61315	6.36201	0	0	0	0	0	9.69129	0	0	0	0	8.24918	0	0	0	5.59529	0	3.91413	7.5824	0	0	4.53509	0.71352	7.12759	0	3.36058	8.85864	1.54567	4.5367	8.31152	4.68185	10.13586	3.60635	8.54456	2.07941	0	6.24632	6.4253	2.07018	6.71815	5.57447	8.55256	6.93136	5.83459	9.09265	8.40354	4.59962	7.05308	6.561	6.72958	0	0	7.66701	0	10.21903	6.21179	6.46463	0	0	0	0	0	0	9.82894	0	0	0	0	0	0	0	0	0	0	0	9.80024	0	0	0	
0	0	0	0	0	0	0	0	1.83155	0	0	0	0.88823	0	0	0	8.01233	1.47436	7.27194	0	0	0	0	0	2.17235	0	0	0	0	0	0	0	0	0	8.65389	8.49412	0	8.03714	0	0	0	0	7.88536	5.97866	0	12.93652	11.156	10.28684	0	5.78577	0	10.6228	8.03714	7.50515	0	5.55659	0	7.10332	0	4.83743	7.84086	1.18878	6.01901	9.70835	5.02044	7.60648	7.85698	5.13972	9.66807	6.86232	8.44745	6.65336	7.90117	8.10576	7.76608	4.69738	10.00709	9.94399	0	0	8.24614	1.54567	10.91772	0	2.28255	12.66893	7.80509	7.57757	7.85777	0	11.20375	0	0	5.80179	0	0	0	0	0	0	
0	0	0	0	0	0	0	0	0	0	0	0	0	0	0	0	0	0	0	0	5.08636	0	0	0	0	0	0	0	0	7.53839	0	0	0	0	9.21609	0	0	0	0	0	9.71055	0	8.91327	9.12645	5.64424	0	0	2.27465	7.25994	6.18422	6.58991	0	0	2.93619	5.76799	7.42173	0	0	7.24931	8.35473	9.8481	6.4877	2.76232	6.07828	6.04382	7.60314	2.44003	6.82236	8.0085	9.89456	8.9911	7.34128	5.50073	5.45952	4.60814	0	2.49344	0	3.9446	0	0	0	0.71352	0	0	0	8.24178	0	0	0	0	0	0	0	0	0	0	0	0	0	
0	0	0	0	8.60494	0	0	0	0	0	0	5.45504	0	7.95397	0	0	0	0	0	0	0	0	0	0	0	0	0	0	0	0	0	0	0	0	0	0	0	0	0	7.53582	0	0	5.01569	0	5.33441	0	2.3726	3.64574	0	0	1.18878	0	0	0	8.10911	0	0	0	0	11.31697	7.57299	1.21288	6.88955	8.30633	6.47232	0	2.31242	4.31223	9.3151	8.90796	7.78308	9.18923	8.15964	5.50166	0	0	7.59096	5.91889	9.80642	2.27465	4.38085	7.26595	1.83155	0	2.27465	0	5.94908	12.65064	0	5.92994	0	0	0	0	3.40557	0	0	0	0	0	
0	0	0	0	0	0	0	0	0	0	0	0	0	0	0	0	0	6.35899	0	0	0	6.61837	9.72589	0	0	0	8.83458	0	0	0	0	0	0	8.45284	5.91277	0	0	0	0	0	0	0	0	0	0	0	0	0	0	0	0	0	0	0	0	8.36639	8.76995	10.05389	5.68773	1.83155	0	3.94021	7.69436	0	7.8996	9.30982	5.3375	6.58314	6.43021	5.73206	6.71194	5.85997	7.64851	5.77331	7.05597	5.27633	6.08768	0	9.10314	7.10486	0	0	9.36437	0	7.51839	9.73334	4.38085	2.27465	0	10.07682	0	0	0	0	0	0	8.19165	0	0	0	
0	0	0	0	0	0	0	0	7.62196	0	0	8.64239	0	0	0	0	0	0	0	0	0	0	0	0	0	0	0	12.01223	0	0	0	0	0	0	0	0	0	0	0	9.94606	0	0	0	0	0	7.4355	0	6.25731	6.41706	0	0	10.59263	0	0	0	0	0	0	6.80075	0	7.31998	0	8.94055	8.78727	6.50864	5.05917	8.25043	0	0	5.99643	7.49137	2.75664	9.98651	7.24763	5.57692	9.08173	2.23342	0	0	6.93055	8.45234	8.63597	9.90312	8.27178	6.4651	0	0	0	0	0	7.53839	0	8.33467	0	0	0	0	0	0	0	
0	0	0	0	0	0	0	0	0	0	0	0	0	8.3934	0	0	0	0	0	8.55918	0	0	0	0	0	3.84889	0	0	0	0	0	0	0	0	7.65289	0	0	6.03297	0	0	10.53967	0	6.07764	10.84029	0	0	0	0	0	0	6.83597	7.57273	0	0	9.1281	0	0	0	0	7.13567	6.21058	0	4.77258	9.72043	6.72692	4.67548	9.75044	8.51697	0	5.69697	6.89579	0	7.13756	6.52463	9.9496	7.41716	3.46808	4.82387	8.21549	3.92969	0	8.34537	2.27465	5.12828	4.50387	0	0	12.48779	4.94867	0	4.46684	0	0	6.03605	0	0	0	0	5.87044	0	
0	0	0	0	0	0	0	10.64257	0	0	0	0	0	0	0	0	0	0	0	0	0	0	4.14035	0	0	0	0	0	12.21707	0	0	0	0	0	10.79227	0	0	10.1473	0	0	0	2.38361	0	0	0	0	5.91881	0	0	0	0	0	11.45258	0	0	0	4.66275	10.84832	0	5.61292	7.60071	0	0	7.05428	0	2.88714	0	9.47963	6.79551	9.59237	7.79674	6.86612	9.35507	7.28581	5.27605	7.42939	8.86894	0	7.13195	5.86381	6.22141	8.59111	3.44183	0	7.75222	0	3.21991	4.13654	0	0	11.51919	8.36933	0	0	0	0	11.14177	0	0	0	
0	0	0	0	0	0	0	0	0	0	0	0	0	0	0	0	0	0	0	0	0	0	0	0	0	0	0	0	0	0	0	0	0	0	0	0	0	5.75786	0	0	0	0	0	0	0	0	0	0	0	6.60894	0	5.83297	0	4.57623	0	0	6.30478	11.37533	0	0	5.59529	0	9.19104	10.64372	7.90089	5.83255	0	0	8.4562	8.27034	0	5.09885	5.93251	9.41948	6.6548	7.48184	0	3.68624	6.12655	5.97176	2.73368	9.3165	5.75764	3.21991	0	0	3.45729	0	0	0	0	0	7.78796	6.69174	6.56087	0	0	0	0	0	
0	0	0	0	0	0	0	8.63544	0	0	0	0	0	0	0	0	0	0	0	0	0	0	0	0	0	0	0	0	0	0	0	0	0	0	0	0	0	6.79561	0	7.68015	0	0	0	0	0	0	0	0	0	0	3.34178	0	0	11.94218	9.01197	0	0	9.32277	9.38713	12.22326	0	2.61315	0	6.16871	9.92424	11.18563	0	0	7.29544	5.44969	6.88746	4.60084	5.46121	7.84948	3.85157	7.00605	6.32799	0	8.91614	7.81976	8.24362	8.34028	4.84431	4.47366	7.13977	0	0	0.96238	0	0	4.86547	0	0	0	0	10.5194	0	0	0	0	
0	0	0	0	0	0	0	0	0	0	0	0	0	0	0	0	0	0	0	0	0	0	0	0	0	10.19297	0	0	0	0	0	0	0	0	0	0	0	8.02656	0	0	0	0	0	0	10.27273	0	0	0	9.96538	0	0	0	0	0	0	1.54567	0	0	0	0	0	0	8.51549	0	0	6.71714	5.95968	5.1289	0	6.71579	3.51604	0	10.41452	0	8.80599	6.67966	2.61315	7.55827	5.00547	6.80936	4.0125	0	8.30964	0	12.38213	6.36479	0	0	0	0	7.78849	0	0	0	0	0	0	2.61315	0	0	
0	0	0	0	0	0	0	0	0	0	0	0	11.96453	0	0	0	0	0	0.71352	0	0	0	0	0	0	0	0	0	0	0	0	0	0	0	0	0	0	0	0	0	0	0	0	0	0	0	0	11.65333	0	0	1.54567	0	9.59476	0	0	0	0	0	0	3.45792	0	0	0	6.57759	3.64574	9.91368	9.73324	0	3.9741	0	0	9.12645	0	0	0	0.75822	6.52036	8.85921	5.8712	5.32796	0	7.85966	5.70394	4.49535	7.1161	5.12862	5.18364	0	8.3202	0	0	0	0	7.43016	0	0	0	0	0	0	
0	0	0	0	0	0	0	0	0	0	0	0	0	0	0	0	0	0	0	0	0	0	0	0	0	0	0	0	0	0	0	0	10.49047	0	0	0	0	0	0	0	1.83155	0	0	0	0	0	0	0	0	0	0	0	0	0	0	0	3.78175	0	0	0	7.64986	0	0	2.37707	0	7.37562	0	0	7.14082	0	0	0	10.9296	0	0	5.75764	0	0	6.20146	7.0455	8.68502	6.22065	9.47276	0	5.90355	0	1.18878	0	0.71352	1.83155	6.36241	5.33534	5.33535	0	0	0	0	0	0	0	
0	0	0	0	0	0	0	3.06048	0	0	0	0	0	0	0	0	0	0	0	0	0	0	0	0	0	0	0	6.69163	0	0	0	0	0	0	0	0	0	0	0	0	0	0	0	0	0	0	0	0	0	0	0	0	0	0	0	0	0	0.71352	0	0	0	0	0	0	0	0	0	0	0	0	3.75837	3.96009	8.99952	0	0	8.7705	10.22262	0	10.58499	10.91962	0	5.30016	0	7.51335	2.75664	9.41305	0	9.19735	0	0	0	11.19747	0	0	0	8.52952	0	0	0	0	
0	0	0	0	0	0	0	0	0	0	0	0	0	0	0	0	0	0	0	0	11.39411	0	0	0	0	0	0	0	0	0	6.38428	0	0	0	0	0	0	0	0	0	0	0	0	0	0	0	0	0	0	0	0	0	0	0	0	0	0	0	0	10.55202	0	0	0	0	6.22065	8.75776	8.00157	8.46992	0	0	0	0	0	0	0	3.57004	6.67869	0	0	0	3.87982	0	0	0	3.17824	6.14441	7.33975	2.95107	9.93364	0	9.88078	7.67564	4.58692	9.4279	0	8.63312	0	0	0	0	
0	0	0	0	0	0	0	0	0	0	0	0	0	0	0	0	0	0	0	0	0	0	0	0	0	0	0	0	0	0	0	0	0	0	0	0	0	0	0	0	0	0	0	0	0	0	0	0	2.07005	0	0	0	0	0	0	0	0	0	0	0	0	0	0	0	0	0	0	0	0	5.09885	10.83271	10.57882	6.78466	0	8.9751	6.1313	0	9.01133	0	0	0	8.2123	6.47008	0	4.58438	0	2.45381	0	0	3.22456	0	1.91775	4.27253	0	6.42782	0	0	0	0	0	
0	0	0	0	0	0	0	0	0	0	0	0	0	0	0	9.68912	0	0	0	0	0	0	0	0	0	0	0	0	0	0	0	0	0	0	8.56163	0	0	0	0	0	0	0	0	0	0	0	0	0	0	0	0	0	0	0	0	0	0	0	0	0	0	0	0	0	0	0	0	5.29967	0	0	0	0	0	8.70566	0	0	0	1.30658	0	0	0	2.75664	0	0	6.54742	0	7.37676	3.04562	9.3621	9.31982	10.45079	0	11.42633	0	0	0	0	0	0	0	
0	0	0	0	0	0	0	0	0	0	0	0	0	0	0	0	0	0	0	0	0	0	0	0	0	0	0	0	0	0	0	0	0	0	0	0	0	0	0	0	0	0	0	0	0	0	0	0	6.41706	4.14035	0	0	0	0	0	0	0	0	0	6.98185	0	0	0	0	0	7.68558	0	0	0	0	0	8.15193	0	0	0	0	0	11.60851	0	5.80955	10.64487	0	0	8.88621	0	0	0	0	0	0	0	0	0	0	0	0	0	0	0	0	
0	0	0	0	0	0	0	0	0	0	0	0	0	0	0	0	0	0	0	0	0	0	0	0	0	0	0	0	0	0	0	0	0	0	0	0	0	0	0	0	0	0	0	0	0	0	0	0	0	0	0	0	0	0	0	2.71667	0	0	12.30488	0	0	0	0	0	8.45256	0	0	0	0	0	0	4.2894	0	1.83155	0	0	7.84176	0	0	0	5.7665	7.80549	6.2484	8.84039	0	0	0	8.92281	9.06711	0	3.57004	8.26126	8.9897	0	0	0	0	0	0	0	
0	0	0	0	0	0	0	0	0	0	0	0	0	0	0	0	0	0	0	0	0	0	0	0	0	0	0	0	0	0	0	0	0	0	0	0	0	0	0	0	0	0	0	0	0	0	0	0	0	0	0	0	0	0	0	0	0	0	0	0	0	0	0	0	0	0	0	0	0	0	0	0	0	0	0	0	0	0	0	0	0	0	0	0	0	0	1.18878	0	0	0	0	10.24637	0	0	0	0	0	0	0	0	
0	0	0	0	0	0	0	0	0	0	0	0	0	0	0	0	0	0	0	0	0	0	0	0	0	0	0	0	0	0	0	0	0	0	0	0	0	0	0	0	0	0	0	0	0	0	0	0	0	0	0	0	0	0	0	0	0	0	0	0	0	0	0	0	0	0	0	0	0	0	10.0505	0	0	0	0	0	1.18878	0	0	10.01605	0	0	0	10.947	0	0	0	0	0	0	6.38871	11.23203	0	0	0	0	0	0	0	0	
0	0	0	0	0	0	0	0	0	0	0	0	0	0	0	0	0	0	0	0	0	0	0	0	0	0	0	0	0	0	0	0	0	0	0	0	0	0	0	0	0	0	0	0	0	0	0	0	0	0	0	0	0	0	0	0	0	0	0	3.71766	0	0	0	0	0	0	0	0	0	0	7.66203	0	0	0	0	0	0	0	0	0	0	0	0	0	0	0	3.40557	0	0	0	0	0	0	0	0	0	0	0	0	0	
0	0	0	0	0	0	0	0	0	0	0	0	0	0	0	0	0	0	0	0	0	0	0	0	0	0	0	0	0	0	0	0	0	0	0	0	0	0	0	0	0	0	0	0	0	0	0	0	0	0	0	0	0	0	0	0	0	0	0	0	0	0	0	0	0	0	0	0	0	10.12929	2.61315	0	0	0	0	0	0	0	8.88816	0	0	0	0	0	0	0	0	0	6.02191	4.24141	0	0	0	0	0	0	0	0	0	0	
0	0	0	0	0	0	0	0	0	0	0	0	0	0	0	0	0	0	0	0	0	0	0	0	0	0	0	0	0	0	0	0	0	0	0	0	0	0	0	0	0	0	0	0	0	0	0	0	0	0	0	0	0	0	0	0	0	0	0	0	0	0	0	0	0	0	0	0	0	0	0	0	0	0	0	0	0	0	0	0	0	0	0	0	0	0	1.54567	0	0	0	0	0	0	0	0	0	0	0	0	0	
0	0	0	0	0	0	0	0	0	0	0	0	0	0	0	0	0	0	0	0	0	0	0	0	0	0	0	0	0	0	0	0	0	0	0	0	0	0	0	0	0	0	0	0	0	0	0	0	0	0	0	0	0	0	0	0	0	0	10.00814	0	0	0	0	0	0	0	0	0	0	0	0	0	0	0	0	6.70054	0	0	0	0	0	0	0	0	0	0	0	0	0	0	0	0	0	0	0	0	0	0	0	0	
0	0	0	0	0	0	0	0	0	0	0	0	0	0	0	0	0	0	0	0	0	0	0	0	0	0	0	0	0	0	0	0	6.53124	0	0	0	0	0	0	0	0	0	0	0	0	0	0	0	0	0	0.71352	0	0	0	0	0	0	0	0	0	0	0	0	0	0	0	0	0	0	0	0	0	0	0	0	1.83155	0	0	0	0	0	0	0	0	0	0	0	0	0	0	0	0	0	0	0	0	0	0	0	0	
0	0	0	0	0	0	0	0	0	0	0	0	0	0	0	0	0	0	0	0	0	0	0	0	0	0	0	0	0	0	0	0	0	0	0	0	0	0	0	0	0	0	0	0	0	0	0	0	0	0	0	0	0	0	0	0	0	0	0	0	0	0	0	0	0	0	0	0	0	0	0	0	0	0	0	0	0	0	0	0	0	0	0	0	0	0	0	0	0	0	0	0	0	0	0	0	0	0	0	0	
0	0	0	0	0	0	0	0	0	0	0	0	0	0	0	0	0	0	0	0	0	0	0	0	0	0	0	0	0	0	0	0	0	0	0	0	0	0	0	0	0	0	0	0	0	0	0	0	0	0	0	0	0	0	0	0	0	0	0	0	0	0	0	0	0	0	0	0	0	0	0	0	0	0	0	0	0	0	0	0	0	0	0	0	0	0	0	0	0	0	0	0	0	0	0	0	0	0	0	0	
0	0	0	0	0	0	0	0	0	0	0	0	0	0	0	0	0	0	0	0	0	0	0	0	0	0	0	0	0	0	0	0	0	0	0	0	0	0	0	0	0	0	0	0	0	0	0	0	0	0	0	0	0	0	0	0	0	0	0	0	0	0	0	0	0	0	0	0	0	0	0	0	0	0	0	0	0	0	0	0	0	0	0	0	0	0	0	0	0	0	0	0	0	0	0	0	0	0	0	0	
0	0	0	0	0	0	0	0	0	0	0	0	0	0	0	0	0	0	0	0	0	0	0	0	0	0	0	0	0	0	0	0	0	0	0	0	0	0	0	0	0	0	0	0	0	0	0	0	0	0	0	0	0	0	0	0	0	0	0	0	0	0	0	0	0	0	0	0	0	0	0	0	0	0	0	0	0	0	0	0	0	0	0	0	0	0	0	0	0	0	0	0	0	0	0	0	0	0	0	0	
0	0	0	0	0	0	0	0	0	0	0	0	0	0	0	0	0	0	0	0	0	0	0	0	0	0	0	0	0	0	0	0	0	0	0	0	0	0	0	0	0	0	0	0	0	0	0	0	0	0	0	0	0	0	0	0	0	0	0	0	0	0	0	0	0	0	0	0	0	0	0	0	0	0	0	0	0	0	0	0	0	4.14035	0	0	0	0	0	0	0	0	0	0	0	0	0	0	0	0	0	0	
0	0	0	0	0	0	0	0	0	0	0	0	0	0	0	0	0	0	0	0	0	0	0	0	0	0	0	0	0	0	0	0	0	0	0	0	0	0	0	0	0	0	0	0	0	0	0	11.07916	0	0	0	0	0	0	0	0	0	0	0	0	0	0	0	0	0	0	0	0	0	0	0	0	0	0	10.89734	0	0	0	0	0	0	0	0	0	0	0	0	0	0	0	0	0	0	0	0	0	0	0	0	0	
