0	0	0	0	0	0	0	0	0	0	0	0	0	0	0	0	0	0	0	0	0	0	0	0	0	0	0	0	0	0	0	0	0	0	0	0	0	0	0	0	0	0	0	0	0	0	0	0	0	0	0	11.04796	0	0	0	0	0	0	0	0	0	0	0	0	0	0	0	0	0	0	0	0	0	0	0	0	0	0	0	0	0	0	0	0	0	0	0	0	0	0	0	0	0	0	0	0	0	0	0	0	
0	0	0	0	0	0	0	0	0	0	0	0	0	0	0	0	0	0	0	0	0	0	0	0	0	0	0	0	0	0	0	0	0	0	0	0	0	0	0	0	0	0	0	0	0	0	0	12.72058	0	0	0	0	0	0	0	0	0	0	0	0	0	0	0	10.71403	0	0	0	0	0	0	0	0	0	0	0	0	0	0	0	0	0	0	0	0	0	0	0	0	0	0	0	0	0	0	0	0	0	0	0	0	
0	0	0	0	0	0	0	0	0	0	0	0	0	0	0	0	0	0	0	0	0	0	0	0	0	0	0	0	0	0	0	0	0	0	0	0	0	0	0	0	0	0	0	0	0	0	0	0	0	0	0	0	0	0	8.48857	0	0	0	0	0	0	0	0	0	0	0	0	0	0	0	0	0	0	0	0	0	0	0	0	0	0	0	0	0	0	0	0	0	0	0	0	0	0	0	0	0	0	0	0	0	
0	0	0	0	0	0	0	0	0	0	0	0	0	0	0	0	0	0	0	0	0	0	0	0	0	0	0	0	0	0	0	0	0	0	0	0	0	0	0	0	0	0	0	0	0	0	14.21487	10.43608	0	0	0	0	0	0	0	0	0	0	0	0	0	0	0	0	0	0	0	0	0	0	0	0	0	0	0	0	0	0	0	0	0	0	0	0	0	0	0	0	0	0	0	0	0	0	0	0	0	0	0	0	
0	0	0	0	0	0	0	0	0	0	0	0	0	0	0	0	0	0	0	0	0	0	0	0	0	0	0	0	0	0	0	0	0	0	0	0	0	7.95328	0	0	0	0	0	13.61006	0	0	0	0	0	0	0	0	0	0	0	0	0	0	0	0	0	0	0	0	0	0	0	0	0	0	0	0	0	0	0	0	0	0	0	0	0	0	0	0	0	0	0	0	0	0	0	0	0	0	0	0	0	0	0	0	
0	0	0	0	0	0	0	0	0	0	0	0	0	0	0	0	0	0	0	0	0	0	0	0	0	0	0	0	0	0	0	0	0	0	0	0	0	0	0	0	0	0	0	0	0	0	0	0	0	0	0	0	0	0	0	0	0	0	0	0	0	0	0	0	0	0	0	0	0	0	0	0	8.2559	0	0	0	0	0	0	0	0	0	0	0	0	0	0	0	0	0	0	0	0	0	0	0	0	0	0	0	
0	0	0	0	0	0	0	0	0	0	0	0	0	0	0	0	0	0	0	0	0	0	0	0	0	0	0	0	0	0	0	0	0	0	0	0	0	0	0	0	0	0	0	0	0	0	0	0	0	0	0	0	0	0	0	0	0	0	0	0	0	0	0	0	0	0	0	0	0	0	0	0	0	0	10.60958	0	0	0	0	0	0	0	0	0	0	0	0	0	0	0	0	0	0	0	0	0	0	0	0	0	
0	0	0	0	0	0	0	0	0	0	0	0	0	0	0	0	0	0	0	0	0	0	0	0	0	0	0	0	0	0	0	0	0	0	0	0	0	0	0	0	0	0	0	0	0	0	0	0	0	0	0	8.00153	0	0	0	12.90893	0	0	15.60446	0	0	0	0	0	0	0	0	0	0	0	0	0	0	0	0	0	0	0	0	0	0	0	0	0	0	0	0	0	0	0	0	0	0	0	0	0	0	0	0	0	
0	0	0	0	0	0	0	0	0	0	0	0	0	0	0	0	0	0	0	0	0	0	0	0	0	0	0	0	11.69871	0	0	0	0	0	0	0	0	0	0	0	0	0	0	0	0	0	0	0	0	0	0	0	0	0	0	0	0	0	0	0	0	0	0	0	0	0	0	10.98446	0	0	0	0	0	0	0	0	0	0	0	0	0	0	0	0	0	0	0	0	0	0	0	0	0	0	0	0	0	0	0	0	
0	0	0	0	0	0	0	0	0	0	0	0	0	0	0	0	0	0	0	0	0	0	0	0	0	0	0	0	0	0	0	0	0	0	0	0	0	0	0	0	0	0	0	0	0	0	0	0	0	0	0	0	0	0	0	7.51524	0	0	0	0	0	0	0	0	0	0	0	0	0	0	0	0	0	0	0	0	0	0	0	0	0	0	0	0	0	0	0	0	0	0	0	0	0	0	0	0	0	0	0	0	
0	0	0	0	0	0	0	0	0	0	0	0	0	0	0	0	0	0	0	0	0	0	0	0	0	0	0	0	0	0	0	0	0	0	0	0	0	0	0	0	0	0	0	0	0	0	0	0	0	0	0	0	0	0	0	0	0	0	0	0	0	0	0	0	0	0	0	7.96587	0	0	0	0	0	0	0	0	0	0	0	0	0	0	0	0	0	0	0	0	0	0	0	0	0	0	0	0	0	0	0	0	
0	0	0	0	0	0	0	0	0	0	0	0	0	0	0	0	0	0	0	0	0	0	0	0	0	0	0	0	0	0	0	0	0	0	0	0	0	0	0	0	0	0	0	0	0	0	0	0	0	0	0	0	3.5683	0	0	0	2.88214	0	0	0	0	0	0	0	0	0	0	0	0	0	0	8.24948	0	0	0	0	0	0	0	0	0	0	0	0	0	0	0	0	0	0	0	0	0	0	0	0	0	0	0	0	
0	0	0	0	0	0	0	0	0	0	0	0	0	0	0	0	0	0	0	0	0	0	0	0	0	0	0	0	0	0	0	0	0	0	0	0	0	0	0	0	0	0	0	0	0	0	0	0	11.571	0	0	0	12.84637	0	0	0	0	0	0	0	0	0	0	0	0	0	0	4.97334	0	0	0	0	0	0	0	0	0	0	0	0	0	0	0	0	0	0	0	0	0	0	0	0	0	0	0	0	0	0	0	0	
0	0	0	0	0	0	0	0	0	0	0	0	0	0	0	0	0	0	0	0	0	0	0	0	0	0	0	0	0	0	12.89958	0	0	0	0	0	0	0	0	5.09296	0	0	0	0	0	0	0	8.39274	0	0	0	0	0	0	0	0	0	5.5089	10.12903	0	11.48534	0	0	9.21911	0	0	0	0	0	0	0	0	0	0	0	0	0	0	0	0	0	0	0	0	0	0	0	0	0	0	0	0	0	0	0	0	0	0	0	0	
0	0	0	0	0	0	0	0	0	0	0	0	0	0	0	0	0	0	0	0	0	0	0	0	0	0	0	0	0	0	0	0	0	0	0	0	0	0	0	0	0	0	0	0	0	0	0	0	0	0	0	0	0	0	7.14634	0	0	0	0	0	0	0	0	0	0	0	0	0	0	0	0	0	0	0	0	0	0	0	0	0	0	0	0	0	0	0	0	0	0	0	0	0	0	0	0	0	0	0	0	0	
0	0	0	0	0	0	0	0	0	0	0	0	0	0	0	0	0	0	0	0	0	0	0	0	0	0	0	0	0	0	0	0	0	0	0	0	0	0	0	0	0	0	12.6728	0	0	0	0	0	0	0	0	0	8.94243	0	0	0	0	0	0	11.23853	0	0	0	0	0	0	0	0	0	0	0	2.26358	0	0	0	0	0	0	0	0	0	0	0	0	0	0	0	0	0	0	0	0	0	0	0	0	0	0	0	0	
0	0	0	0	0	0	0	0	0	0	0	0	0	0	0	0	0	0	0	0	0	0	0	0	0	0	0	0	0	0	0	0	0	0	0	0	0	0	0	0	0	0	0	8.40522	0	0	0	10.80647	0	0	0	8.13367	0	0	0	0	0	0	4.55115	0	0	0	0	0	0	0	0	0	0	0	0	0	0	0	0	0	0	0	0	0	0	0	0	0	0	0	0	0	0	0	0	0	0	0	0	0	0	0	0	0	
0	0	0	0	0	0	0	0	0	0	0	0	0	0	0	0	0	0	0	0	0	0	0	0	0	0	0	0	0	0	0	0	0	0	0	0	0	0	0	0	0	0	8.31491	0	0	0	0	0	0	0	0	0	0	0	0	8.11605	0	0	0	0	0	0	0	0	0	0	2.55778	0	6.87314	0	0	0	0	0	0	0	0	0	0	0	0	0	0	0	0	0	0	0	0	0	0	0	0	0	0	0	0	0	0	0	
0	0	0	0	0	0	0	0	0	0	0	0	0	0	0	0	0	0	0	0	0	0	0	0	0	0	0	0	0	0	0	0	0	0	0	0	0	0	0	0	13.54216	0	0	0	0	0	0	0	0	0	0	0	0	0	0	0	0	0	0	0	0	0	0	0	0	0	0	0	0	0	0	0	0	0	0	0	0	0	0	0	0	0	0	0	0	0	0	0	0	0	0	0	0	0	0	0	0	0	0	0	
0	0	0	0	0	0	0	0	0	0	0	0	0	0	0	0	0	0	0	0	0	0	0	0	0	0	0	0	0	0	0	0	0	0	0	0	0	0	0	0	0	0	0	0	0	0	0	6.48862	0	0	9.08551	0	0	0	0	0	0	0	0	0	0	0	0	0	0	0	0	0	0	0	0	0	0	0	0	0	8.8264	0	0	0	0	0	0	0	0	0	0	0	0	0	0	0	0	0	0	0	0	0	0	0	
0	0	0	0	0	0	0	0	0	0	0	0	0	0	0	0	0	0	0	0	0	0	0	0	0	0	0	0	0	0	0	0	0	0	0	0	0	0	0	0	0	0	0	0	0	0	0	11.20788	0	0	9.11556	10.43296	0	0	0	0	8.32727	0	11.64626	0	7.63636	0	0	0	0	11.68068	0	0	0	0	0	0	0	0	0	0	0	0	0	0	0	0	0	0	0	0	0	0	0	0	0	0	0	0	0	0	0	0	0	0	
0	0	0	0	0	0	0	0	0	0	0	0	0	0	0	0	0	0	0	0	0	0	0	0	0	0	0	0	0	0	0	0	0	0	0	0	0	0	0	0	0	9.53119	0	0	0	0	0	0	0	0	0	0	0	0	0	0	0	0	0	0	0	0	0	0	0	0	0	0	1.78409	0	0	0	0	0	0	0	0	0	0	0	0	0	0	0	0	0	0	0	0	0	0	0	0	0	0	0	0	0	0	0	
0	0	0	0	0	0	0	0	0	0	0	0	0	0	0	0	0	0	0	0	0	0	0	0	0	0	0	0	0	0	0	10.65718	12.89316	0	0	0	0	0	0	0	0	0	0	0	0	0	0	10.18899	0	0	0	0	0	0	0	0	0	0	0	0	0	0	0	3.05866	0	0	0	1.06088	0	0	0	0	0	0	0	0	0	0	0	0	0	0	0	0	0	0	0	0	0	0	0	0	0	0	0	0	0	0	0	0	
0	0	0	0	0	0	0	0	0	0	0	0	0	0	0	0	0	0	0	0	0	0	0	0	0	0	0	0	0	0	0	12.49779	0	0	6.76923	0	0	0	0	0	0	0	0	0	0	0	0	0	0	0	0	0	0	0	0	0	0	0	0	0	0	0	0	0	0	0	0	0	0	0	0	0	0	0	0	0	0	0	0	0	0	0	0	0	0	0	0	0	0	0	0	0	0	0	0	0	0	0	0	0	
0	0	0	0	0	0	0	0	0	0	0	0	0	0	0	0	0	0	0	0	0	0	0	0	0	0	0	0	0	0	0	0	0	0	0	0	0	0	0	0	0	0	0	10.27972	0	0	0	0	0	14.0137	0	0	0	0	9.84497	0	0	0	0	0	0	0	0	0	0	0	0	0	0	0	0	0	0	0	0	0	0	0	0	6.16706	0	0	0	0	0	0	0	0	0	0	0	0	0	0	0	0	0	0	0	0	
0	0	0	0	0	0	0	0	0	0	0	0	0	0	0	0	0	0	0	0	0	0	0	0	0	0	0	0	0	0	0	0	9.67183	0	0	0	0	0	0	0	0	0	0	0	0	0	0	2.55778	0	0	7.67396	10.36882	0	0	0	0	0	0	9.48765	0	0	0	0	0	0	0	0	0	0	0	3.31633	0	0	0	0	0	0	0	0	0	0	0	0	0	0	7.14943	0	0	0	0	0	0	0	0	0	0	0	0	0	0	
0	0	0	0	0	0	0	0	0	0	0	0	0	0	0	0	0	0	0	0	0	0	0	0	0	0	0	0	0	0	0	0	0	0	0	0	0	0	0	9.21648	0	0	0	0	15.21642	0	7.96587	0	0	0	0	0	0	0	0	0	0	0	0	0	0	0	0	0	0	0	0	0	0	0.34664	0	0	0	0	0	0	0	0	0	0	0	0	0	0	0	0	0	0	0	0	0	0	0	0	0	0	0	0	0	0	
0	0	0	0	0	0	0	0	0	0	0	0	0	0	0	0	0	0	0	0	0	0	0	0	0	0	0	0	0	0	0	0	0	0	0	7.46291	0	0	0	0	0	0	0	0	0	0	0	7.85349	0	0	0	0	0	9.33924	0	0	0	0	0	0	8.6601	0	0	0	0	0	0	0	0	0	0	0	0	0	0	0	0	0	0	0	0	0	0	0	0	0	0	0	0	0	0	0	0	0	1.89356	0	0	0	0	0	
0	0	0	0	0	0	0	0	0	0	0	0	0	0	0	0	0	0	0	0	0	0	0	0	0	0	0	0	0	0	0	0	0	0	0	0	0	0	0	0	0	14.59297	0	0	0	0	0	0	0	0	0	0	5.2034	0	0	0	0	0	0	0	0	0	0	0	0	0	0	7.44952	0	0	0	2.74472	0	0	0	0	0	0	0	0	0	0	0	0	0	0	0	0	0	0	0	0	0	0	0	0	0	0	0	0	
0	0	0	0	0	0	0	0	0	0	0	0	0	0	0	0	0	0	0	0	0	0	0	0	0	0	0	0	0	0	0	0	0	0	0	0	0	0	0	0	8.54525	0	0	0	10.32684	0	0	5.45061	0	0	3.50069	11.23999	0	0	0	9.27393	0	0	6.69176	0	11.68545	0	0	0	0	0	0	0	2.34292	0	0	0	0	0	0	0	0	0	0	0	0	0	0	0	0	0	0	0	0	0	0	0	0	0	0	4.75858	0	0	0	0	
0	0	0	0	0	0	0	0	0	0	0	0	0	0	0	0	0	0	0	0	0	0	0	0	0	0	0	0	0	0	0	0	0	0	0	0	0	0	0	0	0	0	0	0	12.2692	0	0	0	0	0.62583	0	0	5.52601	0	0	0	0	7.75763	0	0	0	2.96142	0	0	0	0	0	0	0	0	0	0	0	0	0	0	0	0	0	0	0	0	0	0	0	0	0	0	0	0	0	0	0	0	0	0	0	0	0	0	
0	0	0	0	0	0	0	0	0	0	0	0	0	0	0	0	0	0	0	0	0	0	0	0	0	0	0	0	0	0	0	0	0	0	0	0	0	0	0	0	0	0	0	10.89177	0	0	14.08105	0	0	0	10.31089	0	0	0	0	0	0	0	0	8.31737	0	0	0	0	9.00171	0	0	0.34664	0	0	0	0	8.91022	0	0	0	7.15736	0	0	0	0	0	0	0	0	0	0	0	0	0	0	0	0	0	0	0	0	0	0	0	
0	0	0	0	0	0	0	0	0	0	0	0	0	0	0	0	0	0	0	0	0	0	0	0	0	0	0	0	0	0	0	0	0	0	0	0	0	0	0	0	0	0	0	0	6.57617	3.50069	0	10.55177	0	0	0	11.21511	3.39292	0	0	11.10385	0	0	0	0	0	0	0	0	0	0	3.53488	12.30602	0	0	0	0	0	11.33283	0	0	0	0	0	0	0	0	0	0	0	0	0	0	0	0	0	0	0	0	0	0	0	0	0	0	
0	0	0	0	0	0	0	0	0	0	0	0	0	0	0	0	0	0	0	0	0	0	0	0	0	0	0	0	0	0	0	0	0	0	0	0	0	10.62455	0	0	0	0	0	0	0	0	0	0	7.8484	0	0	8.75242	0	0	14.09424	0	7.98146	0	0	9.2178	0	2.26358	0	0	0	0	0	0	0	0	0	0	0	0	5.7367	2.62281	0	0	0	0	0	0	0	0	0	0	0	0	0	0	0	0	0	0	0	0	0	0	0	0	
0	0	0	0	0	0	0	0	0	0	0	0	0	0	0	0	0	0	0	0	0	0	0	0	0	0	0	0	0	0	0	0	0	0	0	0	0	0	0	0	0	0	15.12637	0	0	10.95451	0	12.56479	0	0	11.07926	0	13.50672	0	10.09003	0	0	0	0	0	0	0	0	10.01174	0	0	0	7.05796	0	0	6.73286	0	0	0	0	0	0	0	1.5365	0	0	0	0	0	0	0	0	0	0	0	0	0	0	0	0	0	0	0	0	0	
0	0	0	0	0	0	0	0	0	0	0	0	0	0	0	0	0	0	0	0	0	0	0	0	0	0	0	0	0	0	0	0	0	0	0	0	0	0	0	0	0	0	0	0	0	0	0	9.45564	9.63338	0	0	10.36329	0	0	0	0	0	0	0	0	0	0	0	0	5.06981	0	0	0	0	0	0	0	0	0	0	0	0	0	0	0	0	0	0	0	0	0	0	0	0	0	8.4688	0	0	0	0	0	0	0	0	0	
0	0	0	0	0	0	0	0	0	0	0	0	0	0	0	0	0	0	0	0	0	0	0	0	0	0	0	0	0	0	0	0	0	0	0	0	0	0	0	0	0	0	0	0	0	0	0	11.53105	0	0	0	0	10.01212	12.65736	0	0	0	0	11.64459	4.30285	0	0	0	0	0	0	0	0	0	0	0	0	0	0	0	0	0	0	0	0	0	0	0	0	0	0	0	0	0	0	0	0	0	0	0	0	0	0	7.10994	0	
0	0	0	0	0	0	0	0	0	0	0	0	0	0	0	0	0	0	0	0	0	0	0	0	0	0	0	0	0	0	0	0	0	0	0	0	0	0	0	0	0	0	9.02521	0	0	0	0	0	0	9.52736	0	7.35217	0	7.12965	0	0	0	0	0	0	0	0	0	0	11.2763	0	0	0	0	0	0	0	0	0	0	0	12.00812	0	0	0	0	0	0	0	0	0	0	0	0	0	0	0	0	0	0	0	0	0	0	0	
0	0	0	0	0	0	0	0	0	0	0	0	10.12728	0	0	0	0	0	0	0	0	0	0	0	0	0	0	0	0	0	8.15092	0	0	0	0	0	0	0	0	0	0	0	10.15572	0	0	0	0	4.17855	0	0	11.63608	0	0	1.5365	0.62583	0	10.80991	0	0	0	0	0	0	9.53753	5.91167	11.30801	0	0	0	0	0	0	0	0	0	0	0	0	0	0	0	0	0	0	0	0	0	0	0	0	0	0	0	0	0	0	0	0	0	0	
0	0	0	0	0	0	0	0	0	0	0	0	0	0	0	0	0	0	0	0	0	0	0	0	0	0	0	0	0	0	0	0	0	0	0	0	0	0	0	0	0	0	0	0	0	11.62593	9.21054	0	4.77298	12.00174	0.85973	8.72194	11.23137	0	10.7899	11.0901	0	0	0	0	9.79469	0	0	0	0	0	0	0	0	7.59894	0	0	0	0	0	0	2.30013	0	0	0	0	0	0	0	0	0	0	0	0	0	0	0	0	0	0	0	0	0	0	0	
0	0	0	0	0	0	0	0	0	0	0	0	0	0	0	9.04908	0	0	0	0	0	0	0	0	0	0	0	0	0	0	0	0	0	0	0	8.02272	11.67038	0	0	0	0	0	0	5.62459	0	11.94195	9.19276	7.59034	3.60095	7.72975	0	0	2.85714	0	10.64794	0	0	0	0	5.95019	0	9.4212	0	10.14642	0	10.19101	0	0	11.37798	0	6.96694	0	0	0	0	10.43297	0	3.23545	0	4.27398	0	0	0	0	0	0	0	0	0	0	7.85856	0	0	0	0	0	0	0	0	0	
0	0	0	0	0	0	0	0	0	0	0	0	0	0	0	0	0	0	0	0	0	0	0	0	0	0	10.73165	0	0	0	0	2.62281	0	0	4.96082	0	0	0	0	0	10.7378	0	0	0	0	0	0	0	9.63115	6.68796	3.39292	10.61059	8.58863	0	9.69801	0	13.48791	0	3.90284	0	0	10.03582	0	0	0	8.29883	0	0	0	0	0	0	0	7.08995	0	0	0	0	0	0	0	0	0	0	0	0	0	0	0	0	0	0	0	0	0	0	11.71488	0	0	0	
0	0	0	0	0	0	0	0	0	0	0	0	0	0	0	0	0	0	0	7.882	0	0	0	0	0	0	0	0	0	0	0	0	0	0	0	0	0	0	0	0	0	0	0	13.3739	0	0	12.90214	12.86728	11.43979	0	6.22094	7.46258	11.37621	0	0	0	13.39964	0	0	8.11636	6.31197	0	0	11.20987	0	6.27253	0	7.20062	0	0	0	0	0	0	0	0	0	0	0	0	0	0	0	0	0	0	0	0	0	0	6.03743	0	0	0	0	0	0	0	0	0	
0	0	0	0	0	0	0	0	0	0	0	0	10.261	0	0	0	0	0	0	7.43601	0	0	0	0	0	0	0	0	0	0	0	0	0	9.55725	0	0	0	0	0	0	0	11.1122	13.72435	0	8.75706	0	0	4.49701	7.31821	0	5.54291	10.92983	6.78518	6.03473	9.74939	11.72244	5.60429	11.92021	9.86953	0	0	0	0	0	0.62583	0	0	0	0	0	0	0	0	0	0	0	0	0	10.87914	0.62583	0	0	0	0	0	0	0	0	0	0	0	0	0	0	0	0	0	0	0	0	
0	0	0	0	0	0	0	0	0	0	0	0	0	0	0	0	0	0	0	0	0	0	0	14.77872	0	0	0	0	0	0	0	0	0	0	0	0	0	0	13.3251	0	0	0	7.59953	8.8134	6.80119	0	10.47318	8.11236	0	9.49158	10.11072	7.58195	0	0	0	0	0	5.65821	14.41053	10.19402	9.61801	0	0	0	7.70556	0	0.85973	0	0	0	0	0	0	0	0	0	0	0	0	0	0	0	0	0	0	0	0	0	0	0	0	0	0	0	0	0	0	0	0	0	
0	0	8.20104	0	0	0	0	0	0	0	0	0	0	0	0	0	0	0	0	0	0	0	0	0	0	0	0	0	0	0	0	0	0	0	0	0	0	0	0	0	9.46367	0	0	0	0	8.69361	0	10.56	10.25107	11.54125	0	6.81865	8.71986	8.10891	0	11.71966	0	0	2.62281	0	10.15202	0	8.31122	12.03395	0	0	0	0	0	0	0	8.26401	0	0	0	0	1.23744	0	0	0	0	0	0	0	0	0	0	0	0	0	0	0	0	0	0	0	0	0	0	0	
0	0	0	0	0	0	0	0	0	0	0	10.59091	0	0	0	0	0	0	0	0	0	0	0	0	0	0	0	0	0	0	0	0	7.22962	0	0	0	0	9.87544	11.63803	7.24003	4.92257	7.31383	0	0	12.40089	7.67985	11.16434	6.41719	10.64137	0	12.3647	0	4.11437	8.13176	0	12.13522	5.24254	11.5384	0	0	0	0	0	0	0	0	0	6.20509	0	0	0	0	9.512	0	0	3.72465	0	0	10.61559	0	0	0	0	0	0	0	0	0	0	0	0	0	0	0	0	6.43206	0	0	0	0	
0	0	0	0	0	0	0	0	0	0	0	0	0	0	0	0	0	0	0	0	0	0	0	0	0	0	0	0	0	0	0	0	0	0	6.01826	9.94805	0	0	0	6.00002	0	12.54418	0	10.76585	12.25308	9.04527	7.14184	7.98985	6.79585	11.08957	11.97991	10.36833	0.62583	10.034	0	0	8.28421	0	0	6.50085	7.4109	0	13.13424	0	0	0	0	0	0	0	0	0	0	0	0	0	0	0	1.99534	0	0	0	0	0	0	0	0	11.47888	0	0	0	0	0	0	0	0	0	0	0	0	
0	0	0	0	0	0	0	0	9.08415	0	9.95682	0	0	0	0	0	0	0	0	0	0	0	0	0	0	0	10.63936	0	0	0	0	0	0	0	0	8.02422	0	12.01959	11.22173	0	7.27094	8.34655	0	3.66412	2.55778	12.27299	3.71762	8.10946	7.42406	8.25078	0	6.33337	4.30285	0	0	0	9.01232	4.20003	0	0	0	0	0.62583	0	0	0	10.88398	0	0	0	0	0	0	0	0	0	0	0	0	0	0	0	0	0	0	0	0	0	0	0	0	0	0	0.62583	0	0	0	0	0	0	
0	0	0	0	0	0	0	0	0	0	0	13.67137	0	0	12.49345	0	0	0	0	0	0	0	0	0	0	0	0	0	0	0	0	10.43664	0	0	5.48286	0	11.16911	0	0	9.4002	2.34292	0	8.27809	8.43675	11.01194	7.81808	10.88381	9.2068	4.8294	8.75798	9.44852	10.01805	10.03812	10.46178	0	10.79388	10.24377	0	0	14.31516	11.45229	4.5446	0	10.8123	0	0	0	0	0	0	0	0	0	2.96142	0	7.38521	0	0	0	0	0	0	0	5.79656	0	0	0	0	0	0	0	0	0	0	0	0	0	0	0	0	
0	0	0	0	0	0	0	0	0	0	0	0	12.56191	0	0	0	0	0	0	0	0	0	0	0	0	0	0	0	0	9.66509	0	0	7.04021	0	7.68095	0	13.39459	0	11.7766	10.17381	10.54208	13.35326	10.87859	7.5884	8.53904	4.65011	10.42363	10.61812	4.96082	9.03854	7.95721	12.73498	13.29839	9.81629	6.62803	8.28495	12.58791	0	0	8.66301	7.17374	0	0	0	0	0	0	0	0	0	0	0	0	9.7623	0	0	0	0	0	0	10.58636	0	0	0	0	0	0	0	0	0	0	0	0	0	0	0	0	0	0	0	
0	0	0	0	0	0	0	12.24503	0	0	0	9.98338	0	0	0	0	0	0	0	0	0	0	0	0	0	0	0	8.54839	0	0	6.60185	0	12.10183	0	0	0	2.96142	10.8529	10.2693	10.59649	9.46514	5.67405	0	11.3504	10.37597	8.70704	9.16042	8.66476	11.26549	9.76576	5.88932	9.52185	10.15879	8.099	8.50605	5.46179	12.41814	4.93714	5.66028	8.92238	6.49524	11.30847	9.33283	0	8.84611	0	0	0	0	0	0	0	0	11.20822	0	0	0	0	0	0	0	0	0	0	0	0	0	0	0	0	0	0	0	0	0	0	0	0	0	0	
10.97976	0	0	0	0	0	0	0	7.40113	0	0	0	9.10351	0	0	0	0	0	0	0	0	0	0	0	11.29886	0	0	7.09282	0	0	0	0	10.80334	0	10.88753	8.74747	0	5.19273	10.92386	6.68476	9.68141	8.5355	5.09683	10.00327	11.11297	9.62875	6.84729	9.95428	5.62813	8.00131	8.63885	7.88812	8.68826	7.35096	12.62893	9.00863	11.58637	6.26826	0	9.66451	0.62583	1.23744	0	5.81964	0	7.97525	0	0	0	0	0.62583	0	0	0	0	0	0	0	0	0	0	0	4.26631	0	0	8.6552	0	0	0	0	0	0	0	0	0	0	0	0	0	0	
0	0	0	11.25722	0	0	0	0	0	0	0	0	0	0	0	0	0	0	9.62844	0	0	12.60065	0	6.44881	10.66841	8.32716	0	0	9.84795	7.94058	11.41631	0	14.24139	0	0	1.39468	0	8.96368	9.5146	8.20821	7.87577	5.56781	8.07331	9.14725	10.1132	9.9593	8.32548	9.38129	9.99483	7.40512	10.06308	8.10453	11.42067	8.02921	7.49963	10.38065	0	5.50672	7.3807	7.82055	0.85973	5.63251	9.10351	0	0	0	0	0	0	6.13992	0	0	4.30285	0	2.85714	6.18907	13.0377	2.09956	0	1.78409	0	0	0	0	0	0	0	0	0	0	0	0	0	0	0	0	0	0	0	0	
9.75398	0	0	0	10.37189	5.47113	0	0	0	0	0	0	0	0	0	0	0	9.90709	0	0	0	0	0	0	8.42729	0	7.52258	9.7246	0	12.64371	10.12086	0	0	0	9.8488	8.62481	7.21065	10.70995	10.27814	7.33572	6.96617	8.62068	7.58852	8.94824	8.878	8.78963	9.73595	8.27902	8.69607	9.34726	7.73899	9.0826	11.5539	8.29989	9.23641	9.47339	9.49807	5.40051	6.62907	7.73879	14.79596	0	7.70263	11.87479	12.90337	12.08327	9.66011	0	0	0	0	0	0	0	7.34737	0	0	0	0	0	0	0	0	0	0	0	0	0	0	0	0	0	0	0	0	0.34664	0	0	0	0	
0	0	0	0	0	0	0	0	4.17855	0	7.91646	0	0	0	0	0	8.16327	13.36938	7.9197	5.73904	11.50594	9.5498	0	0	0	13.89113	0	9.28591	10.79299	10.89876	0	9.2471	11.49254	8.51682	8.30215	11.0597	6.75627	9.43154	8.75846	6.94812	8.73298	7.19208	7.39997	8.49186	9.65906	7.58363	7.53168	9.24301	8.59512	6.81187	7.03348	10.80778	7.40128	9.14113	6.3195	8.40692	8.68543	8.80203	0	9.07546	5.09539	8.83415	8.82607	0	8.98327	11.1019	2.80203	0	0	0	0	8.17823	0	0	9.04686	0	0	0	10.24721	0	0	0	0	0	0	9.25354	0	0	0	0	0	0	0	0	0	7.47397	0	0	0	0	
0	9.80917	0	0	2.09041	7.48056	0	0	0	0	0	0	0	0	1.23744	10.20767	0	10.12096	10.80969	0	7.4155	0	6.80119	0	0	0	0	0	9.01735	10.67287	7.36727	0	8.4577	6.71583	8.14401	8.47762	8.94237	11.78588	8.53145	8.78811	8.65777	8.43074	7.27872	7.39407	8.11204	7.87802	8.77116	8.82119	8.05161	6.87011	7.66967	8.53201	8.02398	7.39859	9.04042	7.55367	4.43551	7.85657	7.4181	8.06046	0	9.39059	0	12.15064	10.25403	1.66557	7.1277	0.62583	0	0	0	0	0	0	0	0.85973	0	0	0	0	8.88497	0	0	0	0	0	0	0	0	0	0	0	0	0	0	0	0	0	0	0	
0	12.08894	10.24495	0	9.82542	0	0	0	0	0	10.00908	0	0	0	10.08751	6.97319	0	6.56094	0	0	7.85856	5.90514	8.27622	9.75883	10.80596	8.42615	0	5.32022	6.21039	7.80061	10.43833	10.22741	11.46131	9.42067	10.78927	5.75344	8.06762	8.31328	8.24486	6.65779	6.56173	7.82604	7.20099	7.18426	6.93712	7.31878	8.7954	7.54984	9.4033	8.80968	7.30473	9.60089	8.41711	7.79932	7.27005	7.1901	8.24577	7.80063	9.0919	8.4699	0	8.715	9.46713	9.50774	2.00928	1.39468	1.06088	0	0	0	0	6.5688	0	0.34664	10.08643	0	8.34655	0	5.34508	0	0	0	0	5.27417	0	0.69734	0	0	0	0	0	0	0	0	0	0	0	0	0	0	
0	0	0	0	0	0	0	0	11.0424	0	9.36111	11.02633	0	0	0	0	0	0	10.20069	0	3.53488	0	0	0	0	9.31079	10.45163	0	1.5365	7.75899	6.28825	6.45329	8.30131	8.9996	10.18822	7.94473	9.71305	10.16182	7.54838	8.14379	6.77727	8.45989	9.06982	7.85767	7.41646	8.09887	7.07595	7.64592	8.07509	8.07861	7.99809	7.76762	6.89417	7.48605	7.36915	9.85312	8.60386	8.99921	10.07594	8.84703	8.92842	7.13432	9.54801	8.86697	0	9.82801	0	8.58704	0	0	0	0	0	0	0	0	0	0	14.36609	0	0	7.39703	0	0	0	0	0	8.71818	3.78273	11.09582	0	0	0	0	0	0	0	0	0	0	
0	0	0	0	0	0	0	0	9.3771	7.52165	4.15477	1.66557	0	12.57591	0	0	0	9.27646	11.39786	6.03135	0	0	10.19302	9.01373	8.24044	10.06098	10.03021	9.59091	9.42235	9.245	0	7.3933	4.90633	5.17997	3.45252	7.50672	9.31753	6.01802	11.58525	7.93762	8.86127	8.10132	8.11644	8.22275	7.05284	8.36803	8.60047	7.79519	8.04163	9.28096	7.76459	7.29097	6.82029	7.54307	8.74979	8.76788	7.05046	9.73251	9.36587	9.58624	6.54267	12.31133	10.28173	12.85194	6.72878	9.18633	8.93444	0	0	0	0	0	0	6.56094	12.45496	0	0	0	12.30021	0	0	0	0	0	0	0	0	0	6.5231	0	3.05866	0	0	0	0	0	0	0	0	0	
0	0	10.3075	10.09272	0	8.46326	0	2.55778	6.31251	0	0	0	0	0	0	0	0	6.83991	0	0	0	0	0	10.65378	0	10.49888	0	10.50989	8.52412	7.69151	0	9.90774	0	9.4269	5.04065	8.52948	7.27138	6.54429	3.80204	10.88826	6.80505	9.31522	7.90086	8.29239	7.78017	6.50049	5.49425	7.88315	7.04328	7.86554	7.5833	7.79911	7.7069	8.40438	8.3377	6.0347	8.27749	8.03426	8.32172	6.90287	9.2803	8.30191	3.01515	11.81809	5.90635	0	0	7.38811	5.74636	4.4297	3.64673	0	10.56192	0	3.56043	0	8.11277	0	0	0	0	0	5.15956	0	0	0	0	0	0	0	0	0	0	0	0	0	0	0	0	0	
0	0	0	0	0	0	0	0	0.34664	0	10.90715	10.76783	9.09445	0	14.03777	0	0	7.8484	0	5.72429	0	0	0	0	0	0	5.85187	4.0893	6.86835	0	8.25846	8.23918	5.10726	7.88111	5.17834	9.04174	9.34089	7.36318	8.23287	9.38945	9.35757	5.82708	6.12038	7.49263	7.13189	8.64327	6.08572	7.35271	7.32577	6.15252	7.18491	8.48754	8.68883	7.88834	7.50657	6.89719	6.51838	7.9065	9.25774	8.71929	9.99443	7.89186	9.81127	8.36252	0	5.79808	11.27835	3.54845	0	0	9.46897	0	4.73079	2.78625	0	14.24644	0	0	0	0	0	0	0	0	0	0	0	0	6.92276	0	0	0	0	0	0	0	0	0	0	0	
0	0	0	0	0	8.1301	0	0	0	11.32246	0	0	5.74636	0	0	0	0	0	0	0	0	0	0	8.25492	0	0	11.3128	0	0	4.45049	9.37302	0	0	6.46096	7.17915	5.84507	7.37359	1.66557	0	8.09327	4.25641	11.70212	7.39136	5.5772	9.55946	7.76776	7.18144	7.80444	8.67303	3.56336	6.86348	9.04993	6.05903	6.41991	9.241	7.18404	7.32244	7.2244	5.29842	6.03606	7.73626	6.40069	5.65387	10.56925	7.32012	5.79638	8.73465	8.75293	4.26712	0	0	12.19569	0	3.89232	0	4.57353	10.22839	0	0	0	0	0	0	0	9.97172	0	0	7.15186	0	0	0	12.63481	0	0	0	0	8.53261	0	0	0	
0	0	0	0	0	0	0	0	0	0	0	11.76797	0	0	0	0	0	9.70214	12.15872	0	0	0	0	3.10492	0	0	0	8.13568	0	0	0	0	5.49118	6.59135	5.00392	0	5.78159	9.12608	4.09881	9.10985	5.72989	8.61806	9.18022	2.8123	0	9.1984	5.44027	5.44254	8.00818	5.91106	8.03074	11.15165	8.05094	5.76261	6.86447	6.28194	6.77932	6.15668	7.87985	9.64173	8.07266	6.56501	0	7.37912	9.47721	0	8.25142	6.96381	12.31735	7.84542	0	0	0	0.34664	0	11.16673	0	9.16554	0	0	0	11.24042	0	0	0	0	0	0	0	0	0	0	0	0	0	0	0	0	0	0	
0	0	0	0	5.64577	0	0	0	0	0	9.27899	0	5.08143	0	0	11.37901	0	0	7.30092	0	7.37476	5.53448	0	0	0	11.09582	7.36173	0	0	5.54624	0	9.50244	12.05215	0	0	8.13846	8.23784	0	12.5678	10.10696	7.31867	7.78053	5.29529	8.4375	7.68657	6.52825	12.67184	6.23298	8.30232	7.00828	10.00711	6.57765	8.78309	7.50847	6.57927	7.24279	7.79134	7.32801	6.80035	7.68097	5.80009	7.55463	6.48341	4.62165	8.2501	0	6.50682	9.72922	0	5.46523	8.56709	10.54103	6.61406	10.58721	7.84464	0	5.2682	0	0	0	3.27645	0	0	0.34664	0	9.24258	0	0	0	2.68507	0	0	0	0	0	0	0	0	0	0	
0	0	0	0	0	0	0	0	0	0	0	5.7094	3.46444	0	0	10.08679	0	0	0	1.5365	2.41816	0	2.68507	0	0	0	0	0	0	2.97058	1.5365	6.4646	0	0	0	11.6594	0	0	0	6.41248	4.63997	5.54715	5.97697	6.54078	7.91147	3.49433	4.94692	8.90533	6.85675	4.43165	0	0	8.55845	10.78004	1.06088	5.82102	8.71749	7.50327	6.25544	6.49696	10.00329	9.07049	8.19535	7.19066	6.2491	6.29412	6.29764	8.15169	0	9.21345	0	7.84306	7.21901	10.02006	9.58829	0	6.18907	0	7.01317	0	0	0	0	0	0	0	0	0	0	0	0	0	0	0	0	0	0	0	0	0	
0	0	0	11.8248	0	0	0	0	0	0	0	0	0	0	0	0	13.46429	0	0	0	0	0	7.51524	0	0	0	8.12175	6.87584	8.11605	9.09708	0	0	2.17957	0	0	8.72437	0	1.78409	0	5.16677	7.39253	0	1.06088	0	5.34619	11.34643	4.9885	9.32186	6.19896	5.80142	6.05357	6.97617	8.491	8.18642	6.73724	8.68962	7.04817	6.57355	7.43539	6.20734	8.09236	7.40491	8.58237	7.90854	8.96682	9.61435	5.62344	8.6258	9.09731	8.08244	7.1097	8.78709	5.71383	5.05502	7.78678	0	12.39919	0.62583	6.46989	9.6947	1.09977	4.7145	5.92462	0	0	0.34664	0	0	0	0	0	0	0	0	0	0	0	11.03886	0	12.66776	
0	0	7.02657	0	0	0	0	0	0	0	0	0	0	0	0	0	0	0	0	0	7.42237	0	0	0	0	9.23999	0	8.6019	0	7.82267	0	10.14296	9.54016	0	8.98558	0	0	5.43314	6.14451	0	7.78053	0	0	10.06441	10.40057	9.10208	1.48071	5.58967	2.09041	8.04939	9.29276	9.83256	5.51745	8.26024	7.58731	8.07022	3.10492	6.24713	8.71272	5.7404	3.05384	5.13797	6.18425	3.03285	4.47009	7.10536	4.83912	0	9.14609	5.62894	5.51639	6.09803	7.30605	8.25424	0.34664	0	6.19075	0	3.14591	6.87314	0	6.82962	0	0	0	0	0	0	5.48286	0	0	0	0	0	0	0	4.15675	0	0	0	
0	0	0	0	1.23744	0	0	0	0	0	0	0	7.25805	0	0	0	0	0	0	0	8.96691	8.4193	0	0	0	0	0	6.95629	0	0	0	0	9.46897	0	0	0	6.5897	0	4.9096	8.23395	0	0	6.52904	0	9.1669	0	4.76329	7.96117	5.3354	6.35753	11.16945	7.3292	8.87477	4.95055	7.72587	2.25819	0	8.10213	8.75097	6.26938	7.66525	4.8558	8.91237	7.37178	8.73065	8.58899	7.53869	5.89564	7.97796	6.13932	8.10442	0	0	8.81237	0	8.78155	6.73314	6.03286	0	0	0	0	0	0	10.2957	5.34508	0	0	0	0	0	0	0	0	0	0	8.50268	0	0	0	
0	0	0	0	0	0	0	0	3.63288	0	0	0	0	0	0	0	8.55465	2.85714	5.94384	0	0	0	0	0	5.60158	0	0	0	0	0	0	0	0	0	9.62149	9.0101	0	9.18047	0	0	0	0	9.48437	10.43211	0	11.94104	10.62703	8.03919	0	6.2412	0	11.56778	9.24646	8.38782	0	4.75858	0	7.28099	0	4.91413	8.7757	7.01922	4.46618	5.7094	6.771	7.34711	7.16268	5.43288	8.10613	8.67501	8.57911	5.41675	8.31442	7.21914	7.86847	5.50246	9.8106	4.58989	0	1.06088	5.39248	5.42931	10.47247	0	2.92777	13.2628	7.872	6.57334	7.79471	0	0.66339	0	0	8.4177	0	0	0	0	0	0	
0	0	0	0	0	0	0	0	0	0	0	0	0	0	0	0	0	0	0	0	5.84967	0	0	0	0	0	0	0	0	5.73169	0	0	0	0	10.44734	0	0	0	0	0	8.14124	0	9.39874	9.86821	5.56743	0	0	0	8.79411	5.64374	9.22698	0	0	6.055	5.58861	7.33448	0	0	7.76831	8.77992	10.79872	6.34698	2.6359	5.3509	6.58409	10.11182	2.39956	7.59155	8.82751	11.15388	8.73627	7.88878	5.91392	5.10479	5.29179	0	2.21838	0	7.20433	0	0	0	1.89356	0	0	0	9.83482	0	0	0	0	0	0	0	0	0	0	0	0	0	
0	0	0	0	8.16737	0	0	0	0	0	0	4.63789	0	7.83473	0	0	0	0	0	0	0	0	0	0	0	0	0	0	0	0	0	0	0	0	0	0	0	0	0	7.05696	0	0	6.93848	0	5.23605	0	1.49694	3.39292	0	0	8.94323	0	0	0	8.88309	0	0	0.85973	0	9.04686	7.51109	2.89923	5.75223	8.00558	6.97674	0	3.01515	5.00867	8.50901	8.51813	7.32407	8.38912	7.46233	5.5037	0	0	7.43906	4.13462	7.70957	3.83857	4.86996	7.31575	1.99534	0	10.69667	0	6.79062	9.50944	0	6.40024	0	0	0	0	1.89356	0	0	0	0	0	
0	0	0	0	0	0	0	0	0	0	0	0	0	0	0	0	0	7.91697	0	0	0	8.47542	8.75837	0	0	0	7.94058	0	0	0	0	0	0	9.75565	5.52524	0	0	0	0	0	0	0	0	0	0	0	0	0	0	0	0.85973	0	0	0	0	7.01324	11.06592	9.82585	6.69554	2.41816	0	7.27155	6.36985	0	7.6974	7.00254	8.62866	7.49	5.9633	4.47829	7.77148	5.53285	7.75488	6.60937	7.55472	7.1691	5.16079	0	8.93284	6.15784	0	0	10.48361	0	6.51027	9.1663	1.23744	3.89232	0	9.9874	0	0	0	0	0	0	7.80173	0	0	0	
0	0	0	0	0	0	0	0	7.86302	0	0	7.42465	0	0	0	0	0	0	0	0	0	0	0	0	0	0	0	11.42818	0	0	0	0	0	0	0	0	0	0	0	9.25332	0	0	0	0	0	4.30285	0	4.6995	5.98772	0	0	10.03731	0	0	0	0	0	0	8.23342	0	7.47755	0	8.51591	8.36263	7.30438	5.15033	6.63463	0	0	7.2566	8.13425	3.66412	8.95651	9.2399	6.87956	10.96457	2.78919	0	0	8.18913	8.24503	8.02704	9.32552	8.81754	5.79957	0	0.62583	0	0	0	7.34255	0	8.94336	0	0	0	0	0	0	0	
0	0	0	0	0	0	0	0	0	0	0	0	0	8.65331	0	0	0	0	0	5.29606	0	0	0	0	0	3.22213	0	0	0	0	0	0	0	0	7.93098	0	0	6.75268	0	0	10.12588	0	1.39468	12.67598	1.66557	0	0	0	0	0	5.77526	7.43148	0	0	8.55778	0	0	0	0	7.59314	5.34518	0	3.5996	8.51129	6.37992	5.71014	8.61171	3.31633	0	5.42397	7.55295	0	7.75436	6.73972	8.85206	7.08515	4.88	6.10248	7.06505	4.46692	0	7.94794	7.43601	4.76467	2.65794	0	0	9.72094	2.39597	0	9.31141	0	0	7.69047	0	0	0	0	4.19328	0	
0	0	0	0	0	0	0	11.61949	0	0	0	0	0	0	0	0	0	0	0	0	0	0	3.10492	0	0	0	0	0	9.88985	0	0	0	0	0	10.83756	0	0	10.55594	0	0	0	6.52186	0	0	0	0	6.8852	0	0	0	0	0	10.51717	0	0	0	2.57462	9.41891	0	4.88088	7.63725	0	0	6.3657	0	5.8854	0	8.6077	6.53083	12.33581	9.83643	6.48459	7.90343	5.82276	6.94485	5.65712	10.23985	2.68507	6.40499	6.51541	7.35268	6.53469	6.91347	0	8.0141	0	6.67652	4.62584	0	0	12.87695	8.70272	0	0	0	0	8.48966	0	0	0	
0	0	0	0	0	0	0	0	4.75858	0	0	0	0	0	0	0	0	0	0	0	0	0	0	0	0	0	0	0	0	0	0	0	0	0	0	0	0	5.48233	0	0	0	0	0	0	0	0	0	0	0	5.60862	0	5.62965	0	4.39466	0	0	4.17855	11.40237	0	0	3.39292	0	8.94243	11.02784	7.28594	7.04898	0	0	8.46647	8.78483	0	5.68676	5.1644	10.42243	7.88749	8.99937	0	3.68837	7.88472	7.61513	5.26573	11.20921	5.11573	1.39468	0	0	2.58012	0	0	0	0	0	7.05797	7.34697	7.15462	0	0	0	0	0	
0	0	0	0	0	0	0	9.71302	0	0	0	0	0	0	0	0	0	0	0	0	0	0	0	0	0	0	0	0	0	0	0	0	0	0	0	0	0	4.84813	0	7.85349	0	0	0	0	0	0	0	0	0	0	4.64223	0	0	9.20391	4.92464	0	0	7.82201	10.83285	10.1694	0	0.85973	0	7.33614	9.7218	10.55542	0	0	8.52879	7.19745	8.29209	3.72332	5.56758	8.84516	2.62281	7.32231	6.87788	0	8.80178	7.44208	8.31043	9.28653	6.18148	11.05738	7.53781	0	0	3.94177	0	0	6.0243	0	0	0	0	10.73886	0	0	0	0	
0	0	0	0	0	0	0	0	0	0	0	0	0	0	0	0	0	0	0	0	0	0	0	0	0	12.21122	0	0	0	0	0	0	0	0	0	0	0	7.19528	0	0	0	0	0	0	10.70631	0	0	0	7.22701	0	0	0	0	0	0	0.85973	0	0	0	0	0	0	8.3059	0	0	7.57495	6.51367	7.49073	0.62583	7.29685	3.04739	0	10.96009	0	8.50807	5.96302	3.86569	6.87297	5.16726	5.70654	3.59394	0	6.01312	0	11.47131	6.90672	0	0	0	0	10.57559	0	0	0	0	0	0	1.99534	0	0	
0	0	0	0	0	0	0	0	0	0	0	0	8.83672	0	0	0	0	0	1.78409	0	0	0	0	0	0	0	0	0	0	0	0	0	0	0	0	0	0	0	0	0	0	0	0	0	0	0	0	8.82208	0	0	1.06088	0	11.62583	0	0	0	0	0	0	5.34363	0	0	0	6.52322	5.92462	11.40221	8.48662	0	8.00147	0	0	9.31326	0	0	0	1.94608	7.45879	8.63709	5.71712	6.10914	0	5.41108	5.80039	3.67825	7.76027	4.18672	4.719	0	7.98919	0	0	0	0	6.81865	0	0	0	0	0	0	
0	0	0	0	0	0	0	0	0	0	0	0	0	0	0	0	0	0	0	0	0	0	0	0	0	0	0	0	0	0	0	0	11.54252	0	0	0	0	0	0	0	2.09041	0	0	0	0	0	0	0	0	0	0	0	0	0	0	0	8.33682	0	0	0	12.83587	0	0	4.08119	0	7.68476	0	0	7.37975	0	0	0	7.47176	0	0	2.62281	0	0	5.40609	8.61514	7.88107	6.1062	8.91915	0	5.76809	0	0.62583	0	2.09041	0.34664	6.82115	4.88828	4.94721	0	0	0	0	0	0	0	
0	0	0	0	0	0	0	2.32677	0	0	0	0	0	0	0	0	0	0	0	0	0	0	0	0	0	0	0	5.214	0	0	0	0	0	0	0	0	0	0	0	0	0	0	0	0	0	0	0	0	0	0	0	0	0	0	0	0	0	0	0	0	0	0	0	0	0	0	0	0	0	0	3.15341	5.32483	7.56341	0	0	8.29509	10.6033	0	10.41517	11.32521	0	6.22101	0	6.13992	1.78409	8.71194	0	9.26186	0	6.01826	0	11.07527	0	0	0	9.37238	0	0	0	0	
0	0	0	0	0	0	0	0	0	0	0	0	0	0	0	0	0	0	0	0	11.75896	0	0	0	0	0	0	0	0	0	8.39623	0	0	0	0	0	0	0	0	0	0	0	0	0	0	0	0	0	0	0	0	0	0	0	0	0	0	0	0	10.88867	0	0	0	0	7.37831	8.32472	5.83138	7.50576	0	0	0	0	0	0	0	1.99534	7.02168	4.5233	0	0	5.44878	0	0	0	4.33395	7.39237	7.83695	5.47227	8.37868	0	10.74472	5.7094	4.6995	10.55151	0	6.72547	0	0	0	0	
0	0	0	0	0	0	0	0	0	0	0	0	0	0	0	0	0	0	0	0	0	0	0	0	0	0	0	0	0	0	0	0	0	0	0	0	0	0	0	0	0	0	0	0	0	0	0	0	5.69434	0	0	0	0	0	0	0	0	0	0	0	0	0	0	0	0	0	0	0	0	6.83247	11.31802	10.75587	6.66157	0	8.65817	6.12877	0	9.2374	0.34664	0	0	7.80175	8.66976	0	4.64609	0	1.5365	0	0	5.90535	0	1.51188	2.52307	0	2.55778	0	0	0	0	0	
0	0	0	0	0	0	0	0	0	0	0	0	0	0	0	10.07544	0	0	0	0	0	0	0	0	0	0	0	0	0	0	0	0	0	0	7.93579	0	0	0	0	0	0	0	0	0	0	0	0	0	0	0	0	0	0	0	0	0	0	0	0	0	0	0	0	0	0	0	0	5.01028	0	0	0	0	0	9.25546	0	0	0	0	0	0	0	2.68507	0	0	4.13684	0	5.78055	3.66287	6.43076	10.58272	7.69803	0	9.22632	0	0	0	0	0	0	0	
0	0	0	0	0	0	0	0	0	0	0	0	0	0	0	0	0	0	0	0	0	0	0	0	0	0	0	0	0	0	0	0	0	0	0	0	0	0	0	0	0	0	0	0	0	0	0	0	8.52837	0.34664	0	0	0	0	0	0	0	0	0	13.48682	0	0	0	0	0	7.46091	0	0	0	0	0	8.09327	0	0	0	0	0	12.35919	0	7.69153	11.53224	0	0	8.91428	0	0	0	0	0	0	0	0	0	0	0	0	0	0	0	0	
0	0	0	0	0	0	0	0	0	0	0	0	0	0	0	0	0	0	0	0	0	0	0	0	0	0	0	0	0	0	0	0	0	0	0	0	0	0	0	0	0	0	0	0	0	3.6947	0	0	0	0	0	0	0	0	0	3.49731	0	0	13.52631	0	0	0	0	0	10.2123	0	0	0	0	0	0	8.14401	0	3.23545	0	0	7.82957	0	0	0	3.10721	4.90231	5.73027	8.57355	0	0	0	8.51665	10.1953	0	3.27645	10.99903	11.39815	0	0	0	0	0	0	0	
0	0	0	0	0	0	0	0	0	0	0	0	0	0	0	0	0	0	0	0	0	0	0	0	0	0	0	0	0	0	0	0	0	0	0	0	0	0	0	0	0	0	0	0	0	0	0	0	0	0	0	0	0	0	0	0	0	0	0	0	0	0	0	0	0	0	0	0	0	0	0	0	0	0	0	0	0	0	0	0	0	0	0	0	0	0	2.26358	0	0	0	0	10.16905	0	0	0	0	0	0	0	0	
0	0	0	0	0	0	0	0	0	0	0	0	0	0	0	0	0	0	0	0	0	0	0	0	0	0	0	0	0	0	0	0	0	0	0	0	0	0	0	0	0	0	0	0	0	0	0	0	0	0	0	0	0	0	0	0	0	0	0	0	0	0	0	0	0	0	0	0	0	0	9.03985	0	0	0	0	0	1.39468	0	0	8.94714	0	0	0	8.71241	0	0	0	0	0	0	6.7936	13.67605	0	0	0	0	0	0	0	0	
0	0	0	0	0	0	0	0	0	0	0	0	0	0	0	0	0	0	0	0	0	0	0	0	0	0	0	0	0	0	0	0	0	0	0	0	0	0	0	0	0	0	0	0	0	0	0	0	0	0	0	0	0	0	0	0	0	0	0	1.89356	0	0	0	0	0	0	0	0	0	0	6.79768	0	0	0	0	0	0	0	0	0	0	0	0	0	0	0	2.68507	0	0	0	0	0	0	0	0	0	0	0	0	0	
0	0	0	0	0	0	0	0	0	0	0	0	0	0	0	0	0	0	0	0	0	0	0	0	0	0	0	0	0	0	0	0	0	0	0	0	0	0	0	0	0	0	0	0	0	0	0	0	0	0	0	0	0	0	0	0	0	0	0	0	0	0	0	0	0	0	0	0	0	8.6572	3.14976	0	0	0	0	0	0	0	9.86654	0	0	0	0	0	0	0	0	0	7.06383	3.72465	0	0	0	0	0	0	0	0	0	0	
0	0	0	0	0	0	0	0	0	0	0	0	0	0	0	0	0	0	0	0	0	0	0	0	0	0	0	0	0	0	0	0	0	0	0	0	0	0	0	0	0	0	0	0	0	0	0	0	0	0	0	0	0	0	0	0	0	0	0	0	0	0	0	0	0	0	0	0	0	0	0	0	0	0	0	0	0	0	0	0	0	0	0	0	0	0	0	0	0	0	0	0	0	0	0	0	0	0	0	0	
0	0	0	0	0	0	0	0	0	0	0	0	0	0	0	0	0	0	0	0	0	0	0	0	0	0	0	0	0	0	0	0	0	0	0	0	0	0	0	0	0	0	0	0	0	0	0	0	0	0	0	0	0	0	0	0	0	0	6.82903	0	0	0	0	0	0	0	0	0	0	0	0	0	0	0	0	6.88976	0	0	0	0	0	0	0	0	0	0	0	0	0	0	0	0	0	0	0	0	0	0	0	0	
0	0	0	0	0	0	0	0	0	0	0	0	0	0	0	0	0	0	0	0	0	0	0	0	0	0	0	0	0	0	0	0	6.48425	0	0	0	0	0	0	0	0	0	0	0	0	0	0	0	0	0	3.05866	0	0	0	0	0	0	0	0	0	0	0	2.74472	0	0	0	0	0	0	0	0	0	0	0	0	2.55778	0	0	0	0	0	0	0	0	0	0	0	0	0	0	0	0	0	0	0	0	0	0	0	0	
0	0	0	0	0	0	0	0	0	0	0	0	0	0	0	0	0	0	0	0	0	0	0	0	0	0	0	0	0	0	0	0	0	0	0	0	0	0	0	0	0	0	0	0	0	0	0	0	0	0	0	0	0	0	0	0	0	0	0	0	0	0	0	0	0	0	0	0	0	0	0	0	0	0	0	0	0	0	0	0	0	0	0	0	0	0	0	0	0	0	0	0	0	0	0	0	0	0	0	0	
0	0	0	0	0	0	0	0	0	0	0	0	0	0	0	0	0	0	0	0	0	0	0	0	0	0	0	0	0	0	0	0	0	0	0	0	0	0	0	0	0	0	0	0	0	0	0	0	0	0	0	0	0	0	0	0	0	0	0	0	0	0	0	0	0	0	0	0	0	0	0	0	0	0	0	0	0	0	0	0	0	0	0	0	0	0	0	0	0	0	0	0	0	0	0	0	0	0	0	0	
0	0	0	0	0	0	0	0	0	0	0	0	0	0	0	0	0	0	0	0	0	0	0	0	0	0	0	0	0	0	0	0	0	0	0	0	0	0	0	0	0	0	0	0	0	0	0	0	0	0	0	0	0	0	0	0	0	0	0	0	0	0	0	0	0	0	0	0	0	0	0	0	0	0	0	0	0	0	0	0	0	0	0	0	0	0	0	0	0	0	0	0	0	0	0	0	0	0	0	0	
0	0	0	0	0	0	0	0	0	0	0	0	0	0	0	0	0	0	0	0	0	0	0	0	0	0	0	0	0	0	0	0	0	0	0	0	0	0	0	0	0	0	0	0	0	0	0	0	0	0	0	0	0	0	0	0	0	0	0	0	0	0	0	0	0	0	0	0	0	0	0	0	0	0	0	0	0	0	0	0	0	0	0	0	0	0	0	0	0	0	0	0	0	0	0	0	0	0	0	0	
0	0	0	0	0	0	0	0	0	0	0	0	0	0	0	0	0	0	0	0	0	0	0	0	0	0	0	0	0	0	0	0	0	0	0	0	0	0	0	0	0	0	0	0	0	0	0	0	0	0	0	0	0	0	0	0	0	0	0	0	0	0	0	0	0	0	0	0	0	0	0	0	0	0	0	0	0	0	0	0	0	6.91595	0	0	0	0	0	0	0	0	0	0	0	0	0	0	0	0	0	0	
0	0	0	0	0	0	0	0	0	0	0	0	0	0	0	0	0	0	0	0	0	0	0	0	0	0	0	0	0	0	0	0	0	0	0	0	0	0	0	0	0	0	0	0	0	0	0	10.91792	0	0	0	0	0	0	0	0	0	0	0	0	0	0	0	0	0	0	0	0	0	0	0	0	0	0	8.09414	0	0	0	0	0	0	0	0	0	0	0	0	0	0	0	0	0	0	0	0	0	0	0	0	0	
