0	0	0	0	0	0	0	0	0	0	0	0	0	0	0	0	0	0	0	0	0	0	0	0	0	0	0	0	0	0	0	0	0	0	0	0	0	0	0	0	0	0	0	0	0	0	0	0	0	0	0	10.6307	0	0	0	0	0	0	0	0	0	0	0	0	0	0	0	0	0	0	0	0	0	0	0	0	0	0	0	0	0	0	0	0	0	0	0	0	0	0	0	0	0	0	0	0	0	0	0	0	
0	0	0	0	0	0	0	0	0	0	0	0	0	0	0	0	0	0	0	0	0	0	0	0	0	0	0	0	0	0	0	0	0	0	0	0	0	0	0	0	0	0	0	0	0	0	0	12.3614	0	0	0	0	0	0	0	0	0	0	0	0	0	0	0	8.17936	0	0	0	0	0	0	0	0	0	0	0	0	0	0	0	0	0	0	0	0	0	0	0	0	0	0	0	0	0	0	0	0	0	0	0	0	
0	0	0	0	0	0	0	0	0	0	0	0	0	0	0	0	0	0	0	0	0	0	0	0	0	0	0	0	0	0	0	0	0	0	0	0	0	0	0	0	0	0	0	0	0	0	0	0	0	0	0	0	0	0	8.96205	0	0	0	0	0	0	0	0	0	0	0	0	0	0	0	0	0	0	0	0	0	0	0	0	0	0	0	0	0	0	0	0	0	0	0	0	0	0	0	0	0	0	0	0	0	
0	0	0	0	0	0	0	0	0	0	0	0	0	0	0	0	0	0	0	0	0	0	0	0	0	0	0	0	0	0	0	0	0	0	0	0	0	0	0	0	0	0	0	0	0	0	14.34534	10.39932	0	0	0	0	0	0	0	0	0	0	0	0	0	0	0	0	0	0	0	0	0	0	0	0	0	0	0	0	0	0	0	0	0	0	0	0	0	0	0	0	0	0	0	0	0	0	0	0	0	0	0	0	
0	0	0	0	0	0	0	0	0	0	0	0	0	0	0	0	0	0	0	0	0	0	0	0	0	0	0	0	0	0	0	0	0	0	0	0	0	7.95164	0	0	0	0	0	13.39439	0	0	0	0	0	0	0	0	0	0	0	0	0	0	0	0	0	0	0	0	0	0	0	0	0	0	0	0	0	0	0	0	0	0	0	0	0	0	0	0	0	0	0	0	0	0	0	0	0	0	0	0	0	0	0	0	
0	0	0	0	0	0	0	0	0	0	0	0	0	0	0	0	0	0	0	0	0	0	0	0	0	0	0	0	0	0	0	0	0	0	0	0	0	0	0	0	0	0	0	0	0	0	0	0	0	0	0	0	0	0	0	0	0	0	0	0	0	0	0	0	0	0	0	0	0	0	0	0	8.02185	0	0	0	0	0	0	0	0	0	0	0	0	0	0	0	0	0	0	0	0	0	0	0	0	0	0	0	
0	0	0	0	0	0	0	0	0	0	0	0	0	0	0	0	0	0	0	0	0	0	0	0	0	0	0	0	0	0	0	0	0	0	0	0	0	0	0	0	0	0	0	0	0	0	0	0	0	0	0	0	0	0	0	0	0	0	0	0	0	0	0	0	0	0	0	0	0	0	0	0	0	0	10.71637	0	0	0	0	0	0	0	0	0	0	0	0	0	0	0	0	0	0	0	0	0	0	0	0	0	
0	0	0	0	0	0	0	0	0	0	0	0	0	0	0	0	0	0	0	0	0	0	0	0	0	0	0	0	0	0	0	0	0	0	0	0	0	0	0	0	0	0	0	0	0	0	0	0	0	0	0	8.37759	0	0	0	12.68097	0	0	13.86488	0	0	0	0	0	0	0	0	0	0	0	0	0	0	0	0	0	0	0	0	0	0	0	0	0	0	0	0	0	0	0	0	0	0	0	0	0	0	0	0	0	
0	0	0	0	0	0	0	0	0	0	0	0	0	0	0	0	0	0	0	0	0	0	0	0	0	0	0	0	12.30911	0	0	0	0	0	0	0	0	0	0	0	0	0	0	0	0	0	0	0	0	0	0	0	0	0	0	0	0	0	0	0	0	0	0	0	0	0	0	11.01494	0	0	0	0	0	0	0	0	0	0	0	0	0	0	0	0	0	0	0	0	0	0	0	0	0	0	0	0	0	0	0	0	
0	0	0	0	0	0	0	0	0	0	0	0	0	0	0	0	0	0	0	0	0	0	0	0	0	0	0	0	0	0	0	0	0	0	0	0	0	0	0	0	0	0	0	0	0	0	0	0	0	0	0	0	0	0	0	6.79968	0	0	0	0	0	0	0	0	0	0	0	0	0	0	0	0	0	0	0	0	0	0	0	0	0	0	0	0	0	0	0	0	0	0	0	0	0	0	0	0	0	0	0	0	
0	0	0	0	0	0	0	0	0	0	0	0	0	0	0	0	0	0	0	0	0	0	0	0	0	0	0	0	0	0	0	0	0	0	0	0	0	0	0	0	0	0	0	0	0	0	0	0	0	0	0	0	0	0	0	0	0	0	0	0	0	0	0	0	0	0	0	8.12571	0	0	0	0	0	0	0	0	0	0	0	0	0	0	0	0	0	0	0	0	0	0	0	0	0	0	0	0	0	0	0	0	
0	0	0	0	0	0	0	0	0	0	0	0	0	0	0	0	0	0	0	0	0	0	0	0	0	0	0	0	0	0	0	0	0	0	0	0	0	0	0	0	0	0	0	0	0	0	0	0	0	0	0	0	3.44314	0	0	0	2.47882	0	0	0	0	0	0	0	0	0	0	0	0	0	0	7.53512	0	0	0	0	0	0	0	0	0	0	0	0	0	0	0	0	0	0	0	0	0	0	0	0	0	0	0	0	
0	0	0	0	0	0	0	0	0	0	0	0	0	0	0	0	0	0	0	0	0	0	0	0	0	0	0	0	0	0	0	0	0	0	0	0	0	0	0	0	0	0	0	0	0	0	0	0	11.26893	0	0	0	12.15127	0	0	0	0	0	0	0	0	0	0	0	0	0	0	3.91736	0	0	0	0	0	0	0	0	0	0	0	0	0	0	0	0	0	0	0	0	0	0	0	0	0	0	0	0	0	0	0	0	
0	0	0	0	0	0	0	0	0	0	0	0	0	0	0	0	0	0	0	0	0	0	0	0	0	0	0	0	0	0	12.45111	0	0	0	0	0	0	0	0	4.27368	0	0	0	0	0	0	0	8.22259	0	0	0	0	0	0	0	0	0	5.96291	9.94417	0	10.71987	0	0	9.81454	0	0	0	0	0	0	0	0	0	0	0	0	0	0	0	0	0	0	0	0	0	0	0	0	0	0	0	0	0	0	0	0	0	0	0	0	
0	0	0	0	0	0	0	0	0	0	0	0	0	0	0	0	0	0	0	0	0	0	0	0	0	0	0	0	0	0	0	0	0	0	0	0	0	0	0	0	0	0	0	0	0	0	0	0	0	0	0	0	0	0	7.47077	0	0	0	0	0	0	0	0	0	0	0	0	0	0	0	0	0	0	0	0	0	0	0	0	0	0	0	0	0	0	0	0	0	0	0	0	0	0	0	0	0	0	0	0	0	
0	0	0	0	0	0	0	0	0	0	0	0	0	0	0	0	0	0	0	0	0	0	0	0	0	0	0	0	0	0	0	0	0	0	0	0	0	0	0	0	0	0	11.23492	0	0	0	0	0	0	0	0	0	9.29337	0	0	0	0	0	0	10.98118	0	0	0	0	0	0	0	0	0	0	0	2.73199	0	0	0	0	0	0	0	0	0	0	0	0	0	0	0	0	0	0	0	0	0	0	0	0	0	0	0	0	
0	0	0	0	0	0	0	0	0	0	0	0	0	0	0	0	0	0	0	0	0	0	0	0	0	0	0	0	0	0	0	0	0	0	0	0	0	0	0	0	0	0	0	7.92667	0	0	0	10.54612	0	0	0	8.43338	0	0	0	0	0	0	4.50412	0	0	0	0	0	0	0	0	0	0	0	0	0	0	0	0	0	0	0	0	0	0	0	0	0	0	0	0	0	0	0	0	0	0	0	0	0	0	0	0	0	
0	0	0	0	0	0	0	0	0	0	0	0	0	0	0	0	0	0	0	0	0	0	0	0	0	0	0	0	0	0	0	0	0	0	0	0	0	0	0	0	0	0	7.72988	0	0	0	0	0	0	0	0	0	0	0	0	7.99218	0	0	0	0	0	0	0	0	0	0	3.44314	0	5.74301	0	0	0	0	0	0	0	0	0	0	0	0	0	0	0	0	0	0	0	0	0	0	0	0	0	0	0	0	0	0	0	
0	0	0	0	0	0	0	0	0	0	0	0	0	0	0	0	0	0	0	0	0	0	0	0	0	0	0	0	0	0	0	0	0	0	0	0	0	0	0	0	13.55586	0	0	0	0	0	0	0	0	0	0	0	0	0	0	0	0	0	0	0	0	0	0	0	0	0	0	0	0	0	0	0	0	0	0	0	0	0	0	0	0	0	0	0	0	0	0	0	0	0	0	0	0	0	0	0	0	0	0	0	
0	0	0	0	0	0	0	0	0	0	0	0	0	0	0	0	0	0	0	0	0	0	0	0	0	0	0	0	0	0	0	0	0	0	0	0	0	0	0	0	0	0	0	0	0	0	0	7.1507	0	0	8.02627	0	0	0	0	0	0	0	0	0	0	0	0	0	0	0	0	0	0	0	0	0	0	0	0	0	9.07109	0	0	0	0	0	0	0	0	0	0	0	0	0	0	0	0	0	0	0	0	0	0	0	
0	0	0	0	0	0	0	0	0	0	0	0	0	0	0	0	0	0	0	0	0	0	0	0	0	0	0	0	0	0	0	0	0	0	0	0	0	0	0	0	0	0	0	0	0	0	0	11.0297	0	0	8.55442	10.92628	0	0	0	0	7.37284	0	11.9323	0	7.58633	0	0	0	0	11.88935	0	0	0	0	0	0	0	0	0	0	0	0	0	0	0	0	0	0	0	0	0	0	0	0	0	0	0	0	0	0	0	0	0	0	
0	0	0	0	0	0	0	0	0	0	0	0	0	0	0	0	0	0	0	0	0	0	0	0	0	0	0	0	0	0	0	0	0	0	0	0	0	0	0	0	0	8.82514	0	0	0	0	0	0	0	0	0	0	0	0	0	0	0	0	0	0	0	0	0	0	0	0	0	0	0.43584	0	0	0	0	0	0	0	0	0	0	0	0	0	0	0	0	0	0	0	0	0	0	0	0	0	0	0	0	0	0	0	
0	0	0	0	0	0	0	0	0	0	0	0	0	0	0	0	0	0	0	0	0	0	0	0	0	0	0	0	0	0	0	11.06028	13.41676	0	0	0	0	0	0	0	0	0	0	0	0	0	0	10.58671	0	0	0	0	0	0	0	0	0	0	0	0	0	0	0	3.00983	0	0	0	3.29547	0	0	0	0	0	0	0	0	0	0	0	0	0	0	0	0	0	0	0	0	0	0	0	0	0	0	0	0	0	0	0	0	
0	0	0	0	0	0	0	0	0	0	0	0	0	0	0	0	0	0	0	0	0	0	0	0	0	0	0	0	0	0	0	12.8482	0	0	8.40179	0	0	0	0	0	0	0	0	0	0	0	0	0	0	0	0	0	0	0	0	0	0	0	0	0	0	0	0	0	0	0	0	0	0	0	0	0	0	0	0	0	0	0	0	0	0	0	0	0	0	0	0	0	0	0	0	0	0	0	0	0	0	0	0	0	
0	0	0	0	0	0	0	0	0	0	0	0	0	0	0	0	0	0	0	0	0	0	0	0	0	0	0	0	0	0	0	0	0	0	0	0	0	0	0	0	0	0	0	10.0881	0	0	0	0	0	14.40677	0	0	0	0	9.88888	0	0	0	0	0	0	0	0	0	0	0	0	0	0	0	0	0	0	0	0	0	0	0	0	7.68161	0	0	0	0	0	0	0	0	0	0	0	0	0	0	0	0	0	0	0	0	
0	0	0	0	0	0	0	0	0	0	0	0	0	0	0	0	0	0	0	0	0	0	0	0	0	0	0	0	0	0	0	0	6.00314	0	0	0	0	0	0	0	0	0	0	0	0	0	0	3.39558	0	0	6.02836	11.10376	0	0	0	0	0	0	9.42505	0	0	0	0	0	0	0	0	0	0	0	4.1644	0	0	0	0	0	0	0	0	0	0	0	0	0	0	7.11672	0	0	0	0	0	0	0	0	0	0	0	0	0	0	
0	0	0	0	0	0	0	0	0	0	0	0	0	0	0	0	0	0	0	0	0	0	0	0	0	0	0	0	0	0	0	0	0	0	0	0	0	0	0	8.82738	0	0	0	0	15.11275	0	6.57259	0	0	0	0	0	0	0	0	0	0	0	0	0	0	0	0	0	0	0	0	0	0	2.73199	0	0	0	0	0	0	0	0	0	0	0	0	0	0	0	0	0	0	0	0	0	0	0	0	0	0	0	0	0	0	
0	0	0	0	0	0	0	0	0	0	0	0	0	0	0	0	0	0	0	0	0	0	0	0	0	0	0	0	0	0	0	0	0	0	0	7.35101	0	0	0	0	0	0	0	0	0	0	0	8.06429	0	0	0	0	0	9.47534	0	0	0	0	0	0	8.28917	0	0	0	0	0	0	0	0	0	0	0	0	0	0	0	0	0	0	0	0	0	0	0	0	0	0	0	0	0	0	0	0	0	2.38758	0	0	0	0	0	
0	0	0	0	0	0	0	0	0	0	0	0	0	0	0	0	0	0	0	0	0	0	0	0	0	0	0	0	0	0	0	0	0	0	0	0	0	0	0	0	0	13.63799	0	0	0	0	0	0	0	0	0	0	9.37381	0	0	0	0	0	0	0	0	0	0	0	0	0	0	7.63578	0	0	0	3.61912	0	0	0	0	0	0	0	0	0	0	0	0	0	0	0	0	0	0	0	0	0	0	0	0	0	0	0	0	
0	0	0	0	0	0	0	0	0	0	0	0	0	0	0	0	0	0	0	0	0	0	0	0	0	0	0	0	0	0	0	0	0	0	0	0	0	0	0	0	8.68627	0	0	0	10.00931	0	0	4.8557	0	0	3.65995	10.88651	0	0	0	9.50986	0	0	6.64047	0	11.55377	0	0	0	0	0	0	0	3.69965	0	0	0	0	0	0	0	0	0	0	0	0	0	0	0	0	0	0	0	0	0	0	0	0	0	0	1.26957	0	0	0	0	
0	0	0	0	0	0	0	0	0	0	0	0	0	0	0	0	0	0	0	0	0	0	0	0	0	0	0	0	0	0	0	0	0	0	0	0	0	0	0	0	0	0	0	0	11.618	0	0	0	0	4.37525	0	0	3.77594	0	0	0	0	7.56068	0	0	0	3.61912	0	0	0	0	0	0	0	0	0	0	0	0	0	0	0	0	0	0	0	0	0	0	0	0	0	0	0	0	0	0	0	0	0	0	0	0	0	0	
0	0	0	0	0	0	0	0	0	0	0	0	0	0	0	0	0	0	0	0	0	0	0	0	0	0	0	0	0	0	0	0	0	0	0	0	0	0	0	0	0	0	0	9.18563	0	0	12.86153	0	0	0	8.54082	0	0	0	0	0	0	0	0	6.88826	0	0	0	0	8.87585	0	0	1.4666	0	0	0	0	9.00527	0	0	0	8.99134	0	0	0	0	0	0	0	0	0	0	0	0	0	0	0	0	0	0	0	0	0	0	0	
0	0	0	0	0	0	0	0	0	0	0	0	0	0	0	0	0	0	0	0	0	0	0	0	0	0	0	0	0	0	0	0	0	0	0	0	0	0	0	0	0	0	0	0	5.35146	3.00983	0	10.6821	0	0	0	11.49399	2.38758	0	0	10.79867	0	0	0	0	0	0	0	0	0	0	5.07913	12.58294	0	0	0	0	0	11.19662	0	0	0	0	0	0	0	0	0	0	0	0	0	0	0	0	0	0	0	0	0	0	0	0	0	0	
0	0	0	0	0	0	0	0	0	0	0	0	0	0	0	0	0	0	0	0	0	0	0	0	0	0	0	0	0	0	0	0	0	0	0	0	0	9.68266	0	0	0	0	0	0	0	0	0	0	6.21662	0	0	9.76886	0	0	14.62422	0	6.16791	0	0	8.16524	0	3.61912	0	0	0	0	0	0	0	0	0	0	0	0	5.94726	2.94521	0	0	0	0	0	0	0	0	0	0	0	0	0	0	0	0	0	0	0	0	0	0	0	0	
0	0	0	0	0	0	0	0	0	0	0	0	0	0	0	0	0	0	0	0	0	0	0	0	0	0	0	0	0	0	0	0	0	0	0	0	0	0	0	0	0	0	15.07099	0	0	10.67806	0	12.71853	0	0	10.25647	0	13.67756	0	9.77675	0	0	0	0	0	0	0	0	8.72887	0	0	0	8.45206	0	0	4.447	0	0	0	0	0	0	0	2.57005	0	0	0	0	0	0	0	0	0	0	0	0	0	0	0	0	0	0	0	0	0	
0	0	0	0	0	0	0	0	0	0	0	0	0	0	0	0	0	0	0	0	0	0	0	0	0	0	0	0	0	0	0	0	0	0	0	0	0	0	0	0	0	0	0	0	0	0	0	9.56666	9.18388	0	0	6.93891	0	0	0	0	0	0	0	0	0	0	0	0	5.76189	0	0	0	0	0	0	0	0	0	0	0	0	0	0	0	0	0	0	0	0	0	0	0	0	0	6.99982	0	0	0	0	0	0	0	0	0	
0	0	0	0	0	0	0	0	0	0	0	0	0	0	0	0	0	0	0	0	0	0	0	0	0	0	0	0	0	0	0	0	0	0	0	0	0	0	0	0	0	0	0	0	0	0	0	10.83451	0	0	0	0	10.02844	13.12514	0	0	0	0	11.39199	5.01762	0	0	0	0	0	0	0	0	0	0	0	0	0	0	0	0	0	0	0	0	0	0	0	0	0	0	0	0	0	0	0	0	0	0	0	0	0	0	6.9798	0	
0	0	0	0	0	0	0	0	0	0	0	0	0	0	0	0	0	0	0	0	0	0	0	0	0	0	0	0	0	0	0	0	0	0	0	0	0	0	0	0	0	0	9.17774	0	0	0	0	0	0	9.53005	0	6.11749	0	6.78129	0	0	0	0	0	0	0	0	0	0	9.84916	0	0	0	0	0	0	0	0	0	0	0	11.33129	0	0	0	0	0	0	0	0	0	0	0	0	0	0	0	0	0	0	0	0	0	0	0	
0	0	0	0	0	0	0	0	0	0	0	0	10.26228	0	0	0	0	0	0	0	0	0	0	0	0	0	0	0	0	0	7.72267	0	0	0	0	0	0	0	0	0	0	0	10.59977	0	0	0	0	3.57709	0	0	11.22156	0	0	3.39558	0	0	10.74109	0	0	0	0	0	0	9.26139	2.80663	10.99695	0	0	0	0	0	0	0	0	0	0	0	0	0	0	0	0	0	0	0	0	0	0	0	0	0	0	0	0	0	0	0	0	0	0	
0	0	0	0	0	0	0	0	0	0	0	0	0	0	0	0	0	0	0	0	0	0	0	0	0	0	0	0	0	0	0	0	0	0	0	0	0	0	0	0	0	0	0	0	0	11.67574	8.30856	0	4.39957	11.99124	1.63988	8.31131	11.47038	0	10.88866	10.90061	0	0	0	0	9.1304	0	0	0	0	0	0	0	0	7.9111	0	0	0	0	0	0	2.68884	0	0	0	0	0	0	0	0	0	0	0	0	0	0	0	0	0	0	0	0	0	0	0	
0	0	0	0	0	0	0	0	0	0	0	0	0	0	0	9.38907	0	0	0	0	0	0	0	0	0	0	0	0	0	0	0	0	0	0	0	6.71502	11.88505	0	0	0	0	0	0	6.9595	0	11.63265	9.08386	7.70326	2.87759	7.8428	0	0	3.77594	0	10.92654	0	0	0	0	5.16674	0	8.14021	0	10.83646	0	9.55994	0	0	11.3762	0	5.1236	0	0	0	0	10.25309	0	2.48169	0	4.08356	0	0	0	0	0	0	0	0	0	0	6.87531	0	0	0	0	0	0	0	0	0	
0	0	0	0	0	0	0	0	0	0	0	0	0	0	0	0	0	0	0	0	0	0	0	0	0	0	10.34208	0	0	0	0	3.7383	0	0	5.1948	0	0	0	0	0	10.52702	0	0	0	0	0	0	0	9.21532	7.66616	2.06164	10.79896	8.4737	0	9.88027	0	14.13293	0	3.154	0	4.29975	10.30677	0	0	0	7.48771	0	0	0	0	0	0	0	7.58102	0	0	0	0	0	0	0	0	0	0	0	0	0	0	0	0	0	0	0	0	0	0	11.60694	0	0	0	
0	0	0	0	0	0	0	0	0	0	0	0	0	0	0	0	0	0	0	8.1968	0	0	0	0	0	0	0	0	0	0	0	0	0	0	0	0	0	0	0	0	0	0	0	12.99134	0	0	13.02522	12.69639	11.73025	0	6.60953	7.27428	11.32317	0	0	0	13.04721	0	0	8.53866	6.98064	0	0	11.47408	0	6.5456	0	6.72468	0	0	0	0	0	0	0	0	0	0	0	0	0	0	0	0	0	0	0	0	0	0	5.83879	0	0	0	0	0	0	0	0	0	
0	0	0	0	0	0	0	0	0	0	0	0	10.15032	0	0	0	0	0	0	7.44746	0	0	0	0	0	0	0	0	0	0	0	0	0	8.43768	0	0	0	0	0	0	0	11.82572	13.48715	0	7.56133	0	0	4.13145	8.17936	0	6.71017	11.08948	6.60433	6.36439	9.45268	10.50292	6.03714	12.5781	8.97063	0	0	0	0	0	0.43584	0	0	0	0	0	0	0	0	0	0	0	0	0	10.75075	0.43584	0	0	0	0	0	0	0	0	0	0	0	0	0	0	0	0	0	0	0	0	
0	0	0	0	0	0	0	0	0	0	0	0	0	0	0	0	0	0	0	0	0	0	0	14.80383	0	0	0	0	0	0	0	0	0	0	0	0	0	0	13.09044	0	0	0	7.54263	8.46364	4.27368	0	10.24912	7.99983	0	9.54626	10.57741	7.44806	0	0	0	0	0	6.17832	14.74903	10.15479	8.7562	0	0	0	7.78398	0	0	0	0	0	0	0	0	0	0	0	0	0	0	0	0	0	0	0	0	0	0	0	0	0	0	0	0	0	0	0	0	0	0	0	
0	0	7.52133	0	0	0	0	0	0	0	0	0	0	0	0	0	0	0	0	0	0	0	0	0	0	0	0	0	0	0	0	0	0	0	0	0	0	0	0	0	9.05193	0	0	0	0	8.45351	0	10.23674	10.77302	11.36322	0	6.46148	8.87693	7.38227	0	11.70577	0	0	5.77124	0	10.07979	0	7.28728	12.41214	0	0	0	0	0	0	0	8.47662	0	0	0	0	0	0	0	0	0	0	0	0	0	0	0	0	0	0	0	0	0	0	0	0	0	0	0	0	
0	0	0	0	0	0	0	0	0	0	0	10.2296	0	0	0	0	0	0	0	0	0	0	0	0	0	0	0	0	0	0	0	0	7.30025	0	0	0	0	9.96398	12.24876	7.27747	4.70288	6.62508	0	0	12.26328	7.96156	11.07977	5.69275	10.42384	0	12.57587	0	4.84319	9.18711	0	11.86622	5.10492	10.4296	0	0	0	0	0	0	0	0	0	4.93685	0	0	0	0	8.56789	0	0	3.29547	0	0	11.36814	0	0	0	0	0	0	0	0	0	0	0	0	0	0	0	0	6.80517	0	0	0	0	
0	0	0	0	0	0	0	0	0	0	0	0	0	0	0	0	0	0	0	0	0	0	0	0	0	0	0	0	0	0	0	0	0	0	6.78591	9.63048	0	0	0	5.65486	0	12.05374	0	10.23863	12.21335	8.75903	6.88917	7.18179	6.24791	11.26936	11.6473	10.26601	0.77019	9.91574	0	0	8.55933	0	0	5.69657	8.05858	0	13.53273	0	0	0	0	0	0	0	0	0	0	0	0	0	0	0	0.77019	0	0	0	0	0	0	0	0	11.44772	0	0	0	0	0	0	0	0	0	0	0	0	
0	0	0	0	0	0	0	0	9.22698	0	9.36303	0	0	0	0	0	0	0	0	0	0	0	0	0	0	0	9.30226	0	0	0	0	0	0	0	0	5.87893	0	11.73144	11.25692	0	7.07146	8.36213	0	3.24269	2.38758	12.09102	3.1446	8.18733	6.8449	7.85943	0	6.76474	5.7045	0	0	0	8.47971	2.57005	0	0	0	0	2.38758	0	0	0	11.88027	0	0	0	0	0	0	0	0	0	0	0	0	0	0	0	0	0	0	0	0	0	0	0	0	0	0	0	0	0	0	0	0	0	
0	0	0	0	0	0	0	0	0	0	0	13.06507	0	0	11.30196	0	0	0	0	0	0	0	0	0	0	0	0	0	0	0	0	10.73739	0	0	4.47015	0	10.36271	0	0	9.66032	2.94521	0	8.69781	8.44713	10.9451	7.97934	10.64718	9.0295	4.85695	8.41332	10.93354	9.6615	9.93922	11.08632	0	11.28309	10.11523	0	0	14.40572	10.93592	4.59413	0	10.63519	0	0	0	0	0	0	0	0	0	1.93429	0	7.35923	0	0	0	0	0	0	0	5.66492	0	0	0	0	0	0	0	0	0	0	0	0	0	0	0	0	
0	0	0	0	0	0	0	0	0	0	0	0	12.3552	0	0	0	0	0	0	0	0	0	0	0	0	0	0	0	0	9.1213	0	0	6.92222	0	7.36959	0	13.4041	0	12.0628	9.73794	10.12747	13.50363	12.08035	6.94128	8.55952	4.10933	10.46839	10.72305	5.49479	9.3608	8.0461	12.88061	13.58477	9.66549	6.53129	7.4383	12.10851	0	0	7.37879	7.31949	0	0	0	0	0	0	0	0	0	0	0	0	9.77319	0	0	0	0	0	0	10.169	0	0	0	0	0	0	0	0	0	0	0	0	0	0	0	0	0	0	0	
0	0	0	0	0	0	0	12.24881	0	0	0	9.44636	0	0	0	0	0	0	0	0	0	0	0	0	0	0	0	8.13116	0	0	7.08475	0	11.90973	0	0	0	0	10.40235	9.45595	10.58737	9.32017	4.6014	0	10.65517	10.0127	8.39383	9.15013	8.82117	11.12097	9.92907	6.52077	9.5855	9.91649	8.24121	8.43333	4.85156	12.05947	5.07334	3.44842	8.38057	5.99149	11.3865	8.41676	0	9.3692	0	0	0	0	0	0	0	0	11.18355	0	0	0	0	0	0	0	0	0	0	0	0	0	0	0	0	0	0	0	0	0	0	0	0	0	0	
9.48735	0	0	0	0	0	0	0	8.84723	0	0	0	8.91538	0	0	0	0	0	0	0	0	0	0	0	10.95399	0	0	7.16495	0	0	0	0	11.02458	0	11.16513	8.39122	0	5.35258	10.64634	5.86374	9.25807	8.35914	5.45935	9.55395	10.94855	9.33929	6.71502	9.6425	5.70408	8.28356	8.38364	7.18307	9.15117	7.49899	12.92399	9.12053	10.77389	5.8262	0	9.27364	0	1.93429	0	5.66951	0	7.97812	0	0	0	0	1.4666	0	0	0	0	0	0	0	0	0	0	0	4.09801	0	0	7.18901	0	0	0	0	0	0	0	0	0	0	0	0	0	0	
0	0	0	11.73742	0	0	0	0	0	0	0	0	0	0	0	0	0	0	9.7139	0	0	12.68345	0	5.30188	10.83381	7.03905	0	0	9.81961	8.42714	11.20837	0	12.90078	0	0	3.39558	0	8.72012	8.91801	8.25281	7.48282	5.67233	7.85652	9.16765	9.913	9.94985	7.91681	9.66333	9.2781	7.39248	9.9369	7.65328	11.54436	7.95695	7.38174	10.565	0	4.22449	6.47666	7.54377	2.06164	4.22007	9.66522	0	0	0	0	0	0	3.81261	0	0	5.55014	0	1.04138	5.24933	12.58319	4.41921	0	2.28691	0	0	0	0	0	0	0	0	0	0	0	0	0	0	0	0	0	0	0	0	
9.56934	0	0	0	10.26849	6.01882	0	0	0	0	0	0	0	0	0	0	0	8.82738	0	0	0	0	0	0	8.43452	0	6.64019	9.56549	0	12.13212	9.60344	0	0	0	10.13727	8.50765	7.28466	10.67383	10.52761	7.03259	7.04787	8.43291	7.45826	8.62537	8.83077	8.50758	9.725	8.02071	8.58007	8.76488	7.37435	8.74849	10.10575	7.77153	8.54477	9.47307	9.45846	5.79841	6.20499	8.26052	15.11257	0	7.51995	10.89962	12.80548	12.59006	10.0281	0	0	0	0	0	0	0	6.07283	0	0	0	0	0	0	0	0	0	0	0	0	0	0	0	0	0	0	0	0	0.77019	0	0	0	0	
0	0	0	0	0	0	0	0	4.60172	0	7.16495	0	0	0	0	0	9.03759	12.37267	8.21918	5.5717	10.9987	9.65611	0	0	0	14.22076	0	8.02381	10.27702	10.58836	0	9.61419	11.48477	7.70124	8.21787	11.10805	6.63912	9.2464	8.45684	6.41939	8.50071	7.01941	7.88148	7.98201	9.61228	7.4903	7.37205	9.00424	8.30778	6.43275	6.82415	10.67417	7.03331	8.69241	6.02701	8.11081	8.87257	8.15635	0	9.28197	5.27213	8.73366	8.03667	0	8.47915	10.4913	3.13095	0	0	0	0	9.29903	0	0	7.79548	0	0	0	10.28937	0	0	0	0	0	0	8.80708	0	0	0	0	0	0	0	0	0	3.91736	0	0	0	0	
0	10.27425	0	0	0	7.50742	0	0	0	0	0	0	0	0	1.79456	10.1539	0	9.76568	10.68542	0	7.64852	0	5.63451	0	0	0	0	0	9.15005	11.14205	6.71261	0	6.77201	6.88374	7.99018	8.08825	8.94064	11.31992	8.52591	8.7722	8.45071	8.45658	7.18029	7.14016	7.88596	7.54541	8.11523	8.89261	7.92737	6.86528	7.6666	8.03211	7.95484	7.29534	9.13238	6.61059	2.94521	8.15555	6.76496	8.02983	0	9.63225	0	11.68938	10.17579	1.26957	7.68639	0	0	0	0	0	0	0	0	0.43584	0	0	0	0	8.98522	0	0	0	0	0	0	0	0	0	0	0	0	0	0	0	0	0	0	0	
0	12.94701	9.72657	0	9.79874	0	0	0	0	0	8.82177	0	0	0	10.09927	6.04997	0	6.24374	0	0	7.49336	5.28892	8.29885	9.87842	11.18661	8.69735	0	5.04085	6.34111	7.22703	10.86811	10.32194	11.22952	9.6027	10.3086	5.34722	7.97596	8.01038	8.22483	6.73559	5.55167	7.40219	7.02158	6.82797	6.75221	6.89255	8.38316	7.69941	9.17964	8.83804	7.31014	9.40829	8.25659	7.31374	7.11957	7.62271	8.00149	8.5164	8.39293	7.7057	0	8.41386	9.23823	8.96146	2.90855	0	0	0	0	0	0	7.40602	0	1.63988	10.01424	0	7.84723	0	4.49293	0	0	0	0	5.23869	0	1.03082	0	0	0	0	0	0	0	0	0	0	0	0	0	0	
0	0	0	0	0	0	0	0	11.20052	0	10.11496	11.52349	0	0	0	0	0	0	10.02062	0	1.26957	0	0	0	0	8.16878	10.69181	0	0.43584	7.43575	5.99404	4.779	7.8272	8.54789	10.26501	7.1584	9.5664	10.50667	7.26017	8.09596	6.67078	8.21491	8.98158	8.18056	7.32082	7.96658	6.87855	7.65356	8.21394	8.16038	7.51482	7.64888	6.44371	7.42033	7.64991	9.666	8.54347	8.72351	9.70783	8.03341	8.54772	7.13018	9.92295	9.07545	0	8.81125	0	8.29079	0	0	0	0	0	0	0	0	0	0	17.71149	0	0	7.92257	0	0	0	0	0	8.5726	1.79456	12.27389	0	0	0	0	0	0	0	0	0	0	
0	0	0	0	0	0	0	0	9.40567	7.51578	2.59636	1.4666	0	12.85061	0	0	0	9.43611	11.67046	6.02241	0	0	11.80454	9.44238	6.27035	10.21426	9.87919	9.55319	8.77829	8.96804	0	6.38955	4.92843	4.23285	2.53628	6.87235	8.63894	5.87348	11.87021	7.82296	8.76462	8.19892	8.02561	7.89995	6.35573	7.6951	8.15818	7.51471	7.88579	9.16505	7.80337	7.17997	7.12086	7.72546	8.68541	8.62435	6.74103	8.7807	9.39664	8.93927	5.97723	11.79791	9.69838	13.05984	6.59675	9.52158	9.46951	0	0	0	0	0	0	5.1525	12.28025	0	0	0	12.24493	0	0	0	0	0	0	0	0	0	4.66326	0	3.7383	0	0	0	0	0	0	0	0	0	
0	0	9.51195	10.33296	0	8.95898	0	3.65995	6.4787	0	0	0	0	0	0	0	0	6.6416	0	0	0	0	0	10.21083	0	10.33972	0	10.69522	7.65358	7.42313	0	9.16949	0	10.06025	4.72831	8.45461	6.64668	6.28561	3.48606	11.10107	6.85769	9.04595	8.2713	7.72492	7.64853	6.99218	5.73774	7.50498	6.73277	7.89436	7.48879	7.4948	7.62537	7.95905	7.98266	5.38439	7.9981	7.87596	8.22942	7.20064	9.01604	7.98828	2.11004	11.12529	6.15556	0	0	7.02989	6.04997	5.34095	3.92841	0	9.45073	0	3.16425	0	7.74041	0	0	0	0	0	4.61747	0	0	0	0	0	0	0	0	0	0	0	0	0	0	0	0	0	
0	0	0	0	0	0	0	0	0.43584	0	11.33779	10.62298	8.06076	0	12.96138	0	0	7.51856	0	5.26265	0	0	0	0	0	0	6.04227	2.48169	6.38207	0	8.11352	8.19424	4.78443	7.89462	4.7504	9.42242	9.62588	6.74984	8.24689	9.48802	9.06601	4.75396	5.73894	7.49001	6.37303	9.01328	5.48332	5.76907	7.25249	5.57984	6.69006	8.05019	8.79369	7.9758	7.62445	6.97803	5.86877	7.76941	9.0393	7.47873	10.10698	8.10125	8.96364	7.672	0	5.23409	11.23787	3.81726	0	0	10.01079	0	4.05618	3.41413	0	14.1838	0	0	0	0	0	0	0	0	0	0	0	0	6.80293	0	0	0	0	0	0	0	0	0	0	0	
0	0	0	0	0	9.04242	0	0	0	11.16373	0	0	5.80804	0	0	0	0	0	0	0	0	0	0	7.94457	0	0	11.69627	0	0	4.121	9.2517	0	0	5.91228	7.90781	6.17497	6.42641	2.57005	0	8.06429	3.9776	11.62929	7.75997	5.40312	9.78601	7.55938	6.71361	8.72627	8.95462	3.63866	6.3517	8.74164	5.98743	6.46964	8.37003	6.74855	7.4194	7.19842	5.16531	5.35291	8.26775	5.63207	5.6369	8.92026	6.94268	5.52553	9.00031	6.79051	3.59229	0	0	10.6492	0	4.447	0	5.31472	10.63807	0	0	0	0	0	0	0	10.27343	0	0	9.2099	0	0	0	12.55708	0	0	0	0	7.47632	0	0	0	
0	0	0	0	0	0	0	0	0	0	0	11.8779	0	0	0	0	0	9.64421	11.91145	0	0	0	0	4.53743	0	0	0	7.85384	0	0	0	0	5.23716	6.5518	5.17258	0	5.03936	9.27276	3.49344	9.2045	6.02201	8.52761	9.41108	3.21616	0	8.55206	4.83604	4.70578	7.86303	5.63459	8.01238	9.67019	8.2967	5.82562	6.81678	6.14461	6.88826	5.99676	7.7983	8.8605	7.80182	6.22649	0	7.46624	9.4968	0	7.15605	5.55014	13.196	7.46454	0	0	0	0	0	10.61164	0	9.0673	0	0	0	11.15961	0	0	0	0	0	0	0	0	0	0	0	0	0	0	0	0	0	0	
0	0	0	0	5.55692	0	0	0	0	0	9.83863	0	5.83503	0	0	11.86199	0	0	7.16849	0	7.04999	3.53381	0	0	0	11.43491	6.91381	0	0	5.70771	0	10.20941	10.85388	0	0	8.53945	8.06999	0.77019	12.55243	10.06143	6.70889	7.89076	5.35713	8.37598	8.20519	6.69078	11.87574	6.16773	8.12827	7.21631	10.20886	6.69922	8.78124	7.6465	6.35834	7.31081	7.81249	6.65152	6.25231	8.01232	5.74804	7.44138	6.41247	4.29743	7.98267	0	6.36214	9.65976	0	6.23024	8.36413	11.27275	6.68396	9.53968	7.2712	0	4.45664	0	0	0	2.80663	0	0	0	0	9.20128	0	0	0	2.17865	0	0	0	0	0	0	0	0	0	0	
0	0	0	0	0	0	0	0	0	0	0	6.02674	1.9242	0	0	10.04298	0	0	0	0.77019	2.87759	0	4.66326	0	0	0	0	0	0	2.82241	0.43584	6.73808	0	0	0	11.61751	0	0	0	5.79892	5.03524	5.00554	6.03997	6.89666	7.65074	3.60183	5.15761	8.13172	6.93562	2.8843	0	0	8.79141	10.93056	1.4666	5.5249	8.66852	7.12178	6.49682	6.32286	9.5896	8.93717	7.64635	6.50058	5.58286	6.11582	6.91381	7.46241	0	9.12787	0	7.32077	7.49171	9.48806	8.81727	0	7.5542	0	6.28999	0	0	0	0	0	0	0	0	0	0	0	0	0	0	0	0	0	0	0	0	0	
0	0	0	11.47515	0	0	0	0	0	0	0	0	0	0	0	0	13.9905	0	0	0	0	0	7.58368	0	0	0	8.36098	6.13711	7.38184	9.2099	0	0	3.44314	0	0	9.46457	0	2.73199	0	5.50505	6.72371	0	4.22007	0	5.64191	11.29245	4.39119	9.50076	5.18502	5.42234	5.3344	6.52763	8.12897	7.83245	6.7771	8.49427	6.84907	5.76045	6.68107	6.06799	7.98562	5.8825	9.49029	7.55169	8.1411	9.23112	5.93513	8.84187	10.20491	7.90042	6.77879	8.50052	4.85701	5.00542	6.98474	0	12.23736	0	6.3306	9.23122	0	3.61912	0.43584	0	0	0	0	0	0	0	0	0	0	0	0	0	0	11.45245	0	12.1469	
0	0	6.31072	0	0	0	0	0	0	0	0	0	0	0	0	0	0	0	0	0	7.43868	0	0	0	0	8.18461	0	7.80905	0	7.86916	0	10.53483	9.02592	0	7.86698	0	0	4.45406	5.90123	0	9.02787	0	0	10.43899	9.93692	9.42948	1.45877	3.96315	2.06164	7.64882	9.3485	9.87269	4.93128	7.95293	7.62161	8.00321	7.93302	6.82083	8.61498	4.73062	3.04061	4.60707	5.22039	2.61076	4.71563	7.71581	4.74364	0	8.84759	5.8193	5.28645	5.7108	6.39026	7.5802	0	0	6.36023	0	2.78699	6.99185	0	6.74257	0	0	0	0	0	0	4.88424	0	0	0	0	0	0	0	4.779	0	0	0	
0	0	0	0	1.04138	0	0	0	0	0	0	0	7.68359	0	0	0	0	0	0	0	9.08146	7.83613	0	0	0	0	0	6.2579	0	0	0	0	9.88081	0	0	0	7.30025	0	5.51719	8.14561	0	0	5.82214	0	6.4382	0	2.69264	8.79452	4.1644	6.31667	10.71213	6.45207	8.13479	4.39484	7.26975	0.21792	0	6.99223	8.5879	6.95521	7.61771	4.42849	8.65428	7.47841	8.45195	8.19209	7.90943	5.91669	7.75136	5.95323	8.12777	0	0	8.91651	0	8.8838	6.03343	5.87297	0	0	0	0	0	0	10.11817	5.41355	0	0	0	0	0	0	0	0	0	0	8.46508	0	0	0	
0	0	0	0	0	0	0	0	2.65329	0	0	0	0	0	0	0	8.57858	2.57005	6.04227	0	0	0	0	0	4.86171	0	0	0	0	0	0	0	0	0	8.87368	8.99234	0	9.27048	0	0	0	0	9.6329	10.2995	0	12.11663	10.62749	7.85384	0	3.36952	0	11.71155	9.6361	8.26523	0	6.40855	0	7.26259	0	4.87756	8.79407	7.37573	4.77348	6.01892	6.76015	7.63686	7.31106	5.35135	8.67636	8.77855	8.19397	4.46572	8.18061	6.97576	7.93009	5.62314	9.42038	3.07166	0	0	3.81261	2.65329	10.20799	0	2.09626	14.3304	7.80916	7.50181	5.78053	0	2.46796	0	0	8.45083	0	0	0	0	0	0	
0	0	0	0	0	0	0	0	0	0	0	0	0	0	0	0	0	0	0	0	5.86679	0	0	0	0	0	0	0	0	3.84839	0	0	0	0	10.31397	0	0	0	0	0	7.73466	0	9.09734	8.75384	5.68553	0	0	0	9.23882	5.7706	9.90171	0	0	1.32665	5.64151	7.13248	0	0	6.74541	8.43103	10.63871	6.46782	3.58555	4.36092	6.37282	10.524	2.32269	7.26823	9.07075	10.69479	9.2251	8.0008	6.24038	4.82146	3.27371	0	2.35577	0	7.53941	0	0	0	0.43584	0	0	0	9.53646	0	0	0	0	0	0	0	0	0	0	0	0	0	
0	0	0	0	7.4269	0	0	0	0	0	0	4.49293	0	6.71017	0	0	0	0	0	0	0	0	0	0	0	0	0	0	0	0	0	0	0	0	0	0	0	0	0	6.10955	0	0	7.85604	0	5.13383	0	1.13314	2.80663	0	0	9.03759	0	0	0	8.7059	0	0	1.4666	0	8.23784	7.29671	3.3888	5.9558	7.37593	6.95326	0	2.36115	5.24764	8.29411	8.14808	6.10132	8.3495	7.13707	5.16387	0	0	7.02099	4.07664	7.96513	2.80663	2.06164	6.28999	0.77019	0	9.62647	0	3.44314	9.86375	0	6.67138	0	0	0	0	2.80663	0	0	0	0	0	
0	0	0	0	0	0	0	0	0	0	0	0	0	0	0	0	0	8.29768	0	0	0	8.92798	8.66386	0	0	0	7.73227	0	0	0	0	0	0	9.96059	6.3792	0	0	0	0	0	0	0	0	0	0	0	0	0	0.43584	0	0	0	0	0	0	5.69181	11.0279	10.54183	6.55646	2.06164	0	7.13633	6.27667	0	7.55844	6.34243	8.70512	7.79782	5.90864	4.34972	7.11309	5.54367	7.45336	7.54995	7.47307	7.40655	4.34455	0	7.99018	5.69952	0	0	10.22799	0	4.01502	8.98283	2.38758	2.80663	0	10.01313	0	0	0	0	0	0	8.31663	0	0	0	
0	0	0	0	0	0	0	0	7.63007	0	0	8.74438	0	0	0	0	0	0	0	0	0	0	0	0	0	0	0	11.46331	0	0	0	0	0	0	0	0	0	0	0	9.55101	0	0	0	0	0	4.55919	0	4.39957	3.77594	0	0	10.78489	0	0	0	0	0	0	8.05318	0	7.59683	0	8.50354	8.38102	8.23973	4.23068	7.16473	0	0	6.07074	8.22799	3.61912	8.98647	9.97909	5.34105	11.63569	4.21825	0	0.43584	7.1627	7.41712	7.98152	9.3119	8.2054	3.82962	0	0	0	0	0	6.37828	0	9.18021	0	0	0	0	0	0	0	
0	0	0	0	0	0	0	0	0	0	0	0	0	7.48487	0	0	0	0	0	7.44454	0	0	0	0	0	2.86329	0	0	0	0	0	0	0	0	7.79319	0	0	6.6088	0	0	9.59852	0	0	12.55978	0	0	0	0	0	0	3.87186	7.40605	0	0	10.55222	0	0	0	0	7.03589	5.82092	0	3.44074	9.1213	6.56723	4.89389	8.95788	3.18791	0	5.19171	7.32244	0	7.51651	6.54385	7.77006	6.92733	5.00913	5.96324	6.54624	4.40039	0	7.71263	7.49054	4.44226	2.06787	0	0	8.82626	1.89528	0	6.76734	0	0	7.54332	0	0	0	0	4.28168	0	
0	0	0	0	0	0	0	12.20722	0	0	0	0	0	0	0	0	0	0	0	0	0	0	0.77019	0	0	0	0	0	8.71077	0	0	0	0	0	10.73148	0	0	10.76982	0	0	0	7.70986	0	0	0	0	9.1251	0	0	0	0	0	10.21426	0	0	0	2.44307	9.99342	0	5.42655	8.03726	0	0	5.79473	0	6.7951	0	7.64403	6.40819	12.09422	10.28211	6.84949	8.64999	6.05516	7.75601	5.6696	10.27373	0.43584	6.41379	6.29421	6.72246	5.57467	6.90793	0	8.13993	0	7.03517	4.38181	0	0	12.84613	8.87721	0	0	0	0	8.64999	0	0	0	
0	0	0	0	0	0	0	0	0.77019	0	0	0	0	0	0	0	0	0	0	0	0	0	0	0	0	0	0	0	0	0	0	0	0	0	0	0	0	5.20095	0	0	0	0	0	0	0	0	0	0	0	5.26265	0	5.65108	0	3.96095	0	0	2.57005	11.24554	0	0	3.88329	0	7.74893	11.68413	6.75797	6.3239	0	0	8.13614	8.86457	0	5.52826	4.68717	10.63062	8.30318	8.7261	0	4.05211	7.98269	7.13575	5.24253	10.98571	4.88613	3.29547	0	0	2.51663	0	0	0	0	0	6.11643	6.76813	7.70082	0	0	0	0	0	
0	0	0	0	0	0	0	9.76217	0	0	0	0	0	0	0	0	0	0	0	0	0	0	0	0	0	0	0	0	0	0	0	0	0	0	0	0	0	5.19925	0	7.68854	0	0	0	0	0	0	0	0	0	0	4.45602	0	0	9.08708	5.06111	0	0	8.18834	10.39896	10.29181	0	1.04138	0	7.54169	10.09562	10.69842	0	0	7.75519	7.30995	8.67336	3.44931	5.62706	8.33662	1.26957	7.19375	6.68812	0	8.56951	7.10497	7.91947	9.44927	6.23911	10.97335	6.02155	0	0	4.0748	0	0	6.4844	0	0	0	0	11.03097	0	0	0	0	
0	0	0	0	0	0	0	0	0	0	0	0	0	0	0	0	0	0	0	0	0	0	0	0	0	12.07607	0	0	0	0	0	0	0	0	0	0	0	6.52365	0	0	0	0	0	0	10.53654	0	0	0	4.49293	0	0	0	0	0	0	0.43584	0	0	0	0	0	0	8.34693	0	0	6.46324	6.82197	7.69011	0.77019	7.37141	3.17681	0	11.75716	0	8.65883	5.86298	1.26957	7.01325	4.70866	4.79192	2.63429	0	6.27994	0	10.42474	7.36978	0	0	0	0	10.51618	0	0	0	0	0	0	1.04138	0	0	
0	0	0	0	0	0	0	0	0	0	0	0	9.3175	0	0	0	0	0	1.26957	0	0	0	0	0	0	0	0	0	0	0	0	0	0	0	0	0	0	0	0	0	0	0	0	0	0	0	0	8.63855	0	0	0	0	12.46602	0	0	0	0	0	0	5.15833	0	0	0	6.15534	4.74145	11.34602	8.89826	0	8.76675	0	0	9.07864	0	0	0	2.19264	7.83866	8.48262	6.1731	6.03723	0	4.49349	5.44938	3.80886	7.56434	3.18539	5.09842	0	7.1614	0	0	0	0	6.4787	0	0	0	0	0	0	
0	0	0	0	0	0	0	0	0	0	0	0	0	0	0	0	0	0	0	0	0	0	0	0	0	0	0	0	0	0	0	0	11.60988	0	0	0	0	0	0	0	3.7383	0	0	0	0	0	0	0	0	0	0	0	0	0	0	0	9.08028	0	0	0	13.56529	0	0	3.23596	0	6.98784	0	0	7.40425	0	0	0	7.18956	0	0	4.70288	0	0	5.52221	8.83943	8.22878	6.20287	9.09175	0	5.78976	0	0	0	1.63988	2.28691	6.66865	5.28141	4.89995	0	0	0	0	0	0	0	
0	0	0	0	0	0	0	2.2235	0	0	0	0	0	0	0	0	0	0	0	0	0	0	0	0	0	0	0	4.8513	0	0	0	0	0	0	0	0	0	0	0	0	0	0	0	0	0	0	0	0	0	0	0	0	0	0	0	0	0	0	0	0	0	0	0	0	0	0	0	0	0	0	3.80027	5.52014	7.90249	0	0	7.48771	10.90494	0	10.14527	11.04832	0	5.09065	0	6.03453	2.80663	8.61636	0	8.93423	0	1.93429	0	9.57869	0	0	0	9.06445	0	0	0	0	
0	0	0	0	0	0	0	0	0	0	0	0	0	0	0	0	0	0	0	0	11.82726	0	0	0	0	0	0	0	0	0	8.72647	0	0	0	0	0	0	0	0	0	0	0	0	0	0	0	0	0	0	0	0	0	0	0	0	0	0	0	0	10.76368	0	0	0	0	7.44161	8.24959	5.64472	7.47923	0	0	0	0	0	0	0	0.43584	6.83057	3.9832	0	0	5.69348	0	0	0	3.25593	7.17907	7.54286	5.45293	7.89718	0	10.54065	5.49479	3.69965	9.83697	0	5.58236	0	0	0	0	
0	0	0	0	0	0	0	0	0	0	0	0	0	0	0	0	0	0	0	0	0	0	0	0	0	0	0	0	0	0	0	0	0	0	0	0	0	0	0	0	0	0	0	0	0	0	0	0	5.51719	0	0	0	0	0	0	0	0	0	0	0	0	0	0	0	0	0	0	0	0	6.62508	10.94962	11.0879	6.59932	0	8.22429	6.23701	0	9.30065	0	0	0	7.59951	9.08693	0	4.52885	0	0.43584	0	0	6.13605	0	1.41797	2.3895	0	0.77019	0	0	0	0	0	
0	0	0	0	0	0	0	0	0	0	0	0	0	0	0	10.45948	0	0	0	0	0	0	0	0	0	0	0	0	0	0	0	0	0	0	6.9513	0	0	0	0	0	0	0	0	0	0	0	0	0	0	0	0	0	0	0	0	0	0	0	0	0	0	0	0	0	0	0	0	3.61912	0	0	0	0	0	8.25626	0	0	0	0	0	0	0	2.28691	0	0	3.19186	0	4.78917	3.70422	4.93685	10.59456	7.41502	0	9.3807	0	0	0	0	0	0	0	
0	0	0	0	0	0	0	0	0	0	0	0	0	0	0	0	0	0	0	0	0	0	0	0	0	0	0	0	0	0	0	0	0	0	0	0	0	0	0	0	0	0	0	0	0	0	0	0	9.22613	0	0	0	0	0	0	0	0	0	0	13.62484	0	0	0	0	0	7.51724	0	0	0	0	0	8.14201	0	0	0	0	0	11.33936	0	7.6784	11.46349	0	0	9.568	0	0	0	0	0	0	0	0	0	0	0	0	0	0	0	0	
0	0	0	0	0	0	0	0	0	0	0	0	0	0	0	0	0	0	0	0	0	0	0	0	0	0	0	0	0	0	0	0	0	0	0	0	0	0	0	0	0	0	0	0	0	4.49293	0	0	0	0	0	0	0	0	0	3.46832	0	0	11.65602	0	0	0	0	0	10.86266	0	0	0	0	0	0	8.55035	0	2.65329	0	0	4.779	0	0	0	3.07017	5.3511	5.80764	8.93346	0	0	0	8.28265	9.94518	0	1.93429	8.50905	11.72244	0	0	0	0	0	0	0	
0	0	0	0	0	0	0	0	0	0	0	0	0	0	0	0	0	0	0	0	0	0	0	0	0	0	0	0	0	0	0	0	0	0	0	0	0	0	0	0	0	0	0	0	0	0	0	0	0	0	0	0	0	0	0	0	0	0	0	0	0	0	0	0	0	0	0	0	0	0	0	0	0	0	0	0	0	0	0	0	0	0	0	0	0	0	2.73199	0	0	0	0	9.8667	0	0	0	0	0	0	0	0	
0	0	0	0	0	0	0	0	0	0	0	0	0	0	0	0	0	0	0	0	0	0	0	0	0	0	0	0	0	0	0	0	0	0	0	0	0	0	0	0	0	0	0	0	0	0	0	0	0	0	0	0	0	0	0	0	0	0	0	0	0	0	0	0	0	0	0	0	0	0	9.23353	0	0	0	0	0	0	0	0	6.84021	0	0	0	9.29337	0	0	0	0	0	0	6.96147	13.94082	0	0	0	0	0	0	0	0	
0	0	0	0	0	0	0	0	0	0	0	0	0	0	0	0	0	0	0	0	0	0	0	0	0	0	0	0	0	0	0	0	0	0	0	0	0	0	0	0	0	0	0	0	0	0	0	0	0	0	0	0	0	0	0	0	0	0	0	2.38758	0	0	0	0	0	0	0	0	0	0	7.35101	0	0	0	0	0	0	0	0	0	0	0	0	0	0	0	2.17865	0	0	0	0	0	0	0	0	0	0	0	0	0	
0	0	0	0	0	0	0	0	0	0	0	0	0	0	0	0	0	0	0	0	0	0	0	0	0	0	0	0	0	0	0	0	0	0	0	0	0	0	0	0	0	0	0	0	0	0	0	0	0	0	0	0	0	0	0	0	0	0	0	0	0	0	0	0	0	0	0	0	0	8.0061	2.65329	0	0	0	0	0	0	0	9.12586	0	0	0	0	0	0	0	0	0	5.6947	1.4666	0	0	0	0	0	0	0	0	0	0	
0	0	0	0	0	0	0	0	0	0	0	0	0	0	0	0	0	0	0	0	0	0	0	0	0	0	0	0	0	0	0	0	0	0	0	0	0	0	0	0	0	0	0	0	0	0	0	0	0	0	0	0	0	0	0	0	0	0	0	0	0	0	0	0	0	0	0	0	0	0	0	0	0	0	0	0	0	0	0	0	0	0	0	0	0	0	0	0	0	0	0	0	0	0	0	0	0	0	0	0	
0	0	0	0	0	0	0	0	0	0	0	0	0	0	0	0	0	0	0	0	0	0	0	0	0	0	0	0	0	0	0	0	0	0	0	0	0	0	0	0	0	0	0	0	0	0	0	0	0	0	0	0	0	0	0	0	0	0	7.05826	0	0	0	0	0	0	0	0	0	0	0	0	0	0	0	0	7.06208	0	0	0	0	0	0	0	0	0	0	0	0	0	0	0	0	0	0	0	0	0	0	0	0	
0	0	0	0	0	0	0	0	0	0	0	0	0	0	0	0	0	0	0	0	0	0	0	0	0	0	0	0	0	0	0	0	5.18084	0	0	0	0	0	0	0	0	0	0	0	0	0	0	0	0	0	4.66326	0	0	0	0	0	0	0	0	0	0	0	1.04138	0	0	0	0	0	0	0	0	0	0	0	0	0.77019	0	0	0	0	0.43584	0	0	0	0	0	0	0	0	0	0	0	0	0	0	0	0	0	0	0	
0	0	0	0	0	0	0	0	0	0	0	0	0	0	0	0	0	0	0	0	0	0	0	0	0	0	0	0	0	0	0	0	0	0	0	0	0	0	0	0	0	0	0	0	0	0	0	0	0	0	0	0	0	0	0	0	0	0	0	0	0	0	0	0	0	0	0	0	0	0	0	0	0	0	0	0	0	0	0	0	0	0	0	0	0	0	0	0	0	0	0	0	0	0	0	0	0	0	0	0	
0	0	0	0	0	0	0	0	0	0	0	0	0	0	0	0	0	0	0	0	0	0	0	0	0	0	0	0	0	0	0	0	0	0	0	0	0	0	0	0	0	0	0	0	0	0	0	0	0	0	0	0	0	0	0	0	0	0	0	0	0	0	0	0	0	0	0	0	0	0	0	0	0	0	0	0	0	0	0	0	0	0	0	0	0	0	0	0	0	0	0	0	0	0	0	0	0	0	0	0	
0	0	0	0	0	0	0	0	0	0	0	0	0	0	0	0	0	0	0	0	0	0	0	0	0	0	0	0	0	0	0	0	0	0	0	0	0	0	0	0	0	0	0	0	0	0	0	0	0	0	0	0	0	0	0	0	0	0	0	0	0	0	0	0	0	0	0	0	0	0	0	0	0	0	0	0	0	0	0	0	0	0	0	0	0	0	0	0	0	0	0	0	0	0	0	0	0	0	0	0	
0	0	0	0	0	0	0	0	0	0	0	0	0	0	0	0	0	0	0	0	0	0	0	0	0	0	0	0	0	0	0	0	0	0	0	0	0	0	0	0	0	0	0	0	0	0	0	0	0	0	0	0	0	0	0	0	0	0	0	0	0	0	0	0	0	0	0	0	0	0	0	0	0	0	0	0	0	0	0	0	0	0	0	0	0	0	0	0	0	0	0	0	0	0	0	0	0	0	0	0	
0	0	0	0	0	0	0	0	0	0	0	0	0	0	0	0	0	0	0	0	0	0	0	0	0	0	0	0	0	0	0	0	0	0	0	0	0	0	0	0	0	0	0	0	0	0	0	0	0	0	0	0	0	0	0	0	0	0	0	0	0	0	0	0	0	0	0	0	0	0	0	0	0	0	0	0	0	0	0	0	0	5.71422	0	0	0	0	0	0	0	0	0	0	0	0	0	0	0	0	0	0	
0	0	0	0	0	0	0	0	0	0	0	0	0	0	0	0	0	0	0	0	0	0	0	0	0	0	0	0	0	0	0	0	0	0	0	0	0	0	0	0	0	0	0	0	0	0	0	11.43363	0	0	0	0	0	0	0	0	0	0	0	0	0	0	0	0	0	0	0	0	0	0	0	0	0	0	7.98423	0	0	0	0	0	0	0	0	0	0	0	0	0	0	0	0	0	0	0	0	0	0	0	0	0	
