0	0	0	0	0	0	0	0	0	0	0	0	0	0	0	0	0	0	0	0	0	0	0	0	0	0	0	0	0	0	0	0	0	0	0	0	0	0	0	0	0	0	0	0	0	0	0	0	0	0	0	11.54534	0	0	0	0	0	0	0	0	0	0	0	0	0	0	0	0	0	0	0	0	0	0	0	0	0	0	0	0	0	0	0	0	0	0	0	0	0	0	0	0	0	0	0	0	0	0	0	0	
0	0	0	0	0	0	0	0	0	0	0	0	0	0	0	0	0	0	0	0	0	0	0	0	0	0	0	0	0	0	0	0	0	0	0	0	0	0	0	0	0	0	0	0	0	0	0	13.78627	0	0	0	0	0	0	0	0	0	0	0	0	0	0	0	10.44284	0	0	0	0	0	0	0	0	0	0	0	0	0	0	0	0	0	0	0	0	0	0	0	0	0	0	0	0	0	0	0	0	0	0	0	0	
0	0	0	0	0	0	0	0	0	0	0	0	0	0	0	0	0	0	0	0	0	0	0	0	0	0	0	0	0	0	0	0	0	0	0	0	0	0	0	0	0	0	0	0	0	0	0	0	0	0	0	0	0	0	8.88381	0	0	0	0	0	0	0	0	0	0	0	0	0	0	0	0	0	0	0	0	0	0	0	0	0	0	0	0	0	0	0	0	0	0	0	0	0	0	0	0	0	0	0	0	0	
0	0	0	0	0	0	0	0	0	0	0	0	0	0	0	0	0	0	0	0	0	0	0	0	0	0	0	0	0	0	0	0	0	0	0	0	0	0	0	0	0	0	0	0	0	0	15.42567	10.98145	0	0	0	0	0	0	0	0	0	0	0	0	0	0	0	0	0	0	0	0	0	0	0	0	0	0	0	0	0	0	0	0	0	0	0	0	0	0	0	0	0	0	0	0	0	0	0	0	0	0	0	0	
0	0	0	0	0	0	0	0	0	0	0	0	0	0	0	0	0	0	0	0	0	0	0	0	0	0	0	0	0	0	0	0	0	0	0	0	0	7.67233	0	0	0	0	0	11.46747	0	0	0	0	0	0	0	0	0	0	0	0	0	0	0	0	0	0	0	0	0	0	0	0	0	0	0	0	0	0	0	0	0	0	0	0	0	0	0	0	0	0	0	0	0	0	0	0	0	0	0	0	0	0	0	0	
0	0	0	0	0	0	0	0	0	0	0	0	0	0	0	0	0	0	0	0	0	0	0	0	0	0	0	0	0	0	0	0	0	0	0	0	0	0	0	0	0	0	0	0	0	0	0	0	0	0	0	0	0	0	0	0	0	0	0	0	0	0	0	0	0	0	0	0	0	0	0	0	8.32895	0	0	0	0	0	0	0	0	0	0	0	0	0	0	0	0	0	0	0	0	0	0	0	0	0	0	0	
0	0	0	0	0	0	0	0	0	0	0	0	0	0	0	0	0	0	0	0	0	0	0	0	0	0	0	0	0	0	0	0	0	0	0	0	0	0	0	0	0	0	0	0	0	0	0	0	0	0	0	0	0	0	0	0	0	0	0	0	0	0	0	0	0	0	0	0	0	0	0	0	0	0	11.53236	0	0	0	0	0	0	0	0	0	0	0	0	0	0	0	0	0	0	0	0	0	0	0	0	0	
0	0	0	0	0	0	0	0	0	0	0	0	0	0	0	0	0	0	0	0	0	0	0	0	0	0	0	0	0	0	0	0	0	0	0	0	0	0	0	0	0	0	0	0	0	0	0	0	0	0	0	8.3674	0	0	0	10.44955	0	0	10.07897	0	0	0	0	0	0	0	0	0	0	0	0	0	0	0	0	0	0	0	0	0	0	0	0	0	0	0	0	0	0	0	0	0	0	0	0	0	0	0	0	0	
0	0	0	0	0	0	0	0	0	0	0	0	0	0	0	0	0	0	0	0	0	0	0	0	0	0	0	0	3.00495	0	0	0	0	0	0	0	0	0	0	0	0	0	0	0	0	0	0	0	0	0	0	0	0	0	0	0	0	0	0	0	0	0	0	0	0	0	0	7.39139	0	0	0	0	0	0	0	0	0	0	0	0	0	0	0	0	0	0	0	0	0	0	0	0	0	0	0	0	0	0	0	0	
0	0	0	0	0	0	0	0	0	0	0	0	0	0	0	0	0	0	0	0	0	0	0	0	0	0	0	0	0	0	0	0	0	0	0	0	0	0	0	0	0	0	0	0	0	0	0	0	0	0	0	0	0	0	0	9.42358	0	0	0	0	0	0	0	0	0	0	0	0	0	0	0	0	0	0	0	0	0	0	0	0	0	0	0	0	0	0	0	0	0	0	0	0	0	0	0	0	0	0	0	0	
0	0	0	0	0	0	0	0	0	0	0	0	0	0	0	0	0	0	0	0	0	0	0	0	0	0	0	0	0	0	0	0	0	0	0	0	0	0	0	0	0	0	0	0	0	0	0	0	0	0	0	0	0	0	0	0	0	0	0	0	0	0	0	0	0	0	0	12.04531	0	0	0	0	0	0	0	0	0	0	0	0	0	0	0	0	0	0	0	0	0	0	0	0	0	0	0	0	0	0	0	0	
0	0	0	0	0	0	0	0	0	0	0	0	0	0	0	0	0	0	0	0	0	0	0	0	0	0	0	0	0	0	0	0	0	0	0	0	0	0	0	0	0	0	0	0	0	0	0	0	0	0	0	0	5.3385	0	0	0	1.95472	0	0	0	0	0	0	0	0	0	0	0	0	0	0	3.83229	0	0	0	0	0	0	0	0	0	0	0	0	0	0	0	0	0	0	0	0	0	0	0	0	0	0	0	0	
0	0	0	0	0	0	0	0	0	0	0	0	0	0	0	0	0	0	0	0	0	0	0	0	0	0	0	0	0	0	0	0	0	0	0	0	0	0	0	0	0	0	0	0	0	0	0	0	11.99872	0	0	0	12.5275	0	0	0	0	0	0	0	0	0	0	0	0	0	0	5.05156	0	0	0	0	0	0	0	0	0	0	0	0	0	0	0	0	0	0	0	0	0	0	0	0	0	0	0	0	0	0	0	0	
0	0	0	0	0	0	0	0	0	0	0	0	0	0	0	0	0	0	0	0	0	0	0	0	0	0	0	0	0	0	13.23939	0	0	0	0	0	0	0	0	3.85941	0	0	0	0	0	0	0	8.07792	0	0	0	0	0	0	0	0	0	5.53632	3.59476	0	12.25122	0	0	9.11588	0	0	0	0	0	0	0	0	0	0	0	0	0	0	0	0	0	0	0	0	0	0	0	0	0	0	0	0	0	0	0	0	0	0	0	0	
0	0	0	0	0	0	0	0	0	0	0	0	0	0	0	0	0	0	0	0	0	0	0	0	0	0	0	0	0	0	0	0	0	0	0	0	0	0	0	0	0	0	0	0	0	0	0	0	0	0	0	0	0	0	6.03424	0	0	0	0	0	0	0	0	0	0	0	0	0	0	0	0	0	0	0	0	0	0	0	0	0	0	0	0	0	0	0	0	0	0	0	0	0	0	0	0	0	0	0	0	0	
0	0	0	0	0	0	0	0	0	0	0	0	0	0	0	0	0	0	0	0	0	0	0	0	0	0	0	0	0	0	0	0	0	0	0	0	0	0	0	0	0	0	12.98379	0	0	0	0	0	0	0	0	0	8.53327	0	0	0	0	0	0	10.69864	0	0	0	0	0	0	0	0	0	0	0	4.66255	0	0	0	0	0	0	0	0	0	0	0	0	0	0	0	0	0	0	0	0	0	0	0	0	0	0	0	0	
0	0	0	0	0	0	0	0	0	0	0	0	0	0	0	0	0	0	0	0	0	0	0	0	0	0	0	0	0	0	0	0	0	0	0	0	0	0	0	0	0	0	0	8.45315	0	0	0	11.19349	0	0	0	8.54539	0	0	0	0	0	0	4.35471	0	0	0	0	0	0	0	0	0	0	0	0	0	0	0	0	0	0	0	0	0	0	0	0	0	0	0	0	0	0	0	0	0	0	0	0	0	0	0	0	0	
0	0	0	0	0	0	0	0	0	0	0	0	0	0	0	0	0	0	0	0	0	0	0	0	0	0	0	0	0	0	0	0	0	0	0	0	0	0	0	0	0	0	9.21369	0	0	0	0	0	0	0	0	0	0	0	0	7.91783	0	0	0	0	0	0	0	0	0	0	2.67938	0	0.62349	0	0	0	0	0	0	0	0	0	0	0	0	0	0	0	0	0	0	0	0	0	0	0	0	0	0	0	0	0	0	0	
0	0	0	0	0	0	0	0	0	0	0	0	0	0	0	0	0	0	0	0	0	0	0	0	0	0	0	0	0	0	0	0	0	0	0	0	0	0	0	0	12.95117	0	0	0	0	0	0	0	0	0	0	0	0	0	0	0	0	0	0	0	0	0	0	0	0	0	0	0	0	0	0	0	0	0	0	0	0	0	0	0	0	0	0	0	0	0	0	0	0	0	0	0	0	0	0	0	0	0	0	0	
0	0	0	0	0	0	0	0	0	0	0	0	0	0	0	0	0	0	0	0	0	0	0	0	0	0	0	0	0	0	0	0	0	0	0	0	0	0	0	0	0	0	0	0	0	0	0	8.90268	0	0	8.10179	0	0	0	0	0	0	0	0	0	0	0	0	0	0	0	0	0	0	0	0	0	0	0	0	0	7.59578	0	0	0	0	0	0	0	0	0	0	0	0	0	0	0	0	0	0	0	0	0	0	0	
0	0	0	0	0	0	0	0	0	0	0	0	0	0	0	0	0	0	0	0	0	0	0	0	0	0	0	0	0	0	0	0	0	0	0	0	0	0	0	0	0	0	0	0	0	0	0	8.54166	0	0	10.24562	10.46122	0	0	0	0	8.7707	0	11.05448	0	10.28803	0	0	0	0	9.68986	0	0	0	0	0	0	0	0	0	0	0	0	0	0	0	0	0	0	0	0	0	0	0	0	0	0	0	0	0	0	0	0	0	0	
0	0	0	0	0	0	0	0	0	0	0	0	0	0	0	0	0	0	0	0	0	0	0	0	0	0	0	0	0	0	0	0	0	0	0	0	0	0	0	0	0	10.45734	0	0	0	0	0	0	0	0	0	0	0	0	0	0	0	0	0	0	0	0	0	0	0	0	0	0	4.23565	0	0	0	0	0	0	0	0	0	0	0	0	0	0	0	0	0	0	0	0	0	0	0	0	0	0	0	0	0	0	0	
0	0	0	0	0	0	0	0	0	0	0	0	0	0	0	0	0	0	0	0	0	0	0	0	0	0	0	0	0	0	0	5.83162	0	0	0	0	0	0	0	0	0	0	0	0	0	0	0	10.58924	0	0	0	0	0	0	0	0	0	0	0	0	0	0	0	0.85671	0	0	0	2.08525	0	0	0	0	0	0	0	0	0	0	0	0	0	0	0	0	0	0	0	0	0	0	0	0	0	0	0	0	0	0	0	0	
0	0	0	0	0	0	0	0	0	0	0	0	0	0	0	0	0	0	0	0	0	0	0	0	0	0	0	0	0	0	0	6.54177	0	0	0	0	0	0	0	0	0	0	0	0	0	0	0	0	0	0	0	0	0	0	0	0	0	0	0	0	0	0	0	0	0	0	0	0	0	0	0	0	0	0	0	0	0	0	0	0	0	0	0	0	0	0	0	0	0	0	0	0	0	0	0	0	0	0	0	0	
0	0	0	0	0	0	0	0	0	0	0	0	0	0	0	0	0	0	0	0	0	0	0	0	0	0	0	0	0	0	0	0	0	0	0	0	0	0	0	0	0	0	0	10.15242	0	0	0	0	0	13.83478	0	0	0	0	7.85016	0	0	0	0	0	0	0	0	0	0	0	0	0	0	0	0	0	0	0	0	0	0	0	0	3.19191	0	0	0	0	0	0	0	0	0	0	0	0	0	0	0	0	0	0	0	0	
0	0	0	0	0	0	0	0	0	0	0	0	0	0	0	0	0	0	0	0	0	0	0	0	0	0	0	0	0	0	0	0	8.01299	0	0	0	0	0	0	0	0	0	0	0	0	0	0	4.3356	0	0	6.5287	8.30156	0	0	0	0	0	0	9.7142	0	0	0	0	0	0	0	0	0	0	0	2.85132	0	0	0	0	0	0	0	0	0	0	0	0	0	0	6.72151	0	0	0	0	0	0	0	0	0	0	0	0	0	0	
0	0	0	0	0	0	0	0	0	0	0	0	0	0	0	0	0	0	0	0	0	0	0	0	0	0	0	0	0	0	0	0	0	0	0	0	0	0	0	9.3621	0	0	0	0	16.78827	0	8.78385	0	0	0	0	0	0	0	0	0	0	0	0	0	0	0	0	0	0	0	0	0	0	2.95554	0	0	0	0	0	0	0	0	0	0	0	0	0	0	0	0	0	0	0	0	0	0	0	0	0	0	0	0	0	0	
0	0	0	0	0	0	0	0	0	0	0	0	0	0	0	0	0	0	0	0	0	0	0	0	0	0	0	0	0	0	0	0	0	0	0	8.02351	0	0	0	0	0	0	0	0	0	0	0	8.22462	0	0	0	0	0	8.17652	0	0	0	0	0	0	9.17374	0	0	0	0	0	0	0	0	0	0	0	0	0	0	0	0	0	0	0	0	0	0	0	0	0	0	0	0	0	0	0	0	0	1.05742	0	0	0	0	0	
0	0	0	0	0	0	0	0	0	0	0	0	0	0	0	0	0	0	0	0	0	0	0	0	0	0	0	0	0	0	0	0	0	0	0	0	0	0	0	0	0	15.64297	0	0	0	0	0	0	0	0	0	0	0.62349	0	0	0	0	0	0	0	0	0	0	0	0	0	0	7.76667	0	0	0	2.33751	0	0	0	0	0	0	0	0	0	0	0	0	0	0	0	0	0	0	0	0	0	0	0	0	0	0	0	0	
0	0	0	0	0	0	0	0	0	0	0	0	0	0	0	0	0	0	0	0	0	0	0	0	0	0	0	0	0	0	0	0	0	0	0	0	0	0	0	0	9.01095	0	0	0	10.3464	0	0	5.02534	0	0	1.53207	13.61344	0	0	0	9.3194	0	0	10.21609	0	12.70729	0	0	0	0	0	0	0	2.48411	0	0	0	0	0	0	0	0	0	0	0	0	0	0	0	0	0	0	0	0	0	0	0	0	0	0	4.49972	0	0	0	0	
0	0	0	0	0	0	0	0	0	0	0	0	0	0	0	0	0	0	0	0	0	0	0	0	0	0	0	0	0	0	0	0	0	0	0	0	0	0	0	0	0	0	0	0	12.75833	0	0	0	0	0.34517	0	0	3.74774	0	0	0	0	7.79328	0	0	0	5.44975	0	0	0	0	0	0	0	0	0	0	0	0	0	0	0	0	0	0	0	0	0	0	0	0	0	0	0	0	0	0	0	0	0	0	0	0	0	0	
0	0	0	0	0	0	0	0	0	0	0	0	0	0	0	0	0	0	0	0	0	0	0	0	0	0	0	0	0	0	0	0	0	0	0	0	0	0	0	0	0	0	0	12.68839	0	0	13.10262	0	0	0	10.65432	0	0	0	0	0	0	0	0	6.55427	0	0	0	0	8.016	0	0	0.85671	0	0	0	0	7.83828	0	0	0	2.73901	0	0	0	0	0	0	0	0	0	0	0	0	0	0	0	0	0	0	0	0	0	0	0	
0	0	0	0	0	0	0	0	0	0	0	0	0	0	0	0	0	0	0	0	0	0	0	0	0	0	0	0	0	0	0	0	0	0	0	0	0	0	0	0	0	0	0	0	0.62349	1.53207	0	11.00752	6.01163	0	0	11.77486	4.78075	0	0	7.67996	0	0	1.3905	0	0	0	0	0	0	0	0.62349	13.14805	0	0	0	0	0	11.19134	0	0	0	0	0	0	0	0	0	0	0	0	0	0	0	0	0	0	0	0	0	0	0	0	0	0	
0	0	0	0	0	0	0	0	0	0	0	0	0	0	0	0	0	0	0	0	0	0	0	0	0	0	0	0	0	0	0	0	0	0	0	0	0	12.93029	0	0	0	0	0	0	0	0	0	0	0	0	0	7.42003	0	0	13.84645	0	7.37631	0	0	10.91321	0	1.88866	0	0	0	0	0	0	0	0	0	0	0	0	5.98865	2.95554	0	0	0	0	0	0	0	0	0	0	0	0	0	0	0	0	0	0	0	0	0	0	0	0	
0	0	0	0	0	0	0	0	0	0	0	0	0	0	0	0	0	0	0	0	0	0	0	0	0	0	0	0	0	0	0	0	0	0	0	0	0	0	0	0	0	0	15.02383	0	0	11.64769	0	13.01095	0	0	11.02222	0	11.22268	0	10.18661	0	0	0	0	0	0	0	0	8.54166	0	0	0	1.66097	0	0	10.86049	0	0	0	0	0	0	0	0.62349	0	0	0	0	0	0	0	0	0	0	0	0	0	0	0	0	0	0	0	0	0	
0	0	0	0	0	0	0	0	0	0	0	0	0	0	0	0	0	0	0	0	0	0	0	0	0	0	0	0	0	0	0	0	0	0	0	0	0	0	0	0	0	0	0	0	0	0	0	10.00006	9.81894	0	0	11.95037	0	0	0	0	0	0	0	0	0	0	0	0	0.34517	0	0	0	0	0	0	0	0	0	0	0	0	0	0	0	0	0	0	0	0	0	0	0	0	0	6.33029	0	0	0	0	0	0	0	0	0	
0	0	0	0	0	0	0	0	0	0	0	0	0	0	0	0	0	0	0	0	0	0	0	0	0	0	0	0	0	0	0	0	0	0	0	0	0	0	0	0	0	0	0	0	0	0	0	11.00164	0	0	0	0	9.57236	2.79624	0	0	0	0	12.1493	3.98786	0	0	0	0	0	0	0	0	0	0	0	0	0	0	0	0	0	0	0	0	0	0	0	0	0	0	0	0	0	0	0	0	0	0	0	0	0	0	8.02651	0	
0	0	0	0	0	0	0	0	0	0	0	0	0	0	0	0	0	0	0	0	0	0	0	0	0	0	0	0	0	0	0	0	0	0	0	0	0	0	0	0	0	0	9.54391	0	0	0	0	0	0	9.78609	0	9.71976	0	11.05173	0	0	0	0	0	0	0	0	0	0	12.62022	0	0	0	0	0	0	0	0	0	0	0	15.80264	0	0	0	0	0	0	0	0	0	0	0	0	0	0	0	0	0	0	0	0	0	0	0	
0	0	0	0	0	0	0	0	0	0	0	0	11.44345	0	0	0	0	0	0	0	0	0	0	0	0	0	0	0	0	0	8.86387	0	0	0	0	0	0	0	0	0	0	0	10.69347	0	0	0	0	8.83768	0	0	12.43497	0	0	7.12296	1.7793	0	10.9272	0	0	0	0	0	0	9.99357	6.67367	11.64343	0	0	0	0	0	0	0	0	0	0	0	0	0	0	0	0	0	0	0	0	0	0	0	0	0	0	0	0	0	0	0	0	0	0	
0	0	0	0	0	0	0	0	0	0	0	0	0	0	0	0	0	0	0	0	0	0	0	0	0	0	0	0	0	0	0	0	0	0	0	0	0	0	0	0	0	0	0	0	0	11.46273	11.30774	0	0	11.93082	2.25822	8.12542	10.84202	0	10.45956	10.39253	0	0	0	0	10.3265	0	0	0	0	0	0	0	0	6.17643	0	0	0	0	0	0	2.8516	0	0	0	0	0	0	0	0	0	0	0	0	0	0	0	0	0	0	0	0	0	0	0	
0	0	0	0	0	0	0	0	0	0	0	0	0	0	0	10.5248	0	0	0	0	0	0	0	0	0	0	0	0	0	0	0	0	0	0	0	7.83657	12.51842	0	0	0	0	0	0	0	0	9.58359	8.65233	7.24108	3.65791	8.63093	0	0	4.05976	0	11.21827	0	0	0	0	8.36843	0	8.66014	0	10.8912	0	11.33939	0	0	11.43615	0	7.18591	0	0	0	0	11.4861	0	1.05742	0	3.06443	0	0	0	0	0	0	0	0	0	0	7.64921	0	0	0	0	0	0	0	0	0	
0	0	0	0	0	0	0	0	0	0	0	0	0	0	0	0	0	0	0	0	0	0	0	0	0	0	11.84915	0	0	0	0	5.73242	0	0	5.3481	0	0	0	0	0	10.56922	0	0	0	0	0	0	0	8.47162	2.42871	2.17434	12.51763	8.13591	0	9.22807	0	14.36495	0	4.51754	0	0.34517	11.87536	0	0	0	8.85463	0	0	0	0	0	0	0	8.30449	0	0	0	0	0	0	0	0	0	0	0	0	0	0	0	0	0	0	0	0	0	0	0.85671	0	0	0	
0	0	0	0	0	0	0	0	0	0	0	0	0	0	0	0	0	0	0	7.55074	0	0	0	0	0	0	0	0	0	0	0	0	0	0	0	0	0	0	0	0	0	0	0	13.52636	0	0	13.13132	13.56657	11.14491	0	7.2385	8.01294	10.94283	0	0	0	13.29802	0	0	8.85649	4.62143	0	0	11.76885	0	6.89949	0	8.6161	0	0	0	0	0	0	0	0	0	0	0	0	0	0	0	0	0	0	0	0	0	0	7.94264	0	0	0	0	0	0	0	0	0	
0	0	0	0	0	0	0	0	0	0	0	0	8.27836	0	0	0	0	0	0	7.93227	0	0	0	0	0	0	0	0	0	0	0	0	0	6.78345	0	0	0	0	0	0	0	10.33528	14.4327	0	9.62521	0	0	3.91253	8.04877	0	0.62349	8.51619	7.4768	8.23563	9.61819	8.31678	5.74811	5.45671	9.60063	0	0	0	0	0	3.52873	0	0	0	0	0	0	0	0	0	0	0	0	0	7.82114	1.05742	0	0	0	0	0	0	0	0	0	0	0	0	0	0	0	0	0	0	0	0	
0	0	0	0	0	0	0	0	0	0	0	0	0	0	0	0	0	0	0	0	0	0	0	15.92384	0	0	0	0	0	0	0	0	0	0	0	0	0	0	14.0484	0	0	0	7.80476	8.93331	3.91217	0	8.99368	7.37847	0	10.56823	8.88464	9.85967	0	0	0	0	0	3.61081	15.05028	9.63206	10.53981	0	0	0	7.93067	0	0.85671	0	0	0	0	0	0	0	0	0	0	0	0	0	0	0	0	0	0	0	0	0	0	0	0	0	0	0	0	0	0	0	0	0	
0	0	10.37311	0	0	0	0	0	0	0	0	0	0	0	0	0	0	0	0	0	0	0	0	0	0	0	0	0	0	0	0	0	0	0	0	0	0	0	0	0	9.96283	0	0	0	0	8.50993	0	10.29483	7.98863	11.41074	0	7.24366	8.86971	9.27171	0.34517	13.85753	0	0	3.91217	0	10.97763	0	9.45392	10.68283	0	0	0	0	0	0	0	7.32156	0	0	0	0	0.85671	0	0	0	0	0	0	0	0	0	0	0	0	0	0	0	0	0	0	0	0	0	0	0	
0	0	0	0	0	0	0	0	0	0	0	10.56035	0	0	0	0	0	0	0	0	0	0	0	0	0	0	0	0	0	0	0	0	7.91137	0	0	0	0	11.25444	14.74081	11.0451	5.66486	7.45702	0	0	11.98708	7.94722	10.36371	10.82412	10.94099	0	11.32685	0	1.08717	7.35752	0	11.79438	5.04826	9.06742	0	0	0	0	0	0	0	0	0	9.00109	0	0	0	0	5.12044	0	0	6.58709	0	0	10.36456	0	0	0	0	0	0	0	0	0	0	0	0	0	0	0	0	6.2662	0	0	0	0	
0	0	0	0	0	0	0	0	0	0	0	0	0	0	0	0	0	0	0	0	0	0	0	0	0	0	0	0	0	0	0	0	0	0	5.71025	8.43639	0	0	0	6.20902	0	12.84382	0	10.53078	14.07539	9.79545	6.67919	8.71476	2.6114	10.7338	11.6901	10.04431	0	9.62531	0	0	7.65498	0	0	6.97297	6.75535	0	7.04833	0	0	0	0	0	0	0	0	0	0	0	0	0	0	0	5.83845	0	0	0	0	0	0	0	0	9.04825	0	0	0	0	0	0	0	0	0	0	0	0	
0	0	0	0	0	0	0	0	11.35317	0	10.72974	0	0	0	0	0	0	0	0	0	0	0	0	0	0	0	9.14096	0	0	0	0	0	0	0	0	5.50231	0	12.17138	11.02877	0	8.44525	9.59573	0	6.20374	0.34517	11.95457	6.78243	7.02227	8.58451	7.97303	0	5.91346	0.34517	0	0	0	8.52591	2.85132	0	0	0	0	3.14379	0	0	0	11.24643	0	0	0	0	0	0	0	0	0	0	0	0	0	0	0	0	0	0	0	0	0	0	0	0	0	0	0.85671	0	0	0	0	0	0	
0	0	0	0	0	0	0	0	0	0	0	13.29228	0	0	12.73964	0	0	0	0	0	0	0	0	0	0	0	0	0	0	0	0	10.74004	0	0	6.02965	0	12.08112	0	0	9.51558	10.54268	0	8.85953	9.1825	10.581	7.8045	11.12799	8.4674	3.91999	9.96463	9.65752	10.48226	10.40754	10.28907	0	8.96018	10.63015	0	0	7.41338	13.70966	7.30762	0	9.83781	0	0	0	0	0	0	0	0	0	0	0	7.62604	0	0	0	0	0	0	0	6.19844	0	0	0	0	0	0	0	0	0	0	0	0	0	0	0	0	
0	0	0	0	0	0	0	0	0	0	0	0	14.59318	0	0	0	0	0	0	0	0	0	0	0	0	0	0	0	0	9.72023	0	0	7.02456	0	8.71314	0	12.93164	0	12.4972	10.08831	10.50035	13.24646	10.83429	5.83541	8.88434	4.60562	10.23922	11.03454	3.98786	8.60331	10.28978	12.65981	9.88765	9.12026	5.67164	9.28449	12.13983	0	0	10.42196	8.37196	0	0	0	0	0	0	0	0	0	0	0	0	9.92474	0	0	0	0	0	0	9.7928	0	0	0	0	0	0	0	0	0	0	0	0	0	0	0	0	0	0	0	
0	0	0	0	0	0	0	13.05759	0	0	0	10.09937	0	0	0	0	0	0	0	0	0	0	0	0	0	0	0	8.12058	0	0	4.76649	0	13.17675	0	0	0	3.14379	12.39035	9.78363	10.92875	10.60433	5.65211	0	10.85593	10.06156	9.16889	9.69282	10.07761	10.88363	9.24156	5.59802	9.71934	11.16694	7.60583	9.73524	4.80019	12.8105	4.57418	4.47619	9.07958	6.88306	11.84131	8.70568	0	9.5917	0	0	0	0	0	0	0	0	12.86201	0	0	0	0	0	0	0	0	0	0	0	0	0	0	0	0	0	0	0	0	0	0	0	0	0	0	
9.44724	0	0	0	0	0	0	0	8.42853	0	0	0	10.31399	0	0	0	0	0	0	0	0	0	0	0	14.22999	0	0	7.48478	0	0	0	0	9.13543	0	11.51615	7.69885	0	4.6156	10.61985	7.57573	10.28272	9.75932	6.02714	9.80079	11.89109	10.24585	7.754	9.8619	5.59842	5.93731	9.11914	5.36334	6.38074	3.43875	11.33119	9.6708	12.07146	6.30402	0	9.47933	0.34517	1.66097	0	7.29359	0	9.17239	0	0	0	0	4.58343	0	0	0	0	0	0	0	0	0	0	0	4.15401	0	0	10.8994	0	0	0	0	0	0	0	0	0	0	0	0	0	0	
0	0	0	11.78839	0	0	0	0	0	0	0	0	0	0	0	0	0	0	8.2543	0	0	11.92863	0	8.61411	10.61508	7.68943	0	0	11.16492	7.35503	12.25948	0	9.81807	0	0	3.14379	0	10.21272	10.23171	9.31877	8.6556	6.10559	8.83362	9.39155	10.50257	9.83628	8.25263	8.568	9.89237	7.58757	10.37307	8.0199	10.95844	7.75216	6.95568	11.56857	0	4.9774	5.66403	8.76795	0.85671	4.19365	9.38152	0	0	0	0	0	0	5.63378	0	0	3.45952	0	2.25414	9.00185	12.72323	3.03998	0	0.34517	0	0	0	0	0	0	0	0	0	0	0	0	0	0	0	0	0	0	0	0	
9.47873	0	0	0	11.44471	6.9192	0	0	0	0	0	0	0	0	0	0	0	9.62022	0	0	0	0	0	0	10.14072	0	9.01368	8.57875	0	13.80428	10.65127	0	0	0	10.36751	9.89299	5.37279	9.28042	11.70207	8.48479	7.85092	8.69143	9.41605	8.54664	9.55411	9.27394	9.75279	8.23407	8.36905	9.93483	5.71148	10.26339	11.03454	6.73433	9.27375	9.78118	9.63399	5.05386	5.85989	7.94632	13.82251	0	7.59086	12.61408	11.32183	10.71798	9.11617	0	0	0	0	0	0	0	6.73352	0	0	0	0	0	0	0	0	0	0	0	0	0	0	0	0	0	0	0	0	0.85671	0	0	0	0	
0	0	0	0	0	0	0	0	5.50231	0	8.49811	0	0	0	0	0	12.93513	12.78802	8.96643	6.74083	13.06248	10.09435	0	0	0	14.32575	0	10.35833	5.46873	11.3079	0	9.62071	11.24599	7.8635	8.95081	9.52002	6.65371	9.85051	9.16198	8.63657	9.55122	7.82904	6.55863	8.6071	9.74674	7.8084	8.36651	9.0736	8.97447	8.07609	7.32024	11.02267	6.8475	7.87678	5.6311	6.16439	4.97804	8.46759	0	6.95712	5.93123	7.8703	7.50871	0	8.09845	12.03252	9.78928	0	0	0	0	7.01856	0	0	8.57272	0	0	0	9.67372	0	0	0	0	0	0	9.06655	0	0	0	0	0	0	0	0	0	6.45553	0	0	0	0	
0	10.08437	0	0	1.7793	8.16609	0	0	0	0	0	0	0	0	3.14379	10.24947	0	10.74118	10.01452	0	9.44108	0	5.4408	0	0	0	0	0	9.52878	11.21368	7.4914	0	10.30477	5.606	9.02598	8.64016	9.58856	9.94403	9.66672	8.40525	9.05715	8.42402	8.52842	8.5271	8.5495	7.23608	8.76169	9.12486	8.46711	6.9824	7.81291	8.56664	7.91646	6.48016	9.35387	6.83663	5.5613	7.74508	7.5915	6.64459	0	7.67805	0	12.27407	10.03215	2.25822	5.3873	2.55218	0	0	0	0	0	0	0	3.88603	0	0	0	0	8.62894	0	0	0	0	0	0	0	0	0	0	0	0	0	0	0	0	0	0	0	
0	12.48922	10.46426	0	9.64914	0	0	0	0	0	9.84334	0	0	0	9.3786	9.56363	0	7.388	0	0	7.62175	7.35503	8.43736	11.90681	6.76255	8.91888	0	5.98911	7.91944	6.76791	12.05249	10.1209	11.4546	9.80647	10.77695	7.7937	7.93001	9.05548	8.65868	7.61786	7.29716	7.66759	8.47475	7.46759	7.20413	7.51724	8.36977	7.94864	8.62851	8.47573	7.72153	9.28345	8.28011	7.82885	8.1219	7.77302	7.9756	7.7027	8.03255	8.3542	0	8.59029	10.30209	10.86804	2.61098	0	1.9903	0	0	0.62349	0	9.3327	0	0.62349	9.92944	0	9.02074	0	2.85132	0	0	0	0	5.03967	0	1.39812	0	0	0	0	0	0	0	0	0	0	0	0	0	0	
0	0	0	0	0	0	0	0	10.43272	0	9.91416	12.01906	0	0	0	0	0	0	10.05498	0	1.9903	0	0	0	0	8.63976	11.05478	0	1.9903	9.43038	5.88814	7.68376	7.01555	9.63701	10.33071	8.98266	8.61552	9.24732	8.73875	8.27661	5.02512	7.86812	8.92514	7.56352	7.22016	8.31958	5.98661	7.56746	8.79279	8.48603	7.94771	8.85871	5.42217	7.65421	7.56412	9.62624	8.72713	9.11925	10.68993	7.72428	8.59942	5.70627	9.67802	8.90366	0	9.284	0	9.56124	0	0	0	0	0	0	0	0	0	0	2.73901	0	0	6.4732	0	0	0	0	0	8.24944	3.98786	10.33739	0	0	0	0	0	0	0	0	0	0	
0	0	0	0	0	0	0	0	9.7477	11.06616	2.55616	1.05742	0	12.85949	0	0	0	5.44975	10.58087	7.12699	0	0	5.20744	8.979	8.70848	10.96816	6.62709	9.73242	9.83751	9.59849	0	7.05235	5.05922	4.76594	4.08444	9.56209	9.14764	6.55969	11.23301	5.98764	8.36438	8.39554	8.1228	8.91456	7.01312	7.89468	8.44045	7.51852	6.93309	9.55672	7.84891	7.04217	7.24246	6.34036	8.04063	8.61332	7.75674	5.173	9.73036	8.47511	6.45686	9.16734	10.40038	11.56117	5.8186	10.70168	9.09535	0	0	0	0	0	0	7.1004	9.92904	0	0	0	13.14003	0	0	0	0	0	0	0	0	0	7.98709	0	3.59476	0	0	0	0	0	0	0	0	0	
0	0	12.30122	8.48628	0	6.09385	0	1.3905	4.99154	0	0	0	0	0	0	0	0	7.3618	0	0	0	0	0	11.95145	0	11.09622	0	9.55695	9.19519	8.04382	0	9.20021	0	9.16426	4.77171	8.16895	7.24664	7.18541	4.70416	10.57163	6.63582	8.99302	7.02496	8.45852	7.10636	7.17939	5.9785	8.48044	7.17956	7.03038	7.577	7.48409	8.21072	7.38251	7.92546	5.77338	7.45684	7.70774	7.68325	7.19365	8.47232	7.45316	3.95107	13.08953	4.33034	0	0	6.98662	6.33029	4.15039	2.93939	0	9.23456	0	0.92851	0	7.6089	0	0	0	0	0	5.84096	0	0	0	0	0	0	0	0	0	0	0	0	0	0	0	0	0	
0	0	0	0	0	0	0	0	0	0	9.84546	10.53377	10.29689	0	11.02372	0	0	7.53401	0	4.97923	0	0	0	0	0	0	5.61799	4.49972	5.70056	0	7.79349	8.77886	5.87429	8.51463	4.0969	8.67323	9.40756	7.51895	7.50286	7.86594	9.39127	5.82286	6.3835	6.65241	6.66795	7.93899	7.00714	6.75234	7.535	6.36761	6.82222	8.92605	9.16693	7.47037	8.1235	6.08069	6.98632	7.23982	9.30207	7.60734	9.2367	6.70111	8.30083	7.31117	0	6.2198	11.49218	4.33176	0	0	8.03694	0	5.98819	1.06224	0	13.8931	0	0	0	0	0	0	0	0	0	0	0	0	6.6698	0	0	0	0	0	0	0	0	0	0	0	
0	0	0	0	0	0	0	0	0	12.0168	0	0	4.19365	0	0	0	0	0	0	0	0	0	0	8.97249	0	0	8.66534	0	0	4.50369	7.34268	0	0	6.58216	6.57487	6.16623	7.14241	2.25822	2.67938	8.20096	5.52856	11.17743	3.77166	5.39681	10.39693	8.97786	6.16151	7.69794	9.10556	4.11564	7.04903	8.95518	6.3819	5.74804	8.23715	7.69542	6.80004	7.41046	4.60058	6.55348	8.30076	5.63173	3.56212	9.95091	7.00063	5.55549	9.05926	8.14283	6.04243	0	0	5.15368	0	2.33751	0	6.96338	10.27958	0	0	0	0	0	0	0	7.52345	0	0	3.31027	0	0	0	11.19051	0	0	0	0	10.0692	0	0	0	
0	0	0	0	0	0	0	0	0	0	0	9.21106	0	0	0	0	0	8.14066	10.49889	0	0	0	0	0.34517	0	0	0	7.7827	0	0	0	0	4.06404	5.87664	6.21142	0	5.92156	8.84523	2.1787	5.56892	6.5301	8.796	9.0587	3.55304	0	10.0428	5.51786	4.59968	7.56859	5.59233	9.37264	11.6844	7.91544	5.02856	6.95629	5.50304	6.92691	6.81875	7.59914	9.17988	7.16346	6.2576	0	7.5581	7.40321	0	10.64069	7.09471	8.17421	8.62388	0	0	0	0.62349	0	10.9629	0	9.00261	0	0	0	5.88794	0	0	0	0	0	0	0	0	0	0	0	0	0	0	0	0	0	0	
0	0	0	0	4.92574	0	0	0	0	0	9.17846	0	6.88637	0	0	10.36395	0	0	8.35301	0	6.17526	5.40443	0	0	0	11.06034	4.80884	0	0	5.7879	0	9.26871	10.71311	0	0	8.05318	7.71193	1.66097	10.97088	9.77166	6.47646	8.30203	5.62542	9.35438	4.72202	5.84793	11.38632	4.62581	8.00937	8.26339	8.74551	7.30014	8.34383	8.61007	6.09335	6.9799	8.31198	7.94841	4.36252	8.70426	5.62527	8.00174	5.49422	2.19352	9.23161	0	7.56664	11.58403	0	1.23352	7.97436	8.10367	6.98809	12.13227	9.70846	0	5.35679	0	0	0	6.2557	0	0	0	0	3.45952	0	0	0	0.62349	0	0	0	0	0	0	0	0	0	0	
0	0	0	0	0	0	0	0	0	0	0	6.21428	2.20543	0	0	10.43695	0	0	0	0.62349	1.05742	0	3.88603	0	0	0	0	0	0	5.58443	2.17434	4.71096	0	0	0	9.61972	0	0	0	3.91217	3.53827	4.75619	5.51721	5.59572	8.30585	4.26632	5.28759	8.4378	7.21889	2.84342	0	0	7.89859	10.31851	0	6.11457	8.34107	6.93908	6.17327	6.97972	7.71693	8.82638	7.5257	7.03821	5.37003	4.93578	5.44975	8.2525	0	9.84646	0	8.81911	6.05363	9.70629	7.74865	0	3.22942	0	7.75227	0	0	0	0	0	0	0	0	0	0	0	0	0	0	0	0	0	0	0	0	0	
0	0	0	10.79506	0	0	0	0	0	0	0	0	0	0	0	0	1.05742	0	0	0	0	0	7.18323	0	0	0	7.44325	5.77804	9.77511	7.7432	0	0	0.85671	0	0	10.71101	0	0.34517	0.34517	5.8814	6.56568	0	1.66097	0	4.10422	12.40494	6.1842	7.18054	5.23079	8.23902	6.17589	6.58206	9.04671	9.43153	6.64558	6.41664	8.39573	6.10269	7.2733	5.85281	8.7303	7.71057	9.66451	8.5885	6.4882	9.41176	6.88156	6.52069	9.28946	8.81474	6.08683	9.56973	3.27703	6.12708	10.67346	0	12.54959	5.00375	7.03029	9.53237	1.84916	4.69301	4.58343	0	0	0	0	0	0	0	0	0	0	0	0	0	0	4.46483	0	12.50762	
0	0	8.32979	0	0	0	0	0	0	0	0	0	0	0	0	0	0	0	0	0	8.77497	0	0	0	0	10.17721	0	9.37099	0	10.32193	0	10.40624	9.60928	0	9.58714	0	0	6.6227	6.38511	0	8.85294	0	0	8.89968	11.0576	9.11588	0.17259	5.07225	2.48411	10.18308	9.26528	8.29584	7.11094	8.00991	6.9506	8.43852	6.74083	6.72298	8.25629	6.3322	3.24969	6.15919	6.81583	2.22995	6.70543	5.5693	5.22166	0	9.58797	4.23754	4.78715	6.70465	5.79501	8.5383	0	0	6.70508	0	1.93619	7.9513	0	5.71977	0	0	0	0	0	0	4.05368	0	0	0	0	0	0	0	2.55218	0	0	0	
0	0	0	0	4.73755	0	0	0	0	0	0	0	8.00238	0	0	0	0	0	0	0	1.23352	6.86979	0	0	0	0	0	9.26992	0	0	0	0	8.57477	0	0	0	5.14268	0	10.41684	8.00086	0	0	4.14663	0.34517	7.34547	0	2.09281	9.14716	0	5.22584	9.74634	5.73619	10.0601	3.64193	8.35274	5.03339	0	6.5833	5.4145	2.83806	6.35368	6.39503	8.62625	6.99869	6.40223	8.69639	8.04917	4.88211	7.51219	6.17903	6.81022	0	0	7.9991	0	7.23748	7.28205	6.31647	0	0	0	0	0	0	7.73773	0	0	0	0	0	0	0	0	0	0	0	8.20493	0	0	0	
0	0	0	0	0	0	0	0	0.34517	0	0	0	0	0	0	0	8.50242	2.85132	7.85858	0	0	0	0	0	2.58161	0	0	0	0	0	0	0	0	0	8.46979	7.81941	0	10.65093	0	0	0	0	5.93083	9.83226	0	13.39966	12.3361	10.52665	0	5.36628	0	10.2223	7.99934	8.55979	0	8.62699	0	6.89589	0	5.50942	6.85249	0.34517	4.49987	9.49016	7.42457	7.74199	8.06143	5.76066	9.19186	8.4249	8.80967	4.97728	8.00235	7.32859	7.42727	4.70368	8.81862	7.54449	0	0.62349	6.04153	0	11.46149	0	2.84123	6.29596	8.2376	5.94356	7.24879	0	6.3749	0	0	6.96156	0	0	0	0	0	0	
0	0	0	0	0	0	0	0	0	0	0	0	0	0	0	0	0	0	0	0	4.7443	0	0	0	0	0	0	0	0	6.31567	0	0	0	0	11.80417	0	0	0	0	0	9.59624	0	9.11166	9.12847	6.06111	0	0	3.14379	6.68887	5.76137	9.08102	0	0	2.43172	4.78966	6.96768	0	0	7.04962	8.77416	10.45706	6.82729	3.98941	5.61998	6.55428	7.11471	3.99996	5.98591	7.61795	9.90074	7.97596	7.74988	5.80696	5.08296	5.13275	0	4.40795	0	3.20071	0	0	0	0.34517	0	0	0	8.47525	0	0	0	0	0	0	0	0	0	0	0	0	0	
0	0	0	0	7.63946	0	0	0	0	0	0	3.85941	0	7.93227	0	0	0	0	0	0	0	0	0	0	0	0	0	0	0	0	0	0	0	0	0	0	0	0	0	6.15604	0	0	5.02785	0	5.40551	0	2.24986	3.00495	0	0	2.55218	0	0	0	8.1796	0	0	0.34517	0	8.53011	7.07219	3.65172	6.47618	8.02609	6.82098	0	2.99669	5.16195	8.665	9.76626	7.40413	9.82911	8.52083	5.64179	0	0	8.14558	6.07662	9.57435	4.19365	4.46483	6.91896	1.23352	0	4.39241	0	3.71842	10.69477	0	5.19429	0	0	0	0	1.66097	0	0	0	0	0	
0	0	0	0	0	0	0	0	0	0	0	0	0	0	0	0	0	6.67288	0	0	0	7.36453	9.49665	0	0	0	7.87196	0	0	0	0	0	0	6.68365	5.37739	0	0	0	0	0	0	0	0	0	0	0	0	0	0	0	1.53207	0	0	0	0	8.74797	11.12658	9.6776	6.22475	5.51941	0	5.97746	6.60352	0	7.67508	7.46827	7.58905	7.55748	5.50033	4.92237	6.38378	6.1382	7.21615	5.88927	6.95525	7.69523	4.58019	0	9.66173	5.91245	0	0	7.0474	0	7.59175	8.39965	1.05742	2.17434	0	10.43884	0	0	0	0	0	0	7.7889	0	0	0	
0	0	0	0	0	0	0	0	7.01495	0	0	8.5645	0	0	0	0	0	0	0	0	0	0	0	0	0	0	0	11.73608	0	0	0	0	0	0	0	0	0	0	0	9.16024	0	0	0	0	0	6.55012	0	4.58343	7.35741	0	0	10.14279	0	0	0	0	0	0	7.32878	0	7.21544	0	8.60552	8.86733	7.1502	5.37681	7.56958	0	0	6.43526	8.46821	1.66097	9.5939	7.09315	4.18471	9.60585	1.33969	0	0	8.63817	6.62679	8.1771	9.37273	8.01146	6.12733	0	0	0	0	0	7.75408	0	9.70152	0	0	0	0	0	0	0	
0	0	0	0	0	0	0	0	0	0	0	0	0	10.32589	0	0	0	0	0	9.48582	0	0	0	0	0	3.32113	0	0	0	0	0	0	0	0	8.74074	0	0	6.5295	0	0	10.66613	0	4.64707	10.25777	0	0	0	0	0	0	9.25637	7.5877	0	0	7.32616	0	0	0	0	7.56647	4.97292	0	4.71231	8.95861	6.44214	4.37517	9.16367	9.67181	0.34517	5.54307	6.99591	0	6.95305	6.71712	9.68513	7.54838	4.24687	4.999	7.49267	4.14844	0	7.59622	5.40443	4.31169	2.25843	0	0	10.94738	4.45812	0	5.73242	0	0	6.8189	0	0	0	0	5.10022	0	
0	0	0	0	0	0	0	8.37314	0	0	0	0	0	0	0	0	0	0	0	0	0	0	2.95554	0	0	0	0	0	11.13697	0	0	0	0	0	11.58721	0	0	9.47435	0	0	0	1.95365	0	0	0	0	5.89535	0	0	0	0	0	10.2549	0	0	0	4.08585	10.62499	0	5.13763	5.74987	0	0	6.774	0	2.90437	0	10.18842	6.69338	9.35139	7.43371	6.23881	8.41144	6.89265	6.59518	5.90636	8.7233	0	7.22411	5.54637	6.64336	8.00783	4.10104	0	7.91692	0	3.85941	4.4018	0	0	11.36593	8.58169	0	0	0	0	8.79793	0	0	0	
0	0	0	0	0	0	0	0	0	0	0	0	0	0	0	0	0	0	0	0	0	0	0	0	0	0	0	0	0	0	0	0	0	0	0	0	0	6.09216	0	0	0	0	0	0	0	0	0	0	0	6.0356	0	5.08087	0	4.24684	0	0	4.91606	10.8988	0	0	5.25926	0	8.90918	11.00069	7.23592	6.04713	0	0	9.26413	7.88183	0	3.45952	5.71252	10.79179	7.29648	6.63272	0	4.0906	6.55772	7.20026	2.29918	9.08174	6.59114	1.3905	0	0	4.2879	0	0	0	0	0	6.30406	6.58198	6.80501	0	0	0	0	0	
0	0	0	0	0	0	0	9.51116	0	0	0	0	0	0	0	0	0	0	0	0	0	0	0	0	0	0	0	0	0	0	0	0	0	0	0	0	0	6.38935	0	6.58709	0	0	0	0	0	0	0	0	0	0	4.23804	0	0	11.22805	6.48186	0	0	6.64767	9.48201	12.67902	0	1.3905	0	7.32089	9.59805	10.1338	0	0	7.57152	6.5774	6.49708	3.99208	5.01374	7.74415	1.7793	7.16897	6.33992	0	8.93135	10.50552	7.81458	9.26213	6.20498	6.48424	5.80668	0	0	3.51279	0	0	5.69528	0	0	0	0	7.38886	0	0	0	0	
0	0	0	0	0	0	0	0	0	0	0	0	0	0	0	0	0	0	0	0	0	0	0	0	0	10.19096	0	0	0	0	0	0	0	0	0	0	0	6.4688	0	0	0	0	0	0	10.61458	0	0	0	10.73844	0	0	0	0	0	0	0.62349	0	0	0	0	0	0	8.67492	0	0	7.65005	5.74882	6.46821	0.34517	7.15649	3.30298	0	10.84043	0	8.04582	6.05094	2.79624	8.06929	5.9381	5.65553	1.82925	0	6.17652	0	12.68998	6.60631	0	0	0	0	10.44172	0	0	0	0	0	0	2.79624	0	0	
0	0	0	0	0	0	0	0	0	0	0	0	8.76694	0	0	0	0	0	0.34517	0	0	0	0	0	0	0	0	0	0	0	0	0	0	0	0	0	0	0	0	0	0	0	0	0	0	0	0	9.59875	0	0	1.66097	0	7.55697	0	0	0	0	0	0	4.32542	0	0	0	5.82913	1.7793	10.02048	8.67878	0	0.85671	0	0	9.43489	0	0	0	1.85101	8.08595	8.81505	5.01032	5.29557	0	6.69775	5.73868	4.31959	7.10544	3.22554	3.98261	0.34517	8.05171	0	0	0	0	8.13868	0	0	0	0	0	0	
0	0	0	0	0	0	0	0	0	0	0	0	0	0	0	0	0	0	0	0	0	0	0	0	0	0	0	0	0	0	0	0	10.41084	0	0	0	0	0	0	0	2.08525	0	0	0	0	0	0	0	0	0	0	0	0	0	0	0	5.64191	0	0	0	8.90968	0	0	2.63343	0	8.3131	0	0	7.17477	0	0	0	9.28043	0	0	3.05273	0	0	7.58476	7.37621	9.02593	6.4732	9.24424	0	6.13327	0	0.62349	0	0.34517	4.95429	6.25034	3.78951	4.67123	0	0	0	0	0	0	0	
0	0	0	0	0	0	0	1.10928	0	0	0	0	0	0	0	0	0	0	0	0	0	0	0	0	0	0	0	5.32883	0	0	0	0	0	0	0	0	0	0	0	0	0	0	0	0	0	0	0	0	0	0	0	0	0	0	0	0	0	0.34517	0	0	0	0	0	0	0	0	0	0	0	0	2.68827	3.94466	7.86565	0.62349	0	10.02123	9.24231	0	10.79028	8.23254	0	6.35231	0	5.78994	3.80465	8.64114	0	9.17307	0	0	0	4.69301	0	0	0	9.39549	0	0	0	0	
0	0	0	0	0	0	0	0	0	0	0	0	0	0	0	0	0	0	0	0	13.65139	0	0	0	0	0	0	0	0	0	4.86344	0	0	0	0	0	0	0	0	0	0	0	0	0	0	0	0	0	0	0	0	0	0	0	0	0	0	0	0	12.52512	0	0	0	0	7.00951	8.9357	6.71508	8.33445	0	0	0	0	0	0	0	2.08525	6.8777	2.08525	0	0	4.19008	0	0	0	2.12097	6.51644	7.31684	4.85526	10.82224	0	11.2381	5.44975	6.4688	8.64171	0	6.77328	0	0	0	0	
0	0	0	0	0	0	0	0	0	0	0	0	0	0	0	0	0	0	0	0	0	0	0	0	0	0	0	0	0	0	0	0	0	0	0	0	0	0	0	0	0	0	0	0	0	0	0	0	2.08525	0	0	0	0	0	0	0	0	0	0	0	0	0	0	0	0	0	0	0	0	7.13411	11.17237	9.51862	6.6335	0	7.61779	6.8564	0	9.67801	0.34517	0	0	7.96697	9.51748	0	4.6757	0	2.61718	0	0	3.54651	0	0.92851	2.77652	0	2.33751	0	0	0	0	0	
0	0	0	0	0	0	0	0	0	0	0	0	0	0	0	9.11676	0	0	0	0	0	0	0	0	0	0	0	0	0	0	0	0	0	0	8.69725	0	0	0	0	0	0	0	0	0	0	0	0	0	0	0	0	0	0	0	0	0	0	0	0	0	0	0	0	0	0	0	0	6.99735	0	0	0	0	0	7.67424	0	0	0	0.17259	0	0	0	4.73755	0	0	6.3495	0	6.30695	3.23365	8.03397	9.92108	9.58409	0	10.23044	0	0	0	0	0	0	0	
0	0	0	0	0	0	0	0	0	0	0	0	0	0	0	0	0	0	0	0	0	0	0	0	0	0	0	0	0	0	0	0	0	0	0	0	0	0	0	0	0	0	0	0	0	0	0	0	5.70278	3.14379	0	0	0	0	0	0	0	0	0	7.53821	0	0	0	0	0	6.31587	0	0	0	0	0	8.55831	0	0	0	0	0	12.58162	0	5.90575	11.38253	0	0	8.06488	0	0	0	0	0	0	0	0	0	0	0	0	0	0	0	0	
0	0	0	0	0	0	0	0	0	0	0	0	0	0	0	0	0	0	0	0	0	0	0	0	0	0	0	0	0	0	0	0	0	0	0	0	0	0	0	0	0	0	0	0	0	0	0	0	0	0	0	0	0	0	0	2.43285	0	0	12.25458	0	0	0	0	0	7.69885	0	0	0	0	0	0	0	0	2.25822	0	0	6.20902	0	0	0	3.32057	5.24874	5.39119	9.04629	0	0	0	9.16697	6.886	0	3.91217	9.90808	10.13657	0	0	0	0	0	0	0	
0	0	0	0	0	0	0	0	0	0	0	0	0	0	0	0	0	0	0	0	0	0	0	0	0	0	0	0	0	0	0	0	0	0	0	0	0	0	0	0	0	0	0	0	0	0	0	0	0	0	0	0	0	0	0	0	0	0	0	0	0	0	0	0	0	0	0	0	0	0	0	0	0	0	0	0	0	0	0	0	0	0	0	0	0	0	0.34517	0	0	0	0	10.52903	0	0	0	0	0	0	0	0	
0	0	0	0	0	0	0	0	0	0	0	0	0	0	0	0	0	0	0	0	0	0	0	0	0	0	0	0	0	0	0	0	0	0	0	0	0	0	0	0	0	0	0	0	0	0	0	0	0	0	0	0	0	0	0	0	0	0	0	0	0	0	0	0	0	0	0	0	0	0	8.99569	0	0	0	0	0	2.17434	0	0	10.4838	0	0	0	10.91563	0	0	0	0	0	0	7.32795	10.30385	0	0	0	0	0	0	0	0	
0	0	0	0	0	0	0	0	0	0	0	0	0	0	0	0	0	0	0	0	0	0	0	0	0	0	0	0	0	0	0	0	0	0	0	0	0	0	0	0	0	0	0	0	0	0	0	0	0	0	0	0	0	0	0	0	0	0	0	3.65791	0	0	0	0	0	0	0	0	0	0	7.69885	0	0	0	0	0	0	0	0	0	0	0	0	0	0	0	3.18725	0	0	0	0	0	0	0	0	0	0	0	0	0	
0	0	0	0	0	0	0	0	0	0	0	0	0	0	0	0	0	0	0	0	0	0	0	0	0	0	0	0	0	0	0	0	0	0	0	0	0	0	0	0	0	0	0	0	0	0	0	0	0	0	0	0	0	0	0	0	0	0	0	0	0	0	0	0	0	0	0	0	0	9.34421	3.83229	0	0	0	0	0	0	0	7.59578	0	0	0	0	0	0	0	0	0	6.72985	3.59476	0	0	0	0	0	0	0	0	0	0	
0	0	0	0	0	0	0	0	0	0	0	0	0	0	0	0	0	0	0	0	0	0	0	0	0	0	0	0	0	0	0	0	0	0	0	0	0	0	0	0	0	0	0	0	0	0	0	0	0	0	0	0	0	0	0	0	0	0	0	0	0	0	0	0	0	0	0	0	0	0	0	0	0	0	0	0	0	0	0	0	0	0	0	0	0	0	0	0	0	0	0	0	0	0	0	0	0	0	0	0	
0	0	0	0	0	0	0	0	0	0	0	0	0	0	0	0	0	0	0	0	0	0	0	0	0	0	0	0	0	0	0	0	0	0	0	0	0	0	0	0	0	0	0	0	0	0	0	0	0	0	0	0	0	0	0	0	0	0	8.63486	0	0	0	0	0	0	0	0	0	0	0	0	0	0	0	0	6.39195	0	0	0	0	0	0	0	0	0	0	0	0	0	0	0	0	0	0	0	0	0	0	0	0	
0	0	0	0	0	0	0	0	0	0	0	0	0	0	0	0	0	0	0	0	0	0	0	0	0	0	0	0	0	0	0	0	6.96338	0	0	0	0	0	0	0	0	0	0	0	0	0	0	0	0	0	2.41267	0	0	0	0	0	0	0	0	0	0	0	0	0	0	0	0	0	0	0	0	0	0	0	0	4.42907	0	0	0	0	0	0	0	0	0	0	0	0	0	0	0	0	0	0	0	0	0	0	0	0	
0	0	0	0	0	0	0	0	0	0	0	0	0	0	0	0	0	0	0	0	0	0	0	0	0	0	0	0	0	0	0	0	0	0	0	0	0	0	0	0	0	0	0	0	0	0	0	0	0	0	0	0	0	0	0	0	0	0	0	0	0	0	0	0	0	0	0	0	0	0	0	0	0	0	0	0	0	0	0	0	0	0	0	0	0	0	0	0	0	0	0	0	0	0	0	0	0	0	0	0	
0	0	0	0	0	0	0	0	0	0	0	0	0	0	0	0	0	0	0	0	0	0	0	0	0	0	0	0	0	0	0	0	0	0	0	0	0	0	0	0	0	0	0	0	0	0	0	0	0	0	0	0	0	0	0	0	0	0	0	0	0	0	0	0	0	0	0	0	0	0	0	0	0	0	0	0	0	0	0	0	0	0	0	0	0	0	0	0	0	0	0	0	0	0	0	0	0	0	0	0	
0	0	0	0	0	0	0	0	0	0	0	0	0	0	0	0	0	0	0	0	0	0	0	0	0	0	0	0	0	0	0	0	0	0	0	0	0	0	0	0	0	0	0	0	0	0	0	0	0	0	0	0	0	0	0	0	0	0	0	0	0	0	0	0	0	0	0	0	0	0	0	0	0	0	0	0	0	0	0	0	0	0	0	0	0	0	0	0	0	0	0	0	0	0	0	0	0	0	0	0	
0	0	0	0	0	0	0	0	0	0	0	0	0	0	0	0	0	0	0	0	0	0	0	0	0	0	0	0	0	0	0	0	0	0	0	0	0	0	0	0	0	0	0	0	0	0	0	0	0	0	0	0	0	0	0	0	0	0	0	0	0	0	0	0	0	0	0	0	0	0	0	0	0	0	0	0	0	0	0	0	0	0	0	0	0	0	0	0	0	0	0	0	0	0	0	0	0	0	0	0	
0	0	0	0	0	0	0	0	0	0	0	0	0	0	0	0	0	0	0	0	0	0	0	0	0	0	0	0	0	0	0	0	0	0	0	0	0	0	0	0	0	0	0	0	0	0	0	0	0	0	0	0	0	0	0	0	0	0	0	0	0	0	0	0	0	0	0	0	0	0	0	0	0	0	0	0	0	0	0	0	0	3.62668	0	0	0	0	0	0	0	0	0	0	0	0	0	0	0	0	0	0	
0	0	0	0	0	0	0	0	0	0	0	0	0	0	0	0	0	0	0	0	0	0	0	0	0	0	0	0	0	0	0	0	0	0	0	0	0	0	0	0	0	0	0	0	0	0	0	12.01256	0	0	0	0	0	0	0	0	0	0	0	0	0	0	0	0	0	0	0	0	0	0	0	0	0	0	11.57255	0	0	0	0	0	0	0	0	0	0	0	0	0	0	0	0	0	0	0	0	0	0	0	0	0	
