0	0	0	0	0	0	0	0	0	0	0	0	0	0	0	0	0	0	0	0	0	0	0	0	0	0	0	0	0	0	0	0	0	0	0	0	0	0	0	0	0	0	0	0	0	0	0	0	0	0	0	13.47175	0	0	0	0	0	0	0	0	0	0	0	0	0	0	0	0	0	0	0	0	0	0	0	0	0	0	0	0	0	0	0	0	0	0	0	0	0	0	0	0	0	0	0	0	0	0	0	0	
0	0	0	0	0	0	0	0	0	0	0	0	0	0	0	0	0	0	0	0	0	0	0	0	0	0	0	0	0	0	0	0	0	0	0	0	0	0	0	0	0	0	0	0	0	0	0	13.62195	0	0	0	0	0	0	0	0	0	0	0	0	0	0	0	11.18122	0	0	0	0	0	0	0	0	0	0	0	0	0	0	0	0	0	0	0	0	0	0	0	0	0	0	0	0	0	0	0	0	0	0	0	0	
0	0	0	0	0	0	0	0	0	0	0	0	0	0	0	0	0	0	0	0	0	0	0	0	0	0	0	0	0	0	0	0	0	0	0	0	0	0	0	0	0	0	0	0	0	0	0	0	0	0	0	0	0	0	8.77566	0	0	0	0	0	0	0	0	0	0	0	0	0	0	0	0	0	0	0	0	0	0	0	0	0	0	0	0	0	0	0	0	0	0	0	0	0	0	0	0	0	0	0	0	0	
0	0	0	0	0	0	0	0	0	0	0	0	0	0	0	0	0	0	0	0	0	0	0	0	0	0	0	0	0	0	0	0	0	0	0	0	0	0	0	0	0	0	0	0	0	0	16.3177	10.93875	0	0	0	0	0	0	0	0	0	0	0	0	0	0	0	0	0	0	0	0	0	0	0	0	0	0	0	0	0	0	0	0	0	0	0	0	0	0	0	0	0	0	0	0	0	0	0	0	0	0	0	0	
0	0	0	0	0	0	0	0	0	0	0	0	0	0	0	0	0	0	0	0	0	0	0	0	0	0	0	0	0	0	0	0	0	0	0	0	0	9.54747	0	0	0	0	0	12.05007	0	0	0	0	0	0	0	0	0	0	0	0	0	0	0	0	0	0	0	0	0	0	0	0	0	0	0	0	0	0	0	0	0	0	0	0	0	0	0	0	0	0	0	0	0	0	0	0	0	0	0	0	0	0	0	0	
0	0	0	0	0	0	0	0	0	0	0	0	0	0	0	0	0	0	0	0	0	0	0	0	0	0	0	0	0	0	0	0	0	0	0	0	0	0	0	0	0	0	0	0	0	0	0	0	0	0	0	0	0	0	0	0	0	0	0	0	0	0	0	0	0	0	0	0	0	0	0	0	7.72081	0	0	0	0	0	0	0	0	0	0	0	0	0	0	0	0	0	0	0	0	0	0	0	0	0	0	0	
0	0	0	0	0	0	0	0	0	0	0	0	0	0	0	0	0	0	0	0	0	0	0	0	0	0	0	0	0	0	0	0	0	0	0	0	0	0	0	0	0	0	0	0	0	0	0	0	0	0	0	0	0	0	0	0	0	0	0	0	0	0	0	0	0	0	0	0	0	0	0	0	0	0	11.05715	0	0	0	0	0	0	0	0	0	0	0	0	0	0	0	0	0	0	0	0	0	0	0	0	0	
0	0	0	0	0	0	0	0	0	0	0	0	0	0	0	0	0	0	0	0	0	0	0	0	0	0	0	0	0	0	0	0	0	0	0	0	0	0	0	0	0	0	0	0	0	0	0	0	0	0	0	7.33798	0	0	0	13.11681	0	0	6.13749	0	0	0	0	0	0	0	0	0	0	0	0	0	0	0	0	0	0	0	0	0	0	0	0	0	0	0	0	0	0	0	0	0	0	0	0	0	0	0	0	0	
0	0	0	0	0	0	0	0	0	0	0	0	0	0	0	0	0	0	0	0	0	0	0	0	0	0	0	0	0.32354	0	0	0	0	0	0	0	0	0	0	0	0	0	0	0	0	0	0	0	0	0	0	0	0	0	0	0	0	0	0	0	0	0	0	0	0	0	0	7.4234	0	0	0	0	0	0	0	0	0	0	0	0	0	0	0	0	0	0	0	0	0	0	0	0	0	0	0	0	0	0	0	0	
0	0	0	0	0	0	0	0	0	0	0	0	0	0	0	0	0	0	0	0	0	0	0	0	0	0	0	0	0	0	0	0	0	0	0	0	0	0	0	0	0	0	0	0	0	0	0	0	0	0	0	0	0	0	0	8.37899	0	0	0	0	0	0	0	0	0	0	0	0	0	0	0	0	0	0	0	0	0	0	0	0	0	0	0	0	0	0	0	0	0	0	0	0	0	0	0	0	0	0	0	0	
0	0	0	0	0	0	0	0	0	0	0	0	0	0	0	0	0	0	0	0	0	0	0	0	0	0	0	0	0	0	0	0	0	0	0	0	0	0	0	0	0	0	0	0	0	0	0	0	0	0	0	0	0	0	0	0	0	0	0	0	0	0	0	0	0	0	0	12.20162	0	0	0	0	0	0	0	0	0	0	0	0	0	0	0	0	0	0	0	0	0	0	0	0	0	0	0	0	0	0	0	0	
0	0	0	0	0	0	0	0	0	0	0	0	0	0	0	0	0	0	0	0	0	0	0	0	0	0	0	0	0	0	0	0	0	0	0	0	0	0	0	0	0	0	0	0	0	0	0	0	0	0	0	0	5.85993	0	0	0	0.32354	0	0	0	0	0	0	0	0	0	0	0	0	0	0	4.97385	0	0	0	0	0	0	0	0	0	0	0	0	0	0	0	0	0	0	0	0	0	0	0	0	0	0	0	0	
0	0	0	0	0	0	0	0	0	0	0	0	0	0	0	0	0	0	0	0	0	0	0	0	0	0	0	0	0	0	0	0	0	0	0	0	0	0	0	0	0	0	0	0	0	0	0	0	7.79782	0	0	0	12.22908	0	0	0	0	0	0	0	0	0	0	0	0	0	0	4.80244	0	0	0	0	0	0	0	0	0	0	0	0	0	0	0	0	0	0	0	0	0	0	0	0	0	0	0	0	0	0	0	0	
0	0	0	0	0	0	0	0	0	0	0	0	0	0	0	0	0	0	0	0	0	0	0	0	0	0	0	0	0	0	13.24606	0	0	0	0	0	0	0	0	3.39985	0	0	0	0	0	0	0	8.15677	0	0	0	0	0	0	0	0	0	3.70813	2.46624	0	12.52983	0	0	7.21039	0	0	0	0	0	0	0	0	0	0	0	0	0	0	0	0	0	0	0	0	0	0	0	0	0	0	0	0	0	0	0	0	0	0	0	0	
0	0	0	0	0	0	0	0	0	0	0	0	0	0	0	0	0	0	0	0	0	0	0	0	0	0	0	0	0	0	0	0	0	0	0	0	0	0	0	0	0	0	0	0	0	0	0	0	0	0	0	0	0	0	5.46002	0	0	0	0	0	0	0	0	0	0	0	0	0	0	0	0	0	0	0	0	0	0	0	0	0	0	0	0	0	0	0	0	0	0	0	0	0	0	0	0	0	0	0	0	0	
0	0	0	0	0	0	0	0	0	0	0	0	0	0	0	0	0	0	0	0	0	0	0	0	0	0	0	0	0	0	0	0	0	0	0	0	0	0	0	0	0	0	13.05592	0	0	0	0	0	0	0	0	0	9.8265	0	0	0	0	0	0	11.51847	0	0	0	0	0	0	0	0	0	0	0	3.36506	0	0	0	0	0	0	0	0	0	0	0	0	0	0	0	0	0	0	0	0	0	0	0	0	0	0	0	0	
0	0	0	0	0	0	0	0	0	0	0	0	0	0	0	0	0	0	0	0	0	0	0	0	0	0	0	0	0	0	0	0	0	0	0	0	0	0	0	0	0	0	0	7.48753	0	0	0	10.75725	0	0	0	9.02304	0	0	0	0	0	0	4.61676	0	0	0	0	0	0	0	0	0	0	0	0	0	0	0	0	0	0	0	0	0	0	0	0	0	0	0	0	0	0	0	0	0	0	0	0	0	0	0	0	0	
0	0	0	0	0	0	0	0	0	0	0	0	0	0	0	0	0	0	0	0	0	0	0	0	0	0	0	0	0	0	0	0	0	0	0	0	0	0	0	0	0	0	9.58338	0	0	0	0	0	0	0	0	0	0	0	0	8.06764	0	0	0	0	0	0	0	0	0	0	1.00418	0	0.58775	0	0	0	0	0	0	0	0	0	0	0	0	0	0	0	0	0	0	0	0	0	0	0	0	0	0	0	0	0	0	0	
0	0	0	0	0	0	0	0	0	0	0	0	0	0	0	0	0	0	0	0	0	0	0	0	0	0	0	0	0	0	0	0	0	0	0	0	0	0	0	0	12.92495	0	0	0	0	0	0	0	0	0	0	0	0	0	0	0	0	0	0	0	0	0	0	0	0	0	0	0	0	0	0	0	0	0	0	0	0	0	0	0	0	0	0	0	0	0	0	0	0	0	0	0	0	0	0	0	0	0	0	0	
0	0	0	0	0	0	0	0	0	0	0	0	0	0	0	0	0	0	0	0	0	0	0	0	0	0	0	0	0	0	0	0	0	0	0	0	0	0	0	0	0	0	0	0	0	0	0	8.82369	0	0	8.6937	0	0	0	0	0	0	0	0	0	0	0	0	0	0	0	0	0	0	0	0	0	0	0	0	0	8.00688	0	0	0	0	0	0	0	0	0	0	0	0	0	0	0	0	0	0	0	0	0	0	0	
0	0	0	0	0	0	0	0	0	0	0	0	0	0	0	0	0	0	0	0	0	0	0	0	0	0	0	0	0	0	0	0	0	0	0	0	0	0	0	0	0	0	0	0	0	0	0	10.04449	0	0	9.36477	10.70724	0	0	0	0	8.94376	0	12.8955	0	9.26452	0	0	0	0	11.70931	0	0	0	0	0	0	0	0	0	0	0	0	0	0	0	0	0	0	0	0	0	0	0	0	0	0	0	0	0	0	0	0	0	0	
0	0	0	0	0	0	0	0	0	0	0	0	0	0	0	0	0	0	0	0	0	0	0	0	0	0	0	0	0	0	0	0	0	0	0	0	0	0	0	0	0	10.64585	0	0	0	0	0	0	0	0	0	0	0	0	0	0	0	0	0	0	0	0	0	0	0	0	0	0	0	0	0	0	0	0	0	0	0	0	0	0	0	0	0	0	0	0	0	0	0	0	0	0	0	0	0	0	0	0	0	0	
0	0	0	0	0	0	0	0	0	0	0	0	0	0	0	0	0	0	0	0	0	0	0	0	0	0	0	0	0	0	0	1.81332	11.31196	0	0	0	0	0	0	0	0	0	0	0	0	0	0	10.82531	0	0	0	0	0	0	0	0	0	0	0	0	0	0	0	3.91466	0	0	0	1.00418	0	0	0	0	0	0	0	0	0	0	0	0	0	0	0	0	0	0	0	0	0	0	0	0	0	0	0	0	0	0	0	0	
0	0	0	0	0	0	0	0	0	0	0	0	0	0	0	0	0	0	0	0	0	0	0	0	0	0	0	0	0	0	0	6.70521	0	0	0	0	0	0	0	0	0	0	0	0	0	0	0	0	0	0	0	0	0	0	0	0	0	0	0	0	0	0	0	0	0	0	0	0	0	0	0	0	0	0	0	0	0	0	0	0	0	0	0	0	0	0	0	0	0	0	0	0	0	0	0	0	0	0	0	0	
0	0	0	0	0	0	0	0	0	0	0	0	0	0	0	0	0	0	0	0	0	0	0	0	0	0	0	0	0	0	0	0	0	0	0	0	0	0	0	0	0	0	0	10.00019	0	0	0	0	0	14.86507	0	0	0	0	9.41079	0	0	0	0	0	0	0	0	0	0	0	0	0	0	0	0	0	0	0	0	0	0	0	0	5.88994	0	0	0	0	0	0	0	0	0	0	0	0	0	0	0	0	0	0	0	0	
0	0	0	0	0	0	0	0	0	0	0	0	0	0	0	0	0	0	0	0	0	0	0	0	0	0	0	0	0	0	0	0	6.897	0	0	0	0	0	0	0	0	0	0	0	0	0	0	3.36506	0	0	6.75599	10.2068	0	0	0	0	0	0	9.13049	0	0	0	0	0	0	0	0	0	0	0	0.8109	0	0	0	0	0	0	0	0	0	0	0	0	0	0	5.76479	0	0	0	0	0	0	0	0	0	0	0	0	0	0	
0	0	0	0	0	0	0	0	0	0	0	0	0	0	0	0	0	0	0	0	0	0	0	0	0	0	0	0	0	0	0	0	0	0	0	0	0	0	0	9.70789	0	0	0	0	16.86338	0	8.63857	0	0	0	0	0	0	0	0	0	0	0	0	0	0	0	0	0	0	0	0	0	0	1.32694	0	0	0	0	0	0	0	0	0	0	0	0	0	0	0	0	0	0	0	0	0	0	0	0	0	0	0	0	0	0	
0	0	0	0	0	0	0	0	0	0	0	0	0	0	0	0	0	0	0	0	0	0	0	0	0	0	0	0	0	0	0	0	0	0	0	7.58193	0	0	0	0	0	0	0	0	0	0	0	7.21284	0	0	0	0	0	8.45497	0	0	0	0	0	0	8.43562	0	0	0	0	0	0	0	0	0	0	0	0	0	0	0	0	0	0	0	0	0	0	0	0	0	0	0	0	0	0	0	0	0	0	0	0	0	0	0	
0	0	0	0	0	0	0	0	0	0	0	0	0	0	0	0	0	0	0	0	0	0	0	0	0	0	0	0	0	0	0	0	0	0	0	0	0	0	0	0	0	16.05661	0	0	0	0	0	0	0	0	0	0	0.32354	0	0	0	0	0	0	0	0	0	0	0	0	0	0	9.73709	0	0	0	1.7062	0	0	0	0	0	0	0	0	0	0	0	0	0	0	0	0	0	0	0	0	0	0	0	0	0	0	0	0	
0	0	0	0	0	0	0	0	0	0	0	0	0	0	0	0	0	0	0	0	0	0	0	0	0	0	0	0	0	0	0	0	0	0	0	0	0	0	0	0	9.40706	0	0	0	9.73921	0	0	5.13593	0	0	1.46472	12.02792	0	0	0	9.76028	0	0	8.46978	0	11.40974	0	0	0	0	0	0	0	5.47574	0	0	0	0	0	0	0	0	0	0	0	0	0	0	0	0	0	0	0	0	0	0	0	0	0	0	3.05172	0	0	0	0	
0	0	0	0	0	0	0	0	0	0	0	0	0	0	0	0	0	0	0	0	0	0	0	0	0	0	0	0	0	0	0	0	0	0	0	0	0	0	0	0	0	0	0	0	12.98855	0	0	0	0	0.58775	0	0	4.07392	0	0	0	0	7.72118	0	0	0	3.70813	0	0	0	0	0	0	0	0	0	0	0	0	0	0	0	0	0	0	0	0	0	0	0	0	0	0	0	0	0	0	0	0	0	0	0	0	0	0	
0	0	0	0	0	0	0	0	0	0	0	0	0	0	0	0	0	0	0	0	0	0	0	0	0	0	0	0	0	0	0	0	0	0	0	0	0	0	0	0	0	0	0	11.54554	0	0	13.45667	0	0	0	9.9227	0	0	0	0	0	0	0	0	6.72249	0	0	0	0	7.78143	0	0	0.32354	0	0	0	0	8.17069	0	0	0	10.96379	0	0	0	0	0	0	0	0	0	0	0	0	0	0	0	0	0	0	0	0	0	0	0	
0	0	0	0	0	0	0	0	0	0	0	0	0	0	0	0	0	0	0	0	0	0	0	0	0	0	0	0	0	0	0	0	0	0	0	0	0	0	0	0	0	0	0	0	2.67661	1.46472	0	11.10421	0.32354	0	0	11.63878	2.09383	0	0	11.03277	0	0	0	0	0	0	0	0	0	0	0	13.76212	0	0	0	0	0	11.46082	0	0	0	0	0	0	0	0	0	0	0	0	0	0	0	0	0	0	0	0	0	0	0	0	0	0	
0	0	0	0	0	0	0	0	0	0	0	0	0	0	0	0	0	0	0	0	0	0	0	0	0	0	0	0	0	0	0	0	0	0	0	0	0	12.68676	0	0	0	0	0	0	0	0	0	0	6.55127	0	0	5.93589	0	0	15.03993	0	7.02228	0	0	7.68601	0	4.54713	0	0	0	0	0	0	0	0	0	0	0	0	6.02346	2.81449	0	0	0	0	0	0	0	0	0	0	0	0	0	0	0	0	0	0	0	0	0	0	0	0	
0	0	0	0	0	0	0	0	0	0	0	0	0	0	0	0	0	0	0	0	0	0	0	0	0	0	0	0	0	0	0	0	0	0	0	0	0	0	0	0	0	0	14.8836	0	0	11.24822	0	12.68756	0	0	10.07643	0	11.84615	0	9.8245	0	0	0	0	0	0	0	0	9.06088	0	0	0	0	0	0	8.18073	0	0	0	0	0	0	0	0.32354	0	0	0	0	0	0	0	0	0	0	0	0	0	0	0	0	0	0	0	0	0	
0	0	0	0	0	0	0	0	0	0	0	0	0	0	0	0	0	0	0	0	0	0	0	0	0	0	0	0	0	0	0	0	0	0	0	0	0	0	0	0	0	0	0	0	0	0	0	10.22385	10.65578	0	0	10.45953	0	0	0	0	0	0	0	0	0	0	0	0	0.32354	0	0	0	0	0	0	0	0	0	0	0	0	0	0	0	0	0	0	0	0	0	0	0	0	0	5.52384	0	0	0	0	0	0	0	0	0	
0	0	0	0	0	0	0	0	0	0	0	0	0	0	0	0	0	0	0	0	0	0	0	0	0	0	0	0	0	0	0	0	0	0	0	0	0	0	0	0	0	0	0	0	0	0	0	11.23202	0	0	0	0	10.44034	5.65921	0	0	0	0	11.16863	2.39906	0	0	0	0	0	0	0	0	0	0	0	0	0	0	0	0	0	0	0	0	0	0	0	0	0	0	0	0	0	0	0	0	0	0	0	0	0	0	8.14913	0	
0	0	0	0	0	0	0	0	0	0	0	0	0	0	0	0	0	0	0	0	0	0	0	0	0	0	0	0	0	0	0	0	0	0	0	0	0	0	0	0	0	0	8.88406	0	0	0	0	0	0	9.70298	0	8.37462	0	10.77692	0	0	0	0	0	0	0	0	0	0	11.31979	0	0	0	0	0	0	0	0	0	0	0	14.22008	0	0	0	0	0	0	0	0	0	0	0	0	0	0	0	0	0	0	0	0	0	0	0	
0	0	0	0	0	0	0	0	0	0	0	0	11.15997	0	0	0	0	0	0	0	0	0	0	0	0	0	0	0	0	0	8.69042	0	0	0	0	0	0	0	0	0	0	0	10.20377	0	0	0	0	10.2132	0	0	11.72482	0	0	2.53045	1.00418	0	9.61638	0	0	0	0	0	0	10.01184	7.62483	11.473	0	0	0	0	0	0	0	0	0	0	0	0	0	0	0	0	0	0	0	0	0	0	0	0	0	0	0	0	0	0	0	0	0	0	
0	0	0	0	0	0	0	0	0	0	0	0	0	0	0	0	0	0	0	0	0	0	0	0	0	0	0	0	0	0	0	0	0	0	0	0	0	0	0	0	0	0	0	0	0	11.46388	11.43249	0	1.00418	11.76133	0.32354	8.99311	11.82859	0	10.60498	11.09438	0	0	0	0	10.30552	0	0	0	0	0	0	0	0	7.2541	0	0	0	0	0	0	2.27697	0	0	0	0	0	0	0	0	0	0	0	0	0	0	0	0	0	0	0	0	0	0	0	
0	0	0	0	0	0	0	0	0	0	0	0	0	0	0	10.24523	0	0	0	0	0	0	0	0	0	0	0	0	0	0	0	0	0	0	0	6.93604	14.18878	0	0	0	0	0	0	0.8109	0	10.38662	7.88785	6.89395	4.36548	8.65126	0	0	3.93852	0	9.73751	0	0	0	0	6.53571	0	9.08044	0	6.29362	0	11.80396	0	0	11.36711	0	6.23703	0	0	0	0	11.3329	0	0.8109	0	4.08465	0	0	0	0	0	0	0	0	0	0	5.80259	0	0	0	0	0	0	0	0	0	
0	0	0	0	0	0	0	0	0	0	0	0	0	0	0	0	0	0	0	0	0	0	0	0	0	0	11.204	0	0	0	0	2.2545	0	0	5.22727	0	0	0	0	0	10.85783	0	0	0	0	0	0	0	6.69084	4.11637	3.00729	11.78105	8.26687	0	9.25624	0	13.9465	0	7.75058	0	1.46472	12.5847	0	0	0	8.52892	0	0	0	0	0	0	0	9.07977	0	0	0	0	0	0	0	0	0	0	0	0	0	0	0	0	0	0	0	0	0	0	3.96198	0	0	0	
0	0	0	0	0	0	0	0	0	0	0	0	0	0	0	0	0	0	0	9.40759	0	0	0	0	0	0	0	0	0	0	0	0	0	0	0	0	0	0	0	0	0	0	0	13.4462	0	0	12.28212	13.57604	11.87994	0	6.44286	7.96936	11.58563	0	0	0	13.90959	0	0	8.69452	5.50285	0	0	11.51736	0	2.00626	0	4.85353	0	0	0	0	0	0	0	0	0	0	0	0	0	0	0	0	0	0	0	0	0	0	7.11919	0	0	0	0	0	0	0	0	0	
0	0	0	0	0	0	0	0	0	0	0	0	10.20983	0	0	0	0	0	0	7.357	0	0	0	0	0	0	0	0	0	0	0	0	0	6.00693	0	0	0	0	0	0	0	10.16535	14.75277	0	9.10299	0	0	3.74378	7.64128	0	0.58775	9.15633	6.64553	6.10244	9.04463	5.69467	5.03	5.79034	8.99767	0	0	0	0	0	4.2933	0	0	0	0	0	0	0	0	0	0	0	0	0	8.07707	0.32354	0	0	0	0	0	0	0	0	0	0	0	0	0	0	0	0	0	0	0	0	
0	0	0	0	0	0	0	0	0	0	0	0	0	0	0	0	0	0	0	0	0	0	0	16.67339	0	0	0	0	0	0	0	0	0	0	0	0	0	0	12.79796	0	0	0	7.7909	8.78967	6.48397	0	9.06483	6.84001	0	9.65143	10.73156	9.62333	0	0	0	0	0	3.96714	14.83346	9.54408	10.75505	0	0	0	6.98554	0	0	0	0	0	0	0	0	0	0	0	0	0	0	0	0	0	0	0	0	0	0	0	0	0	0	0	0	0	0	0	0	0	0	0	
0	0	8.91219	0	0	0	0	0	0	0	0	0	0	0	0	0	0	0	0	0	0	0	0	0	0	0	0	0	0	0	0	0	0	0	0	0	0	0	0	0	10.00979	0	0	0	0	8.45642	0	10.04744	9.1201	10.9764	0	7.14526	8.24551	6.99153	0.32354	13.45805	0	0	1.17453	0	11.07734	0	9.2503	10.98005	0	0	0	0	0	0	0	7.45586	0	0	0	0	2.46624	0	0	0	0	0	0	0	0	0	0	0	0	0	0	0	0	0	0	0	0	0	0	0	
0	0	0	0	0	0	0	0	0	0	0	10.75063	0	0	0	0	0	0	0	0	0	0	0	0	0	0	0	0	0	0	0	0	7.80919	0	0	0	0	11.17537	14.76356	12.00047	4.0953	7.64041	0	0	11.96476	7.9854	10.52233	11.31584	11.65461	0	11.18247	0	0.29388	5.3559	0	11.64268	6.25487	8.37964	0	0	0	0	0	0	0	0	0	7.49008	0	0	0	0	7.64853	0	0	3.93852	0	0	10.6845	0	0	0	0	0	0	0	0	0	0	0	0	0	0	0	0	5.58187	0	0	0	0	
0	0	0	0	0	0	0	0	0	0	0	0	0	0	0	0	0	0	0	0	0	0	0	0	0	0	0	0	0	0	0	0	0	0	5.83473	8.28087	0	0	0	4.36548	0	12.85146	0	10.99533	14.2723	9.48362	6.6673	8.24981	3.84596	11.15714	11.78678	10.49566	0	9.39947	0	0	7.03743	0	0	5.32837	7.02507	0	3.65152	0	0	0	0	0	0	0	0	0	0	0	0	0	0	0	2.70748	0	0	0	0	0	0	0	0	10.39822	0	0	0	0	0	0	0	0	0	0	0	0	
0	0	0	0	0	0	0	0	10.7864	0	11.0192	0	0	0	0	0	0	0	0	0	0	0	0	0	0	0	7.97119	0	0	0	0	0	0	0	0	7.96394	0	11.76738	11.22552	0	8.7348	9.17259	0	6.54351	0.32354	12.48273	6.21931	6.88119	7.87641	7.93706	0	5.2915	3.29287	0	0	0	8.181	2.70748	0	0	0	0	3.49944	0	0	0	10.42009	0	0	0	0	0	0	0	0	0	0	0	0	0	0	0	0	0	0	0	0	0	0	0	0	0	0	0	0	0	0	0	0	0	
0	0	0	0	0	0	0	0	0	0	0	12.78835	0	0	9.21472	0	0	0	0	0	0	0	0	0	0	0	0	0	0	0	0	10.77402	0	0	5.93893	0	11.50917	0	0	9.20686	12.84082	0	8.22518	9.0888	11.21211	7.62274	10.91922	8.09939	3.3188	8.60414	8.22759	10.15421	10.49262	10.27604	0	8.04995	10.62839	0	0	14.12715	12.11219	4.87276	0	10.26128	0	0	0	0	0	0	0	0	0	0	0	7.71733	0	0	0	0	0	0	0	6.8909	0	0	0	0	0	0	0	0	0	0	0	0	0	0	0	0	
0	0	0	0	0	0	0	0	0	0	0	0	15.03776	0	0	0	0	0	0	0	0	0	0	0	0	0	0	0	0	9.39902	0	0	7.40274	0	9.35649	0	12.13398	0	12.58381	9.86591	10.15717	14.23925	11.77374	5.64559	9.0765	4.26605	10.42922	10.86635	5.30274	8.72222	10.60125	12.81054	11.36064	9.92416	6.47271	8.9851	12.79153	0	0	8.54843	7.64128	0	0	0	0	0.32354	0	0	0	0	0	0	0	9.69319	0	0	0	0	0	0	9.80253	0	0	0	0	0	0	0	0	0	0	0	0	0	0	0	0	0	0	0	
0	0	0	0	0	0	0	12.73188	0	0	0	9.22385	0	0	0	0	0	0	0	0	0	0	0	0	0	0	0	7.87711	0	0	4.82821	0	12.78671	0	0	0	2.32861	12.06513	7.72481	10.59322	10.35945	5.15187	0	10.77751	9.92871	9.20291	9.37311	9.18771	11.1652	9.25321	4.82658	10.26946	12.19032	7.43034	8.72967	4.83576	12.02287	5.42138	4.26052	8.73197	6.62184	11.86728	8.61841	0	8.47081	0	0	0	0	0	0	0	0	13.16965	0	0	0	0	0	0	0	0	0	0	0	0	0	0	0	0	0	0	0	0	0	0	0	0	0	0	
7.23468	0	0	0	0	0	0	0	7.92078	0	0	0	8.24431	0	0	0	0	0	0	0	0	0	0	0	12.61131	0	0	7.80433	0	0	0	0	4.66621	0	11.41438	7.84118	0	4.90286	10.36576	6.71656	9.98953	9.55711	5.48519	10.05099	11.54645	10.01229	7.35783	9.9789	4.91988	4.31014	8.9667	5.65275	6.44811	4.47858	11.62408	9.61779	11.71859	5.55623	0	8.61893	0	1.17453	0	5.78085	0	9.00125	0	0	0	0	1.17453	0	0	0	0	0	0	0	0	0	0	0	2.83045	0	0	13.01136	0	0	0	0	0	0	0	0	0	0	0	0	0	0	
0	0	0	11.46583	0	0	0	0	0	0	0	0	0	0	0	0	0	0	8.65396	0	0	11.2284	0	8.22383	10.36952	8.63401	0	0	10.03692	7.3006	11.3858	0	6.94784	0	0	0.58775	0	9.71122	10.23119	8.64755	8.11142	5.84633	8.60642	9.03601	10.87067	9.952	8.32516	9.55313	9.29844	8.6111	9.9837	8.16133	10.99938	8.76942	6.02913	11.04321	0	4.80602	5.41325	8.29849	0	3.70813	9.24672	0	0	0	0	0	0	6.43449	0	0	4.66621	0	0	7.72939	12.64953	4.14597	0	0	0	0	0	0	0	0	0	0	0	0	0	0	0	0	0	0	0	0	0	0	
8.8412	0	0	0	11.36546	6.44306	0	0	0	0	0	0	0	0	0	0	0	9.60637	0	0	0	0	0	0	10.43903	0	7.48981	8.45168	0	13.67776	10.28109	0	0	0	10.13728	9.31095	5.29638	9.15167	10.96832	8.63357	7.18546	8.8117	9.50918	8.59242	8.92573	8.8602	9.60074	7.90609	7.22506	9.50299	4.78153	10.04153	8.66205	5.96162	8.94461	9.94881	9.34554	4.87394	4.50148	8.34928	12.36381	0	7.2936	11.74198	11.29517	11.86931	9.62396	0	0	0	0	0	0	0	7.43664	0	0	0	0	0	0	0	0	0	0	0	0	0	0	0	0	0	0	0	0	0.32354	0	0	0	0	
0	0	0	0	0	0	0	0	5.8847	0	7.9654	0	0	0	0	0	13.903	12.46269	8.00265	6.48397	12.62866	10.00858	0	0	0	14.20522	0	10.07643	5.98899	10.97699	0	9.32346	11.39189	7.04258	8.71347	10.25928	6.08813	9.83293	9.09332	8.46295	9.5434	7.12247	5.87546	8.14611	9.79558	7.61051	7.49478	8.02858	8.77611	7.88902	7.44135	11.26702	7.20153	8.24109	5.02543	5.97757	5.4207	8.43247	0	6.18812	5.59628	7.99982	7.59459	0	6.91792	11.85528	9.37135	0	0	0	0	7.56095	0	0	7.40059	0	0	0	9.94606	0	0	0	0	0	0	8.87636	0	0	0	0	0	0	0	0	0	3.70813	0	0	0	0	
0	9.73964	0	0	1.32694	7.76818	0	0	0	0	0	0	0	0	2.00626	10.57271	0	10.35871	9.74087	0	10.34287	0	3.91466	0	0	0	0	0	9.71547	11.52489	7.08641	0	8.89629	7.55101	7.53966	8.8459	9.51167	9.92758	9.50108	8.36428	8.86776	7.40869	7.95001	8.01407	8.09078	7.00576	8.26619	9.15231	8.27991	6.74922	7.76941	8.385	7.43003	5.85283	9.30524	6.81972	5.0849	8.55493	7.07222	7.07984	0	9.04058	0	11.87193	9.95192	1.17453	5.84992	1.17453	0	0	0	0	0	0	0	0	0	0	0	0	8.27574	0	0	0	0	0	0	0	0	0	0	0	0	0	0	0	0	0	0	0	
0	11.48671	9.53921	0	10.01415	0	0	0	0	0	9.38769	0	0	0	9.97374	3.56221	0	7.40702	0	0	7.1063	6.74296	8.27739	10.07065	7.81081	8.86862	0	6.13613	8.2323	6.80023	12.4361	10.83606	11.11966	9.25856	10.96308	6.49664	7.76965	8.1125	8.52363	7.41908	6.25331	7.84428	7.64784	6.78626	6.90562	7.69291	8.20076	7.29402	8.08753	8.53328	7.42834	9.31049	8.06273	7.02086	6.98447	7.90697	8.47669	5.24615	8.30778	7.52792	0	7.87468	10.14902	10.44267	3.156	0.32354	0.8109	0	0	0	0	7.99952	0	0.32354	10.00691	0	8.89781	0	2.81449	0	0	0	0	4.72667	0	1.04692	0	0	0	0	0	0	0	0	0	0	0	0	0	0	
0	0	0	0	0	0	0	0	10.04484	0	9.78352	10.47542	0	0	0	0	0	0	9.71524	0	2.91411	0	0	0	0	8.21653	11.15902	0	1.7062	8.56959	5.62836	6.51603	6.34807	9.45846	10.70665	8.7696	9.7268	9.78491	7.99309	8.27984	4.39639	7.82117	8.81086	7.27352	6.83828	8.27329	6.4917	7.23794	8.35965	8.47695	8.00659	8.10742	5.52625	7.66032	7.31988	9.853	7.80989	8.66832	9.9596	7.23415	7.52765	5.88139	8.27729	8.49719	0	8.69011	0	9.27093	0	0	0	0	0	0	0	0	0	0	1.32694	0	0	4.6079	0	0	0	0	0	8.16673	4.0953	11.01972	0	0	0	0	0	0	0	0	0	0	
0	0	0	0	0	0	0	0	10.73348	10.60311	0	1.17453	0	12.2057	0	0	0	0.8109	10.07037	7.13614	0	0	5.47574	8.52478	8.33585	11.99265	5.82196	9.9614	6.07636	8.94341	0	6.579	5.12007	5.00037	2.17748	8.64783	8.31364	5.86173	10.7314	5.81	8.60664	8.54698	7.97647	7.94949	6.84358	7.47796	8.10822	7.27614	7.31868	9.56034	7.71007	7.305	6.42463	6.17164	7.41297	8.41803	7.47763	5.07342	8.7565	8.95387	5.899	9.126	10.26012	12.73911	6.51604	10.7418	9.88215	0	0	0	0	0	0	8.47285	10.88867	0	0	0	12.41154	0	0	0	0	0	0	0	0	0	3.70813	0	4.00781	0	0	0	0	0	0	0	0	0	
0	0	11.93035	6.51229	0	5.10612	0	1.32694	4.53152	0	0	0	0	0	0	0	0	7.53493	0	0	0	0	0	11.86183	0	9.74683	0	10.35478	8.27743	7.80525	0	9.28598	0	8.62577	4.92663	7.74791	7.52614	6.69547	4.03951	10.30647	6.61414	9.48492	6.59162	7.85243	6.45907	6.65035	5.56189	7.54868	7.12709	7.2469	7.47806	7.37709	7.90339	7.82986	7.84997	5.56071	7.33039	7.97062	6.84855	7.21348	8.60575	7.98347	4.06313	15.42795	4.37033	0	0	7.14771	6.68067	1.32694	3.27961	0	10.29054	0	0.40545	0	7.97443	0	0	0	0	0	6.08174	0	0	0	0	0	0	0	0	0	0	0	0	0	0	0	0	0	
0	0	0	0	0	0	0	0	0.32354	0	10.62257	9.61565	8.8062	0	11.01903	0	0	7.75144	0	4.27468	0	0	0	0	0	0	5.6735	3.56221	4.57442	0	7.35346	8.26424	5.52575	7.7545	4.39031	8.67309	9.6335	7.14751	7.45286	9.48676	9.26074	5.26143	6.58818	7.0063	6.3647	8.32879	5.63634	7.34314	7.55007	5.75044	6.1872	8.87802	9.14214	7.24382	7.32603	5.60992	7.02205	7.56961	9.12797	7.75581	8.39564	5.79354	7.20551	7.61039	0.32354	6.03286	12.80188	5.78691	0	0	7.25857	0	5.70571	0.50209	0	14.01296	0	0	0	0	0	0	0	0	0	0	0	0	6.82459	0	0	0	0	0	0	0	0	0	0	0	
0	0	0	0	0	0.58775	0	0	0	11.88283	0	0	1.46472	0	0	0	0	0	0	0	0	0	0	9.43564	0	0	10.04717	0	0	3.92231	7.96056	0	0	6.55352	7.13497	6.46356	6.0689	1.91299	0.32354	8.61286	4.38548	11.09047	4.34447	6.05474	10.34123	8.5884	6.34406	7.94199	7.67337	4.71844	6.52429	9.2003	6.29819	6.27855	7.83857	7.62439	6.63087	7.35813	4.75926	6.97144	7.90216	5.08497	2.96367	10.50302	6.975	5.55274	9.16692	7.91518	4.67659	0	0	10.44737	0	2.2545	0	8.48505	10.48987	0	0	0	0	0	0	0	6.03611	0	0	0.58775	0	0	0	10.8074	0	0	0	0	8.79866	0	0	0	
0	0	0	0	0	0	0	0	0	0	0	11.28095	0	0	0	0	0	8.37723	9.1227	0	0	0	0	1.46472	0	0	0	9.1606	0	0	0	0	3.8167	5.3797	6.78766	0	5.6016	8.94148	1.82576	5.29776	6.26609	8.50961	9.42518	2.25788	0	9.27237	4.49792	4.99652	7.6036	5.50687	8.82182	11.85369	8.57967	4.65743	6.76199	5.56437	5.66511	6.55061	7.85805	8.36915	7.57758	6.76563	0	6.90745	7.64789	0	5.30245	7.31889	10.89039	8.14503	0	0	0	0.32354	0	10.79643	0	8.8011	0	0	0	6.07967	0	0	0	0	0	0	0	0	0	0	0	0	0	0	0	0	0	0	
0	0	0	0	4.16707	0	0	0	0	0	9.0279	0	7.3302	0	0	10.73794	0	0	7.76484	0	5.65349	5.13737	0	0	0	10.68384	6.46356	0	0	5.77089	0	9.50247	10.98685	0	0	8.77649	7.98986	0.58775	11.36835	9.59186	6.94396	8.48302	4.76683	10.02756	4.15318	5.72806	11.79163	5.49915	7.87925	7.576	8.55253	7.03407	8.14729	7.15367	6.17707	7.27673	8.09455	7.72255	3.46832	6.06999	6.22207	7.68147	5.87341	1.81059	9.0404	0	7.56409	11.07906	0	0.58775	8.88953	8.96541	7.10791	10.88945	8.79636	0	5.14925	0	0	0	3.89041	0	0	1.00418	0	5.2749	0	0	0	0.58775	0	0	0	0	0	0	0	0	0	0	
0	0	0	0	0	0	0	0	0	0	0	6.92712	1.11827	0	0	10.8663	0	0	0	0.58775	1.00418	0	5.29352	0	0	0	0	0	0	5.27005	0.58775	3.93525	0	0	0	8.94715	0	0	0	6.0082	4.52976	4.33715	4.74645	5.68788	8.49362	3.91288	5.8267	6.87089	7.14671	2.30918	0	0	8.41026	10.11828	0.8109	6.0036	7.03567	6.87228	6.55267	6.99715	8.04357	8.65617	7.47842	6.64337	4.81942	4.61747	3.93852	7.95217	0	9.58977	0	8.24925	7.31187	9.76737	6.99978	0	4.74948	0	7.67362	0	0	0	0	0	0	0	0	0	0	0	0	0	0	0	0	0	0	0	0	0	
0	0	0	11.2193	0	0	0	0	0	0	0	0	0	0	0	0	0.32354	0	0	0	0	0	8.63675	0	0	0	7.79171	5.03661	9.11618	8.89629	0	0	2.2545	0	0	9.645	0	0.58775	3.21689	5.64157	6.01607	0	0.32354	0	3.1723	11.89887	4.82141	7.36142	5.79824	7.95604	6.00718	5.97924	8.97008	8.86614	6.32443	7.21854	8.04136	5.88904	6.96546	5.55837	8.10614	7.72379	8.89919	8.73027	6.47727	9.49184	7.53609	2.39906	7.9922	8.50619	7.72317	9.15809	2.80205	3.46227	7.63537	0	11.7145	1.59053	6.65493	9.68736	2.00626	4.97385	2.32861	0	0	0	0	0	0	0	0	0	0	0	0	0	0	1.00418	0	12.53806	
0	0	6.32173	0	0	0	0	0	0	0	0	0	0	0	0	0	0	0	0	0	8.56385	0	0	0	0	9.96651	0	9.0318	0	7.357	0	10.06901	8.65306	0	8.3381	0	0	6.70632	5.94383	0	9.83764	0	0	10.87332	10.45126	9.49163	0	4.52963	1.17453	9.80183	9.28399	9.73624	6.33222	7.93922	6.92524	7.94137	6.64124	5.69057	8.50886	5.66708	3.11308	6.21063	6.56657	1.0465	6.39781	5.16723	4.97501	0	8.86678	3.84878	4.30838	6.52732	4.91465	8.45112	0	0	6.15504	0	2.49868	5.57039	0	5.19345	0	0	0	0	0	0	4.78321	0	0	0	0	0	0	0	2.46624	0	0	0	
0	0	0	0	4.2933	0	0	0	0	0	0	0	7.55518	0	0	0	0	0	0	0	0.32354	7.22502	0	0	0	0	0	8.93648	0	0	0	0.32354	8.77815	0	0	0	5.22727	0	3.53117	8.2467	0	0	4.34634	0	5.91508	0	1.95807	9.42406	1.91299	5.1272	9.2299	4.29575	8.19565	3.00116	9.25152	4.238	0	5.72006	5.40694	3.83916	5.53033	5.37051	9.25626	6.68712	6.19879	8.01195	7.32373	4.63906	7.56305	5.89653	6.31046	0	0	8.33185	0	8.70032	6.12709	6.48849	0	0	0	0	0	0	8.88866	0	0	0	0	0	0	0	0	0	0	0	8.99628	0	0	0	
0	0	0	0	0	0	0	0	0.58775	0	0	0	0	0	0	0	7.78308	1.17453	5.2749	0	0	0	0	0	0.79597	0	0	0	0	0	0	0	0	0	7.70699	8.74302	0	9.41452	0	0	0	0	10.0414	9.19505	0	12.9537	12.47357	9.76987	0	4.85936	0	10.69154	8.05542	8.3944	0	2.70748	0	7.51003	0	5.2358	6.47137	2.2545	4.35567	10.37955	4.61238	7.96753	7.97517	7.88036	8.82289	7.00634	8.20851	5.85626	7.44	6.94784	7.74167	4.57841	8.14112	9.21472	0	0.32354	5.49196	0	11.27567	0	1.12725	12.47453	7.61376	7.01949	6.96246	0	7.08602	0	0	5.66046	0	0	0	0	0	0	
0	0	0	0	0	0	0	0	0	0	0	0	0	0	0	0	0	0	0	0	4.88822	0	0	0	0	0	0	0	0	5.45935	0	0	0	0	9.71179	0	0	0	0	0	9.06968	0	8.73026	8.29139	5.78206	0	0	0.32354	6.79942	5.68125	8.63493	0	0	4.84022	5.20266	6.93807	0	0	7.32498	8.35829	10.85812	6.29391	1.31211	5.14019	6.81989	7.53711	2.47894	5.64419	8.37148	10.10918	7.89368	7.6361	5.34272	5.42307	4.00723	0	3.91985	0	5.17152	0	0	0	0	0	0	0	8.664	0	0	0	0	0	0	0	0	0	0	0	0	0	
0	0	0	0	7.75816	0	0	0	0	0	0	2.39906	0	8.42404	0	0	0	0	0	0	0	0	0	0	0	0	0	0	0	0	0	0	0	0	0	0	0	0	0	6.77469	0	0	4.51576	0	5.26562	0	0.90666	3.86573	0	0	1.17453	0	0	0	8.30292	0	0	0.58775	0	9.17322	6.57846	0.31487	6.13169	8.05202	5.80198	0	3.70351	3.99099	9.01011	9.02389	6.95828	9.28243	8.24233	5.20925	0	0	8.2267	5.50799	9.89086	7.57814	3.81508	6.33015	0.58775	0	4.43421	0	4.80244	10.66838	0	4.98357	0	0	0	0	0	0	0	0	0	0	
0	0	0	0	0	0	0	0	0	0	0	0	0	0	0	0	0	5.85396	0	0	0	8.14144	10.05066	0	0	0	8.14785	0	0	0	0	0	0	6.73258	4.40025	0	0	0	0	0	0	0	0	0	0	0	0	0	0	0	0.8109	0	0	0	0	8.12564	10.78092	9.84809	5.60061	4.87841	0	6.49889	7.17551	0	7.58014	7.4918	5.75126	7.36487	5.65482	4.7087	6.05341	5.82338	7.2019	5.67901	6.3441	7.81016	4.40459	0	8.31436	5.73137	0	0	7.81755	0	5.92108	8.64204	0.32354	2.2545	0	9.91471	0	0	0	0	0	0	7.70571	0	0	0	
0	0	0	0	0	0	0	0	7.08892	0	0	9.20307	0	0	0	0	0	0	0	0	0	0	0	0	0	0	0	12.38465	0	0	0	0	0	0	0	0	0	0	0	8.69506	0	0	0	0	0	5.85993	0	5.0415	6.45531	0	0	10.10207	0	0	0	0	0	0	7.57099	0	7.10232	0	8.24318	8.93503	8.10489	4.58049	7.93325	0	0	6.27463	8.16213	1.46472	9.49771	8.1016	6.22622	9.61339	1.49341	0	0	7.36702	8.16131	8.32316	9.47745	8.05102	4.38641	0	0	0	0	0	8.1732	0	8.6088	0	0	0	0	0	0	0	
0	0	0	0	0	0	0	0	0	0	0	0	0	9.71697	0	0	0	0	0	7.7328	0	0	0	0	0	2.92678	0	0	0	0	0	0	0	0	7.97552	0	0	5.94507	0	0	10.53041	0	4.51576	11.57937	0.58775	0	0	0	0	0	4.45089	8.22626	0	0	8.28442	0	0	0	0	6.91119	3.81608	0	3.73647	9.29082	6.897	4.21757	8.9981	9.8285	0	4.63218	6.86487	0	6.67898	6.34839	9.21044	7.08554	3.5399	4.38273	6.88254	3.89175	0	8.39233	2.86517	4.11905	1.68763	0	0	11.6338	3.89192	0	1.17453	0	0	6.25614	0	0	0	0	4.0644	0	
0	0	0	0	0	0	0	10.53482	0	0	0	0	0	0	0	0	0	0	0	0	0	0	1.00418	0	0	0	0	0	10.83705	0	0	0	0	0	11.84214	0	0	10.7903	0	0	0	3.68156	0	0	0	0	5.87879	0	0	0	0	0	10.68229	0	0	0	3.30222	10.18012	0	5.36767	6.59438	0	0	5.97415	0	3.56221	0	9.51534	6.28898	10.45592	8.64161	5.89804	8.56768	6.46392	6.8443	6.52471	7.51244	0	6.849	5.22806	5.69172	8.0908	4.98985	0	8.33997	0	3.43381	2.75494	0	0	10.64992	8.63706	0	0	0	0	9.45074	0	0	0	
0	0	0	0	0	0	0	0	0	0	0	0	0	0	0	0	0	0	0	0	0	0	0	0	0	0	0	0	0	0	0	0	0	0	0	0	0	4.97955	0	0	0	0	0	0	0	0	0	0	0	7.65574	0	5.4401	0	4.03134	0	0	4.41733	12.0028	0	0	3.29287	0	9.01183	10.051	6.8348	5.82501	0	0	8.41332	8.4319	0	3.36506	5.28406	10.35154	7.30727	7.71579	0	3.56394	6.11672	6.53835	1.92166	9.49213	5.321	4.2367	0	0	3.8647	0	0	0	0	0	6.7816	5.75181	5.86616	0	0	0	0	0	
0	0	0	0	0	0	0	10.02373	0	0	0	0	0	0	0	0	0	0	0	0	0	0	0	0	0	0	0	0	0	0	0	0	0	0	0	0	0	6.2457	0	7.14782	0	0	0	0	0	0	0	0	0	0	3.55013	0	0	10.04964	5.91026	0	0	8.7854	9.76571	12.69411	0	0.32354	0	7.51285	10.04772	10.19381	0	0	7.04837	6.56539	6.43638	3.66174	5.04811	7.29265	2.00626	7.11845	5.73438	0	8.98677	8.88802	8.03496	9.69919	4.7241	5.01082	6.66928	0	0	0.98715	0	0	2.81449	0	0	0	0	9.9269	0	0	0	0	
0	0	0	0	0	0	0	0	0	0	0	0	0	0	0	0	0	0	0	0	0	0	0	0	0	11.36423	0	0	0	0	0	0	0	0	0	0	0	7.19809	0	0	0	0	0	0	9.57056	0	0	0	9.44866	0	0	0	0	0	0	1.46472	0	0	0	0	0	0	8.58782	0	0	6.08986	5.89204	5.49221	0	6.84954	3.49702	0	11.03424	0	7.97552	6.64389	0.32354	7.66252	4.9503	5.72599	1.75498	0	7.03962	0	12.93458	7.08041	0	0	0	0	10.55111	0	0	0	0	0	0	2.96146	0	0	
0	0	0	0	0	0	0	0	0	0	0	0	9.8285	0	0	0	0	0	0	0	0	0	0	0	0	0	0	0	0	0	0	0	0	0	0	0	0	0	0	0	0	0	0	0	0	0	0	8.69568	0	0	1.00418	0	7.91819	0	0	0	0	0	0	3.58403	0	0	0	5.58802	2.09383	10.18543	8.41318	0	0	0	0	9.31836	0	0	0	0.79969	6.41686	8.40142	4.17221	5.05778	0	5.85821	5.22466	3.32733	6.37471	3.40663	1.93468	0	7.09307	0	0	0	0	8.39093	0	0	0	0	0	0	
0	0	0	0	0	0	0	0	0	0	0	0	0	0	0	0	0	0	0	0	0	0	0	0	0	0	0	0	0	0	0	0	10.95175	0	0	0	0	0	0	0	1.91299	0	0	0	0	0	0	0	0	0	0	0	0	0	0	0	4.85876	0	0	0	10.63892	0	0	2.84532	0	7.21772	0	0	6.94175	0	0	0	8.38551	0	0	3.91466	0	0	5.52668	8.01136	9.57932	6.01382	9.35261	0	7.12721	0	0.58775	0	0	0.58775	5.75577	4.23479	5.02998	0	0	0	0	0	0	0	
0	0	0	0	0	0	0	1.08821	0	0	0	0	0	0	0	0	0	0	0	0	0	0	0	0	0	0	0	4.43421	0	0	0	0	0	0	0	0	0	0	0	0	0	0	0	0	0	0	0	0	0	0	0	0	0	0	0	0	0	0.58775	0	0	0	0	0	0	0	0	0	0	0	0	2.75578	2.90087	8.25173	0	0	7.97263	10.6957	0	10.12797	9.63631	0	5.12172	0	5.70165	3.81508	8.49316	0	9.50512	0	0	0	11.22931	0	0	0	9.46928	0	0	0	0	
0	0	0	0	0	0	0	0	0	0	0	0	0	0	0	0	0	0	0	0	11.79163	0	0	0	0	0	0	0	0	0	6.35695	0	0	0	0	0	0	0	0	0	0	0	0	0	0	0	0	0	0	0	0	0	0	0	0	0	0	0	0	11.22036	0	0	0	0	6.39193	7.95812	5.57801	8.6872	0	0	0	0	0	0	0	1.00418	6.49197	1.00418	0	0	4.31643	0	0	0	2.34542	7.17318	7.56391	4.58094	11.00126	0	9.7217	5.65921	3.17733	8.16185	0	6.13749	0	0	0	0	
0	0	0	0	0	0	0	0	0	0	0	0	0	0	0	0	0	0	0	0	0	0	0	0	0	0	0	0	0	0	0	0	0	0	0	0	0	0	0	0	0	0	0	0	0	0	0	0	1.17453	0	0	0	0	0	0	0	0	0	0	0	0	0	0	0	0	0	0	0	0	4.46738	11.24104	11.01026	6.40838	0	7.35257	6.69475	0	9.55231	0	0	0	7.44499	9.72722	0	4.64251	0	0	0	0	3.00207	0	0.66386	2.82601	0	1.7062	0	0	0	0	0	
0	0	0	0	0	0	0	0	0	0	0	0	0	0	0	9.46862	0	0	0	0	0	0	0	0	0	0	0	0	0	0	0	0	0	0	7.45122	0	0	0	0	0	0	0	0	0	0	0	0	0	0	0	0	0	0	0	0	0	0	0	0	0	0	0	0	0	0	0	0	6.19804	0	0	0	0	0	8.53676	0	0	0	0	0	0	0	3.17733	0	0	7.16193	0	5.31892	2.92997	7.24189	10.20653	9.44866	0	10.19258	0	0	0	0	0	0	0	
0	0	0	0	0	0	0	0	0	0	0	0	0	0	0	0	0	0	0	0	0	0	0	0	0	0	0	0	0	0	0	0	0	0	0	0	0	0	0	0	0	0	0	0	0	0	0	0	6.22253	2.65086	0	0	0	0	0	0	0	0	0	7.06896	0	0	0	0	0	7.00392	0	0	0	0	0	8.79458	0	0	0	0	0	12.21167	0	5.31336	11.88973	0	0	8.60263	0	0	0	0	0	0	0	0	0	0	0	0	0	0	0	0	
0	0	0	0	0	0	0	0	0	0	0	0	0	0	0	0	0	0	0	0	0	0	0	0	0	0	0	0	0	0	0	0	0	0	0	0	0	0	0	0	0	0	0	0	0	0	0	0	0	0	0	0	0	0	0	2.21521	0	0	11.14595	0	0	0	0	0	8.12334	0	0	0	0	0	0	0	0	0.8109	0	0	4.80244	0	0	0	3.22071	5.07158	5.75006	9.41607	0	0	0	8.75985	7.1749	0	1.17453	7.75312	9.63767	0	0	0	0	0	0	0	
0	0	0	0	0	0	0	0	0	0	0	0	0	0	0	0	0	0	0	0	0	0	0	0	0	0	0	0	0	0	0	0	0	0	0	0	0	0	0	0	0	0	0	0	0	0	0	0	0	0	0	0	0	0	0	0	0	0	0	0	0	0	0	0	0	0	0	0	0	0	0	0	0	0	0	0	0	0	0	0	0	0	0	0	0	0	0	0	0	0	0	10.37218	0	0	0	0	0	0	0	0	
0	0	0	0	0	0	0	0	0	0	0	0	0	0	0	0	0	0	0	0	0	0	0	0	0	0	0	0	0	0	0	0	0	0	0	0	0	0	0	0	0	0	0	0	0	0	0	0	0	0	0	0	0	0	0	0	0	0	0	0	0	0	0	0	0	0	0	0	0	0	9.1817	0.32354	0	0	0	0	0.8109	0	0	9.40889	0	0	0	10.76987	0	0	0	0.32354	0	0	7.30569	10.33531	0	0	0	0	0	0	0	0	
0	0	0	0	0	0	0	0	0	0	0	0	0	0	0	0	0	0	0	0	0	0	0	0	0	0	0	0	0	0	0	0	0	0	0	0	0	0	0	0	0	0	0	0	0	0	0	0	0	0	0	0	0	0	0	0	0	0	0	2.46624	0	0	0	0	0	0	0	0	0	0	7.20303	0	0	0	0	0	0	0	0	0	0	0	0	0	0	0	2.86517	0	0	0	0	0	0	0	0	0	0	0	0	0	
0	0	0	0	0	0	0	0	0	0	0	0	0	0	0	0	0	0	0	0	0	0	0	0	0	0	0	0	0	0	0	0	0	0	0	0	0	0	0	0	0	0	0	0	0	0	0	0	0	0	0	0	0	0	0	0	0	0	0	0	0	0	0	0	0	0	0	0	0	9.97663	0.8109	0	0	0	0	0	0	0	9.18386	0	0	0	0	0	0	0	0	0	4.99675	2.17642	0	0	0	0	0	0	0	0	0	0	
0	0	0	0	0	0	0	0	0	0	0	0	0	0	0	0	0	0	0	0	0	0	0	0	0	0	0	0	0	0	0	0	0	0	0	0	0	0	0	0	0	0	0	0	0	0	0	0	0	0	0	0	0	0	0	0	0	0	0	0	0	0	0	0	0	0	0	0	0	0	0	0	0	0	0	0	0	0	0	0	0	0	0	0	0	0	0	0	0	0	0	0	0	0	0	0	0	0	0	0	
0	0	0	0	0	0	0	0	0	0	0	0	0	0	0	0	0	0	0	0	0	0	0	0	0	0	0	0	0	0	0	0	0	0	0	0	0	0	0	0	0	0	0	0	0	0	0	0	0	0	0	0	0	0	0	0	0	0	7.26566	0	0	0	0	0	0	0	0	0	0	0	0	0	0	0	0	6.85374	0	0	0	0	0	0	0	0	0	0	0	0	0	0	0	0	0	0	0	0	0	0	0	0	
0	0	0	0	0	0	0	0	0	0	0	0	0	0	0	0	0	0	0	0	0	0	0	0	0	0	0	0	0	0	0	0	5.69467	0	0	0	0	0	0	0	0	0	0	0	0	0	0	0	0	0	4.96225	0	0	0	0	0	0	0	0	0	0	0	0	0	0	0	0	0	0	0	0	0	0	0	0	0.32354	0	0	0	0	0	0	0	0	0	0	0	0	0	0	0	0	0	0	0	0	0	0	0	0	
0	0	0	0	0	0	0	0	0	0	0	0	0	0	0	0	0	0	0	0	0	0	0	0	0	0	0	0	0	0	0	0	0	0	0	0	0	0	0	0	0	0	0	0	0	0	0	0	0	0	0	0	0	0	0	0	0	0	0	0	0	0	0	0	0	0	0	0	0	0	0	0	0	0	0	0	0	0	0	0	0	0	0	0	0	0	0	0	0	0	0	0	0	0	0	0	0	0	0	0	
0	0	0	0	0	0	0	0	0	0	0	0	0	0	0	0	0	0	0	0	0	0	0	0	0	0	0	0	0	0	0	0	0	0	0	0	0	0	0	0	0	0	0	0	0	0	0	0	0	0	0	0	0	0	0	0	0	0	0	0	0	0	0	0	0	0	0	0	0	0	0	0	0	0	0	0	0	0	0	0	0	0	0	0	0	0	0	0	0	0	0	0	0	0	0	0	0	0	0	0	
0	0	0	0	0	0	0	0	0	0	0	0	0	0	0	0	0	0	0	0	0	0	0	0	0	0	0	0	0	0	0	0	0	0	0	0	0	0	0	0	0	0	0	0	0	0	0	0	0	0	0	0	0	0	0	0	0	0	0	0	0	0	0	0	0	0	0	0	0	0	0	0	0	0	0	0	0	0	0	0	0	0	0	0	0	0	0	0	0	0	0	0	0	0	0	0	0	0	0	0	
0	0	0	0	0	0	0	0	0	0	0	0	0	0	0	0	0	0	0	0	0	0	0	0	0	0	0	0	0	0	0	0	0	0	0	0	0	0	0	0	0	0	0	0	0	0	0	0	0	0	0	0	0	0	0	0	0	0	0	0	0	0	0	0	0	0	0	0	0	0	0	0	0	0	0	0	0	0	0	0	0	0	0	0	0	0	0	0	0	0	0	0	0	0	0	0	0	0	0	0	
0	0	0	0	0	0	0	0	0	0	0	0	0	0	0	0	0	0	0	0	0	0	0	0	0	0	0	0	0	0	0	0	0	0	0	0	0	0	0	0	0	0	0	0	0	0	0	0	0	0	0	0	0	0	0	0	0	0	0	0	0	0	0	0	0	0	0	0	0	0	0	0	0	0	0	0	0	0	0	0	0	2.86517	0	0	0	0	0	0	0	0	0	0	0	0	0	0	0	0	0	0	
0	0	0	0	0	0	0	0	0	0	0	0	0	0	0	0	0	0	0	0	0	0	0	0	0	0	0	0	0	0	0	0	0	0	0	0	0	0	0	0	0	0	0	0	0	0	0	12.13366	0	0	0	0	0	0	0	0	0	0	0	0	0	0	0	0	0	0	0	0	0	0	0	0	0	0	11.31911	0	0	0	0	0	0	0	0	0	0	0	0	0	0	0	0	0	0	0	0	0	0	0	0	0	
