0	0	0	0	0	0	0	0	0	0	0	0	0	0	0	0	0	0	0	0	0	0	0	0	0	0	0	0	0	0	0	0	0	0	0	0	0	0	0	0	0	0	0	0	0	0	0	0	0	0	0	14.26245	0	0	0	0	0	0	0	0	0	0	0	0	0	0	0	0	0	0	0	0	0	0	0	0	0	0	0	0	0	0	0	0	0	0	0	0	0	0	0	0	0	0	0	0	0	0	0	0	
0	0	0	0	0	0	0	0	0	0	0	0	0	0	0	0	0	0	0	0	0	0	0	0	0	0	0	0	0	0	0	0	0	0	0	0	0	0	0	0	0	0	0	0	0	0	0	14.32496	0	0	0	0	0	0	0	0	0	0	0	0	0	0	0	13.172	0	0	0	0	0	0	0	0	0	0	0	0	0	0	0	0	0	0	0	0	0	0	0	0	0	0	0	0	0	0	0	0	0	0	0	0	
0	0	0	0	0	0	0	0	0	0	0	0	0	0	0	0	0	0	0	0	0	0	0	0	0	0	0	0	0	0	0	0	0	0	0	0	0	0	0	0	0	0	0	0	0	0	0	0	0	0	0	0	0	0	9.61178	0	0	0	0	0	0	0	0	0	0	0	0	0	0	0	0	0	0	0	0	0	0	0	0	0	0	0	0	0	0	0	0	0	0	0	0	0	0	0	0	0	0	0	0	0	
0	0	0	0	0	0	0	0	0	0	0	0	0	0	0	0	0	0	0	0	0	0	0	0	0	0	0	0	0	0	0	0	0	0	0	0	0	0	0	0	0	0	0	0	0	0	13.82387	8.98511	0	0	0	0	0	0	0	0	0	0	0	0	0	0	0	0	0	0	0	0	0	0	0	0	0	0	0	0	0	0	0	0	0	0	0	0	0	0	0	0	0	0	0	0	0	0	0	0	0	0	0	0	
0	0	0	0	0	0	0	0	0	0	0	0	0	0	0	0	0	0	0	0	0	0	0	0	0	0	0	0	0	0	0	0	0	0	0	0	0	7.75139	0	0	0	0	0	12.33991	0	0	0	0	0	0	0	0	0	0	0	0	0	0	0	0	0	0	0	0	0	0	0	0	0	0	0	0	0	0	0	0	0	0	0	0	0	0	0	0	0	0	0	0	0	0	0	0	0	0	0	0	0	0	0	0	
0	0	0	0	0	0	0	0	0	0	0	0	0	0	0	0	0	0	0	0	0	0	0	0	0	0	0	0	0	0	0	0	0	0	0	0	0	0	0	0	0	0	0	0	0	0	0	0	0	0	0	0	0	0	0	0	0	0	0	0	0	0	0	0	0	0	0	0	0	0	0	0	10.14285	0	0	0	0	0	0	0	0	0	0	0	0	0	0	0	0	0	0	0	0	0	0	0	0	0	0	0	
0	0	0	0	0	0	0	0	0	0	0	0	0	0	0	0	0	0	0	0	0	0	0	0	0	0	0	0	0	0	0	0	0	0	0	0	0	0	0	0	0	0	0	0	0	0	0	0	0	0	0	0	0	0	0	0	0	0	0	0	0	0	0	0	0	0	0	0	0	0	0	0	0	0	11.6727	0	0	0	0	0	0	0	0	0	0	0	0	0	0	0	0	0	0	0	0	0	0	0	0	0	
0	0	0	0	0	0	0	0	0	0	0	0	0	0	0	0	0	0	0	0	0	0	0	0	0	0	0	0	0	0	0	0	0	0	0	0	0	0	0	0	0	0	0	0	0	0	0	0	0	0	0	8.31774	0	0	0	12.59241	0	0	12.02499	0	0	0	0	0	0	0	0	0	0	0	0	0	0	0	0	0	0	0	0	0	0	0	0	0	0	0	0	0	0	0	0	0	0	0	0	0	0	0	0	0	
0	0	0	0	0	0	0	0	0	0	0	0	0	0	0	0	0	0	0	0	0	0	0	0	0	0	0	0	0	0	0	0	0	0	0	0	0	0	0	0	0	0	0	0	0	0	0	0	0	0	0	0	0	0	0	0	0	0	0	0	0	0	0	0	0	0	0	6.98192	0	0	0	0	0	0	0	0	0	0	0	0	0	0	0	0	0	0	0	0	0	0	0	0	0	0	0	0	0	0	0	0	
0	0	0	0	0	0	0	0	0	0	0	0	0	0	0	0	0	0	0	0	0	0	0	0	0	0	0	0	0	0	0	0	0	0	0	0	0	0	0	0	0	0	0	0	0	0	0	0	0	0	0	0	0	0	0	9.22907	0	0	0	0	0	0	0	0	0	0	0	0	0	0	0	0	0	0	0	0	0	0	0	0	0	0	0	0	0	0	0	0	0	0	0	0	0	0	0	0	0	0	0	0	
0	0	0	0	0	0	0	0	0	0	0	0	0	0	0	0	0	0	0	0	0	0	0	0	0	0	0	0	0	0	0	0	0	0	0	0	0	0	0	0	0	0	0	0	0	0	0	0	0	0	0	0	0	0	0	0	0	0	0	0	0	0	0	0	0	0	0	11.09017	0	0	0	0	0	0	0	0	0	0	0	0	0	0	0	0	0	0	0	0	0	0	0	0	0	0	0	0	0	0	0	0	
0	0	0	0	0	0	0	0	0	0	0	0	0	0	0	0	0	0	0	0	0	0	0	0	0	0	0	0	0	0	0	0	0	0	0	0	0	0	0	0	0	0	0	0	0	0	0	0	0	0	0	0	3.36373	0	0	0	2.27359	0	0	0	0	0	0	0	0	0	0	0	0	0	0	5.75233	0	0	0	0	0	0	0	0	0	0	0	0	0	0	0	0	0	0	0	0	0	0	0	0	0	0	0	0	
0	0	0	0	0	0	0	0	0	0	0	0	0	0	0	0	0	0	0	0	0	0	0	0	0	0	0	0	0	0	0	0	0	0	0	0	0	0	0	0	0	0	0	0	0	0	0	0	11.69122	0	0	0	14.1625	0	0	0	0	0	0	0	0	0	0	0	0	0	0	6.22182	0	0	0	0	0	0	0	0	0	0	0	0	0	0	0	0	0	0	0	0	0	0	0	0	0	0	0	0	0	0	0	0	
0	0	0	0	0	0	0	0	0	0	0	0	0	0	0	0	0	0	0	0	0	0	0	0	0	0	0	0	0	0	12.41435	0	0	0	0	0	0	0	0	2.8942	0	0	0	0	0	0	0	10.26355	0	0	0	0	0	0	0	0	0	5.50224	2.58604	0	8.69733	0	0	6.04566	0	0	0	0	0	0	0	0	0	0	0	0	0	0	0	0	0	0	0	0	0	0	0	0	0	0	0	0	0	0	0	0	0	0	0	0	
0	0	0	0	0	0	0	0	0	0	0	0	0	0	0	0	0	0	0	0	0	0	0	0	0	0	0	0	0	0	0	0	0	0	0	0	0	0	0	0	0	0	0	0	0	0	0	0	0	0	0	0	0	0	6.49993	0	0	0	0	0	0	0	0	0	0	0	0	0	0	0	0	0	0	0	0	0	0	0	0	0	0	0	0	0	0	0	0	0	0	0	0	0	0	0	0	0	0	0	0	0	
0	0	0	0	0	0	0	0	0	0	0	0	0	0	0	0	0	0	0	0	0	0	0	0	0	0	0	0	0	0	0	0	0	0	0	0	0	0	0	0	0	0	14.51817	0	0	0	0	0	0	0	0	0	9.71357	0	0	0	0	0	0	13.75951	0	0	0	0	0	0	0	0	0	0	0	5.17118	0	0	0	0	0	0	0	0	0	0	0	0	0	0	0	0	0	0	0	0	0	0	0	0	0	0	0	0	
0	0	0	0	0	0	0	0	0	0	0	0	0	0	0	0	0	0	0	0	0	0	0	0	0	0	0	0	0	0	0	0	0	0	0	0	0	0	0	0	0	0	0	7.82481	0	0	0	10.27131	0	0	0	9.53405	0	0	0	0	0	0	4.95752	0	0	0	0	0	0	0	0	0	0	0	0	0	0	0	0	0	0	0	0	0	0	0	0	0	0	0	0	0	0	0	0	0	0	0	0	0	0	0	0	0	
0	0	0	0	0	0	0	0	0	0	0	0	0	0	0	0	0	0	0	0	0	0	0	0	0	0	0	0	0	0	0	0	0	0	0	0	0	0	0	0	0	0	10.15647	0	0	0	0	0	0	0	0	0	0	0	0	7.98916	0	0	0	0	0	0	0	0	0	0	3.79375	0	7.16977	0	0	0	0	0	0	0	0	0	0	0	0	0	0	0	0	0	0	0	0	0	0	0	0	0	0	0	0	0	0	0	
0	0	0	0	0	0	0	0	0	0	0	0	0	0	0	0	0	0	0	0	0	0	0	0	0	0	0	0	0	0	0	0	0	0	0	0	0	0	0	0	12.55896	0	0	0	0	0	0	0	0	0	0	0	0	0	0	0	0	0	0	0	0	0	0	0	0	0	0	0	0	0	0	0	0	0	0	0	0	0	0	0	0	0	0	0	0	0	0	0	0	0	0	0	0	0	0	0	0	0	0	0	
0	0	0	0	0	0	0	0	0	0	0	0	0	0	0	0	0	0	0	0	0	0	0	0	0	0	0	0	0	0	0	0	0	0	0	0	0	0	0	0	0	0	0	0	0	0	0	9.53878	0	0	9.97226	0	0	0	0	0	0	0	0	0	0	0	0	0	0	0	0	0	0	0	0	0	0	0	0	0	9.53044	0	0	0	0	0	0	0	0	0	0	0	0	0	0	0	0	0	0	0	0	0	0	0	
0	0	0	0	0	0	0	0	0	0	0	0	0	0	0	0	0	0	0	0	0	0	0	0	0	0	0	0	0	0	0	0	0	0	0	0	0	0	0	0	0	0	0	0	0	0	0	7.56788	0	0	9.97263	10.29755	0	0	0	0	8.80784	0	11.97386	0	8.03313	0	0	0	0	11.05909	0	0	0	0	0	0	0	0	0	0	0	0	0	0	0	0	0	0	0	0	0	0	0	0	0	0	0	0	0	0	0	0	0	0	
0	0	0	0	0	0	0	0	0	0	0	0	0	0	0	0	0	0	0	0	0	0	0	0	0	0	0	0	0	0	0	0	0	0	0	0	0	0	0	0	0	9.7971	0	0	0	0	0	0	0	0	0	0	0	0	0	0	0	0	0	0	0	0	0	0	0	0	0	0	3.79375	0	0	0	0	0	0	0	0	0	0	0	0	0	0	0	0	0	0	0	0	0	0	0	0	0	0	0	0	0	0	0	
0	0	0	0	0	0	0	0	0	0	0	0	0	0	0	0	0	0	0	0	0	0	0	0	0	0	0	0	0	0	0	1.65297	0	0	0	0	0	0	0	0	0	0	0	0	0	0	0	8.23148	0	0	0	0	0	0	0	0	0	0	0	0	0	0	0	4.2919	0	0	0	1.28084	0	0	0	0	0	0	0	0	0	0	0	0	0	0	0	0	0	0	0	0	0	0	0	0	0	0	0	0	0	0	0	0	
0	0	0	0	0	0	0	0	0	0	0	0	0	0	0	0	0	0	0	0	0	0	0	0	0	0	0	0	0	0	0	12.3239	0	0	0.77812	0	0	0	0	0	0	0	0	0	0	0	0	0	0	0	0	0	0	0	0	0	0	0	0	0	0	0	0	0	0	0	0	0	0	0	0	0	0	0	0	0	0	0	0	0	0	0	0	0	0	0	0	0	0	0	0	0	0	0	0	0	0	0	0	0	
0	0	0	0	0	0	0	0	0	0	0	0	0	0	0	0	0	0	0	0	0	0	0	0	0	0	0	0	0	0	0	0	0	0	0	0	0	0	0	0	0	0	0	10.19041	0	0	0	0	0	17.23955	0	0	0	0	9.45456	0	0	0	0	0	0	0	0	0	0	0	0	0	0	0	0	0	0	0	0	0	0	0	0	4.43801	0	0	0	0	0	0	0	0	0	0	0	0	0	0	0	0	0	0	0	0	
0	0	0	0	0	0	0	0	0	0	0	0	0	0	0	0	0	0	0	0	0	0	0	0	0	0	0	0	0	0	0	0	7.76093	0	0	0	0	0	0	0	0	0	0	0	0	0	0	1.65297	0	0	7.4472	7.06282	0	0	0	0	0	0	7.97283	0	0	0	0	0	0	0	0	0	0	0	3.4606	0	0	0	0	0	0	0	0	0	0	0	0	0	0	5.37344	0	0	0	0	0	0	0	0	0	0	0	0	0	0	
0	0	0	0	0	0	0	0	0	0	0	0	0	0	0	0	0	0	0	0	0	0	0	0	0	0	0	0	0	0	0	0	0	0	0	0	0	0	0	11.12522	0	0	0	0	16.35498	0	7.21213	0	0	0	0	0	0	0	0	0	0	0	0	0	0	0	0	0	0	0	0	0	0	1.94849	0	0	0	0	0	0	0	0	0	0	0	0	0	0	0	0	0	0	0	0	0	0	0	0	0	0	0	0	0	0	
0	0	0	0	0	0	0	0	0	0	0	0	0	0	0	0	0	0	0	0	0	0	0	0	0	0	0	0	0	0	0	0	0	0	0	9.34622	0	0	0	0	0	0	0	0	0	0	0	8.35001	0	0	0	0	0	7.68307	0	0	0	0	0	0	7.74179	0	0	0	0	0	0	0	0	0	0	0	0	0	0	0	0	0	0	0	0	0	0	0	0	0	0	0	0	0	0	0	0	0	0.77812	0	0	0	0	0	
0	0	0	0	0	0	0	0	0	0	0	0	0	0	0	0	0	0	0	0	0	0	0	0	0	0	0	0	0	0	0	0	0	0	0	0	0	0	0	0	0	14.58281	0	0	0	0	0	0	0	0	0	0	0	0	0	0	0	0	0	0	0	0	0	0	0	0	0	9.40977	0	0	0	1.94849	0	0	0	0	0	0	0	0	0	0	0	0	0	0	0	0	0	0	0	0	0	0	0	0	0	0	0	0	
0	0	0	0	0	0	0	0	0	0	0	0	0	0	0	0	0	0	0	0	0	0	0	0	0	0	0	0	0	0	0	0	0	0	0	0	0	0	0	0	6.60755	0	0	0	9.07886	0	0	4.4004	0	0	7.77983	11.1796	0	0	0	11.15809	0	0	6.74851	0	10.56462	0	0	0	0	0	0	0	0.77812	0	0	0	0	0	0	0	0	0	0	0	0	0	0	0	0	0	0	0	0	0	0	0	0	0	0	5.56895	0	0	0	0	
0	0	0	0	0	0	0	0	0	0	0	0	0	0	0	0	0	0	0	0	0	0	0	0	0	0	0	0	0	0	0	0	0	0	0	0	0	0	0	0	0	0	0	0	13.42006	0	0	0	0	2.58604	0	0	6.87692	0	0	0	0	7.85749	0	0	0	6.50907	0	0	0	0	0	0	0	0	0	0	0	0	0	0	0	0	0	0	0	0	0	0	0	0	0	0	0	0	0	0	0	0	0	0	0	0	0	0	
0	0	0	0	0	0	0	0	0	0	0	0	0	0	0	0	0	0	0	0	0	0	0	0	0	0	0	0	0	0	0	0	0	0	0	0	0	0	0	0	0	0	0	13.51025	0	0	12.70991	0	0	0	9.66865	0	0	0	0	0	0	0	0	7.08874	0	0	0	0	5.98182	0	0	2.8942	0	0	0	0	8.83643	0	0	0	10.28603	0	0	0	0	0	0	0	0	0	0	0	0	0	0	0	0	0	0	0	0	0	0	0	
0	0	0	0	0	0	0	0	0	0	0	0	0	0	0	0	0	0	0	0	0	0	0	0	0	0	0	0	0	0	0	0	0	0	0	0	0	0	0	0	0	0	0	0	7.87169	2.58604	0	11.22426	0	0	0	12.27228	0.77812	0	0	9.80519	0	0	0.77812	0	0	0	0	0	0	0	0	14.55989	0	0	0	0	0	11.59548	0	0	0	0	0	0	0	0	0	0	0	0	0	0	0	0	0	0	0	0	0	0	0	0	0	0	
0	0	0	0	0	0	0	0	0	0	0	0	0	0	0	0	0	0	0	0	0	0	0	0	0	0	0	0	0	0	0	0	0	0	0	0	0	14.27878	0	0	0	0	0	0	0	0	0	0	5.02044	0	0	5.404	0	0	12.53117	0	8.97406	0	0	9.36667	0	1.65297	0	0	0	0	0	0	0	0	0	0	0	0	6.5678	3.55138	0	0	0	0	0	0	0	0	0	0	0	0	0	0	0	0	0	0	0	0	0	0	0	0	
0	0	0	0	0	0	0	0	0	0	0	0	0	0	0	0	0	0	0	0	0	0	0	0	0	0	0	0	0	0	0	0	0	0	0	0	0	0	0	0	0	0	16.30163	0	0	10.93234	0	14.1755	0	0	9.66992	0	12.20136	0	10.118	0	0	0	0	0	0	0	0	9.1423	0	0	0	1.94849	0	0	14.6733	0	0	0	0	0	0	0	4.2919	0	0	0	0	0	0	0	0	0	0	0	0	0	0	0	0	0	0	0	0	0	
0	0	0	0	0	0	0	0	0	0	0	0	0	0	0	0	0	0	0	0	0	0	0	0	0	0	0	0	0	0	0	0	0	0	0	0	0	0	0	0	0	0	0	0	0	0	0	8.60703	8.51417	0	0	10.87143	0	0	0	0	0	0	0	0	0	0	0	0	1.94849	0	0	0	0	0	0	0	0	0	0	0	0	0	0	0	0	0	0	0	0	0	0	0	0	0	8.23832	0	0	0	0	0	0	0	0	0	
0	0	0	0	0	0	0	0	0	0	0	0	0	0	0	0	0	0	0	0	0	0	0	0	0	0	0	0	0	0	0	0	0	0	0	0	0	0	0	0	0	0	0	0	0	0	0	12.74279	0	0	0	0	10.29262	0.77812	0	0	0	0	11.24005	7.32578	0	0	0	0	0	0	0	0	0	0	0	0	0	0	0	0	0	0	0	0	0	0	0	0	0	0	0	0	0	0	0	0	0	0	0	0	0	0	7.88829	0	
0	0	0	0	0	0	0	0	0	0	0	0	0	0	0	0	0	0	0	0	0	0	0	0	0	0	0	0	0	0	0	0	0	0	0	0	0	0	0	0	0	0	9.27141	0	0	0	0	0	0	8.5959	0	10.35853	0	4.34361	0	0	0	0	0	0	0	0	0	0	14.5208	0	0	0	0	0	0	0	0	0	0	0	16.56142	0	0	0	0	0	0	0	0	0	0	0	0	0	0	0	0	0	0	0	0	0	0	0	
0	0	0	0	0	0	0	0	0	0	0	0	11.494	0	0	0	0	0	0	0	0	0	0	0	0	0	0	0	0	0	10.91054	0	0	0	0	0	0	0	0	0	0	0	11.86545	0	0	0	0	8.68929	0	0	13.8859	0	0	5.71354	1.65297	0	9.47055	0	0	0	0	0	0	8.75522	9.19428	10.88131	0	0	0	0	0	0	0	0	0	0	0	0	0	0	0	0	0	0	0	0	0	0	0	0	0	0	0	0	0	0	0	0	0	0	
0	0	0	0	0	0	0	0	0	0	0	0	0	0	0	0	0	0	0	0	0	0	0	0	0	0	0	0	0	0	0	0	0	0	0	0	0	0	0	0	0	0	0	0	0	9.92068	10.12541	0	2.74833	12.98708	1.28084	6.37817	10.55449	0	8.39053	9.63983	0	0	0	0	11.24055	0	0	0	0	0	0	0	0	6.71298	0	0	0	0	0	0	3.00148	0	0	0	0	0	0	0	0	0	0	0	0	0	0	0	0	0	0	0	0	0	0	0	
0	0	0	0	0	0	0	0	0	0	0	0	0	0	0	8.57223	0	0	0	0	0	0	0	0	0	0	0	0	0	0	0	0	0	0	0	6.68978	12.74774	0	0	0	0	0	0	0	0	11.20254	8.4158	9.06738	6.47469	11.31003	0	0	2.40313	0	8.32771	0	0	0	0	8.54763	0	7.89263	0	7.54044	0	9.43532	0	0	11.98076	0	11.44193	0	0	0	0	11.94537	0	1.65297	0	3.86627	0	0	0	0	0	0	0	0	0	0	8.21768	0	0	0	0	0	0	0	0	0	
0	0	0	0	0	0	0	0	0	0	0	0	0	0	0	0	0	0	0	0	0	0	0	0	0	0	12.05487	0	0	0	0	4.4418	0	0	7.01091	0	0	0	0	0	11.66362	0	0	0	0	0	0	0	10.70188	4.87618	3.36373	10.80899	9.64308	0	9.73914	0	15.97594	0	5.00189	0	0.77812	8.66154	0	0	0	9.57033	0	0	0	0	0	0	0	7.63687	0	0	0	0	0	0	0	0	0	0	0	0	0	0	0	0	0	0	0	0	0	0	2.74833	0	0	0	
0	0	0	0	0	0	0	0	0	0	0	0	0	0	0	0	0	0	0	10.88404	0	0	0	0	0	0	0	0	0	0	0	0	0	0	0	0	0	0	0	0	0	0	0	13.87059	0	0	14.7854	13.03346	11.97129	0	6.42754	8.02454	12.11121	0	0	0	15.42797	0	0	8.53396	6.06872	0	0	11.37205	0	6.45131	0	5.75233	0	0	0	0	0	0	0	0	0	0	0	0	0	0	0	0	0	0	0	0	0	0	8.3718	0	0	0	0	0	0	0	0	0	
0	0	0	0	0	0	0	0	0	0	0	0	10.07179	0	0	0	0	0	0	8.87649	0	0	0	0	0	0	0	0	0	0	0	0	0	9.05638	0	0	0	0	0	0	0	12.55708	14.09131	0	10.21406	0	0	4.56259	9.21526	0	0	9.77853	8.30396	7.82665	10.55627	10.69353	6.62206	4.87916	8.67628	0	0	0	0	0	4.00121	0	0	0	0	0	0	0	0	0	0	0	0	0	11.27675	2.40313	0	0	0	0	0	0	0	0	0	0	0	0	0	0	0	0	0	0	0	0	
0	0	0	0	0	0	0	0	0	0	0	0	0	0	0	0	0	0	0	0	0	0	0	15.61602	0	0	0	0	0	0	0	0	0	0	0	0	0	0	11.47202	0	0	0	8.80375	9.12946	6.67975	0	9.00146	6.36977	0	7.86401	8.60967	7.9139	0	0	0	0	0	5.26171	14.15375	9.48078	10.57412	0	0	0	7.29983	0	0	0	0	0	0	0	0	0	0	0	0	0	0	0	0	0	0	0	0	0	0	0	0	0	0	0	0	0	0	0	0	0	0	0	
0	0	7.66255	0	0	0	0	0	0	0	0	0	0	0	0	0	0	0	0	0	0	0	0	0	0	0	0	0	0	0	0	0	0	0	0	0	0	0	0	0	10.76395	0	0	0	0	9.71111	0	8.64014	10.53989	11.72209	0	7.08114	9.66103	9.38656	0	8.62804	0	0	3.14799	0	9.22371	0	9.06353	11.10007	0	0	0	0	0	0	0	7.42142	0	0	0	0	2.40313	0	0	0	0	0	0	0	0	0	0	0	0	0	0	0	0	0	0	0	0	0	0	0	
0	0	0	0	0	0	0	0	0	0	0	9.49657	0	0	0	0	0	0	0	0	0	0	0	0	0	0	0	0	0	0	0	0	3.36373	0	0	0	0	9.57942	11.81051	5.43231	9.07696	4.2919	0	0	11.8722	8.77901	11.73858	8.19516	11.08944	0	12.21899	0	2.44369	7.55778	0	11.53113	5.82081	13.05149	0	0	0	0	0	0	0	0	0	9.66357	0	0	0	0	7.80772	0	0	1.65297	0	0	6.59693	0	0	0	0	0	0	0	0	0	0	0	0	0	0	0	0	7.18754	0	0	0	0	
0	0	0	0	0	0	0	0	0	0	0	0	0	0	0	0	0	0	0	0	0	0	0	0	0	0	0	0	0	0	0	0	0	0	6.78638	10.1307	0	0	0	4.4885	0	12.75209	0	11.49101	14.18376	10.16348	8.15843	8.11229	4.98874	10.7324	11.58046	10.50554	0.77812	9.74332	0	0	8.2674	0	0	7.90739	9.27808	0	5.22732	0	0	0	0	0	0	0	0	0	0	0	0	0	0	0	3.93532	0	0	0	0	0	0	0	0	10.53573	0	0	0	0	0	0	0	0	0	0	0	0	
0	0	0	0	0	0	0	0	11.19376	0	11.36151	0	0	0	0	0	0	0	0	0	0	0	0	0	0	0	12.20747	0	0	0	0	0	0	0	1.94849	8.14303	0	13.15807	11.06391	0	7.8878	8.01331	0	5.84496	0.77812	12.59368	6.55161	8.39012	9.61028	8.63644	0	6.99453	1.65297	0	0	0	8.6683	3.36373	0	0	0	0	2.58604	0	0	0	13.06754	0	0	0	0	0	0	0	0	0	0	0	0	0	0	0	0	0	0	0	0	0	0	0	0	0	0	4.00121	0	0	0	0	0	0	
0	0	0	0	0	0	0	0	0	0	0	11.54218	0	0	14.19789	0	0	0	0	0	0	0	0	0	0	0	0	0	0	0	0	11.13718	0	0	4.88738	0	11.50717	0	0	10.77241	0	0	9.54125	9.90951	9.78683	7.25861	11.08932	9.06352	4.14434	9.46747	8.09387	10.39321	10.54242	11.06727	0	7.57871	9.61015	0	0	17.14274	11.70334	4.42436	0	9.04802	0	0	0	0	0	0	0	0	0	0	0	6.6711	0	0	0	0	0	0	0	5.33345	0	0	0	0	0	0	0	0	0	0	0	0	0	0	0	0	
0	0	0	0	0	0	0	0	0	0	0	0	12.36925	0	0	0	0	0	0	0	0	0	0	0	0	0	0	0	0	9.25125	0	0	8.10981	0	6.15102	0	13.76182	0	14.70755	10.33396	10.01705	13.17334	10.29551	8.16983	9.15316	4.21781	9.95928	10.41735	5.28136	9.59319	9.45988	12.63811	12.02648	9.17515	7.5991	8.30782	9.81571	0	0	9.89675	4.06422	0	0	0	0	0	0	0	0	0	0	0	0	9.6521	0	0	0	0	0	0	10.65523	0	0	0	0	0	0	0	0	0	0	0	0	0	0	0	0	0	0	0	
0	0	0	0	0	0	0	14.76295	0	0	0	10.19481	0	0	0	0	0	0	0	0	0	0	0	0	0	0	0	8.63324	0	0	2.58604	0	12.33831	0	0	0	3.55138	10.91962	8.24826	11.71603	9.88346	5.87448	0	11.06323	10.95646	8.61127	9.99894	8.75999	11.55943	9.94261	6.05448	9.53343	10.3648	9.74396	8.49371	7.5169	13.50839	6.25314	4.66164	8.3018	5.64572	13.95682	6.97036	0	9.27808	0	0	0	0	0	0	0	0	10.7957	0	0	0	0	0	0	0	0	0	0	0	0	0	0	0	0	0	0	0	0	0	0	0	0	0	0	
12.68287	0	0	0	0	0	0	0	6.55224	0	0	0	9.70371	0	0	0	0	0	0	0	0	0	0	0	12.01306	0	0	7.40094	0	0	0	0	12.78549	0	11.56198	8.67169	0	7.71258	10.69356	7.43299	7.0963	9.03653	6.30913	10.06447	11.37361	9.81005	7.76116	10.9026	6.16122	7.45638	9.82058	5.98528	6.37881	5.34461	11.17875	9.53231	9.08458	5.10881	0	9.89156	1.28084	1.65297	0	6.08708	0	8.2246	0	0	0	0	0	0	0	0	0	0	0	0	0	0	0	0	4.48895	0	0	6.03658	0	0	0	0	0	0	0	0	0	0	0	0	0	0	
0	0	0	10.39575	0	0	0	0	0	0	0	0	0	0	0	0	0	0	9.06545	0	0	10.95226	0	7.33858	11.50146	7.01888	0	0	11.18802	8.00931	11.12125	0	12.9538	0	0	2.19365	0	10.93329	10.29427	8.90482	7.8579	8.23459	8.60469	9.00593	9.30191	9.96377	8.27607	9.4447	9.61438	7.31701	10.75574	9.84031	9.90414	6.23048	7.00375	9.19077	0	3.58463	6.23779	8.88728	0.77812	4.23826	10.31141	0	0	0	0	0	0	7.14812	0	0	7.45485	0	2.19365	11.04158	12.378	3.55138	0	1.94849	0	0	0	0	0	0	0	0	0	0	0	0	0	0	0	0	0	0	0	0	
7.44895	0	0	0	13.03984	7.02939	0	0	0	0	0	0	0	0	0	0	0	11.30759	0	0	0	0	0	0	9.92568	0	7.6732	8.91617	0	13.97295	10.47465	0	0	0	11.14858	9.07313	6.2351	11.26801	12.03756	8.42003	6.54283	9.29649	8.43304	8.73526	8.9543	8.62194	9.67305	9.12605	9.09301	10.03202	5.87501	10.1953	12.2777	7.24298	9.85203	9.9985	9.65389	4.25051	5.44563	8.78986	11.2448	0	6.77125	10.94652	11.37672	10.8397	8.14478	0	0	0	0	0	0	0	6.88567	0	0	0	0	0	0	0	0	0	0	0	0	0	0	0	0	0	0	0	0	1.65297	0	0	0	0	
0	0	0	0	0	0	0	0	4.95544	0	10.12633	0	0	0	0	0	9.95611	14.83646	9.98081	4.4418	9.78312	9.20687	0	0	0	12.98746	0	11.00992	5.63828	10.01909	0	10.6595	11.50433	8.67691	9.10975	10.78312	7.20566	8.94799	8.57474	7.91368	8.88281	8.15909	5.12962	8.51865	9.89814	8.18951	8.11852	8.98966	8.27541	7.45078	6.4282	11.53626	7.93015	8.71797	5.66322	6.23541	7.35894	8.64617	0	9.57845	6.35508	8.50851	8.90611	0	9.19996	11.57905	2.19365	0	0	0	0	7.28006	0	0	9.87824	0	0	0	10.69788	0	0	0	0	0	0	5.82691	0	0	0	0	0	0	0	0	0	10.20096	0	0	0	0	
0	10.60425	0	0	3.14799	9.74275	0	0	0	0	0	0	0	0	7.28006	12.30425	0	11.32015	10.66117	0	8.75044	0	5.56895	0	0	0	0	0	9.92697	10.09367	7.19113	0	9.79941	6.34326	9.55943	7.39259	9.74892	11.32682	8.37279	8.81932	8.90772	7.62346	8.75176	7.18766	8.23667	7.37237	8.12553	9.11665	7.5522	7.89197	7.19225	8.12948	8.1412	8.13019	9.12663	7.57025	5.02044	7.98729	7.09852	5.83386	0	8.3936	0	13.47409	11.15465	1.28084	4.76993	0.77812	0	0	0	0	0	0	0	8.19322	0	0	0	0	7.85567	0	0	0	0	0	0	0	0	0	0	0	0	0	0	0	0	0	0	0	
0	11.04256	8.98428	0	8.93455	0	0	0	0	0	7.99725	0	0	0	8.4828	6.73889	0	8.66408	0	0	7.68277	2.40313	7.8863	11.26977	9.25632	10.29262	0	5.14764	5.35881	7.01479	10.43874	10.88021	11.12293	10.67961	10.2661	5.33798	7.97833	7.93462	7.99089	6.97956	6.46348	7.3902	7.10404	7.51374	6.60097	6.86334	9.47234	7.07802	9.2477	8.15312	7.28663	9.69614	7.99788	7.61186	6.91775	6.91161	8.69047	5.33277	7.884	9.57304	0	7.40014	10.43073	9.47961	3.13804	1.65297	0	0	0	0	0	7.68758	0	2.8942	8.82965	0	3.14799	0	0.77812	0	0	0	0	4.58292	0	1.89688	0	0	0	0	0	0	0	0	0	0	0	0	0	0	
0	0	0	0	0	0	0	0	6.70962	0	10.04568	11.20909	0	0	0	0	0	0	9.80979	0	6.76757	0	0	0	0	8.45367	10.9559	0	3.25989	9.83486	7.43896	7.11874	10.32193	9.85605	10.3871	8.64428	8.53182	9.77815	8.0755	8.93322	5.80056	7.75158	7.76172	8.97777	7.02695	7.41473	6.46121	7.4867	7.91927	8.72664	8.71791	8.01727	6.71007	7.11231	7.47233	9.96489	8.58705	8.57899	11.91444	8.98613	9.10798	6.31518	7.74179	8.72744	0	11.29372	0	9.97275	0	0	0	0	0	0	0	0	0	0	1.28084	0	0	6.46305	0	0	0	0	0	10.22258	5.73307	9.5374	0	0	0	0	0	0	0	0	0	0	
0	0	0	0	0	0	0	0	10.52457	9.62085	0	3.25989	0	11.78452	0	0	0	3.55138	9.0284	4.64047	0	0	3.63678	8.68109	8.96583	9.55396	4.39355	9.36004	6.36773	9.91876	0	7.51974	4.72286	5.67824	4.92594	9.07374	7.63027	5.77474	10.2534	5.06274	7.3751	8.46625	8.04079	7.73718	6.86785	8.04233	8.23856	7.91661	7.50213	8.88988	8.41971	7.003	7.24124	6.50242	7.73818	8.48735	7.9306	7.87726	10.72251	7.86159	6.14511	9.66281	9.64245	9.53878	5.90242	11.42214	10.07848	0	0	0	0	0	0	6.66965	11.96124	0	0	0	13.72816	0	0	0	0	0	0	0	0	0	6.99482	0	1.28084	0	0	0	0	0	0	0	0	0	
0	0	8.11354	6.65008	0	3.7174	0	1.65297	6.66965	0	0	0	0	0	0	0	0	6.41701	0	0	0	0	0	11.11642	0	10.06507	0	9.71406	7.70766	8.02266	0	8.87445	0	7.59481	5.95743	8.13106	7.07248	6.64115	2.41812	11.78187	6.71592	10.18287	7.355	8.03742	7.4895	6.1402	6.40324	8.53961	6.73844	7.8458	7.61421	7.53671	8.37706	8.20792	8.14426	6.69876	7.90462	9.27018	8.01859	6.5658	9.75324	7.49717	3.91754	11.40514	6.08671	0	0	8.49632	6.92014	3.27807	3.02283	0	9.27141	0	2.47772	0	7.72142	0	0	0	0	0	8.13274	0	0	0	0	0	0	0	0	0	0	0	0	0	0	0	0	0	
0	0	0	0	0	0	0	0	0	0	10.28106	7.74179	8.54753	0	11.50717	0	0	6.1068	0	5.35881	0	0	0	0	0	0	6.52035	5.52482	6.54099	0	8.28867	9.17642	5.93221	8.30014	4.43856	7.33457	8.57799	8.06744	7.77385	8.79918	8.51957	5.67258	6.2453	7.40148	7.50139	7.18975	5.92013	5.78203	7.46504	6.41964	6.26291	8.97294	8.31717	7.21049	7.21588	6.79195	7.41504	7.69795	9.55881	7.22409	11.31114	5.67449	7.81697	7.58223	0.77812	6.29286	11.20952	2.52594	0	0	6.47469	0	7.06339	1.62995	0	14.40205	0	0	0	0	0	0	0	0	0	0	0	0	6.64985	0	0	0	0	0	0	0	0	0	0	0	
0	0	0	0	0	0.77812	0	0	0	10.59894	0	0	5.69375	0	0	0	0	0	0	0	0	0	0	10.91959	0	0	7.23129	0	0	4.67444	7.43312	0	0	5.62819	10.04568	6.85926	5.75233	1.28084	0	7.65233	3.35506	8.68679	5.10521	5.78973	9.79183	8.3949	7.61511	7.20861	8.37798	4.1136	7.19654	9.08589	6.7133	7.29315	8.57563	7.45538	6.74595	7.99764	4.90069	6.02146	7.11533	6.04034	5.00517	11.14281	7.67159	4.81809	7.32578	10.64926	5.54034	0	0	17.59224	0	4.81594	0	2.58604	7.55148	0	0	0	0	0	0	0	10.8626	0	0	2.40313	0	0	0	12.48424	0	0	0	0	11.18404	0	0	0	
0	0	0	0	0	0	0	0	0	0	0	10.6135	0	0	0	0	0	8.46499	11.35719	0	0	0	0	2.19365	0	0	0	8.35946	0	0	0	0	5.1381	6.08805	5.84921	0	7.94801	8.1324	3.77285	7.09154	7.65109	8.74688	8.40076	2.49416	0	8.93647	5.68396	4.52756	7.94709	6.66907	7.02204	10.42612	7.80666	4.7772	7.21606	5.80599	6.27845	6.92575	7.34941	8.42531	7.91215	6.2263	0	7.3226	9.25239	0	7.65889	8.38128	10.78054	7.43144	0	0	0	0	0	9.34304	0	8.91118	0	0	0	6.78846	0	0	0	0	0	0	0	0	0	0	0	0	0	0	0	0	0	0	
0	0	0	0	5.40848	0	0	0	0	0	9.21178	0	7.47238	0	0	11.19684	0	0	6.58624	0	6.65831	6.80495	0	0	0	10.11149	6.30244	0	0	5.9654	0	8.95864	11.97411	0	0	9.59321	10.37104	0.77812	12.21855	9.08642	7.19576	9.18899	5.94219	5.47977	3.55962	6.24949	12.63568	5.37826	7.92007	8.88027	9.17273	7.2167	8.80576	7.97945	6.06219	6.3738	7.05715	7.72286	4.2714	8.01888	5.56631	7.25654	8.09434	4.462	8.337	0	7.28773	11.15192	0	4.70168	8.76974	10.35617	7.19943	11.83061	7.60685	0	6.30014	0	0	0	6.15102	0	0	0	0	1.65297	0	0	0	2.74833	0	0	0	0	0	0	0	0	0	0	
0	0	0	0	0	0	0	0	0	0	0	3.55138	3.81062	0	0	9.70741	0	0	0	1.28084	0	0	0	0	0	0	0	0	0	4.8956	3.25989	4.96821	0	0	0	11.09017	0	0	0	4.18255	3.47477	6.03465	5.37162	4.72055	9.18485	4.67873	4.54884	7.22839	7.56206	5.56084	0	0	8.02089	8.99916	2.40313	6.2766	7.84348	7.87746	6.36559	6.86342	9.41144	8.47948	9.06781	7.26242	5.52913	5.28272	1.65297	9.76984	2.19365	9.52504	0	8.67752	7.50391	11.37205	11.46547	0	7.01091	0	5.8628	0	0	0	0	0	0	0	0	0	0	0	0	0	0	0	0	0	0	0	0	0	
0	0	0	10.44171	0	0	0	0	0	0	0	0	0	0	0	0	0.77812	0	0	0	0	0	7.94798	0	0	0	6.13245	7.96365	10.15827	9.57439	0	0	4.1246	0	0	10.7979	0	3.02666	2.19365	5.25348	5.55775	0	1.28084	0	5.40309	11.09537	7.63964	8.1897	5.72919	8.37674	5.81929	6.25276	7.01026	8.63575	8.01525	7.52375	7.63524	7.01501	7.17116	6.14191	7.93937	8.5389	9.16525	9.10285	7.71185	8.6984	6.16926	8.0449	9.52611	5.46914	6.53617	7.83984	5.58049	3.95745	6.57233	0	12.74384	0.77812	6.56627	8.56407	2.58604	6.06119	2.40313	0	0	0.77812	0	0	0	0	0	0	0	0	0	0	0	7.65745	0	12.55331	
0	0	5.86276	0	0	0	0	0	0	0	0	0	0	0	0	0	0	0	0	0	5.54705	0	0	0	0	8.31482	0	8.84931	0	9.50936	0	10.08515	12.87443	0	7.14812	0	0	5.12907	5.84528	0	8.49428	0	0	8.96417	12.50497	8.87429	0.64042	5.80784	1.28084	6.90771	8.91695	9.44719	7.01462	8.0693	7.16791	8.58555	3.7174	5.96003	8.50879	5.11252	2.8971	4.62219	5.37522	3.04819	5.34644	6.35657	5.00373	0	7.96379	4.19937	4.58393	6.52536	7.65735	8.06592	0	0	6.01104	0	2.41297	4.95544	0	6.26419	0	0	0	0	0	0	6.85784	0	0	0	0	0	0	0	3.63678	0	0	0	
0	0	0	0	3.02666	0	0	0	0	0	0	0	9.75235	0	0	0	0	0	0	0	3.14799	3.7174	0	0	0	0	0	10.33877	0	0	0	0	8.66408	0	0	0	6.27607	0	5.02044	6.16546	0	0	3.18174	0	6.80495	0	3.78508	7.73212	5.30764	6.17304	9.08267	4.88776	11.48575	4.38858	8.02272	1.36331	0	5.35432	4.61366	2.56593	7.55152	5.29477	8.74198	6.29379	4.2856	8.88075	5.81365	5.29448	7.66143	6.43714	7.03356	0	0	8.18342	0	10.06185	6.57166	6.54778	0	0	0	0	0	0	9.53323	0	0	0	0	0	0	0	0	0	0	0	10.26103	0	0	0	
0	0	0	0	0	0	0	0	5.43231	0	0	0	0	0	0	0	7.89697	6.16546	8.04099	0	0	0	0	0	7.86798	0	0	0	0	0	0	0	0	0	7.46071	8.21422	0	7.40703	0	0	0	0	9.75235	11.43338	0	11.05502	10.68039	5.98182	0	6.0463	0	11.59314	8.05269	7.62858	0	4.4885	0	8.35408	0	4.88154	7.90863	0	5.36307	8.24853	5.24924	7.24364	6.87012	7.15482	9.64566	7.79736	8.47668	1.83616	9.32055	6.92863	8.07413	4.93347	10.78595	4.74078	0	2.74833	8.40582	6.94547	10.50022	0	3.64003	5.80862	9.38992	7.16259	6.60755	0	5.72334	0	0	7.01994	0	0	0	0	0	0	
0	0	0	0	0	0	0	0	0	0	0	0	0	0	0	0	0	0	0	0	5.60013	0	0	0	0	0	0	0	0	5.08264	0	0	0	0	8.94924	0	0	0	0	0	9.90108	0	8.54487	8.79291	5.17507	0	0	1.28084	8.82965	4.42289	7.92694	0	0	5.65276	5.75274	7.8587	0	0	7.85531	7.7277	10.38961	6.36892	2.66719	5.24151	6.50494	7.4659	3.68798	6.41145	7.03087	9.65794	9.95894	7.6257	4.55199	4.6387	5.00532	0	5.13016	0	6.57653	0	0	0	1.65297	0	0	0	7.52342	0	0	0	0	0	0	0	0	0	0	0	0	0	
0	0	0	0	7.73212	0	0	0	0	0	0	7.95631	0	2.58604	0	0	0	0	0	0	0	0	0	0	0	0	0	0	0	0	0	0	0	0	0	0	0	0	0	6.4457	0	0	7.42515	0	4.78668	0	1.51333	6.69973	0	0	5.05188	0	0	0	8.60438	0	0	0.77812	0	10.87308	7.68117	1.28084	6.02542	9.6626	6.91418	0	0.38906	5.30471	9.27608	8.8334	6.00756	8.51697	8.16541	6.21628	0	0	8.11224	7.34494	8.61215	8.58302	3.93532	7.60544	1.28084	0	2.58604	0	4.62015	11.14835	0	5.28546	0	0	0	0	5.35881	0	0	0	0	0	
0	0	0	0	0	0	0	0	0	0	0	0	0	0	0	0	0	6.68096	0	0	0	8.51417	8.76947	0	0	0	9.25632	0	0	0	0	0	0	9.26131	8.49196	0	0	0	0	0	0	0	0	0	0	0	0	0	0.77812	0	1.28084	0	0	0	0	6.52145	10.40419	10.58663	3.63678	1.94849	0	5.79383	5.71927	0	6.65024	8.82631	7.84804	7.06757	5.72574	3.28739	8.80235	6.06513	6.55356	7.16769	8.64436	5.83133	7.9841	0	10.02504	5.81495	0	0	7.84558	0	7.47817	8.40797	1.28084	6.12169	0	9.87328	0	0	0	0	0	0	9.25037	0	0	0	
0	0	0	0	0	0	0	0	7.58143	0	0	8.94715	0	0	0	0	0	0	0	0	0	0	0	0	0	0	0	11.64817	0	0	0	0	0	0	0	0	0	0	0	10.01174	0	0	0	0	0	4.1246	0	5.54705	4.98831	0	0	10.90463	0	0	0	0	0	0	8.76682	0	6.95098	0	8.90549	9.48684	7.71614	4.32665	5.878	0	0	6.76012	8.17007	1.65297	7.16967	7.64802	7.26216	10.25931	1.83616	0	0.77812	8.95163	8.01306	8.69539	9.78194	9.7845	5.63163	0	0	0	0	0	7.75617	0	10.16399	0	0	0	0	0	0	0	
0	0	0	0	0	0	0	0	0	0	0	0	0	8.3405	0	0	0	0	0	8.59641	0	0	0	0	0	3.27656	0	0	0	0	0	0	0	0	6.78638	0	0	6.21193	0	0	8.98428	0	2.8942	10.15013	1.65297	0	0	0	0	0	6.12169	7.97283	0	0	6.73889	0	0	0	0	7.46415	6.55679	0	3.74663	9.2083	5.6327	4.48808	9.03971	2.58604	0	5.30889	6.14795	0	7.74766	6.68448	11.07591	7.61646	3.65483	3.28055	7.76805	3.76048	0	8.01985	6.27607	4.06155	3.75851	0	0	5.54705	3.73795	0	7.07351	0	0	6.73889	0	0	0	0	5.93336	0	
0	0	0	0	0	0	0	11.18492	0	0	0	0	0	0	0	0	0	0	0	0	0	0	2.8942	0	0	0	0	0	8.63843	0	0	0	0	0	9.60161	0	0	10.93866	0	0	0	2.37072	0	0	0	0	4.5308	0	0	0	0	0	9.09215	0	0	0	3.61096	9.88153	0	5.5727	7.66242	0	0	5.71622	0	1.65297	0	8.00981	6.69642	10.72251	8.637	6.59504	8.81369	7.16913	9.09781	6.48262	6.33229	0	6.13889	6.0702	6.97588	7.26389	7.09072	0	6.91275	0	2.8942	5.20218	0	0	10.71455	8.05377	0	0	0	0	9.57575	0	0	0	
0	0	0	0	0	0	0	0	0	0	0	0	0	0	0	0	0	0	0	0	0	0	0	0	0	0	0	0	0	0	0	0	0	0	0	0	0	4.14298	0	0	0	0	0	0	0	0	0	0	0	9.16763	0	4.87556	0	4.52777	0	0	5.30764	8.75386	0	0	6.65949	0	10.97499	11.30229	3.36373	5.36775	0	0	8.84207	6.5376	0	6.89436	6.43811	9.73787	6.30236	9.32005	0	4.57865	7.18051	8.09066	2.91125	9.55533	7.00289	0.77812	0	0	3.11779	0	0	0	0	0	9.52159	7.09836	7.23968	0	0	0	0	0	
0	0	0	0	0	0	0	7.98509	0	0	0	0	0	0	0	0	0	0	0	0	0	0	0	0	0	0	0	0	0	0	0	0	0	0	0	0	0	5.96534	0	5.05188	0	0	0	0	0	0	0	0	0	0	4.44521	0	0	13.08315	7.88012	0	0	8.00176	9.45749	11.44342	0	1.28084	0	6.84321	10.34398	10.48482	0	0	8.90713	5.18687	7.72883	4.21653	5.37436	7.69181	8.07963	7.62801	6.4517	0	8.7627	9.68147	7.80389	9.18899	4.60435	7.91348	4.78175	0	0	2.1303	0	0	7.87077	0	0	0	0	8.33482	0	0	0	0	
0	0	0	0	0	0	0	0	0	0	0	0	0	0	0	0	0	0	0	0	0	0	0	0	0	9.36979	0	0	0	0	0	0	0	0	0	0	0	9.59721	0	0	0	0	0	0	8.23832	0	0	0	7.08874	0	0	0	0	0	0	4.39355	0	0	0	0	0	0	8.13628	0	0	5.38152	6.39839	8.34843	0	6.0837	2.37039	0	10.67016	0	8.5668	7.02315	5.14227	7.01611	4.71709	7.01122	3.04143	0	8.30926	0	9.3853	6.81318	0	0	0	0	7.87517	0	0	0	0	0	0	0	0	0	
0	0	0	0	0	0	0	0	0	0	0	0	7.38252	0	0	0	0	0	0	0	0	0	0	0	0	0	0	0	0	0	0	0	0	0	0	0	0	0	0	0	0	0	0	0	0	0	0	7.88393	0	0	0.77812	0	10.17977	0	0	0	0	0	0	4.66294	0	0	0	5.15265	2.8942	10.19041	9.56208	0	1.28084	0	0	9.04412	0	0	0	2.30387	6.30506	8.51532	7.58127	5.1694	0	7.27701	4.89201	4.12791	7.60279	3.40248	6.66111	0	8.98428	0	0	0	0	8.30507	0	0	0	0	0	0	
0	0	0	0	0	0	0	0	0	0	0	0	0	0	0	0	0	0	0	0	0	0	0	0	0	0	0	0	0	0	0	0	10.7823	0	0	0	0	0	0	0	1.94849	0	0	0	0	0	0	0	0	0	0	0	0	0	0	0	4.50111	0	0	0	8.62595	0	0	3.64044	0	5.91501	0	0	7.32731	0	0	0	8.86104	0	0	3.7174	0	0	6.28459	8.95844	7.31608	5.17118	10.35302	0	2.19365	0	0	0	0	3.4606	6.41283	5.85993	5.08794	0	0	0	0	0	0	0	
0	0	0	0	0	0	0	1.93344	0	0	0	0	0	0	0	0	0	0	0	0	0	0	0	0	0	0	0	6.47469	0	0	0	0	0	0	0	0	0	0	0	0	0	0	0	0	0	0	0	0	0	0	0	0	0	0	0	0	0	0	0	0	0	0	0	0	0	0	0	0	0	0	4.69878	3.92382	8.24916	0.77812	0	7.6727	10.40034	0	9.52869	8.16475	0	8.34194	0	7.90989	1.28084	10.10378	0	9.04997	0	7.4897	0	10.24582	0	0	0	8.6202	0	0	0	0	
0	0	0	0	0	0	0	0	0	0	0	0	0	0	0	0	0	0	0	0	10.24242	0	0	0	0	0	0	0	0	0	10.05347	0	0	0	0	0	0	0	0	0	0	0	0	0	0	0	0	0	0	0	0	0	0	0	0	0	0	0	0	11.79268	0	0	0	0	5.52482	8.67926	6.47469	8.19442	0	0	0	0	0	0	0	2.19365	6.78482	2.8942	0	0	3.6904	0	0	0	2.29163	8.79059	7.64214	5.91869	7.23968	0	10.94809	7.57331	6.22182	9.78077	0	8.90258	0	0	0	0	
0	0	0	0	0	0	0	0	0	0	0	0	0	0	0	0	0	0	0	0	0	0	0	0	0	0	0	0	0	0	0	0	0	0	0	0	0	0	0	0	0	0	0	0	0	0	0	0	2.74833	0	0	0	0	0	0	0	0	0	0	0	0	0	0	0	0	0	0	0	0	7.04255	10.07371	9.6405	6.55207	0	10.81071	5.82691	0	7.48395	0	0	0	6.70962	6.34074	0	5.21677	0	4.57759	0	0	4.84958	0	2.81548	3.23735	0	4.00121	0	0	0	0	0	
0	0	0	0	0	0	0	0	0	0	0	0	0	0	0	9.21408	0	0	0	0	0	0	0	0	0	0	0	0	0	0	0	0	0	0	8.33731	0	0	0	0	0	0	0	0	0	0	0	0	0	0	0	0	0	0	0	0	0	0	0	0	0	0	0	0	0	0	0	0	6.2492	0	0	0	0	0	8.46539	0	0	0	0.64042	0	0	0	3.79375	0	0	1.76323	0	5.79562	4.37672	9.71725	9.35385	8.49428	0	11.26506	0	0	0	0	0	0	0	
0	0	0	0	0	0	0	0	0	0	0	0	0	0	0	0	0	0	0	0	0	0	0	0	0	0	0	0	0	0	0	0	0	0	0	0	0	0	0	0	0	0	0	0	0	0	0	0	7.44895	0.77812	0	0	0	0	0	0	0	0	0	9.81438	0	0	0	0	0	7.23276	0	0	0	0	0	8.35317	0	0	0	0	0	11.05133	0	6.50141	10.95382	0	0	9.68629	0	0	0	0	0	0	0	0	0	0	0	0	0	0	0	0	
0	0	0	0	0	0	0	0	0	0	0	0	0	0	0	0	0	0	0	0	0	0	0	0	0	0	0	0	0	0	0	0	0	0	0	0	0	0	0	0	0	0	0	0	0	0	0	0	0	0	0	0	0	0	0	2.37527	0	0	15.03151	0	0	0	0	0	10.31708	0	0	0	0	0	0	1.65297	0	5.19952	0	0	7.83508	0	0	0	3.57761	7.49183	3.80175	8.00766	0	0	0	6.93707	8.0144	0	3.02666	11.53906	9.06353	0	0	0	0	0	0	0	
0	0	0	0	0	0	0	0	0	0	0	0	0	0	0	0	0	0	0	0	0	0	0	0	0	0	0	0	0	0	0	0	0	0	0	0	0	0	0	0	0	0	0	0	0	0	0	0	0	0	0	0	0	0	0	0	0	0	0	0	0	0	0	0	0	0	0	0	0	0	0	0	0	0	0	0	0	0	0	0	0	0	0	0	0	0	0	0	0	0	0	7.9396	0	0	0	0	0	0	0	0	
0	0	0	0	0	0	0	0	0	0	0	0	0	0	0	0	0	0	0	0	0	0	0	0	0	0	0	0	0	0	0	0	0	0	0	0	0	0	0	0	0	0	0	0	0	0	0	0	0	0	0	0	0	0	0	0	0	0	0	0	0	0	0	0	0	0	0	0	0	0	9.41156	1.28084	0	0	0	0	3.4606	0	0	10.42957	0	0	0	8.72872	0	0	0	0.77812	0	0	7.51644	11.43785	0	0	0	0	0	0	0	0	
0	0	0	0	0	0	0	0	0	0	0	0	0	0	0	0	0	0	0	0	0	0	0	0	0	0	0	0	0	0	0	0	0	0	0	0	0	0	0	0	0	0	0	0	0	0	0	0	0	0	0	0	0	0	0	0	0	0	0	2.74833	0	0	0	0	0	0	0	0	0	0	9.33668	0	0	0	0	0	0	0	0	0	0	0	0	0	0	0	2.8942	0	0	0	0	0	0	0	0	0	0	0	0	0	
0	0	0	0	0	0	0	0	0	0	0	0	0	0	0	0	0	0	0	0	0	0	0	0	0	0	0	0	0	0	0	0	0	0	0	0	0	0	0	0	0	0	0	0	0	0	0	0	0	0	0	0	0	0	0	0	0	0	0	0	0	0	0	0	0	0	0	0	0	11.159	5.7901	0	0	0	0	0	0	0	9.5567	0	0	0	0	0	0	0	0	0	7.26001	3.55138	0	0	0	0	0	0	0	0	0	0	
0	0	0	0	0	0	0	0	0	0	0	0	0	0	0	0	0	0	0	0	0	0	0	0	0	0	0	0	0	0	0	0	0	0	0	0	0	0	0	0	0	0	0	0	0	0	0	0	0	0	0	0	0	0	0	0	0	0	0	0	0	0	0	0	0	0	0	0	0	0	0	0	0	0	0	0	0	0	0	0	0	0	0	0	0	0	0.77812	0	0	0	0	0	0	0	0	0	0	0	0	0	
0	0	0	0	0	0	0	0	0	0	0	0	0	0	0	0	0	0	0	0	0	0	0	0	0	0	0	0	0	0	0	0	0	0	0	0	0	0	0	0	0	0	0	0	0	0	0	0	0	0	0	0	0	0	0	0	0	0	8.21074	0	0	0	0	0	0	0	0	0	0	0	0	0	0	0	0	6.37879	0	0	0	0	0	0	0	0	0	0	0	0	0	0	0	0	0	0	0	0	0	0	0	0	
0	0	0	0	0	0	0	0	0	0	0	0	0	0	0	0	0	0	0	0	0	0	0	0	0	0	0	0	0	0	0	0	9.15321	0	0	0	0	0	0	0	0	0	0	0	0	0	0	0	0	0	4.92181	0	0	0	0	0	0	0	0	0	0	0	0	0	0	0	0	0	0	0	0	0	0	0	0	6.79569	0	0	0	0	0	0	0	0	0	0	0	0	0	0	0	0	0	0	0	0	0	0	0	0	
0	0	0	0	0	0	0	0	0	0	0	0	0	0	0	0	0	0	0	0	0	0	0	0	0	0	0	0	0	0	0	0	0	0	0	0	0	0	0	0	0	0	0	0	0	0	0	0	0	0	0	0	0	0	0	0	0	0	0	0	0	0	0	0	0	0	0	0	0	0	0	0	0	0	0	0	0	0	0	0	0	0	0	0	0	0	0	0	0	0	0	0	0	0	0	0	0	0	0	0	
0	0	0	0	0	0	0	0	0	0	0	0	0	0	0	0	0	0	0	0	0	0	0	0	0	0	0	0	0	0	0	0	0	0	0	0	0	0	0	0	0	0	0	0	0	0	0	0	0	0	0	0	0	0	0	0	0	0	0	0	0	0	0	0	0	0	0	0	0	0	0	0	0	0	0	0	0	0	0	0	0	0	0	0	0	0	0	0	0	0	0	0	0	0	0	0	0	0	0	0	
0	0	0	0	0	0	0	0	0	0	0	0	0	0	0	0	0	0	0	0	0	0	0	0	0	0	0	0	0	0	0	0	0	0	0	0	0	0	0	0	0	0	0	0	0	0	0	0	0	0	0	0	0	0	0	0	0	0	0	0	0	0	0	0	0	0	0	0	0	0	0	0	0	0	0	0	0	0	0	0	0	0	0	0	0	0	0	0	0	0	0	0	0	0	0	0	0	0	0	0	
0	0	0	0	0	0	0	0	0	0	0	0	0	0	0	0	0	0	0	0	0	0	0	0	0	0	0	0	0	0	0	0	0	0	0	0	0	0	0	0	0	0	0	0	0	0	0	0	0	0	0	0	0	0	0	0	0	0	0	0	0	0	0	0	0	0	0	0	0	0	0	0	0	0	0	0	0	0	0	0	0	0	0	0	0	0	0	0	0	0	0	0	0	0	0	0	0	0	0	0	
0	0	0	0	0	0	0	0	0	0	0	0	0	0	0	0	0	0	0	0	0	0	0	0	0	0	0	0	0	0	0	0	0	0	0	0	0	0	0	0	0	0	0	0	0	0	0	0	0	0	0	0	0	0	0	0	0	0	0	0	0	0	0	0	0	0	0	0	0	0	0	0	0	0	0	0	0	0	0	0	0	5.33345	0	0	0	0	0	0	0	0	0	0	0	0	0	0	0	0	0	0	
0	0	0	0	0	0	0	0	0	0	0	0	0	0	0	0	0	0	0	0	0	0	0	0	0	0	0	0	0	0	0	0	0	0	0	0	0	0	0	0	0	0	0	0	0	0	0	10.66967	0	0	0	0	0	0	0	0	0	0	0	0	0	0	0	0	0	0	0	0	0	0	0	0	0	0	7.61072	0	0	0	0	0	0	0	0	0	0	0	0	0	0	0	0	0	0	0	0	0	0	0	0	0	
