0	0	0	0	0	0	0	0	0	0	0	0	0	0	0	0	0	0	0	0	0	0	0	0	0	0	0	0	0	0	0	0	0	0	0	0	0	0	0	0	0	0	0	0	0	0	0	0	0	0	0	9.84752	0	0	0	0	0	0	0	0	0	0	0	0	0	0	0	0	0	0	0	0	0	0	0	0	0	0	0	0	0	0	0	0	0	0	0	0	0	0	0	0	0	0	0	0	0	0	0	0	
0	0	0	0	0	0	0	0	0	0	0	0	0	0	0	0	0	0	0	0	0	0	0	0	0	0	0	0	0	0	0	0	0	0	0	0	0	0	0	0	0	0	0	0	0	0	0	13.67161	0	0	0	0	0	0	0	0	0	0	0	0	0	0	0	9.75368	0	0	0	0	0	0	0	0	0	0	0	0	0	0	0	0	0	0	0	0	0	0	0	0	0	0	0	0	0	0	0	0	0	0	0	0	
0	0	0	0	0	0	0	0	0	0	0	0	0	0	0	0	0	0	0	0	0	0	0	0	0	0	0	0	0	0	0	0	0	0	0	0	0	0	0	0	0	0	0	0	0	0	0	0	0	0	0	0	0	0	8.84597	0	0	0	0	0	0	0	0	0	0	0	0	0	0	0	0	0	0	0	0	0	0	0	0	0	0	0	0	0	0	0	0	0	0	0	0	0	0	0	0	0	0	0	0	0	
0	0	0	0	0	0	0	0	0	0	0	0	0	0	0	0	0	0	0	0	0	0	0	0	0	0	0	0	0	0	0	0	0	0	0	0	0	0	0	0	0	0	0	0	0	0	14.25932	9.87598	0	0	0	0	0	0	0	0	0	0	0	0	0	0	0	0	0	0	0	0	0	0	0	0	0	0	0	0	0	0	0	0	0	0	0	0	0	0	0	0	0	0	0	0	0	0	0	0	0	0	0	0	
0	0	0	0	0	0	0	0	0	0	0	0	0	0	0	0	0	0	0	0	0	0	0	0	0	0	0	0	0	0	0	0	0	0	0	0	0	8.29407	0	0	0	0	0	12.38283	0	0	0	0	0	0	0	0	0	0	0	0	0	0	0	0	0	0	0	0	0	0	0	0	0	0	0	0	0	0	0	0	0	0	0	0	0	0	0	0	0	0	0	0	0	0	0	0	0	0	0	0	0	0	0	0	
0	0	0	0	0	0	0	0	0	0	0	0	0	0	0	0	0	0	0	0	0	0	0	0	0	0	0	0	0	0	0	0	0	0	0	0	0	0	0	0	0	0	0	0	0	0	0	0	0	0	0	0	0	0	0	0	0	0	0	0	0	0	0	0	0	0	0	0	0	0	0	0	8.84908	0	0	0	0	0	0	0	0	0	0	0	0	0	0	0	0	0	0	0	0	0	0	0	0	0	0	0	
0	0	0	0	0	0	0	0	0	0	0	0	0	0	0	0	0	0	0	0	0	0	0	0	0	0	0	0	0	0	0	0	0	0	0	0	0	0	0	0	0	0	0	0	0	0	0	0	0	0	0	0	0	0	0	0	0	0	0	0	0	0	0	0	0	0	0	0	0	0	0	0	0	0	11.57105	0	0	0	0	0	0	0	0	0	0	0	0	0	0	0	0	0	0	0	0	0	0	0	0	0	
0	0	0	0	0	0	0	0	0	0	0	0	0	0	0	0	0	0	0	0	0	0	0	0	0	0	0	0	0	0	0	0	0	0	0	0	0	0	0	0	0	0	0	0	0	0	0	0	0	0	0	8.75517	0	0	0	12.7439	0	0	5.07579	0	0	0	0	0	0	0	0	0	0	0	0	0	0	0	0	0	0	0	0	0	0	0	0	0	0	0	0	0	0	0	0	0	0	0	0	0	0	0	0	0	
0	0	0	0	0	0	0	0	0	0	0	0	0	0	0	0	0	0	0	0	0	0	0	0	0	0	0	0	0.58092	0	0	0	0	0	0	0	0	0	0	0	0	0	0	0	0	0	0	0	0	0	0	0	0	0	0	0	0	0	0	0	0	0	0	0	0	0	0	7.50957	0	0	0	0	0	0	0	0	0	0	0	0	0	0	0	0	0	0	0	0	0	0	0	0	0	0	0	0	0	0	0	0	
0	0	0	0	0	0	0	0	0	0	0	0	0	0	0	0	0	0	0	0	0	0	0	0	0	0	0	0	0	0	0	0	0	0	0	0	0	0	0	0	0	0	0	0	0	0	0	0	0	0	0	0	0	0	0	8.63366	0	0	0	0	0	0	0	0	0	0	0	0	0	0	0	0	0	0	0	0	0	0	0	0	0	0	0	0	0	0	0	0	0	0	0	0	0	0	0	0	0	0	0	0	
0	0	0	0	0	0	0	0	0	0	0	0	0	0	0	0	0	0	0	0	0	0	0	0	0	0	0	0	0	0	0	0	0	0	0	0	0	0	0	0	0	0	0	0	0	0	0	0	0	0	0	0	0	0	0	0	0	0	0	0	0	0	0	0	0	0	0	10.26875	0	0	0	0	0	0	0	0	0	0	0	0	0	0	0	0	0	0	0	0	0	0	0	0	0	0	0	0	0	0	0	0	
0	0	0	0	0	0	0	0	0	0	0	0	0	0	0	0	0	0	0	0	0	0	0	0	0	0	0	0	0	0	0	0	0	0	0	0	0	0	0	0	0	0	0	0	0	0	0	0	0	0	0	0	0.994	0	0	0	2.9273	0	0	0	0	0	0	0	0	0	0	0	0	0	0	10.69145	0	0	0	0	0	0	0	0	0	0	0	0	0	0	0	0	0	0	0	0	0	0	0	0	0	0	0	0	
0	0	0	0	0	0	0	0	0	0	0	0	0	0	0	0	0	0	0	0	0	0	0	0	0	0	0	0	0	0	0	0	0	0	0	0	0	0	0	0	0	0	0	0	0	0	0	0	6.34567	0	0	0	13.58183	0	0	0	0	0	0	0	0	0	0	0	0	0	0	2.44959	0	0	0	0	0	0	0	0	0	0	0	0	0	0	0	0	0	0	0	0	0	0	0	0	0	0	0	0	0	0	0	0	
0	0	0	0	0	0	0	0	0	0	0	0	0	0	0	0	0	0	0	0	0	0	0	0	0	0	0	0	0	0	12.28589	0	0	0	0	0	0	0	0	0.58092	0	0	0	0	0	0	0	9.57576	0	0	0	0	0	0	0	0	0	3.63279	1.99099	0	7.54691	0	0	4.44795	0	0	0	0	0	0	0	0	0	0	0	0	0	0	0	0	0	0	0	0	0	0	0	0	0	0	0	0	0	0	0	0	0	0	0	0	
0	0	0	0	0	0	0	0	0	0	0	0	0	0	0	0	0	0	0	0	0	0	0	0	0	0	0	0	0	0	0	0	0	0	0	0	0	0	0	0	0	0	0	0	0	0	0	0	0	0	0	0	0	0	6.61859	0	0	0	0	0	0	0	0	0	0	0	0	0	0	0	0	0	0	0	0	0	0	0	0	0	0	0	0	0	0	0	0	0	0	0	0	0	0	0	0	0	0	0	0	0	
0	0	0	0	0	0	0	0	0	0	0	0	0	0	0	0	0	0	0	0	0	0	0	0	0	0	0	0	0	0	0	0	0	0	0	0	0	0	0	0	0	0	11.64082	0	0	0	0	0	0	0	0	0	9.27339	0	0	0	0	0	0	12.41973	0	0	0	0	0	0	0	0	0	0	0	7.28267	0	0	0	0	0	0	0	0	0	0	0	0	0	0	0	0	0	0	0	0	0	0	0	0	0	0	0	0	
0	0	0	0	0	0	0	0	0	0	0	0	0	0	0	0	0	0	0	0	0	0	0	0	0	0	0	0	0	0	0	0	0	0	0	0	0	0	0	0	0	0	0	5.31108	0	0	0	9.84142	0	0	0	8.78825	0	0	0	0	0	0	5.03388	0	0	0	0	0	0	0	0	0	0	0	0	0	0	0	0	0	0	0	0	0	0	0	0	0	0	0	0	0	0	0	0	0	0	0	0	0	0	0	0	0	
0	0	0	0	0	0	0	0	0	0	0	0	0	0	0	0	0	0	0	0	0	0	0	0	0	0	0	0	0	0	0	0	0	0	0	0	0	0	0	0	0	0	5.39764	0	0	0	0	0	0	0	0	0	0	0	0	7.58422	0	0	0	0	0	0	0	0	0	0	2.69026	0	11.35265	0	0	0	0	0	0	0	0	0	0	0	0	0	0	0	0	0	0	0	0	0	0	0	0	0	0	0	0	0	0	0	
0	0	0	0	0	0	0	0	0	0	0	0	0	0	0	0	0	0	0	0	0	0	0	0	0	0	0	0	0	0	0	0	0	0	0	0	0	0	0	0	13.01311	0	0	0	0	0	0	0	0	0	0	0	0	0	0	0	0	0	0	0	0	0	0	0	0	0	0	0	0	0	0	0	0	0	0	0	0	0	0	0	0	0	0	0	0	0	0	0	0	0	0	0	0	0	0	0	0	0	0	0	
0	0	0	0	0	0	0	0	0	0	0	0	0	0	0	0	0	0	0	0	0	0	0	0	0	0	0	0	0	0	0	0	0	0	0	0	0	0	0	0	0	0	0	0	0	0	0	8.10954	0	0	8.53263	0	0	0	0	0	0	0	0	0	0	0	0	0	0	0	0	0	0	0	0	0	0	0	0	0	9.22041	0	0	0	0	0	0	0	0	0	0	0	0	0	0	0	0	0	0	0	0	0	0	0	
0	0	0	0	0	0	0	0	0	0	0	0	0	0	0	0	0	0	0	0	0	0	0	0	0	0	0	0	0	0	0	0	0	0	0	0	0	0	0	0	0	0	0	0	0	0	0	6.73627	0	0	9.49677	10.05743	0	0	0	0	5.7585	0	13.23693	0	9.42678	0	0	0	0	11.39365	0	0	0	0	0	0	0	0	0	0	0	0	0	0	0	0	0	0	0	0	0	0	0	0	0	0	0	0	0	0	0	0	0	0	
0	0	0	0	0	0	0	0	0	0	0	0	0	0	0	0	0	0	0	0	0	0	0	0	0	0	0	0	0	0	0	0	0	0	0	0	0	0	0	0	0	6.93058	0	0	0	0	0	0	0	0	0	0	0	0	0	0	0	0	0	0	0	0	0	0	0	0	0	0	1.79876	0	0	0	0	0	0	0	0	0	0	0	0	0	0	0	0	0	0	0	0	0	0	0	0	0	0	0	0	0	0	0	
0	0	0	0	0	0	0	0	0	0	0	0	0	0	0	0	0	0	0	0	0	0	0	0	0	0	0	0	0	0	0	0	0.994	0	0	0	0	0	0	0	0	0	0	0	0	0	0	9.45253	0	0	0	0	0	0	0	0	0	0	0	0	0	0	0	7.81457	0	0	0	0	0	0	0	0	0	0	0	0	0	0	0	0	0	0	0	0	0	0	0	0	0	0	0	0	0	0	0	0	0	0	0	0	
0	0	0	0	0	0	0	0	0	0	0	0	0	0	0	0	0	0	0	0	0	0	0	0	0	0	0	0	0	0	0	13.24123	0	0	0.994	0	0	0	0	0	0	0	0	0	0	0	0	0	0	0	0	0	0	0	0	0	0	0	0	0	0	0	0	0	0	0	0	0	0	0	0	0	0	0	0	0	0	0	0	0	0	0	0	0	0	0	0	0	0	0	0	0	0	0	0	0	0	0	0	0	
0	0	0	0	0	0	0	0	0	0	0	0	0	0	0	0	0	0	0	0	0	0	0	0	0	0	0	0	0	0	0	0	0	0	0	0	0	0	0	0	0	0	0	9.65332	0	0	0	0	0	16.55808	0	0	0	0	9.45457	0	0	0	0	0	0	0	0	0	0	0	0	0	0	0	0	0	0	0	0	0	0	0	0	5.65154	0	0	0	0	0	0	0	0	0	0	0	0	0	0	0	0	0	0	0	0	
0	0	0	0	0	0	0	0	0	0	0	0	0	0	0	0	0	0	0	0	0	0	0	0	0	0	0	0	0	0	0	0	5.48009	0	0	0	0	0	0	0	0	0	0	0	0	0	0	4.07614	0	0	5.41754	5.96326	0	0	0	0	0	0	7.87372	0	0	0	0	0	0	0	0	0	0	0	5.44768	0	0	0	0	0	0	0	0	0	0	0	0	0	0	6.56556	0	0	0	0	0	0	0	0	0	0	0	0	0	0	
0	0	0	0	0	0	0	0	0	0	0	0	0	0	0	0	0	0	0	0	0	0	0	0	0	0	0	0	0	0	0	0	0	0	0	0	0	0	0	9.52034	0	0	0	0	16.00524	0	3.57393	0	0	0	0	0	0	0	0	0	0	0	0	0	0	0	0	0	0	0	0	0	0	0	0	0	0	0	0	0	0	0	0	0	0	0	0	0	0	0	0	0	0	0	0	0	0	0	0	0	0	0	0	0	
0	0	0	0	0	0	0	0	0	0	0	0	0	0	0	0	0	0	0	0	0	0	0	0	0	0	0	0	0	0	0	0	0	0	0	8.22402	0	0	0	0	0	0	0	0	0	0	0	8.29179	0	0	0	0	0	8.66891	0	0	0	0	0	0	7.57675	0	0	0	0	0	0	0	0	0	0	0	0	0	0	0	0	0	0	0	0	0	0	0	0	0	0	0	0	0	0	0	0	0	1.3147	0	0	0	0	0	
0	0	0	0	0	0	0	0	0	0	0	0	0	0	0	0	0	0	0	0	0	0	0	0	0	0	0	0	0	0	0	0	0	0	0	0	0	0	0	0	0	13.84469	0	0	0	0	0	0	0	0	0	0	0	0	0	0	0	0	0	0	0	0	0	0	0	0	0	10.07013	0	0	0	6.40596	0	0	0	0	0	0	0	0	0	0	0	0	0	0	0	0	0	0	0	0	0	0	0	0	0	0	0	0	
0	0	0	0	0	0	0	0	0	0	0	0	0	0	0	0	0	0	0	0	0	0	0	0	0	0	0	0	0	0	0	0	0	0	0	0	0	0	0	0	7.48788	0	0	0	9.55499	0	0	5.89842	0	0	4.57344	10.8479	0	0	0	10.64663	0	0	4.82128	0	10.11597	0	0	0	0	0	0	0	0	0	0	0	0	0	0	0	0	0	0	0	0	0	0	0	0	0	0	0	0	0	0	0	0	0	0	4.9191	0	0	0	0	
0	0	0	0	0	0	0	0	0	0	0	0	0	0	0	0	0	0	0	0	0	0	0	0	0	0	0	0	0	0	0	0	0	0	0	0	0	0	0	0	0	0	0	0	7.94221	0	0	0	0	0	0	0	5.01071	0	0	0	0	7.72612	0	0	0	7.70227	0	0	0	0	0	0	0	0	0	0	0	0	0	0	0	0	0	0	0	0	0	0	0	0	0	0	0	0	0	0	0	0	0	0	0	0	0	0	
0	0	0	0	0	0	0	0	0	0	0	0	0	0	0	0	0	0	0	0	0	0	0	0	0	0	0	0	0	0	0	0	0	0	0	0	0	0	0	0	0	0	0	12.85206	0	0	8.2288	0	0	0	9.45151	0	0	0	0	0	0	0	0	3.84678	0	0	0	0	7.61008	0	0	0.994	0	0	0	0	7.20237	0	0	0	7.98237	0	0	0	0	0	0	0	0	0	0	0	0	0	0	0	0	0	0	0	0	0	0	0	
0	0	0	0	0	0	0	0	0	0	0	0	0	0	0	0	0	0	0	0	0	0	0	0	0	0	0	0	0	0	0	0	0	0	0	0	0	0	0	0	0	0	0	0	5.58634	0	0	10.44279	0	0	0	5.88831	3.23717	0	0	10.78766	0	0	0.994	0	0	0	0	0	0	0	4.60317	12.21468	0	0	0	0	0	10.95916	0	0	0	0	0	0	0	0	0	0	0	0	0	0	0	0	0	0	0	0	0	0	0	0	0	0	
0	0	0	0	0	0	0	0	0	0	0	0	0	0	0	0	0	0	0	0	0	0	0	0	0	0	0	0	0	0	0	0	0	0	0	0	0	10.25183	0	0	0	0	0	0	0	0	0	0	1.57696	0	0	4.73439	0	0	12.87147	0	8.2618	0	0	9.10303	0	0.994	0	0	0	0	0	0	0	0	0	0	0	0	7.03379	4.07614	0	0	0	0	0	0	0	0	0	0	0	0	0	0	0	0	0	0	0	0	0	0	0	0	
0	0	0	0	0	0	0	0	0	0	0	0	0	0	0	0	0	0	0	0	0	0	0	0	0	0	0	0	0	0	0	0	0	0	0	0	0	0	0	0	0	0	14.81645	0	0	10.41477	0	13.1316	0	0	7.64624	0	11.94271	0	10.47531	0	0	0	0	0	0	0	0	5.75637	0	0	0	4.34611	0	0	12.29645	0	0	0	0	0	0	0	1.57696	0	0	0	0	0	0	0	0	0	0	0	0	0	0	0	0	0	0	0	0	0	
0	0	0	0	0	0	0	0	0	0	0	0	0	0	0	0	0	0	0	0	0	0	0	0	0	0	0	0	0	0	0	0	0	0	0	0	0	0	0	0	0	0	0	0	0	0	0	8.51938	7.5116	0	0	7.76938	0	0	0	0	0	0	0	0	0	0	0	0	4.87102	0	0	0	0	0	0	0	0	0	0	0	0	0	0	0	0	0	0	0	0	0	0	0	0	0	5.71612	0	0	0	0	0	0	0	0	0	
0	0	0	0	0	0	0	0	0	0	0	0	0	0	0	0	0	0	0	0	0	0	0	0	0	0	0	0	0	0	0	0	0	0	0	0	0	0	0	0	0	0	0	0	0	0	0	12.13199	0	0	0	0	9.47381	5.38057	0	0	0	0	7.07116	7.61008	0	0	0	0	0	0	0	0	0	0	0	0	0	0	0	0	0	0	0	0	0	0	0	0	0	0	0	0	0	0	0	0	0	0	0	0	0	0	7.86146	0	
0	0	0	0	0	0	0	0	0	0	0	0	0	0	0	0	0	0	0	0	0	0	0	0	0	0	0	0	0	0	0	0	0	0	0	0	0	0	0	0	0	0	9.14281	0	0	0	0	0	0	9.05388	0	8.07812	0	5.21711	0	0	0	0	0	0	0	0	0	0	12.34799	0	0	0	0	0	0	0	0	0	0	0	13.55265	0	0	0	0	0	0	0	0	0	0	0	0	0	0	0	0	0	0	0	0	0	0	0	
0	0	0	0	0	0	0	0	0	0	0	0	11.44766	0	0	0	0	0	0	0	0	0	0	0	0	0	0	0	0	0	9.84518	0	0	0	0	0	0	0	0	0	0	0	12.23943	0	0	0	0	1.3147	0	0	12.97176	0	0	5.68864	5.1176	0	7.96773	0	0	0	0	0	0	5.29205	8.30542	12.49254	0	0	0	0	0	0	0	0	0	0	0	0	0	0	0	0	0	0	0	0	0	0	0	0	0	0	0	0	0	0	0	0	0	0	
0	0	0	0	0	0	0	0	0	0	0	0	0	0	0	0	0	0	0	0	0	0	0	0	0	0	0	0	0	0	0	0	0	0	0	0	0	0	0	0	0	0	0	0	0	10.85586	9.2536	0	4.48036	13.46686	0	6.92553	10.62828	0	9.23235	9.16275	0	0	0	0	10.51056	0	0	0	0	0	0	0	0	7.81631	0	0	0	0	0	0	4.10583	0	0	0	0	0	0	0	0	0	0	0	0	0	0	0	0	0	0	0	0	0	0	0	
0	0	0	0	0	0	0	0	0	0	0	0	0	0	0	7.7529	0	0	0	0	0	0	0	0	0	0	0	0	0	0	0	0	0	0	0	6.47995	11.92553	0	0	0	0	0	0	0	0	11.46396	7.88096	7.58794	3.38144	10.02347	0	0	5.38057	0	9.43403	0	0	0	0	7.56168	0	6.82728	0	1.79876	0	9.1134	0	0	11.27828	0	10.84167	0	0	0	0	10.9125	0	2.44959	0	6.17132	0	0	0	0	0	0	0	0	0	0	11.30256	0	0	0	0	0	0	0	0	0	
0	0	0	0	0	0	0	0	0	0	0	0	0	0	0	0	0	0	0	0	0	0	0	0	0	0	11.59692	0	0	0	0	7.45564	0	0	6.44754	0	0	0	0	0	10.84564	0	0	0	0	0	0	0	7.67492	10.86372	0	10.60406	9.57388	0	8.67625	0	16.72061	0	5.32616	0	3.07685	8.11729	0	0	0	8.10175	0	0	0	0	0	0	0	8.47584	0	0	0	0	0	0	0	0	0	0	0	0	0	0	0	0	0	0	0	0	0	0	2.89647	0	0	0	
0	0	0	0	0	0	0	0	0	0	0	0	0	0	0	0	0	0	0	11.18057	0	0	0	0	0	0	0	0	0	0	0	0	0	0	0	0	0	0	0	0	0	0	0	12.99834	0	0	13.55444	12.53378	11.79432	0	9.67448	7.98507	11.44894	0	0	0	14.62139	0	0	9.32907	4.02583	0	0	10.53294	0	5.58813	0	5.09684	0	0	0	0	0	0	0	0	0	0	0	0	0	0	0	0	0	0	0	0	0	0	8.65438	0	0	0	0	0	0	0	0	0	
0	0	0	0	0	0	0	0	0	0	0	0	9.1466	0	0	0	0	0	0	8.91873	0	0	0	0	0	0	0	0	0	0	0	0	0	8.26891	0	0	0	0	0	0	0	14.05136	14.84473	0	10.09735	0	0	4.71201	7.69538	0	0	9.64762	7.93991	6.45872	9.82921	3.79618	6.38832	6.75554	7.02068	0	0	0	0	0	2.79705	0	0	0	0	0	0	0	0	0	0	0	0	0	7.98801	0	0	0	0	0	0	0	0	0	0	0	0	0	0	0	0	0	0	0	0	0	
0	0	0	0	0	0	0	0	0	0	0	0	0	0	0	0	0	0	0	0	0	0	0	15.59107	0	0	0	0	0	0	0	0	0	0	0	0	0	0	10.88506	0	0	0	8.4454	7.79215	8.0433	0	8.7412	6.56817	0	9.64566	6.63914	7.32	0	0	0	0	0	6.66611	15.61191	9.63454	10.17471	0	0	0	6.6028	0	0	0	0	0	0	0	0	0	0	0	0	0	0	0	0	0	0	0	0	0	0	0	0	0	0	0	0	0	0	0	0	0	0	0	
0	0	10.45711	0	0	0	0	0	0	0	0	0	0	0	0	0	0	0	0	0	0	0	0	0	0	0	0	0	0	0	0	0	0	0	0	0	0	0	0	0	10.39507	0	0	0	0	9.18028	0	10.22119	10.18519	11.5926	0	5.57318	8.92463	8.09733	0	7.27806	0	0	4.44795	0	8.58421	0	7.26417	9.6237	0	0	0	0	0	0	0	6.96413	0	0	0	0	0	0	0	0	0	0	0	0	0	0	0	0	0	0	0	0	0	0	0	0	0	0	0	0	
0	0	0	0	0	0	0	0	0	0	0	8.78566	0	0	0	0	0	0	0	0	0	0	0	0	0	0	0	0	0	0	0	0	7.30546	0	0	0	0	9.8291	11.53118	9.45151	9.58883	3.74375	0	0	12.03348	9.23819	10.83234	7.05274	10.43601	0	10.89298	0	1.92339	7.11615	0	11.7738	6.17443	12.18778	0	0	0	0	0	0	0	0	0	8.83505	0	0	0	0	3.63279	0	0	0.58092	0	0	6.33684	0	0	0	0	0	0	0	0	0	0	0	0	0	0	0	0	8.04956	0	0	0	0	
0	0	0	0	0	0	0	0	0	0	0	0	0	0	0	0	0	0	0	0	0	0	0	0	0	0	0	0	0	0	0	0	0	0	8.40586	9.14517	0	0	0	4.66087	0	12.28718	0	10.62511	11.49397	8.6029	7.53019	7.19756	2.10559	10.69732	10.06783	9.87976	1.3147	9.48838	0	0	6.92483	0	0	5.70167	8.46576	0	5.55808	0	0	0	0	0	0	0	0	0	0	0	0	0	0	0	4.38086	0	0	0	0	0	0	0	0	9.70394	0	0	0	0	0	0	0	0	0	0	0	0	
0	0	0	0	0	0	0	0	9.5879	0	10.85795	0	0	0	0	0	0	0	0	0	0	0	0	0	0	0	6.07561	0	0	0	0	0	0	0	0	13.64383	0	10.28661	10.61915	0	7.07431	8.28721	0	3.44849	0.58092	12.23256	4.61973	7.28135	8.48252	7.88134	0	7.5786	0	0	0	0	8.77493	4.76977	0	0	0	0	0	0	0	0	12.63937	0	0	0	0	0	0	0	0	0	0	0	0	0	0	0	0	0	0	0	0	0	0	0	0	0	0	0	0	0	0	0	0	0	
0	0	0	0	0	0	0	0	0	0	0	11.02621	0	0	11.01311	0	0	0	0	0	0	0	0	0	0	0	0	0	0	0	0	11.08139	0	0	5.60292	0	11.67119	0	0	10.53927	0.58092	0	9.07911	8.11712	10.16991	7.02554	10.7123	8.26935	4.48834	8.71297	8.23237	9.88694	10.49394	11.48345	0	8.56732	9.92678	0	0	15.76046	11.75657	4.91705	0	9.42261	0	0	0	0	0	0	0	0	0	0	0	7.0466	0	0	0	0	0	0	0	8.30316	0	0	0	0	0	0	0	0	0	0	0	0	0	0	0	0	
0	0	0	0	0	0	0	0	0	0	0	0	11.22757	0	0	0	0	0	0	0	0	0	0	0	0	0	0	0	0	9.2252	0	0	7.78568	0	8.77916	0	12.88184	0	14.532	9.6657	10.15864	12.42572	11.089	7.12375	8.98837	4.86837	10.08933	10.121	3.31111	10.16696	9.74745	11.88165	10.81055	8.23751	6.52189	7.87097	8.07298	0	0	8.24067	5.7826	0	0	0	0	0	0	0	0	0	0	0	0	9.38594	0	0	0	0	0	0	11.09911	0	0	0	0	0	0	0	0	0	0	0	0	0	0	0	0	0	0	0	
0	0	0	0	0	0	0	13.52985	0	0	0	9.14407	0	0	0	0	0	0	0	0	0	0	0	0	0	0	0	8.83974	0	0	4.0331	0	12.39763	0	0	0	4.89526	13.36056	7.68551	11.51103	9.33204	5.13114	0	10.01008	10.52265	8.23218	9.53367	9.65172	11.12144	9.99737	5.21177	9.15629	10.663	10.06078	8.71547	6.21948	12.7926	5.07471	1.98118	8.01315	6.99364	12.86564	4.9191	0	8.48785	0	0	0	0	0	0	0	0	11.03612	0	0	0	0	0	0	0	0	0	0	0	0	0	0	0	0	0	0	0	0	0	0	0	0	0	0	
6.01052	0	0	0	0	0	0	0	8.3465	0	0	0	9.49578	0	0	0	0	0	0	0	0	0	0	0	13.39895	0	0	6.80186	0	0	0	0	14.28778	0	12.03293	7.51941	0	7.8553	10.48913	6.13571	5.93068	8.70377	5.90313	10.22235	10.66483	9.29077	7.12247	9.91754	5.5344	2.07662	7.79852	5.93899	6.36192	6.47666	11.87555	9.15849	7.18772	4.89543	0	9.04667	0	0.58092	0	5.59153	0	6.02158	0	0	0	0	0	0	0	0	0	0	0	0	0	0	0	0	4.30916	0	0	3.94573	0	0	0	0	0	0	0	0	0	0	0	0	0	0	
0	0	0	11.33559	0	0	0	0	0	0	0	0	0	0	0	0	0	0	8.21683	0	0	12.27957	0	8.34115	11.22449	6.94807	0	0	10.96704	7.32789	10.66319	0	6.27353	0	0	1.57696	0	10.58019	8.68457	7.82854	7.6538	7.60906	8.1545	8.77978	8.91554	9.6607	7.82109	8.97072	8.26211	7.07021	10.45545	8.81886	10.05106	6.91807	7.20158	9.26239	0	3.03781	5.58239	8.74337	4.23653	0.994	10.57153	0	0	0	0	0	0	7.7661	0	0	8.23831	0	0.58092	10.46826	11.20744	5.46154	0	1.57696	0	0	0	0	0	0	0	0	0	0	0	0	0	0	0	0	0	0	0	0	
8.48984	0	0	0	12.42012	6.8437	0	0	0	0	0	0	0	0	0	0	0	9.79855	0	0	0	0	0	0	8.92021	0	7.03635	8.18852	0	10.07279	10.84469	0	0	0	10.81532	8.37387	5.17832	10.43788	12.13518	6.98496	6.41193	9.31153	7.89096	8.1652	8.94724	8.44006	9.29261	8.4008	8.94269	9.62759	5.38194	9.46327	11.0093	7.0462	8.84281	7.71771	8.05923	6.01343	5.67224	9.22192	10.54256	0	6.55653	10.18027	11.43117	12.22189	9.13612	0	0	0	0	0	0	0	5.90703	0	0	0	0	0	0	0	0	0	0	0	0	0	0	0	0	0	0	0	0	2.44959	0	0	0	0	
0	0	0	0	0	0	0	0	4.07614	0	9.04056	0	0	0	0	0	10.37438	13.89509	11.16071	5.17813	8.63905	9.86683	0	0	0	13.26162	0	10.26352	4.96488	9.9929	0	9.76688	10.26352	6.49262	8.93293	10.80505	7.2451	8.76047	8.98634	6.86546	8.72386	7.25193	5.13346	8.45119	9.60723	7.70511	7.29348	8.94839	8.74687	7.74094	5.88652	10.48334	6.88227	7.61682	4.43089	6.33822	5.38349	8.01038	0	8.7108	6.55749	8.03241	7.07219	0	9.56291	12.02672	1.57696	0	0	0	0	9.56636	0	0	9.69793	0	0	0	9.8752	0	0	0	0	0	0	5.49603	0	0	0	0	0	0	0	0	0	12.33531	0	0	0	0	
0	9.45253	0	0	3.31111	8.59163	0	0	0	0	0	0	0	0	7.14287	11.4145	0	11.03032	9.44335	0	10.7913	0	2.98948	0	0	0	0	0	9.42289	10.22877	7.20257	0	9.03511	6.32582	9.18028	8.14804	9.25209	10.22589	9.3915	8.86246	8.54736	7.24879	7.81184	6.64857	8.04214	6.65269	7.51584	8.90214	7.37211	7.69949	7.10083	7.61544	7.52416	5.72462	9.1901	5.66593	2.79705	7.96843	6.26444	6.59022	0	7.94802	0	12.3963	10.02924	0.58092	4.17854	4.7433	0	0	0	0	0	0	0	4.19808	0	0	0	0	7.72744	0	0	0	0	0	0	0	0	0	0	0	0	0	0	0	0	0	0	0	
0	10.6187	8.47383	0	9.64437	0	0	0	0	0	7.57675	0	0	0	8.80498	6.69544	0	7.05415	0	0	7.20722	4.19808	7.52981	10.78101	8.80017	10.72268	0	6.53238	4.89526	5.89339	8.40374	10.66965	10.98555	10.70576	10.52073	4.95454	8.04611	7.22631	7.44487	5.93516	5.49723	6.95127	7.06934	6.98311	6.95091	6.59023	9.08987	7.70841	8.81141	8.01781	7.29198	9.23434	8.6336	7.02863	6.65541	6.31827	8.47145	6.0325	7.28197	8.71932	0	5.73015	9.90268	9.17555	3.57899	0	1.57696	0	0	0	0	8.08596	0	2.57495	10.08798	0	2.79705	0	0.58092	0	0	0	0	4.29023	0	2.11827	0	0	0	0	0	0	0	0	0	0	0	0	0	0	
0	0	0	0	0	0	0	0	8.5096	0	11.01415	11.34635	0	0	0	0	0	0	10.56682	0	6.2073	0	0	0	0	8.67099	9.40104	0	5.60292	8.67974	6.93426	7.32789	9.85757	9.29866	10.12517	7.40534	7.65153	9.45255	7.81973	8.6198	5.2802	7.66572	7.88173	9.34994	7.66559	7.83172	6.24078	7.41955	7.79532	7.42506	7.73801	7.77036	5.87841	7.52175	8.11202	9.95252	8.72886	8.03939	10.53052	9.11455	7.65034	5.77132	4.27399	9.65546	0	8.3401	0	9.32689	0	0	0	0	0	0	0	0	0	0	0.58092	0	0	3.89566	0	0	0	0	0	10.4111	5.58813	11.09257	0	0	0	0	0	0	0	0	0	0	
0	0	0	0	0	0	0	0	9.45049	10.34651	0	1.3147	0	11.94271	0	0	0	0	10.77995	3.36183	0	0	4.27399	9.95012	8.27803	8.99081	2.79705	10.21599	5.02231	9.59997	0	6.51028	5.07801	4.01853	4.75386	8.48937	8.08638	5.57051	12.05419	6.00543	7.0277	8.40134	8.12952	7.27579	6.9158	8.11904	7.65961	7.21972	7.64787	8.67939	8.05264	7.23008	7.66408	6.53749	7.74879	9.27423	7.43433	8.68169	10.76235	8.11165	6.35034	8.72938	9.24511	7.68499	6.55232	11.41709	10.26643	0	0	0	0	0	0	6.14801	12.19834	0	0	0	11.90609	0	0	0	0	0	0	0	0	0	2.69026	0	0	0	0	0	0	0	0	0	0	0	
0	0	7.56546	5.43539	0	1.3147	0	2.31232	6.44754	0	0	0	0	0	0	0	0	6.66884	0	0	0	0	0	10.86641	0	9.47281	0	9.28506	7.22645	7.40584	0	8.46886	0	10.21319	5.47295	8.8493	6.28078	6.36169	3.39301	11.14692	7.35057	9.30355	7.33885	7.82457	6.93151	7.0608	6.42948	8.55057	6.29308	7.6682	7.38316	7.41634	8.09481	7.78815	7.96869	5.93263	7.40853	9.31199	6.78609	6.76079	9.94627	7.31322	2.87154	10.19743	5.37953	0	0	8.84549	6.63914	6.88289	3.2519	0	7.70227	0	0.994	0	6.86972	0	0	0	0	0	6.97577	0	0	0	0	0	0	0	0	0	0	0	0	0	0	0	0	0	
0	0	0	0	0	0	0	0	0.58092	0	10.45099	9.2849	6.90657	0	10.05137	0	0	6.94226	0	5.97684	0	0	0	0	0	0	6.01052	4.15856	4.94711	0	7.98801	8.66874	5.96048	7.54536	4.67512	9.03191	7.50674	6.58397	7.75393	8.69289	8.40657	4.81608	6.11562	7.62883	6.42351	8.03573	4.61132	6.01413	7.62237	5.68209	5.57735	8.04861	8.68624	6.66532	7.80703	6.44384	6.68694	8.19337	8.78955	6.40373	10.29811	6.06539	4.02474	6.59531	0	6.30821	9.35431	3.37944	0	0	3.07685	0	5.20738	0.29046	0	13.65225	0	0	0	0	0	0	0	0	0	0	0	0	6.73408	0	0	0	0	0	0	0	0	0	0	0	
0	0	0	0	0	0	0	0	0	10.63273	0	0	2.57495	0	0	0	0	0	0	0	0	0	0	10.46398	0	0	9.2717	0	0	4.35922	5.70302	0	0	5.46122	11.02724	6.55795	5.01071	0	0	8.11987	4.93625	10.2222	4.67155	5.50629	10.6176	7.67119	7.12043	7.26876	8.08549	3.66516	6.83152	8.37897	6.13726	6.58083	7.99287	7.36444	7.06358	7.59565	4.88757	5.27277	7.6193	5.02486	4.76397	11.04521	7.3505	4.14349	7.87066	8.04871	6.38255	0	0	3.15924	0	4.51206	0	2.44959	8.39527	0	0	0	0	0	0	0	10.21017	0	0	0	0	0	0	12.14136	0	0	0	0	8.83505	0	0	0	
0	0	0	0	0	0	0	0	0	0	0	10.79412	0	0	0	0	0	9.48247	12.29688	0	0	0	0	1.57696	0	0	0	8.83974	0	0	0	0	4.99688	6.22316	6.90741	0	4.66781	7.56347	1.2248	3.96438	7.32414	8.52146	8.91332	4.17168	0	7.09834	4.97994	4.39905	7.73427	6.79759	7.355	11.19344	7.60155	4.64548	7.15461	4.62219	6.25044	6.84085	7.23953	8.21683	8.03957	5.36177	0	7.5047	9.16023	0	3.86306	6.58801	9.01175	8.58477	0	0	0	0.58092	0	10.08995	0	8.91725	0	0	0	6.92032	0	0	0	0	0	0	0	0	0	0	0	0	0	0	0	0	0	0	
0	0	0	0	4.93874	0	0	0	0	0	9.30653	0	9.1741	0	0	11.8362	0	0	6.75626	0	6.80115	6.01052	0	0	0	11.44201	9.2986	0	0	6.96001	0	9.44951	7.91875	0	0	8.47985	10.48283	0.58092	11.79673	9.11113	6.85109	8.38247	5.99458	7.30546	2.96534	6.58514	10.56965	4.55301	8.76171	8.53187	9.50306	6.91572	9.0617	6.4784	6.4693	6.82407	7.56088	6.94567	4.27718	6.87414	5.93423	6.92357	9.24883	4.52373	7.96151	0	6.87091	9.78344	0	0	9.07655	8.85373	6.08847	12.09606	6.33483	0	4.32574	0	0	0	2.98948	0	0	0.58092	0	3.07685	0	0	0	0.58092	0	0	0	0	0	0	0	0	0	0	
0	0	0	0	0	0	0	0	0	0	0	4.51206	2.73584	0	0	7.79538	0	0	0	0.58092	1.79876	0	2.69026	0	0	0	0	0	0	3.44096	1.3147	3.52977	0	0	0	10.2192	0	0	0	2.89647	3.76925	6.25566	4.61464	5.56799	7.9414	3.99214	4.96399	6.41339	7.16581	6.95474	0	0	7.91883	9.94556	1.3147	6.22032	6.73989	7.4724	5.38367	6.50885	8.87129	7.77637	7.42615	6.46957	5.1298	5.50895	1.3147	9.08852	2.89647	8.88948	0	8.17826	7.1883	10.66437	5.72966	0	5.75637	0	6.41437	0	0	0	0	0	0	0	0	0	0	0	0	0	0	0	0	0	0	0	0	0	
0	0	0	10.29745	0	0	0	0	0	0	0	0	0	0	0	0	3.23717	0	0	0	0	0	7.23122	0	0	0	7.84212	4.42207	8.47383	5.09684	0	0	0.994	0	0	12.31749	0	2.44959	0	5.56696	5.96834	0	0.58092	0	5.93225	12.04224	7.54708	8.03786	5.30509	6.7562	5.90464	6.93835	7.75556	8.67728	8.22719	6.44992	6.39396	7.26793	6.78182	6.15274	7.6708	6.29728	8.10258	9.03385	6.27901	9.074	5.09321	8.12244	9.80144	6.94601	5.17323	6.49792	4.79913	4.50334	5.68118	0	11.50022	0.58092	5.65492	8.56732	2.31232	4.41479	1.79876	0	0	2.57495	0	0	0	0	0	0	0	0	0	0	0	5.51179	0	11.81233	
0	0	5.15777	0	0	0	0	0	0	0	0	0	0	0	0	0	0	0	0	0	4.76977	0	0	0	0	9.02279	0	9.17895	0	7.69883	0	9.13774	11.91204	0	7.77266	0	0	6.31395	5.72692	0	5.97684	0	0	8.58046	11.2026	7.83664	0	2.44404	3.51258	6.19477	9.80638	8.36087	6.77588	8.55647	7.1381	9.04333	5.09684	5.82275	8.25317	3.57373	3.16921	3.19268	5.82684	1.81302	5.86049	4.2403	4.23547	0	8.26818	3.56574	4.34948	5.40208	4.50073	8.7007	0	0	6.13787	0	2.11087	0.58092	0	5.73342	0	0	0	0	0	0	4.68804	0	0	0	0	0	0	0	0.994	0	0	0	
0	0	0	0	2.57495	0	0	0	0	0	0	0	10.0269	0	0	0	0	0	0	0	0.994	1.99099	0	0	0	0	0	8.01476	0	0	0	0	8.29179	0	0	0	8.9261	0	5.1176	6.37182	0	0	4.70697	0	4.7433	0	1.63559	8.39951	2.31232	6.08856	8.8272	3.16443	9.70566	4.40461	7.94134	3.84398	0	5.22845	3.84604	4.04835	7.47865	4.80112	8.01791	6.18347	5.66916	7.1398	5.19596	4.89502	6.28893	6.36785	6.3107	0	0	7.96273	0	11.49685	6.44023	7.0643	0	0	0	0	0	0	10.38458	0.994	0	0	0	0	0	0	0	0	0	0	10.62777	0	0	0	
0	0	0	0	0	0	0	0	5.05442	0	0	0	0.994	0	0	0	8.68148	6.49589	7.9158	0	0	0	0	0	6.82864	0	0	0	0	0	0	0	0	0	4.82128	8.54451	0	8.75783	0	0	0	0	8.24067	11.51398	0	11.59872	10.90833	4.76977	0	3.53776	0	11.19956	9.70309	7.28457	0	7.34999	0	7.41635	0	4.2713	7.6254	0	5.72583	6.79543	5.65451	7.23037	6.67359	7.39441	9.98233	7.72859	7.68389	2.05554	8.01516	4.79576	8.0687	5.14395	9.97924	3.31111	0	0.994	7.93638	6.41437	10.60412	0	1.61859	4.07614	6.98806	9.29405	6.28274	0	11.69251	0	0	6.78978	0	0	0	0	0	0	
0	0	0	0	0	0	0	0	0	0	0	0	0	0	0	0	0	0	0	0	5.22044	0	0	0	0	0	0	0	0	5.54281	0	0	0	0	9.91056	0	0	0	0	0	8.97241	0	9.11082	8.62462	5.53515	0	0	0.58092	3.74375	4.60602	8.01592	0	0	5.45362	5.83236	7.65693	0	0	7.37765	8.31823	9.30879	6.72804	0.94781	5.79485	6.62882	7.02524	2.18086	5.88725	7.49643	9.97716	8.1282	7.91228	5.60613	4.41735	5.08944	0	2.57628	0	7.10636	0	0	0	0.994	0	0	0	7.05011	0	0	0	0	0	0	0	0	0	0	0	0	0	
0	0	0	0	2.79705	0	0	0	0	0	0	6.23605	0	2.89647	0	0	0	0	0	0	0	0	0	0	0	0	0	0	0	0	0	0	0	0	0	0	0	0	0	6.18157	0	0	6.31903	0	5.30835	0	1.28596	7.1276	0	0	4.9191	0	0	0	8.4958	0	0	0	0	10.38458	7.27606	4.61956	6.55665	9.9614	5.17771	0	0.497	5.87541	8.17154	7.95003	4.47573	6.79954	7.62893	5.96257	0	0	7.52187	5.83367	5.54574	4.87102	2.69026	5.25507	2.79705	0	0.58092	0	1.99099	10.83387	0	4.7939	0	0	0	0	4.11794	0	0	0	0	0	
0	0	0	0	0	0	0	0	0	0	0	0	0	0	0	0	0	5.85895	0	0	0	5.29205	8.26413	0	0	0	8.76607	0	0	0	0	0	0	11.02232	8.15939	0	0	0	0	0	0	0	0	0	0	0	0	0	0.58092	0	0	0	0	0	0	7.18379	11.27196	10.6819	2.16057	0.994	0	4.37342	3.95858	0	6.59508	7.58538	8.77415	6.92384	5.77745	3.83875	7.48507	6.37232	6.54696	6.3217	7.94263	7.52204	5.23303	0	9.73029	3.3072	0	0	7.62234	0	6.12769	9.21364	0.58092	1.79876	0	10.5464	0	0	0	0	0	0	9.15992	0	0	0	
0	0	0	0	0	0	0	0	7.85049	0	0	9.18151	0	0	0	0	0	0	0	0	0	0	0	0	0	0	0	11.90329	0	0	0	0	0	0	0	0	0	0	0	10.65146	0	0	0	0	0	3.68933	0	0.994	3.38144	0	0	10.65153	0	0	0	0	0	0	6.70684	0	7.17317	0	9.04124	9.16055	6.38835	3.63387	5.07129	0	0	6.90534	8.39812	0.58092	7.26019	6.95267	7.4853	11.26933	2.09904	0	0.58092	8.04567	8.79397	8.23735	8.82239	9.73673	5.09645	0	0	0	0	0	8.84286	0	8.01755	0	0	0	0	0	0	0	
0	0	0	0	0	0	0	0	0	0	0	0	0	3.51258	0	0	0	0	0	9.37923	0	0	0	0	0	2.53886	0	0	0	0	0	0	0	0	8.65333	0	0	6.12575	0	0	10.17471	0	1.3147	10.89449	0	0	0	0	0	0	5.95394	6.76944	0	0	8.77916	0	0	0	0	7.29694	8.15763	0	3.52142	9.23116	6.301	3.76062	8.92953	2.31232	0	4.86176	6.9968	0	6.54014	6.43771	9.56068	7.40033	3.98821	4.88129	7.23423	4.64152	0	7.53366	5.21711	3.65184	2.25329	0	0	3.84678	3.58306	0	0	0	0	7.15798	0	0	0	0	5.75176	0	
0	0	0	0	0	0	0	11.10691	0	0	0	0	0	0	0	0	0	0	0	0	0	0	3.44849	0	0	0	0	0	7.08081	0	0	0	0	0	10.34117	0	0	11.01311	0	0	0	1.39853	0	0	0	0	3.79025	0	0	0	0	0	8.78403	0	0	0	3.24991	9.62461	0	5.59937	7.80591	0	0	4.83909	0	3.98872	0	7.96398	6.72395	10.59762	8.80507	6.09289	9.94726	6.06978	8.92904	6.14151	6.27767	0.58092	5.42781	5.064	8.68461	5.34856	6.46685	0	6.98993	0	4.0331	4.95039	0	0	8.71592	6.74882	0	0	0	0	9.64441	0	0	0	
0	0	0	0	0	0	0	0	0	0	0	0	0	0	0	0	0	0	0	0	0	0	0	0	0	0	0	0	0	0	0	0	0	0	0	0	0	5.14095	0	0	0	0	0	0	0	0	0	0	0	9.71164	0	4.53368	0	4.75113	0	0	4.11794	6.95056	0	0	4.19808	0	10.35047	11.70864	3.74375	5.7672	0	0	9.34333	5.52342	0	3.38144	5.98405	10.85935	5.86803	7.83502	0	3.62407	5.51138	6.17723	1.66908	8.86297	4.98834	1.57696	0	0	3.59631	0	0	0	0	0	10.58969	9.13787	6.716	0	0	0	0	0	
0	0	0	0	0	0	0	8.13012	0	0	0	0	0	0	0	0	0	0	0	0	0	0	0	0	0	0	0	0	0	0	0	0	0	0	0	0	0	4.9666	0	7.23597	0	0	0	0	0	0	0	0	0	0	4.35792	0	0	11.44638	8.54148	0	0	7.68521	8.50173	9.77996	0	2.57495	0	7.29326	9.35326	10.78807	0	0	6.74429	6.37926	6.49487	3.1929	5.36674	7.59733	9.77425	7.58298	6.79282	0	8.95298	9.48846	7.63973	9.20595	5.38718	9.54869	5.73187	0	0	0.65396	0	0	7.28267	0	0	0	0	8.66539	0	0	0	0	
0	0	0	0	0	0	0	0	0	0	0	0	0	0	0	0	0	0	0	0	0	0	0	0	0	10.0214	0	0	0	0	0	0	0	0	0	0	0	9.09913	0	0	0	0	0	0	9.1852	0	0	0	4.87102	0	0	0	0	0	0	2.31232	0	0	0	0	0	0	7.68583	0	0	5.07598	6.03344	7.052	0	6.72725	3.11327	0	10.66489	0	8.78079	6.19093	5.13806	6.43765	4.67162	4.56626	2.66617	0	9.20239	0	10.16664	6.74159	0	0	0	0	8.83818	0	0	0	0	0	0	0.58092	0	0	
0	0	0	0	0	0	0	0	0	0	0	0	6.98806	0	0	0	0	0	0.58092	0	0	0	0	0	0	0	0	0	0	0	0	0	0	0	0	0	0	0	0	0	0	0	0	0	0	0	0	7.33234	0	0	1.3147	0	9.46776	0	0	0	0	0	0	4.2087	0	0	0	4.90833	8.25479	6.10708	8.93925	0	0.994	0	0	8.94654	0	0	0	2.48249	6.11935	8.56953	7.43028	4.50405	0	5.89599	5.10618	4.48234	7.52181	3.13213	7.00927	0	7.59536	0	0	0	0	7.50767	0	0	0	0	0	0	
0	0	0	0	0	0	0	0	0	0	0	0	0	0	0	0	0	0	0	0	0	0	0	0	0	0	0	0	0	0	0	0	10.5621	0	0	0	0	0	0	0	2.16057	0	0	0	0	0	0	0	0	0	0	0	0	0	0	0	5.04221	0	0	0	9.42627	0	0	1.99895	0	5.97684	0	0	7.03697	0	0	0	8.76278	0	0	3.89566	0	0	6.40407	8.70439	8.16743	5.23621	9.27108	0	0.58092	0	3.07685	0	0.58092	4.15856	6.52927	7.5404	3.94531	0	0	0	0	0	0	0	
0	0	0	0	0	0	0	0.9955	0	0	0	0	0	0	0	0	0	0	0	0	0	0	0	0	0	0	0	5.93068	0	0	0	0	0	0	0	0	0	0	0	0	0	0	0	0	0	0	0	0	0	0	0	0	0	0	0	0	0	0	0	0	0	0	0	0	0	0	0	0	0	0	3.57253	4.04951	8.74472	0	0	8.31668	11.5654	0	7.50834	7.17377	0	6.66778	0	6.83982	1.3147	9.97097	0	8.62824	0	6.85226	0	6.01052	0	0	0	7.15296	0	0	0	0	
0	0	0	0	0	0	0	0	0	0	0	0	0	0	0	0	0	0	0	0	10.63992	0	0	0	0	0	0	0	0	0	4.07614	0	0	0	0	0	0	0	0	0	0	0	0	0	0	0	0	0	0	0	0	0	0	0	0	0	0	0	0	10.62912	0	0	0	0	6.08618	8.7091	5.61757	8.30362	0	0	0	0	0	0	0	4.9191	7.46384	1.57696	0	0	4.43211	0	0	0	2.17958	10.12497	7.66899	4.76646	7.7661	0	10.29632	6.87071	5.1176	9.32672	0	6.12769	0	0	0	0	
0	0	0	0	0	0	0	0	0	0	0	0	0	0	0	0	0	0	0	0	0	0	0	0	0	0	0	0	0	0	0	0	0	0	0	0	0	0	0	0	0	0	0	0	0	0	0	0	0.994	0	0	0	0	0	0	0	0	0	0	0	0	0	0	0	0	0	0	0	0	8.046	10.92093	11.9892	7.06735	0	10.68971	6.05424	0	8.41427	0.58092	0	0	8.27803	7.34559	0	4.51208	0	1.99099	0	0	4.61079	0	1.9647	1.69072	0	2.79705	0	0	0	0	0	
0	0	0	0	0	0	0	0	0	0	0	0	0	0	0	8.3663	0	0	0	0	0	0	0	0	0	0	0	0	0	0	0	0	0	0	7.93638	0	0	0	0	0	0	0	0	0	0	0	0	0	0	0	0	0	0	0	0	0	0	0	0	0	0	0	0	0	0	0	0	5.03273	0	0	0	0	0	8.47383	0	0	0	0.29046	0	0	0	2.69026	0	0	0.29046	0	6.74383	3.36447	9.13519	10.32311	8.70567	0	10.57669	0	0	0	0	0	0	0	
0	0	0	0	0	0	0	0	0	0	0	0	0	0	0	0	0	0	0	0	0	0	0	0	0	0	0	0	0	0	0	0	0	0	0	0	0	0	0	0	0	0	0	0	0	0	0	0	9.30314	0.994	0	0	0	0	0	0	0	0	0	1.79876	0	0	0	0	0	8.29666	0	0	0	0	0	7.58049	0	0	0	0	0	12.02225	0	6.42422	10.59762	0	0	11.01034	0	0	0	0	0	0	0	0	0	0	0	0	0	0	0	0	
0	0	0	0	0	0	0	0	0	0	0	0	0	0	0	0	0	0	0	0	0	0	0	0	0	0	0	0	0	0	0	0	0	0	0	0	0	0	0	0	0	0	0	0	0	0	0	0	0	0	0	0	0	0	0	2.87162	0	0	7.62465	0	0	0	0	0	10.50958	0	0	0	0	0	0	4.15856	0	1.3147	0	0	6.31903	0	0	0	2.90418	6.14587	4.923	6.97582	0	0	0	8.10695	6.51048	0	4.7433	6.59542	9.69361	0	0	0	0	0	0	0	
0	0	0	0	0	0	0	0	0	0	0	0	0	0	0	0	0	0	0	0	0	0	0	0	0	0	0	0	0	0	0	0	0	0	0	0	0	0	0	0	0	0	0	0	0	0	0	0	0	0	0	0	0	0	0	0	0	0	0	0	0	0	0	0	0	0	0	0	0	0	0	0	0	0	0	0	0	0	0	0	0	0	0	0	0	0	0.58092	0	0	0	0	9.14154	0	0	0	0	0	0	0	0	
0	0	0	0	0	0	0	0	0	0	0	0	0	0	0	0	0	0	0	0	0	0	0	0	0	0	0	0	0	0	0	0	0	0	0	0	0	0	0	0	0	0	0	0	0	0	0	0	0	0	0	0	0	0	0	0	0	0	0	0	0	0	0	0	0	0	0	0	0	0	9.7722	0	0	0	0	0	0	0	0	9.6326	0	0	0	8.63546	0	0	0	0	0	0	7.61399	11.02997	0	0	0	0	0	0	0	0	
0	0	0	0	0	0	0	0	0	0	0	0	0	0	0	0	0	0	0	0	0	0	0	0	0	0	0	0	0	0	0	0	0	0	0	0	0	0	0	0	0	0	0	0	0	0	0	0	0	0	0	0	0	0	0	0	0	0	0	4.44795	0	0	0	0	0	0	0	0	0	0	10.26933	0	0	0	0	0	0	0	0	0	0	0	0	0	0	0	0.58092	0	0	0	0	0	0	0	0	0	0	0	0	0	
0	0	0	0	0	0	0	0	0	0	0	0	0	0	0	0	0	0	0	0	0	0	0	0	0	0	0	0	0	0	0	0	0	0	0	0	0	0	0	0	0	0	0	0	0	0	0	0	0	0	0	0	0	0	0	0	0	0	0	0	0	0	0	0	0	0	0	0	0	10.28833	5.3633	0	0	0	0	0	0	0	9.75119	0	0	0	0	0	0	0	0	0	4.84636	1.99099	0	0	0	0	0	0	0	0	0	0	
0	0	0	0	0	0	0	0	0	0	0	0	0	0	0	0	0	0	0	0	0	0	0	0	0	0	0	0	0	0	0	0	0	0	0	0	0	0	0	0	0	0	0	0	0	0	0	0	0	0	0	0	0	0	0	0	0	0	0	0	0	0	0	0	0	0	0	0	0	0	0	0	0	0	0	0	0	0	0	0	0	0	0	0	0	0	0.994	0	0	0	0	0	0	0	0	0	0	0	0	0	
0	0	0	0	0	0	0	0	0	0	0	0	0	0	0	0	0	0	0	0	0	0	0	0	0	0	0	0	0	0	0	0	0	0	0	0	0	0	0	0	0	0	0	0	0	0	0	0	0	0	0	0	0	0	0	0	0	0	8.26413	0	0	0	0	0	0	0	0	0	0	0	0	0	0	0	0	6.73627	0	0	0	0	0	0	0	0	0	0	0	0	0	0	0	0	0	0	0	0	0	0	0	0	
0	0	0	0	0	0	0	0	0	0	0	0	0	0	0	0	0	0	0	0	0	0	0	0	0	0	0	0	0	0	0	0	8.21923	0	0	0	0	0	0	0	0	0	0	0	0	0	0	0	0	0	7.48389	0	0	0	0	0	0	0	0	0	0	0	0	0	0	0	0	0	0	0	0	0	0	0	0	0.58092	0	0	0	0	0	0	0	0	0	0	0	0	0	0	0	0	0	0	0	0	0	0	0	0	
0	0	0	0	0	0	0	0	0	0	0	0	0	0	0	0	0	0	0	0	0	0	0	0	0	0	0	0	0	0	0	0	0	0	0	0	0	0	0	0	0	0	0	0	0	0	0	0	0	0	0	0	0	0	0	0	0	0	0	0	0	0	0	0	0	0	0	0	0	0	0	0	0	0	0	0	0	0	0	0	0	0	0	0	0	0	0	0	0	0	0	0	0	0	0	0	0	0	0	0	
0	0	0	0	0	0	0	0	0	0	0	0	0	0	0	0	0	0	0	0	0	0	0	0	0	0	0	0	0	0	0	0	0	0	0	0	0	0	0	0	0	0	0	0	0	0	0	0	0	0	0	0	0	0	0	0	0	0	0	0	0	0	0	0	0	0	0	0	0	0	0	0	0	0	0	0	0	0	0	0	0	0	0	0	0	0	0	0	0	0	0	0	0	0	0	0	0	0	0	0	
0	0	0	0	0	0	0	0	0	0	0	0	0	0	0	0	0	0	0	0	0	0	0	0	0	0	0	0	0	0	0	0	0	0	0	0	0	0	0	0	0	0	0	0	0	0	0	0	0	0	0	0	0	0	0	0	0	0	0	0	0	0	0	0	0	0	0	0	0	0	0	0	0	0	0	0	0	0	0	0	0	0	0	0	0	0	0	0	0	0	0	0	0	0	0	0	0	0	0	0	
0	0	0	0	0	0	0	0	0	0	0	0	0	0	0	0	0	0	0	0	0	0	0	0	0	0	0	0	0	0	0	0	0	0	0	0	0	0	0	0	0	0	0	0	0	0	0	0	0	0	0	0	0	0	0	0	0	0	0	0	0	0	0	0	0	0	0	0	0	0	0	0	0	0	0	0	0	0	0	0	0	0	0	0	0	0	0	0	0	0	0	0	0	0	0	0	0	0	0	0	
0	0	0	0	0	0	0	0	0	0	0	0	0	0	0	0	0	0	0	0	0	0	0	0	0	0	0	0	0	0	0	0	0	0	0	0	0	0	0	0	0	0	0	0	0	0	0	0	0	0	0	0	0	0	0	0	0	0	0	0	0	0	0	0	0	0	0	0	0	0	0	0	0	0	0	0	0	0	0	0	0	6.14801	0	0	0	0	0	0	0	0	0	0	0	0	0	0	0	0	0	0	
0	0	0	0	0	0	0	0	0	0	0	0	0	0	0	0	0	0	0	0	0	0	0	0	0	0	0	0	0	0	0	0	0	0	0	0	0	0	0	0	0	0	0	0	0	0	0	10.71249	0	0	0	0	0	0	0	0	0	0	0	0	0	0	0	0	0	0	0	0	0	0	0	0	0	0	7.82611	0	0	0	0	0	0	0	0	0	0	0	0	0	0	0	0	0	0	0	0	0	0	0	0	0	
