0	0	0	0	0	0	0	0	0	0	0	0	0	0	0	0	0	0	0	0	0	0	0	0	0	0	0	0	0	0	0	0	0	0	0	0	0	0	0	0	0	0	0	0	0	0	0	0	0	0	0	10.01081	0	0	0	0	0	0	0	0	0	0	0	0	0	0	0	0	0	0	0	0	0	0	0	0	0	0	0	0	0	0	0	0	0	0	0	0	0	0	0	0	0	0	0	0	0	0	0	0	
0	0	0	0	0	0	0	0	0	0	0	0	0	0	0	0	0	0	0	0	0	0	0	0	0	0	0	0	0	0	0	0	0	0	0	0	0	0	0	0	0	0	0	0	0	0	0	14.0746	0	0	0	0	0	0	0	0	0	0	0	0	0	0	0	9.35396	0	0	0	0	0	0	0	0	0	0	0	0	0	0	0	0	0	0	0	0	0	0	0	0	0	0	0	0	0	0	0	0	0	0	0	0	
0	0	0	0	0	0	0	0	0	0	0	0	0	0	0	0	0	0	0	0	0	0	0	0	0	0	0	0	0	0	0	0	0	0	0	0	0	0	0	0	0	0	0	0	0	0	0	0	0	0	0	0	0	0	8.59147	0	0	0	0	0	0	0	0	0	0	0	0	0	0	0	0	0	0	0	0	0	0	0	0	0	0	0	0	0	0	0	0	0	0	0	0	0	0	0	0	0	0	0	0	0	
0	0	0	0	0	0	0	0	0	0	0	0	0	0	0	0	0	0	0	0	0	0	0	0	0	0	0	0	0	0	0	0	0	0	0	0	0	0	0	0	0	0	0	0	0	0	11.86495	10.43077	0	0	0	0	0	0	0	0	0	0	0	0	0	0	0	0	0	0	0	0	0	0	0	0	0	0	0	0	0	0	0	0	0	0	0	0	0	0	0	0	0	0	0	0	0	0	0	0	0	0	0	0	
0	0	0	0	0	0	0	0	0	0	0	0	0	0	0	0	0	0	0	0	0	0	0	0	0	0	0	0	0	0	0	0	0	0	0	0	0	7.56517	0	0	0	0	0	11.94314	0	0	0	0	0	0	0	0	0	0	0	0	0	0	0	0	0	0	0	0	0	0	0	0	0	0	0	0	0	0	0	0	0	0	0	0	0	0	0	0	0	0	0	0	0	0	0	0	0	0	0	0	0	0	0	0	
0	0	0	0	0	0	0	0	0	0	0	0	0	0	0	0	0	0	0	0	0	0	0	0	0	0	0	0	0	0	0	0	0	0	0	0	0	0	0	0	0	0	0	0	0	0	0	0	0	0	0	0	0	0	0	0	0	0	0	0	0	0	0	0	0	0	0	0	0	0	0	0	8.97108	0	0	0	0	0	0	0	0	0	0	0	0	0	0	0	0	0	0	0	0	0	0	0	0	0	0	0	
0	0	0	0	0	0	0	0	0	0	0	0	0	0	0	0	0	0	0	0	0	0	0	0	0	0	0	0	0	0	0	0	0	0	0	0	0	0	0	0	0	0	0	0	0	0	0	0	0	0	0	0	0	0	0	0	0	0	0	0	0	0	0	0	0	0	0	0	0	0	0	0	0	0	10.50015	0	0	0	0	0	0	0	0	0	0	0	0	0	0	0	0	0	0	0	0	0	0	0	0	0	
0	0	0	0	0	0	0	0	0	0	0	0	0	0	0	0	0	0	0	0	0	0	0	0	0	0	0	0	0	0	0	0	0	0	0	0	0	0	0	0	0	0	0	0	0	0	0	0	0	0	0	8.46072	0	0	0	10.90484	0	0	4.17584	0	0	0	0	0	0	0	0	0	0	0	0	0	0	0	0	0	0	0	0	0	0	0	0	0	0	0	0	0	0	0	0	0	0	0	0	0	0	0	0	0	
0	0	0	0	0	0	0	0	0	0	0	0	0	0	0	0	0	0	0	0	0	0	0	0	0	0	0	0	0	0	0	0	0	0	0	0	0	0	0	0	0	0	0	0	0	0	0	0	0	0	0	0	0	0	0	0	0	0	0	0	0	0	0	0	0	0	0	5.63289	0	0	0	0	0	0	0	0	0	0	0	0	0	0	0	0	0	0	0	0	0	0	0	0	0	0	0	0	0	0	0	0	
0	0	0	0	0	0	0	0	0	0	0	0	0	0	0	0	0	0	0	0	0	0	0	0	0	0	0	0	0	0	0	0	0	0	0	0	0	0	0	0	0	0	0	0	0	0	0	0	0	0	0	0	0	0	0	8.26301	0	0	0	0	0	0	0	0	0	0	0	0	0	0	0	0	0	0	0	0	0	0	0	0	0	0	0	0	0	0	0	0	0	0	0	0	0	0	0	0	0	0	0	0	
0	0	0	0	0	0	0	0	0	0	0	0	0	0	0	0	0	0	0	0	0	0	0	0	0	0	0	0	0	0	0	0	0	0	0	0	0	0	0	0	0	0	0	0	0	0	0	0	0	0	0	0	0	0	0	0	0	0	0	0	0	0	0	0	0	0	0	10.24602	0	0	0	0	0	0	0	0	0	0	0	0	0	0	0	0	0	0	0	0	0	0	0	0	0	0	0	0	0	0	0	0	
0	0	0	0	0	0	0	0	0	0	0	0	0	0	0	0	0	0	0	0	0	0	0	0	0	0	0	0	0	0	0	0	0	0	0	0	0	0	0	0	0	0	0	0	0	0	0	0	0	0	0	0	4.347	0	0	0	1.07118	0	0	0	0	0	0	0	0	0	0	0	0	0	0	11.04551	0	0	0	0	0	0	0	0	0	0	0	0	0	0	0	0	0	0	0	0	0	0	0	0	0	0	0	0	
0	0	0	0	0	0	0	0	0	0	0	0	0	0	0	0	0	0	0	0	0	0	0	0	0	0	0	0	0	0	0	0	0	0	0	0	0	0	0	0	0	0	0	0	0	0	0	0	7.96741	0	0	0	12.70841	0	0	0	0	0	0	0	0	0	0	0	0	0	0	3.75713	0	0	0	0	0	0	0	0	0	0	0	0	0	0	0	0	0	0	0	0	0	0	0	0	0	0	0	0	0	0	0	0	
0	0	0	0	0	0	0	0	0	0	0	0	0	0	0	0	0	0	0	0	0	0	0	0	0	0	0	0	0	0	12.38018	0	0	0	0	0	0	0	0	0	0	0	0	0	0	0	0	9.89658	0	0	0	0	0	0	0	0	0	4.93522	2.61405	0	8.30255	0	0	5.86994	0	0	0	0	0	0	0	0	0	0	0	0	0	0	0	0	0	0	0	0	0	0	0	0	0	0	0	0	0	0	0	0	0	0	0	0	
0	0	0	0	0	0	0	0	0	0	0	0	0	0	0	0	0	0	0	0	0	0	0	0	0	0	0	0	0	0	0	0	0	0	0	0	0	0	0	0	0	0	0	0	0	0	0	0	0	0	0	0	0	0	5.36691	0	0	0	0	0	0	0	0	0	0	0	0	0	0	0	0	0	0	0	0	0	0	0	0	0	0	0	0	0	0	0	0	0	0	0	0	0	0	0	0	0	0	0	0	0	
0	0	0	0	0	0	0	0	0	0	0	0	0	0	0	0	0	0	0	0	0	0	0	0	0	0	0	0	0	0	0	0	0	0	0	0	0	0	0	0	0	0	10.74419	0	0	0	0	0	0	0	0	0	9.24991	0	0	0	0	0	0	13.63145	0	0	0	0	0	0	0	0	0	0	0	6.63605	0	0	0	0	0	0	0	0	0	0	0	0	0	0	0	0	0	0	0	0	0	0	0	0	0	0	0	0	
0	0	0	0	0	0	0	0	0	0	0	0	0	0	0	0	0	0	0	0	0	0	0	0	0	0	0	0	0	0	0	0	0	0	0	0	0	0	0	0	0	0	0	6.61312	0	0	0	9.7435	0	0	0	9.55108	0	0	0	0	0	0	4.66176	0	0	0	0	0	0	0	0	0	0	0	0	0	0	0	0	0	0	0	0	0	0	0	0	0	0	0	0	0	0	0	0	0	0	0	0	0	0	0	0	0	
0	0	0	0	0	0	0	0	0	0	0	0	0	0	0	0	0	0	0	0	0	0	0	0	0	0	0	0	0	0	0	0	0	0	0	0	0	0	0	0	0	0	5.37186	0	0	0	0	0	0	0	0	0	0	0	0	8.18334	0	0	0	0	0	0	0	0	0	0	1.43691	0	9.13777	0	0	0	0	0	0	0	0	0	0	0	0	0	0	0	0	0	0	0	0	0	0	0	0	0	0	0	0	0	0	0	
0	0	0	0	0	0	0	0	0	0	0	0	0	0	0	0	0	0	0	0	0	0	0	0	0	0	0	0	0	0	0	0	0	0	0	0	0	0	0	0	12.81172	0	0	0	0	0	0	0	0	0	0	0	0	0	0	0	0	0	0	0	0	0	0	0	0	0	0	0	0	0	0	0	0	0	0	0	0	0	0	0	0	0	0	0	0	0	0	0	0	0	0	0	0	0	0	0	0	0	0	0	
0	0	0	0	0	0	0	0	0	0	0	0	0	0	0	0	0	0	0	0	0	0	0	0	0	0	0	0	0	0	0	0	0	0	0	0	0	0	0	0	0	0	0	0	0	0	0	9.00344	0	0	7.98724	0	0	0	0	0	0	0	0	0	0	0	0	0	0	0	0	0	0	0	0	0	0	0	0	0	8.88165	0	0	0	0	0	0	0	0	0	0	0	0	0	0	0	0	0	0	0	0	0	0	0	
0	0	0	0	0	0	0	0	0	0	0	0	0	0	0	0	0	0	0	0	0	0	0	0	0	0	0	0	0	0	0	0	0	0	0	0	0	0	0	0	0	0	0	0	0	0	0	7.35555	0	0	9.96143	9.31194	0	0	0	0	5.70879	0	12.38678	0	8.99058	0	0	0	0	9.97618	0	0	0	0	0	0	0	0	0	0	0	0	0	0	0	0	0	0	0	0	0	0	0	0	0	0	0	0	0	0	0	0	0	0	
0	0	0	0	0	0	0	0	0	0	0	0	0	0	0	0	0	0	0	0	0	0	0	0	0	0	0	0	0	0	0	0	0	0	0	0	0	0	0	0	0	7.33026	0	0	0	0	0	0	0	0	0	0	0	0	0	0	0	0	0	0	0	0	0	0	0	0	0	0	0	0	0	0	0	0	0	0	0	0	0	0	0	0	0	0	0	0	0	0	0	0	0	0	0	0	0	0	0	0	0	0	
0	0	0	0	0	0	0	0	0	0	0	0	0	0	0	0	0	0	0	0	0	0	0	0	0	0	0	0	0	0	0	0	5.48618	0	0	0	0	0	0	0	0	0	0	0	0	0	0	10.05239	0	0	0	0	0	0	0	0	0	0	0	0	0	0	0	7.09227	0	0	0	1.09646	0	0	0	0	0	0	0	0	0	0	0	0	0	0	0	0	0	0	0	0	0	0	0	0	0	0	0	0	0	0	0	0	
0	0	0	0	0	0	0	0	0	0	0	0	0	0	0	0	0	0	0	0	0	0	0	0	0	0	0	0	0	0	0	12.47221	0	0	0.64994	0	0	0	0	0	0	0	0	0	0	0	0	0	0	0	0	0	0	0	0	0	0	0	0	0	0	0	0	0	0	0	0	0	0	0	0	0	0	0	0	0	0	0	0	0	0	0	0	0	0	0	0	0	0	0	0	0	0	0	0	0	0	0	0	0	
0	0	0	0	0	0	0	0	0	0	0	0	0	0	0	0	0	0	0	0	0	0	0	0	0	0	0	0	0	0	0	0	0	0	0	0	0	0	0	0	0	0	0	10.04929	0	0	0	0	0	16.48599	0	0	0	0	10.29128	0	0	0	0	0	0	0	0	0	0	0	0	0	0	0	0	0	0	0	0	0	0	0	0	4.80345	0	0	0	0	0	0	0	0	0	0	0	0	0	0	0	0	0	0	0	0	
0	0	0	0	0	0	0	0	0	0	0	0	0	0	0	0	0	0	0	0	0	0	0	0	0	0	0	0	0	0	0	0	5.57498	0	0	0	0	0	0	0	0	0	0	0	0	0	0	3.75713	0	0	3.95882	6.97093	0	0	0	0	0	0	7.63292	0	0	0	0	0	0	0	0	0	0	0	4.98793	0	0	0	0	0	0	0	0	0	0	0	0	0	0	6.26404	0	0	0	0	0	0	0	0	0	0	0	0	0	0	
0	0	0	0	0	0	0	0	0	0	0	0	0	0	0	0	0	0	0	0	0	0	0	0	0	0	0	0	0	0	0	0	0	0	0	0	0	0	0	9.84305	0	0	0	0	16.56084	0	4.082	0	0	0	0	0	0	0	0	0	0	0	0	0	0	0	0	0	0	0	0	0	0	0.64994	0	0	0	0	0	0	0	0	0	0	0	0	0	0	0	0	0	0	0	0	0	0	0	0	0	0	0	0	0	0	
0	0	0	0	0	0	0	0	0	0	0	0	0	0	0	0	0	0	0	0	0	0	0	0	0	0	0	0	0	0	0	0	0	0	0	9.01141	0	0	0	0	0	0	0	0	0	0	0	8.3461	0	0	0	0	0	8.52443	0	0	0	0	0	0	7.25162	0	0	0	0	0	0	0	0	0	0	0	0	0	0	0	0	0	0	0	0	0	0	0	0	0	0	0	0	0	0	0	0	0	0	0	0	0	0	0	
0	0	0	0	0	0	0	0	0	0	0	0	0	0	0	0	0	0	0	0	0	0	0	0	0	0	0	0	0	0	0	0	0	0	0	0	0	0	0	0	0	13.54726	0	0	0	0	0	0	0	0	0	0	1.09646	0	0	0	0	0	0	0	0	0	0	0	0	0	0	11.68762	0	0	0	4.082	0	0	0	0	0	0	0	0	0	0	0	0	0	0	0	0	0	0	0	0	0	0	0	0	0	0	0	0	
0	0	0	0	0	0	0	0	0	0	0	0	0	0	0	0	0	0	0	0	0	0	0	0	0	0	0	0	0	0	0	0	0	0	0	0	0	0	0	0	7.2941	0	0	0	9.68744	0	0	5.56409	0	0	1.09646	11.11527	0	0	0	11.17331	0	0	7.80434	0	12.02875	0	0	0	0	0	0	0	2.47329	0	0	0	0	0	0	0	0	0	0	0	0	0	0	0	0	0	0	0	0	0	0	0	0	0	0	4.12969	0	0	0	0	
0	0	0	0	0	0	0	0	0	0	0	0	0	0	0	0	0	0	0	0	0	0	0	0	0	0	0	0	0	0	0	0	0	0	0	0	0	0	0	0	0	0	0	0	9.82687	0	0	0	0	0	0	0	8.05646	0	0	0	0	7.56083	0	0	0	7.24081	0	0	0	0	0	0	0	0	0	0	0	0	0	0	0	0	0	0	0	0	0	0	0	0	0	0	0	0	0	0	0	0	0	0	0	0	0	0	
0	0	0	0	0	0	0	0	0	0	0	0	0	0	0	0	0	0	0	0	0	0	0	0	0	0	0	0	0	0	0	0	0	0	0	0	0	0	0	0	0	0	0	11.93099	0	0	10.2132	0	0	0	9.08129	0	0	0	0	0	0	0	0	2.86007	0	0	0	0	7.2941	0	0	0	0	0	0	0	7.97395	0	0	0	8.30515	0	0	0	0	0	0	0	0	0	0	0	0	0	0	0	0	0	0	0	0	0	0	0	
0	0	0	0	0	0	0	0	0	0	0	0	0	0	0	0	0	0	0	0	0	0	0	0	0	0	0	0	0	0	0	0	0	0	0	0	0	0	0	0	0	0	0	0	5.48251	0.64994	0	9.9188	0	0	0	6.87206	3.25354	0	0	10.43522	0	0	1.09646	0	0	0	0	0	0	0	1.09646	14.25951	0	0	0	0	0	11.04045	0	0	0	0	0	0	0	0	0	0	0	0	0	0	0	0	0	0	0	0	0	0	0	0	0	0	
0	0	0	0	0	0	0	0	0	0	0	0	0	0	0	0	0	0	0	0	0	0	0	0	0	0	0	0	0	0	0	0	0	0	0	0	0	10.93367	0	0	0	0	0	0	0	0	0	0	3.69508	0	0	4.72254	0	0	12.10715	0	7.41449	0	0	8.80295	0	0	0	0	0	0	0	0	0	0	0	0	0	0	6.70364	4.90814	0	0	0	0	0	0	0	0	0	0	0	0	0	0	0	0	0	0	0	0	0	0	0	0	
0	0	0	0	0	0	0	0	0	0	0	0	0	0	0	0	0	0	0	0	0	0	0	0	0	0	0	0	0	0	0	0	0	0	0	0	0	0	0	0	0	0	14.0358	0	0	10.23585	0	12.49576	0	0	8.98086	0	11.33461	0	9.49035	0	0	0	0	0	0	0	0	7.79327	0	0	0	3.07018	0	0	10.64461	0	0	0	0	0	0	0	4.347	0	0	0	0	0	0	0	0	0	0	0	0	0	0	0	0	0	0	0	0	0	
0	0	0	0	0	0	0	0	0	0	0	0	0	0	0	0	0	0	0	0	0	0	0	0	0	0	0	0	0	0	0	0	0	0	0	0	0	0	0	0	0	0	0	0	0	0	0	9.20749	8.17768	0	0	7.2941	0	0	0	0	0	0	0	0	0	0	0	0	2.14235	0	0	0	0	0	0	0	0	0	0	0	0	0	0	0	0	0	0	0	0	0	0	0	0	0	5.46775	0	0	0	0	0	0	0	0	0	
0	0	0	0	0	0	0	0	0	0	0	0	0	0	0	0	0	0	0	0	0	0	0	0	0	0	0	0	0	0	0	0	0	0	0	0	0	0	0	0	0	0	0	0	0	0	0	11.97429	0	0	0	0	9.24315	2.31728	0	0	0	0	8.73602	6.59417	0	0	0	0	0	0	0	0	0	0	0	0	0	0	0	0	0	0	0	0	0	0	0	0	0	0	0	0	0	0	0	0	0	0	0	0	0	0	7.37051	0	
0	0	0	0	0	0	0	0	0	0	0	0	0	0	0	0	0	0	0	0	0	0	0	0	0	0	0	0	0	0	0	0	0	0	0	0	0	0	0	0	0	0	7.63705	0	0	0	0	0	0	8.56353	0	7.27302	0	8.17199	0	0	0	0	0	0	0	0	0	0	12.52052	0	0	0	0	0	0	0	0	0	0	0	12.47134	0	0	0	0	0	0	0	0	0	0	0	0	0	0	0	0	0	0	0	0	0	0	0	
0	0	0	0	0	0	0	0	0	0	0	0	10.72151	0	0	0	0	0	0	0	0	0	0	0	0	0	0	0	0	0	9.20052	0	0	0	0	0	0	0	0	0	0	0	12.64094	0	0	0	0	4.46323	0	0	13.55479	0	0	5.79146	3.75713	0	8.82111	0	0	0	0	0	0	6.55104	4.17584	11.79643	0	0	0	0	0	0	0	0	0	0	0	0	0	0	0	0	0	0	0	0	0	0	0	0	0	0	0	0	0	0	0	0	0	0	
0	0	0	0	0	0	0	0	0	0	0	0	0	0	0	0	0	0	0	0	0	0	0	0	0	0	0	0	0	0	0	0	0	0	0	0	0	0	0	0	0	0	0	0	0	10.16155	10.05548	0	2.47329	13.2888	0.64994	7.5866	10.77168	0	8.93798	9.21139	0	0	0	0	9.94902	0	0	0	0	0	0	0	0	6.74796	0	0	0	0	0	0	2.31931	0	0	0	0	0	0	0	0	0	0	0	0	0	0	0	0	0	0	0	0	0	0	0	
0	0	0	0	0	0	0	0	0	0	0	0	0	0	0	8.73712	0	0	0	0	0	0	0	0	0	0	0	0	0	0	0	0	0	0	0	1.94325	11.84187	0	0	0	0	0	0	0	0	10.97628	8.17407	8.38837	1.94325	9.70919	0	0	5.84158	0	8.89723	0	0	0	0	7.36554	0	6.91991	0	3.81661	0	9.05529	0	0	11.27423	0	7.72506	0	0	0	0	10.14812	0	1.09646	0	3.75713	0	0	0	0	0	0	0	0	0	0	10.52934	0	0	0	0	0	0	0	0	0	
0	0	0	0	0	0	0	0	0	0	0	0	0	0	0	0	0	0	0	0	0	0	0	0	0	0	11.44857	0	0	0	0	8.08698	0	0	5.84158	0	0	0	0	0	11.33289	0	0	0	0	0	0	0	5.42504	4.38679	1.09646	9.98916	9.3527	0	8.61469	0	15.4343	0	4.74011	0	0	8.68425	0	0	0	7.75578	0	0	0	0	0	0	0	8.49917	0	0	0	0	0	0	0	0	0	0	0	0	0	0	0	0	0	0	0	0	0	0	0	0	0	0	
0	0	0	0	0	0	0	0	0	0	0	0	0	0	0	0	0	0	0	10.74323	0	0	0	0	0	0	0	0	0	0	0	0	0	0	0	0	0	0	0	0	0	0	0	13.48114	0	0	10.73555	13.26606	11.56154	0	9.64397	7.40276	11.66808	0	0	0	14.83573	0	0	8.93842	3.8142	0	0	11.15578	0	4.082	0	8.69811	0	0	0	0	0	0	0	0	0	0	0	0	0	0	0	0	0	0	0	0	0	0	8.37076	0	0	0	0	0	0	0	0	0	
0	0	0	0	0	0	0	0	0	0	0	0	9.41176	0	0	0	0	0	0	7.98047	0	0	0	0	0	0	0	0	0	0	0	0	0	6.46221	0	0	0	0	0	0	0	12.77635	15.46087	0	10.46418	0	0	4.56876	8.63961	0	1.09646	8.94089	7.34705	2.93821	10.23924	1.09646	6.38277	5.14433	7.02063	0	0	0	0	0	4.67089	0	0	0	0	0	0	0	0	0	0	0	0	0	7.71728	0	0	0	0	0	0	0	0	0	0	0	0	0	0	0	0	0	0	0	0	0	
0	0	0	0	0	0	0	0	0	0	0	0	0	0	0	0	0	0	0	0	0	0	0	15.24802	0	0	0	0	0	0	0	0	0	0	0	0	0	0	10.45232	0	0	0	9.38733	8.77698	1.09646	0	9.30887	7.09304	0	8.52585	8.41508	7.35925	0	0	0	0	0	5.87568	14.96108	9.43092	11.32855	0	0	0	6.10281	0	0	0	0	0	0	0	0	0	0	0	0	0	0	0	0	0	0	0	0	0	0	0	0	0	0	0	0	0	0	0	0	0	0	0	
0	0	10.25411	0	0	0	0	0	0	0	0	0	0	0	0	0	0	0	0	0	0	0	0	0	0	0	0	0	0	0	0	0	0	0	0	0	0	0	0	0	12.02374	0	0	0	0	9.86699	0	9.20308	10.36473	11.42038	0	6.61107	9.19353	8.29011	0	9.28587	0	0	3.25354	0.64994	8.80779	0	8.28424	10.54865	0	0	0	0	0	0	0	6.86888	0	0	0	0	2.14235	0	0	0	0	0	0	0	0	0	0	0	0	0	0	0	0	0	0	0	0	0	0	0	
0	0	0	0	0	0	0	0	0	0	0	9.6944	0	0	0	0	0	0	0	0	0	0	0	0	0	0	0	0	0	0	0	0	6.47923	0	0	0	0	9.34198	11.42741	8.62928	9.67544	4.73396	0	0	11.9328	8.85974	11.27682	7.58841	10.36148	0	10.41792	0	2.69578	5.78829	0	11.05643	5.00211	13.17213	0	0	0	0	0	0	0	0	0	6.78495	0	0	0	0	8.49463	0	0	0.64994	0	0	6.37426	0	0	0	0	0	0	0	0	0	0	0	0	0	0	0	0	7.88459	0	0	0	0	
0	0	0	0	0	0	0	0	0	0	0	0	0	0	0	0	0	0	0	0	0	0	0	0	0	0	0	0	0	0	0	0	0	0	4.79438	8.5218	0	0	0	5.29028	0	12.38125	0	11.39291	12.45111	9.01508	7.31262	8.02944	3.1828	10.37691	10.24068	10.12624	0.64994	9.39023	0	0	6.9281	0	0	6.84088	8.86237	0	3.25354	0	0	0	0	0	0	0	0	0	0	0	0	0	0	0	3.49113	0	0	0	0	0	0	0	0	9.56053	0	0	0	0	0	0	0	0	0	0	0	0	
0	0	0	0	0	0	0	0	9.26734	0	10.75943	0	0	0	0	0	0	0	0	0	0	0	0	0	0	0	6.47923	0	0	0	0	0	0	0	0	1.09646	0	10.86313	10.39554	0	8.70556	8.44837	0	7.47574	0	12.00146	6.77285	7.82529	8.65625	7.86754	0	5.53908	0	0	0	0	9.31836	2.61405	0	0	0	0	0	0	0	0	12.54971	0	0	0	0	0	0	0	0	0	0	0	0	0	0	0	0	0	0	0	0	0	0	0	0	0	0	2.31728	0	0	0	0	0	0	
0	0	0	0	0	0	0	0	0	0	0	10.9726	0	0	9.21026	0	0	0	0	0	0	0	0	0	0	0	0	0	0	0	0	10.64205	0	0	5.5921	0	10.93241	0	0	10.5155	0	0	8.94203	8.81817	10.10349	6.93375	10.7478	8.83461	4.54593	7.96254	7.12892	10.05175	10.43521	10.47742	0	7.76713	10.01623	0	0	14.4293	12.05562	4.09308	0	9.03509	0	0	0	0	0	0	0	0	0	0	0	6.69999	0	0	0	0	0	0	0	7.17415	0	0	0	0	0	0	0	0	0	0	0	0	0	0	0	0	
0	0	0	0	0	0	0	0	0	0	0	0	11.90297	0	0	0	0	0	0	0	0	0	0	0	0	0	0	0	0	9.43329	0	0	7.73665	0	6.89942	0	13.98904	0	14.25611	10.1923	10.59268	12.32043	10.41638	6.70709	9.00692	4.10285	9.92638	10.14935	4.49998	9.83561	9.25181	11.89393	10.88284	8.70127	6.01121	6.58627	8.65769	0	0	8.41267	4.90814	0	0	0	0	0	0	0	0	0	0	0	0	9.37932	0	0	0	0	0	0	10.88544	0	0	0	0	0	0	0	0	0	0	0	0	0	0	0	0	0	0	0	
0	0	0	0	0	0	0	12.81617	0	0	0	9.6944	0	0	0	0	0	0	0	0	0	0	0	0	0	0	0	8.87816	0	0	1.94325	0	12.15421	0	0	0	4.67089	14.18211	7.18456	11.37534	9.38595	4.70137	0	10.18652	10.43495	8.78303	9.49647	8.66657	10.96768	10.03758	5.84767	9.15327	10.27348	9.64705	8.56016	6.58752	13.67868	4.53761	1.78776	8.29995	5.15852	11.90404	5.15855	0	9.12459	0	0	0	0	0	0	0	0	10.70538	0	0	0	0	0	0	0	0	0	0	0	0	0	0	0	0	0	0	0	0	0	0	0	0	0	0	
5.31111	0	0	0	0	0	0	0	3.94851	0	0	0	8.75053	0	0	0	0	0	0	0	0	0	0	0	10.15821	0	0	7.2677	0	0	0	0	13.54273	0	11.89538	8.54825	0	7.77465	10.12189	4.87669	6.66061	9.42504	6.58022	10.28475	10.65474	9.38777	7.88635	10.04446	5.52625	1.66859	8.45377	5.26738	5.99838	5.84077	11.7999	9.13499	8.093	3.98861	0	10.16848	0	0.64994	0	5.41368	0	5.60903	0	0	0	0	0	0	0	0	0	0	0	0	0	0	0	0	3.81183	0	0	7.14323	0	0	0	0	0	0	0	0	0	0	0	0	0	0	
0	0	0	11.53799	0	0	0	0	0	0	0	0	0	0	0	0	0	0	8.71775	0	0	12.27559	0	8.13742	10.72755	7.70945	0	0	10.35411	7.54333	10.89298	0	6.7085	0	0	0.64994	0	10.75943	10.64391	8.30809	7.7503	7.8536	8.31088	9.13649	8.98943	9.65304	8.07985	8.46927	8.62783	7.07656	10.34905	7.889	10.12614	6.77659	6.60225	10.01965	0	4.66807	5.6695	8.34904	0	1.09646	9.69341	0	0	0	0	0	0	3.56238	0	0	8.15481	0	0	9.09787	11.88049	6.22814	0	2.14235	0	0	0	0	0	0	0	0	0	0	0	0	0	0	0	0	0	0	0	0	
8.31034	0	0	0	12.65467	6.17146	0	0	0	0	0	0	0	0	0	0	0	10.04619	0	0	0	0	0	0	9.71994	0	8.08838	8.33484	0	12.22108	10.75901	0	0	0	11.27952	8.64987	5.51046	10.66507	12.23563	8.12486	6.88136	9.19136	8.78792	8.52672	9.07116	8.43788	9.56255	8.30498	8.98223	9.5948	5.08657	9.27913	10.60931	6.27009	8.06532	7.85672	8.4894	6.33147	2.09273	9.10597	9.54852	0	6.06381	9.88186	11.23354	11.52996	8.19603	0	0	0	0	0	0	0	2.61405	0	0	0	0	0	0	0	0	0	0	0	0	0	0	0	0	0	0	0	0	1.71216	0	0	0	0	
0	0	0	0	0	0	0	0	4.46323	0	9.01935	0	0	0	0	0	9.6684	14.75808	11.43292	6.09081	9.6491	9.63396	0	0	0	12.50577	0	9.42257	5.48585	10.40526	0	9.67243	10.5137	6.99284	9.53395	10.70668	7.94718	9.47464	9.62003	8.02892	9.23099	7.63577	5.0165	7.95943	9.78599	7.89279	7.6969	8.83787	8.50455	7.77766	6.23433	9.99342	6.53841	8.81358	4.38885	6.31381	5.69503	8.49463	0	8.15769	5.32197	8.53725	7.15973	0	9.40647	12.39778	1.71216	0	0	0	0	9.33755	0	0	9.47312	0	0	0	10.72346	0	0	0	0	0	0	5.96501	0	0	0	0	0	0	0	0	0	10.18456	0	0	0	0	
0	10.27613	0	0	0	7.65346	0	0	0	0	0	0	0	0	6.54226	11.44032	0	10.68158	9.40996	0	9.70919	0	2.74229	0	0	0	0	0	9.55581	9.3248	7.89665	0	9.34893	6.20625	10.42928	8.39024	9.04488	10.34667	8.95997	9.05283	8.82235	7.51129	7.98997	7.25608	8.25708	7.07692	7.59459	9.11045	7.68231	7.43641	7.47189	7.93561	7.66679	7.03073	8.78024	5.17806	1.09646	7.61833	6.45302	6.58168	0	8.258	0	11.69928	10.31818	0	4.19517	1.43691	0	0	0	0	0	0	0	7.93757	0	0	0	0	7.64767	0	0	0	0	0	0	0	0	0	0	0	0	0	0	0	0	0	0	0	
0	10.42092	8.71189	0	9.83401	0	0	0	0	0	8.15769	0	0	0	8.78258	6.80711	0	7.61628	0	0	8.64782	5.85583	6.85643	10.75844	6.8856	11.35293	0	5.66232	6.77748	6.4875	8.52615	10.84137	11.67977	10.81857	10.14415	5.0509	7.67498	7.57772	8.17006	7.36185	6.40274	7.86848	6.70163	7.03195	7.19806	6.49222	8.49544	8.1964	9.09691	8.14342	7.22727	9.17962	8.01887	7.16779	6.51735	6.11713	8.27208	5.71248	8.02594	9.6118	0	6.38186	9.41647	8.98408	3.17213	0	1.43691	0	0	0	0	7.23956	0	0	9.67142	0	3.69508	0	2.74229	0	0	0	0	4.50012	0	2.39719	0	0	0	0	0	0	0	0	0	0	0	0	0	0	
0	0	0	0	0	0	0	0	5.11182	0	10.29128	10.94788	0	0	0	0	0	0	9.90773	0	4.12969	0	0	0	0	9.5746	9.43362	0	3.16477	8.65191	6.82938	7.65753	10.40707	9.15201	10.28312	8.34029	7.80223	9.36598	7.70491	8.74079	4.14024	7.35296	8.2264	8.22946	7.28352	7.09272	6.49441	7.77128	7.99737	7.90935	8.01141	8.25881	5.76483	7.26465	8.15127	9.9782	8.79701	7.98652	10.14956	9.06464	8.15465	6.13461	6.79237	10.09045	0	7.72988	0	9.64451	0	0	0	0	0	0	0	0	0	0	3.63025	0	0	7.25162	0	0	0	0	0	9.60093	6.32391	10.87673	0	0	0	0	0	0	0	0	0	0	
0	0	0	0	0	0	0	0	8.23603	9.5085	0	2.61405	0	11.86032	0	0	0	0	10.71176	3.51451	0	0	2.86007	10.02069	7.71728	9.42854	4.70276	10.37049	7.66556	10.06489	0	6.35644	5.66236	3.33911	3.22418	8.58507	8.12222	5.80381	11.83355	5.48874	7.61589	8.5314	8.11639	8.26877	6.71517	8.09529	7.71316	7.70803	7.69585	8.80485	8.16787	6.56905	7.86072	6.51774	8.15055	8.85547	7.32722	7.92753	11.48082	7.87732	7.25314	7.44629	9.22303	8.4763	6.45923	10.64299	9.98755	0	0	0	0	0	0	5.15855	11.14458	0	0	0	13.2449	0	0	0	0	0	0	0	0	0	1.43691	0	0.64994	0	0	0	0	0	0	0	0	0	
0	0	8.57218	6.04255	0	4.38679	0	1.43691	6.8856	0	0	0	0	0	0	0	0	7.00459	0	0	0	0	0	11.0625	0	10.62603	0	9.44281	7.19671	7.53648	0	8.05232	0	12.69807	5.42089	8.59855	5.92499	6.59409	3.48718	10.94619	7.24316	9.20706	7.07395	7.88334	6.27878	6.79947	6.37635	8.54224	7.04196	7.77271	7.08802	7.83214	8.44809	7.69589	7.791	5.53242	6.96427	9.16054	6.37748	6.88495	9.5246	7.47638	3.17827	10.22765	4.53358	0	0	8.67649	6.51558	6.1841	3.97701	0	10.00363	0	0.32497	0	8.10983	0	0	0	0	0	7.91809	0	0	0	0	0	0	0	0	0	0	0	0	0	0	0	0	0	
0	0	0	0	0	0	0	0	0	0	10.68058	9.23772	7.63141	0	9.82596	0	0	7.30452	0	6.55104	0	0	0	0	0	0	5.46775	3.63025	4.75173	0	8.15769	8.42097	5.61492	7.9363	5.61773	8.19254	7.95689	6.92555	7.48741	9.18035	8.51033	5.56691	6.36511	7.47839	6.58783	8.1152	5.78589	7.03927	7.91003	5.92597	5.96996	8.27091	9.30719	7.19214	7.32952	6.48369	6.17849	7.69191	8.98827	5.85598	10.38955	6.17188	4.97757	6.81139	0	6.35674	8.99863	5.06122	0	0	5.54011	0	4.97207	2.15304	0	13.90402	0	0	0	0	0	0	0	0	0	0	0	0	6.95047	0	0	0	0	0	0	0	0	0	0	0	
0	0	0	0	0	1.43691	0	0	0	10.49106	0	0	2.74229	0	0	0	0	0	0	0	0	0	0	9.72429	0	0	7.94559	0	0	4.89178	5.80969	0	0	6.03914	10.36536	6.06651	5.62575	0	0	7.91053	3.64711	11.47909	4.88108	4.10345	9.73239	7.47523	6.93358	6.85734	8.45003	3.96984	7.38735	8.15945	6.42336	6.99699	8.47637	6.38611	6.71978	7.23887	5.09834	5.51898	7.58811	5.32519	5.12664	10.96272	7.16224	4.72379	6.55977	6.87164	4.72633	0	0	6.60264	0	4.30608	0	1.71216	9.56487	0	0	0	0	0	0	0	9.94819	0	0	1.09646	0	0	0	12.21107	0	0	0	0	8.89723	0	0	0	
0	0	0	0	0	0	0	0	0	0	0	9.79302	0	0	0	0	0	9.01567	12.64458	0	0	0	0	1.43691	0	0	0	9.06299	0	0	0	0	4.5245	6.41296	5.16761	0	4.63033	7.21134	1.7081	3.43816	6.62318	8.74206	8.19513	2.175	0	7.37629	4.8765	3.51659	7.72124	7.11219	7.43175	11.772	7.47666	4.80441	7.1784	4.73518	6.43955	6.99532	7.42618	8.23674	7.94948	4.89882	0	7.48774	8.97074	0	5.06256	7.19671	10.22491	6.52133	0	0	0	1.09646	0	10.5382	0	9.42376	0	0	0	6.15838	0	0	0	0	0	0	0	0	0	0	0	0	0	0	0	0	0	0	
0	0	0	0	4.69372	0	0	0	0	0	8.86941	0	8.66815	0	0	10.7098	0	0	6.55104	0	7.36594	6.07871	0	0	0	11.09251	9.8775	0	0	7.12867	0	9.34315	7.78213	0	0	7.82621	10.4882	0	11.19938	9.7761	4.54478	8.84462	6.27297	6.55977	3.46613	6.5476	10.40949	5.27343	9.06111	9.0181	9.51184	6.79891	8.89446	6.5335	6.30924	6.80476	7.69505	7.70688	4.17716	7.68538	6.26073	7.13498	8.18417	4.16984	8.61056	0	7.81151	10.49474	0	0	9.10557	8.21408	6.1465	11.48893	6.3403	0	4.81133	0	0	0	2.96894	0	0	0	0	1.43691	0	0	0	0	0	0	0	0	0	0	0	0	0	0	
0	0	0	0	0	0	0	0	0	0	0	4.82367	1.58239	0	0	9.21026	0	0	0	0	2.31728	0	2.86007	0	0	0	0	0	0	3.33961	1.43691	3.34375	0	0	0	10.30692	0	0	0	4.22058	4.49635	6.09428	4.95151	5.69759	8.32196	4.00093	4.69297	7.54159	7.38186	7.70996	0	0	8.17817	9.48823	1.71216	5.87499	7.46367	7.56798	5.50621	6.45273	8.96393	7.79654	7.44147	6.247	5.46278	5.59992	1.94325	8.31801	7.46184	8.62385	0	7.883	6.86404	10.4882	6.17277	0	4.22058	0	5.08788	0	0	0	0	0	0	0	0	0	0	0	0	0	0	0	0	0	0	0	0	0	
0	0	0	10.75468	0	0	0	0	0	0	0	0	0	0	0	0	2.14235	0	0	0	0	0	8.42467	0	0	0	7.60463	4.3533	8.30255	6.63605	0	0	0	0	0	12.56195	0	2.14235	1.09646	5.1	5.52845	0	1.09646	0	6.36037	10.98157	6.24682	8.62513	4.31361	5.73707	5.72404	6.16183	7.29308	9.18581	7.52552	6.91481	6.88686	7.11958	6.66464	6.05184	8.18682	7.40948	8.53811	9.22855	6.69905	8.79505	5.73811	8.3155	12.03705	7.12591	4.55433	7.46639	4.49308	4.53242	5.33528	0	11.05981	4.17584	5.18132	8.70993	0.64994	3.07018	0	0	0	1.09646	0	0	0	0	0	0	0	0	0	0	0	3.98162	0	11.77245	
0	0	5.7334	0	0	0	0	0	0	0	0	0	0	0	0	0	0	0	0	0	4.22058	0	0	0	0	8.80295	0	9.33187	0	8.381	0	9.02093	12.45052	0	9.11426	0	0	7.28728	5.8125	0	6.81443	0	0	8.15797	11.17934	8.71775	0.32497	2.38982	1.94325	6.30675	10.24384	9.39478	6.96128	8.83628	7.29019	9.98683	2.96894	6.42475	8.32161	4.41688	2.38634	4.51266	5.13514	2.75618	6.14958	4.23811	4.36775	0	8.50088	3.57532	4.16815	4.63114	4.29786	8.93651	0	0	6.02726	0	2.42135	3.25354	0	5.72052	0	0	0	0	0	0	2.91227	0	0	0	0	0	0	0	2.47329	0	0	0	
0	0	0	0	1.09646	0	0	0	0	0	0	0	9.24315	0	0	0	0	0	0	0	6.53342	0.64994	0	0	0	0	0	7.64925	0	0	0	0	8.67017	0	0	0	3.4162	0	3.69508	6.96003	0	0	5.36808	0	4.57079	0	1.25754	8.6105	3.87373	5.4871	9.02881	2.64314	9.16091	4.2873	8.28005	5.01662	0	4.70163	3.70527	3.07306	7.02156	5.03136	7.9796	6.37482	5.22634	8.20845	6.29252	5.25673	7.07454	6.99551	6.12156	0	0	8.49293	0	11.7545	4.70856	6.41762	0	0	0	0	0	0	10.42271	0	0	0	0	0	0	0	0	0	0	0	10.88761	0	0	0	
0	0	0	0	0	0	0	0	5.13537	0	0	0	0	0	0	0	9.00982	5.10468	8.43419	0	0	0	0	0	6.71996	0	0	0	0	0	0	0	0	0	4.67089	8.66815	0	7.88297	0	0	0	0	8.03783	11.51629	0	11.77868	10.06701	6.02928	0	5.5628	0	10.36411	9.09487	7.79399	0	6.80711	0	7.74025	0	4.65079	7.35933	3.92869	4.95951	6.14982	4.57991	6.93664	7.02228	7.35625	9.89744	7.4381	8.0691	2.56769	7.36152	8.09601	7.91214	4.84141	10.23136	5.57498	0	1.09646	5.03877	9.69934	11.49127	0	0.54823	5.33164	7.47574	8.53945	5.50438	0	10.03439	0	0	6.06843	0	0	0	0	0	0	
0	0	0	0	0	0	0	0	0	0	0	0	0	0	0	0	0	0	0	0	5.23574	0	0	0	0	0	0	0	0	4.96182	0	0	0	0	9.85018	0	0	0	0	0	9.03352	0	9.08129	8.50822	5.07794	0	0	0	7.79697	4.69564	7.13963	0	0	4.65028	5.97795	7.56765	0	0	8.08511	8.46194	9.08583	6.58446	1.92726	6.28962	6.19332	6.3568	0.21665	6.05034	8.40449	9.82501	7.81263	7.80169	5.91591	4.95245	3.40127	0	2.03307	0	7.85595	0	0	0	0	0	0	0	6.84682	0	0	0	0	0	0	0	0	0	0	0	0	0	
0	0	0	0	5.6748	0	0	0	0	0	0	5.29028	0	2.14235	0	0	0	0	0	0	0	0	0	0	0	0	0	0	0	0	0	0	0	0	0	0	0	0	0	6.34544	0	0	5.79797	0	5.64403	0	2.46761	8.00944	0	0	1.94325	0	0	0	8.0347	0	0	0	0	12.59102	7.83029	3.62227	6.53829	9.93832	4.56749	0	0.32497	6.07837	9.18182	6.28782	2.89961	7.78782	7.57173	5.57167	0	0	7.71841	2.31728	6.94789	6.00392	1.94325	5.91145	0.64994	0	0	0	2.14235	10.37495	0	5.0204	0	0	0	0	5.33164	0	0	0	0	0	
0	0	0	0	0	0	0	0	0	0	0	0	0	0	0	0	0	5.17183	0	0	0	8.03157	9.34767	0	0	0	8.56353	0	0	0	0	0	0	11.89578	8.37651	0	0	0	0	0	0	0	0	0	0	0	0	0	1.09646	0	0.64994	0	0	0	0	8.55369	10.69759	9.9789	4.42552	2.31728	0	4.96596	5.12862	0	6.65546	7.74637	7.00332	7.00788	6.4674	3.7024	7.91037	6.39276	6.51755	6.64652	8.53897	6.3386	7.40636	0	9.50398	4.32339	0	0	7.89062	0	6.31362	9.50987	0	0.64994	0	10.42462	0	0	0	0	0	0	9.41817	0	0	0	
0	0	0	0	0	0	0	0	7.74047	0	0	9.15804	0	0	0	0	0	0	0	0	0	0	0	0	0	0	0	11.81227	0	0.64994	0	0	0	0	0	0	0	0	0	9.97253	0	0	0	0	0	5.18136	0	2.86007	3.49113	0	0	10.78896	0	0	0	0	0	0	8.39194	0	7.42452	0	9.30018	8.98837	6.85107	3.96617	5.06779	0	0	6.32983	8.05424	0	7.79447	6.32074	7.37643	11.35609	2.57928	0	1.43691	8.41978	8.54634	8.24024	8.82484	10.11601	4.72396	0	0	0	0	0	8.70797	0	7.97904	0	0	0	0	0	0	0	
0	0	0	0	0	0	0	0	0	0	0	0	0	7.08019	0	0	0	0	0	8.32833	0	0	0	0	0	2.805	0	0	0	0	0	0	0	0	8.27631	0	0	6.53145	0	0	10.46863	0	2.61405	11.25117	0	0	0	0	0	0	3.87373	6.62777	0	0	8.9279	0	0	0	0	7.13397	8.08101	0	4.40592	8.61888	6.53342	4.43666	8.84026	4.38679	0	4.92614	6.97338	0	7.56467	5.88461	9.54852	6.97326	3.4832	5.14163	7.62346	4.40483	0	7.43795	6.1265	4.22487	1.40431	0	0	7.91053	3.15607	0	1.09646	0	0	6.94678	0	0	0	0	6.02071	0	
0	0	0	0	0	0	0	10.88022	0	0	0	0	0	0	0	0	0	0	0	0	0	0	0.64994	0	0	0	0	0	7.69367	0	0	0	0	0	9.67473	0	0	11.15614	0	0	0	2.39577	0	0	0	0	5.09192	0	0	0	0	0	8.88859	0	0	0	4.03648	11.45327	0	6.47139	8.06698	0	0	5.19337	0	3.49113	0	7.52056	6.52112	9.6542	8.52886	6.16979	9.5864	5.52442	8.08698	6.99622	5.62474	0	5.70903	6.23079	8.59077	5.94332	7.61784	0	7.95464	0	4.53582	3.87471	0	0	9.26066	7.54041	0	0	0	0	9.73639	0	0	0	
0	0	0	0	0	0	0	0	0	0	0	0	0	0	0	0	0	0	0	0	0	0	0	0	0	0	0	0	0	0	0	0	0	0	0	0	0	5.43169	0	0	0	0	0	0	0	0	0	0	0	8.97598	0	4.86822	0	5.28002	0	0	2.47329	6.71957	0	0	2.86007	0	10.83689	11.70026	5.35189	5.03704	0	0	9.60652	6.3719	0	6.80711	6.38277	10.23551	6.15279	8.24306	0	3.78997	6.2045	6.05982	1.49547	8.83746	5.26914	1.43691	0	0	3.30972	0	0	0	0	0	10.18543	8.19364	6.56845	0	0	0	0	0	
0	0	0	0	0	0	0	8.42228	0	0	0	0	0	0	0	0	0	0	0	0	0	0	0	0	0	0	0	0	0	0	0	0	0	0	0	0	0	5.39362	0	7.53006	0	0	0	0	0	0	0	0	0	0	3.84729	0	0	8.74671	8.00669	0	0	8.34967	8.93463	9.31581	0	2.14235	0	6.5148	9.00055	11.0291	0	0	6.62531	5.93196	6.63678	3.38644	5.36038	7.1605	10.30368	7.40419	6.71447	0	8.65765	8.63527	7.31819	8.54825	5.27391	6.88435	7.69267	0	0	1.10474	0	0	6.74723	0	0	0	0	9.07982	0	0	0	0	
0	0	0	0	0	0	0	0	0	0	0	0	0	0	0	0	0	0	0	0	0	0	0	0	0	10.25546	0	0	0	0	0	0	0	0	0	0	0	9.71994	0	0	0	0	0	0	9.78094	0	0	0	6.74723	0	0	0	0	0	0	1.09646	0	0	0	0	0	0	8.21609	0	0	5.2317	6.05644	3.34428	0	7.17751	3.35817	0	10.94006	0	8.21131	6.09365	5.03877	6.24235	3.90291	6.05651	2.7616	0	10.61807	0	11.61592	7.0924	0	0	0	0	7.84419	0	0	0	0	0	0	0.64994	0	0	
0	0	0	0	0	0	0	0	0	0	0	0	5.86994	0	0	0	0	0	0	0	0	0	0	0	0	0	0	0	0	0	0	0	0	0	0	0	0	0	0	0	0	0	0	0	0	0	0	7.7405	0	0	2.47329	0	9.43567	0	0	0	0	0	0	4.21495	0	0	0	5.79645	2.86007	5.96501	9.33869	0	0.64994	0	0	8.88339	0	0	0	2.58652	5.0972	9.10549	8.56483	4.34567	0	4.19844	5.59981	4.16974	8.47501	1.99081	7.52339	0	6.42292	0	0	0	0	5.57498	0	0	0	0	0	0	
0	0	0	0	0	0	0	0	0	0	0	0	0	0	0	0	0	0	0	0	0	0	0	0	0	0	0	0	0	0	0	0	10.31404	0	0	0	0	0	0	0	1.71216	0	0	0	0	0	0	0	0	0	0	0	0	0	0	0	3.6559	0	0	0	7.87802	0	0	3.39461	0	6.47923	0	0	7.12093	0	0	0	8.30515	0	0	5.26914	0	0	6.30144	8.96649	7.25972	6.32391	9.68844	0	2.31728	0	2.47329	0	0	1.43691	6.5536	7.35803	4.30465	0	0	0	0	0	0	0	
0	0	0	0	0	0	0	0.97163	0	0	0	0	0	0	0	0	0	0	0	0	0	0	0	0	0	0	0	6.94011	0	0	0	0	0	0	0	0	0	0	0	0	0	0	0	0	0	0	0	0	0	0	0	0	0	0	0	0	0	0	0	0	0	0	0	0	0	0	0	0	0	0	4.14254	4.08451	8.87315	0	0	8.55918	10.70488	0	8.37455	8.25497	0	6.15637	0	7.48494	2.61405	9.81488	0	8.66208	0	0.64994	0	11.29757	0	0	0	8.57218	0	0	0	0	
0	0	0	0	0	0	0	0	0	0	0	0	0	0	0	0	0	0	0	0	11.83806	0	0	0	0	0	0	0	0	0	7.87599	0	0	0	0	0	0	0	0	0	0	0	0	0	0	0	0	0	0	0	0	0	0	0	0	0	0	0	0	9.62642	0	0	0	0	6.21759	8.78071	6.05421	9.40305	0	0	0	0	0	0	0	3.56238	7.099	1.94325	0	0	4.50536	0	0	0	2.03934	10.00763	7.71467	3.91094	7.30971	0	9.74407	6.89942	2.86007	7.98047	0	6.81443	0	0	0	0	
0	0	0	0	0	0	0	0	0	0	0	0	0	0	0	0	0	0	0	0	0	0	0	0	0	0	0	0	0	0	0	0	0	0	0	0	0	0	0	0	0	0	0	0	0	0	0	0	1.71216	0	0	0	0	0	0	0	0	0	0	0	0	0	0	0	0	0	0	0	0	7.42409	10.12845	12.42461	7.23312	0	9.96143	6.07871	0	8.72747	0	0	0	8.38592	6.33971	0	4.53226	0	5.88391	0	0	3.90033	0	1.54529	2.26791	0	1.43691	0	0	0	0	0	
0	0	0	0	0	0	0	0	0	0	0	0	0	0	0	9.07264	0	0	0	0	0	0	0	0	0	0	0	0	0	0	0	0	0	0	7.38532	0	0	0	0	0	0	0	0	0	0	0	0	0	0	0	0	0	0	0	0	0	0	0	0	0	0	0	0	0	0	0	0	3.98162	0	0	0	0	0	8.90753	0	0	0	0	0	0	0	2.47329	0	0	1.30703	0	7.70077	3.37743	8.35866	9.71376	8.2816	0	10.1085	0	0	0	0	0	0	0	
0	0	0	0	0	0	0	0	0	0	0	0	0	0	0	0	0	0	0	0	0	0	0	0	0	0	0	0	0	0	0	0	0	0	0	0	0	0	0	0	0	0	0	0	0	0	0	0	9.28719	1.43691	0	0	0	0	0	0	0	0	0	3.25354	0	0	0	0	0	8.01517	0	0	0	0	0	6.71633	0	0	0	0	0	12.51632	0	6.78917	10.45349	0	0	10.26416	0	0	0	0	0	0	0	0	0	0	0	0	0	0	0	0	
0	0	0	0	0	0	0	0	0	0	0	0	0	0	0	0	0	0	0	0	0	0	0	0	0	0	0	0	0	0	0	0	0	0	0	0	0	0	0	0	0	0	0	0	0	0	0	0	0	0	0	0	0	0	0	2.22825	0	0	8.24147	0	0	0	0	0	8.72747	0	0	0	0	0	0	3.87373	0	4.63829	0	0	6.25031	0	0	0	2.94196	4.72073	4.01252	7.32666	0	0	0	7.62046	7.87222	0	4.53582	5.15855	9.54193	0	0	0	0	0	0	0	
0	0	0	0	0	0	0	0	0	0	0	0	0	0	0	0	0	0	0	0	0	0	0	0	0	0	0	0	0	0	0	0	0	0	0	0	0	0	0	0	0	0	0	0	0	0	0	0	0	0	0	0	0	0	0	0	0	0	0	0	0	0	0	0	0	0	0	0	0	0	0	0	0	0	0	0	0	0	0	0	0	0	0	0	0	0	1.94325	0	0	0	0	9.95565	0	0	0	0	0	0	0	0	
0	0	0	0	0	0	0	0	0	0	0	0	0	0	0	0	0	0	0	0	0	0	0	0	0	0	0	0	0	0	0	0	0	0	0	0	0	0	0	0	0	0	0	0	0	0	0	0	0	0	0	0	0	0	0	0	0	0	0	0	0	0	0	0	0	0	0	0	0	0	10.1587	0	0	0	0	0	0	0	0	8.21383	0	0	0	8.70403	0	0	0	0	0	0	7.61142	9.53972	0	0	0	0	0	0	0	0	
0	0	0	0	0	0	0	0	0	0	0	0	0	0	0	0	0	0	0	0	0	0	0	0	0	0	0	0	0	0	0	0	0	0	0	0	0	0	0	0	0	0	0	0	0	0	0	0	0	0	0	0	0	0	0	0	0	0	0	5.01357	0	0	0	0	0	0	0	0	0	0	11.22636	0	0	0	0	0	0	0	0	0	0	0	0	0	0	0	0.64994	0	0	0	0	0	0	0	0	0	0	0	0	0	
0	0	0	0	0	0	0	0	0	0	0	0	0	0	0	0	0	0	0	0	0	0	0	0	0	0	0	0	0	0	0	0	0	0	0	0	0	0	0	0	0	0	0	0	0	0	0	0	0	0	0	0	0	0	0	0	0	0	0	0	0	0	0	0	0	0	0	0	0	10.29128	1.09646	0	0	0	0	0	0	0	8.21684	0	0	0	0	0	0	0	0	0	4.46323	2.96894	0	0	0	0	0	0	0	0	0	0	
0	0	0	0	0	0	0	0	0	0	0	0	0	0	0	0	0	0	0	0	0	0	0	0	0	0	0	0	0	0	0	0	0	0	0	0	0	0	0	0	0	0	0	0	0	0	0	0	0	0	0	0	0	0	0	0	0	0	0	0	0	0	0	0	0	0	0	0	0	0	0	0	0	0	0	0	0	0	0	0	0	0	0	0	0	0	0	0	0	0	0	0	0	0	0	0	0	0	0	0	
0	0	0	0	0	0	0	0	0	0	0	0	0	0	0	0	0	0	0	0	0	0	0	0	0	0	0	0	0	0	0	0	0	0	0	0	0	0	0	0	0	0	0	0	0	0	0	0	0	0	0	0	0	0	0	0	0	0	8.99702	0	0	0	0	0	0	0	0	0	0	0	0	0	0	0	0	7.47112	0	0	0	0	0	0	0	0	0	0	0	0	0	0	0	0	0	0	0	0	0	0	0	0	
0	0	0	0	0	0	0	0	0	0	0	0	0	0	0	0	0	0	0	0	0	0	0	0	0	0	0	0	0	0	0	0	7.75197	0	0	0	0	0	0	0	0	0	0	0	0	0	0	0	0	0	6.43246	0	0	0	0	0	0	0	0	0	0	0	0	0	0	0	0	0	0	0	0	0	0	0	0	1.43691	0	0	0	0	0	0	0	0	0	0	0	0	0	0	0	0	0	0	0	0	0	0	0	0	
0	0	0	0	0	0	0	0	0	0	0	0	0	0	0	0	0	0	0	0	0	0	0	0	0	0	0	0	0	0	0	0	0	0	0	0	0	0	0	0	0	0	0	0	0	0	0	0	0	0	0	0	0	0	0	0	0	0	0	0	0	0	0	0	0	0	0	0	0	0	0	0	0	0	0	0	0	0	0	0	0	0	0	0	0	0	0	0	0	0	0	0	0	0	0	0	0	0	0	0	
0	0	0	0	0	0	0	0	0	0	0	0	0	0	0	0	0	0	0	0	0	0	0	0	0	0	0	0	0	0	0	0	0	0	0	0	0	0	0	0	0	0	0	0	0	0	0	0	0	0	0	0	0	0	0	0	0	0	0	0	0	0	0	0	0	0	0	0	0	0	0	0	0	0	0	0	0	0	0	0	0	0	0	0	0	0	0	0	0	0	0	0	0	0	0	0	0	0	0	0	
0	0	0	0	0	0	0	0	0	0	0	0	0	0	0	0	0	0	0	0	0	0	0	0	0	0	0	0	0	0	0	0	0	0	0	0	0	0	0	0	0	0	0	0	0	0	0	0	0	0	0	0	0	0	0	0	0	0	0	0	0	0	0	0	0	0	0	0	0	0	0	0	0	0	0	0	0	0	0	0	0	0	0	0	0	0	0	0	0	0	0	0	0	0	0	0	0	0	0	0	
0	0	0	0	0	0	0	0	0	0	0	0	0	0	0	0	0	0	0	0	0	0	0	0	0	0	0	0	0	0	0	0	0	0	0	0	0	0	0	0	0	0	0	0	0	0	0	0	0	0	0	0	0	0	0	0	0	0	0	0	0	0	0	0	0	0	0	0	0	0	0	0	0	0	0	0	0	0	0	0	0	0	0	0	0	0	0	0	0	0	0	0	0	0	0	0	0	0	0	0	
0	0	0	0	0	0	0	0	0	0	0	0	0	0	0	0	0	0	0	0	0	0	0	0	0	0	0	0	0	0	0	0	0	0	0	0	0	0	0	0	0	0	0	0	0	0	0	0	0	0	0	0	0	0	0	0	0	0	0	0	0	0	0	0	0	0	0	0	0	0	0	0	0	0	0	0	0	0	0	0	0	4.70276	0	0	0	0	0	0	0	0	0	0	0	0	0	0	0	0	0	0	
0	0	0	0	0	0	0	0	0	0	0	0	0	0	0	0	0	0	0	0	0	0	0	0	0	0	0	0	0	0	0	0	0	0	0	0	0	0	0	0	0	0	0	0	0	0	0	10.51762	0	0	0	0	0	0	0	0	0	0	0	0	0	0	0	0	0	0	0	0	0	0	0	0	0	0	8.48822	0	0	0	0	0	0	0	0	0	0	0	0	0	0	0	0	0	0	0	0	0	0	0	0	0	
