0	0	0	0	0	0	0	0	0	0	0	0	0	0	0	0	0	0	0	0	0	0	0	0	0	0	0	0	0	0	0	0	0	0	0	0	0	0	0	0	0	0	0	0	0	0	0	0	0	0	0	12.9176	0	0	0	0	0	0	0	0	0	0	0	0	0	0	0	0	0	0	0	0	0	0	0	0	0	0	0	0	0	0	0	0	0	0	0	0	0	0	0	0	0	0	0	0	0	0	0	0	
0	0	0	0	0	0	0	0	0	0	0	0	0	0	0	0	0	0	0	0	0	0	0	0	0	0	0	0	0	0	0	0	0	0	0	0	0	0	0	0	0	0	0	0	0	0	0	13.656	0	0	0	0	0	0	0	0	0	0	0	0	0	0	0	10.17954	0	0	0	0	0	0	0	0	0	0	0	0	0	0	0	0	0	0	0	0	0	0	0	0	0	0	0	0	0	0	0	0	0	0	0	0	
0	0	0	0	0	0	0	0	0	0	0	0	0	0	0	0	0	0	0	0	0	0	0	0	0	0	0	0	0	0	0	0	0	0	0	0	0	0	0	0	0	0	0	0	0	0	0	0	0	0	0	0	0	0	8.6341	0	0	0	0	0	0	0	0	0	0	0	0	0	0	0	0	0	0	0	0	0	0	0	0	0	0	0	0	0	0	0	0	0	0	0	0	0	0	0	0	0	0	0	0	0	
0	0	0	0	0	0	0	0	0	0	0	0	0	0	0	0	0	0	0	0	0	0	0	0	0	0	0	0	0	0	0	0	0	0	0	0	0	0	0	0	0	0	0	0	0	0	14.26896	9.24727	0	0	0	0	0	0	0	0	0	0	0	0	0	0	0	0	0	0	0	0	0	0	0	0	0	0	0	0	0	0	0	0	0	0	0	0	0	0	0	0	0	0	0	0	0	0	0	0	0	0	0	0	
0	0	0	0	0	0	0	0	0	0	0	0	0	0	0	0	0	0	0	0	0	0	0	0	0	0	0	0	0	0	0	0	0	0	0	0	0	7.90932	0	0	0	0	0	13.35588	0	0	0	0	0	0	0	0	0	0	0	0	0	0	0	0	0	0	0	0	0	0	0	0	0	0	0	0	0	0	0	0	0	0	0	0	0	0	0	0	0	0	0	0	0	0	0	0	0	0	0	0	0	0	0	0	
0	0	0	0	0	0	0	0	0	0	0	0	0	0	0	0	0	0	0	0	0	0	0	0	0	0	0	0	0	0	0	0	0	0	0	0	0	0	0	0	0	0	0	0	0	0	0	0	0	0	0	0	0	0	0	0	0	0	0	0	0	0	0	0	0	0	0	0	0	0	0	0	8.23059	0	0	0	0	0	0	0	0	0	0	0	0	0	0	0	0	0	0	0	0	0	0	0	0	0	0	0	
0	0	0	0	0	0	0	0	0	0	0	0	0	0	0	0	0	0	0	0	0	0	0	0	0	0	0	0	0	0	0	0	0	0	0	0	0	0	0	0	0	0	0	0	0	0	0	0	0	0	0	0	0	0	0	0	0	0	0	0	0	0	0	0	0	0	0	0	0	0	0	0	0	0	10.78635	0	0	0	0	0	0	0	0	0	0	0	0	0	0	0	0	0	0	0	0	0	0	0	0	0	
0	0	0	0	0	0	0	0	0	0	0	0	0	0	0	0	0	0	0	0	0	0	0	0	0	0	0	0	0	0	0	0	0	0	0	0	0	0	0	0	0	0	0	0	0	0	0	0	0	0	0	7.92231	0	0	0	13.32446	0	0	7.34347	0	0	0	0	0	0	0	0	0	0	0	0	0	0	0	0	0	0	0	0	0	0	0	0	0	0	0	0	0	0	0	0	0	0	0	0	0	0	0	0	0	
0	0	0	0	0	0	0	0	0	0	0	0	0	0	0	0	0	0	0	0	0	0	0	0	0	0	0	0	0	0	0	0	0	0	0	0	0	0	0	0	0	0	0	0	0	0	0	0	0	0	0	0	0	0	0	0	0	0	0	0	0	0	0	0	0	0	0	7.77267	0	0	0	0	0	0	0	0	0	0	0	0	0	0	0	0	0	0	0	0	0	0	0	0	0	0	0	0	0	0	0	0	
0	0	0	0	0	0	0	0	0	0	0	0	0	0	0	0	0	0	0	0	0	0	0	0	0	0	0	0	0	0	0	0	0	0	0	0	0	0	0	0	0	0	0	0	0	0	0	0	0	0	0	0	0	0	0	8.12038	0	0	0	0	0	0	0	0	0	0	0	0	0	0	0	0	0	0	0	0	0	0	0	0	0	0	0	0	0	0	0	0	0	0	0	0	0	0	0	0	0	0	0	0	
0	0	0	0	0	0	0	0	0	0	0	0	0	0	0	0	0	0	0	0	0	0	0	0	0	0	0	0	0	0	0	0	0	0	0	0	0	0	0	0	0	0	0	0	0	0	0	0	0	0	0	0	0	0	0	0	0	0	0	0	0	0	0	0	0	0	0	9.10248	0	0	0	0	0	0	0	0	0	0	0	0	0	0	0	0	0	0	0	0	0	0	0	0	0	0	0	0	0	0	0	0	
0	0	0	0	0	0	0	0	0	0	0	0	0	0	0	0	0	0	0	0	0	0	0	0	0	0	0	0	0	0	0	0	0	0	0	0	0	0	0	0	0	0	0	0	0	0	0	0	0	0	0	0	3.03803	0	0	0	0.88561	0	0	0	0	0	0	0	0	0	0	0	0	0	0	6.29549	0	0	0	0	0	0	0	0	0	0	0	0	0	0	0	0	0	0	0	0	0	0	0	0	0	0	0	0	
0	0	0	0	0	0	0	0	0	0	0	0	0	0	0	0	0	0	0	0	0	0	0	0	0	0	0	0	0	0	0	0	0	0	0	0	0	0	0	0	0	0	0	0	0	0	0	0	7.77025	0	0	0	13.35997	0	0	0	0	0	0	0	0	0	0	0	0	0	0	5.92988	0	0	0	0	0	0	0	0	0	0	0	0	0	0	0	0	0	0	0	0	0	0	0	0	0	0	0	0	0	0	0	0	
0	0	0	0	0	0	0	0	0	0	0	0	0	0	0	0	0	0	0	0	0	0	0	0	0	0	0	0	0	0	12.77353	0	0	0	0	0	0	0	0	0.53695	0	0	0	0	0	0	0	9.8174	0	0	0	0	0	0	0	0	0	6.22767	2.33848	0	6.81229	0	0	4.3173	0	0	0	0	0	0	0	0	0	0	0	0	0	0	0	0	0	0	0	0	0	0	0	0	0	0	0	0	0	0	0	0	0	0	0	0	
0	0	0	0	0	0	0	0	0	0	0	0	0	0	0	0	0	0	0	0	0	0	0	0	0	0	0	0	0	0	0	0	0	0	0	0	0	0	0	0	0	0	0	0	0	0	0	0	0	0	0	0	0	0	6.79147	0	0	0	0	0	0	0	0	0	0	0	0	0	0	0	0	0	0	0	0.53695	0	0	0	0	0	0	0	0	0	0	0	0	0	0	0	0	0	0	0	0	0	0	0	0	0	
0	0	0	0	0	0	0	0	0	0	0	0	0	0	0	0	0	0	0	0	0	0	0	0	0	0	0	0	0	0	0	0	0	0	0	0	0	0	0	0	0	0	9.41414	0	0	0	0	0	0	0	0	0	9.81235	0	0	0	0	0	0	13.39397	0	0	0	0	0	0	0	0	0	0	0	5.14017	0	0	0	0	0	0	0	0	0	0	0	0	0	0	0	0	0	0	0	0	0	0	0	0	0	0	0	0	
0	0	0	0	0	0	0	0	0	0	0	0	0	0	0	0	0	0	0	0	0	0	0	0	0	0	0	0	0	0	0	0	0	0	0	0	0	0	0	0	0	0	0	6.49537	0	0	0	9.95252	0	0	0	9.15277	0	0	0	0	0	0	5.02004	0	0	0	0	0	0	0	0	0	0	0	0	0	0	0	0	0	0	0	0	0	0	0	0	0	0	0	0	0	0	0	0	0	0	0	0	0	0	0	0	0	
0	0	0	0	0	0	0	0	0	0	0	0	0	0	0	0	0	0	0	0	0	0	0	0	0	0	0	0	0	0	0	0	0	0	0	0	0	0	0	0	0	0	6.31196	0	0	0	0	0	0	0	0	0	0	0	0	8.0162	0	0	0	0	0	0	0	0	0	0	1.70235	0	3.32439	0	0	0	0	0	0	0	0	0	0	0	0	0	0	0	0	0	0	0	0	0	0	0	0	0	0	0	0	0	0	0	
0	0	0	0	0	0	0	0	0	0	0	0	0	0	0	0	0	0	0	0	0	0	0	0	0	0	0	0	0	0	0	0	0	0	0	0	0	0	0	0	13.42055	0	0	0	0	0	0	0	0	0	0	0	0	0	0	0	0	0	0	0	0	0	0	0	0	0	0	0	0	0	0	0	0	0	0	0	0	0	0	0	0	0	0	0	0	0	0	0	0	0	0	0	0	0	0	0	0	0	0	0	
0	0	0	0	0	0	0	0	0	0	0	0	0	0	0	0	0	0	0	0	0	0	0	0	0	0	0	0	0	0	0	0	0	0	0	0	0	0	0	0	0	0	0	0	0	0	0	9.59155	0	0	8.80166	0	0	0	0	0	0	0	0	0	0	0	0	0	0	0	0	0	0	0	0	0	0	0	0	0	9.24544	0	0	0	0	0	0	0	0	0	0	0	0	0	0	0	0	0	0	0	0	0	0	0	
0	0	0	0	0	0	0	0	0	0	0	0	0	0	0	0	0	0	0	0	0	0	0	0	0	0	0	0	0	0	0	0	0	0	0	0	0	0	0	0	0	0	0	0	0	0	0	8.49859	0	0	10.11765	9.81235	0	0	0	0	6.04733	0	12.51666	0	8.83547	0	0	0	0	10.94621	0	0	0	0	0	0	0	0	0	0	0	0	0	0	0	0	0	0	0	0	0	0	0	0	0	0	0	0	0	0	0	0	0	0	
0	0	0	0	0	0	0	0	0	0	0	0	0	0	0	0	0	0	0	0	0	0	0	0	0	0	0	0	0	0	0	0	0	0	0	0	0	0	0	0	0	6.75292	0	0	0	0	0	0	0	0	0	0	0	0	0	0	0	0	0	0	0	0	0	0	0	0	0	0	4.44224	0	0	0	0	0	0	0	0	0	0	0	0	0	0	0	0	0	0	0	0	0	0	0	0	0	0	0	0	0	0	0	
0	0	0	0	0	0	0	0	0	0	0	0	0	0	0	0	0	0	0	0	0	0	0	0	0	0	0	0	0	0	0	0	0.53695	0	0	0	0	0	0	0	0	0	0	0	0	0	0	10.03885	0	0	0	0	0	0	0	0	0	0	0	0	0	0	0	5.1028	0	0	0	0	0	0	0	0	0	0	0	0	0	0	0	0	0	0	0	0	0	0	0	0	0	0	0	0	0	0	0	0	0	0	0	0	
0	0	0	0	0	0	0	0	0	0	0	0	0	0	0	0	0	0	0	0	0	0	0	0	0	0	0	0	0	0	0	12.53167	0	0	0.53695	0	0	0	0	0	0	0	0	0	0	0	0	0	0	0	0	0	0	0	0	0	0	0	0	0	0	0	0	0	0	0	0	0	0	0	0	0	0	0	0	0	0	0	0	0	0	0	0	0	0	0	0	0	0	0	0	0	0	0	0	0	0	0	0	0	
0	0	0	0	0	0	0	0	0	0	0	0	0	0	0	0	0	0	0	0	0	0	0	0	0	0	0	0	0	0	0	0	0	0	0	0	0	0	0	0	0	0	0	10.35616	0	0	0	0	0	17.35044	0	0	0	0	9.57629	0	0	0	0	0	0	0	0	0	0	0	0	0	0	0	0	0	0	0	0	0	0	0	0	4.09663	0	0	0	0	0	0	0	0	0	0	0	0	0	0	0	0	0	0	0	0	
0	0	0	0	0	0	0	0	0	0	0	0	0	0	0	0	0	0	0	0	0	0	0	0	0	0	0	0	0	0	0	0	5.14017	0	0	0	0	0	0	0	0	0	0	0	0	0	0	1.70235	0	0	5.83074	7.82607	0	0	0	0	0	0	7.85135	0	0	0	0	0	0	0	0	0	0	0	1.23426	0	0	0	0	0	0	0	0	0	0	0	0	0	0	5.57482	0	0	0	0	0	0	0	0	0	0	0	0	0	0	
0	0	0	0	0	0	0	0	0	0	0	0	0	0	0	0	0	0	0	0	0	0	0	0	0	0	0	0	0	0	0	0	0	0	0	0	0	0	0	10.31284	0	0	0	0	16.75628	0	4.34956	0	0	0	0	0	0	0	0	0	0	0	0	0	0	0	0	0	0	0	0	0	0	0	0	0	0	0	0	0	0	0	0	0	0	0	0	0	0	0	0	0	0	0	0	0	0	0	0	0	0	0	0	0	
0	0	0	0	0	0	0	0	0	0	0	0	0	0	0	0	0	0	0	0	0	0	0	0	0	0	0	0	0	0	0	0	0	0	0	8.48413	0	0	0	0	0	0	0	0	0	0	0	8.43047	0	0	0	0	0	9.02442	0	0	0	0	0	0	7.23539	0	0	0	0	0	0	0	0	0	0	0	0	0	0	0	0	0	0	0	0	0	0	0	0	0	0	0	0	0	0	0	0	0	0	0	0	0	0	0	
0	0	0	0	0	0	0	0	0	0	0	0	0	0	0	0	0	0	0	0	0	0	0	0	0	0	0	0	0	0	0	0	0	0	0	0	0	0	0	0	0	14.16671	0	0	0	0	0	0	0	0	0	0	0	0	0	0	0	0	0	0	0	0	0	0	0	0	0	9.49028	0	0	0	4.87794	0	0	0	0	0	0	0	0	0	0	0	0	0	0	0	0	0	0	0	0	0	0	0	0	0	0	0	0	
0	0	0	0	0	0	0	0	0	0	0	0	0	0	0	0	0	0	0	0	0	0	0	0	0	0	0	0	0	0	0	0	0	0	0	0	0	0	0	0	6.59368	0	0	0	9.63964	0	0	4.15079	0	0	3.44874	11.725	0	0	0	10.43862	0	0	4.81	0	8.09443	0	0	0	0	0	0	0	1.23426	0	0	0	0	0	0	0	0	0	0	0	0	0	0	0	0	0	0	0	0	0	0	0	0	0	0	5.34608	0	0	0	0	
0	0	0	0	0	0	0	0	0	0	0	0	0	0	0	0	0	0	0	0	0	0	0	0	0	0	0	0	0	0	0	0	0	0	0	0	0	0	0	0	0	0	0	0	8.28791	0	0	0	0	0.92729	0	0	7.55194	0	0	0	0	7.39462	0	0	0	5.46865	0	0	0	0	0	0	0	0	0	0	0	0	0	0	0	0	0	0	0	0	0	0	0	0	0	0	0	0	0	0	0	0	0	0	0	0	0	0	
0	0	0	0	0	0	0	0	0	0	0	0	0	0	0	0	0	0	0	0	0	0	0	0	0	0	0	0	0	0	0	0	0	0	0	0	0	0	0	0	0	0	0	13.0849	0	0	9.46197	0	0	0	7.63609	0	0	0	0	0	0	0	0	2.0552	0	0	0	0	6.22767	0	0	3.66929	0	0	0	0	8.50577	0	0	0	9.06896	0	0	0	0	0	0	0	0	0	0	0	0	0	0	0	0	0	0	0	0	0	0	0	
0	0	0	0	0	0	0	0	0	0	0	0	0	0	0	0	0	0	0	0	0	0	0	0	0	0	0	0	0	0	0	0	0	0	0	0	0	0	0	0	0	0	0	0	10.69291	2.87027	0	10.36556	0.53695	0	0	7.88757	0.53695	0	0	9.71044	0	0	0	0	0	0	0	0	0	0	0	14.48915	0	0	0	0	0	11.23666	0	0	0	0	0	0	0	0	0	0	0	0	0	0	0	0	0	0	0	0	0	0	0	0	0	0	
0	0	0	0	0	0	0	0	0	0	0	0	0	0	0	0	0	0	0	0	0	0	0	0	0	0	0	0	0	0	0	0	0	0	0	0	0	11.22747	0	0	0	0	0	0	0	0	0	0	0	0	0	5.00803	0	0	13.16803	0	7.21364	0	0	9.90414	0	0.53695	0	0	0	0	0	0	0	0	0	0	0	0	6.34036	3.76808	0	0	0	0	0	0	0	0	0	0	0	0	0	0	0	0	0	0	0	0	0	0	0	0	
0	0	0	0	0	0	0	0	0	0	0	0	0	0	0	0	0	0	0	0	0	0	0	0	0	0	0	0	0	0	0	0	0	0	0	0	0	0	0	0	0	0	15.71372	0	0	10.53207	0	13.95251	0	0	6.13816	0	12.58875	0	10.59609	0	0	0	0	0	0	0	0	7.5345	0	0	0	2.33848	0	0	12.55456	0	0	0	0	0	0	0	1.23426	0	0	0	0	0	0	0	0	0	0	0	0	0	0	0	0	0	0	0	0	0	
0	0	0	0	0	0	0	0	0	0	0	0	0	0	0	0	0	0	0	0	0	0	0	0	0	0	0	0	0	0	0	0	0	0	0	0	0	0	0	0	0	0	0	0	0	0	0	8.80234	7.73405	0	0	9.67984	0	0	0	0	0	0	0	0	0	0	0	0	0.92729	0	0	0	0	0	0	0	0	0	0	0	0	0	0	0	0	0	0	0	0	0	0	0	0	0	6.64657	0	0	0	0	0	0	0	0	0	
0	0	0	0	0	0	0	0	0	0	0	0	0	0	0	0	0	0	0	0	0	0	0	0	0	0	0	0	0	0	0	0	0	0	0	0	0	0	0	0	0	0	0	0	0	0	0	12.40979	0	0	0	0	9.841	2.2038	0	0	0	0	8.61033	8.35102	0	0	0	0	0	0	0	0	0	0	0	0	0	0	0	0	0	0	0	0	0	0	0	0	0	0	0	0	0	0	0	0	0	0	0	0	0	0	7.64911	0	
0	0	0	0	0	0	0	0	0	0	0	0	0	0	0	0	0	0	0	0	0	0	0	0	0	0	0	0	0	0	0	0	0	0	0	0	0	0	0	0	0	0	8.34303	0	0	0	0	0	0	8.71662	0	7.37123	0	4.96382	0	0	0	0	0	0	0	0	0	0	13.08692	0	0	0	0	0	0	0	0	0	0	0	15.73812	0	0	0	0	0	0	0	0	0	0	0	0	0	0	0	0	0	0	0	0	0	0	0	
0	0	0	0	0	0	0	0	0	0	0	0	11.80352	0	0	0	0	0	0	0	0	0	0	0	0	0	0	0	0	0	8.97902	0	0	0	0	0	0	0	0	0	0	0	11.81213	0	0	0	0	3.11513	0	0	13.73835	0	0	4.52932	1.48718	0	8.25216	0	0	0	0	0	0	5.6609	10.19238	11.43763	0	0	0	0	0	0	0	0	0	0	0	0	0	0	0	0	0	0	0	0	0	0	0	0	0	0	0	0	0	0	0	0	0	0	
0	0	0	0	0	0	0	0	0	0	0	0	0	0	0	0	0	0	0	0	0	0	0	0	0	0	0	0	0	0	0	0	0	0	0	0	0	0	0	0	0	0	0	0	0	10.33065	10.03575	0	0.92729	12.97714	0	7.89838	11.25656	0	7.28628	9.70319	0	0	0	0	9.01843	0	0	0	0	0	0	0	0	7.19861	0	0	0	0	0	0	2.60246	0	0	0	0	0	0	0	0	0	0	0	0	0	0	0	0	0	0	0	0	0	0	0	
0	0	0	0	0	0	0	0	0	0	0	0	0	0	0	7.3314	0	0	0	0	0	0	0	0	0	0	0	0	0	0	0	0	0	0	0	4.96382	12.56146	0	0	0	0	0	0	0	0	11.46573	8.02604	9.09179	3.32439	10.91219	0	0	2.68039	0	7.20485	0	0	0	0	7.0016	0	4.44224	0	4.50087	0	9.07982	0	0	11.48537	0	8.52708	0	0	0	0	11.52476	0	0	0	4.90468	0	0	0	0	0	0	0	0	0	0	9.0396	0	0	0	0	0	0	0	0	0	
0	0	0	0	0	0	0	0	0	0	0	0	0	0	0	0	0	0	0	0	0	0	0	0	0	0	11.53532	0	0	0	0	5.6737	0	0	4.58458	0	0	0	0	0	11.35945	0	0	0	0	0	0	0	7.68122	5.22922	0.53695	11.00246	9.56775	0	9.22167	0	17.13664	0	3.05222	0	0	8.90773	0	0	0	7.67162	0	0	0	0	0	0	0	8.17766	0	0	0	0	0	0	0	0	0	0	0	0	0	0	0	0	0	0	0	0	0	0	4.7387	0	0	0	
0	0	0	0	0	0	0	0	0	0	0	0	0	0	0	0	0	0	0	9.19417	0	0	0	0	0	0	0	0	0	0	0	0	0	0	0	0	0	0	0	0	0	0	0	13.68222	0	0	11.42987	12.83233	11.62845	0	6.9072	7.27097	11.95914	0	0	0	14.74783	0	0	7.93262	2.94978	0	0	10.68055	0	7.02176	0	7.77916	0	0	0	0	0	0	0	0	0	0	0	0	0	0	0	0	0	0	0	0	0	0	7.52131	0	0	0	0	0	0	0	0	0	
0	0	0	0	0	0	0	0	0	0	0	0	10.14261	0	0	0	0	0	0	8.58243	0	0	0	0	0	0	0	0	0	0	0	0	0	7.03564	0	0	0	0	0	0	0	13.76261	14.91658	0	9.69958	0	0	3.8662	9.08702	0	0	10.30002	7.93767	2.13881	10.25391	4.14419	6.67229	4.94525	6.7765	0	0	0	0	0	4.3173	0	0	0	0	0	0	0	0	0	0	0	0	0	7.08061	2.0552	0	0	0	0	0	0	0	0	0	0	0	0	0	0	0	0	0	0	0	0	
0	0	0	0	0	0	0	0	0	0	0	0	0	0	0	0	0	0	0	0	0	0	0	16.10468	0	0	0	0	0	0	0	0	0	0	0	0	0	0	10.81805	0	0	0	8.95648	9.15477	0	0	9.66409	6.9404	0	8.56006	8.07768	6.35411	0	0	0	0	0	6.24911	16.56585	9.61745	10.36309	0	0	0	6.87985	0	0	0	0	0	0	0	0	0	0	0	0	0	0	0	0	0	0	0	0	0	0	0	0	0	0	0	0	0	0	0	0	0	0	0	
0	0	9.19083	0	0	0	0	0	0	0	0	0	0	0	0	0	0	0	0	0	0	0	0	0	0	0	0	0	0	0	0	0	0	0	0	0	0	0	0	0	11.06462	0	0	0	0	9.67508	0	10.88983	11.57573	11.10511	0	7.06126	9.59828	7.40294	0	7.39462	0	0	2.46169	0	8.76171	0	8.17766	10.89896	0	0	0	0	0	0	0	6.99004	0	0	0	0	0.92729	0	0	0	0	0	0	0	0	0	0	0	0	0	0	0	0	0	0	0	0	0	0	0	
0	0	0	0	0	0	0	0	0	0	0	8.61265	0	0	0	0	0	0	0	0	0	0	0	0	0	0	0	0	0	0	0	0	4.6637	0	0	0	0	9.75743	9.79256	7.29044	8.75344	4.02937	0	0	12.16065	7.69007	11.64313	9.2385	10.9302	0	11.55079	0	3.22267	5.73175	0	10.83831	4.63394	12.52269	0	0	0	0	0	0	0	0	0	7.93878	0	0	0	0	5.29729	0	0	1.70235	0	0	7.50973	0	0	0	0	0	0	0	0	0	0	0	0	0	0	0	0	7.24586	0	0	0	0	
0	0	0	0	0	0	0	0	0	0	0	0	0	0	0	0	0	0	0	0	0	0	0	0	0	0	0	0	0	0	0	0	0	0	7.25681	9.85846	0	0	0	5.54029	0	12.57688	0	11.82822	13.58057	9.42626	8.25667	7.18658	5.58222	10.97771	10.30097	10.61155	0.53695	9.48947	0	0	7.48369	0	0	4.89204	8.76695	0	6.07202	0	0	0	0	0	0	0	0	0	0	0	0	0	0	0	5.54029	0	0	0	0	0	0	0	0	10.50637	0	0	0	0	0	0	0	0	0	0	0	0	
0	0	0	0	0	0	0	0	8.91038	0	8.79797	0	0	0	0	0	0	0	0	0	0	0	0	0	0	0	6.88536	0	0	0	0	0	0	0	2.77844	0	0	9.40746	10.89179	0	7.05981	8.21535	0	5.29729	0.92729	12.51572	6.48908	8.53043	8.1736	8.34227	0	5.09436	0	0	0	0	8.69849	1.48718	0	0	0	0	0	0	0	0	12.41048	0	0	0	0	0	0	0	0	0	0	0	0	0	0	0	0	0	0	0	0	0	0	0	0	0	0	0	0	0	0	0	0	0	
0	0	0	0	0	0	0	0	0	0	0	10.44936	0	0	12.55229	0	0	0	0	0	0	0	0	0	0	0	0	0	0	0	0	11.21903	0	0	3.11513	0	11.30432	0	0	10.99204	0	0	8.89955	8.63779	10.5277	7.14836	11.23099	8.50207	2.43897	7.33732	7.72088	10.1957	10.54169	11.94755	0	8.27326	9.92561	0	0	17.08136	12.07749	3.62628	0	8.85667	0	0	0	0	0	0	0	0	0	0	0	6.28646	0	0	0	0	0	0	0	5.96154	0	0	0	0	0	0	0	0	0	0	0	0	0	0	0	0	
0	0	0	0	0	0	0	0	0	0	0	0	10.39146	0	0	0	0	0	0	0	0	0	0	0	0	0	0	0	0	9.8	0	0	7.2821	0	7.26529	0	12.99685	0	14.79188	10.30206	10.09482	12.89524	11.89565	7.25919	8.43497	3.79628	10.25267	10.27849	4.6637	9.60567	9.31083	11.70993	11.98985	9.71347	5.97904	7.49264	7.06236	0	0	7.76129	7.44401	0	0	0	0	0	0	0	0	0	0	0	0	10.06213	0	0	0	0	0	0	10.72676	0	0	0	0	0	0	0	0	0	0	0	0	0	0	0	0	0	0	0	
0	0	0	0	0	0	0	14.006	0	0	0	10.529	0	0	0	0	0	0	0	0	0	0	0	0	0	0	0	9.10011	0	0	1.70235	0	12.10757	0	0	0	3.25796	12.03704	8.05178	10.95786	9.68136	4.49831	0	10.20559	11.09178	9.06917	9.83805	8.8374	11.67901	9.96912	5.84794	9.22297	9.89938	8.59594	8.87814	5.17883	13.66373	5.37126	1.78749	8.00104	5.59733	12.87113	5.97194	0	9.42932	0	0	0	0	0	0	0	0	11.29193	0	0	0	0	0	0	0	0	0	0	0	0	0	0	0	0	0	0	0	0	0	0	0	0	0	0	
7.50973	0	0	0	0	0	0	0	8.62544	0	0	0	10.16601	0	0	0	0	0	0	0	0	0	0	0	12.91044	0	0	7.22238	0	0	0	0	14.70887	0	11.49741	8.87063	0	7.76129	11.33501	6.90863	4.94282	9.19322	5.12995	10.69989	11.40787	9.45913	7.52381	10.25115	5.6218	5.03457	8.39446	5.44619	6.67196	5.74951	11.81751	9.92169	6.73472	4.31136	0	9.53359	0	0.53695	0	4.34881	0	6.57333	0	0	0	0	0	0	0	0	0	0	0	0	0	0	0	0	3.88904	0	0	5.37944	0	0	0	0	0	0	0	0	0	0	0	0	0	0	
0	0	0	10.64403	0	0	0	0	0	0	0	0	0	0	0	0	0	0	8.87757	0	0	11.49847	0	7.69063	10.81275	5.63496	0	0	10.57022	8.71526	10.41554	0	6.62696	0	0	2.0552	0	9.88844	9.95686	8.37397	7.38052	6.49542	8.29005	8.82599	8.90634	10.14288	7.65015	8.98362	8.5989	7.49432	10.5745	8.57548	10.74131	6.44016	5.91623	9.78711	0	3.79479	5.77497	8.6146	0	0.53695	11.55642	0	0	0	0	0	0	6.22767	0	0	7.56574	0	0.53695	10.1896	11.85868	3.66723	0	0.53695	0	0	0	0	0	0	0	0	0	0	0	0	0	0	0	0	0	0	0	0	
7.87925	0	0	0	11.99256	6.7757	0	0	0	0	0	0	0	0	0	0	0	9.22167	0	0	0	0	0	0	9.6964	0	7.26157	9.62037	0	11.33058	10.53609	0	0	0	10.88079	8.47136	5.64426	10.91435	12.23339	7.93241	6.31692	9.23567	8.43116	8.20554	9.32835	8.57577	9.65442	8.3741	9.12432	10.1167	4.08132	9.75761	7.68115	6.84438	8.14358	8.00663	8.82132	3.39018	2.28495	8.88621	12.29281	0	7.07524	11.11466	11.83644	12.32295	8.64896	0	0	0	0	0	0	0	3.66929	0	0	0	0	0	0	0	0	0	0	0	0	0	0	0	0	0	0	0	0	1.70235	0	0	0	0	
0	0	0	0	0	0	0	0	3.03803	0	8.61099	0	0	0	0	0	9.63228	14.82482	9.94496	5.19447	8.01368	9.36452	0	0	0	13.13695	0	9.27514	5.61349	10.27345	0	10.15863	10.80683	6.21067	8.85349	11.12996	6.43669	9.00871	8.78826	7.90903	8.61587	7.83388	4.91045	8.34488	9.85349	7.91785	7.76166	9.27673	8.08257	7.1908	5.55951	10.30142	6.95528	7.48258	4.21792	6.11672	6.15021	8.57221	0	8.11569	5.24655	7.66842	6.11784	0	7.35256	11.6264	0.53695	0	0	0	0	9.54877	0	0	9.2336	0	0	0	11.59204	0	0	0	0	0	0	5.43897	0	0	0	0	0	0	0	0	0	8.64226	0	0	0	0	
0	10.19016	0	0	2.0552	8.19552	0	0	0	0	0	0	0	0	4.96382	11.91771	0	11.146	9.54737	0	10.26078	0	4.02937	0	0	0	0	0	9.38618	9.81524	7.82042	0	7.20925	5.76626	8.00104	7.32024	9.17719	10.07378	9.06912	8.74954	8.88806	7.55793	8.60461	7.11017	8.30964	6.85842	7.44809	8.70938	7.6528	7.61213	7.16326	7.37376	7.67593	7.7184	8.53246	5.36383	3.03803	7.54629	5.74658	5.18856	0	8.60098	0	13.07845	10.7245	1.23426	4.16289	0.92729	0	0	0	0	0	0	0	6.44483	0	0	0	0	8.02673	0	0	0	0	0	0	0	0	0	0	0	0	0	0	0	0	0	0	0	
0	10.2259	7.82578	0	8.97751	0	0	0	0	0	7.20043	0	0	0	8.75946	7.17365	0	7.92814	0	0	7.28628	2.68039	7.10541	10.82214	8.82547	10.12699	0	4.20497	5.78405	5.49036	7.76727	10.79809	10.81418	10.68103	9.92568	4.8004	7.97156	8.03756	7.4372	6.93894	6.14251	7.25266	7.02446	6.89009	6.79384	6.74344	8.74928	6.92101	8.77923	8.24393	7.1254	9.07855	7.721	7.18429	7.72281	6.25298	8.23932	4.9966	7.66033	9.65182	0	6.5324	10.24764	8.68713	3.06908	0.53695	0.53695	0	0	0	0	7.0414	0	0	9.53041	0	3.11513	0	0.53695	0	0	0	0	4.58364	0	1.90752	0	0	0	0	0	0	0	0	0	0	0	0	0	0	
0	0	0	0	0	0	0	0	7.29459	0	10.27764	11.55772	0	0	0	0	0	0	9.74572	0	1.70235	0	0	0	0	8.75946	9.77077	0	0.92729	9.53831	6.54789	6.01281	10.08389	9.02951	10.09691	8.11328	7.68276	9.57336	7.92909	8.11289	4.71876	7.63632	7.89332	7.51148	7.57431	7.36476	6.3651	7.48602	7.92961	7.4137	7.90105	7.34855	5.98061	6.85275	7.84405	10.02578	8.1956	7.9856	10.05483	8.68101	7.52475	5.71774	4.89989	8.78934	0	8.03653	0	9.3014	0	0	0	0	0	0	0	0	0	0	0.53695	0	0	0.92729	0	0	0	0	0	8.63499	4.18051	9.6655	0	0	0	0	0	0	0	0	0	0	
0	0	0	0	0	0	0	0	8.73982	10.19952	0	1.70235	0	11.51723	0	0	0	0	9.43215	2.39875	0	0	0.53695	8.19054	6.918	9.55829	1.70235	9.8809	5.0019	9.52441	0	5.97556	4.10108	2.67987	3.77142	8.23912	7.47559	5.1641	11.13392	5.50227	7.15568	8.02587	7.86093	7.67964	6.21822	6.98679	7.52349	7.4827	7.68622	8.61592	8.099	7.02664	7.32767	6.28716	7.65874	8.94267	7.98655	4.37834	11.14972	7.66761	6.59074	8.63686	9.39485	10.80465	6.25237	9.95245	9.3755	0	0	0	0	0	0	8.111	11.73876	0	0	0	13.22993	0	0	0	0	0	0	0	0	0	2.33848	0	0.53695	0	0	0	0	0	0	0	0	0	
0	0	6.61374	5.28428	0	2.0552	0	0.92729	7.73405	0	0	0	0	0	0	0	0	7.22742	0	0	0	0	0	10.77266	0	8.60265	0	9.79286	7.06612	6.6332	0	7.63373	0	6.86876	5.36319	8.07431	6.86955	5.52333	3.02449	10.97712	7.18943	9.45712	7.1551	7.45982	6.12739	6.75572	6.49887	8.41365	6.62509	7.04447	7.60309	7.4595	8.28675	7.52409	7.76425	5.77544	7.22774	9.35955	7.03979	6.58536	9.36977	7.26019	2.6234	11.87106	4.3051	0	0	6.98768	6.53877	3.38791	3.8578	0	8.1709	0	1.43514	0	6.48186	0	0	0	0	0	6.45487	0	0	0	0	0	0	0	0	0	0	0	0	0	0	0	0	0	
0	0	0	0	0	0	0	0	0.53695	0	10.10472	8.50398	6.99984	0	7.93613	0	0	6.35232	0	5.59514	0	0	0	0	0	0	4.2843	3.98898	5.08911	0	9.17291	7.29377	4.93679	7.36758	4.2211	8.08278	7.86519	6.59498	7.08925	8.91358	8.04132	4.98941	4.94831	7.35836	6.36624	7.24739	5.41915	5.99284	7.25445	6.1113	5.87326	8.00961	8.69629	6.53342	7.34792	6.47402	6.41207	7.60765	9.33894	5.91737	10.32681	5.92043	4.05372	7.13531	0	6.06277	10.82989	3.01011	0	0	6.65305	0	5.61613	0.94476	0	14.36269	0	0	0	0	0	0	0	0	0	0	0	0	6.64981	0	0	0	0	0	0	0	0	0	0	0	
0	0	0	0	0	0	0	0	0	10.57492	0	0	0.53695	0	0	0	0	0	0	0	0	0	0	10.71851	0	0	7.77035	0	0	4.30802	6.46528	0	0	5.54505	9.94034	6.57333	4.63781	0	0	7.96765	3.21491	8.01116	4.00917	4.97673	10.66071	7.19499	7.31766	7.46246	7.77252	3.92618	6.75473	8.18664	6.04612	6.90426	7.85719	6.74775	6.34541	6.79977	4.57075	5.26322	6.4522	4.90758	4.303	10.75388	6.92282	4.42793	7.02176	8.32894	4.96873	0	0	14.25019	0	4.50087	0	1.23426	5.99252	0	0	0	0	0	0	0	11.10701	0	0	0	0	0	0	11.76498	0	0	0	0	9.06532	0	0	0	
0	0	0	0	0	0	0	0	0	0	0	7.73405	0	0	0	0	0	8.30386	12.30751	0	0	0	0	2.33848	0	0	0	7.32736	0	0	0	0	4.91004	6.14972	5.25165	0	8.66732	7.17876	1.95232	5.74428	6.52501	8.39009	7.74064	1.93027	0	5.54161	4.37971	3.98611	7.64177	5.85891	7.33539	11.14128	7.46	4.08816	7.08583	4.74948	5.74756	6.80721	6.90177	7.33619	7.67738	5.53697	0	6.49859	9.04962	0	5.8754	6.53175	9.75328	7.82637	0	0	0	0.53695	0	9.02968	0	8.65361	0	0	0	6.64804	0	0	0	0	0	0	0	0	0	0	0	0	0	0	0	0	0	0	
0	0	0	0	5.67361	0	0	0	0	0	9.42175	0	8.83262	0	0	11.15401	0	0	6.36026	0	6.43335	5.14017	0	0	0	11.2174	6.60708	0	0	5.82149	0	8.48777	8.52178	0	0	9.73584	10.36753	1.23426	12.67244	8.6228	6.4527	8.96346	4.93496	5.81904	2.665	6.62145	11.19149	5.08751	7.66404	8.51547	9.46913	6.39084	8.45693	6.19591	6.25218	6.523	7.5011	6.79787	4.5378	7.77188	5.82474	6.28573	8.33886	3.47022	8.34941	0	7.34412	9.57663	0	0.53695	9.20593	10.20125	5.96388	11.40261	6.19929	0	4.33779	0	0	0	3.76808	0	0	0	0	0	0	0	0	0.92729	0	0	0	0	0	0	0	0	0	0	
0	0	0	0	0	0	0	0	0	0	0	3.56323	0.92729	0	0	10.08269	0	0	0	0	0.92729	0	0	0	0	0	0	0	0	2.68498	1.48718	4.06517	0	0	0	11.29478	0	0	0	5.1216	3.09847	5.18461	4.21873	5.36762	8.72681	3.56295	4.9005	6.16002	7.3539	5.81103	0	0	7.41543	9.76392	1.88951	5.83312	6.79651	7.48787	4.84629	6.27299	8.58714	7.8879	7.88082	6.04249	5.32647	5.12851	2.46169	8.42127	4.52932	9.5923	0	7.98784	7.2848	10.85609	6.46705	0	6.87432	0	3.81504	0	0	0	0	0	0	0	0	0	0	0	0	0	0	0	0	0	0	0	0	0	
0	0	0	10.26448	0	0	0	0	0	0	0	0	0	0	0	0	0.53695	0	0	0	0	0	8.31879	0	0	0	6.947	4.92151	8.0534	6.02285	0	0	1.70235	0	0	10.50934	0	3.25796	0	5.39667	5.47651	0	0.92729	0	4.57038	11.56846	7.6949	8.43047	4.11095	6.61054	5.34487	6.49149	7.05402	8.23823	7.289	6.49001	7.01272	6.15703	6.01755	5.54064	7.75735	5.44338	8.22693	8.59606	6.46245	9.48183	5.61441	5.92988	9.79006	6.4557	4.84282	8.09254	4.18848	3.24804	7.12505	0	12.14941	0	4.91275	8.27326	0.92729	3.50712	0	0	0	5.52625	0	0	0	0	0	0	0	0	0	0	0	7.41	0	10.98556	
0	0	5.41975	0	0	0	0	0	0	0	0	0	0	0	0	0	0	0	0	0	3.56323	0	0	0	0	8.58751	0	8.39003	0	8.72759	0	9.01969	12.69046	0	6.9072	0	0	5.10785	5.22571	0	7.04164	0	0	9.57859	11.34515	7.89573	0	1.59416	1.70235	5.74523	9.12954	8.85105	6.45998	8.00281	6.86871	8.51604	8.27536	6.93193	8.03131	3.63895	1.78318	3.76922	4.89201	1.71297	4.29424	4.13176	4.60254	0	7.72478	3.17684	4.04163	5.09142	5.42692	6.74739	0	0	5.98735	0	2.18292	1.23426	0	5.28102	0	0	0	0	0	0	6.41091	0	0	0	0	0	0	0	3.76808	0	0	0	
0	0	0	0	0.92729	0	0	0	0	0	0	0	9.48303	0	0	0	0	0	0	0	5.68639	0.92729	0	0	0	0	0	7.79942	0	0	0	0.53695	8.11335	0	0	0	7.538	0	2.95658	5.59514	0	0	3.62575	0	3.81504	0	1.59416	7.96244	0.53695	5.389	8.53937	2.02896	9.99107	4.44713	8.1724	1.01207	0	4.77392	3.32029	2.88421	6.98198	4.70058	7.54453	5.76533	4.59982	6.95883	4.4866	4.67264	7.03093	6.66009	5.57579	0	0	8.43006	0	10.26596	4.94733	6.17586	0	0	0	0	0	0	8.61431	0	0	0	0	0	0	0	0	0	0	0	9.81018	0	0	0	
0	0	0	0	0	0	0	0	0.92729	0	0	0	0	0	0	0	8.25847	5.81904	4.71414	0	0	0	0	0	7.39069	0	0	0	0	0	0	0	0	0	4.89989	8.00611	0	8.09681	0	0	0	0	9.2271	11.49735	0	11.03828	9.95286	3.94742	0	3.27455	0	11.86741	8.80961	7.31548	0	5.22956	0	9.52686	0	4.75636	6.63542	0	4.86121	7.27372	4.13418	7.19896	6.70881	6.24709	9.54877	7.66197	7.97233	1.49932	9.52531	7.18263	7.99567	4.76266	10.39342	3.61723	0	2.87027	7.2821	1.48718	10.47763	0	0.61713	4.92152	7.11855	9.3755	3.76808	0	6.33913	0	0	5.21142	0	0	0	0	0	0	
0	0	0	0	0	0	0	0	0	0	0	0	0	0	0	0	0	0	0	0	5.63704	0	0	0	0	0	0	0	0	5.71143	0	0	0	0	9.67905	0	0	0	0	0	9.54267	0	9.04453	8.38838	5.12525	0	0	0	7.93347	4.17904	7.64911	0	0	3.40277	5.70622	7.87315	0	0	7.25706	8.32518	8.26483	6.32606	1.11965	6.17517	6.27001	6.54495	1.23524	6.41313	7.94569	9.6646	7.3065	7.85539	5.31703	4.27102	2.15252	0	4.19299	0	6.84779	0	0	0	0.53695	0	0	0	6.64156	0	0	0	0	0	0	0	0	0	0	0	0	0	
0	0	0	0	3.90464	0	0	0	0	0	0	7.65558	0	2.33848	0	0	0	0	0	0	0	0	0	0	0	0	0	0	0	0	0	0	0	0	0	0	0	0	0	6.15654	0	0	6.81201	0	5.00758	0	0.46365	5.51206	0	0	3.38791	0	0	0	9.0396	0	0	0	0	10.33114	7.53289	0.92729	6.021	9.64218	4.67897	0	0.26848	5.01295	9.18246	7.33543	1.59416	7.75218	7.73233	5.10204	0	0	6.48699	7.97025	7.18109	5.28066	0	4.52932	0.92729	0	0.53695	0	0	11.28039	0	4.51209	0	0	0	0	5.94051	0	0	0	0	0	
0	0	0	0	0	0	0	0	0	0	0	0	0	0	0	0	0	4.52681	0	0	0	7.91472	7.34747	0	0	0	8.8968	0	0	0	0	0	0	10.67657	8.29896	0	0	0	0	0	0	0	0	0	0	0	0	0	0	0	1.23426	0	0	0	0	7.2355	10.62497	10.67263	1.23426	2.2038	0	4.32145	3.83016	0	6.80337	6.54241	9.11421	7.24932	5.49807	2.74887	7.53952	5.73624	6.10933	6.44754	8.2725	5.95948	5.09749	0	8.51469	2.52548	0	0	7.76562	0	6.05255	8.82244	0.53695	1.88951	0	9.58926	0	0	0	0	0	0	9.48659	0	0	0	
0	0	0	0	0	0	0	0	7.05121	0	0	8.62424	0	0	0	0	0	0	0	0	0	0	0	0	0	0	0	11.46826	0	0	0	0	0	0	0	0	0	0	0	10.97311	0	0	0	0	0	6.29549	0	1.48718	2.77844	0	0	10.86867	0	0	0	0	0	0	7.71779	0	7.09181	0	8.65611	9.49011	7.67988	3.54241	5.58121	0	0	6.76625	7.90817	0.53695	6.67816	7.08004	6.72732	10.8191	1.75356	0	0.92729	9.98311	7.44311	8.02681	9.28038	10.17154	4.77781	0	0	0	0	0	9.11192	0	10.56382	0	0	0	0	0	0	0	
0	0	0	0	0	0	0	0	0	0	0	0	0	3.44874	0	0	0	0	0	8.24567	0	0	0	0	0	1.9429	0	0	0	0	0	0	0	0	7.06612	0	0	5.89189	0	0	9.4406	0	2.95658	9.43778	0	0	0	0	0	0	4.87794	6.53175	0	0	6.74081	0	0	0	0	7.16441	7.31069	0	3.69768	8.7199	6.06232	3.56853	7.67261	3.03803	0	5.19223	6.59002	0	6.09116	6.06651	9.09536	7.6574	4.0135	4.37499	7.24239	4.4367	0	7.28558	5.7482	3.54746	2.42713	0	0	7.25255	2.81359	0	3.38791	0	0	6.42225	0	0	0	0	5.59959	0	
0	0	0	0	0	0	0	11.21493	0	0	0	0	0	0	0	0	0	0	0	0	0	0	0.53695	0	0	0	0	0	5.60854	0	0	0	0	0	9.17347	0	0	11.2458	0	0	0	1.28759	0	0	0	0	3.95466	0	0	0	0	0	8.07285	0	0	0	3.15458	10.33969	0	5.90521	5.93609	0	0	5.07163	0	0	0	7.94653	6.1199	10.96651	9.55303	5.79093	9.12246	6.38629	9.15134	6.27352	5.48984	0	4.88702	6.46312	7.0824	5.42718	6.29869	0	6.48064	0	1.23426	3.32192	0	0	7.80557	7.43201	0	0	0	0	9.58733	0	0	0	
0	0	0	0	0	0	0	0	0	0	0	0	0	0	0	0	0	0	0	0	0	0	0	0	0	0	0	0	0	0	0	0	0	0	0	0	0	4.17034	0	0	0	0	0	0	0	0	0	0	0	8.13202	0	3.95571	0	4.60774	0	0	3.61723	4.84598	0	0	5.2468	0	10.26501	11.33007	3.25796	4.41584	0	0	9.47097	5.33627	0	4.96382	5.59277	10.1876	6.14686	7.86988	0	3.76418	6.01126	6.06512	1.86679	9.13986	5.2468	0	0	0	2.5742	0	0	0	0	0	9.6999	8.05982	5.26383	0	0	0	0	0	
0	0	0	0	0	0	0	7.538	0	0	0	0	0	0	0	0	0	0	0	0	0	0	0	0	0	0	0	0	0	0	0	0	0	0	0	0	0	4.83725	0	5.79581	0	0	0	0	0	0	0	0	0	0	4.48674	0	0	12.93291	6.5963	0	0	7.41701	8.9803	9.4151	0	0.92729	0	6.82503	9.41098	10.42827	0	0	6.81181	6.23991	6.18512	3.04271	5.4789	6.99192	9.77646	7.48326	6.86818	0	8.42514	10.11205	7.4081	8.91981	4.82585	6.53895	2.63843	0	0	2.49703	0	0	7.893	0	0	0	0	9.63105	0	0	0	0	
0	0	0	0	0	0	0	0	0	0	0	0	0	0	0	0	0	0	0	0	0	0	0	0	0	9.57117	0	0	0	0	0	0	0	0	0	0	0	7.87648	0	0	0	0	0	0	10.00886	0	0	0	4.68914	0	0	0	0	0	0	3.32439	0	0	0	0	0	0	7.84979	0	0	4.41431	6.07995	7.8925	0	6.10424	2.73433	0	10.62601	0	8.7474	5.89483	2.77844	5.89334	3.47278	4.87306	3.15613	0	6.97567	0	10.6722	6.65519	0	0	0	0	7.96244	0	0	0	0	0	0	0.92729	0	0	
0	0	0	0	0	0	0	0	0	0	0	0	6.73472	0	0	0	0	0	0	0	0	0	0	0	0	0	0	0	0	0	0	0	0	0	0	0	0	0	0	0	0	0	0	0	0	0	0	6.48168	0	0	0.92729	0	10.93894	0	0	0	0	0	0	3.79239	0	0	0	4.06397	2.68039	9.67349	9.3529	0	0	0	0	9.05313	0	0	0	1.73737	5.50545	8.4914	4.96867	4.44954	0	6.59168	4.7598	4.1013	7.06757	2.76313	5.60733	0	7.38297	0	0	0	0	6.5596	0	0	0	0	0	0	
0	0	0	0	0	0	0	0	0	0	0	0	0	0	0	0	0	0	0	0	0	0	0	0	0	0	0	0	0	0	0	0	10.13742	0	0	0	0	0	0	0	0	0	0	0	0	0	0	0	0	0	0	0	0	0	0	0	5.04301	0	0	0	9.89585	0	0	1.27168	0	6.52471	0	0	6.81153	0	0	0	8.72759	0	0	3.86054	0	0	7.09859	8.3681	8.05721	6.15651	9.97112	0	0.53695	0	1.70235	0	0	1.48718	5.73868	5.39481	4.05519	0	0	0	0	0	0	0	
0	0	0	0	0	0	0	0.74359	0	0	0	0	0	0	0	0	0	0	0	0	0	0	0	0	0	0	0	6.44483	0	0	0	0	0	0	0	0	0	0	0	0	0	0	0	0	0	0	0	0	0	0	0	0	0	0	0	0	0	0	0	0	0	0	0	0	0	0	0	0	0	0	4.04382	3.21991	8.38075	0	0	7.7762	11.4037	0	8.35241	6.407	0	7.4872	0	7.51329	1.23426	10.09725	0	9.21948	0	3.25796	0	10.15863	0	0	0	8.88033	0	0	0	0	
0	0	0	0	0	0	0	0	0	0	0	0	0	0	0	0	0	0	0	0	10.43628	0	0	0	0	0	0	0	0	0	8.98288	0	0	0	0	0	0	0	0	0	0	0	0	0	0	0	0	0	0	0	0	0	0	0	0	0	0	0	0	10.86867	0	0	0	0	6.45227	8.56364	6.44483	7.90506	0	0	0	0	0	0	0	0.92729	6.34093	0	0	0	3.1958	0	0	0	1.4241	8.4492	7.34074	5.50898	6.74688	0	11.27968	7.07096	5.26383	5.1028	0	7.08061	0	0	0	0	
0	0	0	0	0	0	0	0	0	0	0	0	0	0	0	0	0	0	0	0	0	0	0	0	0	0	0	0	0	0	0	0	0	0	0	0	0	0	0	0	0	0	0	0	0	0	0	0	0	0	0	0	0	0	0	0	0	0	0	0	0	0	0	0	0	0	0	0	0	8.25209	9.75253	11.10347	7.20333	0	10.8935	6.05255	0	8.30857	0	0	0	6.86876	5.91012	0	4.70517	0	4.21594	0	0	4.73389	0	0.94476	2.52244	0	2.0552	0	0	0	0	0	
0	0	0	0	0	0	0	0	0	0	0	0	0	0	0	9.35141	0	0	0	0	0	0	0	0	0	0	0	0	0	0	0	0	0	0	6.71008	0	0	0	0	0	0	0	0	0	0	0	0	0	0	0	0	0	0	0	0	0	0	0	0	0	0	0	0	0	0	0	0	4.89989	0	0	0	0	0	6.80038	0	0	0	0.46365	0	0	0	3.18831	0	0	0.74359	0	5.57676	3.2372	7.92279	10.10603	7.60636	0	10.95803	0	0	0	0	0	0	0	
0	0	0	0	0	0	0	0	0	0	0	0	0	0	0	0	0	0	0	0	0	0	0	0	0	0	0	0	0	0	0	0	0	0	0	0	0	0	0	0	0	0	0	0	0	0	0	0	8.24353	0	0	0	0	0	0	0	0	0	0	3.03803	0	0	0	0	0	6.91771	0	0	0	0	0	8.10864	0	0	0	0	0	11.1887	0	4.71818	10.13222	0	0	10.30618	0	0	0	0	0	0	0	0	0	0	0	0	0	0	0	0	
0	0	0	0	0	0	0	0	0	0	0	0	0	0	0	0	0	0	0	0	0	0	0	0	0	0	0	0	0	0	0	0	0	0	0	0	0	0	0	0	0	0	0	0	0	0	0	0	0	0	0	0	0	0	0	2.75856	0	0	7.94935	0	0	0	0	0	12.03534	0	0	0	0	0	0	2.87027	0	5.17659	0	0	5.59514	0	0	0	3.26983	7.54218	3.96773	7.35075	0	0	0	7.59966	6.93588	0	1.48718	7.38686	9.19528	0	0	0	0	0	0	0	
0	0	0	0	0	0	0	0	0	0	0	0	0	0	0	0	0	0	0	0	0	0	0	0	0	0	0	0	0	0	0	0	0	0	0	0	0	0	0	0	0	0	0	0	0	0	0	0	0	0	0	0	0	0	0	0	0	0	0	0	0	0	0	0	0	0	0	0	0	0	0	0	0	0	0	0	0	0	0	0	0	0	0	0	0	0	0.92729	0	0	0	0	8.21316	0	0	0	0	0	0	0	0	
0	0	0	0	0	0	0	0	0	0	0	0	0	0	0	0	0	0	0	0	0	0	0	0	0	0	0	0	0	0	0	0	0	0	0	0	0	0	0	0	0	0	0	0	0	0	0	0	0	0	0	0	0	0	0	0	0	0	0	0	0	0	0	0	0	0	0	0	0	0	8.59698	0	0	0	0	0	0	0	0	8.53536	0	0	0	9.03712	0	0	0	1.23426	0	0	6.46741	12.15897	0	0	0	0	0	0	0	0	
0	0	0	0	0	0	0	0	0	0	0	0	0	0	0	0	0	0	0	0	0	0	0	0	0	0	0	0	0	0	0	0	0	0	0	0	0	0	0	0	0	0	0	0	0	0	0	0	0	0	0	0	0	0	0	0	0	0	0	3.32439	0	0	0	0	0	0	0	0	0	0	8.91847	0	0	0	0	0	0	0	0	0	0	0	0	0	0	0	0.53695	0	0	0	0	0	0	0	0	0	0	0	0	0	
0	0	0	0	0	0	0	0	0	0	0	0	0	0	0	0	0	0	0	0	0	0	0	0	0	0	0	0	0	0	0	0	0	0	0	0	0	0	0	0	0	0	0	0	0	0	0	0	0	0	0	0	0	0	0	0	0	0	0	0	0	0	0	0	0	0	0	0	0	10.37147	2.0552	0	0	0	0	0	0	0	9.36172	0	0	0	0	0	0	0	0	0	5.97194	3.11513	0	0	0	0	0	0	0	0	0	0	
0	0	0	0	0	0	0	0	0	0	0	0	0	0	0	0	0	0	0	0	0	0	0	0	0	0	0	0	0	0	0	0	0	0	0	0	0	0	0	0	0	0	0	0	0	0	0	0	0	0	0	0	0	0	0	0	0	0	0	0	0	0	0	0	0	0	0	0	0	0	0	0	0	0	0	0	0	0	0	0	0	0	0	0	0	0	0	0	0	0	0	0	0	0	0	0	0	0	0	0	
0	0	0	0	0	0	0	0	0	0	0	0	0	0	0	0	0	0	0	0	0	0	0	0	0	0	0	0	0	0	0	0	0	0	0	0	0	0	0	0	0	0	0	0	0	0	0	0	0	0	0	0	0	0	0	0	0	0	8.639	0	0	0	0	0	0	0	0	0	0	0	0	0	0	0	0	5.51206	0	0	0	0	0	0	0	0	0	0	0	0	0	0	0	0	0	0	0	0	0	0	0	0	
0	0	0	0	0	0	0	0	0	0	0	0	0	0	0	0	0	0	0	0	0	0	0	0	0	0	0	0	0	0	0	0	8.65684	0	0	0	0	0	0	0	0	0	0	0	0	0	0	0	0	0	3.61723	0	0	0	0	0	0	0	0	0	0	0	0	0	0	0	0	0	0	0	0	0	0	0	0	0.53695	0	0	0	0	0	0	0	0	0	0	0	0	0	0	0	0	0	0	0	0	0	0	0	0	
0	0	0	0	0	0	0	0	0	0	0	0	0	0	0	0	0	0	0	0	0	0	0	0	0	0	0	0	0	0	0	0	0	0	0	0	0	0	0	0	0	0	0	0	0	0	0	0	0	0	0	0	0	0	0	0	0	0	0	0	0	0	0	0	0	0	0	0	0	0	0	0	0	0	0	0	0	0	0	0	0	0	0	0	0	0	0	0	0	0	0	0	0	0	0	0	0	0	0	0	
0	0	0	0	0	0	0	0	0	0	0	0	0	0	0	0	0	0	0	0	0	0	0	0	0	0	0	0	0	0	0	0	0	0	0	0	0	0	0	0	0	0	0	0	0	0	0	0	0	0	0	0	0	0	0	0	0	0	0	0	0	0	0	0	0	0	0	0	0	0	0	0	0	0	0	0	0	0	0	0	0	0	0	0	0	0	0	0	0	0	0	0	0	0	0	0	0	0	0	0	
0	0	0	0	0	0	0	0	0	0	0	0	0	0	0	0	0	0	0	0	0	0	0	0	0	0	0	0	0	0	0	0	0	0	0	0	0	0	0	0	0	0	0	0	0	0	0	0	0	0	0	0	0	0	0	0	0	0	0	0	0	0	0	0	0	0	0	0	0	0	0	0	0	0	0	0	0	0	0	0	0	0	0	0	0	0	0	0	0	0	0	0	0	0	0	0	0	0	0	0	
0	0	0	0	0	0	0	0	0	0	0	0	0	0	0	0	0	0	0	0	0	0	0	0	0	0	0	0	0	0	0	0	0	0	0	0	0	0	0	0	0	0	0	0	0	0	0	0	0	0	0	0	0	0	0	0	0	0	0	0	0	0	0	0	0	0	0	0	0	0	0	0	0	0	0	0	0	0	0	0	0	0	0	0	0	0	0	0	0	0	0	0	0	0	0	0	0	0	0	0	
0	0	0	0	0	0	0	0	0	0	0	0	0	0	0	0	0	0	0	0	0	0	0	0	0	0	0	0	0	0	0	0	0	0	0	0	0	0	0	0	0	0	0	0	0	0	0	0	0	0	0	0	0	0	0	0	0	0	0	0	0	0	0	0	0	0	0	0	0	0	0	0	0	0	0	0	0	0	0	0	0	0.53695	0	0	0	0	0	0	0	0	0	0	0	0	0	0	0	0	0	0	
0	0	0	0	0	0	0	0	0	0	0	0	0	0	0	0	0	0	0	0	0	0	0	0	0	0	0	0	0	0	0	0	0	0	0	0	0	0	0	0	0	0	0	0	0	0	0	10.5095	0	0	0	0	0	0	0	0	0	0	0	0	0	0	0	0	0	0	0	0	0	0	0	0	0	0	6.99236	0	0	0	0	0	0	0	0	0	0	0	0	0	0	0	0	0	0	0	0	0	0	0	0	0	
