0	0	0	0	0	0	0	0	0	0	0	0	0	0	0	0	0	0	0	0	0	0	0	0	0	0	0	0	0	0	0	0	0	0	0	0	0	0	0	0	0	0	0	0	0	0	0	0	0	0	0	7.42969	0	0	0	0	0	0	0	0	0	0	0	0	0	0	0	0	0	0	0	0	0	0	0	0	0	0	0	0	0	0	0	0	0	0	0	0	0	0	0	0	0	0	0	0	0	0	0	0	
0	0	0	0	0	0	0	0	0	0	0	0	0	0	0	0	0	0	0	0	0	0	0	0	0	0	0	0	0	0	0	0	0	0	0	0	0	0	0	0	0	0	0	0	0	0	0	12.33476	0	0	0	0	0	0	0	0	0	0	0	0	0	0	0	8.53587	0	0	0	0	0	0	0	0	0	0	0	0	0	0	0	0	0	0	0	0	0	0	0	0	0	0	0	0	0	0	0	0	0	0	0	0	
0	0	0	0	0	0	0	0	0	0	0	0	0	0	0	0	0	0	0	0	0	0	0	0	0	0	0	0	0	0	0	0	0	0	0	0	0	0	0	0	0	0	0	0	0	0	0	0	0	0	0	0	0	0	9.37597	0	0	0	0	0	0	0	0	0	0	0	0	0	0	0	0	0	0	0	0	0	0	0	0	0	0	0	0	0	0	0	0	0	0	0	0	0	0	0	0	0	0	0	0	0	
0	0	0	0	0	0	0	0	0	0	0	0	0	0	0	0	0	0	0	0	0	0	0	0	0	0	0	0	0	0	0	0	0	0	0	0	0	0	0	0	0	0	0	0	0	0	13.90149	10.13425	0	0	0	0	0	0	0	0	0	0	0	0	0	0	0	0	0	0	0	0	0	0	0	0	0	0	0	0	0	0	0	0	0	0	0	0	0	0	0	0	0	0	0	0	0	0	0	0	0	0	0	0	
0	0	0	0	0	0	0	0	0	0	0	0	0	0	0	0	0	0	0	0	0	0	0	0	0	0	0	0	0	0	0	0	0	0	0	0	0	7.95174	0	0	0	0	0	13.42749	0	0	0	0	0	0	0	0	0	0	0	0	0	0	0	0	0	0	0	0	0	0	0	0	0	0	0	0	0	0	0	0	0	0	0	0	0	0	0	0	0	0	0	0	0	0	0	0	0	0	0	0	0	0	0	0	
0	0	0	0	0	0	0	0	0	0	0	0	0	0	0	0	0	0	0	0	0	0	0	0	0	0	0	0	0	0	0	0	0	0	0	0	0	0	0	0	0	0	0	0	0	0	0	0	0	0	0	0	0	0	0	0	0	0	0	0	0	0	0	0	0	0	0	0	0	0	0	0	9.35103	0	0	0	0	0	0	0	0	0	0	0	0	0	0	0	0	0	0	0	0	0	0	0	0	0	0	0	
0	0	0	0	0	0	0	0	0	0	0	0	0	0	0	0	0	0	0	0	0	0	0	0	0	0	0	0	0	0	0	0	0	0	0	0	0	0	0	0	0	0	0	0	0	0	0	0	0	0	0	0	0	0	0	0	0	0	0	0	0	0	0	0	0	0	0	0	0	0	0	0	0	0	11.59409	0	0	0	0	0	0	0	0	0	0	0	0	0	0	0	0	0	0	0	0	0	0	0	0	0	
0	0	0	0	0	0	0	0	0	0	0	0	0	0	0	0	0	0	0	0	0	0	0	0	0	0	0	0	0	0	0	0	0	0	0	0	0	0	0	0	0	0	0	0	0	0	0	0	0	0	0	9.1113	0	0	0	13.26046	0	0	12.37948	0	0	0	0	0	0	0	0	0	0	0	0	0	0	0	0	0	0	0	0	0	0	0	0	0	0	0	0	0	0	0	0	0	0	0	0	0	0	0	0	0	
0	0	0	0	0	0	0	0	0	0	0	0	0	0	0	0	0	0	0	0	0	0	0	0	0	0	0	0	12.88593	0	0	0	0	0	0	0	0	0	0	0	0	0	0	0	0	0	0	0	0	0	0	0	0	0	0	0	0	0	0	0	0	0	0	0	0	0	0	8.08256	0	0	0	0	0	0	0	0	0	0	0	0	0	0	0	0	0	0	0	0	0	0	0	0	0	0	0	0	0	0	0	0	
0	0	0	0	0	0	0	0	0	0	0	0	0	0	0	0	0	0	0	0	0	0	0	0	0	0	0	0	0	0	0	0	0	0	0	0	0	0	0	0	0	0	0	0	0	0	0	0	0	0	0	0	0	0	0	5.89857	0	0	0	0	0	0	0	0	0	0	0	0	0	0	0	0	0	0	0	0	0	0	0	0	0	0	0	0	0	0	0	0	0	0	0	0	0	0	0	0	0	0	0	0	
0	0	0	0	0	0	0	0	0	0	0	0	0	0	0	0	0	0	0	0	0	0	0	0	0	0	0	0	0	0	0	0	0	0	0	0	0	0	0	0	0	0	0	0	0	0	0	0	0	0	0	0	0	0	0	0	0	0	0	0	0	0	0	0	0	0	0	8.08781	0	0	0	0	0	0	0	0	0	0	0	0	0	0	0	0	0	0	0	0	0	0	0	0	0	0	0	0	0	0	0	0	
0	0	0	0	0	0	0	0	0	0	0	0	0	0	0	0	0	0	0	0	0	0	0	0	0	0	0	0	0	0	0	0	0	0	0	0	0	0	0	0	0	0	0	0	0	0	0	0	0	0	0	0	1.43744	0	0	0	1.52036	0	0	0	0	0	0	0	0	0	0	0	0	0	0	6.6119	0	0	0	0	0	0	0	0	0	0	0	0	0	0	0	0	0	0	0	0	0	0	0	0	0	0	0	0	
0	0	0	0	0	0	0	0	0	0	0	0	0	0	0	0	0	0	0	0	0	0	0	0	0	0	0	0	0	0	0	0	0	0	0	0	0	0	0	0	0	0	0	0	0	0	0	0	9.96556	0	0	0	12.05858	0	0	0	0	0	0	0	0	0	0	0	0	0	0	6.3751	0	0	0	0	0	0	0	0	0	0	0	0	0	0	0	0	0	0	0	0	0	0	0	0	0	0	0	0	0	0	0	0	
0	0	0	0	0	0	0	0	0	0	0	0	0	0	0	0	0	0	0	0	0	0	0	0	0	0	0	0	0	0	13.015	0	0	0	0	0	0	0	0	2.61476	0	0	0	0	0	0	0	8.8877	0	0	0	0	0	0	0	0	0	5.76897	9.51833	0	9.42168	0	0	9.41621	0	0	0	0	0	0	0	0	0	0	0	0	0	0	0	0	0	0	0	0	0	0	0	0	0	0	0	0	0	0	0	0	0	0	0	0	
0	0	0	0	0	0	0	0	0	0	0	0	0	0	0	0	0	0	0	0	0	0	0	0	0	0	0	0	0	0	0	0	0	0	0	0	0	0	0	0	0	0	0	0	0	0	0	0	0	0	0	0	0	0	7.74042	0	0	0	0	0	0	0	0	0	0	0	0	0	0	0	0	0	0	0	0	0	0	0	0	0	0	0	0	0	0	0	0	0	0	0	0	0	0	0	0	0	0	0	0	0	
0	0	0	0	0	0	0	0	0	0	0	0	0	0	0	0	0	0	0	0	0	0	0	0	0	0	0	0	0	0	0	0	0	0	0	0	0	0	0	0	0	0	11.48367	0	0	0	0	0	0	0	0	0	10.02669	0	0	0	0	0	0	12.23067	0	0	0	0	0	0	0	0	0	0	0	5.44989	0	0	0	0	0	0	0	0	0	0	0	0	0	0	0	0	0	0	0	0	0	0	0	0	0	0	0	0	
0	0	0	0	0	0	0	0	0	0	0	0	0	0	0	0	0	0	0	0	0	0	0	0	0	0	0	0	0	0	0	0	0	0	0	0	0	0	0	0	0	0	0	7.87431	0	0	0	10.37689	0	0	0	9.01984	0	0	0	0	0	0	4.29722	0	0	0	0	0	0	0	0	0	0	0	0	0	0	0	0	0	0	0	0	0	0	0	0	0	0	0	0	0	0	0	0	0	0	0	0	0	0	0	0	0	
0	0	0	0	0	0	0	0	0	0	0	0	0	0	0	0	0	0	0	0	0	0	0	0	0	0	0	0	0	0	0	0	0	0	0	0	0	0	0	0	0	0	10.22094	0	0	0	0	0	0	0	0	0	0	0	0	7.66243	0	0	0	0	0	0	0	0	0	0	0	0	4.82448	0	0	0	0	0	0	0	0	0	0	0	0	0	0	0	0	0	0	0	0	0	0	0	0	0	0	0	0	0	0	0	
0	0	0	0	0	0	0	0	0	0	0	0	0	0	0	0	0	0	0	0	0	0	0	0	0	0	0	0	0	0	0	0	0	0	0	0	0	0	0	0	12.20966	0	0	0	0	0	0	0	0	0	0	0	0	0	0	0	0	0	0	0	0	0	0	0	0	0	0	0	0	0	0	0	0	0	0	0	0	0	0	0	0	0	0	0	0	0	0	0	0	0	0	0	0	0	0	0	0	0	0	0	
0	0	0	0	0	0	0	0	0	0	0	0	0	0	0	0	0	0	0	0	0	0	0	0	0	0	0	0	0	0	0	0	0	0	0	0	0	0	0	0	0	0	0	0	0	0	0	8.78155	0	0	7.11918	0	0	0	0	0	0	0	0	0	0	0	0	0	0	0	0	0	0	0	0	0	0	0	0	0	8.8383	0	0	0	0	0	0	0	0	0	0	0	0	0	0	0	0	0	0	0	0	0	0	0	
0	0	0	0	0	0	0	0	0	0	0	0	0	0	0	0	0	0	0	0	0	0	0	0	0	0	0	0	0	0	0	0	0	0	0	0	0	0	0	0	0	0	0	0	0	0	0	8.26652	0	0	8.44213	10.82962	0	0	0	0	8.05837	0	12.87744	0	8.00708	0	0	0	0	11.55803	0	0	0	0	0	0	0	0	0	0	0	0	0	0	0	0	0	0	0	0	0	0	0	0	0	0	0	0	0	0	0	0	0	0	
0	0	0	0	0	0	0	0	0	0	0	0	0	0	0	0	0	0	0	0	0	0	0	0	0	0	0	0	0	0	0	0	0	0	0	0	0	0	0	0	0	6.55187	0	0	0	0	0	0	0	0	0	0	0	0	0	0	0	0	0	0	0	0	0	0	0	0	0	0	0.65031	0	0	0	0	0	0	0	0	0	0	0	0	0	0	0	0	0	0	0	0	0	0	0	0	0	0	0	0	0	0	0	
0	0	0	0	0	0	0	0	0	0	0	0	0	0	0	0	0	0	0	0	0	0	0	0	0	0	0	0	0	0	0	11.82062	7.73749	0	0	0	0	0	0	0	0	0	0	0	0	0	0	10.43843	0	0	0	0	0	0	0	0	0	0	0	0	0	0	0	3.75791	0	0	0	1.09687	0	0	0	0	0	0	0	0	0	0	0	0	0	0	0	0	0	0	0	0	0	0	0	0	0	0	0	0	0	0	0	0	
0	0	0	0	0	0	0	0	0	0	0	0	0	0	0	0	0	0	0	0	0	0	0	0	0	0	0	0	0	0	0	13.57521	0	0	10.329	0	0	0	0	0	0	0	0	0	0	0	0	0	0	0	0	0	0	0	0	0	0	0	0	0	0	0	0	0	0	0	0	0	0	0	0	0	0	0	0	0	0	0	0	0	0	0	0	0	0	0	0	0	0	0	0	0	0	0	0	0	0	0	0	0	
0	0	0	0	0	0	0	0	0	0	0	0	0	0	0	0	0	0	0	0	0	0	0	0	0	0	0	0	0	0	0	0	0	0	0	0	0	0	0	0	0	0	0	9.67929	0	0	0	0	0	14.22685	0	0	0	0	9.82409	0	0	0	0	0	0	0	0	0	0	0	0	0	0	0	0	0	0	0	0	0	0	0	0	8.751	0	0	0	0	0	0	0	0	0	0	0	0	0	0	0	0	0	0	0	0	
0	0	0	0	0	0	0	0	0	0	0	0	0	0	0	0	0	0	0	0	0	0	0	0	0	0	0	0	0	0	0	0	8.84903	0	0	0	0	0	0	0	0	0	0	0	0	0	0	4.38759	0	0	6.02063	6.53478	0	0	0	0	0	0	8.879	0	0	0	0	0	0	0	0	0	0	0	1.94385	0	0	0	0	0	0	0	0	0	0	0	0	0	0	6.54941	0	0	0	0	0	0	0	0	0	0	0	0	0	0	
0	0	0	0	0	0	0	0	0	0	0	0	0	0	0	0	0	0	0	0	0	0	0	0	0	0	0	0	0	0	0	0	0	0	0	0	0	0	0	8.84903	0	0	0	0	15.21974	0	5.35271	0	0	0	0	0	0	0	0	0	0	0	0	0	0	0	0	0	0	0	0	0	0	0.65031	0	0	0	0	0	0	0	0	0	0	0	0	0	0	0	0	0	0	0	0	0	0	0	0	0	0	0	0	0	0	
0	0	0	0	0	0	0	0	0	0	0	0	0	0	0	0	0	0	0	0	0	0	0	0	0	0	0	0	0	0	0	0	0	0	0	8.46324	0	0	0	0	0	0	0	0	0	0	0	7.71029	0	0	0	0	0	9.43658	0	0	0	0	0	0	8.93547	0	0	0	0	0	0	0	0	0	0	0	0	0	0	0	0	0	0	0	0	0	0	0	0	0	0	0	0	0	0	0	0	0	4.50078	0	0	0	0	0	
0	0	0	0	0	0	0	0	0	0	0	0	0	0	0	0	0	0	0	0	0	0	0	0	0	0	0	0	0	0	0	0	0	0	0	0	0	0	0	0	0	11.85208	0	0	0	0	0	0	0	0	0	0	1.71277	0	0	0	0	0	0	0	0	0	0	0	0	0	0	4.85319	0	0	0	4.82448	0	0	0	0	0	0	0	0	0	0	0	0	0	0	0	0	0	0	0	0	0	0	0	0	0	0	0	0	
0	0	0	0	0	0	0	0	0	0	0	0	0	0	0	0	0	0	0	0	0	0	0	0	0	0	0	0	0	0	0	0	0	0	0	0	0	0	0	0	8.14698	0	0	0	8.57948	0	0	5.83062	0	0	1.43744	11.20301	0	0	0	10.33664	0	0	6.55187	0	9.86166	0	0	0	0	0	0	0	3.92948	0	0	0	0	0	0	0	0	0	0	0	0	0	0	0	0	0	0	0	0	0	0	0	0	0	0	3.07092	0	0	0	0	
0	0	0	0	0	0	0	0	0	0	0	0	0	0	0	0	0	0	0	0	0	0	0	0	0	0	0	0	0	0	0	0	0	0	0	0	0	0	0	0	0	0	0	0	11.63625	0	0	0	0	4.7653	0	0	3.33793	0	0	0	0	7.61711	0	0	0	5.54094	0	0	0	0	0	0	0	0	0	0	0	0	0	0	0	0	0	0	0	0	0	0	0	0	0	0	0	0	0	0	0	0	0	0	0	0	0	0	
0	0	0	0	0	0	0	0	0	0	0	0	0	0	0	0	0	0	0	0	0	0	0	0	0	0	0	0	0	0	0	0	0	0	0	0	0	0	0	0	0	0	0	9.27217	0	0	12.0653	0	0	0	6.51641	0	0	0	0	0	0	0	0	6.24032	0	0	0	0	8.40384	0	0	1.43744	0	0	0	0	9.63451	0	0	0	6.07954	0	0	0	0	0	0	0	0	0	0	0	0	0	0	0	0	0	0	0	0	0	0	0	
0	0	0	0	0	0	0	0	0	0	0	0	0	0	0	0	0	0	0	0	0	0	0	0	0	0	0	0	0	0	0	0	0	0	0	0	0	0	0	0	0	0	0	0	9.07955	0	0	11.49339	0	0	0	13.87619	0.65031	0	0	8.25042	0	0	0	0	0	0	0	0	0	0	0.65031	10.63774	0	0	0	0	0	10.9673	0	0	0	0	0	0	0	0	0	0	0	0	0	0	0	0	0	0	0	0	0	0	0	0	0	0	
0	0	0	0	0	0	0	0	0	0	0	0	0	0	0	0	0	0	0	0	0	0	0	0	0	0	0	0	0	0	0	0	0	0	0	0	0	11.02245	0	0	0	0	0	0	0	0	0	0	5.03958	0	0	9.51623	0	0	9.97048	0	7.59179	0	0	7.61292	0	3.4919	0	0	0	0	0	0	0	0	0	0	0	0	6.01184	3.81739	0	0	0	0	0	0	0	0	0	0	0	0	0	0	0	0	0	0	0	0	0	0	0	0	
0	0	0	0	0	0	0	0	0	0	0	0	0	0	0	0	0	0	0	0	0	0	0	0	0	0	0	0	0	0	0	0	0	0	0	0	0	0	0	0	0	0	12.9516	0	0	11.68273	0	13.05926	0	0	6.78578	0	12.12832	0	9.61264	0	0	0	0	0	0	0	0	8.90494	0	0	0	9.71394	0	0	3.41696	0	0	0	0	0	0	0	4.17664	0	0	0	0	0	0	0	0	0	0	0	0	0	0	0	0	0	0	0	0	0	
0	0	0	0	0	0	0	0	0	0	0	0	0	0	0	0	0	0	0	0	0	0	0	0	0	0	0	0	0	0	0	0	0	0	0	0	0	0	0	0	0	0	0	0	0	0	0	9.4126	7.84502	0	0	6.01748	0	0	0	0	0	0	0	0	0	0	0	0	1.43744	0	0	0	0	0	0	0	0	0	0	0	0	0	0	0	0	0	0	0	0	0	0	0	0	0	7.61292	0	0	0	0	0	0	0	0	0	
0	0	0	0	0	0	0	0	0	0	0	0	0	0	0	0	0	0	0	0	0	0	0	0	0	0	0	0	0	0	0	0	0	0	0	0	0	0	0	0	0	0	0	0	0	0	0	10.70671	0	0	0	0	8.46324	4.6717	0	0	0	0	10.46576	7.66243	0	0	0	0	0	0	0	0	0	0	0	0	0	0	0	0	0	0	0	0	0	0	0	0	0	0	0	0	0	0	0	0	0	0	0	0	0	0	4.53662	0	
0	0	0	0	0	0	0	0	0	0	0	0	0	0	0	0	0	0	0	0	0	0	0	0	0	0	0	0	0	0	0	0	0	0	0	0	0	0	0	0	0	0	9.21387	0	0	0	0	0	0	9.1225	0	6.54309	0	7.54856	0	0	0	0	0	0	0	0	0	0	9.20276	0	0	0	0	0	0	0	0	0	0	0	7.24706	0	0	0	0	0	0	0	0	0	0	0	0	0	0	0	0	0	0	0	0	0	0	0	
0	0	0	0	0	0	0	0	0	0	0	0	9.61369	0	0	0	0	0	0	0	0	0	0	0	0	0	0	0	0	0	9.40171	0	0	0	0	0	0	0	0	0	0	0	11.22957	0	0	0	0	9.40534	0	0	11.59648	0	0	5.88473	1.94385	0	9.89876	0	0	0	0	0	0	9.40292	2.61476	11.69095	0	0	0	0	0	0	0	0	0	0	0	0	0	0	0	0	0	0	0	0	0	0	0	0	0	0	0	0	0	0	0	0	0	0	
0	0	0	0	0	0	0	0	0	0	0	0	0	0	0	0	0	0	0	0	0	0	0	0	0	0	0	0	0	0	0	0	0	0	0	0	0	0	0	0	0	0	0	0	0	11.04264	6.43329	0	1.09687	12.95677	2.61476	8.37086	7.77289	0	10.49645	9.08918	0	0	0	0	10.04703	0	0	0	0	0	0	0	0	8.10363	0	0	0	0	0	0	1.8616	0	0	0	0	0	0	0	0	0	0	0	0	0	0	0	0	0	0	0	0	0	0	0	
0	0	0	0	0	0	0	0	0	0	0	0	0	0	0	9.89569	0	0	0	0	0	0	0	0	0	0	0	0	0	0	0	0	0	0	0	3.81739	12.35114	0	0	0	0	0	0	7.74899	0	11.52997	8.36645	7.77923	2.47397	8.27979	0	0	4.82448	0	10.10114	0	0	0	0	5.33246	0	6.91394	0	11.46461	0	7.95837	0	0	11.6199	0	6.77832	0	0	0	0	10.99936	0	0	0	4.10636	0	0	0	0	0	0	0	0	0	0	8.49319	0	0	0	0	0	0	0	0	0	
0	0	0	0	0	0	0	0	0	0	0	0	0	0	0	0	0	0	0	0	0	0	0	0	0	0	10.40852	0	0	0	0	5.35271	0	0	7.60028	0	0	0	0	0	10.42659	0	0	0	0	0	0	0	9.31712	6.78578	1.09687	10.09739	8.71859	0	10.73349	0	12.0798	0	4.18796	0	0	8.84367	0	0	0	6.81526	0	0	0	0	0	0	0	8.362	0	0	0	0	0	0	0	0	0	0	0	0	0	0	0	0	0	0	0	0	0	0	5.4118	0	0	0	
0	0	0	0	0	0	0	0	0	0	0	0	0	0	0	0	0	0	0	8.74372	0	0	0	0	0	0	0	0	0	0	0	0	0	0	0	0	0	0	0	0	0	0	0	12.33646	0	0	12.52332	11.50248	12.08699	0	8.93042	7.08084	11.01334	0	0	0	12.9932	0	0	8.52041	7.56074	0	0	11.73452	0	6.45218	0	7.01268	0	0	0	0	0	0	0	0	0	0	0	0	0	0	0	0	0	0	0	0	0	0	6.17856	0	0	0	0	0	0	0	0	0	
0	0	0	0	0	0	0	0	0	0	0	0	9.85102	0	0	0	0	0	0	9.64891	0	0	0	0	0	0	0	0	0	0	0	0	0	6.13624	0	0	0	0	0	0	0	13.17021	12.85321	0	7.62665	0	0	3.59302	8.2423	0	2.86078	9.48684	6.51063	6.01049	9.32271	10.66582	5.77098	12.34263	7.97416	0	0	0	0	0	1.43744	0	0	0	0	0	0	0	0	0	0	0	0	0	12.11171	1.71277	0	0	0	0	0	0	0	0	0	0	0	0	0	0	0	0	0	0	0	0	
0	0	0	0	0	0	0	0	0	0	0	0	0	0	0	0	0	0	0	0	0	0	0	15.81625	0	0	0	0	0	0	0	0	0	0	0	0	0	0	12.20897	0	0	0	7.96152	8.64661	1.71277	0	8.82817	7.58068	0	8.5299	7.82704	7.22388	0	0	0	0	0	6.64832	13.73667	9.30501	9.6231	0	0	0	8.79456	0	2.31797	0	0	0	0	0	0	0	0	0	0	0	0	0	0	0	0	0	0	0	0	0	0	0	0	0	0	0	0	0	0	0	0	0	
0	0	7.27915	0	0	0	0	0	0	0	0	0	0	0	0	0	0	0	0	0	0	0	0	0	0	0	0	0	0	0	0	0	0	0	0	0	0	0	0	0	9.98865	0	0	0	0	8.4539	0	7.48585	10.26767	11.02775	0	5.60985	8.88423	7.54355	0	10.10934	0	0	4.13048	0	9.60884	0	7.27915	11.78638	0	0	0	0	0	0	0	8.72896	0	0	0	0	0.65031	0	0	0	0	0	0	0	0	0	0	0	0	0	0	0	0	0	0	0	0	0	0	0	
0	0	0	0	0	0	0	0	0	0	0	8.66697	0	0	0	0	0	0	0	0	0	0	0	0	0	0	0	0	0	0	0	0	6.99346	0	0	0	0	10.87317	13.59899	8.24772	6.72495	5.76897	0	0	12.12539	8.84407	11.04167	6.59409	9.199	0	13.20482	0	3.67316	8.80412	0	11.81207	5.52115	10.03839	0	0	0	0	0	0	0	0	0	3.92948	0	0	0	0	6.22941	0	0	4.53662	0	0	11.02443	0	0	0	0	0	0	0	0	0	0	0	0	0	0	0	0	8.24444	0	0	0	0	
0	0	0	0	0	0	0	0	0	0	0	0	0	0	0	0	0	0	0	0	0	0	0	0	0	0	0	0	0	0	0	0	0	0	6.6119	8.24361	0	0	0	3.33793	0	11.62979	0	9.96582	12.69709	9.52233	7.15103	6.1	4.65763	10.58574	11.30247	10.20919	0	9.19596	0	0	9.81091	0	0	6.59629	10.09364	0	5.43097	0	0	0	0	0	0	0	0	0	0	0	0	0	0	0	2.47397	0	0	0	0	0	0	0	0	9.96062	0	0	0	0	0	0	0	0	0	0	0	0	
0	0	0	0	0	0	0	0	10.27498	0	10.50439	0	0	0	0	0	0	0	0	0	0	0	0	0	0	0	10.58094	0	0	0	0	0	0	0	0.65031	2.61476	0	12.89577	11.11759	0	6.66588	8.27184	0	1.94385	5.70741	11.44263	3.88402	7.86833	8.35729	7.85961	0	7.55671	1.43744	0	0	0	8.73673	2.74302	0	0	0	0	4.73476	0	0	0	9.74969	0	0	0	0	0	0	0	0	0	0	0	0	0	0	0	0	0	0	0	0	0	0	0	0	0	0	0	0	0	0	0	0	0	
0	0	0	0	0	0	0	0	0	0	0	11.58262	0	0	9.88791	0	0	0	0	0	0	0	0	0	0	0	0	0	0	0	0	11.06909	0	0	5.5758	0	10.55878	0	0	9.63587	4.60574	0	8.96367	9.43146	10.45474	7.83228	10.52168	8.76271	5.20063	7.66222	9.21865	10.05537	9.64116	10.32303	0	11.34653	9.67362	0	0	12.32672	9.87484	4.30462	0	9.57544	0	0	0	0	0	0	0	0	0	0.65031	0	7.20256	0	0	0	0	0	0	0	6.55187	0	0	0	0	0	0	0	0	0	0	0	0	0	0	0	0	
0	0	0	0	0	0	0	0	0	0	0	0	12.52931	0	0	0	0	0	0	0	0	0	0	0	0	0	0	0	0	9.11213	0	0	7.74899	0	5.20463	0	12.78384	0	12.77777	9.6231	10.3394	11.46141	11.46088	6.72289	8.62926	4.53927	10.4411	10.39908	5.78396	9.12821	5.45421	12.61614	11.17273	6.95883	6.27762	5.76016	9.18403	0	0	5.65946	6.03011	0	0	0	0	0	0	0	0	0	0	0	0	9.74978	0	0	0	0	0	0	9.63761	0	0	0	0	0	0	0	0	0	0	0	0	0	0	0	0	0	0	0	
0	0	0	0	0	0	0	12.92891	0	0	0	9.27747	0	0	0	0	0	0	0	0	0	0	0	0	0	0	0	8.40626	0	0	7.12877	0	11.97411	0	0	0	1.09687	10.88541	8.57415	10.26763	9.29199	4.49324	0	10.06511	10.59017	8.03993	9.03451	7.93499	10.60794	9.87084	6.94477	9.1693	8.94883	9.76677	6.01741	5.75857	11.54874	5.10894	4.21514	8.34188	5.77447	12.3195	9.156	0	10.08837	0	0	0	0	0	0	0	0	10.5895	0	0	0	0	0	0	0	0	0	0	0	0	0	0	0	0	0	0	0	0	0	0	0	0	0	0	
10.75837	0	0	0	0	0	0	0	8.23529	0	0	0	8.93379	0	0	0	0	0	0	0	0	0	0	0	10.59641	0	0	7.39595	0	0	0	0	11.92762	0	11.8313	8.02296	0	7.30536	10.63535	6.16487	9.08061	8.89692	6.34269	9.57267	11.03425	9.52391	6.72957	9.47206	6.03819	8.0834	8.68901	7.16447	7.08162	8.22529	12.81764	9.07274	8.64251	5.50369	0	10.10108	0	1.71277	0	6.12655	0	9.46585	0	0	0	0	0.65031	0	0	0	0	0	0	0	0	0	0	0	4.14079	0	0	5.7049	0	0	0	0	0	0	0	0	0	0	0	0	0	0	
0	0	0	11.67772	0	0	0	0	0	0	0	0	0	0	0	0	0	0	9.86166	0	0	11.64603	0	4.85319	12.03098	7.65429	0	0	9.92557	9.70806	11.34498	0	11.37867	0	0	0	0	8.78788	8.49329	8.15214	7.89076	6.25271	8.17965	9.16513	9.02638	9.7874	7.6801	9.09205	8.64998	6.39205	9.82406	6.93986	11.07385	7.35086	7.376	10.31845	0	4.14198	6.37969	7.81353	3.07092	5.26996	9.76582	0	0	0	0	0	0	3.41696	0	0	7.94509	0	0.65031	4.38759	12.1252	4.01428	0	0.65031	0	0	0	0	0	0	0	0	0	0	0	0	0	0	0	0	0	0	0	0	
9.35103	0	0	0	11.17273	6.33642	0	0	0	0	0	0	0	0	0	0	0	10.53351	0	0	0	0	0	0	9.52392	0	6.6149	8.65334	0	12.75299	9.52969	0	0	0	10.73108	8.18135	7.41679	10.42797	10.24754	6.80704	7.14385	8.66723	7.59616	8.19395	8.62712	8.80403	9.45402	8.06566	8.80678	9.14368	6.85687	9.12655	8.39654	6.76572	8.93623	8.79539	9.30657	4.57041	6.1139	9.56853	14.18798	0	6.38605	8.02612	11.34179	12.41571	9.10381	0	0	0	0	0	0	0	4.53662	0	0	0	0	0	0	0	0	0	0	0	0	0	0	0	0	0	0	0	0	0	0	0	0	0	
0	0	0	0	0	0	0	0	7.55294	0	7.88728	0	0	0	0	0	9.2111	13.63365	10.47352	6.05504	10.36806	9.59883	0	0	0	14.01739	0	7.27915	6.04389	10.18821	0	10.41214	11.07671	7.81822	7.94869	11.84543	7.02077	9.12956	8.75778	6.61205	8.60217	7.73073	7.64586	7.90446	9.80519	7.68186	7.25716	9.45547	8.39933	6.29808	6.67816	10.50123	7.35383	9.01755	5.85732	7.86934	6.47854	8.13241	0	7.62546	5.73219	8.61134	7.38804	0	8.47264	10.62894	0.65031	0	0	0	0	8.88074	0	0	7.69451	0	0	0	9.78364	0	0	0	0	0	0	8.1236	0	0	0	0	0	0	0	0	0	2.61476	0	0	0	0	
0	10.61225	0	0	0	8.82929	0	0	0	0	0	0	0	0	4.96263	11.25032	0	9.95318	10.49622	0	9.62518	0	8.24499	0	0	0	0	0	9.68409	11.23711	6.93598	0	7.71421	6.99083	8.55347	7.96762	9.32926	10.89375	8.40146	9.02311	8.71698	7.66615	7.72893	6.82668	8.2233	7.45472	7.93173	8.87501	8.44849	7.78129	6.56655	7.56119	7.76025	8.81483	9.08416	5.20136	1.94385	7.99315	6.85715	7.22028	0	8.82568	0	11.74963	10.33325	2.74302	7.07585	0.65031	0	0	0	0	0	0	0	0	0	0	0	0	9.41866	0	0	0	0	0	0	0	0	0	0	0	0	0	0	0	0	0	0	0	
0	13.25535	8.74755	0	9.89386	0	0	0	0	0	8.71273	0	0	0	10.14606	5.93931	0	8.22043	0	0	7.07494	6.18493	7.94476	10.07001	8.41351	11.18089	0	5.60223	6.41415	8.04923	12.32335	10.53295	10.33252	10.45045	10.25953	5.11288	7.92734	7.44628	7.37557	6.92217	5.91282	7.5662	7.02292	6.71578	7.02237	6.75734	8.69472	7.81759	8.93787	8.93124	7.3531	9.26948	8.40371	7.14581	6.51889	7.15301	8.40965	6.9543	7.38868	8.14987	0	7.74749	9.66793	7.86915	2.2858	1.09687	0	0	0	0.65031	0	7.20224	0	3.4919	9.83132	0	6.31445	0	4.30687	0	0	0	0	5.55284	0	2.08832	0	0	0	0	0	0	0	0	0	0	0	0	0	0	
0	0	0	0	0	0	0	0	8.16426	0	11.56808	12.27012	0	0	0	0	0	0	10.17264	0	3.4919	0	0	0	0	9.30241	10.44435	0	0.65031	8.19823	6.55394	4.53662	8.73218	8.05994	10.21622	7.4366	8.6414	10.35814	6.75349	7.67562	6.48385	7.57951	8.93864	8.85101	7.39562	8.1366	6.23945	7.86721	8.0112	8.84551	7.7322	7.1766	5.76006	7.31584	7.66066	9.77462	8.54784	8.8778	10.29278	7.35253	8.48695	5.618	11.00587	8.08522	0	10.28283	0	7.12618	0	0	0	0	0	0	0	0	0	0	17.52313	0	0	8.23141	0	0	0	0	0	8.76301	2.47397	7.07494	0	0	0	0	0	0	0	0	0	0	
0	0	0	0	0	0	0	0	9.95567	7.91477	0	2.31797	0	12.588	0	0	0	7.90109	11.87806	6.2428	0	0	12.19502	9.76075	5.26996	10.41876	7.59179	9.497	6.19699	9.38622	0	6.35647	5.71494	4.748	3.38923	6.74075	8.48334	6.43332	11.22388	6.05056	8.09609	8.9221	8.34853	7.22047	6.08811	7.53628	8.75752	7.50269	7.59793	9.12633	8.70338	6.86136	7.6335	7.48411	9.05491	9.06228	6.71065	6.48951	8.52921	7.7693	5.88082	9.20689	8.51759	9.46119	5.58583	9.12337	9.72272	0	0	0	0	0	0	4.38759	11.19322	0	0	0	12.21122	0	0	0	0	0	0	0	0	0	6.21842	0	5.06435	0	0	0	0	0	0	0	0	0	
0	0	9.44242	10.74973	0	9.77711	0	4.63909	4.70357	0	0	0	0	0	0	0	0	6.57784	0	0	0	0	0	9.61054	0	10.32195	0	10.58488	6.82254	7.96218	0	8.40623	0	11.2155	5.39527	8.06268	6.53648	6.71712	1.39349	12.07631	6.81965	8.63014	8.76909	7.10653	7.93931	7.24714	5.82692	7.34195	6.74364	8.18834	7.93977	7.56982	8.53141	7.64393	7.96184	5.49672	7.77257	7.5052	8.49005	7.52709	9.28623	7.5946	1.99121	9.75826	5.43211	0	0	7.0701	6.07954	5.60614	3.73279	0	6.85128	0	5.70609	0	5.37563	0	0	0	0	0	6.03868	0	0	0	0	0	0	0	0	0	0	0	0	0	0	0	0	0	
0	0	0	0	0	0	0	0	0	0	11.02403	10.74215	8.11984	0	11.77985	0	0	7.26319	0	5.84241	0	0	0	0	0	0	5.75383	1.94385	5.09706	0	8.17567	9.46425	5.56003	8.2959	5.8884	9.29899	9.70352	6.88179	7.76633	8.78548	9.54395	4.40568	5.75064	8.12432	6.56858	7.72608	4.65179	5.58766	7.90555	5.46073	6.05476	7.93448	8.65225	8.28841	8.09632	7.24996	5.47123	7.57519	8.30265	6.57702	9.54251	6.79895	8.3801	6.75526	0	5.30628	12.10725	3.78553	0	0	10.40367	0	3.64923	1.58276	0	14.14073	0	0	0	0	0	0	0	0	0	0	0	0	6.78664	0	0	0	0	0	0	0	0	0	0	0	
0	0	0	0	0	7.8125	0	0	0	10.75695	0	0	6.06734	0	0	0	0	0	0	0	0	0	0	8.86522	0	0	11.97809	0	0	4.24319	7.81282	0	0	5.74242	9.68529	6.68558	5.2911	2.143	0	7.98779	3.33072	12.05549	6.74279	4.9282	9.83975	6.6072	6.79895	9.77452	8.68574	3.34329	6.41666	8.75199	6.5159	6.1415	8.59302	6.45307	7.9206	6.91303	5.06322	4.97855	7.54235	6.36186	5.89	8.60253	6.83629	4.59593	8.16426	6.33495	4.60646	0	0	8.6218	0	6.03011	0	6.72495	7.03791	0	0	0	0	0	0	0	11.55394	0	0	8.30858	0	0	0	10.68691	0	0	0	0	5.70741	0	0	0	
0	0	0	0	0	0	0	0	0	0	0	11.08544	0	0	0	0	0	8.89015	12.7493	0	0	0	0	1.71277	0	0	0	8.41591	0	0	0	0	6.16334	6.21261	6.27506	0	5.37983	9.55409	4.51034	6.35757	5.39625	8.60364	9.44295	4.02556	0	9.16759	5.7589	4.10676	6.49766	7.20055	8.36184	9.59309	8.69095	5.51689	6.68457	6.06388	7.36654	6.45944	7.8515	8.49048	7.1376	5.06324	0	8.41404	10.92689	0	6.66755	3.25429	10.63722	7.62504	0	0	0	0	0	10.40791	0	9.13569	0	0	0	7.90099	0	0	0	0	0	0	0	0	0	0	0	0	0	0	0	0	0	0	
0	0	0	0	6.61298	0	0	0	0	0	9.5668	0	9.46933	0	0	12.16026	0	0	6.80795	0	5.33728	7.38616	0	0	0	11.29187	7.69054	0	0	6.21488	0	10.19736	10.26834	0	0	8.84546	9.96802	0	11.80968	9.92388	6.97776	8.08479	6.30104	7.87333	4.33351	6.64831	12.6386	3.31687	7.25694	8.1425	10.03723	6.93623	9.74712	7.43081	6.28925	7.05591	7.31086	6.31728	4.7898	8.69378	5.82207	6.6517	6.49005	5.96931	8.5583	0	6.49205	9.79386	0	0.65031	8.80801	9.07301	7.61051	8.55124	5.25275	0	4.81748	0	0	0	2.61476	0	0	0	0	5.73852	0	0	0	1.43744	0	0	0	0	0	0	0	0	0	0	
0	0	0	0	0	0	0	0	0	0	0	6.03011	3.11306	0	0	10.21127	0	0	0	0.65031	5.59293	0	5.26996	0	0	0	0	0	0	4.66581	2.86078	7.41525	0	0	0	10.15689	0	0	0	5.87076	4.83283	4.44648	4.44827	8.32399	8.81749	4.15435	6.72222	7.44365	6.88003	3.92039	0	0	8.18886	10.90318	0.65031	6.11782	8.17045	7.02461	6.56598	6.06786	8.18024	7.89425	7.58999	7.34842	5.0447	5.23268	6.39476	7.04723	1.09687	9.16258	0	7.26116	7.57364	9.70117	9.94404	0	3.07092	0	5.65946	0	0	0	0	0	0	0	0	0	0	0	0	0	0	0	0	0	0	0	0	0	
0	0	0	8.65275	0	0	0	0	0	0	0	0	0	0	0	0	7.43919	0	0	0	0	0	6.29365	0	0	0	8.38063	6.83236	4.42632	10.68142	0	0	4.0828	0	0	12.38768	0	3.63102	0	5.97719	7.61163	0	6.93424	0	6.00838	11.56293	4.81498	8.89635	5.38037	5.18452	5.24867	6.21201	7.81485	7.35449	6.89506	6.53531	7.07085	5.17993	7.29175	5.49062	7.63318	5.83111	9.01971	7.75403	7.18287	7.81453	6.82659	10.26166	10.08475	7.39409	6.41696	8.07509	4.63684	3.39254	7.6444	0	12.32847	0	5.22986	8.85081	0	1.94385	0	0	0	0	0	0	0	0	0	0	0	0	0	0	0	0	0	11.3046	
0	0	4.91611	0	0	0	0	0	0	0	0	0	0	0	0	0	0	0	0	0	8.967	0	0	0	0	7.74899	0	7.6706	0	8.26117	0	10.06478	9.46119	0	6.55187	0	0	4.38976	5.98708	0	5.20463	0	0	8.80278	10.06478	9.55919	1.30738	4.61007	0.65031	7.77644	9.9286	9.90258	6.24152	8.62023	6.91144	8.70567	4.85319	7.60303	8.15157	6.1656	2.9748	3.48167	6.10834	2.10462	5.94976	8.24341	4.66031	0	8.41141	5.30783	3.83199	5.22246	7.23722	8.97899	0	0	6.71805	0	1.52729	6.39476	0	5.96283	0	0	0	0	0	0	3.28496	0	0	0	0	0	0	0	6.36516	0	0	0	
0	0	0	0	0	0	0	0	0	0	0	0	8.95712	0	0	0	0	0	0	0	7.52198	5.13619	0	0	0	0	0	5.54903	0	0	0	0	9.92894	0	0	0	7.86982	0	3.33793	8.11474	0	0	4.43492	0.65031	5.73852	0	3.69344	7.88728	5.73852	6.12462	10.98565	7.28735	8.5859	4.00711	7.19107	1.39666	0	5.13489	3.88731	4.12529	7.89832	4.6891	8.15697	6.33806	4.6691	8.04864	8.37289	4.34487	7.43058	6.51127	8.43152	0	0	8.81633	0	10.07439	6.6719	5.97311	0	0	0	0	0	0	10.21611	10.13587	0	0	0	0	0	0	0	0	0	0	8.81659	0	0	0	
0	0	0	0	0	0	0	0	4.38759	0	0	0	0	0	0	0	8.17567	2.96968	7.03791	0	0	0	0	0	4.58943	0	0	0	0	0	0	0	0	0	8.68305	8.96536	0	8.52253	0	0	0	0	9.43651	11.01691	0	10.99016	10.62687	9.08061	0	3.19332	0	10.71943	9.80768	8.57154	0	4.93604	0	6.3407	0	5.09481	8.13025	7.566	4.92046	7.49491	7.03772	7.41124	7.28277	8.29828	9.97865	8.33342	8.02605	3.60025	6.97154	7.60451	8.11919	7.14811	9.34119	7.46732	0	0	5.85665	1.09687	10.43427	0	2.81329	9.9	5.35271	6.54309	4.17664	0	6.60904	0	0	9.23534	0	0	0	0	0	0	
0	0	0	0	0	0	0	0	0	0	0	0	0	0	0	0	0	0	0	0	5.26756	0	0	0	0	0	0	0	0	3.69586	0	0	0	0	10.09964	0	0	0	0	0	7.60028	0	8.91519	9.07605	6.66421	0	0	0	11.13815	5.98454	9.13861	0	0	1.9087	5.57678	6.65112	0	0	6.93295	8.26103	11.39737	6.74912	4.43053	4.93546	6.56466	10.13288	3.26304	5.91537	8.30863	8.13	7.9836	7.56357	6.50154	4.8408	3.05144	0	2.50739	0	7.37413	0	0	0	1.09687	0	0	0	9.0989	0	0	0	0	0	0	0	0	0	0	0	0	0	
0	0	0	0	7.65429	0	0	0	0	0	0	3.4919	0	7.64611	0	0	0	0	0	0	0	0	0	0	0	0	0	0	0	0	0	0	0	0	0	0	0	0	0	5.79302	0	0	10.38721	0	5.33138	0	0	4.90895	0	0	7.72201	0	0	0	8.97192	0	0	3.63102	0	8.40868	7.60517	2.76131	6.25731	8.24998	6.64913	0	1.87896	4.60919	8.77489	8.79278	3.98964	8.93687	8.26364	5.16493	0	0	6.31794	4.63909	7.92508	2.61476	2.86078	6.34509	0	0	7.11698	0	4.46403	8.86789	0	5.28041	0	0	0	0	8.28244	0	0	0	0	0	
0	0	0	0	0	0	0	0	0	0	0	0	0	0	0	0	0	6.50607	0	0	0	9.41981	9.49004	0	0	0	8.4492	0	0	0	0	0	0	10.05025	7.99994	0	0	0	0	0	0	0	0	0	0	0	0	0	0	0	1.43744	0	0	0	0	6.4654	11.41411	10.25717	5.24851	0.65031	0	6.40818	6.85711	0	7.57876	7.57351	8.56646	7.3115	5.09214	5.60575	6.1612	6.44773	7.38714	9.21893	7.7604	7.24225	6.87385	0	8.26117	3.71565	0	0	7.90774	0	3.4919	9.13816	3.75791	0.65031	0	10.43425	0	0	0	0	0	0	8.74077	0	0	0	
0	0	0	0	0	0	0	0	8.33055	0	0	10.47929	0	0	0	0	0	0	0	0	0	0	0	0	0	0	0	7.66243	0	0	0	0	0	0	0	0	0	0	0	9.57394	0	0	0	0	0	5.54094	0	5.39237	3.56315	0	0	11.54186	0	0	0	0	0	0	8.00597	0	6.72875	0	8.19268	9.11541	8.45502	3.29265	4.98242	0	0	5.81223	8.00778	3.07092	8.89338	8.23315	6.67077	11.9591	3.31086	0	0.65031	6.41648	6.86316	8.4154	9.60528	7.96374	4.17644	0	0	0	0	0	6.40449	0	10.68485	0	0	0	0	0	0	0	
0	0	0	0	0	0	0	0	0	0	0	0	0	5.5758	0	0	0	0	0	7.98131	0	0	0	0	0	3.1806	0	0	0	0	0	0	0	0	7.98131	0	0	7.53157	0	0	9.83402	0	3.16551	13.16001	0	0	0	0	0	0	5.11264	6.84415	0	0	8.55566	0	0	0	0	6.51577	7.10714	0	4.51608	7.96167	6.29365	4.32119	10.70168	2.61476	0	5.1696	7.85386	0	7.25157	6.12924	7.68656	6.18217	5.01514	5.05693	6.86235	4.43165	0	6.70083	2.61476	5.14827	1.90791	0	0	6.50741	1.23195	0	6.10363	0	0	6.80795	0	0	0	0	4.38696	0	
0	0	0	0	0	0	0	9.59469	0	0	0	0	0	0	0	0	0	0	0	0	0	0	0	0	0	0	0	0	8.7418	0	0	0	0	0	10.40411	0	0	11.02836	0	0	0	6.25395	0	0	0	0	9.63089	0	0	0	0	0	11.76387	0	0	0	2.90674	11.97757	0	5.42715	8.53486	0	0	6.04466	0	5.67562	0	7.46025	6.73077	11.17095	9.05333	7.30793	9.90086	5.49552	7.92157	6.47136	9.84093	0	6.48435	6.33635	6.91781	6.17232	5.8656	0	6.97637	0	7.35639	5.68033	0	0	10.85158	8.98877	0	0	0	0	9.3648	0	0	0	
0	0	0	0	0	0	0	0	0	0	0	0	0	0	0	0	0	0	0	0	0	0	0	0	0	0	0	0	0	0	0	0	0	0	0	0	0	5.13612	0	0	0	0	0	0	0	0	0	0	0	6.89336	0	5.04635	0	4.52807	0	0	2.96968	9.18379	0	0	5.4118	0	8.39654	12.49214	7.05036	6.59842	0	0	8.86237	9.28394	0	5.93931	4.28641	10.81888	7.92858	6.86524	0	4.35818	6.55854	6.3218	4.28095	9.85191	3.25429	1.71277	0	0	2.2279	0	0	0	0	0	8.08551	9.35396	9.11362	0	0	0	0	0	
0	0	0	0	0	0	0	9.26284	0	0	0	0	0	0	0	0	0	0	0	0	0	0	0	0	0	0	0	0	0	0	0	0	0	0	0	0	0	4.83739	0	7.62129	0	0	0	0	0	0	0	0	0	0	4.53395	0	0	10.53959	6.23138	0	0	7.46033	9.99645	11.05177	0	1.09687	0	7.5242	10.27165	10.10711	0	0	8.03685	6.35828	8.61531	3.45183	4.90458	8.08367	1.94385	6.85447	7.01969	0	7.7398	8.87726	8.72968	9.21939	4.32272	10.04762	5.6988	0	0	3.24909	0	0	7.35639	0	0	0	0	7.08044	0	0	0	0	
0	0	0	0	0	0	0	0	0	0	0	0	0	0	0	0	0	0	0	0	0	0	0	0	0	11.51432	0	0	0	0	0	0	0	0	0	0	0	8.92198	0	0	0	0	0	0	9.76299	0	0	0	5.35271	0	0	0	0	0	0	0	0	0	0	0	0	0	8.06266	0	0	6.24561	6.79719	8.10474	0	7.37117	3.27594	0	8.58704	0	9.38951	5.87456	4.22137	5.63991	3.97679	4.48174	4.5794	0	6.73519	0	9.40534	6.56721	0	0	0	0	9.56896	0	0	0	0	0	0	1.43744	0	0	
0	0	0	0	0	0	0	0	0	0	0	0	6.15065	0	0	0	0	0	0	0	0	0	0	0	0	0	0	0	0	0	0	0	0	0	0	0	0	0	0	0	0	0	0	0	0	0	0	10.5473	0	0	0	0	10.38475	0	0	0	0	0	0	5.51502	0	0	0	5.51162	4.30687	10.49361	9.13766	0	9.64686	0	0	8.85614	0	0	0	3.01871	7.928	8.65627	7.3546	5.63575	0	4.55485	6.31136	4.69796	6.288	1.53546	7.08114	0	4.88134	0	0	0	0	6.26189	0	0	0	0	0	0	
0	0	0	0	0	0	0	0	0	0	0	0	0	0	0	0	0	0	0	0	0	0	0	0	0	0	0	0	0	0	0	0	11.71705	0	0	0	0	0	0	0	3.81739	0	0	0	0	0	0	0	0	0	0	0	0	0	0	0	9.30521	0	0	0	10.24388	0	0	4.47986	0	6.25114	0	0	7.79528	0	0	0	8.33681	0	0	6.13904	0	0	4.101	9.69206	9.37283	6.26189	9.91199	0	4.30687	0	1.09687	0	0	0.65031	6.61278	6.444	4.95815	0	0	0	0	0	0	0	
0	0	0	0	0	0	0	0	0	0	0	0	0	0	0	0	0	0	0	0	0	0	0	0	0	0	0	4.90895	0	0	0	0	0	0	0	0	0	0	0	0	0	0	0	0	0	0	0	0	0	0	0	0	0	0	0	0	0	0	0	0	0	0	0	0	0	0	0	0	0	0	3.15939	5.37326	7.34962	0	0	7.33619	8.789	0	9.63324	7.48577	0	5.07536	0	6.54309	3.69586	9.3038	0	8.27979	0	0	0	7.16928	0	0	0	8.59656	0	0	0	0	
0	0	0	0	0	0	0	0	0	0	0	0	0	0	0	0	0	0	0	0	11.77	0	0	0	0	0	0	0	0	0	10.58148	0	0	0	0	0	0	0	0	0	0	0	0	0	0	0	0	0	0	0	0	0	0	0	0	0	0	0	0	11.51517	0	0	0	0	7.47658	8.40141	5.35271	4.12793	0	0	0	0	0	0	0	2.47397	6.61699	6.21842	0	0	3.80856	0	0	0	2.78223	7.82342	8.00365	5.71377	7.81979	0	11.23233	6.8006	3.92948	9.50934	0	4.5716	0	0	0	0	
0	0	0	0	0	0	0	0	0	0	0	0	0	0	0	0	0	0	0	0	0	0	0	0	0	0	0	0	0	0	0	0	0	0	0	0	0	0	0	0	0	0	0	0	0	0	0	0	4.79519	0	0	0	0	0	0	0	0	0	0	0	0	0	0	0	0	0	0	0	0	6.94761	11.06679	10.90354	6.80462	0	9.88357	5.67562	0	8.81842	0	0	0	8.357	8.513	0	3.95909	0	0	0	0	7.91246	0	2.23307	4.27894	0	1.43744	0	0	0	0	0	
0	0	0	0	0	0	0	0	0	0	0	0	0	0	0	10.35625	0	0	0	0	0	0	0	0	0	0	0	0	0	0	0	0	0	0	4.17664	0	0	0	0	0	0	0	0	0	0	0	0	0	0	0	0	0	0	0	0	0	0	0	0	0	0	0	0	0	0	0	0	2.143	0	0	0	0	0	9.75636	0	0	0	0	0	0	0	1.94385	0	0	4.64464	0	4.95514	2.95614	4.6717	10.32665	8.60502	0	9.24263	0	0	0	0	0	0	0	
0	0	0	0	0	0	0	0	0	0	0	0	0	0	0	0	0	0	0	0	0	0	0	0	0	0	0	0	0	0	0	0	0	0	0	0	0	0	0	0	0	0	0	0	0	0	0	0	9.73819	1.43744	0	0	0	0	0	0	0	0	0	12.37963	0	0	0	0	0	8.00426	0	0	0	0	0	7.57895	0	0	0	0	0	11.02836	0	8.21989	10.57611	0	0	10.48503	0	0	0	0	0	0	0	0	0	0	0	0	0	0	0	0	
0	0	0	0	0	0	0	0	0	0	0	0	0	0	0	0	0	0	0	0	0	0	0	0	0	0	0	0	0	0	0	0	0	0	0	0	0	0	0	0	0	0	0	0	0	6.77832	0	0	0	0	0	0	0	0	0	2.67178	0	0	10.65414	0	0	0	0	0	10.11306	0	0	0	0	0	0	2.47397	0	5.33246	0	0	3.81739	0	0	0	3.26054	6.28993	5.43971	9.06998	0	0	0	8.62597	9.39481	0	2.96968	8.31634	11.29417	0	0	0	0	0	0	0	
0	0	0	0	0	0	0	0	0	0	0	0	0	0	0	0	0	0	0	0	0	0	0	0	0	0	0	0	0	0	0	0	0	0	0	0	0	0	0	0	0	0	0	0	0	0	0	0	0	0	0	0	0	0	0	0	0	0	0	0	0	0	0	0	0	0	0	0	0	0	0	0	0	0	0	0	0	0	0	0	0	0	0	0	0	0	3.25429	0	0	0	0	9.71199	0	0	0	0	0	0	0	0	
0	0	0	0	0	0	0	0	0	0	0	0	0	0	0	0	0	0	0	0	0	0	0	0	0	0	0	0	0	0	0	0	0	0	0	0	0	0	0	0	0	0	0	0	0	0	0	0	0	0	0	0	0	0	0	0	0	0	0	0	0	0	0	0	0	0	0	0	0	0	8.84324	0.65031	0	0	0	0	0	0	0	6.05504	0	0	0	10.40852	0	0	0	0	0	0	5.27969	10.58576	0	0	0	0	0	0	0	0	
0	0	0	0	0	0	0	0	0	0	0	0	0	0	0	0	0	0	0	0	0	0	0	0	0	0	0	0	0	0	0	0	0	0	0	0	0	0	0	0	0	0	0	0	0	0	0	0	0	0	0	0	0	0	0	0	0	0	0	5.4118	0	0	0	0	0	0	0	0	0	0	9.1032	0	0	0	0	0	0	0	0	0	0	0	0	0	0	0	2.96968	0	0	0	0	0	0	0	0	0	0	0	0	0	
0	0	0	0	0	0	0	0	0	0	0	0	0	0	0	0	0	0	0	0	0	0	0	0	0	0	0	0	0	0	0	0	0	0	0	0	0	0	0	0	0	0	0	0	0	0	0	0	0	0	0	0	0	0	0	0	0	0	0	0	0	0	0	0	0	0	0	0	0	8.04179	1.09687	0	0	0	0	0	0	0	7.71421	0	0	0	0	0	0	0	0	0	6.5779	1.94385	0	0	0	0	0	0	0	0	0	0	
0	0	0	0	0	0	0	0	0	0	0	0	0	0	0	0	0	0	0	0	0	0	0	0	0	0	0	0	0	0	0	0	0	0	0	0	0	0	0	0	0	0	0	0	0	0	0	0	0	0	0	0	0	0	0	0	0	0	0	0	0	0	0	0	0	0	0	0	0.65031	0	0	0	0	0	0	0	0	0	0	0	0	0	0	0	0	0	0	0	0	0	0	0	0	0	0	0	0	0	0	0	
0	0	0	0	0	0	0	0	0	0	0	0	0	0	0	0	0	0	0	0	0	0	0	0	0	0	0	0	0	0	0	0	0	0	0	0	0	0	0	0	0	0	0	0	0	0	0	0	0	0	0	0	0	0	0	0	0	0	8.30079	0	0	0	0	0	0	0	0	0	0	0	0	0	0	0	0	7.21424	0	0	0	0	0	0	0	0	0	0	0	0	0	0	0	0	0	0	0	0	0	0	0	0	
0	0	0	0	0	0	0	0	0	0	0	0	0	0	0	0	0	0	0	0	0	0	0	0	0	0	0	0	0	0	0	0	6.36516	0	0	0	0	0	0	0	0	0	0	0	0	0	0	0	0	0	3.07092	0	0	0	0	0	0	0	0	0	0	0	0.65031	0	0	0	0	0	0	0	0	0	0	0	0	1.71277	0	0	0	0	3.07092	0	0	0	0	0	0	0	0	0	0	0	0	0	0	0	0	0	0	0	
0	0	0	0	0	0	0	0	0	0	0	0	0	0	0	0	0	0	0	0	0	0	0	0	0	0	0	0	0	0	0	0	0	0	0	0	0	0	0	0	0	0	0	0	0	0	0	0	0	0	0	0	0	0	0	0	0	0	0	0	0	0	0	0	0	0	0	0	0	0	0	0	0	0	0	0	0	0	0	0	0	0	0	0	0	0	0	0	0	0	0	0	0	0	0	0	0	0	0	0	
0	0	0	0	0	0	0	0	0	0	0	0	0	0	0	0	0	0	0	0	0	0	0	0	0	0	0	0	0	0	0	0	0	0	0	0	0	0	0	0	0	0	0	0	0	0	0	0	0	0	0	0	0	0	0	0	0	0	0	0	0	0	0	0	0	0	0	0	0	0	0	0	0	0	0	0	0	0	0	0	0	0	0	0	0	0	0	0	0	0	0	0	0	0	0	0	0	0	0	0	
0	0	0	0	0	0	0	0	0	0	0	0	0	0	0	0	0	0	0	0	0	0	0	0	0	0	0	0	0	0	0	0	0	0	0	0	0	0	0	0	0	0	0	0	0	0	0	0	0	0	0	0	0	0	0	0	0	0	0	0	0	0	0	0	0	0	0	0	0	0	0	0	0	0	0	0	0	0	0	0	0	0	0	0	0	0	0	0	0	0	0	0	0	0	0	0	0	0	0	0	
0	0	0	0	0	0	0	0	0	0	0	0	0	0	0	0	0	0	0	0	0	0	0	0	0	0	0	0	0	0	0	0	0	0	0	0	0	0	0	0	0	0	0	0	0	0	0	0	0	0	0	0	0	0	0	0	0	0	0	0	0	0	0	0	0	0	0	0	0	0	0	0	0	0	0	0	0	0	0	0	0	0	0	0	0	0	0	0	0	0	0	0	0	0	0	0	0	0	0	0	
0	0	0	0	0	0	0	0	0	0	0	0	0	0	0	0	0	0	0	0	0	0	0	0	0	0	0	0	0	0	0	0	0	0	0	0	0	0	0	0	0	0	0	0	0	0	0	0	0	0	0	0	0	0	0	0	0	0	0	0	0	0	0	0	0	0	0	0	0	0	0	0	0	0	0	0	0	0	0	0	0	5.72305	0	0	0	0	0	0	0	0	0	0	0	0	0	0	0	0	0	0	
0	0	0	0	0	0	0	0	0	0	0	0	0	0	0	0	0	0	0	0	0	0	0	0	0	0	0	0	0	0	0	0	0	0	0	0	0	0	0	0	0	0	0	0	0	0	0	12.33135	0	0	0	0	0	0	0	0	0	0	0	0	0	0	0	0	0	0	0	0	0	0	0	0	0	0	9.19059	0	0	0	0	0	0	0	0	0	0	0	0	0	0	0	0	0	0	0	0	0	0	0	0	0	
