0	0	0	0	0	0	0	0	0	0	0	0	0	0	0	0	0	0	0	0	0	0	0	0	0	0	0	0	0	0	0	0	0	0	0	0	0	0	0	0	0	0	0	0	0	0	0	0	0	0	0	11.75103	0	0	0	0	0	0	0	0	0	0	0	0	0	0	0	0	0	0	0	0	0	0	0	0	0	0	0	0	0	0	0	0	0	0	0	0	0	0	0	0	0	0	0	0	0	0	0	0	
0	0	0	0	0	0	0	0	0	0	0	0	0	0	0	0	0	0	0	0	0	0	0	0	0	0	0	0	0	0	0	0	0	0	0	0	0	0	0	0	0	0	0	0	0	0	0	12.941	0	0	0	0	0	0	0	0	0	0	0	0	0	0	0	12.43207	0	0	0	0	0	0	0	0	0	0	0	0	0	0	0	0	0	0	0	0	0	0	0	0	0	0	0	0	0	0	0	0	0	0	0	0	
0	0	0	0	0	0	0	0	0	0	0	0	0	0	0	0	0	0	0	0	0	0	0	0	0	0	0	0	0	0	0	0	0	0	0	0	0	0	0	0	0	0	0	0	0	0	0	0	0	0	0	0	0	0	8.45667	0	0	0	0	0	0	0	0	0	0	0	0	0	0	0	0	0	0	0	0	0	0	0	0	0	0	0	0	0	0	0	0	0	0	0	0	0	0	0	0	0	0	0	0	0	
0	0	0	0	0	0	0	0	0	0	0	0	0	0	0	0	0	0	0	0	0	0	0	0	0	0	0	0	0	0	0	0	0	0	0	0	0	0	0	0	0	0	0	0	0	0	14.12175	10.29268	0	0	0	0	0	0	0	0	0	0	0	0	0	0	0	0	0	0	0	0	0	0	0	0	0	0	0	0	0	0	0	0	0	0	0	0	0	0	0	0	0	0	0	0	0	0	0	0	0	0	0	0	
0	0	0	0	0	0	0	0	0	0	0	0	0	0	0	0	0	0	0	0	0	0	0	0	0	0	0	0	0	0	0	0	0	0	0	0	0	7.51554	0	0	0	0	0	13.50952	0	0	0	0	0	0	0	0	0	0	0	0	0	0	0	0	0	0	0	0	0	0	0	0	0	0	0	0	0	0	0	0	0	0	0	0	0	0	0	0	0	0	0	0	0	0	0	0	0	0	0	0	0	0	0	0	
0	0	0	0	0	0	0	0	0	0	0	0	0	0	0	0	0	0	0	0	0	0	0	0	0	0	0	0	0	0	0	0	0	0	0	0	0	0	0	0	0	0	0	0	0	0	0	0	0	0	0	0	0	0	0	0	0	0	0	0	0	0	0	0	0	0	0	0	0	0	0	0	8.8725	0	0	0	0	0	0	0	0	0	0	0	0	0	0	0	0	0	0	0	0	0	0	0	0	0	0	0	
0	0	0	0	0	0	0	0	0	0	0	0	0	0	0	0	0	0	0	0	0	0	0	0	0	0	0	0	0	0	0	0	0	0	0	0	0	0	0	0	0	0	0	0	0	0	0	0	0	0	0	0	0	0	0	0	0	0	0	0	0	0	0	0	0	0	0	0	0	0	0	0	0	0	10.5774	0	0	0	0	0	0	0	0	0	0	0	0	0	0	0	0	0	0	0	0	0	0	0	0	0	
0	0	0	0	0	0	0	0	0	0	0	0	0	0	0	0	0	0	0	0	0	0	0	0	0	0	0	0	0	0	0	0	0	0	0	0	0	0	0	0	0	0	0	0	0	0	0	0	0	0	0	8.22578	0	0	0	13.43588	0	0	5.92765	0	0	0	0	0	0	0	0	0	0	0	0	0	0	0	0	0	0	0	0	0	0	0	0	0	0	0	0	0	0	0	0	0	0	0	0	0	0	0	0	0	
0	0	0	0	0	0	0	0	0	0	0	0	0	0	0	0	0	0	0	0	0	0	0	0	0	0	0	0	0	0	0	0	0	0	0	0	0	0	0	0	0	0	0	0	0	0	0	0	0	0	0	0	0	0	0	0	0	0	0	0	0	0	0	0	0	0	0	5.28911	0	0	0	0	0	0	0	0	0	0	0	0	0	0	0	0	0	0	0	0	0	0	0	0	0	0	0	0	0	0	0	0	
0	0	0	0	0	0	0	0	0	0	0	0	0	0	0	0	0	0	0	0	0	0	0	0	0	0	0	0	0	0	0	0	0	0	0	0	0	0	0	0	0	0	0	0	0	0	0	0	0	0	0	0	0	0	0	6.57365	0	0	0	0	0	0	0	0	0	0	0	0	0	0	0	0	0	0	0	0	0	0	0	0	0	0	0	0	0	0	0	0	0	0	0	0	0	0	0	0	0	0	0	0	
0	0	0	0	0	0	0	0	0	0	0	0	0	0	0	0	0	0	0	0	0	0	0	0	0	0	0	0	0	0	0	0	0	0	0	0	0	0	0	0	0	0	0	0	0	0	0	0	0	0	0	0	0	0	0	0	0	0	0	0	0	0	0	0	0	0	0	10.18047	0	0	0	0	0	0	0	0	0	0	0	0	0	0	0	0	0	0	0	0	0	0	0	0	0	0	0	0	0	0	0	0	
0	0	0	0	0	0	0	0	0	0	0	0	0	0	0	0	0	0	0	0	0	0	0	0	0	0	0	0	0	0	0	0	0	0	0	0	0	0	0	0	0	0	0	0	0	0	0	0	0	0	0	0	4.1851	0	0	0	0.87661	0	0	0	0	0	0	0	0	0	0	0	0	0	0	12.58785	0	0	0	0	0	0	0	0	0	0	0	0	0	0	0	0	0	0	0	0	0	0	0	0	0	0	0	0	
0	0	0	0	0	0	0	0	0	0	0	0	0	0	0	0	0	0	0	0	0	0	0	0	0	0	0	0	0	0	0	0	0	0	0	0	0	0	0	0	0	0	0	0	0	0	0	0	8.30268	0	0	0	14.31552	0	0	0	0	0	0	0	0	0	0	0	0	0	0	9.66938	0	0	0	0	0	0	0	0	0	0	0	0	0	0	0	0	0	0	0	0	0	0	0	0	0	0	0	0	0	0	0	0	
0	0	0	0	0	0	0	0	0	0	0	0	0	0	0	0	0	0	0	0	0	0	0	0	0	0	0	0	0	0	12.86595	0	0	0	0	0	0	0	0	4.82106	0	0	0	0	0	0	0	9.49665	0	0	0	0	0	0	0	0	0	4.75925	1.12796	0	8.40966	0	0	4.44274	0	0	0	0	0	0	0	0	0	0	0	0	0	0	0	0	0	0	0	0	0	0	0	0	0	0	0	0	0	0	0	0	0	0	0	0	
0	0	0	0	0	0	0	0	0	0	0	0	0	0	0	0	0	0	0	0	0	0	0	0	0	0	0	0	0	0	0	0	0	0	0	0	0	0	0	0	0	0	0	0	0	0	0	0	0	0	0	0	0	0	5.66276	0	0	0	0	0	0	0	0	0	0	0	0	0	0	0	0	0	0	0	0.67157	0	0	0	0	0	0	0	0	0	0	0	0	0	0	0	0	0	0	0	0	0	0	0	0	0	
0	0	0	0	0	0	0	0	0	0	0	0	0	0	0	0	0	0	0	0	0	0	0	0	0	0	0	0	0	0	0	0	0	0	0	0	0	0	0	0	0	0	12.01118	0	0	0	0	0	0	0	0	0	9.62241	0	0	0	0	0	0	11.95197	0	0	0	0	0	0	0	0	0	0	0	2.91083	0	0	0	0	0	0	0	0	0	0	0	0	0	0	0	0	0	0	0	0	0	0	0	0	0	0	0	0	
0	0	0	0	0	0	0	0	0	0	0	0	0	0	0	0	0	0	0	0	0	0	0	0	0	0	0	0	0	0	0	0	0	0	0	0	0	0	0	0	0	0	0	7.59572	0	0	0	10.08907	0	0	0	9.22047	0	0	0	0	0	0	4.79141	0	0	0	0	0	0	0	0	0	0	0	0	0	0	0	0	0	0	0	0	0	0	0	0	0	0	0	0	0	0	0	0	0	0	0	0	0	0	0	0	0	
0	0	0	0	0	0	0	0	0	0	0	0	0	0	0	0	0	0	0	0	0	0	0	0	0	0	0	0	0	0	0	0	0	0	0	0	0	0	0	0	0	0	6.71059	0	0	0	0	0	0	0	0	0	0	0	0	7.35243	0	0	0	0	0	0	0	0	0	0	1.4742	0	1.98688	0	0	0	0	0	0	0	0	0	0	0	0	0	0	0	0	0	0	0	0	0	0	0	0	0	0	0	0	0	0	0	
0	0	0	0	0	0	0	0	0	0	0	0	0	0	0	0	0	0	0	0	0	0	0	0	0	0	0	0	0	0	0	0	0	0	0	0	0	0	0	0	13.32708	0	0	0	0	0	0	0	0	0	0	0	0	0	0	0	0	0	0	0	0	0	0	0	0	0	0	0	0	0	0	0	0	0	0	0	0	0	0	0	0	0	0	0	0	0	0	0	0	0	0	0	0	0	0	0	0	0	0	0	
0	0	0	0	0	0	0	0	0	0	0	0	0	0	0	0	0	0	0	0	0	0	0	0	0	0	0	0	0	0	0	0	0	0	0	0	0	0	0	0	0	0	0	0	0	0	0	8.75865	0	0	6.42004	0	0	0	0	0	0	0	0	0	0	0	0	0	0	0	0	0	0	0	0	0	0	0	0	0	8.82991	0	0	0	0	0	0	0	0	0	0	0	0	0	0	0	0	0	0	0	0	0	0	0	
0	0	0	0	0	0	0	0	0	0	0	0	0	0	0	0	0	0	0	0	0	0	0	0	0	0	0	0	0	0	0	0	0	0	0	0	0	0	0	0	0	0	0	0	0	0	0	8.9489	0	0	9.2936	10.61333	0	0	0	0	6.28688	0	12.44746	0	8.60899	0	0	0	0	11.35625	0	0	0	0	0	0	0	0	0	0	0	0	0	0	0	0	0	0	0	0	0	0	0	0	0	0	0	0	0	0	0	0	0	0	
0	0	0	0	0	0	0	0	0	0	0	0	0	0	0	0	0	0	0	0	0	0	0	0	0	0	0	0	0	0	0	0	0	0	0	0	0	0	0	0	0	7.32602	0	0	0	0	0	0	0	0	0	0	0	0	0	0	0	0	0	0	0	0	0	0	0	0	0	0	4.59204	0	0	0	0	0	0	0	0	0	0	0	0	0	0	0	0	0	0	0	0	0	0	0	0	0	0	0	0	0	0	0	
0	0	0	0	0	0	0	0	0	0	0	0	0	0	0	0	0	0	0	0	0	0	0	0	0	0	0	0	0	0	0	1.12796	0	0	0	0	0	0	0	0	0	0	0	0	0	0	0	10.635	0	0	0	0	0	0	0	0	0	0	0	0	0	0	0	5.98278	0	0	0	0	0	0	0	0	0	0	0	0	0	0	0	0	0	0	0	0	0	0	0	0	0	0	0	0	0	0	0	0	0	0	0	0	
0	0	0	0	0	0	0	0	0	0	0	0	0	0	0	0	0	0	0	0	0	0	0	0	0	0	0	0	0	0	0	8.63504	0	0	0	0	0	0	0	0	0	0	0	0	0	0	0	0	0	0	0	0	0	0	0	0	0	0	0	0	0	0	0	0	0	0	0	0	0	0	0	0	0	0	0	0	0	0	0	0	0	0	0	0	0	0	0	0	0	0	0	0	0	0	0	0	0	0	0	0	
0	0	0	0	0	0	0	0	0	0	0	0	0	0	0	0	0	0	0	0	0	0	0	0	0	0	0	0	0	0	0	0	0	0	0	0	0	0	0	0	0	0	0	9.36667	0	0	0	0	0	17.03843	0	0	0	0	9.01816	0	0	0	0	0	0	0	0	0	0	0	0	0	0	0	0	0	0	0	0	0	0	0	0	2.52241	0	0	0	0	0	0	0	0	0	0	0	0	0	0	0	0	0	0	0	0	
0	0	0	0	0	0	0	0	0	0	0	0	0	0	0	0	0	0	0	0	0	0	0	0	0	0	0	0	0	0	0	0	4.1851	0	0	0	0	0	0	0	0	0	0	0	0	0	0	1.98688	0	0	4.51798	8.86696	0	0	0	0	0	0	8.19883	0	0	0	0	0	0	0	0	0	0	0	7.16254	0	0	0	0	0	0	0	0	0	0	0	0	0	0	5.65379	0	0	0	0	0	0	0	0	0	0	0	0	0	0	
0	0	0	0	0	0	0	0	0	0	0	0	0	0	0	0	0	0	0	0	0	0	0	0	0	0	0	0	0	0	0	0	0	0	0	0	0	0	0	8.76259	0	0	0	0	16.74817	0	4.851	0	0	0	0	0	0	0	0	0	0	0	0	0	0	0	0	0	0	0	0	0	0	1.75322	0	0	0	0	0	0	0	0	0	0	0	0	0	0	0	0	0	0	0	0	0	0	0	0	0	0	0	0	0	0	
0	0	0	0	0	0	0	0	0	0	0	0	0	0	0	0	0	0	0	0	0	0	0	0	0	0	0	0	0	0	0	0	0	0	0	8.16942	0	0	0	0	0	0	0	0	0	0	0	7.50145	0	0	0	0	0	8.78193	0	0	0	0	0	0	6.09962	0	0	0	0	0	0	0	0	0	0	0	0	0	0	0	0	0	0	0	0	0	0	0	0	0	0	0	0	0	0	0	0	0	0	0	0	0	0	0	
0	0	0	0	0	0	0	0	0	0	0	0	0	0	0	0	0	0	0	0	0	0	0	0	0	0	0	0	0	0	0	0	0	0	0	0	0	0	0	0	0	15.4612	0	0	0	0	0	0	0	0	0	0	0	0	0	0	0	0	0	0	0	0	0	0	0	0	0	4.99204	0	0	0	7.49198	0	0	0	0	0	0	0	0	0	0	0	0	0	0	0	0	0	0	0	0	0	0	0	0	0	0	0	0	
0	0	0	0	0	0	0	0	0	0	0	0	0	0	0	0	0	0	0	0	0	0	0	0	0	0	0	0	0	0	0	0	0	0	0	0	0	0	0	0	7.37805	0	0	0	9.63537	0	0	4.40003	0	0	1.98688	12.27236	0	0	0	10.19733	0	0	6.43227	0	9.41131	0	0	0	0	0	0	0	4.99204	0	0	0	0	0	0	0	0	0	0	0	0	0	0	0	0	0	0	0	0	0	0	0	0	0	0	5.68328	0	0	0	0	
0	0	0	0	0	0	0	0	0	0	0	0	0	0	0	0	0	0	0	0	0	0	0	0	0	0	0	0	0	0	0	0	0	0	0	0	0	0	0	0	0	0	0	0	11.5928	0	0	0	0	0	0	0	9.01155	0	0	0	0	7.30994	0	0	0	5.59758	0	0	0	0	0	0	0	0	0	0	0	0	0	0	0	0	0	0	0	0	0	0	0	0	0	0	0	0	0	0	0	0	0	0	0	0	0	0	
0	0	0	0	0	0	0	0	0	0	0	0	0	0	0	0	0	0	0	0	0	0	0	0	0	0	0	0	0	0	0	0	0	0	0	0	0	0	0	0	0	0	0	13.37986	0	0	10.06387	0	0	0	7.19208	0	0	0	0	0	0	0	0	4.03668	0	0	0	0	7.56606	0	0	7.98932	0	0	0	0	7.73212	0	0	0	8.5069	0	0	0	0	0	0	0	0	0	0	0	0	0	0	0	0	0	0	0	0	0	0	0	
0	0	0	0	0	0	0	0	0	0	0	0	0	0	0	0	0	0	0	0	0	0	0	0	0	0	0	0	0	0	0	0	0	0	0	0	0	0	0	0	0	0	0	0	6.36839	2.18796	0	10.49625	0	0	0	8.48262	0.67157	0	0	7.92392	0	0	0	0	0	0	0	0	0	0	0	12.94454	0	0	0	0	0	10.43022	0	0	0	0	0	0	0	0	0	0	0	0	0	0	0	0	0	0	0	0	0	0	0	0	0	0	
0	0	0	0	0	0	0	0	0	0	0	0	0	0	0	0	0	0	0	0	0	0	0	0	0	0	0	0	0	0	0	0	0	0	0	0	0	12.8802	0	0	0	0	0	0	0	0	0	0	0	0	0	4.98327	0	0	13.63219	0	6.54646	0	0	8.23901	0	3.12201	0	0	0	0	0	0	0	0	0	0	0	0	6.33125	2.18796	0	0	0	0	0	0	0	0	0	0	0	0	0	0	0	0	0	0	0	0	0	0	0	0	
0	0	0	0	0	0	0	0	0	0	0	0	0	0	0	0	0	0	0	0	0	0	0	0	0	0	0	0	0	0	0	0	0	0	0	0	0	0	0	0	0	0	15.90234	0	0	11.21948	0	13.34788	0	0	7.29912	0	12.49461	0	10.04457	0	0	0	0	0	0	0	0	5.99624	0	0	0	8.13028	0	0	9.58727	0	0	0	0	0	0	0	2.18796	0	0	0	0	0	0	0	0	0	0	0	0	0	0	0	0	0	0	0	0	0	
0	0	0	0	0	0	0	0	0	0	0	0	0	0	0	0	0	0	0	0	0	0	0	0	0	0	0	0	0	0	0	0	0	0	0	0	0	0	0	0	0	0	0	0	0	0	0	8.85229	7.45834	0	0	9.74308	0	0	0	0	0	0	0	0	0	0	0	0	0.67157	0	0	0	0	0	0	0	0	0	0	0	0	0	0	0	0	0	0	0	0	0	0	0	0	0	3.46951	0	0	0	0	0	0	0	0	0	
0	0	0	0	0	0	0	0	0	0	0	0	0	0	0	0	0	0	0	0	0	0	0	0	0	0	0	0	0	0	0	0	0	0	0	0	0	0	0	0	0	0	0	0	0	0	0	12.66467	0	0	0	0	9.87643	4.08786	0	0	0	0	9.68933	5.73237	0	0	0	0	0	0	0	0	0	0	0	0	0	0	0	0	0	0	0	0	0	0	0	0	0	0	0	0	0	0	0	0	0	0	0	0	0	0	7.96899	0	
0	0	0	0	0	0	0	0	0	0	0	0	0	0	0	0	0	0	0	0	0	0	0	0	0	0	0	0	0	0	0	0	0	0	0	0	0	0	0	0	0	0	7.73212	0	0	0	0	0	0	8.3523	0	7.49198	0	7.22103	0	0	0	0	0	0	0	0	0	0	12.59229	0	0	0	0	0	0	0	0	0	0	0	14.60246	0	0	0	0	0	0	0	0	0	0	0	0	0	0	0	0	0	0	0	0	0	0	0	
0	0	0	0	0	0	0	0	0	0	0	0	10.87657	0	0	0	0	0	0	0	0	0	0	0	0	0	0	0	0	0	10.08686	0	0	0	0	0	0	0	0	0	0	0	11.54201	0	0	0	0	5.28308	0	0	12.08311	0	0	1.98688	0.67157	0	8.52843	0	0	0	0	0	0	8.91741	9.60604	12.31158	0	0	0	0	0	0	0	0	0	0	0	0	0	0	0	0	0	0	0	0	0	0	0	0	0	0	0	0	0	0	0	0	0	0	
0	0	0	0	0	0	0	0	0	0	0	0	0	0	0	0	0	0	0	0	0	0	0	0	0	0	0	0	0	0	0	0	0	0	0	0	0	0	0	0	0	0	0	0	0	10.5918	10.66375	0	0.67157	13.26883	0	7.7224	10.63498	0	7.56154	9.9101	0	0	0	0	10.98096	0	0	0	0	0	0	0	0	6.90932	0	0	0	0	0	0	1.89752	0	0	0	0	0	0	0	0	0	0	0	0	0	0	0	0	0	0	0	0	0	0	0	
0	0	0	0	0	0	0	0	0	0	0	0	0	0	0	7.75209	0	0	0	0	0	0	0	0	0	0	0	0	0	0	0	0	0	0	0	4.27618	12.10229	0	0	0	0	0	0	0	0	10.81477	7.30117	7.83683	0.67157	11.21229	0	0	2.91083	0	7.00501	0	0	0	0	5.64961	0	5.68328	0	2.66332	0	9.12923	0	0	11.48564	0	6.94381	0	0	0	0	11.53576	0	1.12796	0	4.86516	0	0	0	0	0	0	0	0	0	0	8.25869	0	0	0	0	0	0	0	0	0	
0	0	0	0	0	0	0	0	0	0	0	0	0	0	0	0	0	0	0	0	0	0	0	0	0	0	12.22294	0	0	0	0	5.64961	0	0	5.16885	0	0	0	0	0	10.19625	0	0	0	0	0	0	0	8.28464	2.9165	0	11.15156	9.03619	0	8.94196	0	16.7804	0	4.38579	0	0	9.18319	0	0	0	6.47135	0	0	0	0	0	0	0	7.3886	0	0	0	0	0	0	0	0	0	0	0	0	0	0	0	0	0	0	0	0	0	0	1.4742	0	0	0	
0	0	0	0	0	0	0	0	0	0	0	0	0	0	0	0	0	0	0	12.13175	0	0	0	0	0	0	0	0	0	0	0	0	0	0	0	0	0	0	0	0	0	0	0	13.52502	0	0	10.54971	12.47296	12.31611	0	6.56464	6.50862	10.64037	0	0	0	14.15448	0	0	8.30306	3.63696	0	0	10.83598	0	4.75925	0	7.99938	0	0	0	0	0	0	0	0	0	0	0	0	0	0	0	0	0	0	0	0	0	0	5.56887	0	0	0	0	0	0	0	0	0	
0	0	0	0	0	0	0	0	0	0	0	0	11.27403	0	0	0	0	0	0	8.67324	0	0	0	0	0	0	0	0	0	0	0	0	0	7.36462	0	0	0	0	0	0	0	14.10185	14.09136	0	9.24775	0	0	3.34196	7.22675	0	0	10.85382	7.8256	2.08488	9.62991	5.01867	6.41825	5.10807	6.52026	0	0	0	0	0	3.21704	0	0	0	0	0	0	0	0	0	0	0	0	0	8.24747	1.12796	0	0	0	0	0	0	0	0	0	0	0	0	0	0	0	0	0	0	0	0	
0	0	0	0	0	0	0	0	0	0	0	0	0	0	0	0	0	0	0	0	0	0	0	16.12911	0	0	0	0	0	0	0	0	0	0	0	0	0	0	11.67513	0	0	0	8.1203	8.72469	7.70369	0	9.96601	7.00111	0	8.43183	9.16692	7.06743	0	0	0	0	0	6.41319	15.73477	9.60385	10.05184	0	0	0	5.54359	0	0	0	0	0	0	0	0	0	0	0	0	0	0	0	0	0	0	0	0	0	0	0	0	0	0	0	0	0	0	0	0	0	0	0	
0	0	8.83928	0	0	0	0	0	0	0	0	0	0	0	0	0	0	0	0	0	0	0	0	0	0	0	0	0	0	0	0	0	0	0	0	0	0	0	0	0	10.71838	0	0	0	0	8.70228	0	10.88455	10.82188	11.24767	0	6.36123	8.86519	6.93479	0	9.39743	0	0	2.52158	2.18796	8.57615	0	7.56154	9.87096	0	0	0	0	0	0	0	6.7047	0	0	0	0	1.75322	0	0	0	0	0	0	0	0	0	0	0	0	0	0	0	0	0	0	0	0	0	0	0	
0	0	0	0	0	0	0	0	0	0	0	9.50962	0	0	0	0	0	0	0	0	0	0	0	0	0	0	0	0	0	0	0	0	5.69983	0	0	0	0	10.227	11.24932	8.16645	7.9062	5.68328	0	0	12.3229	8.42416	11.42557	8.31009	10.72038	0	11.33323	0	3.89559	8.21404	0	11.10671	4.78609	11.22049	0	0	0	0	0	0	0	0	0	5.76418	0	0	0	0	1.75322	0	0	5.5798	0	0	6.35079	0	0	0	0	0	0	0	0	0	0	0	0	0	0	0	0	5.71864	0	0	0	0	
0	0	0	0	0	0	0	0	0	0	0	0	0	0	0	0	0	0	0	0	0	0	0	0	0	0	0	0	0	0	0	0	0	0	7.59731	9.00367	0	0	0	6.95074	0	12.10229	0	10.53142	13.30246	8.851	7.89817	6.67018	7.28808	11.10346	10.1691	10.46149	0.72421	9.78591	0	0	7.35696	0	0	4.71054	8.20463	0	2.66332	0	0	0	0	0	0	0	0	0	0	0	0	0	0	0	3.12201	0	0	0	0	0	0	0	0	11.48713	0	0	0	0	0	0	0	0	0	0	0	0	
0	0	0	0	0	0	0	0	9.9859	0	7.89906	0	0	0	0	0	0	0	0	0	0	0	0	0	0	0	6.60912	0	0	0	0	0	0	0	1.75322	12.37911	0	12.20222	10.70942	0	7.76833	9.16543	0	6.18438	2.18796	12.23576	5.82263	7.98171	8.09239	8.15616	0	6.68196	0	0	0	0	8.0181	1.12796	0	0	0	0	0	0	0	0	10.16119	0	0	0	0	0	0	0	0	0	0	0	0	0	0	0	0	0	0	0	0	0	0	0	0	0	0	0	0	0	0	0	0	0	
0	0	0	0	0	0	0	0	0	0	0	10.82565	0	0	11.95434	0	0	0	0	0	0	0	0	0	0	0	0	0	0	0	0	10.95836	0	0	3.46951	0	9.80175	0	0	10.66463	1.12796	0	8.52514	8.36764	10.89969	6.88239	10.80667	8.33265	2.8581	7.5119	7.17122	10.01755	10.02956	9.70944	0	7.92744	9.40996	0	0	11.8316	12.64438	3.46842	0	7.45347	0	0	0	0	0	0	0	0	0	0	0	7.21192	0	0	0	0	0	0	0	6.09962	0	0	0	0	0	0	0	0	0	0	0	0	0	0	0	0	
0	0	0	0	0	0	0	0	0	0	0	0	12.1503	0	0	0	0	0	0	0	0	0	0	0	0	0	0	0	0	9.72298	0	0	7.09533	0	8.14244	0	13.80645	0	13.74773	10.34073	10.1404	13.31756	10.97121	8.59311	7.57794	3.47179	10.27958	10.18953	3.12201	10.11022	10.16176	11.68788	11.07037	9.92294	5.49756	8.81034	7.69516	0	0	6.78227	8.48797	0	0	0	0	0	0	0	0	0	0	0	0	10.06766	0	0	0	0	0	0	9.91769	0	0	0	0	0	0	0	0	0	0	0	0	0	0	0	0	0	0	0	
0	0	0	0	0	0	0	13.4634	0	0	0	10.98181	0	0	0	0	0	0	0	0	0	0	0	0	0	0	0	9.16543	0	0	1.75322	0	12.38951	0	0	0	1.98688	12.86033	9.49063	11.16728	9.58146	4.01772	0	9.74431	10.83932	9.25033	10.00804	8.26953	11.71933	10.02976	6.53231	8.91998	10.33279	7.97919	8.61958	4.5469	14.65326	4.68178	3.04644	8.23901	6.08368	12.7057	4.62706	0	8.86519	0	0	0	0	0	0	0	0	11.57385	0	0	0	0	0	0	0	0	0	0	0	0	0	0	0	0	0	0	0	0	0	0	0	0	0	0	
9.79406	0	0	0	0	0	0	0	7.28263	0	0	0	9.03945	0	0	0	0	0	0	0	0	0	0	0	11.15306	0	0	7.04441	0	0	0	0	7.85171	0	11.71242	7.24941	0	7.70778	10.81884	6.36468	5.71619	9.41073	4.7161	10.43258	11.16177	9.19522	8.14015	10.18313	7.12234	2.70135	9.00368	5.64869	7.15875	5.86003	11.93933	9.69555	9.74308	3.53505	0	10.04808	0.67157	0	0	3.96311	0	5.66654	0	0	0	0	1.12796	0	0	0	0	0	0	0	0	0	0	0	3.45887	0	0	6.77463	0	0	0	0	0	0	0	0	0	0	0	0	0	0	
0	0	0	11.0003	0	0	0	0	0	0	0	0	0	0	0	0	0	0	9.44483	0	0	11.14478	0	8.45667	11.3018	6.12435	0	0	10.04619	9.83209	9.42932	0	7.42389	0	0	0.67157	0	9.95568	10.36322	7.56336	7.75777	6.46677	8.26415	8.90314	9.00439	9.91692	8.16313	10.50347	8.74525	7.14483	10.42899	8.24483	10.9566	6.96429	7.66227	8.9962	0	3.78753	5.53995	8.59678	0	1.12796	11.2761	0	0	0	0	0	0	2.91083	0	0	6.92985	0	0	8.2133	12.42353	5.46077	0	0	0	0	0	0	0	0	0	0	0	0	0	0	0	0	0	0	0	0	0	0	
8.24184	0	0	0	11.5939	6.88264	0	0	0	0	0	0	0	0	0	0	0	8.02915	0	0	0	0	0	0	9.45948	0	6.88264	8.90213	0	11.52477	11.04997	0	0	0	11.28538	7.43876	5.83774	10.57946	11.77538	8.31286	6.50268	8.71408	8.6616	8.51071	9.13363	8.65602	9.33298	8.12162	8.98456	9.64844	3.80412	10.18365	9.00657	6.31878	7.41336	7.44849	9.33198	4.68492	1.33166	9.177	13.73342	0	7.66081	11.05156	11.21769	12.6826	8.83319	0	0	0	0	0	0	0	3.9836	0	0	0	0	0	0	0	0	0	0	0	0	0	0	0	0	0	0	0	0	0	0	0	0	0	
0	0	0	0	0	0	0	0	3.54471	0	7.44368	0	0	0	0	0	8.76653	12.95081	9.41758	6.06172	9.31658	8.91819	0	0	0	13.14109	0	8.10255	5.70894	10.80572	0	9.71994	10.77823	7.82214	8.79943	11.05227	5.96278	9.72878	8.65038	7.81204	8.82106	7.37612	5.12364	8.23949	9.60385	7.46078	7.53367	8.77225	8.49656	6.7806	5.89075	10.70641	6.47278	9.22692	4.80912	6.34908	6.84703	7.72405	0	5.71619	5.62003	8.78021	7.36211	0	6.04259	11.8666	3.46951	0	0	0	0	9.53174	0	0	7.84056	0	0	0	10.72263	0	0	0	0	0	0	5.68328	0	0	0	0	0	0	0	0	0	1.75322	0	0	0	0	
0	9.70465	0	0	1.12796	5.99624	0	0	0	0	0	0	0	0	3.6843	10.85457	0	10.87248	8.86005	0	7.46319	0	3.9836	0	0	0	0	0	8.92525	10.26143	7.53836	0	7.57953	5.77196	8.35586	6.57361	8.76224	10.60585	8.94691	8.14417	8.52555	7.84954	8.06954	6.91796	8.03754	6.45391	7.80771	8.78819	7.80211	7.11179	7.09763	7.67897	7.33357	6.68569	8.76384	3.72739	1.12796	7.13852	5.71276	5.95822	0	8.70433	0	13.49359	9.98212	0.67157	5.21729	0.67157	0	0	0	0	0	0	0	5.38891	0	0	0	0	8.09746	0	0	0	0	0	0	0	0	0	0	0	0	0	0	0	0	0	0	0	
0	10.00434	6.97813	0	9.06138	0	0	0	0	0	7.37836	0	0	0	8.53944	5.46833	0	7.51554	0	0	6.02279	3.81156	6.44723	9.8036	6.55558	9.49547	0	4.75476	6.20771	5.86742	8.61772	11.096	11.10077	11.04145	9.6864	4.99674	7.36768	7.01103	7.57031	7.54009	5.95719	7.44069	6.39926	6.46781	6.6777	7.07655	8.07158	7.24499	8.3869	8.26374	7.28937	9.11112	7.49754	6.74366	6.51927	5.39178	7.73105	5.20097	8.02513	8.02587	0	6.64654	10.56415	9.05979	2.52241	3.21704	1.12796	0	0	0	0	9.44722	0	0	9.14442	0	4.27618	0	0	0	0	0	0	4.49828	0	1.1822	0	0	0	0	0	0	0	0	0	0	0	0	0	0	
0	0	0	0	0	0	0	0	5.61513	0	10.08055	10.13633	0	0	0	0	0	0	10.72263	0	2.18796	0	0	0	0	7.91686	9.59013	0	0	9.05882	5.22227	5.56181	10.14617	8.54847	10.22245	8.42598	7.70536	9.66363	7.18664	8.28541	5.13414	8.36123	7.93241	6.88203	7.21242	7.30582	6.16605	7.60813	7.62985	7.80825	7.45616	7.05963	5.56243	7.32686	7.636	9.44978	7.98596	7.83845	9.2647	6.72124	8.4269	5.49018	4.40287	8.62128	0	8.51411	0	8.60757	0	0	0	0	0	0	0	0	0	0	1.75322	0	0	3.30619	0	0	0	0	0	9.90945	0	9.1185	0	0	0	0	0	0	0	0	0	0	
0	0	0	0	0	0	0	0	7.86645	10.6627	0	1.98688	0	11.90947	0	0	0	0	9.79117	3.58702	0	0	0	7.42741	5.68328	9.25353	2.18796	9.19395	9.03913	9.01996	0	7.05061	5.65391	2.67333	3.56339	7.79403	7.40165	4.94625	12.08845	5.35466	7.6598	7.71536	8.24262	7.21166	6.2497	6.94963	8.11089	7.34665	7.51511	8.88313	7.82515	6.54928	6.52483	6.67761	7.78646	7.68515	4.87174	5.11084	9.0231	7.63754	6.1358	8.97932	8.70957	7.78348	5.87452	10.21415	9.37184	0	0	0	0	0	0	8.67743	12.08744	0	0	0	12.5174	0	0	0	0	0	0	0	0	0	3.9836	0	1.98688	0	0	0	0	0	0	0	0	0	
0	0	7.15655	5.11582	0	5.12051	0	1.4742	6.27551	0	0	0	0	0	0	0	0	7.32823	0	0	0	0	0	10.92136	0	8.31616	0	10.13414	4.96492	6.92971	0	8.34854	0	9.30581	4.85408	8.52518	6.8325	5.52159	2.02524	10.57994	7.28403	8.49896	7.36015	7.1286	6.92034	6.81565	6.68936	7.49015	6.85795	7.42071	7.91199	7.24803	8.30457	7.80751	7.58866	4.96453	6.87461	8.46227	7.08864	6.32622	10.00211	7.40384	3.94774	11.39519	4.76918	0	0	8.22866	6.97813	3.02027	4.19852	0	9.22237	0	1.12796	0	6.92609	0	0	0	0	0	5.2965	0	0	0	0	0	0	0	0	0	0	0	0	0	0	0	0	0	
0	0	0	0	0	0	0	0	0	0	10.10405	9.12311	7.66125	0	9.92738	0	0	6.36123	0	5.09571	0	0	0	0	0	0	4.72732	2.18796	4.72974	0	9.43868	8.67674	4.45229	8.11789	4.69636	8.76001	8.16929	5.31495	7.58147	9.09771	7.82607	5.1448	5.4186	6.58458	7.24932	7.96383	6.49161	6.0778	7.93509	5.69689	5.86905	8.34188	8.94234	6.85268	8.56277	6.13157	6.22672	7.93595	9.08174	5.71146	11.45336	5.51053	5.02077	6.51828	0	5.72766	7.99938	3.17743	0	0	5.44888	0	4.37793	3.01178	0	13.34388	0	0	0.67157	0	0	0	0	0	0	0	0	0	6.23687	0	0	0	0	0	0	0	0	0	0	0	
0	0	0	0	0	0	0	0	0	10.41777	0	0	2.52158	0	0	0	0	0	0	0	0	0	0	10.45576	0	0	7.71373	0	0	5.20565	5.21789	0	0	5.87459	10.66797	5.56181	5.30487	0	0	9.03945	3.19095	9.5558	3.24113	4.92105	10.60803	6.63014	6.72761	8.30951	8.91596	4.23294	6.611	8.09963	6.75425	6.32865	7.67739	6.45042	7.26752	6.72227	4.41779	5.398	5.92007	4.80572	3.82879	10.21003	5.03666	4.34156	8.05511	5.34751	3.9993	0	0	3.9285	0	7.69133	0	2.52158	9.65672	0	0	0	0	0	0	0	5.50645	0	0	0	0	0	0	11.74381	0	0	0	0	8.16942	0	0	0	
0	0	0	0	0	0	0	0	0	0	0	9.8498	0	0	0	0	0	7.87221	11.19343	0	0	0	0	0.67157	0	0	0	7.22675	0	0	0	0	6.12374	5.67386	3.99295	0	5.60154	7.59003	1.33166	4.70619	6.94599	8.74438	8.56024	1.6531	0	6.77793	4.33824	3.42407	6.64899	5.43071	7.14548	10.79619	7.60568	5.19313	6.47971	4.63364	5.52142	6.53567	7.0725	7.37453	6.69133	4.82358	0	6.20346	11.11382	0	7.0024	5.09571	7.74812	8.12096	0	0	0	0.67157	0	9.77369	0	8.40714	0	0	0	7.75146	0	0	0	0	0	0	0	0	0	0	0	0	0	0	0	0	0	0	
0	0	0	0	5.14452	0	0	0	0	0	9.5143	0	8.52558	0	0	10.94498	0	0	7.24941	0	5.80093	4.1851	0	0	0	11.05398	7.36804	0	0	4.62677	0	8.69352	7.48245	0	0	8.40966	9.0874	0.67157	12.46904	8.36402	5.23852	8.47361	5.50196	6.41233	3.07954	5.65163	10.5139	5.21424	8.02825	8.02645	8.81788	5.6439	8.95502	7.53007	6.03035	6.70776	7.56843	6.72524	4.108	7.4508	5.70123	6.19736	7.02301	6.35993	7.71664	0	7.32707	9.14184	0	3.39016	9.58786	9.89092	6.14834	11.91196	5.89763	0	3.76476	0	0	0	3.74933	0	0	0	0	2.66332	0	0	0	2.18796	0	0	0	0	0	0	0	0	0	0	
0	0	0	0	0	0	0	0	0	0	0	5.09571	0.89977	0	0	8.19591	0	0	0	0.67157	4.1373	0	1.75322	0	0	0	0	0	0	2.92764	1.4742	3.65805	0	0	0	10.93496	0	0	0	4.48154	2.07854	5.58893	4.10954	5.72351	6.8187	5.4058	4.07442	7.11165	7.63475	4.83391	0	0	8.04572	9.54193	0.67157	6.38458	7.32169	5.93888	5.71017	5.91466	7.26615	7.74096	7.13903	5.43227	4.87377	5.57296	3.6843	7.26376	3.9836	9.58973	0	7.12129	8.45286	10.23542	7.06372	0	4.82106	0	3.54471	0	0	0	0	0	0	0	0	0	0	0	0	0	0	0	0	0	0	0	0	0	
0	0	0	12.09645	0	0	0	0	0	0	0	0	0	0	0	0	1.4742	0	0	0	0	0	7.97919	0	0	0	5.86751	4.61225	7.03792	4.1373	0	0	4.93727	0	0	9.59734	0	3.30619	0	5.31589	5.81516	0	0	0	4.42385	10.72567	4.97057	8.59136	4.20609	6.0665	4.7126	5.72421	7.6494	9.3637	7.13603	5.26632	6.77869	6.19089	5.87471	5.94816	7.78282	6.09295	8.26388	8.30383	6.13013	8.52028	5.0884	4.99204	7.68024	7.4571	4.14966	7.29113	3.59756	2.39677	7.53112	0	12.46572	0	4.33397	7.73212	0	2.18796	0.67157	0	0	1.12796	0	0	0	0	0	0	0	0	0	0	0	2.18796	0	12.65157	
0	0	5.272	0	0	0	0	0	0	0	0	0	0	0	0	0	0	0	0	0	3.9285	0	0	0	0	8.34011	0	8.44381	0	8.24747	0	8.0193	12.9818	0	7.15655	0	0	5.33797	5.30579	0	5.81063	0	0	9.32359	10.86378	8.34275	0	2.24157	2.52158	6.4086	9.487	8.30268	6.80938	7.90361	6.91263	9.88561	2.3644	6.93336	7.53026	3.50356	2.2163	3.97148	5.15667	1.79489	6.12868	5.88477	4.68659	0	6.20604	3.93762	3.74423	5.31531	6.14671	7.24629	0	0	6.18831	0	2.24295	3.81156	0	5.07788	0	0	0	0	0	0	1.96296	0	0	0	0	0	0	0	1.4742	0	0	0	
0	0	0	0	1.12796	0	0	0	0	0	0	0	9.65566	0	0	0	0	0	0	0	11.49011	0	0	0	0	0	0	8.52124	0	0	0	0	8.6002	0	0	0	8.52558	0	0	5.5798	0	0	3.56191	0	3.9836	0	0	8.85967	0	4.59252	10.43455	3.05308	8.48081	5.45058	8.20832	0.7371	0	4.53422	3.71468	2.81344	6.9982	5.13125	7.74731	5.83086	4.37403	8.01778	4.48251	4.99116	6.94642	5.94359	6.33856	0	0	9.16387	0	10.59637	5.28613	6.06596	0	0	0	0	0	0	9.01816	0	0	0	0	0	0	0	0	0	0	0	10.56051	0	0	0	
0	0	0	0	0	0	0	0	1.12796	0	0	0	0	0	0	0	8.87068	7.3729	4.62706	0	0	0	0	0	4.52537	0	0	0	0	0	0	0	0	0	4.44274	7.83308	0	9.49428	0	0	0	0	7.52486	6.64375	0	13.01037	11.2598	5.74836	0	2.80757	0	11.50136	8.25309	7.72806	0	8.37144	0	8.45378	0	5.38717	5.56297	1.12796	4.79144	7.05088	3.62222	7.35878	6.44197	5.77256	11.21337	7.26439	7.84482	1.32923	8.7622	5.63247	7.9655	5.11967	9.27994	5.12051	0	2.66332	6.0871	0	10.56814	0	0.99344	4.03668	6.55558	4.23136	2.91083	0	8.74025	0	0	6.15826	0	0	0	0	0	0	
0	0	0	0	0	0	0	0	0	0	0	0	0	0	0	0	0	0	0	0	4.47701	0	0	0	0	0	0	0	0	2.3644	0	0	0	0	9.3206	0	0	0	0	0	8.56902	0	9.67357	8.41968	5.35499	0	0	0.67157	7.34718	4.16297	6.31901	0	0	3.26351	5.14112	6.75209	0	0	7.19977	8.5945	8.09631	6.43463	1.32923	6.44987	5.90481	6.81087	0.22386	8.30395	7.67662	9.78201	7.36127	7.27127	4.65326	4.93947	2.43865	0	3.06394	0	6.6538	0	0	0	0.67157	0	0	0	5.83198	0	0	0	0	0	0	0	0	0	0	0	0	0	
0	0	0	0	5.52514	0	0	0	0	0	0	5.07049	0	2.18796	0	0	0	0	0	0	0	0	0	0	0	0	0	0	0	0	0	0	0	0	0	0	0	0	0	5.53057	0	0	4.75925	0	5.10987	0	2.33064	5.77983	0	0	2.79238	0	0	0	8.29454	0	0	0	0	9.64395	6.8559	0	5.80753	8.636	4.38079	0	0.87661	6.43188	9.29503	7.63943	2.5452	8.19256	8.17693	4.71559	0	0	6.55924	4.23136	7.92865	3.21704	0	3.61619	0	0	0	0	1.12796	9.42922	0	4.11374	0	0	0	0	2.79238	0	0	0	0	0	
0	0	0	0	0	0	0	0	0	0	0	0	0	0	0	0	0	4.91554	0	0	0	5.48751	8.37659	0	0	0	8.23901	0	0	0	0	0	0	8.07901	7.63651	0	0	0	0	0	0	0	0	0	0	0	0	0	0.67157	0	2.3644	0	0	0	0	7.40949	10.64178	11.9618	2.66332	2.79238	0	5.64274	5.25297	0	6.96955	6.73501	8.51971	7.04364	4.86263	3.39114	7.58608	5.54462	6.24999	6.01393	7.09385	7.33975	4.61523	0	8.06791	2.25455	0	0	6.29097	0	3.74933	9.19924	0.67157	0.67157	0	9.2613	0	0	0	0	0	0	8.78097	0	0	0	
0	0	0	0	0	0	0	0	7.75268	0	0	9.53635	0	0	0	0	0	0	0	0	0	0	0	0	0	0	0	11.21481	0	1.12796	0	0	0	0	0	0	0	0	0	10.13011	0	0	0	0	0	6.20771	0	3.02027	4.55614	0	0	10.72769	0	0	0	0	0	0	7.46124	0	7.2284	0	8.73759	8.75025	6.75415	3.46515	5.87437	0	0	4.76561	6.87657	0.67157	7.15039	7.85008	5.74299	10.27486	2.29602	0	0	9.73047	7.3894	7.46859	9.3898	9.60468	3.62966	0	0	0	0	0	9.24651	0	10.28082	0	0	0	0	0	0	0	
0	0	0	0	0	0	0	0	0	0	0	0	0	7.09533	0	0	0	0	0	7.93444	0	0	0	0	0	1.95065	0	0	0	0	0	0	0	0	8.49983	0	0	6.21475	0	0	10.20314	0	3.02027	9.7629	0	0	0	0	0	0	1.75322	8.17831	0	0	7.06372	0	0	0	0	6.41116	7.09336	0	3.70512	8.36626	6.48095	3.18919	6.90663	3.74933	0.67157	5.01296	6.55059	0	6.78745	5.41116	10.28493	6.31398	4.0862	4.58697	7.04688	4.39047	0	7.02081	7.10779	4.22504	1.26079	0	0	8.8816	1.56375	0	1.4742	0	0	7.57056	0	0	0	0	4.4822	0	
0	0	0	0	0	0	0	11.54952	0	0	0	0	0	0	0	0	0	0	0	0	0	0	0.67157	0	0	0	0	0	7.93794	0	0	0	0	0	10.31823	0	0	11.30376	0	0	0	1.96425	0	0	0	0	4.09504	0	0	0	0	0	8.45423	0	0	0	3.10386	8.811	0	5.17241	4.69935	0	0	5.11834	0	3.81156	0	6.18424	5.87524	10.67426	9.8822	6.02805	8.21618	7.50986	9.50609	6.5599	6.6154	0	5.21971	5.84147	7.46882	5.81358	5.38863	0	6.52726	0	0.67157	3.15202	0	0	7.95527	6.86959	0	0	0	0	9.00989	0	0	0	
0	0	0	0	0	0	0	0	0	0	0	0	0	0	0	0	0	0	0	0	0	0	0	0	0	0	0	0	0	0	0	0	0	0	0	0	0	4.87767	0	0	0	0	0	0	0	0	0	0	0	9.07635	0	3.24428	0	3.99257	0	0	1.75322	5.36881	0	0	3.46951	0	10.46996	11.71026	4.40287	5.81113	0	0	9.803	6.37517	0	3.81156	5.33793	10.63616	7.30277	5.47437	0	3.24153	4.88883	6.3681	2.13414	9.32727	3.39016	0	0	0	2.25906	0	0	0	0	0	9.43537	7.15716	5.30487	0	0	0	0	0	
0	0	0	0	0	0	0	7.70778	0	0	0	0	0	0	0	0	0	0	0	0	0	0	0	0	0	0	0	0	0	0	0	0	0	0	0	0	0	6.29929	0	7.11397	0	0	0	0	0	0	0	0	0	0	3.43903	0	0	11.81413	5.77983	0	0	7.71065	8.91032	10.77726	0	0	0	7.11389	8.93233	10.49388	0	0	7.27408	5.45518	6.18023	3.43315	5.34011	7.0829	5.42916	7.32386	5.83273	0	8.15763	9.55029	7.97738	9.21087	4.7693	5.46821	6.42094	0	0	2.29984	0	0	8.32952	0	0	0	0	8.8321	0	0	0	0	
0	0	0	0	0	0	0	0	0	0	0	0	0	0	0	0	0	0	0	0	0	0	0	0	0	9.92562	0	0	0	0	0	0	0	0	0	0	0	9.75599	0	0	0	0	0	0	9.34184	0	0	0	7.66207	0	0	0	0	0	0	1.4742	0	0	0	0	0	0	8.006	0	0	4.35856	5.84316	6.46493	0	6.74527	3.37939	0	10.05072	0	9.44728	5.26711	0.67157	6.67028	4.00377	5.6996	1.62576	0	5.64047	0	9.33656	6.93036	0	0	0	0	9.35496	0	0	0	0	0	0	0	0	0	
0	0	0	0	0	0	0	0	0	0	0	0	5.66654	0	0	0	0	0	0	0	0	0	0	0	0	0	0	0	0	0	0	0	0	0	0	0	0	0	0	0	0	0	0	0	0	0	0	7.24941	0	0	0	0	10.78455	0	0	0	0	0	0	3.303	0	0	0	4.03239	1.12796	11.08895	9.07964	0	1.12796	0	0	8.8167	0	0	0	3.90211	6.31768	8.47203	5.70706	3.95595	0	6.03349	4.74399	4.25573	6.76709	1.45542	2.29811	0	5.46833	0	0	0	0	8.30809	0	0	0	0	0	0	
0	0	0	0	0	0	0	0	0	0	0	0	0	0	0	0	0	0	0	0	0	0	0	0	0	0	0	0	0	0	0	0	11.26119	0	0	0	0	0	0	0	3.74933	0	0	0	0	0	0	0	0	0	0	0	0	0	0	0	3.52444	0	0	0	11.21246	0	0	3.75952	0	6.38189	0	0	7.06833	0	0	0	7.78348	0	0	4.90908	0	0	7.07931	8.24294	7.32219	6.29742	9.65248	0	1.4742	0	1.4742	0	0	1.4742	6.21967	6.66628	4.18404	0	0	0	0	0	0	0	
0	0	0	0	0	0	0	0.33579	0	0	0	0	0	0	0	0	0	0	0	0	0	0	0	0	0	0	0	6.84312	0	0	0	0	0	0	0	0	0	0	0	0	0	0	0	0	0	0	0	0	0	0	0	0	0	0	0	0	0	0.67157	0	0	0	0	0	0	0	0	0	0	0	0	3.41325	2.97789	8.18679	0	0	7.09533	6.0871	0	8.34329	9.50609	0	6.55423	0	7.12627	0	10.10393	0	9.75402	0	0	0	3.30619	0	0	0	8.36367	0	0	0	0	
0	0	0	0	0	0	0	0	0	0	0	0	0	0	0	0	0	0	0	0	11.26328	0	0	0	0	0	0	0	0	0	9.43868	0	0	0	0	0	0	0	0	0	0	0	0	0	0	0	0	0	0	0	0	0	0	0	0	0	0	0	0	10.69039	0	0	0	0	7.32602	8.10255	5.52514	7.85094	0	0	0	0	0	0	0	1.4742	6.66595	3.21704	0	0	3.65497	0	0	0	0.8237	9.60055	7.55319	6.54132	4.96492	0	12.20766	6.71873	4.88034	6.80539	0	5.09571	0	0	0	0	
0	0	0	0	0	0	0	0	0	0	0	0	0	0	0	0	0	0	0	0	0	0	0	0	0	0	0	0	0	0	0	0	0	0	0	0	0	0	0	0	0	0	0	0	0	0	0	0	0	0	0	0	0	0	0	0	0	0	0	0	0	0	0	0	0	0	0	0	0	8.55544	10.00932	11.19671	6.38573	0	9.57611	5.81063	0	8.24184	0	0	0	6.95763	7.11786	0	4.596	0	0.67157	0	0	3.9879	0	1.09398	1.94431	0	0.67157	0	0	0	0	0	
0	0	0	0	0	0	0	0	0	0	0	0	0	0	0	10.50012	0	0	0	0	0	0	0	0	0	0	0	0	0	0	0	0	0	0	6.23066	0	0	0	0	0	0	0	0	0	0	0	0	0	0	0	0	0	0	0	0	0	0	0	0	0	0	0	0	0	0	0	0	3.9836	0	0	0	0	0	5.98278	0	0	0	1.77236	0	0	0	3.9836	0	0	0.33579	0	4.78214	2.9129	5.95548	10.11264	8.76456	0	11.17801	0	0	0	0	0	0	0	
0	0	0	0	0	0	0	0	0	0	0	0	0	0	0	0	0	0	0	0	0	0	0	0	0	0	0	0	0	0	0	0	0	0	0	0	0	0	0	0	0	0	0	0	0	0	0	0	8.66905	1.12796	0	0	0	0	0	0	0	0	0	3.54471	0	0	0	0	0	7.32277	0	0	0	0	0	8.23334	0	0	0	0	0	12.07342	0	5.09339	10.71299	0	0	10.65689	0	0	0	0	0	0	0	0	0	0	0	0	0	0	0	0	
0	0	0	0	0	0	0	0	0	0	0	0	0	0	0	0	0	0	0	0	0	0	0	0	0	0	0	0	0	0	0	0	0	0	0	0	0	0	0	0	0	0	0	0	0	0	0	0	0	0	0	0	0	0	0	2.77244	0	0	9.5213	0	0	0	0	0	11.63213	0	0	0	0	0	0	3.39016	0	0.67157	0	0	2.91083	0	0	0	3.19388	4.06018	1.84592	7.64472	0	0	0	8.55317	7.45777	0	2.52158	8.26981	8.54632	0	0	0	0	0	0	0	
0	0	0	0	0	0	0	0	0	0	0	0	0	0	0	0	0	0	0	0	0	0	0	0	0	0	0	0	0	0	0	0	0	0	0	0	0	0	0	0	0	0	0	0	0	0	0	0	0	0	0	0	0	0	0	0	0	0	0	0	0	0	0	0	0	0	0	0	0	0	0	0	0	0	0	0	0	0	0	0	0	0	0	0	0	0	0	0	0	0	0	9.46312	0	0	0	0	0	0	0	0	
0	0	0	0	0	0	0	0	0	0	0	0	0	0	0	0	0	0	0	0	0	0	0	0	0	0	0	0	0	0	0	0	0	0	0	0	0	0	0	0	0	0	0	0	0	0	0	0	0	0	0	0	0	0	0	0	0	0	0	0	0	0	0	0	0	0	0	0	0	0	9.0572	0	0	0	0	0	0	0	0	6.65227	0	0	0	9.0231	0	0	0	0	0	0	8.40987	12.36621	0	0	0	0	0	0	0	0	
0	0	0	0	0	0	0	0	0	0	0	0	0	0	0	0	0	0	0	0	0	0	0	0	0	0	0	0	0	0	0	0	0	0	0	0	0	0	0	0	0	0	0	0	0	0	0	0	0	0	0	0	0	0	0	0	0	0	0	3.81156	0	0	0	0	0	0	0	0	0	0	8.12723	0	0	0	0	0	0	0	0	0	0	0	0	0	0	0	0	0	0	0	0	0	0	0	0	0	0	0	0	0	
0	0	0	0	0	0	0	0	0	0	0	0	0	0	0	0	0	0	0	0	0	0	0	0	0	0	0	0	0	0	0	0	0	0	0	0	0	0	0	0	0	0	0	0	0	0	0	0	0	0	0	0	0	0	0	0	0	0	0	0	0	0	0	0	0	0	0	0	0	10.14012	1.4742	0	0	0	0	0	0	0	8.64789	0	0	0	0	0	0	0	0	0	5.91353	5.56181	0	0	0	0	0	0	0	0	0	0	
0	0	0	0	0	0	0	0	0	0	0	0	0	0	0	0	0	0	0	0	0	0	0	0	0	0	0	0	0	0	0	0	0	0	0	0	0	0	0	0	0	0	0	0	0	0	0	0	0	0	0	0	0	0	0	0	0	0	0	0	0	0	0	0	0	0	0	0	0	0	0	0	0	0	0	0	0	0	0	0	0	0	0	0	0	0	0	0	0	0	0	0	0	0	0	0	0	0	0	0	
0	0	0	0	0	0	0	0	0	0	0	0	0	0	0	0	0	0	0	0	0	0	0	0	0	0	0	0	0	0	0	0	0	0	0	0	0	0	0	0	0	0	0	0	0	0	0	0	0	0	0	0	0	0	0	0	0	0	7.79508	0	0	0	0	0	0	0	0	0	0	0	0	0	0	0	0	6.46167	0	0	0	0	0	0	0	0	0	0	0	0	0	0	0	0	0	0	0	0	0	0	0	0	
0	0	0	0	0	0	0	0	0	0	0	0	0	0	0	0	0	0	0	0	0	0	0	0	0	0	0	0	0	0	0	0	8.67743	0	0	0	0	0	0	0	0	0	0	0	0	0	0	0	0	0	2.52158	0	0	0	0	0	0	0	0	0	0	0	0	0	0	0	0	0	0	0	0	0	0	0	0	2.66332	0	0	0	0	0	0	0	0	0	0	0	0	0	0	0	0	0	0	0	0	0	0	0	0	
0	0	0	0	0	0	0	0	0	0	0	0	0	0	0	0	0	0	0	0	0	0	0	0	0	0	0	0	0	0	0	0	0	0	0	0	0	0	0	0	0	0	0	0	0	0	0	0	0	0	0	0	0	0	0	0	0	0	0	0	0	0	0	0	0	0	0	0	0	0	0	0	0	0	0	0	0	0	0	0	0	0	0	0	0	0	0	0	0	0	0	0	0	0	0	0	0	0	0	0	
0	0	0	0	0	0	0	0	0	0	0	0	0	0	0	0	0	0	0	0	0	0	0	0	0	0	0	0	0	0	0	0	0	0	0	0	0	0	0	0	0	0	0	0	0	0	0	0	0	0	0	0	0	0	0	0	0	0	0	0	0	0	0	0	0	0	0	0	0	0	0	0	0	0	0	0	0	0	0	0	0	0	0	0	0	0	0	0	0	0	0	0	0	0	0	0	0	0	0	0	
0	0	0	0	0	0	0	0	0	0	0	0	0	0	0	0	0	0	0	0	0	0	0	0	0	0	0	0	0	0	0	0	0	0	0	0	0	0	0	0	0	0	0	0	0	0	0	0	0	0	0	0	0	0	0	0	0	0	0	0	0	0	0	0	0	0	0	0	0	0	0	0	0	0	0	0	0	0	0	0	0	0	0	0	0	0	0	0	0	0	0	0	0	0	0	0	0	0	0	0	
0	0	0	0	0	0	0	0	0	0	0	0	0	0	0	0	0	0	0	0	0	0	0	0	0	0	0	0	0	0	0	0	0	0	0	0	0	0	0	0	0	0	0	0	0	0	0	0	0	0	0	0	0	0	0	0	0	0	0	0	0	0	0	0	0	0	0	0	0	0	0	0	0	0	0	0	0	0	0	0	0	0	0	0	0	0	0	0	0	0	0	0	0	0	0	0	0	0	0	0	
0	0	0	0	0	0	0	0	0	0	0	0	0	0	0	0	0	0	0	0	0	0	0	0	0	0	0	0	0	0	0	0	0	0	0	0	0	0	0	0	0	0	0	0	0	0	0	0	0	0	0	0	0	0	0	0	0	0	0	0	0	0	0	0	0	0	0	0	0	0	0	0	0	0	0	0	0	0	0	0	0	1.75322	0	0	0	0	0	0	0	0	0	0	0	0	0	0	0	0	0	0	
0	0	0	0	0	0	0	0	0	0	0	0	0	0	0	0	0	0	0	0	0	0	0	0	0	0	0	0	0	0	0	0	0	0	0	0	0	0	0	0	0	0	0	0	0	0	0	10.71095	0	0	0	0	0	0	0	0	0	0	0	0	0	0	0	0	0	0	0	0	0	0	0	0	0	0	8.97935	0	0	0	0	0	0	0	0	0	0	0	0	0	0	0	0	0	0	0	0	0	0	0	0	0	
