0	0	0	0	0	0	0	0	0	0	0	0	0	0	0	0	0	0	0	0	0	0	0	0	0	0	0	0	0	0	0	0	0	0	0	0	0	0	0	0	0	0	0	0	0	0	0	0	0	0	0	14.51926	0	0	0	0	0	0	0	0	0	0	0	0	0	0	0	0	0	0	0	0	0	0	0	0	0	0	0	0	0	0	0	0	0	0	0	0	0	0	0	0	0	0	0	0	0	0	0	0	
0	0	0	0	0	0	0	0	0	0	0	0	0	0	0	0	0	0	0	0	0	0	0	0	0	0	0	0	0	0	0	0	0	0	0	0	0	0	0	0	0	0	0	0	0	0	0	13.77807	0	0	0	0	0	0	0	0	0	0	0	0	0	0	0	10.16478	0	0	0	0	0	0	0	0	0	0	0	0	0	0	0	0	0	0	0	0	0	0	0	0	0	0	0	0	0	0	0	0	0	0	0	0	
0	0	0	0	0	0	0	0	0	0	0	0	0	0	0	0	0	0	0	0	0	0	0	0	0	0	0	0	0	0	0	0	0	0	0	0	0	0	0	0	0	0	0	0	0	0	0	0	0	0	0	0	0	0	9.0541	0	0	0	0	0	0	0	0	0	0	0	0	0	0	0	0	0	0	0	0	0	0	0	0	0	0	0	0	0	0	0	0	0	0	0	0	0	0	0	0	0	0	0	0	0	
0	0	0	0	0	0	0	0	0	0	0	0	0	0	0	0	0	0	0	0	0	0	0	0	0	0	0	0	0	0	0	0	0	0	0	0	0	0	0	0	0	0	0	0	0	0	15.14536	9.24399	0	0	0	0	0	0	0	0	0	0	0	0	0	0	0	0	0	0	0	0	0	0	0	0	0	0	0	0	0	0	0	0	0	0	0	0	0	0	0	0	0	0	0	0	0	0	0	0	0	0	0	0	
0	0	0	0	0	0	0	0	0	0	0	0	0	0	0	0	0	0	0	0	0	0	0	0	0	0	0	0	0	0	0	0	0	0	0	0	0	7.05743	0	0	0	0	0	14.02542	0	0	0	0	0	0	0	0	0	0	0	0	0	0	0	0	0	0	0	0	0	0	0	0	0	0	0	0	0	0	0	0	0	0	0	0	0	0	0	0	0	0	0	0	0	0	0	0	0	0	0	0	0	0	0	0	
0	0	0	0	0	0	0	0	0	0	0	0	0	0	0	0	0	0	0	0	0	0	0	0	0	0	0	0	0	0	0	0	0	0	0	0	0	0	0	0	0	0	0	0	0	0	0	0	0	0	0	0	0	0	0	0	0	0	0	0	0	0	0	0	0	0	0	0	0	0	0	0	7.71514	0	0	0	0	0	0	0	0	0	0	0	0	0	0	0	0	0	0	0	0	0	0	0	0	0	0	0	
0	0	0	0	0	0	0	0	0	0	0	0	0	0	0	0	0	0	0	0	0	0	0	0	0	0	0	0	0	0	0	0	0	0	0	0	0	0	0	0	0	0	0	0	0	0	0	0	0	0	0	0	0	0	0	0	0	0	0	0	0	0	0	0	0	0	0	0	0	0	0	0	0	0	10.4053	0	0	0	0	0	0	0	0	0	0	0	0	0	0	0	0	0	0	0	0	0	0	0	0	0	
0	0	0	0	0	0	0	0	0	0	0	0	0	0	0	0	0	0	0	0	0	0	0	0	0	0	0	0	0	0	0	0	0	0	0	0	0	0	0	0	0	0	0	0	0	0	0	0	0	0	0	8.00114	0	0	0	12.93746	0	0	5.9128	0	0	0	0	0	0	0	0	0	0	0	0	0	0	0	0	0	0	0	0	0	0	0	0	0	0	0	0	0	0	0	0	0	0	0	0	0	0	0	0	0	
0	0	0	0	0	0	0	0	0	0	0	0	0	0	0	0	0	0	0	0	0	0	0	0	0	0	0	0	0	0	0	0	0	0	0	0	0	0	0	0	0	0	0	0	0	0	0	0	0	0	0	0	0	0	0	0	0	0	0	0	0	0	0	0	0	0	0	7.87872	0	0	0	0	0	0	0	0	0	0	0	0	0	0	0	0	0	0	0	0	0	0	0	0	0	0	0	0	0	0	0	0	
0	0	0	0	0	0	0	0	0	0	0	0	0	0	0	0	0	0	0	0	0	0	0	0	0	0	0	0	0	0	0	0	0	0	0	0	0	0	0	0	0	0	0	0	0	0	0	0	0	0	0	0	0	0	0	6.66969	0	0	0	0	0	0	0	0	0	0	0	0	0	0	0	0	0	0	0	0	0	0	0	0	0	0	0	0	0	0	0	0	0	0	0	0	0	0	0	0	0	0	0	0	
0	0	0	0	0	0	0	0	0	0	0	0	0	0	0	0	0	0	0	0	0	0	0	0	0	0	0	0	0	0	0	0	0	0	0	0	0	0	0	0	0	0	0	0	0	0	0	0	0	0	0	0	0	0	0	0	0	0	0	0	0	0	0	0	0	0	0	10.65555	0	0	0	0	0	0	0	0	0	0	0	0	0	0	0	0	0	0	0	0	0	0	0	0	0	0	0	0	0	0	0	0	
0	0	0	0	0	0	0	0	0	0	0	0	0	0	0	0	0	0	0	0	0	0	0	0	0	0	0	0	0	0	0	0	0	0	0	0	0	0	0	0	0	0	0	0	0	0	0	0	0	0	0	0	1.4691	0	0	0	2.03282	0	0	0	0	0	0	0	0	0	0	0	0	0	0	4.25758	0	0	0	0	0	0	0	0	0	0	0	0	0	0	0	0	0	0	0	0	0	0	0	0	0	0	0	0	
0	0	0	0	0	0	0	0	0	0	0	0	0	0	0	0	0	0	0	0	0	0	0	0	0	0	0	0	0	0	0	0	0	0	0	0	0	0	0	0	0	0	0	0	0	0	0	0	9.34049	0	0	0	12.03403	0	0	0	0	0	0	0	0	0	0	0	0	0	0	6.91141	0	0	0	0	0	0	0	0	0	0	0	0	0	0	0	0	0	0	0	0	0	0	0	0	0	0	0	0	0	0	0	0	
0	0	0	0	0	0	0	0	0	0	0	0	0	0	0	0	0	0	0	0	0	0	0	0	0	0	0	0	0	0	12.06086	0	0	0	0	0	0	0	0	2.43867	0	0	0	0	0	0	0	8.99156	0	0	0	0	0	0	0	0	0	6.66341	2.84597	0	8.73883	0	0	6.1736	0	0	0	0	0	0	0	0	0	0	0	0	0	0	0	0	0	0	0	0	0	0	0	0	0	0	0	0	0	0	0	0	0	0	0	0	
0	0	0	0	0	0	0	0	0	0	0	0	0	0	0	0	0	0	0	0	0	0	0	0	0	0	0	0	0	0	0	0	0	0	0	0	0	0	0	0	0	0	0	0	0	0	0	0	0	0	0	0	0	0	5.43962	0	0	0	0	0	0	0	0	0	0	0	0	0	0	0	0	0	0	0	0	0	0	0	0	0	0	0	0	0	0	0	0	0	0	0	0	0	0	0	0	0	0	0	0	0	
0	0	0	0	0	0	0	0	0	0	0	0	0	0	0	0	0	0	0	0	0	0	0	0	0	0	0	0	0	0	0	0	0	0	0	0	0	0	0	0	0	0	13.30815	0	0	0	0	0	0	0	0	0	9.81072	0	0	0	0	0	0	11.39934	0	0	0	0	0	0	0	0	0	0	0	3.48144	0	0	0	0	0	0	0	0	0	0	0	0	0	0	0	0	0	0	0	0	0	0	0	0	0	0	0	0	
0	0	0	0	0	0	0	0	0	0	0	0	0	0	0	0	0	0	0	0	0	0	0	0	0	0	0	0	0	0	0	0	0	0	0	0	0	0	0	0	0	0	0	7.7064	0	0	0	9.97625	0	0	0	5.28251	0	0	0	0	0	0	4.62245	0	0	0	0	0	0	0	0	0	0	0	0	0	0	0	0	0	0	0	0	0	0	0	0	0	0	0	0	0	0	0	0	0	0	0	0	0	0	0	0	0	
0	0	0	0	0	0	0	0	0	0	0	0	0	0	0	0	0	0	0	0	0	0	0	0	0	0	0	0	0	0	0	0	0	0	0	0	0	0	0	0	0	0	9.49875	0	0	0	0	0	0	0	0	0	0	0	0	8.22826	0	0	0	0	0	0	0	0	0	0	1.4691	0	4.08039	0	0	0	0	0	0	0	0	0	0	0	0	0	0	0	0	0	0	0	0	0	0	0	0	0	0	0	0	0	0	0	
0	0	0	0	0	0	0	0	0	0	0	0	0	0	0	0	0	0	0	0	0	0	0	0	0	0	0	0	0	0	0	0	0	0	0	0	0	0	0	0	14.03492	0	0	0	0	0	0	0	0	0	0	0	0	0	0	0	0	0	0	0	0	0	0	0	0	0	0	0	0	0	0	0	0	0	0	0	0	0	0	0	0	0	0	0	0	0	0	0	0	0	0	0	0	0	0	0	0	0	0	0	
0	0	0	0	0	0	0	0	0	0	0	0	0	0	0	0	0	0	0	0	0	0	0	0	0	0	0	0	0	0	0	0	0	0	0	0	0	0	0	0	0	0	0	0	0	0	0	10.00014	0	0	8.66373	0	0	0	0	0	0	0	0	0	0	0	0	0	0	0	0	0	0	0	0	0	0	0	0	0	8.32691	0	0	0	0	0	0	0	0	0	0	0	0	0	0	0	0	0	0	0	0	0	0	0	
0	0	0	0	0	0	0	0	0	0	0	0	0	0	0	0	0	0	0	0	0	0	0	0	0	0	0	0	0	0	0	0	0	0	0	0	0	0	0	0	0	0	0	0	0	0	0	9.58516	0	0	9.23435	10.62154	0	0	0	0	6.75928	0	13.37621	0	7.50647	0	0	0	0	12.69786	0	0	0	0	0	0	0	0	0	0	0	0	0	0	0	0	0	0	0	0	0	0	0	0	0	0	0	0	0	0	0	0	0	0	
0	0	0	0	0	0	0	0	0	0	0	0	0	0	0	0	0	0	0	0	0	0	0	0	0	0	0	0	0	0	0	0	0	0	0	0	0	0	0	0	0	8.99031	0	0	0	0	0	0	0	0	0	0	0	0	0	0	0	0	0	0	0	0	0	0	0	0	0	0	3.64334	0	0	0	0	0	0	0	0	0	0	0	0	0	0	0	0	0	0	0	0	0	0	0	0	0	0	0	0	0	0	0	
0	0	0	0	0	0	0	0	0	0	0	0	0	0	0	0	0	0	0	0	0	0	0	0	0	0	0	0	0	0	0	0.52817	1.68289	0	0	0	0	0	0	0	0	0	0	0	0	0	0	9.15713	0	0	0	0	0	0	0	0	0	0	0	0	0	0	0	7.17245	0	0	0	2.31591	0	0	0	0	0	0	0	0	0	0	0	0	0	0	0	0	0	0	0	0	0	0	0	0	0	0	0	0	0	0	0	0	
0	0	0	0	0	0	0	0	0	0	0	0	0	0	0	0	0	0	0	0	0	0	0	0	0	0	0	0	0	0	0	9.33358	0	0	2.31591	0	0	0	0	0	0	0	0	0	0	0	0	0	0	0	0	0	0	0	0	0	0	0	0	0	0	0	0	0	0	0	0	0	0	0	0	0	0	0	0	0	0	0	0	0	0	0	0	0	0	0	0	0	0	0	0	0	0	0	0	0	0	0	0	0	
0	0	0	0	0	0	0	0	0	0	0	0	0	0	0	0	0	0	0	0	0	0	0	0	0	0	0	0	0	0	0	0	0	0	0	0	0	0	0	0	0	0	0	10.19937	0	0	0	0	0	16.68677	0	0	0	0	9.38601	0	0	0	0	0	0	0	0	0	0	0	0	0	0	0	0	0	0	0	0	0	0	0	0	3.07157	0	0	0	0	0	0	0	0	0	0	0	0	0	0	0	0	0	0	0	0	
0	0	0	0	0	0	0	0	0	0	0	0	0	0	0	0	0	0	0	0	0	0	0	0	0	0	0	0	0	0	0	0	6.96345	0	0	0	0	0	0	0	0	0	0	0	0	0	0	3.16324	0	0	7.40541	10.40704	0	0	0	0	0	0	8.13149	0	0	0	0	0	0	0	0	0	0	0	1.4691	0	0	0	0	0	0	0	0	0	0	0	0	0	0	6.35064	0	0	0	0	0	0	0	0	0	0	0	0	0	0	
0	0	0	0	0	0	0	0	0	0	0	0	0	0	0	0	0	0	0	0	0	0	0	0	0	0	0	0	0	0	0	0	0	0	0	0	0	0	0	10.35845	0	0	0	0	16.81907	0	6.25102	0	0	0	0	0	0	0	0	0	0	0	0	0	0	0	0	0	0	0	0	0	0	0	0	0	0	0	0	0	0	0	0	0	0	0	0	0	0	0	0	0	0	0	0	0	0	0	0	0	0	0	0	0	
0	0	0	0	0	0	0	0	0	0	0	0	0	0	0	0	0	0	0	0	0	0	0	0	0	0	0	0	0	0	0	0	0	0	0	8.05441	0	0	0	0	0	0	0	0	0	0	0	8.39101	0	0	0	0	0	8.92629	0	0	0	0	0	0	8.20251	0	0	0	0	0	0	0	0	0	0	0	0	0	0	0	0	0	0	0	0	0	0	0	0	0	0	0	0	0	0	0	0	0	1.869	0	0	0	0	0	
0	0	0	0	0	0	0	0	0	0	0	0	0	0	0	0	0	0	0	0	0	0	0	0	0	0	0	0	0	0	0	0	0	0	0	0	0	0	0	0	0	14.0609	0	0	0	0	0	0	0	0	0	0	0.52817	0	0	0	0	0	0	0	0	0	0	0	0	0	0	1.68289	0	0	0	5.79136	0	0	0	0	0	0	0	0	0	0	0	0	0	0	0	0	0	0	0	0	0	0	0	0	0	0	0	0	
0	0	0	0	0	0	0	0	0	0	0	0	0	0	0	0	0	0	0	0	0	0	0	0	0	0	0	0	0	0	0	0	0	0	0	0	0	0	0	0	8.14958	0	0	0	10.21448	0	0	4.60999	0	0	8.75958	10.04913	0	0	0	10.21555	0	0	7.53427	0	9.15601	0	0	0	0	0	0	0	2.03383	0	0	0	0	0	0	0	0	0	0	0	0	0	0	0	0	0	0	0	0	0	0	0	0	0	0	11.52327	0	0	0	0	
0	0	0	0	0	0	0	0	0	0	0	0	0	0	0	0	0	0	0	0	0	0	0	0	0	0	0	0	0	0	0	0	0	0	0	0	0	0	0	0	0	0	0	0	13.06404	0	0	0	0	0.91403	0	0	8.08292	0	0	0	0	7.29619	0	0	0	3.69351	0	0	0	0	0	0	0	0	0	0	0	0	0	0	0	0	0	0	0	0	0	0	0	0	0	0	0	0	0	0	0	0	0	0	0	0	0	0	
0	0	0	0	0	0	0	0	0	0	0	0	0	0	0	0	0	0	0	0	0	0	0	0	0	0	0	0	0	0	0	0	0	0	0	0	0	0	0	0	0	0	0	12.63034	0	0	11.27847	0	0	0	9.52842	0	0	0	0	0	0	0	0	4.55759	0	0	0	0	7.89204	0	0	7.58498	0	0	0	0	9.08848	0	0	0	8.7056	0	0	0	0	0	0	0	0	0	0	0	0	0	0	0	0	0	0	0	0	0	0	0	
0	0	0	0	0	0	0	0	0	0	0	0	0	0	0	0	0	0	0	0	0	0	0	0	0	0	0	0	0	0	0	0	0	0	0	0	0	0	0	0	0	0	0	0	13.72506	2.65663	0	10.52614	2.31591	0	0	10.37664	1.68289	0	0	9.81851	0	0	6.25937	0	0	0	0	0	0	0	0	13.38327	0	0	0	0	0	11.07589	0	0	0	0	0	0	0	0	0	0	0	0	0	0	0	0	0	0	0	0	0	0	0	0	0	0	
0	0	0	0	0	0	0	0	0	0	0	0	0	0	0	0	0	0	0	0	0	0	0	0	0	0	0	0	0	0	0	0	0	0	0	0	0	14.36765	0	0	0	0	0	0	0	0	0	0	1.4691	0	0	5.61938	0	0	14.87812	0	8.15182	0	0	2.43867	0	3.59137	0	0	0	0	0	0	0	0	0	0	0	0	6.35116	1.2181	0	0	0	0	0	0	0	0	0	0	0	0	0	0	0	0	0	0	0	0	0	0	0	0	
0	0	0	0	0	0	0	0	0	0	0	0	0	0	0	0	0	0	0	0	0	0	0	0	0	0	0	0	0	0	0	0	0	0	0	0	0	0	0	0	0	0	15.98086	0	0	10.67441	0	13.81809	0	0	8.47587	0	12.34554	0	12.32493	0	0	0	0	0	0	0	0	7.16802	0	0	0	2.18177	0	0	12.96349	0	0	0	0	0	0	0	1.68289	0	0	0	0	0	0	0	0	0	0	0	0	0	0	0	0	0	0	0	0	0	
0	0	0	0	0	0	0	0	0	0	0	0	0	0	0	0	0	0	0	0	0	0	0	0	0	0	0	0	0	0	0	0	0	0	0	0	0	0	0	0	0	0	0	0	0	0	0	8.27018	8.73285	0	0	11.00131	0	0	0	0	0	0	0	0	0	0	0	0	1.68289	0	0	0	0	0	0	0	0	0	0	0	0	0	0	0	0	0	0	0	0	0	0	0	0	0	7.94994	0	0	0	0	0	0	0	0	0	
0	0	0	0	0	0	0	0	0	0	0	0	0	0	0	0	0	0	0	0	0	0	0	0	0	0	0	0	0	0	0	0	0	0	0	0	0	0	0	0	0	0	0	0	0	0	0	13.25368	0	0	0	0	8.62065	3.69351	0	0	0	0	9.53913	8.06398	0	0	0	0	0	0	0	0	0	0	0	0	0	0	0	0	0	0	0	0	0	0	0	0	0	0	0	0	0	0	0	0	0	0	0	0	0	0	8.14056	0	
0	0	0	0	0	0	0	0	0	0	0	0	0	0	0	0	0	0	0	0	0	0	0	0	0	0	0	0	0	0	0	0	0	0	0	0	0	0	0	0	0	0	8.7916	0	0	0	0	0	0	8.95832	0	9.03477	0	6.9167	0	0	0	0	0	0	0	0	0	0	12.43188	0	0	0	0	0	0	0	0	0	0	0	16.14753	0	0	0	0	0	0	0	0	0	0	0	0	0	0	0	0	0	0	0	0	0	0	0	
0	0	0	0	0	0	0	0	0	0	0	0	11.70812	0	0	0	0	0	0	0	0	0	0	0	0	0	0	0	0	0	9.9964	0	0	0	0	0	0	0	0	0	0	0	11.75498	0	0	0	0	8.07584	0	0	13.10429	0	0	4.04218	1.4691	0	8.2796	0	0	0	0	0	0	7.89472	9.36003	11.27178	0	0	0	0	0	0	0	0	0	0	0	0	0	0	0	0	0	0	0	0	0	0	0	0	0	0	0	0	0	0	0	0	0	0	
0	0	0	0	0	0	0	0	0	0	0	0	0	0	0	0	0	0	0	0	0	0	0	0	0	0	0	0	0	0	0	0	0	0	0	0	0	0	0	0	0	0	0	0	0	10.95121	8.64634	0	0	11.56661	0	9.05676	11.68257	0	8.69333	10.23124	0	0	0	0	8.94702	0	0	0	0	0	0	0	0	6.86325	0	0	0	0	0	0	1.67843	0	0	0	0	0	0	0	0	0	0	0	0	0	0	0	0	0	0	0	0	0	0	0	
0	0	0	0	0	0	0	0	0	0	0	0	0	0	0	8.93012	0	0	0	0	0	0	0	0	0	0	0	0	0	0	0	0	0	0	0	6.48975	12.45377	0	0	0	0	0	0	0	0	11.70964	7.82005	8.80307	4.53025	9.75053	0	0	0.52817	0	7.50647	0	0	0	0	8.17408	0	7.16358	0	6.74298	0	10.58256	0	0	11.78351	0	9.28328	0	0	0	0	10.80742	0	0	0	4.217	0	0	0	0	0	0	0	0	0	0	6.07297	0	0	0	0	0	0	0	0	0	
0	0	0	0	0	0	0	0	0	0	0	0	0	0	0	0	0	0	0	0	0	0	0	0	0	0	11.32197	0	0	0	0	2.03383	0	0	3.92108	0	0	0	0	0	12.3613	0	0	0	0	0	0	0	13.17235	8.11088	2.75442	10.96921	8.67472	0	9.38886	0	16.24955	0	3.40402	0	1.4691	9.57097	0	0	0	8.32293	0	0	0	0	0	0	0	7.73324	0	0	0	0	0	0	0	0	0	0	0	0	0	0	0	0	0	0	0	0	0	0	4.00294	0	0	0	
0	0	0	0	0	0	0	0	0	0	0	0	0	0	0	0	0	0	0	9.25224	0	0	0	0	0	0	0	0	0	0	0	0	0	0	0	0	0	0	0	0	0	0	0	13.54123	0	0	12.04419	12.50119	11.10862	0	6.66969	7.85085	11.79684	0	0	0	15.17071	0	0	8.55495	5.45884	0	0	10.42027	0	4.87267	0	9.42921	0	0	0	0	0	0	0	0	0	0	0	0	0	0	0	0	0	0	0	0	0	0	6.85935	0	0	0	0	0	0	0	0	0	
0	0	0	0	0	0	0	0	0	0	0	0	10.11503	0	0	0	0	0	0	9.25224	0	0	0	0	0	0	0	0	0	0	0	0	0	6.46109	0	0	0	0	0	0	0	13.64798	13.28028	0	9.3577	0	0	3.97977	9.35322	0	3.69351	11.26247	7.93329	6.3538	9.76978	3.29905	5.92898	7.8877	8.14312	0	0	0	0	0	3.48144	0	0	0	0	0	0	0	0	0	0	0	0	0	7.18126	2.31591	0	0	0	0	0	0	0	0	0	0	0	0	0	0	0	0	0	0	0	0	
0	0	0	0	0	0	0	0	0	0	0	0	0	0	0	0	0	0	0	0	0	0	0	15.9652	0	0	0	0	0	0	0	0	0	0	0	0	0	0	12.38065	0	0	0	7.85725	8.27431	9.82204	0	8.55634	6.48895	0	8.58122	10.29944	5.52994	0	0	0	0	0	7.20518	16.12527	9.65328	9.65011	0	0	0	6.56579	0	0	0	0	0	0	0	0	0	0	0	0	0	0	0	0	0	0	0	0	0	0	0	0	0	0	0	0	0	0	0	0	0	0	0	
0	0	8.04719	0	0	0	0	0	0	0	0	0	0	0	0	0	0	0	0	0	0	0	0	0	0	0	0	0	0	0	0	0	0	0	0	0	0	0	0	0	9.60497	0	0	0	0	9.42921	0	9.72736	10.45794	11.52742	0	7.06698	10.22624	7.58944	0.52817	10.12649	0	0	1.2181	0	10.47257	0	8.03021	11.22804	0	0	0	0	0	0	0	7.95801	0	0	0	0	2.84597	0	0	0	0	0	0	0	0	0	0	0	0	0	0	0	0	0	0	0	0	0	0	0	
0	0	0	0	0	0	0	0	0	0	0	8.39859	0	0	0	0	0	0	0	0	0	0	0	0	0	0	0	0	0	0	0	0	6.53173	0	0	0	0	11.07945	12.00235	5.95454	8.3661	5.68379	0	0	12.86488	7.13892	11.84262	5.88508	11.78212	0	12.24558	0	1.27588	8.06001	0	11.51049	6.02385	10.17138	0	0	0	0	0	0	0	0	0	8.46328	0	0	0	0	5.1492	0	0	8.3967	0	0	7.80345	0	0	0	0	0	0	0	0	0	0	0	0	0	0	0	0	5.85891	0	0	0	0	
0	0	0	0	0	0	0	0	0	0	0	0	0	0	0	0	0	0	0	0	0	0	0	0	0	0	0	0	0	0	0	0	0	0	6.98375	8.52943	0	0	0	6.6316	0	12.8134	0	11.5089	13.96621	9.12228	7.95137	7.71831	8.09754	11.56785	11.35769	10.58878	1.2181	9.63852	0	0	7.54705	0	0	8.29854	7.90274	0	8.60762	0	0	0	0	0	0	0	0	0	0	0	0	0	0	0	5.7798	0	0	0	0	0	0	0	0	12.42029	0	0	0	0	0	0	0	0	0	0	0	0	
0	0	0	0	0	0	0	0	10.36427	0	8.21329	0	0	0	0	0	0	0	0	0	0	0	0	0	0	0	7.3034	0	0	0	0	0	0	0	3.59137	11.49438	0	11.78659	11.72348	0	7.83332	8.78872	0	5.86981	0.52817	12.64109	5.89074	8.23709	8.0482	8.49441	0	7.05094	0	0	0	0	7.69391	3.9626	0	0	0	0	1.4691	0	0	0	11.54168	0	0	0	0	0	0	0	0	0	0	0	0	0	0	0	0	0	0	0	0	0	0	0	0	0	0	0	0	0	0	0	0	0	
0	0	0	0	0	0	0	0	0	0	0	11.06997	0	0	11.89423	0	0	0	0	0	0	0	0	0	0	0	0	0	0	0	0	11.50583	0	0	4.93655	0	11.11294	0	0	10.83666	3.53746	0	8.84899	9.40311	10.64708	7.61933	11.27692	8.68325	4.29394	8.935	7.66039	10.25086	10.67096	12.1759	0	7.73922	10.35802	0	0	18.6308	9.93256	3.96269	0	10.20154	0	0	0	0	0	0	0	0	0	0.52817	0	7.48712	0	0	0	0	0	0	0	5.44112	0	0	0	0	0	0	0	0	0	0	0	0	0	0	0	0	
0	0	0	0	0	0	0	0	0	0	0	0	13.17703	0	0	0	0	0	0	0	0	0	0	0	0	0	0	0	0	9.22904	0	0	8.05441	0	6.07297	0	13.2006	0	14.49004	9.27816	10.10878	14.42912	10.39968	6.3066	8.95843	3.25187	10.17319	10.3179	8.00808	9.54471	10.41909	11.90558	13.08497	10.37	6.62446	11.47844	8.33012	0	0	9.75644	10.70339	0	0	0	0	0	0	0	0	0	0	0	0	10.35031	0	0	0	0	0	0	10.22678	0	0	0	0	0	0	0	0	0	0	0	0	0	0	0	0	0	0	0	
0	0	0	0	0	0	0	14.40239	0	0	0	7.98057	0	0	0	0	0	0	0	0	0	0	0	0	0	0	0	8.5424	0	0	4.41537	0	12.2208	0	0	0	2.75442	12.49954	7.84597	10.26283	10.24582	5.05738	0	10.51496	10.39746	9.63712	10.11456	8.49529	11.2537	9.93515	6.13566	9.53817	11.99782	7.65628	9.97808	5.70157	12.32704	7.14293	2.7702	8.39101	6.28625	13.17055	5.94422	0	9.41433	0	0	0	0	0	0	0	0	10.55144	0	0	0	0	0	0	0	0	0	0	0	0	0	0	0	0	0	0	0	0	0	0	0	0	0	0	
8.77131	0	0	0	0	0	0	0	7.77324	0	0	0	10.39917	0	0	0	0	0	0	0	0	0	0	0	10.17695	0	0	6.87383	0	0	0	0	3.83432	0	11.43632	8.43591	0	4.85072	10.40021	6.41512	7.23306	9.4445	5.33946	10.80731	12.01857	9.48888	7.41008	9.84722	5.5084	5.52049	10.09585	6.00989	7.7785	4.92923	12.47293	10.3293	8.92881	5.27706	0	9.41192	0	1.2181	0	5.49981	0	7.17245	0	0	0	0	0.52817	0	0	0	0	0	0	0	0	0	0	0	4.30008	0	0	7.12968	0	0	0	0	0	0	0	0	0	0	0	0	0	0	
0	0	0	10.57964	0	0	0	0	0	0	0	0	0	0	0	0	0	0	8.95604	0	0	11.77116	0	7.24573	11.20395	5.59421	0	0	10.16756	8.25147	11.74786	0	7.81482	0	0	2.65663	0	8.77023	10.55931	8.43606	7.80167	6.5849	8.52065	9.39791	9.5678	10.58707	8.37256	9.66061	9.87998	7.22207	11.05508	9.19681	11.31879	7.43643	7.16814	9.41786	0	3.68523	5.72872	8.63231	0.52817	3.16324	10.63845	0	0	0	0	0	0	6.85742	0	0	4.44496	0	2.43867	10.16756	12.53823	4.29055	0	3.09023	0	0	0	0	0	0	0	0	0	0	0	0	0	0	0	0	0	0	0	0	
9.02623	0	0	0	11.28385	7.52122	0	0	0	0	0	0	0	0	0	0	0	9.2945	0	0	0	0	0	0	9.7784	0	6.82319	8.60338	0	11.98137	10.56616	0	0	0	10.94806	8.58122	6.46112	10.84877	11.46399	8.72124	7.0475	8.88833	9.1208	9.1096	8.83571	8.94408	9.79767	8.49822	8.79203	10.66155	4.50423	10.91866	12.23344	7.3708	8.8973	8.74759	8.78151	3.61594	3.651	8.08796	10.7604	0	8.74124	10.95899	12.50482	12.76372	8.91339	0	0	0	0	0	0	0	6.78408	0	0	0	0	0	0	0	0	0	0	0	0	0	0	0	0	0	0	0	0	2.03383	0	0	0	0	
0	0	0	0	0	0	0	0	6.34032	0	8.86047	0	0	0	0	0	8.76399	13.19843	8.5025	6.53173	10.11331	7.05023	0	0	0	14.31502	0	9.58183	6.77274	10.1852	0	10.10232	11.37433	7.37932	8.81319	10.86275	6.63467	9.87316	8.96461	8.66518	8.97388	7.43616	5.22389	8.86294	9.89609	7.92464	8.24351	9.12667	8.64153	7.3184	7.16982	10.79089	7.02118	8.09307	4.77795	5.20946	6.27362	8.56447	0	7.59161	4.70792	9.36778	7.92649	0	6.38879	10.63364	5.25321	0	0	0	0	8.29273	0	0	7.93438	0	0	0	9.58433	0	0	0	0	0	0	10.9844	0	0	0	0	0	0	0	0	0	3.01332	0	0	0	0	
0	9.82274	0	0	1.2181	7.19874	0	0	0	0	0	0	0	0	3.48144	11.42021	0	10.50742	9.76021	0	10.36572	0	4.55759	0	0	0	0	0	9.3654	9.69544	7.44423	0	8.19164	4.95669	9.54217	7.58164	9.0105	10.9215	8.40474	8.2869	9.01533	8.1695	8.63684	7.42872	7.97538	7.46891	7.98809	8.76791	8.05293	7.64336	7.24342	8.40301	7.66471	7.41397	9.30578	6.92954	3.29905	7.73555	7.04748	4.5069	0	8.81445	0	13.65289	10.81048	0	5.26245	1.68289	0	0	0	0	0	0	0	3.53746	0	0	0	0	8.83097	0	0	0	0	0	0	0	0	0	0	0	0	0	0	0	0	0	0	0	
0	9.53703	6.34817	0	9.49275	0	0	0	0	0	7.37431	0	0	0	9.43567	6.11958	0	6.80134	0	0	5.88068	4.47395	7.5672	12.26484	8.71777	8.76839	0	4.23224	6.19987	5.84441	10.21502	10.92462	10.72837	10.91418	9.64865	5.37207	7.77631	7.9116	8.23327	7.36821	6.20227	7.49378	6.69009	6.93736	6.99876	7.04783	8.45011	6.744	9.07975	8.94898	7.47572	9.37255	7.86159	8.09293	6.8208	7.50399	8.18312	4.79812	7.62435	9.02989	0	7.16405	9.86364	9.83541	3.02695	3.01332	0.91403	0	0	0	0	5.83548	0	0.91403	9.13914	0	5.83671	0	4.47395	0	0	0	0	5.15627	0	1.21934	0	0	0	0	0	0	0	0	0	0	0	0	0	0	
0	0	0	0	0	0	0	0	6.01497	0	8.44143	11.53622	0	0	0	0	0	0	10.19448	0	2.65663	0	0	0	0	6.11038	10.16914	0	5.74454	9.20114	5.9822	5.74454	9.03355	9.5056	10.31095	8.50399	7.67526	9.7986	7.85492	8.18498	4.97732	7.71844	7.87959	6.69888	7.42166	8.03366	6.99817	7.7291	8.25385	8.41318	8.21519	7.77804	6.16644	7.05496	7.65936	9.47391	8.58124	8.82968	11.43134	7.22285	8.13552	5.80197	5.86183	8.18143	0	8.8676	0	9.5463	0	0	0	0	0	0	0	0	0	0	0.91403	0	0	5.1492	0	0	0	0	0	8.47797	2.03383	11.42439	0	0	0	0	0	0	0	0	0	0	
0	0	0	0	0	0	0	0	9.38123	10.57921	0	1.4691	0	12.08322	0	0	0	2.84597	9.59427	4.22255	0	0	0.52817	7.96759	7.96022	9.83885	8.30085	9.0109	7.44156	9.5619	0	7.14952	4.50016	3.63408	3.11887	9.0045	7.89958	5.3138	11.11185	6.42632	7.92568	7.79533	7.65132	8.07366	6.89766	7.81738	8.11565	7.55642	7.42128	9.52194	7.7304	6.95549	6.16267	7.33764	8.02817	9.09814	7.09946	4.96279	10.10058	9.21606	6.51416	8.06502	10.57601	12.41095	6.77024	9.45277	8.72382	0	0	0	0	0	0	7.43455	11.8562	0	0	0	13.2959	0	0	0	0	0	0	0	0	0	4.22384	0	3.29905	0	0	0	0	0	0	0	0	0	
0	0	8.25356	6.64016	0	4.73573	0	0	6.4683	0	0	0	0	0	0	0	0	7.23255	0	0	0	0	0	10.92068	0	10.08657	0	10.22794	8.90639	7.3834	0	8.73917	0	7.58166	5.87596	7.92304	6.97253	5.83624	2.13749	11.24426	6.55144	10.07066	7.51909	7.82501	6.53114	6.45835	6.00954	8.51034	7.17522	7.25422	7.70673	7.30591	8.05449	7.77531	7.95392	5.74786	7.35432	9.45932	7.39099	7.40043	8.83743	8.01341	3.64968	14.24867	4.28075	0	0	8.89089	4.66206	4.63664	3.12131	0	9.22585	0	2.30428	0	6.62237	0	0	0	0	0	4.99974	0	0	0	0	0	0	0	0	0	0	0	0	0	0	0	0	0	
0	0	0	0	0	0	0	0	0	0	10.72315	8.59778	8.06039	0	12.40438	0	0	6.04426	0	4.38516	0	0	0	0	0	0	5.60735	3.42317	5.05953	0	8.76252	8.77892	4.95788	7.98297	5.02173	9.07375	8.73885	6.6133	7.01016	8.59039	8.75258	4.89568	5.65637	7.09783	7.03449	7.8361	6.10747	7.30241	7.67835	6.30571	5.76748	8.68707	9.01358	7.37928	7.78383	6.46387	6.58694	7.76556	9.99835	7.55602	10.60265	5.63149	6.85766	8.72756	0.52817	5.93141	12.20197	3.09263	0	0	4.32278	0	5.80347	1.79569	0	13.41234	0	0	0	0	0	0	0	0	0	0	0	0	6.61509	0	0	0	0	0	0	0	0	0	0	0	
0	0	0	0	0	3.09023	0	0	0	10.85401	0	0	2.03383	0	0	0	0	0	0	0	0	0	0	9.94458	0	0	8.69571	0	0	3.87099	7.73106	0	0	5.29562	10.1	7.18126	3.69351	0.91403	0	8.41364	4.05408	6.3944	3.65862	5.8427	9.56414	8.31413	7.44916	7.33763	8.61888	4.29212	6.85492	8.4792	7.25843	7.19197	7.63283	7.01925	6.88995	7.58027	4.80111	6.33985	6.85064	5.42802	5.59399	11.53509	6.10874	4.78977	8.76546	8.90772	4.96094	0	0	9.38981	0	3.01332	0	3.36244	9.48724	0	0	0	0	0	0	0	10.14464	0	0	5.16706	0	0	0	12.75766	0	0	0	0	9.85685	0	0	0	
0	0	0	0	0	0	0	0	0	0	0	7.78621	0	0	0	0	0	8.71731	10.70607	0	0	0	0	1.2181	0	0	0	6.35598	0	0	0	0	4.98142	5.38187	5.67775	0	4.18112	8.41337	1.21934	6.83433	6.5987	8.76439	8.66722	1.68122	0	7.67704	4.69753	5.52417	6.83276	6.03932	7.56546	10.71298	7.6986	4.71014	7.4892	5.90901	5.61656	6.55237	7.16678	8.65344	7.21406	6.53412	0	7.41737	10.49072	0	5.28261	7.2373	9.77404	9.15889	0	0	0	0.52817	0	10.24581	0	8.96628	0	0	0	6.37602	0	0	0	0	0	0	0	0	0	0	0	0	0	0	0	0	0	0	
0	0	0	0	5.15913	0	0	0	0	0	9.38886	0	8.20683	0	0	10.99006	0	0	7.16358	0	4.00603	5.68379	0	0	0	12.18646	4.44496	0	0	5.96923	0	8.9814	10.4791	0	0	8.37573	9.2449	0.52817	13.45091	8.93883	3.83537	8.69333	4.60219	8.23886	3.43963	8.20234	11.16053	5.20277	7.71189	8.29902	9.6865	6.23211	8.75873	7.43415	6.22838	6.84402	8.06758	7.54376	3.59123	7.63189	4.90807	5.99176	7.70161	5.85867	8.41433	0	7.61829	10.47797	0	1.2181	8.85566	10.20587	8.37015	12.74737	8.23049	0	5.96043	0	0	0	4.22384	0	0	0.52817	0	3.69351	0	0	0	0	0	0	0	0	0	0	0	0	0	0	
0	0	0	0	0	0	0	0	0	0	0	4.97762	1.37721	0	0	10.81347	0	0	0	0.52817	4.04218	0	0.91403	0	0	0	0	0	0	3.56545	0.91403	3.927	0	0	0	10.73143	0	0	0	4.66206	3.76489	5.00501	3.92181	5.48989	8.52365	4.56731	4.44149	7.15259	6.802	3.25827	0	0	7.92472	8.93855	2.43867	5.77555	7.59596	6.48242	5.73105	6.05821	7.44811	8.58574	8.38208	6.51618	5.50398	5.96654	6.16474	9.13963	0.91403	9.74616	0	8.27567	8.20385	10.81771	8.52519	0	8.2619	0	5.73259	0	0	0	0	0	0	0	0	0	0	0	0	0	0	0	0	0	0	0	0	0	
0	0	0	11.51174	0	0	0	0	0	0	0	0	0	0	0	0	0.52817	0	0	0	0	0	6.89543	0	0	0	6.67795	5.60938	9.26058	5.84783	0	0	2.31591	0	0	9.7932	0	1.4691	0.52817	5.87008	6.44617	0	0.91403	0	4.35136	10.14012	7.0062	7.68756	4.55817	8.49019	5.67723	5.77437	7.7721	8.21557	8.21876	8.47693	7.78151	6.87215	5.88517	5.75086	8.25467	7.75296	8.70959	8.176	7.06768	9.87423	4.73693	2.75442	10.86457	7.67972	4.76092	8.01835	3.86947	4.62334	6.32438	0	12.42599	3.16324	6.10832	9.77622	1.19881	4.78283	1.2181	0	0	0.52817	0	0	0	0	0	0	0	0	0	0	0	5.94422	0	12.97463	
0	0	5.78067	0	0	0	0	0	0	0	0	0	0	0	0	0	0	0	0	0	5.39639	0	0	0	0	8.32492	0	8.13483	0	8.73883	0	10.49731	9.89888	0	7.30743	0	0	5.43413	5.0656	0	7.95509	0	0	9.84754	11.72724	8.24937	1.39152	3.21012	1.2181	6.81215	9.65565	9.35712	6.4495	7.34157	6.46887	8.65607	4.89427	7.16171	8.30077	4.37363	2.41946	4.83698	5.65409	2.1571	5.32947	5.45843	4.95976	0	7.92068	5.28451	5.87242	6.0543	6.20729	8.15471	0	0	5.76324	0	2.12681	4.41537	0	5.99334	0	0	0	0	0	0	5.79481	0	0	0	0	0	0	0	0	0	0	0	
0	0	0	0	1.68289	0	0	0	0	0	0	0	8.39291	0	0	0	0	0	0	0	9.11403	2.18177	0	0	0	0	0	7.5301	0	0	0	0	9.22692	0	0	0	7.15465	0	8.81587	6.48975	0	0	4.24176	0	7.73324	0	2.72214	8.53726	2.03383	5.23568	9.03598	3.69961	7.33929	3.59948	8.20574	1.19859	0	5.74046	4.96651	5.32477	8.15203	5.6741	8.99343	5.65784	5.24429	7.80072	6.12351	4.11455	6.96561	6.3122	5.75585	0	0	8.45934	0	10.14335	7.31759	6.24493	0	0	0	0	0	0	7.99564	2.18177	0	0	0	0	0	0	0	0	0	0	8.81587	0	0	0	
0	0	0	0	0	0	0	0	2.31591	0	0	0	0	0	0	0	8.1383	0	3.29905	0	0	0	0	0	5.73515	0	0	0	0	0	0	0	0	0	6.42442	8.41177	0	8.78439	0	0	0	0	9.6517	10.80778	0	8.84551	10.15642	7.31546	0	4.19067	0	11.7686	9.40871	7.4334	0	7.31145	0	9.15916	0	5.38934	7.21578	3.36244	5.35534	6.84638	4.75692	7.75992	6.82569	6.43838	10.20641	7.53387	8.15304	2.64925	9.63982	6.26767	8.22569	4.80441	9.29878	7.50998	0	0	7.89204	0	9.66545	0	1.27588	5.13111	9.1968	4.04218	5.5404	0	0.96392	0	0	8.4434	0	0	0	0	0	0	
0	0	0	0	0	0	0	0	0	0	0	0	0	0	0	0	0	0	0	0	5.85742	0	0	0	0	0	0	0	0	4.99772	0	0	0	0	10.66698	0	0	0	0	0	9.81992	0	9.766	8.62065	5.64211	0	0	0	5.7798	4.66396	8.07821	0	0	5.69076	5.41242	7.84283	0	0	6.60172	8.27599	8.67628	6.63185	1.47393	5.94379	6.60748	7.24138	1.54411	6.78151	8.47833	9.99946	8.34839	7.77663	5.34027	4.90532	5.30327	0	3.91936	0	7.2034	0	0	0	0.91403	0	0	0	6.84541	0	0	0	0	0	0	0	0	0	0	0	0	0	
0	0	0	0	3.59137	0	0	0	0	0	0	6.06346	0	5.05641	0	0	0	0	0	0	0	0	0	0	0	0	0	0	0	0	0	0	0	0	0	0	0	0	0	6.68563	0	0	6.79561	0	5.04545	0	2.34352	4.68704	0	0	3.78888	0	0	0	8.58621	0	0	0.52817	0	9.51366	6.17425	8.27299	5.83368	9.18775	6.041	0	1.32832	6.35334	9.01965	8.86866	4.91414	8.21518	7.09211	4.94007	0	0	7.45024	5.21937	8.28506	3.78888	3.01332	5.84783	1.68289	0	2.03383	0	5.63328	10.048	0	5.29465	0	0	0	0	0.52817	0	0	0	0	0	
0	0	0	0	0	0	0	0	0	0	0	0	0	0	0	0	0	5.8985	0	0	0	8.20467	8.20034	0	0	0	8.53726	0	0	0	0	0	0	6.72983	4.91556	0	0	0	0	0	0	0	0	0	0	0	0	0	0	0	0	0	0	0	0	7.56429	10.23127	9.73645	2.55176	3.29905	0	7.36269	5.98644	0	6.70486	7.47294	5.70965	7.25494	6.56486	3.3854	7.67029	6.02273	7.16014	8.67485	7.80456	6.36261	5.92434	0	8.88631	5.2679	0	0	9.0258	0	8.76985	9.65627	0	4.18929	0	9.73739	0	0	0	0	0	0	9.1614	0	0	0	
0	0	0	0	0	0	0	0	6.41221	0	0	8.84529	0	0	0	0	0	0	0	0	0	0	0	0	0	0	0	12.45183	0	2.03383	0	0	0	0	0	0	0	0	0	9.8492	0	0	0	0	0	3.59137	0	3.29905	4.85072	0	0	11.14906	0	0	0	0	0	0	8.1639	0	10.05446	0	7.97841	8.65776	7.9046	5.59985	7.52088	0	0	6.19396	8.16735	0.91403	8.23139	8.61625	7.3799	9.76018	1.15796	0	0	9.87718	7.50133	8.35546	9.60495	9.21733	5.33415	0	0	0	0	0	8.21973	0	10.50002	0	0	0	0	0	0	0	
0	0	0	0	0	0	0	0	0	0	0	0	0	6.96345	0	0	0	0	0	7.49591	0	0	0	0	0	2.14544	0	0	0	0	0	0	0	0	8.29273	0	0	6.45063	0	0	9.16381	0	2.55176	9.97691	0	0	0	0	0	0	5.79136	8.28458	0	0	7.76291	0	0	0	0	7.16383	5.69455	0	5.12058	8.93794	6.14685	4.65903	7.77927	4.66206	0	5.15342	6.92422	0	6.85869	6.37375	9.2033	7.62924	4.5924	4.15767	7.44366	4.87246	0	7.80636	9.5785	5.59828	2.34352	0	0	9.46665	3.74365	0	1.2181	0	0	6.92722	0	0	0	0	5.47147	0	
0	0	0	0	0	0	0	11.77025	0	0	0	0	0	0	0	0	0	0	0	0	0	0	2.03383	0	0	0	0	0	8.21329	0	0	0	0	0	11.22993	0	0	10.4849	0	0	0	1.84571	0	0	0	0	6.50709	0	0	0	0	0	8.05681	0	0	0	3.51251	11.9671	0	4.56972	5.92086	0	0	5.77537	0	5.51272	0	8.53987	6.23039	11.81023	10.27279	5.60888	7.80345	6.80077	9.08379	6.80713	5.66228	0	5.5565	6.06025	5.34857	7.19306	6.24279	0	6.02178	0	5.58094	3.26749	0	0	8.74924	8.43113	0	0	0	0	9.2449	0	0	0	
0	0	0	0	0	0	0	0	0.91403	0	0	0	0	0	0	0	0	0	0	0	0	0	0	0	0	0	0	0	0	0	0	0	0	0	0	0	0	3.92832	0	0	0	0	0	0	0	0	0	0	0	5.72055	0	4.67693	0	4.63796	0	0	4.22384	9.27445	0.52817	0	2.03383	0	9.62043	11.20849	4.15389	5.12519	0	0	9.06624	5.88721	0	5.01755	6.45971	10.29472	7.41092	8.81674	0	4.93323	6.97205	6.82314	2.01904	9.70081	4.41537	2.65663	0	0	3.35089	0	0	0	0	0	7.14312	6.68079	6.77246	0	0	0	0	0	
0	0	0	0	0	0	0	8.01056	0	0	0	0	0	0	0	0	0	0	0	0	0	0	0	0	0	0	0	0	0	0	0	0	0	0	0	0	0	4.36053	0	6.66341	0	0	0	0	0	0	0	0	0	0	4.26424	0	0	12.07186	6.76596	0	0	5.87609	9.91879	10.81134	0	1.68289	0	7.56005	10.06781	11.17661	0	0	7.05232	7.02515	6.15991	4.01912	5.94871	7.21028	6.79561	6.90262	6.58781	0	8.44561	7.97957	7.54433	9.16047	4.53014	5.1135	3.32006	0	0	2.10267	0	0	4.53025	0	0	0	0	10.81755	0	0	0	0	
0	0	0	0	0	0	0	0	0	0	0	0	0	0	0	0	0	0	0	0	0	0	0	0	0	11.69182	0	0	0	0	0	0	0	0	0	0	0	6.00507	0	0	0	0	0	0	10.65278	0	0	0	6.96345	0	0	0	0	0	0	3.36244	0	0	0	0	0	0	8.30587	0	0	6.18483	5.91785	7.4537	0.52817	7.1321	2.94574	0	11.30464	0	8.41364	6.05295	0.91403	6.98649	4.48919	6.00428	4.63511	0	5.5806	0	8.63996	6.83079	0	0	0	0	10.78447	0	0	0	0	0	0	0.91403	0	0	
0	0	0	0	0	0	0	0	0	0	0	0	7.56827	0	0	0	0	0	0	0	0	0	0	0	0	0	0	0	0	0	0	0	0	0	0	0	0	0	0	0	0	0	0	0	0	0	0	8.95475	0	0	1.869	0	9.247	0	0	0	0	0	0	3.5276	0	0	0	5.33475	1.869	12.5363	9.58883	0	0	0	0	9.60823	0	0	0	2.7603	5.74139	8.23517	5.89006	4.34814	0	6.1651	4.37466	2.91916	5.85344	3.61847	3.86941	0	7.19874	0	0	0	0	8.58122	0	0	0	0	0	0	
0	0	0	0	0	0	0	0	0	0	0	0	0	0	0	0	0	0	0	0	0	0	0	0	0	0	0	0	0	0	0	0	11.60541	0	0	0	0	0	0	0	2.84597	0	0	0	0	0	0	0	0	0	0	0	0	0	0	0	4.6131	0	0	0	11.68965	0	0	2.9121	0	6.3868	0	0	7.29473	0	0	0	8.53037	0	0	1.4691	0	0	7.8363	8.47332	7.51696	6.1736	8.73584	0	3.48144	0	0.52817	0	0.91403	5.25321	5.39108	7.17934	4.03964	0	0	0	0	0	0	0	
0	0	0	0	0	0	0	2.33474	0	0	0	0	0	0	0	0	0	0	0	0	0	0	0	0	0	0	0	5.47019	0	0	0	0	0	0	0	0	0	0	0	0	0	0	0	0	0	0	0	0	0	0	0	0	0	0	0	0	0	0	0	0	0	0	0	0	0	0	0	0	0	0	4.06132	3.05212	8.47699	0.52817	0	7.5883	9.92668	0	9.50953	7.23755	0	9.1488	0	6.82965	1.2181	9.24978	0	9.99007	0	0	0	11.58873	0	0	0	8.96245	0	0	0	0	
0	0	0	0	0	0	0	0	0	0	0	0	0	0	0	0	0	0	0	0	10.63805	0	0	0	0	0	0	0	0	0	7.35496	0	0	0	0	0	0	0	0	0	0	0	0	0	0	0	0	0	0	0	0	0	0	0	0	0	0	0	0	9.99265	0	0	0	0	5.07545	8.5165	6.04426	8.87126	0	0	0	0	0	0	0	1.68289	6.61689	0	0	0	4.43409	0	0	0	1.97337	7.88935	7.28973	5.84128	5.05641	0	11.19821	5.18471	6.5386	7.15017	0	6.97364	0	0	0	0	
0	0	0	0	0	0	0	0	0	0	0	0	0	0	0	0	0	0	0	0	0	0	0	0	0	0	0	0	0	0	0	0	0	0	0	0	0	0	0	0	0	0	0	0	0	0	0	0	2.18177	0	0	0	0	0	0	0	0	0	0	0	0	0	0	0	0	0	0	0	0	7.27073	10.05274	10.53778	6.79978	0	9.31968	6.98878	0	9.01641	0.52817	0	0	7.82048	7.71514	0	5.20265	0	4.71159	0	0	5.15225	0	0.60905	2.30539	0	3.09023	0	0	0	0	0	
0	0	0	0	0	0	0	0	0	0	0	0	0	0	0	9.10055	0	0	0	0	0	0	0	0	0	0	0	0	0	0	0	0	0	0	7.71514	0	0	0	0	0	0	0	0	0	0	0	0	0	0	0	0	0	0	0	0	0	0	0	0	0	0	0	0	0	0	0	0	6.22567	0	0	0	0	0	7.043	0	0	0	0.26409	0	0	0	4.80582	0	0	3.198	0	4.66902	3.60517	8.28662	10.74204	7.51347	0	10.41233	0	0	0	0	0	0	0	
0	0	0	0	0	0	0	0	0	0	0	0	0	0	0	0	0	0	0	0	0	0	0	0	0	0	0	0	0	0	0	0	0	0	0	0	0	0	0	0	0	0	0	0	0	0	0	0	7.41973	0	0	0	0	0	0	0	0	0	0	3.09023	0	0	0	0	0	7.19859	0	0	0	0	0	7.95509	0	0	0	0	0	11.22084	0	6.16117	10.48623	0	0	10.38302	0	0	0	0	0	0	0	0	0	0	0	0	0	0	0	0	
0	0	0	0	0	0	0	0	0	0	0	0	0	0	0	0	0	0	0	0	0	0	0	0	0	0	0	0	0	0	0	0	0	0	0	0	0	0	0	0	0	0	0	0	0	0	0	0	0	0	0	0	0	0	0	2.03026	0	0	10.13673	0	0	0	0	0	11.31723	0	0	0	0	0	0	1.68289	0	2.03383	0	0	6.41697	0	0	0	2.6182	5.71003	4.07412	8.24533	0	0	0	7.75111	8.07575	0	5.18471	9.17489	10.01748	0	0	0	0	0	0	0	
0	0	0	0	0	0	0	0	0	0	0	0	0	0	0	0	0	0	0	0	0	0	0	0	0	0	0	0	0	0	0	0	0	0	0	0	0	0	0	0	0	0	0	0	0	0	0	0	0	0	0	0	0	0	0	0	0	0	0	0	0	0	0	0	0	0	0	0	0	0	0	0	0	0	0	0	0	0	0	0	0	0	0	0	0	0	0	0	0	0	0	8.90506	0	0	0	0	0	0	0	0	
0	0	0	0	0	0	0	0	0	0	0	0	0	0	0	0	0	0	0	0	0	0	0	0	0	0	0	0	0	0	0	0	0	0	0	0	0	0	0	0	0	0	0	0	0	0	0	0	0	0	0	0	0	0	0	0	0	0	0	0	0	0	0	0	0	0	0	0	0	0	8.92361	0	0	0	0	0	0	0	0	9.28396	0	0	0	9.08965	0	0	0	0	0	0	8.41305	12.62833	0	0	0	0	0	0	0	0	
0	0	0	0	0	0	0	0	0	0	0	0	0	0	0	0	0	0	0	0	0	0	0	0	0	0	0	0	0	0	0	0	0	0	0	0	0	0	0	0	0	0	0	0	0	0	0	0	0	0	0	0	0	0	0	0	0	0	0	2.18177	0	0	0	0	0	0	0	0	0	0	8.2619	0	0	0	0	0	0	0	0	0	0	0	0	0	0	0	0.91403	0	0	0	0	0	0	0	0	0	0	0	0	0	
0	0	0	0	0	0	0	0	0	0	0	0	0	0	0	0	0	0	0	0	0	0	0	0	0	0	0	0	0	0	0	0	0	0	0	0	0	0	0	0	0	0	0	0	0	0	0	0	0	0	0	0	0	0	0	0	0	0	0	0	0	0	0	0	0	0	0	0	0	9.58017	2.84597	0	0	0	0	0	0	0	10.00574	0	0	0	0	0	0	0	0	0	4.58442	2.75442	0	0	0	0	0	0	0	0	0	0	
0	0	0	0	0	0	0	0	0	0	0	0	0	0	0	0	0	0	0	0	0	0	0	0	0	0	0	0	0	0	0	0	0	0	0	0	0	0	0	0	0	0	0	0	0	0	0	0	0	0	0	0	0	0	0	0	0	0	0	0	0	0	0	0	0	0	0	0	0	0	0	0	0	0	0	0	0	0	0	0	0	0	0	0	0	0	0	0	0	0	0	0	0	0	0	0	0	0	0	0	
0	0	0	0	0	0	0	0	0	0	0	0	0	0	0	0	0	0	0	0	0	0	0	0	0	0	0	0	0	0	0	0	0	0	0	0	0	0	0	0	0	0	0	0	0	0	0	0	0	0	0	0	0	0	0	0	0	0	8.33483	0	0	0	0	0	0	0	0	0	0	0	0	0	0	0	0	5.20214	0	0	0	0	0	0	0	0	0	0	0	0	0	0	0	0	0	0	0	0	0	0	0	0	
0	0	0	0	0	0	0	0	0	0	0	0	0	0	0	0	0	0	0	0	0	0	0	0	0	0	0	0	0	0	0	0	7.3972	0	0	0	0	0	0	0	0	0	0	0	0	0	0	0	0	0	4.66206	0	0	0	0	0	0	0	0	0	0	0	0	0	0	0	0	0	0	0	0	0	0	0	0	0	0	0	0	0	0.52817	0	0	0	0	0	0	0	0	0	0	0	0	0	0	0	0	0	0	0	
0	0	0	0	0	0	0	0	0	0	0	0	0	0	0	0	0	0	0	0	0	0	0	0	0	0	0	0	0	0	0	0	0	0	0	0	0	0	0	0	0	0	0	0	0	0	0	0	0	0	0	0	0	0	0	0	0	0	0	0	0	0	0	0	0	0	0	0	0	0	0	0	0	0	0	0	0	0	0	0	0	0	0	0	0	0	0	0	0	0	0	0	0	0	0	0	0	0	0	0	
0	0	0	0	0	0	0	0	0	0	0	0	0	0	0	0	0	0	0	0	0	0	0	0	0	0	0	0	0	0	0	0	0	0	0	0	0	0	0	0	0	0	0	0	0	0	0	0	0	0	0	0	0	0	0	0	0	0	0	0	0	0	0	0	0	0	0	0	0	0	0	0	0	0	0	0	0	0	0	0	0	0	0	0	0	0	0	0	0	0	0	0	0	0	0	0	0	0	0	0	
0	0	0	0	0	0	0	0	0	0	0	0	0	0	0	0	0	0	0	0	0	0	0	0	0	0	0	0	0	0	0	0	0	0	0	0	0	0	0	0	0	0	0	0	0	0	0	0	0	0	0	0	0	0	0	0	0	0	0	0	0	0	0	0	0	0	0	0	0	0	0	0	0	0	0	0	0	0	0	0	0	0	0	0	0	0	0	0	0	0	0	0	0	0	0	0	0	0	0	0	
0	0	0	0	0	0	0	0	0	0	0	0	0	0	0	0	0	0	0	0	0	0	0	0	0	0	0	0	0	0	0	0	0	0	0	0	0	0	0	0	0	0	0	0	0	0	0	0	0	0	0	0	0	0	0	0	0	0	0	0	0	0	0	0	0	0	0	0	0	0	0	0	0	0	0	0	0	0	0	0	0	0	0	0	0	0	0	0	0	0	0	0	0	0	0	0	0	0	0	0	
0	0	0	0	0	0	0	0	0	0	0	0	0	0	0	0	0	0	0	0	0	0	0	0	0	0	0	0	0	0	0	0	0	0	0	0	0	0	0	0	0	0	0	0	0	0	0	0	0	0	0	0	0	0	0	0	0	0	0	0	0	0	0	0	0	0	0	0	0	0	0	0	0	0	0	0	0	0	0	0	0	3.9626	0	0	0	0	0	0	0	0	0	0	0	0	0	0	0	0	0	0	
0	0	0	0	0	0	0	0	0	0	0	0	0	0	0	0	0	0	0	0	0	0	0	0	0	0	0	0	0	0	0	0	0	0	0	0	0	0	0	0	0	0	0	0	0	0	0	11.24837	0	0	0	0	0	0	0	0	0	0	0	0	0	0	0	0	0	0	0	0	0	0	0	0	0	0	8.74179	0	0	0	0	0	0	0	0	0	0	0	0	0	0	0	0	0	0	0	0	0	0	0	0	0	
