0	0	0	0	0	0	0	0	0	0	0	0	0	0	0	0	0	0	0	0	0	0	0	0	0	0	0	0	0	0	0	0	0	0	0	0	0	0	0	0	0	0	0	0	0	0	0	0	0	0	0	10.43746	0	0	0	0	0	0	0	0	0	0	0	0	0	0	0	0	0	0	0	0	0	0	0	0	0	0	0	0	0	0	0	0	0	0	0	0	0	0	0	0	0	0	0	0	0	0	0	0	
0	0	0	0	0	0	0	0	0	0	0	0	0	0	0	0	0	0	0	0	0	0	0	0	0	0	0	0	0	0	0	0	0	0	0	0	0	0	0	0	0	0	0	0	0	0	0	13.21928	0	0	0	0	0	0	0	0	0	0	0	0	0	0	0	9.81234	0	0	0	0	0	0	0	0	0	0	0	0	0	0	0	0	0	0	0	0	0	0	0	0	0	0	0	0	0	0	0	0	0	0	0	0	
0	0	0	0	0	0	0	0	0	0	0	0	0	0	0	0	0	0	0	0	0	0	0	0	0	0	0	0	0	0	0	0	0	0	0	0	0	0	0	0	0	0	0	0	0	0	0	0	0	0	0	0	0	0	9.63984	0	0	0	0	0	0	0	0	0	0	0	0	0	0	0	0	0	0	0	0	0	0	0	0	0	0	0	0	0	0	0	0	0	0	0	0	0	0	0	0	0	0	0	0	0	
0	0	0	0	0	0	0	0	0	0	0	0	0	0	0	0	0	0	0	0	0	0	0	0	0	0	0	0	0	0	0	0	0	0	0	0	0	0	0	0	0	0	0	0	0	0	12.3349	10.05816	0	0	0	0	0	0	0	0	0	0	0	0	0	0	0	0	0	0	0	0	0	0	0	0	0	0	0	0	0	0	0	0	0	0	0	0	0	0	0	0	0	0	0	0	0	0	0	0	0	0	0	0	
0	0	0	0	0	0	0	0	0	0	0	0	0	0	0	0	0	0	0	0	0	0	0	0	0	0	0	0	0	0	0	0	0	0	0	0	0	9.60613	0	0	0	0	0	12.73998	0	0	0	0	0	0	0	0	0	0	0	0	0	0	0	0	0	0	0	0	0	0	0	0	0	0	0	0	0	0	0	0	0	0	0	0	0	0	0	0	0	0	0	0	0	0	0	0	0	0	0	0	0	0	0	0	
0	0	0	0	0	0	0	0	0	0	0	0	0	0	0	0	0	0	0	0	0	0	0	0	0	0	0	0	0	0	0	0	0	0	0	0	0	0	0	0	0	0	0	0	0	0	0	0	0	0	0	0	0	0	0	0	0	0	0	0	0	0	0	0	0	0	0	0	0	0	0	0	7.43096	0	0	0	0	0	0	0	0	0	0	0	0	0	0	0	0	0	0	0	0	0	0	0	0	0	0	0	
0	0	0	0	0	0	0	0	0	0	0	0	0	0	0	0	0	0	0	0	0	0	0	0	0	0	0	0	0	0	0	0	0	0	0	0	0	0	0	0	0	0	0	0	0	0	0	0	0	0	0	0	0	0	0	0	0	0	0	0	0	0	0	0	0	0	0	0	0	0	0	0	0	0	10.3498	0	0	0	0	0	0	0	0	0	0	0	0	0	0	0	0	0	0	0	0	0	0	0	0	0	
0	0	0	0	0	0	0	0	0	0	0	0	0	0	0	0	0	0	0	0	0	0	0	0	0	0	0	0	0	0	0	0	0	0	0	0	0	0	0	0	0	0	0	0	0	0	0	0	0	0	0	9.81413	0	0	0	15.52506	0	0	11.15532	0	0	0	0	0	0	0	0	0	0	0	0	0	0	0	0	0	0	0	0	0	0	0	0	0	0	0	0	0	0	0	0	0	0	0	0	0	0	0	0	0	
0	0	0	0	0	0	0	0	0	0	0	0	0	0	0	0	0	0	0	0	0	0	0	0	0	0	0	0	1.44737	0	0	0	0	0	0	0	0	0	0	0	0	0	0	0	0	0	0	0	0	0	0	0	0	0	0	0	0	0	0	0	0	0	0	0	0	0	0	10.8981	0	0	0	0	0	0	0	0	0	0	0	0	0	0	0	0	0	0	0	0	0	0	0	0	0	0	0	0	0	0	0	0	
0	0	0	0	0	0	0	0	0	0	0	0	0	0	0	0	0	0	0	0	0	0	0	0	0	0	0	0	0	0	0	0	0	0	0	0	0	0	0	0	0	0	0	0	0	0	0	0	0	0	0	0	0	0	0	5.15147	0	0	0	0	0	0	0	0	0	0	0	0	0	0	0	0	0	0	0	0	0	0	0	0	0	0	0	0	0	0	0	0	0	0	0	0	0	0	0	0	0	0	0	0	
0	0	0	0	0	0	0	0	0	0	0	0	0	0	0	0	0	0	0	0	0	0	0	0	0	0	0	0	0	0	0	0	0	0	0	0	0	0	0	0	0	0	0	0	0	0	0	0	0	0	0	0	0	0	0	0	0	0	0	0	0	0	0	0	0	0	0	13.27526	0	0	0	0	0	0	0	0	0	0	0	0	0	0	0	0	0	0	0	0	0	0	0	0	0	0	0	0	0	0	0	0	
0	0	0	0	0	0	0	0	0	0	0	0	0	0	0	0	0	0	0	0	0	0	0	0	0	0	0	0	0	0	0	0	0	0	0	0	0	0	0	0	0	0	0	0	0	0	0	0	0	0	0	0	6.94983	0	0	0	9.76	0	0	0	0	0	0	0	0	0	0	0	0	0	0	11.57075	0	0	0	0	0	0	0	0	0	0	0	0	0	0	0	0	0	0	0	0	0	0	0	0	0	0	0	0	
0	0	0	0	0	0	0	0	0	0	0	0	0	0	0	0	0	0	0	0	0	0	0	0	0	0	0	0	0	0	0	0	0	0	0	0	0	0	0	0	0	0	0	0	0	0	0	0	9.84792	0	0	0	10.87173	0	0	0	0	0	0	0	0	0	0	0	0	0	0	2.33053	0	0	0	0	0	0	0	0	0	0	0	0	0	0	0	0	0	0	0	0	0	0	0	0	0	0	0	0	0	0	0	0	
0	0	0	0	0	0	0	0	0	0	0	0	0	0	0	0	0	0	0	0	0	0	0	0	0	0	0	0	0	0	13.29878	0	0	0	0	0	0	0	0	3.88917	0	0	0	0	0	0	0	9.02953	0	0	0	0	0	0	0	0	0	2.7564	6.1891	0	10.13409	0	0	11.38323	0	0	0	0	0	0	0	0	0	0	0	0	0	0	0	0	0	0	0	0	0	0	0	0	0	0	0	0	0	0	0	0	0	0	0	0	
0	0	0	0	0	0	0	0	0	0	0	0	0	0	0	0	0	0	0	0	0	0	0	0	0	0	0	0	0	0	0	0	0	0	0	0	0	0	0	0	0	0	0	0	0	0	0	0	0	0	0	0	0	0	4.67891	0	0	0	0	0	0	0	0	0	0	0	0	0	0	0	0	0	0	0	7.90985	0	0	0	0	0	0	0	0	0	0	0	0	0	0	0	0	0	0	0	0	0	0	0	0	0	
0	0	0	0	0	0	0	0	0	0	0	0	0	0	0	0	0	0	0	0	0	0	0	0	0	0	0	0	0	0	0	0	0	0	0	0	0	0	0	0	0	0	12.57854	0	0	0	0	0	0	0	0	0	9.58141	0	0	0	0	0	0	11.64316	0	0	0	0	0	0	0	0	0	0	0	8.46488	0	0	0	0	0	0	0	0	0	0	0	0	0	0	0	0	0	0	0	0	0	0	0	0	0	0	0	0	
0	0	0	0	0	0	0	0	0	0	0	0	0	0	0	0	0	0	0	0	0	0	0	0	0	0	0	0	0	0	0	0	0	0	0	0	0	0	0	0	0	0	0	8.66293	0	0	0	9.35909	0	0	0	9.07333	0	0	0	0	0	0	10.95045	0	0	0	0	0	0	0	0	0	0	0	0	0	0	0	0	0	0	0	0	0	0	0	0	0	0	0	0	0	0	0	0	0	0	0	0	0	0	0	0	0	
0	0	0	0	0	0	0	0	0	0	0	0	0	0	0	0	0	0	0	0	0	0	0	0	0	0	0	0	0	0	0	0	0	0	0	0	0	0	0	0	0	0	10.00166	0	0	0	0	0	0	0	0	0	0	0	0	8.55817	0	0	0	0	0	0	0	0	0	0	1.44737	0	1.72369	0	0	0	0	0	0	0	0	0	0	0	0	0	0	0	0	0	0	0	0	0	0	0	0	0	0	0	0	0	0	0	
0	0	0	0	0	0	0	0	0	0	0	0	0	0	0	0	0	0	0	0	0	0	0	0	0	0	0	0	0	0	0	0	0	0	0	0	0	0	0	0	13.61562	0	0	0	0	0	0	0	0	0	0	0	0	0	0	0	0	0	0	0	0	0	0	0	0	0	0	0	0	0	0	0	0	0	0	0	0	0	0	0	0	0	0	0	0	0	0	0	0	0	0	0	0	0	0	0	0	0	0	0	
0	0	0	0	0	0	0	0	0	0	0	0	0	0	0	0	0	0	0	0	0	0	0	0	0	0	0	0	0	0	0	0	0	0	0	0	0	0	0	0	0	0	0	0	0	0	0	9.1367	0	0	7.34604	0	0	0	0	0	0	0	0	0	0	0	0	0	0	0	0	0	0	0	0	0	0	0	0	0	7.73376	0	0	0	0	0	0	0	0	0	0	0	0	0	0	0	0	0	0	0	0	0	0	0	
0	0	0	0	0	0	0	0	0	0	0	0	0	0	0	0	0	0	0	0	0	0	0	0	0	0	0	0	0	0	0	0	0	0	0	0	0	0	0	0	0	0	0	0	0	0	0	13.70136	0	0	9.79841	10.94054	0	0	0	0	8.47204	0	10.92567	0	8.33201	0	0	0	0	15.30322	0	0	0	0	0	0	0	0	0	0	0	0	0	0	0	0	0	0	0	0	0	0	0	0	0	0	0	0	0	0	0	0	0	0	
0	0	0	0	0	0	0	0	0	0	0	0	0	0	0	0	0	0	0	0	0	0	0	0	0	0	0	0	0	0	0	0	0	0	0	0	0	0	0	0	0	9.3181	0	0	0	0	0	0	0	0	0	0	0	0	0	0	0	0	0	0	0	0	0	0	0	0	0	0	14.99804	0	0	0	0	0	0	0	0	0	0	0	0	0	0	0	0	0	0	0	0	0	0	0	0	0	0	0	0	0	0	0	
0	0	0	0	0	0	0	0	0	0	0	0	0	0	0	0	0	0	0	0	0	0	0	0	0	0	0	0	0	0	0	3.08478	15.55718	0	0	0	0	0	0	0	0	0	0	0	0	0	0	10.3338	0	0	0	0	0	0	0	0	0	0	0	0	0	0	0	7.95741	0	0	0	0.65599	0	0	0	0	0	0	0	0	0	0	0	0	0	0	0	0	0	0	0	0	0	0	0	0	0	0	0	0	0	0	0	0	
0	0	0	0	0	0	0	0	0	0	0	0	0	0	0	0	0	0	0	0	0	0	0	0	0	0	0	0	0	0	0	9.78153	0	0	5.52058	0	0	0	0	0	0	0	0	0	0	0	0	0	0	0	0	0	0	0	0	0	0	0	0	0	0	0	0	0	0	0	0	0	0	0	0	0	0	0	0	0	0	0	0	0	0	0	0	0	0	0	0	0	0	0	0	0	0	0	0	0	0	0	0	0	
0	0	0	0	0	0	0	0	0	0	0	0	0	0	0	0	0	0	0	0	0	0	0	0	0	0	0	0	0	0	0	0	0	0	0	0	0	0	0	0	0	0	0	10.48576	0	0	0	0	0	17.24363	0	0	0	0	10.98547	0	0	0	0	0	0	0	0	0	0	0	0	0	0	0	0	0	0	0	0	0	0	0	0	9.87973	0	0	0	0	0	0	0	0	0	0	0	0	0	0	0	0	0	0	0	0	
0	0	0	0	0	0	0	0	0	0	0	0	0	0	0	0	0	0	0	0	0	0	0	0	0	0	0	0	0	0	0	0	9.5879	0	0	0	0	0	0	0	0	0	0	0	0	0	0	3.08478	0	0	5.69953	12.37132	0	0	0	0	0	0	10.24145	0	0	0	0	0	0	0	0	0	0	0	6.84536	0	0	0	0	0	0	0	0	0	0	0	0	0	0	7.64217	0	0	0	0	0	0	0	0	0	0	0	0	0	0	
0	0	0	0	0	0	0	0	0	0	0	0	0	0	0	0	0	0	0	0	0	0	0	0	0	0	0	0	0	0	0	0	0	0	0	0	0	0	0	10.54755	0	0	0	0	16.13588	0	8.13336	0	0	0	0	0	0	0	0	0	0	0	0	0	0	0	0	0	0	0	0	0	0	1.44737	0	0	0	0	0	0	0	0	0	0	0	0	0	0	0	0	0	0	0	0	0	0	0	0	0	0	0	0	0	0	
0	0	0	0	0	0	0	0	0	0	0	0	0	0	0	0	0	0	0	0	0	0	0	0	0	0	0	0	0	0	0	0	0	0	0	9.10387	0	0	0	0	0	0	0	0	0	0	0	8.76896	0	0	0	0	0	5.26994	0	0	0	0	0	0	8.33715	0	0	0	0	0	0	0	0	0	0	0	0	0	0	0	0	0	0	0	0	0	0	0	0	0	0	0	0	0	0	0	0	0	7.94061	0	0	0	0	0	
0	0	0	0	0	0	0	0	0	0	0	0	0	0	0	0	0	0	0	0	0	0	0	0	0	0	0	0	0	0	0	0	0	0	0	0	0	0	0	0	0	14.04279	0	0	0	0	0	0	0	0	0	0	0	0	0	0	0	0	0	0	0	0	0	0	0	0	0	11.64835	0	0	0	7.17918	0	0	0	0	0	0	0	0	0	0	0	0	0	0	0	0	0	0	0	0	0	0	0	0	0	0	0	0	
0	0	0	0	0	0	0	0	0	0	0	0	0	0	0	0	0	0	0	0	0	0	0	0	0	0	0	0	0	0	0	0	0	0	0	0	0	0	0	0	7.09054	0	0	0	10.96318	0	0	4.32346	0	0	18.20699	8.47891	0	0	0	10.52631	0	0	8.26068	0	13.96026	0	0	0	0	0	0	0	5.36805	0	0	0	0	0	0	0	0	0	0	0	0	0	0	0	0	0	0	0	0	0	0	0	0	0	0	6.43929	0	0	0	0	
0	0	0	0	0	0	0	0	0	0	0	0	0	0	0	0	0	0	0	0	0	0	0	0	0	0	0	0	0	0	0	0	0	0	0	0	0	0	0	0	0	0	0	0	12.94062	0	0	0	0	0	0	0	3.57754	0	0	0	0	7.02828	0	0	0	3.77247	0	0	0	0	0	0	0	0	0	0	0	0	0	0	0	0	0	0	0	0	0	0	0	0	0	0	0	0	0	0	0	0	0	0	0	0	0	0	
0	0	0	0	0	0	0	0	0	0	0	0	0	0	0	0	0	0	0	0	0	0	0	0	0	0	0	0	0	0	0	0	0	0	0	0	0	0	0	0	0	0	0	11.57864	0	0	10.85254	0	0	0	9.30635	0	0	0	0	0	0	0	0	10.1146	0	0	0	0	8.41951	0	0	6.93633	0	0	0	0	10.0526	0	0	0	13.05259	0	0	0	0	0	0	0	0	0	0	0	0	0	0	0	0	0	0	0	0	0	0	0	
0	0	0	0	0	0	0	0	0	0	0	0	0	0	0	0	0	0	0	0	0	0	0	0	0	0	0	0	0	0	0	0	0	0	0	0	0	0	0	0	0	0	0	0	1.10528	7.33648	0	10.30126	11.46219	0	0	8.43303	2.33053	0	0	8.98761	0	0	13.75221	0	0	0	0	0	0	0	16.00752	15.30283	0	0	0	0	0	11.07867	0	0	0	0	0	0	0	0	0	0	0	0	0	0	0	0	0	0	0	0	0	0	0	0	0	0	
0	0	0	0	0	0	0	0	0	0	0	0	0	0	0	0	0	0	0	0	0	0	0	0	0	0	0	0	0	0	0	0	0	0	0	0	0	13.63488	0	0	0	0	0	0	0	0	0	0	1.72369	0	0	5.68794	0	0	4.1915	0	7.28415	0	0	10.33123	0	0.65599	0	0	0	0	0	0	0	0	0	0	0	0	6.67731	1.10528	0	0	0	0	0	0	0	0	0	0	0	0	0	0	0	0	0	0	0	0	0	0	0	0	
0	0	0	0	0	0	0	0	0	0	0	0	0	0	0	0	0	0	0	0	0	0	0	0	0	0	0	0	0	0	0	0	0	0	0	0	0	0	0	0	0	0	15.06417	0	0	10.85882	0	13.41451	0	0	6.98959	0	13.16329	0	8.68063	0	0	0	0	0	0	0	0	6.74052	0	0	0	2.33053	0	0	16.29853	0	0	0	0	0	0	0	2.62791	0	0	0	0	0	0	0	0	0	0	0	0	0	0	0	0	0	0	0	0	0	
0	0	0	0	0	0	0	0	0	0	0	0	0	0	0	0	0	0	0	0	0	0	0	0	0	0	0	0	0	0	0	0	0	0	0	0	0	0	0	0	0	0	0	0	0	0	0	9.66972	10.75834	0	0	13.15129	0	0	0	0	0	0	0	0	0	0	0	0	16.0619	0	0	0	0	0	0	0	0	0	0	0	0	0	0	0	0	0	0	0	0	0	0	0	0	0	4.40257	0	0	0	0	0	0	0	0	0	
0	0	0	0	0	0	0	0	0	0	0	0	0	0	0	0	0	0	0	0	0	0	0	0	0	0	0	0	0	0	0	0	0	0	0	0	0	0	0	0	0	0	0	0	0	0	0	11.01025	0	0	0	0	8.56915	18.20352	0	0	0	0	10.16767	10.25715	0	0	0	0	0	0	0	0	0	0	0	0	0	0	0	0	0	0	0	0	0	0	0	0	0	0	0	0	0	0	0	0	0	0	0	0	0	0	6.94309	0	
0	0	0	0	0	0	0	0	0	0	0	0	0	0	0	0	0	0	0	0	0	0	0	0	0	0	0	0	0	0	0	0	0	0	0	0	0	0	0	0	0	0	10.27268	0	0	0	0	0	0	8.45651	0	9.72573	0	7.26268	0	0	0	0	0	0	0	0	0	0	13.35122	0	0	0	0	0	0	0	0	0	0	0	17.56761	0	0	0	0	0	0	0	0	0	0	0	0	0	0	0	0	0	0	0	0	0	0	0	
0	0	0	0	0	0	0	0	0	0	0	0	11.95677	0	0	0	0	0	0	0	0	0	0	0	0	0	0	0	0	0	9.0887	0	0	0	0	0	0	0	0	0	0	0	7.48879	0	0	0	0	6.90894	0	0	11.23949	0	0	15.52758	16.37786	0	9.32416	0	0	0	0	0	0	8.12148	9.00388	8.52248	0	0	0	0	0	0	0	0	0	0	0	0	0	0	0	0	0	0	0	0	0	0	0	0	0	0	0	0	0	0	0	0	0	0	
0	0	0	0	0	0	0	0	0	0	0	0	0	0	0	0	0	0	0	0	0	0	0	0	0	0	0	0	0	0	0	0	0	0	0	0	0	0	0	0	0	0	0	0	0	11.07702	10.17476	0	1.10528	9.57271	3.1795	7.7394	9.10509	0	7.48295	6.00687	0	0	0	0	9.41254	0	0	0	0	0	0	0	0	4.0914	0	0	0	0	0	0	8.83259	0	0	0	0	0	0	0	0	0	0	0	0	0	0	0	0	0	0	0	0	0	0	0	
0	0	0	0	0	0	0	0	0	0	0	0	0	0	0	9.01997	0	0	0	0	0	0	0	0	0	0	0	0	0	0	0	0	0	0	0	6.677	13.31223	0	0	0	0	0	0	1.9555	0	11.04408	7.00387	9.59651	4.55167	9.24744	0	0	12.78716	0	11.70219	0	0	0	0	6.34026	0	8.0512	0	5.28527	0	9.91828	0	0	11.65093	0	7.0219	0	0	0	0	12.01144	0	14.37695	0	3.28636	0	0	0	0	0	0	0	0	0	0	5.76926	0	0	0	0	0	0	0	0	0	
0	0	0	0	0	0	0	0	0	0	0	0	0	0	0	0	0	0	0	0	0	0	0	0	0	0	10.01777	0	0	0	0	3.50623	0	0	7.93722	0	0	0	0	0	11.72836	0	0	0	0	0	0	0	9.38803	6.81617	3.64548	9.72964	7.5014	0	10.25171	0	9.35154	0	2.60897	0	16.79099	8.88244	0	0	0	8.80096	0	0	0	0	0	0	0	7.89248	0	0	0	0	0	0	0	0	0	0	0	0	0	0	0	0	0	0	0	0	0	0	9.1144	0	0	0	
0	0	0	0	0	0	0	0	0	0	0	0	0	0	0	0	0	0	0	11.02427	0	0	0	0	0	0	0	0	0	0	0	0	0	0	0	0	0	0	0	0	0	0	0	13.38977	0	0	16.41061	11.77533	9.4593	0	9.25153	8.39669	10.45295	0	0	0	14.41372	0	0	6.46405	8.18313	0	0	11.77296	0	10.75017	0	6.92953	0	0	0	0	0	0	0	0	0	0	0	0	0	0	0	0	0	0	0	0	0	0	6.23092	0	0	0	0	0	0	0	0	0	
0	0	0	0	0	0	0	0	0	0	0	0	10.21514	0	0	0	0	0	0	10.34853	0	0	0	0	0	0	0	0	0	0	0	0	0	12.9875	0	0	0	0	0	0	0	6.70911	11.22186	0	8.99393	0	0	4.07074	12.97435	0	3.77247	8.64534	7.95391	0.65599	10.04156	16.79053	5.19504	12.55026	7.45261	0	0	0	0	0	14.2543	0	0	0	0	0	0	0	0	0	0	0	0	0	14.08632	0	0	0	0	0	0	0	0	0	0	0	0	0	0	0	0	0	0	0	0	0	
0	0	0	0	0	0	0	0	0	0	0	0	0	0	0	0	0	0	0	0	0	0	0	15.58161	0	0	0	0	0	0	0	0	0	0	0	0	0	0	11.39592	0	0	0	8.134	9.43671	18.15867	0	11.28736	7.1849	0	7.34522	9.55405	5.72427	0	0	0	0	0	10.99922	15.84115	9.86673	8.42193	0	0	0	7.14437	0	0	0	0	0	0	0	0	0	0	0	0	0	0	0	0	0	0	0	0	0	0	0	0	0	0	0	0	0	0	0	0	0	0	0	
0	0	8.20548	0	0	0	0	0	0	0	0	0	0	0	0	0	0	0	0	0	0	0	0	0	0	0	0	0	0	0	0	0	0	0	0	0	0	0	0	0	9.84957	0	0	0	0	9.61569	0	6.68645	11.51734	11.21592	0	9.23921	10.67393	7.81802	0.65599	10.89852	0	0	17.71295	0	10.34838	0	7.54653	10.29003	0	0	0	0	0	0	0	5.63643	0	0	0	0	0	0	0	0	0	0	0	0	0	0	0	0	0	0	0	0	0	0	0	0	0	0	0	0	
0	0	0	0	0	0	0	0	0	0	0	7.59029	0	0	0	0	0	0	0	0	0	0	0	0	0	0	0	0	0	0	0	0	6.15453	0	0	0	0	8.31986	12.36692	6.84536	4.32181	6.25583	0	0	11.74879	7.14758	12.70331	7.88587	11.08493	0	12.62767	0	1.3782	7.40553	0	10.50027	8.9613	10.73445	0	0	0	0	0	0	0	0	0	6.93633	0	0	0	0	13.86266	0	0	4.86837	0	0	11.17485	0	0	0	0	0	0	0	0	0	0	0	0	0	0	0	0	6.064	0	0	0	0	
0	0	0	0	0	0	0	0	0	0	0	0	0	0	0	0	0	0	0	0	0	0	0	0	0	0	0	0	0	0	0	0	0	0	6.66068	11.20756	0	0	0	2.62791	0	13.13633	0	11.81285	15.37175	9.56545	7.69129	7.65512	9.01131	11.44326	11.44695	10.7948	2.24553	9.44951	0	0	8.12378	0	0	9.36981	7.78361	0	15.19073	0	0	0	0	0	0	0	0	0	0	0	0	0	0	0	3.26837	0	0	0	0	0	0	0	0	12.01713	0	0	0	0	0	0	0	0	0	0	0	0	
0	0	0	0	0	0	0	0	9.80956	0	8.09742	0	0	0	0	0	0	0	0	0	0	0	0	0	0	0	9.4003	0	0	0	0	0	0	0	0.65599	17.49842	0	10.50589	11.98655	0	9.23577	8.1155	0	7.54653	1.10528	11.6744	8.0182	8.14196	8.31733	8.53214	0	5.21778	6.53196	0	0	0	5.68568	2.87436	0	0	0	0	2.62791	0	0	0	16.37002	0	0	0	0	0	0	0	0	0	0	0	0	0	0	0	0	0	0	0	0	0	0	0	0	0	0	9.50116	0	0	0	0	0	0	
0	0	0	0	0	0	0	0	0	0	0	11.57293	0	0	16.23463	0	0	0	0	0	0	0	0	0	0	0	0	0	0	0	0	11.90811	0	0	5.78441	0	11.94038	0	0	11.10746	0.65599	0	9.89128	9.82337	10.22043	7.79915	11.197	9.1806	3.49027	9.55029	12.0811	10.92285	9.9132	8.08745	0	4.51581	9.51506	0	0	12.07814	11.58892	11.72336	0	11.59108	0	0	0	0	0	0	0	0	0	1.44737	0	5.05062	0	0	0	0	0	0	0	4.71869	0	0	0	0	0	0	0	0	0	0	0	0	0	0	0	0	
0	0	0	0	0	0	0	0	0	0	0	0	12.84565	0	0	0	0	0	0	0	0	0	0	0	0	0	0	0	0	9.62414	0	0	8.50201	0	8.61011	0	13.56505	0	14.07549	10.51443	10.85108	9.58358	10.57936	7.487	7.84491	4.34859	10.64152	10.72646	8.5757	8.75191	8.06109	12.48428	12.46986	9.09853	6.5396	13.24902	8.63893	0	0	8.94274	9.67786	0	0	0	0	10.16176	0	0	0	0	0	0	0	9.3755	0	0	0	0	0	0	11.24782	0	0	0	0	0	0	0	0	0	0	0	0	0	0	0	0	0	0	0	
0	0	0	0	0	0	0	13.84442	0	0	0	14.05538	0	0	0	0	0	0	0	0	0	0	0	0	0	0	0	8.46488	0	0	3.35209	0	12.32376	0	0	0	2.62791	6.39063	6.88172	11.23453	9.87861	4.90935	0	10.28595	10.68552	9.61849	9.03796	9.02732	11.70585	9.63012	5.8138	9.64257	10.37124	8.02911	8.7852	11.06852	8.73427	5.46156	3.07727	8.66639	6.27003	12.44341	9.5329	0	9.76825	0	0	0	0	0	0	0	0	11.44709	0	0	0	0	0	0	0	0	0	0	0	0	0	0	0	0	0	0	0	0	0	0	0	0	0	0	
9.26779	0	0	0	0	0	0	0	6.97949	0	0	0	11.9707	0	0	0	0	0	0	0	0	0	0	0	11.88172	0	0	9.27451	0	0	0	0	4.32181	0	10.11386	8.54044	0	7.08444	10.93848	7.05653	8.22504	9.03515	4.99901	10.41722	11.9247	10.1848	7.95426	9.55952	6.61216	6.65881	9.10382	8.00784	10.24266	4.79179	12.30062	11.24999	9.42588	5.25313	0	11.29261	7.51509	3.64548	0	4.5702	0	8.57352	0	0	0	0	4.27966	0	0	0	0	0	0	0	0	0	0	0	4.83561	0	0	15.14682	0	0	0	0	0	0	0	0	0	0	0	0	0	0	
0	0	0	9.6072	0	0	0	0	0	0	0	0	0	0	0	0	0	0	8.09439	0	0	10.56191	0	3.43122	9.90668	7.382	0	0	9.67684	9.1144	11.04594	0	10.63424	0	0	12.18742	0	9.36719	11.4485	9.11145	8.22059	5.88296	8.72885	9.55449	9.51369	10.13342	8.28824	8.6866	10.19056	7.84	9.56427	7.21311	11.44092	6.37527	5.36214	8.55816	0	1.75312	9.9366	7.27754	15.4732	3.1795	9.77775	0	0	0	0	0	0	7.33133	0	0	6.7249	0	9.73258	9.4403	12.44311	0	0	14.77372	0	0	0	0	0	0	0	0	0	0	0	0	0	0	0	0	0	0	0	0	
9.47339	0	0	0	12.58748	7.51343	0	0	0	0	0	0	0	0	0	0	0	9.62098	0	0	0	0	0	0	9.88704	0	9.89743	9.47918	0	12.48457	9.85227	0	0	0	11.5429	6.80879	7.7996	11.60469	12.32861	8.68797	7.1592	9.29497	10.3423	8.62542	9.81334	8.85913	9.82038	10.16277	7.68924	10.43451	5.12969	10.49808	14.96399	7.40888	9.56453	9.95911	9.8477	5.65209	3.8351	8.55283	8.66434	0	6.80456	12.10271	13.26222	11.04833	8.97674	0	0	0	0	0	0	0	7.20755	0	0	0	0	0	0	0	0	0	0	0	0	0	0	0	0	0	0	0	0	0	0	0	0	0	
0	0	0	0	0	0	0	0	8.02593	0	7.74928	0	0	0	0	0	5.52058	12.25508	10.20603	6.87397	10.94138	10.01625	0	0	0	13.93598	0	9.68595	7.17263	10.10558	0	10.5663	11.34223	7.66713	9.26273	10.04597	6.43104	9.97208	9.92164	8.80921	9.27733	8.07275	6.29109	8.24595	9.84081	8.67713	8.41609	7.96049	7.90892	6.22007	9.40172	10.15094	7.0307	7.0868	5.17744	5.46887	8.63183	9.41497	0	6.00737	6.62917	3.832	8.66551	0	8.65322	9.9114	1.44737	0	0	0	0	9.70994	0	0	7.22985	0	0	0	11.73374	0	0	0	0	0	0	7.17343	0	0	0	0	0	0	0	0	0	6.41029	0	0	0	0	
0	10.48402	0	0	5.15147	8.47891	0	0	0	0	0	0	0	0	7.0155	10.58696	0	10.74727	10.20254	0	4.04824	0	2.6466	0	0	0	0	0	10.28434	10.30979	7.32234	0	9.27585	4.05589	10.83491	7.66388	8.9226	8.41253	8.89426	8.26218	8.90551	7.29771	7.78445	8.01467	8.12657	6.49507	9.68525	9.39757	8.00016	7.96865	7.22646	8.71951	7.96387	5.71009	8.18221	6.77261	2.48687	7.13222	8.13452	5.65125	0	9.77964	0	13.08506	11.51621	2.33053	5.70145	12.06444	0	0	0	0	0	0	0	7.15607	0	0	0	0	8.64008	0	0	0	0	0	0	0	0	0	0	0	0	0	0	0	0	0	0	0	
0	11.65532	8.45071	0	8.16122	0	0	0	0	0	7.6942	0	0	0	9.89666	12.97445	0	9.46636	0	0	4.71869	9.4174	8.39277	10.35459	7.71015	10.68507	0	4.76758	6.41029	6.39818	10.73709	10.40659	10.72197	10.89035	10.85274	5.45122	8.80306	8.96199	7.41852	8.29706	6.13843	7.2693	8.56573	6.76206	6.80214	6.63253	8.31945	7.20758	8.36914	8.70096	7.66732	9.38056	8.18873	7.08521	6.88836	6.77222	7.25118	9.49482	7.48289	8.77086	0	7.42405	8.87198	10.12452	3.11143	0	1.44737	0	0	0	0	4.65418	0	14.43075	7.94735	0	7.89946	0	13.31403	0	0	0	0	5.49764	0	1.58975	0	0	0	0	0	0	0	0	0	0	0	0	0	0	
0	0	0	0	0	0	0	0	7.64525	0	6.17767	7.44055	0	0	0	0	0	0	10.67291	0	2.7564	0	0	0	0	3.43122	10.49014	0	1.10528	9.47222	5.85063	5.05483	5.52058	9.69412	10.08977	9.86512	7.29029	8.30113	8.3244	8.86122	5.45661	7.50193	8.41391	8.41488	6.66771	7.64499	6.5187	7.62688	8.60952	8.90544	8.72561	6.48504	5.85317	6.8067	7.77989	9.27268	8.32562	7.03593	9.82796	7.37639	10.39177	6.90916	8.74991	6.35372	0	8.86985	0	9.17193	0	0	0	0	0	0	0	0	0	0	0	0	0	4.09759	0	0	0	0	0	5.45709	3.26837	15.57477	0	0	0	0	0	0	0	0	0	0	
0	0	0	0	0	0	0	0	11.70667	9.3194	0	2.87436	0	11.13108	0	0	0	1.44737	3.64548	3.85575	0	0	2.62791	8.26203	6.82353	3.26837	2.9834	9.63065	3.14351	10.02321	0	9.06999	9.3786	4.39548	4.32518	8.91185	7.38465	5.36613	10.22419	5.66896	8.55723	7.65296	7.90424	9.2107	6.66095	6.91606	7.71186	8.41045	6.81175	8.88796	7.52419	6.04806	6.84841	6.08843	7.18889	8.24648	7.13082	8.24066	9.95974	6.16888	7.52103	8.38914	8.34915	11.17665	5.73301	11.28213	10.90503	0	0	0	0	0	0	7.9064	8.31124	0	0	0	15.22262	0	0	0	0	0	0	0	0	0	7.11472	0	2.87436	0	0	0	0	0	0	0	0	0	
0	0	9.50802	5.26812	0	4.09759	0	0.65599	8.19134	0	0	0	0	0	0	0	0	8.12339	0	0	0	0	0	11.65042	0	10.07741	0	9.52242	7.71806	8.40153	0	9.20269	0	9.09934	4.37269	9.1454	7.37901	5.79461	4.45059	11.03674	6.62635	8.9243	5.74532	7.9624	7.04133	7.57737	6.95481	8.61515	8.11437	7.99385	7.11561	7.66287	7.50124	7.52465	7.61553	7.18843	8.07111	7.4019	8.30506	6.78475	8.55553	8.5968	2.35935	12.36071	5.08776	0	0	7.77403	2.48687	16.15429	5.2497	0	9.22541	0	2.22119	0	6.88917	0	0	0	0	0	5.05467	0	0	0	0	0	0	0	0	0	0	0	0	0	0	0	0	0	
0	0	0	0	0	0	0	0	0	0	11.30824	5.46525	9.65329	0	11.35909	0	0	5.40772	0	6.47708	0	0	0	0	0	0	4.97785	4.14531	5.28614	0	8.44762	7.94036	5.9231	6.57156	4.82485	7.5075	8.83041	6.97698	6.13464	8.29603	8.69788	5.56189	5.15936	6.28641	7.37604	7.53138	6.45905	6.60594	6.75804	5.90668	6.84651	9.29549	9.09018	6.4786	5.64999	6.65527	6.8514	7.68869	9.75986	6.01758	10.53945	4.89757	8.02732	6.90702	0	5.57969	10.45473	3.13768	0	0	6.90894	0	5.4248	0.328	0	13.59825	0	0	0	0	0	0	0	0	0	0	0	0	6.51582	0	0	0	0	0	0	0	0	0	0	0	
0	0	0	0	0	0.65599	0	0	0	11.20119	0	0	9.3155	0	0	0	0	0	0	0	0	0	0	9.73655	0	0	8.91638	0	0	4.88402	6.22245	0	0	8.15121	5.60832	7.0026	5.67487	1.10528	0	8.53373	4.42178	3.99714	2.77663	6.50058	10.61274	7.95847	6.90149	9.16972	7.6348	4.83702	7.13945	8.59962	6.64144	7.18182	8.23287	7.06366	6.16934	6.56726	4.28464	5.98736	7.05495	7.24033	3.5154	8.03013	5.52393	5.19159	7.7022	8.52699	5.16556	0	0	8.07604	0	3.50623	0	5.26382	7.16188	0	0	0	0	0	0	0	4.89653	0	0	7.98718	0	0	0	13.97064	0	0	0	0	8.306	0	0	0	
0	0	0	0	0	0	0	0	0	0	0	7.31577	0	0	0	0	0	7.87499	10.16539	0	0	0	0	8.55597	0	0	0	8.72252	0	0	0	0	5.70393	6.01204	5.94434	0	4.12001	8.6306	1.71561	6.84815	6.17112	8.51581	7.31126	3.2942	0	7.27082	6.19286	4.5934	6.86828	6.13928	7.31672	12.44251	8.01461	4.92446	6.88553	7.28732	6.56121	7.53787	7.18626	8.50519	6.7131	4.98934	0	6.95608	12.41468	0	5.61647	6.15453	11.59027	6.64925	0	0	0	2.62791	0	9.89927	0	8.41708	0	0	0	5.36023	0	0	0	0	0	0	0	0	0	0	0	0	0	0	0	0	0	0	
0	0	0	0	4.3496	0	0	0	0	0	8.30337	0	1.9555	0	0	9.30372	0	0	6.95653	0	3.92736	4.86837	0	0	0	5.81424	4.62082	0	0	6.09523	0	9.30848	9.15576	0	0	8.35502	9.99027	4.14531	13.03191	10.49105	5.53093	8.93936	6.13577	6.5139	5.81194	4.67467	12.1648	5.02461	8.48428	8.08217	8.45457	4.98746	7.71725	7.01339	4.74956	7.43449	5.76176	6.35749	5.4329	5.70317	5.29079	6.14329	7.77912	2.85218	7.92729	0	7.85703	10.61864	0	7.13258	8.66602	10.74191	8.62245	10.10424	7.69573	0	7.76073	0	0	0	4.47904	0	0	0.65599	0	12.64034	0	0	0	1.44737	0	0	0	0	0	0	0	0	0	0	
0	0	0	0	0	0	0	0	0	0	0	4.27966	7.24464	0	0	12.00121	0	0	0	0	4.36275	0	1.10528	0	0	0	0	0	0	5.00567	3.43122	4.0385	0	0	0	9.73062	0	0	0	1.72369	1.46559	3.04105	5.98846	3.99432	7.57074	5.89159	3.8961	7.06371	5.64414	2.7271	0	0	6.64725	10.38956	1.10528	6.00372	8.08382	5.12125	5.90504	5.95811	7.79716	7.37048	8.76793	5.79878	5.60412	5.30892	6.84536	7.68546	0	9.64499	0	10.01977	7.43426	9.93365	9.96141	0	4.47904	0	5.12791	0	0	0	0	0	0	0	0	0	0	0	0	0	0	0	0	0	0	0	0	0	
0	0	0	7.33133	0	0	0	0	0	0	0	0	0	0	0	0	0	0	0	0	0	0	4.55167	0	0	0	6.50662	7.01128	8.73427	8.42677	0	0	0	0	0	10.35597	0	0.65599	0	4.79449	4.89016	0	0	0	3.06707	11.4231	7.31687	5.65852	5.35623	5.32309	5.60847	3.98032	7.87423	8.71433	7.92396	7.36128	8.53774	6.95861	5.39647	8.23548	6.17674	6.61849	7.93862	8.24365	8.06937	9.10173	6.43174	5.57386	10.66425	7.50209	6.32357	8.97635	3.80922	6.06231	6.10115	0	12.38016	3.50623	6.17871	7.64525	0.65599	4.23626	1.44737	0	0	0.65599	0	0	0	0	0	0	0	0	0	0	0	11.12626	0	13.00811	
0	0	5.9137	0	0	0	0	0	0	0	0	0	0	0	0	0	0	0	0	0	7.45482	0	0	0	0	8.56696	0	8.95198	0	12.59354	0	10.70212	11.11732	0	9.59221	0	0	5.14093	5.82888	0	8.36008	0	0	7.67417	11.77296	9.65434	2.64264	4.66117	1.10528	6.99285	7.90022	9.05318	7.67566	5.92203	7.07926	7.09447	9.67786	4.84525	7.94726	5.61943	3.71989	5.07699	6.31192	1.33603	3.60297	5.51865	5.08469	0	8.4404	4.14442	3.54811	6.0854	6.03577	9.16029	0.65599	0	5.97112	0	10.13882	2.48687	0	4.65315	0	0	0	0	0	0	5.79252	0	0	0	0	0	0	0	6.10713	0	0	0	
0	0	0	0	4.71869	0	0	0	0	0	0	0	8.1095	0	0	0	0	0	0	0	1.44737	3.1795	0	0	0	0	0	10.94894	0	0	0	7.48295	9.03904	0	0	0	6.48637	0	2.33053	6.03296	0	0	10.7635	0	7.55539	0	5.50883	4.86837	8.26068	6.41805	6.09503	4.21971	9.59329	4.48236	7.08349	5.29348	0	6.00358	6.89937	1.80127	6.4291	8.19519	7.74515	5.03146	5.51253	8.02001	7.34855	3.19989	6.9948	6.4589	5.73259	0	0	8.94492	0	8.37694	12.42356	6.30482	0	0	0	0	0	0	8.33458	1.72369	0	0	0	0	0	0	0	0	0	0	5.85785	0	0	0	
0	0	0	0	0	0	0	0	0	0	0	0	15.13638	0	0	0	8.03546	0	0.65599	0	0	0	0	0	11.52911	0	0	0	0	0	0	0	0	0	7.65765	7.65353	0	5.48393	0	0	0	0	3.57754	9.46754	0	9.89946	7.80976	8.98924	0	3.8525	0	11.77793	10.47996	6.93665	0	2.7564	0	8.23224	0	5.59315	7.34881	0	5.32925	5.67487	4.38818	5.62981	6.21801	5.40415	8.88418	7.57478	8.77934	1.63419	9.79246	5.64198	7.96967	4.69698	8.2394	11.73521	0	0	6.47708	1.9555	7.96604	0	8.26144	11.60208	7.50598	3.88917	4.47904	0	2.03467	0	0	10.60189	0	0	0	0	0	0	
0	0	0	0	0	0	0	0	0	0	0	0	0	0	0	0	0	0	0	0	7.463	0	0	0	0	0	0	0	0	5.05483	0	0	0	0	4.58666	0	0	0	0	0	10.07587	0	9.60507	9.61463	3.60158	0	0	4.97785	4.36275	4.53853	9.87117	0	0	5.11651	5.0167	6.68586	0	0	6.56156	8.11593	8.90685	8.17055	1.71791	4.59301	6.40638	7.39246	3.38313	6.86313	7.47778	9.57509	8.90626	7.13634	5.23434	5.48134	4.17537	0	2.4393	0	7.28193	0	0	0	0.65599	0	0	0	6.40872	0	0	0	0	0	0	0	0	0	0	0	0	0	
0	0	0	0	6.90202	0	0	0	0	0	0	16.84425	0	3.08478	0	0	0	0	0	0	0	0	0	0	0	0	0	0	0	0	0	0	0	0	0	0	0	0	0	9.28354	0	0	6.05811	0	4.24364	0	2.16091	0	0	0	3.35209	0	0	0	9.77964	0	0	0.65599	0	5.42715	6.80674	0.85734	6.26829	6.50835	7.14723	0	0.72369	6.75861	9.47009	4.90641	7.98437	7.8484	7.80198	4.94492	0	0	5.39534	2.15517	5.15078	4.71869	3.71037	6.21169	4.83965	0	4.74989	0	4.65418	12.68626	0	5.27327	0	0	0	0	4.62082	0	0	0	0	0	
0	0	0	0	0	0	0	0	0	0	0	0	0	0	0	0	0	4.72655	0	0	0	3.50623	7.80234	0	0	0	9.45102	0	0	0	0	0	0	6.92397	7.09018	0	0	0	0	0	0	0	0	0	0	0	0	0	0.65599	0	3.832	0	0	0	0	7.93421	8.40134	6.97709	4.14531	3.88917	0	5.09955	4.03292	0	7.20063	7.78427	6.00731	7.11288	4.6726	4.35004	6.84604	5.32274	6.60393	5.89015	7.31341	4.25817	8.66749	0	6.78639	6.20004	0	0	6.44578	0	8.77276	8.22419	3.71037	1.44737	0	8.76949	0	0	0	0	0	0	9.13246	0	0	0	
0	0	0	0	0	0	0	0	7.36652	0	0	0	0	0	0	0	0	0	0	0	0	0	0	0	0	0	0	10.06816	0	0	0	0	0	0	0	0	0	0	0	11.7689	0	0	0	0	0	6.61056	0	3.832	8.86114	0	0	10.78401	0	0	0	0	0	0	6.66167	0	8.88066	0	8.3893	7.91122	6.75289	8.92695	5.24692	0	0	6.63721	7.32551	2.48687	8.47414	7.10392	7.75326	10.53867	0.97775	0	3.26837	8.55694	5.8048	8.15861	9.95389	5.95958	6.89613	0	0	0	0	0	3.88917	0	8.23105	0	0	0	0	0	0	0	
0	0	0	0	0	0	0	0	0	0	0	0	0	6.65244	0	0	0	0	0	0.65599	0	0	0	0	0	2.58409	0	0	0	0	0	0	0	0	5.12791	0	0	5.97374	0	0	9.88441	0	1.9555	8.74011	8.13336	0	0	0	0	0	7.10871	6.11913	0	0	12.43563	0	0	0	0	5.7219	5.12993	0	5.5007	9.53738	3.57754	4.29136	6.87803	5.00397	0	5.38267	5.87959	0	5.5611	6.74497	8.30074	8.81777	3.69597	4.67155	7.22962	2.95933	0	7.63717	3.94417	6.26113	2.09503	0	0	10.00813	4.62137	0	9.05005	0	0	4.58666	0	0	0	0	5.51691	0	
0	0	0	0	0	0	0	13.70926	0	0	0	0	0	0	0	0	0	0	0	0	0	0	6.46772	0	0	0	0	0	8.1155	0	0	0	0	0	10.61435	0	0	0	0	0	0	5.6293	0	0	0	0	5.40597	0	0	0	0	0	10.20814	0	0	0	4.95175	12.09968	0	3.95077	8.11657	0	0	7.50806	0	6.38069	0	8.26993	6.81714	12.20265	10.96249	5.45139	10.11235	6.29965	7.98061	5.6828	7.46186	2.15517	6.71254	6.4587	7.03096	7.08318	0.55264	0	6.56825	0	0	7.37326	0	0	9.65125	7.81523	0	0	0	0	9.40643	0	0	0	
0	0	0	0	0	0	0	0	0.65599	0	0	0	0	0	0	0	0	0	0	0	0	0	0	0	0	0	0	0	0	0	0	0	0	0	0	0	0	4.20538	0	0	0	0	0	0	0	0	0	0	0	2.62791	0	4.51239	0	1.24692	0	0	3.64548	6.96513	0	0	2.62791	0	8.65613	11.58865	5.91403	5.37959	0	0	7.96187	8.66291	0	2.9834	5.5157	7.08664	7.55047	4.72847	0	3.33909	7.78038	4.58209	2.75436	7.88196	4.71869	0	0	0	3.08884	0	0	0	0	0	7.17007	5.81805	5.42715	0	0	0	0	0	
0	0	0	0	0	0	0	6.74827	0	0	0	0	0	0	0	0	0	0	0	0	0	0	0	0	0	0	0	0	0	0	0	0	0	0	0	0	0	4.18505	0	3.99714	0	0	0	0	0	0	0	0	0	0	5.64978	0	0	13.59443	6.76364	0	0	11.33016	9.87825	11.0825	0	0	0	7.79283	9.5653	10.36814	0	0	7.33757	5.24122	7.31499	4.06372	5.34634	5.37387	4.04824	6.53533	5.53923	0	8.08869	4.81953	6.96668	9.30372	3.68161	4.69892	3.93737	0	0	1.76055	0	0	8.51114	0	0	0	0	10.34471	0	0	0	0	
0	0	0	0	0	0	0	0	0	0	0	0	0	0	0	0	0	0	0	0	0	0	0	0	0	10.56794	0	0	0	0	0	0	0	0	0	0	0	6.02022	0	0	0	0	0	0	10.6248	0	0	0	10.26054	0	0	0	0	0	0	2.87436	0	0	0	0	0	0	8.26839	0	0	6.79432	6.47777	5.47571	0	6.48473	0.72369	0	6.57668	0	8.48124	5.85215	0	7.4982	5.88582	5.72505	2.21362	0	4.58625	0	9.76444	6.88141	0	0	0	0	9.25153	0	0	0	0	0	0	1.72369	0	0	
0	0	0	0	0	0	0	0	0	0	0	0	7.99371	0	0	0	0	0	0	0	0	0	0	0	0	0	0	0	0	0	0	0	0	0	0	0	0	0	0	0	0	0	0	0	0	0	0	11.44262	0	0	1.10528	0	14.71035	0	0	0	0	0	0	3.55131	0	0	0	5.26853	0.65599	12.21895	9.87954	0	2.62791	0	0	10.90806	0	0	0	0.82896	5.91409	8.57021	4.08269	4.50465	0	9.72453	5.08753	3.01076	7.45227	2.46208	3.51803	0	7.53314	0	0	0	0	7.62436	0	0	0	0	0	0	
0	0	0	0	0	0	0	0	0	0	0	0	0	0	0	0	0	0	0	0	0	0	0	0	0	0	0	0	0	0	0	0	9.49427	0	0	0	0	0	0	0	8.65819	0	0	0	0	0	0	0	0	0	0	0	0	0	0	0	3.152	0	0	0	11.16166	0	0	5.55618	0	4.92415	0	0	5.92646	0	0	0	9.74134	0	0	9.03904	0	0	7.86821	10.16047	6.67278	6.43929	10.29135	0	7.55539	0	0.65599	0	0	0	5.88848	4.82951	4.46095	0	0	0	0	0	0	0	
0	0	0	0	0	0	0	1.35319	0	0	0	0	0	0	0	0	0	0	0	0	0	0	0	0	0	0	0	7.22985	0	0	0	0	0	0	0	0	0	0	0	0	0	0	0	0	0	0	0	0	0	0	0	0	0	0	0	0	0	0	0	0	0	0	0	0	0	0	0	0	0	0	3.15929	3.26366	7.82492	10.83082	0	6.80879	7.17343	0	9.28782	11.57408	0	6.69722	0	8.31385	1.9555	8.35071	0	11.60492	0	1.44737	0	12.15099	0	0	0	9.45457	0	0	0	0	
0	0	0	0	0	0	0	0	0	0	0	0	0	0	0	0	0	0	0	0	7.89946	0	0	0	0	0	0	0	0	0	1.9555	0	0	0	0	0	0	0	0	0	0	0	0	0	0	0	0	0	0	0	0	0	0	0	0	0	0	0	0	9.5329	0	0	0	0	4.92415	7.54208	11.60288	6.67675	0	0	0	0	0	0	0	0.65599	6.41694	0	0	0	2.39022	0	0	0	2.57359	4.58666	7.53109	4.32473	6.58483	0	8.49512	7.59459	10.90589	6.17767	0	7.51509	0	0	0	0	
0	0	0	0	0	0	0	0	0	0	0	0	0	0	0	0	0	0	0	0	0	0	0	0	0	0	0	0	0	0	0	0	0	0	0	0	0	0	0	0	0	0	0	0	0	0	0	0	10.65705	0	0	0	0	0	0	0	0	0	0	0	0	0	0	0	0	0	0	0	0	7.36699	7.79861	8.72252	6.59487	0	10.38003	6.84536	0	9.74618	0.65599	0	0	6.93633	6.72741	0	5.268	0	0	0	0	5.91971	0	0.86185	4.67049	0	3.1795	0	0	0	0	0	
0	0	0	0	0	0	0	0	0	0	0	0	0	0	0	5.7521	0	0	0	0	0	0	0	0	0	0	0	0	0	0	0	0	0	0	7.33648	0	0	0	0	0	0	0	0	0	0	0	0	0	0	0	0	0	0	0	0	0	0	0	0	0	0	0	0	0	0	0	0	3.71037	0	0	0	0	0	5.7994	0	0	0	0	0	0	0	1.10528	0	0	2.49603	0	5.10239	3.84214	7.87843	9.65675	8.28751	0	10.50246	0	0	0	0	0	0	0	
0	0	0	0	0	0	0	0	0	0	0	0	0	0	0	0	0	0	0	0	0	0	0	0	0	0	0	0	0	0	0	0	0	0	0	0	0	0	0	0	0	0	0	0	0	0	0	0	7.21874	0	0	0	0	0	0	0	0	0	0	4.78044	0	0	0	0	0	4.54215	0	0	0	0	0	5.10395	0	0	0	0	0	12.27012	0	6.27399	9.38174	0	0	11.97525	0	0	0	0	0	0	0	0	0	0	0	0	0	0	0	0	
0	0	0	0	0	0	0	0	0	0	0	0	0	0	0	0	0	0	0	1.9555	0	0	0	0	0	0	0	0	0	0	0	0	0	0	0	0	0	0	0	0	0	0	0	0	0	0	0	0	0	0	0	0	0	0	0	2.53524	0	0	9.94801	0	0	0	0	0	11.41338	0	0	0	0	0	0	0	0	2.9834	0	0	6.00737	0	0	0	3.07918	6.69104	5.04172	7.40688	0	0	0	7.45482	6.15664	0	6.20044	9.46636	12.06966	0	0	0	0	0	0	0	
0	0	0	0	0	0	0	0	0	0	0	0	0	0	0	0	0	0	0	0	0	0	0	0	0	0	0	0	0	0	0	0	0	0	0	0	0	0	0	0	0	0	0	0	0	0	0	0	0	0	0	0	0	0	0	0	0	0	0	0	0	0	0	0	0	0	0	0	0	0	0	0	0	0	0	0	0	0	0	0	0	0	0	0	0	0	0	0	0	0	0	8.57352	0	0	0	0	0	0	0	0	
0	0	0	0	0	0	0	0	0	0	0	0	0	0	0	0	0	0	0	0	0	0	0	0	0	0	0	0	0	0	0	0	0	0	0	0	0	0	0	0	0	0	0	0	0	0	0	0	0	0	0	0	0	0	0	0	0	0	0	0	0	0	0	0	0	0	0	0	0	0	6.16719	1.72369	0	0	0	0	0	0	0	9.12438	0	0	0	10.28404	0	0	0	0	0	0	4.45397	13.42934	0	0	0	0	0	0	0	0	
0	0	0	0	0	0	0	0	0	0	0	0	0	0	0	0	0	0	0	0	0	0	0	0	0	0	0	0	0	0	0	0	0	0	0	0	0	0	0	0	0	0	0	0	0	0	0	0	0	0	0	0	0	0	0	0	0	0	0	0	0	0	0	0	0	0	0	0	0	0	6.98304	0	0	0	0	0	0	0	0	0	0	0	0	0	0	0	3.57754	0	0	0	0	0	0	0	0	0	0	0	0	0	
0	0	0	0	0	0	0	0	0	0	0	0	0	0	0	0	0	0	0	0	0	0	0	0	0	0	0	0	0	0	0	0	0	0	0	0	0	0	0	0	0	0	0	0	0	0	0	0	0	0	0	0	0	0	0	0	0	0	0	0	0	0	0	0	0	0	0	0	0	8.50201	2.62791	0	0	0	0	0	0	0	4.1915	0	0	0	0	0	0	0	0	0	8.36765	1.44737	0	0	0	0	0	0	0	0	0	0	
0	0	0	0	0	0	0	0	0	0	0	0	0	0	0	0	0	0	0	0	0	0	0	0	0	0	0	0	0	0	0	0	0	0	0	0	0	0	0	0	0	0	0	0	0	0	0	0	0	0	0	0	0	0	0	0	0	0	0	0	0	0	0	0	0	0	0	0	0	0	0	0	0	0	0	0	0	0	0	0	0	0	0	0	0	0	0	0	0	0	0	0	0	0	0	0	0	0	0	0	
0	0	0	0	0	0	0	0	0	0	0	0	0	0	0	0	0	0	0	0	0	0	0	0	0	0	0	0	0	0	0	0	0	0	0	0	0	0	0	0	0	0	0	0	0	0	0	0	0	0	0	0	0	0	0	0	0	0	8.01954	0	0	0	0	0	0	0	0	0	0	0	0	0	0	0	0	3.35209	0	0	0	0	0	0	0	0	0	0	0	0	0	0	0	0	0	0	0	0	0	0	0	0	
0	0	0	0	0	0	0	0	0	0	0	0	0	0	0	0	0	0	0	0	0	0	0	0	0	0	0	0	0	0	0	0	4.36275	0	0	0	0	0	0	0	0	0	0	0	0	0	0	0	0	0	0	0	0	0	0	0	0	0	0	0	0	0	0	0	0	0	0	0	0	0	0	0	0	0	0	5.59119	0	0	0	0	0	0	0	0	0	0	0	0	0	0	0	0	0	0	0	0	0	0	0	0	
0	0	0	0	0	0	0	0	0	0	0	0	0	0	0	0	0	0	0	0	0	0	0	0	0	0	0	0	0	0	0	0	0	0	0	0	0	0	0	0	0	0	0	0	0	0	0	0	0	0	0	0	0	0	0	0	0	0	0	0	0	0	0	0	0	0	0	0	0	0	0	0	0	0	0	0	0	0	0	0	0	0	0	0	0	0	0	0	0	0	0	0	0	0	0	0	0	0	0	0	
0	0	0	0	0	0	0	0	0	0	0	0	0	0	0	0	0	0	0	0	0	0	0	0	0	0	0	0	0	0	0	0	0	0	0	0	0	0	0	0	0	0	0	0	0	0	0	0	0	0	0	0	0	0	0	0	0	0	0	0	0	0	0	0	0	0	0	0	0	0	0	0	0	0	0	0	0	0	0	0	0	0	0	0	0	0	0	0	0	0	0	0	0	0	0	0	0	0	0	0	
0	0	0	0	0	0	0	0	0	0	0	0	0	0	0	0	0	0	0	0	0	0	0	0	0	0	0	0	0	0	0	0	0	0	0	0	0	0	0	0	0	0	0	0	0	0	0	0	0	0	0	0	0	0	0	0	0	0	0	0	0	0	0	0	0	0	0	0	0	0	0	0	0	0	0	0	0	0	0	0	0	0	0	0	0	0	0	0	0	0	0	0	0	0	0	0	0	0	0	0	
0	0	0	0	0	0	0	0	0	0	0	0	0	0	0	0	0	0	0	0	0	0	0	0	0	0	0	0	0	0	0	0	0	0	0	0	0	0	0	0	0	0	0	0	0	0	0	0	0	0	0	0	0	0	0	0	0	0	0	0	0	0	0	0	0	0	0	0	0	0	0	0	0	0	0	0	0	0	0	0	0	0	0	0	0	0	0	0	0	0	0	0	0	0	0	0	0	0	0	0	
0	0	0	0	0	0	0	0	0	0	0	0	0	0	0	0	0	0	0	0	0	0	0	0	0	0	0	0	0	0	0	0	0	0	0	0	0	0	0	0	0	0	0	0	0	0	0	0	0	0	0	0	0	0	0	0	0	0	0	0	0	0	0	0	0	0	0	0	0	0	0	0	0	0	0	0	0	0	0	0	0	2.15517	0	0	0	0	0	0	0	0	0	0	0	0	0	0	0	0	0	0	
0	0	0	0	0	0	0	0	0	0	0	0	0	0	0	0	0	0	0	0	0	0	0	0	0	0	0	0	0	0	0	0	0	0	0	0	0	0	0	0	0	0	0	0	0	0	0	11.53928	0	0	0	0	0	0	0	0	0	0	0	0	0	0	0	0	0	0	0	0	0	0	0	0	0	0	9.52663	0	0	0	0	0	0	0	0	0	0	0	0	0	0	0	0	0	0	0	0	0	0	0	0	0	
