0	0	0	0	0	0	0	0	0	0	0	0	0	0	0	0	0	0	0	0	0	0	0	0	0	0	0	0	0	0	0	0	0	0	0	0	0	0	0	0	0	0	0	0	0	0	0	0	0	0	0	8.27856	0	0	0	0	0	0	0	0	0	0	0	0	0	0	0	0	0	0	0	0	0	0	0	0	0	0	0	0	0	0	0	0	0	0	0	0	0	0	0	0	0	0	0	0	0	0	0	0	
0	0	0	0	0	0	0	0	0	0	0	0	0	0	0	0	0	0	0	0	0	0	0	0	0	0	0	0	0	0	0	0	0	0	0	0	0	0	0	0	0	0	0	0	0	0	0	12.02401	0	0	0	0	0	0	0	0	0	0	0	0	0	0	0	10.00837	0	0	0	0	0	0	0	0	0	0	0	0	0	0	0	0	0	0	0	0	0	0	0	0	0	0	0	0	0	0	0	0	0	0	0	0	
0	0	0	0	0	0	0	0	0	0	0	0	0	0	0	0	0	0	0	0	0	0	0	0	0	0	0	0	0	0	0	0	0	0	0	0	0	0	0	0	0	0	0	0	0	0	0	0	0	0	0	0	0	0	8.43428	0	0	0	0	0	0	0	0	0	0	0	0	0	0	0	0	0	0	0	0	0	0	0	0	0	0	0	0	0	0	0	0	0	0	0	0	0	0	0	0	0	0	0	0	0	
0	0	0	0	0	0	0	0	0	0	0	0	0	0	0	0	0	0	0	0	0	0	0	0	0	0	0	0	0	0	0	0	0	0	0	0	0	0	0	0	0	0	0	0	0	0	11.18641	9.80286	0	0	0	0	0	0	0	0	0	0	0	0	0	0	0	0	0	0	0	0	0	0	0	0	0	0	0	0	0	0	0	0	0	0	0	0	0	0	0	0	0	0	0	0	0	0	0	0	0	0	0	0	
0	0	0	0	0	0	0	0	0	0	0	0	0	0	0	0	0	0	0	0	0	0	0	0	0	0	0	0	0	0	0	0	0	0	0	0	0	7.37834	0	0	0	0	0	13.49977	0	0	0	0	0	0	0	0	0	0	0	0	0	0	0	0	0	0	0	0	0	0	0	0	0	0	0	0	0	0	0	0	0	0	0	0	0	0	0	0	0	0	0	0	0	0	0	0	0	0	0	0	0	0	0	0	
0	0	0	0	0	0	0	0	0	0	0	0	0	0	0	0	0	0	0	0	0	0	0	0	0	0	0	0	0	0	0	0	0	0	0	0	0	0	0	0	0	0	0	0	0	0	0	0	0	0	0	0	0	0	0	0	0	0	0	0	0	0	0	0	0	0	0	0	0	0	0	0	9.11816	0	0	0	0	0	0	0	0	0	0	0	0	0	0	0	0	0	0	0	0	0	0	0	0	0	0	0	
0	0	0	0	0	0	0	0	0	0	0	0	0	0	0	0	0	0	0	0	0	0	0	0	0	0	0	0	0	0	0	0	0	0	0	0	0	0	0	0	0	0	0	0	0	0	0	0	0	0	0	0	0	0	0	0	0	0	0	0	0	0	0	0	0	0	0	0	0	0	0	0	0	0	10.91743	0	0	0	0	0	0	0	0	0	0	0	0	0	0	0	0	0	0	0	0	0	0	0	0	0	
0	0	0	0	0	0	0	0	0	0	0	0	0	0	0	0	0	0	0	0	0	0	0	0	0	0	0	0	0	0	0	0	0	0	0	0	0	0	0	0	0	0	0	0	0	0	0	0	0	0	0	7.10866	0	0	0	14.71394	0	0	12.38214	0	0	0	0	0	0	0	0	0	0	0	0	0	0	0	0	0	0	0	0	0	0	0	0	0	0	0	0	0	0	0	0	0	0	0	0	0	0	0	0	0	
0	0	0	0	0	0	0	0	0	0	0	0	0	0	0	0	0	0	0	0	0	0	0	0	0	0	0	0	0	0	0	0	0	0	0	0	0	0	0	0	0	0	0	0	0	0	0	0	0	0	0	0	0	0	0	0	0	0	0	0	0	0	0	0	0	0	0	7.58318	0	0	0	0	0	0	0	0	0	0	0	0	0	0	0	0	0	0	0	0	0	0	0	0	0	0	0	0	0	0	0	0	
0	0	0	0	0	0	0	0	0	0	0	0	0	0	0	0	0	0	0	0	0	0	0	0	0	0	0	0	0	0	0	0	0	0	0	0	0	0	0	0	0	0	0	0	0	0	0	0	0	0	0	0	0	0	0	4.51595	0	0	0	0	0	0	0	0	0	0	0	0	0	0	0	0	0	0	0	0	0	0	0	0	0	0	0	0	0	0	0	0	0	0	0	0	0	0	0	0	0	0	0	0	
0	0	0	0	0	0	0	0	0	0	0	0	0	0	0	0	0	0	0	0	0	0	0	0	0	0	0	0	0	0	0	0	0	0	0	0	0	0	0	0	0	0	0	0	0	0	0	0	0	0	0	0	0	0	0	0	0	0	0	0	0	0	0	0	0	0	0	13.61849	0	0	0	0	0	0	0	0	0	0	0	0	0	0	0	0	0	0	0	0	0	0	0	0	0	0	0	0	0	0	0	0	
0	0	0	0	0	0	0	0	0	0	0	0	0	0	0	0	0	0	0	0	0	0	0	0	0	0	0	0	0	0	0	0	0	0	0	0	0	0	0	0	0	0	0	0	0	0	0	0	0	0	0	0	4.70578	0	0	0	8.81283	0	0	0	0	0	0	0	0	0	0	0	0	0	0	7.43844	0	0	0	0	0	0	0	0	0	0	0	0	0	0	0	0	0	0	0	0	0	0	0	0	0	0	0	0	
0	0	0	0	0	0	0	0	0	0	0	0	0	0	0	0	0	0	0	0	0	0	0	0	0	0	0	0	0	0	0	0	0	0	0	0	0	0	0	0	0	0	0	0	0	0	0	0	8.95002	0	0	0	11.33827	0	0	0	0	0	0	0	0	0	0	0	0	0	0	2.89433	0	0	0	0	0	0	0	0	0	0	0	0	0	0	0	0	0	0	0	0	0	0	0	0	0	0	0	0	0	0	0	0	
0	0	0	0	0	0	0	0	0	0	0	0	0	0	0	0	0	0	0	0	0	0	0	0	0	0	0	0	0	0	10.41967	0	0	0	0	0	0	0	0	2.62012	0	0	0	0	0	0	0	8.74891	0	0	0	0	0	0	0	0	0	1.19346	0.71677	0	10.90082	0	0	11.14026	0	0	0	0	0	0	0	0	0	0	0	0	0	0	0	0	0	0	0	0	0	0	0	0	0	0	0	0	0	0	0	0	0	0	0	0	
0	0	0	0	0	0	0	0	0	0	0	0	0	0	0	0	0	0	0	0	0	0	0	0	0	0	0	0	0	0	0	0	0	0	0	0	0	0	0	0	0	0	0	0	0	0	0	0	0	0	0	0	0	0	4.62449	0	0	0	0	0	0	0	0	0	0	0	0	0	0	0	0	0	0	0	0	0	0	0	0	0	0	0	0	0	0	0	0	0	0	0	0	0	0	0	0	0	0	0	0	0	
0	0	0	0	0	0	0	0	0	0	0	0	0	0	0	0	0	0	0	0	0	0	0	0	0	0	0	0	0	0	0	0	0	0	0	0	0	0	0	0	0	0	11.58456	0	0	0	0	0	0	0	0	0	9.47587	0	0	0	0	0	0	3.49774	0	0	0	0	0	0	0	0	0	0	0	7.10247	0	0	0	0	0	0	0	0	0	0	0	0	0	0	0	0	0	0	0	0	0	0	0	0	0	0	0	0	
0	0	0	0	0	0	0	0	0	0	0	0	0	0	0	0	0	0	0	0	0	0	0	0	0	0	0	0	0	0	0	0	0	0	0	0	0	0	0	0	0	0	0	6.44536	0	0	0	11.46462	0	0	0	9.89912	0	0	0	0	0	0	10.00765	0	0	0	0	0	0	0	0	0	0	0	0	0	0	0	0	0	0	0	0	0	0	0	0	0	0	0	0	0	0	0	0	0	0	0	0	0	0	0	0	0	
0	0	0	0	0	0	0	0	0	0	0	0	0	0	0	0	0	0	0	0	0	0	0	0	0	0	0	0	0	0	0	0	0	0	0	0	0	0	0	0	0	0	8.62271	0	0	0	0	0	0	0	0	0	0	0	0	9.53463	0	0	0	0	0	0	0	0	0	0	1.19346	0	0	0	0	0	0	0	0	0	0	0	0	0	0	0	0	0	0	0	0	0	0	0	0	0	0	0	0	0	0	0	0	0	
0	0	0	0	0	0	0	0	0	0	0	0	0	0	0	0	0	0	0	0	0	0	0	0	0	0	0	0	0	0	0	0	0	0	0	0	0	0	0	0	14.6728	0	0	0	0	0	0	0	0	0	0	0	0	0	0	0	0	0	0	0	0	0	0	0	0	0	0	0	0	0	0	0	0	0	0	0	0	0	0	0	0	0	0	0	0	0	0	0	0	0	0	0	0	0	0	0	0	0	0	0	
0	0	0	0	0	0	0	0	0	0	0	0	0	0	0	0	0	0	0	0	0	0	0	0	0	0	0	0	0	0	0	0	0	0	0	0	0	0	0	0	0	0	0	0	0	0	0	7.35016	0	0	4.62148	0	0	0	0	0	0	0	0	0	0	0	0	0	0	0	0	0	0	0	0	0	0	0	0	0	6.65453	0	0	0	0	0	0	0	0	0	0	0	0	0	0	0	0	0	0	0	0	0	0	0	
0	0	0	0	0	0	0	0	0	0	0	0	0	0	0	0	0	0	0	0	0	0	0	0	0	0	0	0	0	0	0	0	0	0	0	0	0	0	0	0	0	0	0	0	0	0	0	8.64143	0	0	8.68944	12.54944	0	0	0	0	9.97841	0	9.09458	0	8.47137	0	0	0	0	10.80465	0	0	0	0	0	0	0	0	0	0	0	0	0	0	0	0	0	0	0	0	0	0	0	0	0	0	0	0	0	0	0	0	0	0	
0	0	0	0	0	0	0	0	0	0	0	0	0	0	0	0	0	0	0	0	0	0	0	0	0	0	0	0	0	0	0	0	0	0	0	0	0	0	0	0	0	8.314	0	0	0	0	0	0	0	0	0	0	0	0	0	0	0	0	0	0	0	0	0	0	0	0	0	0	16.58455	0	0	0	0	0	0	0	0	0	0	0	0	0	0	0	0	0	0	0	0	0	0	0	0	0	0	0	0	0	0	0	
0	0	0	0	0	0	0	0	0	0	0	0	0	0	0	0	0	0	0	0	0	0	0	0	0	0	0	0	0	0	0	1.19346	16.76195	0	0	0	0	0	0	0	0	0	0	0	0	0	0	9.51446	0	0	0	0	0	0	0	0	0	0	0	0	0	0	0	0	0	0	0	0.71677	0	0	0	0	0	0	0	0	0	0	0	0	0	0	0	0	0	0	0	0	0	0	0	0	0	0	0	0	0	0	0	0	
0	0	0	0	0	0	0	0	0	0	0	0	0	0	0	0	0	0	0	0	0	0	0	0	0	0	0	0	0	0	0	5.74865	0	0	7.10247	0	0	0	0	0	0	0	0	0	0	0	0	0	0	0	0	0	0	0	0	0	0	0	0	0	0	0	0	0	0	0	0	0	0	0	0	0	0	0	0	0	0	0	0	0	0	0	0	0	0	0	0	0	0	0	0	0	0	0	0	0	0	0	0	0	
0	0	0	0	0	0	0	0	0	0	0	0	0	0	0	0	0	0	0	0	0	0	0	0	0	0	0	0	0	0	0	0	0	0	0	0	0	0	0	0	0	0	0	10.65895	0	0	0	0	0	16.61252	0	0	0	0	8.37119	0	0	0	0	0	0	0	0	0	0	0	0	0	0	0	0	0	0	0	0	0	0	0	0	12.42801	0	0	0	0	0	0	0	0	0	0	0	0	0	0	0	0	0	0	0	0	
0	0	0	0	0	0	0	0	0	0	0	0	0	0	0	0	0	0	0	0	0	0	0	0	0	0	0	0	0	0	0	0	7.91304	0	0	0	0	0	0	0	0	0	0	0	0	0	0	4.09487	0	0	3.31251	8.45133	0	0	0	0	0	0	8.77033	0	0	0	0	0	0	0	0	0	0	0	6.67284	0	0	0	0	0	0	0	0	0	0	0	0	0	0	7.3121	0	0	0	0	0	0	0	0	0	0	0	0	0	0	
0	0	0	0	0	0	0	0	0	0	0	0	0	0	0	0	0	0	0	0	0	0	0	0	0	0	0	0	0	0	0	0	0	0	0	0	0	0	0	10.90247	0	0	0	0	16.27851	0	8.4792	0	0	0	0	0	0	0	0	0	0	0	0	0	0	0	0	0	0	0	0	0	0	1.19346	0	0	0	0	0	0	0	0	0	0	0	0	0	0	0	0	0	0	0	0	0	0	0	0	0	0	0	0	0	0	
0	0	0	0	0	0	0	0	0	0	0	0	0	0	0	0	0	0	0	0	0	0	0	0	0	0	0	0	0	0	0	0	0	0	0	6.96804	0	0	0	0	0	0	0	0	0	0	0	8.45559	0	0	0	0	0	5.36347	0	0	0	0	0	0	8.83275	0	0	0	0	0	0	0	0	0	0	0	0	0	0	0	0	0	0	0	0	0	0	0	0	0	0	0	0	0	0	0	0	0	10.05362	0	0	0	0	0	
0	0	0	0	0	0	0	0	0	0	0	0	0	0	0	0	0	0	0	0	0	0	0	0	0	0	0	0	0	0	0	0	0	0	0	0	0	0	0	0	0	12.55608	0	0	0	0	0	0	0	0	0	0	3.22736	0	0	0	0	0	0	0	0	0	0	0	0	0	0	14.17099	0	0	0	8.83478	0	0	0	0	0	0	0	0	0	0	0	0	0	0	0	0	0	0	0	0	0	0	0	0	0	0	0	0	
0	0	0	0	0	0	0	0	0	0	0	0	0	0	0	0	0	0	0	0	0	0	0	0	0	0	0	0	0	0	0	0	0	0	0	0	0	0	0	0	7.5664	0	0	0	10.49623	0	0	7.39211	0	0	18.59644	7.35584	0	0	0	10.46043	0	0	5.28416	0	15.8123	0	0	0	0	0	0	0	3.41312	0	0	0	0	0	0	0	0	0	0	0	0	0	0	0	0	0	0	0	0	0	0	0	0	0	0	9.97739	0	0	0	0	
0	0	0	0	0	0	0	0	0	0	0	0	0	0	0	0	0	0	0	0	0	0	0	0	0	0	0	0	0	0	0	0	0	0	0	0	0	0	0	0	0	0	0	0	12.26838	0	0	0	0	0.71677	0	0	5.78278	0	0	0	0	5.78278	0	0	0	5.26014	0	0	0	0	0	0	0	0	0	0	0	0	0	0	0	0	0	0	0	0	0	0	0	0	0	0	0	0	0	0	0	0	0	0	0	0	0	0	
0	0	0	0	0	0	0	0	0	0	0	0	0	0	0	0	0	0	0	0	0	0	0	0	0	0	0	0	0	0	0	0	0	0	0	0	0	0	0	0	0	0	0	10.76785	0	0	10.63288	0	0	0	7.45441	0	0	0	0	0	0	0	0	8.68944	0	0	0	0	9.14464	0	0	0.71677	0	0	0	0	10.00205	0	0	0	13.54451	0	0	0	0	0	0	0	0	0	0	0	0	0	0	0	0	0	0	0	0	0	0	0	
0	0	0	0	0	0	0	0	0	0	0	0	0	0	0	0	0	0	0	0	0	0	0	0	0	0	0	0	0	0	0	0	0	0	0	0	0	0	0	0	0	0	0	0	0	2.76373	0	10.45515	8.41265	0	0	8.99576	0	0	0	9.98015	0	0	5.79954	0	0	0	0	0	0	0	15.31232	13.76906	0	0	0	0	0	9.43488	0	0	0	0	0	0	0	0	0	0	0	0	0	0	0	0	0	0	0	0	0	0	0	0	0	0	
0	0	0	0	0	0	0	0	0	0	0	0	0	0	0	0	0	0	0	0	0	0	0	0	0	0	0	0	0	0	0	0	0	0	0	0	0	12.15183	0	0	0	0	0	0	0	0	0	0	1.83754	0	0	3.04973	0	0	3.12466	0	10.23865	0	0	10.23788	0	5.35392	0	0	0	0	0	0	0	0	0	0	0	0	7.08078	1.83754	0	0	0	0	0	0	0	0	0	0	0	0	0	0	0	0	0	0	0	0	0	0	0	0	
0	0	0	0	0	0	0	0	0	0	0	0	0	0	0	0	0	0	0	0	0	0	0	0	0	0	0	0	0	0	0	0	0	0	0	0	0	0	0	0	0	0	14.44477	0	0	11.00947	0	14.09569	0	0	4.99494	0	13.70425	0	7.98809	0	0	0	0	0	0	0	0	8.01346	0	0	0	4.47479	0	0	15.89121	0	0	0	0	0	0	0	0	0	0	0	0	0	0	0	0	0	0	0	0	0	0	0	0	0	0	0	0	0	
0	0	0	0	0	0	0	0	0	0	0	0	0	0	0	0	0	0	0	0	0	0	0	0	0	0	0	0	0	0	0	0	0	0	0	0	0	0	0	0	0	0	0	0	0	0	0	7.96969	9.37322	0	0	9.70559	0	0	0	0	0	0	0	0	0	0	0	0	17.95039	0	0	0	0	0	0	0	0	0	0	0	0	0	0	0	0	0	0	0	0	0	0	0	0	0	2.62012	0	0	0	0	0	0	0	0	0	
0	0	0	0	0	0	0	0	0	0	0	0	0	0	0	0	0	0	0	0	0	0	0	0	0	0	0	0	0	0	0	0	0	0	0	0	0	0	0	0	0	0	0	0	0	0	0	7.49615	0	0	0	0	7.88975	20.45203	0	0	0	0	8.08109	11.71511	0	0	0	0	0	0	0	0	0	0	0	0	0	0	0	0	0	0	0	0	0	0	0	0	0	0	0	0	0	0	0	0	0	0	0	0	0	0	6.38142	0	
0	0	0	0	0	0	0	0	0	0	0	0	0	0	0	0	0	0	0	0	0	0	0	0	0	0	0	0	0	0	0	0	0	0	0	0	0	0	0	0	0	0	7.26822	0	0	0	0	0	0	9.04875	0	6.79492	0	5.30779	0	0	0	0	0	0	0	0	0	0	10.30547	0	0	0	0	0	0	0	0	0	0	0	19.52194	0	0	0	0	0	0	0	0	0	0	0	0	0	0	0	0	0	0	0	0	0	0	0	
0	0	0	0	0	0	0	0	0	0	0	0	9.84637	0	0	0	0	0	0	0	0	0	0	0	0	0	0	0	0	0	7.77998	0	0	0	0	0	0	0	0	0	0	0	7.7189	0	0	0	0	5.65962	0	0	7.75871	0	0	16.80021	17.76079	0	9.07995	0	0	0	0	0	0	7.27423	4.38878	6.56911	0	0	0	0	0	0	0	0	0	0	0	0	0	0	0	0	0	0	0	0	0	0	0	0	0	0	0	0	0	0	0	0	0	0	
0	0	0	0	0	0	0	0	0	0	0	0	0	0	0	0	0	0	0	0	0	0	0	0	0	0	0	0	0	0	0	0	0	0	0	0	0	0	0	0	0	0	0	0	0	11.30473	13.44754	0	1.83754	6.59815	3.72536	9.4435	8.72778	0	5.56474	5.26466	0	0	0	0	9.68431	0	0	0	0	0	0	0	0	5.19095	0	0	0	0	0	0	9.27772	0	0	0	0	0	0	0	0	0	0	0	0	0	0	0	0	0	0	0	0	0	0	0	
0	0	0	0	0	0	0	0	0	0	0	0	0	0	0	8.32562	0	0	0	0	0	0	0	0	0	0	0	0	0	0	0	0	0	0	0	4.24929	11.54658	0	0	0	0	0	0	2.07639	0	12.70755	6.27497	9.93819	2.07639	9.65352	0	0	13.11384	0	11.18202	0	0	0	0	3.49774	0	9.19778	0	4.77523	0	11.40826	0	0	10.5052	0	5.64114	0	0	0	0	11.04915	0	15.8272	0	4.70293	0	0	0	0	0	0	0	0	0	0	4.93551	0	0	0	0	0	0	0	0	0	
0	0	0	0	0	0	0	0	0	0	0	0	0	0	0	0	0	0	0	0	0	0	0	0	0	0	11.82921	0	0	0	0	7.29802	0	0	2.46061	0	0	0	0	0	11.16892	0	0	0	0	0	0	0	9.15987	6.79492	1.83754	10.05362	7.00465	0	11.01576	0	5.10693	0	1.56691	0	14.87468	8.45823	0	0	0	6.70879	0	0	0	0	0	0	0	6.89191	0	0	0	0	0	0	0	0	0	0	0	0	0	0	0	0	0	0	0	0	0	0	1.19346	0	0	0	
0	0	0	0	0	0	0	0	0	0	0	0	0	0	0	0	0	0	0	9.72766	0	0	0	0	0	0	0	0	0	0	0	0	0	0	0	0	0	0	0	0	0	0	0	13.00891	0	0	16.82926	10.85213	9.11648	0	10.3637	8.01992	7.3615	0	0	0	13.5142	0	0	5.98903	9.09605	0	0	12.52334	0	10.83495	0	5.88057	0	0	0	0	0	0	0	0	0	0	0	0	0	0	0	0	0	0	0	0	0	0	4.8896	0	0	0	0	0	0	0	0	0	
0	0	0	0	0	0	0	0	0	0	0	0	6.2039	0	0	0	0	0	0	9.33779	0	0	0	0	0	0	0	0	0	0	0	0	0	13.04983	0	0	0	0	0	0	0	11.63943	12.15854	0	8.31338	0	0	2.82294	9.34494	0	5.545	8.28024	9.18486	1.4392	9.39219	16.02801	4.7561	13.8012	7.14578	0	0	0	0	0	15.68745	0	0	0	0	0	0	0	0	0	0	0	0	0	13.29184	0	0	0	0	0	0	0	0	0	0	0	0	0	0	0	0	0	0	0	0	0	
0	0	0	0	0	0	0	0	0	0	0	0	0	0	0	0	0	0	0	0	0	0	0	15.08886	0	0	0	0	0	0	0	0	0	0	0	0	0	0	9.97831	0	0	0	6.80491	8.78724	19.64762	0	10.60582	5.73554	0	7.02855	9.29261	4.73324	0	0	0	0	0	11.33737	13.13628	10.23865	7.62871	0	0	0	5.64114	0	0	0	0	0	0	0	0	0	0	0	0	0	0	0	0	0	0	0	0	0	0	0	0	0	0	0	0	0	0	0	0	0	0	0	
0	0	7.21297	0	0	0	0	0	0	0	0	0	0	0	0	0	0	0	0	0	0	0	0	0	0	0	0	0	0	0	0	0	0	0	0	0	0	0	0	0	9.69656	0	0	0	0	8.71618	0	5.14934	11.53536	11.43778	0	7.40048	10.46832	6.64627	0	10.02628	0	0	18.86706	0	8.89751	0	4.70578	7.48583	0	0	0	0	0	0	0	7.84649	0	0	0	0	0	0	0	0	0	0	0	0	0	0	0	0	0	0	0	0	0	0	0	0	0	0	0	0	
0	0	0	0	0	0	0	0	0	0	0	7.95106	0	0	0	0	0	0	0	0	0	0	0	0	0	0	0	0	0	0	0	0	7.84603	0	0	0	0	7.50945	12.19925	5.56474	8.55767	6.4708	0	0	10.60648	6.61142	11.65583	6.6552	10.89591	0	12.31795	0	4.33225	7.13453	0	10.07255	8.72395	7.65789	0	0	0	0	0	0	0	0	0	5.13363	0	0	0	0	15.7698	0	0	0.71677	0	0	10.9483	0	0	0	0	0	0	0	0	0	0	0	0	0	0	0	0	3.83031	0	0	0	0	
0	0	0	0	0	0	0	0	0	0	0	0	0	0	0	0	0	0	0	0	0	0	0	0	0	0	0	0	0	0	0	0	0	0	4.2973	8.14108	0	0	0	6.58854	0	12.61942	0	9.77778	15.30185	8.09756	7.00572	5.96903	5.56866	11.41063	10.85386	10.74964	5.26014	9.3314	0	0	5.35311	0	0	9.08549	7.62871	0	16.43702	0	0	0	0	0	0	0	0	0	0	0	0	0	0	0	2.07639	0	0	0	0	0	0	0	0	13.1088	0	0	0	0	0	0	0	0	0	0	0	0	
0	0	0	0	0	0	0	0	8.40171	0	7.5664	0	0	0	0	0	0	0	0	0	0	0	0	0	0	0	8.82458	0	0	0	0	0	0	0	0	18.48673	0	9.39268	13.17404	0	8.00607	8.95377	0	5.58423	0	10.62174	6.23557	7.51016	6.22391	8.0237	0	4.84181	10.59497	0	0	0	6.16085	2.62012	0	0	0	0	1.55115	0	0	0	17.67404	0	0	0	0	0	0	0	0	0	0	0	0	0	0	0	0	0	0	0	0	0	0	0	0	0	0	0	0	0	0	0	0	0	
0	0	0	0	0	0	0	0	0	0	0	10.7491	0	0	16.71569	0	0	0	0	0	0	0	0	0	0	0	0	0	0	0	0	11.55308	0	0	6.26553	0	11.22609	0	0	10.77597	2.46061	0	10.25524	8.61169	9.70715	8.04622	10.76334	9.44277	1.44717	8.53975	12.4879	9.02023	8.76376	8.87738	0	0.71677	8.25656	0	0	6.9974	13.48203	12.69516	0	12.64312	0	0	0	0	0	0	0	0	0	1.83754	0	5.32394	0	0	0	0	0	0	0	3.92191	0	0	0	0	0	0	0	0	0	0	0	0	0	0	0	0	
0	0	0	0	0	0	0	0	0	0	0	0	12.14631	0	0	0	0	0	0	0	0	0	0	0	0	0	0	0	0	10.40468	0	0	7.39498	0	7.40597	0	12.52618	0	12.29467	10.80828	10.82959	8.44231	10.92477	7.14583	7.63606	3.70508	10.53007	10.42732	4.2973	8.52142	7.57139	11.96313	11.25297	9.60678	5.15735	13.44516	7.64197	0	0	6.81154	9.29409	0	0	0	0	13.24097	0	0	0	0	0	0	0	9.81888	0	0	0	0	0	0	10.54714	0	0	0	0	0	0	0	0	0	0	0	0	0	0	0	0	0	0	0	
0	0	0	0	0	0	0	12.74928	0	0	0	11.6333	0	0	0	0	0	0	0	0	0	0	0	0	0	0	0	7.62871	0	0	3.12466	0	12.04603	0	0	0	1.19346	8.07673	10.14504	11.11023	9.61943	4.34662	0	10.03111	9.58015	9.00035	9.77649	9.18869	11.06043	8.88995	6.0346	10.08737	10.40946	7.55657	8.27401	10.25529	6.92285	4.84834	2.92435	8.97052	4.12781	11.82333	10.45052	0	10.54737	0	0	0	0	0	0	0	0	12.50109	0	0	0	0	0	0	0	0	0	0	0	0	0	0	0	0	0	0	0	0	0	0	0	0	0	0	
9.24291	0	0	0	0	0	0	0	8.47297	0	0	0	13.65443	0	0	0	0	0	0	0	0	0	0	0	11.68638	0	0	7.92837	0	0	0	0	3.6534	0	9.90647	8.49986	0	6.24119	10.51936	6.03717	7.53671	8.44051	4.21354	8.57625	11.94002	10.09817	7.0618	9.05729	5.55776	4.14855	8.7114	7.97028	6.61326	5.2306	13.22859	10.71634	8.96681	5.39901	0	9.47346	7.29211	3.12466	0	4.92018	0	7.51657	0	0	0	0	3.57767	0	0	0	0	0	0	0	0	0	0	0	4.81857	0	0	14.51047	0	0	0	0	0	0	0	0	0	0	0	0	0	0	
0	0	0	10.97391	0	0	0	0	0	0	0	0	0	0	0	0	0	0	7.98443	0	0	10.84861	0	4.63282	9.76049	5.8487	0	0	8.11741	7.33874	11.16999	0	11.41813	0	0	9.53213	0	9.33194	9.88425	9.82766	7.08733	5.36823	8.09778	9.28927	9.18407	9.91629	7.36117	9.48949	9.85814	8.14125	9.33066	4.71229	11.31197	8.26691	5.16183	8.66312	0	1.61368	6.03104	7.76643	17.23143	3.22736	9.56314	0	0	0	0	0	0	6.25341	0	0	6.78653	0	11.87788	7.06829	12.45934	4.24929	0	12.07795	0	0	0	0	0	0	0	0	0	0	0	0	0	0	0	0	0	0	0	0	
10.6393	0	0	0	10.38677	6.5596	0	0	0	0	0	0	0	0	0	0	0	6.09946	0	0	0	0	0	0	8.97422	0	8.76975	7.77907	0	11.95379	10.56537	0	0	0	11.17199	5.89624	6.73554	11.51362	11.36033	7.45948	6.68387	8.93772	9.13265	8.21189	9.56638	8.1586	9.19633	8.909	6.36419	9.67463	3.52168	9.39019	17.29544	7.78732	8.6791	8.26042	9.10222	3.1674	2.38557	7.07034	10.35947	0	6.81474	10.40879	14.67372	13.46447	10.19412	0	0	0	0	0	0	0	5.48407	0	0	0	0	0	0	0	0	0	0	0	0	0	0	0	0	0	0	0	0	0	0	0	0	0	
0	0	0	0	0	0	0	0	6.63598	0	7.8819	0	0	0	0	0	5.30779	7.90919	10.36933	7.81751	9.49014	9.53068	0	0	0	14.84945	0	8.17315	6.70414	9.85241	0	9.96537	9.87037	6.53476	7.47565	9.60617	5.97995	10.03462	8.89815	8.19557	8.36507	7.35038	5.0455	7.98202	9.31083	7.41572	8.15204	8.30942	8.24888	6.66403	6.75347	8.83715	6.81897	7.26106	5.47435	5.46797	8.36209	9.17868	0	3.01409	5.38387	3.01409	8.81502	0	5.48407	9.95979	1.55115	0	0	0	0	10.68682	0	0	5.30779	0	0	0	11.50789	0	0	0	0	0	0	4.99494	0	0	0	0	0	0	0	0	0	4.70578	0	0	0	0	
0	10.90828	0	0	5.64114	10.32369	0	0	0	0	0	0	0	0	5.94226	10.59136	0	10.05187	8.50047	0	1.19346	0	3.58543	0	0	0	0	0	8.91785	11.34078	6.46822	0	7.47543	3.09772	9.72327	7.32695	8.70288	9.38328	9.13432	7.39609	8.71232	6.80736	6.72214	6.85668	7.83391	5.69909	8.89579	8.81621	7.76471	7.76015	6.12932	8.08656	7.84904	4.7593	7.72513	6.02386	2.46061	7.45764	6.90996	3.66357	0	11.68079	0	11.27186	11.1398	2.07639	6.3477	7.10921	0	0	0	0	0	0	0	2.46061	0	0	0	0	8.88129	0	0	0	0	0	0	0	0	0	0	0	0	0	0	0	0	0	0	0	
0	9.28221	9.62676	0	7.95141	0	0	0	0	0	7.94353	0	0	0	10.23558	13.90181	0	7.23163	0	0	4.03949	11.60884	8.01499	8.07875	7.491	10.60633	0	3.03122	5.98686	6.81736	9.53213	9.95979	9.54254	11.18325	9.86032	5.42933	7.97032	7.52282	6.28656	7.36799	5.41118	7.2722	8.51948	6.14144	6.59661	6.17594	8.69126	7.44844	8.38751	8.19363	7.58321	8.74118	7.56102	6.96714	6.25756	6.1693	8.33463	8.08056	6.47498	8.9779	0	6.10366	8.69035	9.84069	3.46904	0	3.7939	0	0	0	0	4.55597	0	15.10262	9.17547	0	8.48957	0	5.78278	0	0	0	0	5.38712	0	1.96096	0	0	0	0	0	0	0	0	0	0	0	0	0	0	
0	0	0	0	0	0	0	0	7.18772	0	7.52668	4.19963	0	0	0	0	0	0	10.03339	0	0.71677	0	0	0	0	7.71077	10.36069	0	0	7.84199	3.25441	4.03949	6.63598	8.33302	10.02558	8.6645	7.71597	9.26849	6.83259	8.88033	3.95639	6.56988	8.4371	7.35043	6.34693	8.74151	5.74744	7.89492	7.77828	8.68795	7.54843	6.40439	5.00642	6.18354	8.29914	9.20743	8.373	7.68045	7.76299	6.86442	8.42939	5.17212	15.23057	6.27182	0	8.91913	0	9.01146	0	0	0	0	0	0	0	0	0	0	0	0	0	5.13363	0	0	0	0	0	5.32233	0	16.44913	0	0	0	0	0	0	0	0	0	0	
0	0	0	0	0	0	0	0	10.64162	8.81842	0	2.07639	0	11.21168	0	0	0	0	2.62012	4.90487	0	0	1.83754	7.95399	5.86472	3.49774	2.76373	9.8802	2.90972	9.30753	0	6.17999	4.28252	3.92172	3.43065	7.85088	7.64366	4.31888	10.77111	5.68108	6.98961	6.1593	7.09359	7.80064	6.87402	6.57256	7.06502	7.73038	6.26817	8.7849	7.53233	5.62271	6.57775	5.7988	7.64385	7.49797	7.66918	5.86579	9.25512	6.44995	7.81351	7.28526	6.97459	11.61655	5.79635	8.67016	9.49658	0	0	0	0	0	0	7.04035	7.65198	0	0	0	13.79031	0	0	0	0	0	0	0	0	0	6.53948	0	0.71677	0	0	0	0	0	0	0	0	0	
0	0	8.40992	4.37502	0	5.50467	0	1.19346	5.64114	0	0	0	0	0	0	0	0	7.13312	0	0	0	0	0	11.10107	0	8.81224	0	9.77231	6.08585	8.24983	0	8.46474	0	7.73711	4.26261	9.07892	5.76344	4.85083	1.59038	9.62506	6.59098	8.49218	6.66626	7.16213	5.91278	4.76565	6.08771	8.01667	7.60884	6.33927	6.96395	6.79396	7.16325	6.71063	7.34287	5.89219	7.05382	8.21216	7.84627	6.21436	7.31211	9.35523	2.01975	11.39591	5.49516	0	0	6.23861	3.32323	13.61126	6.85044	0	11.25221	0	2.65584	0	7.44472	0	0	0	0	0	5.33804	0	0	0	0	0	0	0	0	0	0	0	0	0	0	0	0	0	
0	0	0	0	0	0	0	0	0.71677	0	11.14437	6.70879	8.60527	0	11.89821	0	0	3.57767	0	3.92191	0	0	0	0	0	0	3.9819	6.57886	4.17572	0	8.73155	7.03804	4.20025	6.04215	3.47898	8.9347	9.67711	7.06954	6.23859	7.90636	7.63263	4.42692	6.37814	6.71326	7.03332	7.41993	6.01815	5.69669	6.44533	5.68065	6.16624	8.31111	9.04524	5.71972	5.62685	6.28655	6.58411	7.83467	9.02207	6.84782	4.77557	4.6576	7.44743	7.82474	0	5.65114	9.94008	2.30329	0	0	6.57886	0	3.59305	0.59673	0	12.22831	0	0	0	0	0	0	0	0	0	0	0	0	6.22232	0	0	0	0	0	0	0	0	0	0	0	
0	0	0	0	0	0	0	0	0	12.37953	0	0	11.23498	0	0	0	0	0	0	0	0	0	0	8.2667	0	0	9.68284	0	0	4.38451	5.65298	0	0	8.65987	7.0889	6.79492	5.62242	2.07639	0.71677	8.1667	3.3544	7.90144	2.56987	4.95135	10.0381	5.95052	6.60702	8.30775	7.53851	4.82257	6.37732	7.83527	7.29348	6.96336	7.38754	5.51493	7.05367	6.33941	3.9234	5.41979	7.49884	5.51006	2.91638	7.29844	4.86409	4.56698	8.64607	6.26553	4.52777	0	0	4.47479	0	7.14245	0	6.54942	9.56068	0	0	0	0	0	0	0	4.59491	0	0	0.71677	0	0	0	14.02927	0	0	0	0	5.8325	0	0	0	
0	0	0	0	0	0	0	0	0	0	0	7.67487	0	0	0	0	0	9.36016	10.98678	0	0	0	0	9.47848	0	0	0	6.30129	0	0	0	0	3.7977	7.73175	7.52408	0	3.48509	8.22014	1.14063	5.42413	6.12613	8.5664	6.81553	1.70656	0	8.42975	5.19299	4.96884	6.66042	5.65463	7.50661	11.70784	7.24828	4.53773	7.0737	6.3714	6.10185	7.414	7.25595	8.02684	5.38434	4.93755	0	6.8293	12.21053	0	4.40715	4.80875	12.44209	5.87993	0	0	0	2.28125	0	11.18561	0	5.8325	0	0	0	5.21174	0	0	0	0	0	0	0	0	0	0	0	0	0	0	0	0	0	0	
0	0	0	0	4.10719	0	0	0	0	0	8.0384	0	3.6534	0	0	9.43756	0	0	6.42529	0	3.6805	3.49774	0	0	0	4.70578	4.8415	0	0	5.33149	0	9.28741	9.53087	0	0	10.18144	8.46875	1.19346	13.65148	10.08082	5.22416	8.59656	5.72817	8.59656	7.33756	4.91821	13.05919	4.09817	7.45463	7.88437	7.39216	5.22368	6.88952	5.72629	4.43174	6.91401	5.48837	5.78002	6.3811	5.34448	4.48529	6.59286	7.35021	2.90211	8.21059	0	6.76396	9.53493	0	4.2973	8.75611	10.7928	8.17988	9.69385	6.53793	0	6.05134	0	0	0	3.49774	0	0	0	0	12.5567	0	0	0	0	0	0	0	0	0	0	0	0	0	0	
0	0	0	0	0	0	0	0	0	0	0	1.83754	7.53417	0	0	11.28866	0	0	0	0	1.19346	0	1.19346	0	0	0	0	0	0	3.61179	0.71677	5.3341	0	0	0	13.0186	0	0	0	2.28125	1.95887	2.75645	5.44558	3.23586	5.84234	7.30353	4.42216	6.17929	5.07964	2.70217	0	0	6.85657	11.2993	0	5.9518	7.94738	4.56557	4.98753	4.67543	7.9485	7.44217	8.52281	5.52278	4.85116	3.69695	3.7939	7.46764	0	8.53786	0	11.07036	9.11483	8.2081	9.69667	0	4.38878	0	4.55597	0	0	0	0	0	0	0	0	0	0	0	0	0	0	0	0	0	0	0	0	0	
0	0	0	6.86827	0	0	0	0	0	0	0	0	0	0	0	0	0.71677	0	0	0	0	0	4.51595	0	0	0	6.14268	7.15874	6.49899	9.66156	0	0	0.71677	0	0	10.92294	0	0.71677	0	5.05298	3.68758	0	0	0	1.73736	10.64916	6.91467	6.39252	5.63424	3.42212	4.28261	3.88049	6.71715	7.57992	6.32717	7.59689	7.33646	5.66958	5.77007	5.68563	7.03005	5.95519	7.06842	8.50197	7.09579	9.40523	7.10831	1.83754	6.79982	7.33275	3.28018	7.03024	3.34209	6.31615	6.03919	0	11.83684	0	5.45289	7.87795	0.71677	3.92191	0.71677	0	0	0	0	0	0	0	0	0	0	0	0	0	0	13.53351	0	13.74661	
0	0	5.78642	0	0	0	0	0	0	0	0	0	0	0	0	0	0	0	0	0	8.69841	0	0	0	0	7.70633	0	8.37832	0	10.08815	0	10.13017	7.90919	0	7.28618	0	0	5.49362	5.60626	0	10.729	0	0	9.43133	11.82077	9.74399	0	3.71733	0.71677	6.33694	1.19346	10.71028	5.66514	7.6814	6.8073	9.08354	0.71677	5.31141	7.77667	4.54706	2.1884	5.21642	5.28957	0.91487	6.46726	5.93015	4.06353	0	8.72452	3.05531	5.07342	4.94492	4.29736	7.76194	4.1482	0	5.76814	0	6.55681	3.12466	0	4.00753	0	0	0	0	0	0	4.5345	0	0	0	0	0	0	0	3.22736	0	0	0	
0	0	0	0	3.7939	0	0	0	0	0	0	0	7.60982	0	0	0	0	0	0	0	4.70578	1.55115	0	0	0	0	0	4.69364	0	0	0	2.62012	9.28519	0	0	0	8.233	0	3.22736	6.37024	0	0	10.46876	0	5.73128	0	4.43213	4.55597	11.24572	4.8423	5.81612	2.86056	7.99902	4.54499	6.00723	2.74204	0	4.74614	7.30372	0.62654	6.39084	7.91517	6.9543	5.30447	5.4203	7.52775	6.95841	1.74129	6.48555	6.48904	5.68792	0	0	8.12542	0	7.33236	12.92266	4.65774	0	0	0	0	0	0	10.72736	3.22736	0	0	0	0	0	0	0	0	0	0	5.18557	0	0	0	
0	0	0	0	0	0	0	0	1.55115	0	0	0	13.35787	0	0	0	6.63598	0	5.97214	0	0	0	0	0	13.15179	0	0	0	0	0	0	0	0	0	7.82571	7.85808	0	3.57767	0	0	0	0	9.10978	9.60427	0	10.14806	8.81017	7.62871	0	3.72778	0	12.87682	10.5236	7.19092	0	5.78278	0	7.95636	0	6.86286	7.82882	0	4.29611	3.92191	3.86248	5.12995	5.82993	5.41417	9.60547	6.60374	9.20536	3.0795	8.56982	2.76373	7.58406	4.22954	6.58413	13.12521	0	0	6.71764	0	7.30173	0	6.25502	13.7418	6.04425	5.42047	3.32323	0	1.61617	0	0	10.59795	0	0	0	0	0	0	
0	0	0	0	0	0	0	0	0	0	0	0	0	0	0	0	0	0	0	0	7.01946	0	0	0	0	0	0	0	0	2.62012	0	0	0	0	5.88057	0	0	0	0	0	8.91583	0	10.61286	8.97422	1.43243	0	0	6.37024	3.12466	4.61988	11.7613	0	0	1.39658	3.16126	6.10204	0	0	5.96931	8.10963	9.80546	7.53137	1.39658	4.31605	6.32977	6.88357	3.62704	6.42368	5.29306	10.93339	6.86036	7.1635	4.71244	4.56634	3.7985	0	5.11498	0	10.05507	0	0	0	0.71677	0	0	0	6.04159	0	0	0	0	0	0	0	0	0	0	0	0	0	
0	0	0	0	6.2039	0	0	0	0	0	0	4.93551	0	0	0	0	0	0	0	0	0	0	0	0	0	0	0	0	0	0	0	0	0	0	0	0	0	0	0	8.39212	0	0	8.44497	0	3.96609	0	0.59673	0	0	0	0	0	0	0	9.87137	0	0	0	0	5.78278	8.1559	0	6.4043	5.92019	7.30978	0	0.95512	6.78744	7.46881	8.35827	7.95674	6.91626	5.06764	5.35607	0	0	4.92895	2.28125	4.37502	5.30779	1.83754	4.09487	0	0	6.05825	0	3.49774	9.48439	0	4.90752	0	0	0	0	0	0	0	0	0	0	
0	0	0	0	0	0	0	0	0	0	0	0	0	0	0	0	0	4.30304	0	0	0	2.28125	8.42621	0	0	0	8.9406	0	0	0	0	0	0	5.83378	5.85465	0	0	0	0	0	0	0	0	0	0	0	0	0	1.19346	0	1.19346	0	0	0	0	6.91775	6.60368	7.59498	3.01409	2.07639	0	5.30836	5.2672	0	7.86319	7.50233	5.86938	6.13901	5.08275	4.02072	5.18253	4.40051	6.39575	6.36405	6.30936	3.06938	7.96473	0	6.13951	4.42018	0	0	7.75436	0	5.97214	7.02197	0	1.55115	0	8.44492	0	0	0	0	0	0	9.31715	0	0	0	
0	0	0	0	0	0	0	0	6.73264	0	0	0	0	0	0	0	0	0	0	0	0	0	0	0	0	0	0	0.71677	0	0	0	0	0	0	0	0	0	0	0	8.88704	0	0	0	0	0	5.30779	0	4.03949	3.57767	0	0	12.1753	0	0	0	0	0	0	6.44484	0	8.39896	0	8.58269	7.98066	7.9703	5.22216	5.57982	0	0	5.3844	7.52237	1.19346	8.69806	8.49929	4.62121	11.09144	1.56233	0	0	8.93973	5.65894	8.06349	9.77611	4.65473	4.14225	0	0	0	0	0	3.7939	0	10.086	0	0	0	0	0	0	0	
0	0	0	0	0	0	0	0	0	0	0	0	0	6.01584	0	0	0	0	0	4.1482	0	0	0	0	0	3.57639	0	0	0	0	0	0	0	0	3.41312	0	0	5.24075	0	0	9.72985	0	0.71677	6.39252	1.19346	0	0	0	0	0	9.09458	5.07974	0	0	13.25262	0	0	0	0	6.02986	5.00808	0	5.20152	10.04662	6.28947	3.6149	6.91749	3.6534	0	4.98234	6.67065	0	5.50224	6.54876	7.90532	8.784	5.10686	4.74258	5.72227	2.61498	0	8.49284	2.07639	6.26457	1.81377	0	0	6.96061	3.34691	0	6.28947	0	0	3.32323	0	0	0	0	4.4053	0	
0	0	0	0	0	0	0	15.26076	0	0	0	0	0	0	0	0	0	0	0	0	0	0	0	0	0	0	0	0	8.11406	0	0	0	0	0	10.4496	0	0	0	0	0	0	5.23055	0	0	0	0	11.0981	0	0	0	0	0	8.91966	0	0	0	4.60864	11.49508	0	2.74388	8.04584	0	0	5.3187	0	8.1667	0	6.81471	6.44654	11.92567	12.3921	4.14436	10.51538	4.5866	4.24929	5.28971	6.31862	2.62012	6.05283	5.99542	7.35896	5.86484	0.77558	0	5.92447	0	0.71677	2.09982	0	0	7.06829	8.75109	0	0	0	0	8.85698	0	0	0	
0	0	0	0	0	0	0	0	0	0	0	0	0	0	0	0	0	0	0	0	0	0	0	0	0	0	0	0	0	0	0	0	0	0	0	0	0	4.5587	0	0	0	0	0	0	0	0	0	0	0	0	0	5.35421	0	1.46395	0	0	2.07639	6.22571	1.55115	0	1.83754	0	6.54942	10.44985	5.10693	5.2437	0	0	7.25807	6.88863	0	9.19778	5.14115	8.17902	7.03292	5.04408	0	3.94188	6.75505	5.56718	3.39135	6.87619	3.12466	0	0	0	3.83288	0	0	0	0	0	4.89332	4.57061	4.43242	0	0	0	0	0	
0	0	0	0	0	0	0	5.50467	0	0	0	0	0	0	0	0	0	0	0	0	0	0	0	0	0	0	0	0	0	0	0	0	0	0	0	0	0	3.59386	0	3.41312	0	0	0	0	0	0	0	0	0	0	4.31984	0	0	12.35351	6.01742	0	0	10.37897	10.051	11.41371	0	0.71677	0	7.40899	8.63258	9.72547	0	0	6.29825	4.47666	7.49612	3.81092	5.19009	5.36125	7.04739	6.05549	4.65198	0	6.68612	5.62457	7.42713	7.62871	2.52249	5.06881	1.56233	0	0	4.51722	0	0	4.34376	0	0	0	0	5.51467	0	0	0	0	
0	0	0	0	0	0	0	0	0	0	0	0	0	0	0	0	0	0	0	0	0	0	0	0	0	11.08278	0	0	0	0	0	0	0	0	0	0	0	8.72936	0	0	0	0	0	0	8.34859	0	0	0	10.13183	0	0	0	0	0	0	0.71677	0	0	0	0	0	0	7.58382	0	0	6.41398	7.25001	5.24447	0	4.8591	1.70656	0	5.32083	0	8.23609	4.78449	0	6.46935	5.13588	4.34894	2.44922	0	3.04348	0	8.67361	6.13896	0	0	0	0	10.57441	0	0	0	0	0	0	0.71677	0	0	
0	0	0	0	0	0	0	0	0	0	0	0	12.25969	0	0	0	0	0	0	0	0	0	0	0	0	0	0	0	0	0	0	0	0	0	0	0	0	0	0	0	0	0	0	0	0	0	0	10.27432	0	0	4.80875	0	12.76176	0	0	0	0	0	0	3.33248	0	0	0	6.15928	9.46803	12.50924	10.17047	0	0	0	0	9.13311	0	0	0	1.96019	6.49787	7.63687	4.2034	3.64446	0	4.78945	4.58904	4.12136	3.98076	1.99095	3.08843	0	4.80875	0	0	0	0	6.11293	0	0	0	0	0	0	
0	0	0	0	0	0	0	0	0	0	0	0	0	0	0	0	0	0	0	0	0	0	0	0	0	0	0	0	0	0	0	0	9.88026	0	0	0	0	0	0	0	4.34376	0	0	0	0	0	0	0	0	0	0	0	0	0	0	0	5.4131	0	0	0	13.39077	0	0	4.31332	0	2.46061	0	0	5.93623	0	0	0	7.80511	0	0	4.74093	0	0	7.96077	9.18291	7.88035	5.18557	8.29934	0	3.7939	0	1.83754	0	0.71677	0.71677	5.58061	3.86382	4.3785	0	0	0	0	0	0	0	
0	0	0	0	0	0	0	1.61368	0	0	0	0	0	0	0	0	0	0	0	0	0	0	0	0	0	0	0	3.92191	0	0	0	0	0	0	0	0	0	0	0	0	0	0	0	0	0	0	0	0	0	0	0	0	0	0	0	0	0	1.19346	0	0	0	0	0	0	0	0	0	0	0	0	2.93117	2.90579	7.84637	12.03546	0	8.73591	4.24929	0	9.13928	11.65051	0	5.29976	0	7.15553	2.07639	8.54799	0	9.90851	0	0	0	14.10256	0	0	0	7.93217	0	0	0	0	
0	0	0	0	0	0	0	0	0	0	0	0	0	0	0	0	0	0	0	0	6.84423	0	0	0	0	0	0	0	0	0	0	0	0	0	0	0	0	0	0	0	0	0	0	0	0	0	0	0	0	0	0	0	0	0	0	0	0	0	0	12.30663	0	0	0	0	5.73128	7.32143	7.74579	4.03839	0	0	0	0	0	0	0	1.55115	7.46033	0	0	0	3.04973	0	0	0	1.62935	6.64529	7.77349	3.95954	4.77523	0	8.29047	4.63282	11.29274	5.15983	0	5.05202	0	0	0	0	
0	0	0	0	0	0	0	0	0	0	0	0	0	0	0	0	0	0	0	0	0	0	0	0	0	0	0	0	0	0	0	0	0	0	0	0	0	0	0	0	0	0	0	0	0	0	0	0	5.39862	0	0	0	0	0	0	0	0	0	0	0	0	0	0	0	0	0	0	0	0	8.45294	8.93302	9.17065	6.13008	0	7.7842	7.30977	0	9.12149	0	0	0	6.51938	6.49899	0	3.34995	0	0	0	0	3.34096	0	0.59673	2.14722	0	2.28125	0	0	0	0	0	
0	0	0	0	0	0	0	0	0	0	0	0	0	0	0	4.47479	0	0	0	0	0	0	0	0	0	0	0	0	0	0	0	0	0	0	5.21086	0	0	0	0	0	0	0	0	0	0	0	0	0	0	0	0	0	0	0	0	0	0	0	0	0	0	0	0	0	0	0	0	2.46061	0	0	0	0	0	5.56474	0	0	0	0	0	0	0	1.19346	0	0	3.66707	0	6.75304	2.75234	6.24119	10.21169	7.69293	0	9.32337	0	0	0	0	0	0	0	
0	0	0	0	0	0	0	0	0	0	0	0	0	0	0	0	0	0	0	0	0	0	0	0	0	0	0	0	0	0	0	0	0	0	0	0	0	0	0	0	0	0	0	0	0	0	0	0	5.02377	0	0	0	0	0	0	0	0	0	0	4.93551	0	0	0	0	0	4.06013	0	0	0	0	0	5.30779	0	0	0	0	0	11.35041	0	5.94248	10.08815	0	0	11.03359	0	0	0	0	0	0	0	0	0	0	0	0	0	0	0	0	
0	0	0	0	0	0	0	0	0	0	0	0	0	0	0	0	0	0	0	0	0	0	0	0	0	0	0	0	0	0	0	0	0	0	0	0	0	0	0	0	0	0	0	0	0	0	0	0	0	0	0	0	0	0	0	2.12456	0	0	8.47659	0	0	0	0	0	11.99827	0	0	0	0	0	0	5.10693	0	3.72536	0	0	4.2973	0	0	0	3.34096	6.24051	2.74204	6.52226	0	0	0	6.85229	8.13612	0	2.07639	7.85408	13.13515	0	0	0	0	0	0	0	
0	0	0	0	0	0	0	0	0	0	0	0	0	0	0	0	0	0	0	0	0	0	0	0	0	0	0	0	0	0	0	0	0	0	0	0	0	0	0	0	0	0	0	0	0	0	0	0	0	0	0	0	0	0	0	0	0	0	0	0	0	0	0	0	0	0	0	0	0	0	0	0	0	0	0	0	0	0	0	0	0	0	0	0	0	0	0	0	0	0	0	9.18508	0	0	0	0	0	0	0	0	
0	0	0	0	0	0	0	0	0	0	0	0	0	0	0	0	0	0	0	0	0	0	0	0	0	0	0	0	0	0	0	0	0	0	0	0	0	0	0	0	0	0	0	0	0	0	0	0	0	0	0	0	0	0	0	0	0	0	0	0	0	0	0	0	0	0	0	0	0	0	6.09498	0	0	0	0	0	0	0	0	7.45901	0	0	0	9.22286	0	0	0	0	0	0	2.67747	14.54208	0	0	0	0	0	0	0	0	
0	0	0	0	0	0	0	0	0	0	0	0	0	0	0	0	0	0	0	0	0	0	0	0	0	0	0	0	0	0	0	0	0	0	0	0	0	0	0	0	0	0	0	0	0	0	0	0	0	0	0	0	0	0	0	0	0	0	0	8.31691	0	0	0	0	0	0	0	0	0	0	2.28125	0	0	0	0	0	0	0	0	0	0	0	0	0	0	0	2.28125	0	0	0	0	0	0	0	0	0	0	0	0	0	
0	0	0	0	0	0	0	0	0	0	0	0	0	0	0	0	0	0	0	0	0	0	0	0	0	0	0	0	0	0	0	0	0	0	0	0	0	0	0	0	0	0	0	0	0	0	0	0	0	0	0	0	0	0	0	0	0	0	0	0	0	0	0	0	0	0	0	0	0	6.31301	1.19346	0	0	0	0	0	0	0	3.72536	0	0	0	0	0	0	0	0	0	8.84289	0.71677	0	0	0	0	0	0	0	0	0	0	
0	0	0	0	0	0	0	0	0	0	0	0	0	0	0	0	0	0	0	0	0	0	0	0	0	0	0	0	0	0	0	0	0	0	0	0	0	0	0	0	0	0	0	0	0	0	0	0	0	0	0	0	0	0	0	0	0	0	0	0	0	0	0	0	0	0	0	0	0	0	0	0	0	0	0	0	0	0	0	0	0	0	0	0	0	0	0.71677	0	0	0	0	0	0	0	0	0	0	0	0	0	
0	0	0	0	0	0	0	0	0	0	0	0	0	0	0	0	0	0	0	0	0	0	0	0	0	0	0	0	0	0	0	0	0	0	0	0	0	0	0	0	0	0	0	0	0	0	0	0	0	0	0	0	0	0	0	0	0	0	6.96804	0	0	0	0	0	0	0	0	0	0	0	0	0	0	0	0	6.00142	0	0	0	0	0	0	0	0	0	0	0	0	0	0	0	0	0	0	0	0	0	0	0	0	
0	0	0	0	0	0	0	0	0	0	0	0	0	0	0	0	0	0	0	0	0	0	0	0	0	0	0	0	0	0	0	0	4.63282	0	0	0	0	0	0	0	0	0	0	0	0	0	0	0	0	0	0	0	0	0	0	0	0	0	0	0	0	0	1.83754	0	0	0	0	0	0	0	0	0	0	0	0	5.545	0	0	0	0	0	0	0	0	0	0	0	0	0	0	0	0	0	0	0	0	0	0	0	0	
0	0	0	0	0	0	0	0	0	0	0	0	0	0	0	0	0	0	0	0	0	0	0	0	0	0	0	0	0	0	0	0	0	0	0	0	0	0	0	0	0	0	0	0	0	0	0	0	0	0	0	0	0	0	0	0	0	0	0	0	0	0	0	0	0	0	0	0	0	0	0	0	0	0	0	0	0	0	0	0	0	0	0	0	0	0	0	0	0	0	0	0	0	0	0	0	0	0	0	0	
0	0	0	0	0	0	0	0	0	0	0	0	0	0	0	0	0	0	0	0	0	0	0	0	0	0	0	0	0	0	0	0	0	0	0	0	0	0	0	0	0	0	0	0	0	0	0	0	0	0	0	0	0	0	0	0	0	0	0	0	0	0	0	0	0	0	0	0	0	0	0	0	0	0	0	0	0	0	0	0	0	0	0	0	0	0	0	0	0	0	0	0	0	0	0	0	0	0	0	0	
0	0	0	0	0	0	0	0	0	0	0	0	0	0	0	0	0	0	0	0	0	0	0	0	0	0	0	0	0	0	0	0	0	0	0	0	0	0	0	0	0	0	0	0	0	0	0	0	0	0	0	0	0	0	0	0	0	0	0	0	0	0	0	0	0	0	0	0	0	0	0	0	0	0	0	0	0	0	0	0	0	0	0	0	0	0	0	0	0	0	0	0	0	0	0	0	0	0	0	0	
0	0	0	0	0	0	0	0	0	0	0	0	0	0	0	0	0	0	0	0	0	0	0	0	0	0	0	0	0	0	0	0	0	0	0	0	0	0	0	0	0	0	0	0	0	0	0	0	0	0	0	0	0	0	0	0	0	0	0	0	0	0	0	0	0	0	0	0	0	0	0	0	0	0	0	0	0	0	0	0	0	0	0	0	0	0	0	0	0	0	0	0	0	0	0	0	0	0	0	0	
0	0	0	0	0	0	0	0	0	0	0	0	0	0	0	0	0	0	0	0	0	0	0	0	0	0	0	0	0	0	0	0	0	0	0	0	0	0	0	0	0	0	0	0	0	0	0	0	0	0	0	0	0	0	0	0	0	0	0	0	0	0	0	0	0	0	0	0	0	0	0	0	0	0	0	0	0	0	0	0	0	1.83754	0	0	0	0	0	0	0	0	0	0	0	0	0	0	0	0	0	0	
0	0	0	0	0	0	0	0	0	0	0	0	0	0	0	0	0	0	0	0	0	0	0	0	0	0	0	0	0	0	0	0	0	0	0	0	0	0	0	0	0	0	0	0	0	0	0	12.0526	0	0	0	0	0	0	0	0	0	0	0	0	0	0	0	0	0	0	0	0	0	0	0	0	0	0	8.41336	0	0	0	0	0	0	0	0	0	0	0	0	0	0	0	0	0	0	0	0	0	0	0	0	0	
