0	0	0	0	0	0	0	0	0	0	0	0	0	0	0	0	0	0	0	0	0	0	0	0	0	0	0	0	0	0	0	0	0	0	0	0	0	0	0	0	0	0	0	0	0	0	0	0	0	0	0	6.74736	0	0	0	0	0	0	0	0	0	0	0	0	0	0	0	0	0	0	0	0	0	0	0	0	0	0	0	0	0	0	0	0	0	0	0	0	0	0	0	0	0	0	0	0	0	0	0	0	
0	0	0	0	0	0	0	0	0	0	0	0	0	0	0	0	0	0	0	0	0	0	0	0	0	0	0	0	0	0	0	0	0	0	0	0	0	0	0	0	0	0	0	0	0	0	0	12.89029	0	0	0	0	0	0	0	0	0	0	0	0	0	0	0	9.00939	0	0	0	0	0	0	0	0	0	0	0	0	0	0	0	0	0	0	0	0	0	0	0	0	0	0	0	0	0	0	0	0	0	0	0	0	
0	0	0	0	0	0	0	0	0	0	0	0	0	0	0	0	0	0	0	0	0	0	0	0	0	0	0	0	0	0	0	0	0	0	0	0	0	0	0	0	0	0	0	0	0	0	0	0	0	0	0	0	0	0	10.03804	0	0	0	0	0	0	0	0	0	0	0	0	0	0	0	0	0	0	0	0	0	0	0	0	0	0	0	0	0	0	0	0	0	0	0	0	0	0	0	0	0	0	0	0	0	
0	0	0	0	0	0	0	0	0	0	0	0	0	0	0	0	0	0	0	0	0	0	0	0	0	0	0	0	0	0	0	0	0	0	0	0	0	0	0	0	0	0	0	0	0	0	11.18723	9.64526	0	0	0	0	0	0	0	0	0	0	0	0	0	0	0	0	0	0	0	0	0	0	0	0	0	0	0	0	0	0	0	0	0	0	0	0	0	0	0	0	0	0	0	0	0	0	0	0	0	0	0	0	
0	0	0	0	0	0	0	0	0	0	0	0	0	0	0	0	0	0	0	0	0	0	0	0	0	0	0	0	0	0	0	0	0	0	0	0	0	3.84643	0	0	0	0	0	11.85239	0	0	0	0	0	0	0	0	0	0	0	0	0	0	0	0	0	0	0	0	0	0	0	0	0	0	0	0	0	0	0	0	0	0	0	0	0	0	0	0	0	0	0	0	0	0	0	0	0	0	0	0	0	0	0	0	
0	0	0	0	0	0	0	0	0	0	0	0	0	0	0	0	0	0	0	0	0	0	0	0	0	0	0	0	0	0	0	0	0	0	0	0	0	0	0	0	0	0	0	0	0	0	0	0	0	0	0	0	0	0	0	0	0	0	0	0	0	0	0	0	0	0	0	0	0	0	0	0	9.47502	0	0	0	0	0	0	0	0	0	0	0	0	0	0	0	0	0	0	0	0	0	0	0	0	0	0	0	
0	0	0	0	0	0	0	0	0	0	0	0	0	0	0	0	0	0	0	0	0	0	0	0	0	0	0	0	0	0	0	0	0	0	0	0	0	0	0	0	0	0	0	0	0	0	0	0	0	0	0	0	0	0	0	0	0	0	0	0	0	0	0	0	0	0	0	0	0	0	0	0	0	0	11.46702	0	0	0	0	0	0	0	0	0	0	0	0	0	0	0	0	0	0	0	0	0	0	0	0	0	
0	0	0	0	0	0	0	0	0	0	0	0	0	0	0	0	0	0	0	0	0	0	0	0	0	0	0	0	0	0	0	0	0	0	0	0	0	0	0	0	0	0	0	0	0	0	0	0	0	0	0	9.61899	0	0	0	14.37615	0	0	7.5428	0	0	0	0	0	0	0	0	0	0	0	0	0	0	0	0	0	0	0	0	0	0	0	0	0	0	0	0	0	0	0	0	0	0	0	0	0	0	0	0	0	
0	0	0	0	0	0	0	0	0	0	0	0	0	0	0	0	0	0	0	0	0	0	0	0	0	0	0	0	0.71141	0	0	0	0	0	0	0	0	0	0	0	0	0	0	0	0	0	0	0	0	0	0	0	0	0	0	0	0	0	0	0	0	0	0	0	0	0	0	4.46565	0	0	0	0	0	0	0	0	0	0	0	0	0	0	0	0	0	0	0	0	0	0	0	0	0	0	0	0	0	0	0	0	
0	0	0	0	0	0	0	0	0	0	0	0	0	0	0	0	0	0	0	0	0	0	0	0	0	0	0	0	0	0	0	0	0	0	0	0	0	0	0	0	0	0	0	0	0	0	0	0	0	0	0	0	0	0	0	3.1124	0	0	0	0	0	0	0	0	0	0	0	0	0	0	0	0	0	0	0	0	0	0	0	0	0	0	0	0	0	0	0	0	0	0	0	0	0	0	0	0	0	0	0	0	
0	0	0	0	0	0	0	0	0	0	0	0	0	0	0	0	0	0	0	0	0	0	0	0	0	0	0	0	0	0	0	0	0	0	0	0	0	0	0	0	0	0	0	0	0	0	0	0	0	0	0	0	0	0	0	0	0	0	0	0	0	0	0	0	0	0	0	13.94499	0	0	0	0	0	0	0	0	0	0	0	0	0	0	0	0	0	0	0	0	0	0	0	0	0	0	0	0	0	0	0	0	
0	0	0	0	0	0	0	0	0	0	0	0	0	0	0	0	0	0	0	0	0	0	0	0	0	0	0	0	0	0	0	0	0	0	0	0	0	0	0	0	0	0	0	0	0	0	0	0	0	0	0	0	1.82758	0	0	0	10.68623	0	0	0	0	0	0	0	0	0	0	0	0	0	0	6.68617	0	0	0	0	0	0	0	0	0	0	0	0	0	0	0	0	0	0	0	0	0	0	0	0	0	0	0	0	
0	0	0	0	0	0	0	0	0	0	0	0	0	0	0	0	0	0	0	0	0	0	0	0	0	0	0	0	0	0	0	0	0	0	0	0	0	0	0	0	0	0	0	0	0	0	0	0	6.22753	0	0	0	12.32271	0	0	0	0	0	0	0	0	0	0	0	0	0	0	2.27026	0	0	0	0	0	0	0	0	0	0	0	0	0	0	0	0	0	0	0	0	0	0	0	0	0	0	0	0	0	0	0	0	
0	0	0	0	0	0	0	0	0	0	0	0	0	0	0	0	0	0	0	0	0	0	0	0	0	0	0	0	0	0	9.97548	0	0	0	0	0	0	0	0	1.82758	0	0	0	0	0	0	0	10.62895	0	0	0	0	0	0	0	0	0	2.88235	1.54206	0	8.75439	0	0	10.53105	0	0	0	0	0	0	0	0	0	0	0	0	0	0	0	0	0	0	0	0	0	0	0	0	0	0	0	0	0	0	0	0	0	0	0	0	
0	0	0	0	0	0	0	0	0	0	0	0	0	0	0	0	0	0	0	0	0	0	0	0	0	0	0	0	0	0	0	0	0	0	0	0	0	0	0	0	0	0	0	0	0	0	0	0	0	0	0	0	0	0	4.82942	0	0	0	0	0	0	0	0	0	0	0	0	0	0	0	0	0	0	0	0	0	0	0	0	0	0	0	0	0	0	0	0	0	0	0	0	0	0	0	0	0	0	0	0	0	
0	0	0	0	0	0	0	0	0	0	0	0	0	0	0	0	0	0	0	0	0	0	0	0	0	0	0	0	0	0	0	0	0	0	0	0	0	0	0	0	0	0	11.69462	0	0	0	0	0	0	0	0	0	10.26945	0	0	0	0	0	0	11.80769	0	0	0	0	0	0	0	0	0	0	0	9.80813	0	0	0	0	0	0	0	0	0	0	0	0	0	0	0	0	0	0	0	0	0	0	0	0	0	0	0	0	
0	0	0	0	0	0	0	0	0	0	0	0	0	0	0	0	0	0	0	0	0	0	0	0	0	0	0	0	0	0	0	0	0	0	0	0	0	0	0	0	0	0	0	4.62259	0	0	0	10.25943	0	0	0	8.48544	0	0	0	0	0	0	10.63731	0	0	0	0	0	0	0	0	0	0	0	0	0	0	0	0	0	0	0	0	0	0	0	0	0	0	0	0	0	0	0	0	0	0	0	0	0	0	0	0	0	
0	0	0	0	0	0	0	0	0	0	0	0	0	0	0	0	0	0	0	0	0	0	0	0	0	0	0	0	0	0	0	0	0	0	0	0	0	0	0	0	0	0	8.26476	0	0	0	0	0	0	0	0	0	0	0	0	8.72427	0	0	0	0	0	0	0	0	0	0	0	0	0	0	0	0	0	0	0	0	0	0	0	0	0	0	0	0	0	0	0	0	0	0	0	0	0	0	0	0	0	0	0	0	
0	0	0	0	0	0	0	0	0	0	0	0	0	0	0	0	0	0	0	0	0	0	0	0	0	0	0	0	0	0	0	0	0	0	0	0	0	0	0	0	12.40758	0	0	0	0	0	0	0	0	0	0	0	0	0	0	0	0	0	0	0	0	0	0	0	0	0	0	0	0	0	0	0	0	0	0	0	0	0	0	0	0	0	0	0	0	0	0	0	0	0	0	0	0	0	0	0	0	0	0	0	
0	0	0	0	0	0	0	0	0	0	0	0	0	0	0	0	0	0	0	0	0	0	0	0	0	0	0	0	0	0	0	0	0	0	0	0	0	0	0	0	0	0	0	0	0	0	0	10.39563	0	0	5.61107	0	0	0	0	0	0	0	0	0	0	0	0	0	0	0	0	0	0	0	0	0	0	0	0	0	8.83714	0	0	0	0	0	0	0	0	0	0	0	0	0	0	0	0	0	0	0	0	0	0	0	
0	0	0	0	0	0	0	0	0	0	0	0	0	0	0	0	0	0	0	0	0	0	0	0	0	0	0	0	0	0	0	0	0	0	0	0	0	0	0	0	0	0	0	0	0	0	0	10.90742	0	0	9.2028	12.39926	0	0	0	0	8.12046	0	10.09127	0	7.98159	0	0	0	0	7.89153	0	0	0	0	0	0	0	0	0	0	0	0	0	0	0	0	0	0	0	0	0	0	0	0	0	0	0	0	0	0	0	0	0	0	
0	0	0	0	0	0	0	0	0	0	0	0	0	0	0	0	0	0	0	0	0	0	0	0	0	0	0	0	0	0	0	0	0	0	0	0	0	0	0	0	0	6.26388	0	0	0	0	0	0	0	0	0	0	0	0	0	0	0	0	0	0	0	0	0	0	0	0	0	0	14.48862	0	0	0	0	0	0	0	0	0	0	0	0	0	0	0	0	0	0	0	0	0	0	0	0	0	0	0	0	0	0	0	
0	0	0	0	0	0	0	0	0	0	0	0	0	0	0	0	0	0	0	0	0	0	0	0	0	0	0	0	0	0	0	3.96893	12.26727	0	0	0	0	0	0	0	0	0	0	0	0	0	0	10.82568	0	0	0	0	0	0	0	0	0	0	0	0	0	0	0	0	0	0	0	2.4493	0	0	0	0	0	0	0	0	0	0	0	0	0	0	0	0	0	0	0	0	0	0	0	0	0	0	0	0	0	0	0	0	
0	0	0	0	0	0	0	0	0	0	0	0	0	0	0	0	0	0	0	0	0	0	0	0	0	0	0	0	0	0	0	7.84829	0	0	3.56499	0	0	0	0	0	0	0	0	0	0	0	0	0	0	0	0	0	0	0	0	0	0	0	0	0	0	0	0	0	0	0	0	0	0	0	0	0	0	0	0	0	0	0	0	0	0	0	0	0	0	0	0	0	0	0	0	0	0	0	0	0	0	0	0	0	
0	0	0	0	0	0	0	0	0	0	0	0	0	0	0	0	0	0	0	0	0	0	0	0	0	0	0	0	0	0	0	0	0	0	0	0	0	0	0	0	0	0	0	10.4433	0	0	0	0	0	14.66693	0	0	0	0	11.82478	0	0	0	0	0	0	0	0	0	0	0	0	0	0	0	0	0	0	0	0	0	0	0	0	8.95228	0	0	0	0	0	0	0	0	0	0	0	0	0	0	0	0	0	0	0	0	
0	0	0	0	0	0	0	0	0	0	0	0	0	0	0	0	0	0	0	0	0	0	0	0	0	0	0	0	0	0	0	0	5.70012	0	0	0	0	0	0	0	0	0	0	0	0	0	0	3.215	0	0	3.82213	12.35673	0	0	0	0	0	0	7.31923	0	0	0	0	0	0	0	0	0	0	0	5.34042	0	0	0	0	0	0	0	0	0	0	0	0	0	0	6.46944	0	0	0	0	0	0	0	0	0	0	0	0	0	0	
0	0	0	0	0	0	0	0	0	0	0	0	0	0	0	0	0	0	0	0	0	0	0	0	0	0	0	0	0	0	0	0	0	0	0	0	0	0	0	11.06466	0	0	0	0	15.62944	0	7.26646	0	0	0	0	0	0	0	0	0	0	0	0	0	0	0	0	0	0	0	0	0	0	0	0	0	0	0	0	0	0	0	0	0	0	0	0	0	0	0	0	0	0	0	0	0	0	0	0	0	0	0	0	0	
0	0	0	0	0	0	0	0	0	0	0	0	0	0	0	0	0	0	0	0	0	0	0	0	0	0	0	0	0	0	0	0	0	0	0	10.88669	0	0	0	0	0	0	0	0	0	0	0	8.8846	0	0	0	0	0	6.75008	0	0	0	0	0	0	9.57485	0	0	0	0	0	0	0	0	0	0	0	0	0	0	0	0	0	0	0	0	0	0	0	0	0	0	0	0	0	0	0	0	0	12.04094	0	0	0	0	0	
0	0	0	0	0	0	0	0	0	0	0	0	0	0	0	0	0	0	0	0	0	0	0	0	0	0	0	0	0	0	0	0	0	0	0	0	0	0	0	0	0	12.48709	0	0	0	0	0	0	0	0	0	0	0	0	0	0	0	0	0	0	0	0	0	0	0	0	0	4.98153	0	0	0	7.6881	0	0	0	0	0	0	0	0	0	0	0	0	0	0	0	0	0	0	0	0	0	0	0	0	0	0	0	0	
0	0	0	0	0	0	0	0	0	0	0	0	0	0	0	0	0	0	0	0	0	0	0	0	0	0	0	0	0	0	0	0	0	0	0	0	0	0	0	0	5.0386	0	0	0	10.9122	0	0	7.47206	0	0	13.759	5.85111	0	0	0	12.13614	0	0	8.69794	0	14.99578	0	0	0	0	0	0	0	1.18568	0	0	0	0	0	0	0	0	0	0	0	0	0	0	0	0	0	0	0	0	0	0	0	0	0	0	2.06585	0	0	0	0	
0	0	0	0	0	0	0	0	0	0	0	0	0	0	0	0	0	0	0	0	0	0	0	0	0	0	0	0	0	0	0	0	0	0	0	0	0	0	0	0	0	0	0	0	11.57283	0	0	0	0	1.18568	0	0	6.28762	0	0	0	0	6.16483	0	0	0	6.60348	0	0	0	0	0	0	0	0	0	0	0	0	0	0	0	0	0	0	0	0	0	0	0	0	0	0	0	0	0	0	0	0	0	0	0	0	0	0	
0	0	0	0	0	0	0	0	0	0	0	0	0	0	0	0	0	0	0	0	0	0	0	0	0	0	0	0	0	0	0	0	0	0	0	0	0	0	0	0	0	0	0	11.71883	0	0	10.68587	0	0	0	4.98153	0	0	0	0	0	0	0	0	9.68284	0	0	0	0	5.0386	0	0	0	0	0	0	0	9.44895	0	0	0	13.45137	0	0	0	0	0	0	0	0	0	0	0	0	0	0	0	0	0	0	0	0	0	0	0	
0	0	0	0	0	0	0	0	0	0	0	0	0	0	0	0	0	0	0	0	0	0	0	0	0	0	0	0	0	0	0	0	0	0	0	0	0	0	0	0	0	0	0	0	0	0.71141	0	10.9079	6.40077	0	0	9.09409	1.18568	0	0	8.45756	0	0	0	0	0	0	0	0	0	0	17.06102	13.82403	0	0	0	0	0	10.78977	0	0	0	0	0	0	0	0	0	0	0	0	0	0	0	0	0	0	0	0	0	0	0	0	0	0	
0	0	0	0	0	0	0	0	0	0	0	0	0	0	0	0	0	0	0	0	0	0	0	0	0	0	0	0	0	0	0	0	0	0	0	0	0	12.79396	0	0	0	0	0	0	0	0	0	0	5.22223	0	0	3.75645	0	0	0	0	4.89146	0	0	11.07577	0	9.50949	0	0	0	0	0	0	0	0	0	0	0	0	6.97076	0	0	0	0	0	0	0	0	0	0	0	0	0	0	0	0	0	0	0	0	0	0	0	0	0	
0	0	0	0	0	0	0	0	0	0	0	0	0	0	0	0	0	0	0	0	0	0	0	0	0	0	0	0	0	0	0	0	0	0	0	0	0	0	0	0	0	0	12.95548	0	0	11.40801	0	13.6309	0	0	2.88235	0	13.08821	0	8.23455	0	0	0	0	0	0	0	0	6.03062	0	0	0	6.07221	0	0	17.03349	0	0	0	0	0	0	0	0	0	0	0	0	0	0	0	0	0	0	0	0	0	0	0	0	0	0	0	0	0	
0	0	0	0	0	0	0	0	0	0	0	0	0	0	0	0	0	0	0	0	0	0	0	0	0	0	0	0	0	0	0	0	0	0	0	0	0	0	0	0	0	0	0	0	0	0	0	8.61828	8.2192	0	0	12.67625	0	0	0	0	0	0	0	0	0	0	0	0	13.89372	0	0	0	0	0	0	0	0	0	0	0	0	0	0	0	0	0	0	0	0	0	0	0	0	0	0.71141	0	0	0	0	0	0	0	0	0	
0	0	0	0	0	0	0	0	0	0	0	0	0	0	0	0	0	0	0	0	0	0	0	0	0	0	0	0	0	0	0	0	0	0	0	0	0	0	0	0	0	0	0	0	0	0	0	10.70308	0	0	0	0	8.87288	19.31752	0	0	0	0	7.70952	10.166	0	0	0	0	0	0	0	0	0	0	0	0	0	0	0	0	0	0	0	0	0	0	0	0	0	0	0	0	0	0	0	0	0	0	0	0	0	0	8.26176	0	
0	0	0	0	0	0	0	0	0	0	0	0	0	0	0	0	0	0	0	0	0	0	0	0	0	0	0	0	0	0	0	0	0	0	0	0	0	0	0	0	0	0	6.80606	0	0	0	0	0	0	6.45516	0	5.31754	0	7.30185	0	0	0	0	0	0	0	0	0	0	12.622	0	0	0	0	0	0	0	0	0	0	0	16.09298	0	0	0	0	0	0	0	0	0	0	0	0	0	0	0	0	0	0	0	0	0	0	0	
0	0	0	0	0	0	0	0	0	0	0	0	11.12354	0	0	0	0	0	0	0	0	0	0	0	0	0	0	0	0	0	9.88308	0	0	0	0	0	0	0	0	0	0	0	5.91194	0	0	0	0	6.45418	0	0	12.08838	0	0	12.93461	14.0433	0	6.55114	0	0	0	0	0	0	7.50786	5.24666	5.70012	0	0	0	0	0	0	0	0	0	0	0	0	0	0	0	0	0	0	0	0	0	0	0	0	0	0	0	0	0	0	0	0	0	0	
0	0	0	0	0	0	0	0	0	0	0	0	0	0	0	0	0	0	0	0	0	0	0	0	0	0	0	0	0	0	0	0	0	0	0	0	0	0	0	0	0	0	0	0	0	10.45971	10.91602	0	2.27026	10.17796	2.88235	7.51592	7.28194	0	4.95213	6.00207	0	0	0	0	8.98963	0	0	0	0	0	0	0	0	5.64296	0	0	0	0	0	0	7.80521	0	0	0	0	0	0	0	0	0	0	0	0	0	0	0	0	0	0	0	0	0	0	0	
0	0	0	0	0	0	0	0	0	0	0	0	0	0	0	9.64199	0	0	0	0	0	0	0	0	0	0	0	0	0	0	0	0	0	0	0	1.18568	11.8812	0	0	0	0	0	0	4.89146	0	10.84481	7.27454	9.18554	2.4493	8.15613	0	0	11.37377	0	10.88182	0	0	0	0	7.01244	0	5.0386	0	4.65646	0	8.76076	0	0	12.21833	0	7.06832	0	0	0	0	11.79972	0	12.0626	0	5.58989	0	0	0	0	0	0	0	0	0	0	7.36457	0	0	0	0	0	0	0	0	0	
0	0	0	0	0	0	0	0	0	0	0	0	0	0	0	0	0	0	0	0	0	0	0	0	0	0	10.66903	0	0	0	0	6.3225	0	0	4.50271	0	0	0	0	0	11.06578	0	0	0	0	0	0	0	8.96783	7.71897	1.18568	8.01752	9.77703	0	11.03604	0	6.03062	0	0.71141	0	16.47447	4.89146	0	0	0	6.90144	0	0	0	0	0	0	0	9.08075	0	0	0	0	0	0	0	0	0	0	0	0	0	0	0	0	0	0	0	0	0	0	0	0	0	0	
0	0	0	0	0	0	0	0	0	0	0	0	0	0	0	0	0	0	0	12.41585	0	0	0	0	0	0	0	0	0	0	0	0	0	0	0	0	0	0	0	0	0	0	0	12.83338	0	0	13.69429	11.2789	9.32969	0	9.13573	8.87149	11.93409	0	0	0	12.75179	0	0	5.83244	6.72622	0	0	11.86132	0	8.46539	0	3.48513	0	0	0	0	0	0	0	0	0	0	0	0	0	0	0	0	0	0	0	0	0	0	5.37921	0	0	0	0	0	0	0	0	0	
0	0	0	0	0	0	0	0	0	0	0	0	8.59231	0	0	0	0	0	0	10.77882	0	0	0	0	0	0	0	0	0	0	0	0	0	14.55802	0	0	0	0	0	0	0	9.69952	11.96294	0	8.20033	0	0	1.36595	10.61377	0	0.71141	8.44723	8.72933	0	9.0059	7.89153	4.85587	11.91511	5.14127	0	0	0	0	0	13.32839	0	0	0	0	0	0	0	0	0	0	0	0	0	11.73672	0	0	0	0	0	0	0	0	0	0	0	0	0	0	0	0	0	0	0	0	0	
0	0	0	0	0	0	0	0	0	0	0	0	0	0	0	0	0	0	0	0	0	0	0	12.82951	0	0	0	0	0	0	0	0	0	0	0	0	0	0	7.92597	0	0	0	7.32793	9.56153	15.29008	0	9.92304	4.56623	0	7.23072	8.37964	5.41039	0	0	0	0	0	8.83868	14.64879	9.4776	11.48766	0	0	0	6.4853	0	0	0	0	0	0	0	0	0	0	0	0	0	0	0	0	0	0	0	0	0	0	0	0	0	0	0	0	0	0	0	0	0	0	0	
0	0	4.41922	0	0	0	0	0	0	0	0	0	0	0	0	0	0	0	0	0	0	0	0	0	0	0	0	0	0	0	0	0	0	0	0	0	0	0	0	0	11.50186	0	0	0	0	10.27243	0	5.33153	12.12115	10.60084	0	8.70897	11.61565	6.85155	0	8.31759	0	0	16.87277	1.54206	6.90359	0	6.65001	8.63688	0	0	0	0	0	0	0	6.74088	0	0	0	0	0	0	0	0	0	0	0	0	0	0	0	0	0	0	0	0	0	0	0	0	0	0	0	0	
0	0	0	0	0	0	0	0	0	0	0	6.70392	0	0	0	0	0	0	0	0	0	0	0	0	0	0	0	0	0	0	0	0	2.60853	0	0	0	0	6.31646	11.74402	7.03365	9.33112	3.68852	0	0	10.09248	5.62986	11.03214	6.61742	10.80476	0	11.37689	0	1.96321	6.66621	0	10.27005	8.25624	10.01106	0	0	0	0	0	0	0	0	0	5.44965	0	0	0	0	12.33664	0	0	4.58163	0	0	9.88502	0	0	0	0	0	0	0	0	0	0	0	0	0	0	0	0	7.24811	0	0	0	0	
0	0	0	0	0	0	0	0	0	0	0	0	0	0	0	0	0	0	0	0	0	0	0	0	0	0	0	0	0	0	0	0	0	0	8.06636	7.49739	0	0	0	6.78953	0	12.70587	0	11.27347	14.91168	9.15273	6.75499	5.81345	9.23232	10.79541	9.72121	10.80835	3.40058	7.60198	0	0	5.31301	0	0	9.1047	9.49937	0	8.18169	0	0	0	0	0	0	0	0	0	0	0	0	0	0	0	1.82758	0	0	0	0	0	0	0	0	10.50281	0	0	0	0	0	0	0	0	0	0	0	0	
0	0	0	0	0	0	0	0	8.90201	0	7.5129	0	0	0	0	0	0	0	0	0	0	0	0	0	0	0	8.02813	0	0	0	0	0	0	0	0	14.50607	0	10.63878	10.95267	0	9.7906	8.73294	0	10.09884	0	10.89598	8.68088	8.43871	8.73193	8.43967	0	4.59487	7.66109	0	0	0	5.66815	2.06585	0	0	0	0	2.06585	0	0	0	12.53389	0	0	0	0	0	0	0	0	0	0	0	0	0	0	0	0	0	0	0	0	0	0	0	0	0	0	0	0	0	0	0	0	0	
0	0	0	0	0	0	0	0	0	0	0	9.35237	0	0	12.58836	0	0	0	0	0	0	0	0	0	0	0	0	0	0	0	0	11.10027	0	0	5.51143	0	11.91374	0	0	11.35543	0.71141	0	11.04413	9.67068	9.12895	7.26913	11.01859	8.3348	1.70029	10.20341	10.3296	8.21549	8.12506	7.46918	0	1.54206	8.69108	0	0	9.46335	10.61024	10.50265	0	10.02398	0	0	0	0	0	0	0	0	0	0	0	5.59892	0	0	0	0	0	0	0	4.95213	0	0	0	0	0	0	0	0	0	0	0	0	0	0	0	0	
0	0	0	0	0	0	0	0	0	0	0	0	11.79585	0	0	0	0	0	0	0	0	0	0	0	0	0	0	0	0	9.77073	0	0	8.18169	0	0	0	14.42098	0	14.76523	10.72062	11.13382	7.94101	9.48739	8.63549	8.96556	5.5466	10.52531	9.84883	9.95154	9.2795	7.6544	11.02284	11.02681	9.17058	6.16504	11.77332	6.52569	0	0	4.98153	5.14637	0	0	0	0	8.04911	0	0	0	0	0	0	0	10.07186	0	0	0	0	0	0	9.45551	0	0	0	0	0	0	0	0	0	0	0	0	0	0	0	0	0	0	0	
0	0	0	0	0	0	0	11.96662	0	0	0	10.85874	0	0	0	0	0	0	0	0	0	0	0	0	0	0	0	8.13011	0	0	1.18568	0	11.64581	0	0	0	5.19739	3.40058	9.5878	10.62358	9.99877	3.82967	0	8.39898	9.41161	9.75311	8.73986	8.81885	10.64319	8.98484	4.74976	8.48064	10.22327	9.29644	7.0509	11.11273	9.02536	5.84856	3.84671	8.87288	5.1265	12.40164	7.80783	0	10.07942	0	0	0	0	0	0	0	0	11.7605	0	0	0	0	0	0	0	0	0	0	0	0	0	0	0	0	0	0	0	0	0	0	0	0	0	0	
9.90817	0	0	0	0	0	0	0	5.20986	0	0	0	9.95987	0	0	0	0	0	0	0	0	0	0	0	10.57873	0	0	9.52829	0	0	0	0	7.08195	0	10.78604	7.97064	0	7.34208	9.90737	4.58188	6.75589	9.17767	4.3801	9.59599	11.54698	9.39236	8.30166	9.28775	5.76041	1.2695	9.22319	6.96375	7.1393	4.69562	11.34278	9.50656	8.2737	2.79495	0	10.01861	8.9567	1.18568	0	3.53072	0	7.09546	0	0	0	0	1.54206	0	0	0	0	0	0	0	0	0	0	0	4.97804	0	0	13.36729	0	0	0	0	0	0	0	0	0	0	0	0	0	0	
0	0	0	9.54193	0	0	0	0	0	0	0	0	0	0	0	0	0	0	6.33395	0	0	11.0885	0	1.18568	10.64394	6.05848	0	0	9.98004	7.67015	11.87768	0	8.90201	0	0	9.25791	0	9.2098	11.22686	9.90432	6.51523	7.14293	9.15259	8.18737	7.60733	9.77895	7.51646	8.45602	9.15946	8.41794	10.04789	4.51226	10.52354	4.96129	5.40896	8.14419	0	1.85628	4.68597	7.09577	15.27437	2.4493	9.06539	0	0	0	0	0	0	4.54272	0	0	8.3433	0	3.31078	6.63158	9.12753	1.94684	0	8.79842	0	0	0	0	0	0	0	0	0	0	0	0	0	0	0	0	0	0	0	0	
8.36298	0	0	0	12.81159	6.55249	0	0	0	0	0	0	0	0	0	0	0	8.39611	0	0	0	0	0	0	10.52545	0	9.06379	7.33431	0	12.64127	10.30244	0	0	0	12.5373	5.91346	5.0313	11.08042	11.76579	9.98126	6.09731	9.44509	9.79384	8.39266	9.43055	8.14079	9.25967	9.48487	6.37287	9.41238	4.47305	9.95176	12.80711	7.66096	7.48916	8.26426	7.74729	1.74889	0.91379	9.338	8.49627	0	6.01549	11.05215	10.92124	10.01067	8.2839	0	0	0	0	0	0	0	1.82758	0	0	0	0	0	0	0	0	0	0	0	0	0	0	0	0	0	0	0	0	0	0	0	0	0	
0	0	0	0	0	0	0	0	6.45418	0	7.6881	0	0	0	0	0	7.57691	10.12295	11.71774	6.37883	9.28174	10.18103	0	0	0	12.6593	0	6.74736	5.30454	10.51794	0	11.42215	9.65915	8.38236	9.18575	10.44722	7.13752	9.82252	9.5087	9.75933	9.39723	8.96374	2.89837	8.26186	9.11329	8.03661	7.51546	8.0251	7.19829	5.22312	6.80724	8.51321	6.79115	7.91727	4.05301	5.06961	7.94316	8.36856	0	10.04763	5.41936	2.75193	9.70986	0	5.69064	9.6141	0	0	0	0	0	2.60853	0	0	4.3306	0	0	0	11.17296	0	0	0	0	0	0	4.89146	0	0	0	0	0	0	0	0	0	4.95213	0	0	0	0	
0	10.71625	0	0	1.54206	9.96356	0	0	0	0	0	0	0	0	3.90899	11.66519	0	10.57873	8.48014	0	6.81425	0	4.28417	0	0	0	0	0	9.55308	9.92435	6.79041	0	10.60612	2.30331	10.69256	6.2845	7.75035	7.30201	7.47185	9.14316	8.90081	6.91633	7.30833	7.36519	8.56939	5.45346	7.71914	8.79907	8.37334	7.66315	6.25717	8.00683	7.38028	4.91434	7.45587	5.27306	0	4.77352	8.33449	2.98522	0	8.47834	0	11.21573	10.6016	1.82758	4.24145	9.46595	0	0	0	0	0	0	0	4.65646	0	0	0	0	8.38705	0	0	0	0	0	0	0	0	0	0	0	0	0	0	0	0	0	0	0	
0	10.11551	6.3453	0	6.74933	0	0	0	0	0	7.06145	0	0	0	7.85228	11.73968	0	9.29936	0	0	2.27026	10.54773	7.25011	8.172	4.7619	12.02316	0	3.44652	8.45232	6.23646	10.11717	10.5901	10.33298	12.08673	10.88775	5.30835	8.38242	6.92807	6.88696	8.9392	6.89084	7.80177	6.96688	6.49131	7.16039	5.93229	7.95224	6.97192	7.97835	7.81981	7.67317	8.19487	7.53724	6.81255	6.38365	5.47782	8.02703	8.16575	6.91181	8.37411	0	5.22898	9.97333	8.37611	3.22183	2.06585	1.18568	0	0	0	0	2.27026	0	12.14206	6.65913	0	7.34208	0	6.86246	0	0	0	0	4.72184	0	3.53296	0	0	0	0	0	0	0	0	0	0	0	0	0	0	
0	0	0	0	0	0	0	0	5.12017	0	8.81076	12.89978	0	0	0	0	0	0	10.53601	0	0.71141	0	0	0	0	9.08584	9.86032	0	0	11.89213	6.02022	3.78106	7.26646	7.79689	10.06118	8.84053	6.83243	8.11578	7.48106	8.63718	4.46993	7.10736	8.36003	8.58641	5.0307	7.28134	6.11382	8.2478	8.07981	8.92114	7.76768	7.20187	5.50181	6.60077	7.4802	7.8048	8.89328	7.12012	5.36294	6.05798	7.89451	5.81128	19.21302	6.23367	0	7.84519	0	6.45254	0	0	0	0	0	0	0	0	0	0	0	0	0	4.08183	0	0	0	0	0	5.08382	3.31078	15.70854	0	0	0	0	0	0	0	0	0	0	
0	0	0	0	0	0	0	0	9.78539	9.44754	0	2.27026	0	10.57812	0	0	0	0	3.40058	3.31778	0	0	0	6.95307	4.3306	14.32814	2.88235	9.75664	2.27136	9.27097	0	6.07063	3.8237	3.13771	4.60414	8.41978	6.18652	4.99877	9.14757	4.80077	6.58805	7.20155	8.23425	7.85929	6.33822	5.8598	6.86376	7.68855	6.08295	7.73295	8.21911	4.75438	6.90882	5.72456	7.40353	8.19565	5.37531	6.25776	9.17603	5.76808	5.68812	7.62413	6.88795	8.60889	5.12611	8.64726	10.63358	0	0	0	0	0	0	4.13514	8.51901	0	0	0	14.69327	0	0	0	0	0	0	0	0	0	4.7619	0	2.06585	0	0	0	0	0	0	0	0	0	
0	0	8.03516	4.37263	0	3.48513	0	5.57067	7.20546	0	0	0	0	0	0	0	0	7.95444	0	0	0	0	0	11.34154	0	10.60258	0	8.93903	4.46157	8.47371	0	7.84133	0	7.6382	5.24596	9.36739	6.24803	5.99089	2.01528	9.98133	6.36967	7.90173	6.23476	5.97868	6.46308	7.25638	6.25344	7.77796	7.6216	6.54055	6.17629	7.72968	7.93544	6.64715	6.77552	5.33856	6.95595	7.52774	7.61492	6.17513	7.30843	8.63805	2.69256	11.66689	5.72339	0	0	7.08073	2.4493	9.21214	5.41158	0	8.32621	0	2.13844	0	8.08412	0	0	0	0	0	7.75059	0	0	0	0	0	0	0	0	0	0	0	0	0	0	0	0	0	
0	0	0	0	0	0	0	0	2.88235	0	10.42736	3.64067	8.50165	0	11.18881	0	0	3.00196	0	3.56499	0	0	0	0	0	0	2.75193	3.00196	4.19532	0	8.39064	8.06286	4.6086	8.32763	4.09558	7.45797	9.97338	7.34434	6.00525	8.10813	7.43361	5.12286	5.50767	7.40322	7.02166	7.31379	5.7336	6.75601	6.49125	6.54068	6.58961	8.9216	8.6756	6.28889	4.5934	6.6009	5.75954	8.22227	8.50387	4.96246	5.49178	5.65048	7.79783	9.03293	0	5.34834	7.783	2.93217	0	0	6.52578	0	5.85693	2.3102	0	12.43573	0	0	0	0	0	0	0	0	0	0	0	0	6.14035	0	0	0	0	0	0	0	0	0	0	0	
0	0	0	0	0	0	0	0	0	11.08385	0	0	11.03998	0	0	0	0	0	0	0	0	0	0	9.95068	0	0	8.92488	0	0	5.00779	6.09765	0	0	7.82673	7.72333	7.08872	4.3306	0	0.71141	7.8443	3.88941	5.98779	1.74859	3.84628	9.63685	6.12597	6.81457	7.73101	8.18063	5.77868	6.70276	7.7034	6.77366	6.54014	7.04262	5.29809	6.60693	6.76518	3.471	5.05087	7.50093	4.94617	4.4325	6.21532	5.21259	3.31705	6.65001	6.83856	5.30961	0	0	2.06585	0	7.54772	0	3.00196	6.8305	0	0	0	0	0	0	0	11.79455	0	0	0	0	0	0	9.2028	0	0	0	0	3.48513	0	0	0	
0	0	0	0	0	0	0	0	0	0	0	8.69128	0	0	0	0	0	8.04624	12.24282	0	0	0	0	8.04911	0	0	0	4.95213	0	0	0	0	1.82034	6.86978	6.52198	0	3.00824	8.76463	0.35571	4.25858	5.68011	8.00978	6.00721	0.77103	0	6.85846	4.50542	5.27786	6.94862	6.13039	6.34902	11.49115	6.94266	4.69967	7.02005	5.18327	6.6295	7.27352	6.93179	6.43372	5.26266	4.53839	0	6.65661	9.91198	0	4.56459	4.02649	10.71516	5.62923	0	0	0	1.82758	0	9.91295	0	8.36577	0	0	0	4.864	0	0	0	0	0	0	0	0	0	0	0	0	0	0	0	0	0	0	
0	0	0	0	5.10997	0	0	0	0	0	9.03416	0	0	0	0	10.29676	0	0	4.08183	0	4.14065	3.1124	0	0	0	5.98779	2.75193	0	0	5.44976	0	7.66769	7.57691	0	0	6.74736	10.67016	3.31078	13.57542	9.41083	3.81467	10.52232	6.1521	5.42845	4.55384	5.24463	11.40191	4.17653	7.42044	8.92397	7.51109	5.48297	7.28485	5.59429	4.87385	6.65268	4.44252	6.07626	4.28918	9.03416	5.45036	5.98293	5.17935	7.27012	7.70953	0	7.00223	8.87484	0	11.63602	9.85116	8.85512	9.28818	8.79039	4.47171	0	5.11342	0	0	0	4.28417	0	0	1.54206	0	1.82758	0	0	0	0	0	0	0	0	0	0	0	0	0	0	
0	0	0	0	0	0	0	0	0	0	0	3.64067	7.03461	0	0	13.66231	0	0	0	1.54206	0	0	0.71141	0	0	0	0	0	0	3.31114	1.18568	4.19634	0	0	0	10.61024	0	0	0	0.71141	2.88539	1.93462	5.67854	3.954	6.78102	5.27727	4.63253	4.35088	5.51546	3.41767	0	0	6.70074	9.9015	1.18568	5.37555	7.22632	4.36813	4.97029	5.00315	8.20078	6.7533	8.4478	5.64413	3.44687	5.15015	2.60853	6.65414	3.00196	9.88156	0	8.68692	8.17091	9.69509	8.46279	0	2.88235	0	1.54206	0	0	0	0	0	0	0	0	0	0	0	0	0	0	0	0	0	0	0	0	0	
0	0	0	7.31346	0	0	0	0	0	0	0	0	0	0	0	0	0	0	0	0	0	0	4.61954	0	0	0	5.64997	6.5134	4.3306	7.6881	0	0	1.54206	0	0	11.49612	0	0	0	4.63791	3.98186	0	0	0	1.68482	11.0885	6.34092	5.09349	6.26332	4.91704	5.64186	4.74961	4.77512	6.67889	6.19769	7.30115	8.956	6.41627	5.75348	6.27202	6.79112	6.20343	7.90533	7.88111	6.71719	7.38272	6.92272	5.89812	9.98511	5.60262	5.43401	6.84312	2.98433	5.39325	5.46653	0	13.50107	0	3.79048	8.74799	1.18568	3.48513	2.88235	0	0	0	0	0	0	0	0	0	0	0	0	0	0	9.95247	0	9.50444	
0	0	4.38566	0	0	0	0	0	0	0	0	0	0	0	0	0	0	0	0	0	5.7177	0	0	0	0	5.57067	0	9.06568	0	9.28764	0	9.98368	11.25464	0	7.62428	0	0	5.66328	5.24225	0	9.96999	0	0	8.95247	12.31768	9.10934	0	2.88459	0	5.27854	3.95121	10.22405	8.14216	6.43792	8.18994	9.73632	0.71141	5.40751	7.91271	4.80006	2.03973	5.5244	5.48555	1.35601	5.2842	6.37361	4.71535	0	8.46458	2.85062	3.67973	4.43908	6.22112	8.20234	4.65646	0	5.48991	0	4.92895	2.27026	0	3.98381	0	0	0	0	0	0	2.88235	0	0	0	0	0	0	0	3.90899	0	0	0	
0	0	0	0	1.54206	0	0	0	0	0	0	0	9.74845	0	0	0	0	0	0	0	3.96893	0.71141	0	0	0	0	0	6.3225	0	0	0	6.04461	9.56275	0	0	0	9.35519	0	3.215	6.53572	0	0	6.25848	0	5.2943	0	1.30427	2.88235	11.82199	4.36694	3.96893	2.92184	8.22843	3.8958	6.65244	4.66841	0	4.5737	5.57417	1.18568	5.43597	8.61404	6.40761	4.56233	5.61436	7.58611	7.0292	2.14725	7.22423	7.23556	4.90561	0	0	8.40033	0	8.56088	10.96838	4.52374	0	0	0	0	0	0	9.08584	1.18568	0	0	0	0	0	0	0	0	0	0	7.07515	0	0	0	
0	0	0	0	0	0	0	0	2.27026	0	0	0	13.60658	0	0	0	6.78953	0.71141	1.18568	0	0	0	0	0	10.43059	0	0	0	0	0	0	0	0	0	8.90968	7.15474	0	3.78106	0	0	0	0	8.79429	11.32765	0	8.2073	7.82415	7.27242	0	1.30427	0	10.95591	8.60654	5.73896	0	4.50271	0	6.03737	0	4.07807	7.65129	0	6.41658	6.33395	3.64675	5.53822	6.45418	6.09945	10.23401	5.23435	8.16862	0.35571	10.57548	7.95219	7.19904	2.83215	9.42647	6.51577	0	0	7.44064	0	8.16875	0	2.84647	8.33478	4.08183	6.41161	3.71256	0	0.79851	0	0	11.35406	0	0	0	0	0	0	
0	0	0	0	0	0	0	0	0	0	0	0	0	0	0	0	0	0	0	0	7.52053	0	0	0	0	0	0	0	0	5.31754	0	0	0	0	2.88235	0	0	0	0	0	10.5913	0	9.64199	8.96776	3.22123	0	0	4.46157	2.88235	4.23894	8.40156	0	0	3.24355	2.6308	6.34041	0	0	6.77476	7.9726	9.02713	7.35739	0.59284	6.05814	5.67332	8.01655	4.06453	5.88349	7.05477	6.94469	8.06387	6.88699	3.68096	5.32461	3.26305	0	1.03293	0	3.73344	0	0	0	0	0	0	0	5.56857	0	0	0	0	0	0	0	0	0	0	0	0	0	
0	0	0	0	6.49553	0	0	0	0	0	0	4.65646	0	2.06585	0	0	0	0	0	0	0	0	0	0	0	0	0	0	0	0	0	0	0	0	0	0	0	0	0	7.43284	0	0	9.67723	0	3.88099	0	3.56689	0	0	0	3.31078	0	0	0	9.74309	0	0	0.71141	0	7.15474	7.90501	1.54206	5.56248	8.11688	5.36522	0	0.35571	5.46567	10.66323	3.52675	6.09053	7.77897	8.17475	4.3816	0	0	3.92865	5.49113	6.34731	7.25446	1.18568	3.90899	0	0	0	0	1.54206	10.24391	0	4.10816	0	0	0	0	4.69247	0	0	0	0	0	
0	0	0	0	0	0	0	0	0	0	0	0	0	0	0	0	0	2.78645	0	0	0	10.13445	8.46539	0	0	0	10.5242	0	0	0	0	0	0	5.42531	7.95427	0	0	0	0	0	0	0	0	0	0	0	0	0	0	0	0	0	0	0	0	7.78469	6.20636	8.94322	0.71141	3.31078	0	3.98594	3.38476	0	7.76334	8.0102	4.11317	6.53504	5.11844	3.64842	4.99696	5.04494	6.606	5.37407	9.98677	1.38863	5.33294	0	4.54272	4.19733	0	0	7.2492	0	3.84643	8.52664	0	0	0	8.00513	0	0	0	0	0	0	9.77593	0	0	0	
0	0	0	0	0	0	0	0	6.51772	0	0	0	0	0	0	0	0	0	0	0	0	0	0	0	0	0	0	8.04215	0	0	0	0	0	0	0	0	0	0	0	10.81543	0	0	0	0	0	4.98153	0	4.3306	3.64067	0	0	11.7351	0	0	0	0	0	0	6.99929	0	8.32409	0	7.06126	10.14642	8.62092	6.39342	4.91633	0	0	4.59585	7.80214	0.71141	8.31237	7.16793	7.79219	9.58854	2.25136	0	0	6.66006	4.83585	8.20781	10.80322	4.37249	5.85831	0	0	0	0	0	6.4853	0	11.73891	0	0	0	0	0	0	0	
0	0	0	0	0	0	0	0	0	0	0	0	0	3.1124	0	0	0	0	0	2.60853	0	0	0	0	0	1.85436	0	0	0	0	0	0	0	0	3.56499	0	0	5.7595	0	0	9.24281	0	1.18568	6.65001	0	0	0	0	0	0	7.99247	6.67722	0	0	7.9031	0	0	0	0	7.98177	5.86548	0	7.78352	10.42603	7.1287	3.87115	7.32843	5.75222	0	4.47187	6.18978	0	4.42522	5.98037	8.56101	7.69743	2.80245	4.75692	6.23878	2.62029	0	6.65976	2.27026	6.24735	2.88366	0	0	7.55263	3.77514	0	8.02813	0	0	5.6643	0	0	0	0	5.46794	0	
0	0	0	0	0	0	0	10.42469	0	0	0	0	0	0	0	0	0	0	0	0	0	0	0	0	0	0	0	0	7.87596	0	0	0	0	0	8.69738	0	0	1.54206	0	0	0	5.16821	0	0	0	0	6.31418	0	0	0	0	0	7.18665	0	0	0	4.90414	5.83509	0	4.86202	10.2938	0	0	5.7943	0	6.11263	0	5.87328	6.2825	10.71406	9.73362	4.94415	9.5057	4.64567	4.54272	6.25972	4.26104	0.71141	5.87691	6.77813	6.4481	6.67671	1.30427	0	3.11853	0	0.71141	1.65539	0	0	7.34208	6.9745	0	0	0	0	10.64051	0	0	0	
0	0	0	0	0	0	0	0	0	0	0	0	0	0	0	0	0	0	0	0	0	0	0	0	0	0	0	0	0	0	0	0	0	0	0	0	0	4.67589	0	0	0	0	0	0	0	0	0	0	0	5.78595	0	4.91794	0	2.43648	0	0	2.27026	4.61684	0	0	1.82758	0	8.73078	12.55772	9.31244	5.63724	0	0	7.89601	8.58254	0	8.50389	5.38923	9.07064	7.25265	4.97045	0	3.96733	6.60286	4.96157	2.35935	8.4124	1.82758	0	0	0	3.3906	0	0	0	0	0	6.42022	5.20336	3.1124	0	0	0	0	0	
0	0	0	0	0	0	0	5.01035	0	0	0	0	0	0	0	0	0	0	0	0	0	0	0	0	0	0	0	0	0	0	0	0	0	0	0	0	0	2.89298	0	7.19922	0	0	0	0	0	0	0	0	0	0	4.33462	0	0	13.87523	7.53786	0	0	9.88626	8.55613	10.1716	0	1.54206	0	7.66645	8.42127	11.53429	0	0	6.81112	2.93103	8.8658	3.51836	5.56876	5.10914	5.92864	6.48848	3.42373	0	5.79443	6.04443	7.33968	9.80916	1.91191	4.14864	1.73167	0	0	1.48649	0	0	8.37411	0	0	0	0	2.17638	0	0	0	0	
0	0	0	0	0	0	0	0	0	0	0	0	0	0	0	0	0	0	0	0	0	0	0	0	0	9.99093	0	0	0	0	0	0	0	0	0	0	0	10.09127	0	0	0	0	0	0	6.89373	0	0	0	11.12436	0	0	0	0	0	0	0.71141	0	0	0	0	0	0	8.27071	0	0	4.57255	6.89235	5.53415	0.71141	6.02199	3.88114	0	5.08797	0	7.55263	5.60691	0.71141	5.14439	3.26305	3.49803	2.24077	0	3.09512	0	7.05455	6.07149	0	0	0	0	7.783	0	0	0	0	0	0	0	0	0	
0	0	0	0	0	0	0	0	0	0	0	0	9.78851	0	0	0	0	0	0	0	0	0	0	0	0	0	0	0	0	0	0	0	0	0	0	0	0	0	0	0	0	0	0	0	0	0	0	9.79784	0	0	0	0	12.29736	0	0	0	0	0	0	2.79089	0	0	0	5.63418	3.56499	11.3176	10.73053	0	9.60114	0	0	8.49882	0	0	0	1.95565	5.23349	8.50201	5.32552	3.83958	0	6.3189	3.95945	4.75253	4.48326	1.85628	7.72765	0	3.215	0	0	0	0	4.41922	0	0	0	0	0	0	
0	0	0	0	0	0	0	0	0	0	0	0	0	0	0	0	0	0	0	0	0	0	0	0	0	0	0	0	0	0	0	0	10.85427	0	0	0	0	0	0	0	5.42845	0	0	0	0	0	0	0	0	0	0	0	0	0	0	0	4.03856	0	0	0	5.0203	0	0	4.66523	0	4.41922	0	0	5.67805	0	0	0	9.54931	0	0	3.1124	0	0	10.40928	9.50703	6.23639	6.63158	11.55216	0	1.18568	0	0	0	0.71141	0	5.60921	8.49327	4.44714	0	0	0	0	0	0	0	
0	0	0	0	0	0	0	1.37597	0	0	0	0	0	0	0	0	0	0	0	0	0	0	0	0	0	0	0	1.54206	0	0	0	0	0	0	0	0	0	0	0	0	0	0	0	0	0	0	0	0	0	0	0	0	0	0	0	0	0	0	0	0	0	0	0	0	0	0	0	0	0	0	2.43008	1.98559	8.57704	7.03365	0	7.43534	6.91675	0	9.66481	10.64741	0	8.2827	0	9.70944	2.4493	9.86158	0	10.6814	0	0	0	13.172	0	0	0	6.15196	0	0	0	0	
0	0	0	0	0	0	0	0	0	0	0	0	0	0	0	0	0	0	0	0	6.79782	0	0	0	0	0	0	0	0	0	0	0	0	0	0	0	0	0	0	0	0	0	0	0	0	0	0	0	0	0	0	0	0	0	0	0	0	0	0	11.48734	0	0	0	0	4.3306	7.3922	8.77972	3.22367	0	0	0	0	0	0	0	0	4.24549	0	0	0	2.5987	0	0	0	1.9099	1.18568	7.49171	3.63327	6.21521	0	6.31097	7.12211	10.21402	3.00196	0	4.3756	0	0	0	0	
0	0	0	0	0	0	0	0	0	0	0	0	0	0	0	0	0	0	0	0	0	0	0	0	0	0	0	0	0	0	0	0	0	0	0	0	0	0	0	0	0	0	0	0	0	0	0	0	3.84643	0	0	0	0	0	0	0	0	0	0	0	0	0	0	0	0	0	0	0	0	8.59469	8.11028	8.53397	5.64919	0	9.92719	7.78716	0	7.84829	0.71141	0	0	7.85625	4.98153	0	4.06342	0	0.71141	0	0	4.86396	0	1.32066	2.147	0	0.71141	0	0	0	0	0	
0	0	0	0	0	0	0	0	0	0	0	0	0	0	0	4.31591	0	0	0	0	0	0	0	0	0	0	0	0	0	0	0	0	0	0	4.13514	0	0	0	0	0	0	0	0	0	0	0	0	0	0	0	0	0	0	0	0	0	0	0	0	0	0	0	0	0	0	0	0	1.54206	0	0	0	0	0	4.58163	0	0	0	1.22465	0	0	0	0	0	0	2.5193	0	6.01482	3.75897	5.01035	9.3122	8.42315	0	10.54527	0	0	0	0	0	0	0	
0	0	0	0	0	0	0	0	0	0	0	0	0	0	0	0	0	0	0	0	0	0	0	0	0	0	0	0	0	0	0	0	0	0	0	0	0	0	0	0	0	0	0	0	0	0	0	0	8.52152	0	0	0	0	0	0	0	0	0	0	3.1124	0	0	0	0	0	5.23084	0	0	0	0	0	8.83513	0	0	0	0	0	10.05888	0	5.13538	8.61594	0	0	10.35127	0	0	0	0	0	0	0	0	0	0	0	0	0	0	0	0	
0	0	0	0	0	0	0	0	0	0	0	0	0	0	0	0	0	0	0	0	0	0	0	0	0	0	0	0	0	0	0	0	0	0	0	0	0	0	0	0	0	0	0	0	0	0	0	0	0	0	0	0	0	0	0	1.42547	0	0	10.3357	0	0	0	0	0	9.2654	0	0	0	0	0	0	8.98963	0	2.88235	0	0	3.71256	0	0	0	3.96772	7.42128	6.55634	6.23475	0	0	0	6.56516	9.65456	0	0.71141	7.42468	9.36637	0	0	0	0	0	0	0	
0	0	0	0	0	0	0	0	0	0	0	0	0	0	0	0	0	0	0	0	0	0	0	0	0	0	0	0	0	0	0	0	0	0	0	0	0	0	0	0	0	0	0	0	0	0	0	0	0	0	0	0	0	0	0	0	0	0	0	0	0	0	0	0	0	0	0	0	0	0	0	0	0	0	0	0	0	0	0	0	0	0	0	0	0	0	0	0	0	0	0	9.33966	0	0	0	0	0	0	0	0	
0	0	0	0	0	0	0	0	0	0	0	0	0	0	0	0	0	0	0	0	0	0	0	0	0	0	0	0	0	0	0	0	0	0	0	0	0	0	0	0	0	0	0	0	0	0	0	0	0	0	0	0	0	0	0	0	0	0	0	0	0	0	0	0	0	0	0	0	0	0	4.65792	0	0	0	0	0	0	0	0	5.0386	0	0	0	10.1961	0	0	0	0	0	0	3.12143	11.68096	0	0	0	0	0	0	0	0	
0	0	0	0	0	0	0	0	0	0	0	0	0	0	0	0	0	0	0	0	0	0	0	0	0	0	0	0	0	0	0	0	0	0	0	0	0	0	0	0	0	0	0	0	0	0	0	0	0	0	0	0	0	0	0	0	0	0	0	2.06585	0	0	0	0	0	0	0	0	0	0	3.40058	0	0	0	0	0	0	0	0	0	0	0	0	0	0	0	3.78106	0	0	0	0	0	0	0	0	0	0	0	0	0	
0	0	0	0	0	0	0	0	0	0	0	0	0	0	0	0	0	0	0	0	0	0	0	0	0	0	0	0	0	0	0	0	0	0	0	0	0	0	0	0	0	0	0	0	0	0	0	0	0	0	0	0	0	0	0	0	0	0	0	0	0	0	0	0	0	0	0	0	0	6.50568	2.88235	0	0	0	0	0	0	0	3.215	0	0	0	0	0	0	0	0	0	7.85228	0	0	0	0	0	0	0	0	0	0	0	
0	0	0	0	0	0	0	0	0	0	0	0	0	0	0	0	0	0	0	0	0	0	0	0	0	0	0	0	0	0	0	0	0	0	0	0	0	0	0	0	0	0	0	0	0	0	0	0	0	0	0	0	0	0	0	0	0	0	0	0	0	0	0	0	0	0	0	0	0	0	0	0	0	0	0	0	0	0	0	0	0	0	0	0	0	0	1.54206	0	0	0	0	0	0	0	0	0	0	0	0	0	
0	0	0	0	0	0	0	0	0	0	0	0	0	0	0	0	0	0	0	0	0	0	0	0	0	0	0	0	0	0	0	0	0	0	0	0	0	0	0	0	0	0	0	0	0	0	0	0	0	0	0	0	0	0	0	0	0	0	8.11028	0	0	0	0	0	0	0	0	0	0	0	0	0	0	0	0	7.70582	0	0	0	0	0	0	0	0	0	0	0	0	0	0	0	0	0	0	0	0	0	0	0	0	
0	0	0	0	0	0	0	0	0	0	0	0	0	0	0	0	0	0	0	0	0	0	0	0	0	0	0	0	0	0	0	0	4.13514	0	0	0	0	0	0	0	0	0	0	0	0	0	0	0	0	0	5.14637	0	0	0	0	0	0	0	0	0	0	0	9.70173	0	0	0	0	0	0	0	0	0	0	0	0	4.7954	0	0	0	0	0	0	0	0	0	0	0	0	0	0	0	0	0	0	0	0	0	0	0	0	
0	0	0	0	0	0	0	0	0	0	0	0	0	0	0	0	0	0	0	0	0	0	0	0	0	0	0	0	0	0	0	0	0	0	0	0	0	0	0	0	0	0	0	0	0	0	0	0	0	0	0	0	0	0	0	0	0	0	0	0	0	0	0	0	0	0	0	0	0	0	0	0	0	0	0	0	0	0	0	0	0	0	0	0	0	0	0	0	0	0	0	0	0	0	0	0	0	0	0	0	
0	0	0	0	0	0	0	0	0	0	0	0	0	0	0	0	0	0	0	0	0	0	0	0	0	0	0	0	0	0	0	0	0	0	0	0	0	0	0	0	0	0	0	0	0	0	0	0	0	0	0	0	0	0	0	0	0	0	0	0	0	0	0	0	0	0	0	0	0	0	0	0	0	0	0	0	0	0	0	0	0	0	0	0	0	0	0	0	0	0	0	0	0	0	0	0	0	0	0	0	
0	0	0	0	0	0	0	0	0	0	0	0	0	0	0	0	0	0	0	0	0	0	0	0	0	0	0	0	0	0	0	0	0	0	0	0	0	0	0	0	0	0	0	0	0	0	0	0	0	0	0	0	0	0	0	0	0	0	0	0	0	0	0	0	0	0	0	0	0	0	0	0	0	0	0	0	0	0	0	0	0	0	0	0	0	0	0	0	0	0	0	0	0	0	0	0	0	0	0	0	
0	0	0	0	0	0	0	0	0	0	0	0	0	0	0	0	0	0	0	0	0	0	0	0	0	0	0	0	0	0	0	0	0	0	0	0	0	0	0	0	0	0	0	0	0	0	0	0	0	0	0	0	0	0	0	0	0	0	0	0	0	0	0	0	0	0	0	0	0	0	0	0	0	0	0	0	0	0	0	0	0	0	0	0	0	0	0	0	0	0	0	0	0	0	0	0	0	0	0	0	
0	0	0	0	0	0	0	0	0	0	0	0	0	0	0	0	0	0	0	0	0	0	0	0	0	0	0	0	0	0	0	0	0	0	0	0	0	0	0	0	0	0	0	0	0	0	0	0	0	0	0	0	0	0	0	0	0	0	0	0	0	0	0	0	0	0	0	0	0	0	0	0	0	0	0	0	0	0	0	0	0	0.71141	0	0	0	0	0	0	0	0	0	0	0	0	0	0	0	0	0	0	
0	0	0	0	0	0	0	0	0	0	0	0	0	0	0	0	0	0	0	0	0	0	0	0	0	0	0	0	0	0	0	0	0	0	0	0	0	0	0	0	0	0	0	0	0	0	0	11.90585	0	0	0	0	0	0	0	0	0	0	0	0	0	0	0	0	0	0	0	0	0	0	0	0	0	0	8.30304	0	0	0	0	0	0	0	0	0	0	0	0	0	0	0	0	0	0	0	0	0	0	0	0	0	
