0	0	0	0	0	0	0	0	0	0	0	0	0	0	0	0	0	0	0	0	0	0	0	0	0	0	0	0	0	0	0	0	0	0	0	0	0	0	0	0	0	0	0	0	0	0	0	0	0	0	0	13.0139	0	0	0	0	0	0	0	0	0	0	0	0	0	0	0	0	0	0	0	0	0	0	0	0	0	0	0	0	0	0	0	0	0	0	0	0	0	0	0	0	0	0	0	0	0	0	0	0	
0	0	0	0	0	0	0	0	0	0	0	0	0	0	0	0	0	0	0	0	0	0	0	0	0	0	0	0	0	0	0	0	0	0	0	0	0	0	0	0	0	0	0	0	0	0	0	13.11505	0	0	0	0	0	0	0	0	0	0	0	0	0	0	0	10.75966	0	0	0	0	0	0	0	0	0	0	0	0	0	0	0	0	0	0	0	0	0	0	0	0	0	0	0	0	0	0	0	0	0	0	0	0	
0	0	0	0	0	0	0	0	0	0	0	0	0	0	0	0	0	0	0	0	0	0	0	0	0	0	0	0	0	0	0	0	0	0	0	0	0	0	0	0	0	0	0	0	0	0	0	0	0	0	0	0	0	0	9.42259	0	0	0	0	0	0	0	0	0	0	0	0	0	0	0	0	0	0	0	0	0	0	0	0	0	0	0	0	0	0	0	0	0	0	0	0	0	0	0	0	0	0	0	0	0	
0	0	0	0	0	0	0	0	0	0	0	0	0	0	0	0	0	0	0	0	0	0	0	0	0	0	0	0	0	0	0	0	0	0	0	0	0	0	0	0	0	0	0	0	0	0	10.46219	9.73582	0	0	0	0	0	0	0	0	0	0	0	0	0	0	0	0	0	0	0	0	0	0	0	0	0	0	0	0	0	0	0	0	0	0	0	0	0	0	0	0	0	0	0	0	0	0	0	0	0	0	0	0	
0	0	0	0	0	0	0	0	0	0	0	0	0	0	0	0	0	0	0	0	0	0	0	0	0	0	0	0	0	0	0	0	0	0	0	0	0	8.75766	0	0	0	0	0	14.09155	0	0	0	0	0	0	0	0	0	0	0	0	0	0	0	0	0	0	0	0	0	0	0	0	0	0	0	0	0	0	0	0	0	0	0	0	0	0	0	0	0	0	0	0	0	0	0	0	0	0	0	0	0	0	0	0	
0	0	0	0	0	0	0	0	0	0	0	0	0	0	0	0	0	0	0	0	0	0	0	0	0	0	0	0	0	0	0	0	0	0	0	0	0	0	0	0	0	0	0	0	0	0	0	0	0	0	0	0	0	0	0	0	0	0	0	0	0	0	0	0	0	0	0	0	0	0	0	0	7.85452	0	0	0	0	0	0	0	0	0	0	0	0	0	0	0	0	0	0	0	0	0	0	0	0	0	0	0	
0	0	0	0	0	0	0	0	0	0	0	0	0	0	0	0	0	0	0	0	0	0	0	0	0	0	0	0	0	0	0	0	0	0	0	0	0	0	0	0	0	0	0	0	0	0	0	0	0	0	0	0	0	0	0	0	0	0	0	0	0	0	0	0	0	0	0	0	0	0	0	0	0	0	10.75515	0	0	0	0	0	0	0	0	0	0	0	0	0	0	0	0	0	0	0	0	0	0	0	0	0	
0	0	0	0	0	0	0	0	0	0	0	0	0	0	0	0	0	0	0	0	0	0	0	0	0	0	0	0	0	0	0	0	0	0	0	0	0	0	0	0	0	0	0	0	0	0	0	0	0	0	0	9.9136	0	0	0	14.82939	0	0	11.12791	0	0	0	0	0	0	0	0	0	0	0	0	0	0	0	0	0	0	0	0	0	0	0	0	0	0	0	0	0	0	0	0	0	0	0	0	0	0	0	0	0	
0	0	0	0	0	0	0	0	0	0	0	0	0	0	0	0	0	0	0	0	0	0	0	0	0	0	0	0	0	0	0	0	0	0	0	0	0	0	0	0	0	0	0	0	0	0	0	0	0	0	0	0	0	0	0	0	0	0	0	0	0	0	0	0	0	0	0	8.96521	0	0	0	0	0	0	0	0	0	0	0	0	0	0	0	0	0	0	0	0	0	0	0	0	0	0	0	0	0	0	0	0	
0	0	0	0	0	0	0	0	0	0	0	0	0	0	0	0	0	0	0	0	0	0	0	0	0	0	0	0	0	0	0	0	0	0	0	0	0	0	0	0	0	0	0	0	0	0	0	0	0	0	0	0	0	0	0	6.29858	0	0	0	0	0	0	0	0	0	0	0	0	0	0	0	0	0	0	0	0	0	0	0	0	0	0	0	0	0	0	0	0	0	0	0	0	0	0	0	0	0	0	0	0	
0	0	0	0	0	0	0	0	0	0	0	0	0	0	0	0	0	0	0	0	0	0	0	0	0	0	0	0	0	0	0	0	0	0	0	0	0	0	0	0	0	0	0	0	0	0	0	0	0	0	0	0	0	0	0	0	0	0	0	0	0	0	0	0	0	0	0	13.70556	0	0	0	0	0	0	0	0	0	0	0	0	0	0	0	0	0	0	0	0	0	0	0	0	0	0	0	0	0	0	0	0	
0	0	0	0	0	0	0	0	0	0	0	0	0	0	0	0	0	0	0	0	0	0	0	0	0	0	0	0	0	0	0	0	0	0	0	0	0	0	0	0	0	0	0	0	0	0	0	0	0	0	0	0	4.9418	0	0	0	10.3736	0	0	0	0	0	0	0	0	0	0	0	0	0	0	10.11894	0	0	0	0	0	0	0	0	0	0	0	0	0	0	0	0	0	0	0	0	0	0	0	0	0	0	0	0	
0	0	0	0	0	0	0	0	0	0	0	0	0	0	0	0	0	0	0	0	0	0	0	0	0	0	0	0	0	0	0	0	0	0	0	0	0	0	0	0	0	0	0	0	0	0	0	0	9.84561	0	0	0	11.2582	0	0	0	0	0	0	0	0	0	0	0	0	0	0	1.59808	0	0	0	0	0	0	0	0	0	0	0	0	0	0	0	0	0	0	0	0	0	0	0	0	0	0	0	0	0	0	0	0	
0	0	0	0	0	0	0	0	0	0	0	0	0	0	0	0	0	0	0	0	0	0	0	0	0	0	0	0	0	0	11.74398	0	0	0	0	0	0	0	0	2.82418	0	0	0	0	0	0	0	9.58246	0	0	0	0	0	0	0	0	0	3.47726	1.88877	0	10.72006	0	0	11.75699	0	0	0	0	0	0	0	0	0	0	0	0	0	0	0	0	0	0	0	0	0	0	0	0	0	0	0	0	0	0	0	0	0	0	0	0	
0	0	0	0	0	0	0	0	0	0	0	0	0	0	0	0	0	0	0	0	0	0	0	0	0	0	0	0	0	0	0	0	0	0	0	0	0	0	0	0	0	0	0	0	0	0	0	0	0	0	0	0	0	0	4.89036	0	0	0	0	0	0	0	0	0	0	0	0	0	0	0	0	0	0	0	1.59808	0	0	0	0	0	0	0	0	0	0	0	0	0	0	0	0	0	0	0	0	0	0	0	0	0	
0	0	0	0	0	0	0	0	0	0	0	0	0	0	0	0	0	0	0	0	0	0	0	0	0	0	0	0	0	0	0	0	0	0	0	0	0	0	0	0	0	0	13.30429	0	0	0	0	0	0	0	0	0	9.75599	0	0	0	0	0	0	10.10041	0	0	0	0	0	0	0	0	0	0	0	7.51935	0	0	0	0	0	0	0	0	0	0	0	0	0	0	0	0	0	0	0	0	0	0	0	0	0	0	0	0	
0	0	0	0	0	0	0	0	0	0	0	0	0	0	0	0	0	0	0	0	0	0	0	0	0	0	0	0	0	0	0	0	0	0	0	0	0	0	0	0	0	0	0	7.95173	0	0	0	9.71264	0	0	0	10.61575	0	0	0	0	0	0	12.01965	0	0	0	0	0	0	0	0	0	0	0	0	0	0	0	0	0	0	0	0	0	0	0	0	0	0	0	0	0	0	0	0	0	0	0	0	0	0	0	0	0	
0	0	0	0	0	0	0	0	0	0	0	0	0	0	0	0	0	0	0	0	0	0	0	0	0	0	0	0	0	0	0	0	0	0	0	0	0	0	0	0	0	0	10.20405	0	0	0	0	0	0	0	0	0	0	0	0	8.78222	0	0	0	0	0	0	0	0	0	0	2.33763	0	3.79077	0	0	0	0	0	0	0	0	0	0	0	0	0	0	0	0	0	0	0	0	0	0	0	0	0	0	0	0	0	0	0	
0	0	0	0	0	0	0	0	0	0	0	0	0	0	0	0	0	0	0	0	0	0	0	0	0	0	0	0	0	0	0	0	0	0	0	0	0	0	0	0	13.45602	0	0	0	0	0	0	0	0	0	0	0	0	0	0	0	0	0	0	0	0	0	0	0	0	0	0	0	0	0	0	0	0	0	0	0	0	0	0	0	0	0	0	0	0	0	0	0	0	0	0	0	0	0	0	0	0	0	0	0	
0	0	0	0	0	0	0	0	0	0	0	0	0	0	0	0	0	0	0	0	0	0	0	0	0	0	0	0	0	0	0	0	0	0	0	0	0	0	0	0	0	0	0	0	0	0	0	8.71189	0	0	8.35363	0	0	0	0	0	0	0	0	0	0	0	0	0	0	0	0	0	0	0	0	0	0	0	0	0	8.15738	0	0	0	0	0	0	0	0	0	0	0	0	0	0	0	0	0	0	0	0	0	0	0	
0	0	0	0	0	0	0	0	0	0	0	0	0	0	0	0	0	0	0	0	0	0	0	0	0	0	0	0	0	0	0	0	0	0	0	0	0	0	0	0	0	0	0	0	0	0	0	11.35033	0	0	10.09863	12.01384	0	0	0	0	9.98516	0	10.00306	0	8.75088	0	0	0	0	13.93577	0	0	0	0	0	0	0	0	0	0	0	0	0	0	0	0	0	0	0	0	0	0	0	0	0	0	0	0	0	0	0	0	0	0	
0	0	0	0	0	0	0	0	0	0	0	0	0	0	0	0	0	0	0	0	0	0	0	0	0	0	0	0	0	0	0	0	0	0	0	0	0	0	0	0	0	8.45279	0	0	0	0	0	0	0	0	0	0	0	0	0	0	0	0	0	0	0	0	0	0	0	0	0	0	15.37251	0	0	0	0	0	0	0	0	0	0	0	0	0	0	0	0	0	0	0	0	0	0	0	0	0	0	0	0	0	0	0	
0	0	0	0	0	0	0	0	0	0	0	0	0	0	0	0	0	0	0	0	0	0	0	0	0	0	0	0	0	0	0	1.88877	15.26175	0	0	0	0	0	0	0	0	0	0	0	0	0	0	9.2683	0	0	0	0	0	0	0	0	0	0	0	0	0	0	0	0	0	0	0	0.74485	0	0	0	0	0	0	0	0	0	0	0	0	0	0	0	0	0	0	0	0	0	0	0	0	0	0	0	0	0	0	0	0	
0	0	0	0	0	0	0	0	0	0	0	0	0	0	0	0	0	0	0	0	0	0	0	0	0	0	0	0	0	0	0	7.44296	0	0	10.13983	0	0	0	0	0	0	0	0	0	0	0	0	0	0	0	0	0	0	0	0	0	0	0	0	0	0	0	0	0	0	0	0	0	0	0	0	0	0	0	0	0	0	0	0	0	0	0	0	0	0	0	0	0	0	0	0	0	0	0	0	0	0	0	0	0	
0	0	0	0	0	0	0	0	0	0	0	0	0	0	0	0	0	0	0	0	0	0	0	0	0	0	0	0	0	0	0	0	0	0	0	0	0	0	0	0	0	0	0	10.33738	0	0	0	0	0	16.33928	0	0	0	0	11.44953	0	0	0	0	0	0	0	0	0	0	0	0	0	0	0	0	0	0	0	0	0	0	0	0	11.66612	0	0	0	0	0	0	0	0	0	0	0	0	0	0	0	0	0	0	0	0	
0	0	0	0	0	0	0	0	0	0	0	0	0	0	0	0	0	0	0	0	0	0	0	0	0	0	0	0	0	0	0	0	5.85216	0	0	0	0	0	0	0	0	0	0	0	0	0	0	1.59808	0	0	5.69807	13.15336	0	0	0	0	0	0	8.65256	0	0	0	0	0	0	0	0	0	0	0	4.3163	0	0	0	0	0	0	0	0	0	0	0	0	0	0	7.20066	0	0	0	0	0	0	0	0	0	0	0	0	0	0	
0	0	0	0	0	0	0	0	0	0	0	0	0	0	0	0	0	0	0	0	0	0	0	0	0	0	0	0	0	0	0	0	0	0	0	0	0	0	0	10.61672	0	0	0	0	16.32131	0	9.57864	0	0	0	0	0	0	0	0	0	0	0	0	0	0	0	0	0	0	0	0	0	0	2.67949	0	0	0	0	0	0	0	0	0	0	0	0	0	0	0	0	0	0	0	0	0	0	0	0	0	0	0	0	0	0	
0	0	0	0	0	0	0	0	0	0	0	0	0	0	0	0	0	0	0	0	0	0	0	0	0	0	0	0	0	0	0	0	0	0	0	9.23309	0	0	0	0	0	0	0	0	0	0	0	8.52603	0	0	0	0	0	6.95699	0	0	0	0	0	0	9.59007	0	0	0	0	0	0	0	0	0	0	0	0	0	0	0	0	0	0	0	0	0	0	0	0	0	0	0	0	0	0	0	0	0	11.37072	0	0	0	0	0	
0	0	0	0	0	0	0	0	0	0	0	0	0	0	0	0	0	0	0	0	0	0	0	0	0	0	0	0	0	0	0	0	0	0	0	0	0	0	0	0	0	14.29158	0	0	0	0	0	0	0	0	0	0	0	0	0	0	0	0	0	0	0	0	0	0	0	0	0	13.34205	0	0	0	9.89968	0	0	0	0	0	0	0	0	0	0	0	0	0	0	0	0	0	0	0	0	0	0	0	0	0	0	0	0	
0	0	0	0	0	0	0	0	0	0	0	0	0	0	0	0	0	0	0	0	0	0	0	0	0	0	0	0	0	0	0	0	0	0	0	0	0	0	0	0	5.30451	0	0	0	10.03035	0	0	4.06748	0	0	20.09134	8.58815	0	0	0	10.61423	0	0	8.45001	0	14.38043	0	0	0	0	0	0	0	6.26094	0	0	0	0	0	0	0	0	0	0	0	0	0	0	0	0	0	0	0	0	0	0	0	0	0	0	5.42287	0	0	0	0	
0	0	0	0	0	0	0	0	0	0	0	0	0	0	0	0	0	0	0	0	0	0	0	0	0	0	0	0	0	0	0	0	0	0	0	0	0	0	0	0	0	0	0	0	13.79443	0	0	0	0	1.59808	0	0	4.87692	0	0	0	0	6.8481	0	0	0	5.48949	0	0	0	0	0	0	0	0	0	0	0	0	0	0	0	0	0	0	0	0	0	0	0	0	0	0	0	0	0	0	0	0	0	0	0	0	0	0	
0	0	0	0	0	0	0	0	0	0	0	0	0	0	0	0	0	0	0	0	0	0	0	0	0	0	0	0	0	0	0	0	0	0	0	0	0	0	0	0	0	0	0	11.6708	0	0	11.90771	0	0	0	8.56259	0	0	0	0	0	0	0	0	9.50809	0	0	0	0	8.23062	0	0	3.47726	0	0	0	0	10.15872	0	0	0	13.60813	0	0	0	0	0	0	0	0	0	0	0	0	0	0	0	0	0	0	0	0	0	0	0	
0	0	0	0	0	0	0	0	0	0	0	0	0	0	0	0	0	0	0	0	0	0	0	0	0	0	0	0	0	0	0	0	0	0	0	0	0	0	0	0	0	0	0	0	0	7.15218	0	10.27659	12.51454	0	0	8.74059	2.33763	0	0	10.27423	0	0	7.05288	0	0	0	0	0	0	0	17.25807	15.06828	0	0	0	0	0	10.93772	0	0	0	0	0	0	0	0	0	0	0	0	0	0	0	0	0	0	0	0	0	0	0	0	0	0	
0	0	0	0	0	0	0	0	0	0	0	0	0	0	0	0	0	0	0	0	0	0	0	0	0	0	0	0	0	0	0	0	0	0	0	0	0	14.18433	0	0	0	0	0	0	0	0	0	0	9.88429	0	0	5.54577	0	0	1.23364	0	7.35637	0	0	12.17453	0	4.84335	0	0	0	0	0	0	0	0	0	0	0	0	6.91428	1.23364	0	0	0	0	0	0	0	0	0	0	0	0	0	0	0	0	0	0	0	0	0	0	0	0	
0	0	0	0	0	0	0	0	0	0	0	0	0	0	0	0	0	0	0	0	0	0	0	0	0	0	0	0	0	0	0	0	0	0	0	0	0	0	0	0	0	0	14.65198	0	0	10.35684	0	13.03487	0	0	7.65614	0	14.25849	0	8.32485	0	0	0	0	0	0	0	0	7.99108	0	0	0	1.88877	0	0	18.01155	0	0	0	0	0	0	0	1.88877	0	0	0	0	0	0	0	0	0	0	0	0	0	0	0	0	0	0	0	0	0	
0	0	0	0	0	0	0	0	0	0	0	0	0	0	0	0	0	0	0	0	0	0	0	0	0	0	0	0	0	0	0	0	0	0	0	0	0	0	0	0	0	0	0	0	0	0	0	8.3668	10.35684	0	0	13.61591	0	0	0	0	0	0	0	0	0	0	0	0	16.95355	0	0	0	0	0	0	0	0	0	0	0	0	0	0	0	0	0	0	0	0	0	0	0	0	0	3.9252	0	0	0	0	0	0	0	0	0	
0	0	0	0	0	0	0	0	0	0	0	0	0	0	0	0	0	0	0	0	0	0	0	0	0	0	0	0	0	0	0	0	0	0	0	0	0	0	0	0	0	0	0	0	0	0	0	13.51317	0	0	0	0	8.84929	20.6978	0	0	0	0	9.95026	9.33019	0	0	0	0	0	0	0	0	0	0	0	0	0	0	0	0	0	0	0	0	0	0	0	0	0	0	0	0	0	0	0	0	0	0	0	0	0	0	7.63667	0	
0	0	0	0	0	0	0	0	0	0	0	0	0	0	0	0	0	0	0	0	0	0	0	0	0	0	0	0	0	0	0	0	0	0	0	0	0	0	0	0	0	0	6.96196	0	0	0	0	0	0	8.00794	0	7.37411	0	7.17934	0	0	0	0	0	0	0	0	0	0	14.70046	0	0	0	0	0	0	0	0	0	0	0	18.95635	0	0	0	0	0	0	0	0	0	0	0	0	0	0	0	0	0	0	0	0	0	0	0	
0	0	0	0	0	0	0	0	0	0	0	0	10.96772	0	0	0	0	0	0	0	0	0	0	0	0	0	0	0	0	0	9.44654	0	0	0	0	0	0	0	0	0	0	0	7.52957	0	0	0	0	6.76986	0	0	10.69585	0	0	17.11159	16.78405	0	8.69053	0	0	0	0	0	0	8.1608	8.39024	8.91943	0	0	0	0	0	0	0	0	0	0	0	0	0	0	0	0	0	0	0	0	0	0	0	0	0	0	0	0	0	0	0	0	0	0	
0	0	0	0	0	0	0	0	0	0	0	0	0	0	0	0	0	0	0	0	0	0	0	0	0	0	0	0	0	0	0	0	0	0	0	0	0	0	0	0	0	0	0	0	0	11.06642	11.86025	0	1.59808	9.72752	2.13057	8.4789	9.72916	0	6.55856	6.38897	0	0	0	0	10.58406	0	0	0	0	0	0	0	0	5.41375	0	0	0	0	0	0	9.23163	0	0	0	0	0	0	0	0	0	0	0	0	0	0	0	0	0	0	0	0	0	0	0	
0	0	0	0	0	0	0	0	0	0	0	0	0	0	0	8.77334	0	0	0	0	0	0	0	0	0	0	0	0	0	0	0	0	0	0	0	6.89801	13.15312	0	0	0	0	0	0	4.90973	0	11.65093	7.04207	10.13896	6.0268	9.81887	0	0	13.69479	0	11.85868	0	0	0	0	6.20917	0	6.81385	0	6.42877	0	9.39244	0	0	11.36297	0	7.06749	0	0	0	0	12.43035	0	14.95963	0	4.3163	0	0	0	0	0	0	0	0	0	0	7.32022	0	0	0	0	0	0	0	0	0	
0	0	0	0	0	0	0	0	0	0	0	0	0	0	0	0	0	0	0	0	0	0	0	0	0	0	10.69644	0	0	0	0	4.70067	0	0	6.52719	0	0	0	0	0	11.51045	0	0	0	0	0	0	0	10.63158	7.54568	3.64252	9.25878	8.28164	0	9.88841	0	7.39743	0	2.70215	0	17.94198	8.98632	0	0	0	8.95129	0	0	0	0	0	0	0	7.76323	0	0	0	0	0	0	0	0	0	0	0	0	0	0	0	0	0	0	0	0	0	0	5.17557	0	0	0	
0	0	0	0	0	0	0	0	0	0	0	0	0	0	0	0	0	0	0	10.12855	0	0	0	0	0	0	0	0	0	0	0	0	0	0	0	0	0	0	0	0	0	0	0	13.84049	0	0	16.68471	12.82071	9.22496	0	8.89915	8.57679	11.31785	0	0	0	13.95903	0	0	6.0825	7.83234	0	0	12.01337	0	10.57961	0	5.17557	0	0	0	0	0	0	0	0	0	0	0	0	0	0	0	0	0	0	0	0	0	0	6.77279	0	0	0	0	0	0	0	0	0	
0	0	0	0	0	0	0	0	0	0	0	0	9.148	0	0	0	0	0	0	8.84293	0	0	0	0	0	0	0	0	0	0	0	0	0	13.4906	0	0	0	0	0	0	0	7.67056	10.9187	0	8.90003	0	0	3.6121	11.06057	0	1.88877	8.24236	8.14544	3.0634	9.54983	16.60168	5.43148	12.5074	7.57685	0	0	0	0	0	14.70328	0	0	0	0	0	0	0	0	0	0	0	0	0	13.86395	1.23364	0	0	0	0	0	0	0	0	0	0	0	0	0	0	0	0	0	0	0	0	
0	0	0	0	0	0	0	0	0	0	0	0	0	0	0	0	0	0	0	0	0	0	0	14.64416	0	0	0	0	0	0	0	0	0	0	0	0	0	0	10.53956	0	0	0	8.36759	9.404	18.96703	0	11.01261	6.33184	0	7.17764	9.83069	5.42894	0	0	0	0	0	11.38526	15.13488	9.71249	7.67534	0	0	0	7.44296	0	0	0	0	0	0	0	0	0	0	0	0	0	0	0	0	0	0	0	0	0	0	0	0	0	0	0	0	0	0	0	0	0	0	0	
0	0	6.7428	0	0	0	0	0	0	0	0	0	0	0	0	0	0	0	0	0	0	0	0	0	0	0	0	0	0	0	0	0	0	0	0	0	0	0	0	0	10.41701	0	0	0	0	9.82318	0	5.46108	11.69306	10.99588	0	8.87858	10.79026	7.99255	1.23364	9.54901	0	0	17.25312	0	9.69541	0	8.24355	10.62415	0	0	0	0	0	0	0	6.38221	0	0	0	0	2.51866	0	0	0	0	0	0	0	0	0	0	0	0	0	0	0	0	0	0	0	0	0	0	0	
0	0	0	0	0	0	0	0	0	0	0	6.86493	0	0	0	0	0	0	0	0	0	0	0	0	0	0	0	0	0	0	0	0	5.83518	0	0	0	0	7.06562	12.0767	6.32314	6.48428	6.32314	0	0	11.28381	6.24222	12.26997	9.15778	11.39979	0	12.55788	0	2.35545	8.15427	0	10.13795	9.42204	11.81576	0	0	0	0	0	0	0	0	0	6.56887	0	0	0	0	13.99936	0	0	5.44542	0	0	11.21251	0	0	0	0	0	0	0	0	0	0	0	0	0	0	0	0	5.71106	0	0	0	0	
0	0	0	0	0	0	0	0	0	0	0	0	0	0	0	0	0	0	0	0	0	0	0	0	0	0	0	0	0	0	0	0	0	0	5.91814	10.30511	0	0	0	3.38696	0	12.27059	0	12.03451	15.7804	9.29471	7.54542	7.55721	9.85142	11.33777	11.29435	10.88353	1.23364	9.4274	0	0	7.5967	0	0	10.90272	8.46388	0	16.18228	0	0	0	0	0	0	0	0	0	0	0	0	0	0	0	2.51866	0	0	0	0	0	0	0	0	12.29583	0	0	0	0	0	0	0	0	0	0	0	0	
0	0	0	0	0	0	0	0	9.72867	0	9.05024	0	0	0	0	0	0	0	0	0	0	0	0	0	0	0	9.69965	0	0	0	0	0	0	0	0	18.33554	0	11.12791	11.95071	0	9.48269	9.72522	0	7.54045	4.66268	12.13087	7.87899	8.52383	8.32165	8.56359	0	6.07038	8.95915	0	0	0	7.82415	2.13057	0	0	0	0	0.74485	0	0	0	16.93824	0	0	0	0	0	0	0	0	0	0	0	0	0	0	0	0	0	0	0	0	0	0	0	0	0	0	1.23364	0	0	0	0	0	0	
0	0	0	0	0	0	0	0	0	0	0	11.33645	0	0	16.82376	0	0	0	0	0	0	0	0	0	0	0	0	0	0	0	0	11.10374	0	0	6.07098	0	12.07229	0	0	10.51848	1.59808	0	9.8329	10.02331	10.61342	7.86064	10.96299	9.56007	2.35034	10.06906	12.22817	9.89825	9.80289	7.55443	0	2.82418	8.75976	0	0	13.00088	13.1789	12.3548	0	9.76274	0	0	0	0	0	0	0	0	0	5.61415	0	5.96633	0	0	0	0	0	0	0	3.64252	0	0	0	0	0	0	0	0	0	0	0	0	0	0	0	0	
0	0	0	0	0	0	0	0	0	0	0	0	12.74135	0	0	0	0	0	0	0	0	0	0	0	0	0	0	0	0	9.93895	0	0	7.64156	0	8.59825	0	13.33074	0	13.33791	10.85064	10.49308	9.36313	10.47655	8.27421	7.3905	3.68051	10.52838	10.56174	4.3163	9.04505	8.76791	12.11005	12.83679	9.82861	7.2261	13.44805	8.15802	0	0	7.63176	9.86977	0	0	0	0	12.20376	0	0	0	0	0	0	0	9.59449	0	0	0	0	0	0	11.0014	0	0	0	0	0	0	0	0	0	0	0	0	0	0	0	0	0	0	0	
0	0	0	0	0	0	0	13.04584	0	0	0	12.3842	0	0	0	0	0	0	0	0	0	0	0	0	0	0	0	8.46388	0	0	4.3163	0	11.74056	0	0	0	2.95567	7.42605	10.51154	11.54943	9.94328	4.2891	0	9.88212	10.16378	9.13766	9.38435	8.89301	11.85361	9.60934	6.48793	9.76644	10.04057	7.81177	10.76065	12.80086	8.89096	5.45961	3.14307	7.91232	4.9733	11.96102	9.68906	0	9.96259	0	0	0	0	0	0	0	0	11.61439	0	0	0	0	0	0	0	0	0	0	0	0	0	0	0	0	0	0	0	0	0	0	0	0	0	0	
9.17186	0	0	0	0	0	0	0	7.82623	0	0	0	13.07833	0	0	0	0	0	0	0	0	0	0	0	10.94367	0	0	8.32789	0	0	0	0	9.77503	0	10.32999	8.87027	0	6.61932	10.65562	7.05048	8.35791	9.2188	5.04209	10.08143	11.34704	10.14006	7.92588	9.17869	5.87269	3.65582	9.67118	8.23189	8.47259	4.46273	12.36516	12.01592	9.48515	4.23776	0	11.17682	7.75423	2.67949	0	4.1368	0	8.53131	0	0	0	0	4.58357	0	0	0	0	0	0	0	0	0	0	0	4.56222	0	0	15.69579	0	0	0	0	0	0	0	0	0	0	0	0	0	0	
0	0	0	9.40975	0	0	0	0	0	0	0	0	0	0	0	0	0	0	6.46233	0	0	9.20362	0	5.95003	10.0308	7.14531	0	0	10.15188	9.27618	11.2275	0	12.08446	0	0	18.47991	0	9.41304	10.5278	9.67703	7.69141	6.27945	9.1658	9.57497	9.25478	10.50839	7.91635	9.26934	10.0163	8.20869	9.4735	6.87408	10.8059	6.15395	5.76724	9.42013	0	2.38689	7.88468	7.46727	16.51853	3.56225	9.12024	0	0	0	0	0	0	7.63667	0	0	8.14366	0	13.11616	8.02516	12.29757	3.9252	0	14.07317	0	0	0	0	0	0	0	0	0	0	0	0	0	0	0	0	0	0	0	0	
8.37563	0	0	0	12.07545	6.62955	0	0	0	0	0	0	0	0	0	0	0	9.40256	0	0	0	0	0	0	9.92096	0	8.68861	9.96211	0	13.60093	9.94697	0	0	0	11.4775	6.64877	7.31518	11.10001	12.35676	8.34368	5.81939	9.21258	9.85911	8.54393	9.54946	8.65546	9.29754	9.49175	6.96501	10.6155	4.88676	10.76122	16.15909	7.88082	9.67303	8.41406	9.42167	3.68068	3.75278	7.15139	9.90884	0	6.99073	13.03543	13.67316	12.4531	9.51214	0	0	0	0	0	0	0	5.90192	0	0	0	0	0	0	0	0	0	0	0	0	0	0	0	0	0	0	0	0	0	0	0	0	0	
0	0	0	0	0	0	0	0	6.29858	0	8.12283	0	0	0	0	0	5.63392	11.36297	9.95082	5.98123	10.74212	10.47263	0	0	0	13.1809	0	9.71597	6.52808	10.01724	0	10.13029	10.6876	8.37027	7.77934	11.06518	5.99568	9.8872	9.43086	8.00877	9.23255	7.72011	3.43357	7.72193	9.53174	7.91109	8.34163	8.05362	7.93116	6.38298	8.93176	9.70581	7.16337	7.49309	4.93187	5.36392	8.19576	9.20528	0	6.14173	7.19465	4.54233	10.8222	0	7.62546	9.64103	0	0	0	0	0	10.58914	0	0	7.05288	0	0	0	11.78046	0	0	0	0	0	0	5.91814	0	0	0	0	0	0	0	0	0	9.38954	0	0	0	0	
0	10.92072	0	0	3.29062	8.58561	0	0	0	0	0	0	0	0	2.82418	11.30751	0	10.17904	9.86191	0	7.59189	0	7.00055	0	0	0	0	0	9.95249	10.97549	7.03315	0	8.74408	4.27128	11.6842	7.91238	9.01523	8.35881	8.37897	8.51431	8.88934	7.34477	7.1894	7.2442	8.04326	6.2579	8.65158	9.09996	7.9315	7.59961	6.41271	8.43689	8.36675	6.52895	8.06416	7.26926	3.64252	7.84803	7.94833	4.15013	0	10.3819	0	11.97779	11.05921	2.13057	6.03604	5.22854	0	0	0	0	0	0	0	11.8883	0	0	0	0	8.55497	0	0	0	0	0	0	0	0	0	0	0	0	0	0	0	0	0	0	0	
0	12.46073	8.60577	0	7.6941	0	0	0	0	0	8.41901	0	0	0	9.81238	15.1121	0	9.22007	0	0	4.84335	10.43216	8.72412	9.17906	6.78762	10.98033	0	3.98751	6.45123	6.85533	10.27659	10.11279	10.55139	11.18825	9.8903	5.90294	8.31529	8.44874	7.10948	8.0364	5.84368	7.47906	7.93741	6.64908	6.70839	6.54542	8.70366	7.29593	8.52164	8.35175	7.62699	9.3298	7.70949	7.23545	6.78475	5.53102	7.69264	8.25292	8.11945	8.79545	0	7.01294	9.13224	10.52902	3.57266	1.23364	4.3163	0	0	0	0	3.64252	0	15.42261	8.40757	0	8.91943	0	13.95609	0	0	0	0	5.30306	0	2.48659	0	0	0	0	0	0	0	0	0	0	0	0	0	0	
0	0	0	0	0	0	0	0	7.59694	0	7.58683	9.39244	0	0	0	0	0	0	9.98778	0	4.3163	0	0	0	0	5.85216	10.64036	0	1.59808	9.48106	2.90699	5.14834	6.87327	8.96051	10.09828	9.26195	7.97482	8.77284	8.03819	8.99255	4.19961	7.00021	8.33835	7.78225	6.78211	7.37293	6.60785	8.0647	8.60548	9.06546	8.46198	7.44797	5.96847	6.38207	7.75894	9.06604	8.3228	8.10036	9.27932	7.48792	9.88285	5.45312	11.85979	5.59568	0	9.30495	0	8.83887	0	0	0	0	0	0	0	0	0	0	0	0	0	4.36443	0	0	0	0	0	6.13642	2.82418	16.06704	0	0	0	0	0	0	0	0	0	0	
0	0	0	0	0	0	0	0	10.16722	9.44235	0	2.51866	0	11.4833	0	0	0	1.88877	5.90192	4.40492	0	0	2.82418	8.11685	7.23218	3.79077	3.18737	9.23397	4.68654	9.76298	0	6.41015	5.08952	4.21405	3.0503	9.37359	7.85279	4.8884	10.47952	4.64091	7.36476	7.40697	8.12168	8.07002	6.79687	6.801	7.41308	8.28996	6.8337	8.44069	8.17558	6.37003	6.36469	5.67732	7.33453	7.68684	6.61759	7.00608	9.60016	6.76183	6.43232	8.82611	8.6921	11.64394	5.76527	9.77062	10.17568	0	0	0	0	0	0	8.20772	9.90681	0	0	0	15.46926	0	0	0	0	0	0	0	0	0	8.05845	0	2.33763	0	0	0	0	0	0	0	0	0	
0	0	9.06488	5.43619	0	2.13057	0	0.74485	8.51007	0	0	0	0	0	0	0	0	7.48802	0	0	0	0	0	11.18388	0	8.60827	0	8.78368	7.14531	8.39568	0	8.41459	0	10.70581	5.03665	7.93002	6.53517	5.39426	1.61693	10.73827	6.33615	9.04127	5.73842	7.55479	7.20002	6.41524	6.56286	8.78221	7.93832	7.68618	7.15955	7.24542	7.47978	7.63179	7.73226	6.81821	7.78428	8.05519	8.30414	6.29292	8.39903	8.49468	2.94276	11.67767	6.84977	0	0	7.71482	1.59808	16.82608	5.49931	0	9.99161	0	1.64531	0	8.85139	0	0	0	0	0	7.58558	0	0	0	0	0	0	0	0	0	0	0	0	0	0	0	0	0	
0	0	0	0	0	0	0	0	0	0	10.84641	6.7428	9.29717	0	12.09207	0	0	5.42287	0	6.32314	0	0	0	0	0	0	5.80062	4.411	3.82724	0	8.63304	7.89215	4.75138	6.56384	4.88791	7.5597	9.19555	7.43636	5.99945	8.03691	7.96598	4.82896	5.82487	6.28622	7.42081	7.23437	6.39498	7.00599	6.74778	6.33683	6.68403	9.01982	9.18349	6.10216	5.33877	6.59049	7.486	8.1597	9.43848	7.33398	9.25191	5.37411	9.35167	8.62287	0	5.44865	11.36297	2.50568	0	0	7.55608	0	5.3719	0.74485	0	14.13435	0	0	0	0	0	0	0	0	0	0	0	0	6.29784	0	0	0	0	0	0	0	0	0	0	0	
0	0	0	0	0	1.59808	0	0	0	11.6041	0	0	11.12004	0	0	0	0	0	0	0	0	0	0	9.6297	0	0	8.17451	0	0	4.82723	6.53802	0	0	8.79758	6.87327	7.24509	5.55317	2.51866	0.74485	8.38733	4.58436	5.44542	2.98616	5.35033	9.88243	7.52484	6.96423	9.10685	8.29773	4.84952	7.12562	8.41506	6.08786	7.0311	7.77384	6.44078	6.88659	6.66179	3.94971	6.46209	8.65555	6.08455	3.68382	8.35907	5.84855	4.47203	7.82042	9.41261	5.62714	0	0	5.39996	0	4.3163	0	4.10593	7.67534	0	0	0	0	0	0	0	7.41467	0	0	1.59808	0	0	0	14.0187	0	0	0	0	6.86493	0	0	0	
0	0	0	0	0	0	0	0	0	0	0	7.30797	0	0	0	0	0	8.22012	10.04611	0	0	0	0	9.20031	0	0	0	4.73769	0	0	0	0	4.20291	7.34273	5.87756	0	3.57951	8.60411	0.37243	5.96003	5.76336	8.59985	6.95096	1.16882	0	8.15802	5.58903	5.03935	6.48515	6.37322	6.71772	10.49123	7.87151	4.59202	6.50904	6.71562	6.198	7.98543	7.08789	8.32345	6.79977	5.15935	0	6.71943	11.24318	0	5.71317	6.96976	14.2074	5.79696	0	0	0	6.18257	0	9.17861	0	7.80306	0	0	0	7.11647	0	0	0	0	0	0	0	0	0	0	0	0	0	0	0	0	0	0	
0	0	0	0	4.36021	0	0	0	0	0	8.02141	0	0.74485	0	0	9.66284	0	0	6.60937	0	4.96093	5.42287	0	0	0	6.19593	4.26651	0	0	5.16915	0	9.16565	9.06488	0	0	9.404	10.06717	1.23364	14.1362	9.57196	2.68426	9.27303	6.28489	6.19593	4.97393	4.7742	11.92837	4.49361	8.1989	8.34403	7.04398	5.22371	7.7129	7.2177	5.34808	7.20745	6.01181	6.21018	5.90767	6.49819	5.23104	6.70513	7.83385	4.3789	8.47702	0	7.75072	10.94424	0	5.72889	8.61842	11.10861	8.48202	10.59541	7.64794	0	6.31346	0	0	0	5.03396	0	0	0.74485	0	12.25632	0	0	0	0	0	0	0	0	0	0	0	0	0	0	
0	0	0	0	0	0	0	0	0	0	0	2.33763	6.77675	0	0	11.35555	0	0	0	2.13057	0	0	2.82418	0	0	0	0	0	0	4.96173	2.13057	5.05051	0	0	0	12.03304	0	0	0	2.13057	3.10507	3.81469	6.22421	3.70506	6.61526	5.05821	4.65298	7.37172	6.03792	3.0587	0	0	6.94781	10.45659	3.29062	5.76107	7.71547	6.57816	5.94143	5.4796	8.18352	8.37656	8.69208	7.08209	5.25008	5.91422	7.32631	8.59892	1.23364	9.63058	0	10.88324	7.13709	9.24116	10.44201	0	5.35303	0	4.49987	0	0	0	0	0	0	0	0	0	0	0	0	0	0	0	0	0	0	0	0	0	
0	0	0	10.93423	0	0	0	0	0	0	0	0	0	0	0	0	0.74485	0	0	0	0	0	4.73769	0	0	0	6.92667	7.51903	7.68958	9.7661	0	0	0	0	0	10.36088	0	0	0	5.40443	4.05434	0	0	0	2.99506	10.68878	7.40193	6.5791	5.22157	5.38161	5.2008	4.45095	5.96095	7.16997	7.43518	6.9346	8.49446	7.00281	5.4708	6.35407	7.16373	8.07486	8.34078	8.55984	7.62084	9.30199	6.67397	5.78302	10.24346	6.94485	6.21872	8.18746	4.49486	5.46146	6.27827	0	12.23827	2.82418	6.22405	7.08914	0	5.818	3.64252	0	0	0	0	0	0	0	0	0	0	0	0	0	0	6.75188	0	12.91726	
0	0	5.80823	0	0	0	0	0	0	0	0	0	0	0	0	0	0	0	0	0	7.21915	0	0	0	0	7.37411	0	8.78631	0	12.86895	0	10.89739	11.3941	0	7.02321	0	0	6.48652	6.20683	0	9.8656	0	0	9.07659	11.14523	9.86665	0.37243	4.55791	0	6.44753	3.03155	9.9665	7.11872	5.34827	7.66536	8.53176	0	5.53653	8.26438	5.70227	2.9754	5.69286	5.67664	1.24288	3.36462	6.26758	4.88901	0	8.90313	3.18724	3.58719	5.43815	6.62168	9.39514	9.85089	0	5.54225	0	6.32189	4.54233	0	4.62763	0	0	0	0	0	0	5.38488	0	0	0	0	0	0	0	4.36443	0	0	0	
0	0	0	0	2.82418	0	0	0	0	0	0	0	7.69429	0	0	0	0	0	0	0	0.74485	5.35303	0	0	0	0	0	10.4746	0	0	0	3.47726	8.64283	0	0	0	7.3018	0	5.80062	5.72889	0	0	8.70123	0	5.53225	0	6.36538	4.411	11.46341	5.69042	6.11384	3.95029	10.21804	4.38844	6.58793	2.92866	0	5.37625	8.12823	2.31184	5.78995	8.41886	7.49988	5.8175	4.08415	7.91053	8.68553	1.77491	7.1001	6.60781	5.08848	0	0	7.84433	0	6.80828	12.70069	5.79153	0	0	0	0	0	0	8.55483	5.86894	0	0	0	0	0	0	0	0	0	0	6.7428	0	0	0	
0	0	0	0	0	0	0	0	4.62367	0	0	0	14.84268	0	0	0	7.83757	0	0	0	0	0	0	0	12.35084	0	0	0	0	0	0	0	0	0	8.33092	8.13675	0	4.10593	0	0	0	0	4.77377	9.94292	0	10.31556	7.7855	8.87858	0	3.84851	0	12.57779	9.709	6.82906	0	1.88877	0	8.29803	0	6.17859	7.35115	1.59808	5.33366	6.11384	4.35359	5.77318	6.0595	5.41709	8.28164	8.66077	9.62702	2.27688	9.86781	9.57609	7.56266	4.86463	7.2252	11.41852	0	0	7.1245	0.74485	8.14669	0	9.14668	13.06463	6.55856	4.66268	6.26094	0	1.99041	0	0	10.7449	0	0	0	0	0	0	
0	0	0	0	0	0	0	0	0	0	0	0	0	0	0	0	0	0	0	0	6.1588	0	0	0	0	0	0	0	0	7.08914	0	0	0	0	5.03396	0	0	0	0	0	9.89866	0	8.89506	9.62753	3.05824	0	0	5.35303	4.36443	4.3069	8.76215	0	0	4.93474	3.61058	6.96641	0	0	6.96941	7.94807	9.33473	5.06387	1.85026	4.01631	5.41432	7.25709	4.07914	7.3344	5.98917	10.66273	6.67962	7.18702	5.21774	5.80889	5.13533	0	1.43771	0	8.92044	0	0	0	2.13057	0	0	0	6.32012	0	0	0	0	0	0	0	0	0	0	0	0	0	
0	0	0	0	6.39441	0	0	0	0	0	0	11.70391	0	2.82418	0	0	0	0	0	0	0	0	0	0	0	0	0	0	0	0	0	0	0	0	0	0	0	0	0	9.2556	0	0	8.05112	0	3.61284	0	2.10747	0	0	0	3.38696	0	0	0	10.18324	0	0	0	0	7.2515	7.60761	0	6.06572	7.35079	9.04407	0	1.59808	6.98852	9.37658	5.46847	8.02598	7.80946	7.02454	4.37243	0	0	5.93858	4.36443	6.97828	4.36443	2.51866	5.65342	1.88877	0	3.38696	0	3.47726	11.90744	0	4.64294	0	0	0	0	1.88877	0	0	0	0	0	
0	0	0	0	0	0	0	0	0	0	0	0	0	0	0	0	0	4.74974	0	0	0	5.25431	7.93242	0	0	0	9.19533	0	0	0	0	0	0	4.16243	6.61535	0	0	0	0	0	0	0	0	0	0	0	0	0	0.74485	0	0.74485	0	0	0	0	7.60383	7.95774	7.77057	2.51866	3.71855	0	5.01901	4.08907	0	7.53537	8.0776	4.57056	6.93502	5.21899	3.22193	6.00511	5.17684	6.66615	6.73616	7.34666	3.2475	4.60522	0	6.77876	5.7428	0	0	6.44399	0	4.84335	7.37939	1.23364	2.33763	0	8.13185	0	0	0	0	0	0	9.41891	0	0	0	
0	0	0	0	0	0	0	0	6.4593	0	0	0	0	0	0	0	0	0	0	0	0	0	0	0	0	0	0	6.04168	0	0	0	0	0	0	0	0	0	0	0	10.95644	0	0	0	0	0	6.20917	0	5.03396	5.30451	0	0	11.4171	0	0	0	0	0	0	6.73451	0	8.86952	0	8.8184	8.59588	7.35562	6.15171	4.56524	0	0	6.65156	7.37595	1.23364	8.73954	7.78032	7.61771	10.48597	1.25933	0	0.74485	8.70661	5.95653	8.74053	10.04888	6.25265	4.86567	0	0	0	0	0	5.80062	0	10.2386	0	0	0	0	0	0	0	
0	0	0	0	0	0	0	0	0	0	0	0	0	6.23528	0	0	0	0	0	2.82418	0	0	0	0	0	4.36562	0	0	0	0	0	0	0	0	4.36443	0	0	5.0751	0	0	9.45351	0	0	8.89711	1.23364	0	0	0	0	0	9.85722	5.96571	0	0	10.58025	0	0	0	0	5.68931	5.21977	0	5.31105	9.55031	4.90973	3.74394	7.2047	4.10593	0	5.51402	6.06099	0	6.9549	7.05015	9.27303	8.33131	4.02948	4.43456	7.43345	2.68826	0	7.53432	5.67266	6.71604	2.78689	0	0	6.69655	3.00811	0	10.80668	0	0	4.73769	0	0	0	0	5.22167	0	
0	0	0	0	0	0	0	14.18386	0	0	0	0	0	0	0	0	0	0	0	0	0	0	7.47071	0	0	0	0	0	9.40256	0	0	0	0	0	9.80941	0	0	0	0	0	0	5.31823	0	0	0	0	7.40078	0	0	0	0	0	8.37857	0	0	0	5.09873	11.53973	0	3.30844	9.31231	0	0	6.58065	0	5.53225	0	7.62426	6.68916	12.43807	11.60572	4.5593	10.1553	5.7765	5.42287	5.73941	3.81733	5.22854	6.16835	6.63784	7.2547	6.9656	3.88609	0	6.80385	0	1.23364	3.22344	0	0	9.38954	8.50823	0	0	0	0	9.60392	0	0	0	
0	0	0	0	0	0	0	0	0	0	0	0	0	0	0	0	0	0	0	0	0	0	0	0	0	0	0	0	0	0	0	0	0	0	0	0	0	4.19303	0	0	0	0	0	0	0	0	0	0	0	2.82418	0	4.93532	0	2.41229	0	0	4.66268	6.17379	0	0	1.88877	0	9.88738	11.0886	5.7652	4.79223	0	0	7.86745	7.82537	0	4.58357	5.21884	7.46336	6.5919	5.94778	0	4.40791	7.1037	5.43699	3.07212	7.71764	4.62367	0	0	0	1.78113	0	0	0	0	0	6.15518	7.53621	5.61415	0	0	0	0	0	
0	0	0	0	0	0	0	4.97318	0	0	0	0	0	0	0	0	0	0	0	0	0	0	0	0	0	0	0	0	0	0	0	0	0	0	0	0	0	4.37383	0	4.411	0	0	0	0	0	0	0	0	0	0	5.23206	0	0	12.35174	7.03225	0	0	10.66921	9.55161	11.0482	0	4.36443	0	7.17045	9.02027	10.395	0	0	8.01682	4.79144	9.02029	3.84465	4.91411	5.41296	5.00389	6.5158	6.44247	0	7.46166	5.55437	7.42076	8.08383	4.22367	4.54841	2.02409	0	0	3.24158	0	0	8.01011	0	0	0	0	6.94497	0	0	0	0	
0	0	0	0	0	0	0	0	0	0	0	0	0	0	0	0	0	0	0	0	0	0	0	0	0	9.32868	0	0	0	0	0	0	0	0	0	0	0	10.5024	0	0	0	0	0	0	9.84455	0	0	0	10.28051	0	0	0	0	0	0	1.23364	0	0	0	0	0	0	7.72543	0	0	5.69302	6.65219	5.74898	0	5.8161	1.89539	0	6.10083	0	8.39024	6.13065	2.13057	6.76262	4.91499	5.66523	3.86644	0	4.9232	0	8.90526	6.24471	0	0	0	0	9.79492	0	0	0	0	0	0	1.23364	0	0	
0	0	0	0	0	0	0	0	0	0	0	0	9.22333	0	0	0	0	0	0	0	0	0	0	0	0	0	0	0	0	0	0	0	0	0	0	0	0	0	0	0	0	0	0	0	0	0	0	10.50978	0	0	1.59808	0	14.2267	0	0	0	0	0	0	4.48594	0	0	0	5.28505	2.67949	12.67148	9.8756	0	5.30451	0	0	10.48278	0	0	0	1.67799	5.75489	8.50548	5.28842	3.5389	0	9.16322	5.29546	2.64023	6.1061	2.99829	4.68082	0	7.09628	0	0	0	0	6.89801	0	0	0	0	0	0	
0	0	0	0	0	0	0	0	0	0	0	0	0	0	0	0	0	0	0	0	0	0	0	0	0	0	0	0	0	0	0	0	10.61174	0	0	0	0	0	0	0	6.92232	0	0	0	0	0	0	0	0	0	0	0	0	0	0	0	2.41328	0	0	0	10.9468	0	0	5.22195	0	4.45612	0	0	6.20031	0	0	0	8.92546	0	0	2.95567	0	0	8.54391	9.20234	5.93492	5.93417	10.14328	0	2.13057	0	0	0	0	0	6.47368	3.52914	4.28776	0	0	0	0	0	0	0	
0	0	0	0	0	0	0	2.58779	0	0	0	0	0	0	0	0	0	0	0	0	0	0	0	0	0	0	0	4.58357	0	0	0	0	0	0	0	0	0	0	0	0	0	0	0	0	0	0	0	0	0	0	0	0	0	0	0	0	0	0	0	0	0	0	0	0	0	0	0	0	0	0	2.91759	3.33244	8.2831	9.68433	0	6.22228	8.1471	0	9.70373	13.83662	0	5.88707	0	8.6355	2.51866	8.90456	0	11.962	0	0	0	13.82371	0	0	0	8.51007	0	0	0	0	
0	0	0	0	0	0	0	0	0	0	0	0	0	0	0	0	0	0	0	0	7.68958	0	0	0	0	0	0	0	0	0	0.74485	0	0	0	0	0	0	0	0	0	0	0	0	0	0	0	0	0	0	0	0	0	0	0	0	0	0	0	0	10.15445	0	0	0	0	5.71039	7.75874	8.84929	5.3142	0	0	0	0	0	0	0	2.82418	6.25231	0	0	0	3.66382	0	0	0	3.02337	3.98799	6.96354	4.09936	6.6292	0	8.46939	7.65614	10.7478	5.63392	0	7.74062	0	0	0	0	
0	0	0	0	0	0	0	0	0	0	0	0	0	0	0	0	0	0	0	0	0	0	0	0	0	0	0	0	0	0	0	0	0	0	0	0	0	0	0	0	0	0	0	0	0	0	0	0	5.57378	0	0	0	0	0	0	0	0	0	0	0	0	0	0	0	0	0	0	0	0	7.92039	7.91232	8.39314	6.26762	0	10.93324	6.28614	0	9.35422	0	0	0	6.59935	5.17557	0	4.75137	0	0	0	0	3.78063	0	1.23511	3.28563	0	2.13057	0	0	0	0	0	
0	0	0	0	0	0	0	0	0	0	0	0	0	0	0	6.30192	0	0	0	0	0	0	0	0	0	0	0	0	0	0	0	0	0	0	6.73367	0	0	0	0	0	0	0	0	0	0	0	0	0	0	0	0	0	0	0	0	0	0	0	0	0	0	0	0	0	0	0	0	3.98799	0	0	0	0	0	5.71039	0	0	0	0.94439	0	0	0	0.74485	0	0	2.02891	0	6.29787	3.46116	7.91232	9.92172	8.37857	0	10.87473	0	0	0	0	0	0	0	
0	0	0	0	0	0	0	0	0	0	0	0	0	0	0	0	0	0	0	0	0	0	0	0	0	0	0	0	0	0	0	0	0	0	0	0	0	0	0	0	0	0	0	0	0	0	0	0	7.00055	0	0	0	0	0	0	0	0	0	0	6.53772	0	0	0	0	0	4.55287	0	0	0	0	0	4.80898	0	0	0	0	0	12.30202	0	6.68333	9.49329	0	0	10.67453	0	0	0	0	0	0	0	0	0	0	0	0	0	0	0	0	
0	0	0	0	0	0	0	0	0	0	0	0	0	0	0	0	0	0	0	0	0	0	0	0	0	0	0	0	0	0	0	0	0	0	0	0	0	0	0	0	0	0	0	0	0	0	0	0	0	0	0	0	0	0	0	2.48463	0	0	10.58025	0	0	0	0	0	11.9512	0	0	0	0	0	0	0	0	2.82418	0	0	6.55856	0	0	0	3.7991	5.60642	4.21152	8.10555	0	0	0	6.93831	7.77462	0	5.25431	9.99353	11.94033	0	0	0	0	0	0	0	
0	0	0	0	0	0	0	0	0	0	0	0	0	0	0	0	0	0	0	0	0	0	0	0	0	0	0	0	0	0	0	0	0	0	0	0	0	0	0	0	0	0	0	0	0	0	0	0	0	0	0	0	0	0	0	0	0	0	0	0	0	0	0	0	0	0	0	0	0	0	0	0	0	0	0	0	0	0	0	0	0	0	0	0	0	0	0	0	0	0	0	8.13675	0	0	0	0	0	0	0	0	
0	0	0	0	0	0	0	0	0	0	0	0	0	0	0	0	0	0	0	0	0	0	0	0	0	0	0	0	0	0	0	0	0	0	0	0	0	0	0	0	0	0	0	0	0	0	0	0	0	0	0	0	0	0	0	0	0	0	0	0	0	0	0	0	0	0	0	0	0	0	5.89194	0	0	0	0	0	3.9252	0	0	8.79718	0	0	0	10.01724	0	0	0	0	0	0	5.63127	14.13836	0	0	0	0	0	0	0	0	
0	0	0	0	0	0	0	0	0	0	0	0	0	0	0	0	0	0	0	0	0	0	0	0	0	0	0	0	0	0	0	0	0	0	0	0	0	0	0	0	0	0	0	0	0	0	0	0	0	0	0	0	0	0	0	0	0	0	0	0	0	0	0	0	0	0	0	0	0	0	3.64252	0	0	0	0	0	0	0	0	0	0	0	0	0	0	0	6.72448	0	0	0	0	0	0	0	0	0	0	0	0	0	
0	0	0	0	0	0	0	0	0	0	0	0	0	0	0	0	0	0	0	0	0	0	0	0	0	0	0	0	0	0	0	0	0	0	0	0	0	0	0	0	0	0	0	0	0	0	0	0	0	0	0	0	0	0	0	0	0	0	0	0	0	0	0	0	0	0	0	0	0	8.69552	2.82418	0	0	0	0	0	0	0	4.49987	0	0	0	0	0	0	0	0	0	8.81073	1.59808	0	0	0	0	0	0	0	0	0	0	
0	0	0	0	0	0	0	0	0	0	0	0	0	0	0	0	0	0	0	0	0	0	0	0	0	0	0	0	0	0	0	0	0	0	0	0	0	0	0	0	0	0	0	0	0	0	0	0	0	0	0	0	0	0	0	0	0	0	0	0	0	0	0	0	0	0	0	0	0	0	0	0	0	0	0	0	0	0	0	0	0	0	0	0	0	0	1.88877	0	0	0	0	0	0	0	0	0	0	0	0	0	
0	0	0	0	0	0	0	0	0	0	0	0	0	0	0	0	0	0	0	0	0	0	0	0	0	0	0	0	0	0	0	0	0	0	0	0	0	0	0	0	0	0	0	0	0	0	0	0	0	0	0	0	0	0	0	0	0	0	8.72116	0	0	0	0	0	0	0	0	0	0	0	0	0	0	0	0	5.32897	0	0	0	0	0	0	0	0	0	0	0	0	0	0	0	0	0	0	0	0	0	0	0	0	
0	0	0	0	0	0	0	0	0	0	0	0	0	0	0	0	0	0	0	0	0	0	0	0	0	0	0	0	0	0	0	0	6.01177	0	0	0	0	0	0	0	0	0	0	0	0	0	0	0	0	0	0	0	0	0	0	0	0	0	0	0	0	0	1.23364	0	0	0	0	0	0	0	0	0	0	0	0	6.73367	0	0	0	0	0	0	0	0	0	0	0	0	0	0	0	0	0	0	0	0	0	0	0	0	
0	0	0	0	0	0	0	0	0	0	0	0	0	0	0	0	0	0	0	0	0	0	0	0	0	0	0	0	0	0	0	0	0	0	0	0	0	0	0	0	0	0	0	0	0	0	0	0	0	0	0	0	0	0	0	0	0	0	0	0	0	0	0	0	0	0	0	0	0	0	0	0	0	0	0	0	0	0	0	0	0	0	0	0	0	0	0	0	0	0	0	0	0	0	0	0	0	0	0	0	
0	0	0	0	0	0	0	0	0	0	0	0	0	0	0	0	0	0	0	0	0	0	0	0	0	0	0	0	0	0	0	0	0	0	0	0	0	0	0	0	0	0	0	0	0	0	0	0	0	0	0	0	0	0	0	0	0	0	0	0	0	0	0	0	0	0	0	0	0	0	0	0	0	0	0	0	0	0	0	0	0	0	0	0	0	0	0	0	0	0	0	0	0	0	0	0	0	0	0	0	
0	0	0	0	0	0	0	0	0	0	0	0	0	0	0	0	0	0	0	0	0	0	0	0	0	0	0	0	0	0	0	0	0	0	0	0	0	0	0	0	0	0	0	0	0	0	0	0	0	0	0	0	0	0	0	0	0	0	0	0	0	0	0	0	0	0	0	0	0	0	0	0	0	0	0	0	0	0	0	0	0	0	0	0	0	0	0	0	0	0	0	0	0	0	0	0	0	0	0	0	
0	0	0	0	0	0	0	0	0	0	0	0	0	0	0	0	0	0	0	0	0	0	0	0	0	0	0	0	0	0	0	0	0	0	0	0	0	0	0	0	0	0	0	0	0	0	0	0	0	0	0	0	0	0	0	0	0	0	0	0	0	0	0	0	0	0	0	0	0	0	0	0	0	0	0	0	0	0	0	0	0	0	0	0	0	0	0	0	0	0	0	0	0	0	0	0	0	0	0	0	
0	0	0	0	0	0	0	0	0	0	0	0	0	0	0	0	0	0	0	0	0	0	0	0	0	0	0	0	0	0	0	0	0	0	0	0	0	0	0	0	0	0	0	0	0	0	0	0	0	0	0	0	0	0	0	0	0	0	0	0	0	0	0	0	0	0	0	0	0	0	0	0	0	0	0	0	0	0	0	0	0	2.13057	0	0	0	0	0	0	0	0	0	0	0	0	0	0	0	0	0	0	
0	0	0	0	0	0	0	0	0	0	0	0	0	0	0	0	0	0	0	0	0	0	0	0	0	0	0	0	0	0	0	0	0	0	0	0	0	0	0	0	0	0	0	0	0	0	0	11.75135	0	0	0	0	0	0	0	0	0	0	0	0	0	0	0	0	0	0	0	0	0	0	0	0	0	0	9.29889	0	0	0	0	0	0	0	0	0	0	0	0	0	0	0	0	0	0	0	0	0	0	0	0	0	
