0	0	0	0	0	0	0	0	0	0	0	0	0	0	0	0	0	0	0	0	0	0	0	0	0	0	0	0	0	0	0	0	0	0	0	0	0	0	0	0	0	0	0	0	0	0	0	0	0	0	0	8.49314	0	0	0	0	0	0	0	0	0	0	0	0	0	0	0	0	0	0	0	0	0	0	0	0	0	0	0	0	0	0	0	0	0	0	0	0	0	0	0	0	0	0	0	0	0	0	0	0	
0	0	0	0	0	0	0	0	0	0	0	0	0	0	0	0	0	0	0	0	0	0	0	0	0	0	0	0	0	0	0	0	0	0	0	0	0	0	0	0	0	0	0	0	0	0	0	12.83801	0	0	0	0	0	0	0	0	0	0	0	0	0	0	0	11.24785	0	0	0	0	0	0	0	0	0	0	0	0	0	0	0	0	0	0	0	0	0	0	0	0	0	0	0	0	0	0	0	0	0	0	0	0	
0	0	0	0	0	0	0	0	0	0	0	0	0	0	0	0	0	0	0	0	0	0	0	0	0	0	0	0	0	0	0	0	0	0	0	0	0	0	0	0	0	0	0	0	0	0	0	0	0	0	0	0	0	0	9.14001	0	0	0	0	0	0	0	0	0	0	0	0	0	0	0	0	0	0	0	0	0	0	0	0	0	0	0	0	0	0	0	0	0	0	0	0	0	0	0	0	0	0	0	0	0	
0	0	0	0	0	0	0	0	0	0	0	0	0	0	0	0	0	0	0	0	0	0	0	0	0	0	0	0	0	0	0	0	0	0	0	0	0	0	0	0	0	0	0	0	0	0	12.08854	7.30751	0	0	0	0	0	0	0	0	0	0	0	0	0	0	0	0	0	0	0	0	0	0	0	0	0	0	0	0	0	0	0	0	0	0	0	0	0	0	0	0	0	0	0	0	0	0	0	0	0	0	0	0	
0	0	0	0	0	0	0	0	0	0	0	0	0	0	0	0	0	0	0	0	0	0	0	0	0	0	0	0	0	0	0	0	0	0	0	0	0	1.65141	0	0	0	0	0	13.60792	0	0	0	0	0	0	0	0	0	0	0	0	0	0	0	0	0	0	0	0	0	0	0	0	0	0	0	0	0	0	0	0	0	0	0	0	0	0	0	0	0	0	0	0	0	0	0	0	0	0	0	0	0	0	0	0	
0	0	0	0	0	0	0	0	0	0	0	0	0	0	0	0	0	0	0	0	0	0	0	0	0	0	0	0	0	0	0	0	0	0	0	0	0	0	0	0	0	0	0	0	0	0	0	0	0	0	0	0	0	0	0	0	0	0	0	0	0	0	0	0	0	0	0	0	0	0	0	0	8.57966	0	0	0	0	0	0	0	0	0	0	0	0	0	0	0	0	0	0	0	0	0	0	0	0	0	0	0	
0	0	0	0	0	0	0	0	0	0	0	0	0	0	0	0	0	0	0	0	0	0	0	0	0	0	0	0	0	0	0	0	0	0	0	0	0	0	0	0	0	0	0	0	0	0	0	0	0	0	0	0	0	0	0	0	0	0	0	0	0	0	0	0	0	0	0	0	0	0	0	0	0	0	9.90417	0	0	0	0	0	0	0	0	0	0	0	0	0	0	0	0	0	0	0	0	0	0	0	0	0	
0	0	0	0	0	0	0	0	0	0	0	0	0	0	0	0	0	0	0	0	0	0	0	0	0	0	0	0	0	0	0	0	0	0	0	0	0	0	0	0	0	0	0	0	0	0	0	0	0	0	0	7.0398	0	0	0	13.93601	0	0	5.91958	0	0	0	0	0	0	0	0	0	0	0	0	0	0	0	0	0	0	0	0	0	0	0	0	0	0	0	0	0	0	0	0	0	0	0	0	0	0	0	0	0	
0	0	0	0	0	0	0	0	0	0	0	0	0	0	0	0	0	0	0	0	0	0	0	0	0	0	0	0	0.5143	0	0	0	0	0	0	0	0	0	0	0	0	0	0	0	0	0	0	0	0	0	0	0	0	0	0	0	0	0	0	0	0	0	0	0	0	0	0	5.88486	0	0	0	0	0	0	0	0	0	0	0	0	0	0	0	0	0	0	0	0	0	0	0	0	0	0	0	0	0	0	0	0	
0	0	0	0	0	0	0	0	0	0	0	0	0	0	0	0	0	0	0	0	0	0	0	0	0	0	0	0	0	0	0	0	0	0	0	0	0	0	0	0	0	0	0	0	0	0	0	0	0	0	0	0	0	0	0	5.99901	0	0	0	0	0	0	0	0	0	0	0	0	0	0	0	0	0	0	0	0	0	0	0	0	0	0	0	0	0	0	0	0	0	0	0	0	0	0	0	0	0	0	0	0	
0	0	0	0	0	0	0	0	0	0	0	0	0	0	0	0	0	0	0	0	0	0	0	0	0	0	0	0	0	0	0	0	0	0	0	0	0	0	0	0	0	0	0	0	0	0	0	0	0	0	0	0	0	0	0	0	0	0	0	0	0	0	0	0	0	0	0	12.3925	0	0	0	0	0	0	0	0	0	0	0	0	0	0	0	0	0	0	0	0	0	0	0	0	0	0	0	0	0	0	0	0	
0	0	0	0	0	0	0	0	0	0	0	0	0	0	0	0	0	0	0	0	0	0	0	0	0	0	0	0	0	0	0	0	0	0	0	0	0	0	0	0	0	0	0	0	0	0	0	0	0	0	0	0	6.379	0	0	0	4.78831	0	0	0	0	0	0	0	0	0	0	0	0	0	0	3.54927	0	0	0	0	0	0	0	0	0	0	0	0	0	0	0	0	0	0	0	0	0	0	0	0	0	0	0	0	
0	0	0	0	0	0	0	0	0	0	0	0	0	0	0	0	0	0	0	0	0	0	0	0	0	0	0	0	0	0	0	0	0	0	0	0	0	0	0	0	0	0	0	0	0	0	0	0	6.38641	0	0	0	13.68496	0	0	0	0	0	0	0	0	0	0	0	0	0	0	5.35153	0	0	0	0	0	0	0	0	0	0	0	0	0	0	0	0	0	0	0	0	0	0	0	0	0	0	0	0	0	0	0	0	
0	0	0	0	0	0	0	0	0	0	0	0	0	0	0	0	0	0	0	0	0	0	0	0	0	0	0	0	0	0	11.78316	0	0	0	0	0	0	0	0	2.40128	0	0	0	0	0	0	0	8.21401	0	0	0	0	0	0	0	0	0	6.92805	6.24693	0	10.64828	0	0	11.82071	0	0	0	0	0	0	0	0	0	0	0	0	0	0	0	0	0	0	0	0	0	0	0	0	0	0	0	0	0	0	0	0	0	0	0	0	
0	0	0	0	0	0	0	0	0	0	0	0	0	0	0	0	0	0	0	0	0	0	0	0	0	0	0	0	0	0	0	0	0	0	0	0	0	0	0	0	0	0	0	0	0	0	0	0	0	0	0	0	0	0	5.10886	0	0	0	0	0	0	0	0	0	0	0	0	0	0	0	0	0	0	0	0.5143	0	0	0	0	0	0	0	0	0	0	0	0	0	0	0	0	0	0	0	0	0	0	0	0	0	
0	0	0	0	0	0	0	0	0	0	0	0	0	0	0	0	0	0	0	0	0	0	0	0	0	0	0	0	0	0	0	0	0	0	0	0	0	0	0	0	0	0	14.68845	0	0	0	0	0	0	0	0	0	9.84022	0	0	0	0	0	0	7.56233	0	0	0	0	0	0	0	0	0	0	0	5.67547	0	0	0	0	0	0	0	0	0	0	0	0	0	0	0	0	0	0	0	0	0	0	0	0	0	0	0	0	
0	0	0	0	0	0	0	0	0	0	0	0	0	0	0	0	0	0	0	0	0	0	0	0	0	0	0	0	0	0	0	0	0	0	0	0	0	0	0	0	0	0	0	6.38383	0	0	0	12.77514	0	0	0	9.79273	0	0	0	0	0	0	6.09288	0	0	0	0	0	0	0	0	0	0	0	0	0	0	0	0	0	0	0	0	0	0	0	0	0	0	0	0	0	0	0	0	0	0	0	0	0	0	0	0	0	
0	0	0	0	0	0	0	0	0	0	0	0	0	0	0	0	0	0	0	0	0	0	0	0	0	0	0	0	0	0	0	0	0	0	0	0	0	0	0	0	0	0	6.66738	0	0	0	0	0	0	0	0	0	0	0	0	8.91786	0	0	0	0	0	0	0	0	0	0	0	0	1.19207	0	0	0	0	0	0	0	0	0	0	0	0	0	0	0	0	0	0	0	0	0	0	0	0	0	0	0	0	0	0	0	
0	0	0	0	0	0	0	0	0	0	0	0	0	0	0	0	0	0	0	0	0	0	0	0	0	0	0	0	0	0	0	0	0	0	0	0	0	0	0	0	13.42621	0	0	0	0	0	0	0	0	0	0	0	0	0	0	0	0	0	0	0	0	0	0	0	0	0	0	0	0	0	0	0	0	0	0	0	0	0	0	0	0	0	0	0	0	0	0	0	0	0	0	0	0	0	0	0	0	0	0	0	
0	0	0	0	0	0	0	0	0	0	0	0	0	0	0	0	0	0	0	0	0	0	0	0	0	0	0	0	0	0	0	0	0	0	0	0	0	0	0	0	0	0	0	0	0	0	0	8.89857	0	0	6.14034	0	0	0	0	0	0	0	0	0	0	0	0	0	0	0	0	0	0	0	0	0	0	0	0	0	6.27911	0	0	0	0	0	0	0	0	0	0	0	0	0	0	0	0	0	0	0	0	0	0	0	
0	0	0	0	0	0	0	0	0	0	0	0	0	0	0	0	0	0	0	0	0	0	0	0	0	0	0	0	0	0	0	0	0	0	0	0	0	0	0	0	0	0	0	0	0	0	0	7.31318	0	0	11.0166	10.28951	0	0	0	0	5.34375	0	9.88665	0	8.50679	0	0	0	0	5.76909	0	0	0	0	0	0	0	0	0	0	0	0	0	0	0	0	0	0	0	0	0	0	0	0	0	0	0	0	0	0	0	0	0	0	
0	0	0	0	0	0	0	0	0	0	0	0	0	0	0	0	0	0	0	0	0	0	0	0	0	0	0	0	0	0	0	0	0	0	0	0	0	0	0	0	0	9.50905	0	0	0	0	0	0	0	0	0	0	0	0	0	0	0	0	0	0	0	0	0	0	0	0	0	0	7.78036	0	0	0	0	0	0	0	0	0	0	0	0	0	0	0	0	0	0	0	0	0	0	0	0	0	0	0	0	0	0	0	
0	0	0	0	0	0	0	0	0	0	0	0	0	0	0	0	0	0	0	0	0	0	0	0	0	0	0	0	0	0	0	3.7463	3.83556	0	0	0	0	0	0	0	0	0	0	0	0	0	0	7.8409	0	0	0	0	0	0	0	0	0	0	0	0	0	0	0	2.27932	0	0	0	0.5143	0	0	0	0	0	0	0	0	0	0	0	0	0	0	0	0	0	0	0	0	0	0	0	0	0	0	0	0	0	0	0	0	
0	0	0	0	0	0	0	0	0	0	0	0	0	0	0	0	0	0	0	0	0	0	0	0	0	0	0	0	0	0	0	5.27381	0	0	1.43994	0	0	0	0	0	0	0	0	0	0	0	0	0	0	0	0	0	0	0	0	0	0	0	0	0	0	0	0	0	0	0	0	0	0	0	0	0	0	0	0	0	0	0	0	0	0	0	0	0	0	0	0	0	0	0	0	0	0	0	0	0	0	0	0	0	
0	0	0	0	0	0	0	0	0	0	0	0	0	0	0	0	0	0	0	0	0	0	0	0	0	0	0	0	0	0	0	0	0	0	0	0	0	0	0	0	0	0	0	10.32847	0	0	0	0	0	10.13103	0	0	0	0	9.38424	0	0	0	0	0	0	0	0	0	0	0	0	0	0	0	0	0	0	0	0	0	0	0	0	9.97348	0	0	0	0	0	0	0	0	0	0	0	0	0	0	0	0	0	0	0	0	
0	0	0	0	0	0	0	0	0	0	0	0	0	0	0	0	0	0	0	0	0	0	0	0	0	0	0	0	0	0	0	0	5.97956	0	0	0	0	0	0	0	0	0	0	0	0	0	0	4.24697	0	0	6.51136	0	0	0	0	0	0	0	8.58932	0	0	0	0	0	0	0	0	0	0	0	2.71534	0	0	0	0	0	0	0	0	0	0	0	0	0	0	5.71258	0	0	0	0	0	0	0	0	0	0	0	0	0	0	
0	0	0	0	0	0	0	0	0	0	0	0	0	0	0	0	0	0	0	0	0	0	0	0	0	0	0	0	0	0	0	0	0	0	0	0	0	0	0	10.2636	0	0	0	0	15.11491	0	3.12249	0	0	0	0	0	0	0	0	0	0	0	0	0	0	0	0	0	0	0	0	0	0	0	0	0	0	0	0	0	0	0	0	0	0	0	0	0	0	0	0	0	0	0	0	0	0	0	0	0	0	0	0	0	
0	0	0	0	0	0	0	0	0	0	0	0	0	0	0	0	0	0	0	0	0	0	0	0	0	0	0	0	0	0	0	0	0	0	0	8.57642	0	0	0	0	0	0	0	0	0	0	0	8.57642	0	0	0	0	0	8.42194	0	0	0	0	0	0	9.72375	0	0	0	0	0	0	0	0	0	0	0	0	0	0	0	0	0	0	0	0	0	0	0	0	0	0	0	0	0	0	0	0	0	7.7634	0	0	0	0	0	
0	0	0	0	0	0	0	0	0	0	0	0	0	0	0	0	0	0	0	0	0	0	0	0	0	0	0	0	0	0	0	0	0	0	0	0	0	0	0	0	0	14.16819	0	0	0	0	0	0	0	0	0	0	0	0	0	0	0	0	0	0	0	0	0	0	0	0	0	6.97301	0	0	0	6.6855	0	0	0	0	0	0	0	0	0	0	0	0	0	0	0	0	0	0	0	0	0	0	0	0	0	0	0	0	
0	0	0	0	0	0	0	0	0	0	0	0	0	0	0	0	0	0	0	0	0	0	0	0	0	0	0	0	0	0	0	0	0	0	0	0	0	0	0	0	7.95236	0	0	0	11.61823	0	0	5.30306	0	0	10.98768	12.67674	0	0	0	10.52577	0	0	6.4372	0	4.97303	0	0	0	0	0	0	0	0.5143	0	0	0	0	0	0	0	0	0	0	0	0	0	0	0	0	0	0	0	0	0	0	0	0	0	0	5.24151	0	0	0	0	
0	0	0	0	0	0	0	0	0	0	0	0	0	0	0	0	0	0	0	0	0	0	0	0	0	0	0	0	0	0	0	0	0	0	0	0	0	0	0	0	0	0	0	0	14.7925	0	0	0	0	1.19207	0	0	6.0277	0	0	0	0	7.56233	0	0	0	5.81371	0	0	0	0	0	0	0	0	0	0	0	0	0	0	0	0	0	0	0	0	0	0	0	0	0	0	0	0	0	0	0	0	0	0	0	0	0	0	
0	0	0	0	0	0	0	0	0	0	0	0	0	0	0	0	0	0	0	0	0	0	0	0	0	0	0	0	0	0	0	0	0	0	0	0	0	0	0	0	0	0	0	11.00402	0	0	10.74359	0	0	0	9.32092	0	0	0	0	0	0	0	0	10.78164	0	0	0	0	8.9998	0	0	9.38793	0	0	0	0	8.54864	0	0	0	2.80649	0	0	0	0	0	0	0	0	0	0	0	0	0	0	0	0	0	0	0	0	0	0	0	
0	0	0	0	0	0	0	0	0	0	0	0	0	0	0	0	0	0	0	0	0	0	0	0	0	0	0	0	0	0	0	0	0	0	0	0	0	0	0	0	0	0	0	0	1.19207	0.5143	0	10.37899	1.19207	0	0	9.29202	6.97792	0	0	4.99257	0	0	5.85699	0	0	0	0	0	0	0	6.27114	9.34012	0	0	0	0	0	11.22222	0	0	0	0	0	0	0	0	0	0	0	0	0	0	0	0	0	0	0	0	0	0	0	0	0	0	
0	0	0	0	0	0	0	0	0	0	0	0	0	0	0	0	0	0	0	0	0	0	0	0	0	0	0	0	0	0	0	0	0	0	0	0	0	15.34438	0	0	0	0	0	0	0	0	0	0	3.91963	0	0	5.07185	0	0	2.61807	0	9.1146	0	0	9.20322	0	11.19744	0	0	0	0	0	0	0	0	0	0	0	0	5.42484	1.43994	0	0	0	0	0	0	0	0	0	0	0	0	0	0	0	0	0	0	0	0	0	0	0	0	
0	0	0	0	0	0	0	0	0	0	0	0	0	0	0	0	0	0	0	0	0	0	0	0	0	0	0	0	0	0	0	0	0	0	0	0	0	0	0	0	0	0	14.65202	0	0	11.1882	0	13.6445	0	0	10.89792	0	10.9998	0	9.5301	0	0	0	0	0	0	0	0	8.64902	0	0	0	3.60111	0	0	8.08115	0	0	0	0	0	0	0	0	0	0	0	0	0	0	0	0	0	0	0	0	0	0	0	0	0	0	0	0	0	
0	0	0	0	0	0	0	0	0	0	0	0	0	0	0	0	0	0	0	0	0	0	0	0	0	0	0	0	0	0	0	0	0	0	0	0	0	0	0	0	0	0	0	0	0	0	0	8.12607	8.99254	0	0	9.41262	0	0	0	0	0	0	0	0	0	0	0	0	3.43966	0	0	0	0	0	0	0	0	0	0	0	0	0	0	0	0	0	0	0	0	0	0	0	0	0	4.69152	0	0	0	0	0	0	0	0	0	
0	0	0	0	0	0	0	0	0	0	0	0	0	0	0	0	0	0	0	0	0	0	0	0	0	0	0	0	0	0	0	0	0	0	0	0	0	0	0	0	0	0	0	0	0	0	0	11.73558	0	0	0	0	8.21193	16.34555	0	0	0	0	11.52573	10.57115	0	0	0	0	0	0	0	0	0	0	0	0	0	0	0	0	0	0	0	0	0	0	0	0	0	0	0	0	0	0	0	0	0	0	0	0	0	0	7.02612	0	
0	0	0	0	0	0	0	0	0	0	0	0	0	0	0	0	0	0	0	0	0	0	0	0	0	0	0	0	0	0	0	0	0	0	0	0	0	0	0	0	0	0	7.05428	0	0	0	0	0	0	8.99644	0	8.36781	0	8.85119	0	0	0	0	0	0	0	0	0	0	12.38489	0	0	0	0	0	0	0	0	0	0	0	17.70931	0	0	0	0	0	0	0	0	0	0	0	0	0	0	0	0	0	0	0	0	0	0	0	
0	0	0	0	0	0	0	0	0	0	0	0	12.76966	0	0	0	0	0	0	0	0	0	0	0	0	0	0	0	0	0	9.41081	0	0	0	0	0	0	0	0	0	0	0	9.31017	0	0	0	0	8.30278	0	0	12.74602	0	0	14.20379	9.86362	0	7.69368	0	0	0	0	0	0	7.8623	10.34281	10.07026	0	0	0	0	0	0	0	0	0	0	0	0	0	0	0	0	0	0	0	0	0	0	0	0	0	0	0	0	0	0	0	0	0	0	
0	0	0	0	0	0	0	0	0	0	0	0	0	0	0	0	0	0	0	0	0	0	0	0	0	0	0	0	0	0	0	0	0	0	0	0	0	0	0	0	0	0	0	0	0	12.70939	3.43966	0	0.89259	13.50294	0	8.10524	7.15227	0	8.69596	5.77424	0	0	0	0	11.19428	0	0	0	0	0	0	0	0	5.13055	0	0	0	0	0	0	6.57704	0	0	0	0	0	0	0	0	0	0	0	0	0	0	0	0	0	0	0	0	0	0	0	
0	0	0	0	0	0	0	0	0	0	0	0	0	0	0	9.66484	0	0	0	0	0	0	0	0	0	0	0	0	0	0	0	0	0	0	0	3.91963	12.16305	0	0	0	0	0	0	1.19207	0	11.07934	7.0256	6.35656	3.12249	7.92973	0	0	4.89211	0	12.99511	0	0	0	0	7.62627	0	7.55249	0	6.0743	0	7.86495	0	0	10.67722	0	6.97792	0	0	0	0	9.7274	0	2.89222	0	2.97313	0	0	0	0	0	0	0	0	0	0	8.54699	0	0	0	0	0	0	0	0	0	
0	0	0	0	0	0	0	0	0	0	0	0	0	0	0	0	0	0	0	0	0	0	0	0	0	0	10.84011	0	0	0	0	3.32102	0	0	3.83556	0	0	0	0	0	11.32297	0	0	0	0	0	0	0	7.15646	3.95989	4.34144	9.64722	9.38424	0	9.29657	0	5.48168	0	2.7896	0	13.36312	6.04652	0	0	0	7.47473	0	0	0	0	0	0	0	8.39009	0	0	0	0	0	0	0	0	0	0	0	0	0	0	0	0	0	0	0	0	0	0	1.43994	0	0	0	
0	0	0	0	0	0	0	0	0	0	0	0	0	0	0	0	0	0	0	8.33183	0	0	0	0	0	0	0	0	0	0	0	0	0	0	0	0	0	0	0	0	0	0	0	12.59787	0	0	15.58294	14.23659	10.67003	0	8.62105	7.41761	12.18736	0	0	0	14.21524	0	0	7.24359	7.10364	0	0	12.70866	0	5.20847	0	6.379	0	0	0	0	0	0	0	0	0	0	0	0	0	0	0	0	0	0	0	0	0	0	8.54553	0	0	0	0	0	0	0	0	0	
0	0	0	0	0	0	0	0	0	0	0	0	6.97792	0	0	0	0	0	0	10.62965	0	0	0	0	0	0	0	0	0	0	0	0	0	13.68058	0	0	0	0	0	0	0	12.13777	12.93358	0	9.28726	0	0	2.33677	8.25504	0	2.27932	7.18426	7.57087	8.9411	9.83423	9.58261	5.14557	10.64096	7.22743	0	0	0	0	0	9.08532	0	0	0	0	0	0	0	0	0	0	0	0	0	8.24896	1.83576	0	0	0	0	0	0	0	0	0	0	0	0	0	0	0	0	0	0	0	0	
0	0	0	0	0	0	0	0	0	0	0	0	0	0	0	0	0	0	0	0	0	0	0	15.95813	0	0	0	0	0	0	0	0	0	0	0	0	0	0	12.60437	0	0	0	8.51511	9.24963	17.61394	0	7.01627	5.02345	0	8.44058	8.44785	7.35595	0	0	0	0	0	9.56872	16.07217	10.49742	11.65567	0	0	0	5.57536	0	0	0	0	0	0	0	0	0	0	0	0	0	0	0	0	0	0	0	0	0	0	0	0	0	0	0	0	0	0	0	0	0	0	0	
0	0	8.30669	0	0	0	0	0	0	0	0	0	0	0	0	0	0	0	0	0	0	0	0	0	0	0	0	0	0	0	0	0	0	0	0	0	0	0	0	0	10.80976	0	0	0	0	8.52368	0	7.24466	9.97033	10.37452	0	8.71667	9.13342	9.27824	0.89259	10.65209	0	0	6.23878	0	6.301	0	6.18883	9.35717	0	0	0	0	0	0	0	8.7766	0	0	0	0	1.83576	0	0	0	0	0	0	0	0	0	0	0	0	0	0	0	0	0	0	0	0	0	0	0	
0	0	0	0	0	0	0	0	0	0	0	9.87156	0	0	0	0	0	0	0	0	0	0	0	0	0	0	0	0	0	0	0	0	7.6845	0	0	0	0	8.35103	11.98224	3.99905	11.46558	4.66741	0	0	10.97748	7.34405	10.9236	11.23512	10.8851	0	13.46923	0	2.31587	5.1222	0	10.03019	8.66879	10.10506	0	0	0	0	0	0	0	0	0	6.89728	0	0	0	0	9.36937	0	0	6.04652	0	0	11.51286	0	0	0	0	0	0	0	0	0	0	0	0	0	0	0	0	7.00333	0	0	0	0	
0	0	0	0	0	0	0	0	0	0	0	0	0	0	0	0	0	0	0	0	0	0	0	0	0	0	0	0	0	0	0	0	0	0	0	10.7441	0	0	0	3.25783	0	12.55881	0	10.44995	13.62606	9.53229	6.56577	8.28449	8.10345	11.03865	10.04824	10.54988	0.5143	8.78158	0	0	7.45726	0	0	5.14665	7.75484	0	5.79157	0	0	0	0	0	0	0	0	0	0	0	0	0	0	0	1.83576	0	0	0	0	0	0	0	0	7.87551	0	0	0	0	0	0	0	0	0	0	0	0	
0	0	0	0	0	0	0	0	9.8456	0	8.49485	0	0	0	0	0	0	0	0	0	0	0	0	0	0	0	8.77989	0	0	0	0	0	0	0	0	16.97717	0	10.59452	12.28233	0	9.32267	7.54589	0	7.22919	0.5143	11.87863	7.13105	7.62172	10.64528	8.82005	0	5.82457	0.5143	0	0	0	9.31759	3.95989	0	0	0	0	1.43994	0	0	0	16.24285	0	0	0	0	0	0	0	0	0	0	0	0	0	0	0	0	0	0	0	0	0	0	0	0	0	0	0.89259	0	0	0	0	0	0	
0	0	0	0	0	0	0	0	0	0	0	12.48895	0	0	14.8497	0	0	0	0	0	0	0	0	0	0	0	0	0	0	0	0	10.34139	0	0	5.30541	0	11.4194	0	0	10.95089	4.07434	0	8.63938	8.52816	9.84199	8.02446	11.24343	8.70409	3.86717	10.261	12.02254	10.7012	10.62883	8.85385	0	4.03719	8.71553	0	0	6.64286	9.23535	9.65911	0	7.73757	0	0	0	0	0	0	0	0	0	0	0	7.11894	0	0	0	0	0	0	0	4.07434	0	0	0	0	0	0	0	0	0	0	0	0	0	0	0	0	
0	0	0	0	0	0	0	0	0	0	0	0	14.25633	0	0	0	0	0	0	0	0	0	0	0	0	0	0	0	0	10.39881	0	0	8.09024	0	2.14607	0	13.4545	0	12.35843	10.92391	11.32996	9.8523	9.0901	8.53839	8.17846	4.60879	9.72054	10.56863	3.54927	10.14661	8.90888	12.61446	10.28951	6.00991	4.70034	12.15682	6.81019	0	0	8.38455	5.65109	0	0	0	0	4.80639	0	0	0	0	0	0	0	10.65168	0	0	0	0	0	0	11.3258	0	0	0	0	0	0	0	0	0	0	0	0	0	0	0	0	0	0	0	
0	0	0	0	0	0	0	12.9936	0	0	0	10.49613	0	0	0	0	0	0	0	0	0	0	0	0	0	0	0	8.09477	0	0	8.74863	0	12.6807	0	0	0	2.14607	5.33632	8.32511	11.01796	9.98927	4.53194	0	9.26198	10.20301	9.52854	8.95267	8.96569	10.48688	9.97983	5.83978	8.91959	11.19003	8.7515	9.21371	7.6068	11.90142	4.99968	5.48524	9.65184	7.034	12.13886	8.93184	0	9.80197	0	0	0	0	0	0	0	0	11.27304	0	0	0	0	0	0	0	0	0	0	0	0	0	0	0	0	0	0	0	0	0	0	0	0	0	0	
5.86761	0	0	0	0	0	0	0	8.3374	0	0	0	5.88862	0	0	0	0	0	0	0	0	0	0	0	9.46951	0	0	7.61055	0	0	0	0	11.91268	0	11.39197	8.43719	0	5.28969	10.29468	6.35751	6.91786	9.53291	4.90782	9.89717	11.18787	9.40895	7.91932	9.9554	5.90102	4.0193	10.62402	7.9069	4.88208	2.3854	9.8449	11.56591	9.98077	5.94914	0	9.02522	1.83576	5.54921	0	5.19576	0	6.20567	0	0	0	0	0	0	0	0	0	0	0	0	0	0	0	0	3.42884	0	0	15.24226	0	0	0	0	0	0	0	0	0	0	0	0	0	0	
0	0	0	10.64285	0	0	0	0	0	0	0	0	0	0	0	0	0	0	6.27114	0	0	10.68999	0	8.26109	10.21084	9.12791	0	0	9.80612	9.84829	12.72522	0	10.98097	0	0	18.39418	0	9.31723	9.78521	8.25729	8.13903	6.70669	8.82207	9.20458	9.46194	9.50849	8.53494	7.46836	9.95082	7.98528	10.05345	7.48111	10.36598	6.47748	6.68147	8.8035	0	2.0186	9.26046	9.20164	4.87115	1.65141	10.7185	0	0	0	0	0	0	3.38156	0	0	7.18741	0	4.61794	9.15092	10.98889	5.30431	0	4.37159	0	0	0	0	0	0	0	0	0	0	0	0	0	0	0	0	0	0	0	0	
9.30538	0	0	0	11.51202	7.16392	0	0	0	0	0	0	0	0	0	0	0	8.52871	0	0	0	0	0	0	9.06008	0	8.98077	8.65389	0	12.49324	10.81285	0	0	0	11.30392	10.0002	4.39789	10.40738	10.75864	8.36291	8.19333	9.45736	9.5492	8.42469	9.63164	8.72688	9.48089	9.17601	7.37367	10.53706	4.39023	10.35077	13.88338	9.18544	9.49549	8.70289	8.59406	3.28209	6.82354	8.91911	10.89792	0	6.15259	10.04534	11.15932	12.82171	7.66854	0	0	0	0	0	0	0	7.83279	0	0	0	0	0	0	0	0	0	0	0	0	0	0	0	0	0	0	0	0	0	0	0	0	0	
0	0	0	0	0	0	0	0	5.93985	0	7.91701	0	0	0	0	0	12.07256	12.0564	9.49713	5.43959	10.34472	6.71871	0	0	0	14.59736	0	9.19164	4.17895	10.69857	0	10.27562	10.50594	8.08343	9.42313	11.54804	6.42706	8.18193	9.99238	8.42619	9.38356	7.92019	3.53132	8.89481	9.95741	8.26577	8.7451	9.22174	8.85843	6.87797	8.52456	10.87983	6.93847	7.38415	4.48558	5.21394	6.95796	8.40839	0	11.79677	5.92905	5.24151	10.51359	0	6.33135	10.8122	2.40128	0	0	0	0	5.60105	0	0	6.31835	0	0	0	11.29632	0	0	0	0	0	0	6.44432	0	0	0	0	0	0	0	0	0	10.76221	0	0	0	0	
0	9.55577	0	0	3.25783	7.22919	0	0	0	0	0	0	0	0	5.72304	7.98443	0	10.64825	8.28083	0	9.21366	0	8.34891	0	0	0	0	0	10.11051	9.55823	7.37774	0	10.87408	1.9691	10.74755	7.73728	9.13017	9.74586	9.17928	9.40559	8.36786	7.04928	8.52025	7.45914	8.85886	6.08948	8.1865	9.48308	8.1208	7.878	6.88015	8.09423	8.25755	5.8508	8.11854	5.9256	4.11056	8.44191	7.78059	4.40154	0	7.21262	0	10.99254	10.35202	1.83576	5.71047	7.87024	0	0	0	0	0	0	0	2.14607	0	0	0	0	9.08153	0	0	0	0	0	0	0	0	0	0	0	0	0	0	0	0	0	0	0	
0	11.38609	8.73274	0	10.24438	0	0	0	0	0	8.33375	0	0	0	9.0819	13.09764	0	5.86761	0	0	7.97464	8.40839	10.58001	8.57753	7.18741	12.12399	0	4.33608	7.94486	7.93714	11.37217	10.26762	10.6469	10.26603	10.04033	5.60279	8.46096	7.60251	7.10087	8.67506	7.20441	8.1106	7.17014	6.59323	7.22552	6.68829	8.34253	6.64514	8.58382	7.94507	7.05752	9.19921	8.20145	7.15837	6.29258	6.29296	8.0164	5.75386	7.90786	8.12386	0	5.88139	9.65901	10.13712	3.14747	0	0.5143	0	0	0	0	4.56672	0	15.07773	9.18952	0	7.02612	0	3.04974	0	0	0	0	5.16304	0	1.56125	0	0	0	0	0	0	0	0	0	0	0	0	0	0	
0	0	0	0	0	0	0	0	6.23057	0	8.9076	13.81648	0	0	0	0	0	0	9.24353	0	0.5143	0	0	0	0	9.14983	9.68348	0	0.5143	9.51498	1.82533	5.53596	10.27212	9.32929	9.7619	8.43544	6.94302	9.62745	7.68189	8.38844	6.30641	7.93594	9.05614	6.93754	8.31775	7.36822	6.27858	7.23977	8.74378	8.62677	7.93232	7.8308	6.08679	7.25654	8.23175	8.54221	7.14298	9.09219	10.759	9.46359	9.63858	4.51091	9.14329	6.98463	0	9.34192	0	8.3106	0	0	0	0	0	0	0	0	0	0	0	0	0	7.83008	0	0	0	0	0	7.17134	0.89259	17.55437	0	0	0	0	0	0	0	0	0	0	
0	0	0	0	0	0	0	0	9.91445	10.55564	0	3.83556	0	12.55358	0	0	0	2.51374	6.57319	3.02622	0	0	0	8.66161	7.24557	6.92296	4.54041	8.99047	4.61231	10.04072	0	7.6227	6.18053	4.25999	5.49411	8.18377	8.31996	5.77287	11.03288	7.26356	7.53752	8.29389	8.66257	8.80377	6.925	7.17853	7.75336	7.65708	6.67811	8.80904	8.41815	6.29489	7.26534	6.52588	7.27337	8.61129	8.18906	8.98936	11.30416	4.3561	6.40552	10.5439	8.74007	2.71534	2.60424	10.89325	10.03595	0	0	0	0	0	0	7.69348	8.93184	0	0	0	14.11719	0	0	0	0	0	0	0	0	0	6.63666	0	5.22509	0	0	0	0	0	0	0	0	0	
0	0	9.41353	5.76191	0	3.60111	0	0	1.19207	0	0	0	0	0	0	0	0	8.10399	0	0	0	0	0	11.27029	0	7.16606	0	10.49285	6.38641	8.22314	0	7.0952	0	8.72546	4.37511	9.08495	7.14701	6.80449	2.67962	10.79304	8.41675	8.74347	6.00173	7.53886	7.58215	6.88582	6.52743	8.87931	7.4231	6.67945	6.79762	7.07646	7.5255	6.80868	8.16198	6.33144	7.37635	8.02099	7.22496	7.23908	8.77983	9.60267	4.48527	11.34559	6.93811	0	0	5.99153	3.04974	6.91275	4.79582	0	7.85698	0	0.25715	0	5.96401	0	0	0	0	0	6.07503	0	0	0	0	0	0	0	0	0	0	0	0	0	0	0	0	0	
0	0	0	0	0	0	0	0	0	0	8.61948	8.88817	8.32066	0	8.95568	0	0	7.45021	0	3.38156	0	0	0	0	0	0	6.90761	4.4863	7.70102	0	8.78469	8.42334	6.32931	6.85078	4.28622	8.06634	8.87147	7.78804	7.89996	7.87987	9.47536	5.45282	5.09764	7.21418	8.03135	8.73136	6.35948	6.46406	6.28539	6.6078	7.02825	8.92606	9.57483	7.43389	7.72134	5.82195	5.24711	7.58561	8.69907	6.62117	8.54288	4.78928	4.89056	8.36162	0	6.98196	11.38839	3.48469	0	0	9.99052	0	5.30236	2.07521	0	14.97478	0	0	2.51374	0	0	0	0	0	0	0	0	0	5.93384	0	0	0	0	0	0	0	0	0	0	0	
0	0	0	0	0	0	0	0	0	12.59011	0	0	11.46055	0	0	0	0	0	0	0	0	0	0	8.91816	0	0	8.39719	0	0	4.71307	5.84029	0	0	10.08072	6.23878	7.78876	5.25775	0	0.5143	8.72983	3.46135	7.67546	3.36699	4.6053	8.97281	7.79965	7.70852	8.93039	8.16163	5.18982	6.64132	9.43447	7.20022	5.94642	7.82493	6.18132	7.09643	6.2378	4.13773	7.1077	6.71873	4.57918	3.00625	8.65469	5.89634	2.81393	9.57453	7.5721	5.18131	0	0	5.36659	0	5.96973	0	3.7463	7.28968	0	0	0	0	0	0	0	11.7098	0	0	1.43994	0	0	0	11.09862	0	0	0	0	8.98646	0	0	0	
0	0	0	0	0	0	0	0	0	0	0	6.25505	0	0	0	0	0	5.01059	11.45549	0	0	0	0	1.19207	0	0	0	6.63044	0	0	0	0	4.71068	5.56786	7.34289	0	4.52481	8.90576	0.25715	3.82688	6.36805	8.47468	8.06081	1.52487	0	7.26186	4.98924	3.73435	7.53294	7.55346	7.04309	11.15975	7.82727	4.09459	6.92955	5.28311	6.70048	6.733	6.79182	8.83555	6.77655	5.97877	0	5.33181	9.45505	0	6.29044	6.58611	6.42287	8.16405	0	0	0	2.80649	0	11.01032	0	10.11218	0	0	0	7.5378	0	0	0	0	0	0	0	0	0	0	0	0	0	0	0	0	0	0	
0	0	0	0	5.60009	0	0	0	0	0	9.76907	0	2.89222	0	0	11.64896	0	0	4.78413	0	5.71628	11.39001	0	0	0	7.82736	5.78037	0	0	6.8042	0	10.56917	8.70191	0	0	8.46194	9.98382	9.33821	13.57332	8.71606	3.28666	8.29886	5.56246	8.60844	3.17828	5.75754	11.98153	5.13569	9.0515	8.88407	7.8109	7.68499	7.66754	6.61517	5.57758	7.03405	7.85459	6.7181	5.64435	9.37643	4.34697	8.26536	4.67442	5.5546	8.46875	0	7.57528	11.26721	0	4.27915	8.41257	8.37341	8.23856	10.21284	7.45693	0	4.70274	0	0	0	4.59256	0	0	0.89259	0	3.19175	0	0	0	0.89259	0	0	0	0	0	0	0	0	0	0	
0	0	0	0	0	0	0	0	0	0	0	3.91963	3.66116	0	0	9.29164	0	0	0	1.19207	1.99924	0	0.89259	0	0	0	0	0	0	4.16111	2.61807	5.58169	0	0	0	8.97668	0	0	0	2.71534	3.69692	4.86851	4.56957	4.6881	7.22034	6.32737	5.98647	5.88208	6.35264	2.5807	0	0	7.36019	9.09771	0	6.57304	6.0069	7.54216	5.83852	7.45812	8.10074	7.39281	8.30468	6.8674	6.97066	4.9914	3.32102	8.24355	2.40128	7.47392	0	8.36053	7.52664	7.78597	9.7274	0	1.19207	0	6.25505	0	0	0	0	0	0	0	0	0	0	0	0	0	0	0	0	0	0	0	0	0	
0	0	0	12.02176	0	0	0	0	0	0	0	0	0	0	0	0	0	0	0	0	0	0	9.76055	0	0	0	7.06091	6.7373	8.56668	10.60169	0	0	1.99924	0	0	11.60178	0	0	1.19207	4.08589	6.25134	0	0	0	5.29203	11.02492	5.89467	5.62629	5.9918	4.99819	6.28029	5.93033	8.37008	8.65367	7.03178	7.58757	8.33974	6.184	4.70909	6.97515	7.47929	8.07435	8.083	7.56572	6.75869	10.06399	7.55677	4.64289	9.43347	7.61425	3.62273	8.60517	4.19111	4.85281	7.25077	0	11.88453	0.5143	6.26548	9.24251	3.12249	5.35153	3.04974	0	0	3.19175	0	0	0	0	0	0	0	0	0	0	0	15.05289	0	12.13763	
0	0	3.35466	0	0	0	0	0	0	0	0	0	0	0	0	0	0	0	0	0	9.41805	0	0	0	0	8.85786	0	10.50573	0	10.74647	0	10.00982	11.54113	0	7.8355	0	0	6.08483	5.70213	0	6.52032	0	0	7.9692	11.62509	9.53344	0.59604	4.11476	5.69945	6.47273	7.50099	6.49315	6.6026	6.72458	6.34068	9.00479	0.5143	4.39233	7.86164	5.10659	2.54881	5.8453	6.06887	3.34624	5.3036	5.53734	4.69301	0	7.59793	4.50836	5.12055	4.94094	5.41645	7.47589	5.50907	0	5.94232	0	4.57582	2.27932	0	4.28548	0	0	0	0	0	0	3.94793	0	0	0	0	0	0	0	6.4011	0	0	0	
0	0	0	0	1.83576	0	0	0	0	0	0	0	9.33343	0	0	0	0	0	0	0	4.11056	3.32102	0	0	0	0	0	5.78632	0	0	0	0	9.07275	0	0	0	10.47892	0	6.28705	7.72886	0	0	5.15707	0	5.73469	0	5.19898	4.80639	8.41202	5.7201	4.56672	3.91174	7.96478	4.12788	7.51086	3.68208	0	4.9379	4.29155	0.71997	6.80285	6.79139	7.71784	7.12811	7.11376	8.5639	5.02655	5.67375	6.06016	6.7945	6.50411	0	0	6.99027	0	7.34479	9.79926	6.67998	0	0	0	0	0	0	7.46427	1.19207	0	0	0	0	0	0	0	0	0	0	7.43601	0	0	0	
0	0	0	0	0	0	0	0	3.79163	0	0	0	9.70815	0	0	0	8.30082	0.5143	0	0	0	0	0	0	8.81562	0	0	0	0	0	0	0	0	0	11.0819	9.6364	0	4.21406	0	0	0	0	4.78413	4.45847	0	8.64703	8.92169	7.34012	0	3.72371	0	9.32671	10.19621	7.81368	0	8.88687	0	7.67172	0	5.85352	6.94387	4.14589	5.92117	7.10453	4.46251	6.59411	6.39437	8.09658	10.39146	6.25392	7.95512	1.40325	7.88388	6.44432	7.75386	6.26695	7.47741	8.05118	0	0	8.6116	5.04965	8.41153	0	2.60291	7.26579	7.08646	3.25783	4.27915	0	7.7075	0	0	6.61744	0	0	0	0	0	0	
0	0	0	0	0	0	0	0	0	0	0	0	0	0	0	0	0	0	0	0	7.94349	0	0	0	0	0	0	0	0	6.15455	0	0	0	0	8.89468	0	0	0	0	0	9.80405	0	9.74623	9.20426	4.91646	0	0	6.23057	8.06046	5.282	3.7463	0	0	2.66048	4.68811	6.07467	0	0	7.28702	9.43962	9.27479	5.01884	3.79582	5.04589	7.20844	7.4986	3.44447	4.73652	4.09653	7.48311	7.8173	7.54059	4.32621	5.39562	4.99618	0	3.72972	0	2.44579	0	0	0	3.83556	0	0	0	7.353	0	0	0	0	0	0	0	0	0	0	0	0	0	
0	0	0	0	8.88948	0	0	0	0	0	0	3.19175	0	2.89222	0	0	0	0	0	0	0	0	0	0	0	0	0	0	0	0	0	0	0	0	0	0	0	0	0	6.89417	0	0	5.69945	0	4.8466	0	1.33019	0.5143	0	0	0.5143	0	0	0	8.6521	0	0	1.65141	0	8.54699	6.18909	0.89259	6.64762	7.94559	7.81642	0	1.35767	4.51184	7.7632	6.83432	9.09719	8.63863	7.32853	4.42982	0	0	7.08155	3.54927	7.42144	4.78413	3.60111	7.29755	0.5143	0	0	0	3.4955	12.03663	0	3.7766	0	0	0	0	1.99924	0	0	0	0	0	
0	0	0	0	0	0	0	0	0	0	0	0	0	0	0	0	0	4.5988	0	0	0	6.82282	7.87288	0	0	0	9.38146	0	0	0	0	0	0	5.50241	7.67134	0	0	0	0	0	0	0	0	0	0	0	0	0	0	0	0	0	0	0	0	8.54822	8.11151	9.50714	3.04974	4.56672	0	6.17416	3.8333	0	8.18663	7.00598	5.49706	6.60621	5.74192	5.21344	7.3674	6.03502	5.92189	7.35321	7.55517	5.40644	6.2106	0	10.39284	7.06422	0	0	7.47158	0	5.60105	7.78039	2.51374	5.58826	0	10.07455	0	0	0	0	0	0	8.15445	0	0	0	
0	0	0	0	0	0	0	0	6.18007	0	0	0	0	0	0	0	0	0	0	0	0	0	0	0	0	0	0	11.10116	0	0	0	0	0	0	0	0	0	0	0	8.27862	0	0	0	0	0	5.32095	0	5.48168	6.8552	0	0	11.02225	0	0	0	0	0	0	6.85165	0	8.674	0	8.53187	8.43649	7.44834	5.59471	5.17083	0	0	4.38813	8.09097	4.43009	7.95549	6.55386	5.14323	10.50339	2.4032	0	0	7.58425	4.67708	8.53201	9.53843	9.1144	4.64833	0	0	0	0	0	7.04027	0	10.9217	0	0	0	0	0	0	0	
0	0	0	0	0	0	0	0	0	0	0	0	0	6.86053	0	0	0	0	0	8.09477	0	0	0	0	0	2.41271	0	0	0	0	0	0	0	0	5.33632	0	0	6.43255	0	0	9.85964	0	3.60111	11.22919	0	0	0	0	0	0	2.80649	6.98281	0	0	10.17231	0	0	0	0	6.32754	4.68282	0	5.31504	8.07428	7.50906	4.03283	8.07103	5.35153	0	4.31997	6.51453	0	3.89495	5.34987	9.02611	7.48976	3.99645	5.44054	6.86441	3.23029	0	7.00993	7.32093	5.89314	1.52487	0	0	9.90546	3.02663	0	7.14439	0	0	4.69152	0	0	0	0	4.46497	0	
0	0	0	0	0	0	0	11.54382	0	0	0	0	0	0	0	0	0	0	0	0	0	0	8.88164	0	0	0	0	0	9.53177	0	0	0	0	0	10.07927	0	0	2.27932	0	0	0	2.87886	0	0	0	0	4.11322	0	0	0	0	0	9.70389	0	0	0	6.49118	3.04974	0	3.37025	6.44753	0	0	6.15469	0	0.89259	0	7.86732	6.72575	9.46951	5.80964	4.86061	8.34139	5.59946	5.78037	5.5085	5.92848	0	7.01051	4.86661	7.32103	7.23923	0.71997	0	3.64847	0	1.19207	3.74743	0	0	8.32414	7.02291	0	0	0	0	8.90116	0	0	0	
0	0	0	0	0	0	0	0	0.5143	0	0	0	0	0	0	0	0	0	0	0	0	0	0	0	0	0	0	0	0	0	0	0	0	0	0	0	0	4.69779	0	0	0	0	0	0	0	0	0	0	0	1.65141	0	3.89042	0	2.8488	0	0	3.38156	7.40363	0	0	4.14589	0	6.27114	12.55697	5.48168	4.93485	0	0	9.56211	8.14778	0	3.65116	5.78545	10.41202	5.93228	5.8336	0	3.31896	6.10584	5.03425	2.00289	7.83279	5.85699	0.5143	0	0	3.67464	0	0	0	0	0	5.99708	10.50014	5.67547	0	0	0	0	0	
0	0	0	0	0	0	0	6.49315	0	0	0	0	0	0	0	0	0	0	0	0	0	0	0	0	0	0	0	0	0	0	0	0	0	0	0	0	0	6.83409	0	7.77473	0	0	0	0	0	0	0	0	0	0	4.61879	0	0	10.50594	8.81877	0	0	5.03798	8.69447	10.84583	0	3.12249	0	6.45256	9.49352	10.79908	0	0	6.77364	6.32676	8.33758	3.42708	3.98697	6.09934	9.18529	6.71989	4.44083	0	8.51238	6.29063	7.71368	8.82962	4.84532	5.6213	5.2393	0	0	0.29753	0	0	7.02612	0	0	0	0	3.14982	0	0	0	0	
0	0	0	0	0	0	0	0	0	0	0	0	0	0	0	0	0	0	0	0	0	0	0	0	0	11.1612	0	0	0	0	0	0	0	0	0	0	0	7.82191	0	0	0	0	0	0	11.45725	0	0	0	11.51561	0	0	0	0	0	0	1.19207	0	0	0	0	0	0	8.28957	0	0	4.24262	5.13718	5.38739	0	6.20322	2.48652	0	6.88681	0	6.49315	5.46405	1.43994	6.43822	4.95903	4.97003	3.12426	0	6.40252	0	8.17606	6.83575	0	0	0	0	11.94313	0	0	0	0	0	0	3.87821	0	0	
0	0	0	0	0	0	0	0	0	0	0	0	2.89222	0	0	0	0	0	0	0	0	0	0	0	0	0	0	0	0	0	0	0	0	0	0	0	0	0	0	0	0	0	0	0	0	0	0	10.41835	0	0	2.27932	0	7.95236	0	0	0	0	0	0	4.72678	0	0	0	5.82321	3.7463	8.97546	8.88083	0	0.89259	0	0	7.94235	0	0	0	1.96978	5.08915	8.04995	5.70986	4.63846	0	6.65337	3.56536	2.81729	5.43422	2.76129	7.00126	0	7.14001	0	0	0	0	8.21401	0	0	0	0	0	0	
0	0	0	0	0	0	0	0	0	0	0	0	0	0	0	0	0	0	0	0	0	0	0	0	0	0	0	0	0	0	0	0	10.82316	0	0	0	0	0	0	0	3.83556	0	0	0	0	0	0	0	0	0	0	0	0	0	0	0	4.86613	0	0	0	7.74511	0	0	5.08175	0	4.40114	0	0	5.98414	0	0	0	10.04124	0	0	4.95322	0	0	6.11635	9.61993	9.7836	5.33632	9.03084	0	2.51374	0	0	0	0	0.89259	6.27024	8.07846	4.84926	0	0	0	0	0	0	0	
0	0	0	0	0	0	0	1.45779	0	0	0	0	0	0	0	0	0	0	0	0	0	0	0	0	0	0	0	2.71534	0	0	0	0	0	0	0	0	0	0	0	0	0	0	0	0	0	0	0	0	0	0	0	0	0	0	0	0	0	3.7463	0	0	0	0	0	0	0	0	0	0	0	0	2.76798	3.23385	7.55849	2.14607	0	8.97177	11.81661	0	9.95345	4.61794	0	5.46164	0	7.04496	2.27932	7.89746	0	10.87178	0	0	0	8.91274	0	0	0	7.99416	0	0	0	0	
0	0	0	0	0	0	0	0	0	0	0	0	0	0	0	0	0	0	0	0	9.85497	0	0	0	0	0	0	0	0	0	4.8283	0	0	0	0	0	0	0	0	0	0	0	0	0	0	0	0	0	0	0	0	0	0	0	0	0	0	0	0	13.02285	0	0	0	0	7.10004	7.76055	5.17466	7.21506	0	0	0	0	0	0	0	5.35153	5.67149	0	0	0	2.79206	0	0	0	3.73556	7.00703	7.26275	2.86933	5.52258	0	5.80268	6.75007	6.84449	5.82465	0	5.84629	0	0	0	0	
0	0	0	0	0	0	0	0	0	0	0	0	0	0	0	0	0	0	0	0	0	0	0	0	0	0	0	0	0	0	0	0	0	0	0	0	0	0	0	0	0	0	0	0	0	0	0	0	5.87816	0	0	0	0	0	0	0	0	0	0	0	0	0	0	0	0	0	0	0	0	7.17036	10.25806	10.83741	6.08984	0	8.94945	6.74432	0	9.85831	0	0	0	7.40718	9.05544	0	4.41277	0	0.89259	0	0	4.24088	0	1.13966	3.70757	0	5.48168	0	0	0	0	0	
0	0	0	0	0	0	0	0	0	0	0	0	0	0	0	6.08444	0	0	0	0	0	0	0	0	0	0	0	0	0	0	0	0	0	0	7.37031	0	0	0	0	0	0	0	0	0	0	0	0	0	0	0	0	0	0	0	0	0	0	0	0	0	0	0	0	0	0	0	0	4.14589	0	0	0	0	0	6.379	0	0	0	0	0	0	0	0.89259	0	0	5.65572	0	4.72894	3.48157	7.56233	10.17951	8.7515	0	9.23227	0	0	0	0	0	0	0	
0	0	0	0	0	0	0	0	0	0	0	0	0	0	0	0	0	0	0	0	0	0	0	0	0	0	0	0	0	0	0	0	0	0	0	0	0	0	0	0	0	0	0	0	0	0	0	0	9.54423	0	0	0	0	0	0	0	0	0	0	6.53372	0	0	0	0	0	6.22862	0	0	0	0	0	7.59146	0	0	0	0	0	13.23362	0	6.04716	11.86395	0	0	9.27778	0	0	0	0	0	0	0	0	0	0	0	0	0	0	0	0	
0	0	0	0	0	0	0	0	0	0	0	0	0	0	0	0	0	0	0	4.93314	0	0	0	0	0	0	0	0	0	0	0	0	0	0	0	0	0	0	0	0	0	0	0	0	0	0	0	0	0	0	0	0	0	0	0	1.92806	0	0	8.55523	0	0	0	0	0	10.05001	0	0	0	0	0	0	7.29362	0	0.89259	0	0	4.64289	0	0	0	3.32515	5.47445	3.93343	7.57574	0	0	0	7.91701	6.7275	0	3.4955	8.20566	9.73902	0	0	0	0	0	0	0	
0	0	0	0	0	0	0	0	0	0	0	0	0	0	0	0	0	0	0	0	0	0	0	0	0	0	0	0	0	0	0	0	0	0	0	0	0	0	0	0	0	0	0	0	0	0	0	0	0	0	0	0	0	0	0	0	0	0	0	0	0	0	0	0	0	0	0	0	0	0	0	0	0	0	0	0	0	0	0	0	0	0	0	0	0	0	0	0	0	0	0	10.38362	0	0	0	0	0	0	0	0	
0	0	0	0	0	0	0	0	0	0	0	0	0	0	0	0	0	0	0	0	0	0	0	0	0	0	0	0	0	0	0	0	0	0	0	0	0	0	0	0	0	0	0	0	0	0	0	0	0	0	0	0	0	0	0	0	0	0	0	0	0	0	0	0	0	0	0	0	0	0	6.2895	3.7463	0	0	0	0	0.5143	0	0	8.81459	0	0	0	10.84078	0	0	0	0	0	0	9.54539	10.27811	0	0	0	0	0	0	0	0	
0	0	0	0	0	0	0	0	0	0	0	0	0	0	0	0	0	0	0	0	0	0	0	0	0	0	0	0	0	0	0	0	0	0	0	0	0	0	0	0	0	0	0	0	0	0	0	0	0	0	0	0	0	0	0	0	0	0	0	2.14607	0	0	0	0	0	0	0	0	0	0	3.25783	0	0	0	0	0	0	0	0	0	0	0	0	0	0	0	3.32102	0	0	0	0	0	0	0	0	0	0	0	0	0	
0	0	0	0	0	0	0	0	0	0	0	0	0	0	0	0	0	0	0	0	0	0	0	0	0	0	0	0	0	0	0	0	0	0	0	0	0	0	0	0	0	0	0	0	0	0	0	0	0	0	0	0	0	0	0	0	0	0	0	0	0	0	0	0	0	0	0	0	0	7.7634	5.20847	0	0	0	0	0	0	0	4.66741	0	0	0	0	0	0	0	0	0	8.07428	2.51374	0	0	0	0	0	0	0	0	0	0	
0	0	0	0	0	0	0	0	0	0	0	0	0	0	0	0	0	0	0	0	0	0	0	0	0	0	0	0	0	0	0	0	0	0	0	0	0	0	0	0	0	0	0	0	0	0	0	0	0	0	0	0	0	0	0	0	0	0	0	0	0	0	0	0	0	0	0	0	0	0	0	0	0	0	0	0	0	0	0	0	0	0	0	0	0	0	3.19175	0	0	0	0	0	0	0	0	0	0	0	0	0	
0	0	0	0	0	0	0	0	0	0	0	0	0	0	0	0	0	0	0	0	0	0	0	0	0	0	0	0	0	0	0	0	0	0	0	0	0	0	0	0	0	0	0	0	0	0	0	0	0	0	0	0	0	0	0	0	0	0	6.31059	0	0	0	0	0	0	0	0	0	0	0	0	0	0	0	0	7.51244	0	0	0	0	0	0	0	0	0	0	0	0	0	0	0	0	0	0	0	0	0	0	0	0	
0	0	0	0	0	0	0	0	0	0	0	0	0	0	0	0	0	0	0	0	0	0	0	0	0	0	0	0	0	0	0	0	6.14585	0	0	0	0	0	0	0	0	0	0	0	0	0	0	0	0	0	1.43994	0	0	0	0	0	0	0	0	0	0	0	0	0	0	0	0	0	0	0	0	0	0	0	0	5.20847	0	0	0	0	4.61794	0	0	0	0	0	0	0	0	0	0	0	0	0	0	0	0	0	0	0	
0	0	0	0	0	0	0	0	0	0	0	0	0	0	0	0	0	0	0	0	0	0	0	0	0	0	0	0	0	0	0	0	0	0	0	0	0	0	0	0	0	0	0	0	0	0	0	0	0	0	0	0	0	0	0	0	0	0	0	0	0	0	0	0	0	0	0	0	0	0	0	0	0	0	0	0	0	0	0	0	0	0	0	0	0	0	0	0	0	0	0	0	0	0	0	0	0	0	0	0	
0	0	0	0	0	0	0	0	0	0	0	0	0	0	0	0	0	0	0	0	0	0	0	0	0	0	0	0	0	0	0	0	0	0	0	0	0	0	0	0	0	0	0	0	0	0	0	0	0	0	0	0	0	0	0	0	0	0	0	0	0	0	0	0	0	0	0	0	0	0	0	0	0	0	0	0	0	0	0	0	0	0	0	0	0	0	0	0	0	0	0	0	0	0	0	0	0	0	0	0	
0	0	0	0	0	0	0	0	0	0	0	0	0	0	0	0	0	0	0	0	0	0	0	0	0	0	0	0	0	0	0	0	0	0	0	0	0	0	0	0	0	0	0	0	0	0	0	0	0	0	0	0	0	0	0	0	0	0	0	0	0	0	0	0	0	0	0	0	0	0	0	0	0	0	0	0	0	0	0	0	0	0	0	0	0	0	0	0	0	0	0	0	0	0	0	0	0	0	0	0	
0	0	0	0	0	0	0	0	0	0	0	0	0	0	0	0	0	0	0	0	0	0	0	0	0	0	0	0	0	0	0	0	0	0	0	0	0	0	0	0	0	0	0	0	0	0	0	0	0	0	0	0	0	0	0	0	0	0	0	0	0	0	0	0	0	0	0	0	0	0	0	0	0	0	0	0	0	0	0	0	0	0	0	0	0	0	0	0	0	0	0	0	0	0	0	0	0	0	0	0	
0	0	0	0	0	0	0	0	0	0	0	0	0	0	0	0	0	0	0	0	0	0	0	0	0	0	0	0	0	0	0	0	0	0	0	0	0	0	0	0	0	0	0	0	0	0	0	0	0	0	0	0	0	0	0	0	0	0	0	0	0	0	0	0	0	0	0	0	0	0	0	0	0	0	0	0	0	0	0	0	0	0	0	0	0	0	0	0	0	0	0	0	0	0	0	0	0	0	0	0	
0	0	0	0	0	0	0	0	0	0	0	0	0	0	0	0	0	0	0	0	0	0	0	0	0	0	0	0	0	0	0	0	0	0	0	0	0	0	0	0	0	0	0	0	0	0	0	11.90175	0	0	0	0	0	0	0	0	0	0	0	0	0	0	0	0	0	0	0	0	0	0	0	0	0	0	9.86486	0	0	0	0	0	0	0	0	0	0	0	0	0	0	0	0	0	0	0	0	0	0	0	0	0	
