0	0	0	0	0	0	0	0	0	0	0	0	0	0	0	0	0	0	0	0	0	0	0	0	0	0	0	0	0	0	0	0	0	0	0	0	0	0	0	0	0	0	0	0	0	0	0	0	0	0	0	8.70392	0	0	0	0	0	0	0	0	0	0	0	0	0	0	0	0	0	0	0	0	0	0	0	0	0	0	0	0	0	0	0	0	0	0	0	0	0	0	0	0	0	0	0	0	0	0	0	0	
0	0	0	0	0	0	0	0	0	0	0	0	0	0	0	0	0	0	0	0	0	0	0	0	0	0	0	0	0	0	0	0	0	0	0	0	0	0	0	0	0	0	0	0	0	0	0	12.25027	0	0	0	0	0	0	0	0	0	0	0	0	0	0	0	8.80114	0	0	0	0	0	0	0	0	0	0	0	0	0	0	0	0	0	0	0	0	0	0	0	0	0	0	0	0	0	0	0	0	0	0	0	0	
0	0	0	0	0	0	0	0	0	0	0	0	0	0	0	0	0	0	0	0	0	0	0	0	0	0	0	0	0	0	0	0	0	0	0	0	0	0	0	0	0	0	0	0	0	0	0	0	0	0	0	0	0	0	8.64528	0	0	0	0	0	0	0	0	0	0	0	0	0	0	0	0	0	0	0	0	0	0	0	0	0	0	0	0	0	0	0	0	0	0	0	0	0	0	0	0	0	0	0	0	0	
0	0	0	0	0	0	0	0	0	0	0	0	0	0	0	0	0	0	0	0	0	0	0	0	0	0	0	0	0	0	0	0	0	0	0	0	0	0	0	0	0	0	0	0	0	0	9.0194	10.68733	0	0	0	0	0	0	0	0	0	0	0	0	0	0	0	0	0	0	0	0	0	0	0	0	0	0	0	0	0	0	0	0	0	0	0	0	0	0	0	0	0	0	0	0	0	0	0	0	0	0	0	0	
0	0	0	0	0	0	0	0	0	0	0	0	0	0	0	0	0	0	0	0	0	0	0	0	0	0	0	0	0	0	0	0	0	0	0	0	0	9.83275	0	0	0	0	0	13.57895	0	0	0	0	0	0	0	0	0	0	0	0	0	0	0	0	0	0	0	0	0	0	0	0	0	0	0	0	0	0	0	0	0	0	0	0	0	0	0	0	0	0	0	0	0	0	0	0	0	0	0	0	0	0	0	0	
0	0	0	0	0	0	0	0	0	0	0	0	0	0	0	0	0	0	0	0	0	0	0	0	0	0	0	0	0	0	0	0	0	0	0	0	0	0	0	0	0	0	0	0	0	0	0	0	0	0	0	0	0	0	0	0	0	0	0	0	0	0	0	0	0	0	0	0	0	0	0	0	7.62701	0	0	0	0	0	0	0	0	0	0	0	0	0	0	0	0	0	0	0	0	0	0	0	0	0	0	0	
0	0	0	0	0	0	0	0	0	0	0	0	0	0	0	0	0	0	0	0	0	0	0	0	0	0	0	0	0	0	0	0	0	0	0	0	0	0	0	0	0	0	0	0	0	0	0	0	0	0	0	0	0	0	0	0	0	0	0	0	0	0	0	0	0	0	0	0	0	0	0	0	0	0	10.47093	0	0	0	0	0	0	0	0	0	0	0	0	0	0	0	0	0	0	0	0	0	0	0	0	0	
0	0	0	0	0	0	0	0	0	0	0	0	0	0	0	0	0	0	0	0	0	0	0	0	0	0	0	0	0	0	0	0	0	0	0	0	0	0	0	0	0	0	0	0	0	0	0	0	0	0	0	9.66231	0	0	0	15.15075	0	0	10.07314	0	0	0	0	0	0	0	0	0	0	0	0	0	0	0	0	0	0	0	0	0	0	0	0	0	0	0	0	0	0	0	0	0	0	0	0	0	0	0	0	0	
0	0	0	0	0	0	0	0	0	0	0	0	0	0	0	0	0	0	0	0	0	0	0	0	0	0	0	0	0	0	0	0	0	0	0	0	0	0	0	0	0	0	0	0	0	0	0	0	0	0	0	0	0	0	0	0	0	0	0	0	0	0	0	0	0	0	0	6.12519	0	0	0	0	0	0	0	0	0	0	0	0	0	0	0	0	0	0	0	0	0	0	0	0	0	0	0	0	0	0	0	0	
0	0	0	0	0	0	0	0	0	0	0	0	0	0	0	0	0	0	0	0	0	0	0	0	0	0	0	0	0	0	0	0	0	0	0	0	0	0	0	0	0	0	0	0	0	0	0	0	0	0	0	0	0	0	0	4.58662	0	0	0	0	0	0	0	0	0	0	0	0	0	0	0	0	0	0	0	0	0	0	0	0	0	0	0	0	0	0	0	0	0	0	0	0	0	0	0	0	0	0	0	0	
0	0	0	0	0	0	0	0	0	0	0	0	0	0	0	0	0	0	0	0	0	0	0	0	0	0	0	0	0	0	0	0	0	0	0	0	0	0	0	0	0	0	0	0	0	0	0	0	0	0	0	0	0	0	0	0	0	0	0	0	0	0	0	0	0	0	0	13.54491	0	0	0	0	0	0	0	0	0	0	0	0	0	0	0	0	0	0	0	0	0	0	0	0	0	0	0	0	0	0	0	0	
0	0	0	0	0	0	0	0	0	0	0	0	0	0	0	0	0	0	0	0	0	0	0	0	0	0	0	0	0	0	0	0	0	0	0	0	0	0	0	0	0	0	0	0	0	0	0	0	0	0	0	0	3.57864	0	0	0	9.83762	0	0	0	0	0	0	0	0	0	0	0	0	0	0	0.46205	0	0	0	0	0	0	0	0	0	0	0	0	0	0	0	0	0	0	0	0	0	0	0	0	0	0	0	0	
0	0	0	0	0	0	0	0	0	0	0	0	0	0	0	0	0	0	0	0	0	0	0	0	0	0	0	0	0	0	0	0	0	0	0	0	0	0	0	0	0	0	0	0	0	0	0	0	7.08098	0	0	0	10.9849	0	0	0	0	0	0	0	0	0	0	0	0	0	0	2.2555	0	0	0	0	0	0	0	0	0	0	0	0	0	0	0	0	0	0	0	0	0	0	0	0	0	0	0	0	0	0	0	0	
0	0	0	0	0	0	0	0	0	0	0	0	0	0	0	0	0	0	0	0	0	0	0	0	0	0	0	0	0	0	11.63889	0	0	0	0	0	0	0	0	1.86493	0	0	0	0	0	0	0	8.95062	0	0	0	0	0	0	0	0	0	3.03078	1.86493	0	11.6493	0	0	11.29968	0	0	0	0	0	0	0	0	0	0	0	0	0	0	0	0	0	0	0	0	0	0	0	0	0	0	0	0	0	0	0	0	0	0	0	0	
0	0	0	0	0	0	0	0	0	0	0	0	0	0	0	0	0	0	0	0	0	0	0	0	0	0	0	0	0	0	0	0	0	0	0	0	0	0	0	0	0	0	0	0	0	0	0	0	0	0	0	0	0	0	4.92844	0	0	0	0	0	0	0	0	0	0	0	0	0	0	0	0	0	0	0	0	0	0	0	0	0	0	0	0	0	0	0	0	0	0	0	0	0	0	0	0	0	0	0	0	0	
0	0	0	0	0	0	0	0	0	0	0	0	0	0	0	0	0	0	0	0	0	0	0	0	0	0	0	0	0	0	0	0	0	0	0	0	0	0	0	0	0	0	11.68808	0	0	0	0	0	0	0	0	0	8.99612	0	0	0	0	0	0	4.19889	0	0	0	0	0	0	0	0	0	0	0	8.13109	0	0	0	0	0	0	0	0	0	0	0	0	0	0	0	0	0	0	0	0	0	0	0	0	0	0	0	0	
0	0	0	0	0	0	0	0	0	0	0	0	0	0	0	0	0	0	0	0	0	0	0	0	0	0	0	0	0	0	0	0	0	0	0	0	0	0	0	0	0	0	0	8.78238	0	0	0	9.99851	0	0	0	10.48159	0	0	0	0	0	0	11.79447	0	0	0	0	0	0	0	0	0	0	0	0	0	0	0	0	0	0	0	0	0	0	0	0	0	0	0	0	0	0	0	0	0	0	0	0	0	0	0	0	0	
0	0	0	0	0	0	0	0	0	0	0	0	0	0	0	0	0	0	0	0	0	0	0	0	0	0	0	0	0	0	0	0	0	0	0	0	0	0	0	0	0	0	7.92468	0	0	0	0	0	0	0	0	0	0	0	0	8.74766	0	0	0	0	0	0	0	0	0	0	1.86493	0	3.15826	0	0	0	0	0	0	0	0	0	0	0	0	0	0	0	0	0	0	0	0	0	0	0	0	0	0	0	0	0	0	0	
0	0	0	0	0	0	0	0	0	0	0	0	0	0	0	0	0	0	0	0	0	0	0	0	0	0	0	0	0	0	0	0	0	0	0	0	0	0	0	0	14.10209	0	0	0	0	0	0	0	0	0	0	0	0	0	0	0	0	0	0	0	0	0	0	0	0	0	0	0	0	0	0	0	0	0	0	0	0	0	0	0	0	0	0	0	0	0	0	0	0	0	0	0	0	0	0	0	0	0	0	0	
0	0	0	0	0	0	0	0	0	0	0	0	0	0	0	0	0	0	0	0	0	0	0	0	0	0	0	0	0	0	0	0	0	0	0	0	0	0	0	0	0	0	0	0	0	0	0	8.1427	0	0	6.47914	0	0	0	0	0	0	0	0	0	0	0	0	0	0	0	0	0	0	0	0	0	0	0	0	0	7.29724	0	0	0	0	0	0	0	0	0	0	0	0	0	0	0	0	0	0	0	0	0	0	0	
0	0	0	0	0	0	0	0	0	0	0	0	0	0	0	0	0	0	0	0	0	0	0	0	0	0	0	0	0	0	0	0	0	0	0	0	0	0	0	0	0	0	0	0	0	0	0	10.88187	0	0	9.24349	10.74831	0	0	0	0	8.34001	0	9.21994	0	8.18448	0	0	0	0	12.28648	0	0	0	0	0	0	0	0	0	0	0	0	0	0	0	0	0	0	0	0	0	0	0	0	0	0	0	0	0	0	0	0	0	0	
0	0	0	0	0	0	0	0	0	0	0	0	0	0	0	0	0	0	0	0	0	0	0	0	0	0	0	0	0	0	0	0	0	0	0	0	0	0	0	0	0	8.65882	0	0	0	0	0	0	0	0	0	0	0	0	0	0	0	0	0	0	0	0	0	0	0	0	0	0	14.57941	0	0	0	0	0	0	0	0	0	0	0	0	0	0	0	0	0	0	0	0	0	0	0	0	0	0	0	0	0	0	0	
0	0	0	0	0	0	0	0	0	0	0	0	0	0	0	0	0	0	0	0	0	0	0	0	0	0	0	0	0	0	0	2.0072	13.93623	0	0	0	0	0	0	0	0	0	0	0	0	0	0	8.3388	0	0	0	0	0	0	0	0	0	0	0	0	0	0	0	0	0	0	0	1.52982	0	0	0	0	0	0	0	0	0	0	0	0	0	0	0	0	0	0	0	0	0	0	0	0	0	0	0	0	0	0	0	0	
0	0	0	0	0	0	0	0	0	0	0	0	0	0	0	0	0	0	0	0	0	0	0	0	0	0	0	0	0	0	0	5.75088	0	0	11.70873	0	0	0	0	0	0	0	0	0	0	0	0	0	0	0	0	0	0	0	0	0	0	0	0	0	0	0	0	0	0	0	0	0	0	0	0	0	0	0	0	0	0	0	0	0	0	0	0	0	0	0	0	0	0	0	0	0	0	0	0	0	0	0	0	0	
0	0	0	0	0	0	0	0	0	0	0	0	0	0	0	0	0	0	0	0	0	0	0	0	0	0	0	0	0	0	0	0	0	0	0	0	0	0	0	0	0	0	0	10.79871	0	0	0	0	0	17.19279	0	0	0	0	7.6048	0	0	0	0	0	0	0	0	0	0	0	0	0	0	0	0	0	0	0	0	0	0	0	0	11.43356	0	0	0	0	0	0	0	0	0	0	0	0	0	0	0	0	0	0	0	0	
0	0	0	0	0	0	0	0	0	0	0	0	0	0	0	0	0	0	0	0	0	0	0	0	0	0	0	0	0	0	0	0	9.4319	0	0	0	0	0	0	0	0	0	0	0	0	0	0	2.0072	0	0	5.27408	11.03384	0	0	0	0	0	0	8.24138	0	0	0	0	0	0	0	0	0	0	0	6.27156	0	0	0	0	0	0	0	0	0	0	0	0	0	0	7.7387	0	0	0	0	0	0	0	0	0	0	0	0	0	0	
0	0	0	0	0	0	0	0	0	0	0	0	0	0	0	0	0	0	0	0	0	0	0	0	0	0	0	0	0	0	0	0	0	0	0	0	0	0	0	9.42954	0	0	0	0	16.24284	0	6.86438	0	0	0	0	0	0	0	0	0	0	0	0	0	0	0	0	0	0	0	0	0	0	7.2728	0	0	0	0	0	0	0	0	0	0	0	0	0	0	0	0	0	0	0	0	0	0	0	0	0	0	0	0	0	0	
0	0	0	0	0	0	0	0	0	0	0	0	0	0	0	0	0	0	0	0	0	0	0	0	0	0	0	0	0	0	0	0	0	0	0	7.37476	0	0	0	0	0	0	0	0	0	0	0	8.25035	0	0	0	0	0	4.72535	0	0	0	0	0	0	9.58724	0	0	0	0	0	0	0	0	0	0	0	0	0	0	0	0	0	0	0	0	0	0	0	0	0	0	0	0	0	0	0	0	0	7.12456	0	0	0	0	0	
0	0	0	0	0	0	0	0	0	0	0	0	0	0	0	0	0	0	0	0	0	0	0	0	0	0	0	0	0	0	0	0	0	0	0	0	0	0	0	0	0	14.28735	0	0	0	0	0	0	0	0	0	0	1.52982	0	0	0	0	0	0	0	0	0	0	0	0	0	0	14.94761	0	0	0	9.58228	0	0	0	0	0	0	0	0	0	0	0	0	0	0	0	0	0	0	0	0	0	0	0	0	0	0	0	0	
0	0	0	0	0	0	0	0	0	0	0	0	0	0	0	0	0	0	0	0	0	0	0	0	0	0	0	0	0	0	0	0	0	0	0	0	0	0	0	0	5.67829	0	0	0	11.44604	0	0	4.15951	0	0	19.91018	8.51587	0	0	0	10.12381	0	0	7.61038	0	13.28344	0	0	0	0	0	0	0	8.32017	0	0	0	0	0	0	0	0	0	0	0	0	0	0	0	0	0	0	0	0	0	0	0	0	0	0	3.27538	0	0	0	0	
0	0	0	0	0	0	0	0	0	0	0	0	0	0	0	0	0	0	0	0	0	0	0	0	0	0	0	0	0	0	0	0	0	0	0	0	0	0	0	0	0	0	0	0	12.5272	0	0	0	0	1.52982	0	0	1.52982	0	0	0	0	5.73051	0	0	0	6.17688	0	0	0	0	0	0	0	0	0	0	0	0	0	0	0	0	0	0	0	0	0	0	0	0	0	0	0	0	0	0	0	0	0	0	0	0	0	0	
0	0	0	0	0	0	0	0	0	0	0	0	0	0	0	0	0	0	0	0	0	0	0	0	0	0	0	0	0	0	0	0	0	0	0	0	0	0	0	0	0	0	0	10.3659	0	0	10.3426	0	0	0	7.17066	0	0	0	0	0	0	0	0	11.0562	0	0	0	0	8.10956	0	0	5.06459	0	0	0	0	9.76926	0	0	0	12.62139	0	0	0	0	0	0	0	0	0	0	0	0	0	0	0	0	0	0	0	0	0	0	0	
0	0	0	0	0	0	0	0	0	0	0	0	0	0	0	0	0	0	0	0	0	0	0	0	0	0	0	0	0	0	0	0	0	0	0	0	0	0	0	0	0	0	0	0	0	5.61302	0	10.36507	11.38686	0	0	7.00071	4.73715	0	0	7.86753	0	0	0	0	0	0	0	0	0	0	19.11269	14.89686	0	0	0	0	0	10.69641	0	0	0	0	0	0	0	0	0	0	0	0	0	0	0	0	0	0	0	0	0	0	0	0	0	0	
0	0	0	0	0	0	0	0	0	0	0	0	0	0	0	0	0	0	0	0	0	0	0	0	0	0	0	0	0	0	0	0	0	0	0	0	0	12.10824	0	0	0	0	0	0	0	0	0	0	6.40608	0	0	4.88904	0	0	1.32769	0	5.17423	0	0	10.63678	0	0	0	0	0	0	0	0	0	0	0	0	0	0	7.29695	0.46205	0	0	0	0	0	0	0	0	0	0	0	0	0	0	0	0	0	0	0	0	0	0	0	0	
0	0	0	0	0	0	0	0	0	0	0	0	0	0	0	0	0	0	0	0	0	0	0	0	0	0	0	0	0	0	0	0	0	0	0	0	0	0	0	0	0	0	14.65023	0	0	11.56657	0	13.29092	0	0	6.03458	0	15.16797	0	8.99506	0	0	0	0	0	0	0	0	6.96807	0	0	0	1.32769	0	0	18.15478	0	0	0	0	0	0	0	1.09255	0	0	0	0	0	0	0	0	0	0	0	0	0	0	0	0	0	0	0	0	0	
0	0	0	0	0	0	0	0	0	0	0	0	0	0	0	0	0	0	0	0	0	0	0	0	0	0	0	0	0	0	0	0	0	0	0	0	0	0	0	0	0	0	0	0	0	0	0	9.31621	11.24821	0	0	10.33038	0	0	0	0	0	0	0	0	0	0	0	0	16.97957	0	0	0	0	0	0	0	0	0	0	0	0	0	0	0	0	0	0	0	0	0	0	0	0	0	3.48446	0	0	0	0	0	0	0	0	0	
0	0	0	0	0	0	0	0	0	0	0	0	0	0	0	0	0	0	0	0	0	0	0	0	0	0	0	0	0	0	0	0	0	0	0	0	0	0	0	0	0	0	0	0	0	0	0	9.26046	0	0	0	0	9.42954	21.58385	0	0	0	0	9.11711	10.13209	0	0	0	0	0	0	0	0	0	0	0	0	0	0	0	0	0	0	0	0	0	0	0	0	0	0	0	0	0	0	0	0	0	0	0	0	0	0	9.82436	0	
0	0	0	0	0	0	0	0	0	0	0	0	0	0	0	0	0	0	0	0	0	0	0	0	0	0	0	0	0	0	0	0	0	0	0	0	0	0	0	0	0	0	9.15072	0	0	0	0	0	0	8.34621	0	6.98536	0	9.29382	0	0	0	0	0	0	0	0	0	0	10.70785	0	0	0	0	0	0	0	0	0	0	0	17.38748	0	0	0	0	0	0	0	0	0	0	0	0	0	0	0	0	0	0	0	0	0	0	0	
0	0	0	0	0	0	0	0	0	0	0	0	10.60566	0	0	0	0	0	0	0	0	0	0	0	0	0	0	0	0	0	8.25214	0	0	0	0	0	0	0	0	0	0	0	6.84806	0	0	0	0	6.84081	0	0	9.54631	0	0	15.55291	16.04005	0	8.36165	0	0	0	0	0	0	8.60389	9.4685	8.69475	0	0	0	0	0	0	0	0	0	0	0	0	0	0	0	0	0	0	0	0	0	0	0	0	0	0	0	0	0	0	0	0	0	0	
0	0	0	0	0	0	0	0	0	0	0	0	0	0	0	0	0	0	0	0	0	0	0	0	0	0	0	0	0	0	0	0	0	0	0	0	0	0	0	0	0	0	0	0	0	11.49853	11.48911	0	0.46205	4.36667	5.27613	9.82098	8.80826	0	5.94901	5.49714	0	0	0	0	10.07769	0	0	0	0	0	0	0	0	4.23986	0	0	0	0	0	0	9.43865	0	0	0	0	0	0	0	0	0	0	0	0	0	0	0	0	0	0	0	0	0	0	0	
0	0	0	0	0	0	0	0	0	0	0	0	0	0	0	9.25066	0	0	0	0	0	0	0	0	0	0	0	0	0	0	0	0	0	0	0	6.39964	11.44056	0	0	0	0	0	0	3.03078	0	13.47976	8.17984	9.86581	3.27538	9.32981	0	0	13.61556	0	10.82597	0	0	0	0	4.69572	0	7.16687	0	4.36667	0	11.24933	0	0	10.48582	0	4.36667	0	0	0	0	12.58643	0	15.48186	0	2.05908	0	0	0	0	0	0	0	0	0	0	7.79582	0	0	0	0	0	0	0	0	0	
0	0	0	0	0	0	0	0	0	0	0	0	0	0	0	0	0	0	0	0	0	0	0	0	0	0	10.10761	0	0	0	0	5.8296	0	0	5.9578	0	0	0	0	0	11.97854	0	0	0	0	0	0	0	6.4698	10.4934	2.46728	9.29035	7.75354	0	9.98023	0	5.96654	0	1.58712	0	17.96369	9.9095	0	0	0	8.45509	0	0	0	0	0	0	0	6.46891	0	0	0	0	0	0	0	0	0	0	0	0	0	0	0	0	0	0	0	0	0	0	0	0	0	0	
0	0	0	0	0	0	0	0	0	0	0	0	0	0	0	0	0	0	0	7.089	0	0	0	0	0	0	0	0	0	0	0	0	0	0	0	0	0	0	0	0	0	0	0	13.6569	0	0	15.85545	12.50619	8.66286	0	8.35219	7.78465	11.70889	0	0	0	14.13624	0	0	6.0256	7.91507	0	0	11.2444	0	10.22284	0	4.54056	0	0	0	0	0	0	0	0	0	0	0	0	0	0	0	0	0	0	0	0	0	0	6.13996	0	0	0	0	0	0	0	0	0	
0	0	0	0	0	0	0	0	0	0	0	0	9.23086	0	0	0	0	0	0	9.74915	0	0	0	0	0	0	0	0	0	0	0	0	0	14.5094	0	0	0	0	0	0	0	12.2995	11.74662	0	8.45847	0	0	3.49458	10.08372	0	1.70708	8.53766	7.69946	1.95758	9.00645	18.53352	6.34209	13.9521	7.46786	0	0	0	0	0	14.86825	0	0	0	0	0	0	0	0	0	0	0	0	0	13.71518	1.09255	0	0	0	0	0	0	0	0	0	0	0	0	0	0	0	0	0	0	0	0	
0	0	0	0	0	0	0	0	0	0	0	0	0	0	0	0	0	0	0	0	0	0	0	14.40378	0	0	0	0	0	0	0	0	0	0	0	0	0	0	10.43676	0	0	0	8.22196	8.87143	18.3164	0	11.55655	5.12504	0	7.95545	9.87512	4.5885	0	0	0	0	0	10.31225	14.82805	10.11057	7.26927	0	0	0	6.43784	0	0	0	0	0	0	0	0	0	0	0	0	0	0	0	0	0	0	0	0	0	0	0	0	0	0	0	0	0	0	0	0	0	0	0	
0	0	6.9982	0	0	0	0	0	0	0	0	0	0	0	0	0	0	0	0	0	0	0	0	0	0	0	0	0	0	0	0	0	0	0	0	0	0	0	0	0	9.33676	0	0	0	0	9.00463	0	3.95696	11.3014	11.74062	0	8.1135	10.11549	6.8845	0	10.50656	0	0	19.40303	0	10.56111	0	6.48116	10.98113	0	0	0	0	0	0	0	6.0567	0	0	0	0	0	0	0	0	0	0	0	0	0	0	0	0	0	0	0	0	0	0	0	0	0	0	0	0	
0	0	0	0	0	0	0	0	0	0	0	7.69954	0	0	0	0	0	0	0	0	0	0	0	0	0	0	0	0	0	0	0	0	5.6351	0	0	0	0	6.70827	12.37901	6.94615	8.36381	5.65686	0	0	10.9905	7.90521	11.3026	6.55154	10.92498	0	13.16124	0	2.49042	4.98191	0	9.89363	9.5576	8.35664	0	0	0	0	0	0	0	0	0	6.07554	0	0	0	0	13.48252	0	0	1.52982	0	0	9.25334	0	0	0	0	0	0	0	0	0	0	0	0	0	0	0	0	5.90854	0	0	0	0	
0	0	0	0	0	0	0	0	0	0	0	0	0	0	0	0	0	0	0	0	0	0	0	0	0	0	0	0	0	0	0	0	0	0	8.96486	10.53807	0	0	0	0.46205	0	11.9883	0	11.13297	14.75825	8.78599	6.83017	6.53792	5.22302	11.38796	11.85269	10.75368	1.09255	9.98103	0	0	7.29891	0	0	9.22532	8.15803	0	15.10358	0	0	0	0	0	0	0	0	0	0	0	0	0	0	0	2.0072	0	0	0	0	0	0	0	0	12.24422	0	0	0	0	0	0	0	0	0	0	0	0	
0	0	0	0	0	0	0	0	8.34885	0	7.70216	0	0	0	0	0	0	0	0	0	0	0	0	0	0	0	7.02354	0	0	0	0	0	0	0	0	11.64655	0	10.01643	10.32699	0	8.86107	9.81955	0	6.20668	0	11.81832	6.27097	8.64748	7.34426	9.44702	0	6.53405	7.13623	0	0	0	5.65866	4.99797	0	0	0	0	0	0	0	0	17.09279	0	0	0	0	0	0	0	0	0	0	0	0	0	0	0	0	0	0	0	0	0	0	0	0	0	0	0	0	0	0	0	0	0	
0	0	0	0	0	0	0	0	0	0	0	11.63238	0	0	16.3159	0	0	0	0	0	0	0	0	0	0	0	0	0	0	0	0	11.38279	0	0	7.48527	0	11.82091	0	0	10.7413	0	0	9.71614	8.15877	10.48028	7.63625	10.75845	9.12331	2.36858	7.35053	12.27163	8.72437	10.12746	6.11763	0	5.35808	9.69285	0	0	4.94592	13.33067	10.71273	0	12.42404	0	0	0	0	0	0	0	0	0	2.36527	0	5.25599	0	0	0	0	0	0	0	4.34003	0	0	0	0	0	0	0	0	0	0	0	0	0	0	0	0	
0	0	0	0	0	0	0	0	0	0	0	0	13.27544	0	0	0	0	0	0	0	0	0	0	0	0	0	0	0	0	9.77238	0	0	7.78844	0	7.00669	0	12.47983	0	11.86902	11.03195	10.98598	8.99826	10.35183	5.90351	7.12575	4.08913	10.91647	10.45368	8.26104	8.59613	7.03927	10.82897	13.94116	6.18481	5.42551	11.77931	9.0459	0	0	6.9239	11.21721	0	0	0	0	10.69641	0	0	0	0	0	0	0	9.86639	0	0	0	0	0	0	12.4146	0	0	0	0	0	0	0	0	0	0	0	0	0	0	0	0	0	0	0	
0	0	0	0	0	0	0	12.28898	0	0	0	10.34595	0	0	0	0	0	0	0	0	0	0	0	0	0	0	0	9.24079	0	0	3.9397	0	11.3783	0	0	0	2.81558	7.66507	6.92557	10.40344	9.65635	4.46249	0	9.69888	10.46818	8.88258	9.28518	8.23427	11.57125	8.87206	4.36028	9.92849	10.44538	7.67577	8.28104	10.30595	7.74595	5.71169	3.26067	8.91496	4.26932	12.32403	9.44446	0	10.70264	0	0	0	0	0	0	0	0	11.54796	0	0	0	0	0	0	0	0	0	0	0	0	0	0	0	0	0	0	0	0	0	0	0	0	0	0	
9.41605	0	0	0	0	0	0	0	5.80253	0	0	0	11.8344	0	0	0	0	0	0	0	0	0	0	0	13.15642	0	0	8.37041	0	0	0	0	2.96255	0	9.50957	9.56584	0	5.53294	11.18249	6.25303	8.73749	8.38051	4.31086	10.55318	10.89708	10.20583	7.18727	8.37671	4.84815	0	9.38768	7.23462	9.58266	5.37337	13.65058	12.73655	9.85291	4.23296	0	10.46512	9.90098	3.53232	0	4.33489	0	8.60529	0	0	0	0	7.58791	0	0	0	0	0	0	0	0	0	0	0	4.80956	0	0	16.32366	0	0	0	0	0	0	0	0	0	0	0	0	0	0	
0	0	0	8.57419	0	0	0	0	0	0	0	0	0	0	0	0	0	0	7.97966	0	0	9.76863	0	3.62352	9.11337	7.48831	0	0	9.12754	10.21827	10.92315	0	9.76426	0	0	4.71658	0	9.3932	10.04406	8.44956	7.35983	6.03136	8.49107	8.73265	9.36129	10.0833	7.30045	9.64255	9.489	8.32131	9.86016	7.03516	12.47937	6.83688	5.56849	7.76489	0	1.76616	4.58755	6.88611	15.76209	3.3837	8.64664	0	0	0	0	0	0	5.3713	0	0	4.79715	0	10.64292	8.60808	12.11685	1.86493	0	15.00085	0	0	0	0	0	0	0	0	0	0	0	0	0	0	0	0	0	0	0	0	
9.74598	0	0	0	12.18825	5.75848	0	0	0	0	0	0	0	0	0	0	0	7.61872	0	0	0	0	0	0	8.55549	0	9.04487	10.86864	0	11.89771	10.1505	0	0	0	10.58524	5.9578	6.96932	10.74607	11.7358	6.93986	5.96877	9.66769	9.63868	8.27987	9.21608	8.55829	9.39053	8.44573	6.49719	9.4638	4.5645	10.70369	16.20438	8.73674	8.6058	8.77697	9.18685	3.4604	3.74442	7.4879	10.95421	0	6.54474	13.75461	14.19721	13.14936	9.64624	0	0	0	0	0	0	0	6.5982	0	0	0	0	0	0	0	0	0	0	0	0	0	0	0	0	0	0	0	0	1.70708	0	0	0	0	
0	0	0	0	0	0	0	0	5.55628	0	8.0594	0	0	0	0	0	1.70708	9.57872	9.69892	6.88756	10.4106	9.64926	0	0	0	13.4249	0	8.46283	6.1243	10.25305	0	9.31021	10.59584	7.86366	9.14941	11.93088	6.30989	9.48524	9.00715	7.4581	8.33614	7.70921	3.51252	7.66454	9.67648	7.08372	7.50191	8.36062	7.56529	6.87101	7.71848	9.90549	6.84095	7.37182	4.76309	5.96946	9.19047	8.69212	0	3.27538	6.11894	3.79025	8.23704	0	7.52763	10.30262	0	0	0	0	0	9.53534	0	0	4.96348	0	0	0	10.90108	0	0	0	0	0	0	7.20058	0	0	0	0	0	0	0	0	0	0	0	0	0	0	
0	10.97275	0	0	1.09255	7.97317	0	0	0	0	0	0	0	0	2.46728	10.99987	0	10.15567	10.42709	0	9.19507	0	2.2555	0	0	0	0	0	9.38276	10.17323	7.56093	0	8.90477	3.54914	10.27783	7.00973	8.39839	7.97419	8.24795	8.13545	8.84667	7.0202	6.37696	7.75875	7.64653	5.24837	8.94198	8.57354	8.17218	7.41149	6.53171	7.73735	8.41762	4.63335	8.61915	5.41977	2.0072	7.76991	6.69604	3.2044	0	9.76988	0	13.84384	11.90767	2.89093	5.35161	3.82909	0	0	0	0	0	0	0	8.0716	0	0	0	0	8.59922	0	0	0	0	0	0	0	0	0	0	0	0	0	0	0	0	0	0	0	
0	11.77518	8.85035	0	7.96406	0	0	0	0	0	8.53802	0	0	0	11.29513	11.21904	0	8.07564	0	0	3.9397	5.21879	8.64505	8.6413	6.90129	8.61782	0	2.996	5.96654	6.12014	10.27915	9.57301	10.76823	9.83437	11.19278	5.21563	7.69599	8.50599	6.20506	7.53056	4.84354	6.75683	7.8863	6.04791	6.38372	5.73153	6.99821	6.71994	8.21609	8.37116	7.88046	9.15692	7.48995	6.97304	6.2083	6.92275	7.98496	5.12185	7.63418	8.06348	0	7.73896	7.84295	9.58633	3.16683	0	3.15826	0	0	0	0	6.49897	0	12.95469	8.61643	0	9.43111	0	2.2555	0	0	0	0	5.67322	0	2.51583	0	0	0	0	0	0	0	0	0	0	0	0	0	0	
0	0	0	0	0	0	0	0	7.36157	0	6.32008	4.71658	0	0	0	0	0	0	9.5302	0	1.86493	0	0	0	0	3.27538	10.45368	0	0	10.96078	2.85825	3.86691	5.8767	8.8276	9.98208	8.13936	7.3236	8.99377	7.12714	8.05237	5.14613	8.03489	8.29518	6.66922	6.15699	8.12739	6.15165	7.6327	8.11675	8.76579	7.81258	6.06931	4.71914	6.22803	8.337	8.02543	7.77996	5.80563	8.15803	5.87036	10.45495	5.6605	11.82454	6.37958	0	9.10943	0	8.47565	0	0	0	0	0	0	0	0	0	0	0	0	0	3.62352	0	0	0	0	0	5.0581	1.70708	16.58073	0	0	0	0	0	0	0	0	0	0	
0	0	0	0	0	0	0	0	9.84701	9.68112	6.78002	2.0072	0	11.2884	0	0	0	0	4.16892	4.55994	0	0	0.46205	8.02043	5.60185	12.3219	4.19889	9.86924	3.38386	8.91955	0	8.81851	5.32747	3.86748	7.05229	8.93369	7.50347	4.35455	11.79277	4.73696	7.14399	6.76923	7.03227	8.06731	7.20436	6.22436	7.54415	7.22771	7.30863	8.58037	7.49024	6.13898	6.26542	6.25457	6.88565	7.45947	6.09052	6.66132	9.95411	7.70623	6.9942	7.89938	8.2341	9.14688	6.41322	9.55733	9.01203	0	0	0	0	0	0	6.10748	10.76874	0	0	0	13.99745	0	0	0	0	0	0	0	0	0	4.51697	0	5.06459	0	0	0	0	0	0	0	0	0	
0	0	10.177	5.07612	0	2.89093	0	1.09255	9.04746	0	0	0	0	0	0	0	0	6.4084	0	0	0	0	0	10.7521	0	11.74947	0	9.09716	7.42316	7.75897	0	9.03175	0	8.74004	4.39918	7.53263	5.516	5.4225	2.758	10.85851	6.06104	8.60114	5.92805	7.30807	6.06182	6.82085	6.11308	8.32279	7.53507	7.60278	6.18744	7.05102	6.83004	6.61092	6.92483	6.13535	7.36523	8.20785	7.4808	6.17805	8.4085	9.42177	1.63769	14.38904	6.33653	0	0	3.34816	3.03078	9.81714	8.77832	0	7.80559	0	1.48128	0	7.42979	0	0	0	0	0	7.11261	0	0	0	0	0	0	0	0	0	0	0	0	0	0	0	0	0	
0	0	0	0	0	0	0	0	0.46205	0	11.47177	7.44833	8.50044	0	9.29208	0	0	6.06744	0	5.76096	0	0	0	0	0	0	2.81558	3.57864	3.32125	0	8.32528	7.12071	4.5622	6.08389	4.57709	7.51529	8.44137	5.83813	5.84638	7.15776	8.29543	5.57094	4.55308	5.40134	6.81073	6.88312	4.59273	7.13292	6.38595	6.02676	5.79714	8.58669	8.82461	5.93262	4.27693	6.53009	6.22225	7.09223	9.03761	8.754	6.07481	5.95205	7.23674	6.63392	0	5.81156	8.37041	4.60792	0	0	10.01538	0	3.08054	0	0	13.36044	0	0	0	0	0	0	0	0	0	0	0	0	6.97172	0	0	0	0	0	0	0	0	0	0	0	
0	0	0	0	0	0	0	0	0	11.01547	0	0	11.50194	0	0	0	0	0	0	0	0	0	0	8.84013	0	0	8.23266	0	0	5.04593	6.65496	0	0	7.33548	6.36041	6.14645	5.29011	0.81147	0	7.09698	4.04407	5.01492	2.02533	4.96299	9.73502	6.86918	6.96377	7.80532	7.13385	4.30084	6.66006	7.08246	6.02478	6.68148	8.16247	5.44479	5.47097	7.31246	3.58119	4.82328	6.61154	7.12412	5.0844	7.01334	5.89036	3.29434	5.81999	6.70124	6.47826	0	0	3.43496	0	3.53232	0	5.09677	6.88295	0	0	0	0	0	0	0	4.85475	0	0	0	0	0	0	13.39695	0	0	0	0	6.84556	0	0	0	
0	0	0	0	0	0	0	0	0	0	0	7.17066	0	0	0	0	0	9.11842	10.64394	0	0	0	0	10.46247	0	0	0	4.96348	0	0	0	0	2.03755	7.17989	5.39773	0	4.76091	8.45729	0	7.52916	6.32319	8.07219	6.58766	2.631	0	8.27728	4.6365	3.30699	6.65695	5.86336	7.39794	11.32609	7.76858	4.14813	6.0891	5.56986	6.43048	7.42715	6.72081	7.65934	5.1628	4.99425	0	7.25531	13.92886	0	4.54951	5.12826	13.6791	6.50563	0	0	0	0.81147	0	9.65434	0	7.1857	0	0	0	3.97236	0	0	0	0	0	0	0	0	0	0	0	0	0	0	0	0	0	0	
0	0	0	0	3.50729	0	0	0	0	0	7.86052	0	4.91014	0	0	9.81955	0	0	5.8767	0	4.21228	3.33056	0	0	0	5.50922	5.6994	0	0	6.5393	0	8.4031	9.66779	0	0	4.73715	9.31107	1.52982	14.40235	9.8262	0.66385	8.49791	4.92587	5.60185	4.6431	4.87756	11.58211	3.13367	6.69989	7.79282	5.90255	7.05554	7.50519	4.82137	4.97033	6.59274	5.78379	6.16046	6.20981	7.49244	5.30155	6.37012	5.99442	2.15587	8.4213	0	6.0719	10.94208	0	6.04287	8.30912	10.87667	10.01416	9.89849	8.18315	0	5.95912	0	0	0	5.54466	0	0	1.52982	0	13.92353	0	0	0	0.81147	0	0	0	0	0	0	0	0	0	0	
0	0	0	0	0	0	0	0	0	0	0	3.15826	6.96333	0	0	11.97266	0	0	0	1.09255	0.81147	0	0.81147	0	0	0	0	0	0	5.90406	1.52982	4.18915	0	0	0	10.34971	0	0	0	2.0072	4.2571	2.71289	5.87952	5.07369	5.88256	4.80113	4.73357	6.84956	5.70286	2.82716	0	0	6.70137	10.69662	0.46205	5.72966	7.61366	5.42605	5.11762	4.61846	6.96014	5.64762	7.73017	5.84655	4.79273	3.74502	8.98542	7.43196	0	9.05734	0	8.61566	7.70567	8.21229	7.80071	0	4.19889	0	3.62352	0	0	0	0	0	0	0	0	0	0	0	0	0	0	0	0	0	0	0	0	0	
0	0	0	11.57909	0	0	0	0	0	0	0	0	0	0	0	0	1.32769	0	0	0	0	0	4.96348	0	0	0	7.25544	5.68762	6.55252	6.88756	0	0	1.32769	0	0	9.92837	0	0.46205	0	4.72613	4.61354	0	1.09255	0	5.91003	11.18108	7.24379	7.00669	5.35043	3.92556	4.8554	4.09274	6.81137	7.78759	6.39416	5.09558	8.19476	5.04483	5.13417	6.68106	6.21432	6.85142	5.82616	7.87801	7.36056	9.28786	6.26665	2.56255	10.51552	6.5428	4.35663	9.26417	3.13379	3.62207	6.67811	0	12.70623	0	5.31487	8.57276	1.09255	1.86493	4.73715	0	0	0	0	0	0	0	0	0	0	0	0	0	0	3.75034	0	12.55344	
0	0	5.25888	0	0	0	0	0	0	0	0	0	0	0	0	0	0	0	0	0	6.26449	0	0	0	0	7.64888	0	9.18919	0	12.10329	0	9.74344	9.70023	0	9.67314	0	0	7.59927	5.28084	0	10.79626	0	0	6.9062	10.05688	9.25958	0.76491	4.15346	0.46205	7.12178	2.36527	10.40819	6.4443	5.42018	6.90372	7.02322	0	5.17148	5.89252	5.49535	2.12147	4.77911	5.26006	0.42451	3.33549	2.6093	4.30251	0	9.47759	2.66035	3.64598	5.57879	5.1767	10.42454	3.86691	0	6.40193	0	6.00707	1.52982	0	4.62085	0	0	0	0	0	0	1.96735	0	0	0	0	0	0	0	5.8296	0	0	0	
0	0	0	0	4.39284	0	0	0	0	0	0	0	6.66949	0	0	0	0	0	0	0	0	7.81045	0	0	0	0	0	5.21336	0	0	0	4.73715	7.13623	0	0	0	8.67357	0	3.09592	5.8296	0	0	6.6755	0	4.8358	0	4.09107	5.01492	5.6994	4.41077	5.79077	3.2046	7.70477	3.35148	5.40836	3.26161	0	5.02374	5.27783	5.89727	5.24427	7.27531	7.08678	4.29244	4.48045	7.84492	6.49917	1.87174	6.65441	5.91663	5.27074	0	0	6.42592	0	7.33732	12.65202	4.32517	0	0	0	0	0	0	4.49298	3.27538	0	0	0	0	0	0	0	0	0	0	7.96883	0	0	0	
0	0	0	0	0	0	0	0	0	0	0	0	16.36158	0	0	0	7.66507	0	0	0	0	0	0	0	14.09389	0	0	0	0	0	0	0	0	0	7.59074	7.54773	0	4.44378	0	0	0	0	0	3.66704	0	11.18778	7.37148	8.86444	0	3.67971	0	12.88375	11.36039	6.94626	0	7.61872	0	6.2089	0	5.98233	7.2176	0	4.78215	5.84863	3.56212	5.23297	5.79358	5.27776	7.64888	9.17296	10.40718	4.99627	5.31264	0.81147	7.57042	4.99636	6.36991	12.43441	0	0	5.21879	0	8.49119	0	7.27015	14.01687	5.60185	5.49722	2.56255	0	2.07211	0	0	11.73948	0	0	0	0	0	0	
0	0	0	0	0	0	0	0	0	0	0	0	0	0	0	0	0	0	0	0	5.77892	0	0	0	0	0	0	0	0	3.43496	0	0	0	0	9.5929	0	0	0	0	0	8.47053	0	10.10217	9.99791	3.34752	0	0	3.33056	5.43563	4.14463	9.09803	0	0	5.52821	2.7291	5.95779	0	0	6.42712	8.13797	9.19971	5.57647	0.46205	5.49646	6.17162	6.8809	3.19509	7.19636	5.38991	10.17862	9.49348	7.23479	5.09902	5.25385	2.3798	0	2.11412	0	9.18958	0	0	0	1.70708	0	0	0	7.25265	0	0	0	0	0	0	0	0	0	0	0	0	0	
0	0	0	0	7.34492	0	0	0	0	0	0	2.65191	0	4.34003	0	0	0	0	0	0	0	0	0	0	0	0	0	0	0	0	0	0	0	0	0	0	0	0	0	7.65305	0	0	10.49755	0	4.00924	0	2.09092	0	0	0	2.96255	0	0	0	9.03298	0	0	0	0	5.14374	5.50567	0.46205	6.36495	6.08246	5.49089	0	1.12775	6.79124	9.34101	5.00444	7.41452	7.50501	6.95791	5.52475	0	0	5.61264	4.13832	4.84471	4.25701	2.89093	8.00955	0.46205	0	0.46205	0	5.31769	12.2804	0	4.2753	0	0	0	0	0	0	0	0	0	0	
0	0	0	0	0	0	0	0	0	0	0	0	0	0	0	0	0	5.90866	0	0	0	5.8674	8.1523	0	0	0	7.95353	0	0	0	0	0	0	5.02104	4.55268	0	0	0	0	0	0	0	0	0	0	0	0	0	0	0	0	0	0	0	0	7.2214	9.06731	7.99974	4.04243	0.81147	0	3.66322	4.21617	0	6.96059	8.04872	5.6591	6.35254	4.68207	4.14272	3.97078	4.66559	6.8858	6.63818	7.60301	2.09759	4.54031	0	6.31325	4.38203	0	0	6.02086	0	5.76096	7.41911	4.54056	0	0	8.7029	0	0	0	0	0	0	9.02437	0	0	0	
0	0	0	0	0	0	0	0	6.39694	0	0	0	0	0	0	0	0	0	0	0	0	0	0	0	0	0	0	0.46205	0	3.09592	0	0	0	0	0	0	0	0	0	9.80144	0	0	0	0	0	5.53294	0	2.56255	4.69572	0	0	10.80298	0	0	0	0	0	0	5.86071	0	9.18364	0	7.52556	8.33212	8.39586	6.18024	4.99819	0	0	6.1947	7.36039	1.52982	9.08006	8.18882	7.14549	10.70819	1.76616	0	0	8.48138	5.22935	8.28237	8.83612	5.8954	3.5305	0	0	0	0	0	9.73196	0	8.40959	0	0	0	0	0	0	0	
0	0	0	0	0	0	0	0	0	0	0	0	0	3.90376	0	0	0	0	0	2.13668	0	0	0	0	0	2.73025	0	0	0	0	0	0	0	0	4.71658	0	0	4.78104	0	0	9.87975	0	0	8.52033	6.52912	0	0	0	0	0	6.53501	6.30638	0	0	10.83941	0	0	0	0	6.50075	3.87199	0	5.02896	9.34077	5.04822	4.39272	6.69437	4.60911	0	4.3583	6.58659	0	5.24068	6.84799	8.51438	8.97898	3.00048	4.23298	5.82218	2.66692	0	8.47867	0	5.6181	0.7773	0	0	9.67314	2.23763	0	4.96348	0	0	6.62052	0	0	0	0	5.6336	0	
0	0	0	0	0	0	0	13.98289	0	0	0	0	0	0	0	0	0	0	0	0	0	0	0	0	0	0	0	0	9.2702	0	0	0	0	0	10.85773	0	0	0	0	0	0	6.24372	0	0	0	0	5.09272	0	0	0	0	0	9.25156	0	0	0	3.76985	12.00151	0	2.86388	6.97885	0	0	5.82552	0	5.43563	0	7.90012	5.94094	13.45368	11.62468	4.07285	10.44186	5.3464	7.18943	5.72962	5.40707	2.2555	5.9481	8.20096	5.19605	6.46749	4.54802	0	4.27362	0	0.46205	2.4015	0	0	7.27982	8.16401	0	0	0	0	9.07196	0	0	0	
0	0	0	0	0	0	0	0	0	0	0	0	0	0	0	0	0	0	0	0	0	0	0	0	0	0	0	0	0	0	0	0	0	0	0	0	0	5.19928	0	0	0	0	0	0	0	0	0	0	0	3.79025	0	3.99343	0	1.3294	0	0	2.81558	5.95786	0	0	0	0	5.59059	8.78641	6.15411	5.67338	0	0	7.84673	9.79116	0	0.46205	5.19276	7.82663	6.18467	4.79723	0	3.64883	7.36987	3.60893	3.11907	7.33484	3.03078	0	0	0	3.19335	0	0	0	0	0	4.68684	3.34056	4.98083	0	0	0	0	0	
0	0	0	0	0	0	0	6.08359	0	0	0	0	0	0	0	0	0	0	0	0	0	0	0	0	0	0	0	0	0	0	0	0	0	0	0	0	0	3.45552	0	5.48511	0	0	0	0	0	0	0	0	0	0	3.99996	0	0	12.50563	6.78348	0	0	10.02423	11.21217	11.36556	0	2.36527	0	6.48134	9.11295	9.92639	0	0	5.6615	4.47111	7.33756	3.2932	5.28526	5.2149	0	7.82466	5.39	0	7.81438	4.98585	7.78909	7.77607	4.1438	4.58014	2.4083	0	0	2.75377	0	0	7.18943	0	0	0	0	3.16699	0	0	0	0	
0	0	0	0	0	0	0	0	0	0	0	0	0	0	0	0	0	0	0	0	0	0	0	0	0	10.70067	0	0	0	0	0	0	0	0	0	0	0	4.92814	0	0	0	0	0	0	7.67843	0	0	0	9.48607	0	0	0	0	0	0	0.46205	0	0	0	0	0	0	7.40491	0	0	5.71684	7.11079	5.38947	0	6.37249	4.05542	0	4.96571	0	8.68949	5.15222	0.81147	6.97724	5.06419	6.13951	2.37518	0	3.26209	0	10.38313	6.70349	0	0	0	0	9.62567	0	0	0	0	0	0	1.32769	0	0	
0	0	0	0	0	0	0	0	0	0	0	0	8.05531	0	0	0	0	0	0	0	0	0	0	0	0	0	0	0	0	0	0	0	0	0	0	0	0	0	0	0	0	0	0	0	0	0	0	10.58984	0	0	2.2555	0	15.32616	0	0	0	0	0	0	2.67008	0	0	0	4.64241	2.81558	11.46543	9.37472	0	0.81147	0	0	11.03922	0	0	0	3.1307	4.68089	8.30094	4.52357	3.58034	0	6.59225	5.96679	1.71338	3.84575	2.11412	3.90054	0	8.03884	0	0	0	0	6.76772	0	0	0	0	0	0	
0	0	0	0	0	0	0	0	0	0	0	0	0	0	0	0	0	0	0	0	0	0	0	0	0	0	0	0	0	0	0	0	9.08405	0	0	0	0	0	0	0	4.75743	0	0	0	0	0	0	0	0	0	0	0	0	0	0	0	2.38884	0	0	0	10.38118	0	0	6.01582	0	3.75034	0	0	5.32693	0	0	0	9.81895	0	0	2.96255	0	0	10.08978	8.80431	5.7911	5.90425	9.79952	0	2.89093	0	0	0	1.09255	2.0072	5.18629	4.74472	4.19111	0	0	0	0	0	0	0	
0	0	0	0	0	0	0	4.35894	0	0	0	0	0	0	0	0	0	0	0	0	0	0	0	0	0	0	0	1.52982	0	0	0	0	0	0	0	0	0	0	0	0	0	0	0	0	0	0	0	0	0	0	0	0	0	0	0	0	0	0	0	0	0	0	0	0	0	0	0	0	0	0	2.631	2.12928	8.16163	10.52405	0	7.05664	7.35494	0	8.46139	8.25392	0	4.46176	0	7.79336	0.81147	7.74704	0	9.87802	0	0	0	6.83605	0	0	0	11.47215	0	0	0	0	
0	0	0	0	0	0	0	0	0	0	0	0	0	0	0	0	0	0	0	0	7.15927	0	0	0	0	0	0	0	0	0	0.46205	0	0	0	0	0	0	0	0	0	0	0	0	0	0	0	0	0	0	0	0	0	0	0	0	0	0	0	0	8.58274	0	0	0	0	6.18438	7.92244	9.63734	5.81434	0	0	0	0	0	0	0	0	6.18272	0	0	0	3.23446	0	0	0	1.78864	0	6.75704	3.92468	6.02625	0	9.15455	4.60911	7.38783	7.31787	0	6.70124	0	0	0	0	
0	0	0	0	0	0	0	0	0	0	0	0	0	0	0	0	0	0	0	0	0	0	0	0	0	0	0	0	0	0	0	0	0	0	0	0	0	0	0	0	0	0	0	0	0	0	0	0	4.51697	0	0	0	0	0	0	0	0	0	0	0	0	0	0	0	0	0	0	0	0	2.46728	8.33205	8.39973	5.50725	0	10.80603	5.31769	0	8.93401	8.87027	0	0	7.50639	7.01092	0	5.0548	0	0.46205	0	0	4.00569	0	0.95201	1.36803	0	1.32769	0	0	0	0	0	
0	0	0	0	0	0	0	0	0	0	0	0	0	0	0	4.9179	0	0	0	0	0	0	0	0	0	0	0	0	0	0	0	0	0	0	6.13874	0	0	0	0	0	0	0	0	0	0	0	0	0	0	0	0	0	0	0	0	0	0	0	0	0	0	0	0	0	0	0	0	2.65191	0	0	0	0	0	6.76272	0	0	0	3.1428	0	0	0	1.09255	0	0	4.31632	0	4.64403	4.3863	6.83605	9.84394	8.07968	0	10.00429	0	0	0	0	0	0	0	
0	0	0	0	0	0	0	0	0	0	0	0	0	0	0	0	0	0	0	0	0	0	0	0	0	0	0	0	0	0	0	0	0	0	0	0	0	0	0	0	0	0	0	0	0	0	0	0	10.10663	0	0	0	0	0	0	0	0	0	0	3.53232	0	0	0	0	0	4.17522	0	0	0	0	0	5.52113	0	0	0	0	0	13.99145	0	5.26772	7.66507	0	0	10.26461	0	0	0	0	0	0	0	0	0	0	0	0	0	0	0	0	
0	0	0	0	0	0	0	0	0	0	0	0	0	0	0	0	0	0	0	0	0	0	0	0	0	0	0	0	0	0	0	0	0	0	0	0	0	0	0	0	0	0	0	0	0	0	0	0	0	0	0	0	0	0	0	2.16443	0	0	8.98542	0	0	0	0	0	11.99538	0	0	0	0	0	0	0	0	1.86493	0	0	3.62352	0	0	0	3.08595	5.87155	3.22798	6.46154	0	0	0	7.72551	8.99271	0	2.2555	5.24774	11.31494	0	0	0	0	0	0	0	
0	0	0	0	0	0	0	0	0	0	0	0	0	0	0	0	0	0	0	0	0	0	0	0	0	0	0	0	0	0	0	0	0	0	0	0	0	0	0	0	0	0	0	0	0	0	0	0	0	0	0	0	0	0	0	0	0	0	0	0	0	0	0	0	0	0	0	0	0	0	0	0	0	0	0	0	0	0	0	0	0	0	0	0	0	0	0	0	0	0	0	8.39973	0	0	0	0	0	0	0	0	
0	0	0	0	0	0	0	0	0	0	0	0	0	0	0	0	0	0	0	0	0	0	0	0	0	0	0	0	0	0	0	0	0	0	0	0	0	0	0	0	0	0	0	0	0	0	0	0	0	0	0	0	0	0	0	0	0	0	0	0	0	0	0	0	0	0	0	0	0	0	7.35846	0	0	0	0	0	0.46205	0	0	7.80071	0	0	0	10.54717	0	0	0	0	0	0	2.0045	12.47151	0	0	0	0	0	0	0	0	
0	0	0	0	0	0	0	0	0	0	0	0	0	0	0	0	0	0	0	0	0	0	0	0	0	0	0	0	0	0	0	0	0	0	0	0	0	0	0	0	0	0	0	0	0	0	0	0	0	0	0	0	0	0	0	0	0	0	0	1.32769	0	0	0	0	0	0	0	0	0	0	4.00899	0	0	0	0	0	0	0	0	0	0	0	0	0	0	0	0.46205	0	0	0	0	0	0	0	0	0	0	0	0	0	
0	0	0	0	0	0	0	0	0	0	0	0	0	0	0	0	0	0	0	0	0	0	0	0	0	0	0	0	0	0	0	0	0	0	0	0	0	0	0	0	0	0	0	0	0	0	0	0	0	0	0	0	0	0	0	0	0	0	0	0	0	0	0	0	0	0	0	0	0	6.9982	0	0	0	0	0	0	0	0	3.27538	0	0	0	0	0	0	0	0	0	8.78518	1.52982	0	0	0	0	0	0	0	0	0	0	
0	0	0	0	0	0	0	0	0	0	0	0	0	0	0	0	0	0	0	0	0	0	0	0	0	0	0	0	0	0	0	0	0	0	0	0	0	0	0	0	0	0	0	0	0	0	0	0	0	0	0	0	0	0	0	0	0	0	0	0	0	0	0	0	0	0	0	0	0	0	0	0	0	0	0	0	0	0	0	0	0	0	0	0	0	0	0.46205	0	0	0	0	0	0	0	0	0	0	0	0	0	
0	0	0	0	0	0	0	0	0	0	0	0	0	0	0	0	0	0	0	0	0	0	0	0	0	0	0	0	0	0	0	0	0	0	0	0	0	0	0	0	0	0	0	0	0	0	0	0	0	0	0	0	0	0	0	0	0	0	7.91343	0	0	0	0	0	0	0	0	0	0	0	0	0	0	0	0	4.49298	0	0	0	0	0	0	0	0	0	0	0	0	0	0	0	0	0	0	0	0	0	0	0	0	
0	0	0	0	0	0	0	0	0	0	0	0	0	0	0	0	0	0	0	0	0	0	0	0	0	0	0	0	0	0	0	0	3.33056	0	0	0	0	0	0	0	0	0	0	0	0	0	0	0	0	0	0	0	0	0	0	0	0	0	0	0	0	0	0.81147	0	0	0	0	0	0	0	0	0	0	0	0	5.06459	0	0	0	0	0	0	0	0	0	0	0	0	0	0	0	0	0	0	0	0	0	0	0	0	
0	0	0	0	0	0	0	0	0	0	0	0	0	0	0	0	0	0	0	0	0	0	0	0	0	0	0	0	0	0	0	0	0	0	0	0	0	0	0	0	0	0	0	0	0	0	0	0	0	0	0	0	0	0	0	0	0	0	0	0	0	0	0	0	0	0	0	0	0	0	0	0	0	0	0	0	0	0	0	0	0	0	0	0	0	0	0	0	0	0	0	0	0	0	0	0	0	0	0	0	
0	0	0	0	0	0	0	0	0	0	0	0	0	0	0	0	0	0	0	0	0	0	0	0	0	0	0	0	0	0	0	0	0	0	0	0	0	0	0	0	0	0	0	0	0	0	0	0	0	0	0	0	0	0	0	0	0	0	0	0	0	0	0	0	0	0	0	0	0	0	0	0	0	0	0	0	0	0	0	0	0	0	0	0	0	0	0	0	0	0	0	0	0	0	0	0	0	0	0	0	
0	0	0	0	0	0	0	0	0	0	0	0	0	0	0	0	0	0	0	0	0	0	0	0	0	0	0	0	0	0	0	0	0	0	0	0	0	0	0	0	0	0	0	0	0	0	0	0	0	0	0	0	0	0	0	0	0	0	0	0	0	0	0	0	0	0	0	0	0	0	0	0	0	0	0	0	0	0	0	0	0	0	0	0	0	0	0	0	0	0	0	0	0	0	0	0	0	0	0	0	
0	0	0	0	0	0	0	0	0	0	0	0	0	0	0	0	0	0	0	0	0	0	0	0	0	0	0	0	0	0	0	0	0	0	0	0	0	0	0	0	0	0	0	0	0	0	0	0	0	0	0	0	0	0	0	0	0	0	0	0	0	0	0	0	0	0	0	0	0	0	0	0	0	0	0	0	0	0	0	0	0	0	0	0	0	0	0	0	0	0	0	0	0	0	0	0	0	0	0	0	
0	0	0	0	0	0	0	0	0	0	0	0	0	0	0	0	0	0	0	0	0	0	0	0	0	0	0	0	0	0	0	0	0	0	0	0	0	0	0	0	0	0	0	0	0	0	0	0	0	0	0	0	0	0	0	0	0	0	0	0	0	0	0	0	0	0	0	0	0	0	0	0	0	0	0	0	0	0	0	0	0	2.2555	0	0	0	0	0	0	0	0	0	0	0	0	0	0	0	0	0	0	
0	0	0	0	0	0	0	0	0	0	0	0	0	0	0	0	0	0	0	0	0	0	0	0	0	0	0	0	0	0	0	0	0	0	0	0	0	0	0	0	0	0	0	0	0	0	0	11.4248	0	0	0	0	0	0	0	0	0	0	0	0	0	0	0	0	0	0	0	0	0	0	0	0	0	0	9.78193	0	0	0	0	0	0	0	0	0	0	0	0	0	0	0	0	0	0	0	0	0	0	0	0	0	
