0	0	0	0	0	0	0	0	0	0	0	0	0	0	0	0	0	0	0	0	0	0	0	0	0	0	0	0	0	0	0	0	0	0	0	0	0	0	0	0	0	0	0	0	0	0	0	0	0	0	0	9.77123	0	0	0	0	0	0	0	0	0	0	0	0	0	0	0	0	0	0	0	0	0	0	0	0	0	0	0	0	0	0	0	0	0	0	0	0	0	0	0	0	0	0	0	0	0	0	0	0	
0	0	0	0	0	0	0	0	0	0	0	0	0	0	0	0	0	0	0	0	0	0	0	0	0	0	0	0	0	0	0	0	0	0	0	0	0	0	0	0	0	0	0	0	0	0	0	12.88011	0	0	0	0	0	0	0	0	0	0	0	0	0	0	0	13.20349	0	0	0	0	0	0	0	0	0	0	0	0	0	0	0	0	0	0	0	0	0	0	0	0	0	0	0	0	0	0	0	0	0	0	0	0	
0	0	0	0	0	0	0	0	0	0	0	0	0	0	0	0	0	0	0	0	0	0	0	0	0	0	0	0	0	0	0	0	0	0	0	0	0	0	0	0	0	0	0	0	0	0	0	0	0	0	0	0	0	0	8.62035	0	0	0	0	0	0	0	0	0	0	0	0	0	0	0	0	0	0	0	0	0	0	0	0	0	0	0	0	0	0	0	0	0	0	0	0	0	0	0	0	0	0	0	0	0	
0	0	0	0	0	0	0	0	0	0	0	0	0	0	0	0	0	0	0	0	0	0	0	0	0	0	0	0	0	0	0	0	0	0	0	0	0	0	0	0	0	0	0	0	0	0	11.78645	11.0565	0	0	0	0	0	0	0	0	0	0	0	0	0	0	0	0	0	0	0	0	0	0	0	0	0	0	0	0	0	0	0	0	0	0	0	0	0	0	0	0	0	0	0	0	0	0	0	0	0	0	0	0	
0	0	0	0	0	0	0	0	0	0	0	0	0	0	0	0	0	0	0	0	0	0	0	0	0	0	0	0	0	0	0	0	0	0	0	0	0	8.05732	0	0	0	0	0	12.80615	0	0	0	0	0	0	0	0	0	0	0	0	0	0	0	0	0	0	0	0	0	0	0	0	0	0	0	0	0	0	0	0	0	0	0	0	0	0	0	0	0	0	0	0	0	0	0	0	0	0	0	0	0	0	0	0	
0	0	0	0	0	0	0	0	0	0	0	0	0	0	0	0	0	0	0	0	0	0	0	0	0	0	0	0	0	0	0	0	0	0	0	0	0	0	0	0	0	0	0	0	0	0	0	0	0	0	0	0	0	0	0	0	0	0	0	0	0	0	0	0	0	0	0	0	0	0	0	0	8.36311	0	0	0	0	0	0	0	0	0	0	0	0	0	0	0	0	0	0	0	0	0	0	0	0	0	0	0	
0	0	0	0	0	0	0	0	0	0	0	0	0	0	0	0	0	0	0	0	0	0	0	0	0	0	0	0	0	0	0	0	0	0	0	0	0	0	0	0	0	0	0	0	0	0	0	0	0	0	0	0	0	0	0	0	0	0	0	0	0	0	0	0	0	0	0	0	0	0	0	0	0	0	10.35754	0	0	0	0	0	0	0	0	0	0	0	0	0	0	0	0	0	0	0	0	0	0	0	0	0	
0	0	0	0	0	0	0	0	0	0	0	0	0	0	0	0	0	0	0	0	0	0	0	0	0	0	0	0	0	0	0	0	0	0	0	0	0	0	0	0	0	0	0	0	0	0	0	0	0	0	0	8.35484	0	0	0	13.60532	0	0	14.51965	0	0	0	0	0	0	0	0	0	0	0	0	0	0	0	0	0	0	0	0	0	0	0	0	0	0	0	0	0	0	0	0	0	0	0	0	0	0	0	0	0	
0	0	0	0	0	0	0	0	0	0	0	0	0	0	0	0	0	0	0	0	0	0	0	0	0	0	0	0	0.75796	0	0	0	0	0	0	0	0	0	0	0	0	0	0	0	0	0	0	0	0	0	0	0	0	0	0	0	0	0	0	0	0	0	0	0	0	0	0	11.36032	0	0	0	0	0	0	0	0	0	0	0	0	0	0	0	0	0	0	0	0	0	0	0	0	0	0	0	0	0	0	0	0	
0	0	0	0	0	0	0	0	0	0	0	0	0	0	0	0	0	0	0	0	0	0	0	0	0	0	0	0	0	0	0	0	0	0	0	0	0	0	0	0	0	0	0	0	0	0	0	0	0	0	0	0	0	0	0	7.69309	0	0	0	0	0	0	0	0	0	0	0	0	0	0	0	0	0	0	0	0	0	0	0	0	0	0	0	0	0	0	0	0	0	0	0	0	0	0	0	0	0	0	0	0	
0	0	0	0	0	0	0	0	0	0	0	0	0	0	0	0	0	0	0	0	0	0	0	0	0	0	0	0	0	0	0	0	0	0	0	0	0	0	0	0	0	0	0	0	0	0	0	0	0	0	0	0	0	0	0	0	0	0	0	0	0	0	0	0	0	0	0	11.04882	0	0	0	0	0	0	0	0	0	0	0	0	0	0	0	0	0	0	0	0	0	0	0	0	0	0	0	0	0	0	0	0	
0	0	0	0	0	0	0	0	0	0	0	0	0	0	0	0	0	0	0	0	0	0	0	0	0	0	0	0	0	0	0	0	0	0	0	0	0	0	0	0	0	0	0	0	0	0	0	0	0	0	0	0	4.97305	0	0	0	8.25958	0	0	0	0	0	0	0	0	0	0	0	0	0	0	8.93545	0	0	0	0	0	0	0	0	0	0	0	0	0	0	0	0	0	0	0	0	0	0	0	0	0	0	0	0	
0	0	0	0	0	0	0	0	0	0	0	0	0	0	0	0	0	0	0	0	0	0	0	0	0	0	0	0	0	0	0	0	0	0	0	0	0	0	0	0	0	0	0	0	0	0	0	0	13.19086	0	0	0	13.06945	0	0	0	0	0	0	0	0	0	0	0	0	0	0	6.84585	0	0	0	0	0	0	0	0	0	0	0	0	0	0	0	0	0	0	0	0	0	0	0	0	0	0	0	0	0	0	0	0	
0	0	0	0	0	0	0	0	0	0	0	0	0	0	0	0	0	0	0	0	0	0	0	0	0	0	0	0	0	0	12.62719	0	0	0	0	0	0	0	0	4.44179	0	0	0	0	0	0	0	8.50982	0	0	0	0	0	0	0	0	0	4.69372	2.54538	0	11.34477	0	0	9.61852	0	0	0	0	0	0	0	0	0	0	0	0	0	0	0	0	0	0	0	0	0	0	0	0	0	0	0	0	0	0	0	0	0	0	0	0	
0	0	0	0	0	0	0	0	0	0	0	0	0	0	0	0	0	0	0	0	0	0	0	0	0	0	0	0	0	0	0	0	0	0	0	0	0	0	0	0	0	0	0	0	0	0	0	0	0	0	0	0	0	0	6.51767	0	0	0	0	0	0	0	0	0	0	0	0	0	0	0	0	0	0	0	0	0	0	0	0	0	0	0	0	0	0	0	0	0	0	0	0	0	0	0	0	0	0	0	0	0	
0	0	0	0	0	0	0	0	0	0	0	0	0	0	0	0	0	0	0	0	0	0	0	0	0	0	0	0	0	0	0	0	0	0	0	0	0	0	0	0	0	0	15.86679	0	0	0	0	0	0	0	0	0	8.7441	0	0	0	0	0	0	4.19197	0	0	0	0	0	0	0	0	0	0	0	5.7969	0	0	0	0	0	0	0	0	0	0	0	0	0	0	0	0	0	0	0	0	0	0	0	0	0	0	0	0	
0	0	0	0	0	0	0	0	0	0	0	0	0	0	0	0	0	0	0	0	0	0	0	0	0	0	0	0	0	0	0	0	0	0	0	0	0	0	0	0	0	0	0	8.36243	0	0	0	10.72866	0	0	0	9.09614	0	0	0	0	0	0	11.08836	0	0	0	0	0	0	0	0	0	0	0	0	0	0	0	0	0	0	0	0	0	0	0	0	0	0	0	0	0	0	0	0	0	0	0	0	0	0	0	0	0	
0	0	0	0	0	0	0	0	0	0	0	0	0	0	0	0	0	0	0	0	0	0	0	0	0	0	0	0	0	0	0	0	0	0	0	0	0	0	0	0	0	0	10.6465	0	0	0	0	0	0	0	0	0	0	0	0	8.77629	0	0	0	0	0	0	0	0	0	0	0.75796	0	2.36359	0	0	0	0	0	0	0	0	0	0	0	0	0	0	0	0	0	0	0	0	0	0	0	0	0	0	0	0	0	0	0	
0	0	0	0	0	0	0	0	0	0	0	0	0	0	0	0	0	0	0	0	0	0	0	0	0	0	0	0	0	0	0	0	0	0	0	0	0	0	0	0	14.53682	0	0	0	0	0	0	0	0	0	0	0	0	0	0	0	0	0	0	0	0	0	0	0	0	0	0	0	0	0	0	0	0	0	0	0	0	0	0	0	0	0	0	0	0	0	0	0	0	0	0	0	0	0	0	0	0	0	0	0	
0	0	0	0	0	0	0	0	0	0	0	0	0	0	0	0	0	0	0	0	0	0	0	0	0	0	0	0	0	0	0	0	0	0	0	0	0	0	0	0	0	0	0	0	0	0	0	8.40489	0	0	8.20687	0	0	0	0	0	0	0	0	0	0	0	0	0	0	0	0	0	0	0	0	0	0	0	0	0	8.14447	0	0	0	0	0	0	0	0	0	0	0	0	0	0	0	0	0	0	0	0	0	0	0	
0	0	0	0	0	0	0	0	0	0	0	0	0	0	0	0	0	0	0	0	0	0	0	0	0	0	0	0	0	0	0	0	0	0	0	0	0	0	0	0	0	0	0	0	0	0	0	11.35889	0	0	10.03627	10.53803	0	0	0	0	8.30634	0	8.44549	0	8.9108	0	0	0	0	12.27095	0	0	0	0	0	0	0	0	0	0	0	0	0	0	0	0	0	0	0	0	0	0	0	0	0	0	0	0	0	0	0	0	0	0	
0	0	0	0	0	0	0	0	0	0	0	0	0	0	0	0	0	0	0	0	0	0	0	0	0	0	0	0	0	0	0	0	0	0	0	0	0	0	0	0	0	10.57901	0	0	0	0	0	0	0	0	0	0	0	0	0	0	0	0	0	0	0	0	0	0	0	0	0	0	13.28826	0	0	0	0	0	0	0	0	0	0	0	0	0	0	0	0	0	0	0	0	0	0	0	0	0	0	0	0	0	0	0	
0	0	0	0	0	0	0	0	0	0	0	0	0	0	0	0	0	0	0	0	0	0	0	0	0	0	0	0	0	0	0	2.36359	13.50186	0	0	0	0	0	0	0	0	0	0	0	0	0	0	7.7027	0	0	0	0	0	0	0	0	0	0	0	0	0	0	0	1.25229	0	0	0	0.75796	0	0	0	0	0	0	0	0	0	0	0	0	0	0	0	0	0	0	0	0	0	0	0	0	0	0	0	0	0	0	0	0	
0	0	0	0	0	0	0	0	0	0	0	0	0	0	0	0	0	0	0	0	0	0	0	0	0	0	0	0	0	0	0	8.53154	0	0	7.50282	0	0	0	0	0	0	0	0	0	0	0	0	0	0	0	0	0	0	0	0	0	0	0	0	0	0	0	0	0	0	0	0	0	0	0	0	0	0	0	0	0	0	0	0	0	0	0	0	0	0	0	0	0	0	0	0	0	0	0	0	0	0	0	0	0	
0	0	0	0	0	0	0	0	0	0	0	0	0	0	0	0	0	0	0	0	0	0	0	0	0	0	0	0	0	0	0	0	0	0	0	0	0	0	0	0	0	0	0	10.80926	0	0	0	0	0	16.1604	0	0	0	0	9.35484	0	0	0	0	0	0	0	0	0	0	0	0	0	0	0	0	0	0	0	0	0	0	0	0	9.82592	0	0	0	0	0	0	0	0	0	0	0	0	0	0	0	0	0	0	0	0	
0	0	0	0	0	0	0	0	0	0	0	0	0	0	0	0	0	0	0	0	0	0	0	0	0	0	0	0	0	0	0	0	7.7027	0	0	0	0	0	0	0	0	0	0	0	0	0	0	2.98384	0	0	6.36062	7.55846	0	0	0	0	0	0	8.80778	0	0	0	0	0	0	0	0	0	0	0	1.25229	0	0	0	0	0	0	0	0	0	0	0	0	0	0	6.25583	0	0	0	0	0	0	0	0	0	0	0	0	0	0	
0	0	0	0	0	0	0	0	0	0	0	0	0	0	0	0	0	0	0	0	0	0	0	0	0	0	0	0	0	0	0	0	0	0	0	0	0	0	0	10.2054	0	0	0	0	16.78382	0	10.20033	0	0	0	0	0	0	0	0	0	0	0	0	0	0	0	0	0	0	0	0	0	0	5.6054	0	0	0	0	0	0	0	0	0	0	0	0	0	0	0	0	0	0	0	0	0	0	0	0	0	0	0	0	0	0	
0	0	0	0	0	0	0	0	0	0	0	0	0	0	0	0	0	0	0	0	0	0	0	0	0	0	0	0	0	0	0	0	0	0	0	7.583	0	0	0	0	0	0	0	0	0	0	0	8.72538	0	0	0	0	0	5.20392	0	0	0	0	0	0	9.57081	0	0	0	0	0	0	0	0	0	0	0	0	0	0	0	0	0	0	0	0	0	0	0	0	0	0	0	0	0	0	0	0	0	9.379	0	0	0	0	0	
0	0	0	0	0	0	0	0	0	0	0	0	0	0	0	0	0	0	0	0	0	0	0	0	0	0	0	0	0	0	0	0	0	0	0	0	0	0	0	0	0	15.6866	0	0	0	0	0	0	0	0	0	0	0	0	0	0	0	0	0	0	0	0	0	0	0	0	0	11.86687	0	0	0	7.59337	0	0	0	0	0	0	0	0	0	0	0	0	0	0	0	0	0	0	0	0	0	0	0	0	0	0	0	0	
0	0	0	0	0	0	0	0	0	0	0	0	0	0	0	0	0	0	0	0	0	0	0	0	0	0	0	0	0	0	0	0	0	0	0	0	0	0	0	0	7.71698	0	0	0	10.28747	0	0	5.06973	0	0	19.99356	11.16062	0	0	0	9.36243	0	0	8.54761	0	13.23113	0	0	0	0	0	0	0	3.41619	0	0	0	0	0	0	0	0	0	0	0	0	0	0	0	0	0	0	0	0	0	0	0	0	0	0	3.50669	0	0	0	0	
0	0	0	0	0	0	0	0	0	0	0	0	0	0	0	0	0	0	0	0	0	0	0	0	0	0	0	0	0	0	0	0	0	0	0	0	0	0	0	0	0	0	0	0	16.44127	0	0	0	0	0	0	0	7.04018	0	0	0	0	6.91358	0	0	0	4.39517	0	0	0	0	0	0	0	0	0	0	0	0	0	0	0	0	0	0	0	0	0	0	0	0	0	0	0	0	0	0	0	0	0	0	0	0	0	0	
0	0	0	0	0	0	0	0	0	0	0	0	0	0	0	0	0	0	0	0	0	0	0	0	0	0	0	0	0	0	0	0	0	0	0	0	0	0	0	0	0	0	0	11.01501	0	0	13.09121	0	0	0	9.74242	0	0	0	0	0	0	0	0	9.29737	0	0	0	0	8.82327	0	0	3.67224	0	0	0	0	8.78987	0	0	0	11.59282	0	0	0	0	0	0	0	0	0	0	0	0	0	0	0	0	0	0	0	0	0	0	0	
0	0	0	0	0	0	0	0	0	0	0	0	0	0	0	0	0	0	0	0	0	0	0	0	0	0	0	0	0	0	0	0	0	0	0	0	0	0	0	0	0	0	0	0	0	1.91238	0	11.39784	10.76353	0	0	11.06055	2.36359	0	0	7.90343	0	0	0	0	0	0	0	0	0	0	15.58619	14.20082	0	0	0	0	0	10.78404	0	0	0	0	0	0	0	0	0	0	0	0	0	0	0	0	0	0	0	0	0	0	0	0	0	0	
0	0	0	0	0	0	0	0	0	0	0	0	0	0	0	0	0	0	0	0	0	0	0	0	0	0	0	0	0	0	0	0	0	0	0	0	0	16.84111	0	0	0	0	0	0	0	0	0	0	2.98384	0	0	4.83358	0	0	6.67099	0	11.72091	0	0	10.16255	0	4.01827	0	0	0	0	0	0	0	0	0	0	0	0	6.22124	1.91238	0	0	0	0	0	0	0	0	0	0	0	0	0	0	0	0	0	0	0	0	0	0	0	0	
0	0	0	0	0	0	0	0	0	0	0	0	0	0	0	0	0	0	0	0	0	0	0	0	0	0	0	0	0	0	0	0	0	0	0	0	0	0	0	0	0	0	14.51212	0	0	11.32509	0	12.53121	0	0	11.84047	0	13.99377	0	10.1148	0	0	0	0	0	0	0	0	10.17036	0	0	0	0	0	0	16.2777	0	0	0	0	0	0	0	2.15555	0	0	0	0	0	0	0	0	0	0	0	0	0	0	0	0	0	0	0	0	0	
0	0	0	0	0	0	0	0	0	0	0	0	0	0	0	0	0	0	0	0	0	0	0	0	0	0	0	0	0	0	0	0	0	0	0	0	0	0	0	0	0	0	0	0	0	0	0	7.65403	9.6324	0	0	12.01899	0	0	0	0	0	0	0	0	0	0	0	0	12.67234	0	0	0	0	0	0	0	0	0	0	0	0	0	0	0	0	0	0	0	0	0	0	0	0	0	6.56967	0	0	0	0	0	0	0	0	0	
0	0	0	0	0	0	0	0	0	0	0	0	0	0	0	0	0	0	0	0	0	0	0	0	0	0	0	0	0	0	0	0	0	0	0	0	0	0	0	0	0	0	0	0	0	0	0	11.26559	0	0	0	0	7.77276	18.25923	0	0	0	0	11.51401	9.87362	0	0	0	0	0	0	0	0	0	0	0	0	0	0	0	0	0	0	0	0	0	0	0	0	0	0	0	0	0	0	0	0	0	0	0	0	0	0	8.23329	0	
0	0	0	0	0	0	0	0	0	0	0	0	0	0	0	0	0	0	0	0	0	0	0	0	0	0	0	0	0	0	0	0	0	0	0	0	0	0	0	0	0	0	8.56087	0	0	0	0	0	0	8.51863	0	7.9765	0	9.24739	0	0	0	0	0	0	0	0	0	0	14.29236	0	0	0	0	0	0	0	0	0	0	0	17.06075	0	0	0	0	0	0	0	0	0	0	0	0	0	0	0	0	0	0	0	0	0	0	0	
0	0	0	0	0	0	0	0	0	0	0	0	10.31513	0	0	0	0	0	0	0	0	0	0	0	0	0	0	0	0	0	9.82388	0	0	0	0	0	0	0	0	0	0	0	8.08909	0	0	0	0	5.52107	0	0	11.47797	0	0	15.74722	15.35773	0	10.93048	0	0	0	0	0	0	10.52523	7.80877	10.09214	0	0	0	0	0	0	0	0	0	0	0	0	0	0	0	0	0	0	0	0	0	0	0	0	0	0	0	0	0	0	0	0	0	0	
0	0	0	0	0	0	0	0	0	0	0	0	0	0	0	0	0	0	0	0	0	0	0	0	0	0	0	0	0	0	0	0	0	0	0	0	0	0	0	0	0	0	0	0	0	10.8168	9.28783	0	0.75796	7.57257	4.39517	7.56795	8.41297	0	9.82388	7.03708	0	0	0	0	11.84914	0	0	0	0	0	0	0	0	6.21369	0	0	0	0	0	0	8.11909	0	0	0	0	0	0	0	0	0	0	0	0	0	0	0	0	0	0	0	0	0	0	0	
0	0	0	0	0	0	0	0	0	0	0	0	0	0	0	10.32293	0	0	0	0	0	0	0	0	0	0	0	0	0	0	0	0	0	0	0	6.15968	11.42057	0	0	0	0	0	0	0	0	12.70541	8.14344	10.23383	5.77886	9.3472	0	0	12.27559	0	10.62393	0	0	0	0	7.64409	0	9.20578	0	9.34567	0	10.16255	0	0	10.57379	0	7.55146	0	0	0	0	12.06504	0	12.1297	0	2.36359	0	0	0	0	0	0	0	0	0	0	5.47698	0	0	0	0	0	0	0	0	0	
0	0	0	0	0	0	0	0	0	0	0	0	0	0	0	0	0	0	0	0	0	0	0	0	0	0	11.64169	0	0	0	0	3.31963	0	0	5.25997	0	0	0	0	0	11.477	0	0	0	0	0	0	0	12.88936	2.41497	2.15555	10.40169	8.49054	0	9.29895	0	8.1303	0	3.69783	0	16.68789	10.38016	0	0	0	8.96568	0	0	0	0	0	0	0	7.16353	0	0	0	0	0	0	0	0	0	0	0	0	0	0	0	0	0	0	0	0	0	0	11.2128	0	0	0	
0	0	0	0	0	0	0	0	0	0	0	0	0	0	0	0	0	0	0	9.99973	0	0	0	0	0	0	0	0	0	0	0	0	0	0	0	0	0	0	0	0	0	0	0	13.8367	0	0	15.72759	14.07562	10.35221	0	6.44932	7.07641	10.82638	0	0	0	13.75432	0	0	6.16825	6.63657	0	0	12.18578	0	8.69923	0	7.33389	0	0	0	0	0	0	0	0	0	0	0	0	0	0	0	0	0	0	0	0	0	0	6.01781	0	0	0	0	0	0	0	0	0	
0	0	0	0	0	0	0	0	0	0	0	0	8.71829	0	0	0	0	0	0	9.09893	0	0	0	0	0	0	0	0	0	0	0	0	0	13.46955	0	0	0	0	0	0	0	11.10013	12.07391	0	9.10203	0	0	3.68197	10.91322	0	2.98384	7.83956	7.86732	4.33814	10.11513	14.72607	5.20502	12.12529	9.43057	0	0	0	0	0	13.62763	0	0	0	0	0	0	0	0	0	0	0	0	0	10.1582	0	0	0	0	0	0	0	0	0	0	0	0	0	0	0	0	0	0	0	0	0	
0	0	0	0	0	0	0	0	0	0	0	0	0	0	0	0	0	0	0	0	0	0	0	14.97941	0	0	0	0	0	0	0	0	0	0	0	0	0	0	11.84698	0	0	0	8.66297	9.34414	19.85054	0	11.26304	6.39155	0	7.45181	8.89414	6.59404	0	0	0	0	0	9.4249	14.22211	9.40276	9.96523	0	0	0	7.6688	0	0	0	0	0	0	0	0	0	0	0	0	0	0	0	0	0	0	0	0	0	0	0	0	0	0	0	0	0	0	0	0	0	0	0	
0	0	8.13386	0	0	0	0	0	0	0	0	0	0	0	0	0	0	0	0	0	0	0	0	0	0	0	0	0	0	0	0	0	0	0	0	0	0	0	0	0	10.17987	0	0	0	0	9.7459	0	7.51827	10.02387	11.34929	0	8.08696	9.97319	9.28157	0	12.61913	0	0	15.40758	0	10.12958	0	9.20747	10.58422	0	0	0	0	0	0	0	7.42677	0	0	0	0	4.19197	0	0	0	0	0	0	0	0	0	0	0	0	0	0	0	0	0	0	0	0	0	0	0	
0	0	0	0	0	0	0	0	0	0	0	10.26171	0	0	0	0	0	0	0	0	0	0	0	0	0	0	0	0	0	0	0	0	6.86309	0	0	0	0	8.97707	14.48439	8.39604	4.48695	7.82205	0	0	11.64381	7.99515	11.16077	6.84049	11.11765	0	12.56866	0	3.83519	7.81895	0	11.14039	9.14475	7.83388	0	0	0	0	0	0	0	0	0	7.81321	0	0	0	0	11.99843	0	0	4.53074	0	0	10.74332	0	0	0	0	0	0	0	0	0	0	0	0	0	0	0	0	6.43782	0	0	0	0	
0	0	0	0	0	0	0	0	0	0	0	0	0	0	0	0	0	0	0	0	0	0	0	0	0	0	0	0	0	0	0	0	0	0	6.96237	12.20521	0	0	0	7.07017	0	12.23003	0	11.73596	14.90634	9.30541	7.06161	8.01086	9.20945	10.61899	12.01058	10.53534	1.51899	9.87825	0	0	8.18488	0	0	9.54936	8.69923	0	17.45314	0	0	0	0	0	0	0	0	0	0	0	0	0	0	0	5.49919	0	0	0	0	0	0	0	0	12.91537	0	0	0	0	0	0	0	0	0	0	0	0	
0	0	0	0	0	0	0	0	10.55734	0	10.17554	0	0	0	0	0	0	0	0	0	0	0	0	0	0	0	11.07031	0	0	0	0	0	0	0	0	19.61049	0	12.03832	11.15582	0	7.8897	8.1124	0	5.68508	1.61979	12.0351	5.7802	7.93983	8.28622	9.34295	0	5.91606	5.96594	0	0	0	6.43924	4.13636	0	0	0	0	0	0	0	0	16.12769	0	0	0	0	0	0	0	0	0	0	0	0	0	0	0	0	0	0	0	0	0	0	0	0	0	0	0	0	0	0	0	0	0	
0	0	0	0	0	0	0	0	0	0	0	13.32477	0	0	15.48181	0	0	0	0	0	0	0	0	0	0	0	0	0	0	0	0	10.27465	0	0	7.81321	0	11.55123	0	0	10.72415	5.64579	0	9.63423	9.66403	10.8709	7.32922	11.169	9.77353	4.39042	10.949	12.38967	9.43979	10.31402	7.11568	0	4.84013	9.62863	0	0	6.43787	13.496	10.67353	0	12.13015	0	0	0	0	0	0	0	0	0	0.75796	0	6.45585	0	0	0	0	0	0	0	4.69372	0	0	0	0	0	0	0	0	0	0	0	0	0	0	0	0	
0	0	0	0	0	0	0	0	0	0	0	0	14.93385	0	0	0	0	0	0	0	0	0	0	0	0	0	0	0	0	10.1512	0	0	7.25122	0	5.23372	0	10.90232	0	12.79875	10.85842	11.0547	12.33584	8.0853	9.23361	8.69268	6.31361	10.63454	10.61817	3.31963	9.37887	7.41657	11.70488	12.42103	9.88132	7.31332	13.39166	11.29564	0	0	8.24976	8.13386	0	0	0	0	8.79437	0	0	0	0	0	0	0	9.63817	0	0	0	0	0	0	10.33704	0	0	0	0	0	0	0	0	0	0	0	0	0	0	0	0	0	0	0	
0	0	0	0	0	0	0	12.73452	0	0	0	9.89157	0	0	0	0	0	0	0	0	0	0	0	0	0	0	0	9.2523	0	0	8.26928	0	12.50782	0	0	0	3.50669	6.82841	9.65935	11.3022	10.53772	6.3242	0	10.36822	10.59125	8.81266	9.83327	8.30807	11.04791	8.76124	4.97246	9.41533	11.28688	8.76028	8.88356	10.55746	9.15247	4.91414	4.75529	8.84077	5.13628	11.94177	7.89507	0	9.58516	0	0	0	0	0	0	0	0	11.79574	0	0	0	0	0	0	0	0	0	0	0	0	0	0	0	0	0	0	0	0	0	0	0	0	0	0	
12.78116	0	0	0	0	0	0	0	7.01596	0	0	0	10.69121	0	0	0	0	0	0	0	0	0	0	0	12.97417	0	0	7.65897	0	0	0	0	4.07852	0	11.13408	9.09893	0	5.49919	10.78259	6.87421	10.45948	9.06581	5.91422	10.11311	11.3732	10.24652	8.0906	9.67906	6.40444	3.06341	10.10297	7.90005	10.3034	4.91821	12.17222	11.93262	11.74028	5.7239	0	10.24312	2.7068	1.61979	0	6.5896	0	9.91241	0	0	0	0	1.25229	0	0	0	0	0	0	0	0	0	0	0	6.882	0	0	14.04907	0	0	0	0	0	0	0	0	0	0	0	0	0	0	
0	0	0	10.19863	0	0	0	0	0	0	0	0	0	0	0	0	0	0	8.09792	0	0	10.73691	0	5.70433	10.4364	7.56732	0	0	9.91654	8.1303	12.41071	0	14.14567	0	0	17.9346	0	9.7615	10.27723	9.37642	7.84969	6.07425	8.85653	9.13281	10.51856	10.12409	8.38052	11.27511	11.15139	7.71057	9.68781	7.61597	11.42236	7.54053	5.40591	8.94443	0	3.99417	5.42322	8.381	12.49354	4.07852	10.33918	0	0	0	0	0	0	7.1068	0	0	5.47698	0	9.05673	7.45816	13.10926	3.19779	0	12.17676	0	0	0	0	0	0	0	0	0	0	0	0	0	0	0	0	0	0	0	0	
9.43192	0	0	0	11.23613	5.893	0	0	0	0	0	0	0	0	0	0	0	9.15422	0	0	0	0	0	0	9.06396	0	8.42158	9.93596	0	14.69012	10.16299	0	0	0	10.71809	8.18956	6.00267	9.99039	11.39414	7.66587	6.70732	8.98835	9.47273	8.92279	8.97276	8.66515	9.71	9.22687	7.2085	11.11059	4.41726	10.5607	15.26174	7.02846	9.373	9.85094	9.47539	3.03732	5.26907	7.76443	13.29015	0	7.5871	12.84285	12.69672	11.82379	10.27436	0	0	0	0	0	0	0	8.88573	0	0	0	0	0	0	0	0	0	0	0	0	0	0	0	0	0	0	0	0	0.75796	0	0	0	0	
0	0	0	0	0	0	0	0	7.14252	0	7.83084	0	0	0	0	0	7.83084	11.48285	9.3745	6.95435	13.08606	10.72532	0	0	0	13.42217	0	10.27787	6.06504	10.62898	0	9.7319	10.558	8.8908	8.23829	9.88449	6.60683	9.61382	9.07571	7.35892	8.72072	7.48554	4.77052	7.76632	9.44072	7.64003	8.37602	8.67236	8.43421	7.07107	7.36264	10.35232	7.33172	7.73522	6.34335	6.44459	7.96063	8.71355	0	6.02837	6.89914	6.51621	10.17047	0	8.50785	10.74274	0	0	0	0	0	9.10256	0	0	6.75647	0	0	0	10.52591	0	0	0	0	0	0	7.34005	0	0	0	0	0	0	0	0	0	5.4315	0	0	0	0	
0	10.12108	0	0	1.91238	9.66593	0	0	0	0	0	0	0	0	3.21614	9.77806	0	10.60421	10.41101	0	3.95539	0	3.41619	0	0	0	0	0	9.42271	8.85806	7.47661	0	10.20033	4.8847	9.68664	6.83636	9.50014	10.11396	8.77701	8.03828	9.29493	7.26631	7.59263	7.49282	8.04685	6.9734	9.96995	9.2834	8.24054	7.71758	7.56967	8.97103	8.10381	7.60986	8.84202	7.98569	5.25997	7.73301	7.87849	5.87107	0	9.29007	0	12.01466	10.88554	3.10466	6.87828	9.73307	0	0	0	0	0	0	0	10.90232	0	0	0	0	7.38579	0	0	0	0	0	0	0	0	0	0	0	0	0	0	0	0	0	0	0	
0	10.82418	10.22553	0	9.09543	0	0	0	0	0	9.32872	0	0	0	9.55896	13.17434	0	9.36243	0	0	6.49426	9.31156	8.96241	9.2209	7.86117	8.28215	0	4.59386	6.41468	8.46892	13.30707	9.88631	10.11727	10.45482	10.9046	5.42301	7.79073	8.83332	7.68368	7.35662	5.52895	7.92939	7.9912	6.75721	6.72888	6.59316	9.41302	7.66629	8.7418	8.55427	8.05592	9.49868	8.18129	7.69079	7.13538	6.97592	7.5556	6.71273	8.38639	8.69923	0	7.65611	9.36149	10.57881	3.32067	1.25229	2.54538	0	0	0	0	6.55733	0	16.02915	8.94964	0	9.2342	0	13.88837	0	0	0	0	5.07604	0	1.91038	0	0	0	0	0	0	0	0	0	0	0	0	0	0	
0	0	0	0	0	0	0	0	7.78637	0	8.36008	6.47196	0	0	0	0	0	0	9.95823	0	4.90812	0	0	0	0	8.51528	11.50378	0	1.61979	9.52011	3.02437	7.75901	7.90758	9.70397	10.125	8.69426	7.46474	9.07647	7.3888	8.66371	5.2957	7.71772	8.73772	7.65543	7.47248	8.05313	6.43988	7.4914	8.88002	8.84916	7.69905	7.67444	6.03072	7.42468	7.63276	9.14801	8.35313	8.96467	9.57865	6.74301	8.80185	5.29796	10.83165	6.00616	0	10.66201	0	9.61913	0	0	0	0	0	0	0	0	0	0	0.75796	0	0	8.00783	0	0	0	0	0	7.95153	4.44179	14.46827	0	0	0	0	0	0	0	0	0	0	
0	0	0	0	0	0	0	0	10.51095	9.99872	0	1.25229	0	11.86767	0	0	0	5.76058	8.57401	7.06013	0	0	0	8.6696	8.41661	5.12363	4.61453	9.81266	6.40535	9.45943	0	7.7951	5.36846	5.7689	5.28006	7.90162	8.94116	5.66639	11.12982	4.8994	8.14517	7.63093	8.9223	8.03529	7.39164	7.95016	7.93474	7.41604	6.98113	9.41527	7.46624	6.93852	5.90014	5.76852	7.39013	8.01585	5.87242	7.30147	9.68301	7.45574	6.84642	8.77833	9.3938	11.65967	4.82556	9.71223	9.74474	0	0	0	0	0	0	9.03764	10.12197	0	0	0	15.11359	0	0	0	0	0	0	0	0	0	9.32872	0	3.59185	0	0	0	0	0	0	0	0	0	
0	0	11.64106	8.16261	0	6.25415	0	3.31963	5.00445	0	0	0	0	0	0	0	0	6.5101	0	0	0	0	0	12.09548	0	8.6726	0	9.14618	9.32716	8.77738	0	10.10548	0	10.38836	5.2011	8.35421	6.3258	6.67587	1.85839	10.74127	7.83976	8.83289	7.19159	8.60569	6.93496	6.19223	6.22882	8.35245	7.66107	7.28081	7.50528	7.57758	8.02549	7.84159	8.51444	6.30851	7.57534	9.05195	8.87101	7.16315	8.73276	8.3948	5.0925	11.58115	5.27818	0	0	8.27902	2.54538	17.66406	3.86213	0	9.91758	0	2.7496	0	8.82293	0	0	0	0	0	4.45644	0	0	0	0	0	0	0	0	0	0	0	0	0	0	0	0	0	
0	0	0	0	0	0	0	0	0	0	10.49238	9.08981	9.81983	0	11.59055	0	0	6.94629	0	5.25997	0	0	0	0	0	0	6.20093	4.53074	5.05405	0	8.61273	8.21198	5.69004	8.21851	5.32082	7.27785	9.21963	7.25801	8.0494	8.47385	8.34304	5.93675	6.36968	6.22921	7.7643	7.94715	5.48598	6.08912	6.97939	6.06423	7.18583	8.7917	9.12938	6.96349	6.18423	6.64962	7.93096	8.05681	9.42085	8.50996	9.55329	5.93923	8.97603	8.42448	0	5.64718	9.46192	5.07195	0	0	8.99919	0	6.66719	1.58234	0	13.57083	0	0	0	0	0	0	0	0	0	0	0	0	6.57937	0	0	0	0	0	0	0	0	0	0	0	
0	0	0	0	0	0	0	0	0	11.20395	0	0	10.39208	0	0	0	0	0	0	0	0	0	0	9.35706	0	0	7.90763	0	0	4.58055	7.52887	0	0	8.61501	7.54614	6.69043	8.20991	2.54538	0.75796	7.86117	5.1165	7.00956	4.06581	5.19762	10.08059	8.79878	6.48777	8.39575	7.43244	4.2844	6.53691	8.85535	6.67333	6.9617	8.48504	7.06552	6.98527	7.19126	4.41314	6.47716	6.44624	5.51412	4.03375	9.43794	6.85416	5.11132	7.53543	8.7441	5.52405	0	0	7.69309	0	7.18425	0	8.50159	9.83265	0	0	0	0	0	0	0	5.81472	0	0	1.91238	0	0	0	13.82822	0	0	0	0	9.08063	0	0	0	
0	0	0	0	0	0	0	0	0	0	0	10.86645	0	0	0	0	0	9.01968	9.70229	0	0	0	0	4.84013	0	0	0	7.19109	0	0	0	0	6.14885	6.45586	7.49709	0	5.19014	9.19199	0	6.31787	7.14524	7.97537	7.4992	2.99875	0	10.10771	5.97207	5.32973	7.58385	5.81555	8.29979	11.6746	8.02182	5.12032	6.68003	7.04562	7.30152	7.32481	7.89787	9.08941	6.65369	6.19206	0	7.46751	9.73807	0	6.23474	6.93003	15.40756	8.26158	0	0	0	1.91238	0	10.47708	0	8.40194	0	0	0	6.11895	0	0	0	0	0	0	0	0	0	0	0	0	0	0	0	0	0	0	
0	0	0	0	4.43815	0	0	0	0	0	7.94852	0	2.36359	0	0	9.93805	0	0	7.34005	0	6.02085	5.3111	0	0	0	7.05525	5.12363	0	0	6.31938	0	9.45098	12.2412	0	0	8.89832	9.37149	0.75796	14.29747	9.83693	3.12969	8.21997	6.32649	7.91173	5.23795	5.45116	11.61205	4.52521	8.66677	8.08565	7.70195	6.30068	8.02591	8.95292	5.41834	7.19484	6.64314	7.21996	6.06795	7.22475	6.08448	7.09966	6.12163	3.7558	9.0636	0	6.98486	12.24622	0	5.66557	9.16976	11.01645	8.6893	12.48759	8.56973	0	6.12973	0	0	0	6.13152	0	0	0	0	10.97743	0	0	0	0	0	0	0	0	0	0	0	0	0	0	
0	0	0	0	0	0	0	0	0	0	0	5.3111	8.65893	0	0	7.57779	0	0	0	0.75796	0.75796	0	2.15555	0	0	0	0	0	0	5.72734	1.25229	5.07846	0	0	0	11.57299	0	0	0	4.65466	2.16845	5.06927	6.78593	5.05991	7.47209	5.88374	5.42228	8.04483	6.49339	3.54336	0	0	7.22073	9.92898	5.36047	7.66296	7.36908	6.44561	6.97451	6.38019	8.93133	7.86833	9.31861	6.05902	5.92936	4.97767	5.83233	7.65473	0	9.90364	0	11.04524	8.07415	9.32561	12.47457	0	2.85196	0	6.98615	0	0	0	0	0	0	0	0	0	0	0	0	0	0	0	0	0	0	0	0	0	
0	0	0	11.27004	0	0	0	0	0	0	0	0	0	0	0	0	3.10466	0	0	0	0	0	7.62401	0	0	0	7.31901	8.86763	8.57401	9.13661	0	0	1.61979	0	0	10.09586	0	2.85196	4.19197	4.83112	4.97437	0	1.91238	0	2.44811	10.28428	6.61768	7.42952	4.83786	5.58474	5.92056	6.08622	7.4502	8.41504	8.2359	8.4206	8.64005	6.62265	7.15391	6.47802	6.95765	8.00461	7.63267	8.15914	8.24043	8.79481	7.18713	3.67224	9.19229	7.43312	4.86946	9.9683	4.98709	6.11906	6.95018	0	11.76942	5.76058	7.46118	8.94357	0	5.06527	1.91238	0	0	0	0	0	0	0	0	0	0	0	0	0	0	12.32559	0	12.83836	
0	0	8.94488	0	0	0	0	0	0	0	0	0	0	0	0	0	0	0	0	0	8.63798	0	0	0	0	9.29895	0	8.92059	0	11.15056	0	9.96424	8.27573	0	7.77731	0	0	6.78316	6.5911	0	6.70005	0	0	8.5861	11.18395	9.90723	0	5.3631	4.19197	9.51525	6.77679	8.80109	7.19397	5.3338	7.06548	8.3672	1.61979	5.88372	7.96226	6.52406	2.95435	5.73649	6.61233	1.63144	4.47354	8.35637	5.43115	0	9.51548	3.85431	4.36651	7.41961	6.96623	10.16961	0	0	5.71986	0	7.151	5.84972	0	5.20146	0	0	0	0	0	0	4.34208	0	0	0	0	0	0	0	5.74207	0	0	0	
0	0	0	0	5.99749	0	0	0	0	0	0	0	8.03088	0	0	0	0	0	0	0	1.61979	7.82205	0	0	0	0	0	8.21186	0	0	0	3.95539	8.43976	0	0	0	6.54852	0	3.50669	6.994	0	0	5.78189	0	6.42632	0	3.25127	7.59337	6.88011	7.43648	7.46382	4.7696	11.64449	4.26409	7.88145	2.90573	0	6.27382	6.9857	0.95619	7.22741	8.58442	8.53786	5.55911	5.65666	8.68899	8.32987	1.70362	7.22071	6.62991	7.50388	0	0	8.0649	0	7.64638	12.60555	5.71411	0	0	0	0	0	0	6.66117	9.79499	0	0	0	0	0	0	0	0	0	0	7.41791	0	0	0	
0	0	0	0	0	0	0	0	9.29419	0	0	0	14.51553	0	0	0	8.116	1.61979	0	0	0	0	0	0	13.87234	0	0	0	0	0	0	0	0	0	7.49731	8.75106	0	6.80185	0	0	0	0	7.62906	8.07592	0	11.71423	9.54034	10.45025	0	4.7581	0	12.0137	9.12416	7.02073	0	4.94095	0	8.47597	0	6.0322	7.42218	3.41619	5.92098	5.23372	4.26698	6.98447	6.80231	4.57448	8.4512	8.23556	9.35543	3.91534	8.94932	5.40821	7.87877	5.76107	9.5389	10.24538	0	0	6.55913	0	9.58222	0	7.53978	10.78742	7.85688	6.36716	6.22778	0	1.68325	0	0	11.33879	0	0	0	0	0	0	
0	0	0	0	0	0	0	0	0	0	0	0	0	0	0	0	0	0	0	0	5.72645	0	0	0	0	0	0	0	0	5.40821	0	0	0	0	6.86309	0	0	0	0	0	8.66033	0	9.78032	9.52282	4.42313	0	0	3.21614	5.74207	5.16925	7.65897	0	0	1.49192	2.8833	6.22111	0	0	4.61569	8.25647	10.27626	7.96755	5.71003	6.47202	6.4932	6.41197	3.7306	7.04328	6.86895	9.54744	9.24721	7.12445	4.21038	6.05323	4.14173	0	4.57411	0	9.97069	0	0	0	2.54538	0	0	0	7.45861	0	0	0	0	0	0	0	0	0	0	0	0	0	
0	0	0	0	7.60365	0	0	0	0	0	0	2.36359	0	6.42632	0	0	0	0	0	0	0	0	0	0	0	0	0	0	0	0	0	0	0	0	0	0	0	0	0	8.85148	0	0	7.30895	0	4.40389	0	1.65982	0	0	0	0.75796	0	0	0	9.70468	0	0	0	0	8.71117	8.49982	0	6.19716	7.52255	6.98614	0	1.42598	6.43172	9.01703	7.47673	7.73263	9.29698	8.59829	4.90892	0	0	6.08607	5.54262	7.89993	5.74207	3.50669	8.09062	0.75796	0	5.38453	0	3.21614	10.89066	0	5.8837	0	0	0	0	6.88855	0	0	0	0	0	
0	0	0	0	0	0	0	0	0	0	0	0	0	0	0	0	0	6.83666	0	0	0	5.20697	9.82498	0	0	0	7.94043	0	0	0	0	0	0	6.77093	5.29569	0	0	0	0	0	0	0	0	0	0	0	0	0	0	0	0	0	0	0	0	8.27092	9.86563	8.68815	6.70005	3.21614	0	4.86667	6.59259	0	7.74378	8.50444	5.29822	7.16276	5.47553	5.01362	7.61486	5.74452	7.31312	8.28765	7.79048	5.79244	4.58699	0	8.76717	5.22665	0	0	5.95461	0	5.09475	8.45102	0	5.38453	0	10.35196	0	0	0	0	0	0	8.11283	0	0	0	
0	0	0	0	0	0	0	0	6.75822	0	0	0	0	0	0	0	0	0	0	0	0	0	0	0	0	0	0	7.88245	0	0	0	0	0	0	0	0	0	0	0	9.38607	0	0	0	0	0	6.81076	0	6.75647	7.64907	0	0	9.45057	0	0	0	0	0	0	7.34087	0	8.403	0	8.19085	8.66229	7.02416	4.53834	5.96494	0	0	7.89189	7.87366	2.15555	10.00486	9.05623	4.49231	8.79267	1.27269	0	0	7.75855	7.27547	8.19568	9.04143	8.24648	6.14008	0	0.75796	0	0	0	5.03518	0	9.52656	0	0	0	0	0	0	0	
0	0	0	0	0	0	0	0	0	0	0	0	0	8.99724	0	0	0	0	0	4.29714	0	0	0	0	0	3.37574	0	0	0	0	0	0	0	0	6.79289	0	0	6.59582	0	0	9.89262	0	4.13636	8.41369	0	0	0	0	0	0	6.74721	7.22481	0	0	13.73588	0	0	0	0	6.85908	4.88677	0	4.67745	8.06106	5.90068	2.9954	7.8752	3.67224	0	5.23457	6.6101	0	7.01705	6.75976	9.72838	7.36952	4.28707	4.56204	7.32114	3.43297	0	8.00346	9.42469	5.99724	2.55248	0	0	6.14567	3.39434	0	9.1612	0	0	4.48695	0	0	0	0	4.7165	0	
0	0	0	0	0	0	0	13.15949	0	0	0	0	0	0	0	0	0	0	0	0	0	0	2.15555	0	0	0	0	0	10.63024	0	0	0	0	0	11.77989	0	0	0.75796	0	0	0	6.6334	0	0	0	0	5.97139	0	0	0	0	0	10.01233	0	0	0	4.7014	9.20578	0	3.47433	7.64357	0	0	7.656	0	5.15195	0	8.82931	7.10641	11.72769	10.17738	5.4274	8.56614	6.19811	7.81321	6.63909	3.17576	10.38464	6.97725	7.17473	9.04747	8.63102	4.16316	0	6.80162	0	0	3.87328	0	0	9.75516	8.2788	0	0	0	0	8.97957	0	0	0	
0	0	0	0	0	0	0	0	0	0	0	0	0	0	0	0	0	0	0	0	0	0	0	0	0	0	0	0	0	0	0	0	0	0	0	0	0	5.63597	0	0	0	0	0	0	0	0	0	0	0	1.61979	0	5.55565	0	1.48592	0	0	5.20697	7.23521	0	0	2.15555	0	9.01083	9.44056	7.23807	6.01111	0	0	8.15869	7.58446	0	3.59185	5.54054	8.72329	7.42315	4.6736	0	4.7065	7.83664	7.16233	2.59488	9.99778	5.88389	0	0	0	2.93346	0	0	0	0	0	6.39767	4.73234	6.25415	0	0	0	0	0	
0	0	0	0	0	0	0	8.71829	0	0	0	0	0	0	0	0	0	0	0	0	0	0	0	0	0	0	0	0	0	0	0	0	0	0	0	0	0	4.21412	0	6.68074	0	0	0	0	0	0	0	0	0	0	5.15506	0	0	12.57046	6.57459	0	0	9.31312	10.76353	12.71878	0	0	0	7.56919	8.50247	10.35678	0	0	8.53662	4.5311	7.15913	4.35468	5.16099	5.65056	4.97305	7.01501	6.78899	0	7.60877	6.77274	8.87601	5.86691	3.18168	4.96	5.35727	0	0	3.70687	0	0	4.07852	0	0	0	0	8.04497	0	0	0	0	
0	0	0	0	0	0	0	0	0	0	0	0	0	0	0	0	0	0	0	0	0	0	0	0	0	10.01137	0	0	0	0	0	0	0	0	0	0	0	12.79033	0	0	0	0	0	0	9.42614	0	0	0	9.35026	0	0	0	0	0	0	1.61979	0	0	0	0	0	0	8.04994	0	0	5.68734	7.04599	7.16253	0.75796	6.86463	3.7126	0	7.6999	0	8.49331	6.0615	0.75796	7.90756	6.0147	6.3899	1.89416	0	4.45078	0	11.85319	6.53073	0	0	0	0	9.2926	0	0	0	0	0	0	1.25229	0	0	
0	0	0	0	0	0	0	0	0	0	0	0	5.74207	0	0	0	0	0	0	0	0	0	0	0	0	0	0	0	0	0	0	0	0	0	0	0	0	0	0	0	0	0	0	0	0	0	0	11.25298	0	0	1.91238	0	12.81835	0	0	0	0	0	0	4.60179	0	0	0	4.97672	1.91238	11.80496	9.21875	0	1.91238	0	0	9.53363	0	0	0	1.53818	7.03763	8.80251	5.23907	5.07748	0	8.46182	5.7748	3.61547	5.05755	3.30553	3.69135	0	7.83521	0	0	0	0	6.82841	0	0	0	0	0	0	
0	0	0	0	0	0	0	0	0	0	0	0	0	0	0	0	0	0	0	0	0	0	0	0	0	0	0	0	0	0	0	0	10.05138	0	0	0	0	0	0	0	4.97305	0	0	0	0	0	0	0	0	0	0	0	0	0	0	0	4.13412	0	0	0	11.25226	0	0	5.79253	0	7.16353	0	0	6.75059	0	0	0	8.99529	0	0	1.91238	0	0	9.82013	7.85404	8.07878	6.22778	9.31313	0	6.65128	0	0	0	1.25229	3.21614	5.752	4.4813	5.37557	0	0	0	0	0	0	0	
0	0	0	0	0	0	0	1.49192	0	0	0	0	0	0	0	0	0	0	0	0	0	0	0	0	0	0	0	7.28358	0	0	0	0	0	0	0	0	0	0	0	0	0	0	0	0	0	0	0	0	0	0	0	0	0	0	0	0	0	0.75796	0	0	0	0	0	0	0	0	0	0	0	0	2.82974	3.63371	8.15353	3.21614	0	7.5083	6.74721	0	10.55171	10.48753	0	6.20353	0	7.56732	4.39517	8.83473	0	9.19391	0	0.75796	0	10.73105	0	0	0	9.28623	0	0	0	0	
0	0	0	0	0	0	0	0	0	0	0	0	0	0	0	0	0	0	0	0	9.56028	0	0	0	0	0	0	0	0	0	0	0	0	0	0	0	0	0	0	0	0	0	0	0	0	0	0	0	0	0	0	0	0	0	0	0	0	0	0	10.7953	0	0	0	0	6.46069	8.20991	7.9241	5.8924	0	0	0	0	0	0	0	4.65466	5.19312	0	0	0	4.72555	0	0	0	2.75173	6.93003	6.98458	5.19109	6.31802	0	9.89785	6.81076	9.53631	9.12058	0	7.12119	0	0	0	0	
0	0	0	0	0	0	0	0	0	0	0	0	0	0	0	0	0	0	0	0	0	0	0	0	0	0	0	0	0	0	0	0	0	0	0	0	0	0	0	0	0	0	0	0	0	0	0	0	5.77886	0	0	0	0	0	0	0	0	0	0	0	0	0	0	0	0	0	0	0	0	6.55913	9.92682	8.19297	6.732	0	9.85866	5.91727	0	8.81886	1.61979	0	0	7.34619	7.33296	0	4.71379	0	0	0	0	2.85217	0	2.05213	2.53264	0	2.36359	0	0	0	0	0	
0	0	0	0	0	0	0	0	0	0	0	0	0	0	0	7.88059	0	0	0	0	0	0	0	0	0	0	0	0	0	0	0	0	0	0	7.76361	0	0	0	0	0	0	0	0	0	0	0	0	0	0	0	0	0	0	0	0	0	0	0	0	0	0	0	0	0	0	0	0	6.04356	0	0	0	0	0	7.51377	0	0	0	6.46634	0	0	0	1.91238	0	0	6.88162	0	5.96999	2.87104	7.17047	10.03963	9.31782	0	10.52726	0	0	0	0	0	0	0	
0	0	0	0	0	0	0	0	0	0	0	0	0	0	0	0	0	0	0	0	0	0	0	0	0	0	0	0	0	0	0	0	0	0	0	0	0	0	0	0	0	0	0	0	0	0	0	0	5.76058	0	0	0	0	0	0	0	0	0	0	8.57663	0	0	0	0	0	5.2015	0	0	0	0	0	7.58819	0	0	0	0	0	13.50409	0	6.25025	9.52282	0	0	9.28143	0	0	0	0	0	0	0	0	0	0	0	0	0	0	0	0	
0	0	0	0	0	0	0	0	0	0	0	0	0	0	0	0	0	0	0	6.39112	0	0	0	0	0	0	0	0	0	0	0	0	0	0	0	0	0	0	0	0	0	0	0	0	0	0	0	0	0	0	0	0	0	0	0	3.65262	0	0	11.82873	0	0	0	0	0	11.40778	0	0	0	0	0	0	0.75796	0	1.25229	0	0	7.28996	0	0	0	2.97495	5.49396	5.09372	8.55072	0	0	0	8.19977	8.51047	0	0	12.95809	9.74938	0	0	0	0	0	0	0	
0	0	0	0	0	0	0	0	0	0	0	0	0	0	0	0	0	0	0	0	0	0	0	0	0	0	0	0	0	0	0	0	0	0	0	0	0	0	0	0	0	0	0	0	0	0	0	0	0	0	0	0	0	0	0	0	0	0	0	0	0	0	0	0	0	0	0	0	0	0	0	0	0	0	0	0	0	0	0	0	0	0	0	0	0	0	0	0	0	0	0	9.52823	0	0	0	0	0	0	0	0	
0	0	0	0	0	0	0	0	0	0	0	0	0	0	0	0	0	0	0	0	0	0	0	0	0	0	0	0	0	0	0	0	0	0	0	0	0	0	0	0	0	0	0	0	0	0	0	0	0	0	0	0	0	0	0	0	0	0	0	0	0	0	0	0	0	0	0	0	0	0	8.60464	0	0	0	0	0	6.55913	0	0	9.94713	0	0	0	11.06333	0	0	0	0	0	0	6.09281	12.9697	0	0	0	0	0	0	0	0	
0	0	0	0	0	0	0	0	0	0	0	0	0	0	0	0	0	0	0	0	0	0	0	0	0	0	0	0	0	0	0	0	0	0	0	0	0	0	0	0	0	0	0	0	0	0	0	0	0	0	0	0	0	0	0	0	0	0	0	2.98384	0	0	0	0	0	0	0	0	0	0	5.49919	0	0	0	0	0	0	0	0	0	0	0	0	0	0	0	4.39517	0	0	0	0	0	0	0	0	0	0	0	0	0	
0	0	0	0	0	0	0	0	0	0	0	0	0	0	0	0	0	0	0	0	0	0	0	0	0	0	0	0	0	0	0	0	0	0	0	0	0	0	0	0	0	0	0	0	0	0	0	0	0	0	0	0	0	0	0	0	0	0	0	0	0	0	0	0	0	0	0	0	0	8.76945	1.91238	0	0	0	0	0	0	0	8.50982	0	0	0	0	0	0	0	0	0	9.12951	3.82075	0	0	0	0	0	0	0	0	0	0	
0	0	0	0	0	0	0	0	0	0	0	0	0	0	0	0	0	0	0	0	0	0	0	0	0	0	0	0	0	0	0	0	0	0	0	0	0	0	0	0	0	0	0	0	0	0	0	0	0	0	0	0	0	0	0	0	0	0	0	0	0	0	0	0	0	0	0	0	0	0	0	0	0	0	0	0	0	0	0	0	0	0	0	0	0	0	2.36359	0	0	0	0	0	0	0	0	0	0	0	0	0	
0	0	0	0	0	0	0	0	0	0	0	0	0	0	0	0	0	0	0	0	0	0	0	0	0	0	0	0	0	0	0	0	0	0	0	0	0	0	0	0	0	0	0	0	0	0	0	0	0	0	0	0	0	0	0	0	0	0	7.76819	0	0	0	0	0	0	0	0	0	0	0	0	0	0	0	0	6.10279	0	0	0	0	0	0	0	0	0	0	0	0	0	0	0	0	0	0	0	0	0	0	0	0	
0	0	0	0	0	0	0	0	0	0	0	0	0	0	0	0	0	0	0	0	0	0	0	0	0	0	0	0	0	0	0	0	7.6979	0	0	0	0	0	0	0	0	0	0	0	0	0	0	0	0	0	0.75796	0	0	0	0	0	0	0	0	0	0	0	10.08848	0	0	0	0	0	0	0	0	0	0	0	0	7.57257	0	0	0	0	0	0	0	0	0	0	0	0	0	0	0	0	0	0	0	0	0	0	0	0	
0	0	0	0	0	0	0	0	0	0	0	0	0	0	0	0	0	0	0	0	0	0	0	0	0	0	0	0	0	0	0	0	0	0	0	0	0	0	0	0	0	0	0	0	0	0	0	0	0	0	0	0	0	0	0	0	0	0	0	0	0	0	0	0	0	0	0	0	0	0	0	0	0	0	0	0	0	0	0	0	0	0	0	0	0	0	0	0	0	0	0	0	0	0	0	0	0	0	0	0	
0	0	0	0	0	0	0	0	0	0	0	0	0	0	0	0	0	0	0	0	0	0	0	0	0	0	0	0	0	0	0	0	0	0	0	0	0	0	0	0	0	0	0	0	0	0	0	0	0	0	0	0	0	0	0	0	0	0	0	0	0	0	0	0	0	0	0	0	0	0	0	0	0	0	0	0	0	0	0	0	0	0	0	0	0	0	0	0	0	0	0	0	0	0	0	0	0	0	0	0	
0	0	0	0	0	0	0	0	0	0	0	0	0	0	0	0	0	0	0	0	0	0	0	0	0	0	0	0	0	0	0	0	0	0	0	0	0	0	0	0	0	0	0	0	0	0	0	0	0	0	0	0	0	0	0	0	0	0	0	0	0	0	0	0	0	0	0	0	0	0	0	0	0	0	0	0	0	0	0	0	0	0	0	0	0	0	0	0	0	0	0	0	0	0	0	0	0	0	0	0	
0	0	0	0	0	0	0	0	0	0	0	0	0	0	0	0	0	0	0	0	0	0	0	0	0	0	0	0	0	0	0	0	0	0	0	0	0	0	0	0	0	0	0	0	0	0	0	0	0	0	0	0	0	0	0	0	0	0	0	0	0	0	0	0	0	0	0	0	0	0	0	0	0	0	0	0	0	0	0	0	0	0	0	0	0	0	0	0	0	0	0	0	0	0	0	0	0	0	0	0	
0	0	0	0	0	0	0	0	0	0	0	0	0	0	0	0	0	0	0	0	0	0	0	0	0	0	0	0	0	0	0	0	0	0	0	0	0	0	0	0	0	0	0	0	0	0	0	0	0	0	0	0	0	0	0	0	0	0	0	0	0	0	0	0	0	0	0	0	0	0	0	0	0	0	0	0	0	0	0	0	0	6.95435	0	0	0	0	0	0	0	0	0	0	0	0	0	0	0	0	0	0	
0	0	0	0	0	0	0	0	0	0	0	0	0	0	0	0	0	0	0	0	0	0	0	0	0	0	0	0	0	0	0	0	0	0	0	0	0	0	0	0	0	0	0	0	0	0	0	11.11774	0	0	0	0	0	0	0	0	0	0	0	0	0	0	0	0	0	0	0	0	0	0	0	0	0	0	10.9957	0	0	0	0	0	0	0	0	0	0	0	0	0	0	0	0	0	0	0	0	0	0	0	0	0	
