0	0	0	0	0	0	0	0	0	0	0	0	0	0	0	0	0	0	0	0	0	0	0	0	0	0	0	0	0	0	0	0	0	0	0	0	0	0	0	0	0	0	0	0	0	0	0	0	0	0	0	10.10403	0	0	0	0	0	0	0	0	0	0	0	0	0	0	0	0	0	0	0	0	0	0	0	0	0	0	0	0	0	0	0	0	0	0	0	0	0	0	0	0	0	0	0	0	0	0	0	0	
0	0	0	0	0	0	0	0	0	0	0	0	0	0	0	0	0	0	0	0	0	0	0	0	0	0	0	0	0	0	0	0	0	0	0	0	0	0	0	0	0	0	0	0	0	0	0	13.47917	0	0	0	0	0	0	0	0	0	0	0	0	0	0	0	9.93439	0	0	0	0	0	0	0	0	0	0	0	0	0	0	0	0	0	0	0	0	0	0	0	0	0	0	0	0	0	0	0	0	0	0	0	0	
0	0	0	0	0	0	0	0	0	0	0	0	0	0	0	0	0	0	0	0	0	0	0	0	0	0	0	0	0	0	0	0	0	0	0	0	0	0	0	0	0	0	0	0	0	0	0	0	0	0	0	0	0	0	9.55546	0	0	0	0	0	0	0	0	0	0	0	0	0	0	0	0	0	0	0	0	0	0	0	0	0	0	0	0	0	0	0	0	0	0	0	0	0	0	0	0	0	0	0	0	0	
0	0	0	0	0	0	0	0	0	0	0	0	0	0	0	0	0	0	0	0	0	0	0	0	0	0	0	0	0	0	0	0	0	0	0	0	0	0	0	0	0	0	0	0	0	0	13.35754	8.82485	0	0	0	0	0	0	0	0	0	0	0	0	0	0	0	0	0	0	0	0	0	0	0	0	0	0	0	0	0	0	0	0	0	0	0	0	0	0	0	0	0	0	0	0	0	0	0	0	0	0	0	0	
0	0	0	0	0	0	0	0	0	0	0	0	0	0	0	0	0	0	0	0	0	0	0	0	0	0	0	0	0	0	0	0	0	0	0	0	0	7.08931	0	0	0	0	0	13.14493	0	0	0	0	0	0	0	0	0	0	0	0	0	0	0	0	0	0	0	0	0	0	0	0	0	0	0	0	0	0	0	0	0	0	0	0	0	0	0	0	0	0	0	0	0	0	0	0	0	0	0	0	0	0	0	0	
0	0	0	0	0	0	0	0	0	0	0	0	0	0	0	0	0	0	0	0	0	0	0	0	0	0	0	0	0	0	0	0	0	0	0	0	0	0	0	0	0	0	0	0	0	0	0	0	0	0	0	0	0	0	0	0	0	0	0	0	0	0	0	0	0	0	0	0	0	0	0	0	9.87979	0	0	0	0	0	0	0	0	0	0	0	0	0	0	0	0	0	0	0	0	0	0	0	0	0	0	0	
0	0	0	0	0	0	0	0	0	0	0	0	0	0	0	0	0	0	0	0	0	0	0	0	0	0	0	0	0	0	0	0	0	0	0	0	0	0	0	0	0	0	0	0	0	0	0	0	0	0	0	0	0	0	0	0	0	0	0	0	0	0	0	0	0	0	0	0	0	0	0	0	0	0	11.56997	0	0	0	0	0	0	0	0	0	0	0	0	0	0	0	0	0	0	0	0	0	0	0	0	0	
0	0	0	0	0	0	0	0	0	0	0	0	0	0	0	0	0	0	0	0	0	0	0	0	0	0	0	0	0	0	0	0	0	0	0	0	0	0	0	0	0	0	0	0	0	0	0	0	0	0	0	9.19936	0	0	0	13.62444	0	0	11.78578	0	0	0	0	0	0	0	0	0	0	0	0	0	0	0	0	0	0	0	0	0	0	0	0	0	0	0	0	0	0	0	0	0	0	0	0	0	0	0	0	0	
0	0	0	0	0	0	0	0	0	0	0	0	0	0	0	0	0	0	0	0	0	0	0	0	0	0	0	0	9.02811	0	0	0	0	0	0	0	0	0	0	0	0	0	0	0	0	0	0	0	0	0	0	0	0	0	0	0	0	0	0	0	0	0	0	0	0	0	0	5.73255	0	0	0	0	0	0	0	0	0	0	0	0	0	0	0	0	0	0	0	0	0	0	0	0	0	0	0	0	0	0	0	0	
0	0	0	0	0	0	0	0	0	0	0	0	0	0	0	0	0	0	0	0	0	0	0	0	0	0	0	0	0	0	0	0	0	0	0	0	0	0	0	0	0	0	0	0	0	0	0	0	0	0	0	0	0	0	0	8.46248	0	0	0	0	0	0	0	0	0	0	0	0	0	0	0	0	0	0	0	0	0	0	0	0	0	0	0	0	0	0	0	0	0	0	0	0	0	0	0	0	0	0	0	0	
0	0	0	0	0	0	0	0	0	0	0	0	0	0	0	0	0	0	0	0	0	0	0	0	0	0	0	0	0	0	0	0	0	0	0	0	0	0	0	0	0	0	0	0	0	0	0	0	0	0	0	0	0	0	0	0	0	0	0	0	0	0	0	0	0	0	0	9.88534	0	0	0	0	0	0	0	0	0	0	0	0	0	0	0	0	0	0	0	0	0	0	0	0	0	0	0	0	0	0	0	0	
0	0	0	0	0	0	0	0	0	0	0	0	0	0	0	0	0	0	0	0	0	0	0	0	0	0	0	0	0	0	0	0	0	0	0	0	0	0	0	0	0	0	0	0	0	0	0	0	0	0	0	0	5.01123	0	0	0	2.76955	0	0	0	0	0	0	0	0	0	0	0	0	0	0	6.48644	0	0	0	0	0	0	0	0	0	0	0	0	0	0	0	0	0	0	0	0	0	0	0	0	0	0	0	0	
0	0	0	0	0	0	0	0	0	0	0	0	0	0	0	0	0	0	0	0	0	0	0	0	0	0	0	0	0	0	0	0	0	0	0	0	0	0	0	0	0	0	0	0	0	0	0	0	11.82445	0	0	0	11.84939	0	0	0	0	0	0	0	0	0	0	0	0	0	0	3.73928	0	0	0	0	0	0	0	0	0	0	0	0	0	0	0	0	0	0	0	0	0	0	0	0	0	0	0	0	0	0	0	0	
0	0	0	0	0	0	0	0	0	0	0	0	0	0	0	0	0	0	0	0	0	0	0	0	0	0	0	0	0	0	12.76689	0	0	0	0	0	0	0	0	6.25892	0	0	0	0	0	0	0	9.73597	0	0	0	0	0	0	0	0	0	8.54339	7.70129	0	11.35264	0	0	12.29261	0	0	0	0	0	0	0	0	0	0	0	0	0	0	0	0	0	0	0	0	0	0	0	0	0	0	0	0	0	0	0	0	0	0	0	0	
0	0	0	0	0	0	0	0	0	0	0	0	0	0	0	0	0	0	0	0	0	0	0	0	0	0	0	0	0	0	0	0	0	0	0	0	0	0	0	0	0	0	0	0	0	0	0	0	0	0	0	0	0	0	6.05274	0	0	0	0	0	0	0	0	0	0	0	0	0	0	0	0	0	0	0	0	0	0	0	0	0	0	0	0	0	0	0	0	0	0	0	0	0	0	0	0	0	0	0	0	0	
0	0	0	0	0	0	0	0	0	0	0	0	0	0	0	0	0	0	0	0	0	0	0	0	0	0	0	0	0	0	0	0	0	0	0	0	0	0	0	0	0	0	13.25209	0	0	0	0	0	0	0	0	0	8.91538	0	0	0	0	0	0	13.33509	0	0	0	0	0	0	0	0	0	0	0	6.0845	0	0	0	0	0	0	0	0	0	0	0	0	0	0	0	0	0	0	0	0	0	0	0	0	0	0	0	0	
0	0	0	0	0	0	0	0	0	0	0	0	0	0	0	0	0	0	0	0	0	0	0	0	0	0	0	0	0	0	0	0	0	0	0	0	0	0	0	0	0	0	0	7.74018	0	0	0	9.25242	0	0	0	8.39839	0	0	0	0	0	0	4.28008	0	0	0	0	0	0	0	0	0	0	0	0	0	0	0	0	0	0	0	0	0	0	0	0	0	0	0	0	0	0	0	0	0	0	0	0	0	0	0	0	0	
0	0	0	0	0	0	0	0	0	0	0	0	0	0	0	0	0	0	0	0	0	0	0	0	0	0	0	0	0	0	0	0	0	0	0	0	0	0	0	0	0	0	10.77934	0	0	0	0	0	0	0	0	0	0	0	0	8.1666	0	0	0	0	0	0	0	0	0	0	0	0	11.57857	0	0	0	0	0	0	0	0	0	0	0	0	0	0	0	0	0	0	0	0	0	0	0	0	0	0	0	0	0	0	0	
0	0	0	0	0	0	0	0	0	0	0	0	0	0	0	0	0	0	0	0	0	0	0	0	0	0	0	0	0	0	0	0	0	0	0	0	0	0	0	0	13.59602	0	0	0	0	0	0	0	0	0	0	0	0	0	0	0	0	0	0	0	0	0	0	0	0	0	0	0	0	0	0	0	0	0	0	0	0	0	0	0	0	0	0	0	0	0	0	0	0	0	0	0	0	0	0	0	0	0	0	0	
0	0	0	0	0	0	0	0	0	0	0	0	0	0	0	0	0	0	0	0	0	0	0	0	0	0	0	0	0	0	0	0	0	0	0	0	0	0	0	0	0	0	0	0	0	0	0	8.76443	0	0	7.4834	0	0	0	0	0	0	0	0	0	0	0	0	0	0	0	0	0	0	0	0	0	0	0	0	0	8.3513	0	0	0	0	0	0	0	0	0	0	0	0	0	0	0	0	0	0	0	0	0	0	0	
0	0	0	0	0	0	0	0	0	0	0	0	0	0	0	0	0	0	0	0	0	0	0	0	0	0	0	0	0	0	0	0	0	0	0	0	0	0	0	0	0	0	0	0	0	0	0	7.33638	0	0	11.44392	10.41402	0	0	0	0	7.56547	0	9.58306	0	11.82821	0	0	0	0	9.82882	0	0	0	0	0	0	0	0	0	0	0	0	0	0	0	0	0	0	0	0	0	0	0	0	0	0	0	0	0	0	0	0	0	0	
0	0	0	0	0	0	0	0	0	0	0	0	0	0	0	0	0	0	0	0	0	0	0	0	0	0	0	0	0	0	0	0	0	0	0	0	0	0	0	0	0	10.3853	0	0	0	0	0	0	0	0	0	0	0	0	0	0	0	0	0	0	0	0	0	0	0	0	0	0	0	0	0	0	0	0	0	0	0	0	0	0	0	0	0	0	0	0	0	0	0	0	0	0	0	0	0	0	0	0	0	0	
0	0	0	0	0	0	0	0	0	0	0	0	0	0	0	0	0	0	0	0	0	0	0	0	0	0	0	0	0	0	0	10.74126	0	0	0	0	0	0	0	0	0	0	0	0	0	0	0	8.02485	0	0	0	0	0	0	0	0	0	0	0	0	0	0	0	0	0	0	0	5.40682	0	0	0	0	0	0	0	0	0	0	0	0	0	0	0	0	0	0	0	0	0	0	0	0	0	0	0	0	0	0	0	0	
0	0	0	0	0	0	0	0	0	0	0	0	0	0	0	0	0	0	0	0	0	0	0	0	0	0	0	0	0	0	0	10.70278	0	0	0	0	0	0	0	0	0	0	0	0	0	0	0	0	0	0	0	0	0	0	0	0	0	0	0	0	0	0	0	0	0	0	0	0	0	0	0	0	0	0	0	0	0	0	0	0	0	0	0	0	0	0	0	0	0	0	0	0	0	0	0	0	0	0	0	0	
0	0	0	0	0	0	0	0	0	0	0	0	0	0	0	0	0	0	0	0	0	0	0	0	0	0	0	0	0	0	0	0	0	0	0	0	0	0	0	0	0	0	0	10.5937	0	0	0	0	0	11.58404	0	0	0	0	9.18044	0	0	0	0	0	0	0	0	0	0	0	0	0	0	0	0	0	0	0	0	0	0	0	0	2.33817	0	0	0	0	0	0	0	0	0	0	0	0	0	0	0	0	0	0	0	0	
0	0	0	0	0	0	0	0	0	0	0	0	0	0	0	0	0	0	0	0	0	0	0	0	0	0	0	0	0	0	0	0	9.63805	0	0	0	0	0	0	0	0	0	0	0	0	0	0	3.48213	0	0	8.52336	0.91027	0	0	0	0	0	0	7.92485	0	0	0	0	0	0	0	0	0	0	0	1.29484	0	0	0	0	0	0	0	0	0	0	0	0	0	0	6.24939	0	0	0	0	0	0	0	0	0	0	0	0	0	0	
0	0	0	0	0	0	0	0	0	0	0	0	0	0	0	0	0	0	0	0	0	0	0	0	0	0	0	0	0	0	0	0	0	0	0	0	0	0	0	10.43235	0	0	0	0	15.54471	0	5.25036	0	0	0	0	0	0	0	0	0	0	0	0	0	0	0	0	0	0	0	0	0	0	0.78802	0	0	0	0	0	0	0	0	0	0	0	0	0	0	0	0	0	0	0	0	0	0	0	0	0	0	0	0	0	0	
0	0	0	0	0	0	0	0	0	0	0	0	0	0	0	0	0	0	0	0	0	0	0	0	0	0	0	0	0	0	0	0	0	0	0	9.52732	0	0	0	0	0	0	0	0	0	0	0	8.01272	0	0	0	0	0	8.04959	0	0	0	0	0	0	11.74939	0	0	0	0	0	0	0	0	0	0	0	0	0	0	0	0	0	0	0	0	0	0	0	0	0	0	0	0	0	0	0	0	0	6.50964	0	0	0	0	0	
0	0	0	0	0	0	0	0	0	0	0	0	0	0	0	0	0	0	0	0	0	0	0	0	0	0	0	0	0	0	0	0	0	0	0	0	0	0	0	0	0	13.336	0	0	0	0	0	0	0	0	0	0	0	0	0	0	0	0	0	0	0	0	0	0	0	0	0	4.41608	0	0	0	2.60578	0	0	0	0	0	0	0	0	0	0	0	0	0	0	0	0	0	0	0	0	0	0	0	0	0	0	0	0	
0	0	0	0	0	0	0	0	0	0	0	0	0	0	0	0	0	0	0	0	0	0	0	0	0	0	0	0	0	0	0	0	0	0	0	0	0	0	0	0	7.92485	0	0	0	10.38609	0	0	4.29259	0	0	11.68398	13.20479	0	0	0	10.53555	0	0	5.92108	0	9.68593	0	0	0	0	0	0	0	2.42237	0	0	0	0	0	0	0	0	0	0	0	0	0	0	0	0	0	0	0	0	0	0	0	0	0	0	5.88605	0	0	0	0	
0	0	0	0	0	0	0	0	0	0	0	0	0	0	0	0	0	0	0	0	0	0	0	0	0	0	0	0	0	0	0	0	0	0	0	0	0	0	0	0	0	0	0	0	13.37334	0	0	0	0	4.68422	0	0	8.86455	0	0	0	0	7.17161	0	0	0	11.638	0	0	0	0	0	0	0	0	0	0	0	0	0	0	0	0	0	0	0	0	0	0	0	0	0	0	0	0	0	0	0	0	0	0	0	0	0	0	
0	0	0	0	0	0	0	0	0	0	0	0	0	0	0	0	0	0	0	0	0	0	0	0	0	0	0	0	0	0	0	0	0	0	0	0	0	0	0	0	0	0	0	11.71081	0	0	12.30944	0	0	0	10.15825	0	0	0	0	0	0	0	0	7.87659	0	0	0	0	8.60393	0	0	8.18833	0	0	0	0	9.82073	0	0	0	3.73928	0	0	0	0	0	0	0	0	0	0	0	0	0	0	0	0	0	0	0	0	0	0	0	
0	0	0	0	0	0	0	0	0	0	0	0	0	0	0	0	0	0	0	0	0	0	0	0	0	0	0	0	0	0	0	0	0	0	0	0	0	0	0	0	0	0	0	0	1.29484	0.78802	0	11.77505	0	0	0	10.68279	8.28897	0	0	6.63097	0	0	0	0	0	0	0	0	0	0	0	11.40849	0	0	0	0	0	11.46595	0	0	0	0	0	0	0	0	0	0	0	0	0	0	0	0	0	0	0	0	0	0	0	0	0	0	
0	0	0	0	0	0	0	0	0	0	0	0	0	0	0	0	0	0	0	0	0	0	0	0	0	0	0	0	0	0	0	0	0	0	0	0	0	13.64341	0	0	0	0	0	0	0	0	0	0	7.5695	0	0	5.92256	0	0	8.07237	0	8.3384	0	0	2.42237	0	3.28109	0	0	0	0	0	0	0	0	0	0	0	0	5.76718	3.16899	0	0	0	0	0	0	0	0	0	0	0	0	0	0	0	0	0	0	0	0	0	0	0	0	
0	0	0	0	0	0	0	0	0	0	0	0	0	0	0	0	0	0	0	0	0	0	0	0	0	0	0	0	0	0	0	0	0	0	0	0	0	0	0	0	0	0	14.36951	0	0	11.2275	0	13.13069	0	0	10.73574	0	11.05245	0	9.20375	0	0	0	0	0	0	0	0	8.59039	0	0	0	4.20492	0	0	9.72734	0	0	0	0	0	0	0	0.78802	0	0	0	0	0	0	0	0	0	0	0	0	0	0	0	0	0	0	0	0	0	
0	0	0	0	0	0	0	0	0	0	0	0	0	0	0	0	0	0	0	0	0	0	0	0	0	0	0	0	0	0	0	0	0	0	0	0	0	0	0	0	0	0	0	0	0	0	0	8.36408	8.72533	0	0	8.49481	0	0	0	0	0	0	0	0	0	0	0	0	1.29484	0	0	0	0	0	0	0	0	0	0	0	0	0	0	0	0	0	0	0	0	0	0	0	0	0	9.28834	0	0	0	0	0	0	0	0	0	
0	0	0	0	0	0	0	0	0	0	0	0	0	0	0	0	0	0	0	0	0	0	0	0	0	0	0	0	0	0	0	0	0	0	0	0	0	0	0	0	0	0	0	0	0	0	0	12.34413	0	0	0	0	9.33292	0.78802	0	0	0	0	9.46159	12.22062	0	0	0	0	0	0	0	0	0	0	0	0	0	0	0	0	0	0	0	0	0	0	0	0	0	0	0	0	0	0	0	0	0	0	0	0	0	0	6.75263	0	
0	0	0	0	0	0	0	0	0	0	0	0	0	0	0	0	0	0	0	0	0	0	0	0	0	0	0	0	0	0	0	0	0	0	0	0	0	0	0	0	0	0	7.70129	0	0	0	0	0	0	8.81446	0	8.64641	0	5.95528	0	0	0	0	0	0	0	0	0	0	12.40938	0	0	0	0	0	0	0	0	0	0	0	15.3045	0	0	0	0	0	0	0	0	0	0	0	0	0	0	0	0	0	0	0	0	0	0	0	
0	0	0	0	0	0	0	0	0	0	0	0	10.38059	0	0	0	0	0	0	0	0	0	0	0	0	0	0	0	0	0	9.49281	0	0	0	0	0	0	0	0	0	0	0	10.03695	0	0	0	0	7.26319	0	0	12.99836	0	0	3.28109	3.38511	0	10.96156	0	0	0	0	0	0	7.89432	9.36984	9.52162	0	0	0	0	0	0	0	0	0	0	0	0	0	0	0	0	0	0	0	0	0	0	0	0	0	0	0	0	0	0	0	0	0	0	
0	0	0	0	0	0	0	0	0	0	0	0	0	0	0	0	0	0	0	0	0	0	0	0	0	0	0	0	0	0	0	0	0	0	0	0	0	0	0	0	0	0	0	0	0	11.69292	4.97835	0	1.66912	12.5131	0	8.06059	8.16373	0	11.40462	6.82108	0	0	0	0	13.06631	0	0	0	0	0	0	0	0	6.32588	0	0	0	0	0	0	4.99476	0	0	0	0	0	0	0	0	0	0	0	0	0	0	0	0	0	0	0	0	0	0	0	
0	0	0	0	0	0	0	0	0	0	0	0	0	0	0	8.16295	0	0	0	0	0	0	0	0	0	0	0	0	0	0	0	0	0	0	0	6.24517	12.22106	0	0	0	0	0	0	2.9147	0	10.79004	7.89083	9.41354	4.51111	8.78597	0	0	4.0234	0	11.26206	0	0	0	0	7.80338	0	8.24126	0	5.50244	0	8.43548	0	0	11.52727	0	8.71788	0	0	0	0	10.18689	0	7.67074	0	2.60578	0	0	0	0	0	0	0	0	0	0	9.44998	0	0	0	0	0	0	0	0	0	
0	0	0	0	0	0	0	0	0	0	0	0	0	0	0	0	0	0	0	0	0	0	0	0	0	0	12.34976	0	0	0	0	3.16899	0	0	7.24947	0	0	0	0	0	12.22114	0	0	0	0	0	0	0	10.07616	5.35653	4.0234	9.79735	9.44397	0	11.10765	0	5.85015	0	5.6619	0	5.67653	8.90229	0	0	0	8.34164	0	0	0	0	0	0	0	7.95474	0	0	0	0	0	0	0	0	0	0	0	0	0	0	0	0	0	0	0	0	0	0	2.21216	0	0	0	
0	0	0	0	0	0	0	0	0	0	0	0	0	0	0	0	0	0	0	11.41848	0	0	0	0	0	0	0	0	0	0	0	0	0	0	0	0	0	0	0	0	0	0	0	14.32562	0	0	11.96772	12.7156	11.18625	0	7.47837	8.43716	11.21873	0	0	0	14.75454	0	0	7.28686	5.93589	0	0	12.2949	0	7.71133	0	6.59887	0	0	0	0	0	0	0	0	0	0	0	0	0	0	0	0	0	0	0	0	0	0	8.77035	0	0	0	0	0	0	0	0	0	
0	0	0	0	0	0	0	0	0	0	0	0	6.84673	0	0	0	0	0	0	9.99523	0	0	0	0	0	0	0	0	0	0	0	0	0	8.08344	0	0	0	0	0	0	0	8.86679	13.53788	0	8.84907	0	0	4.2207	9.21614	0	2.7685	9.07994	7.31518	8.59281	10.57186	11.05885	4.99835	4.885	8.05454	0	0	0	0	0	4.83877	0	0	0	0	0	0	0	0	0	0	0	0	0	11.28955	3.04743	0	0	0	0	0	0	0	0	0	0	0	0	0	0	0	0	0	0	0	0	
0	0	0	0	0	0	0	0	0	0	0	0	0	0	0	0	0	0	0	0	0	0	0	15.30903	0	0	0	0	0	0	0	0	0	0	0	0	0	0	11.5582	0	0	0	7.82586	10.06443	6.89157	0	9.34096	5.58179	0	7.53192	8.17388	7.38185	0	0	0	0	0	5.58604	14.10184	11.40308	11.14564	0	0	0	8.24472	0	0	0	0	0	0	0	0	0	0	0	0	0	0	0	0	0	0	0	0	0	0	0	0	0	0	0	0	0	0	0	0	0	0	0	
0	0	8.4919	0	0	0	0	0	0	0	0	0	0	0	0	0	0	0	0	0	0	0	0	0	0	0	0	0	0	0	0	0	0	0	0	0	0	0	0	0	9.79327	0	0	0	0	8.97285	0	7.84882	9.12894	10.88301	0	8.41104	9.37774	9.84556	2.9147	8.8979	0	0	4.36612	6.63097	8.30665	0	7.72626	8.84644	0	0	0	0	0	0	0	7.35871	0	0	0	0	1.66912	0	0	0	0	0	0	0	0	0	0	0	0	0	0	0	0	0	0	0	0	0	0	0	
0	0	0	0	0	0	0	0	0	0	0	10.75831	0	0	0	0	0	0	0	0	0	0	0	0	0	0	0	0	0	0	0	0	8.07626	0	0	0	0	9.02452	13.0812	3.65854	7.89432	7.87212	0	0	12.6641	7.30153	11.90616	10.07462	11.39809	0	10.7577	0	5.23592	4.27862	0	10.08807	4.77032	10.17534	0	0	0	0	0	0	0	0	0	7.81739	0	0	0	0	6.11507	0	0	8.93479	0	0	11.61144	0	0	0	0	0	0	0	0	0	0	0	0	0	0	0	0	8.17003	0	0	0	0	
0	0	0	0	0	0	0	0	0	0	0	0	0	0	0	0	0	0	0	0	0	0	0	0	0	0	0	0	0	0	0	0	0	0	2.7685	8.67103	0	0	0	7.28352	0	12.46663	0	10.40243	14.61079	10.64629	7.53291	8.93889	6.89856	11.12971	11.37786	10.80066	1.66912	8.80016	0	0	10.09091	0	0	6.71505	9.46637	0	1.29484	0	0	0	0	0	0	0	0	0	0	0	0	0	0	0	4.83877	0	0	0	0	0	0	0	0	9.43793	0	0	0	0	0	0	0	0	0	0	0	0	
0	0	0	0	0	0	0	0	11.14656	0	8.76201	0	0	0	0	0	0	0	0	0	0	0	0	0	0	0	10.51635	0	0	0	0	0	0	0	0	1.96606	0	10.73204	11.58745	0	8.25449	7.30357	0	7.81274	0	11.7688	6.49298	7.57715	8.91392	9.75595	0	7.51229	0	0	0	0	9.6986	1.66912	0	0	0	0	2.21216	0	0	0	11.17171	0	0	0	0	0	0	0	0	0	0	0	0	0	0	0	0	0	0	0	0	0	0	0	0	0	0	2.21216	0	0	0	0	0	0	
0	0	0	0	0	0	0	0	0	0	0	12.23548	0	0	11.1048	0	0	0	0	0	0	0	0	0	0	0	0	0	0	0	0	10.20874	0	0	7.536	0	10.90823	0	0	10.68484	0.78802	0	10.49844	9.68052	10.27768	7.59266	11.6069	9.3411	4.39068	8.2523	6.53018	10.13872	10.41505	8.55876	0	3.04743	9.03309	0	0	10.38922	14.31191	5.18477	0	11.55088	0	0	0	0	0	0	0	0	0	1.29484	0	6.56579	0	0	0	0	0	0	0	6.5211	0	0	0	0	0	0	0	0	0	0	0	0	0	0	0	0	
0	0	0	0	0	0	0	0	0	0	0	0	11.95536	0	0	0	0	0	0	0	0	0	0	0	0	0	0	0	0	10.14349	0	0	7.74104	0	4.31436	0	13.82942	0	11.7979	11.10718	10.17252	10.71281	7.7354	8.66445	8.58551	3.13068	10.22136	9.89933	3.95744	9.06179	8.51716	11.56132	9.75914	6.18563	7.0949	7.94776	11.02715	0	0	9.16043	5.50244	0	0	0	0	0	0	0	0	0	0	0	0	9.9779	0	0	0	0	0	0	11.11901	0	0	0	0	0	0	0	0	0	0	0	0	0	0	0	0	0	0	0	
0	0	0	0	0	0	0	13.54526	0	0	0	10.66969	0	0	0	0	0	0	0	0	0	0	0	0	0	0	0	8.75232	0	0	5.97208	0	12.02116	0	0	0	4.60026	10.74249	9.37553	9.95232	9.86888	5.37099	0	10.62786	10.786	9.54062	9.55401	8.98344	11.16073	10.65663	4.58604	8.68277	10.15733	8.23432	9.16602	6.56722	14.09987	5.35661	4.15005	9.03012	5.915	13.27141	7.5805	0	10.88291	0	0	0	0	0	0	0	0	10.49181	0	0	0	0	0	0	0	0	0	0	0	0	0	0	0	0	0	0	0	0	0	0	0	0	0	0	
11.48985	0	0	0	0	0	0	0	9.66034	0	0	0	8.44453	0	0	0	0	0	0	0	0	0	0	0	11.51908	0	0	7.62898	0	0	0	0	13.53805	0	11.17091	8.87575	0	6.03739	11.05056	6.91405	7.85411	9.44057	6.26907	10.02164	12.10833	9.92534	9.00816	9.83548	6.7952	4.80674	9.44003	7.38946	8.55854	5.8719	10.57285	10.462	9.69481	5.46636	0	11.1666	0	1.96606	0	6.13313	0	7.0183	0	0	0	0	4.20492	0	0	0	0	0	0	0	0	0	0	0	4.25089	0	0	13.48492	0	0	0	0	0	0	0	0	0	0	0	0	0	0	
0	0	0	11.04948	0	0	0	0	0	0	0	0	0	0	0	0	0	0	9.17864	0	0	12.12574	0	7.71133	11.30531	8.12589	0	0	12.56472	8.58767	12.95235	0	12.45136	0	0	0	0	9.89355	10.96351	9.27573	8.8522	7.11945	9.50895	9.1873	9.34387	9.87997	8.81313	8.74091	9.70865	6.48059	9.51885	8.8447	10.39252	6.57788	6.39869	8.2818	0	5.69784	5.5543	9.19784	0	2.7685	10.31132	0	0	0	0	0	0	5.54797	0	0	6.02134	0	2.21216	8.80484	11.26803	4.64285	0	3.28109	0	0	0	0	0	0	0	0	0	0	0	0	0	0	0	0	0	0	0	0	
9.03413	0	0	0	12.26091	7.51122	0	0	0	0	0	0	0	0	0	0	0	10.20962	0	0	0	0	0	0	9.6986	0	7.99608	7.98609	0	12.84449	10.73244	0	0	0	10.93365	9.02409	5.10668	10.97724	11.00426	9.65623	7.4497	9.50755	9.69893	9.12747	8.9658	8.84719	9.68502	8.57585	8.81388	10.91455	4.79831	10.4947	11.34259	7.35167	10.13975	8.63882	9.6619	3.00059	7.75279	8.3049	7.19327	0	5.81638	10.72958	10.91585	10.2988	9.29688	0	0	0	0	0	0	0	7.68609	0	0	0	0	0	0	0	0	0	0	0	0	0	0	0	0	0	0	0	0	0	0	0	0	0	
0	0	0	0	0	0	0	0	8.73766	0	8.46841	0	0	0	0	0	8.85552	14.81718	10.24979	6.0845	10.60114	6.89113	0	0	0	12.84905	0	10.82572	6.72159	11.09955	0	10.43916	11.58609	7.28469	9.90599	11.097	6.42673	7.3073	9.12686	9.00365	9.27126	8.163	5.43287	8.16239	10.08029	8.06376	8.38555	8.76394	8.65647	7.12959	6.98872	10.96172	7.0378	8.98126	6.79754	6.71118	6.18485	9.33779	0	11.31281	5.679	7.7213	9.05125	0	7.49928	12.43005	5.97208	0	0	0	0	5.67653	0	0	9.00381	0	0	0	9.27317	0	0	0	0	0	0	6.15975	0	0	0	0	0	0	0	0	0	3.73928	0	0	0	0	
0	11.14007	0	0	2.9147	8.39556	0	0	0	0	0	0	0	0	4.46438	12.00722	0	10.83321	9.92403	0	4.94469	0	5.1056	0	0	0	0	0	10.12584	10.33911	8.38625	0	11.58745	5.22871	10.70403	8.25908	10.14132	10.08216	8.69235	9.42571	8.30956	7.50012	7.8674	7.74967	9.09824	7.20022	8.46081	9.4048	8.33483	7.78127	7.11426	8.22024	7.38923	6.62909	8.96746	7.28369	7.54725	7.19647	8.57342	6.48907	0	8.82116	0	11.92548	10.56243	1.66912	6.27632	10.27285	0	0	0	0	0	0	0	5.07483	0	0	0	0	9.09	0	0	0	0	0	0	0	0	0	0	0	0	0	0	0	0	0	0	0	
0	11.39687	8.81652	0	9.81565	0	0	0	0	0	10.06932	0	0	0	8.80015	10.14997	0	7.49008	0	0	5.85015	5.79457	8.8869	10.37146	10.60047	10.2737	0	4.79808	7.80807	7.02445	11.79908	10.49979	10.8758	10.68768	9.9585	5.81356	8.26388	8.44318	7.43507	7.55367	7.93737	8.16896	7.46671	7.37137	7.07201	7.17076	8.29773	7.39457	9.66752	8.42672	7.42097	8.74554	8.04873	7.85574	7.05192	5.90169	8.33911	7.26661	6.65143	9.44547	0	7.54937	11.25674	10.11952	1.69256	2.60578	2.21216	0	0	0	0	7.00905	0	5.92108	8.08014	0	5.59211	0	0	0	0	0	0	4.69749	0	1.78652	0	0	0	0	0	0	0	0	0	0	0	0	0	0	
0	0	0	0	0	0	0	0	8.63063	0	9.82882	13.5309	0	0	0	0	0	0	10.32773	0	5.61368	0	0	0	0	11.57617	11.20443	0	4.20492	9.79026	7.63348	7.88991	9.08714	9.52632	9.98562	8.65071	8.90325	8.82393	8.89118	9.49939	6.80854	8.40162	9.00162	7.56971	7.2074	7.73967	6.58987	8.44884	8.68377	8.42437	8.81212	7.99558	6.56423	6.97327	7.31567	8.98419	8.19496	8.06669	10.99453	9.65317	10.08134	5.9361	8.66846	5.60471	0	8.45181	0	8.16934	0	0	0	0	0	0	0	0	0	0	0	0	0	6.76232	0	0	0	0	0	9.41304	7.55285	6.38972	0	0	0	0	0	0	0	0	0	0	
0	0	0	0	0	0	0	0	11.00884	8.64641	6.81197	3.04743	0	13.1971	0	0	0	4.0234	12.03472	5.02601	0	0	1.66912	9.02571	8.69529	7.99228	5.86821	9.22437	7.09296	9.75033	0	7.77071	5.7833	4.56554	5.19242	8.55438	7.93928	5.76647	8.07115	5.16917	7.852	8.0349	8.4491	9.01647	6.78797	8.02346	7.41968	8.3837	7.54603	8.87672	8.58082	7.68023	7.59969	5.9602	8.16166	8.32606	6.939	12.42102	10.30304	6.43736	6.06532	9.45053	8.68162	5.95528	0.83456	9.14808	9.64723	0	0	0	0	0	0	6.20309	9.67443	0	0	0	13.46594	0	0	0	0	0	0	0	0	0	10.41786	0	8.44453	0	0	0	0	0	0	0	0	0	
0	0	9.49135	8.0291	0	2.60578	0	3.57304	9.56102	0	0	0	0	0	0	0	0	8.20421	0	0	0	0	0	10.84864	0	8.88243	0	10.02177	9.53016	7.42936	0	9.43692	0	11.03905	5.78364	8.89231	7.89682	6.41392	2.2046	9.98717	8.16438	9.15837	6.17721	7.77329	7.94407	6.66195	6.04572	9.06717	7.9079	7.63702	7.88401	8.13209	8.28585	8.37034	8.86151	6.46879	7.57547	8.27674	8.16847	7.20576	11.19284	7.88046	2.87814	10.11447	4.97439	0	0	7.3756	4.0234	2.9147	4.10929	0	11.8624	0	1.52372	0	5.35442	0	0	0	0	0	5.13854	0	0	0	0	0	0	0	0	0	0	0	0	0	0	0	0	0	
0	0	0	0	0	0	0	0	0	0	9.93866	7.88991	7.27252	0	12.15386	0	0	9.13268	0	6.92647	0	0	0	0	0	0	9.11198	4.64285	6.96032	0	7.97987	8.27717	6.86512	7.75862	4.62525	8.14649	8.28964	7.35711	8.35598	8.76223	8.45332	6.59469	6.26963	7.49528	7.9958	7.41448	5.77432	5.84529	7.49961	5.71235	6.86826	8.95237	8.79594	7.24901	7.39133	6.99634	6.70826	8.8982	9.42353	7.27066	8.56238	5.17256	7.65645	5.97019	0	6.55986	8.06455	3.54355	0	0	7.31678	0	5.37037	2.30013	0	13.40442	0	0	0	0	0	0	0	0	0	0	0	0	6.35789	0	0	0	0	0	0	0	0	0	0	0	
0	0	0	0	0	0	0	0	0	9.74821	0	0	6.63097	0	0	0	0	0	0	0	0	0	0	9.5847	0	0	8.27665	0	0	4.81812	7.06618	0	0	6.25514	8.13711	8.03288	6.37716	0	0	8.74501	3.93045	10.67355	3.8482	5.115	9.49886	8.84849	6.81227	7.9068	8.69455	7.20551	6.63984	9.25046	6.89015	6.14261	8.28963	7.41636	7.71513	6.65596	4.25824	6.14716	7.14478	8.7356	4.93893	9.4422	6.76928	6.1571	7.38109	8.90009	6.3204	0	0	11.67631	0	4.08648	0	1.66912	9.54707	0	0	0	0	0	0	0	11.75638	0	0	4.80165	0	0	0	10.26521	0	0	0	0	9.93439	0	0	0	
0	0	0	0	0	0	0	0	0	0	0	9.85623	0	0	0	0	0	5.23741	13.71229	0	0	0	0	2.7685	0	0	0	7.15699	0	0	0	0	5.40163	5.33955	6.23047	0	4.68847	9.01501	0	4.7525	7.38572	8.69729	7.4029	4.04586	0	9.51426	5.57045	5.60735	7.36377	6.21977	7.51901	10.33751	7.86692	4.56624	7.29595	6.36834	6.8764	6.37637	7.42054	8.91679	7.01348	3.84405	0	5.63735	8.40987	0	6.54739	7.83127	10.40322	7.55734	0	0	0	5.93828	0	9.90625	0	8.3384	0	0	0	7.41082	0	0	0	0	0	0	0	0	0	0	0	0	0	0	0	0	0	0	
0	0	0	0	5.71942	0	0	0	0	0	11.15532	0	0	0	0	11.62545	0	0	7.25635	0	4.62888	8.084	0	0	0	9.11766	5.47912	0	0	5.31251	0	8.89121	11.37651	0	0	8.75475	10.19717	11.2908	10.50413	9.70707	3.31412	8.21327	5.97669	8.47137	3.76054	5.57309	12.03672	4.15014	7.84941	8.17971	9.54613	6.74268	8.11374	7.48661	6.36743	7.32302	6.08352	8.11907	4.38678	9.66979	5.50079	8.8522	5.23619	4.43893	7.6717	0	8.96137	9.97776	0	0	9.36575	8.71538	6.79416	8.51296	8.34038	0	5.23188	0	0	0	4.91024	0	0	0	0	1.66912	0	0	0	4.26067	0	0	0	0	0	0	0	0	0	0	
0	0	0	0	0	0	0	0	0	0	0	3.04743	2.86838	0	0	10.25409	0	0	0	3.16899	7.54725	0	1.29484	0	0	0	0	0	0	5.59286	3.04743	6.89038	0	0	0	10.01259	0	0	0	6.29942	3.35205	5.6056	4.33532	5.63506	8.76081	4.67876	5.78777	7.16604	7.35506	7.11157	0	0	7.68954	9.24683	0.78802	6.28542	7.93578	6.94976	6.20935	6.97697	9.36722	8.58541	9.16626	8.23986	5.33354	4.9339	8.58494	8.62527	0	8.64882	0	6.11606	7.08845	9.47671	10.04769	0	3.57304	0	6.98558	0	0	0	0	0	0	0	0	0	0	0	0	0	0	0	0	0	0	0	0	0	
0	0	0	8.02485	0	0	0	0	0	0	0	0	0	0	0	0	0	0	0	0	0	0	8.18473	0	0	0	7.37295	6.39533	9.34426	9.03213	0	0	0	0	0	11.21863	0	0.78802	7.29023	0.64742	6.44401	0	1.29484	0	2.08911	11.8454	8.54751	7.24256	6.14609	6.89052	6.30179	5.84873	7.5412	8.71904	7.96006	8.19838	7.15659	5.89043	7.27326	6.5683	7.98038	8.01556	8.29832	8.81145	7.89163	8.99219	6.0356	7.39362	9.80606	8.46898	2.95476	7.87785	6.30844	2.33509	7.29064	0	11.73501	0	5.69126	8.94546	1.29484	6.23128	7.71632	0	0	0	0	0	0	0	0	0	0	0	0	0	0	2.42237	0	11.99982	
0	0	5.44589	0	0	0	0	0	0	0	0	0	0	0	0	0	0	0	0	0	7.20041	0	0	0	0	11.25092	0	9.55014	0	10.98989	0	10.34395	9.95249	0	8.51214	0	0	6.17733	6.9793	0	7.34285	0	0	7.3741	11.68015	9.09483	0.39401	5.41627	5.54797	7.77762	8.97674	9.27487	6.7102	6.17592	6.66785	9.19465	0	6.49422	7.48526	8.36216	3.67317	6.24411	5.92014	3.43617	5.14554	8.42267	5.37537	0	9.05054	4.70643	6.43273	8.62162	4.81193	8.16249	0.78802	0	6.05155	0	1.90165	6.41451	0	5.66675	0	0	0	0	0	0	6.05073	0	0	0	0	0	0	0	3.65854	0	0	0	
0	0	0	0	1.29484	0	0	0	0	0	0	0	9.16226	0	0	0	0	0	0	0	5.59211	1.96606	0	0	0	0	0	6.09635	0	0	0	0	9.57208	0	0	0	8.11837	0	2.60578	7.88548	0	0	3.18858	0	7.99228	0	4.91604	8.71538	2.9147	5.99613	8.73274	5.09597	8.09555	5.06092	8.48497	1.85136	0	5.74316	3.46463	1.10608	6.75603	6.6961	8.27842	7.20463	5.73994	8.54693	5.78336	2.74533	6.19528	6.74354	7.79014	0	0	9.39168	0	7.36614	5.13823	6.6331	0	0	0	0	0	0	8.45353	0	0	0	0	0	0	0	0	0	0	0	9.03012	0	0	0	
0	0	0	0	0	0	0	0	5.92108	0	0	0	4.46438	0	0	0	8.58221	4.31436	0	0	0	0	0	0	6.51354	0	0	0	0	0	0	0	0	0	7.59684	8.2755	0	6.40217	0	0	0	0	9.32313	11.97971	0	9.60237	9.63145	6.8738	0	4.08694	0	9.57758	9.85736	7.74075	0	5.54797	0	4.56519	0	5.64142	7.79302	5.04338	5.21011	6.0845	5.58546	6.43231	7.09736	6.196	8.96237	6.76539	9.23493	3.88134	8.24022	8.35451	8.18186	4.2756	8.36204	5.67653	0	0	10.28803	11.46929	10.84454	0	5.30222	0	8.0567	4.60026	7.19327	0	2.02906	0	0	10.52092	0	0	0	0	0	0	
0	0	0	0	0	0	0	0	0	0	0	0	0	0	0	0	0	0	0	0	6.08664	0	0	0	0	0	0	0	0	5.61368	0	0	0	0	5.16526	0	0	0	0	0	10.10117	0	8.34164	8.14454	4.36225	0	0	0.78802	5.47912	5.92197	8.68003	0	0	2.48918	4.03935	6.92363	0	0	6.88129	7.95331	9.74943	5.85084	1.6052	8.12749	7.30578	7.25326	4.14157	4.92645	6.94575	6.32238	8.34777	7.43031	3.24626	4.87648	5.77237	0	5.22549	0	6.47141	0	0	0	6.14501	0	0	0	8.53606	0	0	0	0	0	0	0	0	0	0	0	0	0	
0	0	0	0	7.53034	0	0	0	0	0	0	6.09987	0	5.13574	0	0	0	0	0	0	0	0	0	0	0	0	0	0	0	0	0	0	0	0	0	0	0	0	0	7.53579	0	0	5.95528	0	4.36514	0	1.45735	0	0	0	3.28109	0	0	0	9.77119	0	0	0.78802	0	11.23752	7.64042	1.66912	5.89577	8.83483	7.69289	0	1.30289	5.28932	9.09054	6.78667	7.33489	9.23541	8.19875	6.42112	0	0	6.85723	3.88831	5.29288	5.67653	4.60026	6.56605	3.48213	0	1.29484	0	5.73676	9.77879	0	5.67832	0	0	0	0	5.45542	0	0	0	0	0	
0	0	0	0	0	0	0	0	0	0	0	0	0	0	0	0	0	7.63029	0	0	0	8.92404	8.42331	0	0	0	9.07941	0	0	0	0	0	0	7.14324	6.27295	0	0	0	0	0	0	0	0	0	0	0	0	0	0	0	5.33071	0	0	0	0	7.97274	10.02101	9.80383	5.3819	3.28109	0	7.99313	4.52729	0	7.60719	6.92559	6.43543	8.37145	5.19391	3.40468	8.25687	5.53393	6.70021	9.48078	8.93569	5.65065	4.19557	0	10.83378	7.42025	0	0	6.30879	0	6.62035	8.64664	5.33071	8.58767	0	10.00122	0	0	0	0	0	0	8.95117	0	0	0	
0	0	0	0	0	0	0	0	6.85748	0	0	0	0	0	0	0	0	0	0	0	0	0	0	0	0	0	0	0.78802	0	14.60919	0	0	0	0	0	0	0	0	0	9.16954	0	0	0	0	0	4.87494	0	5.88605	6.14501	0	0	9.34264	0	0	0	0	0	0	8.43368	0	7.40554	0	9.56938	9.77921	11.21407	5.01346	5.6134	0	0	6.59291	8.17023	5.71696	8.78158	7.71634	5.29446	9.07313	1.21119	0	0	7.30381	6.19534	8.36494	9.9376	9.46618	5.52431	0	0	0	0	0	7.19327	0	10.68631	0	0	0	0	0	0	0	
0	0	0	0	0	0	0	0	0	0	0	0	0	9.09291	0	0	0	0	0	2.7685	0	0	0	0	0	2.89233	0	0	0	0	0	0	0	0	6.37716	0	0	6.40712	0	0	8.22032	0	1.29484	10.59098	0	0	0	0	0	0	5.3819	7.94626	0	0	4.31436	0	0	0	0	5.60116	4.25887	0	6.10897	8.62267	4.60026	3.71366	9.22679	5.65588	0	4.73566	5.97564	0	6.32684	6.27007	10.59438	7.26851	4.79977	6.18094	7.32143	3.69423	0	7.51922	7.97987	4.53533	2.38178	0	0	7.19327	4.29282	0	9.72486	0	0	5.98868	0	0	0	0	5.24044	0	
0	0	0	0	0	0	0	7.81739	0	0	0	0	0	0	0	0	0	0	0	0	0	0	3.04743	0	0	0	0	0	12.36435	0	0	0	0	0	9.43724	0	0	0	0	0	0	0.39401	0	0	0	0	4.23124	0	0	0	0	0	9.38246	0	0	0	4.30209	4.20492	0	4.9994	7.85513	0	0	6.18712	0	1.66912	0	7.79321	6.72602	10.74737	8.36633	5.78312	7.61834	5.19683	7.80807	6.27219	7.15119	0	7.03968	5.02061	7.75886	7.58708	8.32982	0	6.62871	0	1.66912	6.08376	0	0	10.95387	8.28135	0	0	0	0	8.60662	0	0	0	
0	0	0	0	0	0	0	0	0	0	0	0	0	0	0	0	0	0	0	0	0	0	0	0	0	0	0	0	0	0	0	0	0	0	0	0	0	4.91848	0	0	0	0	0	0	0	0	0	0	0	3.38511	0	4.23307	0	4.78747	0	0	4.20492	6.10986	1.66912	0	5.83186	0	7.48424	11.99289	6.86483	5.3274	0	0	8.56883	5.64993	0	7.16432	5.65792	9.83887	7.24715	6.59123	0	3.80531	5.01275	7.55943	3.82699	9.42274	6.17434	1.29484	0	0	4.14202	0	0	0	0	0	6.21175	10.0303	10.47937	0	0	0	0	0	
0	0	0	0	0	0	0	9.23888	0	0	0	0	0	0	0	0	0	0	0	0	0	0	0	0	0	0	0	0	0	0	0	0	0	0	0	0	0	5.87751	0	5.33071	0	0	0	0	0	0	0	0	0	0	4.47374	0	0	10.10021	6.34708	0	0	7.15686	8.88021	13.40248	0	3.38511	0	7.38681	9.12261	8.18473	0	0	8.50072	5.472	7.76761	4.91101	4.92611	7.30548	6.09987	7.93968	5.9769	0	8.21857	6.3085	8.1855	8.98531	3.28303	4.83619	3.77878	0	0	1.00006	0	0	7.2146	0	0	0	0	1.78551	0	0	0	0	
0	0	0	0	0	0	0	0	0	0	0	0	0	0	0	0	0	0	0	0	0	0	0	0	0	9.86637	0	0	0	0	0	0	0	0	0	0	0	6.33881	0	0	0	0	0	0	9.96827	0	0	0	9.11198	0	0	0	0	0	0	2.9147	0	0	0	0	0	0	8.26621	0	0	6.07096	5.22933	7.5207	0	6.87888	2.47235	0	5.88664	0	9.04806	5.56355	6.92647	7.00257	6.0228	6.49023	3.07832	0	5.27887	0	8.18112	6.26593	0	0	0	0	10.37744	0	0	0	0	0	0	1.29484	0	0	
0	0	0	0	0	0	0	0	0	0	0	0	3.28109	0	0	0	0	0	0	0	0	0	0	0	0	0	0	0	0	0	0	0	0	0	0	0	0	0	0	0	0	0	0	0	0	0	0	8.8979	0	0	0	0	9.68338	0	0	0	0	0	0	4.34737	0	0	0	4.52481	5.73676	5.85015	9.53671	0	10.31626	0	0	8.54058	0	0	0	8.12714	6.75057	8.11733	6.37312	4.61238	0	7.44482	5.3285	4.81019	5.71088	3.28303	4.86667	0.78802	7.7213	0	0	0	0	5.81333	0	0	0	0	0	0	
0	0	0	0	0	0	0	0	0	0	0	0	0	0	0	0	0	0	0	0	0	0	0	0	0	0	0	0	0	0	0	0	9.83227	0	0	0	0	0	0	0	2.60578	0	0	0	0	0	0	0	0	0	0	0	0	0	0	0	6.95007	0	0	0	8.97631	0	0	5.46353	0	8.63854	0	0	7.29112	0	0	0	8.06847	0	0	1.96606	0	0	3.97341	9.33935	5.9371	6.62035	10.14812	0	4.83877	0	1.29484	0	0	0	6.56469	6.204	4.87427	0	0	0	0	0	0	0	
0	0	0	0	0	0	0	2.10246	0	0	0	0	0	0	0	0	0	0	0	0	0	0	0	0	0	0	0	8.1032	0	0	0	0	0	0	0	0	0	0	0	0	0	0	0	0	0	0	0	0	0	0	0	0	0	0	0	0	0	0	0	0	0	0	0	0	0	0	0	0	0	0	4.34479	5.0704	5.74086	0.78802	0	9.16591	10.39468	0	9.83609	4.0234	0	6.5396	0	7.51895	1.29484	9.11282	0	8.67234	0	0	0	0.78802	0	0	0	9.31657	0	0	0	0	
0	0	0	0	0	0	0	0	0	0	0	0	0	0	0	0	0	0	0	0	9.62217	0	0	0	0	0	0	0	0	0	1.66912	0	0	0	0	0	0	0	0	0	0	0	0	0	0	0	0	0	0	0	0	0	0	0	0	0	0	0	0	12.99335	0	0	0	0	5.59211	8.49771	5.98868	6.92947	0	0	0	0	0	0	0	1.96606	5.85455	0	0	0	3.22195	0	0	0	3.67002	7.90748	7.06556	6.86809	8.58767	0	8.00458	6.57708	7.4122	5.35653	0	6.89157	0	0	0	0	
0	0	0	0	0	0	0	0	0	0	0	0	0	0	0	0	0	0	0	0	0	0	0	0	0	0	0	0	0	0	0	0	0	0	0	0	0	0	0	0	0	0	0	0	0	0	0	0	5.83186	0	0	0	0	0	0	0	0	0	0	0	0	0	0	0	0	0	0	0	0	9.26638	11.90867	9.30667	7.04634	0	9.27487	6.11507	0	8.46841	0	0	0	7.89872	7.63953	0	4.56166	0	1.66912	0	0	4.846	0	1.7535	3.62432	0	5.27764	0	0	0	0	0	
0	0	0	0	0	0	0	0	0	0	0	0	0	0	0	6.85146	0	0	0	0	0	0	0	0	0	0	0	0	0	0	0	0	0	0	8.15193	0	0	0	0	0	0	0	0	0	0	0	0	0	0	0	0	0	0	0	0	0	0	0	0	0	0	0	0	0	0	0	0	5.04338	0	0	0	0	0	7.30357	0	0	0	2.48918	0	0	0	2.9147	0	0	2.62358	0	6.5117	3.40023	8.06063	10.40403	9.56379	0	8.57122	0	0	0	0	0	0	0	
0	0	0	0	0	0	0	0	0	0	0	0	0	0	0	0	0	0	0	0	0	0	0	0	0	0	0	0	0	0	0	0	0	0	0	0	0	0	0	0	0	0	0	0	0	0	0	0	7.28352	0	0	0	0	0	0	0	0	0	0	7.51322	0	0	0	0	0	5.56775	0	0	0	0	0	6.59887	0	0	0	0	0	12.41937	0	6.23418	9.64984	0	0	8.92404	0	0	0	0	0	0	0	0	0	0	0	0	0	0	0	0	
0	0	0	0	0	0	0	0	0	0	0	0	0	0	0	0	0	0	0	0	0	0	0	0	0	0	0	0	0	0	0	0	0	0	0	0	0	0	0	0	0	0	0	0	0	0	0	0	0	0	0	0	0	0	0	2.35722	0	0	12.19312	0	0	0	0	0	6.66236	0	0	0	0	0	0	7.46062	0	3.73928	0	0	7.70632	0	0	0	2.64957	3.74568	7.12506	7.68996	0	0	0	7.70632	8.00449	0	4.41608	10.47791	9.99934	0	0	0	0	0	0	0	
0	0	0	0	0	0	0	0	0	0	0	0	0	0	0	0	0	0	0	0	0	0	0	0	0	0	0	0	0	0	0	0	0	0	0	0	0	0	0	0	0	0	0	0	0	0	0	0	0	0	0	0	0	0	0	0	0	0	0	0	0	0	0	0	0	0	0	0	0	0	0	0	0	0	0	0	0	0	0	0	0	0	0	0	0	0	0.78802	0	0	0	0	9.60072	0	0	0	0	0	0	0	0	
0	0	0	0	0	0	0	0	0	0	0	0	0	0	0	0	0	0	0	0	0	0	0	0	0	0	0	0	0	0	0	0	0	0	0	0	0	0	0	0	0	0	0	0	0	0	0	0	0	0	0	0	0	0	0	0	0	0	0	0	0	0	0	0	0	0	0	0	0	0	7.48792	0	0	0	0	0	0	0	0	9.30828	0	0	0	10.42016	0	0	0	0	0	0	5.00922	8.89129	0	0	0	0	0	0	0	0	
0	0	0	0	0	0	0	0	0	0	0	0	0	0	0	0	0	0	0	0	0	0	0	0	0	0	0	0	0	0	0	0	0	0	0	0	0	0	0	0	0	0	0	0	0	0	0	0	0	0	0	0	0	0	0	0	0	0	0	3.48213	0	0	0	0	0	0	0	0	0	0	4.64285	0	0	0	0	0	0	0	0	0	0	0	0	0	0	0	4.76356	0	0	0	0	0	0	0	0	0	0	0	0	0	
0	0	0	0	0	0	0	0	0	0	0	0	0	0	0	0	0	0	0	0	0	0	0	0	0	0	0	0	0	0	0	0	0	0	0	0	0	0	0	0	0	0	0	0	0	0	0	0	0	0	0	0	0	0	0	0	0	0	0	0	0	0	0	0	0	0	0	0	0	8.78359	4.87494	0	0	0	0	0	0	0	6.62035	0	0	0	0	0	0	0	0	0	7.74104	8.77164	0	0	0	0	0	0	0	0	0	0	
0	0	0	0	0	0	0	0	0	0	0	0	0	0	0	0	0	0	0	0	0	0	0	0	0	0	0	0	0	0	0	0	0	0	0	0	0	0	0	0	0	0	0	0	0	0	0	0	0	0	0	0	0	0	0	0	0	0	0	0	0	0	0	0	0	0	0	0	0	0	0	0	0	0	0	0	0	0	0	0	0	0	0	0	0	0	2.21216	0	0	0	0	0	0	0	0	0	0	0	0	0	
0	0	0	0	0	0	0	0	0	0	0	0	0	0	0	0	0	0	0	0	0	0	0	0	0	0	0	0	0	0	0	0	0	0	0	0	0	0	0	0	0	0	0	0	0	0	0	0	0	0	0	0	0	0	0	0	0	0	7.93345	0	0	0	0	0	0	0	0	0	0	0	0	0	0	0	0	7.24256	0	0	0	0	0	0	0	0	0	0	0	0	0	0	0	0	0	0	0	0	0	0	0	0	
0	0	0	0	0	0	0	0	0	0	0	0	0	0	0	0	0	0	0	0	0	0	0	0	0	0	0	0	0	0	0	0	7.65522	0	0	0	0	0	0	0	0	0	0	0	0	0	0	0	0	0	1.29484	0	0	0	0	0	0	0	0	0	0	0	0	0	0	0	0	0	0	0	0	0	0	0	0	4.14691	0	0	0	0	5.95528	0	0	0	0	0	0	0	0	0	0	0	0	0	0	0	0	0	0	0	
0	0	0	0	0	0	0	0	0	0	0	0	0	0	0	0	0	0	0	0	0	0	0	0	0	0	0	0	0	0	0	0	0	0	0	0	0	0	0	0	0	0	0	0	0	0	0	0	0	0	0	0	0	0	0	0	0	0	0	0	0	0	0	0	0	0	0	0	0	0	0	0	0	0	0	0	0	0	0	0	0	0	0	0	0	0	0	0	0	0	0	0	0	0	0	0	0	0	0	0	
0	0	0	0	0	0	0	0	0	0	0	0	0	0	0	0	0	0	0	0	0	0	0	0	0	0	0	0	0	0	0	0	0	0	0	0	0	0	0	0	0	0	0	0	0	0	0	0	0	0	0	0	0	0	0	0	0	0	0	0	0	0	0	0	0	0	0	0	0	0	0	0	0	0	0	0	0	0	0	0	0	0	0	0	0	0	0	0	0	0	0	0	0	0	0	0	0	0	0	0	
0	0	0	0	0	0	0	0	0	0	0	0	0	0	0	0	0	0	0	0	0	0	0	0	0	0	0	0	0	0	0	0	0	0	0	0	0	0	0	0	0	0	0	0	0	0	0	0	0	0	0	0	0	0	0	0	0	0	0	0	0	0	0	0	0	0	0	0	0	0	0	0	0	0	0	0	0	0	0	0	0	0	0	0	0	0	0	0	0	0	0	0	0	0	0	0	0	0	0	0	
0	0	0	0	0	0	0	0	0	0	0	0	0	0	0	0	0	0	0	0	0	0	0	0	0	0	0	0	0	0	0	0	0	0	0	0	0	0	0	0	0	0	0	0	0	0	0	0	0	0	0	0	0	0	0	0	0	0	0	0	0	0	0	0	0	0	0	0	0	0	0	0	0	0	0	0	0	0	0	0	0	0	0	0	0	0	0	0	0	0	0	0	0	0	0	0	0	0	0	0	
0	0	0	0	0	0	0	0	0	0	0	0	0	0	0	0	0	0	0	0	0	0	0	0	0	0	0	0	0	0	0	0	0	0	0	0	0	0	0	0	0	0	0	0	0	0	0	0	0	0	0	0	0	0	0	0	0	0	0	0	0	0	0	0	0	0	0	0	0	0	0	0	0	0	0	0	0	0	0	0	0	0.78802	0	0	0	0	0	0	0	0	0	0	0	0	0	0	0	0	0	0	
0	0	0	0	0	0	0	0	0	0	0	0	0	0	0	0	0	0	0	0	0	0	0	0	0	0	0	0	0	0	0	0	0	0	0	0	0	0	0	0	0	0	0	0	0	0	0	11.48766	0	0	0	0	0	0	0	0	0	0	0	0	0	0	0	0	0	0	0	0	0	0	0	0	0	0	9.8602	0	0	0	0	0	0	0	0	0	0	0	0	0	0	0	0	0	0	0	0	0	0	0	0	0	
