0	0	0	0	0	0	0	0	0	0	0	0	0	0	0	0	0	0	0	0	0	0	0	0	0	0	0	0	0	0	0	0	0	0	0	0	0	0	0	0	0	0	0	0	0	0	0	0	0	0	0	11.63262	0	0	0	0	0	0	0	0	0	0	0	0	0	0	0	0	0	0	0	0	0	0	0	0	0	0	0	0	0	0	0	0	0	0	0	0	0	0	0	0	0	0	0	0	0	0	0	0	
0	0	0	0	0	0	0	0	0	0	0	0	0	0	0	0	0	0	0	0	0	0	0	0	0	0	0	0	0	0	0	0	0	0	0	0	0	0	0	0	0	0	0	0	0	0	0	13.91935	0	0	0	0	0	0	0	0	0	0	0	0	0	0	0	14.42046	0	0	0	0	0	0	0	0	0	0	0	0	0	0	0	0	0	0	0	0	0	0	0	0	0	0	0	0	0	0	0	0	0	0	0	0	
0	0	0	0	0	0	0	0	0	0	0	0	0	0	0	0	0	0	0	0	0	0	0	0	0	0	0	0	0	0	0	0	0	0	0	0	0	0	0	0	0	0	0	0	0	0	0	0	0	0	0	0	0	0	9.8335	0	0	0	0	0	0	0	0	0	0	0	0	0	0	0	0	0	0	0	0	0	0	0	0	0	0	0	0	0	0	0	0	0	0	0	0	0	0	0	0	0	0	0	0	0	
0	0	0	0	0	0	0	0	0	0	0	0	0	0	0	0	0	0	0	0	0	0	0	0	0	0	0	0	0	0	0	0	0	0	0	0	0	0	0	0	0	0	0	0	0	0	12.43357	9.54718	0	0	0	0	0	0	0	0	0	0	0	0	0	0	0	0	0	0	0	0	0	0	0	0	0	0	0	0	0	0	0	0	0	0	0	0	0	0	0	0	0	0	0	0	0	0	0	0	0	0	0	0	
0	0	0	0	0	0	0	0	0	0	0	0	0	0	0	0	0	0	0	0	0	0	0	0	0	0	0	0	0	0	0	0	0	0	0	0	0	7.11384	0	0	0	0	0	12.11693	0	0	0	0	0	0	0	0	0	0	0	0	0	0	0	0	0	0	0	0	0	0	0	0	0	0	0	0	0	0	0	0	0	0	0	0	0	0	0	0	0	0	0	0	0	0	0	0	0	0	0	0	0	0	0	0	
0	0	0	0	0	0	0	0	0	0	0	0	0	0	0	0	0	0	0	0	0	0	0	0	0	0	0	0	0	0	0	0	0	0	0	0	0	0	0	0	0	0	0	0	0	0	0	0	0	0	0	0	0	0	0	0	0	0	0	0	0	0	0	0	0	0	0	0	0	0	0	0	8.15962	0	0	0	0	0	0	0	0	0	0	0	0	0	0	0	0	0	0	0	0	0	0	0	0	0	0	0	
0	0	0	0	0	0	0	0	0	0	0	0	0	0	0	0	0	0	0	0	0	0	0	0	0	0	0	0	0	0	0	0	0	0	0	0	0	0	0	0	0	0	0	0	0	0	0	0	0	0	0	0	0	0	0	0	0	0	0	0	0	0	0	0	0	0	0	0	0	0	0	0	0	0	11.36697	0	0	0	0	0	0	0	0	0	0	0	0	0	0	0	0	0	0	0	0	0	0	0	0	0	
0	0	0	0	0	0	0	0	0	0	0	0	0	0	0	0	0	0	0	0	0	0	0	0	0	0	0	0	0	0	0	0	0	0	0	0	0	0	0	0	0	0	0	0	0	0	0	0	0	0	0	8.80756	0	0	0	13.1028	0	0	12.62264	0	0	0	0	0	0	0	0	0	0	0	0	0	0	0	0	0	0	0	0	0	0	0	0	0	0	0	0	0	0	0	0	0	0	0	0	0	0	0	0	0	
0	0	0	0	0	0	0	0	0	0	0	0	0	0	0	0	0	0	0	0	0	0	0	0	0	0	0	0	7.91673	0	0	0	0	0	0	0	0	0	0	0	0	0	0	0	0	0	0	0	0	0	0	0	0	0	0	0	0	0	0	0	0	0	0	0	0	0	0	7.44786	0	0	0	0	0	0	0	0	0	0	0	0	0	0	0	0	0	0	0	0	0	0	0	0	0	0	0	0	0	0	0	0	
0	0	0	0	0	0	0	0	0	0	0	0	0	0	0	0	0	0	0	0	0	0	0	0	0	0	0	0	0	0	0	0	0	0	0	0	0	0	0	0	0	0	0	0	0	0	0	0	0	0	0	0	0	0	0	9.05719	0	0	0	0	0	0	0	0	0	0	0	0	0	0	0	0	0	0	0	0	0	0	0	0	0	0	0	0	0	0	0	0	0	0	0	0	0	0	0	0	0	0	0	0	
0	0	0	0	0	0	0	0	0	0	0	0	0	0	0	0	0	0	0	0	0	0	0	0	0	0	0	0	0	0	0	0	0	0	0	0	0	0	0	0	0	0	0	0	0	0	0	0	0	0	0	0	0	0	0	0	0	0	0	0	0	0	0	0	0	0	0	10.82057	0	0	0	0	0	0	0	0	0	0	0	0	0	0	0	0	0	0	0	0	0	0	0	0	0	0	0	0	0	0	0	0	
0	0	0	0	0	0	0	0	0	0	0	0	0	0	0	0	0	0	0	0	0	0	0	0	0	0	0	0	0	0	0	0	0	0	0	0	0	0	0	0	0	0	0	0	0	0	0	0	0	0	0	0	4.6254	0	0	0	3.18002	0	0	0	0	0	0	0	0	0	0	0	0	0	0	7.91216	0	0	0	0	0	0	0	0	0	0	0	0	0	0	0	0	0	0	0	0	0	0	0	0	0	0	0	0	
0	0	0	0	0	0	0	0	0	0	0	0	0	0	0	0	0	0	0	0	0	0	0	0	0	0	0	0	0	0	0	0	0	0	0	0	0	0	0	0	0	0	0	0	0	0	0	0	12.57882	0	0	0	14.47162	0	0	0	0	0	0	0	0	0	0	0	0	0	0	6.54592	0	0	0	0	0	0	0	0	0	0	0	0	0	0	0	0	0	0	0	0	0	0	0	0	0	0	0	0	0	0	0	0	
0	0	0	0	0	0	0	0	0	0	0	0	0	0	0	0	0	0	0	0	0	0	0	0	0	0	0	0	0	0	13.02903	0	0	0	0	0	0	0	0	7.0065	0	0	0	0	0	0	0	8.96977	0	0	0	0	0	0	0	0	0	6.91813	6.21604	0	10.41397	0	0	10.20708	0	0	0	0	0	0	0	0	0	0	0	0	0	0	0	0	0	0	0	0	0	0	0	0	0	0	0	0	0	0	0	0	0	0	0	0	
0	0	0	0	0	0	0	0	0	0	0	0	0	0	0	0	0	0	0	0	0	0	0	0	0	0	0	0	0	0	0	0	0	0	0	0	0	0	0	0	0	0	0	0	0	0	0	0	0	0	0	0	0	0	6.58122	0	0	0	0	0	0	0	0	0	0	0	0	0	0	0	0	0	0	0	0	0	0	0	0	0	0	0	0	0	0	0	0	0	0	0	0	0	0	0	0	0	0	0	0	0	
0	0	0	0	0	0	0	0	0	0	0	0	0	0	0	0	0	0	0	0	0	0	0	0	0	0	0	0	0	0	0	0	0	0	0	0	0	0	0	0	0	0	18.16524	0	0	0	0	0	0	0	0	0	8.97635	0	0	0	0	0	0	11.7257	0	0	0	0	0	0	0	0	0	0	0	7.27907	0	0	0	0	0	0	0	0	0	0	0	0	0	0	0	0	0	0	0	0	0	0	0	0	0	0	0	0	
0	0	0	0	0	0	0	0	0	0	0	0	0	0	0	0	0	0	0	0	0	0	0	0	0	0	0	0	0	0	0	0	0	0	0	0	0	0	0	0	0	0	0	8.26299	0	0	0	10.56347	0	0	0	8.41637	0	0	0	0	0	0	4.74656	0	0	0	0	0	0	0	0	0	0	0	0	0	0	0	0	0	0	0	0	0	0	0	0	0	0	0	0	0	0	0	0	0	0	0	0	0	0	0	0	0	
0	0	0	0	0	0	0	0	0	0	0	0	0	0	0	0	0	0	0	0	0	0	0	0	0	0	0	0	0	0	0	0	0	0	0	0	0	0	0	0	0	0	13.64816	0	0	0	0	0	0	0	0	0	0	0	0	8.09256	0	0	0	0	0	0	0	0	0	0	2.26894	0	12.20406	0	0	0	0	0	0	0	0	0	0	0	0	0	0	0	0	0	0	0	0	0	0	0	0	0	0	0	0	0	0	0	
0	0	0	0	0	0	0	0	0	0	0	0	0	0	0	0	0	0	0	0	0	0	0	0	0	0	0	0	0	0	0	0	0	0	0	0	0	0	0	0	12.02973	0	0	0	0	0	0	0	0	0	0	0	0	0	0	0	0	0	0	0	0	0	0	0	0	0	0	0	0	0	0	0	0	0	0	0	0	0	0	0	0	0	0	0	0	0	0	0	0	0	0	0	0	0	0	0	0	0	0	0	
0	0	0	0	0	0	0	0	0	0	0	0	0	0	0	0	0	0	0	0	0	0	0	0	0	0	0	0	0	0	0	0	0	0	0	0	0	0	0	0	0	0	0	0	0	0	0	9.50531	0	0	9.737	0	0	0	0	0	0	0	0	0	0	0	0	0	0	0	0	0	0	0	0	0	0	0	0	0	8.44224	0	0	0	0	0	0	0	0	0	0	0	0	0	0	0	0	0	0	0	0	0	0	0	
0	0	0	0	0	0	0	0	0	0	0	0	0	0	0	0	0	0	0	0	0	0	0	0	0	0	0	0	0	0	0	0	0	0	0	0	0	0	0	0	0	0	0	0	0	0	0	8.39063	0	0	10.41753	11.32161	0	0	0	0	8.48045	0	9.64951	0	9.67535	0	0	0	0	8.85782	0	0	0	0	0	0	0	0	0	0	0	0	0	0	0	0	0	0	0	0	0	0	0	0	0	0	0	0	0	0	0	0	0	0	
0	0	0	0	0	0	0	0	0	0	0	0	0	0	0	0	0	0	0	0	0	0	0	0	0	0	0	0	0	0	0	0	0	0	0	0	0	0	0	0	0	11.66692	0	0	0	0	0	0	0	0	0	0	0	0	0	0	0	0	0	0	0	0	0	0	0	0	0	0	0	0	0	0	0	0	0	0	0	0	0	0	0	0	0	0	0	0	0	0	0	0	0	0	0	0	0	0	0	0	0	0	
0	0	0	0	0	0	0	0	0	0	0	0	0	0	0	0	0	0	0	0	0	0	0	0	0	0	0	0	0	0	0	9.70338	0	0	0	0	0	0	0	0	0	0	0	0	0	0	0	7.68465	0	0	0	0	0	0	0	0	0	0	0	0	0	0	0	2.83015	0	0	0	2.26894	0	0	0	0	0	0	0	0	0	0	0	0	0	0	0	0	0	0	0	0	0	0	0	0	0	0	0	0	0	0	0	0	
0	0	0	0	0	0	0	0	0	0	0	0	0	0	0	0	0	0	0	0	0	0	0	0	0	0	0	0	0	0	0	11.2973	0	0	0	0	0	0	0	0	0	0	0	0	0	0	0	0	0	0	0	0	0	0	0	0	0	0	0	0	0	0	0	0	0	0	0	0	0	0	0	0	0	0	0	0	0	0	0	0	0	0	0	0	0	0	0	0	0	0	0	0	0	0	0	0	0	0	0	0	
0	0	0	0	0	0	0	0	0	0	0	0	0	0	0	0	0	0	0	0	0	0	0	0	0	0	0	0	0	0	0	0	0	0	0	0	0	0	0	0	0	0	0	10.11169	0	0	0	0	0	12.56579	0	0	0	0	9.39504	0	0	0	0	0	0	0	0	0	0	0	0	0	0	0	0	0	0	0	0	0	0	0	0	4.01604	0	0	0	0	0	0	0	0	0	0	0	0	0	0	0	0	0	0	0	0	
0	0	0	0	0	0	0	0	0	0	0	0	0	0	0	0	0	0	0	0	0	0	0	0	0	0	0	0	0	0	0	0	11.29598	0	0	0	0	0	0	0	0	0	0	0	0	0	0	4.83299	0	0	11.33529	0	0	0	0	0	0	0	9.10401	0	0	0	0	0	0	0	0	0	0	0	4.79379	0	0	0	0	0	0	0	0	0	0	0	0	0	0	5.90508	0	0	0	0	0	0	0	0	0	0	0	0	0	0	
0	0	0	0	0	0	0	0	0	0	0	0	0	0	0	0	0	0	0	0	0	0	0	0	0	0	0	0	0	0	0	0	0	0	0	0	0	0	0	11.6347	0	0	0	0	15.34874	0	5.66267	0	0	0	0	0	0	0	0	0	0	0	0	0	0	0	0	0	0	0	0	0	0	2.01999	0	0	0	0	0	0	0	0	0	0	0	0	0	0	0	0	0	0	0	0	0	0	0	0	0	0	0	0	0	0	
0	0	0	0	0	0	0	0	0	0	0	0	0	0	0	0	0	0	0	0	0	0	0	0	0	0	0	0	0	0	0	0	0	0	0	9.60349	0	0	0	0	0	0	0	0	0	0	0	8.1939	0	0	0	0	0	8.21648	0	0	0	0	0	0	10.12754	0	0	0	0	0	0	0	0	0	0	0	0	0	0	0	0	0	0	0	0	0	0	0	0	0	0	0	0	0	0	0	0	0	6.42287	0	0	0	0	0	
0	0	0	0	0	0	0	0	0	0	0	0	0	0	0	0	0	0	0	0	0	0	0	0	0	0	0	0	0	0	0	0	0	0	0	0	0	0	0	0	0	16.99695	0	0	0	0	0	0	0	0	0	0	0.81877	0	0	0	0	0	0	0	0	0	0	0	0	0	0	3.34586	0	0	0	3.88274	0	0	0	0	0	0	0	0	0	0	0	0	0	0	0	0	0	0	0	0	0	0	0	0	0	0	0	0	
0	0	0	0	0	0	0	0	0	0	0	0	0	0	0	0	0	0	0	0	0	0	0	0	0	0	0	0	0	0	0	0	0	0	0	0	0	0	0	0	8.44224	0	0	0	9.72698	0	0	5.86853	0	0	12.19351	11.87401	0	0	0	10.89827	0	0	9.31251	0	9.20644	0	0	0	0	0	0	0	1.33794	0	0	0	0	0	0	0	0	0	0	0	0	0	0	0	0	0	0	0	0	0	0	0	0	0	0	2.83015	0	0	0	0	
0	0	0	0	0	0	0	0	0	0	0	0	0	0	0	0	0	0	0	0	0	0	0	0	0	0	0	0	0	0	0	0	0	0	0	0	0	0	0	0	0	0	0	0	18.87582	0	0	0	0	3.23318	0	0	8.74161	0	0	0	0	7.75777	0	0	0	10.78728	0	0	0	0	0	0	0	0	0	0	0	0	0	0	0	0	0	0	0	0	0	0	0	0	0	0	0	0	0	0	0	0	0	0	0	0	0	0	
0	0	0	0	0	0	0	0	0	0	0	0	0	0	0	0	0	0	0	0	0	0	0	0	0	0	0	0	0	0	0	0	0	0	0	0	0	0	0	0	0	0	0	12.47035	0	0	14.965	0	0	0	11.77779	0	0	0	0	0	0	0	0	8.78473	0	0	0	0	7.90298	0	0	8.4327	0	0	0	0	9.85031	0	0	0	3.80601	0	0	0	0	0	0	0	0	0	0	0	0	0	0	0	0	0	0	0	0	0	0	0	
0	0	0	0	0	0	0	0	0	0	0	0	0	0	0	0	0	0	0	0	0	0	0	0	0	0	0	0	0	0	0	0	0	0	0	0	0	0	0	0	0	0	0	0	2.26894	1.71888	0	11.55049	0	0	0	11.46276	4.90832	0	0	5.68426	0	0	0	0	0	0	0	0	0	0	0	11.59036	0	0	0	0	0	11.30516	0	0	0	0	0	0	0	0	0	0	0	0	0	0	0	0	0	0	0	0	0	0	0	0	0	0	
0	0	0	0	0	0	0	0	0	0	0	0	0	0	0	0	0	0	0	0	0	0	0	0	0	0	0	0	0	0	0	0	0	0	0	0	0	18.88504	0	0	0	0	0	0	0	0	0	0	9.38518	0	0	7.56277	0	0	7.81762	0	10.79226	0	0	4.21496	0	2.01999	0	0	0	0	0	0	0	0	0	0	0	0	6.27687	1.33794	0	0	0	0	0	0	0	0	0	0	0	0	0	0	0	0	0	0	0	0	0	0	0	0	
0	0	0	0	0	0	0	0	0	0	0	0	0	0	0	0	0	0	0	0	0	0	0	0	0	0	0	0	0	0	0	0	0	0	0	0	0	0	0	0	0	0	16.51865	0	0	11.34214	0	14.06015	0	0	10.55428	0	10.94989	0	9.84672	0	0	0	0	0	0	0	0	11.34722	0	0	0	1.71888	0	0	13.66464	0	0	0	0	0	0	0	2.97737	0	0	0	0	0	0	0	0	0	0	0	0	0	0	0	0	0	0	0	0	0	
0	0	0	0	0	0	0	0	0	0	0	0	0	0	0	0	0	0	0	0	0	0	0	0	0	0	0	0	0	0	0	0	0	0	0	0	0	0	0	0	0	0	0	0	0	0	0	8.46112	10.86497	0	0	12.87191	0	0	0	0	0	0	0	0	0	0	0	0	1.33794	0	0	0	0	0	0	0	0	0	0	0	0	0	0	0	0	0	0	0	0	0	0	0	0	0	10.94038	0	0	0	0	0	0	0	0	0	
0	0	0	0	0	0	0	0	0	0	0	0	0	0	0	0	0	0	0	0	0	0	0	0	0	0	0	0	0	0	0	0	0	0	0	0	0	0	0	0	0	0	0	0	0	0	0	12.50774	0	0	0	0	10.1996	0	0	0	0	0	11.09857	10.76021	0	0	0	0	0	0	0	0	0	0	0	0	0	0	0	0	0	0	0	0	0	0	0	0	0	0	0	0	0	0	0	0	0	0	0	0	0	0	7.93486	0	
0	0	0	0	0	0	0	0	0	0	0	0	0	0	0	0	0	0	0	0	0	0	0	0	0	0	0	0	0	0	0	0	0	0	0	0	0	0	0	0	0	0	9.75786	0	0	0	0	0	0	9.20262	0	11.63054	0	8.75188	0	0	0	0	0	0	0	0	0	0	13.64911	0	0	0	0	0	0	0	0	0	0	0	14.72126	0	0	0	0	0	0	0	0	0	0	0	0	0	0	0	0	0	0	0	0	0	0	0	
0	0	0	0	0	0	0	0	0	0	0	0	12.20943	0	0	0	0	0	0	0	0	0	0	0	0	0	0	0	0	0	10.90748	0	0	0	0	0	0	0	0	0	0	0	10.71573	0	0	0	0	9.15516	0	0	13.27602	0	0	6.09227	3.80601	0	9.54299	0	0	0	0	0	0	10.24481	14.42298	10.21359	0	0	0	0	0	0	0	0	0	0	0	0	0	0	0	0	0	0	0	0	0	0	0	0	0	0	0	0	0	0	0	0	0	0	
0	0	0	0	0	0	0	0	0	0	0	0	0	0	0	0	0	0	0	0	0	0	0	0	0	0	0	0	0	0	0	0	0	0	0	0	0	0	0	0	0	0	0	0	0	10.7399	6.37054	0	5.23531	11.33661	2.01999	7.6604	7.88354	0	10.18737	7.36403	0	0	0	0	11.89818	0	0	0	0	0	0	0	0	7.56667	0	0	0	0	0	0	3.18873	0	0	0	0	0	0	0	0	0	0	0	0	0	0	0	0	0	0	0	0	0	0	0	
0	0	0	0	0	0	0	0	0	0	0	0	0	0	0	10.15969	0	0	0	0	0	0	0	0	0	0	0	0	0	0	0	0	0	0	0	9.00022	11.71164	0	0	0	0	0	0	5.61848	0	9.87985	8.37185	8.37079	7.34834	8.20888	0	0	3.23318	0	11.70967	0	0	0	0	8.36411	0	10.79226	0	8.16731	0	10.47751	0	0	11.49811	0	11.54681	0	0	0	0	11.24924	0	5.54956	0	2.83015	0	0	0	0	0	0	0	0	0	0	8.72348	0	0	0	0	0	0	0	0	0	
0	0	0	0	0	0	0	0	0	0	0	0	0	0	0	0	0	0	0	0	0	0	0	0	0	0	11.7547	0	0	0	0	2.97737	0	0	7.62449	0	0	0	0	0	11.06985	0	0	0	0	0	0	0	12.42289	6.15548	4.6254	9.90995	9.3636	0	10.74936	0	8.2921	0	3.34586	0	7.65762	8.27085	0	0	0	9.82015	0	0	0	0	0	0	0	9.47	0	0	0	0	0	0	0	0	0	0	0	0	0	0	0	0	0	0	0	0	0	0	5.14476	0	0	0	
0	0	0	0	0	0	0	0	0	0	0	0	0	0	0	0	0	0	0	11.4708	0	0	0	0	0	0	0	0	0	0	0	0	0	0	0	0	0	0	0	0	0	0	0	13.29712	0	0	14.36816	12.64862	11.52154	0	8.00518	8.45497	11.32934	0	0	0	14.42293	0	0	7.98344	6.97356	0	0	12.40946	0	7.04039	0	9.54273	0	0	0	0	0	0	0	0	0	0	0	0	0	0	0	0	0	0	0	0	0	0	9.56947	0	0	0	0	0	0	0	0	0	
0	0	0	0	0	0	0	0	0	0	0	0	8.15189	0	0	0	0	0	0	9.57488	0	0	0	0	0	0	0	0	0	0	0	0	0	8.40853	0	0	0	0	0	0	0	9.88918	12.22171	0	9.49557	0	0	4.88208	9.27386	0	3.95558	9.32544	7.68995	5.71459	9.62711	11.19852	6.45692	5.09746	9.62628	0	0	0	0	0	4.21496	0	0	0	0	0	0	0	0	0	0	0	0	0	10.07742	3.63913	0	0	0	0	0	0	0	0	0	0	0	0	0	0	0	0	0	0	0	0	
0	0	0	0	0	0	0	0	0	0	0	0	0	0	0	0	0	0	0	0	0	0	0	14.35054	0	0	0	0	0	0	0	0	0	0	0	0	0	0	12.34101	0	0	0	8.27238	9.03425	7.65762	0	9.44743	5.57584	0	7.49059	9.38353	7.67845	0	0	0	0	0	5.92938	15.3275	9.93156	11.05619	0	0	0	8.44224	0	0	0	0	0	0	0	0	0	0	0	0	0	0	0	0	0	0	0	0	0	0	0	0	0	0	0	0	0	0	0	0	0	0	0	
0	0	8.75188	0	0	0	0	0	0	0	0	0	0	0	0	0	0	0	0	0	0	0	0	0	0	0	0	0	0	0	0	0	0	0	0	0	0	0	0	0	10.18991	0	0	0	0	9.01307	0	7.1441	8.92512	12.12604	0	8.22738	9.43857	10.37198	4.09109	10.33887	0	0	3.95558	2.26894	9.04642	0	8.9319	10.55208	0	0	0	0	0	0	0	7.46703	0	0	0	0	4.71205	0	0	0	0	0	0	0	0	0	0	0	0	0	0	0	0	0	0	0	0	0	0	0	
0	0	0	0	0	0	0	0	0	0	0	10.3183	0	0	0	0	0	0	0	0	0	0	0	0	0	0	0	0	0	0	0	0	6.84332	0	0	0	0	9.96993	14.82832	7.12967	6.00915	6.35716	0	0	11.99354	8.56181	11.31411	8.7289	11.35246	0	10.94598	0	3.84789	6.57049	0	11.30029	6.38238	11.17978	0	0	0	0	0	0	0	0	0	10.30964	0	0	0	0	7.98357	0	0	11.88396	0	0	9.73606	0	0	0	0	0	0	0	0	0	0	0	0	0	0	0	0	8.70013	0	0	0	0	
0	0	0	0	0	0	0	0	0	0	0	0	0	0	0	0	0	0	0	0	0	0	0	0	0	0	0	0	0	0	0	0	0	0	5.01443	8.08184	0	0	0	6.64836	0	12.81462	0	10.8974	15.27014	10.23268	7.26084	8.79375	6.41274	10.07846	11.15701	9.75659	5.74717	9.40384	0	0	10.59204	0	0	8.48122	9.71916	0	3.54784	0	0	0	0	0	0	0	0	0	0	0	0	0	0	0	5.84629	0	0	0	0	0	0	0	0	9.34338	0	0	0	0	0	0	0	0	0	0	0	0	
0	0	0	0	0	0	0	0	11.80885	0	11.52079	0	0	0	0	0	0	0	0	0	0	0	0	0	0	0	12.43953	0	0	0	0	0	0	0	1.33794	2.01999	0	13.08249	11.66149	0	8.86934	7.69	0	7.40796	2.01999	12.28014	7.88049	7.88776	9.97234	9.52091	0	7.88662	1.33794	0	0	0	8.48101	5.29268	0	0	0	0	2.26894	0	0	0	11.27884	0	0	0	0	0	0	0	0	0	0	0	0	0	0	0	0	0	0	0	0	0	0	0	0	0	0	7.10586	0	0	0	0	0	0	
0	0	0	0	0	0	0	0	0	0	0	12.62334	0	0	14.61212	0	0	0	0	0	0	0	0	0	0	0	0	0	0	0	0	10.80956	0	0	7.66849	0	11.66489	0	0	9.92549	3.34586	0	10.05776	10.98631	10.13781	7.70186	10.622	8.86737	4.21635	10.88409	6.92302	9.95684	11.24251	9.68215	0	4.97992	9.67011	0	0	12.45787	11.492	5.56833	0	8.87904	0	0	0	0	0	0	0	0	0	1.71888	0	6.89498	0	0	0	0	0	0	0	5.78764	0	0	0	0	0	0	0	0	0	0	0	0	0	0	0	0	
0	0	0	0	0	0	0	0	0	0	0	0	14.84194	0	0	0	0	0	0	0	0	0	0	0	0	0	0	0	0	9.4977	0	0	8.20515	0	5.70554	0	12.51529	0	13.04373	10.04022	10.26423	11.95258	9.44249	9.13713	9.55598	4.97305	9.52015	10.67357	6.48571	9.65402	8.8623	12.50281	10.80155	6.97177	7.10963	10.1838	11.66731	0	0	10.83633	4.90832	0	0	0	0	0	0	0	0	0	0	0	0	9.03578	0	0	0	0	0	0	9.38353	0	0	0	0	0	0	0	0	0	0	0	0	0	0	0	0	0	0	0	
0	0	0	0	0	0	0	14.90092	0	0	0	9.25053	0	0	0	0	0	0	0	0	0	0	0	0	0	0	0	8.51031	0	0	5.86532	0	12.99919	0	0	0	5.34784	11.9279	9.7965	11.23037	10.4451	5.92116	0	11.09593	10.84367	9.4195	9.43207	9.25107	10.82156	9.91114	6.08548	9.40331	11.49811	9.56909	9.63272	8.31493	12.12336	6.17114	5.15055	8.95207	7.26514	14.19234	10.40701	0	10.30964	0	0	0	0	0	0	0	0	9.59354	0	0	0	0	0	0	0	0	0	0	0	0	0	0	0	0	0	0	0	0	0	0	0	0	0	0	
14.47728	0	0	0	0	0	0	0	7.65006	0	0	0	8.47048	0	0	0	0	0	0	0	0	0	0	0	13.69911	0	0	7.67929	0	0	0	0	12.19257	0	11.74279	7.57333	0	6.824	10.70028	8.33749	9.17818	10.09981	6.01679	9.9789	11.7017	10.24812	8.69034	10.27101	6.0766	6.23628	11.07897	7.27852	7.81739	6.33219	10.6214	9.35409	9.94392	7.60297	0	10.47973	1.33794	2.01999	0	7.11694	0	9.22313	0	0	0	0	5.37465	0	0	0	0	0	0	0	0	0	0	0	5.089	0	0	10.51318	0	0	0	0	0	0	0	0	0	0	0	0	0	0	
0	0	0	10.91834	0	0	0	0	0	0	0	0	0	0	0	0	0	0	7.84184	0	0	10.15487	0	5.26428	11.81605	8.10463	0	0	11.12295	8.50426	12.37691	0	14.81799	0	0	0.81877	0	10.69632	11.20276	9.67332	8.88234	7.51388	9.42295	9.26249	9.56765	9.75816	9.13423	8.54828	10.71251	6.26428	10.50385	10.11943	9.91657	7.19341	6.97136	9.26064	0	5.27267	5.61503	9.02549	0.81877	3.80601	9.67938	0	0	0	0	0	0	7.15309	0	0	6.15548	0	2.66621	12.14299	12.13884	4.32902	0	4.90832	0	0	0	0	0	0	0	0	0	0	0	0	0	0	0	0	0	0	0	0	
8.8266	0	0	0	13.09715	8.55943	0	0	0	0	0	0	0	0	0	0	0	11.40892	0	0	0	0	0	0	10.21266	0	9.73781	9.20288	0	15.41572	10.33062	0	0	0	10.81201	9.91681	6.49219	11.06891	11.42904	9.52824	8.12434	9.40061	9.83521	9.79194	9.0091	9.04235	9.53934	9.62064	9.10952	10.85536	6.27617	10.45955	11.79247	7.46839	10.44	10.0819	9.58209	3.91556	7.40246	8.68398	9.61619	0	6.95917	10.76021	10.98294	10.286	9.40216	0	0	0	0	0	0	0	8.67307	0	0	0	0	0	0	0	0	0	0	0	0	0	0	0	0	0	0	0	0	0	0	0	0	0	
0	0	0	0	0	0	0	0	8.39718	0	10.28423	0	0	0	0	0	8.96536	13.30745	10.18547	7.64115	12.35243	7.08103	0	0	0	12.94095	0	11.37155	5.8899	10.48829	0	10.35242	12.6317	9.61991	9.97138	10.03862	7.92164	6.63617	10.05455	9.40709	9.71309	8.56898	5.25602	8.9788	10.17555	8.77757	8.9478	9.18848	8.97229	8.01663	8.29228	11.607	8.51558	8.40393	6.90143	6.23569	5.4083	8.40695	0	10.05272	6.25389	8.65677	9.66507	0	9.16788	11.43104	2.83015	0	0	0	0	6.30236	0	0	8.4454	0	0	0	9.23963	0	0	0	0	0	0	7.35508	0	0	0	0	0	0	0	0	0	5.66267	0	0	0	0	
0	10.64379	0	0	3.54784	9.66044	0	0	0	0	0	0	0	0	5.78764	10.30442	0	10.64586	11.25765	0	6.3838	0	6.52214	0	0	0	0	0	10.50985	9.43857	8.32315	0	11.94282	5.60669	10.94542	7.7304	10.39586	11.77226	8.81945	9.14324	8.67072	8.22142	8.35405	8.48285	8.85105	8.36465	8.86441	9.64335	8.45953	8.48809	7.53847	8.54498	8.00851	7.49897	8.55627	8.99084	7.82249	8.48623	8.95481	7.11873	0	7.90757	0	12.86277	10.29326	2.83015	6.0883	6.88121	0	0	0	0	0	0	0	6.48571	0	0	0	0	8.58262	0	0	0	0	0	0	0	0	0	0	0	0	0	0	0	0	0	0	0	
0	10.88784	10.286	0	9.68379	0	0	0	0	0	8.7747	0	0	0	9.38353	8.0966	0	9.08587	0	0	7.10586	7.73725	9.54675	11.10526	10.45883	9.6204	0	5.69149	8.72348	8.68639	12.70748	10.45256	10.4192	10.83164	10.66919	5.39582	8.138	9.40033	8.18632	8.01392	7.85388	8.81943	7.94977	8.01437	7.11944	7.47803	9.19486	7.63595	9.73117	8.76621	7.64871	9.62955	8.67697	8.05245	7.49763	6.83442	8.04838	4.84177	8.26016	9.8515	0	9.01598	10.09358	10.41047	2.16451	1.33794	0	0	0	0	0	7.54999	0	3.54784	9.32974	0	7.16849	0	0.81877	0	0	0	0	4.8109	0	1.48869	0	0	0	0	0	0	0	0	0	0	0	0	0	0	
0	0	0	0	0	0	0	0	10.00954	0	9.80298	11.18343	0	0	0	0	0	0	9.46844	0	4.71205	0	0	0	0	9.48699	11.21094	0	5.61848	9.8238	8.1194	9.38353	9.32803	10.65876	9.82819	10.18083	8.29919	8.79942	8.98976	10.08539	7.00003	9.18741	9.2123	7.9651	7.61991	8.37919	6.63558	8.11019	8.36021	9.08743	8.75171	8.0553	7.4381	7.66988	7.30242	9.58877	7.87898	8.8404	12.3408	9.13087	10.54307	5.87443	9.5501	6.24403	0	10.65183	0	9.88436	0	0	0	0	0	0	0	0	0	0	0	0	0	9.2703	0	0	0	0	0	9.74763	8.41988	6.23079	0	0	0	0	0	0	0	0	0	0	
0	0	0	0	0	0	0	0	11.7934	8.49206	6.65099	5.14476	0	12.93843	0	0	0	5.01443	10.59902	5.73631	0	0	1.33794	9.65351	10.04022	9.39176	6.84332	9.58359	7.60364	10.00949	0	8.15211	8.37895	6.12654	6.67087	9.49311	9.54654	6.81467	8.87424	5.56749	7.95523	9.18926	8.13966	9.82356	7.2928	8.68209	8.41462	7.9752	7.17806	9.31789	8.51542	7.3508	7.18304	6.52599	8.02599	8.45061	6.73004	10.43263	10.14224	7.81077	5.58568	9.18721	10.68254	8.07632	1.01	9.84149	10.63758	0	0	0	0	0	0	10.25025	9.46844	0	0	0	13.6962	0	0	0	0	0	0	0	0	0	9.12784	0	2.26894	0	0	0	0	0	0	0	0	0	
0	0	11.40282	7.24746	0	3.11093	0	2.66621	7.01505	0	0	0	0	0	0	0	0	7.49206	0	0	0	0	0	11.65638	0	9.08587	0	9.90008	9.30556	8.70928	0	9.79245	0	8.67846	5.90833	9.06154	8.60408	6.96911	2.78595	10.33633	7.68105	10.11196	6.46157	8.62471	8.18684	6.98643	6.33581	9.01566	7.90424	7.93778	8.6739	7.83449	8.58644	8.60002	9.18999	6.86501	8.3618	7.5557	9.39785	7.65911	10.27522	9.80013	6.1752	11.9344	6.45134	0	0	7.79574	4.43472	4.29854	3.47707	0	9.64263	0	4.12623	0	7.00708	0	0	0	0	0	6.67839	0	0	0	0	0	0	0	0	0	0	0	0	0	0	0	0	0	
0	0	0	0	0	0	0	0	0	0	9.52039	9.02158	10.06385	0	13.1859	0	0	7.77296	0	5.99193	0	0	0	0	0	0	7.79794	7.3618	6.53176	0	7.70877	8.39114	6.9226	8.79188	5.21547	8.04885	8.94223	8.92168	6.92992	8.21532	9.20926	6.87597	6.33731	7.37162	8.35391	7.74616	6.13286	6.10333	7.42635	6.99674	7.96556	9.92993	8.94263	7.09156	7.69155	6.85177	7.53392	8.45053	9.20676	8.62368	9.76357	6.08212	9.07381	6.97478	0	5.96471	9.53829	4.83201	0	0	9.13766	0	7.04561	3.38239	0	13.48029	0	0	0	0	0	0	0	0	0	0	0	0	6.56578	0	0	0	0	0	0	0	0	0	0	0	
0	0	0	0	0	0	0	0	0	10.01807	0	0	4.43472	0	0	0	0	0	0	0	0	0	0	10.70327	0	0	7.52868	0	0	4.43106	8.01788	0	0	7.18706	7.93034	7.53224	7.2648	0	2.26894	8.31651	4.65746	9.29156	4.60249	6.17651	9.74173	10.76193	7.79605	7.97596	9.49002	7.88576	7.38551	9.63522	7.78136	6.72027	8.63364	8.34036	7.66857	7.018	4.67926	7.53692	7.52927	8.48727	4.65265	11.21259	7.87442	4.88992	8.27085	11.88629	7.87287	0	0	12.89886	0	7.56753	0	2.66621	11.26988	0	0	0	0	0	0	0	9.25955	0	0	2.66621	0	0	0	10.78603	0	0	0	0	11.03796	0	0	0	
0	0	0	0	0	0	0	0	0	0	0	10.64723	0	0	0	0	0	6.96372	10.96209	0	0	0	0	0.81877	0	0	0	8.21631	0	0	0	0	7.12644	6.9101	5.94651	0	5.93696	9.7421	1.74249	5.68625	7.56246	8.96751	8.21012	3.78139	0	8.59959	6.88688	5.19514	7.62805	6.82771	8.54275	11.1177	8.25417	5.45331	6.87206	6.26129	6.92191	6.76677	7.35809	8.61703	7.7396	6.06163	0	5.73755	8.81342	0	7.13478	9.35352	11.50457	8.77275	0	0	2.26894	9.94056	0	10.29392	0	8.88372	0	0	0	7.03644	0	0	0	0	0	0	0	0	0	0	0	0	0	0	0	0	0	0	
0	0	0	0	6.55774	0	0	0	0	0	9.45908	0	2.48122	0	0	10.27002	0	0	8.0804	0	6.47171	8.49512	0	0	0	8.31305	6.98926	0	0	7.0206	0	9.13578	12.34673	0	0	7.60764	9.88336	6.93625	10.76021	9.76785	6.08782	8.7646	7.07279	8.01799	4.35519	6.79943	12.85966	5.9969	7.96126	8.81963	9.02721	7.04463	8.87238	8.87782	6.15225	8.27528	6.27744	8.50963	4.10874	7.88898	5.29703	7.99149	5.4434	4.78441	8.71773	0	8.32671	12.31968	0	0	8.74991	8.68918	7.81414	11.86017	9.65314	0	6.74094	0	0	0	9.674	0	0	0	0	2.66621	0	0	0	3.72499	0	0	0	0	0	0	0	0	0	0	
0	0	0	0	0	0	0	0	0	0	0	5.78764	3.05417	0	0	8.74675	0	0	0	4.90832	4.32902	0	0	0	0	0	0	0	0	5.30942	6.51009	6.06682	0	0	0	9.66859	0	0	0	5.70554	4.59131	7.44041	5.0291	5.23449	10.0959	4.17182	5.67189	7.97046	7.24809	5.55766	0	0	7.80172	9.68598	0.81877	6.24669	7.10384	7.471	7.5836	7.29699	9.27647	8.47116	9.54239	8.61152	6.48539	5.72512	6.33002	9.58507	2.48122	9.3199	0	6.77791	7.1388	10.16546	13.66413	0	3.63913	0	8.72348	0	0	0	0	0	0	0	0	0	0	0	0	0	0	0	0	0	0	0	0	0	
0	0	0	8.8907	0	0	0	0	0	0	0	0	0	0	0	0	0	0	0	0	0	0	9.38023	0	0	0	7.74381	8.4324	10.94374	9.37858	0	0	2.01999	0	0	11.75485	0	2.48122	9.0716	0	6.96428	0	0	0	3.17214	11.82534	8.02056	7.4838	7.00151	8.64822	7.02635	6.81798	7.7518	9.16704	8.66482	8.02751	8.62529	6.6587	8.10647	7.74848	8.14959	10.72909	8.30268	9.12967	8.68922	8.42636	6.1981	8.15576	11.09558	8.02634	4.00162	10.12157	6.90869	1.74023	7.16999	0	12.18549	0	8.30168	9.20644	3.34586	7.99225	9.45123	0	0	0	0	0	0	0	0	0	0	0	0	0	0	2.48122	0	12.44468	
0	0	4.83969	0	0	0	0	0	0	0	0	0	0	0	0	0	0	0	0	0	8.3234	0	0	0	0	9.22313	0	9.86298	0	10.8114	0	10.7935	9.54568	0	8.43906	0	0	8.16583	7.25392	0	9.1239	0	0	7.18187	12.89871	9.08384	0.66897	6.31054	3.80601	7.814	7.56106	9.32803	8.49379	7.43521	6.32521	8.86247	0	6.07443	7.69807	9.13632	3.2942	5.77537	7.00027	4.29515	5.48292	9.75153	5.93189	0	8.76411	4.57647	6.14052	7.42411	8.06847	9.04928	0.81877	0	5.81201	0	3.69747	5.70554	0	6.62049	0	0	0	0	0	0	7.74143	0	0	0	0	0	0	0	5.45222	0	0	0	
0	0	0	0	2.66621	0	0	0	0	0	0	0	9.25775	0	0	0	0	0	0	0	4.58004	5.45222	0	0	0	0	0	8.77877	0	0	0	1.33794	9.49312	0	0	0	6.84332	0	0.81877	7.81272	0	0	3.89314	0	8.92285	0	5.83346	8.0804	3.80601	6.59145	9.2027	6.72429	11.26631	4.96746	8.62472	1.94137	0	6.31517	4.62959	2.19142	7.27143	7.21043	9.10728	7.61711	6.16796	9.95937	8.58363	4.14937	7.28694	6.41603	8.15984	0	0	9.31873	0	8.48726	6.16343	6.28607	0	0	0	0	0	0	8.3439	2.01999	0	0	0	0	0	0	0	0	0	0	8.82174	0	0	0	
0	0	0	0	0	0	0	0	9.4097	0	0	0	6.72329	0	0	0	8.2565	3.34586	3.95558	0	0	0	0	0	6.1804	0	0	0	0	0	0	0	0	0	7.47144	7.80289	0	6.48571	0	0	0	0	7.06529	9.83952	0	10.15936	10.76211	9.61478	0	5.93567	0	9.60349	9.75404	7.87074	0	6.48571	0	6.62101	0	4.64754	7.92276	3.80601	6.46381	7.59629	5.64663	6.45019	7.58149	5.78774	8.8193	7.26668	8.36052	5.09883	7.56622	6.94522	8.01055	5.76088	9.4677	11.07164	0	0	11.14502	7.84184	10.46805	0	3.75108	0	9.71654	6.72329	8.87436	0	2.35332	0	0	8.96597	0	0	0	0	0	0	
0	0	0	0	0	0	0	0	0	0	0	0	0	0	0	0	0	0	0	0	5.69738	0	0	0	0	0	0	0	0	7.85141	0	0	0	0	4.71205	0	0	0	0	0	9.01733	0	8.47977	9.80667	4.61865	0	0	4.38284	7.12178	6.06418	7.35508	0	0	3.70556	3.78215	7.35107	0	0	5.97647	8.21757	10.5425	6.25185	6.28751	5.65492	7.29089	8.17144	5.05973	4.98075	6.21751	5.87747	9.77071	7.88334	4.19149	6.81784	7.11331	0	2.78645	0	6.34717	0	0	0	1.33794	0	0	0	7.8585	0	0	0	0	0	0	0	0	0	0	0	0	0	
0	0	0	0	9.63016	0	0	0	0	0	0	6.87183	0	7.28614	0	0	0	0	0	0	0	0	0	0	0	0	0	0	0	0	0	0	0	0	0	0	0	0	0	8.16322	0	0	6.80441	0	5.10144	0	3.01308	3.54784	0	0	5.827	0	0	0	8.4454	0	0	0	0	9.8996	6.18363	3.02146	7.42192	7.92718	7.40607	0	0.85944	6.46538	8.78086	7.4167	9.00289	10.12106	9.22695	5.95711	0	0	7.55238	5.5729	8.71832	6.72329	6.21604	9.28274	2.26894	0	2.01999	0	5.92095	11.81299	0	6.23351	0	0	0	0	5.8841	0	0	0	0	0	
0	0	0	0	0	0	0	0	0	0	0	0	0	0	0	0	0	7.32522	0	0	0	7.3618	10.24026	0	0	0	8.90457	0	0	0	0	0	0	4.75114	7.42979	0	0	0	0	0	0	0	0	0	0	0	0	0	0.81877	0	4.94456	0	0	0	0	8.63044	10.45603	10.76953	7.27195	4.27311	0	6.79666	5.8792	0	7.51482	8.48291	5.61013	7.92304	6.08069	4.41712	9.67987	6.48388	7.05282	6.0473	7.97565	7.24556	7.78249	0	10.98891	8.65583	0	0	7.55148	0	8.38074	9.27679	2.01999	7.02355	0	10.35404	0	0	0	0	0	0	8.33424	0	0	0	
0	0	0	0	0	0	0	0	7.64241	0	0	0	0	0	0	0	0	0	0	0	0	0	0	0	0	0	0	2.48122	0	16.49107	0	0	0	0	0	0	0	0	0	9.2868	0	0	0	0	0	5.72651	0	8.47358	10.12951	0	0	9.87634	0	0	0	0	0	0	8.67947	0	7.81223	0	8.11287	9.47587	11.46662	4.57461	6.56523	0	0	6.41787	7.97125	2.66621	9.09008	6.59501	6.1816	9.04328	0.66897	0	0	6.16559	7.0127	9.04709	10.49823	9.86367	7.49864	0	1.71888	0	0	0	5.80745	0	10.51483	0	0	0	0	0	0	0	
0	0	0	0	0	0	0	0	0	0	0	0	0	11.3544	0	0	0	0	0	2.97737	0	0	0	0	0	3.93547	0	0	0	0	0	0	0	0	6.91813	0	0	6.50979	0	0	9.78059	0	5.61848	11.24012	2.01999	0	0	0	0	0	8.58109	6.72329	0	0	3.45038	0	0	0	0	6.87531	5.30606	0	6.52698	9.28451	5.8841	3.73699	9.64146	6.39694	0	4.84197	6.11012	0	8.64405	6.90358	10.85132	7.80328	4.34591	5.271	8.01263	4.00547	0	7.52373	11.33234	4.24899	4.41625	0	0	7.50216	4.99929	0	11.8113	0	0	6.37054	0	0	0	0	6.02346	0	
0	0	0	0	0	0	0	4.6254	0	0	0	0	0	0	0	0	0	0	0	0	0	0	3.23318	0	0	0	0	0	10.13344	0	0	0	0	0	10.79307	0	0	0	0	0	0	1.01	0	0	0	0	5.5616	0	0	0	0	0	10.03287	0	0	0	5.59719	6.78455	0	4.67415	9.15354	0	0	8.0721	0	4.02492	0	9.11984	7.19717	9.55157	8.19524	6.37338	8.96536	5.2198	6.62621	7.80941	6.28153	0	6.74737	5.50892	8.32281	8.7312	6.48788	0	6.70195	0	4.32902	6.31431	0	0	11.09198	7.50038	0	0	0	0	9.24145	0	0	0	
0	0	0	0	0	0	0	0	0	0	0	0	0	0	0	0	0	0	0	0	0	0	0	0	0	0	0	0	0	0	0	0	0	0	0	0	0	6.99147	0	0	0	0	0	0	0	0	0	0	0	5.74717	0	5.21212	0	4.60334	0	0	6.98926	7.06435	0	0	4.79379	0	9.31597	10.95767	6.67016	5.61794	0	0	8.72455	7.2606	0	6.07602	6.96482	9.60857	7.06367	7.05149	0	3.96173	5.40832	8.02673	3.81564	9.93831	7.47763	0	0	0	5.89559	0	0	0	0	0	6.81412	8.12447	10.15969	0	0	0	0	0	
0	0	0	0	0	0	0	9.03215	0	0	0	0	0	0	0	0	0	0	0	0	0	0	0	0	0	0	0	0	0	0	0	0	0	0	0	0	0	6.37335	0	6.55767	0	0	0	0	0	0	0	0	0	0	4.75752	0	0	11.62357	7.76285	0	0	7.51068	8.99591	13.12678	0	2.26894	0	7.61985	9.84701	8.67576	0	0	9.18067	5.01415	8.79795	5.26337	4.24491	8.36542	6.64836	8.20586	6.04856	0	9.21983	7.5202	8.27372	9.15129	4.09542	6.54171	3.10455	0	0	1.59145	0	0	6.71282	0	0	0	0	1.73276	0	0	0	0	
0	0	0	0	0	0	0	0	0	0	0	0	0	0	0	0	0	0	0	0	0	0	0	0	0	10.28246	0	0	0	0	0	0	0	0	0	0	0	7.40145	0	0	0	0	0	0	9.27564	0	0	0	9.58783	0	0	0	0	0	0	3.88274	0	0	0	0	0	0	8.69211	0	0	7.05791	5.80791	7.7128	1.71888	6.34711	3.18002	0	6.13648	0	8.8435	7.18632	7.44638	8.04254	7.05064	7.64916	4.52828	0	6.58132	0	9.6618	7.14272	0	0	0	0	9.99557	0	0	0	0	0	0	4.48481	0	0	
0	0	0	0	0	0	0	0	0	0	0	0	5.37465	0	0	0	0	0	0	0	0	0	0	0	0	0	0	0	0	0	0	0	0	0	0	0	0	0	0	0	0	0	0	0	0	0	0	10.67311	0	0	3.34586	0	9.86101	0	0	0	0	0	0	5.30544	0	0	0	5.661	5.80745	9.16095	9.15745	0	8.53132	0	0	8.489	0	0	0	7.68524	7.13014	8.87594	8.09389	4.65859	0	8.55841	5.42585	5.17947	4.76602	4.63157	5.74194	0	10.63758	0	0	0	0	8.74161	0	0	0	0	0	0	
0	0	0	0	0	0	0	0	0	0	0	0	0	0	0	0	0	0	0	0	0	0	0	0	0	0	0	0	0	0	0	0	10.05169	0	0	0	0	0	0	0	4.66937	0	0	0	0	0	0	0	0	0	0	0	0	0	0	0	5.92911	0	0	0	8.17682	0	0	5.42166	0	7.34834	0	0	7.27072	0	0	0	10.67176	0	0	3.88274	0	0	6.3768	8.96606	7.10136	6.04297	10.30093	0	4.09109	0	3.23318	0	0.81877	1.33794	7.08704	6.28227	5.79156	0	0	0	0	0	0	0	
0	0	0	0	0	0	0	3.08331	0	0	0	0	0	0	0	0	0	0	0	0	0	0	0	0	0	0	0	6.89979	0	0	0	0	0	0	0	0	0	0	0	0	0	0	0	0	0	0	0	0	0	0	0	0	0	0	0	0	0	3.45038	0	0	0	0	0	0	0	0	0	0	0	0	4.16047	4.22407	6.24765	0	0	9.70602	9.54125	0	11.15654	4.02492	0	8.14385	0	7.47763	3.54784	9.11095	0	9.87868	0	0.81877	0	0.81877	0	0	0	9.01946	0	0	0	0	
0	0	0	0	0	0	0	0	0	0	0	0	0	0	0	0	0	0	0	0	8.93641	0	0	0	0	0	0	0	0	0	3.45038	0	0	0	0	0	0	0	0	0	0	0	0	0	0	0	0	0	0	0	0	0	0	0	0	0	0	0	0	12.88974	0	0	0	0	5.72651	7.77296	7.23585	9.4042	0	0	0	0	0	0	0	3.11093	5.83898	2.26894	0	0	3.72805	0	0	0	7.92907	6.9718	7.5408	5.83035	8.80951	0	9.06132	7.60764	9.5501	5.29268	0	9.4032	0	0	0	0	
0	0	0	0	0	0	0	0	0	0	0	0	0	0	0	0	0	0	0	0	0	0	0	0	0	0	0	0	0	0	0	0	0	0	0	0	0	0	0	0	0	0	0	0	0	0	0	0	5.01443	0	0	0	0	0	0	0	0	0	0	0	0	0	0	0	0	0	0	0	0	7.13752	9.93831	8.62642	6.47736	0	10.1047	6.35716	0	8.9409	0	0	0	7.788	7.28445	0	4.8088	0	4.43472	0	0	6.09007	0	3.8611	3.42247	0	6.24539	0	0	0	0	0	
0	0	0	0	0	0	0	0	0	0	0	0	0	0	0	8.37361	0	0	0	0	0	0	0	0	0	0	0	0	0	0	0	0	0	0	10.24935	0	0	0	0	0	0	0	0	0	0	0	0	0	0	0	0	0	0	0	0	0	0	0	0	0	0	0	0	0	0	0	0	7.04874	0	0	0	0	0	8.83387	0	0	0	1.67897	0	0	0	3.11093	0	0	4.11994	0	6.80814	3.8453	10.44625	9.45153	9.83229	0	9.23415	0	0	0	0	0	0	0	
0	0	0	0	0	0	0	0	0	0	0	0	0	0	0	0	0	0	0	0	0	0	0	0	0	0	0	0	0	0	0	0	0	0	0	0	0	0	0	0	0	0	0	0	0	0	0	0	7.38836	3.34586	0	0	0	0	0	0	0	0	0	7.51427	0	0	0	0	0	5.93634	0	0	0	0	0	6.47335	0	0	0	0	0	12.05896	0	7.42252	10.5254	0	0	8.41343	0	0	0	0	0	0	0	0	0	0	0	0	0	0	0	0	
0	0	0	0	0	0	0	0	0	0	0	0	0	0	0	0	0	0	0	0	0	0	0	0	0	0	0	0	0	0	0	0	0	0	0	0	0	0	0	0	0	0	0	0	0	0	0	0	0	0	0	0	0	0	0	2.73463	0	0	13.27824	0	0	0	0	0	6.81424	0	0	0	0	0	0	2.48122	0	4.21496	0	0	8.85544	0	0	0	5.82846	6.09885	5.93802	8.50068	0	0	0	8.34051	9.07398	0	5.20576	14.21506	10.17598	0	0	0	0	0	0	0	
0	0	0	0	0	0	0	0	0	0	0	0	0	0	0	0	0	0	0	0	0	0	0	0	0	0	0	0	0	0	0	0	0	0	0	0	0	0	0	0	0	0	0	0	0	0	0	0	0	0	0	0	0	0	0	0	0	0	0	0	0	0	0	0	0	0	0	0	0	0	0	0	0	0	0	0	0	0	0	0	0	0	0	0	0	0	0	0	0	0	0	9.22313	0	0	0	0	0	0	0	0	
0	0	0	0	0	0	0	0	0	0	0	0	0	0	0	0	0	0	0	0	0	0	0	0	0	0	0	0	0	0	0	0	0	0	0	0	0	0	0	0	0	0	0	0	0	0	0	0	0	0	0	0	0	0	0	0	0	0	0	0	0	0	0	0	0	0	0	0	0	0	8.6444	0	0	0	0	0	2.26894	0	0	11.32017	0	0	0	10.32347	0	0	0	0.81877	0	0	5.09738	9.28804	0	0	0	0	0	0	0	0	
0	0	0	0	0	0	0	0	0	0	0	0	0	0	0	0	0	0	0	0	0	0	0	0	0	0	0	0	0	0	0	0	0	0	0	0	0	0	0	0	0	0	0	0	0	0	0	0	0	0	0	0	0	0	0	0	0	0	0	1.71888	0	0	0	0	0	0	0	0	0	0	8.12845	0	0	0	0	0	0	0	0	0	0	0	0	0	0	0	4.66937	0	0	0	0	0	0	0	0	0	0	0	0	0	
0	0	0	0	0	0	0	0	0	0	0	0	0	0	0	0	0	0	0	0	0	0	0	0	0	0	0	0	0	0	0	0	0	0	0	0	0	0	0	0	0	0	0	0	0	0	0	0	0	0	0	0	0	0	0	0	0	0	0	0	0	0	0	0	0	0	0	0	0	10.82847	0.81877	0	0	0	0	0	0	0	9.47155	0	0	0	0	0	0	0	0	0	9.53532	5.45222	0	0	0	0	0	0	0	0	0	0	
0	0	0	0	0	0	0	0	0	0	0	0	0	0	0	0	0	0	0	0	0	0	0	0	0	0	0	0	0	0	0	0	0	0	0	0	0	0	0	0	0	0	0	0	0	0	0	0	0	0	0	0	0	0	0	0	0	0	0	0	0	0	0	0	0	0	0	0	0	0	0	0	0	0	0	0	0	0	0	0	0	0	0	0	0	0	4.48481	0	0	0	0	0	0	0	0	0	0	0	0	0	
0	0	0	0	0	0	0	0	0	0	0	0	0	0	0	0	0	0	0	0	0	0	0	0	0	0	0	0	0	0	0	0	0	0	0	0	0	0	0	0	0	0	0	0	0	0	0	0	0	0	0	0	0	0	0	0	0	0	7.96163	0	0	0	0	0	0	0	0	0	0	0	0	0	0	0	0	5.45222	0	0	0	0	0	0	0	0	0	0	0	0	0	0	0	0	0	0	0	0	0	0	0	0	
0	0	0	0	0	0	0	0	0	0	0	0	0	0	0	0	0	0	0	0	0	0	0	0	0	0	0	0	0	0	0	0	10.23112	0	0	0	0	0	0	0	0	0	0	0	0	0	0	0	0	0	2.83015	0	0	0	0	0	0	0	0	0	0	0	0	0	0	0	0	0	0	0	0	0	0	0	0	9.09597	0	0	0	0	0.81877	0	0	0	0	0	0	0	0	0	0	0	0	0	0	0	0	0	0	0	
0	0	0	0	0	0	0	0	0	0	0	0	0	0	0	0	0	0	0	0	0	0	0	0	0	0	0	0	0	0	0	0	0	0	0	0	0	0	0	0	0	0	0	0	0	0	0	0	0	0	0	0	0	0	0	0	0	0	0	0	0	0	0	0	0	0	0	0	0	0	0	0	0	0	0	0	0	0	0	0	0	0	0	0	0	0	0	0	0	0	0	0	0	0	0	0	0	0	0	0	
0	0	0	0	0	0	0	0	0	0	0	0	0	0	0	0	0	0	0	0	0	0	0	0	0	0	0	0	0	0	0	0	0	0	0	0	0	0	0	0	0	0	0	0	0	0	0	0	0	0	0	0	0	0	0	0	0	0	0	0	0	0	0	0	0	0	0	0	0	0	0	0	0	0	0	0	0	0	0	0	0	0	0	0	0	0	0	0	0	0	0	0	0	0	0	0	0	0	0	0	
0	0	0	0	0	0	0	0	0	0	0	0	0	0	0	0	0	0	0	0	0	0	0	0	0	0	0	0	0	0	0	0	0	0	0	0	0	0	0	0	0	0	0	0	0	0	0	0	0	0	0	0	0	0	0	0	0	0	0	0	0	0	0	0	0	0	0	0	0	0	0	0	0	0	0	0	0	0	0	0	0	0	0	0	0	0	0	0	0	0	0	0	0	0	0	0	0	0	0	0	
0	0	0	0	0	0	0	0	0	0	0	0	0	0	0	0	0	0	0	0	0	0	0	0	0	0	0	0	0	0	0	0	0	0	0	0	0	0	0	0	0	0	0	0	0	0	0	0	0	0	0	0	0	0	0	0	0	0	0	0	0	0	0	0	0	0	0	0	0	0	0	0	0	0	0	0	0	0	0	0	0	0	0	0	0	0	0	0	0	0	0	0	0	0	0	0	0	0	0	0	
0	0	0	0	0	0	0	0	0	0	0	0	0	0	0	0	0	0	0	0	0	0	0	0	0	0	0	0	0	0	0	0	0	0	0	0	0	0	0	0	0	0	0	0	0	0	0	0	0	0	0	0	0	0	0	0	0	0	0	0	0	0	0	0	0	0	0	0	0	0	0	0	0	0	0	0	0	0	0	0	0	2.26894	0	0	0	0	0	0	0	0	0	0	0	0	0	0	0	0	0	0	
0	0	0	0	0	0	0	0	0	0	0	0	0	0	0	0	0	0	0	0	0	0	0	0	0	0	0	0	0	0	0	0	0	0	0	0	0	0	0	0	0	0	0	0	0	0	0	12.0133	0	0	0	0	0	0	0	0	0	0	0	0	0	0	0	0	0	0	0	0	0	0	0	0	0	0	10.85621	0	0	0	0	0	0	0	0	0	0	0	0	0	0	0	0	0	0	0	0	0	0	0	0	0	
