0	0	0	0	0	0	0	0	0	0	0	0	0	0	0	0	0	0	0	0	0	0	0	0	0	0	0	0	0	0	0	0	0	0	0	0	0	0	0	0	0	0	0	0	0	0	0	0	0	0	0	9.73256	0	0	0	0	0	0	0	0	0	0	0	0	0	0	0	0	0	0	0	0	0	0	0	0	0	0	0	0	0	0	0	0	0	0	0	0	0	0	0	0	0	0	0	0	0	0	0	0	
0	0	0	0	0	0	0	0	0	0	0	0	0	0	0	0	0	0	0	0	0	0	0	0	0	0	0	0	0	0	0	0	0	0	0	0	0	0	0	0	0	0	0	0	0	0	0	14.1675	0	0	0	0	0	0	0	0	0	0	0	0	0	0	0	10.91187	0	0	0	0	0	0	0	0	0	0	0	0	0	0	0	0	0	0	0	0	0	0	0	0	0	0	0	0	0	0	0	0	0	0	0	0	
0	0	0	0	0	0	0	0	0	0	0	0	0	0	0	0	0	0	0	0	0	0	0	0	0	0	0	0	0	0	0	0	0	0	0	0	0	0	0	0	0	0	0	0	0	0	0	0	0	0	0	0	0	0	9.15172	0	0	0	0	0	0	0	0	0	0	0	0	0	0	0	0	0	0	0	0	0	0	0	0	0	0	0	0	0	0	0	0	0	0	0	0	0	0	0	0	0	0	0	0	0	
0	0	0	0	0	0	0	0	0	0	0	0	0	0	0	0	0	0	0	0	0	0	0	0	0	0	0	0	0	0	0	0	0	0	0	0	0	0	0	0	0	0	0	0	0	0	13.06226	7.81034	0	0	0	0	0	0	0	0	0	0	0	0	0	0	0	0	0	0	0	0	0	0	0	0	0	0	0	0	0	0	0	0	0	0	0	0	0	0	0	0	0	0	0	0	0	0	0	0	0	0	0	0	
0	0	0	0	0	0	0	0	0	0	0	0	0	0	0	0	0	0	0	0	0	0	0	0	0	0	0	0	0	0	0	0	0	0	0	0	0	8.55719	0	0	0	0	0	12.62874	0	0	0	0	0	0	0	0	0	0	0	0	0	0	0	0	0	0	0	0	0	0	0	0	0	0	0	0	0	0	0	0	0	0	0	0	0	0	0	0	0	0	0	0	0	0	0	0	0	0	0	0	0	0	0	0	
0	0	0	0	0	0	0	0	0	0	0	0	0	0	0	0	0	0	0	0	0	0	0	0	0	0	0	0	0	0	0	0	0	0	0	0	0	0	0	0	0	0	0	0	0	0	0	0	0	0	0	0	0	0	0	0	0	0	0	0	0	0	0	0	0	0	0	0	0	0	0	0	10.1386	0	0	0	0	0	0	0	0	0	0	0	0	0	0	0	0	0	0	0	0	0	0	0	0	0	0	0	
0	0	0	0	0	0	0	0	0	0	0	0	0	0	0	0	0	0	0	0	0	0	0	0	0	0	0	0	0	0	0	0	0	0	0	0	0	0	0	0	0	0	0	0	0	0	0	0	0	0	0	0	0	0	0	0	0	0	0	0	0	0	0	0	0	0	0	0	0	0	0	0	0	0	10.81533	0	0	0	0	0	0	0	0	0	0	0	0	0	0	0	0	0	0	0	0	0	0	0	0	0	
0	0	0	0	0	0	0	0	0	0	0	0	0	0	0	0	0	0	0	0	0	0	0	0	0	0	0	0	0	0	0	0	0	0	0	0	0	0	0	0	0	0	0	0	0	0	0	0	0	0	0	8.78362	0	0	0	14.18107	0	0	9.10783	0	0	0	0	0	0	0	0	0	0	0	0	0	0	0	0	0	0	0	0	0	0	0	0	0	0	0	0	0	0	0	0	0	0	0	0	0	0	0	0	0	
0	0	0	0	0	0	0	0	0	0	0	0	0	0	0	0	0	0	0	0	0	0	0	0	0	0	0	0	10.26749	0	0	0	0	0	0	0	0	0	0	0	0	0	0	0	0	0	0	0	0	0	0	0	0	0	0	0	0	0	0	0	0	0	0	0	0	0	0	6.25236	0	0	0	0	0	0	0	0	0	0	0	0	0	0	0	0	0	0	0	0	0	0	0	0	0	0	0	0	0	0	0	0	
0	0	0	0	0	0	0	0	0	0	0	0	0	0	0	0	0	0	0	0	0	0	0	0	0	0	0	0	0	0	0	0	0	0	0	0	0	0	0	0	0	0	0	0	0	0	0	0	0	0	0	0	0	0	0	5.72514	0	0	0	0	0	0	0	0	0	0	0	0	0	0	0	0	0	0	0	0	0	0	0	0	0	0	0	0	0	0	0	0	0	0	0	0	0	0	0	0	0	0	0	0	
0	0	0	0	0	0	0	0	0	0	0	0	0	0	0	0	0	0	0	0	0	0	0	0	0	0	0	0	0	0	0	0	0	0	0	0	0	0	0	0	0	0	0	0	0	0	0	0	0	0	0	0	0	0	0	0	0	0	0	0	0	0	0	0	0	0	0	10.80599	0	0	0	0	0	0	0	0	0	0	0	0	0	0	0	0	0	0	0	0	0	0	0	0	0	0	0	0	0	0	0	0	
0	0	0	0	0	0	0	0	0	0	0	0	0	0	0	0	0	0	0	0	0	0	0	0	0	0	0	0	0	0	0	0	0	0	0	0	0	0	0	0	0	0	0	0	0	0	0	0	0	0	0	0	2.99482	0	0	0	3.17437	0	0	0	0	0	0	0	0	0	0	0	0	0	0	2.28481	0	0	0	0	0	0	0	0	0	0	0	0	0	0	0	0	0	0	0	0	0	0	0	0	0	0	0	0	
0	0	0	0	0	0	0	0	0	0	0	0	0	0	0	0	0	0	0	0	0	0	0	0	0	0	0	0	0	0	0	0	0	0	0	0	0	0	0	0	0	0	0	0	0	0	0	0	9.65567	0	0	0	11.82759	0	0	0	0	0	0	0	0	0	0	0	0	0	0	3.36389	0	0	0	0	0	0	0	0	0	0	0	0	0	0	0	0	0	0	0	0	0	0	0	0	0	0	0	0	0	0	0	0	
0	0	0	0	0	0	0	0	0	0	0	0	0	0	0	0	0	0	0	0	0	0	0	0	0	0	0	0	0	0	12.21419	0	0	0	0	0	0	0	0	5.31215	0	0	0	0	0	0	0	9.32376	0	0	0	0	0	0	0	0	0	7.21114	6.7326	0	8.97867	0	0	9.85345	0	0	0	0	0	0	0	0	0	0	0	0	0	0	0	0	0	0	0	0	0	0	0	0	0	0	0	0	0	0	0	0	0	0	0	0	
0	0	0	0	0	0	0	0	0	0	0	0	0	0	0	0	0	0	0	0	0	0	0	0	0	0	0	0	0	0	0	0	0	0	0	0	0	0	0	0	0	0	0	0	0	0	0	0	0	0	0	0	0	0	8.68291	0	0	0	0	0	0	0	0	0	0	0	0	0	0	0	0	0	0	0	2.99482	0	0	0	0	0	0	0	0	0	0	0	0	0	0	0	0	0	0	0	0	0	0	0	0	0	
0	0	0	0	0	0	0	0	0	0	0	0	0	0	0	0	0	0	0	0	0	0	0	0	0	0	0	0	0	0	0	0	0	0	0	0	0	0	0	0	0	0	14.18947	0	0	0	0	0	0	0	0	0	10.26659	0	0	0	0	0	0	13.48329	0	0	0	0	0	0	0	0	0	0	0	8.28361	0	0	0	0	0	0	0	0	0	0	0	0	0	0	0	0	0	0	0	0	0	0	0	0	0	0	0	0	
0	0	0	0	0	0	0	0	0	0	0	0	0	0	0	0	0	0	0	0	0	0	0	0	0	0	0	0	0	0	0	0	0	0	0	0	0	0	0	0	0	0	0	7.23566	0	0	0	10.54788	0	0	0	8.7491	0	0	0	0	0	0	4.0295	0	0	0	0	0	0	0	0	0	0	0	0	0	0	0	0	0	0	0	0	0	0	0	0	0	0	0	0	0	0	0	0	0	0	0	0	0	0	0	0	0	
0	0	0	0	0	0	0	0	0	0	0	0	0	0	0	0	0	0	0	0	0	0	0	0	0	0	0	0	0	0	0	0	0	0	0	0	0	0	0	0	0	0	10.30772	0	0	0	0	0	0	0	0	0	0	0	0	9.4696	0	0	0	0	0	0	0	0	0	0	1.35004	0	9.41007	0	0	0	0	0	0	0	0	0	0	0	0	0	0	0	0	0	0	0	0	0	0	0	0	0	0	0	0	0	0	0	
0	0	0	0	0	0	0	0	0	0	0	0	0	0	0	0	0	0	0	0	0	0	0	0	0	0	0	0	0	0	0	0	0	0	0	0	0	0	0	0	13.49611	0	0	0	0	0	0	0	0	0	0	0	0	0	0	0	0	0	0	0	0	0	0	0	0	0	0	0	0	0	0	0	0	0	0	0	0	0	0	0	0	0	0	0	0	0	0	0	0	0	0	0	0	0	0	0	0	0	0	0	
0	0	0	0	0	0	0	0	0	0	0	0	0	0	0	0	0	0	0	0	0	0	0	0	0	0	0	0	0	0	0	0	0	0	0	0	0	0	0	0	0	0	0	0	0	0	0	9.8474	0	0	6.78849	0	0	0	0	0	0	0	0	0	0	0	0	0	0	0	0	0	0	0	0	0	0	0	0	0	7.47255	0	0	0	0	0	0	0	0	0	0	0	0	0	0	0	0	0	0	0	0	0	0	0	
0	0	0	0	0	0	0	0	0	0	0	0	0	0	0	0	0	0	0	0	0	0	0	0	0	0	0	0	0	0	0	0	0	0	0	0	0	0	0	0	0	0	0	0	0	0	0	8.94278	0	0	9.38688	10.53109	0	0	0	0	7.72698	0	12.59771	0	9.86428	0	0	0	0	9.61492	0	0	0	0	0	0	0	0	0	0	0	0	0	0	0	0	0	0	0	0	0	0	0	0	0	0	0	0	0	0	0	0	0	0	
0	0	0	0	0	0	0	0	0	0	0	0	0	0	0	0	0	0	0	0	0	0	0	0	0	0	0	0	0	0	0	0	0	0	0	0	0	0	0	0	0	9.73387	0	0	0	0	0	0	0	0	0	0	0	0	0	0	0	0	0	0	0	0	0	0	0	0	0	0	0	0	0	0	0	0	0	0	0	0	0	0	0	0	0	0	0	0	0	0	0	0	0	0	0	0	0	0	0	0	0	0	
0	0	0	0	0	0	0	0	0	0	0	0	0	0	0	0	0	0	0	0	0	0	0	0	0	0	0	0	0	0	0	13.50133	0	0	0	0	0	0	0	0	0	0	0	0	0	0	0	6.04583	0	0	0	0	0	0	0	0	0	0	0	0	0	0	0	0	0	0	0	3.65751	0	0	0	0	0	0	0	0	0	0	0	0	0	0	0	0	0	0	0	0	0	0	0	0	0	0	0	0	0	0	0	0	
0	0	0	0	0	0	0	0	0	0	0	0	0	0	0	0	0	0	0	0	0	0	0	0	0	0	0	0	0	0	0	13.67866	0	0	1.35004	0	0	0	0	0	0	0	0	0	0	0	0	0	0	0	0	0	0	0	0	0	0	0	0	0	0	0	0	0	0	0	0	0	0	0	0	0	0	0	0	0	0	0	0	0	0	0	0	0	0	0	0	0	0	0	0	0	0	0	0	0	0	0	0	0	
0	0	0	0	0	0	0	0	0	0	0	0	0	0	0	0	0	0	0	0	0	0	0	0	0	0	0	0	0	0	0	0	0	0	0	0	0	0	0	0	0	0	0	10.33912	0	0	0	0	0	15.30226	0	0	0	0	10.57424	0	0	0	0	0	0	0	0	0	0	0	0	0	0	0	0	0	0	0	0	0	0	0	0	3.51499	0	0	0	0	0	0	0	0	0	0	0	0	0	0	0	0	0	0	0	0	
0	0	0	0	0	0	0	0	0	0	0	0	0	0	0	0	0	0	0	0	0	0	0	0	0	0	0	0	0	0	0	0	10.29711	0	0	0	0	0	0	0	0	0	0	0	0	0	0	3.36389	0	0	9.61305	0	0	0	0	0	0	0	7.41478	0	0	0	0	0	0	0	0	0	0	0	2.03506	0	0	0	0	0	0	0	0	0	0	0	0	0	0	5.09507	0	0	0	0	0	0	0	0	0	0	0	0	0	0	
0	0	0	0	0	0	0	0	0	0	0	0	0	0	0	0	0	0	0	0	0	0	0	0	0	0	0	0	0	0	0	0	0	0	0	0	0	0	0	10.21956	0	0	0	0	15.54492	0	4.40186	0	0	0	0	0	0	0	0	0	0	0	0	0	0	0	0	0	0	0	0	0	0	1.35004	0	0	0	0	0	0	0	0	0	0	0	0	0	0	0	0	0	0	0	0	0	0	0	0	0	0	0	0	0	0	
0	0	0	0	0	0	0	0	0	0	0	0	0	0	0	0	0	0	0	0	0	0	0	0	0	0	0	0	0	0	0	0	0	0	0	10.78017	0	0	0	0	0	0	0	0	0	0	0	8.66848	0	0	0	0	0	6.90125	0	0	0	0	0	0	8.4966	0	0	0	0	0	0	0	0	0	0	0	0	0	0	0	0	0	0	0	0	0	0	0	0	0	0	0	0	0	0	0	0	0	5.25476	0	0	0	0	0	
0	0	0	0	0	0	0	0	0	0	0	0	0	0	0	0	0	0	0	0	0	0	0	0	0	0	0	0	0	0	0	0	0	0	0	0	0	0	0	0	0	14.05419	0	0	0	0	0	0	0	0	0	0	2.68307	0	0	0	0	0	0	0	0	0	0	0	0	0	0	7.68837	0	0	0	5.56911	0	0	0	0	0	0	0	0	0	0	0	0	0	0	0	0	0	0	0	0	0	0	0	0	0	0	0	0	
0	0	0	0	0	0	0	0	0	0	0	0	0	0	0	0	0	0	0	0	0	0	0	0	0	0	0	0	0	0	0	0	0	0	0	0	0	0	0	0	7.16516	0	0	0	9.17897	0	0	4.74509	0	0	10.11159	11.50545	0	0	0	10.32002	0	0	7.07686	0	9.8916	0	0	0	0	0	0	0	0	0	0	0	0	0	0	0	0	0	0	0	0	0	0	0	0	0	0	0	0	0	0	0	0	0	0	6.66813	0	0	0	0	
0	0	0	0	0	0	0	0	0	0	0	0	0	0	0	0	0	0	0	0	0	0	0	0	0	0	0	0	0	0	0	0	0	0	0	0	0	0	0	0	0	0	0	0	13.87783	0	0	0	0	5.78716	0	0	6.58909	0	0	0	0	6.90102	0	0	0	8.69569	0	0	0	0	0	0	0	0	0	0	0	0	0	0	0	0	0	0	0	0	0	0	0	0	0	0	0	0	0	0	0	0	0	0	0	0	0	0	
0	0	0	0	0	0	0	0	0	0	0	0	0	0	0	0	0	0	0	0	0	0	0	0	0	0	0	0	0	0	0	0	0	0	0	0	0	0	0	0	0	0	0	10.93203	0	0	13.13127	0	0	0	8.63795	0	0	0	0	0	0	0	0	6.23575	0	0	0	0	7.06856	0	0	7.64994	0	0	0	0	8.30143	0	0	0	5.74611	0	0	0	0	0	0	0	0	0	0	0	0	0	0	0	0	0	0	0	0	0	0	0	
0	0	0	0	0	0	0	0	0	0	0	0	0	0	0	0	0	0	0	0	0	0	0	0	0	0	0	0	0	0	0	0	0	0	0	0	0	0	0	0	0	0	0	0	2.28481	0.82749	0	11.18959	0	0	0	10.54735	2.99482	0	0	6.95606	0	0	0	0	0	0	0	0	0	0	0	13.36551	0	0	0	0	0	11.11346	0	0	0	0	0	0	0	0	0	0	0	0	0	0	0	0	0	0	0	0	0	0	0	0	0	0	
0	0	0	0	0	0	0	0	0	0	0	0	0	0	0	0	0	0	0	0	0	0	0	0	0	0	0	0	0	0	0	0	0	0	0	0	0	14.40116	0	0	0	0	0	0	0	0	0	0	7.54015	0	0	5.26738	0	0	8.31553	0	9.96387	0	0	2.84734	0	9.9379	0	0	0	0	0	0	0	0	0	0	0	0	6.20375	2.03506	0	0	0	0	0	0	0	0	0	0	0	0	0	0	0	0	0	0	0	0	0	0	0	0	
0	0	0	0	0	0	0	0	0	0	0	0	0	0	0	0	0	0	0	0	0	0	0	0	0	0	0	0	0	0	0	0	0	0	0	0	0	0	0	0	0	0	14.52203	0	0	10.23262	0	13.7967	0	0	7.1495	0	12.25888	0	9.59193	0	0	0	0	0	0	0	0	8.58946	0	0	0	0	0	0	8.24361	0	0	0	0	0	0	0	2.84734	0	0	0	0	0	0	0	0	0	0	0	0	0	0	0	0	0	0	0	0	0	
0	0	0	0	0	0	0	0	0	0	0	0	0	0	0	0	0	0	0	0	0	0	0	0	0	0	0	0	0	0	0	0	0	0	0	0	0	0	0	0	0	0	0	0	0	0	0	6.48065	8.09622	0	0	10.18925	0	0	0	0	0	0	0	0	0	0	0	0	0.82749	0	0	0	0	0	0	0	0	0	0	0	0	0	0	0	0	0	0	0	0	0	0	0	0	0	12.82369	0	0	0	0	0	0	0	0	0	
0	0	0	0	0	0	0	0	0	0	0	0	0	0	0	0	0	0	0	0	0	0	0	0	0	0	0	0	0	0	0	0	0	0	0	0	0	0	0	0	0	0	0	0	0	0	0	10.86471	0	0	0	0	10.68699	0	0	0	0	0	9.9629	11.70441	0	0	0	0	0	0	0	0	0	0	0	0	0	0	0	0	0	0	0	0	0	0	0	0	0	0	0	0	0	0	0	0	0	0	0	0	0	0	4.85227	0	
0	0	0	0	0	0	0	0	0	0	0	0	0	0	0	0	0	0	0	0	0	0	0	0	0	0	0	0	0	0	0	0	0	0	0	0	0	0	0	0	0	0	7.94571	0	0	0	0	0	0	8.22936	0	6.56569	0	8.58073	0	0	0	0	0	0	0	0	0	0	12.79992	0	0	0	0	0	0	0	0	0	0	0	12.90258	0	0	0	0	0	0	0	0	0	0	0	0	0	0	0	0	0	0	0	0	0	0	0	
0	0	0	0	0	0	0	0	0	0	0	0	10.01553	0	0	0	0	0	0	0	0	0	0	0	0	0	0	0	0	0	9.8474	0	0	0	0	0	0	0	0	0	0	0	10.68252	0	0	0	0	8.0798	0	0	13.57689	0	0	7.62185	4.64457	0	8.8757	0	0	0	0	0	0	8.13252	10.62111	8.9268	0	0	0	0	0	0	0	0	0	0	0	0	0	0	0	0	0	0	0	0	0	0	0	0	0	0	0	0	0	0	0	0	0	0	
0	0	0	0	0	0	0	0	0	0	0	0	0	0	0	0	0	0	0	0	0	0	0	0	0	0	0	0	0	0	0	0	0	0	0	0	0	0	0	0	0	0	0	0	0	10.19984	4.5039	0	3.36389	11.61568	1.35004	9.13582	6.6941	0	8.18722	7.13939	0	0	0	0	12.36882	0	0	0	0	0	0	0	0	5.90918	0	0	0	0	0	0	2.4704	0	0	0	0	0	0	0	0	0	0	0	0	0	0	0	0	0	0	0	0	0	0	0	
0	0	0	0	0	0	0	0	0	0	0	0	0	0	0	8.77946	0	0	0	0	0	0	0	0	0	0	0	0	0	0	0	0	0	0	0	5.63806	12.13888	0	0	0	0	0	0	7.36819	0	10.94172	8.19234	9.15564	3.56612	7.52202	0	0	4.34801	0	10.12866	0	0	0	0	5.90374	0	7.26299	0	5.16417	0	8.73556	0	0	11.21191	0	6.94703	0	0	0	0	11.00569	0	6.61212	0	5.51711	0	0	0	0	0	0	0	0	0	0	8.95409	0	0	0	0	0	0	0	0	0	
0	0	0	0	0	0	0	0	0	0	0	0	0	0	0	0	0	0	0	0	0	0	0	0	0	0	11.20672	0	0	0	0	3.46854	0	0	5.56911	0	0	0	0	0	12.4944	0	0	0	0	0	0	0	9.31951	6.07927	2.84734	10.11461	9.14186	0	9.09154	0	10.61827	0	4.8449	0	7.48508	7.9682	0	0	0	7.74677	0	0	0	0	0	0	0	8.1003	0	0	0	0	0	0	0	0	0	0	0	0	0	0	0	0	0	0	0	0	0	0	0.82749	0	0	0	
0	0	0	0	0	0	0	0	0	0	0	0	0	0	0	0	0	0	0	12.33721	0	0	0	0	0	0	0	0	0	0	0	0	0	0	0	0	0	0	0	0	0	0	0	13.30997	0	0	11.87596	11.93537	11.08801	0	8.42362	7.8945	11.95746	0	0	0	15.28111	0	0	8.62763	8.07712	0	0	12.01772	0	6.4554	0	5.59246	0	0	0	0	0	0	0	0	0	0	0	0	0	0	0	0	0	0	0	0	0	0	8.79347	0	0	0	0	0	0	0	0	0	
0	0	0	0	0	0	0	0	0	0	0	0	8.40066	0	0	0	0	0	0	10.20164	0	0	0	0	0	0	0	0	0	0	0	0	0	6.83587	0	0	0	0	0	0	0	9.52374	12.92186	0	8.54996	0	0	3.64972	8.40396	0	2.84734	9.37376	7.81322	4.39922	9.54764	8.42362	5.93252	5.31339	7.49022	0	0	0	0	0	4.23386	0	0	0	0	0	0	0	0	0	0	0	0	0	14.28566	2.49764	0	0	0	0	0	0	0	0	0	0	0	0	0	0	0	0	0	0	0	0	
0	0	0	0	0	0	0	0	0	0	0	0	0	0	0	0	0	0	0	0	0	0	0	14.99815	0	0	0	0	0	0	0	0	0	0	0	0	0	0	10.57277	0	0	0	8.25029	10.07993	9.90098	0	9.53447	5.35925	0	7.176	9.71405	6.53894	0	0	0	0	0	8.55701	14.88924	10.22331	12.16686	0	0	0	7.46624	0	0	0	0	0	0	0	0	0	0	0	0	0	0	0	0	0	0	0	0	0	0	0	0	0	0	0	0	0	0	0	0	0	0	0	
0	0	8.26919	0	0	0	0	0	0	0	0	0	0	0	0	0	0	0	0	0	0	0	0	0	0	0	0	0	0	0	0	0	0	0	0	0	0	0	0	0	10.20176	0	0	0	0	10.95022	0	8.23274	8.36721	12.05779	0	8.65746	10.74804	9.7588	4.34801	10.73499	0	0	9.11591	10.45112	7.18745	0	7.91826	8.4904	0	0	0	0	0	0	0	7.1466	0	0	0	0	2.28481	0	0	0	0	0	0	0	0	0	0	0	0	0	0	0	0	0	0	0	0	0	0	0	
0	0	0	0	0	0	0	0	0	0	0	9.49924	0	0	0	0	0	0	0	0	0	0	0	0	0	0	0	0	0	0	0	0	5.95868	0	0	0	0	10.32584	12.56107	5.39415	9.00501	6.85349	0	0	12.32883	7.85316	11.99996	10.0703	11.39624	0	10.63031	0	2.64064	5.49047	0	10.21903	4.38269	11.11044	0	0	0	0	0	0	0	0	0	6.57743	0	0	0	0	5.90374	0	0	8.32601	0	0	11.4422	0	0	0	0	0	0	0	0	0	0	0	0	0	0	0	0	9.05862	0	0	0	0	
0	0	0	0	0	0	0	0	0	0	0	0	0	0	0	0	0	0	0	0	0	0	0	0	0	0	0	0	0	0	0	0	0	0	4.29206	7.92766	0	0	0	7.28465	0	13.18865	0	11.51388	14.10288	10.82045	8.14782	8.98084	8.30754	10.81755	10.46002	10.26749	1.35004	8.81073	0	0	8.67353	0	0	7.15322	9.95602	0	2.68307	0	0	0	0	0	0	0	0	0	0	0	0	0	0	0	7.72052	0	0	0	0	0	0	0	0	9.9103	0	0	0	0	0	0	0	0	0	0	0	0	
0	0	0	0	0	0	0	0	9.33765	0	8.66298	0	0	0	0	0	0	0	0	0	0	0	0	0	0	0	10.06957	0	0	0	0	0	0	0	0.82749	8.9875	0	10.83443	12.4361	0	9.26184	6.52985	0	9.42964	0	11.79509	9.0265	7.73981	10.26402	8.84861	0	7.5162	0	0	0	0	8.58514	4.85227	0	0	0	0	0	0	0	0	11.82392	0	0	0	0	0	0	0	0	0	0	0	0	0	0	0	0	0	0	0	0	0	0	0	0	0	0	4.5039	0	0	0	0	0	0	
0	0	0	0	0	0	0	0	0	0	0	11.10486	0	0	12.1025	0	0	0	0	0	0	0	0	0	0	0	0	0	0	0	0	10.48738	0	0	6.06265	0	12.32004	0	0	11.04268	8.61818	0	9.53354	10.34007	10.38762	7.92212	11.36267	9.88113	3.34671	9.5928	6.11899	10.75364	10.51329	7.26988	0	6.83404	8.24646	0	0	14.3546	11.24911	4.45183	0	11.52984	0	0	0	0	0	0	0	0	0	0	0	7.08852	0	0	0	0	0	0	0	6.72206	0	0	0	0	0	0	0	0	0	0	0	0	0	0	0	0	
0	0	0	0	0	0	0	0	0	0	0	0	12.98621	0	0	0	0	0	0	0	0	0	0	0	0	0	0	0	0	10.03163	0	0	7.96373	0	6.20578	0	12.72068	0	14.41207	10.22797	10.9756	8.60102	9.19376	9.74858	9.44013	4.79235	10.75781	9.90265	7.24099	9.13008	8.60268	9.98056	9.22451	5.15809	6.98146	9.70846	9.30957	0	0	7.42131	6.09571	0	0	0	0	0	0	0	0	0	0	0	0	9.82929	0	0	0	0	0	0	9.88097	0	0	0	0	0	0	0	0	0	0	0	0	0	0	0	0	0	0	0	
0	0	0	0	0	0	0	13.46798	0	0	0	12.3827	0	0	0	0	0	0	0	0	0	0	0	0	0	0	0	8.43012	0	0	4.96389	0	12.17413	0	0	0	5.34	9.01152	7.76438	10.35862	10.39522	4.4308	0	10.83291	10.5354	9.73947	9.58806	8.95047	10.83102	10.38799	5.15302	9.17037	9.53282	9.99268	8.8951	6.48232	12.96429	4.80604	4.73657	8.3907	6.07471	13.09252	9.21514	0	10.31651	0	0	0	0	0	0	0	0	12.18016	0	0	0	0	0	0	0	0	0	0	0	0	0	0	0	0	0	0	0	0	0	0	0	0	0	0	
10.40901	0	0	0	0	0	0	0	7.30719	0	0	0	10.81719	0	0	0	0	0	0	0	0	0	0	0	11.90714	0	0	8.4171	0	0	0	0	12.33418	0	10.63219	8.64075	0	5.99417	10.37624	6.5701	8.30497	9.34821	6.0006	10.3768	12.1558	9.54224	8.28057	9.54357	5.78172	4.69933	10.0821	7.59266	7.50564	5.47399	11.33245	10.01324	9.77654	7.73995	0	11.76801	0	1.73283	0	5.4477	0	7.77765	0	0	0	0	2.03506	0	0	0	0	0	0	0	0	0	0	0	4.16022	0	0	13.37369	0	0	0	0	0	0	0	0	0	0	0	0	0	0	
0	0	0	10.6289	0	0	0	0	0	0	0	0	0	0	0	0	0	0	5.76678	0	0	11.03893	0	6.66813	11.65082	7.73107	0	0	10.47958	10.32176	11.85603	0	11.4522	0	0	2.28481	0	10.20545	11.25516	8.58177	8.23768	6.56007	9.59617	9.10715	8.62263	10.07817	8.74494	9.73318	10.45579	7.68052	9.13778	7.46193	10.0158	7.11534	5.44923	8.9197	0	3.51615	5.1973	8.44685	0	5.74611	10.52276	0	0	0	0	0	0	5.36733	0	0	6.4297	0	6.39028	8.4966	10.97929	4.81305	0	1.35004	0	0	0	0	0	0	0	0	0	0	0	0	0	0	0	0	0	0	0	0	
8.46216	0	0	0	11.54151	7.21767	0	0	0	0	0	0	0	0	0	0	0	10.52579	0	0	0	0	0	0	10.00033	0	9.78699	8.21483	0	13.1639	11.75378	0	0	0	11.131	8.75638	5.54789	11.02298	11.45141	10.16855	7.05258	9.97804	10.03022	9.51558	9.55298	9.22423	9.97549	8.60075	8.12479	10.8411	4.32615	9.76967	9.20949	7.78875	9.19006	9.9656	9.17598	4.4386	4.14156	8.47257	12.17074	0	7.57295	8.99847	12.2083	10.37995	9.05883	0	0	0	0	0	0	0	4.99926	0	0	0	0	0	0	0	0	0	0	0	0	0	0	0	0	0	0	0	0	1.73283	0	0	0	0	
0	0	0	0	0	0	0	0	10.52882	0	7.98153	0	0	0	0	0	11.66159	14.15546	10.73696	7.00908	10.76805	7.1171	0	0	0	11.98529	0	10.94796	7.15378	10.21487	0	10.2428	11.19151	7.77575	10.00284	11.70106	7.34503	7.26869	10.04178	9.72641	9.29068	7.62791	5.04546	8.19495	9.90389	8.14268	8.08372	8.32456	8.28378	6.60338	9.68308	10.6304	7.34948	8.46396	6.25253	6.05767	6.10642	8.69569	0	10.4399	6.09647	7.82277	10.08608	0	7.80463	11.34158	2.03506	0	0	0	0	5.68225	0	0	6.02882	0	0	0	9.40348	0	0	0	0	0	0	6.78421	0	0	0	0	0	0	0	0	0	5.72514	0	0	0	0	
0	10.4383	0	0	3.74346	7.72581	0	0	0	0	0	0	0	0	9.41989	8.9245	0	11.38944	9.06074	0	8.48729	0	3.74346	0	0	0	0	0	10.26226	9.56268	8.8563	0	10.80099	4.269	11.42076	8.698	9.78512	9.66074	8.15136	8.93544	9.26662	7.85115	8.09606	7.74316	8.6514	7.49885	8.4877	9.73487	8.73026	7.99143	7.93292	8.26778	7.79716	8.36341	8.74482	7.12848	4.68857	6.93602	8.1628	6.76299	0	7.71521	0	11.90714	10.47025	0.82749	5.75705	12.4012	0	0	0	0	0	0	0	1.35004	0	0	0	0	8.5383	0	0	0	0	0	0	0	0	0	0	0	0	0	0	0	0	0	0	0	
0	13.2151	8.01647	0	9.29545	0	0	0	0	0	8.79715	0	0	0	7.99034	11.82759	0	8.72504	0	0	4.85227	6.60065	8.621	9.77758	9.90797	10.1386	0	4.41065	9.83766	7.5208	11.54563	10.30684	10.24959	10.83577	10.56882	5.34519	8.57606	8.62475	7.93567	8.23242	7.33826	8.56266	7.81966	7.40088	7.11358	7.28175	9.30952	7.61456	9.38559	8.52522	7.82373	8.61211	8.35977	7.72706	7.30333	6.32191	8.97085	6.20564	7.41141	9.31502	0	7.71165	10.57969	9.47204	4.43135	1.73283	0.82749	0	0	2.68307	0	6.23575	0	11.3861	7.55211	0	5.9406	0	0	0	0	0	0	4.55493	0	2.20093	0	0	0	0	0	0	0	0	0	0	0	0	0	0	
0	0	0	0	0	0	0	0	7.76743	0	9.21138	12.61865	0	0	0	0	0	0	10.84236	0	5.03379	0	0	0	0	9.79804	10.28286	0	3.36389	11.10079	6.76345	9.38187	9.9184	9.49841	9.06477	10.70095	7.77248	8.60611	8.95686	8.3965	8.41903	9.10977	8.93067	8.34596	6.99935	7.37828	7.611	8.16948	8.36422	8.81403	8.49345	8.43178	7.7167	7.29928	7.59503	8.45245	8.3677	7.39749	9.14778	8.23529	10.82827	5.69611	11.13158	6.34849	0	8.51236	0	8.8158	0	0	0	0	0	0	0	0	0	0	1.35004	0	0	6.93795	0	0	0	0	0	8.9604	6.51771	11.261	0	0	0	0	0	0	0	0	0	0	
0	0	0	0	0	0	0	0	9.64454	9.8401	4.57219	2.99482	0	11.33164	0	0	0	2.49764	9.52374	5.00032	0	0	1.73283	9.53273	7.67749	8.84167	4.99926	8.58914	4.11297	10.03884	0	6.85594	5.25067	4.33677	4.6471	9.02519	8.84994	7.77883	9.25342	5.87158	8.19915	8.53862	8.19276	9.9837	5.96693	8.03359	8.26634	8.42319	7.16913	8.7408	8.28948	7.06295	8.03861	5.75396	8.07217	8.28851	6.39216	11.44846	10.17386	4.90226	5.86094	9.58357	8.22766	6.4297	1.14241	9.92057	9.98498	0	0	0	0	0	0	6.0116	9.16541	0	0	0	13.62235	0	0	0	0	0	0	0	0	0	7.89027	0	2.03506	0	0	0	0	0	0	0	0	0	
0	0	9.35311	7.25311	0	3.56612	0	0.82749	4.64457	0	0	0	0	0	0	0	0	8.54389	0	0	0	0	0	11.54862	0	7.18833	0	9.78254	11.02934	8.05169	0	8.66394	0	10.614	6.88133	8.22918	7.42303	6.9114	2.71116	10.54284	7.66056	8.72465	6.36574	7.4761	7.80943	7.4473	6.90922	9.20404	8.4703	7.41379	8.48863	8.57343	8.44811	8.63154	8.79762	7.24114	7.30363	7.63624	8.58066	7.38418	11.91795	11.75416	4.74749	9.38354	6.8575	0	0	5.6074	5.61544	7.42131	3.73903	0	9.16735	0	1.42367	0	5.32963	0	0	0	0	0	4.36647	0	0	0	0	0	0	0	0	0	0	0	0	0	0	0	0	0	
0	0	0	0	0	0	0	0	0.82749	0	9.47902	6.99162	7.91218	0	11.81802	0	0	7.1495	0	7.70453	0	0	0	0	0	0	5.28374	4.81305	8.56524	0	8.2775	8.7052	6.66955	8.10629	5.17969	6.98607	9.32613	6.72885	8.3995	8.13728	8.52739	6.74846	6.61716	7.25608	7.17821	8.0283	6.67952	6.09781	7.16407	7.20895	7.41515	9.29289	9.36341	6.83487	7.10866	6.92485	6.21895	7.68682	8.86601	6.96602	8.21073	5.35376	7.1146	5.79531	0	6.09326	6.71143	4.55848	0	0	9.95939	0	5.7591	5.47274	0	13.25737	0	0	0.82749	0	0	0	0	0	0	0	0	0	6.36221	0	0	0	0	0	0	0	0	0	0	0	
0	0	0	0	0	0	0	0	0	9.47432	0	0	8.4171	0	0	0	0	0	0	0	0	0	0	9.95745	0	0	7.90212	0	0	4.78575	6.52635	0	0	5.87373	10.32612	8.22132	5.80725	0	0	7.90899	4.27401	9.43772	3.73482	5.59171	10.12888	7.9482	8.26125	8.00533	9.17591	8.23694	6.70397	8.84034	6.06607	6.19708	8.04613	7.17629	7.86332	6.94594	4.72953	6.86279	7.02417	7.88481	4.14048	8.76927	7.00787	5.2379	7.4913	8.58364	8.33712	0	0	12.45035	0	5.42048	0	2.49764	9.63474	0	0	0	0	0	0	0	10.4788	0	0	3.12861	0	0	0	10.8593	0	0	0	0	6.95606	0	0	0	
0	0	0	0	0	0	0	0	0	0	0	9.89277	0	0	0	0	0	7.89501	12.54763	0	0	0	0	2.03506	0	0	0	7.95475	0	0	0	0	5.99925	9.09552	6.92185	0	4.77466	9.14665	0.41375	6.72284	7.73206	8.78056	7.1129	3.04786	0	9.76975	5.72783	5.40691	7.00386	7.47476	7.61726	10.98774	7.50901	5.12555	6.54588	6.91371	6.25484	6.95905	7.26353	8.81206	6.98368	5.86434	0	5.68905	7.42708	0	10.01883	5.92229	12.73058	7.2754	0	0	1.35004	3.82457	0	10.17386	0	8.62102	0	0	0	8.69238	0	0	0	0	0	0	0	0	0	0	0	0	0	0	0	0	0	0	
0	0	0	0	6.14196	0	0	0	0	0	9.91725	0	1.35004	0	0	11.38527	0	0	7.66102	0	6.12177	6.34975	0	0	0	8.87776	4.96389	0	0	5.11509	0	9.40045	10.10653	0	0	7.78274	11.00236	9.54334	11.69803	9.86484	2.99482	9.53432	6.55881	7.00038	3.63874	7.25198	13.24257	4.27922	9.18516	9.38007	9.60471	6.14382	8.13396	8.21399	6.72409	7.35141	6.46783	7.96382	3.58717	9.47319	5.28463	8.45231	4.96453	6.42457	7.42515	0	7.77751	10.38617	0	0	9.73695	9.11793	7.99766	10.5738	7.31979	0	4.48762	0	0	0	8.11247	0	0	0	0	2.84734	0	0	0	3.46854	0	0	0	0	0	0	0	0	0	0	
0	0	0	0	0	0	0	0	0	0	0	5.31215	3.84049	0	0	10.73236	0	0	0	2.99482	7.16516	0	0.82749	0	0	0	0	0	0	3.91875	3.36389	5.90057	0	0	0	9.75601	0	0	0	2.99482	4.28743	4.14619	4.15607	5.10608	7.84609	4.14941	7.28972	7.32547	6.59965	7.7535	0	0	7.84899	9.23772	3.56612	6.31844	7.63291	5.92653	6.96187	6.00912	9.50389	8.01017	9.49789	7.67804	5.37537	5.98619	6.64599	8.09133	3.12861	9.84759	0	5.9862	7.35089	9.66396	9.27769	0	1.73283	0	5.47175	0	0	0	0	0	0	0	0	0	0	0	0	0	0	0	0	0	0	0	0	0	
0	0	0	7.55805	0	0	0	0	0	0	0	0	0	0	0	0	5.39415	0	0	0	0	0	6.63479	0	0	0	7.01815	6.40339	7.77255	7.64436	0	0	0	0	0	12.0439	0	0	6.8438	0.67502	6.39065	0	3.82457	0	3.28762	10.64713	7.38701	7.5874	5.71334	5.68775	4.64054	6.67048	7.08264	7.85195	7.75207	7.389	8.32933	6.82507	7.98129	7.10449	7.5854	8.58218	8.56316	9.74561	7.99436	8.35632	6.32835	7.77765	9.58988	8.09307	3.84838	8.95311	5.3712	3.17186	6.04318	0	12.26503	0	4.63753	8.4904	0	6.17518	8.80716	0	0	0	0	0	0	0	0	0	0	0	0	0	0	10.38079	0	9.69799	
0	0	4.72368	0	0	0	0	0	0	0	0	0	0	0	0	0	0	0	0	0	8.13252	0	0	0	0	8.72768	0	8.41984	0	9.83766	0	10.48661	10.09839	0	8.61818	0	0	5.51353	6.12192	0	7.27747	0	0	8.30726	11.10638	8.73556	2.22689	5.02765	8.56606	7.40921	9.05524	8.84167	8.96265	8.43651	6.99039	8.61298	0	4.58497	8.08664	8.29237	7.44535	6.38113	6.17871	3.03743	6.24397	8.908	5.41713	0	8.27451	5.23378	6.93347	7.90777	6.54985	8.74498	8.4171	0	5.78996	0	2.41797	6.4554	0	6.2427	0	0	0	0	0	0	6.97493	0	0	0	0	0	0	0	6.20578	0	0	0	
0	0	0	0	1.35004	0	0	0	0	0	0	0	8.54826	0	0	0	0	0	0	0	3.74346	3.90137	0	0	0	0	0	6.50189	0	0	0	2.03506	10.68088	0	0	0	8.67397	0	1.35004	6.17518	0	0	3.95194	0	7.11767	0	6.99304	5.70385	7.33397	5.36104	8.3536	6.35483	8.75638	4.86404	7.87494	3.64113	0	5.51354	3.01324	0.41375	6.84598	7.14348	7.59828	6.4264	6.13507	8.41553	6.80079	5.16061	6.69831	6.48352	8.05517	0	0	9.69069	0	8.79422	5.54845	6.10612	0	0	0	0	0	0	7.5932	17.41987	0	0	0	0	0	0	0	0	0	0	9.68312	0	0	0	
0	0	0	0	0	0	0	0	6.93795	0	0	0	7.02633	0	0	0	8.75897	2.99482	7.20357	0	0	0	0	0	7.96493	0	0	0	0	0	0	0	0	0	7.37494	8.36382	0	8.21381	0	0	0	0	9.5207	12.54763	0	9.40786	9.18666	7.40821	0	4.97066	0	9.96723	9.44896	8.62188	0	6.90102	0	8.60889	0	4.93025	7.85986	0	6.48538	6.50546	4.31403	5.42709	7.62706	5.82851	9.34969	7.24793	9.33135	3.05598	9.37453	8.57194	7.67613	4.98201	9.81644	7.9991	0	0	8.65469	9.58613	10.49621	0	6.4043	0	7.08512	4.85227	5.25476	0	5.84391	0	0	10.444	0	0	0	0	0	0	
0	0	0	0	0	0	0	0	0	0	0	0	0	0	0	0	0	0	0	0	6.23092	0	0	0	0	0	0	0	0	4.89045	0	0	0	0	6.56569	0	0	0	0	0	8.68487	0	8.71709	8.95409	5.41261	0	0	0	7.80289	5.58451	9.55972	0	0	2.53376	3.69255	6.07439	0	0	5.33097	8.28669	11.42564	6.34876	4.31735	7.31064	7.33074	7.25922	7.50756	4.58026	5.37455	5.45753	10.08933	7.15319	4.28433	5.69831	5.19409	0	2.09569	0	5.72037	0	0	0	5.82707	0	0	0	8.61628	0	0	0	0	0	0	0	0	0	0	0	0	0	
0	0	0	0	7.93662	0	0	0	0	0	0	7.90433	0	6.15963	0	0	0	0	0	0	0	0	0	0	0	0	0	0	0	0	0	0	0	0	0	0	0	0	0	7.33431	0	0	6.14391	0	4.31757	0	2.50036	7.95925	0	0	3.25104	0	0	0	9.45852	0	0	0	0	7.4975	7.69866	2.24999	6.36622	7.39041	7.42038	0	3.69535	5.00734	9.17669	8.03131	4.17133	9.0223	8.44816	5.76914	0	0	5.80912	4.04369	6.25615	10.21393	3.46854	7.61616	3.12861	0	2.28481	0	2.28481	10.03893	0	6.5542	0	0	0	0	8.38403	0	0	0	0	0	
0	0	0	0	0	0	0	0	0	0	0	0	0	0	0	0	0	7.36121	0	0	0	10.83748	8.28719	0	0	0	10.04121	0	0	0	0	0	0	4.34461	6.80655	0	0	0	0	0	0	0	0	0	0	0	0	0	0.82749	0	7.40821	0	0	0	0	8.31381	10.3384	11.29098	4.99926	5.49671	0	6.51119	5.28546	0	7.57217	7.6721	8.15598	8.27536	5.72213	2.98008	7.68573	5.80827	7.10973	8.98566	9.51103	4.02682	5.82053	0	9.74303	4.28754	0	0	9.61328	0	6.41668	8.97172	5.42048	4.73127	0	10.67101	0	0	0	0	0	0	9.11865	0	0	0	
0	0	0	0	0	0	0	0	6.93037	0	0	0	0	0	0	0	0	0	0	0	0	0	0	0	0	0	0	2.03506	0	12.33569	0	0	0	0	0	0	0	0	0	9.18921	0	0	0	0	0	4.85227	0	6.29387	6.95606	0	0	7.67203	0	0	0	0	0	0	7.45683	0	8.53473	0	8.96523	9.14766	10.1647	5.73038	5.10467	0	0	5.24199	8.09404	2.68307	8.71197	6.82253	5.43806	8.48598	2.11693	0	0	6.42642	6.50667	8.77451	10.80911	9.32394	5.6036	0	0	0	0	0	8.7408	0	9.83779	0	0	0	0	0	0	0	
0	0	0	0	0	0	0	0	0	0	0	0	0	8.81711	0	0	0	0	0	3.82457	0	0	0	0	0	4.28034	0	0	0	0	0	0	0	0	7.18833	0	0	6.1847	0	0	9.13988	0	3.25104	8.94958	0.82749	0	0	0	0	0	6.23575	5.95868	0	0	5.66032	0	0	0	0	6.86092	5.81731	0	6.87326	7.77255	5.03379	4.02192	10.12138	8.21757	0	5.05781	6.64872	0	9.06644	6.59602	8.62951	7.27107	4.50349	4.90008	5.86225	3.94078	0	7.33597	7.2918	4.75267	3.41664	0	0	9.24676	3.63009	0	7.95024	0	0	8.06735	0	0	0	0	5.35464	0	
0	0	0	0	0	0	0	10.39247	0	0	0	0	0	0	0	0	0	0	0	0	0	0	2.68307	0	0	0	0	0	10.68292	0	0	0	0	0	9.54787	0	0	0	0	0	0	2.27617	0	0	0	0	7.04555	0	0	0	0	0	9.00065	0	0	0	6.75349	3.36389	0	4.69606	7.63433	0	0	7.24944	0	3.90137	0	7.92367	7.35725	10.20164	8.55549	5.24287	10.63031	4.81063	6.60065	6.27507	5.38624	0	6.4789	6.11276	7.49874	8.10205	7.46928	0	5.40565	0	1.35004	5.54606	0	0	9.41662	8.05553	0	0	0	0	8.89664	0	0	0	
0	0	0	0	0	0	0	0	0	0	0	0	0	0	0	0	0	0	0	0	0	0	0	0	0	0	0	0	0	0	0	0	0	0	0	0	0	7.72348	0	0	0	0	0	0	0	0	0	0	0	5.86592	0	4.12321	0	3.76044	0	0	3.46854	5.56008	2.99482	0	5.76678	0	7.90433	12.05707	8.72504	5.43011	0	0	8.41063	6.2215	0	2.28481	5.88816	9.92256	6.67579	9.72173	0	3.8192	4.89112	7.76209	3.01547	9.12194	4.40186	0	0	0	3.57621	0	0	0	0	0	7.08961	9.29212	10.15536	0	0	0	0	0	
0	0	0	0	0	0	0	6.4554	0	0	0	0	0	0	0	0	0	0	0	0	0	0	0	0	0	0	0	0	0	0	0	0	0	0	0	0	0	6.80821	0	4.96389	0	0	0	0	0	0	0	0	0	0	4.33225	0	0	11.38694	8.72794	0	0	7.11301	9.99377	11.50391	0	3.12861	0	7.31989	8.9332	9.71538	0	0	7.72777	5.00174	7.90053	6.09298	4.66006	7.10784	6.5419	8.14891	5.20713	0	7.74086	6.35022	7.45737	9.53884	2.76063	7.95273	3.15697	0	0	0.92687	0	0	9.48371	0	0	0	0	1.51744	0	0	0	0	
0	0	0	0	0	0	0	0	0	0	0	0	0	0	0	0	0	0	0	0	0	0	0	0	0	9.84861	0	0	0	0	0	0	0	0	0	0	0	12.23706	0	0	0	0	0	0	8.02078	0	0	0	7.91363	0	0	0	0	0	0	0.82749	0	0	0	0	0	0	8.3227	0	0	6.41779	4.49496	8.03266	0	6.5574	3.04919	0	6.71114	0	8.57781	6.117	6.22084	6.08564	5.82715	5.95022	5.49716	0	7.30253	0	8.14441	5.75595	0	0	0	0	7.21866	0	0	0	0	0	0	2.68307	0	0	
0	0	0	0	0	0	0	0	0	0	0	0	4.89045	0	0	0	0	0	0	0	0	0	0	0	0	0	0	0	0	0	0	0	0	0	0	0	0	0	0	0	0	0	0	0	0	0	0	10.93374	0	0	2.68307	0	10.00033	0	0	0	0	0	0	5.02165	0	0	0	5.94911	8.06735	6.85349	9.5296	0	11.03201	0	0	8.30143	0	0	0	6.54432	6.49239	8.66684	6.85184	4.85979	0	9.1468	7.1353	4.97319	7.50347	3.11042	6.16793	1.73283	7.79285	0	0	0	0	5.82707	0	0	0	0	0	0	
0	0	0	0	0	0	0	0	0	0	0	0	0	0	0	0	0	0	0	0	0	0	0	0	0	0	0	0	0	0	0	0	9.47746	0	0	0	0	0	0	0	3.82457	0	0	0	0	0	0	0	0	0	0	0	0	0	0	0	8.11099	0	0	0	7.65116	0	0	4.63742	0	6.87269	0	0	5.97333	0	0	0	8.78453	0	0	3.97428	0	0	5.68979	9.65378	6.64843	6.17518	10.02521	0	2.28481	0	0.82749	0	2.03506	1.35004	6.88832	6.38016	5.14983	0	0	0	0	0	0	0	
0	0	0	0	0	0	0	3.52169	0	0	0	0	0	0	0	0	0	0	0	0	0	0	0	0	0	0	0	5.82707	0	0	0	0	0	0	0	0	0	0	0	0	0	0	0	0	0	0	0	0	0	0	0	0	0	0	0	0	0	0.82749	0	0	0	0	0	0	0	0	0	0	0	0	5.43123	6.47966	7.05142	1.73283	0	9.84375	9.56563	0	9.83743	4.99926	0	5.75341	0	8.47163	2.28481	9.41023	0	10.82398	0	0	0	2.68307	0	0	0	6.86313	0	0	0	0	
0	0	0	0	0	0	0	0	0	0	0	0	0	0	0	0	0	0	0	0	9.50078	0	0	0	0	0	0	0	0	0	6.52985	0	0	0	0	0	0	0	0	0	0	0	0	0	0	0	0	0	0	0	0	0	0	0	0	0	0	0	0	13.5325	0	0	0	0	6.50546	8.76925	7.16516	5.63829	0	0	0	0	0	0	0	2.49764	4.94241	1.35004	0	0	2.91354	0	0	0	5.32177	6.8822	7.47142	6.21805	7.54015	0	7.46624	6.46808	6.50546	4.1099	0	6.36339	0	0	0	0	
0	0	0	0	0	0	0	0	0	0	0	0	0	0	0	0	0	0	0	0	0	0	0	0	0	0	0	0	0	0	0	0	0	0	0	0	0	0	0	0	0	0	0	0	0	0	0	0	6.64599	0	0	0	0	0	0	0	0	0	0	0	0	0	0	0	0	0	0	0	0	8.21004	9.4696	9.67083	6.56315	0	10.21016	7.19597	0	7.15735	0	0	0	7.36819	6.12802	0	4.38893	0	2.84734	0	0	7.12115	0	1.84884	4.07375	0	1.35004	0	0	0	0	0	
0	0	0	0	0	0	0	0	0	0	0	0	0	0	0	6.46416	0	0	0	0	0	0	0	0	0	0	0	0	0	0	0	0	0	0	7.18833	0	0	0	0	0	0	0	0	0	0	0	0	0	0	0	0	0	0	0	0	0	0	0	0	0	0	0	0	0	0	0	0	3.25104	0	0	0	0	0	6.02882	0	0	0	1.82876	0	0	0	0.82749	0	0	2.39123	0	7.49306	3.72358	8.06318	10.2988	11.27415	0	8.50892	0	0	0	0	0	0	0	
0	0	0	0	0	0	0	0	0	0	0	0	0	0	0	0	0	0	0	0	0	0	0	0	0	0	0	0	0	0	0	0	0	0	0	0	0	0	0	0	0	0	0	0	0	0	0	0	9.16346	1.35004	0	0	0	0	0	0	0	0	0	9.66396	0	0	0	0	0	6.26765	0	0	0	0	0	7.42131	0	0	0	0	0	11.60818	0	5.56523	9.33419	0	0	10.18925	0	0	0	0	0	0	0	0	0	0	0	0	0	0	0	0	
0	0	0	0	0	0	0	0	0	0	0	0	0	0	0	0	0	0	0	0	0	0	0	0	0	0	0	0	0	0	0	0	0	0	0	0	0	0	0	0	0	0	0	0	0	0	0	0	0	0	0	0	0	0	0	2.54552	0	0	11.62915	0	0	0	0	0	10.00795	0	0	0	0	0	0	6.72206	0	3.90137	0	0	5.78716	0	0	0	2.58209	6.89664	5.43721	7.62165	0	0	0	7.34775	8.75929	0	5.63806	9.54932	8.7538	0	0	0	0	0	0	0	
0	0	0	0	0	0	0	0	0	0	0	0	0	0	0	0	0	0	0	0	0	0	0	0	0	0	0	0	0	0	0	0	0	0	0	0	0	0	0	0	0	0	0	0	0	0	0	0	0	0	0	0	0	0	0	0	0	0	0	0	0	0	0	0	0	0	0	0	0	0	0	0	0	0	0	0	0	0	0	0	0	0	0	0	0	0	2.03506	0	0	0	0	8.4398	0	0	0	0	0	0	0	0	
0	0	0	0	0	0	0	0	0	0	0	0	0	0	0	0	0	0	0	0	0	0	0	0	0	0	0	0	0	0	0	0	0	0	0	0	0	0	0	0	0	0	0	0	0	0	0	0	0	0	0	0	0	0	0	0	0	0	0	0	0	0	0	0	0	0	0	0	0	0	10.60701	0.82749	0	0	0	0	3.46854	0	0	7.40821	0	0	0	10.08096	0	0	0	0	0	0	4.9267	8.08392	0	0	0	0	0	0	0	0	
0	0	0	0	0	0	0	0	0	0	0	0	0	0	0	0	0	0	0	0	0	0	0	0	0	0	0	0	0	0	0	0	0	0	0	0	0	0	0	0	0	0	0	0	0	0	0	0	0	0	0	0	0	0	0	0	0	0	0	7.90433	0	0	0	0	0	0	0	0	0	0	5.22519	0	0	0	0	0	0	0	0	0	0	0	0	0	0	0	3.12861	0	0	0	0	0	0	0	0	0	0	0	0	0	
0	0	0	0	0	0	0	0	0	0	0	0	0	0	0	0	0	0	0	0	0	0	0	0	0	0	0	0	0	0	0	0	0	0	0	0	0	0	0	0	0	0	0	0	0	0	0	0	0	0	0	0	0	0	0	0	0	0	0	0	0	0	0	0	0	0	0	0	0	7.89497	2.99482	0	0	0	0	0	0	0	6.95606	0	0	0	0	0	0	0	0	0	6.74307	4.89045	0	0	0	0	0	0	0	0	0	0	
0	0	0	0	0	0	0	0	0	0	0	0	0	0	0	0	0	0	0	0	0	0	0	0	0	0	0	0	0	0	0	0	0	0	0	0	0	0	0	0	0	0	0	0	0	0	0	0	0	0	0	0	0	0	0	0	0	0	0	0	0	0	0	0	0	0	0	0	0	0	0	0	0	0	0	0	0	0	0	0	0	0	0	0	0	0	3.36389	0	0	0	0	0	0	0	0	0	0	0	0	0	
0	0	0	0	0	0	0	0	0	0	0	0	0	0	0	0	0	0	0	0	0	0	0	0	0	0	0	0	0	0	0	0	0	0	0	0	0	0	0	0	0	0	0	0	0	0	0	0	0	0	0	0	0	0	0	0	0	0	9.46644	0	0	0	0	0	0	0	0	0	0	0	0	0	0	0	0	5.25476	0	0	0	0	0	0	0	0	0	0	0	0	0	0	0	0	0	0	0	0	0	0	0	0	
0	0	0	0	0	0	0	0	0	0	0	0	0	0	0	0	0	0	0	0	0	0	0	0	0	0	0	0	0	0	0	0	7.23359	0	0	0	0	0	0	0	0	0	0	0	0	0	0	0	0	0	0	0	0	0	0	0	0	0	0	0	0	0	0	0	0	0	0	0	0	0	0	0	0	0	0	5.34	0	0	0	0	6.55384	0	0	0	0	0	0	0	0	0	0	0	0	0	0	0	0	0	0	0	
0	0	0	0	0	0	0	0	0	0	0	0	0	0	0	0	0	0	0	0	0	0	0	0	0	0	0	0	0	0	0	0	0	0	0	0	0	0	0	0	0	0	0	0	0	0	0	0	0	0	0	0	0	0	0	0	0	0	0	0	0	0	0	0	0	0	0	0	0	0	0	0	0	0	0	0	0	0	0	0	0	0	0	0	0	0	0	0	0	0	0	0	0	0	0	0	0	0	0	0	
0	0	0	0	0	0	0	0	0	0	0	0	0	0	0	0	0	0	0	0	0	0	0	0	0	0	0	0	0	0	0	0	0	0	0	0	0	0	0	0	0	0	0	0	0	0	0	0	0	0	0	0	0	0	0	0	0	0	0	0	0	0	0	0	0	0	0	0	0	0	0	0	0	0	0	0	0	0	0	0	0	0	0	0	0	0	0	0	0	0	0	0	0	0	0	0	0	0	0	0	
0	0	0	0	0	0	0	0	0	0	0	0	0	0	0	0	0	0	0	0	0	0	0	0	0	0	0	0	0	0	0	0	0	0	0	0	0	0	0	0	0	0	0	0	0	0	0	0	0	0	0	0	0	0	0	0	0	0	0	0	0	0	0	0	0	0	0	0	0	0	0	0	0	0	0	0	0	0	0	0	0	0	0	0	0	0	0	0	0	0	0	0	0	0	0	0	0	0	0	0	
0	0	0	0	0	0	0	0	0	0	0	0	0	0	0	0	0	0	0	0	0	0	0	0	0	0	0	0	0	0	0	0	0	0	0	0	0	0	0	0	0	0	0	0	0	0	0	0	0	0	0	0	0	0	0	0	0	0	0	0	0	0	0	0	0	0	0	0	0	0	0	0	0	0	0	0	0	0	0	0	0	0	0	0	0	0	0	0	0	0	0	0	0	0	0	0	0	0	0	0	
0	0	0	0	0	0	0	0	0	0	0	0	0	0	0	0	0	0	0	0	0	0	0	0	0	0	0	0	0	0	0	0	0	0	0	0	0	0	0	0	0	0	0	0	0	0	0	0	0	0	0	0	0	0	0	0	0	0	0	0	0	0	0	0	0	0	0	0	0	0	0	0	0	0	0	0	0	0	0	0	0	1.35004	0	0	0	0	0	0	0	0	0	0	0	0	0	0	0	0	0	0	
0	0	0	0	0	0	0	0	0	0	0	0	0	0	0	0	0	0	0	0	0	0	0	0	0	0	0	0	0	0	0	0	0	0	0	0	0	0	0	0	0	0	0	0	0	0	0	11.61175	0	0	0	0	0	0	0	0	0	0	0	0	0	0	0	0	0	0	0	0	0	0	0	0	0	0	9.82811	0	0	0	0	0	0	0	0	0	0	0	0	0	0	0	0	0	0	0	0	0	0	0	0	0	
