0	0	0	0	0	0	0	0	0	0	0	0	0	0	0	0	0	0	0	0	0	0	0	0	0	0	0	0	0	0	0	0	0	0	0	0	0	0	0	0	0	0	0	0	0	0	0	0	0	0	0	10.68669	0	0	0	0	0	0	0	0	0	0	0	0	0	0	0	0	0	0	0	0	0	0	0	0	0	0	0	0	0	0	0	0	0	0	0	0	0	0	0	0	0	0	0	0	0	0	0	0	
0	0	0	0	0	0	0	0	0	0	0	0	0	0	0	0	0	0	0	0	0	0	0	0	0	0	0	0	0	0	0	0	0	0	0	0	0	0	0	0	0	0	0	0	0	0	0	13.9297	0	0	0	0	0	0	0	0	0	0	0	0	0	0	0	13.13997	0	0	0	0	0	0	0	0	0	0	0	0	0	0	0	0	0	0	0	0	0	0	0	0	0	0	0	0	0	0	0	0	0	0	0	0	
0	0	0	0	0	0	0	0	0	0	0	0	0	0	0	0	0	0	0	0	0	0	0	0	0	0	0	0	0	0	0	0	0	0	0	0	0	0	0	0	0	0	0	0	0	0	0	0	0	0	0	0	0	0	8.99265	0	0	0	0	0	0	0	0	0	0	0	0	0	0	0	0	0	0	0	0	0	0	0	0	0	0	0	0	0	0	0	0	0	0	0	0	0	0	0	0	0	0	0	0	0	
0	0	0	0	0	0	0	0	0	0	0	0	0	0	0	0	0	0	0	0	0	0	0	0	0	0	0	0	0	0	0	0	0	0	0	0	0	0	0	0	0	0	0	0	0	0	14.02622	8.31481	0	0	0	0	0	0	0	0	0	0	0	0	0	0	0	0	0	0	0	0	0	0	0	0	0	0	0	0	0	0	0	0	0	0	0	0	0	0	0	0	0	0	0	0	0	0	0	0	0	0	0	0	
0	0	0	0	0	0	0	0	0	0	0	0	0	0	0	0	0	0	0	0	0	0	0	0	0	0	0	0	0	0	0	0	0	0	0	0	0	9.06589	0	0	0	0	0	13.03324	0	0	0	0	0	0	0	0	0	0	0	0	0	0	0	0	0	0	0	0	0	0	0	0	0	0	0	0	0	0	0	0	0	0	0	0	0	0	0	0	0	0	0	0	0	0	0	0	0	0	0	0	0	0	0	0	
0	0	0	0	0	0	0	0	0	0	0	0	0	0	0	0	0	0	0	0	0	0	0	0	0	0	0	0	0	0	0	0	0	0	0	0	0	0	0	0	0	0	0	0	0	0	0	0	0	0	0	0	0	0	0	0	0	0	0	0	0	0	0	0	0	0	0	0	0	0	0	0	8.34648	0	0	0	0	0	0	0	0	0	0	0	0	0	0	0	0	0	0	0	0	0	0	0	0	0	0	0	
0	0	0	0	0	0	0	0	0	0	0	0	0	0	0	0	0	0	0	0	0	0	0	0	0	0	0	0	0	0	0	0	0	0	0	0	0	0	0	0	0	0	0	0	0	0	0	0	0	0	0	0	0	0	0	0	0	0	0	0	0	0	0	0	0	0	0	0	0	0	0	0	0	0	10.88183	0	0	0	0	0	0	0	0	0	0	0	0	0	0	0	0	0	0	0	0	0	0	0	0	0	
0	0	0	0	0	0	0	0	0	0	0	0	0	0	0	0	0	0	0	0	0	0	0	0	0	0	0	0	0	0	0	0	0	0	0	0	0	0	0	0	0	0	0	0	0	0	0	0	0	0	0	9.68219	0	0	0	13.40808	0	0	10.82952	0	0	0	0	0	0	0	0	0	0	0	0	0	0	0	0	0	0	0	0	0	0	0	0	0	0	0	0	0	0	0	0	0	0	0	0	0	0	0	0	0	
0	0	0	0	0	0	0	0	0	0	0	0	0	0	0	0	0	0	0	0	0	0	0	0	0	0	0	0	5.91264	0	0	0	0	0	0	0	0	0	0	0	0	0	0	0	0	0	0	0	0	0	0	0	0	0	0	0	0	0	0	0	0	0	0	0	0	0	0	7.88879	0	0	0	0	0	0	0	0	0	0	0	0	0	0	0	0	0	0	0	0	0	0	0	0	0	0	0	0	0	0	0	0	
0	0	0	0	0	0	0	0	0	0	0	0	0	0	0	0	0	0	0	0	0	0	0	0	0	0	0	0	0	0	0	0	0	0	0	0	0	0	0	0	0	0	0	0	0	0	0	0	0	0	0	0	0	0	0	8.82558	0	0	0	0	0	0	0	0	0	0	0	0	0	0	0	0	0	0	0	0	0	0	0	0	0	0	0	0	0	0	0	0	0	0	0	0	0	0	0	0	0	0	0	0	
0	0	0	0	0	0	0	0	0	0	0	0	0	0	0	0	0	0	0	0	0	0	0	0	0	0	0	0	0	0	0	0	0	0	0	0	0	0	0	0	0	0	0	0	0	0	0	0	0	0	0	0	0	0	0	0	0	0	0	0	0	0	0	0	0	0	0	8.54395	0	0	0	0	0	0	0	0	0	0	0	0	0	0	0	0	0	0	0	0	0	0	0	0	0	0	0	0	0	0	0	0	
0	0	0	0	0	0	0	0	0	0	0	0	0	0	0	0	0	0	0	0	0	0	0	0	0	0	0	0	0	0	0	0	0	0	0	0	0	0	0	0	0	0	0	0	0	0	0	0	0	0	0	0	5.84767	0	0	0	3.42501	0	0	0	0	0	0	0	0	0	0	0	0	0	0	4.00278	0	0	0	0	0	0	0	0	0	0	0	0	0	0	0	0	0	0	0	0	0	0	0	0	0	0	0	0	
0	0	0	0	0	0	0	0	0	0	0	0	0	0	0	0	0	0	0	0	0	0	0	0	0	0	0	0	0	0	0	0	0	0	0	0	0	0	0	0	0	0	0	0	0	0	0	0	10.88251	0	0	0	13.37569	0	0	0	0	0	0	0	0	0	0	0	0	0	0	5.49853	0	0	0	0	0	0	0	0	0	0	0	0	0	0	0	0	0	0	0	0	0	0	0	0	0	0	0	0	0	0	0	0	
0	0	0	0	0	0	0	0	0	0	0	0	0	0	0	0	0	0	0	0	0	0	0	0	0	0	0	0	0	0	12.47415	0	0	0	0	0	0	0	0	7.58482	0	0	0	0	0	0	0	9.10579	0	0	0	0	0	0	0	0	0	8.07095	6.59232	0	10.61813	0	0	8.85618	0	0	0	0	0	0	0	0	0	0	0	0	0	0	0	0	0	0	0	0	0	0	0	0	0	0	0	0	0	0	0	0	0	0	0	0	
0	0	0	0	0	0	0	0	0	0	0	0	0	0	0	0	0	0	0	0	0	0	0	0	0	0	0	0	0	0	0	0	0	0	0	0	0	0	0	0	0	0	0	0	0	0	0	0	0	0	0	0	0	0	5.65148	0	0	0	0	0	0	0	0	0	0	0	0	0	0	0	0	0	0	0	0	0	0	0	0	0	0	0	0	0	0	0	0	0	0	0	0	0	0	0	0	0	0	0	0	0	
0	0	0	0	0	0	0	0	0	0	0	0	0	0	0	0	0	0	0	0	0	0	0	0	0	0	0	0	0	0	0	0	0	0	0	0	0	0	0	0	0	0	16.00968	0	0	0	0	0	0	0	0	0	9.11042	0	0	0	0	0	0	14.01994	0	0	0	0	0	0	0	0	0	0	0	8.75648	0	0	0	0	0	0	0	0	0	0	0	0	0	0	0	0	0	0	0	0	0	0	0	0	0	0	0	0	
0	0	0	0	0	0	0	0	0	0	0	0	0	0	0	0	0	0	0	0	0	0	0	0	0	0	0	0	0	0	0	0	0	0	0	0	0	0	0	0	0	0	0	5.18418	0	0	0	10.52824	0	0	0	10.09579	0	0	0	0	0	0	4.72143	0	0	0	0	0	0	0	0	0	0	0	0	0	0	0	0	0	0	0	0	0	0	0	0	0	0	0	0	0	0	0	0	0	0	0	0	0	0	0	0	0	
0	0	0	0	0	0	0	0	0	0	0	0	0	0	0	0	0	0	0	0	0	0	0	0	0	0	0	0	0	0	0	0	0	0	0	0	0	0	0	0	0	0	14.05603	0	0	0	0	0	0	0	0	0	0	0	0	8.62695	0	0	0	0	0	0	0	0	0	0	0.91395	0	9.85463	0	0	0	0	0	0	0	0	0	0	0	0	0	0	0	0	0	0	0	0	0	0	0	0	0	0	0	0	0	0	0	
0	0	0	0	0	0	0	0	0	0	0	0	0	0	0	0	0	0	0	0	0	0	0	0	0	0	0	0	0	0	0	0	0	0	0	0	0	0	0	0	12.54992	0	0	0	0	0	0	0	0	0	0	0	0	0	0	0	0	0	0	0	0	0	0	0	0	0	0	0	0	0	0	0	0	0	0	0	0	0	0	0	0	0	0	0	0	0	0	0	0	0	0	0	0	0	0	0	0	0	0	0	
0	0	0	0	0	0	0	0	0	0	0	0	0	0	0	0	0	0	0	0	0	0	0	0	0	0	0	0	0	0	0	0	0	0	0	0	0	0	0	0	0	0	0	0	0	0	0	8.67456	0	0	8.90442	0	0	0	0	0	0	0	0	0	0	0	0	0	0	0	0	0	0	0	0	0	0	0	0	0	8.54053	0	0	0	0	0	0	0	0	0	0	0	0	0	0	0	0	0	0	0	0	0	0	0	
0	0	0	0	0	0	0	0	0	0	0	0	0	0	0	0	0	0	0	0	0	0	0	0	0	0	0	0	0	0	0	0	0	0	0	0	0	0	0	0	0	0	0	0	0	0	0	7.20724	0	0	10.69748	11.08163	0	0	0	0	8.40726	0	10.17349	0	9.34033	0	0	0	0	9.75037	0	0	0	0	0	0	0	0	0	0	0	0	0	0	0	0	0	0	0	0	0	0	0	0	0	0	0	0	0	0	0	0	0	0	
0	0	0	0	0	0	0	0	0	0	0	0	0	0	0	0	0	0	0	0	0	0	0	0	0	0	0	0	0	0	0	0	0	0	0	0	0	0	0	0	0	11.74541	0	0	0	0	0	0	0	0	0	0	0	0	0	0	0	0	0	0	0	0	0	0	0	0	0	0	0	0	0	0	0	0	0	0	0	0	0	0	0	0	0	0	0	0	0	0	0	0	0	0	0	0	0	0	0	0	0	0	
0	0	0	0	0	0	0	0	0	0	0	0	0	0	0	0	0	0	0	0	0	0	0	0	0	0	0	0	0	0	0	10.38477	0	0	0	0	0	0	0	0	0	0	0	0	0	0	0	9.88192	0	0	0	0	0	0	0	0	0	0	0	0	0	0	0	3.16311	0	0	0	3.74183	0	0	0	0	0	0	0	0	0	0	0	0	0	0	0	0	0	0	0	0	0	0	0	0	0	0	0	0	0	0	0	0	
0	0	0	0	0	0	0	0	0	0	0	0	0	0	0	0	0	0	0	0	0	0	0	0	0	0	0	0	0	0	0	12.69664	0	0	1.86888	0	0	0	0	0	0	0	0	0	0	0	0	0	0	0	0	0	0	0	0	0	0	0	0	0	0	0	0	0	0	0	0	0	0	0	0	0	0	0	0	0	0	0	0	0	0	0	0	0	0	0	0	0	0	0	0	0	0	0	0	0	0	0	0	0	
0	0	0	0	0	0	0	0	0	0	0	0	0	0	0	0	0	0	0	0	0	0	0	0	0	0	0	0	0	0	0	0	0	0	0	0	0	0	0	0	0	0	0	9.98747	0	0	0	0	0	12.38444	0	0	0	0	9.48797	0	0	0	0	0	0	0	0	0	0	0	0	0	0	0	0	0	0	0	0	0	0	0	0	0.93444	0	0	0	0	0	0	0	0	0	0	0	0	0	0	0	0	0	0	0	0	
0	0	0	0	0	0	0	0	0	0	0	0	0	0	0	0	0	0	0	0	0	0	0	0	0	0	0	0	0	0	0	0	9.80558	0	0	0	0	0	0	0	0	0	0	0	0	0	0	4.08024	0	0	8.18321	0	0	0	0	0	0	0	8.78856	0	0	0	0	0	0	0	0	0	0	0	0.91395	0	0	0	0	0	0	0	0	0	0	0	0	0	0	6.13534	0	0	0	0	0	0	0	0	0	0	0	0	0	0	
0	0	0	0	0	0	0	0	0	0	0	0	0	0	0	0	0	0	0	0	0	0	0	0	0	0	0	0	0	0	0	0	0	0	0	0	0	0	0	11.30628	0	0	0	0	15.85877	0	5.80268	0	0	0	0	0	0	0	0	0	0	0	0	0	0	0	0	0	0	0	0	0	0	1.469	0	0	0	0	0	0	0	0	0	0	0	0	0	0	0	0	0	0	0	0	0	0	0	0	0	0	0	0	0	0	
0	0	0	0	0	0	0	0	0	0	0	0	0	0	0	0	0	0	0	0	0	0	0	0	0	0	0	0	0	0	0	0	0	0	0	9.64119	0	0	0	0	0	0	0	0	0	0	0	8.67143	0	0	0	0	0	6.8485	0	0	0	0	0	0	10.08465	0	0	0	0	0	0	0	0	0	0	0	0	0	0	0	0	0	0	0	0	0	0	0	0	0	0	0	0	0	0	0	0	0	5.97481	0	0	0	0	0	
0	0	0	0	0	0	0	0	0	0	0	0	0	0	0	0	0	0	0	0	0	0	0	0	0	0	0	0	0	0	0	0	0	0	0	0	0	0	0	0	0	15.8092	0	0	0	0	0	0	0	0	0	0	0	0	0	0	0	0	0	0	0	0	0	0	0	0	0	4.08024	0	0	0	4.4738	0	0	0	0	0	0	0	0	0	0	0	0	0	0	0	0	0	0	0	0	0	0	0	0	0	0	0	0	
0	0	0	0	0	0	0	0	0	0	0	0	0	0	0	0	0	0	0	0	0	0	0	0	0	0	0	0	0	0	0	0	0	0	0	0	0	0	0	0	6.98359	0	0	0	9.62997	0	0	6.94974	0	0	10.8504	12.40645	0	0	0	10.71732	0	0	8.82839	0	7.71801	0	0	0	0	0	0	0	0	0	0	0	0	0	0	0	0	0	0	0	0	0	0	0	0	0	0	0	0	0	0	0	0	0	0	3.42303	0	0	0	0	
0	0	0	0	0	0	0	0	0	0	0	0	0	0	0	0	0	0	0	0	0	0	0	0	0	0	0	0	0	0	0	0	0	0	0	0	0	0	0	0	0	0	0	0	16.15959	0	0	0	0	8.03736	0	0	8.6366	0	0	0	0	8.18492	0	0	0	7.14551	0	0	0	0	0	0	0	0	0	0	0	0	0	0	0	0	0	0	0	0	0	0	0	0	0	0	0	0	0	0	0	0	0	0	0	0	0	0	
0	0	0	0	0	0	0	0	0	0	0	0	0	0	0	0	0	0	0	0	0	0	0	0	0	0	0	0	0	0	0	0	0	0	0	0	0	0	0	0	0	0	0	11.47799	0	0	13.33219	0	0	0	10.6625	0	0	0	0	0	0	0	0	8.23658	0	0	0	0	9.5974	0	0	5.25306	0	0	0	0	10.45097	0	0	0	6.36359	0	0	0	0	0	0	0	0	0	0	0	0	0	0	0	0	0	0	0	0	0	0	0	
0	0	0	0	0	0	0	0	0	0	0	0	0	0	0	0	0	0	0	0	0	0	0	0	0	0	0	0	0	0	0	0	0	0	0	0	0	0	0	0	0	0	0	0	5.51341	0	0	11.10961	0	0	0	13.60593	5.68364	0	0	6.26752	0	0	0	0	0	0	0	0	0	0	0	10.77669	0	0	0	0	0	11.32778	0	0	0	0	0	0	0	0	0	0	0	0	0	0	0	0	0	0	0	0	0	0	0	0	0	0	
0	0	0	0	0	0	0	0	0	0	0	0	0	0	0	0	0	0	0	0	0	0	0	0	0	0	0	0	0	0	0	0	0	0	0	0	0	16.58816	0	0	0	0	0	0	0	0	0	0	7.83994	0	0	7.40176	0	0	7.5028	0	9.32649	0	0	4.78268	0	0.91395	0	0	0	0	0	0	0	0	0	0	0	0	5.92842	1.86888	0	0	0	0	0	0	0	0	0	0	0	0	0	0	0	0	0	0	0	0	0	0	0	0	
0	0	0	0	0	0	0	0	0	0	0	0	0	0	0	0	0	0	0	0	0	0	0	0	0	0	0	0	0	0	0	0	0	0	0	0	0	0	0	0	0	0	14.69316	0	0	11.38994	0	13.74009	0	0	10.2488	0	11.12569	0	9.62836	0	0	0	0	0	0	0	0	10.50989	0	0	0	6.25086	0	0	10.47447	0	0	0	0	0	0	0	3.53731	0	0	0	0	0	0	0	0	0	0	0	0	0	0	0	0	0	0	0	0	0	
0	0	0	0	0	0	0	0	0	0	0	0	0	0	0	0	0	0	0	0	0	0	0	0	0	0	0	0	0	0	0	0	0	0	0	0	0	0	0	0	0	0	0	0	0	0	0	9.41884	10.72638	0	0	13.70295	0	0	0	0	0	0	0	0	0	0	0	0	1.469	0	0	0	0	0	0	0	0	0	0	0	0	0	0	0	0	0	0	0	0	0	0	0	0	0	7.33123	0	0	0	0	0	0	0	0	0	
0	0	0	0	0	0	0	0	0	0	0	0	0	0	0	0	0	0	0	0	0	0	0	0	0	0	0	0	0	0	0	0	0	0	0	0	0	0	0	0	0	0	0	0	0	0	0	13.64199	0	0	0	0	8.83399	0.91395	0	0	0	0	11.79882	10.03688	0	0	0	0	0	0	0	0	0	0	0	0	0	0	0	0	0	0	0	0	0	0	0	0	0	0	0	0	0	0	0	0	0	0	0	0	0	0	6.46815	0	
0	0	0	0	0	0	0	0	0	0	0	0	0	0	0	0	0	0	0	0	0	0	0	0	0	0	0	0	0	0	0	0	0	0	0	0	0	0	0	0	0	0	8.11762	0	0	0	0	0	0	8.68569	0	9.58251	0	8.01287	0	0	0	0	0	0	0	0	0	0	14.40989	0	0	0	0	0	0	0	0	0	0	0	14.70534	0	0	0	0	0	0	0	0	0	0	0	0	0	0	0	0	0	0	0	0	0	0	0	
0	0	0	0	0	0	0	0	0	0	0	0	11.87637	0	0	0	0	0	0	0	0	0	0	0	0	0	0	0	0	0	11.59518	0	0	0	0	0	0	0	0	0	0	0	10.39604	0	0	0	0	10.19867	0	0	13.78684	0	0	8.83399	2.43853	0	10.27434	0	0	0	0	0	0	9.68369	9.56071	10.4103	0	0	0	0	0	0	0	0	0	0	0	0	0	0	0	0	0	0	0	0	0	0	0	0	0	0	0	0	0	0	0	0	0	0	
0	0	0	0	0	0	0	0	0	0	0	0	0	0	0	0	0	0	0	0	0	0	0	0	0	0	0	0	0	0	0	0	0	0	0	0	0	0	0	0	0	0	0	0	0	11.23357	7.52375	0	2.6565	12.73157	0	7.61448	7.13596	0	12.33641	7.35145	0	0	0	0	12.51983	0	0	0	0	0	0	0	0	6.28188	0	0	0	0	0	0	4.99832	0	0	0	0	0	0	0	0	0	0	0	0	0	0	0	0	0	0	0	0	0	0	0	
0	0	0	0	0	0	0	0	0	0	0	0	0	0	0	9.24894	0	0	0	0	0	0	0	0	0	0	0	0	0	0	0	0	0	0	0	9.25104	12.45679	0	0	0	0	0	0	3.83417	0	10.1377	8.05654	9.14912	6.5521	7.87296	0	0	5.21921	0	10.74508	0	0	0	0	9.14462	0	8.75057	0	5.82535	0	8.6366	0	0	11.59518	0	9.52653	0	0	0	0	11.23543	0	6.01481	0	4.61739	0	0	0	0	0	0	0	0	0	0	11.0519	0	0	0	0	0	0	0	0	0	
0	0	0	0	0	0	0	0	0	0	0	0	0	0	0	0	0	0	0	0	0	0	0	0	0	0	12.16479	0	0	0	0	2.84583	0	0	6.12857	0	0	0	0	0	11.88261	0	0	0	0	0	0	0	10.13741	10.89596	5.18455	10.36749	8.84236	0	11.25188	0	8.14942	0	4.28844	0	5.14905	9.04189	0	0	0	8.9155	0	0	0	0	0	0	0	7.82876	0	0	0	0	0	0	0	0	0	0	0	0	0	0	0	0	0	0	0	0	0	0	4.73558	0	0	0	
0	0	0	0	0	0	0	0	0	0	0	0	0	0	0	0	0	0	0	13.31364	0	0	0	0	0	0	0	0	0	0	0	0	0	0	0	0	0	0	0	0	0	0	0	13.03084	0	0	12.91105	11.7203	11.14834	0	7.76568	8.64133	11.71157	0	0	0	13.88564	0	0	8.13817	6.81211	0	0	12.70869	0	7.32329	0	9.54714	0	0	0	0	0	0	0	0	0	0	0	0	0	0	0	0	0	0	0	0	0	0	9.40625	0	0	0	0	0	0	0	0	0	
0	0	0	0	0	0	0	0	0	0	0	0	8.41535	0	0	0	0	0	0	9.64916	0	0	0	0	0	0	0	0	0	0	0	0	0	8.33582	0	0	0	0	0	0	0	10.29014	13.52307	0	8.98492	0	0	4.33425	10.4914	0	4.41522	8.16654	7.3914	8.13375	10.30125	10.38381	6.51159	5.16813	8.86375	0	0	0	0	0	4.91541	0	0	0	0	0	0	0	0	0	0	0	0	0	11.17727	1.86888	0	0	0	0	0	0	0	0	0	0	0	0	0	0	0	0	0	0	0	0	
0	0	0	0	0	0	0	0	0	0	0	0	0	0	0	0	0	0	0	0	0	0	0	16.38442	0	0	0	0	0	0	0	0	0	0	0	0	0	0	12.75962	0	0	0	7.66655	9.50913	5.28612	0	10.87855	5.79542	0	7.73794	10.26237	8.67323	0	0	0	0	0	5.93692	16.71612	10.46457	12.26926	0	0	0	7.2329	0	0	0	0	0	0	0	0	0	0	0	0	0	0	0	0	0	0	0	0	0	0	0	0	0	0	0	0	0	0	0	0	0	0	0	
0	0	8.20235	0	0	0	0	0	0	0	0	0	0	0	0	0	0	0	0	0	0	0	0	0	0	0	0	0	0	0	0	0	0	0	0	0	0	0	0	0	10.17257	0	0	0	0	9.10115	0	6.0346	8.77407	12.34232	0	6.28398	9.3944	10.09027	6.59232	9.94021	0	0	10.84902	10.48696	7.08959	0	8.40786	10.12975	0	0	0	0	0	0	0	8.23325	0	0	0	0	4.22369	0	0	0	0	0	0	0	0	0	0	0	0	0	0	0	0	0	0	0	0	0	0	0	
0	0	0	0	0	0	0	0	0	0	0	10.97033	0	0	0	0	0	0	0	0	0	0	0	0	0	0	0	0	0	0	0	0	6.69438	0	0	0	0	9.44025	14.61291	8.08041	8.18492	6.75469	0	0	11.80572	6.96165	12.06389	8.17029	11.12484	0	11.85587	0	4.59876	3.94533	0	10.71201	5.26147	12.70887	0	0	0	0	0	0	0	0	0	8.33467	0	0	0	0	7.55121	0	0	7.99298	0	0	11.39137	0	0	0	0	0	0	0	0	0	0	0	0	0	0	0	0	8.66594	0	0	0	0	
0	0	0	0	0	0	0	0	0	0	0	0	0	0	0	0	0	0	0	0	0	0	0	0	0	0	0	0	0	0	0	0	0	0	4.53009	8.98638	0	0	0	6.57904	0	13.18942	0	11.05299	15.20165	10.2701	7.38304	10.1624	7.08767	10.38556	10.96287	9.97991	2.72755	8.80761	0	0	8.8399	0	0	7.63965	9.18463	0	1.469	0	0	0	0	0	0	0	0	0	0	0	0	0	0	0	4.22369	0	0	0	0	0	0	0	0	9.26147	0	0	0	0	0	0	0	0	0	0	0	0	
0	0	0	0	0	0	0	0	11.54995	0	10.56229	0	0	0	0	0	0	0	0	0	0	0	0	0	0	0	12.94396	0	0	0	0	0	0	0	0	2.6565	0	12.81731	11.8882	0	7.96655	5.80268	0	8.18053	3.01318	12.60972	7.02747	7.86311	9.56446	9.75787	0	9.98795	0	0	0	0	8.74872	2.43853	0	0	0	0	2.18164	0	0	0	12.8706	0	0	0	0	0	0	0	0	0	0	0	0	0	0	0	0	0	0	0	0	0	0	0	0	0	0	6.80118	0	0	0	0	0	0	
0	0	0	0	0	0	0	0	0	0	0	11.91289	0	0	13.21232	0	0	0	0	0	0	0	0	0	0	0	0	0	0	0	0	11.15898	0	0	7.49575	0	12.14662	0	0	9.8854	4.35416	0	9.53848	10.27981	10.41457	8.075	11.11198	9.51398	3.82806	9.61496	6.75692	10.71569	10.67576	9.63379	0	3.83417	9.44262	0	0	13.52025	11.54868	4.64616	0	10.86688	0	0	0	0	0	0	0	0	0	0	0	7.4325	0	0	0	0	0	0	0	6.19972	0	0	0	0	0	0	0	0	0	0	0	0	0	0	0	0	
0	0	0	0	0	0	0	0	0	0	0	0	13.82479	0	0	0	0	0	0	0	0	0	0	0	0	0	0	0	0	9.8927	0	0	7.5444	0	4.87251	0	13.67104	0	14.52014	10.06096	10.31951	10.44091	9.08637	9.7443	8.97522	4.5935	9.81837	10.58412	3.53731	9.84807	7.32528	12.11476	10.1456	6.63571	7.25791	8.1595	10.24237	0	0	9.68988	3.92094	0	0	0	0	0	0	0	0	0	0	0	0	9.27205	0	0	0	0	0	0	10.44823	0	0	0	0	0	0	0	0	0	0	0	0	0	0	0	0	0	0	0	
0	0	0	0	0	0	0	14.49079	0	0	0	9.29434	0	0	0	0	0	0	0	0	0	0	0	0	0	0	0	8.30271	0	0	5.31845	0	12.48332	0	0	0	6.31635	9.15585	9.94558	11.43733	10.59674	5.32128	0	11.06303	10.72467	8.83817	9.44056	9.47389	11.06017	10.14984	5.93244	9.15503	10.217	9.26354	9.62502	8.47913	13.94257	5.5907	5.12148	9.04189	6.39439	12.7817	9.84495	0	11.40036	0	0	0	0	0	0	0	0	10.04294	0	0	0	0	0	0	0	0	0	0	0	0	0	0	0	0	0	0	0	0	0	0	0	0	0	0	
11.75097	0	0	0	0	0	0	0	7.21627	0	0	0	9.40008	0	0	0	0	0	0	0	0	0	0	0	13.62765	0	0	8.09448	0	0	0	0	14.57181	0	11.27832	8.10378	0	6.76645	10.79526	7.57522	9.11042	9.50757	5.91754	10.41027	11.59425	10.19703	8.71997	10.72945	7.06579	8.24688	10.70828	6.87666	7.79228	6.46302	10.9843	9.66813	10.95948	6.49442	0	10.79451	0	1.469	0	7.71932	0	8.39654	0	0	0	0	5.11264	0	0	0	0	0	0	0	0	0	0	0	4.84875	0	0	14.57807	0	0	0	0	0	0	0	0	0	0	0	0	0	0	
0	0	0	10.13089	0	0	0	0	0	0	0	0	0	0	0	0	0	0	8.77698	0	0	11.96455	0	4.15375	11.08617	10.2467	0	0	11.80793	9.07774	12.90067	0	13.85196	0	0	0	0	10.48664	11.22758	9.68735	8.88011	6.1252	9.11995	9.33745	8.97261	9.81954	8.89616	8.91918	9.98144	7.20056	9.77911	9.04007	9.97993	6.77228	6.28962	9.54787	0	6.17824	5.26105	9.00144	1.469	4.8283	9.19119	0	0	0	0	0	0	8.49175	0	0	5.52647	0	2.6565	9.13785	12.77971	3.47558	0	0.91395	0	0	0	0	0	0	0	0	0	0	0	0	0	0	0	0	0	0	0	0	
8.58106	0	0	0	12.61664	8.02552	0	0	0	0	0	0	0	0	0	0	0	14.65134	0	0	0	0	0	0	9.70218	0	9.34248	9.35264	0	15.12594	10.05285	0	0	0	10.23299	9.88327	5.42387	11.05637	10.78611	8.80558	7.74991	9.39288	9.60463	9.43161	10.18369	8.93036	9.91024	9.28753	9.02706	10.57066	6.59123	10.70946	12.16812	6.89914	10.87568	10.9184	9.91493	3.50765	5.01078	8.35592	6.5521	0	6.92802	9.05873	11.37705	10.57489	9.08859	0	0	0	0	0	0	0	5.70825	0	0	0	0	0	0	0	0	0	0	0	0	0	0	0	0	0	0	0	0	3.53731	0	0	0	0	
0	0	0	0	0	0	0	0	6.9427	0	8.98008	0	0	0	0	0	9.90339	15.04938	9.17804	6.30026	10.99303	9.80276	0	0	0	12.58834	0	10.40372	10.15613	10.52987	0	9.63318	11.22015	8.64416	8.80841	9.63791	8.06139	6.9929	9.46429	7.90264	9.39678	8.33522	5.23213	8.68683	10.23032	8.4009	8.90838	8.7439	8.70064	7.31662	7.20951	11.80699	8.12806	9.59309	6.84165	6.89733	4.71982	8.61399	0	10.7796	5.81813	8.3698	11.04681	0	9.10975	11.87331	3.83417	0	0	0	0	5.68364	0	0	9.51088	0	0	0	9.60888	0	0	0	0	0	0	6.64425	0	0	0	0	0	0	0	0	0	7.5028	0	0	0	0	
0	9.72347	0	0	5.93366	8.36594	0	0	0	0	0	0	0	0	5.14905	9.59576	0	11.17782	10.83778	0	8.00296	0	6.76645	0	0	0	0	0	9.63401	10.12861	8.63145	0	12.16229	5.66393	10.24985	9.47767	9.68345	10.421	8.97751	8.91934	8.33229	8.01492	8.70717	8.12648	8.4338	6.89275	8.3129	9.34338	8.25649	7.77717	7.59397	8.59752	7.74856	7.24268	9.2957	8.2083	6.74283	7.33085	8.76921	7.05375	0	7.40835	0	11.9036	11.05038	1.86888	5.72916	9.64598	0	0	0	0	0	0	0	3.83417	0	0	0	0	8.96078	0	0	0	0	0	0	0	0	0	0	0	0	0	0	0	0	0	0	0	
0	12.04463	9.53687	0	8.8535	0	0	0	0	0	9.18024	0	0	0	8.59432	9.36955	0	8.68389	0	0	7.80043	5.82535	9.17075	12.6824	11.06684	10.48341	0	5.05725	6.73087	8.58506	11.85931	10.33527	10.98232	9.96597	10.02147	5.56966	8.40727	8.52966	8.18315	7.54745	8.39443	8.13334	7.36756	7.92886	6.68882	6.7478	8.60122	7.0617	9.76099	8.46232	7.44808	9.25979	8.26496	8.67799	7.19083	6.53338	7.86137	5.38779	7.3952	10.61286	0	7.71876	10.82165	10.44775	2.53765	1.86888	0	0	0	0.91395	0	7.30526	0	1.469	9.34622	0	5.75623	0	0	0	0	0	0	4.87445	0	1.91709	0	0	0	0	0	0	0	0	0	0	0	0	0	0	
0	0	0	0	0	0	0	0	8.67456	0	7.83436	13.08569	0	0	0	0	0	0	10.1456	0	12.52157	0	0	0	0	10.20948	11.21508	0	3.6432	9.30849	7.80336	8.7476	8.55755	10.24329	10.13748	8.74076	8.4797	8.82892	8.88047	9.70781	7.0583	8.76013	8.63073	7.55577	7.7804	8.06525	7.22556	7.98832	7.9336	8.86172	8.66765	8.17555	7.89228	7.4854	7.94581	9.25933	8.5013	8.32898	11.76716	10.07958	11.30107	7.23051	9.91665	6.51859	0	9.37506	0	8.75786	0	0	0	0	0	0	0	0	0	0	0	0	0	9.71134	0	0	0	0	0	9.12719	7.89992	10.31238	0	0	0	0	0	0	0	0	0	0	
0	0	0	0	0	0	0	0	10.86961	10.30729	7.31642	2.43853	0	13.02271	0	0	0	3.42303	9.01255	6.43344	0	0	3.92094	8.93578	9.38298	6.52466	5.82535	9.54153	6.08396	10.70432	0	8.89007	5.00743	5.83498	6.51961	8.55688	9.4336	6.5224	8.7506	5.32184	8.11348	8.82535	8.60031	8.83292	7.13629	8.68008	7.83825	8.21826	6.98277	8.95265	8.78446	7.55472	7.26974	7.26611	8.17966	8.81409	6.17011	11.27104	9.9311	6.2971	5.64318	10.80657	9.59175	5.80268	1.96357	12.0654	10.34315	0	0	0	0	0	0	9.69912	8.67143	0	0	0	12.84618	0	0	0	0	0	0	0	0	0	11.97473	0	2.6565	0	0	0	0	0	0	0	0	0	
0	0	10.46818	7.45201	0	3.42303	0	3.29891	8.37365	0	0	0	0	0	0	0	0	7.15697	0	0	0	0	0	11.08926	0	9.91401	0	9.74812	10.26652	8.06966	0	9.0727	0	8.91286	6.53285	8.90184	8.15207	7.77178	2.22074	11.14905	8.1972	9.56965	6.42652	8.49096	7.92259	7.0692	6.52765	9.41369	7.48546	7.88824	7.98967	7.8944	8.43024	8.37072	8.72852	6.74892	7.86714	7.39233	9.04139	6.97873	10.82294	8.3514	5.46514	11.49753	5.39181	0	0	6.89032	3.6432	3.8089	3.21952	0	11.20239	0	2.32789	0	6.4772	0	0	0	0	0	5.93479	0	0	0	0	0	0	0	0	0	0	0	0	0	0	0	0	0	
0	0	0	0	0	0	0	0	3.01318	0	9.51612	8.75942	8.52194	0	15.44948	0	0	9.29434	0	6.03441	0	0	0	0	0	0	7.80043	5.93366	7.30567	0	8.32941	8.52165	6.47969	8.30613	6.63881	7.70045	8.52098	8.21507	7.30271	8.20357	9.12215	5.84417	6.37602	7.18753	7.85093	7.87518	6.23673	6.82245	7.47105	5.79724	7.53631	9.85769	8.34941	7.30687	8.31439	7.27369	6.62216	8.9196	9.3449	6.9197	10.80843	6.53686	8.13402	6.32118	0	5.86591	7.32329	5.24137	0	0	7.64978	0	6.27069	2.06275	0	13.74602	0	0	0	0	0	0	0	0	0	0	0	0	6.29719	0	0	0	0	0	0	0	0	0	0	0	
0	0	0	0	0	0	0	0	0	10.74879	0	0	6.9427	0	0	0	0	0	0	0	0	0	0	10.02135	0	0	8.07695	0	0	4.66383	6.67504	0	0	6.99977	8.7085	8.55077	7.62415	0	0	8.27827	4.62758	10.88588	4.5163	5.86037	9.36455	9.4648	7.27434	7.11991	9.51045	7.05928	6.95005	9.49639	6.83859	6.61059	9.28607	7.89395	7.85283	7.29963	4.94203	6.92198	7.00213	8.05987	4.03871	10.25957	7.3605	5.62412	7.61767	9.90871	8.14901	0	0	7.63702	0	7.58482	0	2.18164	9.95443	0	0	0	0	0	0	0	10.73539	0	0	7.62415	0	0	0	11.99268	0	0	0	0	9.88732	0	0	0	
0	0	0	0	0	0	0	0	0	0	0	10.16128	0	0	0	0	0	5.63149	13.22596	0	0	0	0	0.91395	0	0	0	9.54714	0	0	0	0	6.49378	5.90049	6.6966	0	4.64208	9.54174	0	4.55815	8.41692	9.19594	7.99698	4.17601	0	9.30094	6.46062	5.23422	7.62538	6.83236	7.70558	11.54203	7.90267	5.13252	7.46113	6.76514	6.97896	6.79267	7.10177	8.91616	6.93961	5.08002	0	6.01457	10.16092	0	5.25974	8.36207	11.13138	7.85561	0	0	0	2.18164	0	10.53246	0	9.70065	0	0	0	7.12773	0	0	0	0	0	0	0	0	0	0	0	0	0	0	0	0	0	0	
0	0	0	0	6.50956	0	0	0	0	0	10.1624	0	2.43853	0	0	10.11717	0	0	7.3548	0	5.8227	8.63018	0	0	0	9.17142	6.49668	0	0	4.96062	0	9.53046	11.74094	0	0	8.38895	10.08934	9.76657	11.26126	9.81834	5.14704	8.80862	6.51259	8.07569	3.63735	6.18006	13.17046	6.6537	8.41371	9.74941	9.59595	5.85879	8.6062	8.13239	6.1978	7.13656	5.88207	7.52811	4.11066	9.23872	5.62452	8.22169	5.72618	6.91837	8.71936	0	7.88443	9.46858	0	2.43853	8.34003	7.94202	7.89331	11.27624	8.77708	0	6.61742	0	0	0	7.57147	0	0	0	0	6.80118	0	0	0	3.6432	0	0	0	0	0	0	0	0	0	0	
0	0	0	0	0	0	0	0	0	0	0	4.35416	2.2369	0	0	9.27182	0	0	0	0.91395	6.63144	0	0.91395	0	0	0	0	0	0	5.74685	2.6565	5.12276	0	0	0	8.50936	0	0	0	4.91541	4.25038	6.87403	5.27829	5.09187	8.89826	4.37161	5.93058	8.19726	7.22944	6.59095	0	0	7.92178	10.30075	4.63649	6.23061	7.43105	6.779	7.2023	6.94093	9.56884	8.83746	8.95561	8.66117	6.28716	5.64324	5.84767	8.65005	3.29891	9.26736	0	7.30587	7.52641	10.52122	11.7387	0	1.86888	0	7.29107	0	0	0	0	0	0	0	0	0	0	0	0	0	0	0	0	0	0	0	0	0	
0	0	0	8.21528	0	0	0	0	0	0	0	0	0	0	0	0	0	0	0	0	0	0	8.47392	0	0	0	6.30117	8.80903	9.73848	10.95819	0	0	3.6432	0	0	11.63776	0	2.18164	8.51982	2.77462	8.34924	0	1.86888	0	2.83484	11.52116	8.7298	7.38564	7.3459	7.19918	6.84416	7.58767	8.38285	9.68035	8.35846	7.67676	7.84828	6.69891	7.58051	6.7396	7.73183	9.39757	8.46516	9.18828	7.38879	7.72534	8.15781	9.65708	11.22063	7.51317	6.04481	7.89099	6.21394	2.61456	7.13056	0	12.61684	0	5.47395	9.56746	0	8.00793	3.83417	0	0	1.469	0	0	0	0	0	0	0	0	0	0	0	4.87251	0	12.88143	
0	0	5.44946	0	0	0	0	0	0	0	0	0	0	0	0	0	0	0	0	0	6.65695	0	0	0	0	9.6681	0	10.73663	0	11.35725	0	11.29871	11.98357	0	8.0422	0	0	6.57086	6.72688	0	7.26643	0	0	6.99829	11.85208	10.51774	0	4.96812	5.80268	7.16161	7.95919	9.56071	7.58588	7.31007	7.15121	8.6566	0	7.3761	7.78528	7.27116	4.91711	5.78258	5.79502	2.87228	5.22043	8.93494	4.79446	0	8.53429	4.3437	5.1472	7.9011	6.84227	8.45693	1.469	0	6.27117	0	2.35144	5.93366	0	6.58147	0	0	0	0	0	0	8.00654	0	0	0	0	0	0	0	4.4738	0	0	0	
0	0	0	0	2.43853	0	0	0	0	0	0	0	8.81995	0	0	0	0	0	0	0	9.59246	2.84583	0	0	0	0	0	7.68746	0	0	0	0	9.97104	0	0	0	7.85103	0	6.7897	7.85655	0	0	3.54811	0	10.78611	0	6.55717	8.38132	5.11264	6.78468	10.14109	6.10127	8.95973	4.91202	8.48325	2.516	0	6.33298	4.03613	1.72507	7.28903	6.63413	8.90112	7.53725	4.92176	8.86024	6.51616	4.11802	7.45816	5.98749	8.17209	0	0	9.73368	0	8.08655	8.17678	6.46171	0	0	0	0	0	0	9.97485	2.43853	0	0	0	0	0	0	0	0	0	0	9.4151	0	0	0	
0	0	0	0	0	0	0	0	7.3548	0	0	0	2.43853	0	0	0	9.53171	4.87251	1.86888	0	0	0	0	0	7.34623	0	0	0	0	0	0	0	0	0	6.90062	8.19801	0	5.25306	0	0	0	0	9.71286	10.80121	0	9.3792	10.11487	8.21957	0	6.29747	0	10.52295	9.01502	7.60303	0	5.86966	0	6.26873	0	6.0231	7.52288	0.91395	7.88672	8.57438	5.65755	6.20158	7.12717	7.73436	8.54736	7.61295	8.40043	2.39134	8.22615	8.94686	7.64248	4.84642	9.39303	8.0422	0	3.01318	11.11307	10.23193	11.01493	0	3.52142	0.91395	7.78316	5.38101	8.03736	0	5.27134	0	0	9.94752	0	0	0	0	0	0	
0	0	0	0	0	0	0	0	0	0	0	0	0	0	0	0	0	0	0	0	5.16113	0	0	0	0	0	0	0	0	7.69357	0	0	0	0	6.57904	0	0	0	0	0	8.00793	0	8.69008	8.31077	4.71077	0	0	1.469	8.65254	5.58462	9.24474	0	0	6.90746	3.20707	7.63774	0	0	6.72503	7.85416	11.39374	5.8394	3.53312	7.12305	7.87284	7.0847	3.21347	5.45126	6.84908	6.3343	9.20977	7.4153	4.11007	5.39605	5.16764	0	5.65917	0	4.34484	0	0	0	4.00278	0	0	0	7.21503	0	0	0	0	0	0	0	0	0	0	0	0	0	
0	0	0	0	8.87532	0	0	0	0	0	0	4.41522	0	6.09164	0	0	0	0	0	0	0	0	0	0	0	0	0	0	0	0	0	0	0	0	0	0	0	0	0	7.43798	0	0	5.21921	0	4.17324	0	2.93551	2.18164	0	0	3.92094	0	0	0	8.71762	0	0	0	0	9.50211	7.81491	2.6565	6.62577	8.05927	8.355	0	1.58156	5.69799	9.05116	7.26875	8.26211	8.96276	8.30717	6.66382	0	0	7.45588	6.52466	8.01802	4.8283	6.68201	7.87296	3.92094	0	0	0	5.60719	12.59295	0	5.706	0	0	0	0	8.25758	0	0	0	0	0	
0	0	0	0	0	0	0	0	0	0	0	0	0	0	0	0	0	7.64375	0	0	0	9.26976	9.0965	0	0	0	9.28005	0	0	0	0	0	0	6.17737	7.58482	0	0	0	0	0	0	0	0	0	0	0	0	0	3.01318	0	1.86888	0	0	0	0	8.18515	10.55835	10.16247	7.99798	3.29891	0	6.04065	5.44347	0	7.51223	7.59267	5.58869	7.5908	5.5353	2.94566	9.9602	5.96168	7.17546	6.53005	9.03054	6.46733	5.17644	0	10.67503	10.09566	0	0	6.5618	0	8.86442	9.29659	0.91395	7.9575	0	10.94693	0	0	0	0	0	0	8.85951	0	0	0	
0	0	0	0	0	0	0	0	6.72144	0	0	0	0	0	0	0	0	0	0	0	0	0	0	0	0	0	0	1.86888	0	9.97104	0	0	0	0	0	0	0	0	0	10.13903	0	0	0	0	0	4.91541	0	7.97281	9.78259	0	0	10.74731	0	0	0	0	0	0	7.86139	0	8.11275	0	7.58023	9.5364	9.31949	4.70066	5.83142	0	0	7.15026	8.41126	3.74183	8.52317	7.1856	8.77912	9.34468	0.7345	0	0	7.10403	6.74606	8.24304	9.87786	10.1373	8.92664	0	4.29039	0	0	0	8.38895	0	10.44794	0	0	0	0	0	0	0	
0	0	0	0	0	0	0	0	0	0	0	0	0	11.71727	0	0	0	0	0	3.92094	0	0	0	0	0	3.34091	0	0	0	0	0	0	0	0	6.71881	0	0	7.27688	0	0	9.14462	0	4.87251	10.58323	0.91395	0	0	0	0	0	7.37799	6.23401	0	0	4.58427	0	0	0	0	6.5643	6.06785	0	6.19222	8.58771	6.53845	5.37737	8.31318	4.22369	0	4.87744	6.7191	0	7.29613	7.01899	11.28599	6.92768	5.1677	5.32738	6.81738	4.09187	0	7.39266	9.31251	4.90454	3.5638	0	0	8.91814	5.61222	0	9.22569	0	0	5.11264	0	0	0	0	5.76563	0	
0	0	0	0	0	0	0	3.74183	0	0	0	0	0	0	0	0	0	0	0	0	0	0	4.63649	0	0	0	0	0	10.68514	0	0	0	0	0	10.17613	0	0	0	0	0	0	2.44602	0	0	0	0	4.69435	0	0	0	0	0	9.73997	0	0	0	4.38475	7.8455	0	4.34554	8.65576	0	0	6.54958	0	4.68689	0	8.1358	7.4654	10.18777	8.37235	7.59753	7.96262	5.23726	8.71154	6.76742	6.43416	0	6.95483	6.25229	8.9104	8.08752	8.08378	0	6.26443	0	3.16311	9.14851	0	0	11.17452	7.77636	0	0	0	0	8.72064	0	0	0	
0	0	0	0	0	0	0	0	0	0	0	0	0	0	0	0	0	0	0	0	0	0	0	0	0	0	0	0	0	0	0	0	0	0	0	0	0	7.39327	0	0	0	0	0	0	0	0	0	0	0	4.63649	0	4.83432	0	5.86766	0	0	5.18455	6.52981	1.469	0	6.30026	0	9.75923	12.80684	6.28398	5.63214	0	0	9.16576	6.12262	0	8.1539	6.74751	10.25835	6.97938	8.14165	0	4.47	4.98836	9.20681	5.47306	9.69451	6.77812	0	0	0	5.5883	0	0	0	0	0	6.59339	10.02033	10.5316	0	0	0	0	0	
0	0	0	0	0	0	0	8.93127	0	0	0	0	0	0	0	0	0	0	0	0	0	0	0	0	0	0	0	0	0	0	0	0	0	0	0	0	0	7.77051	0	7.00361	0	0	0	0	0	0	0	0	0	0	4.25826	0	0	10.98046	7.27535	0	0	6.54361	10.40372	12.62676	0	7.09041	0	7.12507	9.69485	9.33639	0	0	8.86676	5.55906	8.66376	6.10659	4.49429	7.34323	7.30727	7.70257	6.68589	0	8.58848	8.42468	7.94791	9.5974	4.514	8.52896	3.79465	0	0	0.30465	0	0	5.18455	0	0	0	0	1.66586	0	0	0	0	
0	0	0	0	0	0	0	0	0	0	0	0	0	0	0	0	0	0	0	0	0	0	0	0	0	10.26962	0	0	0	0	0	0	0	0	0	0	0	6.80118	0	0	0	0	0	0	12.15251	0	0	0	9.06112	0	0	0	0	0	0	2.6565	0	0	0	0	0	0	8.83937	0	0	8.47424	5.29729	7.69652	0.91395	6.81638	2.72048	0	7.44312	0	8.88615	6.28622	10.6226	7.18834	7.06204	7.85026	3.26868	0	5.95946	0	8.00793	6.0521	0	0	0	0	9.36569	0	0	0	0	0	0	0.91395	0	0	
0	0	0	0	0	0	0	0	0	0	0	0	5.84767	0	0	0	0	0	0	0	0	0	0	0	0	0	0	0	0	0	0	0	0	0	0	0	0	0	0	0	0	0	0	0	0	0	0	8.91286	0	0	3.16311	0	9.07538	0	0	0	0	0	0	5.84379	0	0	0	5.16232	6.28398	10.33724	8.81653	0	9.61703	0	0	8.78278	0	0	0	5.55839	6.99272	8.41732	7.51098	4.8407	0	8.48577	5.73824	4.567	7.52531	4.44242	6.77546	5.03695	8.80862	0	0	0	0	6.85727	0	0	0	0	0	0	
0	0	0	0	0	0	0	0	0	0	0	0	0	0	0	0	0	0	0	0	0	0	0	0	0	0	0	0	0	0	0	0	10.42893	0	0	0	0	0	0	0	3.74183	0	0	0	0	0	0	0	0	0	0	0	0	0	0	0	7.59175	0	0	0	8.03473	0	0	3.69031	0	6.90062	0	0	6.64461	0	0	0	10.21056	0	0	1.469	0	0	5.48437	9.69959	6.95203	5.6586	10.59152	0	1.86888	0	2.84583	0	0.91395	5.11264	6.56263	6.64068	5.59027	0	0	0	0	0	0	0	
0	0	0	0	0	0	0	1.64946	0	0	0	0	0	0	0	0	0	0	0	0	0	0	0	0	0	0	0	7.85103	0	0	0	0	0	0	0	0	0	0	0	0	0	0	0	0	0	0	0	0	0	0	0	0	0	0	0	0	0	0	0	0	0	0	0	0	0	0	0	0	0	0	4.17405	4.74875	6.62041	3.16311	0	9.9311	10.66407	0	10.48785	3.92094	0	6.65734	0	7.21584	2.84583	9.31443	0	9.52387	0	3.29891	0	0	0	0	0	9.20423	0	0	0	0	
0	0	0	0	0	0	0	0	0	0	0	0	0	0	0	0	0	0	0	0	7.34699	0	0	0	0	0	0	0	0	0	6.90062	0	0	0	0	0	0	0	0	0	0	0	0	0	0	0	0	0	0	0	0	0	0	0	0	0	0	0	0	13.82909	0	0	0	0	6.82388	8.85067	7.61767	7.65407	0	0	0	0	0	0	0	2.84583	6.26793	0	0	0	2.69051	0	0	0	5.69447	7.96773	7.487	6.26716	9.59411	0	8.72668	7.09041	8.85067	3.29891	0	7.6306	0	0	0	0	
0	0	0	0	0	0	0	0	0	0	0	0	0	0	0	0	0	0	0	0	0	0	0	0	0	0	0	0	0	0	0	0	0	0	0	0	0	0	0	0	0	0	0	0	0	0	0	0	7.44541	0	0	0	0	0	0	0	0	0	0	0	0	0	0	0	0	0	0	0	0	7.4307	10.41124	8.19366	6.89975	0	9.78114	6.45367	0	9.44469	0	0	0	7.05248	7.42329	0	5.07089	0	8.75353	0	0	3.53476	0	2.80536	4.85412	0	4.8283	0	0	0	0	0	
0	0	0	0	0	0	0	0	0	0	0	0	0	0	0	7.845	0	0	0	0	0	0	0	0	0	0	0	0	0	0	0	0	0	0	8.57103	0	0	0	0	0	0	0	0	0	0	0	0	0	0	0	0	0	0	0	0	0	0	0	0	0	0	0	0	0	0	0	0	5.35007	0	0	0	0	0	8.06143	0	0	0	4.09246	0	0	0	2.18164	0	0	2.26269	0	6.01809	3.08229	9.12648	9.69559	8.92603	0	9.07538	0	0	0	0	0	0	0	
0	0	0	0	0	0	0	0	0	0	0	0	0	0	0	0	0	0	0	0	0	0	0	0	0	0	0	0	0	0	0	0	0	0	0	0	0	0	0	0	0	0	0	0	0	0	0	0	7.5168	0	0	0	0	0	0	0	0	0	0	5.31845	0	0	0	0	0	6.22916	0	0	0	0	0	9.15137	0	0	0	0	0	12.29563	0	5.8876	10.20733	0	0	7.97788	0	0	0	0	0	0	0	0	0	0	0	0	0	0	0	0	
0	0	0	0	0	0	0	0	0	0	0	0	0	0	0	0	0	0	0	7.00361	0	0	0	0	0	0	0	0	0	0	0	0	0	0	0	0	0	0	0	0	0	0	0	0	0	0	0	0	0	0	0	0	0	0	0	2.95843	0	0	13.50332	0	0	0	0	0	6.39424	0	0	0	0	0	0	2.84583	0	5.41129	0	0	10.01115	0	0	0	5.12597	7.40739	6.71939	8.14686	0	0	0	7.83994	9.09709	0	6.46815	11.17231	10.31037	0	0	0	0	0	0	0	
0	0	0	0	0	0	0	0	0	0	0	0	0	0	0	0	0	0	0	0	0	0	0	0	0	0	0	0	0	0	0	0	0	0	0	0	0	0	0	0	0	0	0	0	0	0	0	0	0	0	0	0	0	0	0	0	0	0	0	0	0	0	0	0	0	0	0	0	0	0	0	0	0	0	0	0	0	0	0	0	0	0	0	0	0	0	6.31635	0	0	0	0	8.16728	0	0	0	0	0	0	0	0	
0	0	0	0	0	0	0	0	0	0	0	0	0	0	0	0	0	0	0	0	0	0	0	0	0	0	0	0	0	0	0	0	0	0	0	0	0	0	0	0	0	0	0	0	0	0	0	0	0	0	0	0	0	0	0	0	0	0	0	0	0	0	0	0	0	0	0	0	0	0	8.81302	0	0	0	0	0	2.43853	0	0	9.15585	0	0	0	10.07048	0	0	0	0	0	0	5.48316	8.43391	0	0	0	0	0	0	0	0	
0	0	0	0	0	0	0	0	0	0	0	0	0	0	0	0	0	0	0	0	0	0	0	0	0	0	0	0	0	0	0	0	0	0	0	0	0	0	0	0	0	0	0	0	0	0	0	0	0	0	0	0	0	0	0	0	0	0	0	4.08024	0	0	0	0	0	0	0	0	0	0	6.74283	0	0	0	0	0	0	0	0	0	0	0	0	0	0	0	6.8791	0	0	0	0	0	0	0	0	0	0	0	0	0	
0	0	0	0	0	0	0	0	0	0	0	0	0	0	0	0	0	0	0	0	0	0	0	0	0	0	0	0	0	0	0	0	0	0	0	0	0	0	0	0	0	0	0	0	0	0	0	0	0	0	0	0	0	0	0	0	0	0	0	0	0	0	0	0	0	0	0	0	0	10.19105	4.15375	0	0	0	0	0	0	0	7.80043	0	0	0	0	0	0	0	0	0	7.94202	7.36258	0	0	0	0	0	0	0	0	0	0	
0	0	0	0	0	0	0	0	0	0	0	0	0	0	0	0	0	0	0	0	0	0	0	0	0	0	0	0	0	0	0	0	0	0	0	0	0	0	0	0	0	0	0	0	0	0	0	0	0	0	0	0	0	0	0	0	0	0	0	0	0	0	0	0	0	0	0	0	0	0	0	0	0	0	0	0	0	0	0	0	0	0	0	0	0	0	0.91395	0	0	0	0	0	0	0	0	0	0	0	0	0	
0	0	0	0	0	0	0	0	0	0	0	0	0	0	0	0	0	0	0	0	0	0	0	0	0	0	0	0	0	0	0	0	0	0	0	0	0	0	0	0	0	0	0	0	0	0	0	0	0	0	0	0	0	0	0	0	0	0	8.14041	0	0	0	0	0	0	0	0	0	0	0	0	0	0	0	0	6.7897	0	0	0	0	0	0	0	0	0	0	0	0	0	0	0	0	0	0	0	0	0	0	0	0	
0	0	0	0	0	0	0	0	0	0	0	0	0	0	0	0	0	0	0	0	0	0	0	0	0	0	0	0	0	0	0	0	10.80049	0	0	0	0	0	0	0	0	0	0	0	0	0	0	0	0	0	0	0	0	0	0	0	0	0	0	0	0	0	2.6565	0	0	0	0	0	0	0	0	0	0	0	0	4.78268	0	0	0	0	0	0	0	0	0	0	0	0	0	0	0	0	0	0	0	0	0	0	0	0	
0	0	0	0	0	0	0	0	0	0	0	0	0	0	0	0	0	0	0	0	0	0	0	0	0	0	0	0	0	0	0	0	0	0	0	0	0	0	0	0	0	0	0	0	0	0	0	0	0	0	0	0	0	0	0	0	0	0	0	0	0	0	0	0	0	0	0	0	0	0	0	0	0	0	0	0	0	0	0	0	0	0	0	0	0	0	0	0	0	0	0	0	0	0	0	0	0	0	0	0	
0	0	0	0	0	0	0	0	0	0	0	0	0	0	0	0	0	0	0	0	0	0	0	0	0	0	0	0	0	0	0	0	0	0	0	0	0	0	0	0	0	0	0	0	0	0	0	0	0	0	0	0	0	0	0	0	0	0	0	0	0	0	0	0	0	0	0	0	0	0	0	0	0	0	0	0	0	0	0	0	0	0	0	0	0	0	0	0	0	0	0	0	0	0	0	0	0	0	0	0	
0	0	0	0	0	0	0	0	0	0	0	0	0	0	0	0	0	0	0	0	0	0	0	0	0	0	0	0	0	0	0	0	0	0	0	0	0	0	0	0	0	0	0	0	0	0	0	0	0	0	0	0	0	0	0	0	0	0	0	0	0	0	0	0	0	0	0	0	0	0	0	0	0	0	0	0	0	0	0	0	0	0	0	0	0	0	0	0	0	0	0	0	0	0	0	0	0	0	0	0	
0	0	0	0	0	0	0	0	0	0	0	0	0	0	0	0	0	0	0	0	0	0	0	0	0	0	0	0	0	0	0	0	0	0	0	0	0	0	0	0	0	0	0	0	0	0	0	0	0	0	0	0	0	0	0	0	0	0	0	0	0	0	0	0	0	0	0	0	0	0	0	0	0	0	0	0	0	0	0	0	0	0	0	0	0	0	0	0	0	0	0	0	0	0	0	0	0	0	0	0	
0	0	0	0	0	0	0	0	0	0	0	0	0	0	0	0	0	0	0	0	0	0	0	0	0	0	0	0	0	0	0	0	0	0	0	0	0	0	0	0	0	0	0	0	0	0	0	0	0	0	0	0	0	0	0	0	0	0	0	0	0	0	0	0	0	0	0	0	0	0	0	0	0	0	0	0	0	0	0	0	0	1.469	0	0	0	0	0	0	0	0	0	0	0	0	0	0	0	0	0	0	
0	0	0	0	0	0	0	0	0	0	0	0	0	0	0	0	0	0	0	0	0	0	0	0	0	0	0	0	0	0	0	0	0	0	0	0	0	0	0	0	0	0	0	0	0	0	0	11.94041	0	0	0	0	0	0	0	0	0	0	0	0	0	0	0	0	0	0	0	0	0	0	0	0	0	0	9.80575	0	0	0	0	0	0	0	0	0	0	0	0	0	0	0	0	0	0	0	0	0	0	0	0	0	
