0	0	0	0	0	0	0	0	0	0	0	0	0	0	0	0	0	0	0	0	0	0	0	0	0	0	0	0	0	0	0	0	0	0	0	0	0	0	0	0	0	0	0	0	0	0	0	0	0	0	0	11.19392	0	0	0	0	0	0	0	0	0	0	0	0	0	0	0	0	0	0	0	0	0	0	0	0	0	0	0	0	0	0	0	0	0	0	0	0	0	0	0	0	0	0	0	0	0	0	0	0	
0	0	0	0	0	0	0	0	0	0	0	0	0	0	0	0	0	0	0	0	0	0	0	0	0	0	0	0	0	0	0	0	0	0	0	0	0	0	0	0	0	0	0	0	0	0	0	14.55854	0	0	0	0	0	0	0	0	0	0	0	0	0	0	0	10.7696	0	0	0	0	0	0	0	0	0	0	0	0	0	0	0	0	0	0	0	0	0	0	0	0	0	0	0	0	0	0	0	0	0	0	0	0	
0	0	0	0	0	0	0	0	0	0	0	0	0	0	0	0	0	0	0	0	0	0	0	0	0	0	0	0	0	0	0	0	0	0	0	0	0	0	0	0	0	0	0	0	0	0	0	0	0	0	0	0	0	0	9.36075	0	0	0	0	0	0	0	0	0	0	0	0	0	0	0	0	0	0	0	0	0	0	0	0	0	0	0	0	0	0	0	0	0	0	0	0	0	0	0	0	0	0	0	0	0	
0	0	0	0	0	0	0	0	0	0	0	0	0	0	0	0	0	0	0	0	0	0	0	0	0	0	0	0	0	0	0	0	0	0	0	0	0	0	0	0	0	0	0	0	0	0	13.26969	7.88855	0	0	0	0	0	0	0	0	0	0	0	0	0	0	0	0	0	0	0	0	0	0	0	0	0	0	0	0	0	0	0	0	0	0	0	0	0	0	0	0	0	0	0	0	0	0	0	0	0	0	0	0	
0	0	0	0	0	0	0	0	0	0	0	0	0	0	0	0	0	0	0	0	0	0	0	0	0	0	0	0	0	0	0	0	0	0	0	0	0	6.4295	0	0	0	0	0	13.62417	0	0	0	0	0	0	0	0	0	0	0	0	0	0	0	0	0	0	0	0	0	0	0	0	0	0	0	0	0	0	0	0	0	0	0	0	0	0	0	0	0	0	0	0	0	0	0	0	0	0	0	0	0	0	0	0	
0	0	0	0	0	0	0	0	0	0	0	0	0	0	0	0	0	0	0	0	0	0	0	0	0	0	0	0	0	0	0	0	0	0	0	0	0	0	0	0	0	0	0	0	0	0	0	0	0	0	0	0	0	0	0	0	0	0	0	0	0	0	0	0	0	0	0	0	0	0	0	0	6.53313	0	0	0	0	0	0	0	0	0	0	0	0	0	0	0	0	0	0	0	0	0	0	0	0	0	0	0	
0	0	0	0	0	0	0	0	0	0	0	0	0	0	0	0	0	0	0	0	0	0	0	0	0	0	0	0	0	0	0	0	0	0	0	0	0	0	0	0	0	0	0	0	0	0	0	0	0	0	0	0	0	0	0	0	0	0	0	0	0	0	0	0	0	0	0	0	0	0	0	0	0	0	9.95562	0	0	0	0	0	0	0	0	0	0	0	0	0	0	0	0	0	0	0	0	0	0	0	0	0	
0	0	0	0	0	0	0	0	0	0	0	0	0	0	0	0	0	0	0	0	0	0	0	0	0	0	0	0	0	0	0	0	0	0	0	0	0	0	0	0	0	0	0	0	0	0	0	0	0	0	0	8.90665	0	0	0	12.58146	0	0	7.77249	0	0	0	0	0	0	0	0	0	0	0	0	0	0	0	0	0	0	0	0	0	0	0	0	0	0	0	0	0	0	0	0	0	0	0	0	0	0	0	0	0	
0	0	0	0	0	0	0	0	0	0	0	0	0	0	0	0	0	0	0	0	0	0	0	0	0	0	0	0	6.03936	0	0	0	0	0	0	0	0	0	0	0	0	0	0	0	0	0	0	0	0	0	0	0	0	0	0	0	0	0	0	0	0	0	0	0	0	0	0	6.68434	0	0	0	0	0	0	0	0	0	0	0	0	0	0	0	0	0	0	0	0	0	0	0	0	0	0	0	0	0	0	0	0	
0	0	0	0	0	0	0	0	0	0	0	0	0	0	0	0	0	0	0	0	0	0	0	0	0	0	0	0	0	0	0	0	0	0	0	0	0	0	0	0	0	0	0	0	0	0	0	0	0	0	0	0	0	0	0	6.96911	0	0	0	0	0	0	0	0	0	0	0	0	0	0	0	0	0	0	0	0	0	0	0	0	0	0	0	0	0	0	0	0	0	0	0	0	0	0	0	0	0	0	0	0	
0	0	0	0	0	0	0	0	0	0	0	0	0	0	0	0	0	0	0	0	0	0	0	0	0	0	0	0	0	0	0	0	0	0	0	0	0	0	0	0	0	0	0	0	0	0	0	0	0	0	0	0	0	0	0	0	0	0	0	0	0	0	0	0	0	0	0	9.75881	0	0	0	0	0	0	0	0	0	0	0	0	0	0	0	0	0	0	0	0	0	0	0	0	0	0	0	0	0	0	0	0	
0	0	0	0	0	0	0	0	0	0	0	0	0	0	0	0	0	0	0	0	0	0	0	0	0	0	0	0	0	0	0	0	0	0	0	0	0	0	0	0	0	0	0	0	0	0	0	0	0	0	0	0	2.77298	0	0	0	0.72985	0	0	0	0	0	0	0	0	0	0	0	0	0	0	2.64423	0	0	0	0	0	0	0	0	0	0	0	0	0	0	0	0	0	0	0	0	0	0	0	0	0	0	0	0	
0	0	0	0	0	0	0	0	0	0	0	0	0	0	0	0	0	0	0	0	0	0	0	0	0	0	0	0	0	0	0	0	0	0	0	0	0	0	0	0	0	0	0	0	0	0	0	0	9.32313	0	0	0	10.98884	0	0	0	0	0	0	0	0	0	0	0	0	0	0	4.34028	0	0	0	0	0	0	0	0	0	0	0	0	0	0	0	0	0	0	0	0	0	0	0	0	0	0	0	0	0	0	0	0	
0	0	0	0	0	0	0	0	0	0	0	0	0	0	0	0	0	0	0	0	0	0	0	0	0	0	0	0	0	0	11.00695	0	0	0	0	0	0	0	0	6.25311	0	0	0	0	0	0	0	10.13027	0	0	0	0	0	0	0	0	0	9.18677	6.6298	0	7.86635	0	0	12.06435	0	0	0	0	0	0	0	0	0	0	0	0	0	0	0	0	0	0	0	0	0	0	0	0	0	0	0	0	0	0	0	0	0	0	0	0	
0	0	0	0	0	0	0	0	0	0	0	0	0	0	0	0	0	0	0	0	0	0	0	0	0	0	0	0	0	0	0	0	0	0	0	0	0	0	0	0	0	0	0	0	0	0	0	0	0	0	0	0	0	0	6.26193	0	0	0	0	0	0	0	0	0	0	0	0	0	0	0	0	0	0	0	4.1159	0	0	0	0	0	0	0	0	0	0	0	0	0	0	0	0	0	0	0	0	0	0	0	0	0	
0	0	0	0	0	0	0	0	0	0	0	0	0	0	0	0	0	0	0	0	0	0	0	0	0	0	0	0	0	0	0	0	0	0	0	0	0	0	0	0	0	0	13.45659	0	0	0	0	0	0	0	0	0	9.52516	0	0	0	0	0	0	14.09464	0	0	0	0	0	0	0	0	0	0	0	8.35396	0	0	0	0	0	0	0	0	0	0	0	0	0	0	0	0	0	0	0	0	0	0	0	0	0	0	0	0	
0	0	0	0	0	0	0	0	0	0	0	0	0	0	0	0	0	0	0	0	0	0	0	0	0	0	0	0	0	0	0	0	0	0	0	0	0	0	0	0	0	0	0	6.87825	0	0	0	9.50785	0	0	0	7.84231	0	0	0	0	0	0	5.5627	0	0	0	0	0	0	0	0	0	0	0	0	0	0	0	0	0	0	0	0	0	0	0	0	0	0	0	0	0	0	0	0	0	0	0	0	0	0	0	0	0	
0	0	0	0	0	0	0	0	0	0	0	0	0	0	0	0	0	0	0	0	0	0	0	0	0	0	0	0	0	0	0	0	0	0	0	0	0	0	0	0	0	0	8.87338	0	0	0	0	0	0	0	0	0	0	0	0	8.7081	0	0	0	0	0	0	0	0	0	0	2.50287	0	9.79527	0	0	0	0	0	0	0	0	0	0	0	0	0	0	0	0	0	0	0	0	0	0	0	0	0	0	0	0	0	0	0	
0	0	0	0	0	0	0	0	0	0	0	0	0	0	0	0	0	0	0	0	0	0	0	0	0	0	0	0	0	0	0	0	0	0	0	0	0	0	0	0	13.0404	0	0	0	0	0	0	0	0	0	0	0	0	0	0	0	0	0	0	0	0	0	0	0	0	0	0	0	0	0	0	0	0	0	0	0	0	0	0	0	0	0	0	0	0	0	0	0	0	0	0	0	0	0	0	0	0	0	0	0	
0	0	0	0	0	0	0	0	0	0	0	0	0	0	0	0	0	0	0	0	0	0	0	0	0	0	0	0	0	0	0	0	0	0	0	0	0	0	0	0	0	0	0	0	0	0	0	10.66253	0	0	7.75792	0	0	0	0	0	0	0	0	0	0	0	0	0	0	0	0	0	0	0	0	0	0	0	0	0	7.43577	0	0	0	0	0	0	0	0	0	0	0	0	0	0	0	0	0	0	0	0	0	0	0	
0	0	0	0	0	0	0	0	0	0	0	0	0	0	0	0	0	0	0	0	0	0	0	0	0	0	0	0	0	0	0	0	0	0	0	0	0	0	0	0	0	0	0	0	0	0	0	8.6919	0	0	10.6703	10.22967	0	0	0	0	6.39628	0	9.2818	0	10.87601	0	0	0	0	9.68914	0	0	0	0	0	0	0	0	0	0	0	0	0	0	0	0	0	0	0	0	0	0	0	0	0	0	0	0	0	0	0	0	0	0	
0	0	0	0	0	0	0	0	0	0	0	0	0	0	0	0	0	0	0	0	0	0	0	0	0	0	0	0	0	0	0	0	0	0	0	0	0	0	0	0	0	8.78645	0	0	0	0	0	0	0	0	0	0	0	0	0	0	0	0	0	0	0	0	0	0	0	0	0	0	0	0	0	0	0	0	0	0	0	0	0	0	0	0	0	0	0	0	0	0	0	0	0	0	0	0	0	0	0	0	0	0	
0	0	0	0	0	0	0	0	0	0	0	0	0	0	0	0	0	0	0	0	0	0	0	0	0	0	0	0	0	0	0	8.05483	0	0	0	0	0	0	0	0	0	0	0	0	0	0	0	7.73741	0	0	0	0	0	0	0	0	0	0	0	0	0	0	0	6.87184	0	0	0	0	0	0	0	0	0	0	0	0	0	0	0	0	0	0	0	0	0	0	0	0	0	0	0	0	0	0	0	0	0	0	0	0	
0	0	0	0	0	0	0	0	0	0	0	0	0	0	0	0	0	0	0	0	0	0	0	0	0	0	0	0	0	0	0	12.94988	0	0	0	0	0	0	0	0	0	0	0	0	0	0	0	0	0	0	0	0	0	0	0	0	0	0	0	0	0	0	0	0	0	0	0	0	0	0	0	0	0	0	0	0	0	0	0	0	0	0	0	0	0	0	0	0	0	0	0	0	0	0	0	0	0	0	0	0	
0	0	0	0	0	0	0	0	0	0	0	0	0	0	0	0	0	0	0	0	0	0	0	0	0	0	0	0	0	0	0	0	0	0	0	0	0	0	0	0	0	0	0	9.86734	0	0	0	0	0	11.15421	0	0	0	0	8.6714	0	0	0	0	0	0	0	0	0	0	0	0	0	0	0	0	0	0	0	0	0	0	0	0	2.91683	0	0	0	0	0	0	0	0	0	0	0	0	0	0	0	0	0	0	0	0	
0	0	0	0	0	0	0	0	0	0	0	0	0	0	0	0	0	0	0	0	0	0	0	0	0	0	0	0	0	0	0	0	7.66874	0	0	0	0	0	0	0	0	0	0	0	0	0	0	5.90533	0	0	8.72762	1.27029	0	0	0	0	0	0	8.14383	0	0	0	0	0	0	0	0	0	0	0	5.09847	0	0	0	0	0	0	0	0	0	0	0	0	0	0	5.39791	0	0	0	0	0	0	0	0	0	0	0	0	0	0	
0	0	0	0	0	0	0	0	0	0	0	0	0	0	0	0	0	0	0	0	0	0	0	0	0	0	0	0	0	0	0	0	0	0	0	0	0	0	0	10.6852	0	0	0	0	17.28978	0	3.2858	0	0	0	0	0	0	0	0	0	0	0	0	0	0	0	0	0	0	0	0	0	0	0	0	0	0	0	0	0	0	0	0	0	0	0	0	0	0	0	0	0	0	0	0	0	0	0	0	0	0	0	0	0	
0	0	0	0	0	0	0	0	0	0	0	0	0	0	0	0	0	0	0	0	0	0	0	0	0	0	0	0	0	0	0	0	0	0	0	9.63934	0	0	0	0	0	0	0	0	0	0	0	9.25587	0	0	0	0	0	8.22057	0	0	0	0	0	0	9.16494	0	0	0	0	0	0	0	0	0	0	0	0	0	0	0	0	0	0	0	0	0	0	0	0	0	0	0	0	0	0	0	0	0	5.61024	0	0	0	0	0	
0	0	0	0	0	0	0	0	0	0	0	0	0	0	0	0	0	0	0	0	0	0	0	0	0	0	0	0	0	0	0	0	0	0	0	0	0	0	0	0	0	12.71916	0	0	0	0	0	0	0	0	0	0	1.45969	0	0	0	0	0	0	0	0	0	0	0	0	0	0	1.45969	0	0	0	8.67758	0	0	0	0	0	0	0	0	0	0	0	0	0	0	0	0	0	0	0	0	0	0	0	0	0	0	0	0	
0	0	0	0	0	0	0	0	0	0	0	0	0	0	0	0	0	0	0	0	0	0	0	0	0	0	0	0	0	0	0	0	0	0	0	0	0	0	0	0	8.62098	0	0	0	10.95743	0	0	4.57912	0	0	8.21639	12.16567	0	0	0	11.40422	0	0	7.27657	0	4.85842	0	0	0	0	0	0	0	0	0	0	0	0	0	0	0	0	0	0	0	0	0	0	0	0	0	0	0	0	0	0	0	0	0	0	2.50287	0	0	0	0	
0	0	0	0	0	0	0	0	0	0	0	0	0	0	0	0	0	0	0	0	0	0	0	0	0	0	0	0	0	0	0	0	0	0	0	0	0	0	0	0	0	0	0	0	13.72802	0	0	0	0	3.96235	0	0	7.17537	0	0	0	0	7.07904	0	0	0	11.50411	0	0	0	0	0	0	0	0	0	0	0	0	0	0	0	0	0	0	0	0	0	0	0	0	0	0	0	0	0	0	0	0	0	0	0	0	0	0	
0	0	0	0	0	0	0	0	0	0	0	0	0	0	0	0	0	0	0	0	0	0	0	0	0	0	0	0	0	0	0	0	0	0	0	0	0	0	0	0	0	0	0	10.24986	0	0	11.26646	0	0	0	9.38613	0	0	0	0	0	0	0	0	6.23087	0	0	0	0	8.60593	0	0	10.14373	0	0	0	0	9.59648	0	0	0	2.17028	0	0	0	0	0	0	0	0	0	0	0	0	0	0	0	0	0	0	0	0	0	0	0	
0	0	0	0	0	0	0	0	0	0	0	0	0	0	0	0	0	0	0	0	0	0	0	0	0	0	0	0	0	0	0	0	0	0	0	0	0	0	0	0	0	0	0	0	2.50287	0	0	9.98249	0	0	0	8.09531	5.6443	0	0	6.8428	0	0	0	0	0	0	0	0	0	0	0	9.22244	0	0	0	0	0	10.96714	0	0	0	0	0	0	0	0	0	0	0	0	0	0	0	0	0	0	0	0	0	0	0	0	0	0	
0	0	0	0	0	0	0	0	0	0	0	0	0	0	0	0	0	0	0	0	0	0	0	0	0	0	0	0	0	0	0	0	0	0	0	0	0	14.04236	0	0	0	0	0	0	0	0	0	0	7.37114	0	0	5.1534	0	0	6.43924	0	9.52058	0	0	1.1157	0	2.64423	0	0	0	0	0	0	0	0	0	0	0	0	5.67793	2.64423	0	0	0	0	0	0	0	0	0	0	0	0	0	0	0	0	0	0	0	0	0	0	0	0	
0	0	0	0	0	0	0	0	0	0	0	0	0	0	0	0	0	0	0	0	0	0	0	0	0	0	0	0	0	0	0	0	0	0	0	0	0	0	0	0	0	0	14.79269	0	0	11.50411	0	13.01758	0	0	7.0728	0	11.07135	0	9.01842	0	0	0	0	0	0	0	0	7.63949	0	0	0	3.0004	0	0	11.56734	0	0	0	0	0	0	0	4.06651	0	0	0	0	0	0	0	0	0	0	0	0	0	0	0	0	0	0	0	0	0	
0	0	0	0	0	0	0	0	0	0	0	0	0	0	0	0	0	0	0	0	0	0	0	0	0	0	0	0	0	0	0	0	0	0	0	0	0	0	0	0	0	0	0	0	0	0	0	8.26372	10.20206	0	0	11.11376	0	0	0	0	0	0	0	0	0	0	0	0	1.1157	0	0	0	0	0	0	0	0	0	0	0	0	0	0	0	0	0	0	0	0	0	0	0	0	0	11.26919	0	0	0	0	0	0	0	0	0	
0	0	0	0	0	0	0	0	0	0	0	0	0	0	0	0	0	0	0	0	0	0	0	0	0	0	0	0	0	0	0	0	0	0	0	0	0	0	0	0	0	0	0	0	0	0	0	12.81398	0	0	0	0	8.22485	0	0	0	0	0	11.61248	13.13916	0	0	0	0	0	0	0	0	0	0	0	0	0	0	0	0	0	0	0	0	0	0	0	0	0	0	0	0	0	0	0	0	0	0	0	0	0	0	5.26097	0	
0	0	0	0	0	0	0	0	0	0	0	0	0	0	0	0	0	0	0	0	0	0	0	0	0	0	0	0	0	0	0	0	0	0	0	0	0	0	0	0	0	0	9.29794	0	0	0	0	0	0	8.1783	0	8.21071	0	7.55248	0	0	0	0	0	0	0	0	0	0	13.43623	0	0	0	0	0	0	0	0	0	0	0	12.89899	0	0	0	0	0	0	0	0	0	0	0	0	0	0	0	0	0	0	0	0	0	0	0	
0	0	0	0	0	0	0	0	0	0	0	0	11.50469	0	0	0	0	0	0	0	0	0	0	0	0	0	0	0	0	0	9.72837	0	0	0	0	0	0	0	0	0	0	0	9.40739	0	0	0	0	5.52139	0	0	14.05116	0	0	6.33881	3.0004	0	8.38922	0	0	0	0	0	0	7.76089	10.73149	7.4309	0	0	0	0	0	0	0	0	0	0	0	0	0	0	0	0	0	0	0	0	0	0	0	0	0	0	0	0	0	0	0	0	0	0	
0	0	0	0	0	0	0	0	0	0	0	0	0	0	0	0	0	0	0	0	0	0	0	0	0	0	0	0	0	0	0	0	0	0	0	0	0	0	0	0	0	0	0	0	0	11.27349	5.5929	0	2.34613	12.60381	0	6.58876	6.00788	0	8.38954	5.319	0	0	0	0	12.17553	0	0	0	0	0	0	0	0	7.40432	0	0	0	0	0	0	4.03093	0	0	0	0	0	0	0	0	0	0	0	0	0	0	0	0	0	0	0	0	0	0	0	
0	0	0	0	0	0	0	0	0	0	0	0	0	0	0	8.6506	0	0	0	0	0	0	0	0	0	0	0	0	0	0	0	0	0	0	0	6.36968	11.4316	0	0	0	0	0	0	3.96235	0	10.91446	6.95762	9.72041	7.49763	8.44374	0	0	3.1968	0	13.03057	0	0	0	0	7.11592	0	6.98249	0	3.36965	0	7.14	0	0	11.43373	0	8.32275	0	0	0	0	10.24154	0	4.97006	0	4.76367	0	0	0	0	0	0	0	0	0	0	7.60531	0	0	0	0	0	0	0	0	0	
0	0	0	0	0	0	0	0	0	0	0	0	0	0	0	0	0	0	0	0	0	0	0	0	0	0	10.79777	0	0	0	0	3.0004	0	0	7.57473	0	0	0	0	0	12.16627	0	0	0	0	0	0	0	10.04928	3.59536	3.72833	9.55344	9.55791	0	10.42173	0	5.81849	0	3.68711	0	6.4963	7.23247	0	0	0	7.90483	0	0	0	0	0	0	0	8.7081	0	0	0	0	0	0	0	0	0	0	0	0	0	0	0	0	0	0	0	0	0	0	3.59536	0	0	0	
0	0	0	0	0	0	0	0	0	0	0	0	0	0	0	0	0	0	0	10.20777	0	0	0	0	0	0	0	0	0	0	0	0	0	0	0	0	0	0	0	0	0	0	0	13.32541	0	0	12.43894	12.03074	10.14521	0	7.70551	7.8813	11.52683	0	0	0	13.44048	0	0	8.09456	5.29647	0	0	12.77991	0	6.47753	0	4.85842	0	0	0	0	0	0	0	0	0	0	0	0	0	0	0	0	0	0	0	0	0	0	9.21763	0	0	0	0	0	0	0	0	0	
0	0	0	0	0	0	0	0	0	0	0	0	7.55695	0	0	0	0	0	0	10.07593	0	0	0	0	0	0	0	0	0	0	0	0	0	6.92638	0	0	0	0	0	0	0	8.33062	13.78507	0	7.88413	0	0	3.85783	9.15316	0	1.45969	8.43182	7.25039	4.4033	9.17394	7.97343	5.30118	5.29091	6.87652	0	0	0	0	0	6.3899	0	0	0	0	0	0	0	0	0	0	0	0	0	8.88233	4.25467	0	0	0	0	0	0	0	0	0	0	0	0	0	0	0	0	0	0	0	0	
0	0	0	0	0	0	0	0	0	0	0	0	0	0	0	0	0	0	0	0	0	0	0	15.697	0	0	0	0	0	0	0	0	0	0	0	0	0	0	11.10078	0	0	0	8.33123	10.23317	5.50294	0	9.26411	5.8758	0	8.08711	8.22485	6.90511	0	0	0	0	0	6.63953	14.85614	11.18202	9.45852	0	0	0	6.80565	0	0	0	0	0	0	0	0	0	0	0	0	0	0	0	0	0	0	0	0	0	0	0	0	0	0	0	0	0	0	0	0	0	0	0	
0	0	8.53281	0	0	0	0	0	0	0	0	0	0	0	0	0	0	0	0	0	0	0	0	0	0	0	0	0	0	0	0	0	0	0	0	0	0	0	0	0	9.57442	0	0	0	0	9.28855	0	9.01352	9.66134	11.2441	0	10.24778	10.9404	8.79491	1.1157	10.00151	0	0	3.72833	5.72609	6.62185	0	7.65628	10.0372	0	0	0	0	0	0	0	6.89266	0	0	0	0	0.66312	0	0	0	0	0	0	0	0	0	0	0	0	0	0	0	0	0	0	0	0	0	0	0	
0	0	0	0	0	0	0	0	0	0	0	9.50096	0	0	0	0	0	0	0	0	0	0	0	0	0	0	0	0	0	0	0	0	7.4063	0	0	0	0	8.95548	11.69824	4.01537	6.83544	7.48829	0	0	12.72765	6.86942	12.29578	8.35038	10.94003	0	10.97719	0	1.89525	4.32749	0	9.95009	5.787	10.33745	0	0	0	0	0	0	0	0	0	7.5703	0	0	0	0	5.61024	0	0	6.7829	0	0	11.04928	0	0	0	0	0	0	0	0	0	0	0	0	0	0	0	0	8.28042	0	0	0	0	
0	0	0	0	0	0	0	0	0	0	0	0	0	0	0	0	0	0	0	0	0	0	0	0	0	0	0	0	0	0	0	0	0	0	2.64423	8.14898	0	0	0	7.28199	0	13.46726	0	10.97417	14.39044	11.59299	7.43203	8.47283	7.63709	10.92155	10.59506	10.51673	2.34613	8.63924	0	0	8.24485	0	0	6.44673	7.84751	0	1.1157	0	0	0	0	0	0	0	0	0	0	0	0	0	0	0	2.34613	0	0	0	0	0	0	0	0	9.01028	0	0	0	0	0	0	0	0	0	0	0	0	
0	0	0	0	0	0	0	0	9.52744	0	8.68169	0	0	0	0	0	0	0	0	0	0	0	0	0	0	0	9.61593	0	0	0	0	0	0	0	0.66312	9.89236	0	10.79872	12.56293	0	10.02179	5.17036	0	9.56904	5.69393	11.19432	9.37684	7.64224	10.78284	8.34453	0	7.1276	0	0	0	0	8.75876	4.06651	0	0	0	0	1.45969	0	0	0	9.57457	0	0	0	0	0	0	0	0	0	0	0	0	0	0	0	0	0	0	0	0	0	0	0	0	0	0	2.50287	0	0	0	0	0	0	
0	0	0	0	0	0	0	0	0	0	0	9.90909	0	0	11.6472	0	0	0	0	0	0	0	0	0	0	0	0	0	0	0	0	11.66364	0	0	5.5396	0	12.18062	0	0	10.70622	0	0	10.22691	10.47129	10.24724	7.41115	11.52799	9.51757	4.31049	9.52357	6.6042	10.73952	10.63459	8.81125	0	0.66312	9.04544	0	0	10.90571	10.33118	4.40458	0	9.70435	0	0	0	0	0	0	0	0	0	2.34613	0	7.25118	0	0	0	0	0	0	0	5.407	0	0	0	0	0	0	0	0	0	0	0	0	0	0	0	0	
0	0	0	0	0	0	0	0	0	0	0	0	11.5073	0	0	0	0	0	0	0	0	0	0	0	0	0	0	0	0	10.46287	0	0	7.39634	0	1.45969	0	13.01418	0	15.14091	10.36413	10.90155	9.25862	9.85504	8.04643	9.92465	4.58585	10.2554	10.69965	7.16954	9.50223	9.17266	12.02994	10.96714	8.22658	5.75268	11.11484	9.86095	0	0	8.85168	7.75701	0	0	0	0	0	0	0	0	0	0	0	0	10.11103	0	0	0	0	0	0	10.98677	0	0	0	0	0	0	0	0	0	0	0	0	0	0	0	0	0	0	0	
0	0	0	0	0	0	0	13.96208	0	0	0	12.96649	0	0	0	0	0	0	0	0	0	0	0	0	0	0	0	8.94345	0	0	6.28585	0	12.36793	0	0	0	6.46805	9.98166	7.64804	11.1516	9.88713	4.229	0	10.9598	10.61639	10.68685	9.57753	8.82776	11.16896	10.239	6.08023	9.92219	9.18243	9.33751	7.48191	7.00894	11.14866	5.25843	3.71007	9.39741	6.71678	13.16945	8.66519	0	10.31277	0	0	0	0	0	0	0	0	10.95574	0	0	0	0	0	0	0	0	0	0	0	0	0	0	0	0	0	0	0	0	0	0	0	0	0	0	
10.44607	0	0	0	0	0	0	0	8.99429	0	0	0	8.62738	0	0	0	0	0	0	0	0	0	0	0	11.43312	0	0	8.92452	0	0	0	0	14.0461	0	10.07446	9.21396	0	6.35946	11.23497	7.19225	6.98249	9.05693	6.04229	9.92509	12.3487	10.02356	8.45023	9.48863	5.91417	5.21475	10.28336	7.3923	7.85282	6.01156	10.48743	10.73536	9.99575	4.349	0	10.26243	0.66312	0	0	6.86694	0	6.75199	0	0	0	0	0.66312	0	0	0	0	0	0	0	0	0	0	0	4.70374	0	0	14.2989	0	0	0	0	0	0	0	0	0	0	0	0	0	0	
0	0	0	10.28402	0	0	0	0	0	0	0	0	0	0	0	0	0	0	8.46295	0	0	12.03336	0	4.45986	11.24192	6.57787	0	0	9.99327	10.60152	12.16398	0	11.195	0	0	0	0	9.74147	11.29403	9.0715	9.63439	6.4698	9.53292	9.40407	8.71227	10.17453	8.441	7.43447	9.87611	6.62889	10.10705	8.10217	10.03403	7.43765	4.90336	9.43126	0	3.48137	5.27138	8.56159	2.77298	4.79918	10.28402	0	0	0	0	0	0	4.7374	0	0	5.86256	0	2.77298	9.55456	9.62768	3.0004	0	0	0	0	0	0	0	0	0	0	0	0	0	0	0	0	0	0	0	0	0	0	
9.03937	0	0	0	11.43981	7.35514	0	0	0	0	0	0	0	0	0	0	0	10.27996	0	0	0	0	0	0	10.25331	0	8.75438	8.64548	0	12.81923	10.63936	0	0	0	11.21036	7.73741	7.16564	12.26826	12.21219	10.45661	8.35646	9.93887	11.16725	9.58738	9.16066	9.48756	9.90303	9.9196	8.08609	11.26279	5.01679	10.892	8.35653	6.87138	9.41706	8.32509	9.09783	3.72179	7.28883	10.30802	8.13188	0	7.22791	8.57094	9.89147	11.38546	8.75378	0	0	0	0	0	0	0	6.7124	0	0	0	0	0	0	0	0	0	0	0	0	0	0	0	0	0	0	0	0	1.45969	0	0	0	0	
0	0	0	0	0	0	0	0	7.84018	0	8.57315	0	0	0	0	0	11.65557	15.15337	10.78065	9.00209	9.6084	6.98994	0	0	0	12.97352	0	10.39759	4.99333	11.30722	0	11.31749	12.3432	7.30019	10.54556	10.54838	6.78511	6.76256	9.9758	10.67791	9.82937	9.83005	5.89731	8.90914	10.48173	9.47613	9.25325	8.79732	8.61014	7.60084	10.26097	10.97403	7.25156	8.73503	4.85812	5.98223	6.84629	8.65479	0	10.68213	5.61265	9.07571	8.64477	0	7.90947	10.61017	0	0	0	0	0	4.53441	0	0	8.328	0	0	0	8.88233	0	0	0	0	0	0	6.08967	0	0	0	0	0	0	0	0	0	1.45969	0	0	0	0	
0	9.79243	0	0	7.84018	7.14596	0	0	0	0	0	0	0	0	8.0453	12.36459	0	11.08769	10.51751	0	5.69393	0	3.59536	0	0	0	0	0	9.75459	9.39241	9.5949	0	10.79114	5.56733	11.03049	7.34614	8.88557	8.7779	8.01044	9.3935	9.22554	7.74305	8.52383	8.07471	9.1405	7.41856	8.54829	9.35282	8.33063	8.76256	6.76141	7.89524	7.12693	5.3543	8.28281	7.43837	5.38702	6.30703	8.45778	5.13579	0	7.71355	0	11.58663	11.32446	3.36965	4.91052	13.04439	0	0	0	0	0	0	0	5.48426	0	0	0	0	8.53236	0	0	0	0	0	0	0	0	0	0	0	0	0	0	0	0	0	0	0	
0	9.6425	6.73628	0	7.90939	0	0	0	0	0	9.12629	0	0	0	7.3403	11.18527	0	8.10461	0	0	9.60948	4.25467	7.97784	9.35341	9.88704	9.37856	0	4.99807	9.50791	7.16255	12.93017	10.74479	10.60123	11.81002	11.21075	4.87453	8.86623	9.47289	7.78403	8.95854	8.45643	8.25216	7.33301	7.06632	7.19288	6.51813	9.17805	7.88273	9.25069	8.35694	7.97397	8.16126	8.05273	7.82251	7.26745	6.58863	7.85964	4.56377	5.89564	9.70738	0	7.41243	9.30245	10.63077	2.41339	0	1.1157	0	0	0	0	11.38946	0	8.61884	7.79161	0	4.63947	0	1.7373	0	0	0	0	4.52606	0	2.05795	0	0	0	0	0	0	0	0	0	0	0	0	0	0	
0	0	0	0	0	0	0	0	7.09144	0	8.68578	12.48768	0	0	0	0	0	0	9.99822	0	1.7373	0	0	0	0	11.53593	10.47889	0	5.26097	11.29354	8.12218	6.33881	7.22686	8.73277	9.76829	9.57978	7.39022	8.01399	9.79934	9.38141	7.8145	10.00309	8.79311	7.86076	6.75649	7.59297	6.79644	8.22791	8.65526	8.84006	9.12897	8.1462	7.30824	6.84967	6.34602	8.60263	8.21284	7.72122	10.75749	8.93748	9.73563	5.11144	7.54348	6.18991	0	7.97142	0	9.23369	0	0	0	0	0	0	0	0	0	0	0	0	0	4.7374	0	0	0	0	0	8.64152	7.11592	4.38125	0	0	0	0	0	0	0	0	0	0	
0	0	0	0	0	0	0	0	9.25174	11.38921	5.78682	4.45986	0	12.3086	0	0	0	3.0004	7.95319	2.843	0	0	1.1157	8.59739	7.86205	12.66795	4.01537	9.53427	4.90706	9.55116	0	6.43894	8.79563	6.30634	5.15103	9.60965	8.70157	5.83116	7.04367	5.74915	7.38091	9.37621	7.83308	9.95431	7.30056	7.15616	7.68847	8.55534	7.06787	8.34981	8.87025	6.87651	8.24927	5.89016	8.01003	9.46656	6.94229	10.65025	10.55304	5.73144	7.0838	7.86362	9.14282	5.74191	1.5984	10.28521	8.92452	0	0	0	0	0	0	6.45851	8.99716	0	0	0	11.38546	0	0	0	0	0	0	0	0	0	6.69626	0	1.45969	0	0	0	0	0	0	0	0	0	
0	0	8.07993	7.94621	0	1.1157	0	6.7124	5.12283	0	0	0	0	0	0	0	0	9.01566	0	0	0	0	0	11.2644	0	8.06115	0	10.52133	8.57536	7.2111	0	9.19766	0	9.42216	4.88542	7.97216	7.22159	6.11533	2.70447	9.48575	10.66941	8.64117	7.39053	7.95365	7.14404	7.68084	6.51868	9.68403	8.03004	7.70245	7.69846	7.94383	8.38328	7.95647	8.05773	6.53779	7.87918	7.54954	7.39276	7.39332	10.26305	8.53559	5.39117	11.29555	5.28332	0	0	6.55225	2.34613	5.19355	2.90496	0	7.14596	0	1.6429	0	5.93729	0	0	0	0	0	4.43938	0	0	0	0	0	0	0	0	0	0	0	0	0	0	0	0	0	
0	0	0	0	0	0	0	0	2.17028	0	8.67964	6.6127	7.67211	0	10.61554	0	0	7.92576	0	7.54348	0	0	0	0	0	0	5.30422	5.7101	5.87064	0	9.51766	8.52264	7.19125	7.46602	7.0492	8.80105	7.48611	7.65243	6.33039	8.13276	8.74709	6.09657	5.00829	7.0542	7.07417	8.66662	6.0806	7.19657	7.56829	6.07405	6.25811	9.6625	9.02267	7.37335	7.05676	6.74442	6.63478	7.27586	9.51305	6.14389	8.95723	6.21085	6.02874	6.88778	0	5.89444	8.05483	2.28229	0	0	6.05211	0	7.58765	2.22681	0	11.83426	0	0	2.34613	0	0	0	0	0	0	0	0	0	6.21318	0	0	0	0	0	0	0	0	0	0	0	
0	0	0	0	0	0	0	0	0	10.12425	0	0	1.7373	0	0	0	0	0	0	0	0	0	0	9.96285	0	0	7.85271	0	0	5.61402	6.15768	0	0	6.10078	9.75687	8.41196	4.16366	0	0	9.18243	3.89771	10.16368	3.66843	6.02686	9.59369	9.56834	7.81284	5.97718	9.28988	7.74347	6.49668	8.89073	6.85417	7.04078	8.13131	7.20024	8.55989	7.36137	5.07917	6.13878	6.92538	7.8986	3.57248	8.54716	6.60302	5.09848	7.45988	9.55568	6.5698	0	0	6.72041	0	5.36676	0	3.96235	9.34918	0	0	0	0	0	0	0	10.6811	0	0	2.64423	0	0	0	8.77688	0	0	0	0	10.20777	0	0	0	
0	0	0	0	0	0	0	0	0	0	0	10.61178	0	0	0	0	0	5.92843	11.67989	0	0	0	0	1.96997	0	0	0	5.55758	0	0	0	0	5.06697	5.98677	5.03423	0	4.23505	8.64432	0.66312	6.69552	8.25552	9.9931	7.82345	3.65174	0	7.98682	8.59848	4.66644	8.60008	7.53961	7.46133	9.07349	7.62422	4.69629	7.3967	6.23625	6.81981	7.39465	6.91283	7.77252	6.72463	5.74721	0	6.11097	9.59325	0	5.05493	7.14	10.69183	8.24572	0	0	12.96901	0.66312	0	10.16588	0	8.97223	0	0	0	7.43092	0	0	0	0	0	0	0	0	0	0	0	0	0	0	0	0	0	0	
0	0	0	0	4.86784	0	0	0	0	0	9.59104	0	3.1968	0	0	11.74093	0	0	6.45851	0	4.77928	7.29813	0	0	0	7.63526	5.19355	0	0	4.82759	0	8.65753	9.51599	0	0	10.20135	10.55192	8.08304	12.52587	9.36783	3.9285	9.75297	6.18309	7.60963	3.56401	6.79847	10.9587	4.35649	8.2494	10.02273	8.57935	6.32535	8.30717	7.46425	6.26579	7.07904	6.14672	8.79614	3.69685	9.05093	5.54139	7.78342	5.55264	5.64841	6.88613	0	8.75402	9.26053	0	0.66312	9.05189	8.6295	7.13158	11.5093	9.18787	0	5.63725	0	0	0	5.96044	0	0	0	0	1.45969	0	0	0	1.1157	0	0	0	0	0	0	0	0	0	0	
0	0	0	0	0	0	0	0	0	0	0	5.91931	2.17543	0	0	9.8066	0	0	0	4.01537	1.45969	0	1.1157	0	0	0	0	0	0	5.51894	4.1159	6.1171	0	0	0	8.78454	0	0	0	3.2858	2.9677	4.35536	4.14575	5.85896	8.03326	3.9205	5.98169	5.99063	6.58339	5.63188	0	0	8.22151	10.23913	0	5.25617	6.90539	7.48722	5.93697	6.24289	8.92308	6.90428	8.67212	8.19549	5.59245	5.96766	8.93831	8.68164	5.94686	8.68475	0	6.12671	8.00261	9.91346	10.72105	0	2.77298	0	6.02651	0	0	0	0	0	0	0	0	0	0	0	0	0	0	0	0	0	0	0	0	0	
0	0	0	8.30955	0	0	0	0	0	0	0	0	0	0	0	0	0	0	0	0	0	0	6.08967	0	0	0	6.82204	6.06182	8.81477	7.63102	0	0	1.45969	0	0	11.39872	0	1.1157	6.48695	0	5.31578	0	0	0	3.4596	10.82169	7.39574	5.26097	5.53828	7.31872	7.43532	6.39985	6.61387	8.57482	7.32235	7.4696	8.37017	6.15766	6.60893	8.86437	8.46285	7.61289	8.61443	8.88364	9.13547	8.95972	7.56074	8.23606	9.58061	8.09124	5.00236	8.27519	5.36018	2.87436	6.26205	0	11.31121	0	5.6423	8.14383	1.1157	6.51483	7.54348	0	0	0	0	0	0	0	0	0	0	0	0	0	0	1.1157	0	9.21112	
0	0	4.0584	0	0	0	0	0	0	0	0	0	0	0	0	0	0	0	0	0	4.8291	0	0	0	0	10.24084	0	8.81869	0	8.76339	0	10.98469	10.48301	0	6.83544	0	0	6.09162	5.05827	0	8.66519	0	0	8.16375	12.2321	8.84986	0	4.79358	11.39237	6.56002	5.62071	9.38865	8.32252	8.56869	6.12917	7.79926	0	6.42631	6.83559	6.94099	3.13165	5.30557	5.91834	4.48043	4.27056	8.81557	6.16376	0	7.71656	3.35106	5.32701	7.03267	6.19779	7.27343	0.66312	0	5.25512	0	4.45984	1.96997	0	5.64392	0	0	0	0	0	0	6.79864	0	0	0	0	0	0	0	4.01537	0	0	0	
0	0	0	0	1.45969	0	0	0	0	0	0	0	10.24778	0	0	0	0	0	0	0	4.01537	1.96997	0	0	0	0	0	6.99185	0	0	0	0	10.98011	0	0	0	9.39616	0	6.08967	7.53443	0	0	4.24427	0	7.50229	0	7.65321	4.57029	5.04847	4.61961	6.96911	3.60689	8.13188	7.6696	8.26431	1.44559	0	5.00076	4.55183	2.26575	7.31974	7.39217	8.44561	5.78636	6.57203	7.87411	5.32395	4.94628	5.73761	6.58092	7.0369	0	0	9.6046	0	10.35729	5.75602	5.80699	0	0	0	0	0	0	9.67685	1.1157	0	0	0	0	0	0	0	0	0	0	7.90834	0	0	0	
0	0	0	0	0	0	0	0	6.10198	0	0	0	5.19355	0	0	0	9.39991	2.17028	7.76863	0	0	0	0	0	6.88964	0	0	0	0	0	0	0	0	0	7.69742	8.26919	0	8.39705	0	0	0	0	8.27463	10.56531	0	8.35571	9.50328	6.90734	0	6.43137	0	9.60083	11.91387	7.75288	0	5.90533	0	7.01414	0	6.46483	7.93949	0	7.70529	9.72638	5.42142	6.10471	6.90584	6.36413	11.48074	6.301	8.1436	2.08183	7.44738	7.32987	7.70484	4.63587	8.10443	6.30727	0	0	9.21254	9.32444	10.46058	0	5.66882	0	7.78781	4.06651	6.82063	0	4.68796	0	0	9.08612	0	0	0	0	0	0	
0	0	0	0	0	0	0	0	0	0	0	0	0	0	0	0	0	0	0	0	6.78471	0	0	0	0	0	0	0	0	5.96044	0	0	0	0	4.16366	0	0	0	0	0	9.65822	0	8.18491	7.40133	3.45134	0	0	0	10.85752	5.48915	9.41231	0	0	6.188	3.84551	6.5283	0	0	6.55671	8.79013	10.70147	6.01718	4.27865	5.25228	7.4468	7.99401	6.03648	5.85846	5.93167	5.21799	8.76998	7.24641	3.19919	4.88806	5.08229	0	2.48503	0	4.55692	0	0	0	1.1157	0	0	0	7.63935	0	0	0	0	0	0	0	0	0	0	0	0	0	
0	0	0	0	6.34917	0	0	0	0	0	0	6.99574	0	3.52398	0	0	0	0	0	0	0	0	0	0	0	0	0	0	0	0	0	0	0	0	0	0	0	0	0	7.41171	0	0	6.11419	0	3.80911	0	1.32212	1.45969	0	0	3.79049	0	0	0	10.7492	0	0	0.66312	0	6.92822	6.56984	1.75236	6.56198	7.56198	8.42822	0	1.6429	4.94797	10.34503	5.04196	7.13294	9.54848	7.95425	4.94172	0	0	6.40043	4.38125	5.39494	4.76862	3.90731	6.18532	0.66312	0	0	0	5.6443	10.56736	0	5.35386	0	0	0	0	8.94003	0	0	0	0	0	
0	0	0	0	0	0	0	0	0	0	0	0	0	0	0	0	0	6.07275	0	0	0	9.19828	7.4309	0	0	0	10.07827	0	0	0	0	0	0	6.13148	7.42572	0	0	0	0	0	0	0	0	0	0	0	0	0	3.1968	0	8.26919	0	0	0	0	7.67763	8.82063	10.35723	4.34028	6.13829	0	7.29192	3.28902	0	7.63939	7.35572	9.11139	7.23263	6.04752	3.57753	7.46898	5.40359	5.55867	4.396	9.44172	6.39055	6.39288	0	8.64851	6.77963	0	0	8.70718	0	7.68928	8.70965	0.66312	5.07369	0	9.59974	0	0	0	0	0	0	10.33102	0	0	0	
0	0	0	0	0	0	0	0	6.55663	0	0	0	0	0	0	0	0	0	0	0	0	0	0	0	0	0	0	4.79918	0	15.10261	0	0	0	0	0	0	0	0	0	9.70581	0	0	0	0	0	2.64423	0	5.38702	6.55119	0	0	9.86283	0	0	0	0	0	0	9.08555	0	9.53384	0	8.86861	9.34149	12.10041	5.38135	5.30371	0	0	5.95507	8.07779	4.25467	8.60012	5.75711	8.82987	8.82614	1.25144	0	0	8.38157	5.94522	8.0563	11.17584	9.25342	7.86839	0	0	0	0	0	5.48426	0	8.08242	0	0	0	0	0	0	0	
0	0	0	0	0	0	0	0	0	0	0	0	0	8.49597	0	0	0	0	0	1.1157	0	0	0	0	0	3.35369	0	0	0	0	0	0	0	0	5.74191	0	0	7.50579	0	0	9.47635	0	8.0737	9.60516	0	0	0	0	0	0	4.70549	6.96238	0	0	3.90731	0	0	0	0	5.83993	4.12264	0	6.484	9.96238	6.81316	6.10965	8.50616	7.51154	0	4.82434	6.90813	0	6.38754	6.06484	8.70205	7.84307	4.55948	5.48564	9.07462	5.87652	0	6.27515	8.38451	4.7606	3.69834	0	0	7.77249	4.47414	0	8.46772	0	0	6.48695	0	0	0	0	4.91109	0	
0	0	0	0	0	0	0	5.48426	0	0	0	0	0	0	0	0	0	0	0	0	0	0	5.28275	0	0	0	0	0	8.6527	0	0	0	0	0	9.11257	0	0	0	0	0	0	1.20021	0	0	0	0	3.91825	0	0	0	0	0	8.17621	0	0	0	5.16073	6.08967	0	5.1024	7.82412	0	0	6.24456	0	6.4295	0	8.1232	6.82582	9.46329	8.09287	6.76553	7.47415	4.65556	9.22103	6.33726	7.04483	1.1157	5.67408	4.59993	7.64899	7.44124	7.10251	0	3.88348	0	1.96997	3.59289	0	0	10.33314	7.64628	0	0	0	0	9.79432	0	0	0	
0	0	0	0	0	0	0	0	0.66312	0	0	0	0	0	0	0	0	0	0	0	0	0	0	0	0	0	0	0	0	0	0	0	0	0	0	0	0	5.96134	0	0	0	0	0	0	0	0	0	0	0	3.0004	0	3.64811	0	4.20046	0	0	4.85842	8.33126	0	0	6.87184	0	8.8407	13.16652	7.79541	4.16807	0	0	8.62846	5.93979	0	2.50287	5.72113	10.4934	9.81879	8.98215	0	2.57357	4.28676	7.45904	4.88984	9.4465	3.2858	3.44887	0	0	4.93087	0	0	0	0	0	5.5139	10.01349	9.27502	0	0	0	0	0	
0	0	0	0	0	0	0	8.00981	0	0	0	0	0	0	0	0	0	0	0	0	0	0	0	0	0	0	0	0	0	0	0	0	0	0	0	0	0	4.61562	0	7.17537	0	0	0	0	0	0	0	0	0	0	4.96004	0	0	12.02267	9.80012	0	0	6.19497	9.31786	10.20278	0	0.66312	0	6.64516	8.30563	9.96154	0	0	8.40524	5.16317	8.02992	4.68589	4.67951	6.24383	7.24917	7.74607	6.29321	0	8.4236	8.09362	7.51785	10.71905	3.65386	7.54008	1.71805	0	0	1.21399	0	0	7.28739	0	0	0	0	2.00797	0	0	0	0	
0	0	0	0	0	0	0	0	0	0	0	0	0	0	0	0	0	0	0	0	0	0	0	0	0	9.58228	0	0	0	0	0	0	0	0	0	0	0	4.97006	0	0	0	0	0	0	10.0154	0	0	0	9.09892	0	0	0	0	0	0	3.2858	0	0	0	0	0	0	7.44042	0	0	5.24773	4.02758	6.06276	1.45969	8.19968	1.25144	0	6.48763	0	9.09277	5.97664	6.88614	6.63252	6.64358	7.24854	4.92499	0	6.65995	0	7.43577	6.6936	0	0	0	0	9.47043	0	0	0	0	0	0	2.50287	0	0	
0	0	0	0	0	0	0	0	0	0	0	0	9.03937	0	0	0	0	0	0	0	0	0	0	0	0	0	0	0	0	0	0	0	0	0	0	0	0	0	0	0	0	0	0	0	0	0	0	8.66312	0	0	1.45969	0	9.87094	0	0	0	0	0	0	4.60324	0	0	0	4.99783	3.90731	11.71362	11.11974	0	10.10603	0	0	10.15853	0	0	0	6.30988	5.78166	7.9213	7.38708	3.89216	0	6.53874	5.74496	4.65452	6.05851	3.40283	6.64588	0	8.09541	0	0	0	0	6.63828	0	0	0	0	0	0	
0	0	0	0	0	0	0	0	0	0	0	0	0	0	0	0	0	0	0	0	0	0	0	0	0	0	0	0	0	0	0	0	8.96045	0	0	0	0	0	0	0	7.51615	0	0	0	0	0	0	0	0	0	0	0	0	0	0	0	5.48013	0	0	0	7.45682	0	0	5.34344	0	6.69626	0	0	5.62594	0	0	0	10.34549	0	0	2.77298	0	0	5.63816	9.99251	5.65264	6.79811	10.61232	0	6.64671	0	1.45969	0	0	0	6.25219	5.27863	4.91583	0	0	0	0	0	0	0	
0	0	0	0	0	0	0	3.6328	0	0	0	0	0	0	0	0	0	0	0	0	0	0	0	0	0	0	0	6.23087	0	0	0	0	0	0	0	0	0	0	0	0	0	0	0	0	0	0	0	0	0	0	0	0	0	0	0	0	0	0	0	0	0	0	0	0	0	0	0	0	0	0	3.83792	4.27225	6.21196	1.96997	0	10.33444	10.03158	0	10.10245	3.79049	0	6.49075	0	7.51615	1.96997	9.80133	0	10.49118	0	0	0	4.29811	0	0	0	9.23646	0	0	0	0	
0	0	0	0	0	0	0	0	0	0	0	0	0	0	0	0	0	0	0	0	10.07281	0	0	0	0	0	0	0	0	0	8.91059	0	0	0	0	0	0	0	0	0	0	0	0	0	0	0	0	0	0	0	0	0	0	0	0	0	0	0	0	12.57236	0	0	0	0	6.7829	9.20114	7.95997	7.90042	0	0	0	0	0	0	0	2.17028	5.19249	0	0	0	3.53952	0	0	0	4.3578	8.09848	7.62855	6.74348	8.66312	0	6.4197	5.67757	7.83281	2.17028	0	7.41125	0	0	0	0	
0	0	0	0	0	0	0	0	0	0	0	0	0	0	0	0	0	0	0	0	0	0	0	0	0	0	0	0	0	0	0	0	0	0	0	0	0	0	0	0	0	0	0	0	0	0	0	0	4.25467	0	0	0	0	0	0	0	0	0	0	0	0	0	0	0	0	0	0	0	0	8.52369	9.53313	8.95028	6.16699	0	9.89678	8.22204	0	9.22666	0	0	0	7.6646	6.56904	0	4.63668	0	8.82222	0	0	7.23429	0	1.75611	3.1713	0	7.36604	0	0	0	0	0	
0	0	0	0	0	0	0	0	0	0	0	0	0	0	0	7.12319	0	0	0	0	0	0	0	0	0	0	0	0	0	0	0	0	0	0	7.31937	0	0	0	0	0	0	0	0	0	0	0	0	0	0	0	0	0	0	0	0	0	0	0	0	0	0	0	0	0	0	0	0	4.34028	0	0	0	0	0	5.19355	0	0	0	0.55785	0	0	0	0.66312	0	0	1.6429	0	5.87955	4.25726	8.28006	9.98614	9.03617	0	8.4316	0	0	0	0	0	0	0	
0	0	0	0	0	0	0	0	0	0	0	0	0	0	0	0	0	0	0	0	0	0	0	0	0	0	0	0	0	0	0	0	0	0	0	0	0	0	0	0	0	0	0	0	0	0	0	0	7.78781	3.59536	0	0	0	0	0	0	0	0	0	1.96997	0	0	0	0	0	5.8032	0	0	0	0	0	4.76862	0	0	0	0	0	11.33421	0	5.97081	10.53953	0	0	8.25823	0	0	0	0	0	0	0	0	0	0	0	0	0	0	0	0	
0	0	0	0	0	0	0	0	0	0	0	0	0	0	0	0	0	0	0	0	0	0	0	0	0	0	0	0	0	0	0	0	0	0	0	0	0	0	0	0	0	0	0	0	0	0	0	0	0	0	0	0	0	0	0	1.73118	0	0	10.14224	0	0	0	0	0	9.00701	0	0	0	0	0	0	0.66312	0	1.45969	0	0	10.06654	0	0	0	5.66787	7.32977	5.5111	7.65843	0	0	0	6.57787	8.15029	0	4.45986	9.94027	8.3122	0	0	0	0	0	0	0	
0	0	0	0	0	0	0	0	0	0	0	0	0	0	0	0	0	0	0	0	0	0	0	0	0	0	0	0	0	0	0	0	0	0	0	0	0	0	0	0	0	0	0	0	0	0	0	0	0	0	0	0	0	0	0	0	0	0	0	0	0	0	0	0	0	0	0	0	0	0	0	0	0	0	0	0	0	0	0	0	0	0	0	0	0	0	1.1157	0	0	0	0	9.13081	0	0	0	0	0	0	0	0	
0	0	0	0	0	0	0	0	0	0	0	0	0	0	0	0	0	0	0	0	0	0	0	0	0	0	0	0	0	0	0	0	0	0	0	0	0	0	0	0	0	0	0	0	0	0	0	0	0	0	0	0	0	0	0	0	0	0	0	0	0	0	0	0	0	0	0	0	0	0	8.66563	8.06115	0	0	0	0	1.1157	0	0	8.68748	0	0	0	11.47838	0	0	0	0	0	0	6.08708	8.88233	0	0	0	0	0	0	0	0	
0	0	0	0	0	0	0	0	0	0	0	0	0	0	0	0	0	0	0	0	0	0	0	0	0	0	0	0	0	0	0	0	0	0	0	0	0	0	0	0	0	0	0	0	0	0	0	0	0	0	0	0	0	0	0	0	0	0	0	2.17028	0	0	0	0	0	0	0	0	0	0	8.20216	0	0	0	0	0	0	0	0	0	0	0	0	0	0	0	3.90731	0	0	0	0	0	0	0	0	0	0	0	0	0	
0	0	0	0	0	0	0	0	0	0	0	0	0	0	0	0	0	0	0	0	0	0	0	0	0	0	0	0	0	0	0	0	0	0	0	0	0	0	0	0	0	0	0	0	0	0	0	0	0	0	0	0	0	0	0	0	0	0	0	0	0	0	0	0	0	0	0	0	0	9.02813	0	0	0	0	0	0	0	0	5.48426	0	0	0	0	0	0	0	0	0	7.22123	1.45969	0	0	0	0	0	0	0	0	0	0	
0	0	0	0	0	0	0	0	0	0	0	0	0	0	0	0	0	0	0	0	0	0	0	0	0	0	0	0	0	0	0	0	0	0	0	0	0	0	0	0	0	0	0	0	0	0	0	0	0	0	0	0	0	0	0	0	0	0	0	0	0	0	0	0	0	0	0	0	0	0	0	0	0	0	0	0	0	0	0	0	0	0	0	0	0	0	4.76862	0	0	0	0	0	0	0	0	0	0	0	0	0	
0	0	0	0	0	0	0	0	0	0	0	0	0	0	0	0	0	0	0	0	0	0	0	0	0	0	0	0	0	0	0	0	0	0	0	0	0	0	0	0	0	0	0	0	0	0	0	0	0	0	0	0	0	0	0	0	0	0	7.60531	0	0	0	0	0	0	0	0	0	0	0	0	0	0	0	0	4.1159	0	0	0	0	0	0	0	0	0	0	0	0	0	0	0	0	0	0	0	0	0	0	0	0	
0	0	0	0	0	0	0	0	0	0	0	0	0	0	0	0	0	0	0	0	0	0	0	0	0	0	0	0	0	0	0	0	7.56142	0	0	0	0	0	0	0	0	0	0	0	0	0	0	0	0	0	1.45969	0	0	0	0	0	0	0	0	0	0	0	2.34613	0	0	0	0	0	0	0	0	0	0	0	0	1.7373	0	0	0	0	0	0	0	0	0	0	0	0	0	0	0	0	0	0	0	0	0	0	0	0	
0	0	0	0	0	0	0	0	0	0	0	0	0	0	0	0	0	0	0	0	0	0	0	0	0	0	0	0	0	0	0	0	0	0	0	0	0	0	0	0	0	0	0	0	0	0	0	0	0	0	0	0	0	0	0	0	0	0	0	0	0	0	0	0	0	0	0	0	0	0	0	0	0	0	0	0	0	0	0	0	0	0	0	0	0	0	0	0	0	0	0	0	0	0	0	0	0	0	0	0	
0	0	0	0	0	0	0	0	0	0	0	0	0	0	0	0	0	0	0	0	0	0	0	0	0	0	0	0	0	0	0	0	0	0	0	0	0	0	0	0	0	0	0	0	0	0	0	0	0	0	0	0	0	0	0	0	0	0	0	0	0	0	0	0	0	0	0	0	0	0	0	0	0	0	0	0	0	0	0	0	0	0	0	0	0	0	0	0	0	0	0	0	0	0	0	0	0	0	0	0	
0	0	0	0	0	0	0	0	0	0	0	0	0	0	0	0	0	0	0	0	0	0	0	0	0	0	0	0	0	0	0	0	0	0	0	0	0	0	0	0	0	0	0	0	0	0	0	0	0	0	0	0	0	0	0	0	0	0	0	0	0	0	0	0	0	0	0	0	0	0	0	0	0	0	0	0	0	0	0	0	0	0	0	0	0	0	0	0	0	0	0	0	0	0	0	0	0	0	0	0	
0	0	0	0	0	0	0	0	0	0	0	0	0	0	0	0	0	0	0	0	0	0	0	0	0	0	0	0	0	0	0	0	0	0	0	0	0	0	0	0	0	0	0	0	0	0	0	0	0	0	0	0	0	0	0	0	0	0	0	0	0	0	0	0	0	0	0	0	0	0	0	0	0	0	0	0	0	0	0	0	0	0	0	0	0	0	0	0	0	0	0	0	0	0	0	0	0	0	0	0	
0	0	0	0	0	0	0	0	0	0	0	0	0	0	0	0	0	0	0	0	0	0	0	0	0	0	0	0	0	0	0	0	0	0	0	0	0	0	0	0	0	0	0	0	0	0	0	0	0	0	0	0	0	0	0	0	0	0	0	0	0	0	0	0	0	0	0	0	0	0	0	0	0	0	0	0	0	0	0	0	0	0	0	0	0	0	0	0	0	0	0	0	0	0	0	0	0	0	0	0	
0	0	0	0	0	0	0	0	0	0	0	0	0	0	0	0	0	0	0	0	0	0	0	0	0	0	0	0	0	0	0	0	0	0	0	0	0	0	0	0	0	0	0	0	0	0	0	10.64633	0	0	0	0	0	0	0	0	0	0	0	0	0	0	0	0	0	0	0	0	0	0	0	0	0	0	8.73345	0	0	0	0	0	0	0	0	0	0	0	0	0	0	0	0	0	0	0	0	0	0	0	0	0	
