0	0	0	0	0	0	0	0	0	0	0	0	0	0	0	0	0	0	0	0	0	0	0	0	0	0	0	0	0	0	0	0	0	0	0	0	0	0	0	0	0	0	0	0	0	0	0	0	0	0	0	12.84475	0	0	0	0	0	0	0	0	0	0	0	0	0	0	0	0	0	0	0	0	0	0	0	0	0	0	0	0	0	0	0	0	0	0	0	0	0	0	0	0	0	0	0	0	0	0	0	0	
0	0	0	0	0	0	0	0	0	0	0	0	0	0	0	0	0	0	0	0	0	0	0	0	0	0	0	0	0	0	0	0	0	0	0	0	0	0	0	0	0	0	0	0	0	0	0	13.82079	0	0	0	0	0	0	0	0	0	0	0	0	0	0	0	13.29901	0	0	0	0	0	0	0	0	0	0	0	0	0	0	0	0	0	0	0	0	0	0	0	0	0	0	0	0	0	0	0	0	0	0	0	0	
0	0	0	0	0	0	0	0	0	0	0	0	0	0	0	0	0	0	0	0	0	0	0	0	0	0	0	0	0	0	0	0	0	0	0	0	0	0	0	0	0	0	0	0	0	0	0	0	0	0	0	0	0	0	9.6617	0	0	0	0	0	0	0	0	0	0	0	0	0	0	0	0	0	0	0	0	0	0	0	0	0	0	0	0	0	0	0	0	0	0	0	0	0	0	0	0	0	0	0	0	0	
0	0	0	0	0	0	0	0	0	0	0	0	0	0	0	0	0	0	0	0	0	0	0	0	0	0	0	0	0	0	0	0	0	0	0	0	0	0	0	0	0	0	0	0	0	0	12.42728	9.02796	0	0	0	0	0	0	0	0	0	0	0	0	0	0	0	0	0	0	0	0	0	0	0	0	0	0	0	0	0	0	0	0	0	0	0	0	0	0	0	0	0	0	0	0	0	0	0	0	0	0	0	0	
0	0	0	0	0	0	0	0	0	0	0	0	0	0	0	0	0	0	0	0	0	0	0	0	0	0	0	0	0	0	0	0	0	0	0	0	0	7.20814	0	0	0	0	0	12.33677	0	0	0	0	0	0	0	0	0	0	0	0	0	0	0	0	0	0	0	0	0	0	0	0	0	0	0	0	0	0	0	0	0	0	0	0	0	0	0	0	0	0	0	0	0	0	0	0	0	0	0	0	0	0	0	0	
0	0	0	0	0	0	0	0	0	0	0	0	0	0	0	0	0	0	0	0	0	0	0	0	0	0	0	0	0	0	0	0	0	0	0	0	0	0	0	0	0	0	0	0	0	0	0	0	0	0	0	0	0	0	0	0	0	0	0	0	0	0	0	0	0	0	0	0	0	0	0	0	8.44239	0	0	0	0	0	0	0	0	0	0	0	0	0	0	0	0	0	0	0	0	0	0	0	0	0	0	0	
0	0	0	0	0	0	0	0	0	0	0	0	0	0	0	0	0	0	0	0	0	0	0	0	0	0	0	0	0	0	0	0	0	0	0	0	0	0	0	0	0	0	0	0	0	0	0	0	0	0	0	0	0	0	0	0	0	0	0	0	0	0	0	0	0	0	0	0	0	0	0	0	0	0	10.72938	0	0	0	0	0	0	0	0	0	0	0	0	0	0	0	0	0	0	0	0	0	0	0	0	0	
0	0	0	0	0	0	0	0	0	0	0	0	0	0	0	0	0	0	0	0	0	0	0	0	0	0	0	0	0	0	0	0	0	0	0	0	0	0	0	0	0	0	0	0	0	0	0	0	0	0	0	8.46648	0	0	0	12.77359	0	0	12.64004	0	0	0	0	0	0	0	0	0	0	0	0	0	0	0	0	0	0	0	0	0	0	0	0	0	0	0	0	0	0	0	0	0	0	0	0	0	0	0	0	0	
0	0	0	0	0	0	0	0	0	0	0	0	0	0	0	0	0	0	0	0	0	0	0	0	0	0	0	0	8.47422	0	0	0	0	0	0	0	0	0	0	0	0	0	0	0	0	0	0	0	0	0	0	0	0	0	0	0	0	0	0	0	0	0	0	0	0	0	0	6.8177	0	0	0	0	0	0	0	0	0	0	0	0	0	0	0	0	0	0	0	0	0	0	0	0	0	0	0	0	0	0	0	0	
0	0	0	0	0	0	0	0	0	0	0	0	0	0	0	0	0	0	0	0	0	0	0	0	0	0	0	0	0	0	0	0	0	0	0	0	0	0	0	0	0	0	0	0	0	0	0	0	0	0	0	0	0	0	0	9.54202	0	0	0	0	0	0	0	0	0	0	0	0	0	0	0	0	0	0	0	0	0	0	0	0	0	0	0	0	0	0	0	0	0	0	0	0	0	0	0	0	0	0	0	0	
0	0	0	0	0	0	0	0	0	0	0	0	0	0	0	0	0	0	0	0	0	0	0	0	0	0	0	0	0	0	0	0	0	0	0	0	0	0	0	0	0	0	0	0	0	0	0	0	0	0	0	0	0	0	0	0	0	0	0	0	0	0	0	0	0	0	0	9.71186	0	0	0	0	0	0	0	0	0	0	0	0	0	0	0	0	0	0	0	0	0	0	0	0	0	0	0	0	0	0	0	0	
0	0	0	0	0	0	0	0	0	0	0	0	0	0	0	0	0	0	0	0	0	0	0	0	0	0	0	0	0	0	0	0	0	0	0	0	0	0	0	0	0	0	0	0	0	0	0	0	0	0	0	0	3.82113	0	0	0	3.80763	0	0	0	0	0	0	0	0	0	0	0	0	0	0	6.25217	0	0	0	0	0	0	0	0	0	0	0	0	0	0	0	0	0	0	0	0	0	0	0	0	0	0	0	0	
0	0	0	0	0	0	0	0	0	0	0	0	0	0	0	0	0	0	0	0	0	0	0	0	0	0	0	0	0	0	0	0	0	0	0	0	0	0	0	0	0	0	0	0	0	0	0	0	11.91264	0	0	0	12.8051	0	0	0	0	0	0	0	0	0	0	0	0	0	0	5.51652	0	0	0	0	0	0	0	0	0	0	0	0	0	0	0	0	0	0	0	0	0	0	0	0	0	0	0	0	0	0	0	0	
0	0	0	0	0	0	0	0	0	0	0	0	0	0	0	0	0	0	0	0	0	0	0	0	0	0	0	0	0	0	12.70068	0	0	0	0	0	0	0	0	6.94006	0	0	0	0	0	0	0	8.82318	0	0	0	0	0	0	0	0	0	7.39884	7.21975	0	10.23581	0	0	10.74552	0	0	0	0	0	0	0	0	0	0	0	0	0	0	0	0	0	0	0	0	0	0	0	0	0	0	0	0	0	0	0	0	0	0	0	0	
0	0	0	0	0	0	0	0	0	0	0	0	0	0	0	0	0	0	0	0	0	0	0	0	0	0	0	0	0	0	0	0	0	0	0	0	0	0	0	0	0	0	0	0	0	0	0	0	0	0	0	0	0	0	6.99555	0	0	0	0	0	0	0	0	0	0	0	0	0	0	0	0	0	0	0	1.48078	0	0	0	0	0	0	0	0	0	0	0	0	0	0	0	0	0	0	0	0	0	0	0	0	0	
0	0	0	0	0	0	0	0	0	0	0	0	0	0	0	0	0	0	0	0	0	0	0	0	0	0	0	0	0	0	0	0	0	0	0	0	0	0	0	0	0	0	15.8473	0	0	0	0	0	0	0	0	0	9.01185	0	0	0	0	0	0	11.73781	0	0	0	0	0	0	0	0	0	0	0	7.49269	0	0	0	0	0	0	0	0	0	0	0	0	0	0	0	0	0	0	0	0	0	0	0	0	0	0	0	0	
0	0	0	0	0	0	0	0	0	0	0	0	0	0	0	0	0	0	0	0	0	0	0	0	0	0	0	0	0	0	0	0	0	0	0	0	0	0	0	0	0	0	0	7.90528	0	0	0	11.1475	0	0	0	8.26948	0	0	0	0	0	0	4.82551	0	0	0	0	0	0	0	0	0	0	0	0	0	0	0	0	0	0	0	0	0	0	0	0	0	0	0	0	0	0	0	0	0	0	0	0	0	0	0	0	0	
0	0	0	0	0	0	0	0	0	0	0	0	0	0	0	0	0	0	0	0	0	0	0	0	0	0	0	0	0	0	0	0	0	0	0	0	0	0	0	0	0	0	11.56693	0	0	0	0	0	0	0	0	0	0	0	0	8.36873	0	0	0	0	0	0	0	0	0	0	3.93814	0	12.01191	0	0	0	0	0	0	0	0	0	0	0	0	0	0	0	0	0	0	0	0	0	0	0	0	0	0	0	0	0	0	0	
0	0	0	0	0	0	0	0	0	0	0	0	0	0	0	0	0	0	0	0	0	0	0	0	0	0	0	0	0	0	0	0	0	0	0	0	0	0	0	0	11.88717	0	0	0	0	0	0	0	0	0	0	0	0	0	0	0	0	0	0	0	0	0	0	0	0	0	0	0	0	0	0	0	0	0	0	0	0	0	0	0	0	0	0	0	0	0	0	0	0	0	0	0	0	0	0	0	0	0	0	0	
0	0	0	0	0	0	0	0	0	0	0	0	0	0	0	0	0	0	0	0	0	0	0	0	0	0	0	0	0	0	0	0	0	0	0	0	0	0	0	0	0	0	0	0	0	0	0	9.18757	0	0	10.04012	0	0	0	0	0	0	0	0	0	0	0	0	0	0	0	0	0	0	0	0	0	0	0	0	0	8.74904	0	0	0	0	0	0	0	0	0	0	0	0	0	0	0	0	0	0	0	0	0	0	0	
0	0	0	0	0	0	0	0	0	0	0	0	0	0	0	0	0	0	0	0	0	0	0	0	0	0	0	0	0	0	0	0	0	0	0	0	0	0	0	0	0	0	0	0	0	0	0	8.60827	0	0	10.91658	11.06024	0	0	0	0	7.39086	0	9.74033	0	10.16923	0	0	0	0	9.28881	0	0	0	0	0	0	0	0	0	0	0	0	0	0	0	0	0	0	0	0	0	0	0	0	0	0	0	0	0	0	0	0	0	0	
0	0	0	0	0	0	0	0	0	0	0	0	0	0	0	0	0	0	0	0	0	0	0	0	0	0	0	0	0	0	0	0	0	0	0	0	0	0	0	0	0	10.79096	0	0	0	0	0	0	0	0	0	0	0	0	0	0	0	0	0	0	0	0	0	0	0	0	0	0	0	0	0	0	0	0	0	0	0	0	0	0	0	0	0	0	0	0	0	0	0	0	0	0	0	0	0	0	0	0	0	0	
0	0	0	0	0	0	0	0	0	0	0	0	0	0	0	0	0	0	0	0	0	0	0	0	0	0	0	0	0	0	0	10.58769	0	0	0	0	0	0	0	0	0	0	0	0	0	0	0	8.69603	0	0	0	0	0	0	0	0	0	0	0	0	0	0	0	1.13356	0	0	0	3.6938	0	0	0	0	0	0	0	0	0	0	0	0	0	0	0	0	0	0	0	0	0	0	0	0	0	0	0	0	0	0	0	0	
0	0	0	0	0	0	0	0	0	0	0	0	0	0	0	0	0	0	0	0	0	0	0	0	0	0	0	0	0	0	0	12.06815	0	0	1.13356	0	0	0	0	0	0	0	0	0	0	0	0	0	0	0	0	0	0	0	0	0	0	0	0	0	0	0	0	0	0	0	0	0	0	0	0	0	0	0	0	0	0	0	0	0	0	0	0	0	0	0	0	0	0	0	0	0	0	0	0	0	0	0	0	0	
0	0	0	0	0	0	0	0	0	0	0	0	0	0	0	0	0	0	0	0	0	0	0	0	0	0	0	0	0	0	0	0	0	0	0	0	0	0	0	0	0	0	0	10.00627	0	0	0	0	0	14.53322	0	0	0	0	9.71596	0	0	0	0	0	0	0	0	0	0	0	0	0	0	0	0	0	0	0	0	0	0	0	0	2.93772	0	0	0	0	0	0	0	0	0	0	0	0	0	0	0	0	0	0	0	0	
0	0	0	0	0	0	0	0	0	0	0	0	0	0	0	0	0	0	0	0	0	0	0	0	0	0	0	0	0	0	0	0	9.26241	0	0	0	0	0	0	0	0	0	0	0	0	0	0	4.19483	0	0	10.79457	0	0	0	0	0	0	0	8.10969	0	0	0	0	0	0	0	0	0	0	0	0	0	0	0	0	0	0	0	0	0	0	0	0	0	0	6.739	0	0	0	0	0	0	0	0	0	0	0	0	0	0	
0	0	0	0	0	0	0	0	0	0	0	0	0	0	0	0	0	0	0	0	0	0	0	0	0	0	0	0	0	0	0	0	0	0	0	0	0	0	0	11.97537	0	0	0	0	15.49005	0	6.7126	0	0	0	0	0	0	0	0	0	0	0	0	0	0	0	0	0	0	0	0	0	0	2.91976	0	0	0	0	0	0	0	0	0	0	0	0	0	0	0	0	0	0	0	0	0	0	0	0	0	0	0	0	0	0	
0	0	0	0	0	0	0	0	0	0	0	0	0	0	0	0	0	0	0	0	0	0	0	0	0	0	0	0	0	0	0	0	0	0	0	9.49863	0	0	0	0	0	0	0	0	0	0	0	8.61487	0	0	0	0	0	8.21307	0	0	0	0	0	0	10.48386	0	0	0	0	0	0	0	0	0	0	0	0	0	0	0	0	0	0	0	0	0	0	0	0	0	0	0	0	0	0	0	0	0	5.64256	0	0	0	0	0	
0	0	0	0	0	0	0	0	0	0	0	0	0	0	0	0	0	0	0	0	0	0	0	0	0	0	0	0	0	0	0	0	0	0	0	0	0	0	0	0	0	15.27273	0	0	0	0	0	0	0	0	0	0	0	0	0	0	0	0	0	0	0	0	0	0	0	0	0	5.86576	0	0	0	2.3727	0	0	0	0	0	0	0	0	0	0	0	0	0	0	0	0	0	0	0	0	0	0	0	0	0	0	0	0	
0	0	0	0	0	0	0	0	0	0	0	0	0	0	0	0	0	0	0	0	0	0	0	0	0	0	0	0	0	0	0	0	0	0	0	0	0	0	0	0	8.1252	0	0	0	9.73933	0	0	5.90236	0	0	13.92304	11.8874	0	0	0	10.82933	0	0	7.93418	0	10.45224	0	0	0	0	0	0	0	1.48078	0	0	0	0	0	0	0	0	0	0	0	0	0	0	0	0	0	0	0	0	0	0	0	0	0	0	3.13113	0	0	0	0	
0	0	0	0	0	0	0	0	0	0	0	0	0	0	0	0	0	0	0	0	0	0	0	0	0	0	0	0	0	0	0	0	0	0	0	0	0	0	0	0	0	0	0	0	17.0626	0	0	0	0	2.91976	0	0	8.10344	0	0	0	0	8.27174	0	0	0	11.61303	0	0	0	0	0	0	0	0	0	0	0	0	0	0	0	0	0	0	0	0	0	0	0	0	0	0	0	0	0	0	0	0	0	0	0	0	0	0	
0	0	0	0	0	0	0	0	0	0	0	0	0	0	0	0	0	0	0	0	0	0	0	0	0	0	0	0	0	0	0	0	0	0	0	0	0	0	0	0	0	0	0	11.99766	0	0	13.89171	0	0	0	13.00975	0	0	0	0	0	0	0	0	8.35827	0	0	0	0	8.61047	0	0	8.78463	0	0	0	0	9.61083	0	0	0	2.91976	0	0	0	0	0	0	0	0	0	0	0	0	0	0	0	0	0	0	0	0	0	0	0	
0	0	0	0	0	0	0	0	0	0	0	0	0	0	0	0	0	0	0	0	0	0	0	0	0	0	0	0	0	0	0	0	0	0	0	0	0	0	0	0	0	0	0	0	2.3727	1.48078	0	11.44278	0.67536	0	0	11.50539	6.1345	0	0	5.895	0	0	0	0	0	0	0	0	0	0	0	11.35574	0	0	0	0	0	11.55753	0	0	0	0	0	0	0	0	0	0	0	0	0	0	0	0	0	0	0	0	0	0	0	0	0	0	
0	0	0	0	0	0	0	0	0	0	0	0	0	0	0	0	0	0	0	0	0	0	0	0	0	0	0	0	0	0	0	0	0	0	0	0	0	16.29779	0	0	0	0	0	0	0	0	0	0	10.42619	0	0	6.42255	0	0	9.28191	0	11.40103	0	0	4.32945	0	2.80118	0	0	0	0	0	0	0	0	0	0	0	0	6.67151	1.76048	0	0	0	0	0	0	0	0	0	0	0	0	0	0	0	0	0	0	0	0	0	0	0	0	
0	0	0	0	0	0	0	0	0	0	0	0	0	0	0	0	0	0	0	0	0	0	0	0	0	0	0	0	0	0	0	0	0	0	0	0	0	0	0	0	0	0	15.7079	0	0	10.67194	0	13.47783	0	0	11.23729	0	10.82459	0	9.55582	0	0	0	0	0	0	0	0	9.50575	0	0	0	3.13113	0	0	12.66638	0	0	0	0	0	0	0	2.91976	0	0	0	0	0	0	0	0	0	0	0	0	0	0	0	0	0	0	0	0	0	
0	0	0	0	0	0	0	0	0	0	0	0	0	0	0	0	0	0	0	0	0	0	0	0	0	0	0	0	0	0	0	0	0	0	0	0	0	0	0	0	0	0	0	0	0	0	0	9.0707	10.71408	0	0	13.49467	0	0	0	0	0	0	0	0	0	0	0	0	1.48078	0	0	0	0	0	0	0	0	0	0	0	0	0	0	0	0	0	0	0	0	0	0	0	0	0	7.78204	0	0	0	0	0	0	0	0	0	
0	0	0	0	0	0	0	0	0	0	0	0	0	0	0	0	0	0	0	0	0	0	0	0	0	0	0	0	0	0	0	0	0	0	0	0	0	0	0	0	0	0	0	0	0	0	0	11.99471	0	0	0	0	9.22404	0.67536	0	0	0	0	11.23109	9.95165	0	0	0	0	0	0	0	0	0	0	0	0	0	0	0	0	0	0	0	0	0	0	0	0	0	0	0	0	0	0	0	0	0	0	0	0	0	0	8.81555	0	
0	0	0	0	0	0	0	0	0	0	0	0	0	0	0	0	0	0	0	0	0	0	0	0	0	0	0	0	0	0	0	0	0	0	0	0	0	0	0	0	0	0	9.30797	0	0	0	0	0	0	9.24952	0	10.80016	0	7.40901	0	0	0	0	0	0	0	0	0	0	15.50805	0	0	0	0	0	0	0	0	0	0	0	15.94597	0	0	0	0	0	0	0	0	0	0	0	0	0	0	0	0	0	0	0	0	0	0	0	
0	0	0	0	0	0	0	0	0	0	0	0	12.01128	0	0	0	0	0	0	0	0	0	0	0	0	0	0	0	0	0	10.41487	0	0	0	0	0	0	0	0	0	0	0	10.77193	0	0	0	0	8.25492	0	0	13.13108	0	0	7.00855	2.672	0	9.67872	0	0	0	0	0	0	9.74033	12.03631	9.81395	0	0	0	0	0	0	0	0	0	0	0	0	0	0	0	0	0	0	0	0	0	0	0	0	0	0	0	0	0	0	0	0	0	0	
0	0	0	0	0	0	0	0	0	0	0	0	0	0	0	0	0	0	0	0	0	0	0	0	0	0	0	0	0	0	0	0	0	0	0	0	0	0	0	0	0	0	0	0	0	10.86781	5.72629	0	4.70457	11.41087	0	8.06729	9.10263	0	10.72226	7.76749	0	0	0	0	11.31304	0	0	0	0	0	0	0	0	6.50489	0	0	0	0	0	0	5.45535	0	0	0	0	0	0	0	0	0	0	0	0	0	0	0	0	0	0	0	0	0	0	0	
0	0	0	0	0	0	0	0	0	0	0	0	0	0	0	9.83956	0	0	0	0	0	0	0	0	0	0	0	0	0	0	0	0	0	0	0	9.91108	12.12633	0	0	0	0	0	0	4.28596	0	10.21922	7.81558	8.48388	8.14359	8.08135	0	0	3.88081	0	11.10551	0	0	0	0	9.33756	0	10.51892	0	7.1426	0	10.30615	0	0	11.54259	0	9.20665	0	0	0	0	10.60791	0	7.68074	0	3.79406	0	0	0	0	0	0	0	0	0	0	8.93299	0	0	0	0	0	0	0	0	0	
0	0	0	0	0	0	0	0	0	0	0	0	0	0	0	0	0	0	0	0	0	0	0	0	0	0	11.63079	0	0	0	0	4.76917	0	0	7.65533	0	0	0	0	0	11.3094	0	0	0	0	0	0	0	11.90455	5.28695	7.21396	9.66806	9.07869	0	10.03283	0	7.78985	0	4.11258	0	11.67413	10.23074	0	0	0	10.72633	0	0	0	0	0	0	0	8.73698	0	0	0	0	0	0	0	0	0	0	0	0	0	0	0	0	0	0	0	0	0	0	2.3727	0	0	0	
0	0	0	0	0	0	0	0	0	0	0	0	0	0	0	0	0	0	0	10.10107	0	0	0	0	0	0	0	0	0	0	0	0	0	0	0	0	0	0	0	0	0	0	0	13.64608	0	0	13.74284	13.24618	11.39688	0	8.16476	8.83637	12.12132	0	0	0	14.13248	0	0	8.16327	5.98673	0	0	12.26841	0	6.67095	0	7.63381	0	0	0	0	0	0	0	0	0	0	0	0	0	0	0	0	0	0	0	0	0	0	9.71891	0	0	0	0	0	0	0	0	0	
0	0	0	0	0	0	0	0	0	0	0	0	8.23791	0	0	0	0	0	0	9.01018	0	0	0	0	0	0	0	0	0	0	0	0	0	7.33548	0	0	0	0	0	0	0	9.85545	13.15686	0	9.40732	0	0	4.87636	10.40538	0	2.672	9.2519	7.23503	5.25234	9.7669	9.49386	6.18978	5.35574	9.35815	0	0	0	0	0	4.60191	0	0	0	0	0	0	0	0	0	0	0	0	0	9.39241	3.6938	0	0	0	0	0	0	0	0	0	0	0	0	0	0	0	0	0	0	0	0	
0	0	0	0	0	0	0	0	0	0	0	0	0	0	0	0	0	0	0	0	0	0	0	14.64149	0	0	0	0	0	0	0	0	0	0	0	0	0	0	12.28835	0	0	0	7.92922	9.20519	8.07178	0	9.85046	5.4324	0	7.71716	8.79631	7.46258	0	0	0	0	0	4.90749	15.13792	10.01046	11.15091	0	0	0	8.00964	0	0.67536	0	0	0	0	0	0	0	0	0	0	0	0	0	0	0	0	0	0	0	0	0	0	0	0	0	0	0	0	0	0	0	0	0	
0	0	9.21971	0	0	0	0	0	0	0	0	0	0	0	0	0	0	0	0	0	0	0	0	0	0	0	0	0	0	0	0	0	0	0	0	0	0	0	0	0	10.06255	0	0	0	0	9.36263	0	6.2057	8.24644	11.72592	0	7.63381	9.16674	10.39588	4.67116	11.15696	0	0	4.60191	6.30759	9.26001	0	8.94002	10.5148	0	0	0	0	0	0	0	7.55256	0	0	0	0	3.93814	0	0	0	0	0	0	0	0	0	0	0	0	0	0	0	0	0	0	0	0	0	0	0	
0	0	0	0	0	0	0	0	0	0	0	10.21198	0	0	0	0	0	0	0	0	0	0	0	0	0	0	0	0	0	0	0	0	7.67654	0	0	0	0	9.5868	14.00212	5.75847	7.80148	6.33985	0	0	11.94167	7.90574	11.06744	8.67865	11.41305	0	10.80835	0	6.56365	6.57655	0	11.235	6.61507	11.71085	0	0	0	0	0	0	0	0	0	10.00878	0	0	0	0	8.8846	0	0	10.67615	0	0	9.95946	0	0	0	0	0	0	0	0	0	0	0	0	0	0	0	0	8.23158	0	0	0	0	
0	0	0	0	0	0	0	0	0	0	0	0	0	0	0	0	0	0	0	0	0	0	0	0	0	0	0	0	0	0	0	0	0	0	4.32945	9.43168	0	0	0	7.50697	0	13.09343	0	10.65583	14.99164	9.80487	7.21525	9.49846	5.10047	10.18582	11.14995	10.10499	2.19601	9.56477	0	0	11.09775	0	0	8.78902	9.06267	0	0	0	0	0	0	0	0	0	0	0	0	0	0	0	0	0	5.72629	0	0	0	0	0	0	0	0	9.21827	0	0	0	0	0	0	0	0	0	0	0	0	
0	0	0	0	0	0	0	0	11.30626	0	10.87086	0	0	0	0	0	0	0	0	0	0	0	0	0	0	0	11.25537	0	0	0	0	0	0	0	1.99462	1.13356	0	11.92509	12.02809	0	9.15014	6.38177	0	7.97924	1.13356	12.10398	7.92913	7.45056	9.75381	9.74004	0	8.62482	0	0	0	0	8.60343	5.95176	0	0	0	0	1.48078	0	0	0	12.98305	0	0	0	0	0	0	0	0	0	0	0	0	0	0	0	0	0	0	0	0	0	0	0	0	0	0	6.61932	0	0	0	0	0	0	
0	0	0	0	0	0	0	0	0	0	0	12.42195	0	0	14.40303	0	0	0	0	0	0	0	0	0	0	0	0	0	0	0	0	10.59884	0	0	8.94876	0	12.76965	0	0	9.80419	3.47888	0	9.92176	10.33239	10.3398	7.85262	10.93284	9.154	3.99642	10.43853	6.95116	10.0733	11.53956	8.86334	0	2.19601	9.80818	0	0	12.53075	12.21596	5.92643	0	9.36916	0	0	0	0	0	0	0	0	0	0	0	6.2468	0	0	0	0	0	0	0	6.26343	0	0	0	0	0	0	0	0	0	0	0	0	0	0	0	0	
0	0	0	0	0	0	0	0	0	0	0	0	14.03344	0	0	0	0	0	0	0	0	0	0	0	0	0	0	0	0	9.42159	0	0	7.6596	0	5.1549	0	13.46283	0	12.22912	10.25208	10.39085	11.15545	7.99361	9.66908	8.69712	3.92506	9.62183	10.41477	5.1549	9.59218	8.99531	12.20287	10.36022	7.26272	7.81267	10.32301	11.97181	0	0	11.71467	5.22566	0	0	0	0	0	0	0	0	0	0	0	0	9.16059	0	0	0	0	0	0	9.23122	0	0	0	0	0	0	0	0	0	0	0	0	0	0	0	0	0	0	0	
0	0	0	0	0	0	0	13.90738	0	0	0	9.24264	0	0	0	0	0	0	0	0	0	0	0	0	0	0	0	8.80211	0	0	6.33985	0	12.11181	0	0	0	5.82075	12.70353	9.21408	11.13576	10.26465	6.92305	0	10.66037	10.79241	9.2125	9.35755	9.49813	10.64742	9.75567	5.91764	9.24482	11.38402	9.1102	10.17189	9.47121	12.22066	6.84376	7.40595	8.9798	7.12091	12.92613	10.13594	0	10.86163	0	0	0	0	0	0	0	0	9.43783	0	0	0	0	0	0	0	0	0	0	0	0	0	0	0	0	0	0	0	0	0	0	0	0	0	0	
12.60134	0	0	0	0	0	0	0	7.2161	0	0	0	8.38686	0	0	0	0	0	0	0	0	0	0	0	13.23184	0	0	7.54897	0	0	0	0	12.33143	0	11.39144	8.39456	0	6.41243	10.63793	8.33429	9.15622	9.8211	5.97808	9.9433	11.34531	10.31475	9.16968	10.23604	6.78579	5.45461	10.70166	7.68948	8.92141	6.456	10.47432	9.86752	10.25561	7.64787	0	10.57973	1.13356	1.13356	0	7.64886	0	8.51952	0	0	0	0	3.55413	0	0	0	0	0	0	0	0	0	0	0	4.57938	0	0	12.22769	0	0	0	0	0	0	0	0	0	0	0	0	0	0	
0	0	0	10.98277	0	0	0	0	0	0	0	0	0	0	0	0	0	0	8.21779	0	0	10.9518	0	6.52894	11.52234	8.71255	0	0	11.20846	7.95862	12.03497	0	14.17473	0	0	2.19601	0	10.8541	10.78793	9.54705	9.05795	7.42891	9.56849	9.05521	9.06534	9.5798	9.07831	9.24511	10.48735	5.85997	10.37928	9.92686	10.18725	7.05121	6.33059	8.84725	0	4.14419	5.66114	8.95008	0	3.88081	9.42159	0	0	0	0	0	0	8.58827	0	0	4.91904	0	2.91976	11.60199	11.80723	5.6847	0	5.75847	0	0	0	0	0	0	0	0	0	0	0	0	0	0	0	0	0	0	0	0	
8.70844	0	0	0	12.43367	7.9566	0	0	0	0	0	0	0	0	0	0	0	11.71005	0	0	0	0	0	0	10.65387	0	9.77919	8.92564	0	14.71077	10.45811	0	0	0	11.10668	9.98178	6.45777	10.99564	10.97851	9.51945	8.24238	9.57913	9.19844	9.66814	8.83151	8.94142	9.4688	9.33191	9.19512	11.05848	6.65859	10.26727	11.84775	8.25533	10.98862	9.76884	9.29948	3.87879	7.42155	8.83667	9.39113	0	6.69045	10.73697	10.9596	10.03939	9.3163	0	0	0	0	0	0	0	7.53045	0	0	0	0	0	0	0	0	0	0	0	0	0	0	0	0	0	0	0	0	2.91976	0	0	0	0	
0	0	0	0	0	0	0	0	6.72079	0	10.91569	0	0	0	0	0	9.49743	13.51578	9.87668	6.67937	12.59467	7.25476	0	0	0	12.7381	0	12.27884	6.752	10.6856	0	10.19297	12.24872	8.92539	9.67884	10.35552	8.22296	7.02007	10.20367	9.22855	9.81059	8.30126	6.07945	8.71389	9.96833	8.64743	8.82189	9.21401	8.88562	7.71754	7.88467	10.91035	8.04114	8.62874	6.35082	6.34121	5.37357	8.78268	0	9.6229	5.10989	7.5763	8.84554	0	10.07938	11.39656	2.3727	0	0	0	0	7.01523	0	0	9.80338	0	0	0	9.44031	0	0	0	0	0	0	7.80534	0	0	0	0	0	0	0	0	0	7.00855	0	0	0	0	
0	11.00054	0	0	5.95176	9.65744	0	0	0	0	0	0	0	0	5.69338	9.99872	0	10.83783	10.88317	0	6.54747	0	5.43923	0	0	0	0	0	10.88611	8.83265	8.59125	0	11.52077	5.66386	11.66859	7.99352	10.61697	10.49238	8.7703	9.22882	8.90418	8.23895	8.83009	8.34293	8.90963	8.14645	8.90586	9.60294	8.79765	8.24125	7.44538	8.76984	8.3931	7.2625	8.90322	9.30457	7.72619	8.1408	9.23405	7.72135	0	8.24076	0	12.6899	10.22727	1.13356	6.44229	8.29387	0	0	0	0	0	0	0	7.49269	0	0	0	0	8.60562	0	0	0	0	0	0	0	0	0	0	0	0	0	0	0	0	0	0	0	
0	11.59588	9.62181	0	10.3204	0	0	0	0	0	8.59274	0	0	0	9.79565	9.45388	0	8.32643	0	0	8.20326	7.36266	9.53742	12.42647	10.72684	9.32955	0	5.90092	8.68142	7.56632	12.2473	10.39518	10.82672	10.57362	10.09873	5.54153	7.99084	9.43479	8.30769	8.10184	7.80937	8.62962	7.63247	7.79711	6.93281	8.07491	9.18188	7.68622	9.86809	8.50689	7.53191	9.50723	8.39955	8.43792	7.36479	6.98567	8.36638	6.25786	8.08183	9.46368	0	8.31187	9.90241	10.78411	2.47362	5.29311	0	0	0	0	0	5.45207	0	3.13113	9.51755	0	7.85454	0	0	0	0	0	0	4.98362	0	2.18583	0	0	0	0	0	0	0	0	0	0	0	0	0	0	
0	0	0	0	0	0	0	0	10.75751	0	9.3847	11.92863	0	0	0	0	0	0	9.37954	0	7.23698	0	0	0	0	10.26334	11.04592	0	9.89579	8.74904	7.49015	8.81364	9.52224	10.77791	9.5289	9.42658	8.43519	9.25364	8.86624	9.75665	7.08126	8.36712	9.04398	8.23059	7.48965	8.35448	7.25632	8.25696	8.8029	8.71495	8.9577	8.2923	7.75696	7.16998	7.32315	9.37796	8.06452	9.38149	12.27398	9.54239	10.14286	6.22996	6.91886	6.46804	0	9.46518	0	9.74968	0	0	0	0	0	0	0	0	0	0	0	0	0	7.59869	0	0	0	0	0	8.57997	8.62145	5.97933	0	0	0	0	0	0	0	0	0	0	
0	0	0	0	0	0	0	0	10.82791	8.02956	7.17563	6.40228	0	12.88459	0	0	0	2.80118	10.39262	5.99933	0	0	3.62566	9.87502	11.15394	8.86995	7.29297	9.68943	6.49021	10.14395	0	8.89136	5.26239	5.80856	7.30341	9.47715	9.47504	6.33949	8.23312	6.20282	8.14921	9.23412	8.04786	9.46723	7.60449	8.86771	8.1766	7.97351	7.24395	9.4959	9.05898	8.10294	7.36728	5.95613	8.16214	8.48734	6.99212	10.41681	10.1367	8.07705	6.46732	9.10172	10.35475	8.29387	1.43569	10.82501	10.91925	0	0	0	0	0	0	8.74904	9.73832	0	0	0	13.52443	0	0	0	0	0	0	0	0	0	8.84956	0	2.80118	0	0	0	0	0	0	0	0	0	
0	0	11.2008	7.06503	0	5.24849	0	3.22623	7.77813	0	0	0	0	0	0	0	0	7.70339	0	0	0	0	0	11.68307	0	9.28053	0	9.908	9.98518	8.46274	0	9.47302	0	9.69221	5.8078	8.833	8.89185	7.14157	2.66329	10.42591	7.40973	10.15484	5.7307	8.62921	7.85984	7.42224	6.39801	9.32862	8.05096	7.9605	8.43869	7.93625	8.67444	8.91696	9.17307	7.16698	8.42829	9.45379	9.40902	7.73091	10.51292	8.23846	5.41365	12.26718	6.44154	0	0	7.00145	4.67116	3.85783	3.70451	0	8.78463	0	1.336	0	6.75276	0	0	0	0	0	5.55421	0	0	0	0	0	0	0	0	0	0	0	0	0	0	0	0	0	
0	0	0	0	0	0	0	0	0.67536	0	9.12724	8.78072	10.06065	0	12.22283	0	0	8.45717	0	6.20625	0	0	0	0	0	0	8.94527	7.27084	4.94682	0	8.07191	8.30001	7.14748	8.54809	5.15917	7.88913	8.82102	8.55446	7.32667	7.74641	9.1523	8.06322	6.85341	7.14722	8.31019	7.79352	6.74452	7.69029	7.80284	6.35822	7.56317	9.81481	9.02071	7.05367	7.22538	6.93431	7.30524	8.02629	9.03334	7.96825	8.51266	6.75516	9.76514	6.12414	0	6.94823	10.11201	4.39026	0	0	8.52186	0	6.59219	2.36862	0	13.58918	0	0	0	0	0	0	0	0	0	0	0	0	6.46785	0	0	0	0	0	0	0	0	0	0	0	
0	0	0	0	0	0	0	0	0	9.85824	0	0	5.10571	0	0	0	0	0	0	0	0	0	0	10.83885	0	0	7.47678	0	0	4.6488	7.70296	0	0	6.41032	8.33446	7.10556	6.68775	0	0.67536	7.97924	5.38825	10.17446	4.99532	7.12664	9.55299	11.34798	7.68316	7.67784	9.39368	7.03927	7.41912	9.55086	7.22433	6.39703	9.28397	8.4191	7.77975	6.96373	4.76048	7.39993	7.18272	8.52717	4.03063	11.05785	8.0347	5.44091	8.23505	11.41308	8.41294	0	0	17.23955	0	6.61053	0	2.672	10.98914	0	0	0	0	0	0	0	10.0508	0	0	4.63695	0	0	0	11.20445	0	0	0	0	11.12029	0	0	0	
0	0	0	0	0	0	0	0	0	0	0	9.66701	0	0	0	0	0	6.42699	11.21246	0	0	0	0	1.13356	0	0	0	6.8901	0	0	0	0	6.71356	6.22749	6.76186	0	5.19165	9.14671	1.13356	5.2011	6.81346	8.95701	7.89217	3.66892	0	8.36566	6.75108	5.45908	7.80136	6.43845	8.33756	10.58212	8.18939	5.03436	7.03339	6.45238	7.44833	7.11466	6.87232	9.28647	7.36818	5.62412	0	6.41666	9.44448	0	6.95117	9.24548	11.12646	8.75473	0	0	3.88081	6.63673	0	10.36546	0	9.93151	0	0	0	7.74049	0	0	0	0	0	0	0	0	0	0	0	0	0	0	0	0	0	0	
0	0	0	0	5.56287	0	0	0	0	0	9.93151	0	1.13356	0	0	10.24145	0	0	7.64676	0	5.96923	8.38428	0	0	0	7.74237	7.50222	0	0	7.6105	0	9.70259	11.55409	0	0	7.50697	10.11279	7.24268	10.43243	9.58889	4.34446	8.73496	7.35072	8.90451	5.41842	6.43068	12.27468	4.34385	7.72992	8.96474	9.41792	6.6709	8.70855	8.31201	6.08563	8.05008	6.75097	8.18053	4.2181	8.27178	5.51585	7.90625	5.56049	4.76048	8.47438	0	8.32225	12.63791	0	0	8.49622	8.54049	7.97953	10.88475	9.7661	0	7.13477	0	0	0	7.4391	0	0	0.67536	0	2.5301	0	0	0	1.13356	0	0	0	0	0	0	0	0	0	0	
0	0	0	0	0	0	0	0	0	0	0	6.17082	2.71962	0	0	8.82698	0	0	0	7.52578	3.99326	0	0	0	0	0	0	0	0	5.97867	3.39947	5.58293	0	0	0	9.56267	0	0	0	5.9094	3.89854	6.2948	5.40671	5.21696	9.0279	3.37352	5.97528	7.46069	7.04431	7.03236	0	0	8.26683	9.66646	2.672	7.22398	7.69807	7.4294	7.41398	7.25572	9.38874	8.10311	9.1485	9.13304	5.51089	5.95108	5.51652	9.97308	1.13356	9.2952	0	7.01186	6.90897	10.15571	12.7747	0	4.86095	0	8.72482	0	0	0	0	0	0	0	0	0	0	0	0	0	0	0	0	0	0	0	0	0	
0	0	0	9.57062	0	0	0	0	0	0	0	0	0	0	0	0	3.39947	0	0	0	0	0	8.43494	0	0	0	7.34117	8.99443	11.55065	10.53236	0	0	2.19601	0	0	12.20134	0	0	8.26616	0.33768	6.98749	0	0	0	4.1338	11.88307	8.20981	6.96785	7.51488	8.02265	6.90769	6.84188	7.55224	9.48702	8.42562	8.48295	8.46785	6.97826	8.56941	7.12139	8.2383	10.02101	8.31759	9.12061	8.9082	7.96513	6.3695	8.10344	11.43767	8.01851	3.44655	10.06059	7.59599	3.00456	6.58481	0	11.91866	0	7.63577	9.80146	1.48078	8.19152	13.14807	0	0	0	0	0	0	0	0	0	0	0	0	0	0	4.49137	0	11.51048	
0	0	5.51716	0	0	0	0	0	0	0	0	0	0	0	0	0	0	0	0	0	7.68074	0	0	0	0	10.37067	0	10.33065	0	11.51313	0	10.78462	10.09321	0	8.23505	0	0	8.03403	6.47143	0	9.05621	0	0	7.70805	12.49449	9.00181	1.56409	7.09445	4.52917	8.84114	8.36988	9.27219	7.77285	6.32438	5.58427	8.49931	0	6.03713	7.43487	9.26844	4.50289	6.75466	7.43734	4.28804	5.5746	9.66533	6.21213	0	9.08474	4.62353	6.95201	7.91671	7.12821	8.65739	0	0	6.42756	0	2.00285	4.37166	0	6.52826	0	0	0	0	0	0	9.68042	0	0	0	0	0	0	0	5.72629	0	0	0	
0	0	0	0	1.13356	0	0	0	0	0	0	0	8.72074	0	0	0	0	0	0	0	6.98155	3.82113	0	0	0	0	0	9.09656	0	0	0	0.67536	9.10552	0	0	0	7.28747	0	1.99462	8.33179	0	0	3.75309	0	9.2596	0	7.05032	7.72212	3.82113	5.55685	9.95339	5.90648	10.45715	5.84465	9.4399	3.21125	0	6.52688	4.85569	2.37961	7.49564	6.49942	8.82267	7.84673	6.32383	9.42672	7.42072	3.97316	7.03443	6.7799	7.58725	0	0	8.84278	0	8.31193	7.05678	7.18084	0	0	0	0	0	0	8.3817	1.76048	0	0	0	0	0	0	0	0	0	0	9.22692	0	0	0	
0	0	0	0	0	0	0	0	7.85454	0	0	0	10.30819	0	0	0	8.44486	3.6938	0.67536	0	0	0	0	0	6.57259	0	0	0	0	0	0	0	0	0	7.50697	8.20618	0	7.59869	0	0	0	0	7.61196	10.23289	0	9.6002	11.06145	8.79048	0	4.90841	0	9.86102	9.99366	7.78288	0	5.72629	0	7.10057	0	5.4843	8.45657	3.55413	6.32277	7.88036	5.9164	6.43819	7.22469	7.12554	8.22645	6.95521	7.93035	5.27188	7.38853	6.35044	8.12377	6.30193	9.86599	9.41656	0	0	11.31744	10.86163	10.4978	0	4.91791	0.67536	9.81108	5.17887	8.57929	0	1.21748	0	0	9.24298	0	0	0	0	0	0	
0	0	0	0	0	0	0	0	0	0	0	0	0	0	0	0	0	0	0	0	5.72853	0	0	0	0	0	0	0	0	8.10344	0	0	0	0	4.89029	0	0	0	0	0	9.44279	0	8.69811	10.10342	4.08012	0	0	0.67536	6.14671	5.79117	8.07817	0	0	7.32879	3.96649	6.90016	0	0	6.46958	8.24855	11.30456	5.8387	4.59835	5.92011	6.86894	8.78587	5.29911	4.79568	6.42247	5.71066	9.18352	7.61082	4.34937	7.15746	9.06489	0	4.07766	0	6.11858	0	0	0	4.28596	0	0	0	7.95742	0	0	0	0	0	0	0	0	0	0	0	0	0	
0	0	0	0	8.38686	0	0	0	0	0	0	6.83081	0	6.30759	0	0	0	0	0	0	0	0	0	0	0	0	0	0	0	0	0	0	0	0	0	0	0	0	0	8.44482	0	0	7.40901	0	4.66811	0	2.8232	0	0	0	5.72629	0	0	0	9.40263	0	0	1.48078	0	9.61852	6.96252	2.29936	6.85867	7.72914	7.52827	0	1.07807	5.07246	8.79021	8.9227	8.37035	9.46777	8.74711	6.16112	0	0	7.85539	5.86576	8.30127	5.60766	8.44733	9.38856	4.32945	0	1.99462	0	5.00202	12.00023	0	6.15468	0	0	0	0	6.12219	0	0	0	0	0	
0	0	0	0	0	0	0	0	0	0	0	0	0	0	0	0	0	7.37743	0	0	0	7.66385	9.64135	0	0	0	9.02017	0	0	0	0	0	0	7.37663	7.417	0	0	0	0	0	0	0	0	0	0	0	0	0	1.13356	0	0	0	0	0	0	9.24488	10.57123	11.01961	6.64536	4.76917	0	6.79773	6.30947	0	7.79844	8.60703	5.98993	7.42897	4.90567	4.78586	9.60751	6.28621	7.29629	5.92969	8.10674	6.64878	5.4881	0	11.53652	7.85247	0	0	7.36687	0	8.92592	9.27477	2.19601	3.47888	0	10.53823	0	0	0	0	0	0	8.10416	0	0	0	
0	0	0	0	0	0	0	0	7.17114	0	0	0	0	0	0	0	0	0	0	0	0	0	0	0	0	0	0	5.37841	0	10.28214	0	0	0	0	0	0	0	0	0	9.35111	0	0	0	0	0	5.45894	0	7.26525	9.44031	0	0	9.38212	0	0	0	0	0	0	8.29647	0	7.93044	0	8.8288	8.98495	11.72486	6.42038	6.66212	0	0	6.59731	8.22867	3.31545	9.31132	6.3929	9.07418	9.18837	1.26505	0	0	6.81146	7.44277	8.34407	10.18264	10.16055	8.05997	0	1.48078	0	0	0	7.00185	0	9.87569	0	0	0	0	0	0	0	
0	0	0	0	0	0	0	0	0	0	0	0	0	10.48266	0	0	0	0	0	5.13051	0	0	0	0	0	4.16991	0	0	0	0	0	0	0	0	7.01523	0	0	6.61482	0	0	9.91911	0	2.19601	11.32216	0.67536	0	0	0	0	0	7.71599	7.02848	0	0	5.45894	0	0	0	0	6.52136	5.4284	0	6.17613	9.77614	6.1345	4.7475	9.88161	6.21787	0	5.32224	6.81671	0	8.00118	6.83994	10.17892	7.76823	3.99547	5.36202	8.24299	4.40116	0	7.55997	10.72124	5.07082	5.17888	0	0	7.34688	7.44156	0	11.75958	0	0	6.2746	0	0	0	0	6.36911	0	
0	0	0	0	0	0	0	3.55413	0	0	0	0	0	0	0	0	0	0	0	0	0	0	5.64256	0	0	0	0	0	9.89217	0	0	0	0	0	10.27764	0	0	0	0	0	0	1.21792	0	0	0	0	6.22711	0	0	0	0	0	11.16861	0	0	0	4.12581	6.47186	0	4.98733	9.01432	0	0	7.23925	0	2.80118	0	8.97877	7.16921	9.74436	8.2044	6.25698	8.95224	4.63391	6.91173	6.90005	7.34736	0	6.73689	5.6601	7.79452	8.69776	8.02413	0	6.83211	0	2.3727	6.46729	0	0	12.5173	7.66396	0	0	0	0	9.36001	0	0	0	
0	0	0	0	0	0	0	0	0	0	0	0	0	0	0	0	0	0	0	0	0	0	0	0	0	0	0	0	0	0	0	0	0	0	0	0	0	5.32431	0	0	0	0	0	0	0	0	0	0	0	6.44245	0	4.82348	0	3.6952	0	0	6.94706	7.95399	0	0	5.1549	0	9.23551	10.70379	6.77685	5.284	0	0	8.21171	7.38973	0	5.08048	6.43579	9.32693	7.11328	6.49966	0	4.40899	4.97355	8.05631	3.63232	10.39965	7.15474	0	0	0	5.81849	0	0	0	0	0	6.01695	8.74583	8.39456	0	0	0	0	0	
0	0	0	0	0	0	0	8.84019	0	0	0	0	0	0	0	0	0	0	0	0	0	0	0	0	0	0	0	0	0	0	0	0	0	0	0	0	0	6.07753	0	6.68775	0	0	0	0	0	0	0	0	0	0	5.02524	0	0	10.87453	7.96794	0	0	8.70107	9.0481	12.40807	0	4.09756	0	7.29681	9.4442	8.07817	0	0	8.8006	5.00922	9.11157	5.20787	5.17297	7.66002	6.19454	8.37639	6.23986	0	8.99639	6.56318	8.11951	8.10031	4.35027	6.0927	5.44141	0	0	1.69601	0	0	5.67664	0	0	0	0	2.29428	0	0	0	0	
0	0	0	0	0	0	0	0	0	0	0	0	0	0	0	0	0	0	0	0	0	0	0	0	0	10.18041	0	0	0	0	0	0	0	0	0	0	0	7.83581	0	0	0	0	0	0	10.17222	0	0	0	7.8767	0	0	0	0	0	0	3.99326	0	0	0	0	0	0	8.55882	0	0	8.18781	5.42706	7.87803	1.76048	6.4257	2.62425	0	6.58416	0	9.44896	6.61435	8.3048	7.6564	6.89205	7.64412	5.78919	0	7.01523	0	9.50812	6.65736	0	0	0	0	9.74033	0	0	0	0	0	0	3.47888	0	0	
0	0	0	0	0	0	0	0	0	0	0	0	4.45256	0	0	0	0	0	0.67536	0	0	0	0	0	0	0	0	0	0	0	0	0	0	0	0	0	0	0	0	0	0	0	0	0	0	0	0	10.24216	0	0	2.91976	0	9.21537	0	0	0	0	0	0	4.54347	0	0	0	5.75389	5.51652	7.85826	9.0149	0	8.52186	0	0	8.2436	0	0	0	7.20927	6.88308	8.81708	7.70617	5.32492	0	8.72456	6.32839	5.96307	6.6554	5.37914	6.90082	0	10.97295	0	0	0	0	9.17571	0	0	0	0	0	0	
0	0	0	0	0	0	0	0	0	0	0	0	0	0	0	0	0	0	0	0	0	0	0	0	0	0	0	0	0	0	0	0	9.73933	0	0	0	0	0	0	0	3.88081	0	0	0	0	0	0	0	0	0	0	0	0	0	0	0	6.33172	0	0	0	7.7356	0	0	3.42892	0	7.83581	0	0	6.95471	0	0	0	11.12415	0	0	3.88081	0	0	5.46473	8.68436	7.2545	6.29668	9.4039	0	3.88081	0	2.5301	0	0	0.67536	6.79236	5.57565	5.55655	0	0	0	0	0	0	0	
0	0	0	0	0	0	0	2.87124	0	0	0	0	0	0	0	0	0	0	0	0	0	0	0	0	0	0	0	7.02848	0	0	0	0	0	0	0	0	0	0	0	0	0	0	0	0	0	0	0	0	0	0	0	0	0	0	0	0	0	0.67536	0	0	0	0	0	0	0	0	0	0	0	0	4.02785	5.69864	5.72056	0.67536	0	9.01352	9.6553	0	11.0436	4.91904	0	6.51398	0	7.34158	3.75887	8.96347	0	9.68491	0	0	0	1.76048	0	0	0	9.29842	0	0	0	0	
0	0	0	0	0	0	0	0	0	0	0	0	0	0	0	0	0	0	0	0	9.45388	0	0	0	0	0	0	0	0	0	0.67536	0	0	0	0	0	0	0	0	0	0	0	0	0	0	0	0	0	0	0	0	0	0	0	0	0	0	0	0	12.75851	0	0	0	0	5.6597	8.32911	7.83204	9.50087	0	0	0	0	0	0	0	3.62566	4.89402	0	0	0	3.09137	0	0	0	6.80322	6.63673	7.19875	5.88219	8.8973	0	8.76497	8.11281	10.12287	3.6938	0	9.54202	0	0	0	0	
0	0	0	0	0	0	0	0	0	0	0	0	0	0	0	0	0	0	0	0	0	0	0	0	0	0	0	0	0	0	0	0	0	0	0	0	0	0	0	0	0	0	0	0	0	0	0	0	5.0548	0	0	0	0	0	0	0	0	0	0	0	0	0	0	0	0	0	0	0	0	7.47827	10.00124	8.34774	6.97544	0	9.74436	6.80022	0	9.34022	0.67536	0	0	8.24076	8.09717	0	6.21422	0	7.03507	0	0	5.36782	0	3.7625	3.62418	0	6.059	0	0	0	0	0	
0	0	0	0	0	0	0	0	0	0	0	0	0	0	0	7.95404	0	0	0	0	0	0	0	0	0	0	0	0	0	0	0	0	0	0	10.48085	0	0	0	0	0	0	0	0	0	0	0	0	0	0	0	0	0	0	0	0	0	0	0	0	0	0	0	0	0	0	0	0	8.29112	0	0	0	0	0	6.83081	0	0	0	2.16473	0	0	0	2.3727	0	0	1.48078	0	8.13922	3.62418	10.77679	9.43412	10.31632	0	9.06106	0	0	0	0	0	0	0	
0	0	0	0	0	0	0	0	0	0	0	0	0	0	0	0	0	0	0	0	0	0	0	0	0	0	0	0	0	0	0	0	0	0	0	0	0	0	0	0	0	0	0	0	0	0	0	0	7.96208	0.67536	0	0	0	0	0	0	0	0	0	5.02865	0	0	0	0	0	5.81006	0	0	0	0	0	5.9094	0	0	0	0	0	11.69064	0	6.38397	10.17967	0	0	7.35742	0	0	0	0	0	0	0	0	0	0	0	0	0	0	0	0	
0	0	0	0	0	0	0	0	0	0	0	0	0	0	0	0	0	0	0	4.45256	0	0	0	0	0	0	0	0	0	0	0	0	0	0	0	0	0	0	0	0	0	0	0	0	0	0	0	0	0	0	0	0	0	0	0	3.07325	0	0	13.11631	0	0	0	0	0	6.04602	0	0	0	0	0	0	0	0	2.672	0	0	9.67124	0	0	0	5.87582	4.28807	5.95027	8.40037	0	0	0	8.06215	8.29888	0	7.78595	12.85316	10.80739	0	0	0	0	0	0	0	
0	0	0	0	0	0	0	0	0	0	0	0	0	0	0	0	0	0	0	0	0	0	0	0	0	0	0	0	0	0	0	0	0	0	0	0	0	0	0	0	0	0	0	0	0	0	0	0	0	0	0	0	0	0	0	0	0	0	0	0	0	0	0	0	0	0	0	0	0	0	0	0	0	0	0	0	0	0	0	0	0	0	0	0	0	0	1.13356	0	0	0	0	9.18017	0	0	0	0	0	0	0	0	
0	0	0	0	0	0	0	0	0	0	0	0	0	0	0	0	0	0	0	0	0	0	0	0	0	0	0	0	0	0	0	0	0	0	0	0	0	0	0	0	0	0	0	0	0	0	0	0	0	0	0	0	0	0	0	0	0	0	0	0	0	0	0	0	0	0	0	0	0	0	8.60267	0	0	0	0	0	0	0	0	10.0612	0	0	0	9.76529	0	0	0	0	0	0	5.07103	8.44733	0	0	0	0	0	0	0	0	
0	0	0	0	0	0	0	0	0	0	0	0	0	0	0	0	0	0	0	0	0	0	0	0	0	0	0	0	0	0	0	0	0	0	0	0	0	0	0	0	0	0	0	0	0	0	0	0	0	0	0	0	0	0	0	0	0	0	0	2.91976	0	0	0	0	0	0	0	0	0	0	6.67095	0	0	0	0	0	0	0	0	0	0	0	0	0	0	0	4.89029	0	0	0	0	0	0	0	0	0	0	0	0	0	
0	0	0	0	0	0	0	0	0	0	0	0	0	0	0	0	0	0	0	0	0	0	0	0	0	0	0	0	0	0	0	0	0	0	0	0	0	0	0	0	0	0	0	0	0	0	0	0	0	0	0	0	0	0	0	0	0	0	0	0	0	0	0	0	0	0	0	0	0	10.76	1.48078	0	0	0	0	0	0	0	7.75439	0	0	0	0	0	0	0	0	0	9.32014	5.37841	0	0	0	0	0	0	0	0	0	0	
0	0	0	0	0	0	0	0	0	0	0	0	0	0	0	0	0	0	0	0	0	0	0	0	0	0	0	0	0	0	0	0	0	0	0	0	0	0	0	0	0	0	0	0	0	0	0	0	0	0	0	0	0	0	0	0	0	0	0	0	0	0	0	0	0	0	0	0	0	0	0	0	0	0	0	0	0	0	0	0	0	0	0	0	0	0	3.02931	0	0	0	0	0	0	0	0	0	0	0	0	0	
0	0	0	0	0	0	0	0	0	0	0	0	0	0	0	0	0	0	0	0	0	0	0	0	0	0	0	0	0	0	0	0	0	0	0	0	0	0	0	0	0	0	0	0	0	0	0	0	0	0	0	0	0	0	0	0	0	0	9.20519	0	0	0	0	0	0	0	0	0	0	0	0	0	0	0	0	7.17872	0	0	0	0	0	0	0	0	0	0	0	0	0	0	0	0	0	0	0	0	0	0	0	0	
0	0	0	0	0	0	0	0	0	0	0	0	0	0	0	0	0	0	0	0	0	0	0	0	0	0	0	0	0	0	0	0	8.86995	0	0	0	0	0	0	0	0	0	0	0	0	0	0	0	0	0	0.67536	0	0	0	0	0	0	0	0	0	0	0	0	0	0	0	0	0	0	0	0	0	0	0	0	7.50222	0	0	0	0	3.93814	0	0	0	0	0	0	0	0	0	0	0	0	0	0	0	0	0	0	0	
0	0	0	0	0	0	0	0	0	0	0	0	0	0	0	0	0	0	0	0	0	0	0	0	0	0	0	0	0	0	0	0	0	0	0	0	0	0	0	0	0	0	0	0	0	0	0	0	0	0	0	0	0	0	0	0	0	0	0	0	0	0	0	0	0	0	0	0	0	0	0	0	0	0	0	0	0	0	0	0	0	0	0	0	0	0	0	0	0	0	0	0	0	0	0	0	0	0	0	0	
0	0	0	0	0	0	0	0	0	0	0	0	0	0	0	0	0	0	0	0	0	0	0	0	0	0	0	0	0	0	0	0	0	0	0	0	0	0	0	0	0	0	0	0	0	0	0	0	0	0	0	0	0	0	0	0	0	0	0	0	0	0	0	0	0	0	0	0	0	0	0	0	0	0	0	0	0	0	0	0	0	0	0	0	0	0	0	0	0	0	0	0	0	0	0	0	0	0	0	0	
0	0	0	0	0	0	0	0	0	0	0	0	0	0	0	0	0	0	0	0	0	0	0	0	0	0	0	0	0	0	0	0	0	0	0	0	0	0	0	0	0	0	0	0	0	0	0	0	0	0	0	0	0	0	0	0	0	0	0	0	0	0	0	0	0	0	0	0	0	0	0	0	0	0	0	0	0	0	0	0	0	0	0	0	0	0	0	0	0	0	0	0	0	0	0	0	0	0	0	0	
0	0	0	0	0	0	0	0	0	0	0	0	0	0	0	0	0	0	0	0	0	0	0	0	0	0	0	0	0	0	0	0	0	0	0	0	0	0	0	0	0	0	0	0	0	0	0	0	0	0	0	0	0	0	0	0	0	0	0	0	0	0	0	0	0	0	0	0	0	0	0	0	0	0	0	0	0	0	0	0	0	0	0	0	0	0	0	0	0	0	0	0	0	0	0	0	0	0	0	0	
0	0	0	0	0	0	0	0	0	0	0	0	0	0	0	0	0	0	0	0	0	0	0	0	0	0	0	0	0	0	0	0	0	0	0	0	0	0	0	0	0	0	0	0	0	0	0	0	0	0	0	0	0	0	0	0	0	0	0	0	0	0	0	0	0	0	0	0	0	0	0	0	0	0	0	0	0	0	0	0	0	1.76048	0	0	0	0	0	0	0	0	0	0	0	0	0	0	0	0	0	0	
0	0	0	0	0	0	0	0	0	0	0	0	0	0	0	0	0	0	0	0	0	0	0	0	0	0	0	0	0	0	0	0	0	0	0	0	0	0	0	0	0	0	0	0	0	0	0	11.45939	0	0	0	0	0	0	0	0	0	0	0	0	0	0	0	0	0	0	0	0	0	0	0	0	0	0	10.15237	0	0	0	0	0	0	0	0	0	0	0	0	0	0	0	0	0	0	0	0	0	0	0	0	0	
