0	0	0	0	0	0	0	0	0	0	0	0	0	0	0	0	0	0	0	0	0	0	0	0	0	0	0	0	0	0	0	0	0	0	0	0	0	0	0	0	0	0	0	0	0	0	0	0	0	0	0	9.40642	0	0	0	0	0	0	0	0	0	0	0	0	0	0	0	0	0	0	0	0	0	0	0	0	0	0	0	0	0	0	0	0	0	0	0	0	0	0	0	0	0	0	0	0	0	0	0	0	
0	0	0	0	0	0	0	0	0	0	0	0	0	0	0	0	0	0	0	0	0	0	0	0	0	0	0	0	0	0	0	0	0	0	0	0	0	0	0	0	0	0	0	0	0	0	0	15.11626	0	0	0	0	0	0	0	0	0	0	0	0	0	0	0	11.816	0	0	0	0	0	0	0	0	0	0	0	0	0	0	0	0	0	0	0	0	0	0	0	0	0	0	0	0	0	0	0	0	0	0	0	0	
0	0	0	0	0	0	0	0	0	0	0	0	0	0	0	0	0	0	0	0	0	0	0	0	0	0	0	0	0	0	0	0	0	0	0	0	0	0	0	0	0	0	0	0	0	0	0	0	0	0	0	0	0	0	10.81028	0	0	0	0	0	0	0	0	0	0	0	0	0	0	0	0	0	0	0	0	0	0	0	0	0	0	0	0	0	0	0	0	0	0	0	0	0	0	0	0	0	0	0	0	0	
0	0	0	0	0	0	0	0	0	0	0	0	0	0	0	0	0	0	0	0	0	0	0	0	0	0	0	0	0	0	0	0	0	0	0	0	0	0	0	0	0	0	0	0	0	0	13.92411	8.27151	0	0	0	0	0	0	0	0	0	0	0	0	0	0	0	0	0	0	0	0	0	0	0	0	0	0	0	0	0	0	0	0	0	0	0	0	0	0	0	0	0	0	0	0	0	0	0	0	0	0	0	0	
0	0	0	0	0	0	0	0	0	0	0	0	0	0	0	0	0	0	0	0	0	0	0	0	0	0	0	0	0	0	0	0	0	0	0	0	0	7.43626	0	0	0	0	0	14.53665	0	0	0	0	0	0	0	0	0	0	0	0	0	0	0	0	0	0	0	0	0	0	0	0	0	0	0	0	0	0	0	0	0	0	0	0	0	0	0	0	0	0	0	0	0	0	0	0	0	0	0	0	0	0	0	0	
0	0	0	0	0	0	0	0	0	0	0	0	0	0	0	0	0	0	0	0	0	0	0	0	0	0	0	0	0	0	0	0	0	0	0	0	0	0	0	0	0	0	0	0	0	0	0	0	0	0	0	0	0	0	0	0	0	0	0	0	0	0	0	0	0	0	0	0	0	0	0	0	7.27549	0	0	0	0	0	0	0	0	0	0	0	0	0	0	0	0	0	0	0	0	0	0	0	0	0	0	0	
0	0	0	0	0	0	0	0	0	0	0	0	0	0	0	0	0	0	0	0	0	0	0	0	0	0	0	0	0	0	0	0	0	0	0	0	0	0	0	0	0	0	0	0	0	0	0	0	0	0	0	0	0	0	0	0	0	0	0	0	0	0	0	0	0	0	0	0	0	0	0	0	0	0	9.58856	0	0	0	0	0	0	0	0	0	0	0	0	0	0	0	0	0	0	0	0	0	0	0	0	0	
0	0	0	0	0	0	0	0	0	0	0	0	0	0	0	0	0	0	0	0	0	0	0	0	0	0	0	0	0	0	0	0	0	0	0	0	0	0	0	0	0	0	0	0	0	0	0	0	0	0	0	8.1054	0	0	0	14.35332	0	0	8.86003	0	0	0	0	0	0	0	0	0	0	0	0	0	0	0	0	0	0	0	0	0	0	0	0	0	0	0	0	0	0	0	0	0	0	0	0	0	0	0	0	0	
0	0	0	0	0	0	0	0	0	0	0	0	0	0	0	0	0	0	0	0	0	0	0	0	0	0	0	0	3.99174	0	0	0	0	0	0	0	0	0	0	0	0	0	0	0	0	0	0	0	0	0	0	0	0	0	0	0	0	0	0	0	0	0	0	0	0	0	0	7.53669	0	0	0	0	0	0	0	0	0	0	0	0	0	0	0	0	0	0	0	0	0	0	0	0	0	0	0	0	0	0	0	0	
0	0	0	0	0	0	0	0	0	0	0	0	0	0	0	0	0	0	0	0	0	0	0	0	0	0	0	0	0	0	0	0	0	0	0	0	0	0	0	0	0	0	0	0	0	0	0	0	0	0	0	0	0	0	0	9.78419	0	0	0	0	0	0	0	0	0	0	0	0	0	0	0	0	0	0	0	0	0	0	0	0	0	0	0	0	0	0	0	0	0	0	0	0	0	0	0	0	0	0	0	0	
0	0	0	0	0	0	0	0	0	0	0	0	0	0	0	0	0	0	0	0	0	0	0	0	0	0	0	0	0	0	0	0	0	0	0	0	0	0	0	0	0	0	0	0	0	0	0	0	0	0	0	0	0	0	0	0	0	0	0	0	0	0	0	0	0	0	0	9.84158	0	0	0	0	0	0	0	0	0	0	0	0	0	0	0	0	0	0	0	0	0	0	0	0	0	0	0	0	0	0	0	0	
0	0	0	0	0	0	0	0	0	0	0	0	0	0	0	0	0	0	0	0	0	0	0	0	0	0	0	0	0	0	0	0	0	0	0	0	0	0	0	0	0	0	0	0	0	0	0	0	0	0	0	0	5.78251	0	0	0	4.24322	0	0	0	0	0	0	0	0	0	0	0	0	0	0	3.6923	0	0	0	0	0	0	0	0	0	0	0	0	0	0	0	0	0	0	0	0	0	0	0	0	0	0	0	0	
0	0	0	0	0	0	0	0	0	0	0	0	0	0	0	0	0	0	0	0	0	0	0	0	0	0	0	0	0	0	0	0	0	0	0	0	0	0	0	0	0	0	0	0	0	0	0	0	10.71496	0	0	0	12.93951	0	0	0	0	0	0	0	0	0	0	0	0	0	0	3.46772	0	0	0	0	0	0	0	0	0	0	0	0	0	0	0	0	0	0	0	0	0	0	0	0	0	0	0	0	0	0	0	0	
0	0	0	0	0	0	0	0	0	0	0	0	0	0	0	0	0	0	0	0	0	0	0	0	0	0	0	0	0	0	11.65007	0	0	0	0	0	0	0	0	12.27927	0	0	0	0	0	0	0	9.38003	0	0	0	0	0	0	0	0	0	8.62829	7.00528	0	8.64719	0	0	12.0427	0	0	0	0	0	0	0	0	0	0	0	0	0	0	0	0	0	0	0	0	0	0	0	0	0	0	0	0	0	0	0	0	0	0	0	0	
0	0	0	0	0	0	0	0	0	0	0	0	0	0	0	0	0	0	0	0	0	0	0	0	0	0	0	0	0	0	0	0	0	0	0	0	0	0	0	0	0	0	0	0	0	0	0	0	0	0	0	0	0	0	6.70145	0	0	0	0	0	0	0	0	0	0	0	0	0	0	0	0	0	0	0	0	0	0	0	0	0	0	0	0	0	0	0	0	0	0	0	0	0	0	0	0	0	0	0	0	0	
0	0	0	0	0	0	0	0	0	0	0	0	0	0	0	0	0	0	0	0	0	0	0	0	0	0	0	0	0	0	0	0	0	0	0	0	0	0	0	0	0	0	14.72748	0	0	0	0	0	0	0	0	0	8.61326	0	0	0	0	0	0	13.50623	0	0	0	0	0	0	0	0	0	0	0	5.01383	0	0	0	0	0	0	0	0	0	0	0	0	0	0	0	0	0	0	0	0	0	0	0	0	0	0	0	0	
0	0	0	0	0	0	0	0	0	0	0	0	0	0	0	0	0	0	0	0	0	0	0	0	0	0	0	0	0	0	0	0	0	0	0	0	0	0	0	0	0	0	0	7.83431	0	0	0	10.56	0	0	0	8.8509	0	0	0	0	0	0	4.46668	0	0	0	0	0	0	0	0	0	0	0	0	0	0	0	0	0	0	0	0	0	0	0	0	0	0	0	0	0	0	0	0	0	0	0	0	0	0	0	0	0	
0	0	0	0	0	0	0	0	0	0	0	0	0	0	0	0	0	0	0	0	0	0	0	0	0	0	0	0	0	0	0	0	0	0	0	0	0	0	0	0	0	0	8.83317	0	0	0	0	0	0	0	0	0	0	0	0	10.32547	0	0	0	0	0	0	0	0	0	0	1.08284	0	11.28969	0	0	0	0	0	0	0	0	0	0	0	0	0	0	0	0	0	0	0	0	0	0	0	0	0	0	0	0	0	0	0	
0	0	0	0	0	0	0	0	0	0	0	0	0	0	0	0	0	0	0	0	0	0	0	0	0	0	0	0	0	0	0	0	0	0	0	0	0	0	0	0	12.83027	0	0	0	0	0	0	0	0	0	0	0	0	0	0	0	0	0	0	0	0	0	0	0	0	0	0	0	0	0	0	0	0	0	0	0	0	0	0	0	0	0	0	0	0	0	0	0	0	0	0	0	0	0	0	0	0	0	0	0	
0	0	0	0	0	0	0	0	0	0	0	0	0	0	0	0	0	0	0	0	0	0	0	0	0	0	0	0	0	0	0	0	0	0	0	0	0	0	0	0	0	0	0	0	0	0	0	11.30825	0	0	8.22137	0	0	0	0	0	0	0	0	0	0	0	0	0	0	0	0	0	0	0	0	0	0	0	0	0	8.53279	0	0	0	0	0	0	0	0	0	0	0	0	0	0	0	0	0	0	0	0	0	0	0	
0	0	0	0	0	0	0	0	0	0	0	0	0	0	0	0	0	0	0	0	0	0	0	0	0	0	0	0	0	0	0	0	0	0	0	0	0	0	0	0	0	0	0	0	0	0	0	10.85044	0	0	11.20384	9.02497	0	0	0	0	7.99364	0	10.57287	0	8.19945	0	0	0	0	8.34712	0	0	0	0	0	0	0	0	0	0	0	0	0	0	0	0	0	0	0	0	0	0	0	0	0	0	0	0	0	0	0	0	0	0	
0	0	0	0	0	0	0	0	0	0	0	0	0	0	0	0	0	0	0	0	0	0	0	0	0	0	0	0	0	0	0	0	0	0	0	0	0	0	0	0	0	8.57147	0	0	0	0	0	0	0	0	0	0	0	0	0	0	0	0	0	0	0	0	0	0	0	0	0	0	0.80356	0	0	0	0	0	0	0	0	0	0	0	0	0	0	0	0	0	0	0	0	0	0	0	0	0	0	0	0	0	0	0	
0	0	0	0	0	0	0	0	0	0	0	0	0	0	0	0	0	0	0	0	0	0	0	0	0	0	0	0	0	0	0	8.74317	0	0	0	0	0	0	0	0	0	0	0	0	0	0	0	10.3978	0	0	0	0	0	0	0	0	0	0	0	0	0	0	0	5.97432	0	0	0	1.99338	0	0	0	0	0	0	0	0	0	0	0	0	0	0	0	0	0	0	0	0	0	0	0	0	0	0	0	0	0	0	0	0	
0	0	0	0	0	0	0	0	0	0	0	0	0	0	0	0	0	0	0	0	0	0	0	0	0	0	0	0	0	0	0	11.95156	0	0	0.45702	0	0	0	0	0	0	0	0	0	0	0	0	0	0	0	0	0	0	0	0	0	0	0	0	0	0	0	0	0	0	0	0	0	0	0	0	0	0	0	0	0	0	0	0	0	0	0	0	0	0	0	0	0	0	0	0	0	0	0	0	0	0	0	0	0	
0	0	0	0	0	0	0	0	0	0	0	0	0	0	0	0	0	0	0	0	0	0	0	0	0	0	0	0	0	0	0	0	0	0	0	0	0	0	0	0	0	0	0	12.27374	0	0	0	0	0	11.38706	0	0	0	0	9.01358	0	0	0	0	0	0	0	0	0	0	0	0	0	0	0	0	0	0	0	0	0	0	0	0	0.54142	0	0	0	0	0	0	0	0	0	0	0	0	0	0	0	0	0	0	0	0	
0	0	0	0	0	0	0	0	0	0	0	0	0	0	0	0	0	0	0	0	0	0	0	0	0	0	0	0	0	0	0	0	7.87692	0	0	0	0	0	0	0	0	0	0	0	0	0	0	4.401	0	0	7.81968	0.92182	0	0	0	0	0	0	8.68034	0	0	0	0	0	0	0	0	0	0	0	3.07969	0	0	0	0	0	0	0	0	0	0	0	0	0	0	6.54098	0	0	0	0	0	0	0	0	0	0	0	0	0	0	
0	0	0	0	0	0	0	0	0	0	0	0	0	0	0	0	0	0	0	0	0	0	0	0	0	0	0	0	0	0	0	0	0	0	0	0	0	0	0	12.00342	0	0	0	0	16.62663	0	7.38571	0	0	0	0	0	0	0	0	0	0	0	0	0	0	0	0	0	0	0	0	0	0	0	0	0	0	0	0	0	0	0	0	0	0	0	0	0	0	0	0	0	0	0	0	0	0	0	0	0	0	0	0	0	
0	0	0	0	0	0	0	0	0	0	0	0	0	0	0	0	0	0	0	0	0	0	0	0	0	0	0	0	0	0	0	0	0	0	0	10.76093	0	0	0	0	0	0	0	0	0	0	0	10.26819	0	0	0	0	0	7.9939	0	0	0	0	0	0	9.65476	0	0	0	0	0	0	0	0	0	0	0	0	0	0	0	0	0	0	0	0	0	0	0	0	0	0	0	0	0	0	0	0	0	5.83997	0	0	0	0	0	
0	0	0	0	0	0	0	0	0	0	0	0	0	0	0	0	0	0	0	0	0	0	0	0	0	0	0	0	0	0	0	0	0	0	0	0	0	0	0	0	0	15.49399	0	0	0	0	0	0	0	0	0	0	3.314	0	0	0	0	0	0	0	0	0	0	0	0	0	0	4.56899	0	0	0	6.63513	0	0	0	0	0	0	0	0	0	0	0	0	0	0	0	0	0	0	0	0	0	0	0	0	0	0	0	0	
0	0	0	0	0	0	0	0	0	0	0	0	0	0	0	0	0	0	0	0	0	0	0	0	0	0	0	0	0	0	0	0	0	0	0	0	0	0	0	0	7.6142	0	0	0	11.84333	0	0	4.2869	0	0	5.07891	12.34616	0	0	0	9.80298	0	0	9.38406	0	6.99688	0	0	0	0	0	0	0	0	0	0	0	0	0	0	0	0	0	0	0	0	0	0	0	0	0	0	0	0	0	0	0	0	0	0	5.70216	0	0	0	0	
0	0	0	0	0	0	0	0	0	0	0	0	0	0	0	0	0	0	0	0	0	0	0	0	0	0	0	0	0	0	0	0	0	0	0	0	0	0	0	0	0	0	0	0	15.46135	0	0	0	0	2.45223	0	0	7.06674	0	0	0	0	7.57808	0	0	0	5.98285	0	0	0	0	0	0	0	0	0	0	0	0	0	0	0	0	0	0	0	0	0	0	0	0	0	0	0	0	0	0	0	0	0	0	0	0	0	0	
0	0	0	0	0	0	0	0	0	0	0	0	0	0	0	0	0	0	0	0	0	0	0	0	0	0	0	0	0	0	0	0	0	0	0	0	0	0	0	0	0	0	0	13.17959	0	0	12.16997	0	0	0	9.14855	0	0	0	0	0	0	0	0	7.28242	0	0	0	0	8.53134	0	0	10.84138	0	0	0	0	10.94512	0	0	0	4.56899	0	0	0	0	0	0	0	0	0	0	0	0	0	0	0	0	0	0	0	0	0	0	0	
0	0	0	0	0	0	0	0	0	0	0	0	0	0	0	0	0	0	0	0	0	0	0	0	0	0	0	0	0	0	0	0	0	0	0	0	0	0	0	0	0	0	0	0	0	0.45702	0	9.5381	0	0	0	8.65749	9.35971	0	0	7.8257	0	0	0	0	0	0	0	0	0	0	0	9.68643	0	0	0	0	0	11.26543	0	0	0	0	0	0	0	0	0	0	0	0	0	0	0	0	0	0	0	0	0	0	0	0	0	0	
0	0	0	0	0	0	0	0	0	0	0	0	0	0	0	0	0	0	0	0	0	0	0	0	0	0	0	0	0	0	0	0	0	0	0	0	0	15.10251	0	0	0	0	0	0	0	0	0	0	2.45223	0	0	8.26441	0	0	3.95754	0	10.82961	0	0	2.24099	0	0.45702	0	0	0	0	0	0	0	0	0	0	0	0	5.42606	0	0	0	0	0	0	0	0	0	0	0	0	0	0	0	0	0	0	0	0	0	0	0	0	0	
0	0	0	0	0	0	0	0	0	0	0	0	0	0	0	0	0	0	0	0	0	0	0	0	0	0	0	0	0	0	0	0	0	0	0	0	0	0	0	0	0	0	15.1752	0	0	11.00207	0	12.1946	0	0	9.72443	0	12.23187	0	8.9201	0	0	0	0	0	0	0	0	8.84491	0	0	0	2.72045	0	0	9.44781	0	0	0	0	0	0	0	1.51783	0	0	0	0	0	0	0	0	0	0	0	0	0	0	0	0	0	0	0	0	0	
0	0	0	0	0	0	0	0	0	0	0	0	0	0	0	0	0	0	0	0	0	0	0	0	0	0	0	0	0	0	0	0	0	0	0	0	0	0	0	0	0	0	0	0	0	0	0	9.10234	10.04411	0	0	10.65786	0	0	0	0	0	0	0	0	0	0	0	0	0.45702	0	0	0	0	0	0	0	0	0	0	0	0	0	0	0	0	0	0	0	0	0	0	0	0	0	9.35971	0	0	0	0	0	0	0	0	0	
0	0	0	0	0	0	0	0	0	0	0	0	0	0	0	0	0	0	0	0	0	0	0	0	0	0	0	0	0	0	0	0	0	0	0	0	0	0	0	0	0	0	0	0	0	0	0	13.39886	0	0	0	0	7.27202	0.80356	0	0	0	0	11.16699	9.81198	0	0	0	0	0	0	0	0	0	0	0	0	0	0	0	0	0	0	0	0	0	0	0	0	0	0	0	0	0	0	0	0	0	0	0	0	0	0	5.28603	0	
0	0	0	0	0	0	0	0	0	0	0	0	0	0	0	0	0	0	0	0	0	0	0	0	0	0	0	0	0	0	0	0	0	0	0	0	0	0	0	0	0	0	8.36027	0	0	0	0	0	0	8.41222	0	8.58274	0	8.34581	0	0	0	0	0	0	0	0	0	0	13.45381	0	0	0	0	0	0	0	0	0	0	0	12.22751	0	0	0	0	0	0	0	0	0	0	0	0	0	0	0	0	0	0	0	0	0	0	0	
0	0	0	0	0	0	0	0	0	0	0	0	11.60694	0	0	0	0	0	0	0	0	0	0	0	0	0	0	0	0	0	10.23154	0	0	0	0	0	0	0	0	0	0	0	10.12625	0	0	0	0	8.66585	0	0	15.03951	0	0	3.51552	2.35047	0	10.75269	0	0	0	0	0	0	8.42741	11.21225	8.42897	0	0	0	0	0	0	0	0	0	0	0	0	0	0	0	0	0	0	0	0	0	0	0	0	0	0	0	0	0	0	0	0	0	0	
0	0	0	0	0	0	0	0	0	0	0	0	0	0	0	0	0	0	0	0	0	0	0	0	0	0	0	0	0	0	0	0	0	0	0	0	0	0	0	0	0	0	0	0	0	9.83922	5.07891	0	3.36708	13.23719	1.08284	8.3222	7.63776	0	12.27558	6.42396	0	0	0	0	12.80329	0	0	0	0	0	0	0	0	6.70348	0	0	0	0	0	0	3.0543	0	0	0	0	0	0	0	0	0	0	0	0	0	0	0	0	0	0	0	0	0	0	0	
0	0	0	0	0	0	0	0	0	0	0	0	0	0	0	7.9374	0	0	0	0	0	0	0	0	0	0	0	0	0	0	0	0	0	0	0	6.26043	10.71432	0	0	0	0	0	0	0.45702	0	11.39667	8.19677	9.71486	3.84978	10.20855	0	0	3.01464	0	12.7215	0	0	0	0	9.09449	0	8.32381	0	8.32213	0	7.16743	0	0	11.22736	0	7.59486	0	0	0	0	11.13885	0	1.08284	0	3.61323	0	0	0	0	0	0	0	0	0	0	8.87041	0	0	0	0	0	0	0	0	0	
0	0	0	0	0	0	0	0	0	0	0	0	0	0	0	0	0	0	0	0	0	0	0	0	0	0	11.15681	0	0	0	0	3.95754	0	0	6.54587	0	0	0	0	0	11.35022	0	0	0	0	0	0	0	9.42884	1.82908	3.2589	9.35725	9.4903	0	9.42922	0	10.13011	0	4.31229	0	3.56179	8.20128	0	0	0	8.46441	0	0	0	0	0	0	0	10.49005	0	0	0	0	0	0	0	0	0	0	0	0	0	0	0	0	0	0	0	0	0	0	3.314	0	0	0	
0	0	0	0	0	0	0	0	0	0	0	0	0	0	0	0	0	0	0	13.44862	0	0	0	0	0	0	0	0	0	0	0	0	0	0	0	0	0	0	0	0	0	0	0	14.63774	0	0	11.65325	12.35963	10.14633	0	7.41436	9.21559	12.5401	0	0	0	13.93761	0	0	8.00724	4.72118	0	0	11.27392	0	9.90633	0	7.28587	0	0	0	0	0	0	0	0	0	0	0	0	0	0	0	0	0	0	0	0	0	0	7.97265	0	0	0	0	0	0	0	0	0	
0	0	0	0	0	0	0	0	0	0	0	0	6.34885	0	0	0	0	0	0	9.3072	0	0	0	0	0	0	0	0	0	0	0	0	0	6.76979	0	0	0	0	0	0	0	11.54476	11.92691	0	9.21779	0	0	3.7625	11.12682	0	1.99338	7.71446	8.48186	1.039	10.48258	6.51092	6.83302	4.75444	7.84591	0	0	0	0	0	8.25155	0	0	0	0	0	0	0	0	0	0	0	0	0	12.86045	5.36644	0	0	0	0	0	0	0	0	0	0	0	0	0	0	0	0	0	0	0	0	
0	0	0	0	0	0	0	0	0	0	0	0	0	0	0	0	0	0	0	0	0	0	0	15.71627	0	0	0	0	0	0	0	0	0	0	0	0	0	0	11.81361	0	0	0	8.92881	10.80548	1.69435	0	9.51573	6.15477	0	7.42504	11.37416	6.36762	0	0	0	0	0	4.91812	13.87631	11.70022	12.47122	0	0	0	8.22124	0	0	0	0	0	0	0	0	0	0	0	0	0	0	0	0	0	0	0	0	0	0	0	0	0	0	0	0	0	0	0	0	0	0	0	
0	0	6.94546	0	0	0	0	0	0	0	0	0	0	0	0	0	0	0	0	0	0	0	0	0	0	0	0	0	0	0	0	0	0	0	0	0	0	0	0	0	10.95511	0	0	0	0	10.53314	0	6.51054	10.3974	11.28953	0	10.3982	11.11038	9.97924	3.2016	9.50961	0	0	3.6923	11.48542	8.04096	0	8.81537	9.83512	0	0	0	0	0	0	0	7.80632	0	0	0	0	3.95754	0	0	0	0	0	0	0	0	0	0	0	0	0	0	0	0	0	0	0	0	0	0	0	
0	0	0	0	0	0	0	0	0	0	0	10.78916	0	0	0	0	0	0	0	0	0	0	0	0	0	0	0	0	0	0	0	0	5.85862	0	0	0	0	9.02724	12.20981	4.65687	3.2589	8.34481	0	0	12.87462	7.15613	12.39691	9.70871	10.48159	0	11.56123	0	6.44831	5.45065	0	10.60592	4.40337	9.72517	0	0	0	0	0	0	0	0	0	6.56304	0	0	0	0	7.22965	0	0	10.44717	0	0	9.65876	0	0	0	0	0	0	0	0	0	0	0	0	0	0	0	0	9.59267	0	0	0	0	
0	0	0	0	0	0	0	0	0	0	0	0	0	0	0	0	0	0	0	0	0	0	0	0	0	0	0	0	0	0	0	0	0	0	5.67084	7.40309	0	0	0	7.89285	0	14.30935	0	11.3279	14.47994	10.22677	8.08139	8.9598	7.55408	10.79221	10.6187	11.92594	5.71246	8.66918	0	0	10.19678	0	0	5.91429	9.09449	0	0.80356	0	0	0	0	0	0	0	0	0	0	0	0	0	0	0	2.63645	0	0	0	0	0	0	0	0	7.82095	0	0	0	0	0	0	0	0	0	0	0	0	
0	0	0	0	0	0	0	0	10.91814	0	9.69942	0	0	0	0	0	0	0	0	0	0	0	0	0	0	0	10.12867	0	0	0	0	0	0	0	0	0.45702	0	12.09464	11.84859	0	8.81743	6.2534	0	10.40416	1.69435	11.23848	9.46669	8.33941	9.92898	10.61733	0	7.36839	0.80356	0	0	0	9.4917	3.314	0	0	0	0	0.45702	0	0	0	10.25221	0	0	0	0	0	0	0	0	0	0	0	0	0	0	0	0	0	0	0	0	0	0	0	0	0	0	6.63513	0	0	0	0	0	0	
0	0	0	0	0	0	0	0	0	0	0	10.34006	0	0	12.3947	0	0	0	0	0	0	0	0	0	0	0	0	0	0	0	0	11.21768	0	0	7.24391	0	10.93609	0	0	11.34498	0.45702	0	10.05911	11.28977	10.7082	8.73396	11.70347	9.29761	7.09812	9.40578	6.33924	10.99655	9.42937	9.15825	0	5.37942	10.83358	0	0	7.64945	10.18749	4.37784	0	8.81059	0	0	0	0	0	0	0	0	0	0	0	7.11896	0	0	0	0	0	0	0	4.45103	0	0	0	0	0	0	0	0	0	0	0	0	0	0	0	0	
0	0	0	0	0	0	0	0	0	0	0	0	12.20433	0	0	0	0	0	0	0	0	0	0	0	0	0	0	0	0	12.28197	0	0	6.30871	0	2.24099	0	12.55644	0	14.15083	10.88525	12.14383	9.5323	9.91559	10.21987	9.38507	4.39972	10.43313	10.36086	8.29842	9.39559	11.23154	9.92471	10.23556	7.77199	5.28771	6.94181	8.80415	0	0	9.12178	2.24099	0	0	0	0	0	0	0	0	0	0	0	0	10.70585	0	0	0	0	0	0	10.99313	0	0	0	0	0	0	0	0	0	0	0	0	0	0	0	0	0	0	0	
0	0	0	0	0	0	0	12.44678	0	0	0	11.01876	0	0	0	0	0	0	0	0	0	0	0	0	0	0	0	8.24093	0	0	8.21039	0	11.89606	0	0	0	7.63599	5.76284	11.53415	9.90549	10.36841	7.80924	0	11.02432	11.34727	10.33752	9.98489	9.51564	11.16177	9.86828	5.16321	8.78071	8.79251	7.97849	6.37906	5.98708	12.62308	6.16795	8.87147	9.58226	5.74616	12.56401	7.03429	0	10.76341	0	0	0	0	0	0	0	0	10.10396	0	0	0	0	0	0	0	0	0	0	0	0	0	0	0	0	0	0	0	0	0	0	0	0	0	0	
12.81826	0	0	0	0	0	0	0	9.319	0	0	0	8.15864	0	0	0	0	0	0	0	0	0	0	0	11.1162	0	0	9.02497	0	0	0	0	14.85472	0	10.32785	9.00104	0	5.18619	11.75461	7.79747	8.36354	9.19558	6.05284	9.95344	12.50212	9.90655	10.73796	9.4353	7.43318	5.07004	9.54742	6.26063	6.94074	7.87554	11.19098	9.73389	10.13633	6.18952	0	11.51987	0	3.01464	0	7.82948	0	9.45932	0	0	0	0	6.84613	0	0	0	0	0	0	0	0	0	0	0	5.41008	0	0	10.07035	0	0	0	0	0	0	0	0	0	0	0	0	0	0	
0	0	0	8.82252	0	0	0	0	0	0	0	0	0	0	0	0	0	0	10.06082	0	0	10.2369	0	4.49937	10.62338	5.68136	0	0	10.56721	10.37409	11.99503	0	13.64986	0	0	0	0	9.50675	11.11864	10.50283	9.05976	7.14207	9.97457	9.21249	9.11601	10.17171	9.42321	9.17644	10.23678	6.37942	9.66363	8.77195	9.82506	6.32257	6.30947	9.32279	0	2.54737	6.40899	8.40611	3.07969	2.94653	10.19669	0	0	0	0	0	0	4.85568	0	0	4.26777	0	5.63882	8.54436	12.22087	1.65901	0	1.69435	0	0	0	0	0	0	0	0	0	0	0	0	0	0	0	0	0	0	0	0	
10.74629	0	0	0	12.26895	8.91273	0	0	0	0	0	0	0	0	0	0	0	13.0851	0	0	0	0	0	0	11.60763	0	9.4343	8.7885	0	13.59064	11.50753	0	0	0	10.93087	10.37206	6.2609	12.32223	11.16526	10.57062	7.67748	8.914	11.3011	8.98268	9.3234	9.17882	9.80738	9.62547	8.29424	11.46993	5.78006	11.4243	12.03401	6.91825	10.1739	7.94588	8.86574	3.09986	4.01437	8.19186	11.64135	0	6.275	9.78419	12.37378	9.99067	8.37076	0	0	0	0	0	0	0	7.84921	0	0	0	0	0	0	0	0	0	0	0	0	0	0	0	0	0	0	0	0	1.31667	0	0	0	0	
0	0	0	0	0	0	0	0	8.69338	0	9.43932	0	0	0	0	0	10.02772	14.75057	9.31567	8.87385	9.87461	7.09536	0	0	0	11.6952	0	11.79058	6.94183	11.96561	0	12.13334	11.94557	7.4034	10.43673	11.59301	8.4125	7.05929	9.77575	10.38494	9.54081	10.82795	5.27363	8.90936	10.03214	8.56528	9.17591	9.10529	9.0541	7.21777	8.08297	11.05469	7.37767	8.0374	4.96832	7.19812	5.04212	10.68979	0	10.42034	6.85193	10.65219	8.90447	0	10.14382	10.9492	2.54728	0	0	0	0	5.47923	0	0	9.74588	0	0	0	10.04003	0	0	0	0	0	0	7.55824	0	0	0	0	0	0	0	0	0	10.61702	0	0	0	0	
0	9.62918	0	0	0.80356	8.54868	0	0	0	0	0	0	0	0	6.06546	11.2884	0	12.04995	10.74283	0	6.32222	0	3.01464	0	0	0	0	0	10.05704	9.31229	9.32635	0	10.75254	3.98807	9.83924	7.32945	9.84235	10.04991	9.02802	9.81841	8.73586	8.23857	8.98856	7.73308	9.47254	7.97919	8.50632	9.34223	8.66883	8.24088	8.0509	8.84667	7.43594	5.20158	8.5938	6.44421	2.79981	6.44914	7.98935	8.12914	0	7.22247	0	11.4796	11.38499	1.31667	5.0142	11.217	0	0	0	0	0	0	0	3.2016	0	0	0	0	9.15258	0	0	0	0	0	0	0	0	0	0	0	0	0	0	0	0	0	0	0	
0	9.02394	8.52552	0	8.72299	0	0	0	0	0	9.21702	0	0	0	7.74278	9.10332	0	8.20675	0	0	10.90698	5.57257	8.12093	8.59361	9.9024	9.32408	0	5.08108	9.76825	7.52757	12.45972	11.40601	11.45565	10.89617	10.395	4.87169	8.66407	8.95166	7.36826	8.37716	7.97251	8.75403	7.29398	6.8076	7.59329	6.69046	8.68536	6.81186	9.23885	8.1243	7.7576	9.33434	7.85901	8.18147	7.92837	6.57991	7.78077	4.97903	7.08176	11.0026	0	7.76013	11.32474	9.50616	1.39991	12.68579	2.72045	0	0	0	0	7.64335	0	0	7.75278	0	6.01647	0	1.51783	0	0	0	0	4.9413	0	1.53985	0	0	0	0	0	0	0	0	0	0	0	0	0	0	
0	0	0	0	0	0	0	0	6.30871	0	9.42687	12.70678	0	0	0	0	0	0	11.00522	0	11.30039	0	0	0	0	11.96614	10.65082	0	3.01464	12.06772	6.51169	8.58414	7.55824	9.04697	9.87989	10.33297	7.80057	8.62544	9.89989	10.00806	8.59483	8.73875	8.7272	7.61632	8.32157	6.86644	8.29045	8.06546	8.56173	8.9044	9.05298	8.16592	7.86333	7.2943	6.75159	8.49933	8.37667	8.60011	10.08676	9.41624	10.65133	4.63502	8.43745	5.76604	0	7.81955	0	9.07558	0	0	0	0	0	0	0	0	0	0	0	0	0	9.39927	0	0	0	0	0	7.9245	6.79862	6.9714	0	0	0	0	0	0	0	0	0	0	
0	0	0	0	0	0	0	0	10.82131	9.57734	3.85425	3.36708	0	10.36515	0	0	0	4.85568	10.18102	2.79246	0	0	0.45702	7.97792	7.07074	10.06584	4.65687	9.19984	6.00208	10.14007	0	6.79249	5.95405	4.13614	5.60359	8.59598	9.59041	6.60516	8.41971	5.39546	7.30522	8.56156	7.91348	9.41564	7.08182	7.55219	7.31874	8.59677	6.82391	8.58143	8.46539	7.07989	7.06359	6.15974	8.12242	8.43009	6.73061	10.74377	11.2027	5.32169	6.32728	9.63162	8.53906	5.77271	1.50215	8.2432	8.44294	0	0	0	0	0	0	7.81619	8.78522	0	0	0	12.92223	0	0	0	0	0	0	0	0	0	11.31376	0	1.31667	0	0	0	0	0	0	0	0	0	
0	0	9.82389	8.31377	0	5.09473	0	3.314	8.61601	0	0	0	0	0	0	0	0	8.82643	0	0	0	0	0	10.95463	0	8.75193	0	8.92159	7.19704	8.27846	0	8.23729	0	11.23094	7.84726	8.2239	7.59287	7.93233	3.37298	8.76718	11.3617	8.54317	6.43353	7.40512	8.25018	8.0864	6.87297	9.25877	7.80487	8.02288	6.62	8.64116	7.94547	7.84211	7.36198	5.98948	7.65516	8.40609	7.12064	6.40505	10.63454	8.50806	9.08271	10.86752	4.11481	0	0	7.32619	4.34917	4.42622	4.87066	0	9.03935	0	2.4161	0	7.17079	0	0	0	0	0	4.69299	0	0	0	0	0	0	0	0	0	0	0	0	0	0	0	0	0	
0	0	0	0	0	0	0	0	0.45702	0	8.19945	8.45218	8.72977	0	9.54171	0	0	9.64874	0	5.76284	0	0	0	0	0	0	6.22493	4.34917	5.74948	0	10.9926	8.09721	6.88683	7.40278	3.79868	7.28462	7.92584	7.84143	8.56101	8.83087	8.73291	6.12872	6.0762	7.18361	6.73995	8.42366	5.95128	6.9498	7.31209	6.64105	7.26798	10.21953	8.85541	7.7428	8.22518	7.20651	6.03378	8.29597	10.41152	6.59673	9.7795	5.17956	7.25947	7.22469	4.56899	6.28577	8.77175	3.35364	0	0	9.13618	0	6.10444	1.31823	0	13.60556	0	0	1.51783	0	0	0	0	0	0	0	0	0	6.20801	0	0	0	0	0	0	0	0	0	0	0	
0	0	0	0	0	1.08284	0	0	0	10.3978	0	0	5.57257	0	0	0	0	0	0	0	0	0	0	8.39994	0	0	8.64627	0	0	4.57431	6.59455	0	0	6.97714	8.27257	8.66452	6.04931	0.80356	6.30191	9.04037	5.04977	9.74838	4.68581	6.70626	8.76138	8.19709	7.29547	6.92228	9.02108	5.83234	7.32916	8.7685	6.66223	6.48248	9.56995	7.99892	8.10755	6.84788	4.66602	6.76552	6.81865	5.60229	3.73143	9.81212	7.32741	5.34062	6.9714	8.35042	7.44939	0	0	8.24093	0	5.66025	0	1.51783	8.07935	0	0	0	0	0	0	0	10.26819	0	0	4.12098	0	0	0	8.36027	0	0	0	0	9.02704	0	0	0	
0	0	0	0	0	0	0	0	0	0	0	10.92202	0	0	0	0	0	6.12631	14.7532	0	0	0	0	1.51783	0	0	0	5.60608	0	0	0	0	4.03468	6.84293	6.62077	0	3.93041	8.90753	2.58824	3.52805	7.4343	8.63855	7.17111	2.46406	0	8.5568	6.58783	4.38793	6.82519	6.0237	6.53382	9.98025	7.60077	5.21943	6.57331	6.24122	6.66361	8.24457	7.54885	7.90577	6.70601	4.49393	0	6.77301	10.11754	0	5.66298	6.04117	9.18504	7.50978	0	0	7.03018	4.65687	0	11.20019	0	9.53375	0	0	0	6.09666	0	0	0	0	0	0	0	0	0	0	0	0	0	0	0	0	0	0	
0	0	0	0	6.61511	0	0	0	0	0	7.28587	0	4.29542	0	0	9.00836	0	0	8.13779	0	5.87849	8.98945	0	0	0	9.17763	6.69863	0	0	6.11477	0	8.60075	11.15916	0	0	8.78278	9.56106	9.38003	11.24208	8.9151	6.77901	10.30181	6.2203	6.2321	8.04503	5.55144	12.85407	5.14165	8.55005	8.04489	8.88444	5.23864	8.14136	6.86743	5.60013	7.82049	5.82415	9.81372	4.31547	8.86591	6.34772	8.52864	5.99737	5.57749	7.75996	0	9.56039	9.07568	0	3.46772	8.69979	8.31877	8.4623	11.28731	9.0716	0	5.69859	0	0	0	6.61333	0	0	1.8516	0	1.99338	0	0	0	6.60783	0	0	0	0	0	0	0	0	0	0	
0	0	0	0	0	0	0	0	0	0	0	4.37532	2.3068	0	0	8.7255	0	0	0	3.2016	5.06292	0	0	0	0	0	0	0	0	4.98146	7.21163	6.4695	0	0	0	8.74317	0	0	0	3.84978	4.76538	5.95497	3.84121	4.85877	7.82131	4.0819	5.35296	6.85827	7.1014	5.1935	0	0	7.49461	9.66987	0.80356	8.39582	7.33399	6.67818	6.42204	6.70969	9.34061	7.14672	8.46131	7.64683	6.00519	5.71854	8.72041	7.52089	1.99338	9.29824	0	7.04099	8.9506	10.41877	10.00957	0	5.62799	0	6.34224	0	0	0	0	0	0	0	0	0	0	0	0	0	0	0	0	0	0	0	0	0	
0	0	0	7.33332	0	0	0	0	0	0	0	0	0	0	0	0	0	0	0	0	0	0	8.63372	0	0	0	6.77218	6.50266	7.81141	6.90565	0	0	3.41827	0	0	9.44306	0	1.31667	6.40703	0.99669	6.95955	0	0.80356	0	4.33357	10.41089	6.82536	5.53827	6.2771	6.01945	6.88787	5.39642	9.04539	8.82468	6.51694	7.78006	9.52677	6.80395	6.28315	6.51483	7.7812	8.59341	9.01251	7.96355	8.68333	8.46181	5.99963	7.33997	8.96689	8.60689	2.82238	10.21727	5.52991	2.98512	6.34307	0	13.48767	0	6.00145	9.08462	0	4.65687	7.38249	0	0	5.34013	0	0	0	0	0	0	0	0	0	0	0	7.07473	0	12.36147	
0	0	5.16822	0	0	0	0	0	0	0	0	0	0	0	0	0	0	0	0	0	5.37942	0	0	0	0	8.8635	0	10.52274	0	10.5601	0	9.70265	11.67496	0	8.34712	0	0	7.45028	6.24776	0	4.73971	0	0	7.06342	12.10335	8.57288	0.22851	3.84577	9.05965	5.70547	6.44894	9.6066	7.35944	7.21315	6.16302	8.58474	0	8.37944	6.94865	5.58047	3.49871	8.21856	5.89215	1.03012	6.06473	9.74484	5.39295	0	8.04435	5.81498	4.45078	8.06167	7.74775	8.48229	0.80356	0	6.47449	0	1.76021	5.81152	0	6.07481	0	0	0	0	0	0	7.18272	0	0	0	0	0	0	0	7.39851	0	0	0	
0	0	0	0	1.99338	0	0	0	0	0	0	0	8.46137	0	0	0	0	0	0	0	11.01694	4.52295	0	0	0	0	0	7.34279	0	0	0	0.80356	9.19149	0	0	0	8.70374	0	5.34013	7.57244	0	0	5.62812	0	6.73442	0	5.22212	7.141	2.12251	4.77495	3.60662	5.96012	9.20157	5.6201	7.15207	3.11864	0	5.89258	4.1542	0.40178	5.89401	7.42352	8.69594	6.48815	5.48014	9.01777	5.91256	5.2351	6.66195	6.47977	6.8467	0	0	9.94701	0	7.70308	4.3316	5.4058	0	0	0	0	0	0	9.42139	0.80356	0	0	0	0	0	0	0	0	0	0	9.20977	0	0	0	
0	0	0	0	0	0	0	0	8.58973	0	0	0	0.45702	0	0	0	9.69099	3.43329	2.79981	0	0	0	0	0	8.56426	0	0	0	0	0	0	0	0	0	7.79697	8.7394	0	6.64591	0	0	0	0	9.49553	12.49042	0	8.52205	10.86838	7.30299	0	5.15924	0	9.65276	6.75946	8.85531	0	7.1448	0	6.03777	0	6.97373	7.74648	8.35371	5.64353	7.13718	4.82596	6.55463	6.90598	7.32707	9.11597	7.06858	8.68262	2.68322	7.90553	10.43479	7.39437	4.44173	8.64842	8.31709	0	0.45702	10.80908	7.96779	9.77743	0	5.53118	0	7.98275	4.02515	5.51495	0	2.28579	0	0	9.62873	0	0	0	0	0	0	
0	0	0	0	0	0	0	0	0	0	0	0	0	0	0	0	0	0	0	0	6.63597	0	0	0	0	0	0	0	0	5.34013	0	0	0	0	5.71246	0	0	0	0	0	9.3768	0	9.40165	9.24298	4.88237	0	0	6.48714	6.16624	5.88185	11.97806	0	0	4.7035	3.40179	7.03843	0	0	7.19972	9.46736	8.73436	5.71621	4.68321	6.8461	6.71557	6.75169	5.18036	4.27682	6.20998	5.96708	8.77491	7.1072	4.31068	6.885	5.70221	0	5.77128	0	5.61894	0	0	0	8.45065	0	0	0	6.85624	0	0	0	0	0	0	0	0	0	0	0	0	0	
0	0	0	0	8.60776	0	0	0	0	0	0	8.57571	0	3.46772	0	0	0	0	0	0	0	0	0	0	0	0	0	0	0	0	0	0	0	0	0	0	0	0	0	8.08823	0	0	4.6354	0	4.31065	0	2.22552	1.51783	0	0	4.81805	0	0	0	8.52113	0	0	0.45702	0	8.83788	6.50493	1.15218	6.11951	8.37615	6.62741	0	0.98743	4.60492	11.82404	6.88844	6.78379	10.3287	8.78515	5.47915	0	0	4.06134	8.81537	5.9217	6.23923	4.23958	8.55441	2.72045	0	0.80356	0	6.84613	9.91671	0	4.79662	0	0	0	0	8.07935	0	0	0	0	0	
0	0	0	0	0	0	0	0	0	0	0	0	0	0	0	0	0	5.69448	0	0	0	8.22304	7.2368	0	0	0	9.86368	0	0	0	0	0	0	5.75179	7.67753	0	0	0	0	0	0	0	0	0	0	0	0	0	0	0	0	0	0	0	0	9.71927	8.43082	8.65107	4.6136	6.50501	0	6.23216	6.08266	0	9.10356	7.17347	6.32223	7.54435	4.93111	2.90519	8.59896	6.28874	5.49572	5.85134	9.38694	5.36638	5.45846	0	7.55824	8.83158	0	0	7.15268	0	7.9374	8.6293	0	7.70719	0	9.21983	0	0	0	0	0	0	8.67669	0	0	0	
0	0	0	0	0	0	0	0	6.56768	0	0	0	0	0	0	0	0	0	0	0	0	0	0	0	0	0	0	0.80356	0	1.69435	0	0	0	0	0	0	0	0	0	9.89179	0	0	0	0	0	4.67803	0	5.14119	7.32664	0	0	9.50444	0	0	0	0	0	0	9.34328	0	9.8068	0	9.18903	10.34567	6.25873	5.2822	4.39555	0	0	5.84475	8.62529	2.12251	8.29526	8.85523	8.52587	8.16427	1.54674	0	2.63645	8.57868	6.63525	7.19617	10.43246	10.46708	9.9188	0	0	0	0	0	7.97208	0	11.01412	0	0	0	0	0	0	0	
0	0	0	0	0	0	0	0	0	0	0	0	0	8.59252	0	0	0	0	0	1.31667	0	0	0	0	0	3.07851	0	0	0	0	0	0	0	0	7.23323	0	0	6.75809	0	0	10.66649	0	5.34013	10.94512	0.45702	0	0	0	0	0	5.9397	6.76441	0	0	3.01464	0	0	0	0	7.01066	4.95875	0	6.23518	7.83985	7.49407	3.96646	8.84442	8.39902	1.31667	5.01491	5.25792	0	5.88405	5.79993	10.60084	6.8625	4.41507	5.37691	7.55367	6.098	0	5.87112	9.6427	3.79623	3.05661	0	0	8.51674	4.23543	0	10.21806	0	0	7.54391	0	0	0	0	5.51173	0	
0	0	0	0	0	0	0	2.87503	0	0	0	0	0	0	0	0	0	0	0	0	0	0	8.79736	0	0	0	0	0	9.16831	0	0	0	0	0	9.72299	0	0	0	0	0	0	0.99669	0	0	0	0	4.01747	0	0	0	0	0	10.78642	0	0	0	7.26024	3.2589	0	4.24335	9.33171	0	0	6.35357	0	3.46772	0	7.90715	6.32824	10.87183	7.89127	8.71229	7.3499	4.32121	7.52225	7.30319	4.14018	0	5.92372	4.44151	8.29219	8.22735	5.31926	0	4.23717	0	4.42622	5.24148	0	0	7.92196	8.17592	0	0	0	0	7.3064	0	0	0	
0	0	0	0	0	0	0	0	4.21083	0	0	0	0	0	0	0	0	0	0	0	0	0	0	0	0	0	0	0	0	0	0	0	0	0	0	0	0	5.65906	0	0	0	0	0	0	0	0	0	0	0	6.58	0	4.97865	0	4.38289	0	0	1.51783	6.97201	0.45702	0	1.31667	0	7.6142	12.25241	7.81857	4.74471	0	0	8.93413	6.35289	0	1.99338	8.07258	8.5687	7.55525	8.06784	0	3.975	4.68361	7.31219	3.8658	9.45473	7.17116	0	0	0	5.69053	0	0	0	0	0	5.36838	8.62821	9.18226	0	0	0	0	0	
0	0	0	0	0	0	0	8.13013	0	0	0	0	0	0	0	0	0	0	0	0	0	0	0	0	0	0	0	0	0	0	0	0	0	0	0	0	0	4.9952	0	6.93231	0	0	0	0	0	0	0	0	0	0	5.0921	0	0	12.57903	8.82232	0	0	6.87674	9.71038	10.52477	0	0.45702	0	7.42392	8.58357	9.86079	0	0	8.57047	4.33499	7.45249	4.95409	5.44608	7.59926	8.88868	7.00758	5.63941	0	8.87552	6.08613	7.42074	10.74848	5.25546	6.07331	4.28612	0	0	0	0	0	5.49123	0	0	0	0	1.81831	0	0	0	0	
0	0	0	0	0	0	0	0	0	0	0	0	0	0	0	0	0	0	0	0	0	0	0	0	0	9.00104	0	0	0	0	0	0	0	0	0	0	0	5.17134	0	0	0	0	0	0	10.09711	0	0	0	8.36354	0	0	0	0	0	0	1.08284	0	0	0	0	0	0	8.12107	0	0	4.69034	5.21973	8.39799	0.80356	6.78554	2.1534	0	6.67892	0	7.76766	5.94809	6.30871	7.16129	6.61793	5.76364	3.98417	0	5.90096	0	7.2368	6.08791	0	0	0	0	8.70503	0	0	0	0	0	0	3.2589	0	0	
0	0	0	0	0	0	0	0	0	0	0	0	4.65687	0	0	0	0	0	0	0	0	0	0	0	0	0	0	0	0	0	0	0	0	0	0	0	0	0	0	0	0	0	0	0	0	0	0	8.3619	0	0	0.45702	0	10.68784	0	0	0	0	0	0	5.61592	0	0	0	6.0662	4.54615	8.71274	9.105	0	10.46858	0	0	11.20202	0	0	0	2.96196	7.16964	9.81727	6.10549	3.69467	0	6.37593	4.74948	4.27967	7.82897	3.0756	7.80946	0.80356	7.86544	0	0	0	0	6.2534	0	0	0	0	0	0	
0	0	0	0	0	0	0	0	0	0	0	0	0	0	0	0	0	0	0	0	0	0	0	0	0	0	0	0	0	0	0	0	9.89452	0	0	0	0	0	0	0	1.08284	0	0	0	0	0	0	0	0	0	0	0	0	0	0	0	3.75609	0	0	0	8.18205	0	0	5.21561	0	6.76441	0	0	6.30575	0	0	0	8.74443	0	0	1.08284	0	0	5.3781	9.97299	5.08091	8.29842	10.89771	0	6.97568	0	2.94653	0	0.45702	0	5.94486	4.45054	5.09203	0	0	0	0	0	0	0	
0	0	0	0	0	0	0	5.28985	0	0	0	0	0	0	0	0	0	0	0	0	0	0	0	0	0	0	0	4.45103	0	0	0	0	0	0	0	0	0	0	0	0	0	0	0	0	0	0	0	0	0	0	0	0	0	0	0	0	0	1.31667	0	0	0	0	0	0	0	0	0	0	0	0	3.29335	5.07489	5.65504	1.31667	0	11.31143	8.63236	0	10.62524	6.72429	0	6.33161	0	8.20128	1.08284	9.23694	0	9.65209	0	0	0	2.45223	0	0	0	10.14965	0	0	0	0	
0	0	0	0	0	0	0	0	0	0	0	0	0	0	0	0	0	0	0	0	10.07982	0	0	0	0	0	0	0	0	0	2.12251	0	0	0	0	0	0	0	0	0	0	0	0	0	0	0	0	0	0	0	0	0	0	0	0	0	0	0	0	11.66307	0	0	0	0	6.1206	9.50221	8.18844	6.7882	0	0	0	0	0	0	0	2.72045	5.27847	1.31667	0	0	3.66332	0	0	0	4.37328	7.29617	7.72996	6.78594	8.1473	0	5.73282	5.99133	11.9908	3.46772	0	7.04247	0	0	0	0	
0	0	0	0	0	0	0	0	0	0	0	0	0	0	0	0	0	0	0	0	0	0	0	0	0	0	0	0	0	0	0	0	0	0	0	0	0	0	0	0	0	0	0	0	0	0	0	0	3.8866	0	0	0	0	0	0	0	0	0	0	0	0	0	0	0	0	0	0	0	0	11.06993	8.93005	9.20157	6.83365	0	9.9175	9.15517	0	8.6632	0	0	0	7.47908	7.67335	0	6.54776	0	9.51035	0	0	6.79445	0	2.08897	3.41657	0	2.24099	0	0	0	0	0	
0	0	0	0	0	0	0	0	0	0	0	0	0	0	0	7.47845	0	0	0	0	0	0	0	0	0	0	0	0	0	0	0	0	0	0	9.24032	0	0	0	0	0	0	0	0	0	0	0	0	0	0	0	0	0	0	0	0	0	0	0	0	0	0	0	0	0	0	0	0	4.92812	0	0	0	0	0	7.52359	0	0	0	5.36401	0	0	0	3.314	0	0	1.82017	0	5.22543	4.02156	7.01778	10.00781	7.94178	0	10.30309	0	0	0	0	0	0	0	
0	0	0	0	0	0	0	0	0	0	0	0	0	0	0	0	0	0	0	0	0	0	0	0	0	0	0	0	0	0	0	0	0	0	0	0	0	0	0	0	0	0	0	0	0	0	0	0	6.54587	1.51783	0	0	0	0	0	0	0	0	0	5.50314	0	0	0	0	0	6.13447	0	0	0	0	0	5.82107	0	0	0	0	0	13.14581	0	5.66007	9.33411	0	0	8.2656	0	0	0	0	0	0	0	0	0	0	0	0	0	0	0	0	
0	0	0	0	0	0	0	0	0	0	0	0	0	0	0	0	0	0	0	0	0	0	0	0	0	0	0	0	0	0	0	0	0	0	0	0	0	0	0	0	0	0	0	0	0	0.45702	0	0	0	0	0	0	0	0	0	2.01113	0	0	11.67446	0	0	0	0	0	6.375	0	0	0	0	0	0	1.08284	0	9.97473	0	0	6.97994	0	0	0	4.19462	4.9831	4.75914	7.1288	0	0	0	8.01844	8.33061	0	4.98015	12.02526	6.84145	0	0	0	0	0	0	0	
0	0	0	0	0	0	0	0	0	0	0	0	0	0	0	0	0	0	0	0	0	0	0	0	0	0	0	0	0	0	0	0	0	0	0	0	0	0	0	0	0	0	0	0	0	0	0	0	0	0	0	0	0	0	0	0	0	0	0	0	0	0	0	0	0	0	0	0	0	0	0	0	0	0	0	0	0	0	0	0	0	0	0	0	0	0	2.72045	0	0	0	0	10.03747	0	0	0	0	0	0	0	0	
0	0	0	0	0	0	0	0	0	0	0	0	0	0	0	0	0	0	0	0	0	0	0	0	0	0	0	0	0	0	0	0	0	0	0	0	0	0	0	0	0	0	0	0	0	0	0	0	0	0	0	0	0	0	0	0	0	0	0	0	0	0	0	0	0	0	0	0	0	0	7.33672	0.45702	0	0	0	0	1.69435	0	0	9.48279	0	0	0	10.48217	0	0	0	1.08284	0	0	6.18216	10.34172	0	0	0	0	0	0	0	0	
0	0	0	0	0	0	0	0	0	0	0	0	0	0	0	0	0	0	0	0	0	0	0	0	0	0	0	0	0	0	0	0	0	0	0	0	0	0	0	0	0	0	0	0	0	0	0	0	0	0	0	0	0	0	0	0	0	0	0	3.41827	0	0	0	0	0	0	0	0	0	0	8.30863	0	0	0	0	0	0	0	0	0	0	0	0	0	0	0	3.314	0	0	0	0	0	0	0	0	0	0	0	0	0	
0	0	0	0	0	0	0	0	0	0	0	0	0	0	0	0	0	0	0	0	0	0	0	0	0	0	0	0	0	0	0	0	0	0	0	0	0	0	0	0	0	0	0	0	0	0	0	0	0	0	0	0	0	0	0	0	0	0	0	0	0	0	0	0	0	0	0	0	0	9.09548	6.56871	0	0	0	0	0	0	0	6.73947	0	0	0	0	0	0	0	0	0	6.73442	5.93091	0	0	0	0	0	0	0	0	0	0	
0	0	0	0	0	0	0	0	0	0	0	0	0	0	0	0	0	0	0	0	0	0	0	0	0	0	0	0	0	0	0	0	0	0	0	0	0	0	0	0	0	0	0	0	0	0	0	0	0	0	0	0	0	0	0	0	0	0	0	0	0	0	0	0	0	0	0	0	0	0	0	0	0	0	0	0	0	0	0	0	0	0	0	0	0	0	2.63645	0	0	0	0	0	0	0	0	0	0	0	0	0	
0	0	0	0	0	0	0	0	0	0	0	0	0	0	0	0	0	0	0	0	0	0	0	0	0	0	0	0	0	0	0	0	0	0	0	0	0	0	0	0	0	0	0	0	0	0	0	0	0	0	0	0	0	0	0	0	0	0	6.61333	0	0	0	0	0	0	0	0	0	0	0	0	0	0	0	0	7.02606	0	0	0	0	0	0	0	0	0	0	0	0	0	0	0	0	0	0	0	0	0	0	0	0	
0	0	0	0	0	0	0	0	0	0	0	0	0	0	0	0	0	0	0	0	0	0	0	0	0	0	0	0	0	0	0	0	8.34547	0	0	0	0	0	0	0	0	0	0	0	0	0	0	0	0	0	5.84932	0	0	0	0	0	0	0	0	0	0	0	0	0	0	0	0	0	0	0	0	0	0	0	0	7.23323	0	0	0	0	0.45702	0	0	0	0	0	0	0	0	0	0	0	0	0	0	0	0	0	0	0	
0	0	0	0	0	0	0	0	0	0	0	0	0	0	0	0	0	0	0	0	0	0	0	0	0	0	0	0	0	0	0	0	0	0	0	0	0	0	0	0	0	0	0	0	0	0	0	0	0	0	0	0	0	0	0	0	0	0	0	0	0	0	0	0	0	0	0	0	0	0	0	0	0	0	0	0	0	0	0	0	0	0	0	0	0	0	0	0	0	0	0	0	0	0	0	0	0	0	0	0	
0	0	0	0	0	0	0	0	0	0	0	0	0	0	0	0	0	0	0	0	0	0	0	0	0	0	0	0	0	0	0	0	0	0	0	0	0	0	0	0	0	0	0	0	0	0	0	0	0	0	0	0	0	0	0	0	0	0	0	0	0	0	0	0	0	0	0	0	0	0	0	0	0	0	0	0	0	0	0	0	0	0	0	0	0	0	0	0	0	0	0	0	0	0	0	0	0	0	0	0	
0	0	0	0	0	0	0	0	0	0	0	0	0	0	0	0	0	0	0	0	0	0	0	0	0	0	0	0	0	0	0	0	0	0	0	0	0	0	0	0	0	0	0	0	0	0	0	0	0	0	0	0	0	0	0	0	0	0	0	0	0	0	0	0	0	0	0	0	0	0	0	0	0	0	0	0	0	0	0	0	0	0	0	0	0	0	0	0	0	0	0	0	0	0	0	0	0	0	0	0	
0	0	0	0	0	0	0	0	0	0	0	0	0	0	0	0	0	0	0	0	0	0	0	0	0	0	0	0	0	0	0	0	0	0	0	0	0	0	0	0	0	0	0	0	0	0	0	0	0	0	0	0	0	0	0	0	0	0	0	0	0	0	0	0	0	0	0	0	0	0	0	0	0	0	0	0	0	0	0	0	0	0	0	0	0	0	0	0	0	0	0	0	0	0	0	0	0	0	0	0	
0	0	0	0	0	0	0	0	0	0	0	0	0	0	0	0	0	0	0	0	0	0	0	0	0	0	0	0	0	0	0	0	0	0	0	0	0	0	0	0	0	0	0	0	0	0	0	0	0	0	0	0	0	0	0	0	0	0	0	0	0	0	0	0	0	0	0	0	0	0	0	0	0	0	0	0	0	0	0	0	0	0	0	0	0	0	0	0	0	0	0	0	0	0	0	0	0	0	0	0	
0	0	0	0	0	0	0	0	0	0	0	0	0	0	0	0	0	0	0	0	0	0	0	0	0	0	0	0	0	0	0	0	0	0	0	0	0	0	0	0	0	0	0	0	0	0	0	10.00592	0	0	0	0	0	0	0	0	0	0	0	0	0	0	0	0	0	0	0	0	0	0	0	0	0	0	8.89022	0	0	0	0	0	0	0	0	0	0	0	0	0	0	0	0	0	0	0	0	0	0	0	0	0	
