0	0	0	0	0	0	0	0	0	0	0	0	0	0	0	0	0	0	0	0	0	0	0	0	0	0	0	0	0	0	0	0	0	0	0	0	0	0	0	0	0	0	0	0	0	0	0	0	0	0	0	10.86212	0	0	0	0	0	0	0	0	0	0	0	0	0	0	0	0	0	0	0	0	0	0	0	0	0	0	0	0	0	0	0	0	0	0	0	0	0	0	0	0	0	0	0	0	0	0	0	0	
0	0	0	0	0	0	0	0	0	0	0	0	0	0	0	0	0	0	0	0	0	0	0	0	0	0	0	0	0	0	0	0	0	0	0	0	0	0	0	0	0	0	0	0	0	0	0	14.42389	0	0	0	0	0	0	0	0	0	0	0	0	0	0	0	14.35729	0	0	0	0	0	0	0	0	0	0	0	0	0	0	0	0	0	0	0	0	0	0	0	0	0	0	0	0	0	0	0	0	0	0	0	0	
0	0	0	0	0	0	0	0	0	0	0	0	0	0	0	0	0	0	0	0	0	0	0	0	0	0	0	0	0	0	0	0	0	0	0	0	0	0	0	0	0	0	0	0	0	0	0	0	0	0	0	0	0	0	11.5065	0	0	0	0	0	0	0	0	0	0	0	0	0	0	0	0	0	0	0	0	0	0	0	0	0	0	0	0	0	0	0	0	0	0	0	0	0	0	0	0	0	0	0	0	0	
0	0	0	0	0	0	0	0	0	0	0	0	0	0	0	0	0	0	0	0	0	0	0	0	0	0	0	0	0	0	0	0	0	0	0	0	0	0	0	0	0	0	0	0	0	0	15.0203	7.70414	0	0	0	0	0	0	0	0	0	0	0	0	0	0	0	0	0	0	0	0	0	0	0	0	0	0	0	0	0	0	0	0	0	0	0	0	0	0	0	0	0	0	0	0	0	0	0	0	0	0	0	0	
0	0	0	0	0	0	0	0	0	0	0	0	0	0	0	0	0	0	0	0	0	0	0	0	0	0	0	0	0	0	0	0	0	0	0	0	0	4.596	0	0	0	0	0	13.36253	0	0	0	0	0	0	0	0	0	0	0	0	0	0	0	0	0	0	0	0	0	0	0	0	0	0	0	0	0	0	0	0	0	0	0	0	0	0	0	0	0	0	0	0	0	0	0	0	0	0	0	0	0	0	0	0	
0	0	0	0	0	0	0	0	0	0	0	0	0	0	0	0	0	0	0	0	0	0	0	0	0	0	0	0	0	0	0	0	0	0	0	0	0	0	0	0	0	0	0	0	0	0	0	0	0	0	0	0	0	0	0	0	0	0	0	0	0	0	0	0	0	0	0	0	0	0	0	0	5.4508	0	0	0	0	0	0	0	0	0	0	0	0	0	0	0	0	0	0	0	0	0	0	0	0	0	0	0	
0	0	0	0	0	0	0	0	0	0	0	0	0	0	0	0	0	0	0	0	0	0	0	0	0	0	0	0	0	0	0	0	0	0	0	0	0	0	0	0	0	0	0	0	0	0	0	0	0	0	0	0	0	0	0	0	0	0	0	0	0	0	0	0	0	0	0	0	0	0	0	0	0	0	10.15283	0	0	0	0	0	0	0	0	0	0	0	0	0	0	0	0	0	0	0	0	0	0	0	0	0	
0	0	0	0	0	0	0	0	0	0	0	0	0	0	0	0	0	0	0	0	0	0	0	0	0	0	0	0	0	0	0	0	0	0	0	0	0	0	0	0	0	0	0	0	0	0	0	0	0	0	0	8.40085	0	0	0	14.47543	0	0	9.85291	0	0	0	0	0	0	0	0	0	0	0	0	0	0	0	0	0	0	0	0	0	0	0	0	0	0	0	0	0	0	0	0	0	0	0	0	0	0	0	0	0	
0	0	0	0	0	0	0	0	0	0	0	0	0	0	0	0	0	0	0	0	0	0	0	0	0	0	0	0	4.7537	0	0	0	0	0	0	0	0	0	0	0	0	0	0	0	0	0	0	0	0	0	0	0	0	0	0	0	0	0	0	0	0	0	0	0	0	0	0	7.00067	0	0	0	0	0	0	0	0	0	0	0	0	0	0	0	0	0	0	0	0	0	0	0	0	0	0	0	0	0	0	0	0	
0	0	0	0	0	0	0	0	0	0	0	0	0	0	0	0	0	0	0	0	0	0	0	0	0	0	0	0	0	0	0	0	0	0	0	0	0	0	0	0	0	0	0	0	0	0	0	0	0	0	0	0	0	0	0	9.69171	0	0	0	0	0	0	0	0	0	0	0	0	0	0	0	0	0	0	0	0	0	0	0	0	0	0	0	0	0	0	0	0	0	0	0	0	0	0	0	0	0	0	0	0	
0	0	0	0	0	0	0	0	0	0	0	0	0	0	0	0	0	0	0	0	0	0	0	0	0	0	0	0	0	0	0	0	0	0	0	0	0	0	0	0	0	0	0	0	0	0	0	0	0	0	0	0	0	0	0	0	0	0	0	0	0	0	0	0	0	0	0	9.90848	0	0	0	0	0	0	0	0	0	0	0	0	0	0	0	0	0	0	0	0	0	0	0	0	0	0	0	0	0	0	0	0	
0	0	0	0	0	0	0	0	0	0	0	0	0	0	0	0	0	0	0	0	0	0	0	0	0	0	0	0	0	0	0	0	0	0	0	0	0	0	0	0	0	0	0	0	0	0	0	0	0	0	0	0	5.43225	0	0	0	5.16942	0	0	0	0	0	0	0	0	0	0	0	0	0	0	5.52269	0	0	0	0	0	0	0	0	0	0	0	0	0	0	0	0	0	0	0	0	0	0	0	0	0	0	0	0	
0	0	0	0	0	0	0	0	0	0	0	0	0	0	0	0	0	0	0	0	0	0	0	0	0	0	0	0	0	0	0	0	0	0	0	0	0	0	0	0	0	0	0	0	0	0	0	0	11.06422	0	0	0	14.0101	0	0	0	0	0	0	0	0	0	0	0	0	0	0	11.2742	0	0	0	0	0	0	0	0	0	0	0	0	0	0	0	0	0	0	0	0	0	0	0	0	0	0	0	0	0	0	0	0	
0	0	0	0	0	0	0	0	0	0	0	0	0	0	0	0	0	0	0	0	0	0	0	0	0	0	0	0	0	0	11.54328	0	0	0	0	0	0	0	0	14.28895	0	0	0	0	0	0	0	8.7046	0	0	0	0	0	0	0	0	0	9.45786	8.08571	0	10.51396	0	0	11.9176	0	0	0	0	0	0	0	0	0	0	0	0	0	0	0	0	0	0	0	0	0	0	0	0	0	0	0	0	0	0	0	0	0	0	0	0	
0	0	0	0	0	0	0	0	0	0	0	0	0	0	0	0	0	0	0	0	0	0	0	0	0	0	0	0	0	0	0	0	0	0	0	0	0	0	0	0	0	0	0	0	0	0	0	0	0	0	0	0	0	0	5.84336	0	0	0	0	0	0	0	0	0	0	0	0	0	0	0	0	0	0	0	0.35535	0	0	0	0	0	0	0	0	0	0	0	0	0	0	0	0	0	0	0	0	0	0	0	0	0	
0	0	0	0	0	0	0	0	0	0	0	0	0	0	0	0	0	0	0	0	0	0	0	0	0	0	0	0	0	0	0	0	0	0	0	0	0	0	0	0	0	0	17.51557	0	0	0	0	0	0	0	0	0	8.52043	0	0	0	0	0	0	11.27143	0	0	0	0	0	0	0	0	0	0	0	5.97754	0	0	0	0	0	0	0	0	0	0	0	0	0	0	0	0	0	0	0	0	0	0	0	0	0	0	0	0	
0	0	0	0	0	0	0	0	0	0	0	0	0	0	0	0	0	0	0	0	0	0	0	0	0	0	0	0	0	0	0	0	0	0	0	0	0	0	0	0	0	0	0	7.42639	0	0	0	10.75621	0	0	0	6.86128	0	0	0	0	0	0	4.57457	0	0	0	0	0	0	0	0	0	0	0	0	0	0	0	0	0	0	0	0	0	0	0	0	0	0	0	0	0	0	0	0	0	0	0	0	0	0	0	0	0	
0	0	0	0	0	0	0	0	0	0	0	0	0	0	0	0	0	0	0	0	0	0	0	0	0	0	0	0	0	0	0	0	0	0	0	0	0	0	0	0	0	0	9.90596	0	0	0	0	0	0	0	0	0	0	0	0	8.29649	0	0	0	0	0	0	0	0	0	0	1.26099	0	7.09544	0	0	0	0	0	0	0	0	0	0	0	0	0	0	0	0	0	0	0	0	0	0	0	0	0	0	0	0	0	0	0	
0	0	0	0	0	0	0	0	0	0	0	0	0	0	0	0	0	0	0	0	0	0	0	0	0	0	0	0	0	0	0	0	0	0	0	0	0	0	0	0	12.45621	0	0	0	0	0	0	0	0	0	0	0	0	0	0	0	0	0	0	0	0	0	0	0	0	0	0	0	0	0	0	0	0	0	0	0	0	0	0	0	0	0	0	0	0	0	0	0	0	0	0	0	0	0	0	0	0	0	0	0	
0	0	0	0	0	0	0	0	0	0	0	0	0	0	0	0	0	0	0	0	0	0	0	0	0	0	0	0	0	0	0	0	0	0	0	0	0	0	0	0	0	0	0	0	0	0	0	10.33077	0	0	9.40038	0	0	0	0	0	0	0	0	0	0	0	0	0	0	0	0	0	0	0	0	0	0	0	0	0	10.06452	0	0	0	0	0	0	0	0	0	0	0	0	0	0	0	0	0	0	0	0	0	0	0	
0	0	0	0	0	0	0	0	0	0	0	0	0	0	0	0	0	0	0	0	0	0	0	0	0	0	0	0	0	0	0	0	0	0	0	0	0	0	0	0	0	0	0	0	0	0	0	9.72161	0	0	10.05999	10.39802	0	0	0	0	7.12417	0	10.48916	0	9.28518	0	0	0	0	11.1896	0	0	0	0	0	0	0	0	0	0	0	0	0	0	0	0	0	0	0	0	0	0	0	0	0	0	0	0	0	0	0	0	0	0	
0	0	0	0	0	0	0	0	0	0	0	0	0	0	0	0	0	0	0	0	0	0	0	0	0	0	0	0	0	0	0	0	0	0	0	0	0	0	0	0	0	11.40642	0	0	0	0	0	0	0	0	0	0	0	0	0	0	0	0	0	0	0	0	0	0	0	0	0	0	0	0	0	0	0	0	0	0	0	0	0	0	0	0	0	0	0	0	0	0	0	0	0	0	0	0	0	0	0	0	0	0	
0	0	0	0	0	0	0	0	0	0	0	0	0	0	0	0	0	0	0	0	0	0	0	0	0	0	0	0	0	0	0	7.77766	0	0	0	0	0	0	0	0	0	0	0	0	0	0	0	7.75545	0	0	0	0	0	0	0	0	0	0	0	0	0	0	0	2.21142	0	0	0	2.02595	0	0	0	0	0	0	0	0	0	0	0	0	0	0	0	0	0	0	0	0	0	0	0	0	0	0	0	0	0	0	0	0	
0	0	0	0	0	0	0	0	0	0	0	0	0	0	0	0	0	0	0	0	0	0	0	0	0	0	0	0	0	0	0	10.04939	0	0	2.71953	0	0	0	0	0	0	0	0	0	0	0	0	0	0	0	0	0	0	0	0	0	0	0	0	0	0	0	0	0	0	0	0	0	0	0	0	0	0	0	0	0	0	0	0	0	0	0	0	0	0	0	0	0	0	0	0	0	0	0	0	0	0	0	0	0	
0	0	0	0	0	0	0	0	0	0	0	0	0	0	0	0	0	0	0	0	0	0	0	0	0	0	0	0	0	0	0	0	0	0	0	0	0	0	0	0	0	0	0	11.07994	0	0	0	0	0	11.66543	0	0	0	0	7.78863	0	0	0	0	0	0	0	0	0	0	0	0	0	0	0	0	0	0	0	0	0	0	0	0	2.16816	0	0	0	0	0	0	0	0	0	0	0	0	0	0	0	0	0	0	0	0	
0	0	0	0	0	0	0	0	0	0	0	0	0	0	0	0	0	0	0	0	0	0	0	0	0	0	0	0	0	0	0	0	8.32442	0	0	0	0	0	0	0	0	0	0	0	0	0	0	4.69267	0	0	9.20238	0	0	0	0	0	0	0	8.30161	0	0	0	0	0	0	0	0	0	0	0	7.79409	0	0	0	0	0	0	0	0	0	0	0	0	0	0	8.58057	0	0	0	0	0	0	0	0	0	0	0	0	0	0	
0	0	0	0	0	0	0	0	0	0	0	0	0	0	0	0	0	0	0	0	0	0	0	0	0	0	0	0	0	0	0	0	0	0	0	0	0	0	0	10.58567	0	0	0	0	16.67483	0	7.47424	0	0	0	0	0	0	0	0	0	0	0	0	0	0	0	0	0	0	0	0	0	0	2.2959	0	0	0	0	0	0	0	0	0	0	0	0	0	0	0	0	0	0	0	0	0	0	0	0	0	0	0	0	0	0	
0	0	0	0	0	0	0	0	0	0	0	0	0	0	0	0	0	0	0	0	0	0	0	0	0	0	0	0	0	0	0	0	0	0	0	10.06527	0	0	0	0	0	0	0	0	0	0	0	9.16958	0	0	0	0	0	6.7298	0	0	0	0	0	0	9.43767	0	0	0	0	0	0	0	0	0	0	0	0	0	0	0	0	0	0	0	0	0	0	0	0	0	0	0	0	0	0	0	0	0	9.678	0	0	0	0	0	
0	0	0	0	0	0	0	0	0	0	0	0	0	0	0	0	0	0	0	0	0	0	0	0	0	0	0	0	0	0	0	0	0	0	0	0	0	0	0	0	0	16.20928	0	0	0	0	0	0	0	0	0	0	0.35535	0	0	0	0	0	0	0	0	0	0	0	0	0	0	1.81311	0	0	0	4.62895	0	0	0	0	0	0	0	0	0	0	0	0	0	0	0	0	0	0	0	0	0	0	0	0	0	0	0	0	
0	0	0	0	0	0	0	0	0	0	0	0	0	0	0	0	0	0	0	0	0	0	0	0	0	0	0	0	0	0	0	0	0	0	0	0	0	0	0	0	9.93876	0	0	0	11.47428	0	0	7.42054	0	0	10.18987	12.63302	0	0	0	10.37696	0	0	10.41613	0	7.51005	0	0	0	0	0	0	0	0.64034	0	0	0	0	0	0	0	0	0	0	0	0	0	0	0	0	0	0	0	0	0	0	0	0	0	0	4.56229	0	0	0	0	
0	0	0	0	0	0	0	0	0	0	0	0	0	0	0	0	0	0	0	0	0	0	0	0	0	0	0	0	0	0	0	0	0	0	0	0	0	0	0	0	0	0	0	0	18.05612	0	0	0	0	0.35535	0	0	8.33194	0	0	0	0	6.51575	0	0	0	7.94889	0	0	0	0	0	0	0	0	0	0	0	0	0	0	0	0	0	0	0	0	0	0	0	0	0	0	0	0	0	0	0	0	0	0	0	0	0	0	
0	0	0	0	0	0	0	0	0	0	0	0	0	0	0	0	0	0	0	0	0	0	0	0	0	0	0	0	0	0	0	0	0	0	0	0	0	0	0	0	0	0	0	11.60836	0	0	14.06964	0	0	0	11.44032	0	0	0	0	0	0	0	0	7.51887	0	0	0	0	9.61772	0	0	10.01941	0	0	0	0	9.77456	0	0	0	3.09456	0	0	0	0	0	0	0	0	0	0	0	0	0	0	0	0	0	0	0	0	0	0	0	
0	0	0	0	0	0	0	0	0	0	0	0	0	0	0	0	0	0	0	0	0	0	0	0	0	0	0	0	0	0	0	0	0	0	0	0	0	0	0	0	0	0	0	0	3.71401	0.35535	0	11.29103	0.35535	0	0	15.32879	5.77902	0	0	4.89584	0	0	0.87814	0	0	0	0	0	0	0	0	10.0038	0	0	0	0	0	9.99829	0	0	0	0	0	0	0	0	0	0	0	0	0	0	0	0	0	0	0	0	0	0	0	0	0	0	
0	0	0	0	0	0	0	0	0	0	0	0	0	0	0	0	0	0	0	0	0	0	0	0	0	0	0	0	0	0	0	0	0	0	0	0	0	18.08568	0	0	0	0	0	0	0	0	0	0	6.0942	0	0	6.34131	0	0	6.35765	0	9.6391	0	0	4.56229	0	1.5633	0	0	0	0	0	0	0	0	0	0	0	0	5.89892	0.64034	0	0	0	0	0	0	0	0	0	0	0	0	0	0	0	0	0	0	0	0	0	0	0	0	
0	0	0	0	0	0	0	0	0	0	0	0	0	0	0	0	0	0	0	0	0	0	0	0	0	0	0	0	0	0	0	0	0	0	0	0	0	0	0	0	0	0	15.96467	0	0	10.3809	0	12.53328	0	0	11.73789	0	10.33015	0	10.06264	0	0	0	0	0	0	0	0	10.26024	0	0	0	3.18596	0	0	9.50632	0	0	0	0	0	0	0	1.26099	0	0	0	0	0	0	0	0	0	0	0	0	0	0	0	0	0	0	0	0	0	
0	0	0	0	0	0	0	0	0	0	0	0	0	0	0	0	0	0	0	0	0	0	0	0	0	0	0	0	0	0	0	0	0	0	0	0	0	0	0	0	0	0	0	0	0	0	0	7.83878	10.85191	0	0	12.7644	0	0	0	0	0	0	0	0	0	0	0	0	0.87814	0	0	0	0	0	0	0	0	0	0	0	0	0	0	0	0	0	0	0	0	0	0	0	0	0	9.09416	0	0	0	0	0	0	0	0	0	
0	0	0	0	0	0	0	0	0	0	0	0	0	0	0	0	0	0	0	0	0	0	0	0	0	0	0	0	0	0	0	0	0	0	0	0	0	0	0	0	0	0	0	0	0	0	0	11.12935	0	0	0	0	7.40221	1.92345	0	0	0	0	11.73463	6.84156	0	0	0	0	0	0	0	0	0	0	0	0	0	0	0	0	0	0	0	0	0	0	0	0	0	0	0	0	0	0	0	0	0	0	0	0	0	0	6.5289	0	
0	0	0	0	0	0	0	0	0	0	0	0	0	0	0	0	0	0	0	0	0	0	0	0	0	0	0	0	0	0	0	0	0	0	0	0	0	0	0	0	0	0	9.63353	0	0	0	0	0	0	9.1458	0	9.43301	0	8.15521	0	0	0	0	0	0	0	0	0	0	12.69845	0	0	0	0	0	0	0	0	0	0	0	14.62879	0	0	0	0	0	0	0	0	0	0	0	0	0	0	0	0	0	0	0	0	0	0	0	
0	0	0	0	0	0	0	0	0	0	0	0	11.92715	0	0	0	0	0	0	0	0	0	0	0	0	0	0	0	0	0	9.99118	0	0	0	0	0	0	0	0	0	0	0	9.23327	0	0	0	0	9.25911	0	0	13.58337	0	0	4.88223	1.81311	0	10.616	0	0	0	0	0	0	9.45786	10.3651	10.70563	0	0	0	0	0	0	0	0	0	0	0	0	0	0	0	0	0	0	0	0	0	0	0	0	0	0	0	0	0	0	0	0	0	0	
0	0	0	0	0	0	0	0	0	0	0	0	0	0	0	0	0	0	0	0	0	0	0	0	0	0	0	0	0	0	0	0	0	0	0	0	0	0	0	0	0	0	0	0	0	11.07611	5.53143	0	3.93034	13.48807	1.08223	8.13404	8.48045	0	11.63268	6.14374	0	0	0	0	11.32943	0	0	0	0	0	0	0	0	6.15737	0	0	0	0	0	0	3.42565	0	0	0	0	0	0	0	0	0	0	0	0	0	0	0	0	0	0	0	0	0	0	0	
0	0	0	0	0	0	0	0	0	0	0	0	0	0	0	8.93613	0	0	0	0	0	0	0	0	0	0	0	0	0	0	0	0	0	0	0	6.76211	11.38111	0	0	0	0	0	0	0.87814	0	10.10497	8.20869	7.545	5.41346	8.59005	0	0	3.46674	0	13.74438	0	0	0	0	7.89573	0	9.28001	0	6.60952	0	7.47424	0	0	11.49579	0	7.15886	0	0	0	0	10.22865	0	4.17306	0	1.5633	0	0	0	0	0	0	0	0	0	0	11.49621	0	0	0	0	0	0	0	0	0	
0	0	0	0	0	0	0	0	0	0	0	0	0	0	0	0	0	0	0	0	0	0	0	0	0	0	11.0764	0	0	0	0	2.71953	0	0	6.0764	0	0	0	0	0	11.29385	0	0	0	0	0	0	0	9.63508	6.0764	5.12097	9.76486	9.47495	0	10.04862	0	7.7272	0	6.05746	0	5.78633	7.30618	0	0	0	8.64444	0	0	0	0	0	0	0	9.84417	0	0	0	0	0	0	0	0	0	0	0	0	0	0	0	0	0	0	0	0	0	0	2.89231	0	0	0	
0	0	0	0	0	0	0	0	0	0	0	0	0	0	0	0	0	0	0	10.02947	0	0	0	0	0	0	0	0	0	0	0	0	0	0	0	0	0	0	0	0	0	0	0	13.11668	0	0	13.32187	12.21825	11.48978	0	7.24107	8.56131	10.63997	0	0	0	13.00237	0	0	8.5155	6.62729	0	0	12.46835	0	8.01113	0	8.83298	0	0	0	0	0	0	0	0	0	0	0	0	0	0	0	0	0	0	0	0	0	0	8.38775	0	0	0	0	0	0	0	0	0	
0	0	0	0	0	0	0	0	0	0	0	0	7.58122	0	0	0	0	0	0	8.33444	0	0	0	0	0	0	0	0	0	0	0	0	0	7.37664	0	0	0	0	0	0	0	10.58882	12.42093	0	9.21652	0	0	5.39407	8.37506	0	3.57215	8.32623	8.84276	5.67818	9.67264	8.19838	5.80194	5.08132	8.24142	0	0	0	0	0	4.12767	0	0	0	0	0	0	0	0	0	0	0	0	0	12.75749	1.5633	0	0	0	0	0	0	0	0	0	0	0	0	0	0	0	0	0	0	0	0	
0	0	0	0	0	0	0	0	0	0	0	0	0	0	0	0	0	0	0	0	0	0	0	14.86414	0	0	0	0	0	0	0	0	0	0	0	0	0	0	12.55802	0	0	0	8.5781	10.06489	5.10934	0	8.85104	5.21657	0	7.93457	9.43126	7.36491	0	0	0	0	0	6.04204	14.18452	10.91213	11.93705	0	0	0	8.30161	0	0.64034	0	0	0	0	0	0	0	0	0	0	0	0	0	0	0	0	0	0	0	0	0	0	0	0	0	0	0	0	0	0	0	0	0	
0	0	8.83739	0	0	0	0	0	0	0	0	0	0	0	0	0	0	0	0	0	0	0	0	0	0	0	0	0	0	0	0	0	0	0	0	0	0	0	0	0	10.12327	0	0	0	0	9.57133	0	6.75744	8.38112	11.53208	0	9.41541	10.13753	9.23316	3.14097	10.19607	0	0	7.09249	4.12767	7.54199	0	8.48262	10.07875	0	0	0	0	0	0	0	7.40197	0	0	0	0	4.23857	0	0	0	0	0	0	0	0	0	0	0	0	0	0	0	0	0	0	0	0	0	0	0	
0	0	0	0	0	0	0	0	0	0	0	10.39802	0	0	0	0	0	0	0	0	0	0	0	0	0	0	0	0	0	0	0	0	7.79045	0	0	0	0	10.38045	14.0039	6.39644	4.36128	7.06266	0	0	13.04736	7.13219	12.42312	9.82283	10.82115	0	10.92814	0	7.46842	7.60442	0	10.75627	5.7513	9.58418	0	0	0	0	0	0	0	0	0	8.67828	0	0	0	0	8.26147	0	0	14.25041	0	0	9.7434	0	0	0	0	0	0	0	0	0	0	0	0	0	0	0	0	8.8416	0	0	0	0	
0	0	0	0	0	0	0	0	0	0	0	0	0	0	0	0	0	0	0	0	0	0	0	0	0	0	0	0	0	0	0	0	0	0	4.21706	7.27838	0	0	0	7.52326	0	12.91647	0	12.14577	15.04547	10.92561	7.46424	9.12349	6.03984	10.0426	10.344	10.67736	1.26099	9.37923	0	0	10.23712	0	0	7.18785	8.16928	0	0.64034	0	0	0	0	0	0	0	0	0	0	0	0	0	0	0	9.54676	0	0	0	0	0	0	0	0	8.41221	0	0	0	0	0	0	0	0	0	0	0	0	
0	0	0	0	0	0	0	0	10.81055	0	10.28273	0	0	0	0	0	0	0	0	0	0	0	0	0	0	0	11.46219	0	0	0	0	0	0	0	0	1.26099	0	12.08648	12.23866	0	9.69591	6.7283	0	9.87882	2.02595	11.63882	8.65159	8.1757	9.93249	10.96274	0	7.23364	0.64034	0	0	0	9.12966	3.18596	0	0	0	0	0.64034	0	0	0	10.63816	0	0	0	0	0	0	0	0	0	0	0	0	0	0	0	0	0	0	0	0	0	0	0	0	0	0	9.57873	0	0	0	0	0	0	
0	0	0	0	0	0	0	0	0	0	0	11.57876	0	0	14.06558	0	0	0	0	0	0	0	0	0	0	0	0	0	0	0	0	11.60163	0	0	6.82032	0	11.70929	0	0	10.42078	2.12168	0	9.70529	11.71787	11.33112	9.15574	11.06373	8.91106	8.47062	9.75418	7.05607	10.83127	10.62225	8.72394	0	4.76855	11.17708	0	0	9.15904	9.65519	5.25635	0	6.73588	0	0	0	0	0	0	0	0	0	1.08223	0	7.84129	0	0	0	0	0	0	0	3.84878	0	0	0	0	0	0	0	0	0	0	0	0	0	0	0	0	
0	0	0	0	0	0	0	0	0	0	0	0	14.12026	0	0	0	0	0	0	0	0	0	0	0	0	0	0	0	0	9.91141	0	0	7.47876	0	3.98226	0	11.44292	0	13.67641	10.73902	10.90721	11.05516	10.42082	11.61739	8.72244	6.63606	10.29029	10.76404	5.2216	8.93591	8.83438	11.99654	10.21992	8.66955	6.21065	9.40973	10.24154	0	0	10.01747	3.60564	0	0	0	0	0	0	0	0	0	0	0	0	10.11986	0	0	0	0	0	0	9.62947	0	0	0	0	0	0	0	0	0	0	0	0	0	0	0	0	0	0	0	
0	0	0	0	0	0	0	13.48459	0	0	0	12.9643	0	0	0	0	0	0	0	0	0	0	0	0	0	0	0	8.24562	0	0	7.58333	0	12.9803	0	0	0	6.47555	9.18973	11.05975	10.05648	10.06747	9.60107	0	11.22545	11.28062	10.32281	9.43315	11.21672	11.36977	9.94389	6.47326	9.57157	11.46618	8.27324	8.32308	6.53922	11.47201	6.19211	11.23696	10.33764	7.27272	12.40653	8.05271	0	10.21315	0	0	0	0	0	0	0	0	9.49854	0	0	0	0	0	0	0	0	0	0	0	0	0	0	0	0	0	0	0	0	0	0	0	0	0	0	
13.43375	0	0	0	0	0	0	0	8.99548	0	0	0	7.09249	0	0	0	0	0	0	0	0	0	0	0	12.06454	0	0	8.10633	0	0	0	0	13.85683	0	11.81506	8.00644	0	5.90541	10.6577	8.09312	8.11798	10.5385	7.12813	9.77803	12.28847	10.47577	10.40445	10.22304	7.9486	6.17122	10.57161	7.21296	8.9894	6.85303	10.1922	9.7974	10.88297	7.62808	0	10.65276	6.67013	0.87814	0	6.19309	0	7.20329	0	0	0	0	2.45136	0	0	0	0	0	0	0	0	0	0	0	5.29093	0	0	8.27529	0	0	0	0	0	0	0	0	0	0	0	0	0	0	
0	0	0	11.63319	0	0	0	0	0	0	0	0	0	0	0	0	0	0	8.55513	0	0	9.93424	0	4.49239	12.17896	6.91353	0	0	10.15319	7.77029	12.22879	0	14.29618	0	0	1.26099	0	10.50241	11.45717	9.29682	9.30136	8.09543	9.87165	9.21688	9.1221	9.98978	9.83196	9.86248	10.76633	6.72685	10.18722	9.28817	10.53799	6.87711	6.8887	10.09237	0	4.09088	5.74941	9.07121	4.51018	4.03237	9.18973	0	0	0	0	0	0	5.42289	0	0	6.05837	0	2.45136	9.51296	11.46176	3.97459	0	1.5633	0	0	0	0	0	0	0	0	0	0	0	0	0	0	0	0	0	0	0	0	
10.11445	0	0	0	12.21419	8.79946	0	0	0	0	0	0	0	0	0	0	0	10.18538	0	0	0	0	0	0	11.14563	0	10.44266	8.3219	0	14.76398	9.9999	0	0	0	10.12025	10.77557	6.08379	11.64881	11.48304	10.62259	8.07794	9.32692	10.11268	9.73529	10.07853	9.50086	9.88845	9.6016	8.76056	10.96136	5.8698	10.09286	11.37506	7.50345	9.98315	10.07926	10.40469	3.52831	5.75711	9.47707	13.70635	0	8.06465	9.8283	10.34044	10.07053	8.89534	0	0	0	0	0	0	0	9.08231	0	0	0	0	0	0	0	0	0	0	0	0	0	0	0	0	0	0	0	0	0	0	0	0	0	
0	0	0	0	0	0	0	0	8.51273	0	9.27871	0	0	0	0	0	11.1705	13.25472	9.8616	7.82107	11.623	7.56979	0	0	0	12.87951	0	11.74202	9.13191	10.83613	0	10.90058	13.31251	8.46383	10.2182	10.77926	9.96509	7.48769	10.34587	10.53688	9.9595	8.82085	5.71907	9.13216	10.13896	8.7112	9.23072	9.63964	9.27547	8.22982	8.97867	11.48189	8.48488	8.39339	5.56304	6.94987	5.66655	9.30124	0	11.15025	5.31817	8.02667	8.39739	0	9.33686	11.45014	1.81311	0	0	0	0	5.8851	0	0	8.40866	0	0	0	8.8321	0	0	0	0	0	0	8.10341	0	0	0	0	0	0	0	0	0	6.27159	0	0	0	0	
0	10.36357	0	0	4.23857	8.11653	0	0	0	0	0	0	0	0	6.76952	10.34479	0	10.88404	10.31046	0	7.65306	0	4.7235	0	0	0	0	0	11.37979	10.39862	7.90564	0	11.81698	4.81798	9.79421	8.28432	10.25492	9.90837	9.35426	9.60226	9.33684	8.61489	9.01556	8.1815	9.48667	9.1832	8.9842	9.65333	8.89466	8.01949	8.07696	8.64055	8.26676	7.05954	8.13481	8.82941	7.05359	8.21377	8.74363	8.80117	0	8.41381	0	11.73636	10.17053	1.5633	5.55901	6.76582	0	0	0	0	0	0	0	5.38482	0	0	0	0	9.04693	0	0	0	0	0	0	0	0	0	0	0	0	0	0	0	0	0	0	0	
0	12.07093	8.95817	0	8.98049	0	0	0	0	0	9.39281	0	0	0	8.58691	7.57278	0	6.75093	0	0	7.1101	5.64852	9.38628	9.39041	10.49866	7.94889	0	6.51252	10.16552	8.39535	13.84088	11.16594	10.8746	10.66575	10.09774	5.35414	8.7486	9.41429	8.34382	8.32569	8.77761	9.3964	7.9701	7.79681	7.20939	7.84982	9.09394	7.91076	9.24992	8.5172	7.98253	9.36912	8.5901	7.85575	7.89431	7.18468	7.99693	5.13209	7.89947	11.38096	0	8.34689	11.37834	10.76916	2.7254	9.61001	0.35535	0	0	0.35535	0	8.97737	0	1.69359	9.5708	0	7.4514	0	0	0	0	0	0	5.10078	0	2.23719	0	0	0	0	0	0	0	0	0	0	0	0	0	0	
0	0	0	0	0	0	0	0	9.25714	0	10.37696	11.76582	0	0	0	0	0	0	9.97726	0	8.08571	0	0	0	0	12.56927	11.01031	0	6.38684	9.10151	8.35436	9.28001	7.89404	9.36492	9.71291	9.54867	7.99791	8.80488	9.67949	10.13523	8.18391	8.97053	8.80331	8.01954	8.34398	8.04599	8.3346	7.63534	8.91569	8.92718	8.71657	7.97368	8.36861	7.80627	7.1323	8.98533	8.38715	9.9678	10.83083	9.08714	10.24395	5.03319	10.72692	6.248	0	8.11642	0	9.17077	0	0	0	0	0	0	0	0	0	0	0	0	0	8.98148	0	0	0	0	0	9.65394	5.61603	6.55055	0	0	0	0	0	0	0	0	0	0	
0	0	0	0	0	0	0	0	11.08756	7.93887	3.04708	4.12767	0	12.83774	0	0	0	8.63737	11.30176	4.76652	0	0	0.87814	8.80081	9.95996	6.07042	5.61603	9.86055	7.44671	10.02876	0	7.79777	5.48012	5.2121	7.2461	9.51305	9.61546	8.2515	7.52046	5.51647	7.83712	9.1758	8.58792	9.72974	7.07747	7.7613	8.10642	8.51961	7.05793	9.63805	8.10855	7.61736	7.18332	6.61009	8.21235	8.02942	7.16694	8.17638	8.02358	7.20751	6.01178	9.62239	9.91447	5.95173	1.99686	8.74457	9.41659	0	0	0	0	0	0	10.9968	7.91756	0	0	0	12.67842	0	0	0	0	0	0	0	0	0	9.10664	0	1.08223	0	0	0	0	0	0	0	0	0	
0	0	11.46732	7.57211	0	7.06567	0	2.71953	9.90512	0	0	0	0	0	0	0	0	8.40186	0	0	0	0	0	12.73011	0	9.67603	0	10.38534	8.05422	8.45465	0	9.82845	0	9.88096	7.0634	8.07517	8.62376	6.80665	3.14043	8.71568	8.84568	9.29289	6.18227	8.35841	8.0322	7.83598	6.37369	9.58206	8.92385	7.87096	7.53195	8.29718	8.47015	8.65912	8.82265	7.2123	7.91283	10.90444	8.44634	7.73781	10.2552	8.03418	8.4039	9.85247	5.38495	0	0	7.22275	3.0466	5.53751	4.60254	0	8.86531	0	1.14911	0	6.9887	0	0	0	0	0	4.6782	0	0	0	0	0	0	0	0	0	0	0	0	0	0	0	0	0	
0	0	0	0	0	0	0	0	0	0	10.35405	8.799	8.75665	0	12.81817	0	0	7.82818	0	6.21847	0	0	0	0	0	0	9.54514	6.39165	4.89181	0	8.77107	9.71243	6.9766	8.45233	5.2124	8.39429	8.92097	8.35398	7.62332	10.13206	9.04606	7.78531	6.63618	7.23601	7.43712	8.7156	5.62166	7.80281	7.50422	6.68083	8.00134	9.86219	9.5365	7.88655	8.22028	7.25112	6.84796	8.16489	9.18372	7.58441	10.10738	7.35656	8.98801	6.62312	5.40398	6.49046	8.63434	4.61638	0	0	9.66167	0	7.76968	1.69597	0	12.83999	0	0	5.09762	0	0	0	0	0	0	0	0	0	6.85775	0	0	0	0	0	0	0	0	0	0	0	
0	0	0	0	0	0	0	0	0	10.5552	0	0	8.94351	0	0	0	0	0	0	0	0	0	0	9.49864	0	0	7.39156	0	0	5.03447	6.6564	0	0	7.00686	4.85464	7.82107	7.39505	0.87814	2.37571	9.79239	5.31704	9.52559	4.48109	7.05943	10.17131	10.43382	7.84265	7.70595	9.70211	7.41737	7.7969	9.30791	7.34997	6.31726	9.8414	8.0738	8.68142	6.64215	5.03282	7.77357	7.55446	7.46564	3.70113	10.24793	7.78257	6.04364	8.68221	10.46712	7.419	0	0	10.88148	0	5.70369	0	3.2719	9.55642	0	0	0	0	0	0	0	7.73289	0	0	3.79173	0	0	0	9.30316	0	0	0	0	9.99118	0	0	0	
0	0	0	0	0	0	0	0	0	0	0	9.8711	0	0	0	0	0	7.55601	11.46219	0	0	0	0	3.18596	0	0	0	6.5289	0	0	0	0	6.34879	6.74861	6.78449	0	4.71548	8.88141	2.80127	4.47698	6.71268	9.52152	7.2426	1.91027	0	8.12348	7.32254	5.34726	7.83132	6.31151	8.01727	9.76575	8.17581	5.78142	7.52008	6.1883	7.25824	7.8594	7.66746	8.35339	7.2607	5.90502	0	6.33592	8.05897	0	5.97741	9.04999	8.438	8.93961	0	0	4.15054	4.19522	0	9.96843	0	8.14955	0	0	0	7.57875	0	0	0	0	0	0	0	0	0	0	0	0	0	0	0	0	0	0	
0	0	0	0	7.60381	0	0	0	0	0	8.73045	0	5.9966	0	0	9.10591	0	0	7.27008	0	5.59633	10.82994	0	0	0	10.13179	6.42954	0	0	4.62794	0	8.80406	11.78021	0	0	7.50118	8.78537	2.71953	10.34044	10.1588	7.10346	8.44842	6.9105	8.63535	7.97403	5.90829	11.71566	5.82903	7.49447	8.38045	9.44847	5.73194	8.25779	7.70042	5.93965	8.24749	6.38523	9.52548	4.35497	8.0598	5.34656	8.35128	5.13858	6.09013	8.11662	0	10.23629	11.32133	0	1.5633	8.53872	7.50118	8.06866	13.17404	10.5371	0	6.20852	0	0	0	7.59171	0	0	0.64034	0	1.08223	0	0	0	6.97248	0	0	0	0	0	0	0	0	0	0	
0	0	0	0	0	0	0	0	0	0	0	6.48007	2.43277	0	0	5.09762	0	0	0	4.7537	2.02595	0	0.64034	0	0	0	0	0	0	5.53617	5.4508	5.50734	0	0	0	8.84442	0	0	0	5.32575	5.67954	7.13844	5.09356	5.56104	8.65785	6.04875	5.38403	8.43172	6.84542	5.41049	0	0	8.22493	9.61619	0.87814	8.48946	8.95641	6.94131	6.73401	7.5438	8.39215	7.96187	8.84188	7.86355	7.26939	5.66035	5.65654	8.84292	3.14097	8.54709	0	6.32535	9.242	9.87497	11.84112	0	6.42954	0	8.39914	0	0	0	0	0	0	0	0	0	0	0	0	0	0	0	0	0	0	0	0	0	
0	0	0	5.9452	0	0	0	0	0	0	0	0	0	0	0	0	10.17879	0	0	0	0	0	8.94923	0	0	0	7.26489	8.35473	10.31662	9.0138	0	0	0.87814	0	0	10.403	0	0.64034	7.71957	4.1067	5.48764	0	3.14097	0	3.2529	12.35022	7.53089	7.42115	7.43712	6.36137	6.35482	6.97093	8.21008	8.66419	8.38885	8.42192	8.86149	6.75777	8.29135	7.15879	7.98862	10.12182	8.78484	7.13154	7.87224	9.61792	5.7214	6.61775	9.70502	8.67275	4.69423	9.56542	6.7779	2.56038	7.12997	0	12.44772	0	7.47464	9.54298	1.31545	7.21418	10.47931	0	0	4.84065	0	0	0	0	0	0	0	0	0	0	0	1.08223	0	11.28151	
0	0	4.87779	0	0	0	0	0	0	0	0	0	0	0	0	0	0	0	0	0	6.83804	0	0	0	0	10.22329	0	9.21983	0	10.3651	0	9.91726	9.397	0	7.87185	0	0	8.80636	6.40961	0	8.83033	0	0	6.30157	11.63585	8.43451	1.65652	5.27069	8.50165	6.80613	6.9036	9.38801	7.72059	7.84215	5.45768	8.69154	0	7.22632	7.08618	8.32792	3.72166	8.84898	6.73738	2.24621	5.43218	10.03135	6.04245	0	8.01464	4.533	6.44064	7.05466	7.89507	8.01879	0.64034	0	7.29862	0	2.14278	7.39505	0	5.64714	0	0	0	0	0	0	7.82946	0	0	0	0	0	0	0	6.00917	0	0	0	
0	0	0	0	1.92345	0	0	0	0	0	0	0	8.99813	0	0	0	0	0	0	0	11.33662	6.19665	0	0	0	0	0	9.53396	0	0	0	0	9.80821	0	0	0	7.09249	0	2.77945	8.62518	0	0	4.04125	0	10.17636	0	6.49763	9.53594	2.2959	6.53744	7.04446	5.48889	10.21586	5.92933	9.05245	2.96061	0	6.11856	6.05576	4.24335	7.14883	8.60655	9.34012	7.89093	7.29309	10.64052	6.30649	5.55302	6.87282	6.41937	8.30204	0	0	8.65944	0	7.81943	5.58938	6.37198	0	0	0	0	0	0	8.26932	0	0	0	0	0	0	0	0	0	0	0	8.58377	0	0	0	
0	0	0	0	0	0	0	0	9.4924	0	0	0	4.0568	0	0	0	9.37896	2.2959	7.17009	0	0	0	0	0	6.26719	0	0	0	0	0	0	0	0	0	7.66502	8.0648	0	6.0644	0	0	0	0	8.97188	10.90163	0	9.23751	10.32764	8.14529	0	5.75853	0	8.76976	9.8109	8.19998	0	7.96833	0	9.9507	0	4.55588	8.19766	9.78602	5.99174	8.30798	7.03564	6.49075	7.22872	5.0779	9.82341	6.87783	9.11969	5.03606	8.65066	8.4438	7.79655	5.43555	9.6069	10.90268	0	0.64034	8.8944	5.5995	9.72774	0	3.79167	0.35535	8.95979	4.79783	7.76844	0	4.00025	0	0	9.13726	0	0	0	0	0	0	
0	0	0	0	0	0	0	0	0	0	0	0	0	0	0	0	0	0	0	0	5.09488	0	0	0	0	0	0	0	0	6.81317	0	0	0	0	6.14634	0	0	0	0	0	9.4952	0	8.45073	8.81877	4.72491	0	0	4.61257	5.90541	5.61257	11.29328	0	0	6.62347	3.41561	7.16453	0	0	7.23455	9.04572	9.26894	6.02565	6.65874	6.17095	7.48496	7.8789	3.10418	3.68969	5.89986	5.94391	10.20054	7.41557	4.10474	6.69427	7.10402	0	4.07019	0	5.75845	0	0	0	3.93034	0	0	0	7.11385	0	0	0	0	0	0	0	0	0	0	0	0	0	
0	0	0	0	8.24429	0	0	0	0	0	0	14.4718	0	4.89584	0	0	0	0	0	0	0	0	0	0	0	0	0	0	0	0	0	0	0	0	0	0	0	0	0	7.91074	0	0	6.39165	0	5.1273	0	1.63811	4.23857	0	0	4.89584	0	0	0	9.58923	0	0	0.35535	0	8.41811	6.2091	1.26099	7.73544	7.94855	7.66088	0	3.31531	5.15254	9.72427	6.76784	9.32761	10.109	9.21453	5.6943	0	0	5.75711	6.23461	8.30756	6.11179	6.96926	8.84354	2.52321	0	0.87814	0	6.54625	10.43428	0	5.28664	0	0	0	0	8.11363	0	0	0	0	0	
0	0	0	0	0	0	0	0	0	0	0	0	0	0	0	0	0	7.17742	0	0	0	7.13612	9.41659	0	0	0	8.91207	0	0	0	0	0	0	9.8211	7.29929	0	0	0	0	0	0	0	0	0	0	0	0	0	0.64034	0	6.02782	0	0	0	0	8.95755	9.58065	9.68772	5.79362	7.2169	0	6.26746	5.49898	0	7.91063	7.14791	6.23194	7.77605	4.47324	4.14061	9.24914	6.71624	6.48185	4.3038	7.00506	7.16148	5.2977	0	9.59132	7.13246	0	0	6.88841	0	7.3513	8.52799	0	7.94562	0	11.41729	0	0	0	0	0	0	9.20039	0	0	0	
0	0	0	0	0	0	0	0	6.89435	0	0	0	0	0	0	0	0	0	0	0	0	0	0	0	0	0	0	1.08223	0	11.02917	0	0	0	0	0	0	0	0	0	8.76176	0	0	0	0	0	4.98761	0	9.89033	10.22195	0	0	8.98546	0	0	0	0	0	0	8.28819	0	9.24727	0	8.66504	10.38087	9.68016	5.43011	6.3103	0	0	7.45357	8.90266	8.68025	8.69888	6.14666	8.99036	8.03186	1.29583	0	2.89231	9.29016	6.32152	7.64825	10.1546	10.23377	10.06637	0	0.35535	0	0	0	4.45613	0	9.12432	0	0	0	0	0	0	0	
0	0	0	0	0	0	0	0	0	0	0	0	0	11.20812	0	0	0	0	0	2.21142	0	0	0	0	0	4.00244	0	0	0	0	0	0	0	0	7.70226	0	0	6.41684	0	0	10.34293	0	7.96511	8.80532	0	0	0	0	0	0	6.18562	7.70226	0	0	2.89231	0	0	0	0	7.1923	3.78512	0	6.4296	8.86531	5.99027	4.58806	9.64633	8.26671	0.35535	5.38673	6.05213	0	6.47623	5.92157	9.94082	7.62755	4.95421	6.31614	8.20663	4.82795	0	5.85134	11.79288	3.91899	3.99582	0	0	5.95173	5.7965	0	9.89669	0	0	5.14395	0	0	0	0	4.81197	0	
0	0	0	0	0	0	0	0.64034	0	0	0	0	0	0	0	0	0	0	0	0	0	0	2.77945	0	0	0	0	0	9.75883	0	0	0	0	0	9.90257	0	0	0.35535	0	0	0	0.96173	0	0	0	0	4.75296	0	0	0	0	0	10.71669	0	0	0	4.94104	5.0858	0	4.68553	7.37182	0	0	7.17564	0	2.12168	0	8.17368	7.04792	9.39401	8.83611	7.40007	8.61904	5.65064	4.47438	7.54288	3.68242	0	6.49506	4.4215	8.16825	8.28266	3.74837	0	6.03812	0	2.52321	5.5834	0	0	10.86731	8.37023	0	0	0	0	8.09016	0	0	0	
0	0	0	0	0	0	0	0	1.42008	0	0	0	0	0	0	0	0	0	0	0	0	0	0	0	0	0	0	0	0	0	0	0	0	0	0	0	0	6.97586	0	0	0	0	0	0	0	0	0	0	0	1.81311	0	5.67546	0	4.48117	0	0	5.46911	6.68115	0	0	3.31304	0	8.0033	11.32158	7.50118	6.30249	0	0	8.21325	6.99672	0	3.60564	6.32938	9.42031	7.84774	6.13755	0	3.4351	5.11101	7.62711	4.19874	9.16326	6.50691	0	0	0	5.74147	0	0	0	0	0	5.55743	8.79826	9.28389	0	0	0	0	0	
0	0	0	0	0	0	0	8.3641	0	0	0	0	0	0	0	0	0	0	0	0	0	0	0	0	0	0	0	0	0	0	0	0	0	0	0	0	0	4.65918	0	5.63237	0	0	0	0	0	0	0	0	0	0	5.12105	0	0	9.51516	11.24288	0	0	6.51416	10.39294	11.53828	0	2.65702	0	7.61523	8.9844	9.66266	0	0	9.28368	4.84554	8.35944	6.16704	6.51429	8.22815	5.77902	7.53651	5.14976	0	8.72941	9.02387	8.15975	10.36234	5.10972	5.3216	4.76191	0	0	0.72834	0	0	5.12097	0	0	0	0	2.12882	0	0	0	0	
0	0	0	0	0	0	0	0	0	0	0	0	0	0	0	0	0	0	0	0	0	0	0	0	0	9.82386	0	0	0	0	0	0	0	0	0	0	0	5.37514	0	0	0	0	0	0	8.37749	0	0	0	7.90585	0	0	0	0	0	0	1.92345	0	0	0	0	0	0	8.40244	0	0	6.92589	4.68455	8.91809	0.35535	6.95706	1.81363	0	7.9762	0	8.58691	6.46634	3.82054	7.18236	6.50594	6.98715	4.64531	0	6.25166	0	7.84405	6.66708	0	0	0	0	9.7537	0	0	0	0	0	0	3.93034	0	0	
0	0	0	0	0	0	0	0	0	0	0	0	5.64047	0	0	0	0	0	0	0	0	0	0	0	0	0	0	0	0	0	0	0	0	0	0	0	0	0	0	0	0	0	0	0	0	0	0	7.74984	0	0	3.57215	0	8.69685	0	0	0	0	0	0	6.41352	0	0	0	5.4642	2.94559	6.82388	9.4979	0	10.82883	0	0	10.15813	0	0	0	6.75841	7.07214	9.45359	4.9545	4.59029	0	6.49386	4.8395	3.31901	5.98396	4.6202	4.52825	0.35535	9.55481	0	0	0	0	8.01581	0	0	0	0	0	0	
0	0	0	0	0	0	0	0	0	0	0	0	0	0	0	0	0	0	0	0	0	0	0	0	0	0	0	0	0	0	0	0	10.05621	0	0	0	0	0	0	0	0.64034	0	0	0	0	0	0	0	0	0	0	0	0	0	0	0	6.35046	0	0	0	7.99393	0	0	5.86983	0	8.66742	0	0	6.79099	0	0	0	10.47677	0	0	3.90366	0	0	6.36943	8.68	8.02897	7.06567	10.4019	0	6.59709	0	2.2959	0	0	1.26099	5.75552	5.55283	6.08371	0	0	0	0	0	0	0	
0	0	0	0	0	0	0	5.325	0	0	0	0	0	0	0	0	0	0	0	0	0	0	0	0	0	0	0	5.32575	0	0	0	0	0	0	0	0	0	0	0	0	0	0	0	0	0	0	0	0	0	0	0	0	0	0	0	0	0	1.26099	0	0	0	0	0	0	0	0	0	0	0	0	3.05881	4.22448	5.99625	1.26099	0	11.02705	6.79514	0	10.42395	4.97485	0	5.61699	0	7.82995	2.02595	8.52833	0	11.35145	0	0	0	0.87814	0	0	0	10.43167	0	0	0	0	
0	0	0	0	0	0	0	0	0	0	0	0	0	0	0	0	0	0	0	0	7.04751	0	0	0	0	0	0	0	0	0	2.45136	0	0	0	0	0	0	0	0	0	0	0	0	0	0	0	0	0	0	0	0	0	0	0	0	0	0	0	0	11.46233	0	0	0	0	5.87827	8.52809	7.28049	7.87602	0	0	0	0	0	0	0	3.22957	4.20255	0.35535	0	0	3.19583	0	0	0	6.03486	5.99027	7.88782	6.16014	8.4622	0	6.84156	6.75466	10.63946	1.5633	0	7.39265	0	0	0	0	
0	0	0	0	0	0	0	0	0	0	0	0	0	0	0	0	0	0	0	0	0	0	0	0	0	0	0	0	0	0	0	0	0	0	0	0	0	0	0	0	0	0	0	0	0	0	0	0	5.02522	0	0	0	0	0	0	0	0	0	0	0	0	0	0	0	0	0	0	0	0	10.38603	9.9888	8.13385	7.19985	0	8.95736	8.22691	0	8.92207	0	0	0	7.70998	8.29007	0	4.38718	0	2.59166	0	0	3.95136	0	2.89923	3.32622	0	5.59116	0	0	0	0	0	
0	0	0	0	0	0	0	0	0	0	0	0	0	0	0	8.8748	0	0	0	0	0	0	0	0	0	0	0	0	0	0	0	0	0	0	8.73613	0	0	0	0	0	0	0	0	0	0	0	0	0	0	0	0	0	0	0	0	0	0	0	0	0	0	0	0	0	0	0	0	6.75839	0	0	0	0	0	6.75466	0	0	0	5.2905	0	0	0	2.21142	0	0	3.53619	0	6.54265	3.91321	8.65548	9.8085	9.67159	0	9.43592	0	0	0	0	0	0	0	
0	0	0	0	0	0	0	0	0	0	0	0	0	0	0	0	0	0	0	0	0	0	0	0	0	0	0	0	0	0	0	0	0	0	0	0	0	0	0	0	0	0	0	0	0	0	0	0	7.13038	4.596	0	0	0	0	0	0	0	0	0	7.92919	0	0	0	0	0	4.73563	0	0	0	0	0	7.35376	0	0	0	0	0	12.63549	0	5.54352	11.36897	0	0	8.54761	0	0	0	0	0	0	0	0	0	0	0	0	0	0	0	0	
0	0	0	0	0	0	0	0	0	0	0	0	0	0	0	0	0	0	0	2.77945	0	0	0	0	0	0	0	0	0	0	0	0	0	0	0	0	0	0	0	0	0	0	0	0	0	0	0	0	0	0	0	0	0	0	0	2.53341	0	0	11.32315	0	0	0	0	0	6.62185	0	0	0	0	0	0	4.88223	0	9.48173	0	0	7.75358	0	0	0	6.06947	5.65211	5.69763	8.1465	0	0	0	8.06329	6.66955	0	4.57924	13.12941	10.01864	0	0	0	0	0	0	0	
0	0	0	0	0	0	0	0	0	0	0	0	0	0	0	0	0	0	0	0	0	0	0	0	0	0	0	0	0	0	0	0	0	0	0	0	0	0	0	0	0	0	0	0	0	0	0	0	0	0	0	0	0	0	0	0	0	0	0	0	0	0	0	0	0	0	0	0	0	0	0	0	0	0	0	0	0	0	0	0	0	0	0	0	0	0	1.5633	0	0	0	0	9.38077	0	0	0	0	0	0	0	0	
0	0	0	0	0	0	0	0	0	0	0	0	0	0	0	0	0	0	0	0	0	0	0	0	0	0	0	0	0	0	0	0	0	0	0	0	0	0	0	0	0	0	0	0	0	0	0	0	0	0	0	0	0	0	0	0	0	0	0	0	0	0	0	0	0	0	0	0	0	0	8.3939	0	0	0	0	0	0.87814	0	0	10.06625	0	0	0	10.56746	0	0	0	2.65702	0	0	3.36939	9.77961	0	0	0	0	0	0	0	0	
0	0	0	0	0	0	0	0	0	0	0	0	0	0	0	0	0	0	0	0	0	0	0	0	0	0	0	0	0	0	0	0	0	0	0	0	0	0	0	0	0	0	0	0	0	0	0	0	0	0	0	0	0	0	0	0	0	0	0	3.14097	0	0	0	0	0	0	0	0	0	0	7.2223	0	0	0	0	0	0	0	0	0	0	0	0	0	0	0	5.95822	0	0	0	0	0	0	0	0	0	0	0	0	0	
0	0	0	0	0	0	0	0	0	0	0	0	0	0	0	0	0	0	0	0	0	0	0	0	0	0	0	0	0	0	0	0	0	0	0	0	0	0	0	0	0	0	0	0	0	0	0	0	0	0	0	0	0	0	0	0	0	0	0	0	0	0	0	0	0	0	0	0	0	9.47382	5.01279	0	0	0	0	0	0	0	8.82234	0	0	0	0	0	0	0	0	0	6.78787	5.9966	0	0	0	0	0	0	0	0	0	0	
0	0	0	0	0	0	0	0	0	0	0	0	0	0	0	0	0	0	0	0	0	0	0	0	0	0	0	0	0	0	0	0	0	0	0	0	0	0	0	0	0	0	0	0	0	0	0	0	0	0	0	0	0	0	0	0	0	0	0	0	0	0	0	0	0	0	0	0	0	0	0	0	0	0	0	0	0	0	0	0	0	0	0	0	0	0	3.70168	0	0	0	0	0	0	0	0	0	0	0	0	0	
0	0	0	0	0	0	0	0	0	0	0	0	0	0	0	0	0	0	0	0	0	0	0	0	0	0	0	0	0	0	0	0	0	0	0	0	0	0	0	0	0	0	0	0	0	0	0	0	0	0	0	0	0	0	0	0	0	0	6.97568	0	0	0	0	0	0	0	0	0	0	0	0	0	0	0	0	6.62185	0	0	0	0	0	0	0	0	0	0	0	0	0	0	0	0	0	0	0	0	0	0	0	0	
0	0	0	0	0	0	0	0	0	0	0	0	0	0	0	0	0	0	0	0	0	0	0	0	0	0	0	0	0	0	0	0	10.22363	0	0	0	0	0	0	0	0	0	0	0	0	0	0	0	0	0	8.31433	0	0	0	0	0	0	0	0	0	0	0	0	0	0	0	0	0	0	0	0	0	0	0	0	6.08829	0	0	0	0	0	0	0	0	0	0	0	0	0	0	0	0	0	0	0	0	0	0	0	0	
0	0	0	0	0	0	0	0	0	0	0	0	0	0	0	0	0	0	0	0	0	0	0	0	0	0	0	0	0	0	0	0	0	0	0	0	0	0	0	0	0	0	0	0	0	0	0	0	0	0	0	0	0	0	0	0	0	0	0	0	0	0	0	0	0	0	0	0	0	0	0	0	0	0	0	0	0	0	0	0	0	0	0	0	0	0	0	0	0	0	0	0	0	0	0	0	0	0	0	0	
0	0	0	0	0	0	0	0	0	0	0	0	0	0	0	0	0	0	0	0	0	0	0	0	0	0	0	0	0	0	0	0	0	0	0	0	0	0	0	0	0	0	0	0	0	0	0	0	0	0	0	0	0	0	0	0	0	0	0	0	0	0	0	0	0	0	0	0	0	0	0	0	0	0	0	0	0	0	0	0	0	0	0	0	0	0	0	0	0	0	0	0	0	0	0	0	0	0	0	0	
0	0	0	0	0	0	0	0	0	0	0	0	0	0	0	0	0	0	0	0	0	0	0	0	0	0	0	0	0	0	0	0	0	0	0	0	0	0	0	0	0	0	0	0	0	0	0	0	0	0	0	0	0	0	0	0	0	0	0	0	0	0	0	0	0	0	0	0	0	0	0	0	0	0	0	0	0	0	0	0	0	0	0	0	0	0	0	0	0	0	0	0	0	0	0	0	0	0	0	0	
0	0	0	0	0	0	0	0	0	0	0	0	0	0	0	0	0	0	0	0	0	0	0	0	0	0	0	0	0	0	0	0	0	0	0	0	0	0	0	0	0	0	0	0	0	0	0	0	0	0	0	0	0	0	0	0	0	0	0	0	0	0	0	0	0	0	0	0	0	0	0	0	0	0	0	0	0	0	0	0	0	0	0	0	0	0	0	0	0	0	0	0	0	0	0	0	0	0	0	0	
0	0	0	0	0	0	0	0	0	0	0	0	0	0	0	0	0	0	0	0	0	0	0	0	0	0	0	0	0	0	0	0	0	0	0	0	0	0	0	0	0	0	0	0	0	0	0	0	0	0	0	0	0	0	0	0	0	0	0	0	0	0	0	0	0	0	0	0	0	0	0	0	0	0	0	0	0	0	0	0	0	0.35535	0	0	0	0	0	0	0	0	0	0	0	0	0	0	0	0	0	0	
0	0	0	0	0	0	0	0	0	0	0	0	0	0	0	0	0	0	0	0	0	0	0	0	0	0	0	0	0	0	0	0	0	0	0	0	0	0	0	0	0	0	0	0	0	0	0	11.62364	0	0	0	0	0	0	0	0	0	0	0	0	0	0	0	0	0	0	0	0	0	0	0	0	0	0	9.94584	0	0	0	0	0	0	0	0	0	0	0	0	0	0	0	0	0	0	0	0	0	0	0	0	0	
