0	0	0	0	0	0	0	0	0	0	0	0	0	0	0	0	0	0	0	0	0	0	0	0	0	0	0	0	0	0	0	0	0	0	0	0	0	0	0	0	0	0	0	0	0	0	0	0	0	0	0	10.49257	0	0	0	0	0	0	0	0	0	0	0	0	0	0	0	0	0	0	0	0	0	0	0	0	0	0	0	0	0	0	0	0	0	0	0	0	0	0	0	0	0	0	0	0	0	0	0	0	
0	0	0	0	0	0	0	0	0	0	0	0	0	0	0	0	0	0	0	0	0	0	0	0	0	0	0	0	0	0	0	0	0	0	0	0	0	0	0	0	0	0	0	0	0	0	0	13.78847	0	0	0	0	0	0	0	0	0	0	0	0	0	0	0	8.62921	0	0	0	0	0	0	0	0	0	0	0	0	0	0	0	0	0	0	0	0	0	0	0	0	0	0	0	0	0	0	0	0	0	0	0	0	
0	0	0	0	0	0	0	0	0	0	0	0	0	0	0	0	0	0	0	0	0	0	0	0	0	0	0	0	0	0	0	0	0	0	0	0	0	0	0	0	0	0	0	0	0	0	0	0	0	0	0	0	0	0	9.51454	0	0	0	0	0	0	0	0	0	0	0	0	0	0	0	0	0	0	0	0	0	0	0	0	0	0	0	0	0	0	0	0	0	0	0	0	0	0	0	0	0	0	0	0	0	
0	0	0	0	0	0	0	0	0	0	0	0	0	0	0	0	0	0	0	0	0	0	0	0	0	0	0	0	0	0	0	0	0	0	0	0	0	0	0	0	0	0	0	0	0	0	13.45812	10.21951	0	0	0	0	0	0	0	0	0	0	0	0	0	0	0	0	0	0	0	0	0	0	0	0	0	0	0	0	0	0	0	0	0	0	0	0	0	0	0	0	0	0	0	0	0	0	0	0	0	0	0	0	
0	0	0	0	0	0	0	0	0	0	0	0	0	0	0	0	0	0	0	0	0	0	0	0	0	0	0	0	0	0	0	0	0	0	0	0	0	6.75514	0	0	0	0	0	12.14906	0	0	0	0	0	0	0	0	0	0	0	0	0	0	0	0	0	0	0	0	0	0	0	0	0	0	0	0	0	0	0	0	0	0	0	0	0	0	0	0	0	0	0	0	0	0	0	0	0	0	0	0	0	0	0	0	
0	0	0	0	0	0	0	0	0	0	0	0	0	0	0	0	0	0	0	0	0	0	0	0	0	0	0	0	0	0	0	0	0	0	0	0	0	0	0	0	0	0	0	0	0	0	0	0	0	0	0	0	0	0	0	0	0	0	0	0	0	0	0	0	0	0	0	0	0	0	0	0	8.87905	0	0	0	0	0	0	0	0	0	0	0	0	0	0	0	0	0	0	0	0	0	0	0	0	0	0	0	
0	0	0	0	0	0	0	0	0	0	0	0	0	0	0	0	0	0	0	0	0	0	0	0	0	0	0	0	0	0	0	0	0	0	0	0	0	0	0	0	0	0	0	0	0	0	0	0	0	0	0	0	0	0	0	0	0	0	0	0	0	0	0	0	0	0	0	0	0	0	0	0	0	0	11.71809	0	0	0	0	0	0	0	0	0	0	0	0	0	0	0	0	0	0	0	0	0	0	0	0	0	
0	0	0	0	0	0	0	0	0	0	0	0	0	0	0	0	0	0	0	0	0	0	0	0	0	0	0	0	0	0	0	0	0	0	0	0	0	0	0	0	0	0	0	0	0	0	0	0	0	0	0	8.57936	0	0	0	13.20702	0	0	12.22782	0	0	0	0	0	0	0	0	0	0	0	0	0	0	0	0	0	0	0	0	0	0	0	0	0	0	0	0	0	0	0	0	0	0	0	0	0	0	0	0	0	
0	0	0	0	0	0	0	0	0	0	0	0	0	0	0	0	0	0	0	0	0	0	0	0	0	0	0	0	9.75065	0	0	0	0	0	0	0	0	0	0	0	0	0	0	0	0	0	0	0	0	0	0	0	0	0	0	0	0	0	0	0	0	0	0	0	0	0	0	6.98905	0	0	0	0	0	0	0	0	0	0	0	0	0	0	0	0	0	0	0	0	0	0	0	0	0	0	0	0	0	0	0	0	
0	0	0	0	0	0	0	0	0	0	0	0	0	0	0	0	0	0	0	0	0	0	0	0	0	0	0	0	0	0	0	0	0	0	0	0	0	0	0	0	0	0	0	0	0	0	0	0	0	0	0	0	0	0	0	7.94668	0	0	0	0	0	0	0	0	0	0	0	0	0	0	0	0	0	0	0	0	0	0	0	0	0	0	0	0	0	0	0	0	0	0	0	0	0	0	0	0	0	0	0	0	
0	0	0	0	0	0	0	0	0	0	0	0	0	0	0	0	0	0	0	0	0	0	0	0	0	0	0	0	0	0	0	0	0	0	0	0	0	0	0	0	0	0	0	0	0	0	0	0	0	0	0	0	0	0	0	0	0	0	0	0	0	0	0	0	0	0	0	9.3577	0	0	0	0	0	0	0	0	0	0	0	0	0	0	0	0	0	0	0	0	0	0	0	0	0	0	0	0	0	0	0	0	
0	0	0	0	0	0	0	0	0	0	0	0	0	0	0	0	0	0	0	0	0	0	0	0	0	0	0	0	0	0	0	0	0	0	0	0	0	0	0	0	0	0	0	0	0	0	0	0	0	0	0	0	5.52704	0	0	0	4.67236	0	0	0	0	0	0	0	0	0	0	0	0	0	0	6.15109	0	0	0	0	0	0	0	0	0	0	0	0	0	0	0	0	0	0	0	0	0	0	0	0	0	0	0	0	
0	0	0	0	0	0	0	0	0	0	0	0	0	0	0	0	0	0	0	0	0	0	0	0	0	0	0	0	0	0	0	0	0	0	0	0	0	0	0	0	0	0	0	0	0	0	0	0	12.91811	0	0	0	13.68534	0	0	0	0	0	0	0	0	0	0	0	0	0	0	2.94836	0	0	0	0	0	0	0	0	0	0	0	0	0	0	0	0	0	0	0	0	0	0	0	0	0	0	0	0	0	0	0	0	
0	0	0	0	0	0	0	0	0	0	0	0	0	0	0	0	0	0	0	0	0	0	0	0	0	0	0	0	0	0	12.85577	0	0	0	0	0	0	0	0	5.81222	0	0	0	0	0	0	0	8.63793	0	0	0	0	0	0	0	0	0	6.09142	6.64875	0	10.84548	0	0	12.27803	0	0	0	0	0	0	0	0	0	0	0	0	0	0	0	0	0	0	0	0	0	0	0	0	0	0	0	0	0	0	0	0	0	0	0	0	
0	0	0	0	0	0	0	0	0	0	0	0	0	0	0	0	0	0	0	0	0	0	0	0	0	0	0	0	0	0	0	0	0	0	0	0	0	0	0	0	0	0	0	0	0	0	0	0	0	0	0	0	0	0	6.01028	0	0	0	0	0	0	0	0	0	0	0	0	0	0	0	0	0	0	0	0	0	0	0	0	0	0	0	0	0	0	0	0	0	0	0	0	0	0	0	0	0	0	0	0	0	
0	0	0	0	0	0	0	0	0	0	0	0	0	0	0	0	0	0	0	0	0	0	0	0	0	0	0	0	0	0	0	0	0	0	0	0	0	0	0	0	0	0	13.38273	0	0	0	0	0	0	0	0	0	9.50409	0	0	0	0	0	0	11.62164	0	0	0	0	0	0	0	0	0	0	0	6.22699	0	0	0	0	0	0	0	0	0	0	0	0	0	0	0	0	0	0	0	0	0	0	0	0	0	0	0	0	
0	0	0	0	0	0	0	0	0	0	0	0	0	0	0	0	0	0	0	0	0	0	0	0	0	0	0	0	0	0	0	0	0	0	0	0	0	0	0	0	0	0	0	8.67224	0	0	0	10.35304	0	0	0	9.29785	0	0	0	0	0	0	4.82843	0	0	0	0	0	0	0	0	0	0	0	0	0	0	0	0	0	0	0	0	0	0	0	0	0	0	0	0	0	0	0	0	0	0	0	0	0	0	0	0	0	
0	0	0	0	0	0	0	0	0	0	0	0	0	0	0	0	0	0	0	0	0	0	0	0	0	0	0	0	0	0	0	0	0	0	0	0	0	0	0	0	0	0	11.36579	0	0	0	0	0	0	0	0	0	0	0	0	7.55951	0	0	0	0	0	0	0	0	0	0	2.75677	0	12.08676	0	0	0	0	0	0	0	0	0	0	0	0	0	0	0	0	0	0	0	0	0	0	0	0	0	0	0	0	0	0	0	
0	0	0	0	0	0	0	0	0	0	0	0	0	0	0	0	0	0	0	0	0	0	0	0	0	0	0	0	0	0	0	0	0	0	0	0	0	0	0	0	11.09693	0	0	0	0	0	0	0	0	0	0	0	0	0	0	0	0	0	0	0	0	0	0	0	0	0	0	0	0	0	0	0	0	0	0	0	0	0	0	0	0	0	0	0	0	0	0	0	0	0	0	0	0	0	0	0	0	0	0	0	
0	0	0	0	0	0	0	0	0	0	0	0	0	0	0	0	0	0	0	0	0	0	0	0	0	0	0	0	0	0	0	0	0	0	0	0	0	0	0	0	0	0	0	0	0	0	0	6.33385	0	0	8.2899	0	0	0	0	0	0	0	0	0	0	0	0	0	0	0	0	0	0	0	0	0	0	0	0	0	9.60623	0	0	0	0	0	0	0	0	0	0	0	0	0	0	0	0	0	0	0	0	0	0	0	
0	0	0	0	0	0	0	0	0	0	0	0	0	0	0	0	0	0	0	0	0	0	0	0	0	0	0	0	0	0	0	0	0	0	0	0	0	0	0	0	0	0	0	0	0	0	0	7.48804	0	0	10.31916	11.56197	0	0	0	0	9.11953	0	9.49357	0	10.21583	0	0	0	0	8.61339	0	0	0	0	0	0	0	0	0	0	0	0	0	0	0	0	0	0	0	0	0	0	0	0	0	0	0	0	0	0	0	0	0	0	
0	0	0	0	0	0	0	0	0	0	0	0	0	0	0	0	0	0	0	0	0	0	0	0	0	0	0	0	0	0	0	0	0	0	0	0	0	0	0	0	0	10.58471	0	0	0	0	0	0	0	0	0	0	0	0	0	0	0	0	0	0	0	0	0	0	0	0	0	0	0	0	0	0	0	0	0	0	0	0	0	0	0	0	0	0	0	0	0	0	0	0	0	0	0	0	0	0	0	0	0	0	
0	0	0	0	0	0	0	0	0	0	0	0	0	0	0	0	0	0	0	0	0	0	0	0	0	0	0	0	0	0	0	11.53423	0.5655	0	0	0	0	0	0	0	0	0	0	0	0	0	0	9.41461	0	0	0	0	0	0	0	0	0	0	0	0	0	0	0	1.54577	0	0	0	4.89696	0	0	0	0	0	0	0	0	0	0	0	0	0	0	0	0	0	0	0	0	0	0	0	0	0	0	0	0	0	0	0	0	
0	0	0	0	0	0	0	0	0	0	0	0	0	0	0	0	0	0	0	0	0	0	0	0	0	0	0	0	0	0	0	12.79423	0	0	0	0	0	0	0	0	0	0	0	0	0	0	0	0	0	0	0	0	0	0	0	0	0	0	0	0	0	0	0	0	0	0	0	0	0	0	0	0	0	0	0	0	0	0	0	0	0	0	0	0	0	0	0	0	0	0	0	0	0	0	0	0	0	0	0	0	
0	0	0	0	0	0	0	0	0	0	0	0	0	0	0	0	0	0	0	0	0	0	0	0	0	0	0	0	0	0	0	0	0	0	0	0	0	0	0	0	0	0	0	9.66966	0	0	0	0	0	12.55829	0	0	0	0	9.51075	0	0	0	0	0	0	0	0	0	0	0	0	0	0	0	0	0	0	0	0	0	0	0	0	5.15821	0	0	0	0	0	0	0	0	0	0	0	0	0	0	0	0	0	0	0	0	
0	0	0	0	0	0	0	0	0	0	0	0	0	0	0	0	0	0	0	0	0	0	0	0	0	0	0	0	0	0	0	0	8.41875	0	0	0	0	0	0	0	0	0	0	0	0	0	0	4.40299	0	0	9.28973	0.63849	0	0	0	0	0	0	7.02872	0	0	0	0	0	0	0	0	0	0	0	0	0	0	0	0	0	0	0	0	0	0	0	0	0	0	6.70997	0	0	0	0	0	0	0	0	0	0	0	0	0	0	
0	0	0	0	0	0	0	0	0	0	0	0	0	0	0	0	0	0	0	0	0	0	0	0	0	0	0	0	0	0	0	0	0	0	0	0	0	0	0	11.25599	0	0	0	0	13.8595	0	5.57139	0	0	0	0	0	0	0	0	0	0	0	0	0	0	0	0	0	0	0	0	0	0	0	0	0	0	0	0	0	0	0	0	0	0	0	0	0	0	0	0	0	0	0	0	0	0	0	0	0	0	0	0	0	
0	0	0	0	0	0	0	0	0	0	0	0	0	0	0	0	0	0	0	0	0	0	0	0	0	0	0	0	0	0	0	0	0	0	0	8.00713	0	0	0	0	0	0	0	0	0	0	0	7.96619	0	0	0	0	0	8.69766	0	0	0	0	0	0	10.15337	0	0	0	0	0	0	0	0	0	0	0	0	0	0	0	0	0	0	0	0	0	0	0	0	0	0	0	0	0	0	0	0	0	9.84476	0	0	0	0	0	
0	0	0	0	0	0	0	0	0	0	0	0	0	0	0	0	0	0	0	0	0	0	0	0	0	0	0	0	0	0	0	0	0	0	0	0	0	0	0	0	0	15.06811	0	0	0	0	0	0	0	0	0	0	0	0	0	0	0	0	0	0	0	0	0	0	0	0	0	4.67102	0	0	0	2.1241	0	0	0	0	0	0	0	0	0	0	0	0	0	0	0	0	0	0	0	0	0	0	0	0	0	0	0	0	
0	0	0	0	0	0	0	0	0	0	0	0	0	0	0	0	0	0	0	0	0	0	0	0	0	0	0	0	0	0	0	0	0	0	0	0	0	0	0	0	8.16743	0	0	0	9.17813	0	0	7.06092	0	0	10.08298	11.63389	0	0	0	10.33103	0	0	6.43334	0	9.18052	0	0	0	0	0	0	0	6.35938	0	0	0	0	0	0	0	0	0	0	0	0	0	0	0	0	0	0	0	0	0	0	0	0	0	0	2.65051	0	0	0	0	
0	0	0	0	0	0	0	0	0	0	0	0	0	0	0	0	0	0	0	0	0	0	0	0	0	0	0	0	0	0	0	0	0	0	0	0	0	0	0	0	0	0	0	0	11.96476	0	0	0	0	0	0	0	6.11158	0	0	0	0	8.2078	0	0	0	16.37067	0	0	0	0	0	0	0	0	0	0	0	0	0	0	0	0	0	0	0	0	0	0	0	0	0	0	0	0	0	0	0	0	0	0	0	0	0	0	
0	0	0	0	0	0	0	0	0	0	0	0	0	0	0	0	0	0	0	0	0	0	0	0	0	0	0	0	0	0	0	0	0	0	0	0	0	0	0	0	0	0	0	11.85166	0	0	14.01801	0	0	0	11.20558	0	0	0	0	0	0	0	0	9.78794	0	0	0	0	9.16974	0	0	1.95583	0	0	0	0	9.91242	0	0	0	1.2867	0	0	0	0	0	0	0	0	0	0	0	0	0	0	0	0	0	0	0	0	0	0	0	
0	0	0	0	0	0	0	0	0	0	0	0	0	0	0	0	0	0	0	0	0	0	0	0	0	0	0	0	0	0	0	0	0	0	0	0	0	0	0	0	0	0	0	0	1.95583	0.97071	0	11.9566	0	0	0	13.15942	5.03006	0	0	6.70293	0	0	0	0	0	0	0	0	0	0	0	8.65177	0	0	0	0	0	11.9199	0	0	0	0	0	0	0	0	0	0	0	0	0	0	0	0	0	0	0	0	0	0	0	0	0	0	
0	0	0	0	0	0	0	0	0	0	0	0	0	0	0	0	0	0	0	0	0	0	0	0	0	0	0	0	0	0	0	0	0	0	0	0	0	11.22451	0	0	0	0	0	0	0	0	0	0	8.30295	0	0	5.49374	0	0	8.31387	0	8.05217	0	0	3.85173	0	7.85695	0	0	0	0	0	0	0	0	0	0	0	0	6.14219	3.03538	0	0	0	0	0	0	0	0	0	0	0	0	0	0	0	0	0	0	0	0	0	0	0	0	
0	0	0	0	0	0	0	0	0	0	0	0	0	0	0	0	0	0	0	0	0	0	0	0	0	0	0	0	0	0	0	0	0	0	0	0	0	0	0	0	0	0	14.05656	0	0	13.18964	0	13.64029	0	0	9.27853	0	10.37757	0	10.25941	0	0	0	0	0	0	0	0	10.56291	0	0	0	3.70017	0	0	11.35869	0	0	0	0	0	0	0	3.26878	0	0	0	0	0	0	0	0	0	0	0	0	0	0	0	0	0	0	0	0	0	
0	0	0	0	0	0	0	0	0	0	0	0	0	0	0	0	0	0	0	0	0	0	0	0	0	0	0	0	0	0	0	0	0	0	0	0	0	0	0	0	0	0	0	0	0	0	0	9.80662	10.19649	0	0	10.51923	0	0	0	0	0	0	0	0	0	0	0	0	2.75677	0	0	0	0	0	0	0	0	0	0	0	0	0	0	0	0	0	0	0	0	0	0	0	0	0	7.3292	0	0	0	0	0	0	0	0	0	
0	0	0	0	0	0	0	0	0	0	0	0	0	0	0	0	0	0	0	0	0	0	0	0	0	0	0	0	0	0	0	0	0	0	0	0	0	0	0	0	0	0	0	0	0	0	0	13.15552	0	0	0	0	10.74135	2.1241	0	0	0	0	11.11067	12.06285	0	0	0	0	0	0	0	0	0	0	0	0	0	0	0	0	0	0	0	0	0	0	0	0	0	0	0	0	0	0	0	0	0	0	0	0	0	0	8.03907	0	
0	0	0	0	0	0	0	0	0	0	0	0	0	0	0	0	0	0	0	0	0	0	0	0	0	0	0	0	0	0	0	0	0	0	0	0	0	0	0	0	0	0	8.31387	0	0	0	0	0	0	10.21248	0	10.10703	0	6.83614	0	0	0	0	0	0	0	0	0	0	11.42163	0	0	0	0	0	0	0	0	0	0	0	14.15351	0	0	0	0	0	0	0	0	0	0	0	0	0	0	0	0	0	0	0	0	0	0	0	
0	0	0	0	0	0	0	0	0	0	0	0	11.04413	0	0	0	0	0	0	0	0	0	0	0	0	0	0	0	0	0	9.76743	0	0	0	0	0	0	0	0	0	0	0	11.81638	0	0	0	0	9.14059	0	0	12.53457	0	0	6.51131	3.85173	0	9.81832	0	0	0	0	0	0	10.14299	7.26312	10.23261	0	0	0	0	0	0	0	0	0	0	0	0	0	0	0	0	0	0	0	0	0	0	0	0	0	0	0	0	0	0	0	0	0	0	
0	0	0	0	0	0	0	0	0	0	0	0	0	0	0	0	0	0	0	0	0	0	0	0	0	0	0	0	0	0	0	0	0	0	0	0	0	0	0	0	0	0	0	0	0	11.50542	8.41063	0	4.43536	11.90283	1.54577	6.77006	6.41392	0	9.64306	7.02882	0	0	0	0	9.69243	0	0	0	0	0	0	0	0	6.39159	0	0	0	0	0	0	4.7154	0	0	0	0	0	0	0	0	0	0	0	0	0	0	0	0	0	0	0	0	0	0	0	
0	0	0	0	0	0	0	0	0	0	0	0	0	0	0	10.38432	0	0	0	0	0	0	0	0	0	0	0	0	0	0	0	0	0	0	0	8.66377	11.97632	0	0	0	0	0	0	10.40592	0	10.41507	8.64688	7.93823	6.31659	7.25408	0	0	5.03006	0	12.25343	0	0	0	0	8.40247	0	9.26734	0	5.60023	0	7.78029	0	0	11.90842	0	10.89541	0	0	0	0	10.10458	0	1.2867	0	2.80612	0	0	0	0	0	0	0	0	0	0	8.2078	0	0	0	0	0	0	0	0	0	
0	0	0	0	0	0	0	0	0	0	0	0	0	0	0	0	0	0	0	0	0	0	0	0	0	0	10.50548	0	0	0	0	3.6459	0	0	7.84495	0	0	0	0	0	10.47912	0	0	0	0	0	0	0	12.08582	10.44319	1.95583	10.09822	9.14671	0	13.03143	0	10.2199	0	9.01041	0	5.93045	10.43071	0	0	0	10.41811	0	0	0	0	0	0	0	7.80526	0	0	0	0	0	0	0	0	0	0	0	0	0	0	0	0	0	0	0	0	0	0	0.97071	0	0	0	
0	0	0	0	0	0	0	0	0	0	0	0	0	0	0	0	0	0	0	9.3724	0	0	0	0	0	0	0	0	0	0	0	0	0	0	0	0	0	0	0	0	0	0	0	13.01039	0	0	14.28671	13.53322	12.32588	0	8.3247	8.64879	11.87212	0	0	0	13.83786	0	0	8.53415	6.6156	0	0	12.09597	0	6.87795	0	8.90383	0	0	0	0	0	0	0	0	0	0	0	0	0	0	0	0	0	0	0	0	0	0	10.17562	0	0	0	0	0	0	0	0	0	
0	0	0	0	0	0	0	0	0	0	0	0	8.37562	0	0	0	0	0	0	8.78173	0	0	0	0	0	0	0	0	0	0	0	0	0	8.93795	0	0	0	0	0	0	0	11.77214	13.95187	0	7.88939	0	0	6.07642	8.71245	0	6.15109	9.5468	7.37218	4.78188	10.32484	13.78224	5.37688	5.09647	9.50696	0	0	0	0	0	2.41118	0	0	0	0	0	0	0	0	0	0	0	0	0	10.24065	2.1241	0	0	0	0	0	0	0	0	0	0	0	0	0	0	0	0	0	0	0	0	
0	0	0	0	0	0	0	0	0	0	0	0	0	0	0	0	0	0	0	0	0	0	0	13.83488	0	0	0	0	0	0	0	0	0	0	0	0	0	0	10.82273	0	0	0	8.07116	8.43684	5.1519	0	7.68142	6.42715	0	8.45519	9.16251	7.57053	0	0	0	0	0	5.50283	14.74169	8.92108	10.90699	0	0	0	8.84633	0	0	0	0	0	0	0	0	0	0	0	0	0	0	0	0	0	0	0	0	0	0	0	0	0	0	0	0	0	0	0	0	0	0	0	
0	0	7.70928	0	0	0	0	0	0	0	0	0	0	0	0	0	0	0	0	0	0	0	0	0	0	0	0	0	0	0	0	0	0	0	0	0	0	0	0	0	10.56093	0	0	0	0	8.52969	0	7.41824	9.30285	12.08206	0	6.71616	8.74347	9.94007	3.46963	10.95487	0	0	3.46963	11.84866	9.58628	0	8.89514	10.06887	0	0	0	0	0	0	0	7.33587	0	0	0	0	1.95583	0	0	0	0	0	0	0	0	0	0	0	0	0	0	0	0	0	0	0	0	0	0	0	
0	0	0	0	0	0	0	0	0	0	0	11.27874	0	0	0	0	0	0	0	0	0	0	0	0	0	0	0	0	0	0	0	0	6.8955	0	0	0	0	9.6178	13.79761	5.93045	4.72437	6.93898	0	0	11.49869	7.81563	11.10744	7.0735	10.4788	0	10.99884	0	4.87251	4.76332	0	10.80682	6.36973	8.35825	0	0	0	0	0	0	0	0	0	9.60978	0	0	0	0	5.72327	0	0	1.54577	0	0	10.86566	0	0	0	0	0	0	0	0	0	0	0	0	0	0	0	0	8.25477	0	0	0	0	
0	0	0	0	0	0	0	0	0	0	0	0	0	0	0	0	0	0	0	0	0	0	0	0	0	0	0	0	0	0	0	0	0	0	4.07355	8.55036	0	0	0	9.16613	0	13.1298	0	11.30344	14.8546	9.56916	6.99717	7.94768	2.68013	9.97195	12.061	9.76584	2.08386	9.68005	0	0	7.40224	0	0	7.76662	10.30773	0	3.5895	0	0	0	0	0	0	0	0	0	0	0	0	0	0	0	4.33601	0	0	0	0	0	0	0	0	9.83948	0	0	0	0	0	0	0	0	0	0	0	0	
0	0	0	0	0	0	0	0	11.07752	0	11.00962	0	0	0	0	0	0	0	0	0	0	0	0	0	0	0	13.11395	0	0	0	0	0	0	0	0	0.97071	0	14.25005	10.87601	0	7.23817	8.06516	0	3.5895	2.5358	12.16973	4.87086	7.48975	9.6304	7.78013	0	9.88115	1.2867	0	0	0	10.28799	4.40299	0	0	0	0	6.99655	0	0	0	9.788	0	0	0	0	0	0	0	0	0	0	0	0	0	0	0	0	0	0	0	0	0	0	0	0	0	0	2.94836	0	0	0	0	0	0	
0	0	0	0	0	0	0	0	0	0	0	13.79091	0	0	12.47877	0	0	0	0	0	0	0	0	0	0	0	0	0	0	0	0	10.59907	0	0	8.50322	0	13.15666	0	0	9.42078	1.54577	0	10.167	9.08989	9.1973	7.37085	10.32837	8.82542	4.95441	9.38344	6.83799	10.5412	10.35173	8.18954	0	3.70017	8.94272	0	0	12.96934	11.89703	5.05316	0	10.20179	0	0	0	0	0	0	0	0	0	3.1951	0	7.40433	0	0	0	0	0	0	0	8.2078	0	0	0	0	0	0	0	0	0	0	0	0	0	0	0	0	
0	0	0	0	0	0	0	0	0	0	0	0	12.89475	0	0	0	0	0	0	0	0	0	0	0	0	0	0	0	0	8.76909	0	0	8.76113	0	6.07096	0	13.37252	0	12.22739	9.62476	9.53075	11.35103	9.2584	8.27639	8.3799	4.64312	9.2778	9.7422	4.87353	8.96708	5.54079	13.51636	10.76263	6.24213	7.12593	8.26343	14.14342	0	0	9.72879	5.96411	0	0	0	0	0	0	0	0	0	0	0	0	8.50362	0	0	0	0	0	0	9.09321	0	0	0	0	0	0	0	0	0	0	0	0	0	0	0	0	0	0	0	
0	0	0	0	0	0	0	14.79298	0	0	0	9.82962	0	0	0	0	0	0	0	0	0	0	0	0	0	0	0	8.32686	0	0	6.48063	0	12.67765	0	0	0	6.28141	12.34903	7.50376	10.69752	10.30919	5.13898	0	9.91964	10.40586	8.1102	8.87756	9.20083	10.5871	9.97907	6.80333	8.86467	11.19201	10.09506	7.56846	6.22114	13.7528	5.71332	7.4491	8.79582	7.91578	13.04321	11.20646	0	9.99616	0	0	0	0	0	0	0	0	9.77061	0	0	0	0	0	0	0	0	0	0	0	0	0	0	0	0	0	0	0	0	0	0	0	0	0	0	
13.09738	0	0	0	0	0	0	0	4.52198	0	0	0	10.40285	0	0	0	0	0	0	0	0	0	0	0	14.18689	0	0	7.49956	0	0	0	0	13.07308	0	11.78571	7.27211	0	6.44928	9.92115	7.58035	10.87306	9.07139	5.9821	9.43187	10.7788	10.02248	7.34107	10.69718	6.15839	6.59523	9.38323	6.30109	5.76988	7.68296	10.98247	9.44792	10.7674	7.65877	0	11.29561	0.97071	2.65051	0	7.73556	0	9.96394	0	0	0	0	2.75677	0	0	0	0	0	0	0	0	0	0	0	4.52857	0	0	6.13364	0	0	0	0	0	0	0	0	0	0	0	0	0	0	
0	0	0	11.03921	0	0	0	0	0	0	0	0	0	0	0	0	0	0	7.79595	0	0	11.22219	0	5.29984	11.35813	10.31482	0	0	12.06334	7.98817	11.16346	0	14.74339	0	0	0	0	10.64446	9.02851	9.14577	8.51882	6.33941	8.61331	9.17636	9.32852	9.53374	7.84661	8.07135	9.80086	5.99462	10.32054	9.00874	10.16405	7.96497	5.70527	8.723	0	6.39575	7.18405	8.10743	0	4.11409	9.80042	0	0	0	0	0	0	8.27192	0	0	5.38515	0	2.41118	11.04872	12.41568	4.47916	0	2.1241	0	0	0	0	0	0	0	0	0	0	0	0	0	0	0	0	0	0	0	0	
8.25842	0	0	0	13.16603	7.25905	0	0	0	0	0	0	0	0	0	0	0	13.31986	0	0	0	0	0	0	9.67051	0	8.1946	9.45155	0	13.31824	9.80515	0	0	0	11.16152	10.14544	6.08112	10.26629	11.0293	7.94587	7.32682	8.87282	7.97495	9.45347	8.99681	8.58124	9.13958	8.49492	8.79693	10.78796	5.90787	9.68374	10.70862	6.72525	10.53333	10.20244	9.97156	3.94394	7.82754	7.55508	7.91834	0	6.76748	11.40334	11.02599	9.9839	9.01376	0	0	0	0	0	0	0	6.75514	0	0	0	0	0	0	0	0	0	0	0	0	0	0	0	0	0	0	0	0	4.07355	0	0	0	0	
0	0	0	0	0	0	0	0	6.42531	0	9.86718	0	0	0	0	0	6.66931	14.68817	9.16613	6.55614	13.06365	6.51159	0	0	0	15.33473	0	10.8062	4.88133	10.54263	0	9.5268	12.82871	8.81354	8.66321	11.08066	6.99281	6.84661	8.9164	6.80671	9.23744	7.60024	5.53485	7.87304	9.87708	8.15357	7.44353	8.8924	7.94658	6.52741	7.15426	11.11307	7.71149	7.64971	7.57245	6.69854	7.8923	8.53716	0	9.15281	5.29411	8.31604	7.22698	0	9.76998	11.94453	0.97071	0	0	0	0	8.03115	0	0	9.1829	0	0	0	9.42068	0	0	0	0	0	0	6.39272	0	0	0	0	0	0	0	0	0	2.1241	0	0	0	0	
0	10.66281	0	0	3.26878	9.67814	0	0	0	0	0	0	0	0	3.33888	10.32132	0	10.34228	11.77428	0	5.65621	0	6.20839	0	0	0	0	0	10.03363	8.88931	8.19878	0	10.53098	5.83416	9.84024	7.78969	10.10268	10.34485	8.61986	8.45738	8.76996	8.23504	6.86029	7.84556	7.86999	6.92832	9.01479	9.02247	7.77667	7.60552	7.21241	8.2552	8.32645	5.61484	9.99477	8.61583	7.51478	7.2863	9.07251	8.21545	0	8.4994	0	12.8309	10.45198	2.27477	6.90493	6.199	0	0	0	0	0	0	0	1.76532	0	0	0	0	9.44322	0	0	0	0	0	0	0	0	0	0	0	0	0	0	0	0	0	0	0	
0	10.27346	10.67599	0	10.38584	0	0	0	0	0	10.29236	0	0	0	10.33479	8.23333	0	8.15777	0	0	6.34241	6.61384	8.89631	10.83208	9.39005	11.02698	0	6.70261	5.11242	6.66315	11.75281	10.01099	11.14212	10.27122	10.57452	5.68604	8.09373	8.85074	7.48422	7.11095	7.69913	7.5726	7.45667	7.63366	6.86607	6.93722	8.75201	8.01604	9.76492	8.95486	7.19692	9.10967	8.69855	7.77321	7.14409	6.40134	8.56781	6.47259	7.85534	9.52116	0	8.56759	9.4872	10.10528	2.56922	6.72273	0	0	0	0	0	8.92807	0	0.5655	9.84777	0	8.73537	0	0.5655	0	0	0	0	4.67938	0	1.92587	0	0	0	0	0	0	0	0	0	0	0	0	0	0	
0	0	0	0	0	0	0	0	9.58204	0	8.6063	12.09976	0	0	0	0	0	0	10.05266	0	3.40573	0	0	0	0	10.99613	11.11573	0	4.07355	8.05998	7.44604	7.04978	8.93246	10.1781	10.49673	7.79791	9.52861	7.89744	8.39511	9.7908	5.51687	8.29054	9.65047	7.86998	7.17266	8.80847	6.1997	8.12834	8.05823	8.93206	8.50142	7.04168	6.53548	7.61822	7.30022	9.46061	8.08343	9.0454	11.23172	10.03337	10.05184	6.25086	9.83255	6.56166	0	11.14416	0	9.48464	0	0	0	0	0	0	0	0	0	0	0	0	0	6.52641	0	0	0	0	0	9.47112	10.71564	7.03402	0	0	0	0	0	0	0	0	0	0	
0	0	0	0	0	0	0	0	12.29522	8.93953	9.52017	2.1241	0	14.29486	0	0	0	6.44928	10.95591	7.86353	0	0	0	10.33974	9.46446	10.97942	9.51549	9.78164	7.69212	9.82196	0	9.88174	5.75248	6.21356	5.98188	8.75609	9.04607	6.05792	9.69777	5.23898	7.62831	8.6864	7.65718	8.16368	7.01248	8.20153	7.99852	7.48773	7.12805	9.68168	8.63125	7.96007	7.01135	6.32107	7.81325	8.50928	6.53476	9.63091	8.43284	8.48012	6.24724	9.46468	10.65746	4.49798	1.06205	10.49331	11.03558	0	0	0	0	0	0	8.45865	9.65342	0	0	0	13.19674	0	0	0	0	0	0	0	0	0	7.33349	0	4.80088	0	0	0	0	0	0	0	0	0	
0	0	11.38508	8.53794	0	4.19192	0	1.95583	8.79582	0	0	0	0	0	0	0	0	7.13632	0	0	0	0	0	11.50832	0	9.9542	0	11.30275	10.12636	8.00163	0	9.85791	0	10.43271	4.5609	10.32912	7.68968	6.84792	0.91892	10.43452	9.75152	9.75717	6.00382	8.81683	6.8282	6.98557	5.66273	8.65796	7.07137	8.1872	8.1881	7.48601	7.99512	8.54989	9.33288	7.13441	8.31663	8.31806	8.97219	7.84306	10.99429	7.28296	2.97533	11.21143	6.91907	0	0	7.78182	3.80296	4.88881	3.7536	0	8.23103	0	2.29867	0	5.66387	0	0	0	0	0	5.82615	0	0	0	0	0	0	0	0	0	0	0	0	0	0	0	0	0	
0	0	0	0	0	0	0	0	0.5655	0	10.25715	10.29236	8.86094	0	12.29563	0	0	8.02319	0	6.06063	0	0	0	0	0	0	6.48836	6.23621	4.15257	0	7.26064	9.43747	6.70084	8.12168	4.86018	8.27839	8.87143	8.48706	7.32106	8.6866	9.34632	5.86149	6.43889	8.21198	7.20996	7.16741	5.71702	7.11175	6.86187	5.464	8.26832	9.18994	8.48134	7.71474	6.93289	6.7074	6.59038	8.41508	8.50676	7.53509	4.44292	6.53701	10.04049	4.99149	0	6.99458	8.81285	4.46837	0	0	6.31659	0	5.71866	2.97649	0	13.6855	0	0	0	0	0	0	0	0	0	0	0	0	6.84098	0	0	0	0	0	0	0	0	0	0	0	
0	0	0	0	0	0	0	0	0	9.9486	0	0	4.26577	0	0	0	0	0	0	0	0	0	0	10.18549	0	0	7.77167	0	0	4.25624	7.96758	0	0	6.93924	7.54476	7.17484	8.05217	1.2867	0	8.16502	5.48119	12.2836	5.18003	6.58907	10.25301	9.95319	7.2156	7.21667	9.68034	6.2057	6.98666	9.29564	7.96617	6.08981	8.87039	8.40615	8.15801	6.93776	4.80812	6.25641	8.05678	8.363	3.89088	10.83965	7.91323	6.58067	8.27416	9.73123	6.28183	0	0	7.3292	0	4.07355	0	2.1241	13.007	0	0	0	0	0	0	0	10.43421	0	0	6.22699	0	0	0	10.01502	0	0	0	0	12.37233	0	0	0	
0	0	0	0	0	0	0	0	0	0	0	11.19262	0	0	0	0	0	5.65104	12.20674	0	0	0	0	1.76532	0	0	0	7.96342	0	0	0	0	7.70814	6.14287	7.42069	0	5.52388	9.88029	0.28275	6.22049	6.82146	8.4665	8.47884	5.12801	0	8.7972	6.61814	5.10422	7.88348	6.59962	8.61678	11.99308	8.10387	5.36434	6.86586	7.00556	6.7912	6.5544	7.53077	9.24267	8.48347	3.80107	0	6.35449	10.06657	0	5.29998	7.1986	12.44055	8.15454	0	0	0	10.22453	0	11.69864	0	9.71072	0	0	0	6.44879	0	0	0	0	0	0	0	0	0	0	0	0	0	0	0	0	0	0	
0	0	0	0	4.27941	0	0	0	0	0	10.21874	0	0.5655	0	0	10.76382	0	0	6.46504	0	7.48279	8.33117	0	0	0	8.46454	7.90396	0	0	6.08678	0	9.6425	13.45929	0	0	8.24022	10.36765	4.46701	9.89071	10.25252	3.1147	8.18419	7.00315	8.5184	3.65376	6.27321	13.60599	4.0983	7.8711	8.48881	9.14736	7.10869	8.57848	7.69449	6.8793	7.75384	6.67026	8.63079	4.82783	7.45137	4.82303	8.90291	5.30278	6.84659	8.05715	0	7.64266	10.18304	0	0	7.67725	9.86123	7.24142	9.40881	10.26239	0	6.52958	0	0	0	4.69794	0	0	0	0	1.76532	0	0	0	2.94836	0	0	0	0	0	0	0	0	0	0	
0	0	0	0	0	0	0	0	0	0	0	5.68341	4.06793	0	0	9.8174	0	0	0	0	3.26878	0	0	0	0	0	0	0	0	8.49008	2.41118	5.29221	0	0	0	9.49261	0	0	0	7.27658	2.53698	6.6935	5.49278	5.21531	9.48576	3.50008	6.56821	8.29269	6.80625	8.04586	0	0	8.04065	9.04848	1.54577	7.12685	7.80177	6.7814	6.92045	6.82195	10.01736	8.61157	8.60855	8.76965	4.4071	4.68837	6.34241	9.7464	3.1951	9.75566	0	6.21795	8.38402	9.98527	10.93873	0	1.95583	0	7.55215	0	0	0	0	0	0	0	0	0	0	0	0	0	0	0	0	0	0	0	0	0	
0	0	0	11.46978	0	0	0	0	0	0	0	0	0	0	0	0	0	0	0	0	0	0	8.46454	0	0	0	7.87063	7.52824	10.5291	9.58475	0	0	0.5655	0	0	12.01938	0	2.94836	9.91744	0.48536	6.85927	0	0	0	4.16658	12.73229	7.83175	8.03907	6.38003	7.50193	7.25631	7.50955	8.37661	9.0976	7.92032	7.33496	6.83521	6.3813	8.42993	6.04313	7.53066	7.93091	7.88367	8.76616	8.29252	8.38772	7.31319	6.43334	10.53949	7.1303	4.35941	8.53427	4.91847	1.4038	8.13451	0	12.86545	0	7.25596	10.27402	2.87379	5.64242	0.97071	0	0	0	0	0	0	0	0	0	0	0	0	0	0	2.41118	0	13.18124	
0	0	5.32864	0	0	0	0	0	0	0	0	0	0	0	0	0	0	0	0	0	7.81452	0	0	0	0	10.1214	0	9.05335	0	9.06505	0	10.93944	9.91242	0	10.22106	0	0	5.19954	6.62124	0	5.62849	0	0	7.13519	12.06463	8.9935	0	8.3645	2.75677	10.96278	7.95764	8.9633	6.89412	6.54263	6.04983	8.71444	0	6.83501	7.99261	8.17278	4.36807	4.91647	7.68182	3.74632	5.68874	9.87142	5.95948	0	9.26315	4.47441	4.90782	7.95218	5.54995	8.59175	0	0	5.92127	0	1.89349	4.89696	0	6.09505	0	0	0	0	0	0	6.09131	0	0	0	0	0	0	0	6.23621	0	0	0	
0	0	0	0	2.65051	0	0	0	0	0	0	0	8.0417	0	0	0	0	0	0	0	5.97516	3.46963	0	0	0	0	0	5.64699	0	0	0	0	8.34826	0	0	0	7.97172	0	0	7.92405	0	0	3.60288	0.5655	8.13578	0	5.68238	8.35885	2.94836	7.28096	11.01699	5.11754	10.3121	3.33449	8.06807	2.59517	0	6.38833	3.79039	2.04169	7.4859	6.21904	9.16453	7.75436	6.07344	8.95375	8.40478	3.12607	7.42733	6.61357	8.08516	0	0	8.13671	0	8.73613	7.02105	6.36104	0	0	0	0	0	0	11.40309	3.5895	0	0	0	0	0	0	0	0	0	0	8.60808	0	0	0	
0	0	0	0	0	0	0	0	8.84934	0	0	0	3.40573	0	0	0	7.77397	6.86334	0.5655	0	0	0	0	0	6.90927	0	0	0	0	0	0	0	0	0	8.66035	8.32902	0	7.66902	0	0	0	0	7.96619	10.97977	0	11.96382	10.26223	9.36192	0	6.93268	0	9.87972	9.72388	7.69363	0	5.11242	0	6.67142	0	4.81521	8.621	0.97071	5.20328	7.35902	5.42555	6.61605	7.6064	6.8288	7.65535	6.94877	7.16456	3.08183	7.44528	4.46701	7.8696	4.08063	10.47688	9.48779	0	0	8.00444	9.64046	12.16556	0	5.02584	2.94836	8.9225	5.29984	6.96919	0	3.60893	0	0	10.07991	0	0	0	0	0	0	
0	0	0	0	0	0	0	0	0	0	0	0	0	0	0	0	0	0	0	0	5.92717	0	0	0	0	0	0	0	0	6.70956	0	0	0	0	6.99112	0	0	0	0	0	7.82066	0	8.1407	8.77542	3.73254	0	0	0.5655	6.79932	6.12729	8.61162	0	0	7.20695	4.20088	6.58979	0	0	6.05771	8.03942	11.20264	5.40824	1.95583	4.11692	6.31036	6.56148	3.38894	7.30725	7.27542	6.13865	7.63072	7.84245	4.06539	6.1285	5.29377	0	3.68512	0	4.98335	0	0	0	6.29029	0	0	0	8.93315	0	0	0	0	0	0	0	0	0	0	0	0	0	
0	0	0	0	9.75146	0	0	0	0	0	0	6.81785	0	8.51462	0	0	0	0	0	0	0	0	0	0	0	0	0	0	0	0	0	0	0	0	0	0	0	0	0	6.9769	0	0	5.48128	0	4.7634	0	1.78074	0.5655	0	0	5.26425	0	0	0	8.68074	0	0	0	0	8.50131	8.49659	3.03369	6.6009	7.83305	6.34972	0	3.02339	4.78204	8.03505	6.80218	6.33052	8.80723	8.65113	6.03727	0	0	7.68687	4.49798	7.48717	0.97071	4.30132	9.18528	2.1241	0	1.2867	0	3.6459	11.43819	0	7.07781	0	0	0	0	9.3192	0	0	0	0	0	
0	0	0	0	0	0	0	0	0	0	0	0	0	0	0	0	0	8.40378	0	0	0	8.35674	11.12293	0	0	0	8.70583	0	0	0	0	0	0	10.48424	8.00017	0	0	0	0	0	0	0	0	0	0	0	0	0	0.97071	0	0	0	0	0	0	7.81537	11.2864	11.62562	7.47642	1.2867	0	6.57859	5.75345	0	7.44147	9.25602	6.11083	7.79714	5.3582	5.44855	7.46504	5.78002	7.6367	5.7834	7.02363	7.32754	4.92317	0	11.84151	7.37064	0	0	7.55185	0	5.52704	9.85346	2.94836	6.59963	0	10.05689	0	0	0	0	0	0	8.06627	0	0	0	
0	0	0	0	0	0	0	0	7.48386	0	0	0	0	0	0	0	0	0	0	0	0	0	0	0	0	0	0	0.5655	0	19.34834	0	0	0	0	0	0	0	0	0	10.27062	0	0	0	0	0	5.51195	0	6.73578	8.07546	0	0	9.92244	0	0	0	0	0	0	7.27601	0	6.77354	0	9.19393	9.14379	12.39646	4.28923	7.21419	0	0	7.35684	8.91848	2.1241	9.50975	4.35341	8.63664	10.71383	2.32995	0	0.97071	6.71724	7.29471	8.2675	9.49932	8.15891	6.80104	0	0.5655	0	0	0	6.68957	0	8.88046	0	0	0	0	0	0	0	
0	0	0	0	0	0	0	0	0	0	0	0	0	10.54865	0	0	0	0	0	5.28216	0	0	0	0	0	3.65967	0	0	0	0	0	0	0	0	7.30313	0	0	6.46266	0	0	9.54637	0	2.41118	11.48894	0	0	0	0	0	0	8.41469	6.07096	0	0	3.8989	0	0	0	0	5.82684	5.65743	0	5.63514	8.91965	6.43334	4.08273	9.12591	2.75677	0	5.08683	6.79395	0	7.58532	6.99778	9.63351	6.98088	6.4163	4.36325	7.46992	4.55749	0	7.44179	11.19676	5.69249	3.23654	0	0	7.441	3.97015	0	10.45853	0	0	5.36849	0	0	0	0	4.79483	0	
0	0	0	0	0	0	0	3.03538	0	0	0	0	0	0	0	0	0	0	0	0	0	0	2.5358	0	0	0	0	0	11.4036	0	0	0	0	0	11.72262	0	0	0	0	0	0	1.76532	0	0	0	0	5.56842	0	0	0	0	0	10.28904	0	0	0	2.43341	6.84219	0	5.09009	8.45527	0	0	9.21022	0	2.85575	0	9.47313	6.97133	9.69994	7.91642	6.23727	9.87825	5.25038	6.48063	6.11767	11.27024	0	6.39878	6.48511	6.74739	8.00168	7.67027	0	5.96811	0	4.46701	6.86463	0	0	14.60654	7.32616	0	0	0	0	9.3503	0	0	0	
0	0	0	0	0	0	0	0	0.97071	0	0	0	0	0	0	0	0	0	0	0	0	0	0	0	0	0	0	0	0	0	0	0	0	0	0	0	0	5.49704	0	0	0	0	0	0	0	0	0	0	0	6.95809	0	4.93271	0	4.27703	0	0	6.82397	8.54835	0.5655	0	3.5895	0	8.96191	11.00188	7.69932	6.07943	0	0	8.79115	6.57649	0	4.89696	5.90081	10.9005	7.15775	5.72307	0	4.89094	5.72709	7.61888	3.96747	10.66962	5.66988	0	0	0	6.835	0	0	0	0	0	7.06664	7.42017	8.28752	0	0	0	0	0	
0	0	0	0	0	0	0	9.61949	0	0	0	0	0	0	0	0	0	0	0	0	0	0	0	0	0	0	0	0	0	0	0	0	0	0	0	0	0	6.152	0	7.66902	0	0	0	0	0	0	0	0	0	0	5.11247	0	0	11.59949	7.0457	0	0	7.36553	9.50314	12.71541	0	1.95583	0	7.89521	9.83267	8.88785	0	0	7.71973	5.00443	9.05196	4.50265	4.70114	8.12161	2.5358	8.68811	6.12292	0	9.94163	7.40927	9.42572	10.15337	4.06191	5.84702	6.23916	0	0	2.6358	0	0	6.63489	0	0	0	0	2.04771	0	0	0	0	
0	0	0	0	0	0	0	0	0	0	0	0	0	0	0	0	0	0	0	0	0	0	0	0	0	10.46	0	0	0	0	0	0	0	0	0	0	0	6.95809	0	0	0	0	0	0	7.53732	0	0	0	7.27211	0	0	0	0	0	0	5.28216	0	0	0	0	0	0	9.08624	0	0	8.22088	6.39792	8.08858	0	6.44143	2.94141	0	6.0247	0	8.9367	6.42845	9.43676	8.17884	7.25543	7.04771	3.27113	0	6.54293	0	12.75701	6.38456	0	0	0	0	8.71903	0	0	0	0	0	0	2.27477	0	0	
0	0	0	0	0	0	0	0	0	0	0	0	5.00871	0	0	0	0	0	0	0	0	0	0	0	0	0	0	0	0	0	0	0	0	0	0	0	0	0	0	0	0	0	0	0	0	0	0	11.55232	0	0	1.76532	0	9.88266	0	0	0	0	0	0	6.00981	0	0	0	4.31686	3.5895	7.50719	8.61447	0	8.99078	0	0	8.0125	0	0	0	7.58373	6.47954	9.00803	7.30375	4.69736	0	7.81894	7.90163	5.29654	5.06917	4.78491	7.3492	0	9.57752	0	0	0	0	9.24925	0	0	0	0	0	0	
0	0	0	0	0	0	0	0	0	0	0	0	0	0	0	0	0	0	0	0	0	0	0	0	0	0	0	0	0	0	0	0	11.59099	0	0	0	0	0	0	0	4.11409	0	0	0	0	0	0	0	0	0	0	0	0	0	0	0	7.57917	0	0	0	8.48789	0	0	4.32819	0	6.44928	0	0	7.3195	0	0	0	10.03032	0	0	4.46701	0	0	4.57516	8.74288	7.49446	5.52704	9.05597	0	5.20917	0	0	0	0	0.97071	7.61239	5.19188	5.46923	0	0	0	0	0	0	0	
0	0	0	0	0	0	0	3.38077	0	0	0	0	0	0	0	0	0	0	0	0	0	0	0	0	0	0	0	8.28973	0	0	0	0	0	0	0	0	0	0	0	0	0	0	0	0	0	0	0	0	0	0	0	0	0	0	0	0	0	0	0	0	0	0	0	0	0	0	0	0	0	0	6.40393	5.00764	5.15224	0.5655	0	9.02441	8.30951	0	10.588	4.43536	0	7.14694	0	6.40911	4.40299	8.76961	0	9.6832	0	3.11745	0	0	0	0	0	8.54645	0	0	0	0	
0	0	0	0	0	0	0	0	0	0	0	0	0	0	0	0	0	0	0	0	11.35394	0	0	0	0	0	0	0	0	0	0.97071	0	0	0	0	0	0	0	0	0	0	0	0	0	0	0	0	0	0	0	0	0	0	0	0	0	0	0	0	12.87544	0	0	0	0	6.55614	8.09332	8.76591	9.40775	0	0	0	0	0	0	0	1.95583	6.18779	0	0	0	3.26481	0	0	0	4.62771	6.31659	7.45319	7.26495	11.80367	0	10.90771	7.67919	8.02319	6.18954	0	8.22641	0	0	0	0	
0	0	0	0	0	0	0	0	0	0	0	0	0	0	0	0	0	0	0	0	0	0	0	0	0	0	0	0	0	0	0	0	0	0	0	0	0	0	0	0	0	0	0	0	0	0	0	0	8.35039	0	0	0	0	0	0	0	0	0	0	0	0	0	0	0	0	0	0	0	0	7.02872	10.17868	9.30942	6.93581	0	9.2763	6.10153	0	9.06375	0	0	0	8.13085	7.62411	0	5.50215	0	6.9802	0	0	5.5196	0	3.19312	2.89368	0	3.40573	0	0	0	0	0	
0	0	0	0	0	0	0	0	0	0	0	0	0	0	0	8.1649	0	0	0	0	0	0	0	0	0	0	0	0	0	0	0	0	0	0	8.69751	0	0	0	0	0	0	0	0	0	0	0	0	0	0	0	0	0	0	0	0	0	0	0	0	0	0	0	0	0	0	0	0	5.48128	0	0	0	0	0	8.63967	0	0	0	0	0	0	0	2.5358	0	0	2.69644	0	7.36791	3.4145	9.8097	9.45662	9.31269	0	8.90672	0	0	0	0	0	0	0	
0	0	0	0	0	0	0	0	0	0	0	0	0	0	0	0	0	0	0	0	0	0	0	0	0	0	0	0	0	0	0	0	0	0	0	0	0	0	0	0	0	0	0	0	0	0	0	0	8.41875	0	0	0	0	0	0	0	0	0	0	7.90106	0	0	0	0	0	6.27556	0	0	0	0	0	8.97848	0	0	0	0	0	12.34796	0	6.14951	10.94682	0	0	8.01786	0	0	0	0	0	0	0	0	0	0	0	0	0	0	0	0	
0	0	0	0	0	0	0	0	0	0	0	0	0	0	0	0	0	0	0	6.85421	0	0	0	0	0	0	0	0	0	0	0	0	0	0	0	0	0	0	0	0	0	0	0	0	0	0	0	0	0	0	0	0	0	0	0	2.31261	0	0	12.58378	0	0	0	0	0	8.47431	0	0	0	0	0	0	1.2867	0	2.27477	0	0	8.17224	0	0	0	3.46829	6.32835	6.39878	8.45721	0	0	0	8.68074	8.927	0	5.76206	10.5505	9.63786	0	0	0	0	0	0	0	
0	0	0	0	0	0	0	0	0	0	0	0	0	0	0	0	0	0	0	0	0	0	0	0	0	0	0	0	0	0	0	0	0	0	0	0	0	0	0	0	0	0	0	0	0	0	0	0	0	0	0	0	0	0	0	0	0	0	0	0	0	0	0	0	0	0	0	0	0	0	0	0	0	0	0	0	0	0	0	0	0	0	0	0	0	0	1.2867	0	0	0	0	10.07594	0	0	0	0	0	0	0	0	
0	0	0	0	0	0	0	0	0	0	0	0	0	0	0	0	0	0	0	0	0	0	0	0	0	0	0	0	0	0	0	0	0	0	0	0	0	0	0	0	0	0	0	0	0	0	0	0	0	0	0	0	0	0	0	0	0	0	0	0	0	0	0	0	0	0	0	0	0	0	9.48249	0	0	0	0	0	0.5655	0	0	10.99375	0	0	0	11.16394	0	0	0	0	0	0	5.53993	8.35039	0	0	0	0	0	0	0	0	
0	0	0	0	0	0	0	0	0	0	0	0	0	0	0	0	0	0	0	0	0	0	0	0	0	0	0	0	0	0	0	0	0	0	0	0	0	0	0	0	0	0	0	0	0	0	0	0	0	0	0	0	0	0	0	0	0	0	0	2.5358	0	0	0	0	0	0	0	0	0	0	6.76153	0	0	0	0	0	0	0	0	0	0	0	0	0	0	0	3.1951	0	0	0	0	0	0	0	0	0	0	0	0	0	
0	0	0	0	0	0	0	0	0	0	0	0	0	0	0	0	0	0	0	0	0	0	0	0	0	0	0	0	0	0	0	0	0	0	0	0	0	0	0	0	0	0	0	0	0	0	0	0	0	0	0	0	0	0	0	0	0	0	0	0	0	0	0	0	0	0	0	0	0	10.28405	1.95583	0	0	0	0	0	0	0	7.88064	0	0	0	0	0	0	0	0	0	10.37236	3.98887	0	0	0	0	0	0	0	0	0	0	
0	0	0	0	0	0	0	0	0	0	0	0	0	0	0	0	0	0	0	0	0	0	0	0	0	0	0	0	0	0	0	0	0	0	0	0	0	0	0	0	0	0	0	0	0	0	0	0	0	0	0	0	0	0	0	0	0	0	0	0	0	0	0	0	0	0	0	0	0	0	0	0	0	0	0	0	0	0	0	0	0	0	0	0	0	0	1.76532	0	0	0	0	0	0	0	0	0	0	0	0	0	
0	0	0	0	0	0	0	0	0	0	0	0	0	0	0	0	0	0	0	0	0	0	0	0	0	0	0	0	0	0	0	0	0	0	0	0	0	0	0	0	0	0	0	0	0	0	0	0	0	0	0	0	0	0	0	0	0	0	8.76591	0	0	0	0	0	0	0	0	0	0	0	0	0	0	0	0	6.199	0	0	0	0	0	0	0	0	0	0	0	0	0	0	0	0	0	0	0	0	0	0	0	0	
0	0	0	0	0	0	0	0	0	0	0	0	0	0	0	0	0	0	0	0	0	0	0	0	0	0	0	0	0	0	0	0	8.89659	0	0	0	0	0	0	0	0	0	0	0	0	0	0	0	0	0	0.5655	0	0	0	0	0	0	0	0	0	0	0	0.5655	0	0	0	0	0	0	0	0	0	0	0	0	1.95583	0	0	0	0	0	0	0	0	0	0	0	0	0	0	0	0	0	0	0	0	0	0	0	0	
0	0	0	0	0	0	0	0	0	0	0	0	0	0	0	0	0	0	0	0	0	0	0	0	0	0	0	0	0	0	0	0	0	0	0	0	0	0	0	0	0	0	0	0	0	0	0	0	0	0	0	0	0	0	0	0	0	0	0	0	0	0	0	0	0	0	0	0	0	0	0	0	0	0	0	0	0	0	0	0	0	0	0	0	0	0	0	0	0	0	0	0	0	0	0	0	0	0	0	0	
0	0	0	0	0	0	0	0	0	0	0	0	0	0	0	0	0	0	0	0	0	0	0	0	0	0	0	0	0	0	0	0	0	0	0	0	0	0	0	0	0	0	0	0	0	0	0	0	0	0	0	0	0	0	0	0	0	0	0	0	0	0	0	0	0	0	0	0	0	0	0	0	0	0	0	0	0	0	0	0	0	0	0	0	0	0	0	0	0	0	0	0	0	0	0	0	0	0	0	0	
0	0	0	0	0	0	0	0	0	0	0	0	0	0	0	0	0	0	0	0	0	0	0	0	0	0	0	0	0	0	0	0	0	0	0	0	0	0	0	0	0	0	0	0	0	0	0	0	0	0	0	0	0	0	0	0	0	0	0	0	0	0	0	0	0	0	0	0	0	0	0	0	0	0	0	0	0	0	0	0	0	0	0	0	0	0	0	0	0	0	0	0	0	0	0	0	0	0	0	0	
0	0	0	0	0	0	0	0	0	0	0	0	0	0	0	0	0	0	0	0	0	0	0	0	0	0	0	0	0	0	0	0	0	0	0	0	0	0	0	0	0	0	0	0	0	0	0	0	0	0	0	0	0	0	0	0	0	0	0	0	0	0	0	0	0	0	0	0	0	0	0	0	0	0	0	0	0	0	0	0	0	0	0	0	0	0	0	0	0	0	0	0	0	0	0	0	0	0	0	0	
0	0	0	0	0	0	0	0	0	0	0	0	0	0	0	0	0	0	0	0	0	0	0	0	0	0	0	0	0	0	0	0	0	0	0	0	0	0	0	0	0	0	0	0	0	0	0	0	0	0	0	0	0	0	0	0	0	0	0	0	0	0	0	0	0	0	0	0	0	0	0	0	0	0	0	0	0	0	0	0	0	2.65051	0	0	0	0	0	0	0	0	0	0	0	0	0	0	0	0	0	0	
0	0	0	0	0	0	0	0	0	0	0	0	0	0	0	0	0	0	0	0	0	0	0	0	0	0	0	0	0	0	0	0	0	0	0	0	0	0	0	0	0	0	0	0	0	0	0	13.15666	0	0	0	0	0	0	0	0	0	0	0	0	0	0	0	0	0	0	0	0	0	0	0	0	0	0	9.97544	0	0	0	0	0	0	0	0	0	0	0	0	0	0	0	0	0	0	0	0	0	0	0	0	0	
