0	0	0	0	0	0	0	0	0	0	0	0	0	0	0	0	0	0	0	0	0	0	0	0	0	0	0	0	0	0	0	0	0	0	0	0	0	0	0	0	0	0	0	0	0	0	0	0	0	0	0	11.32217	0	0	0	0	0	0	0	0	0	0	0	0	0	0	0	0	0	0	0	0	0	0	0	0	0	0	0	0	0	0	0	0	0	0	0	0	0	0	0	0	0	0	0	0	0	0	0	0	
0	0	0	0	0	0	0	0	0	0	0	0	0	0	0	0	0	0	0	0	0	0	0	0	0	0	0	0	0	0	0	0	0	0	0	0	0	0	0	0	0	0	0	0	0	0	0	14.896	0	0	0	0	0	0	0	0	0	0	0	0	0	0	0	11.73178	0	0	0	0	0	0	0	0	0	0	0	0	0	0	0	0	0	0	0	0	0	0	0	0	0	0	0	0	0	0	0	0	0	0	0	0	
0	0	0	0	0	0	0	0	0	0	0	0	0	0	0	0	0	0	0	0	0	0	0	0	0	0	0	0	0	0	0	0	0	0	0	0	0	0	0	0	0	0	0	0	0	0	0	0	0	0	0	0	0	0	10.42914	0	0	0	0	0	0	0	0	0	0	0	0	0	0	0	0	0	0	0	0	0	0	0	0	0	0	0	0	0	0	0	0	0	0	0	0	0	0	0	0	0	0	0	0	0	
0	0	0	0	0	0	0	0	0	0	0	0	0	0	0	0	0	0	0	0	0	0	0	0	0	0	0	0	0	0	0	0	0	0	0	0	0	0	0	0	0	0	0	0	0	0	13.77129	8.03678	0	0	0	0	0	0	0	0	0	0	0	0	0	0	0	0	0	0	0	0	0	0	0	0	0	0	0	0	0	0	0	0	0	0	0	0	0	0	0	0	0	0	0	0	0	0	0	0	0	0	0	0	
0	0	0	0	0	0	0	0	0	0	0	0	0	0	0	0	0	0	0	0	0	0	0	0	0	0	0	0	0	0	0	0	0	0	0	0	0	4.7611	0	0	0	0	0	13.60801	0	0	0	0	0	0	0	0	0	0	0	0	0	0	0	0	0	0	0	0	0	0	0	0	0	0	0	0	0	0	0	0	0	0	0	0	0	0	0	0	0	0	0	0	0	0	0	0	0	0	0	0	0	0	0	0	
0	0	0	0	0	0	0	0	0	0	0	0	0	0	0	0	0	0	0	0	0	0	0	0	0	0	0	0	0	0	0	0	0	0	0	0	0	0	0	0	0	0	0	0	0	0	0	0	0	0	0	0	0	0	0	0	0	0	0	0	0	0	0	0	0	0	0	0	0	0	0	0	6.72581	0	0	0	0	0	0	0	0	0	0	0	0	0	0	0	0	0	0	0	0	0	0	0	0	0	0	0	
0	0	0	0	0	0	0	0	0	0	0	0	0	0	0	0	0	0	0	0	0	0	0	0	0	0	0	0	0	0	0	0	0	0	0	0	0	0	0	0	0	0	0	0	0	0	0	0	0	0	0	0	0	0	0	0	0	0	0	0	0	0	0	0	0	0	0	0	0	0	0	0	0	0	10.00757	0	0	0	0	0	0	0	0	0	0	0	0	0	0	0	0	0	0	0	0	0	0	0	0	0	
0	0	0	0	0	0	0	0	0	0	0	0	0	0	0	0	0	0	0	0	0	0	0	0	0	0	0	0	0	0	0	0	0	0	0	0	0	0	0	0	0	0	0	0	0	0	0	0	0	0	0	8.94687	0	0	0	14.90914	0	0	10.72689	0	0	0	0	0	0	0	0	0	0	0	0	0	0	0	0	0	0	0	0	0	0	0	0	0	0	0	0	0	0	0	0	0	0	0	0	0	0	0	0	0	
0	0	0	0	0	0	0	0	0	0	0	0	0	0	0	0	0	0	0	0	0	0	0	0	0	0	0	0	7.93519	0	0	0	0	0	0	0	0	0	0	0	0	0	0	0	0	0	0	0	0	0	0	0	0	0	0	0	0	0	0	0	0	0	0	0	0	0	0	6.31587	0	0	0	0	0	0	0	0	0	0	0	0	0	0	0	0	0	0	0	0	0	0	0	0	0	0	0	0	0	0	0	0	
0	0	0	0	0	0	0	0	0	0	0	0	0	0	0	0	0	0	0	0	0	0	0	0	0	0	0	0	0	0	0	0	0	0	0	0	0	0	0	0	0	0	0	0	0	0	0	0	0	0	0	0	0	0	0	9.67628	0	0	0	0	0	0	0	0	0	0	0	0	0	0	0	0	0	0	0	0	0	0	0	0	0	0	0	0	0	0	0	0	0	0	0	0	0	0	0	0	0	0	0	0	
0	0	0	0	0	0	0	0	0	0	0	0	0	0	0	0	0	0	0	0	0	0	0	0	0	0	0	0	0	0	0	0	0	0	0	0	0	0	0	0	0	0	0	0	0	0	0	0	0	0	0	0	0	0	0	0	0	0	0	0	0	0	0	0	0	0	0	10.20923	0	0	0	0	0	0	0	0	0	0	0	0	0	0	0	0	0	0	0	0	0	0	0	0	0	0	0	0	0	0	0	0	
0	0	0	0	0	0	0	0	0	0	0	0	0	0	0	0	0	0	0	0	0	0	0	0	0	0	0	0	0	0	0	0	0	0	0	0	0	0	0	0	0	0	0	0	0	0	0	0	0	0	0	0	4.80083	0	0	0	4.06287	0	0	0	0	0	0	0	0	0	0	0	0	0	0	3.94326	0	0	0	0	0	0	0	0	0	0	0	0	0	0	0	0	0	0	0	0	0	0	0	0	0	0	0	0	
0	0	0	0	0	0	0	0	0	0	0	0	0	0	0	0	0	0	0	0	0	0	0	0	0	0	0	0	0	0	0	0	0	0	0	0	0	0	0	0	0	0	0	0	0	0	0	0	10.87584	0	0	0	12.6441	0	0	0	0	0	0	0	0	0	0	0	0	0	0	7.41741	0	0	0	0	0	0	0	0	0	0	0	0	0	0	0	0	0	0	0	0	0	0	0	0	0	0	0	0	0	0	0	0	
0	0	0	0	0	0	0	0	0	0	0	0	0	0	0	0	0	0	0	0	0	0	0	0	0	0	0	0	0	0	12.5864	0	0	0	0	0	0	0	0	12.2505	0	0	0	0	0	0	0	9.23919	0	0	0	0	0	0	0	0	0	7.47686	9.2419	0	9.65527	0	0	10.91681	0	0	0	0	0	0	0	0	0	0	0	0	0	0	0	0	0	0	0	0	0	0	0	0	0	0	0	0	0	0	0	0	0	0	0	0	
0	0	0	0	0	0	0	0	0	0	0	0	0	0	0	0	0	0	0	0	0	0	0	0	0	0	0	0	0	0	0	0	0	0	0	0	0	0	0	0	0	0	0	0	0	0	0	0	0	0	0	0	0	0	5.63567	0	0	0	0	0	0	0	0	0	0	0	0	0	0	0	0	0	0	0	0.81311	0	0	0	0	0	0	0	0	0	0	0	0	0	0	0	0	0	0	0	0	0	0	0	0	0	
0	0	0	0	0	0	0	0	0	0	0	0	0	0	0	0	0	0	0	0	0	0	0	0	0	0	0	0	0	0	0	0	0	0	0	0	0	0	0	0	0	0	14.87532	0	0	0	0	0	0	0	0	0	9.45218	0	0	0	0	0	0	13.15916	0	0	0	0	0	0	0	0	0	0	0	8.98492	0	0	0	0	0	0	0	0	0	0	0	0	0	0	0	0	0	0	0	0	0	0	0	0	0	0	0	0	
0	0	0	0	0	0	0	0	0	0	0	0	0	0	0	0	0	0	0	0	0	0	0	0	0	0	0	0	0	0	0	0	0	0	0	0	0	0	0	0	0	0	0	6.98995	0	0	0	10.66941	0	0	0	8.96217	0	0	0	0	0	0	5.14192	0	0	0	0	0	0	0	0	0	0	0	0	0	0	0	0	0	0	0	0	0	0	0	0	0	0	0	0	0	0	0	0	0	0	0	0	0	0	0	0	0	
0	0	0	0	0	0	0	0	0	0	0	0	0	0	0	0	0	0	0	0	0	0	0	0	0	0	0	0	0	0	0	0	0	0	0	0	0	0	0	0	0	0	10.46744	0	0	0	0	0	0	0	0	0	0	0	0	8.63954	0	0	0	0	0	0	0	0	0	0	1.70973	0	9.01162	0	0	0	0	0	0	0	0	0	0	0	0	0	0	0	0	0	0	0	0	0	0	0	0	0	0	0	0	0	0	0	
0	0	0	0	0	0	0	0	0	0	0	0	0	0	0	0	0	0	0	0	0	0	0	0	0	0	0	0	0	0	0	0	0	0	0	0	0	0	0	0	12.6044	0	0	0	0	0	0	0	0	0	0	0	0	0	0	0	0	0	0	0	0	0	0	0	0	0	0	0	0	0	0	0	0	0	0	0	0	0	0	0	0	0	0	0	0	0	0	0	0	0	0	0	0	0	0	0	0	0	0	0	
0	0	0	0	0	0	0	0	0	0	0	0	0	0	0	0	0	0	0	0	0	0	0	0	0	0	0	0	0	0	0	0	0	0	0	0	0	0	0	0	0	0	0	0	0	0	0	12.10785	0	0	9.41993	0	0	0	0	0	0	0	0	0	0	0	0	0	0	0	0	0	0	0	0	0	0	0	0	0	9.72032	0	0	0	0	0	0	0	0	0	0	0	0	0	0	0	0	0	0	0	0	0	0	0	
0	0	0	0	0	0	0	0	0	0	0	0	0	0	0	0	0	0	0	0	0	0	0	0	0	0	0	0	0	0	0	0	0	0	0	0	0	0	0	0	0	0	0	0	0	0	0	10.55207	0	0	10.34976	9.95517	0	0	0	0	7.69854	0	9.84014	0	8.52858	0	0	0	0	9.21459	0	0	0	0	0	0	0	0	0	0	0	0	0	0	0	0	0	0	0	0	0	0	0	0	0	0	0	0	0	0	0	0	0	0	
0	0	0	0	0	0	0	0	0	0	0	0	0	0	0	0	0	0	0	0	0	0	0	0	0	0	0	0	0	0	0	0	0	0	0	0	0	0	0	0	0	11.03134	0	0	0	0	0	0	0	0	0	0	0	0	0	0	0	0	0	0	0	0	0	0	0	0	0	0	0	0	0	0	0	0	0	0	0	0	0	0	0	0	0	0	0	0	0	0	0	0	0	0	0	0	0	0	0	0	0	0	
0	0	0	0	0	0	0	0	0	0	0	0	0	0	0	0	0	0	0	0	0	0	0	0	0	0	0	0	0	0	0	9.03471	0	0	0	0	0	0	0	0	0	0	0	0	0	0	0	9.95022	0	0	0	0	0	0	0	0	0	0	0	0	0	0	0	5.4011	0	0	0	2.65512	0	0	0	0	0	0	0	0	0	0	0	0	0	0	0	0	0	0	0	0	0	0	0	0	0	0	0	0	0	0	0	0	
0	0	0	0	0	0	0	0	0	0	0	0	0	0	0	0	0	0	0	0	0	0	0	0	0	0	0	0	0	0	0	12.31975	0	0	3.58213	0	0	0	0	0	0	0	0	0	0	0	0	0	0	0	0	0	0	0	0	0	0	0	0	0	0	0	0	0	0	0	0	0	0	0	0	0	0	0	0	0	0	0	0	0	0	0	0	0	0	0	0	0	0	0	0	0	0	0	0	0	0	0	0	0	
0	0	0	0	0	0	0	0	0	0	0	0	0	0	0	0	0	0	0	0	0	0	0	0	0	0	0	0	0	0	0	0	0	0	0	0	0	0	0	0	0	0	0	11.37493	0	0	0	0	0	12.45981	0	0	0	0	9.32599	0	0	0	0	0	0	0	0	0	0	0	0	0	0	0	0	0	0	0	0	0	0	0	0	3.65821	0	0	0	0	0	0	0	0	0	0	0	0	0	0	0	0	0	0	0	0	
0	0	0	0	0	0	0	0	0	0	0	0	0	0	0	0	0	0	0	0	0	0	0	0	0	0	0	0	0	0	0	0	7.449	0	0	0	0	0	0	0	0	0	0	0	0	0	0	4.69939	0	0	10.05806	0	0	0	0	0	0	0	8.07338	0	0	0	0	0	0	0	0	0	0	0	2.65512	0	0	0	0	0	0	0	0	0	0	0	0	0	0	7.33495	0	0	0	0	0	0	0	0	0	0	0	0	0	0	
0	0	0	0	0	0	0	0	0	0	0	0	0	0	0	0	0	0	0	0	0	0	0	0	0	0	0	0	0	0	0	0	0	0	0	0	0	0	0	11.82066	0	0	0	0	16.97726	0	10.03594	0	0	0	0	0	0	0	0	0	0	0	0	0	0	0	0	0	0	0	0	0	0	0.81311	0	0	0	0	0	0	0	0	0	0	0	0	0	0	0	0	0	0	0	0	0	0	0	0	0	0	0	0	0	0	
0	0	0	0	0	0	0	0	0	0	0	0	0	0	0	0	0	0	0	0	0	0	0	0	0	0	0	0	0	0	0	0	0	0	0	10.73428	0	0	0	0	0	0	0	0	0	0	0	9.13912	0	0	0	0	0	7.76753	0	0	0	0	0	0	9.29242	0	0	0	0	0	0	0	0	0	0	0	0	0	0	0	0	0	0	0	0	0	0	0	0	0	0	0	0	0	0	0	0	0	8.08549	0	0	0	0	0	
0	0	0	0	0	0	0	0	0	0	0	0	0	0	0	0	0	0	0	0	0	0	0	0	0	0	0	0	0	0	0	0	0	0	0	0	0	0	0	0	0	14.7904	0	0	0	0	0	0	0	0	0	0	0	0	0	0	0	0	0	0	0	0	0	0	0	0	0	3.22141	0	0	0	4.04601	0	0	0	0	0	0	0	0	0	0	0	0	0	0	0	0	0	0	0	0	0	0	0	0	0	0	0	0	
0	0	0	0	0	0	0	0	0	0	0	0	0	0	0	0	0	0	0	0	0	0	0	0	0	0	0	0	0	0	0	0	0	0	0	0	0	0	0	0	8.83993	0	0	0	10.2515	0	0	6.28376	0	0	10.44058	11.00554	0	0	0	10.30601	0	0	8.63405	0	7.85727	0	0	0	0	0	0	0	0.81311	0	0	0	0	0	0	0	0	0	0	0	0	0	0	0	0	0	0	0	0	0	0	0	0	0	0	1.32998	0	0	0	0	
0	0	0	0	0	0	0	0	0	0	0	0	0	0	0	0	0	0	0	0	0	0	0	0	0	0	0	0	0	0	0	0	0	0	0	0	0	0	0	0	0	0	0	0	15.01387	0	0	0	0	1.8677	0	0	6.5736	0	0	0	0	8.18454	0	0	0	11.38477	0	0	0	0	0	0	0	0	0	0	0	0	0	0	0	0	0	0	0	0	0	0	0	0	0	0	0	0	0	0	0	0	0	0	0	0	0	0	
0	0	0	0	0	0	0	0	0	0	0	0	0	0	0	0	0	0	0	0	0	0	0	0	0	0	0	0	0	0	0	0	0	0	0	0	0	0	0	0	0	0	0	11.13768	0	0	12.15495	0	0	0	11.75234	0	0	0	0	0	0	0	0	7.76238	0	0	0	0	8.16755	0	0	11.49671	0	0	0	0	9.50874	0	0	0	3.03413	0	0	0	0	0	0	0	0	0	0	0	0	0	0	0	0	0	0	0	0	0	0	0	
0	0	0	0	0	0	0	0	0	0	0	0	0	0	0	0	0	0	0	0	0	0	0	0	0	0	0	0	0	0	0	0	0	0	0	0	0	0	0	0	0	0	0	0	2.36835	0	0	10.06681	0	0	0	9.94279	6.61875	0	0	6.5151	0	0	0	0	0	0	0	0	0	0	0	10.88425	0	0	0	0	0	10.84886	0	0	0	0	0	0	0	0	0	0	0	0	0	0	0	0	0	0	0	0	0	0	0	0	0	0	
0	0	0	0	0	0	0	0	0	0	0	0	0	0	0	0	0	0	0	0	0	0	0	0	0	0	0	0	0	0	0	0	0	0	0	0	0	15.30745	0	0	0	0	0	0	0	0	0	0	7.54277	0	0	6.92797	0	0	6.45412	0	9.31231	0	0	4.93183	0	2.73931	0	0	0	0	0	0	0	0	0	0	0	0	6.13094	1.32998	0	0	0	0	0	0	0	0	0	0	0	0	0	0	0	0	0	0	0	0	0	0	0	0	
0	0	0	0	0	0	0	0	0	0	0	0	0	0	0	0	0	0	0	0	0	0	0	0	0	0	0	0	0	0	0	0	0	0	0	0	0	0	0	0	0	0	15.67007	0	0	9.76116	0	13.2411	0	0	10.99809	0	11.21069	0	9.29154	0	0	0	0	0	0	0	0	9.65341	0	0	0	2.89424	0	0	13.33444	0	0	0	0	0	0	0	3.90732	0	0	0	0	0	0	0	0	0	0	0	0	0	0	0	0	0	0	0	0	0	
0	0	0	0	0	0	0	0	0	0	0	0	0	0	0	0	0	0	0	0	0	0	0	0	0	0	0	0	0	0	0	0	0	0	0	0	0	0	0	0	0	0	0	0	0	0	0	9.37944	11.64048	0	0	10.96596	0	0	0	0	0	0	0	0	0	0	0	0	1.53232	0	0	0	0	0	0	0	0	0	0	0	0	0	0	0	0	0	0	0	0	0	0	0	0	0	7.79962	0	0	0	0	0	0	0	0	0	
0	0	0	0	0	0	0	0	0	0	0	0	0	0	0	0	0	0	0	0	0	0	0	0	0	0	0	0	0	0	0	0	0	0	0	0	0	0	0	0	0	0	0	0	0	0	0	12.42697	0	0	0	0	7.76238	0.81311	0	0	0	0	10.84094	9.13524	0	0	0	0	0	0	0	0	0	0	0	0	0	0	0	0	0	0	0	0	0	0	0	0	0	0	0	0	0	0	0	0	0	0	0	0	0	0	7.39487	0	
0	0	0	0	0	0	0	0	0	0	0	0	0	0	0	0	0	0	0	0	0	0	0	0	0	0	0	0	0	0	0	0	0	0	0	0	0	0	0	0	0	0	9.89795	0	0	0	0	0	0	8.75356	0	9.84193	0	8.3426	0	0	0	0	0	0	0	0	0	0	12.70196	0	0	0	0	0	0	0	0	0	0	0	13.81873	0	0	0	0	0	0	0	0	0	0	0	0	0	0	0	0	0	0	0	0	0	0	0	
0	0	0	0	0	0	0	0	0	0	0	0	13.02323	0	0	0	0	0	0	0	0	0	0	0	0	0	0	0	0	0	10.05197	0	0	0	0	0	0	0	0	0	0	0	10.62912	0	0	0	0	9.38598	0	0	14.07539	0	0	6.20564	3.334	0	9.73188	0	0	0	0	0	0	8.21426	11.79783	9.33362	0	0	0	0	0	0	0	0	0	0	0	0	0	0	0	0	0	0	0	0	0	0	0	0	0	0	0	0	0	0	0	0	0	0	
0	0	0	0	0	0	0	0	0	0	0	0	0	0	0	0	0	0	0	0	0	0	0	0	0	0	0	0	0	0	0	0	0	0	0	0	0	0	0	0	0	0	0	0	0	10.12189	5.95277	0	4.44742	13.00409	0.81311	8.62378	9.23686	0	12.34914	6.77673	0	0	0	0	11.10731	0	0	0	0	0	0	0	0	6.51481	0	0	0	0	0	0	3.82976	0	0	0	0	0	0	0	0	0	0	0	0	0	0	0	0	0	0	0	0	0	0	0	
0	0	0	0	0	0	0	0	0	0	0	0	0	0	0	8.57657	0	0	0	0	0	0	0	0	0	0	0	0	0	0	0	0	0	0	0	7.6581	11.87444	0	0	0	0	0	0	3.22141	0	10.81319	8.56053	8.15802	7.12835	9.40705	0	0	3.83264	0	13.27028	0	0	0	0	8.53448	0	9.87835	0	6.68393	0	9.17923	0	0	11.73306	0	10.82196	0	0	0	0	10.2423	0	7.22642	0	2.81885	0	0	0	0	0	0	0	0	0	0	10.89862	0	0	0	0	0	0	0	0	0	
0	0	0	0	0	0	0	0	0	0	0	0	0	0	0	0	0	0	0	0	0	0	0	0	0	0	10.61957	0	0	0	0	4.04601	0	0	6.67861	0	0	0	0	0	11.54056	0	0	0	0	0	0	0	10.97481	10.15805	6.29632	9.17546	9.42702	0	9.39412	0	9.77057	0	6.86648	0	6.83027	7.67957	0	0	0	9.72549	0	0	0	0	0	0	0	9.75043	0	0	0	0	0	0	0	0	0	0	0	0	0	0	0	0	0	0	0	0	0	0	1.8677	0	0	0	
0	0	0	0	0	0	0	0	0	0	0	0	0	0	0	0	0	0	0	12.33315	0	0	0	0	0	0	0	0	0	0	0	0	0	0	0	0	0	0	0	0	0	0	0	14.04272	0	0	12.97779	12.37815	10.67873	0	9.01268	8.71809	11.88963	0	0	0	13.82013	0	0	8.8043	5.68789	0	0	11.76181	0	9.32258	0	6.56209	0	0	0	0	0	0	0	0	0	0	0	0	0	0	0	0	0	0	0	0	0	0	9.21384	0	0	0	0	0	0	0	0	0	
0	0	0	0	0	0	0	0	0	0	0	0	7.40779	0	0	0	0	0	0	10.01761	0	0	0	0	0	0	0	0	0	0	0	0	0	7.955	0	0	0	0	0	0	0	9.83357	12.59278	0	8.83093	0	0	4.97814	10.50362	0	4.52062	8.91558	8.62183	5.85342	9.53689	10.48698	6.14417	5.44296	8.3722	0	0	0	0	0	4.23186	0	0	0	0	0	0	0	0	0	0	0	0	0	12.35572	4.74083	0	0	0	0	0	0	0	0	0	0	0	0	0	0	0	0	0	0	0	0	
0	0	0	0	0	0	0	0	0	0	0	0	0	0	0	0	0	0	0	0	0	0	0	14.7269	0	0	0	0	0	0	0	0	0	0	0	0	0	0	11.79184	0	0	0	8.58884	9.86904	5.14745	0	8.36625	5.49295	0	7.46517	9.76116	7.73359	0	0	0	0	0	4.97995	15.5041	10.58515	12.44088	0	0	0	8.14264	0	5.74448	0	0	0	0	0	0	0	0	0	0	0	0	0	0	0	0	0	0	0	0	0	0	0	0	0	0	0	0	0	0	0	0	0	
0	0	7.99635	0	0	0	0	0	0	0	0	0	0	0	0	0	0	0	0	0	0	0	0	0	0	0	0	0	0	0	0	0	0	0	0	0	0	0	0	0	10.39898	0	0	0	0	10.03594	0	6.29766	9.27665	12.71796	0	8.90288	10.10747	9.52466	2.81885	8.97302	0	0	4.0787	7.69809	8.44264	0	9.21275	9.78612	0	0	0	0	0	0	0	7.66747	0	0	0	0	5.94393	0	0	0	0	0	0	0	0	0	0	0	0	0	0	0	0	0	0	0	0	0	0	0	
0	0	0	0	0	0	0	0	0	0	0	10.2009	0	0	0	0	0	0	0	0	0	0	0	0	0	0	0	0	0	0	0	0	6.90963	0	0	0	0	9.88687	12.1596	7.40779	6.93216	6.46473	0	0	13.15574	8.03309	11.70113	9.2451	10.89231	0	11.2208	0	8.11566	5.75788	0	10.8063	6.27712	10.73703	0	0	0	0	0	0	0	0	0	9.07273	0	0	0	0	6.98053	0	0	9.00419	0	0	9.88933	0	0	0	0	0	0	0	0	0	0	0	0	0	0	0	0	8.9548	0	0	0	0	
0	0	0	0	0	0	0	0	0	0	0	0	0	0	0	0	0	0	0	0	0	0	0	0	0	0	0	0	0	0	0	0	0	0	6.18064	7.79123	0	0	0	7.58319	0	13.00282	0	11.45258	14.4998	9.94897	7.98322	9.83003	6.64853	10.30051	11.33962	10.72108	1.08943	9.76654	0	0	9.90991	0	0	7.48633	8.61607	0	1.8677	0	0	0	0	0	0	0	0	0	0	0	0	0	0	0	7.21176	0	0	0	0	0	0	0	0	8.72332	0	0	0	0	0	0	0	0	0	0	0	0	
0	0	0	0	0	0	0	0	11.29743	0	9.68095	0	0	0	0	0	0	0	0	0	0	0	0	0	0	0	10.45699	0	0	0	0	0	0	0	0	0.4631	0	11.65139	12.05596	0	9.41098	5.64976	0	9.68228	0.4631	11.73658	9.53986	8.8006	9.51738	11.22065	0	9.46828	1.53232	0	0	0	9.77245	4.98453	0	0	0	0	2.13963	0	0	0	10.77039	0	0	0	0	0	0	0	0	0	0	0	0	0	0	0	0	0	0	0	0	0	0	0	0	0	0	3.71282	0	0	0	0	0	0	
0	0	0	0	0	0	0	0	0	0	0	11.1717	0	0	13.54274	0	0	0	0	0	0	0	0	0	0	0	0	0	0	0	0	12.09043	0	0	7.35206	0	12.10401	0	0	10.59952	2.65512	0	10.09719	11.37793	11.29471	8.08646	10.99125	9.12772	7.25655	9.54206	7.14362	10.68463	10.76201	9.35424	0	6.98053	9.96096	0	0	11.69486	10.27373	5.3789	0	9.08484	0	0	0	0	0	0	0	0	0	2.25852	0	7.55075	0	0	0	0	0	0	0	5.50095	0	0	0	0	0	0	0	0	0	0	0	0	0	0	0	0	
0	0	0	0	0	0	0	0	0	0	0	0	12.15411	0	0	0	0	0	0	0	0	0	0	0	0	0	0	0	0	10.86768	0	0	7.49816	0	2.01006	0	12.15519	0	15.16451	10.36723	10.98705	10.92442	9.76362	11.57606	10.11479	5.73822	10.13831	10.98255	7.23732	8.66064	10.69372	11.18583	10.92161	8.69407	6.53525	9.41308	10.68746	0	0	11.71042	4.52062	0	0	0	0	0	0	0	0	0	0	0	0	9.62059	0	0	0	0	0	0	9.8868	0	0	0	0	0	0	0	0	0	0	0	0	0	0	0	0	0	0	0	
0	0	0	0	0	0	0	13.99744	0	0	0	10.36765	0	0	0	0	0	0	0	0	0	0	0	0	0	0	0	8.32057	0	0	9.18393	0	11.75708	0	0	0	8.21058	11.10285	9.55102	10.50967	10.04123	6.48352	0	11.13633	11.43465	10.72098	10.13253	9.86152	10.94949	10.38316	6.61557	9.63306	10.80465	9.17923	8.16497	7.80681	11.11644	6.84752	11.52366	10.42914	6.28043	15.87467	8.68801	0	10.27901	0	0	0	0	0	0	0	0	9.45529	0	0	0	0	0	0	0	0	0	0	0	0	0	0	0	0	0	0	0	0	0	0	0	0	0	0	
11.99345	0	0	0	0	0	0	0	7.60706	0	0	0	9.20166	0	0	0	0	0	0	0	0	0	0	0	12.10203	0	0	8.90744	0	0	0	0	14.0686	0	11.13313	8.5737	0	6.64081	10.8876	7.76991	8.36265	9.59454	7.22734	10.32983	12.18058	10.70773	10.38474	10.02472	7.68242	5.71768	9.64217	7.29522	10.77306	5.93492	10.50094	9.15944	9.85614	6.33395	0	10.57459	6.56209	0.81311	0	6.81915	0	7.51914	0	0	0	0	3.71282	0	0	0	0	0	0	0	0	0	0	0	5.82719	0	0	9.31961	0	0	0	0	0	0	0	0	0	0	0	0	0	0	
0	0	0	10.28996	0	0	0	0	0	0	0	0	0	0	0	0	0	0	8.63405	0	0	10.60772	0	4.91383	11.87764	7.38837	0	0	10.89375	9.29589	12.11711	0	13.50002	0	0	0.4631	0	10.32961	11.51465	9.8092	8.9673	7.89953	10.37941	9.57624	9.39481	10.07699	9.52935	9.33223	10.45929	6.84647	10.35156	9.79619	10.48886	6.16506	6.39547	9.33966	0	3.67159	5.04477	9.51705	3.5358	5.14745	9.69945	0	0	0	0	0	0	6.73096	0	0	5.30769	0	3.03413	10.53488	11.96232	4.23011	0	3.38716	0	0	0	0	0	0	0	0	0	0	0	0	0	0	0	0	0	0	0	0	
10.08904	0	0	0	12.27605	9.51886	0	0	0	0	0	0	0	0	0	0	0	11.17878	0	0	0	0	0	0	11.47405	0	10.11267	9.14171	0	13.03148	10.85848	0	0	0	10.95197	10.46705	7.00351	11.85622	12.23405	10.60581	7.91826	9.70563	9.64818	9.84754	10.05169	9.31171	9.71576	9.9753	8.47911	10.72865	6.5557	10.20986	10.20923	8.09172	10.49117	9.16431	9.59798	3.26241	5.34832	9.41639	9.09187	0	7.23993	9.50724	11.40706	10.46744	8.34782	0	0	0	0	0	0	0	8.94891	0	0	0	0	0	0	0	0	0	0	0	0	0	0	0	0	0	0	0	0	0.4631	0	0	0	0	
0	0	0	0	0	0	0	0	9.61353	0	10.23981	0	0	0	0	0	9.06866	13.60047	10.62339	8.53448	10.57767	6.27021	0	0	0	11.86496	0	10.91427	6.49801	12.49798	0	10.11832	13.25299	7.58094	10.59354	10.45506	7.96675	7.43904	10.89815	10.35689	10.25393	9.19151	6.64756	9.40127	10.19327	9.46363	9.46276	9.34077	9.12799	7.55754	8.72707	11.27298	9.06671	8.2917	6.19938	8.32682	6.30454	9.81065	0	10.21613	7.18085	9.88933	8.82826	0	10.15527	11.31961	1.53232	0	0	0	0	6.23964	0	0	9.02949	0	0	0	9.06459	0	0	0	0	0	0	7.25172	0	0	0	0	0	0	0	0	0	6.98915	0	0	0	0	
0	10.00651	0	0	4.83949	8.56219	0	0	0	0	0	0	0	0	8.38569	10.95747	0	11.07781	11.36863	0	6.36418	0	4.23186	0	0	0	0	0	9.42675	9.75738	8.27435	0	10.89662	4.93776	10.29735	8.20613	9.91927	10.43172	9.05694	9.41641	8.91243	8.2427	9.07801	8.77237	9.441	9.35247	8.83599	9.67591	8.93198	8.31513	8.06522	8.76308	8.3917	7.5536	8.73845	8.74402	6.49102	7.79172	9.30821	7.88754	0	9.04094	0	12.16949	11.76366	0.81311	6.70514	7.75986	0	0	0	0	0	0	0	5.63884	0	0	0	0	8.32624	0	0	0	0	0	0	0	0	0	0	0	0	0	0	0	0	0	0	0	
0	11.87633	8.17512	0	9.3087	0	0	0	0	0	8.65588	0	0	0	9.11076	6.9762	0	9.29503	0	0	8.06728	6.2324	9.41034	9.83405	9.20074	9.6622	0	6.20914	9.81672	7.67121	12.36755	10.92357	11.3649	10.45006	10.12796	5.28201	8.683	9.61487	8.44653	8.9865	8.92388	8.91767	7.65369	8.09828	7.3404	7.38985	9.23604	7.36979	9.71818	8.55116	8.20135	9.39194	8.35654	8.7267	8.29496	7.37474	8.34998	6.36275	7.59047	9.99959	0	7.84677	10.70123	10.47924	2.84632	10.12336	0.81311	0	0	0	0	8.15783	0	0.81311	8.9978	0	6.45412	0	2.13963	0	0	0	0	4.96873	0	2.72595	0	0	0	0	0	0	0	0	0	0	0	0	0	0	
0	0	0	0	0	0	0	0	8.68933	0	10.65387	11.64287	0	0	0	0	0	0	10.34851	0	12.16593	0	0	0	0	12.04334	10.57328	0	5.96156	9.92572	9.15146	8.04884	9.00844	9.96932	10.16882	10.50267	8.14542	9.25122	9.94209	10.07486	8.36391	8.28268	9.03507	8.42941	7.96164	8.02535	8.61669	7.88943	8.96576	8.87736	9.33275	8.10304	8.50128	7.90857	7.58968	9.15179	8.04401	10.32212	12.49722	9.12245	10.38462	5.46046	10.13153	6.39337	0	8.38484	0	9.638	0	0	0	0	0	0	0	0	0	0	0	0	0	7.14002	0	0	0	0	0	9.02486	9.24551	4.59028	0	0	0	0	0	0	0	0	0	0	
0	0	0	0	0	0	0	0	10.66971	8.32227	6.16177	5.62784	0	11.46886	0	0	0	8.66532	10.64264	4.1952	0	0	2.96588	9.71216	9.91897	7.98777	5.46431	9.71068	6.85732	10.60089	0	7.89963	5.84425	5.34471	6.95362	10.0464	9.5376	8.08363	7.83882	5.7872	8.48341	9.59074	8.36416	9.82124	7.1067	8.30537	8.14635	8.7902	7.21428	9.46907	9.01988	7.57384	7.46264	6.4798	8.3674	8.4518	8.53433	9.33801	10.22665	6.88194	6.58288	10.29152	10.14641	7.449	1.74862	10.72725	10.43664	0	0	0	0	0	0	7.91044	8.97628	0	0	0	13.00588	0	0	0	0	0	0	0	0	0	8.34596	0	2.25852	0	0	0	0	0	0	0	0	0	
0	0	10.58551	7.23072	0	4.01257	0	3.94326	10.36309	0	0	0	0	0	0	0	0	8.74174	0	0	0	0	0	11.27469	0	9.29589	0	9.91372	9.42622	8.61459	0	9.73788	0	10.14991	7.41094	8.44317	8.53625	7.29015	3.481	9.82561	9.24772	9.83054	6.61354	8.75236	8.4472	7.97787	6.98503	9.12304	8.57239	9.06155	8.11872	8.2763	8.27739	8.81504	9.01031	7.37976	8.11927	10.18117	8.47895	7.07289	10.22341	8.7247	8.373	10.13444	6.18498	0	0	6.60946	3.16165	4.5168	3.60977	0	7.85727	0	2.66071	0	6.29706	0	0	0	0	0	4.9225	0	0	0	0	0	0	0	0	0	0	0	0	0	0	0	0	0	
0	0	0	0	0	0	0	0	2.65512	0	8.40354	9.14299	8.76881	0	12.02537	0	0	7.95733	0	7.45212	0	0	0	0	0	0	9.11765	7.22277	5.05445	0	8.6313	8.67842	7.74092	8.63307	4.9237	7.88992	8.40041	8.32782	8.17011	9.72357	9.2772	7.60676	6.79501	8.22683	7.62221	7.79809	6.79945	7.54174	7.76872	7.30328	8.15571	9.85505	9.06014	8.55083	8.12381	7.3809	6.95117	8.04526	9.61391	7.19981	9.30001	5.90318	9.64101	7.51267	4.98453	7.82059	8.98061	4.77795	0	0	6.26826	0	7.9383	1.95077	0	13.15461	0	0	2.47041	0	0	0	0	0	0	0	0	0	6.90064	0	0	0	0	0	0	0	0	0	0	0	
0	0	0	0	0	0	0	0	0	10.1422	0	0	4.93183	0	0	0	0	0	0	0	0	0	0	10.03246	0	0	8.19188	0	0	4.78345	7.01173	0	0	7.17897	7.82151	8.79515	6.56785	0.4631	6.57932	9.37533	5.14354	9.77681	4.82142	6.91755	9.30463	9.95411	8.13349	7.61006	10.04557	8.16313	7.51086	9.42414	7.78755	6.98765	9.41302	8.22192	8.72779	7.22963	5.17541	7.71612	7.08347	8.06579	4.2164	9.75284	7.88332	6.0495	7.67155	11.32195	8.35788	0	0	11.82879	0	5.62784	0	4.59028	10.11734	0	0	0	0	0	0	0	9.49897	0	0	5.56001	0	0	0	9.22649	0	0	0	0	10.93142	0	0	0	
0	0	0	0	0	0	0	0	0	0	0	10.28559	0	0	0	0	0	8.04517	12.72593	0	0	0	0	1.32998	0	0	0	7.20067	0	0	0	0	6.43587	7.39109	7.3487	0	4.49837	9.59857	2.76669	4.72392	6.97621	9.19137	7.59101	2.90217	0	8.43312	8.33954	5.41801	8.52074	6.72429	7.97181	9.94341	7.61733	5.17046	7.54761	6.24668	7.61747	7.93887	7.76043	9.06315	7.20539	5.99546	0	6.46788	8.52274	0	5.98621	9.19236	10.19346	7.62104	0	0	10.97195	2.56572	0	10.51784	0	9.02111	0	0	0	7.651	0	0	0	0	0	0	0	0	0	0	0	0	0	0	0	0	0	0	
0	0	0	0	6.82461	0	0	0	0	0	8.78404	0	4.37031	0	0	9.09187	0	0	7.10077	0	5.11633	10.78685	0	0	0	9.29503	7.05633	0	0	6.85887	0	9.71002	10.99755	0	0	8.17134	10.20276	4.47223	10.98656	9.87156	7.39483	9.29763	7.52778	7.83831	5.598	6.61528	12.10091	5.79472	8.14795	8.81809	9.21906	5.68679	8.54566	7.32212	6.53174	7.90275	6.70816	10.18407	4.75029	8.12069	6.12742	8.53265	6.30077	6.33851	8.1052	0	9.84035	10.91455	0	0	8.30891	8.84706	7.4124	11.46272	11.03683	0	6.94821	0	0	0	6.0793	0	0	0	0	4.11066	0	0	0	4.7611	0	0	0	0	0	0	0	0	0	0	
0	0	0	0	0	0	0	0	0	0	0	7.01893	2.54224	0	0	6.82064	0	0	0	5.00167	6.30325	0	3.0993	0	0	0	0	0	0	4.66937	6.45412	5.50936	0	0	0	9.28718	0	0	0	4.52062	5.62901	5.75839	4.90222	5.53693	8.45771	4.54729	5.87773	8.39992	7.42562	6.31206	0	0	7.9684	9.45152	0.4631	8.13634	7.75229	8.15878	7.1684	7.32442	8.87388	8.14085	9.03481	8.29639	6.66589	6.53201	7.24093	9.41205	2.73931	8.78999	0	6.92523	9.3652	9.73128	10.72882	0	6.75137	0	7.83113	0	0	0	0	0	0	0	0	0	0	0	0	0	0	0	0	0	0	0	0	0	
0	0	0	8.65993	0	0	0	0	0	0	0	0	0	0	0	0	5.29383	0	0	0	0	0	8.70512	0	0	0	6.89674	6.90542	10.72302	8.01336	0	0	0.4631	0	0	11.83717	0	0.81311	7.01471	0.99771	6.50134	0	2.01006	0	4.76751	10.69661	7.66412	8.07945	7.42704	7.65659	7.12956	7.02898	7.69459	8.7215	7.76675	8.58862	8.98026	6.92991	7.71994	6.84642	8.16162	8.90788	8.71822	8.06937	8.01446	8.37934	5.76143	8.1789	11.46318	8.45884	5.40964	8.9979	7.29688	3.42245	8.29696	0	12.52602	0	7.21481	9.16694	2.05544	7.95073	10.95224	0	0	4.14192	0	0	0	0	0	0	0	0	0	0	0	1.32998	0	12.59878	
0	0	5.50012	0	0	0	0	0	0	0	0	0	0	0	0	0	0	0	0	0	6.27533	0	0	0	0	9.25358	0	9.36459	0	10.14461	0	10.3849	9.04094	0	8.07338	0	0	9.23605	6.85681	0	8.49567	0	0	7.34587	11.98688	8.50773	2.831	5.91236	8.81225	7.03917	7.38752	10.58693	8.18591	8.07514	6.38751	8.89836	0	7.59665	7.21125	8.63658	3.51236	8.74408	6.67835	3.32325	6.31393	9.12224	5.69132	0	8.39979	4.68802	6.05453	7.48443	6.59406	8.3687	7.64996	0	7.35185	0	1.32653	7.20067	0	6.23144	0	0	0	0	0	0	8.42979	0	0	0	0	0	0	0	4.04601	0	0	0	
0	0	0	0	2.25852	0	0	0	0	0	0	0	9.28193	0	0	0	0	0	0	0	10.68704	3.90732	0	0	0	0	0	8.09273	0	0	0	1.70973	8.7976	0	0	0	7.30449	0	6.45412	8.04264	0	0	4.84313	0	8.754	0	7.5831	8.54621	2.81885	5.32591	7.91949	6.28026	9.20166	7.49941	9.07208	2.57373	0	6.39559	6.74217	2.65715	7.4128	8.35633	8.59331	7.75385	6.88503	9.72812	8.8846	6.49746	7.35357	7.29598	7.74052	0	0	8.79123	0	8.4424	6.04031	6.30529	0	0	0	0	0	0	9.17168	0.4631	0	0	0	0	0	0	0	0	0	0	9.46846	0	0	0	
0	0	0	0	0	0	0	0	7.70596	0	0	0	5.00167	0	0	0	9.28456	4.37031	4.83949	0	0	0	0	0	6.39653	0	0	0	0	0	0	0	0	0	6.64627	8.19762	0	5.08447	0	0	0	0	9.43729	10.88684	0	8.57196	10.69068	8.04057	0	5.78304	0	9.53474	9.5675	8.72501	0	5.70315	0	8.02354	0	4.92031	9.77757	8.35433	6.66383	7.87831	5.94962	6.63864	6.96639	5.48762	8.82194	7.62374	8.85874	4.65092	8.15691	9.01795	8.73448	6.70273	9.08085	8.31372	0	3.58213	9.43098	7.51616	9.7007	0	4.57816	1.70973	9.31745	3.71282	8.26662	0	4.50963	0	0	9.87667	0	0	0	0	0	0	
0	0	0	0	0	0	0	0	0	0	0	0	0	0	0	0	0	0	0	0	8.19954	0	0	0	0	0	0	0	0	7.60018	0	0	0	0	9.45918	0	0	0	0	0	9.64797	0	8.86825	9.41667	4.56359	0	0	6.63532	6.58502	5.66284	10.86973	0	0	6.03061	4.21785	8.45149	0	0	6.75596	9.34009	9.00632	5.94101	5.27321	5.80712	7.44019	8.56319	4.33476	5.53103	5.64092	6.01779	9.49148	7.91952	4.22696	6.95573	7.00642	0	4.1691	0	6.5434	0	0	0	4.34366	0	0	0	7.78298	0	0	0	0	0	0	0	0	0	0	0	0	0	
0	0	0	0	8.578	0	0	0	0	0	0	11.63328	0	5.14745	0	0	0	0	0	0	0	0	0	0	0	0	0	0	0	0	0	0	0	0	0	0	0	0	0	8.36748	0	0	6.6243	0	4.39864	0	2.91121	6.5151	0	0	4.52062	0	0	0	8.71555	0	0	0.81311	0	9.53106	6.39796	2.72452	6.68206	8.19826	7.20637	0	2.32837	6.45351	10.01096	6.89111	9.66213	9.82154	9.13342	6.14244	0	0	7.12778	7.63905	6.92032	5.80433	7.06043	8.42911	3.03413	0	3.87046	0	7.20437	11.992	0	6.41735	0	0	0	0	8.77035	0	0	0	0	0	
0	0	0	0	0	0	0	0	0	0	0	0	0	0	0	0	0	7.12753	0	0	0	8.63954	8.09351	0	0	0	9.43414	0	0	0	0	0	0	8.06856	7.61432	0	0	0	0	0	0	0	0	0	0	0	0	0	0.81311	0	6.43532	0	0	0	0	9.62375	10.08281	9.66549	5.67135	6.7463	0	6.92514	5.51502	0	8.25614	8.11774	6.15134	8.13041	5.19045	4.00739	8.55386	6.60618	6.91028	5.01341	7.68662	5.33343	8.79554	0	10.04423	8.53913	0	0	7.99732	0	8.65993	9.06457	0.81311	7.64724	0	10.20413	0	0	0	0	0	0	9.37398	0	0	0	
0	0	0	0	0	0	0	0	7.07795	0	0	0	0	0	0	0	0	0	0	0	0	0	0	0	0	0	0	5.17794	0	15.12466	0	0	0	0	0	0	0	0	0	9.99107	0	0	0	0	0	5.2078	0	6.49707	7.35873	0	0	9.35713	0	0	0	0	0	0	8.68091	0	9.15169	0	9.14239	10.07995	11.00478	6.67322	6.23562	0	0	8.22889	9.44679	10.22528	8.29062	6.8376	9.50528	8.55599	1.93523	0	7.22277	7.98958	7.02055	8.15892	10.15901	9.80429	10.66269	0	0.4631	0	0	0	4.93183	0	9.9152	0	0	0	0	0	0	0	
0	0	0	0	0	0	0	0	0	0	0	0	0	9.34038	0	0	0	0	0	3.16165	0	0	0	0	0	4.18086	0	0	0	0	0	0	0	0	7.74975	0	0	6.5948	0	0	9.74344	0	7.80207	9.60725	2.25852	0	0	0	0	0	6.47882	6.78147	0	0	4.11066	0	0	0	0	6.9117	5.76686	0	7.41139	8.57657	4.82029	4.74852	9.90582	7.82633	4.44742	5.59192	6.71008	0	6.76712	6.48685	10.07645	7.78293	4.46407	6.43706	8.37162	5.3187	0	7.09029	10.29909	4.33372	6.19793	0	0	8.02598	6.11978	0	9.85731	0	0	7.87366	0	0	0	0	5.09414	0	
0	0	0	0	0	0	0	3.0993	0	0	0	0	0	0	0	0	0	0	0	0	0	0	5.2225	0	0	0	0	0	8.96539	0	0	0	0	0	10.06748	0	0	0	0	0	0	2.42422	0	0	0	0	4.70711	0	0	0	0	0	10.41401	0	0	0	7.70311	6.19562	0	4.8044	8.53348	0	0	7.57735	0	3.79379	0	7.68095	7.16924	10.53892	9.18665	8.75118	8.74257	5.37733	5.45189	7.44855	6.09403	0	6.35266	5.20831	8.40609	8.02484	5.52542	0	6.5381	0	4.93183	4.90976	0	0	11.41868	8.25801	0	0	0	0	9.17735	0	0	0	
0	0	0	0	0	0	0	0	0	0	0	0	0	0	0	0	0	0	0	0	0	0	0	0	0	0	0	0	0	0	0	0	0	0	0	0	0	5.80039	0	0	0	0	0	0	0	0	0	0	0	4.01257	0	5.73609	0	4.26709	0	0	6.23964	5.65604	0	0	4.80083	0	8.38242	10.98171	8.4774	5.93967	0	0	8.30911	6.68367	0	3.75387	6.55717	8.66054	8.17523	6.6297	0	4.37301	4.78751	7.30439	3.55925	9.63223	6.85407	0.4631	0	0	6.80311	0	0	0	0	0	5.73012	8.63766	8.13877	0	0	0	0	0	
0	0	0	0	0	0	0	7.81667	0	0	0	0	0	0	0	0	0	0	0	0	0	0	0	0	0	0	0	0	0	0	0	0	0	0	0	0	0	5.34784	0	5.61676	0	0	0	0	0	0	0	0	0	0	6.04501	0	0	11.84802	9.4602	0	0	7.48157	10.43191	11.13015	0	2.36835	0	7.81755	9.53942	9.52958	0	0	8.71392	4.93509	8.76034	6.40312	5.77679	8.43333	5.59433	8.23093	5.59915	0	8.85449	7.44264	8.00103	10.56727	4.0734	5.41072	3.0913	0	0	1.23164	0	0	5.47663	0	0	0	0	1.80831	0	0	0	0	
0	0	0	0	0	0	0	0	0	0	0	0	0	0	0	0	0	0	0	0	0	0	0	0	0	9.34206	0	0	0	0	0	0	0	0	0	0	0	6.39695	0	0	0	0	0	0	9.83895	0	0	0	8.30684	0	0	0	0	0	0	4.7811	0	0	0	0	0	0	8.54047	0	0	6.95719	5.50977	9.55874	2.25852	6.84952	2.75533	0	6.21414	0	9.337	6.41308	6.85407	7.55129	6.42555	7.30461	6.32012	0	7.68362	0	8.39545	6.48452	0	0	0	0	9.10977	0	0	0	0	0	0	4.94961	0	0	
0	0	0	0	0	0	0	0	0	0	0	0	4.37031	0	0	0	0	0	0.81311	0	0	0	0	0	0	0	0	0	0	0	0	0	0	0	0	0	0	0	0	0	0	0	0	0	0	0	0	9.10779	0	0	4.17254	0	10.14846	0	0	0	0	0	0	5.45705	0	0	0	5.85079	3.79379	6.92768	9.4523	0	10.51112	0	0	10.37712	0	0	0	7.3277	6.78735	9.38926	6.45611	4.34796	0	7.13702	6.28388	4.44356	7.48704	4.56519	6.86678	0	9.38353	0	0	0	0	9.61144	0	0	0	0	0	0	
0	0	0	0	0	0	0	0	0	0	0	0	0	0	0	0	0	0	0	0	0	0	0	0	0	0	0	0	0	0	0	0	10.03229	0	0	0	0	0	0	0	3.0993	0	0	0	0	0	0	0	0	0	0	0	0	0	0	0	7.72777	0	0	0	7.81413	0	0	4.56492	0	7.88987	0	0	7.10356	0	0	0	10.63888	0	0	3.16165	0	0	5.1551	9.96161	8.60628	6.02163	9.8579	0	6.87283	0	2.56572	0	0	2.13963	6.10332	5.33099	5.89897	0	0	0	0	0	0	0	
0	0	0	0	0	0	0	3.44018	0	0	0	0	0	0	0	0	0	0	0	0	0	0	0	0	0	0	0	6.67861	0	0	0	0	0	0	0	0	0	0	0	0	0	0	0	0	0	0	0	0	0	0	0	0	0	0	0	0	0	0.4631	0	0	0	0	0	0	0	0	0	0	0	0	4.88302	4.52648	6.27708	0	0	11.18184	7.78484	0	10.19841	4.26064	0	6.58995	0	7.60299	2.36835	9.16748	0	9.81065	0	0	0	1.09457	0	0	0	10.00492	0	0	0	0	
0	0	0	0	0	0	0	0	0	0	0	0	0	0	0	0	0	0	0	0	8.05296	0	0	0	0	0	0	0	0	0	5.16278	0	0	0	0	0	0	0	0	0	0	0	0	0	0	0	0	0	0	0	0	0	0	0	0	0	0	0	0	11.46635	0	0	0	0	5.79453	8.81104	9.20629	9.16764	0	0	0	0	0	0	0	2.96588	5.64587	0	0	0	3.66254	0	0	0	5.47967	5.908	7.70456	6.90059	7.7749	0	7.44274	7.86197	11.01322	3.38716	0	8.82796	0	0	0	0	
0	0	0	0	0	0	0	0	0	0	0	0	0	0	0	0	0	0	0	0	0	0	0	0	0	0	0	0	0	0	0	0	0	0	0	0	0	0	0	0	0	0	0	0	0	0	0	0	4.94961	0	0	0	0	0	0	0	0	0	0	0	0	0	0	0	0	0	0	0	0	9.29503	9.45918	9.4876	7.09921	0	11.13015	8.05707	0	9.79352	0	0	0	8.1789	7.91723	0	5.08226	0	6.42264	0	0	6.81961	0	2.73145	3.43326	0	5.94393	0	0	0	0	0	
0	0	0	0	0	0	0	0	0	0	0	0	0	0	0	8.28601	0	0	0	0	0	0	0	0	0	0	0	0	0	0	0	0	0	0	9.47	0	0	0	0	0	0	0	0	0	0	0	0	0	0	0	0	0	0	0	0	0	0	0	0	0	0	0	0	0	0	0	0	6.6243	0	0	0	0	0	8.62854	0	0	0	6.77435	0	0	0	2.13963	0	0	1.77621	0	6.67164	4.58157	9.60795	9.76452	9.79167	0	10.64059	0	0	0	0	0	0	0	
0	0	0	0	0	0	0	0	0	0	0	0	0	0	0	0	0	0	0	0	0	0	0	0	0	0	0	0	0	0	0	0	0	0	0	0	0	0	0	0	0	0	0	0	0	0	0	0	8.86356	2.25852	0	0	0	0	0	0	0	0	0	6.11124	0	0	0	0	0	6.13133	0	0	0	0	0	4.93183	0	0	0	0	0	11.99158	0	6.18154	11.30176	0	0	8.67471	0	0	0	0	0	0	0	0	0	0	0	0	0	0	0	0	
0	0	0	0	0	0	0	0	0	0	0	0	0	0	0	0	0	0	0	0	0	0	0	0	0	0	0	0	0	0	0	0	0	0	0	0	0	0	0	0	0	0	0	0	0	2.01006	0	0	0	0	0	0	0	0	0	2.56205	0	0	11.72776	0	0	0	0	0	5.67135	0	0	0	0	0	0	4.85843	0	9.53769	0	0	9.04715	0	0	0	7.23546	3.91765	6.07867	7.41388	0	0	0	7.98777	8.23464	0	6.0793	11.25136	9.42384	0	0	0	0	0	0	0	
0	0	0	0	0	0	0	0	0	0	0	0	0	0	0	0	0	0	0	0	0	0	0	0	0	0	0	0	0	0	0	0	0	0	0	0	0	0	0	0	0	0	0	0	0	0	0	0	0	0	0	0	0	0	0	0	0	0	0	0	0	0	0	0	0	0	0	0	0	0	0	0	0	0	0	0	0	0	0	0	0	0	0	0	0	0	1.8677	0	0	0	0	9.19516	0	0	0	0	0	0	0	0	
0	0	0	0	0	0	0	0	0	0	0	0	0	0	0	0	0	0	0	0	0	0	0	0	0	0	0	0	0	0	0	0	0	0	0	0	0	0	0	0	0	0	0	0	0	0	0	0	0	0	0	0	0	0	0	0	0	0	0	0	0	0	0	0	0	0	0	0	0	0	10.34044	2.25852	0	0	0	0	0.4631	0	0	11.11065	0	0	0	9.57682	0	0	0	0	0	0	5.3914	9.04405	0	0	0	0	0	0	0	0	
0	0	0	0	0	0	0	0	0	0	0	0	0	0	0	0	0	0	0	0	0	0	0	0	0	0	0	0	0	0	0	0	0	0	0	0	0	0	0	0	0	0	0	0	0	0	0	0	0	0	0	0	0	0	0	0	0	0	0	4.39647	0	0	0	0	0	0	0	0	0	0	7.55443	0	0	0	0	0	0	0	0	0	0	0	0	0	0	0	5.46431	0	0	0	0	0	0	0	0	0	0	0	0	0	
0	0	0	0	0	0	0	0	0	0	0	0	0	0	0	0	0	0	0	0	0	0	0	0	0	0	0	0	0	0	0	0	0	0	0	0	0	0	0	0	0	0	0	0	0	0	0	0	0	0	0	0	0	0	0	0	0	0	0	0	0	0	0	0	0	0	0	0	0	9.79106	5.01862	0	0	0	0	0	0	0	8.09351	0	0	0	0	0	0	0	0	0	7.50719	7.17445	0	0	0	0	0	0	0	0	0	0	
0	0	0	0	0	0	0	0	0	0	0	0	0	0	0	0	0	0	0	0	0	0	0	0	0	0	0	0	0	0	0	0	0	0	0	0	0	0	0	0	0	0	0	0	0	0	0	0	0	0	0	0	0	0	0	0	0	0	0	0	0	0	0	0	0	0	0	0	0	0	0	0	0	0	0	0	0	0	0	0	0	0	0	0	0	0	4.44742	0	0	0	0	0	0	0	0	0	0	0	0	0	
0	0	0	0	0	0	0	0	0	0	0	0	0	0	0	0	0	0	0	0	0	0	0	0	0	0	0	0	0	0	0	0	0	0	0	0	0	0	0	0	0	0	0	0	0	0	0	0	0	0	0	0	0	0	0	0	0	0	7.73956	0	0	0	0	0	0	0	0	0	0	0	0	0	0	0	0	5.25146	0	0	0	0	0	0	0	0	0	0	0	0	0	0	0	0	0	0	0	0	0	0	0	0	
0	0	0	0	0	0	0	0	0	0	0	0	0	0	0	0	0	0	0	0	0	0	0	0	0	0	0	0	0	0	0	0	9.3868	0	0	0	0	0	0	0	0	0	0	0	0	0	0	0	0	0	5.82374	0	0	0	0	0	0	0	0	0	0	0	0	0	0	0	0	0	0	0	0	0	0	0	0	5.88046	0	0	0	0	0.81311	0	0	0	0	0	0	0	0	0	0	0	0	0	0	0	0	0	0	0	
0	0	0	0	0	0	0	0	0	0	0	0	0	0	0	0	0	0	0	0	0	0	0	0	0	0	0	0	0	0	0	0	0	0	0	0	0	0	0	0	0	0	0	0	0	0	0	0	0	0	0	0	0	0	0	0	0	0	0	0	0	0	0	0	0	0	0	0	0	0	0	0	0	0	0	0	0	0	0	0	0	0	0	0	0	0	0	0	0	0	0	0	0	0	0	0	0	0	0	0	
0	0	0	0	0	0	0	0	0	0	0	0	0	0	0	0	0	0	0	0	0	0	0	0	0	0	0	0	0	0	0	0	0	0	0	0	0	0	0	0	0	0	0	0	0	0	0	0	0	0	0	0	0	0	0	0	0	0	0	0	0	0	0	0	0	0	0	0	0	0	0	0	0	0	0	0	0	0	0	0	0	0	0	0	0	0	0	0	0	0	0	0	0	0	0	0	0	0	0	0	
0	0	0	0	0	0	0	0	0	0	0	0	0	0	0	0	0	0	0	0	0	0	0	0	0	0	0	0	0	0	0	0	0	0	0	0	0	0	0	0	0	0	0	0	0	0	0	0	0	0	0	0	0	0	0	0	0	0	0	0	0	0	0	0	0	0	0	0	0	0	0	0	0	0	0	0	0	0	0	0	0	0	0	0	0	0	0	0	0	0	0	0	0	0	0	0	0	0	0	0	
0	0	0	0	0	0	0	0	0	0	0	0	0	0	0	0	0	0	0	0	0	0	0	0	0	0	0	0	0	0	0	0	0	0	0	0	0	0	0	0	0	0	0	0	0	0	0	0	0	0	0	0	0	0	0	0	0	0	0	0	0	0	0	0	0	0	0	0	0	0	0	0	0	0	0	0	0	0	0	0	0	0	0	0	0	0	0	0	0	0	0	0	0	0	0	0	0	0	0	0	
0	0	0	0	0	0	0	0	0	0	0	0	0	0	0	0	0	0	0	0	0	0	0	0	0	0	0	0	0	0	0	0	0	0	0	0	0	0	0	0	0	0	0	0	0	0	0	0	0	0	0	0	0	0	0	0	0	0	0	0	0	0	0	0	0	0	0	0	0	0	0	0	0	0	0	0	0	0	0	0	0	0.81311	0	0	0	0	0	0	0	0	0	0	0	0	0	0	0	0	0	0	
0	0	0	0	0	0	0	0	0	0	0	0	0	0	0	0	0	0	0	0	0	0	0	0	0	0	0	0	0	0	0	0	0	0	0	0	0	0	0	0	0	0	0	0	0	0	0	10.81622	0	0	0	0	0	0	0	0	0	0	0	0	0	0	0	0	0	0	0	0	0	0	0	0	0	0	8.99137	0	0	0	0	0	0	0	0	0	0	0	0	0	0	0	0	0	0	0	0	0	0	0	0	0	
