0	0	0	0	0	0	0	0	0	0	0	0	0	0	0	0	0	0	0	0	0	0	0	0	0	0	0	0	0	0	0	0	0	0	0	0	0	0	0	0	0	0	0	0	0	0	0	0	0	0	0	6.89359	0	0	0	0	0	0	0	0	0	0	0	0	0	0	0	0	0	0	0	0	0	0	0	0	0	0	0	0	0	0	0	0	0	0	0	0	0	0	0	0	0	0	0	0	0	0	0	0	
0	0	0	0	0	0	0	0	0	0	0	0	0	0	0	0	0	0	0	0	0	0	0	0	0	0	0	0	0	0	0	0	0	0	0	0	0	0	0	0	0	0	0	0	0	0	0	13.19765	0	0	0	0	0	0	0	0	0	0	0	0	0	0	0	8.46016	0	0	0	0	0	0	0	0	0	0	0	0	0	0	0	0	0	0	0	0	0	0	0	0	0	0	0	0	0	0	0	0	0	0	0	0	
0	0	0	0	0	0	0	0	0	0	0	0	0	0	0	0	0	0	0	0	0	0	0	0	0	0	0	0	0	0	0	0	0	0	0	0	0	0	0	0	0	0	0	0	0	0	0	0	0	0	0	0	0	0	8.39903	0	0	0	0	0	0	0	0	0	0	0	0	0	0	0	0	0	0	0	0	0	0	0	0	0	0	0	0	0	0	0	0	0	0	0	0	0	0	0	0	0	0	0	0	0	
0	0	0	0	0	0	0	0	0	0	0	0	0	0	0	0	0	0	0	0	0	0	0	0	0	0	0	0	0	0	0	0	0	0	0	0	0	0	0	0	0	0	0	0	0	0	13.63269	8.83712	0	0	0	0	0	0	0	0	0	0	0	0	0	0	0	0	0	0	0	0	0	0	0	0	0	0	0	0	0	0	0	0	0	0	0	0	0	0	0	0	0	0	0	0	0	0	0	0	0	0	0	0	
0	0	0	0	0	0	0	0	0	0	0	0	0	0	0	0	0	0	0	0	0	0	0	0	0	0	0	0	0	0	0	0	0	0	0	0	0	4.46998	0	0	0	0	0	11.57686	0	0	0	0	0	0	0	0	0	0	0	0	0	0	0	0	0	0	0	0	0	0	0	0	0	0	0	0	0	0	0	0	0	0	0	0	0	0	0	0	0	0	0	0	0	0	0	0	0	0	0	0	0	0	0	0	
0	0	0	0	0	0	0	0	0	0	0	0	0	0	0	0	0	0	0	0	0	0	0	0	0	0	0	0	0	0	0	0	0	0	0	0	0	0	0	0	0	0	0	0	0	0	0	0	0	0	0	0	0	0	0	0	0	0	0	0	0	0	0	0	0	0	0	0	0	0	0	0	6.66915	0	0	0	0	0	0	0	0	0	0	0	0	0	0	0	0	0	0	0	0	0	0	0	0	0	0	0	
0	0	0	0	0	0	0	0	0	0	0	0	0	0	0	0	0	0	0	0	0	0	0	0	0	0	0	0	0	0	0	0	0	0	0	0	0	0	0	0	0	0	0	0	0	0	0	0	0	0	0	0	0	0	0	0	0	0	0	0	0	0	0	0	0	0	0	0	0	0	0	0	0	0	11.35172	0	0	0	0	0	0	0	0	0	0	0	0	0	0	0	0	0	0	0	0	0	0	0	0	0	
0	0	0	0	0	0	0	0	0	0	0	0	0	0	0	0	0	0	0	0	0	0	0	0	0	0	0	0	0	0	0	0	0	0	0	0	0	0	0	0	0	0	0	0	0	0	0	0	0	0	0	9.82948	0	0	0	9.86979	0	0	10.16395	0	0	0	0	0	0	0	0	0	0	0	0	0	0	0	0	0	0	0	0	0	0	0	0	0	0	0	0	0	0	0	0	0	0	0	0	0	0	0	0	0	
0	0	0	0	0	0	0	0	0	0	0	0	0	0	0	0	0	0	0	0	0	0	0	0	0	0	0	0	2.7098	0	0	0	0	0	0	0	0	0	0	0	0	0	0	0	0	0	0	0	0	0	0	0	0	0	0	0	0	0	0	0	0	0	0	0	0	0	0	5.99983	0	0	0	0	0	0	0	0	0	0	0	0	0	0	0	0	0	0	0	0	0	0	0	0	0	0	0	0	0	0	0	0	
0	0	0	0	0	0	0	0	0	0	0	0	0	0	0	0	0	0	0	0	0	0	0	0	0	0	0	0	0	0	0	0	0	0	0	0	0	0	0	0	0	0	0	0	0	0	0	0	0	0	0	0	0	0	0	4.73855	0	0	0	0	0	0	0	0	0	0	0	0	0	0	0	0	0	0	0	0	0	0	0	0	0	0	0	0	0	0	0	0	0	0	0	0	0	0	0	0	0	0	0	0	
0	0	0	0	0	0	0	0	0	0	0	0	0	0	0	0	0	0	0	0	0	0	0	0	0	0	0	0	0	0	0	0	0	0	0	0	0	0	0	0	0	0	0	0	0	0	0	0	0	0	0	0	0	0	0	0	0	0	0	0	0	0	0	0	0	0	0	9.98688	0	0	0	0	0	0	0	0	0	0	0	0	0	0	0	0	0	0	0	0	0	0	0	0	0	0	0	0	0	0	0	0	
0	0	0	0	0	0	0	0	0	0	0	0	0	0	0	0	0	0	0	0	0	0	0	0	0	0	0	0	0	0	0	0	0	0	0	0	0	0	0	0	0	0	0	0	0	0	0	0	0	0	0	0	7.31018	0	0	0	2.63582	0	0	0	0	0	0	0	0	0	0	0	0	0	0	5.71127	0	0	0	0	0	0	0	0	0	0	0	0	0	0	0	0	0	0	0	0	0	0	0	0	0	0	0	0	
0	0	0	0	0	0	0	0	0	0	0	0	0	0	0	0	0	0	0	0	0	0	0	0	0	0	0	0	0	0	0	0	0	0	0	0	0	0	0	0	0	0	0	0	0	0	0	0	9.6737	0	0	0	11.30221	0	0	0	0	0	0	0	0	0	0	0	0	0	0	1.81525	0	0	0	0	0	0	0	0	0	0	0	0	0	0	0	0	0	0	0	0	0	0	0	0	0	0	0	0	0	0	0	0	
0	0	0	0	0	0	0	0	0	0	0	0	0	0	0	0	0	0	0	0	0	0	0	0	0	0	0	0	0	0	12.37777	0	0	0	0	0	0	0	0	1.81525	0	0	0	0	0	0	0	10.12543	0	0	0	0	0	0	0	0	0	5.9416	17.07013	0	9.17607	0	0	9.82561	0	0	0	0	0	0	0	0	0	0	0	0	0	0	0	0	0	0	0	0	0	0	0	0	0	0	0	0	0	0	0	0	0	0	0	0	
0	0	0	0	0	0	0	0	0	0	0	0	0	0	0	0	0	0	0	0	0	0	0	0	0	0	0	0	0	0	0	0	0	0	0	0	0	0	0	0	0	0	0	0	0	0	0	0	0	0	0	0	0	0	5.53447	0	0	0	0	0	0	0	0	0	0	0	0	0	0	0	0	0	0	0	17.40791	0	0	0	0	0	0	0	0	0	0	0	0	0	0	0	0	0	0	0	0	0	0	0	0	0	
0	0	0	0	0	0	0	0	0	0	0	0	0	0	0	0	0	0	0	0	0	0	0	0	0	0	0	0	0	0	0	0	0	0	0	0	0	0	0	0	0	0	12.91436	0	0	0	0	0	0	0	0	0	9.2918	0	0	0	0	0	0	12.23006	0	0	0	0	0	0	0	0	0	0	0	8.03337	0	0	0	0	0	0	0	0	0	0	0	0	0	0	0	0	0	0	0	0	0	0	0	0	0	0	0	0	
0	0	0	0	0	0	0	0	0	0	0	0	0	0	0	0	0	0	0	0	0	0	0	0	0	0	0	0	0	0	0	0	0	0	0	0	0	0	0	0	0	0	0	5.64879	0	0	0	12.27848	0	0	0	7.34493	0	0	0	0	0	0	4.66422	0	0	0	0	0	0	0	0	0	0	0	0	0	0	0	0	0	0	0	0	0	0	0	0	0	0	0	0	0	0	0	0	0	0	0	0	0	0	0	0	0	
0	0	0	0	0	0	0	0	0	0	0	0	0	0	0	0	0	0	0	0	0	0	0	0	0	0	0	0	0	0	0	0	0	0	0	0	0	0	0	0	0	0	10.49132	0	0	0	0	0	0	0	0	0	0	0	0	8.06357	0	0	0	0	0	0	0	0	0	0	0	0	3.00967	0	0	0	0	0	0	0	0	0	0	0	0	0	0	0	0	0	0	0	0	0	0	0	0	0	0	0	0	0	0	0	
0	0	0	0	0	0	0	0	0	0	0	0	0	0	0	0	0	0	0	0	0	0	0	0	0	0	0	0	0	0	0	0	0	0	0	0	0	0	0	0	13.86854	0	0	0	0	0	0	0	0	0	0	0	0	0	0	0	0	0	0	0	0	0	0	0	0	0	0	0	0	0	0	0	0	0	0	0	0	0	0	0	0	0	0	0	0	0	0	0	0	0	0	0	0	0	0	0	0	0	0	0	
0	0	0	0	0	0	0	0	0	0	0	0	0	0	0	0	0	0	0	0	0	0	0	0	0	0	0	0	0	0	0	0	0	0	0	0	0	0	0	0	0	0	0	0	0	0	0	9.4519	0	0	6.39396	0	0	0	0	0	0	0	0	0	0	0	0	0	0	0	0	0	0	0	0	0	0	0	0	0	8.65307	0	0	0	0	0	0	0	0	0	0	0	0	0	0	0	0	0	0	0	0	0	0	0	
0	0	0	0	0	0	0	0	0	0	0	0	0	0	0	0	0	0	0	0	0	0	0	0	0	0	0	0	0	0	0	0	0	0	0	0	0	0	0	0	0	0	0	0	0	0	0	7.13509	0	0	8.53457	10.70713	0	0	0	0	7.97572	0	9.90736	0	10.34642	0	0	0	0	8.45395	0	0	0	0	0	0	0	0	0	0	0	0	0	0	0	0	0	0	0	0	0	0	0	0	0	0	0	0	0	0	0	0	0	0	
0	0	0	0	0	0	0	0	0	0	0	0	0	0	0	0	0	0	0	0	0	0	0	0	0	0	0	0	0	0	0	0	0	0	0	0	0	0	0	0	0	9.13256	0	0	0	0	0	0	0	0	0	0	0	0	0	0	0	0	0	0	0	0	0	0	0	0	0	0	0	0	0	0	0	0	0	0	0	0	0	0	0	0	0	0	0	0	0	0	0	0	0	0	0	0	0	0	0	0	0	0	
0	0	0	0	0	0	0	0	0	0	0	0	0	0	0	0	0	0	0	0	0	0	0	0	0	0	0	0	0	0	0	1.32855	0	0	0	0	0	0	0	0	0	0	0	0	0	0	0	8.30563	0	0	0	0	0	0	0	0	0	0	0	0	0	0	0	5.65468	0	0	0	8.05266	0	0	0	0	0	0	0	0	0	0	0	0	0	0	0	0	0	0	0	0	0	0	0	0	0	0	0	0	0	0	0	0	
0	0	0	0	0	0	0	0	0	0	0	0	0	0	0	0	0	0	0	0	0	0	0	0	0	0	0	0	0	0	0	7.93284	0	0	0.58861	0	0	0	0	0	0	0	0	0	0	0	0	0	0	0	0	0	0	0	0	0	0	0	0	0	0	0	0	0	0	0	0	0	0	0	0	0	0	0	0	0	0	0	0	0	0	0	0	0	0	0	0	0	0	0	0	0	0	0	0	0	0	0	0	0	
0	0	0	0	0	0	0	0	0	0	0	0	0	0	0	0	0	0	0	0	0	0	0	0	0	0	0	0	0	0	0	0	0	0	0	0	0	0	0	0	0	0	0	10.91115	0	0	0	0	0	13.18511	0	0	0	0	9.86823	0	0	0	0	0	0	0	0	0	0	0	0	0	0	0	0	0	0	0	0	0	0	0	0	2.79494	0	0	0	0	0	0	0	0	0	0	0	0	0	0	0	0	0	0	0	0	
0	0	0	0	0	0	0	0	0	0	0	0	0	0	0	0	0	0	0	0	0	0	0	0	0	0	0	0	0	0	0	0	7.22529	0	0	0	0	0	0	0	0	0	0	0	0	0	0	2.91646	0	0	4.30523	0	0	0	0	0	0	0	5.90568	0	0	0	0	0	0	0	0	0	0	0	7.20572	0	0	0	0	0	0	0	0	0	0	0	0	0	0	4.85827	0	0	0	0	0	0	0	0	0	0	0	0	0	0	
0	0	0	0	0	0	0	0	0	0	0	0	0	0	0	0	0	0	0	0	0	0	0	0	0	0	0	0	0	0	0	0	0	0	0	0	0	0	0	10.10181	0	0	0	0	15.80905	0	7.45806	0	0	0	0	0	0	0	0	0	0	0	0	0	0	0	0	0	0	0	0	0	0	0.58861	0	0	0	0	0	0	0	0	0	0	0	0	0	0	0	0	0	0	0	0	0	0	0	0	0	0	0	0	0	0	
0	0	0	0	0	0	0	0	0	0	0	0	0	0	0	0	0	0	0	0	0	0	0	0	0	0	0	0	0	0	0	0	0	0	0	10.53116	0	0	0	0	0	0	0	0	0	0	0	9.28132	0	0	0	0	0	5.83269	0	0	0	0	0	0	10.52427	0	0	0	0	0	0	0	0	0	0	0	0	0	0	0	0	0	0	0	0	0	0	0	0	0	0	0	0	0	0	0	0	0	1.00554	0	0	0	0	0	
0	0	0	0	0	0	0	0	0	0	0	0	0	0	0	0	0	0	0	0	0	0	0	0	0	0	0	0	0	0	0	0	0	0	0	0	0	0	0	0	0	12.90188	0	0	0	0	0	0	0	0	0	0	0.58861	0	0	0	0	0	0	0	0	0	0	0	0	0	0	2.00831	0	0	0	6.79885	0	0	0	0	0	0	0	0	0	0	0	0	0	0	0	0	0	0	0	0	0	0	0	0	0	0	0	0	
0	0	0	0	0	0	0	0	0	0	0	0	0	0	0	0	0	0	0	0	0	0	0	0	0	0	0	0	0	0	0	0	0	0	0	0	0	0	0	0	6.51872	0	0	0	10.00043	0	0	5.44475	0	0	0.58861	9.20085	0	0	0	11.03548	0	0	6.0221	0	6.93576	0	0	0	0	0	0	0	5.03307	0	0	0	0	0	0	0	0	0	0	0	0	0	0	0	0	0	0	0	0	0	0	0	0	0	0	1.00554	0	0	0	0	
0	0	0	0	0	0	0	0	0	0	0	0	0	0	0	0	0	0	0	0	0	0	0	0	0	0	0	0	0	0	0	0	0	0	0	0	0	0	0	0	0	0	0	0	12.08133	0	0	0	0	0	0	0	8.21313	0	0	0	0	4.01036	0	0	0	6.91784	0	0	0	0	0	0	0	0	0	0	0	0	0	0	0	0	0	0	0	0	0	0	0	0	0	0	0	0	0	0	0	0	0	0	0	0	0	0	
0	0	0	0	0	0	0	0	0	0	0	0	0	0	0	0	0	0	0	0	0	0	0	0	0	0	0	0	0	0	0	0	0	0	0	0	0	0	0	0	0	0	0	9.81193	0	0	10.37078	0	0	0	5.4031	0	0	0	0	0	0	0	0	7.61832	0	0	0	0	8.12214	0	0	2.00831	0	0	0	0	10.74828	0	0	0	0	0	0	0	0	0	0	0	0	0	0	0	0	0	0	0	0	0	0	0	0	0	0	0	
0	0	0	0	0	0	0	0	0	0	0	0	0	0	0	0	0	0	0	0	0	0	0	0	0	0	0	0	0	0	0	0	0	0	0	0	0	0	0	0	0	0	0	0	0.58861	3.59509	0	10.45035	0	0	0	15.46854	7.08242	0	0	7.82477	0	0	0	0	0	0	0	0	0	0	0	4.46998	0	0	0	0	0	12.36446	0	0	0	0	0	0	0	0	0	0	0	0	0	0	0	0	0	0	0	0	0	0	0	0	0	0	
0	0	0	0	0	0	0	0	0	0	0	0	0	0	0	0	0	0	0	0	0	0	0	0	0	0	0	0	0	0	0	0	0	0	0	0	0	13.38628	0	0	0	0	0	0	0	0	0	0	1.32855	0	0	5.64584	0	0	0	0	10.45863	0	0	1.00554	0	8.57897	0	0	0	0	0	0	0	0	0	0	0	0	6.22868	5.84374	0	0	0	0	0	0	0	0	0	0	0	0	0	0	0	0	0	0	0	0	0	0	0	0	
0	0	0	0	0	0	0	0	0	0	0	0	0	0	0	0	0	0	0	0	0	0	0	0	0	0	0	0	0	0	0	0	0	0	0	0	0	0	0	0	0	0	12.04515	0	0	11.04961	0	12.29602	0	0	6.7183	0	12.44762	0	10.31367	0	0	0	0	0	0	0	0	8.18343	0	0	0	5.83103	0	0	6.14017	0	0	0	0	0	0	0	2.00831	0	0	0	0	0	0	0	0	0	0	0	0	0	0	0	0	0	0	0	0	0	
0	0	0	0	0	0	0	0	0	0	0	0	0	0	0	0	0	0	0	0	0	0	0	0	0	0	0	0	0	0	0	0	0	0	0	0	0	0	0	0	0	0	0	0	0	0	0	5.48653	6.71138	0	0	9.07846	0	0	0	0	0	0	0	0	0	0	0	0	0.58861	0	0	0	0	0	0	0	0	0	0	0	0	0	0	0	0	0	0	0	0	0	0	0	0	0	5.58067	0	0	0	0	0	0	0	0	0	
0	0	0	0	0	0	0	0	0	0	0	0	0	0	0	0	0	0	0	0	0	0	0	0	0	0	0	0	0	0	0	0	0	0	0	0	0	0	0	0	0	0	0	0	0	0	0	8.57516	0	0	0	0	7.89364	6.15044	0	0	0	0	11.81348	13.09668	0	0	0	0	0	0	0	0	0	0	0	0	0	0	0	0	0	0	0	0	0	0	0	0	0	0	0	0	0	0	0	0	0	0	0	0	0	0	4.73855	0	
0	0	0	0	0	0	0	0	0	0	0	0	0	0	0	0	0	0	0	0	0	0	0	0	0	0	0	0	0	0	0	0	0	0	0	0	0	0	0	0	0	0	8.33968	0	0	0	0	0	0	8.483	0	5.7922	0	4.73855	0	0	0	0	0	0	0	0	0	0	11.50914	0	0	0	0	0	0	0	0	0	0	0	8.49281	0	0	0	0	0	0	0	0	0	0	0	0	0	0	0	0	0	0	0	0	0	0	0	
0	0	0	0	0	0	0	0	0	0	0	0	9.32731	0	0	0	0	0	0	0	0	0	0	0	0	0	0	0	0	0	10.83878	0	0	0	0	0	0	0	0	0	0	0	8.08442	0	0	0	0	14.25433	0	0	12.47954	0	0	6.87513	7.77254	0	8.22036	0	0	0	0	0	0	10.57375	2.00831	8.85808	0	0	0	0	0	0	0	0	0	0	0	0	0	0	0	0	0	0	0	0	0	0	0	0	0	0	0	0	0	0	0	0	0	0	
0	0	0	0	0	0	0	0	0	0	0	0	0	0	0	0	0	0	0	0	0	0	0	0	0	0	0	0	0	0	0	0	0	0	0	0	0	0	0	0	0	0	0	0	0	9.00631	7.2589	0	0.58861	11.45009	2.00831	8.06077	6.56191	0	7.35083	6.43942	0	0	0	0	13.64704	0	0	0	0	0	0	0	0	6.01175	0	0	0	0	0	0	7.22479	0	0	0	0	0	0	0	0	0	0	0	0	0	0	0	0	0	0	0	0	0	0	0	
0	0	0	0	0	0	0	0	0	0	0	0	0	0	0	7.80541	0	0	0	0	0	0	0	0	0	0	0	0	0	0	0	0	0	0	0	2.33076	10.41883	0	0	0	0	0	0	2.33076	0	10.60209	6.61316	9.55116	3.17975	8.57326	0	0	3.46947	0	8.0554	0	0	0	0	3.46947	0	7.83436	0	8.34863	0	10.23925	0	0	11.36529	0	8.10376	0	0	0	0	10.21805	0	3.71064	0	6.20899	0	0	0	0	0	0	0	0	0	0	8.52079	0	0	0	0	0	0	0	0	0	
0	0	0	0	0	0	0	0	0	0	0	0	0	0	0	0	0	0	0	0	0	0	0	0	0	0	12.1619	0	0	0	0	3.17975	0	0	6.0877	0	0	0	0	0	11.89879	0	0	0	0	0	0	0	8.95333	5.85634	3.33188	8.886	8.86433	0	10.81759	0	10.49183	0	6.23779	0	11.61906	7.28714	0	0	0	5.0768	0	0	0	0	0	0	0	7.72867	0	0	0	0	0	0	0	0	0	0	0	0	0	0	0	0	0	0	0	0	0	0	0.58861	0	0	0	
0	0	0	0	0	0	0	0	0	0	0	0	0	0	0	0	0	0	0	11.74278	0	0	0	0	0	0	0	0	0	0	0	0	0	0	0	0	0	0	0	0	0	0	0	14.23718	0	0	10.80301	9.40549	11.22049	0	10.11956	6.37824	10.93325	0	0	0	13.09427	0	0	7.32756	4.40498	0	0	11.14386	0	4.89331	0	7.80541	0	0	0	0	0	0	0	0	0	0	0	0	0	0	0	0	0	0	0	0	0	0	6.71563	0	0	0	0	0	0	0	0	0	
0	0	0	0	0	0	0	0	0	0	0	0	8.6294	0	0	0	0	0	0	10.37078	0	0	0	0	0	0	0	0	0	0	0	0	0	6.91701	0	0	0	0	0	0	0	13.93442	12.57912	0	8.60459	0	0	5.17581	11.11236	0	2.00831	8.9569	6.24708	0	10.32493	7.71835	5.60001	5.21233	6.83732	0	0	0	0	0	3.40231	0	0	0	0	0	0	0	0	0	0	0	0	0	14.1099	0	0	0	0	0	0	0	0	0	0	0	0	0	0	0	0	0	0	0	0	0	
0	0	0	0	0	0	0	0	0	0	0	0	0	0	0	0	0	0	0	0	0	0	0	13.21966	0	0	0	0	0	0	0	0	0	0	0	0	0	0	10.50988	0	0	0	7.31001	9.4236	0	0	11.33645	5.35675	0	7.26555	8.57326	6.27228	0	0	0	0	0	6.52534	10.80941	9.70887	8.54629	0	0	0	7.58841	0	0	0	0	0	0	0	0	0	0	0	0	0	0	0	0	0	0	0	0	0	0	0	0	0	0	0	0	0	0	0	0	0	0	0	
0	0	8.78416	0	0	0	0	0	0	0	0	0	0	0	0	0	0	0	0	0	0	0	0	0	0	0	0	0	0	0	0	0	0	0	0	0	0	0	0	0	10.70407	0	0	0	0	10.32732	0	9.15162	10.70322	12.09565	0	8.53457	9.25301	7.09159	0	6.77913	0	0	6.39462	1.59235	6.64894	0	5.29616	8.12214	0	0	0	0	0	0	0	7.65564	0	0	0	0	2.33076	0	0	0	0	0	0	0	0	0	0	0	0	0	0	0	0	0	0	0	0	0	0	0	
0	0	0	0	0	0	0	0	0	0	0	7.7457	0	0	0	0	0	0	0	0	0	0	0	0	0	0	0	0	0	0	0	0	6.7923	0	0	0	0	6.8677	11.37861	3.53365	3.53365	6.56329	0	0	11.4036	8.30056	10.89957	5.06502	10.69055	0	11.12836	0	5.72758	3.51168	0	10.03035	3.81702	6.48894	0	0	0	0	0	0	0	0	0	4.05477	0	0	0	0	9.15696	0	0	1.81525	0	0	9.99189	0	0	0	0	0	0	0	0	0	0	0	0	0	0	0	0	7.14449	0	0	0	0	
0	0	0	0	0	0	0	0	0	0	0	0	0	0	0	0	0	0	0	0	0	0	0	0	0	0	0	0	0	0	0	0	0	0	4.46998	8.84155	0	0	0	8.32162	0	11.48144	0	11.01127	14.25265	9.82175	7.54945	6.61381	5.89101	11.63357	11.0933	10.62988	7.33736	8.41819	0	0	3.93089	0	0	6.85838	7.44561	0	3.59509	0	0	0	0	0	0	0	0	0	0	0	0	0	0	0	1.32855	0	0	0	0	0	0	0	0	11.04067	0	0	0	0	0	0	0	0	0	0	0	0	
0	0	0	0	0	0	0	0	7.81189	0	8.73212	0	0	0	0	0	0	0	0	0	0	0	0	0	0	0	10.2825	0	0	0	0	0	0	0	0	0	0	14.01895	11.33859	0	8.8964	9.39257	0	8.3125	3.00967	10.71073	6.8952	8.41586	6.73707	8.94551	0	7.66019	2.00831	0	0	0	9.79374	5.0107	0	0	0	0	2.46848	0	0	0	8.07978	0	0	0	0	0	0	0	0	0	0	0	0	0	0	0	0	0	0	0	0	0	0	0	0	0	0	2.7098	0	0	0	0	0	0	
0	0	0	0	0	0	0	0	0	0	0	8.67101	0	0	10.84902	0	0	0	0	0	0	0	0	0	0	0	0	0	0	0	0	10.3877	0	0	7.16071	0	11.06666	0	0	10.6847	6.44554	0	9.9191	9.62659	10.15422	6.19055	11.22014	8.38079	4.86178	6.59509	5.82579	9.18441	8.50764	7.92554	0	6.23971	9.21673	0	0	5.14001	6.09834	4.78137	0	11.45709	0	0	0	0	0	0	0	0	0	0	0	5.8332	0	0	0	0	0	0	0	7.36853	0	0	0	0	0	0	0	0	0	0	0	0	0	0	0	0	
0	0	0	0	0	0	0	0	0	0	0	0	11.24974	0	0	0	0	0	0	0	0	0	0	0	0	0	0	0	0	9.26369	0	0	9.40442	0	7.43304	0	10.10775	0	15.44109	10.99367	11.02167	10.26429	8.83962	9.43673	8.3235	4.6419	9.64881	9.31962	8.86744	9.69731	7.71049	9.73384	10.2296	5.97908	5.60997	5.19141	7.21965	0	0	5.16048	8.2518	0	0	0	0	0	0	0	0	0	0	0	0	9.63113	0	0	0	0	0	0	10.39204	0	0	0	0	0	0	0	0	0	0	0	0	0	0	0	0	0	0	0	
0	0	0	0	0	0	0	12.55323	0	0	0	9.26014	0	0	0	0	0	0	0	0	0	0	0	0	0	0	0	9.65398	0	0	2.00831	0	11.05475	0	0	0	9.53655	5.0551	8.49347	9.82989	9.44397	4.31986	0	10.0498	9.63477	9.17356	8.25563	7.66271	10.33781	10.71833	4.59828	9.57409	8.29629	10.78624	5.80161	4.78707	8.28247	6.41315	4.64687	9.03478	4.80956	11.99154	7.26364	0	8.49281	0	0	0	0	0	0	0	0	11.32335	0	0	0	0	0	0	0	0	0	0	0	0	0	0	0	0	0	0	0	0	0	0	0	0	0	0	
11.21958	0	0	0	0	0	0	0	6.26129	0	0	0	9.23623	0	0	0	0	0	0	0	0	0	0	0	12.41871	0	0	7.53846	0	0	0	0	7.97967	0	9.83141	9.01945	0	8.45188	10.16611	5.43529	6.1908	8.85529	4.10022	9.68315	11.95558	8.79232	8.30425	8.41584	5.15615	7.79923	10.22794	4.59024	6.3379	4.10452	12.65315	9.0919	8.59973	5.53917	0	10.11944	2.00831	1.59235	0	5.94804	0	5.64018	0	0	0	0	0.58861	0	0	0	0	0	0	0	0	0	0	0	3.48343	0	0	0	0	0	0	0	0	0	0	0	0	0	0	0	0	0	
0	0	0	10.12868	0	0	0	0	0	0	0	0	0	0	0	0	0	0	9.17341	0	0	11.13903	0	5.23957	11.66319	10.74828	0	0	9.68257	11.78706	11.52535	0	11.38282	0	0	0	0	8.84616	11.30433	6.92563	7.61822	7.34578	8.40189	9.20015	8.3911	10.04737	7.52685	7.31947	8.88417	6.04599	8.56768	6.87524	10.18471	5.61201	7.0483	8.03228	0	3.82292	4.09297	7.70706	0	3.46947	11.15824	0	0	0	0	0	0	4.89331	0	0	7.2871	0	1.32855	5.45373	10.16901	2.78764	0	1.59235	0	0	0	0	0	0	0	0	0	0	0	0	0	0	0	0	0	0	0	0	
7.91186	0	0	0	11.15027	7.64529	0	0	0	0	0	0	0	0	0	0	0	7.42461	0	0	0	0	0	0	9.31481	0	9.44754	8.66631	0	12.09419	9.57268	0	0	0	11.42202	4.56516	5.84562	10.47884	12.24301	8.30576	6.94537	9.63319	10.34716	9.11206	8.77879	9.41821	9.75865	8.17883	8.08388	10.63422	3.29831	10.56454	7.47041	6.80516	7.80603	7.59679	8.29635	3.29549	5.97229	10.08881	7.06081	0	6.87936	7.55788	12.5601	8.73041	8.86375	0	0	0	0	0	0	0	2.59417	0	0	0	0	0	0	0	0	0	0	0	0	0	0	0	0	0	0	0	0	0	0	0	0	0	
0	0	0	0	0	0	0	0	5.16048	0	7.78248	0	0	0	0	0	6.86893	10.352	11.30106	5.31454	7.14539	5.52721	0	0	0	12.18347	0	6.5423	6.64553	11.07207	0	10.74108	10.13257	7.64649	8.64501	10.73575	6.59878	7.16963	9.43362	8.53269	8.65007	7.55684	5.38196	7.69427	9.70844	7.78498	7.45787	8.52913	7.65385	6.49222	7.60465	10.27711	6.44596	9.98319	6.05685	5.75941	6.04899	8.84549	0	8.51086	4.62992	6.23971	8.87199	0	5.89499	10.40389	4.40284	0	0	0	0	9.68434	0	0	4.18035	0	0	0	10.46585	0	0	0	0	0	0	7.06081	0	0	0	0	0	0	0	0	0	2.00831	0	0	0	0	
0	10.07308	0	0	1.59235	5.45373	0	0	0	0	0	0	0	0	7.20079	9.61001	0	11.12413	7.92777	0	9.38389	0	9.11407	0	0	0	0	0	9.62974	9.91867	6.80199	0	8.20822	4.98132	9.38932	7.59233	8.38754	10.02508	7.93141	8.14508	8.81921	7.35796	7.35322	7.75601	8.06835	6.96023	8.58107	9.2727	6.60175	8.18205	6.35505	7.59171	7.67228	5.88093	7.54936	4.42228	1.32855	8.64544	7.04322	3.41717	0	8.34863	0	11.82442	10.35098	2.00831	7.30344	6.36846	0	0	0	0	0	0	0	1.59235	0	0	0	0	6.89144	0	0	0	0	0	0	0	0	0	0	0	0	0	0	0	0	0	0	0	
0	9.87908	6.94759	0	9.43386	0	0	0	0	0	8.28247	0	0	0	9.41404	9.53655	0	9.00396	0	0	5.69733	2.59417	7.50109	8.80532	6.88747	10.60396	0	4.1532	8.25893	7.18877	8.57326	10.85888	11.30325	11.65417	9.73711	4.86115	8.74259	7.74983	6.19498	7.77919	7.45602	7.81564	7.63887	6.59651	7.20004	5.9949	8.44724	7.31316	9.03062	8.05547	6.87508	7.77263	7.31008	7.00457	7.01576	6.59152	7.50961	6.33704	8.62725	4.94142	0	6.76541	7.93061	7.2327	1.92321	0	2.17852	0	0	0	0	6.67157	0	0.58861	10.07914	0	6.2493	0	2.46848	0	0	0	0	4.01112	0	2.77444	0	0	0	0	0	0	0	0	0	0	0	0	0	0	
0	0	0	0	0	0	0	0	3.9172	0	7.22529	12.28644	0	0	0	0	0	0	10.40817	0	3.81761	0	0	0	0	10.44253	8.98794	0	1.00554	8.66207	7.00983	8.28946	7.29637	7.60198	9.56027	8.72965	9.1729	9.78615	8.39198	9.12141	6.32551	8.43143	7.97095	8.34913	7.6962	8.92206	7.44835	8.28211	7.76435	8.88211	7.49248	6.74661	5.53568	7.4667	7.15624	7.63596	8.35791	6.5235	6.43718	5.32756	7.22311	6.10676	8.42559	6.21461	0	9.06289	0	6.16991	0	0	0	0	0	0	0	0	0	0	3.25781	0	0	7.21064	0	0	0	0	0	6.37822	3.25781	3.09721	0	0	0	0	0	0	0	0	0	0	
0	0	0	0	0	0	0	0	12.96678	10.68381	5.12925	1.32855	0	11.41804	0	0	0	7.55402	11.09684	5.25731	0	0	0	9.03676	4.36806	6.64756	5.7523	9.09681	3.76923	9.84668	0	8.08225	4.29705	3.78416	4.0724	7.74079	8.69289	5.20706	7.26858	5.36021	5.23021	6.27756	8.32014	8.51218	5.87122	7.17856	8.16759	8.60808	7.15778	8.30688	8.2329	6.44092	7.27055	6.06168	8.25717	8.23335	5.0069	10.4907	7.6367	4.47769	7.37868	6.78717	5.98077	2.33076	1.73474	8.30069	6.93576	0	0	0	0	0	0	4.89331	7.3597	0	0	0	11.24586	0	0	0	0	0	0	0	0	0	5.2202	0	0	0	0	0	0	0	0	0	0	0	
0	0	9.08114	10.57885	0	9.24823	0	1.32855	5.88122	0	0	0	0	0	0	0	0	7.23531	0	0	0	0	0	10.80991	0	8.56943	0	10.85425	5.90568	7.55561	0	9.31398	0	7.69047	5.45584	8.63254	6.87595	7.0179	1.27254	8.78793	6.98128	8.46748	9.23688	7.30787	7.41894	7.43935	7.15656	7.77127	7.90769	7.54974	6.96064	7.26382	8.51559	7.51367	6.64173	5.49446	6.68692	7.71251	8.07875	7.54778	8.9231	9.14894	1.73474	7.1299	6.08415	0	0	4.82806	3.46947	6.25007	6.10567	0	6.23006	0	0.79708	0	5.64739	0	0	0	0	0	4.37117	0	0	0	0	0	0	0	0	0	0	0	0	0	0	0	0	0	
0	0	0	0	0	0	0	0	1.00554	0	9.78004	8.74403	7.67549	0	12.2376	0	0	7.60718	0	14.93931	0	0	0	0	0	0	2.7098	3.46947	8.64638	0	8.78086	7.51144	4.41774	8.64633	6.4665	6.42788	8.51771	6.40565	7.26061	10.24635	8.24043	5.5741	4.3667	6.84459	6.15597	7.32723	5.33136	5.65379	7.88307	7.20631	6.65469	8.81461	8.69034	6.684	4.64772	7.26889	5.15896	6.99179	8.64088	6.80718	5.54328	4.96572	6.72872	7.18207	2.00831	4.33271	2.7098	4.58296	0	0	4.09786	0	4.49637	1.88256	0	11.67926	0	0	0	0	0	0	0	0	0	0	0	0	6.98975	0	0	0	0	0	0	0	0	0	0	0	
0	0	0	0	0	0	0	0	0	9.94325	0	0	5.92972	0	0	0	0	0	0	0	0	0	0	8.35157	0	0	8.9258	0	0	4.82653	6.02464	0	0	7.50347	10.50239	7.21554	5.11925	0.58861	1.81525	8.58087	4.26631	9.55406	3.33229	5.07088	8.37322	5.95722	6.96905	7.25711	8.27295	4.87063	7.27573	7.8639	6.24041	6.01995	6.92559	5.96277	5.94641	6.60244	4.18743	4.56723	6.12945	5.76925	5.19937	7.57272	7.55917	6.57355	6.69042	6.01087	5.28555	0	0	1.00554	0	4.84355	0	0	7.65845	0	0	0	0	0	0	0	11.4244	0	0	0.58861	0	0	0	5.71127	0	0	0	0	5.03307	0	0	0	
0	0	0	0	0	0	0	0	0	0	0	11.41804	0	0	0	0	0	3.54389	12.38486	0	0	0	0	2.46848	0	0	0	7.45392	0	0	0	0	7.72102	8.96856	6.13263	0	5.31242	8.29361	4.45444	4.833	6.69197	8.54951	5.94298	3.39943	0	8.78395	5.17914	5.08856	6.26983	7.7441	6.25489	10.60339	8.10682	6.20245	6.26214	6.70758	6.39799	7.58549	6.80475	8.0693	6.68199	2.99321	0	4.83956	6.32735	0	4.81563	3.25781	11.91605	6.35741	0	0	0	2.17852	0	10.0417	0	9.56658	0	0	0	9.2203	0	0	0	0	0	0	0	0	0	0	0	0	0	0	0	0	0	0	
0	0	0	0	7.29198	0	0	0	0	0	9.19714	0	0	0	0	10.66657	0	0	5.38582	0	4.82325	2.59417	0	0	0	8.1934	5.0768	0	0	6.79428	0	8.94772	9.76174	0	0	8.12994	11.27519	14.97523	10.96487	11.58093	6.07249	9.03478	6.41167	6.23006	1.45823	7.66187	13.65196	4.36053	8.56358	8.28791	8.09265	6.94004	7.9355	8.35407	5.48972	6.39959	6.1923	7.09101	3.63788	7.34978	4.65416	7.43596	4.79438	6.14027	7.67793	0	6.43777	7.93623	0	1.32855	8.99753	9.1847	6.51731	9.29743	7.8339	0	4.93295	0	0	0	10.41138	0	0	1.81525	0	2.17852	0	0	0	5.72508	0	0	0	0	0	0	0	0	0	0	
0	0	0	0	0	0	0	0	0	0	0	7.4948	2.98833	0	0	10.16205	0	0	0	1.32855	6.42877	0	0	0	0	0	0	0	0	4.15557	2.33076	8.04898	0	0	0	10.51585	0	0	0	4.2199	3.03632	3.82688	4.71082	5.33094	6.86899	3.16428	4.74825	7.22045	5.38911	4.64035	0	0	7.23835	9.75457	2.91646	5.38208	6.77367	7.20641	6.07038	5.29833	7.39791	6.50292	8.45094	6.85961	4.07924	5.33251	4.59555	7.16459	1.00554	8.42789	0	4.61869	8.08846	11.4281	10.14353	0	2.81682	0	2.46848	0	0	0	0	0	0	0	0	0	0	0	0	0	0	0	0	0	0	0	0	0	
0	0	0	9.96668	0	0	0	0	0	0	0	0	0	0	0	0	1.32855	0	0	0	0	0	6.7923	0	0	0	7.34091	7.02077	4.36806	8.31479	0	0	5.43705	0	0	11.27331	0	1.81525	5.50265	0	5.10268	0	1.59235	0	2.98642	7.84704	9.09015	7.82798	4.88666	4.18094	5.12177	6.36811	5.55693	6.8313	7.65726	6.30295	7.3293	6.13898	6.25558	7.54213	8.50309	5.80317	8.87096	8.2124	6.89279	8.28378	6.36535	12.4941	9.04423	7.1477	4.03498	7.69673	4.15897	0.39241	8.40512	0	11.91661	0	3.6401	10.92654	0	2.33076	1.59235	0	0	5.09818	0	0	0	0	0	0	0	0	0	0	0	4.1397	0	9.47761	
0	0	4.50307	0	0	0	0	0	0	0	0	0	0	0	0	0	0	0	0	0	5.53437	0	0	0	0	6.26829	0	7.03155	0	6.73204	0	9.54338	8.1934	0	1.81525	0	0	4.7861	5.81434	0	4.36806	0	0	7.54512	11.18159	10.71234	2.02739	2.50899	8.81353	4.75876	9.5715	10.40657	5.76387	7.2378	7.61373	9.04507	0	4.55657	8.53509	6.23342	1.65268	5.21404	5.23607	2.66868	5.01106	7.92424	4.97508	0	8.52619	5.41519	3.20416	7.75755	7.07362	7.74174	6.85015	0	5.56711	0	4.62427	3.81761	0	5.16041	0	0	0	0	0	0	2.46848	0	0	0	0	0	0	0	3.00967	0	0	0	
0	0	0	0	1.00554	0	0	0	0	0	0	0	8.72869	0	0	0	0	0	0	0	8.34416	3.40231	0	0	0	0	0	5.49284	0	0	0	0.58861	10.62483	0	0	0	8.53065	0	1.32855	7.42883	0	0	3.71442	0	8.60347	0	3.68832	8.34863	3.53365	6.58164	6.09834	5.02945	7.94469	4.866	6.50322	1.88418	0	5.05676	4.93998	2.57781	7.6987	6.31676	7.02335	6.41405	5.88165	7.65544	4.56806	3.91441	7.69271	6.20694	7.10705	0	0	9.18802	0	10.21885	4.15187	6.02984	0	0	0	0	0	0	5.23957	1.00554	0	0	0	0	0	0	0	0	0	0	9.33521	0	0	0	
0	0	0	0	0	0	0	0	2.91646	0	0	0	8.06085	0	0	0	7.75246	2.00831	1.00554	0	0	0	0	0	2.59208	0	0	0	0	0	0	0	0	0	7.84704	9.29758	0	7.53454	0	0	0	0	8.02223	9.19342	0	9.72821	7.14539	4.43679	0	3.80134	0	10.79117	7.46631	6.93418	0	5.7922	0	6.2039	0	5.99986	7.49501	2.00831	6.38988	8.86433	5.1961	7.3266	5.74417	5.39023	10.18721	7.67459	8.45506	2.38533	5.19754	8.18343	7.28775	3.74081	10.38267	5.80526	0	0	7.56173	6.23006	7.93421	0	6.37815	1.32855	3.76511	7.45392	1.59235	0	5.70208	0	0	8.42432	0	0	0	0	0	0	
0	0	0	0	0	0	0	0	0	0	0	0	0	0	0	0	0	0	0	0	5.87389	0	0	0	0	0	0	0	0	1.32855	0	0	0	0	5.18066	0	0	0	0	0	8.92988	0	10.19219	8.75417	3.39904	0	0	5.23957	2.81682	5.39869	9.39797	0	0	5.60793	3.85554	7.71502	0	0	7.9608	8.62164	11.9121	5.88647	2.95656	6.06969	7.67053	7.11052	6.43244	5.54145	5.78722	5.9414	9.77862	6.5751	3.8549	5.09508	1.29846	0.58861	1.20193	0	6.26328	0	0	0	2.17852	0	0	0	7.43947	0	0	0	0	0	0	0	0	0	0	0	0	0	
0	0	0	0	7.97678	0	0	0	0	0	0	2.00831	0	3.40231	0	0	0	0	0	0	0	0	0	0	0	0	0	0	0	0	0	0	0	0	0	0	0	0	0	5.96919	0	0	3.33188	0	7.60515	0	1.92643	1.59235	0	0	0	0	0	0	9.04582	0	0	0.58861	0	9.16458	8.13209	0	8.1812	6.79102	5.99877	0	1.99689	4.29659	10.27225	6.31838	3.74562	8.33752	8.17118	4.82486	0	0	1.64307	4.09786	5.68274	3.81761	0	8.78086	0	0	1.00554	0	1.00554	6.73695	0	4.45828	0	0	0	0	6.22035	0	0	0	0	0	
0	0	0	0	0	0	0	0	0	0	0	0	0	0	0	0	0	5.73014	0	0	0	8.96231	9.96304	0	0	0	10.11301	0	0	0	0	0	0	5.51738	6.90231	0	0	0	0	0	0	0	0	0	0	0	0	0	0	0	13.78428	0	0	0	0	7.63445	8.91207	7.47652	6.57317	2.59417	0	4.24202	5.26023	0	8.57707	7.43836	5.08696	6.6354	5.06702	3.37642	4.87415	4.59649	5.66433	4.16647	9.72333	5.0733	5.381	0	9.22413	4.19537	0	0	8.52153	0	6.60339	10.63242	4.76552	1.81525	0	9.58226	0	0	0	0	0	0	8.78666	0	0	0	
0	0	0	0	0	0	0	0	6.39841	0	0	0	0	0	0	0	0	0	0	0	0	0	0	0	0	0	0	2.59417	0	0	0	0	0	0	0	0	0	0	0	8.3045	0	0	0	0	0	5.42018	0	4.792	3.33188	0	0	9.01665	0	0	0	0	0	0	8.3622	0	9.93397	0	9.4147	9.16509	7.68829	3.28472	5.12906	0	0	5.37541	7.70844	5.72508	7.42177	8.05368	8.49682	11.41388	1.82701	0	0	7.23128	6.57358	8.19303	10.38499	7.4591	7.19968	0	0	0	0	0	10.38607	0	10.43463	0	0	0	0	0	0	0	
0	0	0	0	0	0	0	0	0	0	0	0	0	6.43718	0	0	0	0	0	1.59235	0	0	0	0	0	3.06188	0	0	0	0	0	0	0	0	6.83749	0	0	7.10437	0	0	8.11429	0	7.09311	6.43718	0	0	0	0	0	0	3.59509	4.68303	0	0	5.96506	0	0	0	0	8.46011	6.80836	0	5.05978	7.95644	7.07705	5.32473	10.3057	4.56516	0.58861	5.80551	5.51676	0	4.5591	5.58934	7.64761	6.09802	4.12426	5.34964	5.37704	5.59954	0	5.48962	6.01087	4.41081	3.55997	0	0	1.81525	2.29653	0	5.03307	0	0	6.30552	0	0	0	0	4.70167	0	
0	0	0	0	0	0	0	7.38166	0	0	0	0	0	0	0	0	0	0	0	0	0	0	9.75418	0	0	0	0	0	7.92986	0	0	0	0	0	8.86808	0	0	0	0	0	0	2.51654	0	0	0	0	5.9762	0	0	0	0	0	8.39687	0	0	0	5.66381	2.7098	0	5.64467	5.53498	0	0	6.94866	0	3.9172	0	6.18904	6.26407	10.38933	10.40368	6.42167	6.94169	4.87085	6.40323	6.73187	4.69471	6.21057	5.42417	6.36617	5.8199	6.91796	3.31332	0	4.06461	0	8.5941	4.85445	0	0	6.0877	10.21794	0	0	0	0	10.24045	0	0	0	
0	0	0	0	0	0	0	0	0	0	0	0	0	0	0	0	0	0	0	0	0	0	0	0	0	0	0	0	0	0	0	0	0	0	0	0	0	6.60207	0	0	0	0	0	0	0	0	0	0	0	5.51859	0	4.81423	0	1.73079	0	0	0.58861	4.55159	3.46947	0	3.33188	0	7.22042	12.40081	8.58087	6.01179	0	0	7.88976	7.2078	0	6.44554	6.49544	9.36439	7.44317	6.19244	0	4.35018	5.21917	6.42456	3.09726	8.39903	4.65446	0	0	0	1.29846	0	0	0	0	0	7.21958	5.69293	7.25414	0	0	0	0	0	
0	0	0	0	0	0	0	5.62553	0	0	0	0	0	0	0	0	0	0	0	0	0	0	0	0	0	0	0	0	0	0	0	0	0	0	0	0	0	3.99317	0	7.70796	0	0	0	0	0	0	0	0	0	0	3.12968	0	0	15.14797	6.83749	0	0	8.1646	9.01102	7.43304	0	2.00831	0	6.68207	7.46681	9.57518	0	0	8.34045	4.76895	8.71956	3.68334	4.24107	9.41088	10.35255	7.90239	6.30192	0	8.17488	8.08793	7.24527	9.9926	4.12471	3.82162	4.75221	0	0	0.6409	0	0	7.81835	0	0	0	0	1.57035	0	0	0	0	
0	0	0	0	0	0	0	0	0	0	0	0	0	0	0	0	0	0	0	0	0	0	0	0	0	9.36417	0	0	0	0	0	0	0	0	0	0	0	8.9269	0	0	0	0	0	0	6.55008	0	0	0	8.00535	0	0	0	0	0	0	0	0	0	0	0	0	0	7.54869	0	0	5.89218	5.85607	7.34461	0	7.78698	3.08538	0	5.29033	0	9.59411	5.86486	1.32855	4.43931	4.36763	4.64971	4.88526	0	2.20393	0	9.47863	6.45301	0	0	0	0	5.16048	0	0	0	0	0	0	0	0	0	
0	0	0	0	0	0	0	0	0	0	0	0	5.18066	0	0	0	0	0	0	0	0	0	0	0	0	0	0	0	0	0	0	0	0	0	0	0	0	0	0	0	0	0	0	0	0	0	0	7.16578	0	0	0	0	13.85029	0	0	0	0	0	0	4.5372	0	0	0	2.63524	3.65402	4.01036	9.55418	0	12.06123	0	0	8.6349	0	0	0	5.36908	6.45968	8.87874	6.22417	4.20443	0	4.08504	4.94315	4.48143	5.53922	1.29709	8.14085	0	3.76511	0	0	0	0	2.33076	0	0	0	0	0	0	
0	0	0	0	0	0	0	0	0	0	0	0	0	0	0	0	0	0	0	0	0	0	0	0	0	0	0	0	0	0	0	0	9.89291	0	0	0	0	0	0	0	9.38824	0	0	0	0	0	0	0	0	0	0	0	0	0	0	0	3.73164	0	0	0	9.22851	0	0	4.13185	0	7.05535	0	0	7.47274	0	0	0	5.42018	0	0	9.0798	0	0	4.97336	10.63518	7.94829	6.42877	10.29354	0	3.40231	0	0	0	1.00554	0	6.71988	4.77342	5.15809	0	0	0	0	0	0	0	
0	0	0	0	0	0	0	0.66428	0	0	0	0	0	0	0	0	0	0	0	0	0	0	0	0	0	0	0	6.73886	0	0	0	0	0	0	0	0	0	0	0	0	0	0	0	0	0	0	0	0	0	0	0	0	0	0	0	0	0	1.00554	0	0	0	0	0	0	0	0	0	0	0	0	4.29267	4.334	6.06934	2.91646	0	5.35062	4.09786	0	8.25876	3.59509	0	6.08556	0	8.36195	1.32855	8.60091	0	8.17842	0	2.00831	0	5.2202	0	0	0	7.74908	0	0	0	0	
0	0	0	0	0	0	0	0	0	0	0	0	0	0	0	0	0	0	0	0	6.10891	0	0	0	0	0	0	0	0	0	1.00554	0	0	0	0	0	0	0	0	0	0	0	0	0	0	0	0	0	0	0	0	0	0	0	0	0	0	0	0	9.34082	0	0	0	0	7.45392	9.31138	3.17975	2.39901	0	0	0	0	0	0	0	2.46848	5.7102	0.58861	0	0	3.92138	0	0	0	3.105	4.46998	8.02367	6.68032	4.73855	0	5.5654	5.11925	3.33188	3.46947	0	4.84355	0	0	0	0	
0	0	0	0	0	0	0	0	0	0	0	0	0	0	0	0	0	0	0	0	0	0	0	0	0	0	0	0	0	0	0	0	0	0	0	0	0	0	0	0	0	0	0	0	0	0	0	0	9.55889	0	0	0	0	0	0	0	0	0	0	0	0	0	0	0	0	0	0	0	0	9.15185	13.46566	10.45294	6.78353	0	10.14289	6.66198	0	8.8264	0	0	0	8.56943	6.43768	0	3.54389	0	0	0	0	6.21519	0	2.59314	2.98642	0	2.46848	0	0	0	0	0	
0	0	0	0	0	0	0	0	0	0	0	0	0	0	0	6.80347	0	0	0	0	0	0	0	0	0	0	0	0	0	0	0	0	0	0	4.96488	0	0	0	0	0	0	0	0	0	0	0	0	0	0	0	0	0	0	0	0	0	0	0	0	0	0	0	0	0	0	0	0	2.17852	0	0	0	0	0	5.25868	0	0	0	0.29431	0	0	0	4.33242	0	0	3.20268	0	8.21136	3.49162	5.0107	10.32751	6.9825	0	10.1576	0	0	0	0	0	0	0	
0	0	0	0	0	0	0	0	0	0	0	0	0	0	0	0	0	0	0	0	0	0	0	0	0	0	0	0	0	0	0	0	0	0	0	0	0	0	0	0	0	0	0	0	0	0	0	0	7.47041	4.25839	0	0	0	0	0	0	0	0	0	8.0554	0	0	0	0	0	7.2539	0	0	0	0	0	8.05266	0	0	0	0	0	11.5485	0	4.5755	11.83062	0	0	8.93435	0	0	0	0	0	0	0	0	0	0	0	0	0	0	0	0	
0	0	0	0	0	0	0	0	0	0	0	0	0	0	0	0	0	0	0	3.53365	0	0	0	0	0	0	0	0	0	0	0	0	0	0	0	0	0	0	0	0	0	0	0	0	0	0	0	0	0	0	0	0	0	0	0	1.82884	0	0	11.41485	0	0	0	0	0	9.48169	0	0	0	0	0	0	5.91775	0	5.7523	0	0	4.43679	0	0	0	3.70987	7.96489	3.59006	6.19053	0	0	0	8.21802	7.87708	0	1.59235	9.20701	10.02296	0	0	0	0	0	0	0	
0	0	0	0	0	0	0	0	0	0	0	0	0	0	0	0	0	0	0	0	0	0	0	0	0	0	0	0	0	0	0	0	0	0	0	0	0	0	0	0	0	0	0	0	0	0	0	0	0	0	0	0	0	0	0	0	0	0	0	0	0	0	0	0	0	0	0	0	0	0	0	0	0	0	0	0	0	0	0	0	0	0	0	0	0	0	0	0	0	0	0	8.78251	0	0	0	0	0	0	0	0	
0	0	0	0	0	0	0	0	0	0	0	0	0	0	0	0	0	0	0	0	0	0	0	0	0	0	0	0	0	0	0	0	0	0	0	0	0	0	0	0	0	0	0	0	0	0	0	0	0	0	0	0	0	0	0	0	0	0	0	0	0	0	0	0	0	0	0	0	0	0	7.93667	0	0	0	0	0	7.14539	0	0	5.69733	0	0	0	8.8296	0	0	0	0.58861	0	0	1.46045	10.96669	0	0	0	0	0	0	0	0	
0	0	0	0	0	0	0	0	0	0	0	0	0	0	0	0	0	0	0	0	0	0	0	0	0	0	0	0	0	0	0	0	0	0	0	0	0	0	0	0	0	0	0	0	0	0	0	0	0	0	0	0	0	0	0	0	0	0	0	4.33242	0	0	0	0	0	0	0	0	0	0	7.16578	0	0	0	0	0	0	0	0	0	0	0	0	0	0	0	4.65446	0	0	0	0	0	0	0	0	0	0	0	0	0	
0	0	0	0	0	0	0	0	0	0	0	0	0	0	0	0	0	0	0	0	0	0	0	0	0	0	0	0	0	0	0	0	0	0	0	0	0	0	0	0	0	0	0	0	0	0	0	0	0	0	0	0	0	0	0	0	0	0	0	0	0	0	0	0	0	0	0	0	0	7.41186	3.00967	0	0	0	0	0	0	0	6.72518	0	0	0	0	0	0	0	0	0	7.2871	3.81761	0	0	0	0	0	0	0	0	0	0	
0	0	0	0	0	0	0	0	0	0	0	0	0	0	0	0	0	0	0	0	0	0	0	0	0	0	0	0	0	0	0	0	0	0	0	0	0	0	0	0	0	0	0	0	0	0	0	0	0	0	0	0	0	0	0	0	0	0	0	0	0	0	0	0	0	0	0	0	6.73204	0	0	0	0	0	0	0	0	0	0	0	0	0	0	0	0	0	1.00554	0	0	0	0	0	0	0	0	0	0	0	0	0	
0	0	0	0	0	0	0	0	0	0	0	0	0	0	0	0	0	0	0	0	0	0	0	0	0	0	0	0	0	0	0	0	0	0	0	0	0	0	0	0	0	0	0	0	0	0	0	0	0	0	0	0	0	0	0	0	0	0	8.87675	0	0	0	0	0	0	0	0	0	0	0	0	0	0	0	0	8.69401	0	0	0	0	0	0	0	0	0	0	0	0	0	0	0	0	0	0	0	0	0	0	0	0	
0	0	0	0	0	0	0	0	0	0	0	0	0	0	0	0	0	0	0	0	0	0	0	0	0	0	0	0	0	0	0	0	6.98823	0	0	0	0	0	0	0	0	0	0	0	0	0	0	0	0	0	1.00554	0	0	0	0	0	0	0	0	0	0	0	0	0	0	0	0	0	0	0	0	0	0	0	0	7.17587	0	0	0	0	3.40231	0	0	0	0	0	0	0	0	0	0	0	0	0	0	0	0	0	0	0	
0	0	0	0	0	0	0	0	0	0	0	0	0	0	0	0	0	0	0	0	0	0	0	0	0	0	0	0	0	0	0	0	0	0	0	0	0	0	0	0	0	0	0	0	0	0	0	0	0	0	0	0	0	0	0	0	0	0	0	0	0	0	0	0	0	0	0	0	0	0	0	0	0	0	0	0	0	0	0	0	0	0	0	0	0	0	0	0	0	0	0	0	0	0	0	0	0	0	0	0	
0	0	0	0	0	0	0	0	0	0	0	0	0	0	0	0	0	0	0	0	0	0	0	0	0	0	0	0	0	0	0	0	0	0	0	0	0	0	0	0	0	0	0	0	0	0	0	0	0	0	0	0	0	0	0	0	0	0	0	0	0	0	0	0	0	0	0	0	0	0	0	0	0	0	0	0	0	0	0	0	0	0	0	0	0	0	0	0	0	0	0	0	0	0	0	0	0	0	0	0	
0	0	0	0	0	0	0	0	0	0	0	0	0	0	0	0	0	0	0	0	0	0	0	0	0	0	0	0	0	0	0	0	0	0	0	0	0	0	0	0	0	0	0	0	0	0	0	0	0	0	0	0	0	0	0	0	0	0	0	0	0	0	0	0	0	0	0	0	0	0	0	0	0	0	0	0	0	0	0	0	0	0	0	0	0	0	0	0	0	0	0	0	0	0	0	0	0	0	0	0	
0	0	0	0	0	0	0	0	0	0	0	0	0	0	0	0	0	0	0	0	0	0	0	0	0	0	0	0	0	0	0	0	0	0	0	0	0	0	0	0	0	0	0	0	0	0	0	0	0	0	0	0	0	0	0	0	0	0	0	0	0	0	0	0	0	0	0	0	0	0	0	0	0	0	0	0	0	0	0	0	0	0	0	0	0	0	0	0	0	0	0	0	0	0	0	0	0	0	0	0	
0	0	0	0	0	0	0	0	0	0	0	0	0	0	0	0	0	0	0	0	0	0	0	0	0	0	0	0	0	0	0	0	0	0	0	0	0	0	0	0	0	0	0	0	0	0	0	0	0	0	0	0	0	0	0	0	0	0	0	0	0	0	0	0	0	0	0	0	0	0	0	0	0	0	0	0	0	0	0	0	0	0.58861	0	0	0	0	0	0	0	0	0	0	0	0	0	0	0	0	0	0	
0	0	0	0	0	0	0	0	0	0	0	0	0	0	0	0	0	0	0	0	0	0	0	0	0	0	0	0	0	0	0	0	0	0	0	0	0	0	0	0	0	0	0	0	0	0	0	10.23684	0	0	0	0	0	0	0	0	0	0	0	0	0	0	0	0	0	0	0	0	0	0	0	0	0	0	6.82441	0	0	0	0	0	0	0	0	0	0	0	0	0	0	0	0	0	0	0	0	0	0	0	0	0	
