0	0	0	0	0	0	0	0	0	0	0	0	0	0	0	0	0	0	0	0	0	0	0	0	0	0	0	0	0	0	0	0	0	0	0	0	0	0	0	0	0	0	0	0	0	0	0	0	0	0	0	7.39818	0	0	0	0	0	0	0	0	0	0	0	0	0	0	0	0	0	0	0	0	0	0	0	0	0	0	0	0	0	0	0	0	0	0	0	0	0	0	0	0	0	0	0	0	0	0	0	0	
0	0	0	0	0	0	0	0	0	0	0	0	0	0	0	0	0	0	0	0	0	0	0	0	0	0	0	0	0	0	0	0	0	0	0	0	0	0	0	0	0	0	0	0	0	0	0	12.72701	0	0	0	0	0	0	0	0	0	0	0	0	0	0	0	9.38083	0	0	0	0	0	0	0	0	0	0	0	0	0	0	0	0	0	0	0	0	0	0	0	0	0	0	0	0	0	0	0	0	0	0	0	0	
0	0	0	0	0	0	0	0	0	0	0	0	0	0	0	0	0	0	0	0	0	0	0	0	0	0	0	0	0	0	0	0	0	0	0	0	0	0	0	0	0	0	0	0	0	0	0	0	0	0	0	0	0	0	9.94262	0	0	0	0	0	0	0	0	0	0	0	0	0	0	0	0	0	0	0	0	0	0	0	0	0	0	0	0	0	0	0	0	0	0	0	0	0	0	0	0	0	0	0	0	0	
0	0	0	0	0	0	0	0	0	0	0	0	0	0	0	0	0	0	0	0	0	0	0	0	0	0	0	0	0	0	0	0	0	0	0	0	0	0	0	0	0	0	0	0	0	0	15.14878	9.17343	0	0	0	0	0	0	0	0	0	0	0	0	0	0	0	0	0	0	0	0	0	0	0	0	0	0	0	0	0	0	0	0	0	0	0	0	0	0	0	0	0	0	0	0	0	0	0	0	0	0	0	0	
0	0	0	0	0	0	0	0	0	0	0	0	0	0	0	0	0	0	0	0	0	0	0	0	0	0	0	0	0	0	0	0	0	0	0	0	0	6.54835	0	0	0	0	0	11.6193	0	0	0	0	0	0	0	0	0	0	0	0	0	0	0	0	0	0	0	0	0	0	0	0	0	0	0	0	0	0	0	0	0	0	0	0	0	0	0	0	0	0	0	0	0	0	0	0	0	0	0	0	0	0	0	0	
0	0	0	0	0	0	0	0	0	0	0	0	0	0	0	0	0	0	0	0	0	0	0	0	0	0	0	0	0	0	0	0	0	0	0	0	0	0	0	0	0	0	0	0	0	0	0	0	0	0	0	0	0	0	0	0	0	0	0	0	0	0	0	0	0	0	0	0	0	0	0	0	7.25759	0	0	0	0	0	0	0	0	0	0	0	0	0	0	0	0	0	0	0	0	0	0	0	0	0	0	0	
0	0	0	0	0	0	0	0	0	0	0	0	0	0	0	0	0	0	0	0	0	0	0	0	0	0	0	0	0	0	0	0	0	0	0	0	0	0	0	0	0	0	0	0	0	0	0	0	0	0	0	0	0	0	0	0	0	0	0	0	0	0	0	0	0	0	0	0	0	0	0	0	0	0	10.93816	0	0	0	0	0	0	0	0	0	0	0	0	0	0	0	0	0	0	0	0	0	0	0	0	0	
0	0	0	0	0	0	0	0	0	0	0	0	0	0	0	0	0	0	0	0	0	0	0	0	0	0	0	0	0	0	0	0	0	0	0	0	0	0	0	0	0	0	0	0	0	0	0	0	0	0	0	9.0735	0	0	0	12.99361	0	0	12.22085	0	0	0	0	0	0	0	0	0	0	0	0	0	0	0	0	0	0	0	0	0	0	0	0	0	0	0	0	0	0	0	0	0	0	0	0	0	0	0	0	0	
0	0	0	0	0	0	0	0	0	0	0	0	0	0	0	0	0	0	0	0	0	0	0	0	0	0	0	0	8.90441	0	0	0	0	0	0	0	0	0	0	0	0	0	0	0	0	0	0	0	0	0	0	0	0	0	0	0	0	0	0	0	0	0	0	0	0	0	0	8.60881	0	0	0	0	0	0	0	0	0	0	0	0	0	0	0	0	0	0	0	0	0	0	0	0	0	0	0	0	0	0	0	0	
0	0	0	0	0	0	0	0	0	0	0	0	0	0	0	0	0	0	0	0	0	0	0	0	0	0	0	0	0	0	0	0	0	0	0	0	0	0	0	0	0	0	0	0	0	0	0	0	0	0	0	0	0	0	0	9.636	0	0	0	0	0	0	0	0	0	0	0	0	0	0	0	0	0	0	0	0	0	0	0	0	0	0	0	0	0	0	0	0	0	0	0	0	0	0	0	0	0	0	0	0	
0	0	0	0	0	0	0	0	0	0	0	0	0	0	0	0	0	0	0	0	0	0	0	0	0	0	0	0	0	0	0	0	0	0	0	0	0	0	0	0	0	0	0	0	0	0	0	0	0	0	0	0	0	0	0	0	0	0	0	0	0	0	0	0	0	0	0	10.10047	0	0	0	0	0	0	0	0	0	0	0	0	0	0	0	0	0	0	0	0	0	0	0	0	0	0	0	0	0	0	0	0	
0	0	0	0	0	0	0	0	0	0	0	0	0	0	0	0	0	0	0	0	0	0	0	0	0	0	0	0	0	0	0	0	0	0	0	0	0	0	0	0	0	0	0	0	0	0	0	0	0	0	0	0	6.58343	0	0	0	7.23038	0	0	0	0	0	0	0	0	0	0	0	0	0	0	9.12399	0	0	0	0	0	0	0	0	0	0	0	0	0	0	0	0	0	0	0	0	0	0	0	0	0	0	0	0	
0	0	0	0	0	0	0	0	0	0	0	0	0	0	0	0	0	0	0	0	0	0	0	0	0	0	0	0	0	0	0	0	0	0	0	0	0	0	0	0	0	0	0	0	0	0	0	0	10.87622	0	0	0	12.99149	0	0	0	0	0	0	0	0	0	0	0	0	0	0	7.66373	0	0	0	0	0	0	0	0	0	0	0	0	0	0	0	0	0	0	0	0	0	0	0	0	0	0	0	0	0	0	0	0	
0	0	0	0	0	0	0	0	0	0	0	0	0	0	0	0	0	0	0	0	0	0	0	0	0	0	0	0	0	0	13.8786	0	0	0	0	0	0	0	0	10.68237	0	0	0	0	0	0	0	9.0939	0	0	0	0	0	0	0	0	0	5.79075	17.1233	0	10.74041	0	0	12.36602	0	0	0	0	0	0	0	0	0	0	0	0	0	0	0	0	0	0	0	0	0	0	0	0	0	0	0	0	0	0	0	0	0	0	0	0	
0	0	0	0	0	0	0	0	0	0	0	0	0	0	0	0	0	0	0	0	0	0	0	0	0	0	0	0	0	0	0	0	0	0	0	0	0	0	0	0	0	0	0	0	0	0	0	0	0	0	0	0	0	0	6.46185	0	0	0	0	0	0	0	0	0	0	0	0	0	0	0	0	0	0	0	16.77641	0	0	0	0	0	0	0	0	0	0	0	0	0	0	0	0	0	0	0	0	0	0	0	0	0	
0	0	0	0	0	0	0	0	0	0	0	0	0	0	0	0	0	0	0	0	0	0	0	0	0	0	0	0	0	0	0	0	0	0	0	0	0	0	0	0	0	0	13.73356	0	0	0	0	0	0	0	0	0	9.11922	0	0	0	0	0	0	14.01291	0	0	0	0	0	0	0	0	0	0	0	4.9939	0	0	0	0	0	0	0	0	0	0	0	0	0	0	0	0	0	0	0	0	0	0	0	0	0	0	0	0	
0	0	0	0	0	0	0	0	0	0	0	0	0	0	0	0	0	0	0	0	0	0	0	0	0	0	0	0	0	0	0	0	0	0	0	0	0	0	0	0	0	0	0	6.98861	0	0	0	11.76745	0	0	0	8.30656	0	0	0	0	0	0	4.43395	0	0	0	0	0	0	0	0	0	0	0	0	0	0	0	0	0	0	0	0	0	0	0	0	0	0	0	0	0	0	0	0	0	0	0	0	0	0	0	0	0	
0	0	0	0	0	0	0	0	0	0	0	0	0	0	0	0	0	0	0	0	0	0	0	0	0	0	0	0	0	0	0	0	0	0	0	0	0	0	0	0	0	0	10.38423	0	0	0	0	0	0	0	0	0	0	0	0	7.91018	0	0	0	0	0	0	0	0	0	0	2.48715	0	4.37912	0	0	0	0	0	0	0	0	0	0	0	0	0	0	0	0	0	0	0	0	0	0	0	0	0	0	0	0	0	0	0	
0	0	0	0	0	0	0	0	0	0	0	0	0	0	0	0	0	0	0	0	0	0	0	0	0	0	0	0	0	0	0	0	0	0	0	0	0	0	0	0	12.50582	0	0	0	0	0	0	0	0	0	0	0	0	0	0	0	0	0	0	0	0	0	0	0	0	0	0	0	0	0	0	0	0	0	0	0	0	0	0	0	0	0	0	0	0	0	0	0	0	0	0	0	0	0	0	0	0	0	0	0	
0	0	0	0	0	0	0	0	0	0	0	0	0	0	0	0	0	0	0	0	0	0	0	0	0	0	0	0	0	0	0	0	0	0	0	0	0	0	0	0	0	0	0	0	0	0	0	6.27559	0	0	7.57828	0	0	0	0	0	0	0	0	0	0	0	0	0	0	0	0	0	0	0	0	0	0	0	0	0	8.82896	0	0	0	0	0	0	0	0	0	0	0	0	0	0	0	0	0	0	0	0	0	0	0	
0	0	0	0	0	0	0	0	0	0	0	0	0	0	0	0	0	0	0	0	0	0	0	0	0	0	0	0	0	0	0	0	0	0	0	0	0	0	0	0	0	0	0	0	0	0	0	5.82632	0	0	9.0557	11.09951	0	0	0	0	8.03286	0	8.62693	0	10.00474	0	0	0	0	11.14835	0	0	0	0	0	0	0	0	0	0	0	0	0	0	0	0	0	0	0	0	0	0	0	0	0	0	0	0	0	0	0	0	0	0	
0	0	0	0	0	0	0	0	0	0	0	0	0	0	0	0	0	0	0	0	0	0	0	0	0	0	0	0	0	0	0	0	0	0	0	0	0	0	0	0	0	9.96673	0	0	0	0	0	0	0	0	0	0	0	0	0	0	0	0	0	0	0	0	0	0	0	0	0	0	0	0	0	0	0	0	0	0	0	0	0	0	0	0	0	0	0	0	0	0	0	0	0	0	0	0	0	0	0	0	0	0	
0	0	0	0	0	0	0	0	0	0	0	0	0	0	0	0	0	0	0	0	0	0	0	0	0	0	0	0	0	0	0	6.43002	0	0	0	0	0	0	0	0	0	0	0	0	0	0	0	7.87098	0	0	0	0	0	0	0	0	0	0	0	0	0	0	0	5.82632	0	0	0	7.63726	0	0	0	0	0	0	0	0	0	0	0	0	0	0	0	0	0	0	0	0	0	0	0	0	0	0	0	0	0	0	0	0	
0	0	0	0	0	0	0	0	0	0	0	0	0	0	0	0	0	0	0	0	0	0	0	0	0	0	0	0	0	0	0	12.16983	0	0	2.07885	0	0	0	0	0	0	0	0	0	0	0	0	0	0	0	0	0	0	0	0	0	0	0	0	0	0	0	0	0	0	0	0	0	0	0	0	0	0	0	0	0	0	0	0	0	0	0	0	0	0	0	0	0	0	0	0	0	0	0	0	0	0	0	0	0	
0	0	0	0	0	0	0	0	0	0	0	0	0	0	0	0	0	0	0	0	0	0	0	0	0	0	0	0	0	0	0	0	0	0	0	0	0	0	0	0	0	0	0	10.16036	0	0	0	0	0	12.82937	0	0	0	0	8.66345	0	0	0	0	0	0	0	0	0	0	0	0	0	0	0	0	0	0	0	0	0	0	0	0	2.19741	0	0	0	0	0	0	0	0	0	0	0	0	0	0	0	0	0	0	0	0	
0	0	0	0	0	0	0	0	0	0	0	0	0	0	0	0	0	0	0	0	0	0	0	0	0	0	0	0	0	0	0	0	11.16697	0	0	0	0	0	0	0	0	0	0	0	0	0	0	4.27998	0	0	5.13605	1.01956	0	0	0	0	0	0	8.15833	0	0	0	0	0	0	0	0	0	0	0	8.59635	0	0	0	0	0	0	0	0	0	0	0	0	0	0	7.02086	0	0	0	0	0	0	0	0	0	0	0	0	0	0	
0	0	0	0	0	0	0	0	0	0	0	0	0	0	0	0	0	0	0	0	0	0	0	0	0	0	0	0	0	0	0	0	0	0	0	0	0	0	0	10.59139	0	0	0	0	14.45422	0	10.4579	0	0	0	0	0	0	0	0	0	0	0	0	0	0	0	0	0	0	0	0	0	0	2.07885	0	0	0	0	0	0	0	0	0	0	0	0	0	0	0	0	0	0	0	0	0	0	0	0	0	0	0	0	0	0	
0	0	0	0	0	0	0	0	0	0	0	0	0	0	0	0	0	0	0	0	0	0	0	0	0	0	0	0	0	0	0	0	0	0	0	8.36798	0	0	0	0	0	0	0	0	0	0	0	7.72469	0	0	0	0	0	7.12785	0	0	0	0	0	0	11.49541	0	0	0	0	0	0	0	0	0	0	0	0	0	0	0	0	0	0	0	0	0	0	0	0	0	0	0	0	0	0	0	0	0	1.91227	0	0	0	0	0	
0	0	0	0	0	0	0	0	0	0	0	0	0	0	0	0	0	0	0	0	0	0	0	0	0	0	0	0	0	0	0	0	0	0	0	0	0	0	0	0	0	13.58626	0	0	0	0	0	0	0	0	0	0	7.22242	0	0	0	0	0	0	0	0	0	0	0	0	0	0	2.70664	0	0	0	5.89494	0	0	0	0	0	0	0	0	0	0	0	0	0	0	0	0	0	0	0	0	0	0	0	0	0	0	0	0	
0	0	0	0	0	0	0	0	0	0	0	0	0	0	0	0	0	0	0	0	0	0	0	0	0	0	0	0	0	0	0	0	0	0	0	0	0	0	0	0	8.86076	0	0	0	10.12508	0	0	7.00795	0	0	2.9837	12.0812	0	0	0	9.94734	0	0	6.08315	0	8.22426	0	0	0	0	0	0	0	6.97017	0	0	0	0	0	0	0	0	0	0	0	0	0	0	0	0	0	0	0	0	0	0	0	0	0	0	2.9837	0	0	0	0	
0	0	0	0	0	0	0	0	0	0	0	0	0	0	0	0	0	0	0	0	0	0	0	0	0	0	0	0	0	0	0	0	0	0	0	0	0	0	0	0	0	0	0	0	13.50169	0	0	0	0	3.216	0	0	6.3508	0	0	0	0	7.09797	0	0	0	4.71901	0	0	0	0	0	0	0	0	0	0	0	0	0	0	0	0	0	0	0	0	0	0	0	0	0	0	0	0	0	0	0	0	0	0	0	0	0	0	
0	0	0	0	0	0	0	0	0	0	0	0	0	0	0	0	0	0	0	0	0	0	0	0	0	0	0	0	0	0	0	0	0	0	0	0	0	0	0	0	0	0	0	12.91361	0	0	15.00761	0	0	0	8.94947	0	0	0	0	0	0	0	0	8.31052	0	0	0	0	10.09562	0	0	5.075	0	0	0	0	10.17997	0	0	0	0.54666	0	0	0	0	0	0	0	0	0	0	0	0	0	0	0	0	0	0	0	0	0	0	0	
0	0	0	0	0	0	0	0	0	0	0	0	0	0	0	0	0	0	0	0	0	0	0	0	0	0	0	0	0	0	0	0	0	0	0	0	0	0	0	0	0	0	0	0	7.26279	5.1139	0	11.03826	0	0	0	17.05826	8.94678	0	0	7.19092	0	0	0	0	0	0	0	0	0	0	0	6.95953	0	0	0	0	0	11.99672	0	0	0	0	0	0	0	0	0	0	0	0	0	0	0	0	0	0	0	0	0	0	0	0	0	0	
0	0	0	0	0	0	0	0	0	0	0	0	0	0	0	0	0	0	0	0	0	0	0	0	0	0	0	0	0	0	0	0	0	0	0	0	0	12.98707	0	0	0	0	0	0	0	0	0	0	7.99339	0	0	6.38217	0	0	2.36345	0	12.38118	0	0	0.54666	0	8.34159	0	0	0	0	0	0	0	0	0	0	0	0	5.88176	1.25217	0	0	0	0	0	0	0	0	0	0	0	0	0	0	0	0	0	0	0	0	0	0	0	0	
0	0	0	0	0	0	0	0	0	0	0	0	0	0	0	0	0	0	0	0	0	0	0	0	0	0	0	0	0	0	0	0	0	0	0	0	0	0	0	0	0	0	13.82057	0	0	11.80906	0	12.11889	0	0	8.48575	0	11.5851	0	10.85233	0	0	0	0	0	0	0	0	10.7557	0	0	0	7.96972	0	0	6.32617	0	0	0	0	0	0	0	3.06535	0	0	0	0	0	0	0	0	0	0	0	0	0	0	0	0	0	0	0	0	0	
0	0	0	0	0	0	0	0	0	0	0	0	0	0	0	0	0	0	0	0	0	0	0	0	0	0	0	0	0	0	0	0	0	0	0	0	0	0	0	0	0	0	0	0	0	0	0	7.55837	9.86848	0	0	11.39187	0	0	0	0	0	0	0	0	0	0	0	0	0.94208	0	0	0	0	0	0	0	0	0	0	0	0	0	0	0	0	0	0	0	0	0	0	0	0	0	8.19053	0	0	0	0	0	0	0	0	0	
0	0	0	0	0	0	0	0	0	0	0	0	0	0	0	0	0	0	0	0	0	0	0	0	0	0	0	0	0	0	0	0	0	0	0	0	0	0	0	0	0	0	0	0	0	0	0	11.48036	0	0	0	0	7.2445	1.72395	0	0	0	0	11.94558	11.90991	0	0	0	0	0	0	0	0	0	0	0	0	0	0	0	0	0	0	0	0	0	0	0	0	0	0	0	0	0	0	0	0	0	0	0	0	0	0	6.178	0	
0	0	0	0	0	0	0	0	0	0	0	0	0	0	0	0	0	0	0	0	0	0	0	0	0	0	0	0	0	0	0	0	0	0	0	0	0	0	0	0	0	0	9.1835	0	0	0	0	0	0	9.10223	0	8.29368	0	5.94973	0	0	0	0	0	0	0	0	0	0	12.0893	0	0	0	0	0	0	0	0	0	0	0	11.8769	0	0	0	0	0	0	0	0	0	0	0	0	0	0	0	0	0	0	0	0	0	0	0	
0	0	0	0	0	0	0	0	0	0	0	0	10.86557	0	0	0	0	0	0	0	0	0	0	0	0	0	0	0	0	0	10.5574	0	0	0	0	0	0	0	0	0	0	0	9.46576	0	0	0	0	15.10694	0	0	11.95882	0	0	4.91921	3.93365	0	10.24234	0	0	0	0	0	0	10.63007	7.80415	10.08403	0	0	0	0	0	0	0	0	0	0	0	0	0	0	0	0	0	0	0	0	0	0	0	0	0	0	0	0	0	0	0	0	0	0	
0	0	0	0	0	0	0	0	0	0	0	0	0	0	0	0	0	0	0	0	0	0	0	0	0	0	0	0	0	0	0	0	0	0	0	0	0	0	0	0	0	0	0	0	0	11.63473	10.7782	0	3.47699	12.66952	5.40804	7.15197	6.54007	0	10.07913	5.73545	0	0	0	0	11.89899	0	0	0	0	0	0	0	0	7.37412	0	0	0	0	0	0	2.91944	0	0	0	0	0	0	0	0	0	0	0	0	0	0	0	0	0	0	0	0	0	0	0	
0	0	0	0	0	0	0	0	0	0	0	0	0	0	0	7.39028	0	0	0	0	0	0	0	0	0	0	0	0	0	0	0	0	0	0	0	6.19624	10.70484	0	0	0	0	0	0	3.53548	0	11.00534	7.75903	7.62721	2.07885	7.39028	0	0	3.97649	0	10.58102	0	0	0	0	5.42361	0	11.41177	0	7.50448	0	8.59463	0	0	11.12919	0	5.39231	0	0	0	0	9.52557	0	2.80502	0	4.146	0	0	0	0	0	0	0	0	0	0	8.24412	0	0	0	0	0	0	0	0	0	
0	0	0	0	0	0	0	0	0	0	0	0	0	0	0	0	0	0	0	0	0	0	0	0	0	0	11.96863	0	0	0	0	3.41604	0	0	7.41385	0	0	0	0	0	11.22304	0	0	0	0	0	0	0	10.09257	3.79689	0.54666	10.2367	8.14899	0	11.06673	0	10.39512	0	7.42901	0	3.06535	8.72913	0	0	0	6.31786	0	0	0	0	0	0	0	8.374	0	0	0	0	0	0	0	0	0	0	0	0	0	0	0	0	0	0	0	0	0	0	4.86299	0	0	0	
0	0	0	0	0	0	0	0	0	0	0	0	0	0	0	0	0	0	0	10.38969	0	0	0	0	0	0	0	0	0	0	0	0	0	0	0	0	0	0	0	0	0	0	0	13.24749	0	0	12.41028	12.48011	11.85536	0	9.04315	7.81689	10.46873	0	0	0	13.07534	0	0	6.59969	6.89847	0	0	12.85022	0	6.31786	0	8.65852	0	0	0	0	0	0	0	0	0	0	0	0	0	0	0	0	0	0	0	0	0	0	6.89091	0	0	0	0	0	0	0	0	0	
0	0	0	0	0	0	0	0	0	0	0	0	8.54567	0	0	0	0	0	0	8.28518	0	0	0	0	0	0	0	0	0	0	0	0	0	6.86662	0	0	0	0	0	0	0	13.74658	13.33058	0	8.73391	0	0	5.7389	7.62385	0	3.41604	8.56694	6.91485	7.68374	9.80795	8.75859	6.09764	5.37651	8.91849	0	0	0	0	0	1.50726	0	0	0	0	0	0	0	0	0	0	0	0	0	12.28418	3.74826	0	0	0	0	0	0	0	0	0	0	0	0	0	0	0	0	0	0	0	0	
0	0	0	0	0	0	0	0	0	0	0	0	0	0	0	0	0	0	0	0	0	0	0	13.05597	0	0	0	0	0	0	0	0	0	0	0	0	0	0	11.99509	0	0	0	7.29946	8.76624	0	0	11.34502	5.8572	0	8.11066	7.9564	6.61331	0	0	0	0	0	6.05029	13.22861	9.59018	9.98389	0	0	0	8.3147	0	0	0	0	0	0	0	0	0	0	0	0	0	0	0	0	0	0	0	0	0	0	0	0	0	0	0	0	0	0	0	0	0	0	0	
0	0	9.34244	0	0	0	0	0	0	0	0	0	0	0	0	0	0	0	0	0	0	0	0	0	0	0	0	0	0	0	0	0	0	0	0	0	0	0	0	0	10.17049	0	0	0	0	8.61342	0	9.15214	9.44517	11.8201	0	7.55837	8.70704	9.46877	1.50726	9.77675	0	0	8.06214	7.95373	7.40525	0	7.55837	9.82591	0	0	0	0	0	0	0	7.99058	0	0	0	0	6.93258	0	0	0	0	0	0	0	0	0	0	0	0	0	0	0	0	0	0	0	0	0	0	0	
0	0	0	0	0	0	0	0	0	0	0	9.86207	0	0	0	0	0	0	0	0	0	0	0	0	0	0	0	0	0	0	0	0	8.87215	0	0	0	0	9.12537	12.77488	3.88948	6.66429	8.62861	0	0	12.27439	8.32757	10.60857	6.02923	10.57648	0	11.57511	0	5.78369	4.37618	0	11.22443	5.6615	10.1089	0	0	0	0	0	0	0	0	0	6.06341	0	0	0	0	6.5695	0	0	6.06341	0	0	11.50618	0	0	0	0	0	0	0	0	0	0	0	0	0	0	0	0	7.71791	0	0	0	0	
0	0	0	0	0	0	0	0	0	0	0	0	0	0	0	0	0	0	0	0	0	0	0	0	0	0	0	0	0	0	0	0	0	0	8.02945	8.67233	0	0	0	7.27056	0	11.51188	0	10.53989	13.67555	10.35923	6.77659	8.66414	5.40712	11.33703	10.9479	10.01377	1.25217	9.63366	0	0	7.25303	0	0	5.92457	7.14	0	3.47699	0	0	0	0	0	0	0	0	0	0	0	0	0	0	0	4.05856	0	0	0	0	0	0	0	0	10.20214	0	0	0	0	0	0	0	0	0	0	0	0	
0	0	0	0	0	0	0	0	8.64862	0	10.11673	0	0	0	0	0	0	0	0	0	0	0	0	0	0	0	11.61486	0	0	0	0	0	0	0	0	0	0	14.57764	11.99558	0	7.38039	8.81722	0	4.1362	6.74705	11.65011	4.30951	7.81342	8.76865	9.67894	0	8.03531	4.1362	0	0	0	9.50408	2.89712	0	0	0	0	4.86299	0	0	0	11.47808	0	0	0	0	0	0	0	0	0	0	0	0	0	0	0	0	0	0	0	0	0	0	0	0	0	0	2.48715	0	0	0	0	0	0	
0	0	0	0	0	0	0	0	0	0	0	11.02493	0	0	12.51396	0	0	0	0	0	0	0	0	0	0	0	0	0	0	0	0	10.84945	0	0	7.39818	0	11.63464	0	0	9.53708	3.06535	0	10.02758	9.78441	10.68517	7.9179	10.77742	9.16215	5.18863	7.54469	6.6504	9.91529	9.66018	9.55539	0	5.43901	10.18582	0	0	8.74161	8.32095	5.45694	0	11.43859	0	0	0	0	0	0	0	0	0	0.94208	0	6.70539	0	0	0	0	0	0	0	5.51365	0	0	0	0	0	0	0	0	0	0	0	0	0	0	0	0	
0	0	0	0	0	0	0	0	0	0	0	0	12.23484	0	0	0	0	0	0	0	0	0	0	0	0	0	0	0	0	9.21291	0	0	8.41157	0	9.58326	0	12.17918	0	12.30494	10.26452	10.79987	9.32181	10.22523	10.84795	8.36935	3.81334	9.69383	10.62467	7.60349	9.34366	6.97028	10.62419	9.78356	6.03109	5.58417	5.1911	9.30216	0	0	7.53347	8.67487	0	0	0	0	0	0	0	0	0	0	0	0	9.71794	0	0	0	0	0	0	10.9099	0	0	0	0	0	0	0	0	0	0	0	0	0	0	0	0	0	0	0	
0	0	0	0	0	0	0	12.46279	0	0	0	9.79707	0	0	0	0	0	0	0	0	0	0	0	0	0	0	0	8.30213	0	0	5.20681	0	12.48371	0	0	0	6.35892	7.72783	11.99222	10.01918	9.33862	5.57725	0	10.69835	9.72774	8.66397	8.8487	9.15869	10.82056	10.29464	4.43867	9.54307	9.79931	9.61751	7.10923	5.0913	10.91941	6.03269	9.14112	9.5535	7.01519	11.71196	7.16337	0	9.53928	0	0	0	0	0	0	0	0	10.96434	0	0	0	0	0	0	0	0	0	0	0	0	0	0	0	0	0	0	0	0	0	0	0	0	0	0	
12.81653	0	0	0	0	0	0	0	7.57519	0	0	0	6.71578	0	0	0	0	0	0	0	0	0	0	0	11.64048	0	0	7.00163	0	0	0	0	12.03126	0	10.39647	8.43096	0	5.51365	10.32491	7.44259	7.92119	8.92177	5.30752	9.51558	11.51663	9.80274	7.6409	9.67684	5.37193	10.55744	10.30733	5.79863	6.79843	5.71935	11.84154	9.99348	8.08924	7.18685	0	11.48202	3.47699	1.50726	0	7.4392	0	7.33372	0	0	0	0	0.94208	0	0	0	0	0	0	0	0	0	0	0	4.69701	0	0	8.58109	0	0	0	0	0	0	0	0	0	0	0	0	0	0	
0	0	0	11.66586	0	0	0	0	0	0	0	0	0	0	0	0	0	0	9.17317	0	0	11.99964	0	6.88277	11.92296	10.43264	0	0	9.67717	11.52254	11.71543	0	13.1191	0	0	0.94208	0	9.81272	9.65094	8.1529	8.8296	6.75999	8.33493	9.22603	8.90437	9.91137	8.79621	8.95132	9.12385	6.32251	9.62644	7.51945	10.48239	6.51017	8.01337	9.29691	0	4.34953	5.53328	8.5023	0	4.55905	9.62762	0	0	0	0	0	0	4.1362	0	0	5.80271	0	1.50726	6.72209	12.22626	0	0	0.94208	0	0	0	0	0	0	0	0	0	0	0	0	0	0	0	0	0	0	0	0	
9.10963	0	0	0	11.74583	8.42583	0	0	0	0	0	0	0	0	0	0	0	8.40178	0	0	0	0	0	0	8.67325	0	8.48972	9.12147	0	11.74796	9.62786	0	0	0	10.40251	8.5563	6.43365	10.75219	11.09131	7.62836	7.71938	9.65173	9.08488	9.11913	9.40278	9.6106	10.04991	7.92943	9.16816	10.51443	4.54151	10.13446	9.84193	6.82879	9.13263	8.82678	9.16115	4.79246	7.06748	8.28989	7.12579	0	8.15445	9.76229	12.22724	10.52254	9.71508	0	0	0	0	0	0	0	5.51365	0	0	0	0	0	0	0	0	0	0	0	0	0	0	0	0	0	0	0	0	0	0	0	0	0	
0	0	0	0	0	0	0	0	3.41604	0	9.55968	0	0	0	0	0	7.98554	11.72517	9.08903	6.15952	10.99202	6.04952	0	0	0	13.49837	0	8.23973	7.43987	10.84476	0	9.78205	10.85269	9.29638	8.19572	10.62286	7.30106	6.97456	9.12176	7.44382	8.45686	7.53333	7.15975	8.34339	9.88277	8.02358	7.24945	8.70003	8.12921	7.37223	7.46397	11.03162	7.64411	9.18586	7.11799	6.14236	5.42716	8.30002	0	9.58413	4.40653	8.14665	8.69343	0	8.37385	11.07692	7.46365	0	0	0	0	7.99599	0	0	6.29265	0	0	0	9.09633	0	0	0	0	0	0	8.51147	0	0	0	0	0	0	0	0	0	5.86104	0	0	0	0	
0	10.46262	0	0	2.22817	8.29791	0	0	0	0	0	0	0	0	6.32617	9.87203	0	10.39265	9.60321	0	5.5707	0	10.0791	0	0	0	0	0	9.10991	11.09192	7.34159	0	9.92905	5.92142	11.49218	8.22769	9.05421	9.91508	8.79261	9.03963	8.27377	7.5882	8.04704	8.55558	8.44147	8.10426	9.12705	9.39631	7.15731	7.39697	7.16927	7.97836	8.71032	7.31366	8.65771	7.23075	3.88948	9.26942	7.74475	6.88324	0	8.83916	0	11.45241	9.86023	0.94208	7.83285	8.38994	0	0	0	0	0	0	0	4.27998	0	0	0	0	8.97298	0	0	0	0	0	0	0	0	0	0	0	0	0	0	0	0	0	0	0	
0	12.67959	9.08659	0	10.36944	0	0	0	0	0	8.99967	0	0	0	10.31392	7.72469	0	6.19624	0	0	8.88627	6.41452	9.83103	10.08405	7.08232	8.73382	0	5.0034	6.3508	8.55248	10.44556	10.28863	10.91562	10.54476	10.64331	6.38363	8.97221	8.05908	7.29124	7.82435	7.17688	7.31736	8.19137	7.31113	7.16899	6.88828	8.4727	8.40684	9.56186	8.64059	7.30115	8.73834	8.47857	7.9119	7.63727	7.37002	8.28177	6.80758	8.51571	6.73462	0	8.41546	9.76553	9.1197	3.76691	2.89712	1.25217	0	0	0	0	8.61318	0	3.06535	10.97989	0	7.25759	0	0	0	0	0	0	4.70375	0	1.11409	0	0	0	0	0	0	0	0	0	0	0	0	0	0	
0	0	0	0	0	0	0	0	6.92166	0	8.54567	12.03475	0	0	0	0	0	0	10.21952	0	10.633	0	0	0	0	10.92455	9.45994	0	2.22817	7.4749	6.40919	8.43096	9.0203	9.29068	9.90827	7.92746	10.70465	10.31425	8.12035	9.6197	7.70415	9.41909	8.42106	7.14735	7.65012	8.57731	6.99478	8.30897	7.82613	8.9913	8.0709	7.33758	7.28568	8.54756	7.10657	9.19786	8.4119	8.09353	8.51147	7.08345	9.19163	4.58375	9.58611	5.89661	0	10.92296	0	7.83033	0	0	0	0	0	0	0	0	0	0	0.94208	0	0	9.98914	0	0	0	0	0	7.59859	4.05856	7.05259	0	0	0	0	0	0	0	0	0	0	
0	0	0	0	0	0	0	0	12.78184	8.73534	7.01017	1.72395	0	12.87635	0	0	0	9.70531	10.93273	6.87703	0	0	1.50726	10.54328	6.85433	7.73721	9.48002	9.31228	8.00319	9.16382	0	8.22309	5.63762	4.43687	4.03227	7.9373	9.6367	6.59602	8.51554	6.13964	6.6517	7.55436	8.46991	8.36375	6.85925	8.35503	8.38076	7.67017	7.34224	8.91115	8.41395	7.6683	6.86539	6.90554	8.52912	8.29081	6.82883	10.90141	8.42903	6.09726	6.04908	9.25711	8.07043	5.17036	1.40251	9.1415	9.55173	0	0	0	0	0	0	6.24086	9.2592	0	0	0	11.88623	0	0	0	0	0	0	0	0	0	6.18715	0	1.91227	0	0	0	0	0	0	0	0	0	
0	0	10.6455	10.20186	0	9.12042	0	3.06535	7.14939	0	0	0	0	0	0	0	0	7.06661	0	0	0	0	0	10.88503	0	10.17192	0	11.59693	6.86006	8.52368	0	9.87851	0	11.8111	5.87627	8.75257	8.01276	6.74973	1.60975	8.75355	9.21438	8.55152	9.31045	8.45139	7.79943	6.42569	6.99434	8.39271	7.6577	8.08955	8.32317	7.54386	8.06466	7.9513	7.71012	6.1642	7.65633	8.76382	7.65193	7.90882	10.08819	9.04927	2.17342	8.6765	4.95141	0	0	6.21939	4.61437	6.42314	5.67154	0	9.42307	0	0.62609	0	6.25188	0	0	0	0	0	4.88814	0	0	0	0	0	0	0	0	0	0	0	0	0	0	0	0	0	
0	0	0	0	0	0	0	0	0	0	11.11308	10.84368	9.12409	0	14.69642	0	0	9.16856	0	14.28878	0	0	0	0	0	0	5.87243	4.17351	6.98877	0	7.89909	7.61244	5.28517	8.34719	6.3221	8.88752	8.0772	6.99626	9.10406	8.33081	9.52928	5.70476	6.22579	6.84544	6.92821	7.02565	5.33507	6.56962	7.92205	7.11296	7.40684	8.69352	8.52265	7.67104	7.00524	6.69273	5.76288	7.60316	8.74583	7.83261	7.91708	6.86327	9.15767	7.72225	0.94208	5.48016	4.24535	3.21501	0	0	8.5563	0	4.88661	3.58263	0	13.12589	0	0	0	0	0	0	0	0	0	0	0	0	7.10918	0	0	0	0	0	0	0	0	0	0	0	
0	0	0	0	0	2.07885	0	0	0	10.42299	0	0	9.75769	0	0	0	0	0	0	0	0	0	0	8.14974	0	0	9.68281	0	0	4.47195	5.80819	0	0	7.86089	6.55544	6.39885	6.3508	1.72395	0.54666	8.20186	4.93764	11.09739	5.61749	5.7817	9.95781	7.15141	6.46345	7.33822	9.84458	4.96742	7.2238	8.9067	6.42649	6.01395	9.28412	7.46767	8.1083	6.60678	4.78716	6.58646	6.90457	6.17531	4.50795	11.11644	8.04066	6.8441	8.90857	8.50965	6.10086	0	0	12.81071	0	5.80271	0	1.91227	10.31287	0	0	0	0	0	0	0	10.75532	0	0	1.50726	0	0	0	8.65027	0	0	0	0	6.88277	0	0	0	
0	0	0	0	0	0	0	0	0	0	0	12.26553	0	0	0	0	0	5.61606	11.04425	0	0	0	0	1.50726	0	0	0	8.47458	0	0	0	0	8.12101	7.46924	6.46238	0	5.52276	8.05573	3.77919	5.03304	6.38747	9.31283	7.29577	3.46357	0	9.87162	6.01856	6.09148	7.04258	7.9941	7.36277	12.29656	8.47537	6.15229	7.26144	7.09733	6.9039	7.05743	7.77113	9.37638	6.80002	4.16264	0	7.57604	9.38584	0	6.26928	6.4904	10.57711	8.80341	0	0	0	3.69793	0	10.71001	0	9.10601	0	0	0	10.5517	0	0	0	0	0	0	0	0	0	0	0	0	0	0	0	0	0	0	
0	0	0	0	8.65292	0	0	0	0	0	9.67311	0	1.25217	0	0	11.51279	0	0	7.77411	0	6.49168	6.19624	0	0	0	8.87923	5.62557	0	0	4.97541	0	9.48545	12.19457	0	0	6.94342	9.12875	12.7365	10.67832	11.9056	6.77392	7.59664	6.37856	8.7478	5.33648	8.45034	14.93758	5.03605	8.35365	7.78541	9.16127	7.64573	8.74563	9.70713	5.46133	6.95298	7.77714	9.11253	5.74937	8.24847	5.04024	8.9096	6.05351	5.46529	8.68526	0	7.6054	9.03384	0	1.25217	8.61707	8.55806	6.29574	10.51196	11.17027	0	6.18443	0	0	0	4.86299	0	0	3.74826	0	2.48715	0	0	0	10.60255	0	0	0	0	0	0	0	0	0	0	
0	0	0	0	0	0	0	0	0	0	0	6.61767	4.86164	0	0	9.77296	0	0	0	1.25217	4.95157	0	0.94208	0	0	0	0	0	0	4.63917	2.36345	5.21096	0	0	0	10.04368	0	0	0	6.46052	4.06083	5.53559	4.67013	6.17402	7.08291	3.42365	6.03581	7.96118	7.31293	3.8567	0	0	8.16341	10.38708	5.075	6.74871	8.98185	6.68384	6.35382	6.64782	8.6355	6.90038	8.38365	6.97247	5.9966	7.18051	7.00681	7.71476	0	8.95899	0	6.15431	8.18776	10.76337	10.90319	0	6.70944	0	5.2247	0	0	0	0	0	0	0	0	0	0	0	0	0	0	0	0	0	0	0	0	0	
0	0	0	7.68326	0	0	0	0	0	0	0	0	0	0	0	0	1.25217	0	0	0	0	0	9.18578	0	0	0	8.34154	8.05137	7.45988	6.90512	0	0	3.2858	0	0	10.56784	0	4.88565	2.80502	2.50731	4.83718	0	0	0	4.74245	10.58967	9.27086	8.98663	5.38583	4.86793	4.93482	6.67285	8.47496	8.4533	8.12055	6.93619	7.23459	6.28931	7.37589	7.44075	8.53059	7.25633	8.90272	8.25854	7.84009	8.74601	7.36991	10.52484	9.12982	7.95694	5.59015	8.65052	5.46639	0.59961	9.28512	0	12.47218	0.54666	5.65123	11.62204	0.54666	3.97649	5.45425	0	0	0.54666	0	0	0	0	0	0	0	0	0	0	0	5.05515	0	10.73284	
0	0	6.21506	0	0	0	0	0	0	0	0	0	0	0	0	0	0	0	0	0	8.79943	0	0	0	0	10.19365	0	8.62462	0	9.0939	0	10.65378	9.84121	0	6.43002	0	0	5.86306	6.44822	0	5.86104	0	0	8.20545	10.4079	10.24	3.49822	4.02799	7.93212	7.10907	9.06575	9.5535	6.20375	6.90744	7.03959	9.55559	0	5.86273	8.34241	6.68714	2.73531	5.5298	6.01772	2.89745	5.49734	7.30939	5.09127	0	8.945	6.32769	3.84221	8.29703	5.9728	8.62052	0.94208	0	6.45107	0	2.66127	5.32758	0	6.72063	0	0	0	0	0	0	3.51876	0	0	0	0	0	0	0	3.74826	0	0	0	
0	0	0	0	1.50726	0	0	0	0	0	0	0	7.71207	0	0	0	0	0	0	0	8.75243	5.81456	0	0	0	0	0	6.52848	0	0	0	0	10.20608	0	0	0	8.01667	0	7.21349	8.91271	0	0	3.72033	1.91227	10.28224	0	6.04116	9.78732	5.81456	8.74818	8.02945	5.98227	9.16045	5.02713	7.69631	1.89845	0	6.06145	5.45799	3.32784	7.90859	6.14787	8.97754	8.17892	5.65459	9.09716	6.48645	5.48964	8.20923	6.45648	7.8019	0	0	9.57319	0	8.7824	4.53135	6.21102	0	0	0	0	0	0	7.05259	5.39231	0	0	0	0	0	0	0	0	0	0	7.97501	0	0	0	
0	0	0	0	0	0	0	0	5.39231	0	0	0	5.32758	0	0	0	8.04714	5.10621	1.91227	0	0	0	0	0	3.70302	0	0	0	0	0	0	0	0	0	10.12508	9.22185	0	9.84844	0	0	0	0	9.27966	10.85807	0	10.71735	9.83613	7.68971	0	4.0923	0	9.94801	9.4423	8.13529	0	5.84956	0	7.17217	0	5.59893	9.56865	6.10263	6.55822	7.78017	5.24738	8.13279	6.86419	5.3185	8.69426	7.90559	8.30522	4.44324	5.43019	8.29368	7.73821	6.04937	9.94643	7.15872	0	0	7.60349	6.18715	9.90196	0	6.1966	0	6.91617	7.54419	5.24236	0	3.16504	0	0	9.28587	0	0	0	0	0	0	
0	0	0	0	0	0	0	0	0	0	0	0	0	0	0	0	0	0	0	0	5.96206	0	0	0	0	0	0	0	0	5.1139	0	0	0	0	5.59839	0	0	0	0	0	9.63767	0	8.96418	10.00151	5.27916	0	0	1.25217	2.9837	6.37471	11.27444	0	0	7.08963	4.50369	7.93349	0	0	9.82966	8.82984	13.51674	6.01106	4.00551	7.45587	7.94056	8.28832	5.80198	4.05782	6.98466	6.2196	9.91253	7.29552	5.5534	5.21391	3.94981	0	1.88133	0	7.75843	0	0	0	2.70664	0	0	0	8.50712	0	0	0	0	0	0	0	0	0	0	0	0	0	
0	0	0	0	9.19375	0	0	0	0	0	0	4.7928	0	5.34403	0	0	0	0	0	0	0	0	0	0	0	0	0	0	0	0	0	0	0	0	0	0	0	0	0	6.50524	0	0	5.63897	0	8.41238	0	2.41999	1.91227	0	0	1.25217	0	0	0	9.27966	0	0	1.72395	0	9.03304	8.87379	0	8.21953	6.50335	8.27877	0	0.86198	5.38199	8.823	7.3442	6.68324	8.93546	8.35647	5.33207	0	0	5.13881	5.17036	7.38174	6.75937	4.83997	7.8423	0.94208	0	3.06535	0	6.31786	9.23081	0	4.62218	0	0	0	0	9.56758	0	0	0	0	0	
0	0	0	0	0	0	0	0	0	0	0	0	0	0	0	0	0	7.80522	0	0	0	8.18826	9.87981	0	0	0	8.47831	0	0	0	0	0	0	7.64438	7.3403	0	0	0	0	0	0	0	0	0	0	0	0	0	0	0	13.20558	0	0	0	0	7.42995	10.67299	9.268	8.84061	2.60108	0	7.47951	6.41742	0	8.45215	6.81389	7.24067	7.80567	4.62371	6.92729	5.55465	5.5142	6.76284	6.41913	8.90581	7.16034	4.60526	0	9.96806	4.74781	0	0	7.11932	0	6.18715	9.77255	3.47699	2.36345	0	10.09219	0	0	0	0	0	0	8.67333	0	0	0	
0	0	0	0	0	0	0	0	6.81504	0	0	0	0	0	0	0	0	0	0	0	0	0	0	0	0	0	0	0.54666	0	0	0	0	0	0	0	0	0	0	0	8.66271	0	0	0	0	0	6.95953	0	6.34264	6.80763	0	0	8.93732	0	0	0	0	0	0	8.9931	0	11.1691	0	8.16125	9.5504	8.39213	4.33931	6.57462	0	0	7.54962	8.87717	6.33443	8.22989	7.58719	9.00822	11.01055	1.38742	0	0.54666	7.04108	7.70039	7.86751	9.9634	8.10044	7.95689	0	0	0	0	0	8.29368	0	10.57178	0	0	0	0	0	0	0	
0	0	0	0	0	0	0	0	0	0	0	0	0	9.1523	0	0	0	0	0	2.36345	0	0	0	0	0	2.90285	0	0	0	0	0	0	0	0	7.34603	0	0	7.1803	0	0	9.82884	0	3.84392	11.23583	2.9837	0	0	0	0	0	6.044	7.1447	0	0	3.41604	0	0	0	0	8.53931	5.55307	0	5.28436	7.63057	6.65772	6.15439	10.55388	2.60108	0	5.5727	7.13827	0	5.814	6.60065	8.8187	7.12862	3.76853	5.5388	6.58756	5.44197	0	6.48309	8.88767	4.19246	3.10095	0	0	3.64579	3.2215	0	8.02179	0	0	8.4271	0	0	0	0	3.6648	0	
0	0	0	0	0	0	0	10.02019	0	0	0	0	0	0	0	0	0	0	0	0	0	0	11.11847	0	0	0	0	0	11.06642	0	0	0	0	0	9.94144	0	0	2.07885	0	0	0	2.46741	0	0	0	0	9.05728	0	0	0	0	0	10.01827	0	0	0	3.58861	1.72395	0	6.17748	7.11719	0	0	6.61031	0	6.97547	0	8.55949	7.01259	10.45459	9.12346	7.2558	7.55484	5.76088	7.90465	6.8896	7.40088	6.43771	6.47103	7.19972	7.35816	7.49199	7.7811	0	5.51124	0	6.81945	4.2174	0	0	9.54106	10.15833	0	0	0	0	8.41741	0	0	0	
0	0	0	0	0	0	0	0	0.54666	0	0	0	0	0	0	0	0	0	0	0	0	0	0	0	0	0	0	0	0	0	0	0	0	0	0	0	0	6.48526	0	0	0	0	0	0	0	0	0	0	0	2.36345	0	5.49575	0	2.97219	0	0	2.36345	5.83838	2.48715	0	3.41604	0	9.32907	12.31019	7.77411	7.87458	0	0	8.2608	8.94005	0	7.65716	6.02241	10.42699	7.87505	6.20604	0	4.79552	4.77518	6.7926	4.12432	10.13457	5.83799	0	0	0	5.62139	0	0	0	0	0	6.66304	7.41737	6.23204	0	0	0	0	0	
0	0	0	0	0	0	0	8.85933	0	0	0	0	0	0	0	0	0	0	0	0	0	0	0	0	0	0	0	0	0	0	0	0	0	0	0	0	0	4.41406	0	7.67027	0	0	0	0	0	0	0	0	0	0	4.2231	0	0	11.1919	6.96986	0	0	7.19269	9.92563	9.73992	0	0.54666	0	7.4908	8.24746	8.7307	0	0	8.28937	6.67425	8.20358	3.79536	4.47122	9.4736	3.216	8.16339	6.63065	0	8.01889	8.86351	8.4353	9.37183	5.12985	5.79167	8.42904	0	0	1.09527	0	0	6.46805	0	0	0	0	2.92999	0	0	0	0	
0	0	0	0	0	0	0	0	0	0	0	0	0	0	0	0	0	0	0	0	0	0	0	0	0	10.68963	0	0	0	0	0	0	0	0	0	0	0	7.90187	0	0	0	0	0	0	10.28171	0	0	0	9.21291	0	0	0	0	0	0	0.54666	0	0	0	0	0	0	8.5804	0	0	7.27262	8.16391	7.82521	0	7.50604	3.05132	0	5.74312	0	8.84206	5.45964	2.07885	5.27162	5.70718	6.28992	4.08588	0	5.24129	0	10.18283	6.56503	0	0	0	0	9.48559	0	0	0	0	0	0	2.07885	0	0	
0	0	0	0	0	0	0	0	0	0	0	0	2.60108	0	0	0	0	0	0	0	0	0	0	0	0	0	0	0	0	0	0	0	0	0	0	0	0	0	0	0	0	0	0	0	0	0	0	6.43771	0	0	0.94208	0	10.90389	0	0	0	0	0	0	4.88023	0	0	0	4.47905	3.93365	7.08232	8.82497	0	11.66913	0	0	9.285	0	0	0	4.68809	7.98964	9.3763	6.28089	5.6224	0	5.56203	6.54544	4.51439	6.48869	3.40757	5.62046	0	6.63783	0	0	0	0	5.69136	0	0	0	0	0	0	
0	0	0	0	0	0	0	0	0	0	0	0	0	0	0	0	0	0	0	0	0	0	0	0	0	0	0	0	0	0	0	0	10.58578	0	0	0	0	0	0	0	5.6654	0	0	0	0	0	0	0	0	0	0	0	0	0	0	0	6.72917	0	0	0	10.54107	0	0	4.59547	0	6.80169	0	0	7.64252	0	0	0	7.81305	0	0	3.64579	0	0	5.6409	9.59672	8.8424	5.58461	9.43656	0	3.69793	0	0.54666	0	0.54666	0	7.47862	6.24516	5.56816	0	0	0	0	0	0	0	
0	0	0	0	0	0	0	1.608	0	0	0	0	0	0	0	0	0	0	0	0	0	0	0	0	0	0	0	7.39028	0	0	0	0	0	0	0	0	0	0	0	0	0	0	0	0	0	0	0	0	0	0	0	0	0	0	0	0	0	0.54666	0	0	0	0	0	0	0	0	0	0	0	0	2.93327	5.48615	4.67753	0.54666	0	10.83752	6.72209	0	9.06024	4.55905	0	8.10531	0	6.20527	2.48715	8.56408	0	10.44697	0	3.97649	0	1.25217	0	0	0	9.72508	0	0	0	0	
0	0	0	0	0	0	0	0	0	0	0	0	0	0	0	0	0	0	0	0	8.66999	0	0	0	0	0	0	0	0	0	2.22817	0	0	0	0	0	0	0	0	0	0	0	0	0	0	0	0	0	0	0	0	0	0	0	0	0	0	0	0	10.55519	0	0	0	0	6.61767	7.85671	4.71901	4.33502	0	0	0	0	0	0	0	6.93258	5.98628	0.54666	0	0	3.22648	0	0	0	4.25978	6.95953	7.13178	7.58241	8.59291	0	6.69026	6.0434	7.36631	5.83799	0	5.20681	0	0	0	0	
0	0	0	0	0	0	0	0	0	0	0	0	0	0	0	0	0	0	0	0	0	0	0	0	0	0	0	0	0	0	0	0	0	0	0	0	0	0	0	0	0	0	0	0	0	0	0	0	6.3011	0	0	0	0	0	0	0	0	0	0	0	0	0	0	0	0	0	0	0	0	8.84784	12.03206	10.10651	7.39249	0	8.66016	5.67844	0	9.10481	0	0	0	8.18826	8.95191	0	4.078	0	5.90607	0	0	4.4058	0	4.33568	6.12478	0	8.62187	0	0	0	0	0	
0	0	0	0	0	0	0	0	0	0	0	0	0	0	0	8.81909	0	0	0	0	0	0	0	0	0	0	0	0	0	0	0	0	0	0	6.46052	0	0	0	0	0	0	0	0	0	0	0	0	0	0	0	0	0	0	0	0	0	0	0	0	0	0	0	0	0	0	0	0	4.31379	0	0	0	0	0	6.24086	0	0	0	2.96403	0	0	0	5.01461	0	0	5.02996	0	7.53262	3.80959	6.07332	10.11471	8.63364	0	9.03431	0	0	0	0	0	0	0	
0	0	0	0	0	0	0	0	0	0	0	0	0	0	0	0	0	0	0	0	0	0	0	0	0	0	0	0	0	0	0	0	0	0	0	0	0	0	0	0	0	0	0	0	0	0	0	0	8.18826	8.03452	0	0	0	0	0	0	0	0	0	11.7574	0	0	0	0	0	6.9254	0	0	0	0	0	8.64198	0	0	0	0	0	11.73164	0	5.10197	12.0772	0	0	8.15833	0	0	0	0	0	0	0	0	0	0	0	0	0	0	0	0	
0	0	0	0	0	0	0	0	0	0	0	0	0	0	0	0	0	0	0	0	0	0	0	0	0	0	0	0	0	0	0	0	0	0	0	0	0	0	0	0	0	0	0	0	0	0	0	0	0	0	0	0	0	0	0	2.18209	0	0	13.19073	0	0	0	0	0	8.70226	0	0	0	0	0	0	2.70664	0	7.42163	0	0	7.37434	0	0	0	4.28831	4.05343	3.09105	8.12016	0	0	0	8.98532	9.17616	0	5.5707	11.24653	11.33461	0	0	0	0	0	0	0	
0	0	0	0	0	0	0	0	0	0	0	0	0	0	0	0	0	0	0	0	0	0	0	0	0	0	0	0	0	0	0	0	0	0	0	0	0	0	0	0	0	0	0	0	0	0	0	0	0	0	0	0	0	0	0	0	0	0	0	0	0	0	0	0	0	0	0	0	0	0	0	0	0	0	0	0	0	0	0	0	0	0	0	0	0	0	0	0	0	0	0	10.038	0	0	0	0	0	0	0	0	
0	0	0	0	0	0	0	0	0	0	0	0	0	0	0	0	0	0	0	0	0	0	0	0	0	0	0	0	0	0	0	0	0	0	0	0	0	0	0	0	0	0	0	0	0	0	0	0	0	0	0	0	0	0	0	0	0	0	0	0	0	0	0	0	0	0	0	0	0	0	8.91336	0	0	0	0	0	2.89712	0	0	7.83344	0	0	0	8.73382	0	0	0	2.48715	0	0	6.07404	11.23445	0	0	0	0	0	0	0	0	
0	0	0	0	0	0	0	0	0	0	0	0	0	0	0	0	0	0	0	0	0	0	0	0	0	0	0	0	0	0	0	0	0	0	0	0	0	0	0	0	0	0	0	0	0	0	0	0	0	0	0	0	0	0	0	0	0	0	0	3.14264	0	0	0	0	0	0	0	0	0	0	6.24086	0	0	0	0	0	0	0	0	0	0	0	0	0	0	0	6.42229	0	0	0	0	0	0	0	0	0	0	0	0	0	
0	0	0	0	0	0	0	0	0	0	0	0	0	0	0	0	0	0	0	0	0	0	0	0	0	0	0	0	0	0	0	0	0	0	0	0	0	0	0	0	0	0	0	0	0	0	0	0	0	0	0	0	0	0	0	0	0	0	0	0	0	0	0	0	0	0	0	0	0	8.25069	1.72395	0	0	0	0	0	0	0	8.64031	0	0	0	0	0	0	0	0	0	6.94881	7.06753	0	0	0	0	0	0	0	0	0	0	
0	0	0	0	0	0	0	0	0	0	0	0	0	0	0	0	0	0	0	0	0	0	0	0	0	0	0	0	0	0	0	0	0	0	0	0	0	0	0	0	0	0	0	0	0	0	0	0	0	0	0	0	0	0	0	0	0	0	0	0	0	0	0	0	0	0	0	0	0	0	0	0	0	0	0	0	0	0	0	0	0	0	0	0	0	0	2.60108	0	0	0	0	0	0	0	0	0	0	0	0	0	
0	0	0	0	0	0	0	0	0	0	0	0	0	0	0	0	0	0	0	0	0	0	0	0	0	0	0	0	0	0	0	0	0	0	0	0	0	0	0	0	0	0	0	0	0	0	0	0	0	0	0	0	0	0	0	0	0	0	7.5513	0	0	0	0	0	0	0	0	0	0	0	0	0	0	0	0	8.08435	0	0	0	0	0	0	0	0	0	0	0	0	0	0	0	0	0	0	0	0	0	0	0	0	
0	0	0	0	0	0	0	0	0	0	0	0	0	0	0	0	0	0	0	0	0	0	0	0	0	0	0	0	0	0	0	0	8.97082	0	0	0	0	0	0	0	0	0	0	0	0	0	0	0	0	0	2.22817	0	0	0	0	0	0	0	0	0	0	0	0	0	0	0	0	0	0	0	0	0	0	0	0	6.88839	0	0	0	0	1.72395	0	0	0	0	0	0	0	0	0	0	0	0	0	0	0	0	0	0	0	
0	0	0	0	0	0	0	0	0	0	0	0	0	0	0	0	0	0	0	0	0	0	0	0	0	0	0	0	0	0	0	0	0	0	0	0	0	0	0	0	0	0	0	0	0	0	0	0	0	0	0	0	0	0	0	0	0	0	0	0	0	0	0	0	0	0	0	0	0	0	0	0	0	0	0	0	0	0	0	0	0	0	0	0	0	0	0	0	0	0	0	0	0	0	0	0	0	0	0	0	
0	0	0	0	0	0	0	0	0	0	0	0	0	0	0	0	0	0	0	0	0	0	0	0	0	0	0	0	0	0	0	0	0	0	0	0	0	0	0	0	0	0	0	0	0	0	0	0	0	0	0	0	0	0	0	0	0	0	0	0	0	0	0	0	0	0	0	0	0	0	0	0	0	0	0	0	0	0	0	0	0	0	0	0	0	0	0	0	0	0	0	0	0	0	0	0	0	0	0	0	
0	0	0	0	0	0	0	0	0	0	0	0	0	0	0	0	0	0	0	0	0	0	0	0	0	0	0	0	0	0	0	0	0	0	0	0	0	0	0	0	0	0	0	0	0	0	0	0	0	0	0	0	0	0	0	0	0	0	0	0	0	0	0	0	0	0	0	0	0	0	0	0	0	0	0	0	0	0	0	0	0	0	0	0	0	0	0	0	0	0	0	0	0	0	0	0	0	0	0	0	
0	0	0	0	0	0	0	0	0	0	0	0	0	0	0	0	0	0	0	0	0	0	0	0	0	0	0	0	0	0	0	0	0	0	0	0	0	0	0	0	0	0	0	0	0	0	0	0	0	0	0	0	0	0	0	0	0	0	0	0	0	0	0	0	0	0	0	0	0	0	0	0	0	0	0	0	0	0	0	0	0	0	0	0	0	0	0	0	0	0	0	0	0	0	0	0	0	0	0	0	
0	0	0	0	0	0	0	0	0	0	0	0	0	0	0	0	0	0	0	0	0	0	0	0	0	0	0	0	0	0	0	0	0	0	0	0	0	0	0	0	0	0	0	0	0	0	0	0	0	0	0	0	0	0	0	0	0	0	0	0	0	0	0	0	0	0	0	0	0	0	0	0	0	0	0	0	0	0	0	0	0	0.54666	0	0	0	0	0	0	0	0	0	0	0	0	0	0	0	0	0	0	
0	0	0	0	0	0	0	0	0	0	0	0	0	0	0	0	0	0	0	0	0	0	0	0	0	0	0	0	0	0	0	0	0	0	0	0	0	0	0	0	0	0	0	0	0	0	0	11.40884	0	0	0	0	0	0	0	0	0	0	0	0	0	0	0	0	0	0	0	0	0	0	0	0	0	0	8.44733	0	0	0	0	0	0	0	0	0	0	0	0	0	0	0	0	0	0	0	0	0	0	0	0	0	
