0	0	0	0	0	0	0	0	0	0	0	0	0	0	0	0	0	0	0	0	0	0	0	0	0	0	0	0	0	0	0	0	0	0	0	0	0	0	0	0	0	0	0	0	0	0	0	0	0	0	0	6.95774	0	0	0	0	0	0	0	0	0	0	0	0	0	0	0	0	0	0	0	0	0	0	0	0	0	0	0	0	0	0	0	0	0	0	0	0	0	0	0	0	0	0	0	0	0	0	0	0	
0	0	0	0	0	0	0	0	0	0	0	0	0	0	0	0	0	0	0	0	0	0	0	0	0	0	0	0	0	0	0	0	0	0	0	0	0	0	0	0	0	0	0	0	0	0	0	12.55191	0	0	0	0	0	0	0	0	0	0	0	0	0	0	0	7.65597	0	0	0	0	0	0	0	0	0	0	0	0	0	0	0	0	0	0	0	0	0	0	0	0	0	0	0	0	0	0	0	0	0	0	0	0	
0	0	0	0	0	0	0	0	0	0	0	0	0	0	0	0	0	0	0	0	0	0	0	0	0	0	0	0	0	0	0	0	0	0	0	0	0	0	0	0	0	0	0	0	0	0	0	0	0	0	0	0	0	0	9.94066	0	0	0	0	0	0	0	0	0	0	0	0	0	0	0	0	0	0	0	0	0	0	0	0	0	0	0	0	0	0	0	0	0	0	0	0	0	0	0	0	0	0	0	0	0	
0	0	0	0	0	0	0	0	0	0	0	0	0	0	0	0	0	0	0	0	0	0	0	0	0	0	0	0	0	0	0	0	0	0	0	0	0	0	0	0	0	0	0	0	0	0	16.37127	9.29096	0	0	0	0	0	0	0	0	0	0	0	0	0	0	0	0	0	0	0	0	0	0	0	0	0	0	0	0	0	0	0	0	0	0	0	0	0	0	0	0	0	0	0	0	0	0	0	0	0	0	0	0	
0	0	0	0	0	0	0	0	0	0	0	0	0	0	0	0	0	0	0	0	0	0	0	0	0	0	0	0	0	0	0	0	0	0	0	0	0	6.94932	0	0	0	0	0	11.48078	0	0	0	0	0	0	0	0	0	0	0	0	0	0	0	0	0	0	0	0	0	0	0	0	0	0	0	0	0	0	0	0	0	0	0	0	0	0	0	0	0	0	0	0	0	0	0	0	0	0	0	0	0	0	0	0	
0	0	0	0	0	0	0	0	0	0	0	0	0	0	0	0	0	0	0	0	0	0	0	0	0	0	0	0	0	0	0	0	0	0	0	0	0	0	0	0	0	0	0	0	0	0	0	0	0	0	0	0	0	0	0	0	0	0	0	0	0	0	0	0	0	0	0	0	0	0	0	0	7.70929	0	0	0	0	0	0	0	0	0	0	0	0	0	0	0	0	0	0	0	0	0	0	0	0	0	0	0	
0	0	0	0	0	0	0	0	0	0	0	0	0	0	0	0	0	0	0	0	0	0	0	0	0	0	0	0	0	0	0	0	0	0	0	0	0	0	0	0	0	0	0	0	0	0	0	0	0	0	0	0	0	0	0	0	0	0	0	0	0	0	0	0	0	0	0	0	0	0	0	0	0	0	11.33735	0	0	0	0	0	0	0	0	0	0	0	0	0	0	0	0	0	0	0	0	0	0	0	0	0	
0	0	0	0	0	0	0	0	0	0	0	0	0	0	0	0	0	0	0	0	0	0	0	0	0	0	0	0	0	0	0	0	0	0	0	0	0	0	0	0	0	0	0	0	0	0	0	0	0	0	0	9.29082	0	0	0	11.40836	0	0	10.40158	0	0	0	0	0	0	0	0	0	0	0	0	0	0	0	0	0	0	0	0	0	0	0	0	0	0	0	0	0	0	0	0	0	0	0	0	0	0	0	0	0	
0	0	0	0	0	0	0	0	0	0	0	0	0	0	0	0	0	0	0	0	0	0	0	0	0	0	0	0	7.89169	0	0	0	0	0	0	0	0	0	0	0	0	0	0	0	0	0	0	0	0	0	0	0	0	0	0	0	0	0	0	0	0	0	0	0	0	0	0	8.27788	0	0	0	0	0	0	0	0	0	0	0	0	0	0	0	0	0	0	0	0	0	0	0	0	0	0	0	0	0	0	0	0	
0	0	0	0	0	0	0	0	0	0	0	0	0	0	0	0	0	0	0	0	0	0	0	0	0	0	0	0	0	0	0	0	0	0	0	0	0	0	0	0	0	0	0	0	0	0	0	0	0	0	0	0	0	0	0	8.46875	0	0	0	0	0	0	0	0	0	0	0	0	0	0	0	0	0	0	0	0	0	0	0	0	0	0	0	0	0	0	0	0	0	0	0	0	0	0	0	0	0	0	0	0	
0	0	0	0	0	0	0	0	0	0	0	0	0	0	0	0	0	0	0	0	0	0	0	0	0	0	0	0	0	0	0	0	0	0	0	0	0	0	0	0	0	0	0	0	0	0	0	0	0	0	0	0	0	0	0	0	0	0	0	0	0	0	0	0	0	0	0	10.31822	0	0	0	0	0	0	0	0	0	0	0	0	0	0	0	0	0	0	0	0	0	0	0	0	0	0	0	0	0	0	0	0	
0	0	0	0	0	0	0	0	0	0	0	0	0	0	0	0	0	0	0	0	0	0	0	0	0	0	0	0	0	0	0	0	0	0	0	0	0	0	0	0	0	0	0	0	0	0	0	0	0	0	0	0	4.4337	0	0	0	6.60313	0	0	0	0	0	0	0	0	0	0	0	0	0	0	6.53677	0	0	0	0	0	0	0	0	0	0	0	0	0	0	0	0	0	0	0	0	0	0	0	0	0	0	0	0	
0	0	0	0	0	0	0	0	0	0	0	0	0	0	0	0	0	0	0	0	0	0	0	0	0	0	0	0	0	0	0	0	0	0	0	0	0	0	0	0	0	0	0	0	0	0	0	0	10.34414	0	0	0	12.42128	0	0	0	0	0	0	0	0	0	0	0	0	0	0	6.96193	0	0	0	0	0	0	0	0	0	0	0	0	0	0	0	0	0	0	0	0	0	0	0	0	0	0	0	0	0	0	0	0	
0	0	0	0	0	0	0	0	0	0	0	0	0	0	0	0	0	0	0	0	0	0	0	0	0	0	0	0	0	0	13.47913	0	0	0	0	0	0	0	0	10.03119	0	0	0	0	0	0	0	9.20997	0	0	0	0	0	0	0	0	0	5.72983	17.90353	0	10.57529	0	0	12.48454	0	0	0	0	0	0	0	0	0	0	0	0	0	0	0	0	0	0	0	0	0	0	0	0	0	0	0	0	0	0	0	0	0	0	0	0	
0	0	0	0	0	0	0	0	0	0	0	0	0	0	0	0	0	0	0	0	0	0	0	0	0	0	0	0	0	0	0	0	0	0	0	0	0	0	0	0	0	0	0	0	0	0	0	0	0	0	0	0	0	0	6.23818	0	0	0	0	0	0	0	0	0	0	0	0	0	0	0	0	0	0	0	16.78703	0	0	0	0	0	0	0	0	0	0	0	0	0	0	0	0	0	0	0	0	0	0	0	0	0	
0	0	0	0	0	0	0	0	0	0	0	0	0	0	0	0	0	0	0	0	0	0	0	0	0	0	0	0	0	0	0	0	0	0	0	0	0	0	0	0	0	0	12.72974	0	0	0	0	0	0	0	0	0	9.32017	0	0	0	0	0	0	13.13509	0	0	0	0	0	0	0	0	0	0	0	6.13063	0	0	0	0	0	0	0	0	0	0	0	0	0	0	0	0	0	0	0	0	0	0	0	0	0	0	0	0	
0	0	0	0	0	0	0	0	0	0	0	0	0	0	0	0	0	0	0	0	0	0	0	0	0	0	0	0	0	0	0	0	0	0	0	0	0	0	0	0	0	0	0	6.68669	0	0	0	11.92716	0	0	0	8.46752	0	0	0	0	0	0	4.5482	0	0	0	0	0	0	0	0	0	0	0	0	0	0	0	0	0	0	0	0	0	0	0	0	0	0	0	0	0	0	0	0	0	0	0	0	0	0	0	0	0	
0	0	0	0	0	0	0	0	0	0	0	0	0	0	0	0	0	0	0	0	0	0	0	0	0	0	0	0	0	0	0	0	0	0	0	0	0	0	0	0	0	0	9.36041	0	0	0	0	0	0	0	0	0	0	0	0	7.99141	0	0	0	0	0	0	0	0	0	0	0.4453	0	2.83738	0	0	0	0	0	0	0	0	0	0	0	0	0	0	0	0	0	0	0	0	0	0	0	0	0	0	0	0	0	0	0	
0	0	0	0	0	0	0	0	0	0	0	0	0	0	0	0	0	0	0	0	0	0	0	0	0	0	0	0	0	0	0	0	0	0	0	0	0	0	0	0	12.39421	0	0	0	0	0	0	0	0	0	0	0	0	0	0	0	0	0	0	0	0	0	0	0	0	0	0	0	0	0	0	0	0	0	0	0	0	0	0	0	0	0	0	0	0	0	0	0	0	0	0	0	0	0	0	0	0	0	0	0	
0	0	0	0	0	0	0	0	0	0	0	0	0	0	0	0	0	0	0	0	0	0	0	0	0	0	0	0	0	0	0	0	0	0	0	0	0	0	0	0	0	0	0	0	0	0	0	6.826	0	0	7.29314	0	0	0	0	0	0	0	0	0	0	0	0	0	0	0	0	0	0	0	0	0	0	0	0	0	8.53494	0	0	0	0	0	0	0	0	0	0	0	0	0	0	0	0	0	0	0	0	0	0	0	
0	0	0	0	0	0	0	0	0	0	0	0	0	0	0	0	0	0	0	0	0	0	0	0	0	0	0	0	0	0	0	0	0	0	0	0	0	0	0	0	0	0	0	0	0	0	0	6.74564	0	0	9.0772	11.26521	0	0	0	0	7.63895	0	8.8687	0	10.47012	0	0	0	0	11.38903	0	0	0	0	0	0	0	0	0	0	0	0	0	0	0	0	0	0	0	0	0	0	0	0	0	0	0	0	0	0	0	0	0	0	
0	0	0	0	0	0	0	0	0	0	0	0	0	0	0	0	0	0	0	0	0	0	0	0	0	0	0	0	0	0	0	0	0	0	0	0	0	0	0	0	0	9.16251	0	0	0	0	0	0	0	0	0	0	0	0	0	0	0	0	0	0	0	0	0	0	0	0	0	0	0	0	0	0	0	0	0	0	0	0	0	0	0	0	0	0	0	0	0	0	0	0	0	0	0	0	0	0	0	0	0	0	
0	0	0	0	0	0	0	0	0	0	0	0	0	0	0	0	0	0	0	0	0	0	0	0	0	0	0	0	0	0	0	6.50266	0.4453	0	0	0	0	0	0	0	0	0	0	0	0	0	0	7.29655	0	0	0	0	0	0	0	0	0	0	0	0	0	0	0	7.29655	0	0	0	8.81064	0	0	0	0	0	0	0	0	0	0	0	0	0	0	0	0	0	0	0	0	0	0	0	0	0	0	0	0	0	0	0	0	
0	0	0	0	0	0	0	0	0	0	0	0	0	0	0	0	0	0	0	0	0	0	0	0	0	0	0	0	0	0	0	9.79148	0	0	0.4453	0	0	0	0	0	0	0	0	0	0	0	0	0	0	0	0	0	0	0	0	0	0	0	0	0	0	0	0	0	0	0	0	0	0	0	0	0	0	0	0	0	0	0	0	0	0	0	0	0	0	0	0	0	0	0	0	0	0	0	0	0	0	0	0	0	
0	0	0	0	0	0	0	0	0	0	0	0	0	0	0	0	0	0	0	0	0	0	0	0	0	0	0	0	0	0	0	0	0	0	0	0	0	0	0	0	0	0	0	10.26028	0	0	0	0	0	12.87722	0	0	0	0	9.36437	0	0	0	0	0	0	0	0	0	0	0	0	0	0	0	0	0	0	0	0	0	0	0	0	1.20306	0	0	0	0	0	0	0	0	0	0	0	0	0	0	0	0	0	0	0	0	
0	0	0	0	0	0	0	0	0	0	0	0	0	0	0	0	0	0	0	0	0	0	0	0	0	0	0	0	0	0	0	0	9.0743	0	0	0	0	0	0	0	0	0	0	0	0	0	0	4.69768	0	0	4.40037	0.51994	0	0	0	0	0	0	7.92642	0	0	0	0	0	0	0	0	0	0	0	9.65514	0	0	0	0	0	0	0	0	0	0	0	0	0	0	6.89847	0	0	0	0	0	0	0	0	0	0	0	0	0	0	
0	0	0	0	0	0	0	0	0	0	0	0	0	0	0	0	0	0	0	0	0	0	0	0	0	0	0	0	0	0	0	0	0	0	0	0	0	0	0	10.15623	0	0	0	0	14.20214	0	7.59522	0	0	0	0	0	0	0	0	0	0	0	0	0	0	0	0	0	0	0	0	0	0	0.4453	0	0	0	0	0	0	0	0	0	0	0	0	0	0	0	0	0	0	0	0	0	0	0	0	0	0	0	0	0	0	
0	0	0	0	0	0	0	0	0	0	0	0	0	0	0	0	0	0	0	0	0	0	0	0	0	0	0	0	0	0	0	0	0	0	0	8.78839	0	0	0	0	0	0	0	0	0	0	0	7.9873	0	0	0	0	0	5.47937	0	0	0	0	0	0	11.12299	0	0	0	0	0	0	0	0	0	0	0	0	0	0	0	0	0	0	0	0	0	0	0	0	0	0	0	0	0	0	0	0	0	2.97644	0	0	0	0	0	
0	0	0	0	0	0	0	0	0	0	0	0	0	0	0	0	0	0	0	0	0	0	0	0	0	0	0	0	0	0	0	0	0	0	0	0	0	0	0	0	0	12.44289	0	0	0	0	0	0	0	0	0	0	6.99093	0	0	0	0	0	0	0	0	0	0	0	0	0	0	2.31545	0	0	0	6.77452	0	0	0	0	0	0	0	0	0	0	0	0	0	0	0	0	0	0	0	0	0	0	0	0	0	0	0	0	
0	0	0	0	0	0	0	0	0	0	0	0	0	0	0	0	0	0	0	0	0	0	0	0	0	0	0	0	0	0	0	0	0	0	0	0	0	0	0	0	8.67294	0	0	0	10.20124	0	0	6.67689	0	0	4.48119	11.43309	0	0	0	10.34775	0	0	4.16953	0	8.58199	0	0	0	0	0	0	0	6.31228	0	0	0	0	0	0	0	0	0	0	0	0	0	0	0	0	0	0	0	0	0	0	0	0	0	0	1.29066	0	0	0	0	
0	0	0	0	0	0	0	0	0	0	0	0	0	0	0	0	0	0	0	0	0	0	0	0	0	0	0	0	0	0	0	0	0	0	0	0	0	0	0	0	0	0	0	0	12.59954	0	0	0	0	5.78763	0	0	7.87845	0	0	0	0	7.40826	0	0	0	5.08344	0	0	0	0	0	0	0	0	0	0	0	0	0	0	0	0	0	0	0	0	0	0	0	0	0	0	0	0	0	0	0	0	0	0	0	0	0	0	
0	0	0	0	0	0	0	0	0	0	0	0	0	0	0	0	0	0	0	0	0	0	0	0	0	0	0	0	0	0	0	0	0	0	0	0	0	0	0	0	0	0	0	11.47089	0	0	12.49235	0	0	0	8.6472	0	0	0	0	0	0	0	0	7.33583	0	0	0	0	10.04607	0	0	1.48954	0	0	0	0	10.12153	0	0	0	2.08896	0	0	0	0	0	0	0	0	0	0	0	0	0	0	0	0	0	0	0	0	0	0	0	
0	0	0	0	0	0	0	0	0	0	0	0	0	0	0	0	0	0	0	0	0	0	0	0	0	0	0	0	0	0	0	0	0	0	0	0	0	0	0	0	0	0	0	0	5.32161	3.04124	0	10.93194	0	0	0	17.25961	8.83597	0	0	6.26558	0	0	0	0	0	0	0	0	0	0	0	5.93134	0	0	0	0	0	12.50156	0	0	0	0	0	0	0	0	0	0	0	0	0	0	0	0	0	0	0	0	0	0	0	0	0	0	
0	0	0	0	0	0	0	0	0	0	0	0	0	0	0	0	0	0	0	0	0	0	0	0	0	0	0	0	0	0	0	0	0	0	0	0	0	12.04282	0	0	0	0	0	0	0	0	0	0	5.29754	0	0	5.84422	0	0	2.76248	0	11.71295	0	0	0.78509	0	8.06338	0	0	0	0	0	0	0	0	0	0	0	0	6.25731	3.80916	0	0	0	0	0	0	0	0	0	0	0	0	0	0	0	0	0	0	0	0	0	0	0	0	
0	0	0	0	0	0	0	0	0	0	0	0	0	0	0	0	0	0	0	0	0	0	0	0	0	0	0	0	0	0	0	0	0	0	0	0	0	0	0	0	0	0	13.09278	0	0	11.9301	0	12.3649	0	0	7.07071	0	11.85872	0	10.5464	0	0	0	0	0	0	0	0	9.31527	0	0	0	7.56524	0	0	6.81214	0	0	0	0	0	0	0	3.56656	0	0	0	0	0	0	0	0	0	0	0	0	0	0	0	0	0	0	0	0	0	
0	0	0	0	0	0	0	0	0	0	0	0	0	0	0	0	0	0	0	0	0	0	0	0	0	0	0	0	0	0	0	0	0	0	0	0	0	0	0	0	0	0	0	0	0	0	0	7.31305	9.46302	0	0	10.1466	0	0	0	0	0	0	0	0	0	0	0	0	0.78509	0	0	0	0	0	0	0	0	0	0	0	0	0	0	0	0	0	0	0	0	0	0	0	0	0	7.30317	0	0	0	0	0	0	0	0	0	
0	0	0	0	0	0	0	0	0	0	0	0	0	0	0	0	0	0	0	0	0	0	0	0	0	0	0	0	0	0	0	0	0	0	0	0	0	0	0	0	0	0	0	0	0	0	0	11.02425	0	0	0	0	6.95354	2.68347	0	0	0	0	11.20675	12.74926	0	0	0	0	0	0	0	0	0	0	0	0	0	0	0	0	0	0	0	0	0	0	0	0	0	0	0	0	0	0	0	0	0	0	0	0	0	0	5.49554	0	
0	0	0	0	0	0	0	0	0	0	0	0	0	0	0	0	0	0	0	0	0	0	0	0	0	0	0	0	0	0	0	0	0	0	0	0	0	0	0	0	0	0	9.3275	0	0	0	0	0	0	9.1886	0	6.86232	0	6.32535	0	0	0	0	0	0	0	0	0	0	12.22559	0	0	0	0	0	0	0	0	0	0	0	10.09935	0	0	0	0	0	0	0	0	0	0	0	0	0	0	0	0	0	0	0	0	0	0	0	
0	0	0	0	0	0	0	0	0	0	0	0	11.8941	0	0	0	0	0	0	0	0	0	0	0	0	0	0	0	0	0	11.01445	0	0	0	0	0	0	0	0	0	0	0	8.8575	0	0	0	0	15.19813	0	0	11.92461	0	0	5.93986	5.44852	0	9.43694	0	0	0	0	0	0	10.33771	3.8459	9.68269	0	0	0	0	0	0	0	0	0	0	0	0	0	0	0	0	0	0	0	0	0	0	0	0	0	0	0	0	0	0	0	0	0	0	
0	0	0	0	0	0	0	0	0	0	0	0	0	0	0	0	0	0	0	0	0	0	0	0	0	0	0	0	0	0	0	0	0	0	0	0	0	0	0	0	0	0	0	0	0	11.1063	8.89085	0	3.10326	12.4147	4.45764	6.87318	7.53343	0	9.2712	6.24656	0	0	0	0	13.12216	0	0	0	0	0	0	0	0	7.04464	0	0	0	0	0	0	5.51236	0	0	0	0	0	0	0	0	0	0	0	0	0	0	0	0	0	0	0	0	0	0	0	
0	0	0	0	0	0	0	0	0	0	0	0	0	0	0	7.71923	0	0	0	0	0	0	0	0	0	0	0	0	0	0	0	0	0	0	0	3.60993	10.75186	0	0	0	0	0	0	4.81352	0	10.64678	7.28516	8.02585	3.80916	7.89169	0	0	4.71764	0	9.34445	0	0	0	0	5.85227	0	10.11072	0	6.67081	0	9.533	0	0	11.25586	0	7.54023	0	0	0	0	10.1222	0	0.78509	0	3.92496	0	0	0	0	0	0	0	0	0	0	7.67397	0	0	0	0	0	0	0	0	0	
0	0	0	0	0	0	0	0	0	0	0	0	0	0	0	0	0	0	0	0	0	0	0	0	0	0	12.13269	0	0	0	0	4.63607	0	0	6.74077	0	0	0	0	0	11.02039	0	0	0	0	0	0	0	10.12243	5.88795	1.96081	9.97476	8.4435	0	10.98181	0	9.21261	0	5.319	0	7.68415	8.33141	0	0	0	6.22431	0	0	0	0	0	0	0	7.69929	0	0	0	0	0	0	0	0	0	0	0	0	0	0	0	0	0	0	0	0	0	0	5.8064	0	0	0	
0	0	0	0	0	0	0	0	0	0	0	0	0	0	0	0	0	0	0	11.69717	0	0	0	0	0	0	0	0	0	0	0	0	0	0	0	0	0	0	0	0	0	0	0	13.37015	0	0	11.10581	11.25607	11.71652	0	9.26782	7.54851	10.45496	0	0	0	13.03521	0	0	7.53876	7.08398	0	0	12.35441	0	6.11566	0	9.08394	0	0	0	0	0	0	0	0	0	0	0	0	0	0	0	0	0	0	0	0	0	0	7.08307	0	0	0	0	0	0	0	0	0	
0	0	0	0	0	0	0	0	0	0	0	0	8.29029	0	0	0	0	0	0	9.39956	0	0	0	0	0	0	0	0	0	0	0	0	0	7.19388	0	0	0	0	0	0	0	14.19298	13.18198	0	8.73606	0	0	5.6639	8.06338	0	2.97644	8.10935	6.95315	3.82839	9.78487	6.29245	5.30545	5.4208	8.03163	0	0	0	0	0	1.29066	0	0	0	0	0	0	0	0	0	0	0	0	0	11.61988	0	0	0	0	0	0	0	0	0	0	0	0	0	0	0	0	0	0	0	0	0	
0	0	0	0	0	0	0	0	0	0	0	0	0	0	0	0	0	0	0	0	0	0	0	13.02842	0	0	0	0	0	0	0	0	0	0	0	0	0	0	11.86907	0	0	0	7.14493	8.95638	0	0	11.1438	4.70048	0	8.17061	8.29029	6.81509	0	0	0	0	0	5.57239	14.87096	9.36437	9.51386	0	0	0	8.20447	0	0	0	0	0	0	0	0	0	0	0	0	0	0	0	0	0	0	0	0	0	0	0	0	0	0	0	0	0	0	0	0	0	0	0	
0	0	8.79075	0	0	0	0	0	0	0	0	0	0	0	0	0	0	0	0	0	0	0	0	0	0	0	0	0	0	0	0	0	0	0	0	0	0	0	0	0	10.52957	0	0	0	0	8.74406	0	9.89366	9.52735	11.79866	0	7.85386	8.71952	9.00159	0.4453	10.14936	0	0	7.32286	6.58647	7.03302	0	6.9366	9.88106	0	0	0	0	0	0	0	8.07475	0	0	0	0	3.04124	0	0	0	0	0	0	0	0	0	0	0	0	0	0	0	0	0	0	0	0	0	0	0	
0	0	0	0	0	0	0	0	0	0	0	9.14603	0	0	0	0	0	0	0	0	0	0	0	0	0	0	0	0	0	0	0	0	8.6511	0	0	0	0	8.83549	13.00878	4.28107	5.92276	8.63063	0	0	12.25678	8.32183	10.57573	5.57779	11.08009	0	11.15834	0	4.99078	5.06348	0	10.32105	5.17474	8.68399	0	0	0	0	0	0	0	0	0	5.32382	0	0	0	0	9.72152	0	0	2.90858	0	0	11.04193	0	0	0	0	0	0	0	0	0	0	0	0	0	0	0	0	7.8071	0	0	0	0	
0	0	0	0	0	0	0	0	0	0	0	0	0	0	0	0	0	0	0	0	0	0	0	0	0	0	0	0	0	0	0	0	0	0	8.82106	8.79319	0	0	0	7.89608	0	11.48789	0	10.56888	13.68265	10.3989	6.89438	7.96195	5.74161	11.62999	10.68035	9.83325	3.69377	9.51952	0	0	6.09397	0	0	6.09249	7.27987	0	2.90858	0	0	0	0	0	0	0	0	0	0	0	0	0	0	0	4.85015	0	0	0	0	0	0	0	0	10.29931	0	0	0	0	0	0	0	0	0	0	0	0	
0	0	0	0	0	0	0	0	8.80365	0	9.49012	0	0	0	0	0	0	0	0	0	0	0	0	0	0	0	11.51256	0	0	0	0	0	0	0	0	0	0	14.71032	12.01864	0	8.07681	8.97723	0	4.92075	9.15978	11.84975	5.12013	7.83419	8.64454	9.37638	0	7.67371	3.69295	0	0	0	9.55649	3.42804	0	0	0	0	2.51116	0	0	0	9.25763	0	0	0	0	0	0	0	0	0	0	0	0	0	0	0	0	0	0	0	0	0	0	0	0	0	0	0	0	0	0	0	0	0	
0	0	0	0	0	0	0	0	0	0	0	10.72283	0	0	11.27997	0	0	0	0	0	0	0	0	0	0	0	0	0	0	0	0	10.97093	0	0	8.36498	0	10.8753	0	0	9.7687	3.27477	0	10.63987	9.11634	10.46721	7.7669	10.68718	8.53402	5.53869	7.28162	6.49657	10.20241	9.74583	9.45073	0	5.87022	10.03664	0	0	6.79345	7.01936	5.01734	0	11.28625	0	0	0	0	0	0	0	0	0	0.4453	0	6.85173	0	0	0	0	0	0	0	6.57009	0	0	0	0	0	0	0	0	0	0	0	0	0	0	0	0	
0	0	0	0	0	0	0	0	0	0	0	0	11.98647	0	0	0	0	0	0	0	0	0	0	0	0	0	0	0	0	9.14879	0	0	9.43088	0	9.98715	0	11.06086	0	12.34632	10.20567	10.67958	9.68396	9.82515	8.61504	8.43381	4.45719	9.57219	10.31975	8.38696	9.71763	6.7271	10.42149	10.06859	6.75613	5.54514	5.2123	9.05541	0	0	6.69619	9.08009	0	0	0	0	0	0	0	0	0	0	0	0	9.37726	0	0	0	0	0	0	10.58427	0	0	0	0	0	0	0	0	0	0	0	0	0	0	0	0	0	0	0	
0	0	0	0	0	0	0	12.66205	0	0	0	10.03468	0	0	0	0	0	0	0	0	0	0	0	0	0	0	0	8.40554	0	0	5.27076	0	11.97628	0	0	0	7.36144	7.39901	12.02284	10.4841	9.53639	5.62124	0	10.66246	10.24487	8.77225	8.97642	8.35467	10.71244	10.38751	5.2081	9.57276	8.55579	10.33529	6.81714	5.27246	9.87607	5.65298	8.09615	9.03804	5.98286	12.42451	6.61868	0	9.45189	0	0	0	0	0	0	0	0	11.42059	0	0	0	0	0	0	0	0	0	0	0	0	0	0	0	0	0	0	0	0	0	0	0	0	0	0	
11.92582	0	0	0	0	0	0	0	7.44593	0	0	0	7.56524	0	0	0	0	0	0	0	0	0	0	0	12.93125	0	0	6.81678	0	0	0	0	12.01436	0	10.21326	8.06922	0	7.18267	10.04311	7.15952	7.66371	8.96082	5.57479	9.73424	11.65507	9.83176	7.67996	9.08549	5.95407	10.92977	9.95899	5.21648	6.3812	5.06726	11.78754	9.5732	8.75255	6.45152	0	10.79139	6.29909	1.6643	0	7.76647	0	7.16823	0	0	0	0	0	0	0	0	0	0	0	0	0	0	0	0	4.67071	0	0	5.47375	0	0	0	0	0	0	0	0	0	0	0	0	0	0	
0	0	0	11.30431	0	0	0	0	0	0	0	0	0	0	0	0	0	0	9.54002	0	0	12.90347	0	5.98997	11.77698	9.19492	0	0	9.65901	11.98003	11.78843	0	11.41544	0	0	0	0	9.25169	10.10001	6.99401	8.39309	7.91846	8.35742	9.11868	8.79664	10.02452	8.37808	8.98063	9.0233	6.49173	9.39665	7.4679	10.37946	6.46025	7.66941	8.88396	0	4.18407	4.99133	8.37246	0.4453	4.63607	10.46606	0	0	0	0	0	0	3.65204	0	0	7.01936	0	0	7.06682	11.26267	3.95083	0	6.50266	0	0	0	0	0	0	0	0	0	0	0	0	0	0	0	0	0	0	0	0	
8.91699	0	0	0	11.55357	8.62092	0	0	0	0	0	0	0	0	0	0	0	7.74378	0	0	0	0	0	0	8.7813	0	8.82123	8.89469	0	11.27008	9.65966	0	0	0	10.78594	8.00569	6.33383	10.44027	11.40239	7.9004	7.57483	9.64404	9.1345	8.71498	9.24256	9.64545	10.0961	7.80214	9.07549	10.50296	4.11624	10.09463	8.0731	6.20435	8.94883	9.26681	9.05922	5.4737	2.64211	9.63621	7.30317	0	8.6041	10.04607	12.35879	10.41463	9.71869	0	0	0	0	0	0	0	4.25398	0	0	0	0	0	0	0	0	0	0	0	0	0	0	0	0	0	0	0	0	0	0	0	0	0	
0	0	0	0	0	0	0	0	5.41223	0	7.4625	0	0	0	0	0	7.71923	10.68277	10.29308	6.53114	10.14199	5.85383	0	0	0	12.91236	0	7.86733	5.9018	10.6713	0	10.13412	10.93727	8.1922	8.32027	10.46904	6.85921	6.76347	9.51947	7.91562	8.84173	7.66963	6.83119	7.81861	9.95467	7.83108	7.40285	8.35417	8.01557	7.18905	7.93526	11.3502	6.89193	9.54807	6.35089	5.71581	5.95998	8.50223	0	9.49807	4.42773	8.82911	8.69335	0	7.50465	10.96755	5.93986	0	0	0	0	8.64198	0	0	5.54106	0	0	0	9.45189	0	0	0	0	0	0	7.66371	0	0	0	0	0	0	0	0	0	4.59349	0	0	0	0	
0	10.23063	0	0	1.29066	8.25145	0	0	0	0	0	0	0	0	7.7217	9.31363	0	10.47195	9.19311	0	3.88173	0	8.66525	0	0	0	0	0	9.27456	10.99362	7.28777	0	9.16342	5.65023	10.58393	8.049	9.25943	10.13151	8.61582	8.86556	8.21659	7.79639	7.73574	8.07304	8.3884	7.89806	8.85826	9.44319	7.25511	7.88071	7.14265	7.66782	8.47777	6.28015	8.42257	6.92655	3.27477	9.02404	7.8346	6.1123	0	8.81643	0	11.53365	10.01356	1.29066	8.73148	5.38752	0	0	0	0	0	0	0	1.29066	0	0	0	0	8.52302	0	0	0	0	0	0	0	0	0	0	0	0	0	0	0	0	0	0	0	
0	12.31697	8.72076	0	10.11506	0	0	0	0	0	8.42085	0	0	0	10.03667	6.00629	0	7.48888	0	0	7.94771	6.10812	9.58191	8.99882	6.77452	10.00605	0	4.76095	6.74564	9.34655	10.23106	10.14752	11.11146	11.14838	10.27238	5.16643	9.88291	8.11592	7.29277	7.79205	7.02442	7.40157	8.24648	7.31263	7.20824	6.32945	8.58227	8.29813	9.31608	8.5732	7.28242	8.27815	8.45884	7.53586	7.44108	7.58641	8.61742	6.43745	8.60272	6.26558	0	8.32985	9.24461	9.36034	4.49254	0.78509	0.78509	0	0	0	0	8.21664	0	6.22431	10.63895	0	7.64298	0	0	0	0	0	0	4.95748	0	1.82602	0	0	0	0	0	0	0	0	0	0	0	0	0	0	
0	0	0	0	0	0	0	0	5.70003	0	8.53635	12.17708	0	0	0	0	0	0	10.18789	0	9.68586	0	0	0	0	10.28516	9.49633	0	1.82016	8.42237	6.88368	8.27353	8.24973	8.80942	9.55768	8.55425	9.95804	9.91274	7.9733	9.73933	6.89298	9.20891	8.42286	7.46663	8.10481	8.49233	7.09257	8.43434	7.97809	9.30249	7.63681	6.95049	6.71147	8.85189	7.24037	8.57646	8.51959	7.79604	9.89208	6.98483	8.67412	4.60146	7.36306	6.25588	0	10.60487	0	7.48556	0	0	0	0	0	0	0	0	0	0	2.51116	0	0	9.99689	0	0	0	0	0	7.76837	4.48119	9.00491	0	0	0	0	0	0	0	0	0	0	
0	0	0	0	0	0	0	0	13.33153	9.56086	6.47952	3.27477	0	12.73648	0	0	0	8.56142	11.1365	7.46787	0	0	0.78509	10.51064	6.43191	7.51763	9.41492	9.44416	6.74542	9.60707	0	8.77477	5.16156	4.81513	5.08646	7.92579	9.2318	6.6094	8.20848	6.04513	6.40212	7.36624	7.98867	8.24201	6.51729	8.2494	8.406	7.87832	7.35854	8.59707	8.35003	7.14578	7.16806	6.97075	8.26348	8.68091	6.6483	9.52158	8.53775	6.70797	6.3624	7.96559	8.26654	6.14544	1.25558	10.10487	9.39104	0	0	0	0	0	0	5.82492	8.83711	0	0	0	11.32662	0	0	0	0	0	0	0	0	0	4.50436	0	1.96081	0	0	0	0	0	0	0	0	0	
0	0	10.10883	10.80944	0	8.77416	0	3.98418	8.32649	0	0	0	0	0	0	0	0	7.34872	0	0	0	0	0	10.61719	0	9.1761	0	11.3254	6.24509	8.1353	0	9.47009	0	9.72399	5.57169	9.09634	7.86171	6.9221	1.91758	8.63946	8.31107	8.43843	9.23468	8.39976	7.32342	6.80514	7.081	8.51514	7.69396	8.06792	8.51139	7.50344	8.34098	7.80042	7.53273	5.74538	7.42581	7.64782	8.08213	8.40873	9.99514	9.86266	1.78328	8.81064	4.48892	0	0	5.14536	3.47571	5.49704	5.93066	0	8.21504	0	0.9225	0	5.44169	0	0	0	0	0	4.04522	0	0	0	0	0	0	0	0	0	0	0	0	0	0	0	0	0	
0	0	0	0	0	0	0	0	0	0	11.09106	9.73383	8.36267	0	12.55853	0	0	8.92345	0	14.47538	0	0	0	0	0	0	5.12888	4.71764	6.65722	0	8.46137	7.66007	5.74545	8.60843	6.69388	9.05382	8.2034	7.41368	8.78031	7.68787	9.32918	5.81168	6.34661	7.39211	6.59495	7.92847	4.89624	6.50434	7.96393	7.2936	7.34106	8.81079	8.44839	7.44418	7.02409	6.68148	5.71854	7.724	8.71966	6.4188	7.29902	6.22887	8.3433	8.08174	1.05991	4.94351	4.81352	3.54253	0	0	7.28322	0	5.23928	2.30747	0	12.54541	0	0	0.78509	0	0	0	0	0	0	0	0	0	7.21655	0	0	0	0	0	0	0	0	0	0	0	
0	0	0	0	0	3.04124	0	0	0	10.08165	0	0	9.58079	0	0	0	0	0	0	0	0	0	0	8.398	0	0	9.27995	0	0	4.40614	5.89603	0	0	7.71212	8.08468	6.96611	5.03653	0.4453	0	8.70834	3.9885	10.74488	5.65984	5.567	9.52632	6.32934	6.80542	7.87928	9.37182	5.36387	6.97454	8.80364	6.69484	6.40502	8.51048	6.68641	8.5516	7.05035	4.69831	5.98935	6.04607	5.97832	5.34923	8.97784	7.89865	6.99528	8.76939	8.45692	6.57334	0	0	5.70003	0	4.69768	0	3.52184	10.32312	0	0	0	0	0	0	0	11.49224	0	0	1.6643	0	0	0	6.68609	0	0	0	0	5.57429	0	0	0	
0	0	0	0	0	0	0	0	0	0	0	11.71404	0	0	0	0	0	7.00754	10.96442	0	0	0	0	1.05991	0	0	0	7.15365	0	0	0	0	8.04615	7.43736	6.94049	0	5.82772	8.24703	4.12999	4.73842	6.84751	9.23239	7.33437	3.57866	0	10.27885	5.84245	5.10279	6.69256	7.27339	7.7056	11.4949	8.46969	5.97546	7.01125	6.86848	6.88712	6.99099	7.29265	8.6183	6.87604	3.86516	0	6.84134	9.08404	0	5.42613	6.36386	10.64645	8.15403	0	0	0	2.76248	0	10.25389	0	8.60361	0	0	0	10.24475	0	0	0	0	0	0	0	0	0	0	0	0	0	0	0	0	0	0	
0	0	0	0	7.7717	0	0	0	0	0	9.5024	0	0.4453	0	0	11.65104	0	0	6.58647	0	5.83227	5.17293	0	0	0	8.66273	5.29754	0	0	5.10861	0	9.03151	11.08195	0	0	7.7822	10.46643	13.36825	10.49563	12.0894	6.78335	7.88067	6.77594	8.71828	5.97669	8.3775	14.78841	5.33183	8.43529	8.01307	8.95968	7.1729	9.10001	9.27882	5.82048	6.94534	7.29174	8.19701	5.15272	7.67145	4.81651	8.27078	5.57818	6.40844	8.57341	0	7.11704	8.67937	0	0	8.83231	8.60495	6.22493	9.26563	10.60236	0	6.14559	0	0	0	6.5084	0	0	5.05234	0	1.48954	0	0	0	9.71657	0	0	0	0	0	0	0	0	0	0	
0	0	0	0	0	0	0	0	0	0	0	7.10142	3.80677	0	0	10.51359	0	0	0	1.82016	5.14371	0	1.6643	0	0	0	0	0	0	4.10936	3.47571	7.12108	0	0	0	9.70161	0	0	0	6.35752	3.28869	4.82873	4.61179	5.83536	7.61329	3.57614	5.85577	7.94096	7.05656	4.7949	0	0	8.15962	10.35625	2.68347	6.41712	8.18121	6.29373	6.56651	6.11548	8.25267	6.33696	8.31815	7.16728	5.13377	7.02598	6.92377	7.63917	0	9.20855	0	5.76347	8.41743	11.41983	11.21409	0	5.38752	0	4.86813	0	0	0	0	0	0	0	0	0	0	0	0	0	0	0	0	0	0	0	0	0	
0	0	0	8.73062	0	0	0	0	0	0	0	0	0	0	0	0	1.05991	0	0	0	0	0	8.56968	0	0	0	8.50605	7.96913	7.39282	6.85333	0	0	4.01677	0	0	12.03741	0	3.65204	5.62802	1.76092	5.45847	0	0.4453	0	3.57848	9.50527	8.96155	9.27457	5.44109	4.3236	5.14706	6.08658	7.98878	7.91537	8.1115	7.09276	6.98739	6.11698	7.30345	7.02162	8.23953	6.27727	7.80944	8.18837	7.18432	9.11566	6.13579	11.28312	9.3424	8.35623	6.12268	8.25922	4.25112	0.77182	9.0763	0	12.24968	0	5.16912	10.12434	0.4453	4.01677	1.6643	0	0	0	0	0	0	0	0	0	0	0	0	0	0	6.0698	0	10.46311	
0	0	7.1933	0	0	0	0	0	0	0	0	0	0	0	0	0	0	0	0	0	8.65757	0	0	0	0	9.04497	0	8.2748	0	8.82451	0	10.67258	8.93202	0	6.15279	0	0	4.31058	7.13537	0	6.04631	0	0	9.05316	10.7939	9.97009	2.84439	3.66275	8.40092	6.88943	9.54078	9.31281	6.23282	6.71132	7.01374	9.93544	0	5.76008	8.1876	5.56354	2.15152	5.74947	6.17042	2.74241	5.96809	6.62363	5.013	0	8.27426	5.7899	3.86942	8.83455	5.91452	8.48724	0	0	6.16104	0	3.3237	5.34964	0	6.34817	0	0	0	0	0	0	3.73862	0	0	0	0	0	0	0	1.6643	0	0	0	
0	0	0	0	1.82016	0	0	0	0	0	0	0	8.83825	0	0	0	0	0	0	0	8.35864	4.90342	0	0	0	0	0	5.36009	0	0	0	0	10.78239	0	0	0	9.13957	0	5.43653	8.53213	0	0	3.61431	0.4453	9.05579	0	5.07226	10.41654	4.11035	7.40236	7.66371	4.95429	8.66144	5.10267	7.51643	1.34174	0	5.53362	4.92817	3.09432	7.78812	6.77114	8.60394	7.89898	5.71092	8.59322	6.15396	4.61257	7.82825	6.52563	7.51363	0	0	9.6868	0	9.43286	4.60516	6.14515	0	0	0	0	0	0	6.4736	1.6643	0	0	0	0	0	0	0	0	0	0	8.50367	0	0	0	
0	0	0	0	0	0	0	0	3.56656	0	0	0	9.30376	0	0	0	8.43599	4.87205	0.4453	0	0	0	0	0	3.11081	0	0	0	0	0	0	0	0	0	10.29433	8.42844	0	9.47113	0	0	0	0	8.49212	10.74154	0	10.3947	9.13587	7.05902	0	5.31495	0	10.10078	9.13122	7.90696	0	6.38274	0	6.97132	0	7.15141	9.34658	5.47222	6.38374	7.60329	7.17158	8.02335	6.75053	5.09929	9.39646	7.55445	8.40403	3.53182	5.54233	7.20051	7.45554	5.62424	9.39185	6.83973	0	0	6.76496	5.08344	9.24721	0	7.5676	0.78509	5.93134	7.88288	4.40936	0	4.25644	0	0	8.65781	0	0	0	0	0	0	
0	0	0	0	0	0	0	0	0	0	0	0	0	0	0	0	0	0	0	0	6.66362	0	0	0	0	0	0	0	0	3.65204	0	0	0	0	5.28421	0	0	0	0	0	8.84167	0	8.84508	9.39801	5.45303	0	0	5.71003	4.01677	6.27442	11.12416	0	0	5.91933	3.69569	7.76871	0	0	8.84628	8.81323	12.96179	5.63332	2.83553	7.12087	7.87132	7.88898	5.03743	5.06632	6.63267	5.90762	10.02685	7.33142	5.20494	5.45261	2.91792	0	3.014	0	7.08817	0	0	0	6.78874	0	0	0	8.43886	0	0	0	0	0	0	0	0	0	0	0	0	0	
0	0	0	0	8.85638	0	0	0	0	0	0	4.75676	0	3.77145	0	0	0	0	0	0	0	0	0	0	0	0	0	0	0	0	0	0	0	0	0	0	0	0	0	6.70034	0	0	6.8214	0	6.80144	0	1.18893	0.78509	0	0	0.4453	0	0	0	9.03605	0	0	1.48954	0	8.63544	8.68986	0	8.79813	6.39307	7.92583	0	0.86798	5.12993	9.10598	6.13748	8.00764	8.99524	8.76178	5.47099	0	0	5.11622	4.40936	6.23744	3.32769	3.42804	7.5062	0.78509	0	1.05991	0	3.69295	10.3072	0	4.0812	0	0	0	0	9.24392	0	0	0	0	0	
0	0	0	0	0	0	0	0	0	0	0	0	0	0	0	0	0	8.10503	0	0	0	8.15774	10.21711	0	0	0	9.07526	0	0	0	0	0	0	6.73046	7.50143	0	0	0	0	0	0	0	0	0	0	0	0	0	0	0	13.67284	0	0	0	0	7.27863	10.41989	8.6904	8.03781	1.96081	0	7.0127	5.99934	0	8.94965	6.33061	7.1087	7.34829	5.13287	5.04078	5.12825	5.42228	6.17805	5.62392	9.14729	7.43061	8.17229	0	9.43466	6.36845	0	0	7.84414	0	5.02055	9.4126	6.85333	1.29066	0	9.74105	0	0	0	0	0	0	8.85152	0	0	0	
0	0	0	0	0	0	0	0	6.87931	0	0	0	0	0	0	0	0	0	0	0	0	0	0	0	0	0	0	0.4453	0	0.78509	0	0	0	0	0	0	0	0	0	9.09974	0	0	0	0	0	6.27234	0	6.29245	4.19823	0	0	9.29215	0	0	0	0	0	0	8.32373	0	10.35894	0	8.26207	9.58348	8.67253	3.52203	7.64895	0	0	7.78127	8.27859	6.25878	8.27015	7.6579	8.56314	11.15568	2.21474	0	0	7.20809	8.03423	8.04119	10.11167	8.20551	7.53706	0	0.4453	0	0	0	8.81296	0	10.90282	0	0	0	0	0	0	0	
0	0	0	0	0	0	0	0	0	0	0	0	0	8.32324	0	0	0	0	0	3.16273	0	0	0	0	0	2.63013	0	0	0	0	0	0	0	0	7.47135	0	0	7.1065	0	0	9.60108	0	4.88588	10.77467	0	0	0	0	0	0	4.98804	6.12316	0	0	4.73734	0	0	0	0	8.79243	5.75518	0	6.05757	7.84934	6.54238	6.06209	10.60429	3.56656	0	5.55563	6.61772	0	5.34115	6.72169	8.26677	7.26507	4.43753	5.70286	6.41772	4.90995	0	7.37288	8.02984	4.20047	3.81053	0	0	5.96513	2.92856	0	6.73588	0	0	7.4625	0	0	0	0	4.19036	0	
0	0	0	0	0	0	0	10.65618	0	0	0	0	0	0	0	0	0	0	0	0	0	0	11.78154	0	0	0	0	0	8.93202	0	0	0	0	0	9.83039	0	0	2.20664	0	0	0	2.25525	0	0	0	0	9.42167	0	0	0	0	0	9.53511	0	0	0	4.07958	2.08896	0	5.3099	6.34807	0	0	6.43868	0	6.28578	0	8.3816	6.89508	10.38451	9.91542	7.2446	7.91566	5.78358	8.0158	6.42987	6.79078	5.22964	5.99975	7.11484	6.39389	6.98499	7.40807	0	5.14686	0	3.10326	5.16998	0	0	7.77508	9.98274	0	0	0	0	9.26103	0	0	0	
0	0	0	0	0	0	0	0	0	0	0	0	0	0	0	0	0	0	0	0	0	0	0	0	0	0	0	0	0	0	0	0	0	0	0	0	0	6.54907	0	0	0	0	0	0	0	0	0	0	0	2.51116	0	5.3174	0	2.94917	0	0	3.04124	5.85022	4.4337	0	2.41662	0	8.1151	12.4617	6.59189	7.00413	0	0	7.56938	8.44418	0	9.98921	5.99411	10.50364	8.19082	5.63961	0	4.43379	4.22188	6.36375	3.71571	9.44592	5.28421	0	0	0	5.50728	0	0	0	0	0	6.44412	6.40878	5.32382	0	0	0	0	0	
0	0	0	0	0	0	0	8.80482	0	0	0	0	0	0	0	0	0	0	0	0	0	0	0	0	0	0	0	0	0	0	0	0	0	0	0	0	0	4.92273	0	7.77508	0	0	0	0	0	0	0	0	0	0	4.13711	0	0	11.93024	6.57437	0	0	7.21522	9.07526	9.29962	0	1.48954	0	7.91989	8.44803	8.99165	0	0	7.66743	5.44129	7.92843	4.36209	4.59746	9.16056	5.29754	8.112	6.76019	0	7.56877	9.24006	8.36756	9.78143	4.57583	5.08263	7.63786	0	0	1.32806	0	0	7.92642	0	0	0	0	2.16093	0	0	0	0	
0	0	0	0	0	0	0	0	0	0	0	0	0	0	0	0	0	0	0	0	0	0	0	0	0	9.9789	0	0	0	0	0	0	0	0	0	0	0	8.11322	0	0	0	0	0	0	10.36526	0	0	0	9.05383	0	0	0	0	0	0	4.04865	0	0	0	0	0	0	8.53051	0	0	7.05073	8.09796	7.41407	0.4453	7.43772	3.15285	0	5.7567	0	8.78721	6.32927	0	5.41291	4.66289	6.00723	4.28961	0	5.13851	0	8.69958	6.84732	0	0	0	0	9.38012	0	0	0	0	0	0	2.51116	0	0	
0	0	0	0	0	0	0	0	0	0	0	0	2.97644	0	0	0	0	0	0	0	0	0	0	0	0	0	0	0	0	0	0	0	0	0	0	0	0	0	0	0	0	0	0	0	0	0	0	9.03705	0	0	0.4453	0	12.23201	0	0	0	0	0	0	4.6641	0	0	0	4.36192	4.25398	6.4911	9.17254	0	11.77307	0	0	9.22835	0	0	0	3.32121	7.60707	9.29621	6.95412	5.15592	0	4.25253	6.41126	4.15582	4.17706	2.65613	6.80186	0	5.98997	0	0	0	0	4.59349	0	0	0	0	0	0	
0	0	0	0	0	0	0	0	0	0	0	0	0	0	0	0	0	0	0	0	0	0	0	0	0	0	0	0	0	0	0	0	10.26622	0	0	0	0	0	0	0	6.67592	0	0	0	0	0	0	0	0	0	0	0	0	0	0	0	6.12401	0	0	0	10.62252	0	0	5.29047	0	7.55972	0	0	8.19951	0	0	0	9.35564	0	0	3.98418	0	0	6.25496	9.33804	8.43957	5.68996	9.74299	0	7.39901	0	1.29066	0	0.4453	0.4453	7.8335	6.46658	5.89717	0	0	0	0	0	0	0	
0	0	0	0	0	0	0	0.91008	0	0	0	0	0	0	0	0	0	0	0	0	0	0	0	0	0	0	0	6.13805	0	0	0	0	0	0	0	0	0	0	0	0	0	0	0	0	0	0	0	0	0	0	0	0	0	0	0	0	0	0.4453	0	0	0	0	0	0	0	0	0	0	0	0	2.55399	5.13457	5.21902	0.4453	0	9.48357	5.88795	0	8.84039	4.05022	0	7.04498	0	6.86232	3.37873	8.52139	0	10.10206	0	3.77145	0	4.4337	0	0	0	9.94491	0	0	0	0	
0	0	0	0	0	0	0	0	0	0	0	0	0	0	0	0	0	0	0	0	7.94559	0	0	0	0	0	0	0	0	0	2.08896	0	0	0	0	0	0	0	0	0	0	0	0	0	0	0	0	0	0	0	0	0	0	0	0	0	0	0	0	10.16034	0	0	0	0	6.78874	8.96371	4.40936	3.75962	0	0	0	0	0	0	0	6.74077	5.0909	0	0	0	3.28505	0	0	0	3.91661	6.10053	7.37543	6.83765	6.62398	0	6.56459	5.87911	5.15839	5.21567	0	5.25718	0	0	0	0	
0	0	0	0	0	0	0	0	0	0	0	0	0	0	0	0	0	0	0	0	0	0	0	0	0	0	0	0	0	0	0	0	0	0	0	0	0	0	0	0	0	0	0	0	0	0	0	0	6.41367	0	0	0	0	0	0	0	0	0	0	0	0	0	0	0	0	0	0	0	0	9.03705	11.49946	10.63403	7.38535	0	8.66402	6.10053	0	8.9824	0	0	0	8.2203	8.81159	0	3.64828	0	0	0	0	4.7756	0	3.66532	4.55899	0	8.65886	0	0	0	0	0	
0	0	0	0	0	0	0	0	0	0	0	0	0	0	0	8.29291	0	0	0	0	0	0	0	0	0	0	0	0	0	0	0	0	0	0	5.94833	0	0	0	0	0	0	0	0	0	0	0	0	0	0	0	0	0	0	0	0	0	0	0	0	0	0	0	0	0	0	0	0	4.11035	0	0	0	0	0	6.70121	0	0	0	0.22265	0	0	0	5.54117	0	0	6.09922	0	8.28386	3.36671	6.58103	10.18564	8.68571	0	9.4645	0	0	0	0	0	0	0	
0	0	0	0	0	0	0	0	0	0	0	0	0	0	0	0	0	0	0	0	0	0	0	0	0	0	0	0	0	0	0	0	0	0	0	0	0	0	0	0	0	0	0	0	0	0	0	0	8.54476	7.52615	0	0	0	0	0	0	0	0	0	10.98773	0	0	0	0	0	7.56732	0	0	0	0	0	7.4536	0	0	0	0	0	11.19952	0	5.20555	12.22527	0	0	9.39414	0	0	0	0	0	0	0	0	0	0	0	0	0	0	0	0	
0	0	0	0	0	0	0	0	0	0	0	0	0	0	0	0	0	0	0	2.90858	0	0	0	0	0	0	0	0	0	0	0	0	0	0	0	0	0	0	0	0	0	0	0	0	0	0	0	0	0	0	0	0	0	0	0	2.32687	0	0	11.51737	0	0	0	0	0	8.25998	0	0	0	0	0	0	5.14371	0	6.32535	0	0	6.23127	0	0	0	4.30681	7.43748	4.23499	7.76825	0	0	0	8.5051	9.9626	0	1.48954	9.28129	10.36684	0	0	0	0	0	0	0	
0	0	0	0	0	0	0	0	0	0	0	0	0	0	0	0	0	0	0	0	0	0	0	0	0	0	0	0	0	0	0	0	0	0	0	0	0	0	0	0	0	0	0	0	0	0	0	0	0	0	0	0	0	0	0	0	0	0	0	0	0	0	0	0	0	0	0	0	0	0	0	0	0	0	0	0	0	0	0	0	0	0	0	0	0	0	0	0	0	0	0	9.81946	0	0	0	0	0	0	0	0	
0	0	0	0	0	0	0	0	0	0	0	0	0	0	0	0	0	0	0	0	0	0	0	0	0	0	0	0	0	0	0	0	0	0	0	0	0	0	0	0	0	0	0	0	0	0	0	0	0	0	0	0	0	0	0	0	0	0	0	0	0	0	0	0	0	0	0	0	0	0	8.80008	0.4453	0	0	0	0	4.93787	0	0	7.66371	0	0	0	9.38324	0	0	0	2.59989	0	0	6.14731	12.32695	0	0	0	0	0	0	0	0	
0	0	0	0	0	0	0	0	0	0	0	0	0	0	0	0	0	0	0	0	0	0	0	0	0	0	0	0	0	0	0	0	0	0	0	0	0	0	0	0	0	0	0	0	0	0	0	0	0	0	0	0	0	0	0	0	0	0	0	3.52184	0	0	0	0	0	0	0	0	0	0	6.85783	0	0	0	0	0	0	0	0	0	0	0	0	0	0	0	5.06797	0	0	0	0	0	0	0	0	0	0	0	0	0	
0	0	0	0	0	0	0	0	0	0	0	0	0	0	0	0	0	0	0	0	0	0	0	0	0	0	0	0	0	0	0	0	0	0	0	0	0	0	0	0	0	0	0	0	0	0	0	0	0	0	0	0	0	0	0	0	0	0	0	0	0	0	0	0	0	0	0	0	0	7.63775	0.78509	0	0	0	0	0	0	0	7.9873	0	0	0	0	0	0	0	0	0	6.22431	6.28578	0	0	0	0	0	0	0	0	0	0	
0	0	0	0	0	0	0	0	0	0	0	0	0	0	0	0	0	0	0	0	0	0	0	0	0	0	0	0	0	0	0	0	0	0	0	0	0	0	0	0	0	0	0	0	0	0	0	0	0	0	0	0	0	0	0	0	0	0	0	0	0	0	0	0	0	0	0	0	0	0	0	0	0	0	0	0	0	0	0	0	0	0	0	0	0	0	3.80916	0	0	0	0	0	0	0	0	0	0	0	0	0	
0	0	0	0	0	0	0	0	0	0	0	0	0	0	0	0	0	0	0	0	0	0	0	0	0	0	0	0	0	0	0	0	0	0	0	0	0	0	0	0	0	0	0	0	0	0	0	0	0	0	0	0	0	0	0	0	0	0	8.767	0	0	0	0	0	0	0	0	0	0	0	0	0	0	0	0	7.50333	0	0	0	0	0	0	0	0	0	0	0	0	0	0	0	0	0	0	0	0	0	0	0	0	
0	0	0	0	0	0	0	0	0	0	0	0	0	0	0	0	0	0	0	0	0	0	0	0	0	0	0	0	0	0	0	0	7.97699	0	0	0	0	0	0	0	0	0	0	0	0	0	0	0	0	0	1.29066	0	0	0	0	0	0	0	0	0	0	0	0	0	0	0	0	0	0	0	0	0	0	0	0	6.25195	0	0	0	0	7.08615	0	0	0	0	0	0	0	0	0	0	0	0	0	0	0	0	0	0	0	
0	0	0	0	0	0	0	0	0	0	0	0	0	0	0	0	0	0	0	0	0	0	0	0	0	0	0	0	0	0	0	0	0	0	0	0	0	0	0	0	0	0	0	0	0	0	0	0	0	0	0	0	0	0	0	0	0	0	0	0	0	0	0	0	0	0	0	0	0	0	0	0	0	0	0	0	0	0	0	0	0	0	0	0	0	0	0	0	0	0	0	0	0	0	0	0	0	0	0	0	
0	0	0	0	0	0	0	0	0	0	0	0	0	0	0	0	0	0	0	0	0	0	0	0	0	0	0	0	0	0	0	0	0	0	0	0	0	0	0	0	0	0	0	0	0	0	0	0	0	0	0	0	0	0	0	0	0	0	0	0	0	0	0	0	0	0	0	0	0	0	0	0	0	0	0	0	0	0	0	0	0	0	0	0	0	0	0	0	0	0	0	0	0	0	0	0	0	0	0	0	
0	0	0	0	0	0	0	0	0	0	0	0	0	0	0	0	0	0	0	0	0	0	0	0	0	0	0	0	0	0	0	0	0	0	0	0	0	0	0	0	0	0	0	0	0	0	0	0	0	0	0	0	0	0	0	0	0	0	0	0	0	0	0	0	0	0	0	0	0	0	0	0	0	0	0	0	0	0	0	0	0	0	0	0	0	0	0	0	0	0	0	0	0	0	0	0	0	0	0	0	
0	0	0	0	0	0	0	0	0	0	0	0	0	0	0	0	0	0	0	0	0	0	0	0	0	0	0	0	0	0	0	0	0	0	0	0	0	0	0	0	0	0	0	0	0	0	0	0	0	0	0	0	0	0	0	0	0	0	0	0	0	0	0	0	0	0	0	0	0	0	0	0	0	0	0	0	0	0	0	0	0	0	0	0	0	0	0	0	0	0	0	0	0	0	0	0	0	0	0	0	
0	0	0	0	0	0	0	0	0	0	0	0	0	0	0	0	0	0	0	0	0	0	0	0	0	0	0	0	0	0	0	0	0	0	0	0	0	0	0	0	0	0	0	0	0	0	0	0	0	0	0	0	0	0	0	0	0	0	0	0	0	0	0	0	0	0	0	0	0	0	0	0	0	0	0	0	0	0	0	0	0	1.48954	0	0	0	0	0	0	0	0	0	0	0	0	0	0	0	0	0	0	
0	0	0	0	0	0	0	0	0	0	0	0	0	0	0	0	0	0	0	0	0	0	0	0	0	0	0	0	0	0	0	0	0	0	0	0	0	0	0	0	0	0	0	0	0	0	0	11.06086	0	0	0	0	0	0	0	0	0	0	0	0	0	0	0	0	0	0	0	0	0	0	0	0	0	0	8.69505	0	0	0	0	0	0	0	0	0	0	0	0	0	0	0	0	0	0	0	0	0	0	0	0	0	
