0	0	0	0	0	0	0	0	0	0	0	0	0	0	0	0	0	0	0	0	0	0	0	0	0	0	0	0	0	0	0	0	0	0	0	0	0	0	0	0	0	0	0	0	0	0	0	0	0	0	0	8.14097	0	0	0	0	0	0	0	0	0	0	0	0	0	0	0	0	0	0	0	0	0	0	0	0	0	0	0	0	0	0	0	0	0	0	0	0	0	0	0	0	0	0	0	0	0	0	0	0	
0	0	0	0	0	0	0	0	0	0	0	0	0	0	0	0	0	0	0	0	0	0	0	0	0	0	0	0	0	0	0	0	0	0	0	0	0	0	0	0	0	0	0	0	0	0	0	12.84653	0	0	0	0	0	0	0	0	0	0	0	0	0	0	0	9.14384	0	0	0	0	0	0	0	0	0	0	0	0	0	0	0	0	0	0	0	0	0	0	0	0	0	0	0	0	0	0	0	0	0	0	0	0	
0	0	0	0	0	0	0	0	0	0	0	0	0	0	0	0	0	0	0	0	0	0	0	0	0	0	0	0	0	0	0	0	0	0	0	0	0	0	0	0	0	0	0	0	0	0	0	0	0	0	0	0	0	0	9.41871	0	0	0	0	0	0	0	0	0	0	0	0	0	0	0	0	0	0	0	0	0	0	0	0	0	0	0	0	0	0	0	0	0	0	0	0	0	0	0	0	0	0	0	0	0	
0	0	0	0	0	0	0	0	0	0	0	0	0	0	0	0	0	0	0	0	0	0	0	0	0	0	0	0	0	0	0	0	0	0	0	0	0	0	0	0	0	0	0	0	0	0	14.69376	10.84148	0	0	0	0	0	0	0	0	0	0	0	0	0	0	0	0	0	0	0	0	0	0	0	0	0	0	0	0	0	0	0	0	0	0	0	0	0	0	0	0	0	0	0	0	0	0	0	0	0	0	0	0	
0	0	0	0	0	0	0	0	0	0	0	0	0	0	0	0	0	0	0	0	0	0	0	0	0	0	0	0	0	0	0	0	0	0	0	0	0	5.64201	0	0	0	0	0	11.78351	0	0	0	0	0	0	0	0	0	0	0	0	0	0	0	0	0	0	0	0	0	0	0	0	0	0	0	0	0	0	0	0	0	0	0	0	0	0	0	0	0	0	0	0	0	0	0	0	0	0	0	0	0	0	0	0	
0	0	0	0	0	0	0	0	0	0	0	0	0	0	0	0	0	0	0	0	0	0	0	0	0	0	0	0	0	0	0	0	0	0	0	0	0	0	0	0	0	0	0	0	0	0	0	0	0	0	0	0	0	0	0	0	0	0	0	0	0	0	0	0	0	0	0	0	0	0	0	0	8.45095	0	0	0	0	0	0	0	0	0	0	0	0	0	0	0	0	0	0	0	0	0	0	0	0	0	0	0	
0	0	0	0	0	0	0	0	0	0	0	0	0	0	0	0	0	0	0	0	0	0	0	0	0	0	0	0	0	0	0	0	0	0	0	0	0	0	0	0	0	0	0	0	0	0	0	0	0	0	0	0	0	0	0	0	0	0	0	0	0	0	0	0	0	0	0	0	0	0	0	0	0	0	11.82014	0	0	0	0	0	0	0	0	0	0	0	0	0	0	0	0	0	0	0	0	0	0	0	0	0	
0	0	0	0	0	0	0	0	0	0	0	0	0	0	0	0	0	0	0	0	0	0	0	0	0	0	0	0	0	0	0	0	0	0	0	0	0	0	0	0	0	0	0	0	0	0	0	0	0	0	0	9.46176	0	0	0	10.73541	0	0	10.47657	0	0	0	0	0	0	0	0	0	0	0	0	0	0	0	0	0	0	0	0	0	0	0	0	0	0	0	0	0	0	0	0	0	0	0	0	0	0	0	0	0	
0	0	0	0	0	0	0	0	0	0	0	0	0	0	0	0	0	0	0	0	0	0	0	0	0	0	0	0	10.33499	0	0	0	0	0	0	0	0	0	0	0	0	0	0	0	0	0	0	0	0	0	0	0	0	0	0	0	0	0	0	0	0	0	0	0	0	0	0	9.06716	0	0	0	0	0	0	0	0	0	0	0	0	0	0	0	0	0	0	0	0	0	0	0	0	0	0	0	0	0	0	0	0	
0	0	0	0	0	0	0	0	0	0	0	0	0	0	0	0	0	0	0	0	0	0	0	0	0	0	0	0	0	0	0	0	0	0	0	0	0	0	0	0	0	0	0	0	0	0	0	0	0	0	0	0	0	0	0	7.09982	0	0	0	0	0	0	0	0	0	0	0	0	0	0	0	0	0	0	0	0	0	0	0	0	0	0	0	0	0	0	0	0	0	0	0	0	0	0	0	0	0	0	0	0	
0	0	0	0	0	0	0	0	0	0	0	0	0	0	0	0	0	0	0	0	0	0	0	0	0	0	0	0	0	0	0	0	0	0	0	0	0	0	0	0	0	0	0	0	0	0	0	0	0	0	0	0	0	0	0	0	0	0	0	0	0	0	0	0	0	0	0	10.99356	0	0	0	0	0	0	0	0	0	0	0	0	0	0	0	0	0	0	0	0	0	0	0	0	0	0	0	0	0	0	0	0	
0	0	0	0	0	0	0	0	0	0	0	0	0	0	0	0	0	0	0	0	0	0	0	0	0	0	0	0	0	0	0	0	0	0	0	0	0	0	0	0	0	0	0	0	0	0	0	0	0	0	0	0	10.52737	0	0	0	6.32511	0	0	0	0	0	0	0	0	0	0	0	0	0	0	6.84068	0	0	0	0	0	0	0	0	0	0	0	0	0	0	0	0	0	0	0	0	0	0	0	0	0	0	0	0	
0	0	0	0	0	0	0	0	0	0	0	0	0	0	0	0	0	0	0	0	0	0	0	0	0	0	0	0	0	0	0	0	0	0	0	0	0	0	0	0	0	0	0	0	0	0	0	0	10.30133	0	0	0	12.25811	0	0	0	0	0	0	0	0	0	0	0	0	0	0	5.0219	0	0	0	0	0	0	0	0	0	0	0	0	0	0	0	0	0	0	0	0	0	0	0	0	0	0	0	0	0	0	0	0	
0	0	0	0	0	0	0	0	0	0	0	0	0	0	0	0	0	0	0	0	0	0	0	0	0	0	0	0	0	0	13.23216	0	0	0	0	0	0	0	0	9.36758	0	0	0	0	0	0	0	10.15285	0	0	0	0	0	0	0	0	0	6.1103	16.24376	0	10.24932	0	0	10.63861	0	0	0	0	0	0	0	0	0	0	0	0	0	0	0	0	0	0	0	0	0	0	0	0	0	0	0	0	0	0	0	0	0	0	0	0	
0	0	0	0	0	0	0	0	0	0	0	0	0	0	0	0	0	0	0	0	0	0	0	0	0	0	0	0	0	0	0	0	0	0	0	0	0	0	0	0	0	0	0	0	0	0	0	0	0	0	0	0	0	0	5.57908	0	0	0	0	0	0	0	0	0	0	0	0	0	0	0	0	0	0	0	16.76573	0	0	0	0	0	0	0	0	0	0	0	0	0	0	0	0	0	0	0	0	0	0	0	0	0	
0	0	0	0	0	0	0	0	0	0	0	0	0	0	0	0	0	0	0	0	0	0	0	0	0	0	0	0	0	0	0	0	0	0	0	0	0	0	0	0	0	0	13.45391	0	0	0	0	0	0	0	0	0	9.38421	0	0	0	0	0	0	12.94307	0	0	0	0	0	0	0	0	0	0	0	6.15406	0	0	0	0	0	0	0	0	0	0	0	0	0	0	0	0	0	0	0	0	0	0	0	0	0	0	0	0	
0	0	0	0	0	0	0	0	0	0	0	0	0	0	0	0	0	0	0	0	0	0	0	0	0	0	0	0	0	0	0	0	0	0	0	0	0	0	0	0	0	0	0	6.85041	0	0	0	12.51915	0	0	0	8.46152	0	0	0	0	0	0	5.51741	0	0	0	0	0	0	0	0	0	0	0	0	0	0	0	0	0	0	0	0	0	0	0	0	0	0	0	0	0	0	0	0	0	0	0	0	0	0	0	0	0	
0	0	0	0	0	0	0	0	0	0	0	0	0	0	0	0	0	0	0	0	0	0	0	0	0	0	0	0	0	0	0	0	0	0	0	0	0	0	0	0	0	0	10.54392	0	0	0	0	0	0	0	0	0	0	0	0	8.29355	0	0	0	0	0	0	0	0	0	0	0.88838	0	6.69423	0	0	0	0	0	0	0	0	0	0	0	0	0	0	0	0	0	0	0	0	0	0	0	0	0	0	0	0	0	0	0	
0	0	0	0	0	0	0	0	0	0	0	0	0	0	0	0	0	0	0	0	0	0	0	0	0	0	0	0	0	0	0	0	0	0	0	0	0	0	0	0	12.25961	0	0	0	0	0	0	0	0	0	0	0	0	0	0	0	0	0	0	0	0	0	0	0	0	0	0	0	0	0	0	0	0	0	0	0	0	0	0	0	0	0	0	0	0	0	0	0	0	0	0	0	0	0	0	0	0	0	0	0	
0	0	0	0	0	0	0	0	0	0	0	0	0	0	0	0	0	0	0	0	0	0	0	0	0	0	0	0	0	0	0	0	0	0	0	0	0	0	0	0	0	0	0	0	0	0	0	8.07192	0	0	7.50123	0	0	0	0	0	0	0	0	0	0	0	0	0	0	0	0	0	0	0	0	0	0	0	0	0	8.22544	0	0	0	0	0	0	0	0	0	0	0	0	0	0	0	0	0	0	0	0	0	0	0	
0	0	0	0	0	0	0	0	0	0	0	0	0	0	0	0	0	0	0	0	0	0	0	0	0	0	0	0	0	0	0	0	0	0	0	0	0	0	0	0	0	0	0	0	0	0	0	7.67828	0	0	9.07948	11.17709	0	0	0	0	7.50371	0	9.18239	0	10.48002	0	0	0	0	9.70129	0	0	0	0	0	0	0	0	0	0	0	0	0	0	0	0	0	0	0	0	0	0	0	0	0	0	0	0	0	0	0	0	0	0	
0	0	0	0	0	0	0	0	0	0	0	0	0	0	0	0	0	0	0	0	0	0	0	0	0	0	0	0	0	0	0	0	0	0	0	0	0	0	0	0	0	8.79711	0	0	0	0	0	0	0	0	0	0	0	0	0	0	0	0	0	0	0	0	0	0	0	0	0	0	5.29638	0	0	0	0	0	0	0	0	0	0	0	0	0	0	0	0	0	0	0	0	0	0	0	0	0	0	0	0	0	0	0	
0	0	0	0	0	0	0	0	0	0	0	0	0	0	0	0	0	0	0	0	0	0	0	0	0	0	0	0	0	0	0	7.69911	5.75999	0	0	0	0	0	0	0	0	0	0	0	0	0	0	7.81542	0	0	0	0	0	0	0	0	0	0	0	0	0	0	0	4.634	0	0	0	5.65426	0	0	0	0	0	0	0	0	0	0	0	0	0	0	0	0	0	0	0	0	0	0	0	0	0	0	0	0	0	0	0	0	
0	0	0	0	0	0	0	0	0	0	0	0	0	0	0	0	0	0	0	0	0	0	0	0	0	0	0	0	0	0	0	10.77624	0	0	0	0	0	0	0	0	0	0	0	0	0	0	0	0	0	0	0	0	0	0	0	0	0	0	0	0	0	0	0	0	0	0	0	0	0	0	0	0	0	0	0	0	0	0	0	0	0	0	0	0	0	0	0	0	0	0	0	0	0	0	0	0	0	0	0	0	
0	0	0	0	0	0	0	0	0	0	0	0	0	0	0	0	0	0	0	0	0	0	0	0	0	0	0	0	0	0	0	0	0	0	0	0	0	0	0	0	0	0	0	10.42972	0	0	0	0	0	12.85996	0	0	0	0	10.15231	0	0	0	0	0	0	0	0	0	0	0	0	0	0	0	0	0	0	0	0	0	0	0	0	2.33516	0	0	0	0	0	0	0	0	0	0	0	0	0	0	0	0	0	0	0	0	
0	0	0	0	0	0	0	0	0	0	0	0	0	0	0	0	0	0	0	0	0	0	0	0	0	0	0	0	0	0	0	0	7.43392	0	0	0	0	0	0	0	0	0	0	0	0	0	0	4.39232	0	0	6.0151	3.17945	0	0	0	0	0	0	7.46552	0	0	0	0	0	0	0	0	0	0	0	8.12566	0	0	0	0	0	0	0	0	0	0	0	0	0	0	5.94706	0	0	0	0	0	0	0	0	0	0	0	0	0	0	
0	0	0	0	0	0	0	0	0	0	0	0	0	0	0	0	0	0	0	0	0	0	0	0	0	0	0	0	0	0	0	0	0	0	0	0	0	0	0	10.92227	0	0	0	0	14.6929	0	8.51444	0	0	0	0	0	0	0	0	0	0	0	0	0	0	0	0	0	0	0	0	0	0	0.51147	0	0	0	0	0	0	0	0	0	0	0	0	0	0	0	0	0	0	0	0	0	0	0	0	0	0	0	0	0	0	
0	0	0	0	0	0	0	0	0	0	0	0	0	0	0	0	0	0	0	0	0	0	0	0	0	0	0	0	0	0	0	0	0	0	0	8.92639	0	0	0	0	0	0	0	0	0	0	0	8.61963	0	0	0	0	0	5.65692	0	0	0	0	0	0	12.03081	0	0	0	0	0	0	0	0	0	0	0	0	0	0	0	0	0	0	0	0	0	0	0	0	0	0	0	0	0	0	0	0	0	0.88838	0	0	0	0	0	
0	0	0	0	0	0	0	0	0	0	0	0	0	0	0	0	0	0	0	0	0	0	0	0	0	0	0	0	0	0	0	0	0	0	0	0	0	0	0	0	0	13.52699	0	0	0	0	0	0	0	0	0	0	5.40179	0	0	0	0	0	0	0	0	0	0	0	0	0	0	2.61032	0	0	0	9.11424	0	0	0	0	0	0	0	0	0	0	0	0	0	0	0	0	0	0	0	0	0	0	0	0	0	0	0	0	
0	0	0	0	0	0	0	0	0	0	0	0	0	0	0	0	0	0	0	0	0	0	0	0	0	0	0	0	0	0	0	0	0	0	0	0	0	0	0	0	7.38334	0	0	0	9.51834	0	0	6.01783	0	0	8.45969	11.26677	0	0	0	11.03803	0	0	6.67633	0	8.69859	0	0	0	0	0	0	0	5.11341	0	0	0	0	0	0	0	0	0	0	0	0	0	0	0	0	0	0	0	0	0	0	0	0	0	0	1.43408	0	0	0	0	
0	0	0	0	0	0	0	0	0	0	0	0	0	0	0	0	0	0	0	0	0	0	0	0	0	0	0	0	0	0	0	0	0	0	0	0	0	0	0	0	0	0	0	0	13.26845	0	0	0	0	6.58975	0	0	6.65212	0	0	0	0	7.03108	0	0	0	5.84789	0	0	0	0	0	0	0	0	0	0	0	0	0	0	0	0	0	0	0	0	0	0	0	0	0	0	0	0	0	0	0	0	0	0	0	0	0	0	
0	0	0	0	0	0	0	0	0	0	0	0	0	0	0	0	0	0	0	0	0	0	0	0	0	0	0	0	0	0	0	0	0	0	0	0	0	0	0	0	0	0	0	11.44997	0	0	12.5283	0	0	0	8.48904	0	0	0	0	0	0	0	0	8.9352	0	0	0	0	9.34132	0	0	4.60906	0	0	0	0	10.32927	0	0	0	6.91378	0	0	0	0	0	0	0	0	0	0	0	0	0	0	0	0	0	0	0	0	0	0	0	
0	0	0	0	0	0	0	0	0	0	0	0	0	0	0	0	0	0	0	0	0	0	0	0	0	0	0	0	0	0	0	0	0	0	0	0	0	0	0	0	0	0	0	0	2.89745	2.50612	0	11.01626	1.18688	0	0	16.32954	8.02319	0	0	7.87678	0	0	4.02849	0	0	0	0	0	0	0	5.93074	7.67227	0	0	0	0	0	13.05147	0	0	0	0	0	0	0	0	0	0	0	0	0	0	0	0	0	0	0	0	0	0	0	0	0	0	
0	0	0	0	0	0	0	0	0	0	0	0	0	0	0	0	0	0	0	0	0	0	0	0	0	0	0	0	0	0	0	0	0	0	0	0	0	13.44728	0	0	0	0	0	0	0	0	0	0	9.42676	0	0	5.3656	0	0	3.95122	0	10.9102	0	0	1.9923	0	7.27652	0	0	0	0	0	0	0	0	0	0	0	0	6.33561	2.27196	0	0	0	0	0	0	0	0	0	0	0	0	0	0	0	0	0	0	0	0	0	0	0	0	
0	0	0	0	0	0	0	0	0	0	0	0	0	0	0	0	0	0	0	0	0	0	0	0	0	0	0	0	0	0	0	0	0	0	0	0	0	0	0	0	0	0	13.65572	0	0	11.64373	0	12.72544	0	0	7.52005	0	12.96297	0	10.25736	0	0	0	0	0	0	0	0	9.98551	0	0	0	7.3271	0	0	9.46461	0	0	0	0	0	0	0	2.61032	0	0	0	0	0	0	0	0	0	0	0	0	0	0	0	0	0	0	0	0	0	
0	0	0	0	0	0	0	0	0	0	0	0	0	0	0	0	0	0	0	0	0	0	0	0	0	0	0	0	0	0	0	0	0	0	0	0	0	0	0	0	0	0	0	0	0	0	0	7.48621	8.8163	0	0	9.52252	0	0	0	0	0	0	0	0	0	0	0	0	6.19654	0	0	0	0	0	0	0	0	0	0	0	0	0	0	0	0	0	0	0	0	0	0	0	0	0	8.67175	0	0	0	0	0	0	0	0	0	
0	0	0	0	0	0	0	0	0	0	0	0	0	0	0	0	0	0	0	0	0	0	0	0	0	0	0	0	0	0	0	0	0	0	0	0	0	0	0	0	0	0	0	0	0	0	0	11.41082	0	0	0	0	6.92898	8.66117	0	0	0	0	11.30446	13.1443	0	0	0	0	0	0	0	0	0	0	0	0	0	0	0	0	0	0	0	0	0	0	0	0	0	0	0	0	0	0	0	0	0	0	0	0	0	0	6.53122	0	
0	0	0	0	0	0	0	0	0	0	0	0	0	0	0	0	0	0	0	0	0	0	0	0	0	0	0	0	0	0	0	0	0	0	0	0	0	0	0	0	0	0	9.70497	0	0	0	0	0	0	8.90945	0	7.28442	0	7.53668	0	0	0	0	0	0	0	0	0	0	12.06345	0	0	0	0	0	0	0	0	0	0	0	12.1018	0	0	0	0	0	0	0	0	0	0	0	0	0	0	0	0	0	0	0	0	0	0	0	
0	0	0	0	0	0	0	0	0	0	0	0	10.76887	0	0	0	0	0	0	0	0	0	0	0	0	0	0	0	0	0	10.9851	0	0	0	0	0	0	0	0	0	0	0	10.16763	0	0	0	0	14.51936	0	0	11.8022	0	0	7.12643	6.79718	0	9.3087	0	0	0	0	0	0	10.83355	8.36418	9.24747	0	0	0	0	0	0	0	0	0	0	0	0	0	0	0	0	0	0	0	0	0	0	0	0	0	0	0	0	0	0	0	0	0	0	
0	0	0	0	0	0	0	0	0	0	0	0	0	0	0	0	0	0	0	0	0	0	0	0	0	0	0	0	0	0	0	0	0	0	0	0	0	0	0	0	0	0	0	0	0	10.96145	9.82962	0	4.02849	12.51588	3.64263	7.53357	8.25206	0	8.68075	6.73722	0	0	0	0	12.66352	0	0	0	0	0	0	0	0	6.51825	0	0	0	0	0	0	4.96017	0	0	0	0	0	0	0	0	0	0	0	0	0	0	0	0	0	0	0	0	0	0	0	
0	0	0	0	0	0	0	0	0	0	0	0	0	0	0	8.53941	0	0	0	0	0	0	0	0	0	0	0	0	0	0	0	0	0	0	0	5.54015	11.28214	0	0	0	0	0	0	5.18266	0	10.33926	7.5781	9.34132	4.17163	8.28373	0	0	4.27037	0	9.94373	0	0	0	0	5.88991	0	10.7408	0	6.33985	0	9.71742	0	0	11.41173	0	7.58864	0	0	0	0	10.49727	0	4.50475	0	4.05755	0	0	0	0	0	0	0	0	0	0	8.57526	0	0	0	0	0	0	0	0	0	
0	0	0	0	0	0	0	0	0	0	0	0	0	0	0	0	0	0	0	0	0	0	0	0	0	0	11.90487	0	0	0	0	4.2053	0	0	9.16003	0	0	0	0	0	11.5711	0	0	0	0	0	0	0	10.87288	5.5269	1.82912	9.70276	8.62119	0	11.13376	0	9.4205	0	5.87889	0	7.17405	9.13079	0	0	0	7.64493	0	0	0	0	0	0	0	7.69022	0	0	0	0	0	0	0	0	0	0	0	0	0	0	0	0	0	0	0	0	0	0	5.41624	0	0	0	
0	0	0	0	0	0	0	0	0	0	0	0	0	0	0	0	0	0	0	10.22439	0	0	0	0	0	0	0	0	0	0	0	0	0	0	0	0	0	0	0	0	0	0	0	13.87205	0	0	11.96936	12.24324	11.76582	0	9.08853	7.93325	10.72674	0	0	0	13.68961	0	0	7.49421	6.06976	0	0	12.52289	0	6.1712	0	10.46966	0	0	0	0	0	0	0	0	0	0	0	0	0	0	0	0	0	0	0	0	0	0	6.98817	0	0	0	0	0	0	0	0	0	
0	0	0	0	0	0	0	0	0	0	0	0	8.77205	0	0	0	0	0	0	9.78021	0	0	0	0	0	0	0	0	0	0	0	0	0	8.97219	0	0	0	0	0	0	0	13.49006	12.16693	0	8.67752	0	0	5.86332	8.93017	0	3.31269	8.47335	7.10919	7.59675	10.77066	7.23229	6.10261	7.96188	8.31	0	0	0	0	0	4.72966	0	0	0	0	0	0	0	0	0	0	0	0	0	13.72704	3.82696	0	0	0	0	0	0	0	0	0	0	0	0	0	0	0	0	0	0	0	0	
0	0	0	0	0	0	0	0	0	0	0	0	0	0	0	0	0	0	0	0	0	0	0	13.27367	0	0	0	0	0	0	0	0	0	0	0	0	0	0	11.01002	0	0	0	8.21591	9.18134	8.4333	0	11.62157	4.95606	0	8.37728	8.70302	6.82073	0	0	0	0	0	6.09749	13.32649	9.39428	9.39883	0	0	0	10.12343	0	0	0	0	0	0	0	0	0	0	0	0	0	0	0	0	0	0	0	0	0	0	0	0	0	0	0	0	0	0	0	0	0	0	0	
0	0	9.09528	0	0	0	0	0	0	0	0	0	0	0	0	0	0	0	0	0	0	0	0	0	0	0	0	0	0	0	0	0	0	0	0	0	0	0	0	0	10.66381	0	0	0	0	9.37129	0	9.95589	10.25133	11.62481	0	8.37532	9.27944	9.25298	0.51147	11.22532	0	0	8.42081	5.69037	7.30736	0	8.5992	9.97518	0	0	0	0	0	0	0	8.34337	0	0	0	0	3.24954	0	0	0	0	0	0	0	0	0	0	0	0	0	0	0	0	0	0	0	0	0	0	0	
0	0	0	0	0	0	0	0	0	0	0	9.25453	0	0	0	0	0	0	0	0	0	0	0	0	0	0	0	0	0	0	0	0	6.36985	0	0	0	0	9.15685	12.9344	4.72966	7.15255	6.99784	0	0	11.72861	8.41752	10.78985	5.83919	11.18251	0	11.17257	0	5.92187	4.6819	0	10.95198	6.12727	11.30356	0	0	0	0	0	0	0	0	0	6.39195	0	0	0	0	8.67024	0	0	4.13715	0	0	11.6127	0	0	0	0	0	0	0	0	0	0	0	0	0	0	0	0	7.86364	0	0	0	0	
0	0	0	0	0	0	0	0	0	0	0	0	0	0	0	0	0	0	0	0	0	0	0	0	0	0	0	0	0	0	0	0	0	0	7.94314	9.76758	0	0	0	7.04509	0	11.69518	0	11.0555	13.61842	10.02403	7.10475	7.46162	6.42871	11.79841	11.11246	10.33356	5.0568	9.60322	0	0	7.19717	0	0	7.3814	7.86892	0	5.80461	0	0	0	0	0	0	0	0	0	0	0	0	0	0	0	3.69096	0	0	0	0	0	0	0	0	9.966	0	0	0	0	0	0	0	0	0	0	0	0	
0	0	0	0	0	0	0	0	9.71377	0	9.95985	0	0	0	0	0	0	0	0	0	0	0	0	0	0	0	11.41712	0	0	0	0	0	0	0	0	7.73125	0	14.52109	11.09611	0	7.84018	8.28963	0	5.0775	8.70007	11.58311	5.48618	8.4099	8.69083	9.97095	0	8.33233	3.59261	0	0	0	9.72799	4.39232	0	0	0	0	4.60906	0	0	0	12.02271	0	0	0	0	0	0	0	0	0	0	0	0	0	0	0	0	0	0	0	0	0	0	0	0	0	0	2.88421	0	0	0	0	0	0	
0	0	0	0	0	0	0	0	0	0	0	11.08965	0	0	11.90376	0	0	0	0	0	0	0	0	0	0	0	0	0	0	0	0	11.07122	0	0	9.34887	0	11.37336	0	0	10.69908	4.50475	0	10.50741	9.20273	9.92527	7.20849	11.15358	8.7166	4.84137	7.98524	8.45398	10.34192	9.62662	9.33696	0	6.85135	9.70732	0	0	11.67448	7.75985	7.63512	0	10.12838	0	0	0	0	0	0	0	0	0	0	0	6.7339	0	0	0	0	0	0	0	6.5705	0	0	0	0	0	0	0	0	0	0	0	0	0	0	0	0	
0	0	0	0	0	0	0	0	0	0	0	0	12.58895	0	0	0	0	0	0	0	0	0	0	0	0	0	0	0	0	9.52669	0	0	8.26788	0	8.4333	0	11.21684	0	13.33959	10.27481	10.32987	10.36276	8.55091	8.99707	8.66613	4.34996	9.56937	10.08726	8.56395	9.57866	6.88165	10.62234	10.18327	5.93435	6.19643	7.93592	9.67488	0	0	7.53668	7.58224	0	0	0	0	0.51147	0	0	0	0	0	0	0	9.60517	0	0	0	0	0	0	10.86153	0	0	0	0	0	0	0	0	0	0	0	0	0	0	0	0	0	0	0	
0	0	0	0	0	0	0	13.0092	0	0	0	9.78439	0	0	0	0	0	0	0	0	0	0	0	0	0	0	0	8.73074	0	0	5.21607	0	11.44161	0	0	0	7.13519	6.82993	11.23042	10.6155	10.16083	5.2908	0	10.5095	10.34243	9.00046	9.16155	8.84924	10.95873	10.61391	5.07264	9.50615	9.30098	10.19379	7.43911	7.07913	11.1441	5.84013	8.32834	8.82986	6.31982	12.36787	9.90647	0	9.01805	0	0	0	0	0	0	0	0	11.39221	0	0	0	0	0	0	0	0	0	0	0	0	0	0	0	0	0	0	0	0	0	0	0	0	0	0	
12.34528	0	0	0	0	0	0	0	7.57717	0	0	0	8.05586	0	0	0	0	0	0	0	0	0	0	0	13.79621	0	0	7.55638	0	0	0	0	11.67129	0	10.38569	8.52281	0	7.00742	10.3113	7.24854	9.08289	8.88492	5.17568	10.19206	11.89133	9.78568	7.85164	9.52348	6.23657	9.60232	10.37849	6.34088	6.34346	5.98474	11.66284	10.06018	9.25854	6.40223	0	11.58394	5.35755	1.43408	0	7.40724	0	8.63824	0	0	0	0	1.6451	0	0	0	0	0	0	0	0	0	0	0	4.68533	0	0	10.27346	0	0	0	0	0	0	0	0	0	0	0	0	0	0	
0	0	0	10.63282	0	0	0	0	0	0	0	0	0	0	0	0	0	0	8.92133	0	0	10.55946	0	5.47263	11.77172	9.63643	0	0	10.55253	11.21193	11.44676	0	11.61779	0	0	3.86958	0	9.73578	10.07924	8.03597	8.16702	7.44609	8.96195	9.21544	9.02315	10.07908	8.44989	8.74603	9.33978	6.16441	9.57301	8.01442	9.90687	6.79456	8.22684	9.44883	0	4.23531	5.45632	8.40254	5.67843	5.14845	10.74867	0	0	0	0	0	0	5.59198	0	0	7.00264	0	1.43408	8.06735	11.51665	3.86958	0	4.9836	0	0	0	0	0	0	0	0	0	0	0	0	0	0	0	0	0	0	0	0	
8.5427	0	0	0	11.83936	8.53495	0	0	0	0	0	0	0	0	0	0	0	9.00377	0	0	0	0	0	0	9.31457	0	9.4879	9.58277	0	12.93306	9.62833	0	0	0	11.38006	7.86629	6.08863	10.8484	11.45063	7.66744	7.36808	9.82198	9.38272	8.77257	9.23544	9.63964	9.98493	8.66907	9.27669	10.72471	5.45888	10.51581	9.475	6.87214	9.68215	9.36103	8.94831	3.93315	4.94413	9.901	6.90356	0	7.40638	9.10089	12.66918	8.94768	9.3808	0	0	0	0	0	0	0	5.74862	0	0	0	0	0	0	0	0	0	0	0	0	0	0	0	0	0	0	0	0	0.51147	0	0	0	0	
0	0	0	0	0	0	0	0	6.1103	0	8.60394	0	0	0	0	0	7.69022	11.9643	10.54392	5.5663	11.16618	5.89785	0	0	0	12.37875	0	9.03102	5.68715	10.4675	0	10.2213	11.22891	8.50569	8.77064	10.91316	6.84223	7.03786	9.27342	7.74961	8.59945	7.72531	6.36343	8.01953	9.83539	8.31515	7.75799	8.92712	8.18122	7.2621	8.73453	11.57108	7.44081	8.9534	6.30666	5.83588	5.60646	8.67776	0	9.51666	5.96269	7.75985	9.39593	0	7.81339	10.83254	6.32461	0	0	0	0	8.84195	0	0	6.53784	0	0	0	10.12508	0	0	0	0	0	0	7.09534	0	0	0	0	0	0	0	0	0	6.53784	0	0	0	0	
0	10.98449	0	0	1.18688	8.54927	0	0	0	0	0	0	0	0	7.59817	9.80924	0	10.45967	9.66743	0	5.7256	0	6.61915	0	0	0	0	0	9.52068	10.42034	7.35107	0	10.25183	5.47489	11.38213	7.82117	9.52895	10.15982	8.66399	9.30709	8.62984	7.81125	8.27139	7.6525	8.40005	7.76131	9.30587	9.56566	7.63192	8.11825	6.93268	7.94049	8.72957	5.791	8.60318	7.00533	3.86958	9.28001	7.89275	5.33551	0	9.222	0	11.46286	10.58733	2.88421	8.20198	7.11762	0	0	0	0	0	0	0	3.1143	0	0	0	0	8.12152	0	0	0	0	0	0	0	0	0	0	0	0	0	0	0	0	0	0	0	
0	11.91349	8.05124	0	9.84556	0	0	0	0	0	8.55744	0	0	0	10.29107	10.39275	0	8.88673	0	0	7.3271	8.12346	9.35206	9.0088	6.99303	11.13321	0	5.2317	6.55099	7.62657	11.28386	10.58566	11.36769	11.12184	10.35958	5.10963	8.98985	8.55047	7.49711	7.88508	6.93194	7.78446	7.95548	7.09124	7.10356	6.65732	8.24187	8.4791	9.49034	8.65447	7.46826	8.6648	8.36671	8.00479	7.31032	7.59993	8.63385	6.60506	8.28864	7.61706	0	8.24424	9.56577	9.61891	2.22482	2.61032	1.43408	0	0	0	0	7.63149	0	5.43054	10.29499	0	8.48904	0	3.24954	0	0	0	0	4.43816	0	1.89152	0	0	0	0	0	0	0	0	0	0	0	0	0	0	
0	0	0	0	0	0	0	0	6.32461	0	8.15826	12.30836	0	0	0	0	0	0	10.06618	0	8.47703	0	0	0	0	10.03667	10.6323	0	1.18688	9.55144	6.81475	7.6541	9.07266	8.89628	9.37098	8.43921	9.58116	10.2014	8.48549	9.84022	6.86527	8.98109	8.31045	7.93686	7.27925	8.47541	7.08666	8.62954	8.3543	9.3679	8.16695	7.71856	6.87138	8.14834	7.5362	8.82983	8.42726	7.99902	9.29026	7.0392	9.35708	4.84285	8.66571	5.92101	0	10.50223	0	8.37546	0	0	0	0	0	0	0	0	0	0	0	0	0	9.07721	0	0	0	0	0	7.56529	4.96407	7.37596	0	0	0	0	0	0	0	0	0	0	
0	0	0	0	0	0	0	0	12.98933	10.39861	3.73081	3.69096	0	12.14541	0	0	0	8.08102	10.80054	6.994	0	0	2.61032	9.90176	6.74089	5.99952	8.41363	9.26754	4.91867	9.38878	0	9.88127	5.59607	4.85878	4.83199	7.85347	9.27241	6.17493	7.84424	5.81419	6.74676	7.76243	8.19278	7.85642	6.59045	7.80997	8.7996	8.19047	7.0164	8.86222	8.8534	7.25221	7.25484	6.84906	8.0413	8.21368	6.12953	9.68467	9.0216	6.69588	6.38437	8.23353	7.9502	7.05897	1.84548	10.3598	10.09565	0	0	0	0	0	0	6.90356	8.50433	0	0	0	12.80569	0	0	0	0	0	0	0	0	0	6.44224	0	2.50612	0	0	0	0	0	0	0	0	0	
0	0	10.09172	10.09883	0	9.17498	0	2.50612	6.69423	0	0	0	0	0	0	0	0	6.74656	0	0	0	0	0	10.39868	0	8.78881	0	11.74262	7.34986	8.06248	0	9.21292	0	10.67361	6.19865	9.1276	7.63145	7.08292	1.80326	9.09793	9.15744	8.85408	8.25654	7.79867	7.93524	6.57379	7.69858	8.58277	7.70372	8.16342	8.08731	7.51413	8.34686	7.77906	7.98628	6.18472	7.39249	9.18253	8.02369	7.165	9.59923	8.83955	2.38761	9.11866	4.66395	0	0	6.60732	4.44963	6.69731	4.96686	0	7.93313	0	1.64108	0	5.6564	0	0	0	0	0	4.98106	0	0	0	0	0	0	0	0	0	0	0	0	0	0	0	0	0	
0	0	0	0	0	0	0	0	0.51147	0	10.33404	9.12418	8.87557	0	12.46032	0	0	7.93564	0	14.65626	0	0	0	0	0	0	5.16565	3.95122	6.88403	0	7.87939	8.25545	5.91787	8.20985	6.80018	8.02115	8.8689	7.84313	8.41278	8.75869	9.02503	6.12201	6.13196	7.49304	6.81898	7.92227	5.60655	6.58102	8.1551	7.03977	7.10982	9.33706	8.72477	7.13707	7.43294	6.89248	6.15874	7.60089	8.96758	7.44169	7.93256	5.7787	8.9269	7.56928	0.88838	5.21	5.74862	4.72766	0	0	7.90779	0	5.53719	2.60116	0	13.07933	0	0	0	0	0	0	0	0	0	0	0	0	6.8023	0	0	0	0	0	0	0	0	0	0	0	
0	0	0	0	0	1.18688	0	0	0	9.24343	0	0	8.51612	0	0	0	0	0	0	0	0	0	0	9.0003	0	0	8.82064	0	0	5.02001	6.72365	0	0	7.21896	9.04736	7.69615	4.2053	0	0	8.36418	4.4754	10.13985	5.56389	4.82685	9.54248	6.86652	6.65037	6.92956	9.49219	5.39724	7.5318	8.65095	6.92029	6.43931	8.64515	7.22638	8.09112	6.91564	5.00445	6.3869	6.80886	5.37514	5.40493	10.56559	7.67089	6.71567	8.14531	8.25789	7.00479	0	0	13.90058	0	5.04067	0	2.27196	10.2115	0	0	0	0	0	0	0	11.79789	0	0	3.54081	0	0	0	8.67476	0	0	0	0	6.82452	0	0	0	
0	0	0	0	0	0	0	0	0	0	0	10.98994	0	0	0	0	0	5.25048	11.1635	0	0	0	0	2.27196	0	0	0	7.77675	0	0	0	0	6.56002	8.63216	7.45394	0	5.03766	8.63849	4.21931	5.2307	6.97833	8.98923	7.31193	2.88564	0	9.99937	6.08246	5.41488	6.9989	7.08139	8.22149	10.497	8.3824	5.8676	7.34711	6.91487	6.83887	7.63453	7.16876	9.22687	7.01044	4.20557	0	6.28452	9.23883	0	7.598	6.56403	10.74224	8.06141	0	0	0	1.43408	0	9.95243	0	9.15466	0	0	0	10.35236	0	0	0	0	0	0	0	0	0	0	0	0	0	0	0	0	0	0	
0	0	0	0	7.94826	0	0	0	0	0	9.43476	0	0.51147	0	0	10.68186	0	0	6.36985	0	5.71818	4.92418	0	0	0	8.40822	5.48639	0	0	6.28409	0	8.7277	11.25828	0	0	7.68128	10.87402	14.48025	10.75117	11.59084	6.31652	8.27583	6.76461	7.79068	5.62679	8.45402	14.40205	4.38683	8.24574	8.70245	9.04281	7.45781	8.74212	9.33922	5.74402	7.03692	7.21664	8.26459	4.82399	8.29398	4.77097	8.26316	5.52215	7.66179	8.56702	0	7.7777	9.97924	0	1.18688	8.2757	8.95141	6.65952	9.40423	10.84719	0	4.26758	0	0	0	7.1439	0	0	6.2779	0	3.82696	0	0	0	9.16003	0	0	0	0	0	0	0	0	0	0	
0	0	0	0	0	0	0	0	0	0	0	6.00909	6.28121	0	0	10.3023	0	0	0	0.51147	2.96505	0	1.18688	0	0	0	0	0	0	4.58101	0	6.00257	0	0	0	10.68782	0	0	0	5.65426	3.61632	5.08819	5.49074	5.25122	7.60662	3.56883	5.71374	7.96475	6.87951	4.7631	0	0	7.85231	9.83876	3.24954	6.97636	7.84827	6.56971	6.68471	6.57786	8.53616	6.69413	9.00356	7.39883	5.3491	7.84265	4.84095	8.27651	0	9.65398	0	6.25187	8.0389	11.36524	11.29637	0	6.00909	0	4.75261	0	0	0	0	0	0	0	0	0	0	0	0	0	0	0	0	0	0	0	0	0	
0	0	0	9.59019	0	0	0	0	0	0	0	0	0	0	0	0	0	0	0	0	0	0	8.21515	0	0	0	7.61583	7.79012	7.4268	8.27186	0	0	4.2053	0	0	12.22243	0	3.59261	5.13104	2.70812	6.31618	0	1.43408	0	2.65891	9.5325	9.32071	8.2857	5.32802	5.33926	5.30978	6.69457	7.3199	8.47722	8.2582	6.85404	7.95159	6.53281	7.17233	7.42866	8.25839	7.00538	8.55123	8.74316	7.44896	8.65793	7.13796	9.15466	9.14802	7.54546	4.99222	9.01974	5.1207	2.35387	8.43219	0	12.61912	0	5.5549	11.207	0	4.42126	2.13891	0	0	0	0	0	0	0	0	0	0	0	0	0	0	7.86102	0	10.5968	
0	0	6.07675	0	0	0	0	0	0	0	0	0	0	0	0	0	0	0	0	0	10.30667	0	0	0	0	8.65357	0	8.36928	0	9.27151	0	10.74832	9.76335	0	5.70221	0	0	5.24042	6.61628	0	4.92418	0	0	8.47578	11.41914	9.7704	2.54758	6.67634	8.17323	7.47359	9.32221	10.51526	6.39934	6.54099	6.43364	9.5737	0.88838	6.24119	8.40726	6.09358	2.59131	5.41347	5.34904	3.99239	5.20692	6.56372	5.02059	0	8.50043	5.86663	3.63599	8.06387	6.92577	8.84486	0	0	6.27987	0	4.03313	4.75261	0	6.52577	0	0	0	0	0	0	4.17299	0	0	0	0	0	0	0	3.1143	0	0	0	
0	0	0	0	3.37319	0	0	0	0	0	0	0	8.94145	0	0	0	0	0	0	0	6.262	4.90382	0	0	0	0	0	6.78532	0	0	0	0.88838	10.04541	0	0	0	8.93143	0	3.78304	7.76833	0	0	5.66247	0	8.55581	0	5.43649	8.90093	5.51352	6.27224	7.19925	4.76276	9.53912	5.14021	7.62726	2.54893	0	5.75549	4.96561	2.62057	8.04234	7.04703	8.60816	7.59442	5.3602	8.49197	6.44589	4.88026	7.75193	6.90599	7.13938	0	0	8.98932	0	10.1968	6.74582	6.18808	0	0	0	0	0	0	7.24449	5.3425	0	0	0	0	0	0	0	0	0	0	8.59444	0	0	0	
0	0	0	0	0	0	0	0	5.61721	0	0	0	6.3321	0	0	0	7.51335	5.40179	1.43408	0	0	0	0	0	6.55658	0	0	0	0	0	0	0	0	0	9.53581	8.04428	0	9.21272	0	0	0	0	7.85042	11.81657	0	10.77513	8.75794	8.56881	0	5.59605	0	9.81743	8.74798	7.65941	0	5.2325	0	7.55713	0	5.69601	8.41095	5.0592	5.95009	7.58544	5.64417	6.67427	6.74658	5.65257	9.47759	7.54499	8.96148	3.57898	6.54132	7.08181	7.89104	5.10317	9.67459	8.34354	0	0	7.33852	3.91098	9.71221	0	5.20546	2.27196	6.35493	7.19507	4.9836	0	5.25325	0	0	8.85895	0	0	0	0	0	0	
0	0	0	0	0	0	0	0	0	0	0	0	0	0	0	0	0	0	0	0	6.30272	0	0	0	0	0	0	0	0	5.16565	0	0	0	0	5.54015	0	0	0	0	0	9.61702	0	9.09416	8.80262	5.94936	0	0	6.44928	4.13715	6.14075	9.93309	0	0	6.82472	3.6789	8.0747	0	0	7.95028	8.67801	12.6752	5.71378	3.15064	6.46674	7.10113	7.42079	7.63841	6.16122	7.25634	5.82542	10.37177	7.63366	4.52719	5.86358	3.79721	0	2.70444	0	7.64567	0	0	0	1.43408	0	0	0	8.3365	0	0	0	0	0	0	0	0	0	0	0	0	0	
0	0	0	0	8.61181	0	0	0	0	0	0	7.42323	0	4.44963	0	0	0	0	0	0	0	0	0	0	0	0	0	0	0	0	0	0	0	0	0	0	0	0	0	6.40119	0	0	9.09304	0	5.73556	0	1.13598	0	0	0	1.43408	0	0	0	9.85437	0	0	0	0	9.33848	9.33506	0.58698	7.57712	7.09799	7.85729	0	0.91456	4.78098	9.65509	5.98671	6.32429	9.18532	9.0738	5.58107	0	0	4.57386	5.37245	6.56566	5.19946	3.54081	7.41606	1.43408	0	0	0	4.58368	10.16725	0	5.19255	0	0	0	0	9.20857	0	0	0	0	0	
0	0	0	0	0	0	0	0	0	0	0	0	0	0	0	0	0	7.99733	0	0	0	8.72785	9.60839	0	0	0	9.54241	0	0	0	0	0	0	6.79865	7.61581	0	0	0	0	0	0	0	0	0	0	0	0	0	0	0	13.81746	0	0	0	0	7.28977	10.08004	9.01369	7.28047	1.6451	0	6.96672	5.51509	0	8.72426	7.35421	5.43824	7.57108	4.75771	4.4399	5.87041	5.44251	6.39241	6.20919	9.03496	6.58156	5.9497	0	8.7636	6.57527	0	0	8.26733	0	5.85851	9.29991	5.66639	1.9923	0	9.78084	0	0	0	0	0	0	8.941	0	0	0	
0	0	0	0	0	0	0	0	7.11105	0	0	0	0	0	0	0	0	0	0	0	0	0	0	0	0	0	0	1.18688	0	1.18688	0	0	0	0	0	0	0	0	0	10.04748	0	0	0	0	0	6.51116	0	6.22143	4.33263	0	0	9.94747	0	0	0	0	0	0	8.82454	0	12.01327	0	8.695	9.58719	7.80499	3.91365	6.24975	0	0	7.75478	7.89779	4.17163	9.01336	7.94219	9.05407	11.00559	2.23873	0	0	7.2271	8.06068	7.9591	10.47096	8.4684	7.31572	0	0	0	0	0	8.46144	0	11.81439	0	0	0	0	0	0	0	
0	0	0	0	0	0	0	0	0	0	0	0	0	7.96787	0	0	0	0	0	1.9923	0	0	0	0	0	2.78681	0	0	0	0	0	0	0	0	7.33852	0	0	6.94717	0	0	9.32992	0	5.09557	11.02542	1.18688	0	0	0	0	0	5.26479	5.78248	0	0	5.93074	0	0	0	0	8.07371	6.03011	0	5.49519	8.64439	6.63986	5.92336	10.53407	3.04159	0	5.66369	6.585	0	5.76541	6.77178	8.74512	7.40796	4.62035	5.15236	6.84921	4.75898	0	7.0909	8.47358	4.09436	3.70979	0	0	6.22143	3.14589	0	8.53445	0	0	6.67633	0	0	0	0	5.00131	0	
0	0	0	0	0	0	0	8.96989	0	0	0	0	0	0	0	0	0	0	0	0	0	0	10.32353	0	0	0	0	0	9.65406	0	0	0	0	0	9.77047	0	0	1.43408	0	0	0	2.13079	0	0	0	0	8.74344	0	0	0	0	0	10.39229	0	0	0	3.75945	3.73773	0	5.78088	7.15032	0	0	7.2043	0	5.79359	0	8.2551	7.05675	10.71108	10.21279	6.86118	7.55964	5.63354	7.37596	6.57772	6.85132	3.86958	6.20255	6.90218	7.10912	7.6427	7.70486	0	5.17976	0	2.79855	5.34163	0	0	9.28043	10.12693	0	0	0	0	9.47414	0	0	0	
0	0	0	0	0	0	0	0	0	0	0	0	0	0	0	0	0	0	0	0	0	0	0	0	0	0	0	0	0	0	0	0	0	0	0	0	0	6.18362	0	0	0	0	0	0	0	0	0	0	0	5.04067	0	5.00951	0	4.30316	0	0	3.37319	6.03852	5.14845	0	3.1835	0	9.43919	12.64992	7.95556	6.54095	0	0	8.00258	7.41851	0	9.73842	6.51903	9.8429	7.20605	6.00533	0	4.58037	5.62888	6.34633	4.52492	9.78856	5.85851	0	0	0	5.33974	0	0	0	0	0	7.21925	7.7151	5.82641	0	0	0	0	0	
0	0	0	0	0	0	0	8.77065	0	0	0	0	0	0	0	0	0	0	0	0	0	0	0	0	0	0	0	0	0	0	0	0	0	0	0	0	0	5.49825	0	7.64493	0	0	0	0	0	0	0	0	0	0	4.34206	0	0	12.74268	7.51557	0	0	7.20967	9.13623	10.36043	0	1.43408	0	7.52605	8.67601	9.71669	0	0	8.58526	5.77069	8.7701	4.94537	4.66094	9.01909	6.85666	8.31839	6.8315	0	7.92666	9.10301	8.41718	9.43299	4.52974	4.53457	6.95744	0	0	1.32848	0	0	9.35638	0	0	0	0	3.68567	0	0	0	0	
0	0	0	0	0	0	0	0	0	0	0	0	0	0	0	0	0	0	0	0	0	0	0	0	0	9.82014	0	0	0	0	0	0	0	0	0	0	0	7.7879	0	0	0	0	0	0	9.33848	0	0	0	10.42168	0	0	0	0	0	0	2.39377	0	0	0	0	0	0	8.58323	0	0	5.5343	7.81704	6.92054	0	7.11809	2.8332	0	6.05753	0	9.31842	6.37555	2.79855	6.03435	3.90867	6.31523	4.10208	0	5.33883	0	9.21582	6.60665	0	0	0	0	8.18804	0	0	0	0	0	0	0.88838	0	0	
0	0	0	0	0	0	0	0	0	0	0	0	3.78304	0	0	0	0	0	0	0	0	0	0	0	0	0	0	0	0	0	0	0	0	0	0	0	0	0	0	0	0	0	0	0	0	0	0	10.20423	0	0	0	0	13.02416	0	0	0	0	0	0	4.32051	0	0	0	3.84941	3.86958	6.33225	9.63574	0	11.08485	0	0	8.91626	0	0	0	2.83195	7.11898	8.92295	6.59833	5.45391	0	5.74001	6.47541	4.60081	4.68614	2.74872	7.27359	0	6.29364	0	0	0	0	4.94426	0	0	0	0	0	0	
0	0	0	0	0	0	0	0	0	0	0	0	0	0	0	0	0	0	0	0	0	0	0	0	0	0	0	0	0	0	0	0	10.15123	0	0	0	0	0	0	0	7.14823	0	0	0	0	0	0	0	0	0	0	0	0	0	0	0	6.74064	0	0	0	10.0201	0	0	6.34007	0	7.10429	0	0	8.40175	0	0	0	8.26589	0	0	3.99037	0	0	5.334	9.23836	8.18675	5.69037	9.73554	0	3.82696	0	2.39377	0	0	1.6451	7.62346	6.73018	5.8583	0	0	0	0	0	0	0	
0	0	0	0	0	0	0	1.06946	0	0	0	0	0	0	0	0	0	0	0	0	0	0	0	0	0	0	0	6.9785	0	0	0	0	0	0	0	0	0	0	0	0	0	0	0	0	0	0	0	0	0	0	0	0	0	0	0	0	0	0	0	0	0	0	0	0	0	0	0	0	0	0	2.86187	5.6122	5.67888	1.18688	0	8.4753	7.61079	0	9.58353	4.79745	0	7.00421	0	7.45856	2.96505	9.09247	0	8.70865	0	1.82912	0	5.0592	0	0	0	9.11645	0	0	0	0	
0	0	0	0	0	0	0	0	0	0	0	0	0	0	0	0	0	0	0	0	8.21927	0	0	0	0	0	0	0	0	0	2.79855	0	0	0	0	0	0	0	0	0	0	0	0	0	0	0	0	0	0	0	0	0	0	0	0	0	0	0	0	10.61883	0	0	0	0	6.65212	8.9576	5.43054	4.90998	0	0	0	0	0	0	0	6.2858	5.38287	1.18688	0	0	3.33214	0	0	0	4.48534	7.35736	7.42651	6.82059	8.2955	0	7.69911	6.68829	6.42805	5.18266	0	6.33225	0	0	0	0	
0	0	0	0	0	0	0	0	0	0	0	0	0	0	0	0	0	0	0	0	0	0	0	0	0	0	0	0	0	0	0	0	0	0	0	0	0	0	0	0	0	0	0	0	0	0	0	0	6.08339	0	0	0	0	0	0	0	0	0	0	0	0	0	0	0	0	0	0	0	0	8.81902	11.88342	10.1046	7.63161	0	9.73265	5.90022	0	9.08853	0	0	0	8.42796	7.22714	0	4.51465	0	6.22143	0	0	6.37344	0	3.46663	5.58274	0	5.18266	0	0	0	0	0	
0	0	0	0	0	0	0	0	0	0	0	0	0	0	0	7.53595	0	0	0	0	0	0	0	0	0	0	0	0	0	0	0	0	0	0	6.5705	0	0	0	0	0	0	0	0	0	0	0	0	0	0	0	0	0	0	0	0	0	0	0	0	0	0	0	0	0	0	0	0	4.30184	0	0	0	0	0	6.70604	0	0	0	1.13598	0	0	0	4.79745	0	0	5.15106	0	8.46653	3.31064	7.37226	9.45885	8.93895	0	10.42571	0	0	0	0	0	0	0	
0	0	0	0	0	0	0	0	0	0	0	0	0	0	0	0	0	0	0	0	0	0	0	0	0	0	0	0	0	0	0	0	0	0	0	0	0	0	0	0	0	0	0	0	0	0	0	0	7.97032	6.65821	0	0	0	0	0	0	0	0	0	11.24519	0	0	0	0	0	6.86353	0	0	0	0	0	8.22339	0	0	0	0	0	11.97791	0	5.41407	12.20994	0	0	8.77345	0	0	0	0	0	0	0	0	0	0	0	0	0	0	0	0	
0	0	0	0	0	0	0	0	0	0	0	0	0	0	0	0	0	0	0	0	0	0	0	0	0	0	0	0	0	0	0	0	0	0	0	0	0	0	0	0	0	0	0	0	0	0	0	0	0	0	0	0	0	0	0	2.51357	0	0	13.26795	0	0	0	0	0	9.28928	0	0	0	0	0	0	4.10183	0	7.64799	0	0	5.73716	0	0	0	3.35738	5.39338	4.41479	8.31276	0	0	0	8.37901	10.31151	0	4.02849	9.52335	9.80787	0	0	0	0	0	0	0	
0	0	0	0	0	0	0	0	0	0	0	0	0	0	0	0	0	0	0	0	0	0	0	0	0	0	0	0	0	0	0	0	0	0	0	0	0	0	0	0	0	0	0	0	0	0	0	0	0	0	0	0	0	0	0	0	0	0	0	0	0	0	0	0	0	0	0	0	0	0	0	0	0	0	0	0	0	0	0	0	0	0	0	0	0	0	0.88838	0	0	0	0	9.39428	0	0	0	0	0	0	0	0	
0	0	0	0	0	0	0	0	0	0	0	0	0	0	0	0	0	0	0	0	0	0	0	0	0	0	0	0	0	0	0	0	0	0	0	0	0	0	0	0	0	0	0	0	0	0	0	0	0	0	0	0	0	0	0	0	0	0	0	0	0	0	0	0	0	0	0	0	0	0	8.70883	0	0	0	0	0	5.60465	0	0	8.76597	0	0	0	9.71377	0	0	0	2.13891	0	0	5.56879	12.42101	0	0	0	0	0	0	0	0	
0	0	0	0	0	0	0	0	0	0	0	0	0	0	0	0	0	0	0	0	0	0	0	0	0	0	0	0	0	0	0	0	0	0	0	0	0	0	0	0	0	0	0	0	0	0	0	0	0	0	0	0	0	0	0	0	0	0	0	4.2053	0	0	0	0	0	0	0	0	0	0	6.33985	0	0	0	0	0	0	0	0	0	0	0	0	0	0	0	6.05597	0	0	0	0	0	0	0	0	0	0	0	0	0	
0	0	0	0	0	0	0	0	0	0	0	0	0	0	0	0	0	0	0	0	0	0	0	0	0	0	0	0	0	0	0	0	0	0	0	0	0	0	0	0	0	0	0	0	0	0	0	0	0	0	0	0	0	0	0	0	0	0	0	0	0	0	0	0	0	0	0	0	0	8.11684	1.18688	0	0	0	0	0	0	0	7.21173	0	0	0	0	0	0	0	0	0	7.29618	5.2325	0	0	0	0	0	0	0	0	0	0	
0	0	0	0	0	0	0	0	0	0	0	0	0	0	0	0	0	0	0	0	0	0	0	0	0	0	0	0	0	0	0	0	0	0	0	0	0	0	0	0	0	0	0	0	0	0	0	0	0	0	0	0	0	0	0	0	0	0	0	0	0	0	0	0	0	0	0	0	0	0	0	0	0	0	0	0	0	0	0	0	0	0	0	0	0	0	3.04159	0	0	0	0	0	0	0	0	0	0	0	0	0	
0	0	0	0	0	0	0	0	0	0	0	0	0	0	0	0	0	0	0	0	0	0	0	0	0	0	0	0	0	0	0	0	0	0	0	0	0	0	0	0	0	0	0	0	0	0	0	0	0	0	0	0	0	0	0	0	0	0	9.22303	0	0	0	0	0	0	0	0	0	0	0	0	0	0	0	0	7.65715	0	0	0	0	0	0	0	0	0	0	0	0	0	0	0	0	0	0	0	0	0	0	0	0	
0	0	0	0	0	0	0	0	0	0	0	0	0	0	0	0	0	0	0	0	0	0	0	0	0	0	0	0	0	0	0	0	8.30135	0	0	0	0	0	0	0	0	0	0	0	0	0	0	0	0	0	0.88838	0	0	0	0	0	0	0	0	0	0	0	0	0	0	0	0	0	0	0	0	0	0	0	0	7.28047	0	0	0	0	1.9923	0	0	0	0	0	0	0	0	0	0	0	0	0	0	0	0	0	0	0	
0	0	0	0	0	0	0	0	0	0	0	0	0	0	0	0	0	0	0	0	0	0	0	0	0	0	0	0	0	0	0	0	0	0	0	0	0	0	0	0	0	0	0	0	0	0	0	0	0	0	0	0	0	0	0	0	0	0	0	0	0	0	0	0	0	0	0	0	0	0	0	0	0	0	0	0	0	0	0	0	0	0	0	0	0	0	0	0	0	0	0	0	0	0	0	0	0	0	0	0	
0	0	0	0	0	0	0	0	0	0	0	0	0	0	0	0	0	0	0	0	0	0	0	0	0	0	0	0	0	0	0	0	0	0	0	0	0	0	0	0	0	0	0	0	0	0	0	0	0	0	0	0	0	0	0	0	0	0	0	0	0	0	0	0	0	0	0	0	0	0	0	0	0	0	0	0	0	0	0	0	0	0	0	0	0	0	0	0	0	0	0	0	0	0	0	0	0	0	0	0	
0	0	0	0	0	0	0	0	0	0	0	0	0	0	0	0	0	0	0	0	0	0	0	0	0	0	0	0	0	0	0	0	0	0	0	0	0	0	0	0	0	0	0	0	0	0	0	0	0	0	0	0	0	0	0	0	0	0	0	0	0	0	0	0	0	0	0	0	0	0	0	0	0	0	0	0	0	0	0	0	0	0	0	0	0	0	0	0	0	0	0	0	0	0	0	0	0	0	0	0	
0	0	0	0	0	0	0	0	0	0	0	0	0	0	0	0	0	0	0	0	0	0	0	0	0	0	0	0	0	0	0	0	0	0	0	0	0	0	0	0	0	0	0	0	0	0	0	0	0	0	0	0	0	0	0	0	0	0	0	0	0	0	0	0	0	0	0	0	0	0	0	0	0	0	0	0	0	0	0	0	0	0	0	0	0	0	0	0	0	0	0	0	0	0	0	0	0	0	0	0	
0	0	0	0	0	0	0	0	0	0	0	0	0	0	0	0	0	0	0	0	0	0	0	0	0	0	0	0	0	0	0	0	0	0	0	0	0	0	0	0	0	0	0	0	0	0	0	0	0	0	0	0	0	0	0	0	0	0	0	0	0	0	0	0	0	0	0	0	0	0	0	0	0	0	0	0	0	0	0	0	0	1.43408	0	0	0	0	0	0	0	0	0	0	0	0	0	0	0	0	0	0	
0	0	0	0	0	0	0	0	0	0	0	0	0	0	0	0	0	0	0	0	0	0	0	0	0	0	0	0	0	0	0	0	0	0	0	0	0	0	0	0	0	0	0	0	0	0	0	11.19736	0	0	0	0	0	0	0	0	0	0	0	0	0	0	0	0	0	0	0	0	0	0	0	0	0	0	9.10673	0	0	0	0	0	0	0	0	0	0	0	0	0	0	0	0	0	0	0	0	0	0	0	0	0	
