0	0	0	0	0	0	0	0	0	0	0	0	0	0	0	0	0	0	0	0	0	0	0	0	0	0	0	0	0	0	0	0	0	0	0	0	0	0	0	0	0	0	0	0	0	0	0	0	0	0	0	5.76444	0	0	0	0	0	0	0	0	0	0	0	0	0	0	0	0	0	0	0	0	0	0	0	0	0	0	0	0	0	0	0	0	0	0	0	0	0	0	0	0	0	0	0	0	0	0	0	0	
0	0	0	0	0	0	0	0	0	0	0	0	0	0	0	0	0	0	0	0	0	0	0	0	0	0	0	0	0	0	0	0	0	0	0	0	0	0	0	0	0	0	0	0	0	0	0	12.676	0	0	0	0	0	0	0	0	0	0	0	0	0	0	0	6.39054	0	0	0	0	0	0	0	0	0	0	0	0	0	0	0	0	0	0	0	0	0	0	0	0	0	0	0	0	0	0	0	0	0	0	0	0	
0	0	0	0	0	0	0	0	0	0	0	0	0	0	0	0	0	0	0	0	0	0	0	0	0	0	0	0	0	0	0	0	0	0	0	0	0	0	0	0	0	0	0	0	0	0	0	0	0	0	0	0	0	0	9.28869	0	0	0	0	0	0	0	0	0	0	0	0	0	0	0	0	0	0	0	0	0	0	0	0	0	0	0	0	0	0	0	0	0	0	0	0	0	0	0	0	0	0	0	0	0	
0	0	0	0	0	0	0	0	0	0	0	0	0	0	0	0	0	0	0	0	0	0	0	0	0	0	0	0	0	0	0	0	0	0	0	0	0	0	0	0	0	0	0	0	0	0	15.23188	8.52058	0	0	0	0	0	0	0	0	0	0	0	0	0	0	0	0	0	0	0	0	0	0	0	0	0	0	0	0	0	0	0	0	0	0	0	0	0	0	0	0	0	0	0	0	0	0	0	0	0	0	0	0	
0	0	0	0	0	0	0	0	0	0	0	0	0	0	0	0	0	0	0	0	0	0	0	0	0	0	0	0	0	0	0	0	0	0	0	0	0	5.41302	0	0	0	0	0	11.64156	0	0	0	0	0	0	0	0	0	0	0	0	0	0	0	0	0	0	0	0	0	0	0	0	0	0	0	0	0	0	0	0	0	0	0	0	0	0	0	0	0	0	0	0	0	0	0	0	0	0	0	0	0	0	0	0	
0	0	0	0	0	0	0	0	0	0	0	0	0	0	0	0	0	0	0	0	0	0	0	0	0	0	0	0	0	0	0	0	0	0	0	0	0	0	0	0	0	0	0	0	0	0	0	0	0	0	0	0	0	0	0	0	0	0	0	0	0	0	0	0	0	0	0	0	0	0	0	0	7.35977	0	0	0	0	0	0	0	0	0	0	0	0	0	0	0	0	0	0	0	0	0	0	0	0	0	0	0	
0	0	0	0	0	0	0	0	0	0	0	0	0	0	0	0	0	0	0	0	0	0	0	0	0	0	0	0	0	0	0	0	0	0	0	0	0	0	0	0	0	0	0	0	0	0	0	0	0	0	0	0	0	0	0	0	0	0	0	0	0	0	0	0	0	0	0	0	0	0	0	0	0	0	11.1257	0	0	0	0	0	0	0	0	0	0	0	0	0	0	0	0	0	0	0	0	0	0	0	0	0	
0	0	0	0	0	0	0	0	0	0	0	0	0	0	0	0	0	0	0	0	0	0	0	0	0	0	0	0	0	0	0	0	0	0	0	0	0	0	0	0	0	0	0	0	0	0	0	0	0	0	0	9.29586	0	0	0	11.12303	0	0	10.85959	0	0	0	0	0	0	0	0	0	0	0	0	0	0	0	0	0	0	0	0	0	0	0	0	0	0	0	0	0	0	0	0	0	0	0	0	0	0	0	0	0	
0	0	0	0	0	0	0	0	0	0	0	0	0	0	0	0	0	0	0	0	0	0	0	0	0	0	0	0	5.87787	0	0	0	0	0	0	0	0	0	0	0	0	0	0	0	0	0	0	0	0	0	0	0	0	0	0	0	0	0	0	0	0	0	0	0	0	0	0	9.89741	0	0	0	0	0	0	0	0	0	0	0	0	0	0	0	0	0	0	0	0	0	0	0	0	0	0	0	0	0	0	0	0	
0	0	0	0	0	0	0	0	0	0	0	0	0	0	0	0	0	0	0	0	0	0	0	0	0	0	0	0	0	0	0	0	0	0	0	0	0	0	0	0	0	0	0	0	0	0	0	0	0	0	0	0	0	0	0	9.67409	0	0	0	0	0	0	0	0	0	0	0	0	0	0	0	0	0	0	0	0	0	0	0	0	0	0	0	0	0	0	0	0	0	0	0	0	0	0	0	0	0	0	0	0	
0	0	0	0	0	0	0	0	0	0	0	0	0	0	0	0	0	0	0	0	0	0	0	0	0	0	0	0	0	0	0	0	0	0	0	0	0	0	0	0	0	0	0	0	0	0	0	0	0	0	0	0	0	0	0	0	0	0	0	0	0	0	0	0	0	0	0	10.07544	0	0	0	0	0	0	0	0	0	0	0	0	0	0	0	0	0	0	0	0	0	0	0	0	0	0	0	0	0	0	0	0	
0	0	0	0	0	0	0	0	0	0	0	0	0	0	0	0	0	0	0	0	0	0	0	0	0	0	0	0	0	0	0	0	0	0	0	0	0	0	0	0	0	0	0	0	0	0	0	0	0	0	0	0	4.72295	0	0	0	6.2702	0	0	0	0	0	0	0	0	0	0	0	0	0	0	4.97685	0	0	0	0	0	0	0	0	0	0	0	0	0	0	0	0	0	0	0	0	0	0	0	0	0	0	0	0	
0	0	0	0	0	0	0	0	0	0	0	0	0	0	0	0	0	0	0	0	0	0	0	0	0	0	0	0	0	0	0	0	0	0	0	0	0	0	0	0	0	0	0	0	0	0	0	0	10.22842	0	0	0	11.42418	0	0	0	0	0	0	0	0	0	0	0	0	0	0	6.27695	0	0	0	0	0	0	0	0	0	0	0	0	0	0	0	0	0	0	0	0	0	0	0	0	0	0	0	0	0	0	0	0	
0	0	0	0	0	0	0	0	0	0	0	0	0	0	0	0	0	0	0	0	0	0	0	0	0	0	0	0	0	0	13.15401	0	0	0	0	0	0	0	0	11.13164	0	0	0	0	0	0	0	9.2448	0	0	0	0	0	0	0	0	0	5.59467	19.28484	0	9.3113	0	0	11.31024	0	0	0	0	0	0	0	0	0	0	0	0	0	0	0	0	0	0	0	0	0	0	0	0	0	0	0	0	0	0	0	0	0	0	0	0	
0	0	0	0	0	0	0	0	0	0	0	0	0	0	0	0	0	0	0	0	0	0	0	0	0	0	0	0	0	0	0	0	0	0	0	0	0	0	0	0	0	0	0	0	0	0	0	0	0	0	0	0	0	0	5.93734	0	0	0	0	0	0	0	0	0	0	0	0	0	0	0	0	0	0	0	17.1565	0	0	0	0	0	0	0	0	0	0	0	0	0	0	0	0	0	0	0	0	0	0	0	0	0	
0	0	0	0	0	0	0	0	0	0	0	0	0	0	0	0	0	0	0	0	0	0	0	0	0	0	0	0	0	0	0	0	0	0	0	0	0	0	0	0	0	0	11.67291	0	0	0	0	0	0	0	0	0	9.57964	0	0	0	0	0	0	11.54779	0	0	0	0	0	0	0	0	0	0	0	3.30642	0	0	0	0	0	0	0	0	0	0	0	0	0	0	0	0	0	0	0	0	0	0	0	0	0	0	0	0	
0	0	0	0	0	0	0	0	0	0	0	0	0	0	0	0	0	0	0	0	0	0	0	0	0	0	0	0	0	0	0	0	0	0	0	0	0	0	0	0	0	0	0	6.26186	0	0	0	12.06064	0	0	0	9.51088	0	0	0	0	0	0	4.48787	0	0	0	0	0	0	0	0	0	0	0	0	0	0	0	0	0	0	0	0	0	0	0	0	0	0	0	0	0	0	0	0	0	0	0	0	0	0	0	0	0	
0	0	0	0	0	0	0	0	0	0	0	0	0	0	0	0	0	0	0	0	0	0	0	0	0	0	0	0	0	0	0	0	0	0	0	0	0	0	0	0	0	0	8.77176	0	0	0	0	0	0	0	0	0	0	0	0	8.50539	0	0	0	0	0	0	0	0	0	0	0.70947	0	1.37189	0	0	0	0	0	0	0	0	0	0	0	0	0	0	0	0	0	0	0	0	0	0	0	0	0	0	0	0	0	0	0	
0	0	0	0	0	0	0	0	0	0	0	0	0	0	0	0	0	0	0	0	0	0	0	0	0	0	0	0	0	0	0	0	0	0	0	0	0	0	0	0	12.01446	0	0	0	0	0	0	0	0	0	0	0	0	0	0	0	0	0	0	0	0	0	0	0	0	0	0	0	0	0	0	0	0	0	0	0	0	0	0	0	0	0	0	0	0	0	0	0	0	0	0	0	0	0	0	0	0	0	0	0	
0	0	0	0	0	0	0	0	0	0	0	0	0	0	0	0	0	0	0	0	0	0	0	0	0	0	0	0	0	0	0	0	0	0	0	0	0	0	0	0	0	0	0	0	0	0	0	6.68585	0	0	7.30539	0	0	0	0	0	0	0	0	0	0	0	0	0	0	0	0	0	0	0	0	0	0	0	0	0	8.757	0	0	0	0	0	0	0	0	0	0	0	0	0	0	0	0	0	0	0	0	0	0	0	
0	0	0	0	0	0	0	0	0	0	0	0	0	0	0	0	0	0	0	0	0	0	0	0	0	0	0	0	0	0	0	0	0	0	0	0	0	0	0	0	0	0	0	0	0	0	0	7.06352	0	0	8.80184	10.93174	0	0	0	0	8.03606	0	9.18466	0	10.10445	0	0	0	0	11.29974	0	0	0	0	0	0	0	0	0	0	0	0	0	0	0	0	0	0	0	0	0	0	0	0	0	0	0	0	0	0	0	0	0	0	
0	0	0	0	0	0	0	0	0	0	0	0	0	0	0	0	0	0	0	0	0	0	0	0	0	0	0	0	0	0	0	0	0	0	0	0	0	0	0	0	0	7.43848	0	0	0	0	0	0	0	0	0	0	0	0	0	0	0	0	0	0	0	0	0	0	0	0	0	0	0	0	0	0	0	0	0	0	0	0	0	0	0	0	0	0	0	0	0	0	0	0	0	0	0	0	0	0	0	0	0	0	
0	0	0	0	0	0	0	0	0	0	0	0	0	0	0	0	0	0	0	0	0	0	0	0	0	0	0	0	0	0	0	4.30298	0.96554	0	0	0	0	0	0	0	0	0	0	0	0	0	0	7.69439	0	0	0	0	0	0	0	0	0	0	0	0	0	0	0	7.79066	0	0	0	7.65401	0	0	0	0	0	0	0	0	0	0	0	0	0	0	0	0	0	0	0	0	0	0	0	0	0	0	0	0	0	0	0	0	
0	0	0	0	0	0	0	0	0	0	0	0	0	0	0	0	0	0	0	0	0	0	0	0	0	0	0	0	0	0	0	9.31339	0	0	0	0	0	0	0	0	0	0	0	0	0	0	0	0	0	0	0	0	0	0	0	0	0	0	0	0	0	0	0	0	0	0	0	0	0	0	0	0	0	0	0	0	0	0	0	0	0	0	0	0	0	0	0	0	0	0	0	0	0	0	0	0	0	0	0	0	
0	0	0	0	0	0	0	0	0	0	0	0	0	0	0	0	0	0	0	0	0	0	0	0	0	0	0	0	0	0	0	0	0	0	0	0	0	0	0	0	0	0	0	10.3795	0	0	0	0	0	11.94585	0	0	0	0	9.63371	0	0	0	0	0	0	0	0	0	0	0	0	0	0	0	0	0	0	0	0	0	0	0	0	0.48277	0	0	0	0	0	0	0	0	0	0	0	0	0	0	0	0	0	0	0	0	
0	0	0	0	0	0	0	0	0	0	0	0	0	0	0	0	0	0	0	0	0	0	0	0	0	0	0	0	0	0	0	0	6.3062	0	0	0	0	0	0	0	0	0	0	0	0	0	0	4.27958	0	0	4.01098	0.46582	0	0	0	0	0	0	8.17846	0	0	0	0	0	0	0	0	0	0	0	9.38298	0	0	0	0	0	0	0	0	0	0	0	0	0	0	6.80084	0	0	0	0	0	0	0	0	0	0	0	0	0	0	
0	0	0	0	0	0	0	0	0	0	0	0	0	0	0	0	0	0	0	0	0	0	0	0	0	0	0	0	0	0	0	0	0	0	0	0	0	0	0	10.12594	0	0	0	0	14.24786	0	9.24254	0	0	0	0	0	0	0	0	0	0	0	0	0	0	0	0	0	0	0	0	0	0	0.39791	0	0	0	0	0	0	0	0	0	0	0	0	0	0	0	0	0	0	0	0	0	0	0	0	0	0	0	0	0	0	
0	0	0	0	0	0	0	0	0	0	0	0	0	0	0	0	0	0	0	0	0	0	0	0	0	0	0	0	0	0	0	0	0	0	0	7.81324	0	0	0	0	0	0	0	0	0	0	0	8.15132	0	0	0	0	0	6.15372	0	0	0	0	0	0	12.61921	0	0	0	0	0	0	0	0	0	0	0	0	0	0	0	0	0	0	0	0	0	0	0	0	0	0	0	0	0	0	0	0	0	2.26643	0	0	0	0	0	
0	0	0	0	0	0	0	0	0	0	0	0	0	0	0	0	0	0	0	0	0	0	0	0	0	0	0	0	0	0	0	0	0	0	0	0	0	0	0	0	0	12.41564	0	0	0	0	0	0	0	0	0	0	6.35179	0	0	0	0	0	0	0	0	0	0	0	0	0	0	2.35868	0	0	0	6.54574	0	0	0	0	0	0	0	0	0	0	0	0	0	0	0	0	0	0	0	0	0	0	0	0	0	0	0	0	
0	0	0	0	0	0	0	0	0	0	0	0	0	0	0	0	0	0	0	0	0	0	0	0	0	0	0	0	0	0	0	0	0	0	0	0	0	0	0	0	9.08861	0	0	0	9.96516	0	0	6.60526	0	0	2.99774	11.67445	0	0	0	10.01429	0	0	7.00408	0	8.89237	0	0	0	0	0	0	0	5.39135	0	0	0	0	0	0	0	0	0	0	0	0	0	0	0	0	0	0	0	0	0	0	0	0	0	0	1.37189	0	0	0	0	
0	0	0	0	0	0	0	0	0	0	0	0	0	0	0	0	0	0	0	0	0	0	0	0	0	0	0	0	0	0	0	0	0	0	0	0	0	0	0	0	0	0	0	0	10.98629	0	0	0	0	5.1546	0	0	6.32918	0	0	0	0	7.34011	0	0	0	3.5212	0	0	0	0	0	0	0	0	0	0	0	0	0	0	0	0	0	0	0	0	0	0	0	0	0	0	0	0	0	0	0	0	0	0	0	0	0	0	
0	0	0	0	0	0	0	0	0	0	0	0	0	0	0	0	0	0	0	0	0	0	0	0	0	0	0	0	0	0	0	0	0	0	0	0	0	0	0	0	0	0	0	9.7564	0	0	10.31262	0	0	0	8.32569	0	0	0	0	0	0	0	0	8.81919	0	0	0	0	10.11647	0	0	0.70947	0	0	0	0	10.63741	0	0	0	1.53889	0	0	0	0	0	0	0	0	0	0	0	0	0	0	0	0	0	0	0	0	0	0	0	
0	0	0	0	0	0	0	0	0	0	0	0	0	0	0	0	0	0	0	0	0	0	0	0	0	0	0	0	0	0	0	0	0	0	0	0	0	0	0	0	0	0	0	0	2.98565	3.99347	0	10.08686	0	0	0	15.15928	10.13003	0	0	6.73829	0	0	0	0	0	0	0	0	0	0	0	5.48641	0	0	0	0	0	12.42833	0	0	0	0	0	0	0	0	0	0	0	0	0	0	0	0	0	0	0	0	0	0	0	0	0	0	
0	0	0	0	0	0	0	0	0	0	0	0	0	0	0	0	0	0	0	0	0	0	0	0	0	0	0	0	0	0	0	0	0	0	0	0	0	10.35836	0	0	0	0	0	0	0	0	0	0	4.07729	0	0	5.49585	0	0	0.96554	0	10.66646	0	0	1.82412	0	6.82572	0	0	0	0	0	0	0	0	0	0	0	0	5.32308	2.67794	0	0	0	0	0	0	0	0	0	0	0	0	0	0	0	0	0	0	0	0	0	0	0	0	
0	0	0	0	0	0	0	0	0	0	0	0	0	0	0	0	0	0	0	0	0	0	0	0	0	0	0	0	0	0	0	0	0	0	0	0	0	0	0	0	0	0	13.60755	0	0	10.6107	0	12.44576	0	0	7.77401	0	11.78076	0	10.98945	0	0	0	0	0	0	0	0	8.81716	0	0	0	4.7055	0	0	5.06162	0	0	0	0	0	0	0	2.87818	0	0	0	0	0	0	0	0	0	0	0	0	0	0	0	0	0	0	0	0	0	
0	0	0	0	0	0	0	0	0	0	0	0	0	0	0	0	0	0	0	0	0	0	0	0	0	0	0	0	0	0	0	0	0	0	0	0	0	0	0	0	0	0	0	0	0	0	0	7.96399	8.37896	0	0	4.45696	0	0	0	0	0	0	0	0	0	0	0	0	0	0	0	0	0	0	0	0	0	0	0	0	0	0	0	0	0	0	0	0	0	0	0	0	0	0	7.80302	0	0	0	0	0	0	0	0	0	
0	0	0	0	0	0	0	0	0	0	0	0	0	0	0	0	0	0	0	0	0	0	0	0	0	0	0	0	0	0	0	0	0	0	0	0	0	0	0	0	0	0	0	0	0	0	0	11.71017	0	0	0	0	6.83377	1.68854	0	0	0	0	12.07428	12.51988	0	0	0	0	0	0	0	0	0	0	0	0	0	0	0	0	0	0	0	0	0	0	0	0	0	0	0	0	0	0	0	0	0	0	0	0	0	0	6.2471	0	
0	0	0	0	0	0	0	0	0	0	0	0	0	0	0	0	0	0	0	0	0	0	0	0	0	0	0	0	0	0	0	0	0	0	0	0	0	0	0	0	0	0	10.10028	0	0	0	0	0	0	9.07019	0	4.2558	0	6.15365	0	0	0	0	0	0	0	0	0	0	11.8352	0	0	0	0	0	0	0	0	0	0	0	10.75211	0	0	0	0	0	0	0	0	0	0	0	0	0	0	0	0	0	0	0	0	0	0	0	
0	0	0	0	0	0	0	0	0	0	0	0	10.33301	0	0	0	0	0	0	0	0	0	0	0	0	0	0	0	0	0	9.6583	0	0	0	0	0	0	0	0	0	0	0	9.79404	0	0	0	0	13.3315	0	0	11.80312	0	0	3.21068	3.80963	0	8.70665	0	0	0	0	0	0	10.10112	4.13058	8.96477	0	0	0	0	0	0	0	0	0	0	0	0	0	0	0	0	0	0	0	0	0	0	0	0	0	0	0	0	0	0	0	0	0	0	
0	0	0	0	0	0	0	0	0	0	0	0	0	0	0	0	0	0	0	0	0	0	0	0	0	0	0	0	0	0	0	0	0	0	0	0	0	0	0	0	0	0	0	0	0	11.07409	8.95834	0	3.10814	12.70207	4.21023	7.51483	7.14117	0	10.78624	5.96912	0	0	0	0	12.44683	0	0	0	0	0	0	0	0	7.27112	0	0	0	0	0	0	3.91605	0	0	0	0	0	0	0	0	0	0	0	0	0	0	0	0	0	0	0	0	0	0	0	
0	0	0	0	0	0	0	0	0	0	0	0	0	0	0	7.7076	0	0	0	0	0	0	0	0	0	0	0	0	0	0	0	0	0	0	0	4.207	10.78728	0	0	0	0	0	0	4.79074	0	10.7553	7.18161	8.04603	3.25935	7.82137	0	0	4.30298	0	9.83023	0	0	0	0	5.26597	0	9.90383	0	7.9287	0	9.84176	0	0	11.59714	0	8.78947	0	0	0	0	10.23848	0	0	0	4.32601	0	0	0	0	0	0	0	0	0	0	8.0988	0	0	0	0	0	0	0	0	0	
0	0	0	0	0	0	0	0	0	0	0	0	0	0	0	0	0	0	0	0	0	0	0	0	0	0	11.80837	0	0	0	0	3.43909	0	0	7.09067	0	0	0	0	0	10.71981	0	0	0	0	0	0	0	10.01241	0.82782	1.94804	10.05017	8.69644	0	10.80455	0	9.68916	0	5.43331	0	18.37182	8.68312	0	0	0	5.94635	0	0	0	0	0	0	0	7.91167	0	0	0	0	0	0	0	0	0	0	0	0	0	0	0	0	0	0	0	0	0	0	4.75724	0	0	0	
0	0	0	0	0	0	0	0	0	0	0	0	0	0	0	0	0	0	0	11.07159	0	0	0	0	0	0	0	0	0	0	0	0	0	0	0	0	0	0	0	0	0	0	0	13.51942	0	0	10.62962	10.15074	11.89982	0	7.55515	7.54806	10.83923	0	0	0	13.16781	0	0	7.20034	5.58136	0	0	12.50672	0	5.82227	0	8.69975	0	0	0	0	0	0	0	0	0	0	0	0	0	0	0	0	0	0	0	0	0	0	6.15159	0	0	0	0	0	0	0	0	0	
0	0	0	0	0	0	0	0	0	0	0	0	8.08705	0	0	0	0	0	0	9.11447	0	0	0	0	0	0	0	0	0	0	0	0	0	5.98657	0	0	0	0	0	0	0	13.68324	12.60384	0	7.99902	0	0	5.82507	6.86948	0	2.93919	7.33439	6.9689	7.00443	10.00583	6.17916	6.00079	5.51801	7.99324	0	0	0	0	0	0.39791	0	0	0	0	0	0	0	0	0	0	0	0	0	11.23258	0	0	0	0	0	0	0	0	0	0	0	0	0	0	0	0	0	0	0	0	0	
0	0	0	0	0	0	0	0	0	0	0	0	0	0	0	0	0	0	0	0	0	0	0	12.833	0	0	0	0	0	0	0	0	0	0	0	0	0	0	11.6076	0	0	0	6.70807	8.89334	0	0	10.76477	5.15881	0	7.7475	7.94366	6.49178	0	0	0	0	0	6.07554	12.6014	9.30037	10.20648	0	0	0	7.55515	0	0	0	0	0	0	0	0	0	0	0	0	0	0	0	0	0	0	0	0	0	0	0	0	0	0	0	0	0	0	0	0	0	0	0	
0	0	8.48252	0	0	0	0	0	0	0	0	0	0	0	0	0	0	0	0	0	0	0	0	0	0	0	0	0	0	0	0	0	0	0	0	0	0	0	0	0	10.604	0	0	0	0	8.67866	0	8.14757	10.05319	11.84948	0	7.56728	8.97665	7.49495	0.39791	8.91818	0	0	7.87701	8.12201	7.60828	0	7.28241	9.59868	0	0	0	0	0	0	0	8.14945	0	0	0	0	0.39791	0	0	0	0	0	0	0	0	0	0	0	0	0	0	0	0	0	0	0	0	0	0	0	
0	0	0	0	0	0	0	0	0	0	0	9.39392	0	0	0	0	0	0	0	0	0	0	0	0	0	0	0	0	0	0	0	0	9.11116	0	0	0	0	9.47784	11.20911	2.87818	4.93253	8.95419	0	0	12.1301	7.47112	10.92038	5.33127	11.26916	0	11.41263	0	4.53312	5.15122	0	9.56081	4.51339	9.52346	0	0	0	0	0	0	0	0	0	4.15651	0	0	0	0	7.29414	0	0	1.53889	0	0	11.09691	0	0	0	0	0	0	0	0	0	0	0	0	0	0	0	0	8.64277	0	0	0	0	
0	0	0	0	0	0	0	0	0	0	0	0	0	0	0	0	0	0	0	0	0	0	0	0	0	0	0	0	0	0	0	0	0	0	5.99026	8.77057	0	0	0	7.51062	0	11.61624	0	9.85229	12.38391	9.63246	6.80881	7.05239	6.26168	11.65028	10.74483	10.28644	3.63622	9.1833	0	0	6.69106	0	0	6.2915	7.36256	0	2.26643	0	0	0	0	0	0	0	0	0	0	0	0	0	0	0	5.59467	0	0	0	0	0	0	0	0	10.57209	0	0	0	0	0	0	0	0	0	0	0	0	
0	0	0	0	0	0	0	0	7.85738	0	9.50782	0	0	0	0	0	0	0	0	0	0	0	0	0	0	0	9.86554	0	0	0	0	0	0	0	0	0.96554	0	13.39234	11.63667	0	7.69342	8.67193	0	4.02196	5.83035	11.21225	4.06904	7.76237	7.07383	8.9883	0	7.05618	2.06216	0	0	0	9.92034	1.82412	0	0	0	0	1.68854	0	0	0	9.45843	0	0	0	0	0	0	0	0	0	0	0	0	0	0	0	0	0	0	0	0	0	0	0	0	0	0	0.70947	0	0	0	0	0	0	
0	0	0	0	0	0	0	0	0	0	0	10.37053	0	0	10.63049	0	0	0	0	0	0	0	0	0	0	0	0	0	0	0	0	11.18319	0	0	8.43961	0	10.41046	0	0	10.01052	2.44536	0	10.23132	8.51784	10.67183	8.20531	10.77142	8.25125	5.02422	7.12122	6.44477	10.20607	9.29342	8.03785	0	5.1546	9.99979	0	0	8.25994	7.15317	5.3567	0	11.74957	0	0	0	0	0	0	0	0	0	0	0	6.67828	0	0	0	0	0	0	0	5.87787	0	0	0	0	0	0	0	0	0	0	0	0	0	0	0	0	
0	0	0	0	0	0	0	0	0	0	0	0	10.14387	0	0	0	0	0	0	0	0	0	0	0	0	0	0	0	0	9.38161	0	0	8.8503	0	10.40338	0	11.54319	0	12.4702	10.22536	10.74393	8.28219	9.10536	8.9312	7.89119	3.68507	9.81445	10.17057	7.55271	9.08188	7.04709	9.45787	10.5256	6.24017	5.76068	5.35248	7.90168	0	0	6.22276	8.06327	0	0	0	0	0	0	0	0	0	0	0	0	9.82858	0	0	0	0	0	0	10.72104	0	0	0	0	0	0	0	0	0	0	0	0	0	0	0	0	0	0	0	
0	0	0	0	0	0	0	13.00389	0	0	0	9.8675	0	0	0	0	0	0	0	0	0	0	0	0	0	0	0	8.24944	0	0	6.03287	0	10.83973	0	0	0	6.49584	7.49037	10.51731	9.23109	9.353	4.81483	0	10.2621	9.78414	8.90782	8.14287	8.15228	10.88746	10.2048	5.45968	9.62167	8.05812	9.04243	6.00591	5.79336	10.89347	5.80119	7.15239	9.30834	6.2463	12.53956	4.79074	0	8.03034	0	0	0	0	0	0	0	0	11.48267	0	0	0	0	0	0	0	0	0	0	0	0	0	0	0	0	0	0	0	0	0	0	0	0	0	0	
12.24508	0	0	0	0	0	0	0	6.10608	0	0	0	6.16646	0	0	0	0	0	0	0	0	0	0	0	14.35661	0	0	7.53305	0	0	0	0	10.01561	0	10.04269	8.41162	0	6.75536	10.06223	6.33305	6.81761	8.34987	4.96588	9.68736	11.51623	9.17098	7.275	8.99691	5.01219	11.39044	9.61835	5.30937	6.14103	5.40133	12.23848	9.55392	7.89059	5.47973	0	10.98517	4.34868	0.70947	0	6.44394	0	6.1145	0	0	0	0	1.37189	0	0	0	0	0	0	0	0	0	0	0	4.28582	0	0	7.16988	0	0	0	0	0	0	0	0	0	0	0	0	0	0	
0	0	0	11.2109	0	0	0	0	0	0	0	0	0	0	0	0	0	0	9.6617	0	0	10.92892	0	6.16646	11.66889	8.34695	0	0	9.71065	12.45338	11.7431	0	12.13662	0	0	0.70947	0	8.92941	9.68364	7.01196	7.81252	7.08843	8.01662	9.20937	8.28548	9.96382	7.80737	8.97481	8.63988	5.48755	9.60472	6.91649	10.52041	6.4927	6.96713	8.82073	0	3.70747	5.08844	8.09052	1.18295	4.93253	10.63251	0	0	0	0	0	0	2.6045	0	0	5.47615	0	0.39791	4.99133	11.31834	3.68228	0	0	0	0	0	0	0	0	0	0	0	0	0	0	0	0	0	0	0	0	0	0	
9.10784	0	0	0	10.39625	9.06439	0	0	0	0	0	0	0	0	0	0	0	8.71618	0	0	0	0	0	0	9.06142	0	7.94673	8.8322	0	9.42425	9.67527	0	0	0	10.56394	7.99665	5.6374	10.38709	10.92939	8.10872	7.23025	9.37247	8.96381	8.42866	9.06997	9.36523	9.81257	7.96454	8.63748	10.28105	4.34783	9.95797	8.49527	6.61036	8.89835	8.09911	8.31631	3.70213	6.73392	10.36936	9.48178	0	7.27859	9.271	12.93142	10.32364	9.61195	0	0	0	0	0	0	0	3.30642	0	0	0	0	0	0	0	0	0	0	0	0	0	0	0	0	0	0	0	0	0	0	0	0	0	
0	0	0	0	0	0	0	0	4.07729	0	6.88119	0	0	0	0	0	6.1211	10.65854	9.08945	6.88894	8.85229	5.77961	0	0	0	12.66467	0	6.98973	5.84621	10.91166	0	9.66453	11.1183	7.28896	8.07865	10.56474	6.24665	7.17506	9.12535	7.97171	8.50937	7.60704	7.10094	7.39904	9.63512	7.80616	7.19445	8.23177	7.86522	6.96701	7.77012	10.38449	6.80043	8.45506	6.07585	5.42407	5.98473	8.44882	0	10.27797	4.35263	6.27695	8.36526	0	6.38709	10.96925	1.68854	0	0	0	0	8.22054	0	0	5.31283	0	0	0	9.63025	0	0	0	0	0	0	6.91576	0	0	0	0	0	0	0	0	0	4.37099	0	0	0	0	
0	9.45592	0	0	1.18295	7.84348	0	0	0	0	0	0	0	0	6.14719	9.08777	0	10.35731	9.36145	0	6.16007	0	7.74416	0	0	0	0	0	9.11114	10.30031	6.62528	0	8.55375	5.58066	8.60054	7.28302	8.96121	10.2429	8.22573	9.18182	8.01766	7.39809	7.24852	7.7658	8.38056	8.20422	8.75507	9.3378	6.96942	7.33735	6.8024	7.2147	8.04343	5.6485	8.3593	6.36166	3.16032	9.11063	7.48688	5.36662	0	9.36085	0	11.29992	10.27938	0.39791	8.19506	4.10419	0	0	0	0	0	0	0	2.44536	0	0	0	0	9.00064	0	0	0	0	0	0	0	0	0	0	0	0	0	0	0	0	0	0	0	
0	12.13509	7.91926	0	10.01235	0	0	0	0	0	9.40748	0	0	0	10.48365	5.44493	0	5.99745	0	0	6.84178	5.49659	9.24449	8.16505	6.10787	9.52782	0	4.99033	6.88894	8.76528	9.04069	10.84198	11.05696	10.55882	9.66879	5.42435	9.10608	7.7741	7.40093	7.12407	7.04109	7.39334	7.38926	6.45593	7.29261	6.45069	8.05637	8.17205	9.0437	8.32238	7.09499	8.20411	8.09988	7.25891	7.16957	7.31406	8.2978	6.17888	8.39252	5.53663	0	7.77806	9.23252	8.93494	2.09035	0	1.82412	0	0	0	0	8.27919	0	0.96554	10.81043	0	7.41451	0	0	0	0	0	0	5.0177	0	0.68595	0	0	0	0	0	0	0	0	0	0	0	0	0	0	
0	0	0	0	0	0	0	0	4.4981	0	8.91343	12.23209	0	0	0	0	0	0	10.45847	0	11.282	0	0	0	0	9.68916	9.54603	0	0.70947	8.47867	6.10842	7.01829	8.42368	8.03597	9.92833	7.00909	10.14738	10.38914	8.14357	9.70236	7.54612	9.29959	8.24845	6.74856	7.93482	7.78463	6.97457	8.22145	7.88914	8.54748	7.4982	6.64204	6.59184	8.13608	6.78283	7.96949	8.59252	7.59245	7.78027	6.50986	8.81224	4.77189	7.68598	5.6088	0	9.81704	0	8.18537	0	0	0	0	0	0	0	0	0	0	3.25935	0	0	8.79567	0	0	0	0	0	8.5478	5.87006	9.17834	0	0	0	0	0	0	0	0	0	0	
0	0	0	0	0	0	0	0	13.46026	10.1767	6.98641	1.82412	0	11.8782	0	0	0	9.38641	10.61158	6.07223	0	0	1.82412	9.98009	6.49584	9.15442	9.25534	9.17625	4.2874	8.98837	0	9.19188	4.70205	3.968	3.308	7.69402	9.25111	5.76151	8.32497	5.53971	5.89291	7.01742	8.13149	7.22948	6.13714	7.90207	7.80145	7.29531	7.17544	8.61215	8.16947	7.43578	6.48248	6.2667	8.14016	7.99372	6.18069	8.34559	7.15638	6.19713	6.45767	8.22696	7.24472	5.31283	1.17934	9.35589	9.30978	0	0	0	0	0	0	4.82347	8.53039	0	0	0	10.99821	0	0	0	0	0	0	0	0	0	3.48073	0	1.37189	0	0	0	0	0	0	0	0	0	
0	0	9.6583	10.09397	0	9.62445	0	2.6045	8.58392	0	0	0	0	0	0	0	0	7.25693	0	0	0	0	0	10.41886	0	9.24707	0	11.04196	6.17283	7.38254	0	9.75573	0	8.5863	5.89064	8.63109	7.21635	6.74371	1.23478	8.34782	8.24395	8.38099	8.9976	7.24652	6.90617	6.66892	6.56678	8.038	7.65925	8.15241	7.10217	7.24032	7.65067	7.30732	7.17958	5.25509	7.03347	7.80259	7.05501	7.02078	8.79829	9.12584	1.40724	7.19129	3.93077	0	0	5.578	3.5212	4.63348	6.08778	0	7.45425	0	0.19896	0	6.31008	0	0	0	0	0	3.97806	0	0	0	0	0	0	0	0	0	0	0	0	0	0	0	0	0	
0	0	0	0	0	0	0	0	0	0	10.92091	9.81454	7.03291	0	11.12734	0	0	8.47352	0	15.54403	0	0	0	0	0	0	6.44415	3.74275	8.41841	0	8.21556	7.18909	5.34291	7.95718	5.27554	9.21175	8.63513	6.97966	7.94949	8.15025	8.72671	5.66388	6.14507	6.8415	5.8539	6.69811	4.88035	6.2876	7.49471	7.00918	6.8413	8.23552	8.35094	7.42133	6.35707	6.71547	5.54099	7.02646	8.80023	6.63557	5.11578	6.25723	6.95677	6.31931	0.96554	5.12174	5.47615	3.22582	0	0	4.2558	0	5.46809	2.84375	0	12.92943	0	0	0	0	0	0	0	0	0	0	0	0	7.12947	0	0	0	0	0	0	0	0	0	0	0	
0	0	0	0	0	0.39791	0	0	0	10.01429	0	0	8.86806	0	0	0	0	0	0	0	0	0	0	8.23642	0	0	8.51957	0	0	4.33857	5.84463	0	0	7.85246	6.51099	7.37641	3.30642	0.39791	0	9.07848	4.77771	9.8802	5.53513	5.08335	8.66998	6.43127	6.63468	7.00194	9.0139	5.24453	6.54119	8.55507	5.72799	6.05664	7.50112	6.79926	8.31991	6.48668	4.66435	6.12305	5.68695	6.22815	4.7952	8.05361	6.97832	6.99885	8.7728	7.77819	4.4167	0	0	12.29736	0	4.99133	0	2.1679	10.86083	0	0	0	0	0	0	0	11.47142	0	0	2.81447	0	0	0	6.27103	0	0	0	0	5.1022	0	0	0	
0	0	0	0	0	0	0	0	0	0	0	11.65682	0	0	0	0	0	5.41329	10.66307	0	0	0	0	1.94804	0	0	0	7.74226	0	0	0	0	7.70583	7.14908	6.90844	0	5.49015	7.7674	4.15855	4.45918	6.47905	8.64799	6.50507	2.8343	0	9.55743	5.95464	4.55675	6.46246	6.98057	7.47066	10.64091	7.78669	6.02885	6.33009	6.66475	6.38796	7.32081	7.2057	8.01942	6.89048	3.16231	0	7.10527	9.03665	0	4.65706	5.76444	10.22689	7.82518	0	0	0	0	0	10.24814	0	9.06314	0	0	0	10.69698	0	0	0	0	0	0	0	0	0	0	0	0	0	0	0	0	0	0	
0	0	0	0	6.74396	0	0	0	0	0	9.29162	0	0.70947	0	0	11.07775	0	0	5.51675	0	5.55377	5.01986	0	0	0	8.7665	5.07528	0	0	4.35246	0	8.96112	11.35781	0	0	7.84348	10.21267	13.98366	11.1737	11.94541	6.89497	8.25845	5.91668	8.85723	4.26343	8.58618	13.5713	3.85399	8.20489	7.30733	8.34543	7.27789	8.10544	9.01853	5.46938	6.73379	7.39922	8.17474	3.9886	7.24432	4.46952	8.71478	5.68562	5.43071	8.22192	0	6.1695	6.88119	0	0	8.78992	8.43299	5.5584	11.24713	11.51447	0	4.41639	0	0	0	6.01173	0	0	0.96554	0	2.35868	0	0	0	9.68527	0	0	0	0	0	0	0	0	0	0	
0	0	0	0	0	0	0	0	0	0	0	7.00764	3.60808	0	0	10.40405	0	0	0	1.53889	5.31283	0	1.53889	0	0	0	0	0	0	4.21381	0.39791	5.00057	0	0	0	10.40642	0	0	0	6.60813	3.0705	4.86939	4.26891	6.06978	7.14462	3.18496	5.81909	7.41085	6.55245	3.26603	0	0	7.74689	10.50176	1.68854	5.92047	7.28146	6.02466	5.70575	5.89319	7.72037	5.99906	8.50012	6.98898	5.95858	6.50905	7.09403	7.61782	0	9.06561	0	5.19076	8.3085	11.73081	9.24707	0	4.15651	0	5.14168	0	0	0	0	0	0	0	0	0	0	0	0	0	0	0	0	0	0	0	0	0	
0	0	0	9.22043	0	0	0	0	0	0	0	0	0	0	0	0	0	0	0	0	0	0	7.94366	0	0	0	8.59448	6.06597	6.76381	5.48641	0	0	3.5212	0	0	10.07663	0	2.44536	6.30039	1.43909	4.07495	0	0.39791	0	3.94155	9.23114	8.90525	9.14393	5.0427	4.26488	4.55831	6.60856	8.26389	7.78732	8.10568	7.10433	7.02336	6.22909	6.12707	6.96745	8.04596	5.68459	8.37181	7.32197	6.32433	8.38092	6.32488	9.92896	8.00572	7.93941	3.1002	8.01376	5.06357	0.92989	8.50854	0	13.08217	0	4.69843	11.12836	0	3.93475	8.86315	0	0	0	0	0	0	0	0	0	0	0	0	0	0	2.74782	0	11.1499	
0	0	4.67912	0	0	0	0	0	0	0	0	0	0	0	0	0	0	0	0	0	7.58886	0	0	0	0	8.92101	0	7.44247	0	8.69975	0	10.1948	5.64132	0	5.00566	0	0	4.83748	6.61639	0	5.26597	0	0	7.91509	10.70978	10.13778	1.37391	3.54988	8.75806	7.05369	8.78488	10.02003	5.56845	6.135	7.36857	9.70831	0	5.92776	7.92907	4.93639	2.26389	5.14867	4.88896	2.03817	3.96211	7.70116	4.17431	0	8.75492	5.57127	3.67481	7.46811	5.7929	7.89029	0	0	5.75091	0	2.57387	6.48565	0	5.8328	0	0	0	0	0	0	3.26365	0	0	0	0	0	0	0	0	0	0	0	
0	0	0	0	1.37189	0	0	0	0	0	0	0	8.0564	0	0	0	0	0	0	0	8.68758	3.7081	0	0	0	0	0	3.91575	0	0	0	0.39791	10.35696	0	0	0	9.56399	0	6.93086	8.64929	0	0	3.62333	0	5.87006	0	5.79044	10.20764	3.43909	6.18211	5.88565	3.18998	7.98042	5.2371	7.94941	1.4696	0	4.7162	5.14847	2.49754	7.86692	6.1494	8.08495	7.15553	5.07545	7.54876	5.4912	5.06491	7.7143	6.03167	7.10194	0	0	9.88141	0	8.63445	3.8891	5.83584	0	0	0	0	0	0	6.06745	1.94804	0	0	0	0	0	0	0	0	0	0	8.27629	0	0	0	
0	0	0	0	0	0	0	0	6.96427	0	0	0	14.39987	0	0	0	7.87895	3.3962	0	0	0	0	0	0	3.35704	0	0	0	0	0	0	0	0	0	9.93693	9.35247	0	9.01435	0	0	0	0	9.0108	8.82223	0	10.8586	9.22503	5.69538	0	4.30463	0	10.56485	8.66292	8.35734	0	5.99026	0	5.76266	0	7.20632	8.84585	6.76381	5.61647	8.07691	6.25819	7.68703	6.41553	6.1816	8.87686	7.52134	8.23186	3.64827	5.21348	8.13021	7.62622	4.46112	9.36125	3.054	0	0	5.01986	0.39791	8.83031	0	5.25676	0.96554	4.7055	6.38507	5.90106	0	2.41733	0	0	8.89159	0	0	0	0	0	0	
0	0	0	0	0	0	0	0	0	0	0	0	0	0	0	0	0	0	0	0	5.9566	0	0	0	0	0	0	0	0	3.77658	0	0	0	0	4.94746	0	0	0	0	0	7.86723	0	9.07253	7.64259	4.49152	0	0	1.37189	2.06216	6.09253	10.9301	0	0	5.92067	3.83634	8.15056	0	0	7.79901	9.15998	11.61053	5.47435	1.82412	6.99416	7.27561	7.61912	6.36554	3.36259	6.62838	5.87892	9.18671	6.93917	4.49262	4.87403	3.71995	0	1.67543	0	7.16654	0	0	0	0.70947	0	0	0	8.02858	0	0	0	0	0	0	0	0	0	0	0	0	0	
0	0	0	0	7.638	0	0	0	0	0	0	5.03392	0	4.55768	0	0	0	0	0	0	0	0	0	0	0	0	0	0	0	0	0	0	0	0	0	0	0	0	0	6.74878	0	0	6.34617	0	4.75288	0	0.35474	0	0	0	1.82412	0	0	0	8.97937	0	0	0.39791	0	9.59335	8.33542	0	7.66446	5.74212	7.23905	0	1.85361	4.09112	9.37767	6.09493	7.89592	8.65856	8.18692	5.65362	0	0	5.32974	5.49659	4.47784	4.43595	2.81447	7.44376	0.70947	0	2.93919	0	1.37189	8.97697	0	3.79491	0	0	0	0	10.48429	0	0	0	0	0	
0	0	0	0	0	0	0	0	0	0	0	0	0	0	0	0	0	7.69861	0	0	0	8.25545	9.38161	0	0	0	8.85229	0	0	0	0	0	0	7.52965	7.59587	0	0	0	0	0	0	0	0	0	0	0	0	0	0	0	13.9518	0	0	0	0	7.42562	10.77275	8.14404	7.44901	2.1679	0	7.07641	6.31947	0	8.84125	6.81636	7.55242	7.39801	4.76203	4.0178	3.8406	5.01972	5.96909	5.48657	9.33269	7.65966	5.35249	0	8.973	5.0381	0	0	7.56232	0	2.6045	9.5307	7.02885	1.82412	0	9.58189	0	0	0	0	0	0	9.26412	0	0	0	
0	0	0	0	0	0	0	0	6.32193	0	0	0	0	0	0	0	0	0	0	0	0	0	0	0	0	0	0	0	0	0.39791	0	0	0	0	0	0	0	0	0	8.82212	0	0	0	0	0	3.77658	0	5.63211	3.7081	0	0	8.90963	0	0	0	0	0	0	8.73756	0	8.72151	0	7.88934	9.22078	9.14704	3.61616	6.14963	0	0	7.96857	8.68311	6.14719	7.8465	6.84937	8.16542	11.27896	1.28291	0	0	6.14534	7.59015	7.85948	10.27871	7.70947	6.83026	0	0	0	0	0	8.32711	0	10.58891	0	0	0	0	0	0	0	
0	0	0	0	0	0	0	0	0	0	0	0	0	6.34053	0	0	0	0	0	1.53889	0	0	0	0	0	2.13164	0	0	0	0	0	0	0	0	7.45686	0	0	7.0329	0	0	9.11116	0	5.84637	10.93666	6.41759	0	0	0	0	0	5.44493	7.15317	0	0	5.3357	0	0	0	0	8.44523	5.71511	0	4.38935	7.28535	6.83778	5.68937	10.38338	3.30642	0	5.50252	6.31488	0	4.53591	6.05475	7.9786	7.18867	4.45496	5.13215	5.92885	4.88034	0	6.99449	8.78324	4.67531	2.67269	0	0	7.21307	1.89375	0	6.33486	0	0	7.65174	0	0	0	0	4.1782	0	
0	0	0	0	0	0	0	11.76532	0	0	0	0	0	0	0	0	0	0	0	0	0	0	11.98209	0	0	0	0	0	8.42901	0	0	0	0	0	10.31545	0	0	0.70947	0	0	0	1.11102	0	0	0	0	9.54951	0	0	0	0	0	9.82013	0	0	0	3.47846	1.18295	0	5.7636	5.49301	0	0	5.65515	0	6.09453	0	6.85096	6.31626	10.77452	9.54064	8.19239	6.85372	4.38912	7.90595	5.98271	4.69025	7.17236	6.02464	5.66397	6.45785	5.91647	8.08899	0	4.5224	0	5.1546	4.03725	0	0	7.2089	10.48342	0	0	0	0	8.83834	0	0	0	
0	0	0	0	0	0	0	0	1.18295	0	0	0	0	0	0	0	0	0	0	0	0	0	0	0	0	0	0	0	0	0	0	0	0	0	0	0	0	6.84723	0	0	0	0	0	0	0	0	0	0	0	3.43909	0	4.44616	0	2.97302	0	0	2.35868	4.74219	3.77658	0	4.27958	0	8.06327	12.60207	7.91547	6.892	0	0	7.57468	7.86723	0	7.8809	5.87747	10.26533	8.29446	5.83558	0	4.57728	4.42204	6.46663	3.59912	10.24777	5.61351	0	0	0	5.67313	0	0	0	0	0	6.28234	5.89167	5.86221	0	0	0	0	0	
0	0	0	0	0	0	0	9.32344	0	0	0	0	0	0	0	0	0	0	0	0	0	0	0	0	0	0	0	0	0	0	0	0	0	0	0	0	0	3.36579	0	7.56486	0	0	0	0	0	0	0	0	0	0	5.00387	0	0	11.77345	7.08484	0	0	6.86001	9.73343	8.29829	0	0.39791	0	7.29064	8.38548	9.152	0	0	7.3166	6.16421	7.37236	4.34628	4.19323	9.58462	1.68854	8.04184	6.64188	0	7.17376	8.16404	8.16481	8.7749	4.85568	5.49496	6.67904	0	0	1.018	0	0	7.65855	0	0	0	0	2.44657	0	0	0	0	
0	0	0	0	0	0	0	0	0	0	0	0	0	0	0	0	0	0	0	0	0	0	0	0	0	9.83576	0	0	0	0	0	0	0	0	0	0	0	9.18937	0	0	0	0	0	0	9.21812	0	0	0	10.22306	0	0	0	0	0	0	1.37189	0	0	0	0	0	0	7.73039	0	0	5.09736	7.57358	8.11245	0	7.53894	3.2168	0	6.06951	0	9.1095	6.07507	0	4.89617	3.33083	5.72317	3.80162	0	4.72653	0	8.51419	6.8559	0	0	0	0	9.73128	0	0	0	0	0	0	0.39791	0	0	
0	0	0	0	0	0	0	0	0	0	0	0	1.68854	0	0	0	0	0	0.39791	0	0	0	0	0	0	0	0	0	0	0	0	0	0	0	0	0	0	0	0	0	0	0	0	0	0	0	0	8.31133	0	0	1.53889	0	12.21263	0	0	0	0	0	0	3.79362	0	0	0	3.52062	3.21068	6.71231	9.15868	0	11.94689	0	0	9.14959	0	0	0	2.81222	7.283	9.12601	5.42634	4.96519	0	3.73812	5.49043	3.82349	3.99535	2.09099	5.7136	0	5.44493	0	0	0	0	5.61351	0	0	0	0	0	0	
0	0	0	0	0	0	0	0	0	0	0	0	0	0	0	0	0	0	0	0	0	0	0	0	0	0	0	0	0	0	0	0	10.86525	0	0	0	0	0	0	0	4.87122	0	0	0	0	0	0	0	0	0	0	0	0	0	0	0	5.08991	0	0	0	10.96524	0	0	5.35003	0	6.53589	0	0	7.73449	0	0	0	6.99333	0	0	3.054	0	0	5.94618	9.68229	7.98407	5.80598	9.43555	0	3.77658	0	0.70947	0	0	1.18295	7.52116	5.95984	4.9889	0	0	0	0	0	0	0	
0	0	0	0	0	0	0	1.527	0	0	0	0	0	0	0	0	0	0	0	0	0	0	0	0	0	0	0	5.73893	0	0	0	0	0	0	0	0	0	0	0	0	0	0	0	0	0	0	0	0	0	0	0	0	0	0	0	0	0	0	0	0	0	0	0	0	0	0	0	0	0	0	2.09952	5.06668	4.67351	0.70947	0	8.63783	4.47768	0	9.11668	5.14168	0	7.16195	0	6.67243	1.37189	8.69681	0	10.47912	0	1.37189	0	3.77658	0	0	0	9.25309	0	0	0	0	
0	0	0	0	0	0	0	0	0	0	0	0	0	0	0	0	0	0	0	0	8.05467	0	0	0	0	0	0	0	0	0	0.70947	0	0	0	0	0	0	0	0	0	0	0	0	0	0	0	0	0	0	0	0	0	0	0	0	0	0	0	0	10.43384	0	0	0	0	7.56728	9.01789	3.99347	3.06355	0	0	0	0	0	0	0	4.9022	5.53143	0.39791	0	0	3.1787	0	0	0	2.49879	6.53589	7.2248	6.82586	6.62215	0	5.67758	5.6686	6.22889	6.91955	0	4.83957	0	0	0	0	
0	0	0	0	0	0	0	0	0	0	0	0	0	0	0	0	0	0	0	0	0	0	0	0	0	0	0	0	0	0	0	0	0	0	0	0	0	0	0	0	0	0	0	0	0	0	0	0	4.85548	0	0	0	0	0	0	0	0	0	0	0	0	0	0	0	0	0	0	0	0	8.73996	11.95534	10.50557	7.34233	0	8.8661	6.60813	0	9.02319	0	0	0	8.41566	9.50012	0	3.64728	0	7.6966	0	0	4.71831	0	3.55438	4.18666	0	5.83035	0	0	0	0	0	
0	0	0	0	0	0	0	0	0	0	0	0	0	0	0	7.70165	0	0	0	0	0	0	0	0	0	0	0	0	0	0	0	0	0	0	5.83838	0	0	0	0	0	0	0	0	0	0	0	0	0	0	0	0	0	0	0	0	0	0	0	0	0	0	0	0	0	0	0	0	3.16032	0	0	0	0	0	7.91167	0	0	0	0.48277	0	0	0	4.96223	0	0	2.79951	0	7.62893	3.19409	5.26597	10.1066	7.91357	0	10.06479	0	0	0	0	0	0	0	
0	0	0	0	0	0	0	0	0	0	0	0	0	0	0	0	0	0	0	0	0	0	0	0	0	0	0	0	0	0	0	0	0	0	0	0	0	0	0	0	0	0	0	0	0	0	0	0	8.43961	6.85768	0	0	0	0	0	0	0	0	0	11.37292	0	0	0	0	0	6.8952	0	0	0	0	0	8.37068	0	0	0	0	0	11.24378	0	4.92315	12.29909	0	0	9.26058	0	0	0	0	0	0	0	0	0	0	0	0	0	0	0	0	
0	0	0	0	0	0	0	0	0	0	0	0	0	0	0	0	0	0	0	0	0	0	0	0	0	0	0	0	0	0	0	0	0	0	0	0	0	0	0	0	0	0	0	0	0	0	0	0	0	0	0	0	0	0	0	2.41323	0	0	11.24151	0	0	0	0	0	9.86554	0	0	0	0	0	0	2.26643	0	6.43359	0	0	4.94746	0	0	0	4.12398	5.20671	2.74178	7.5683	0	0	0	8.6663	9.25156	0	1.37189	9.79404	10.46108	0	0	0	0	0	0	0	
0	0	0	0	0	0	0	0	0	0	0	0	0	0	0	0	0	0	0	0	0	0	0	0	0	0	0	0	0	0	0	0	0	0	0	0	0	0	0	0	0	0	0	0	0	0	0	0	0	0	0	0	0	0	0	0	0	0	0	0	0	0	0	0	0	0	0	0	0	0	0	0	0	0	0	0	0	0	0	0	0	0	0	0	0	0	0.96554	0	0	0	0	10.07884	0	0	0	0	0	0	0	0	
0	0	0	0	0	0	0	0	0	0	0	0	0	0	0	0	0	0	0	0	0	0	0	0	0	0	0	0	0	0	0	0	0	0	0	0	0	0	0	0	0	0	0	0	0	0	0	0	0	0	0	0	0	0	0	0	0	0	0	0	0	0	0	0	0	0	0	0	0	0	7.94519	0	0	0	0	0	0	0	0	6.10787	0	0	0	8.11377	0	0	0	0.39791	0	0	5.41354	12.18396	0	0	0	0	0	0	0	0	
0	0	0	0	0	0	0	0	0	0	0	0	0	0	0	0	0	0	0	0	0	0	0	0	0	0	0	0	0	0	0	0	0	0	0	0	0	0	0	0	0	0	0	0	0	0	0	0	0	0	0	0	0	0	0	0	0	0	0	0.39791	0	0	0	0	0	0	0	0	0	0	6.60813	0	0	0	0	0	0	0	0	0	0	0	0	0	0	0	4.65183	0	0	0	0	0	0	0	0	0	0	0	0	0	
0	0	0	0	0	0	0	0	0	0	0	0	0	0	0	0	0	0	0	0	0	0	0	0	0	0	0	0	0	0	0	0	0	0	0	0	0	0	0	0	0	0	0	0	0	0	0	0	0	0	0	0	0	0	0	0	0	0	0	0	0	0	0	0	0	0	0	0	0	6.84178	0.70947	0	0	0	0	0	0	0	6.60813	0	0	0	0	0	0	0	0	0	6.31198	7.70321	0	0	0	0	0	0	0	0	0	0	
0	0	0	0	0	0	0	0	0	0	0	0	0	0	0	0	0	0	0	0	0	0	0	0	0	0	0	0	0	0	0	0	0	0	0	0	0	0	0	0	0	0	0	0	0	0	0	0	0	0	0	0	0	0	0	0	0	0	0	0	0	0	0	0	0	0	0	0	0	0	0	0	0	0	0	0	0	0	0	0	0	0	0	0	0	0	2.6045	0	0	0	0	0	0	0	0	0	0	0	0	0	
0	0	0	0	0	0	0	0	0	0	0	0	0	0	0	0	0	0	0	0	0	0	0	0	0	0	0	0	0	0	0	0	0	0	0	0	0	0	0	0	0	0	0	0	0	0	0	0	0	0	0	0	0	0	0	0	0	0	7.7635	0	0	0	0	0	0	0	0	0	0	0	0	0	0	0	0	7.80302	0	0	0	0	0	0	0	0	0	0	0	0	0	0	0	0	0	0	0	0	0	0	0	0	
0	0	0	0	0	0	0	0	0	0	0	0	0	0	0	0	0	0	0	0	0	0	0	0	0	0	0	0	0	0	0	0	7.00764	0	0	0	0	0	0	0	0	0	0	0	0	0	0	0	0	0	2.35868	0	0	0	0	0	0	0	0	0	0	0	2.1679	0	0	0	0	0	0	0	0	0	0	0	0	4.18198	0	0	0	0	4.43595	0	0	0	0	0	0	0	0	0	0	0	0	0	0	0	0	0	0	0	
0	0	0	0	0	0	0	0	0	0	0	0	0	0	0	0	0	0	0	0	0	0	0	0	0	0	0	0	0	0	0	0	0	0	0	0	0	0	0	0	0	0	0	0	0	0	0	0	0	0	0	0	0	0	0	0	0	0	0	0	0	0	0	0	0	0	0	0	0	0	0	0	0	0	0	0	0	0	0	0	0	0	0	0	0	0	0	0	0	0	0	0	0	0	0	0	0	0	0	0	
0	0	0	0	0	0	0	0	0	0	0	0	0	0	0	0	0	0	0	0	0	0	0	0	0	0	0	0	0	0	0	0	0	0	0	0	0	0	0	0	0	0	0	0	0	0	0	0	0	0	0	0	0	0	0	0	0	0	0	0	0	0	0	0	0	0	0	0	0	0	0	0	0	0	0	0	0	0	0	0	0	0	0	0	0	0	0	0	0	0	0	0	0	0	0	0	0	0	0	0	
0	0	0	0	0	0	0	0	0	0	0	0	0	0	0	0	0	0	0	0	0	0	0	0	0	0	0	0	0	0	0	0	0	0	0	0	0	0	0	0	0	0	0	0	0	0	0	0	0	0	0	0	0	0	0	0	0	0	0	0	0	0	0	0	0	0	0	0	0	0	0	0	0	0	0	0	0	0	0	0	0	0	0	0	0	0	0	0	0	0	0	0	0	0	0	0	0	0	0	0	
0	0	0	0	0	0	0	0	0	0	0	0	0	0	0	0	0	0	0	0	0	0	0	0	0	0	0	0	0	0	0	0	0	0	0	0	0	0	0	0	0	0	0	0	0	0	0	0	0	0	0	0	0	0	0	0	0	0	0	0	0	0	0	0	0	0	0	0	0	0	0	0	0	0	0	0	0	0	0	0	0	0	0	0	0	0	0	0	0	0	0	0	0	0	0	0	0	0	0	0	
0	0	0	0	0	0	0	0	0	0	0	0	0	0	0	0	0	0	0	0	0	0	0	0	0	0	0	0	0	0	0	0	0	0	0	0	0	0	0	0	0	0	0	0	0	0	0	0	0	0	0	0	0	0	0	0	0	0	0	0	0	0	0	0	0	0	0	0	0	0	0	0	0	0	0	0	0	0	0	0	0	1.37189	0	0	0	0	0	0	0	0	0	0	0	0	0	0	0	0	0	0	
0	0	0	0	0	0	0	0	0	0	0	0	0	0	0	0	0	0	0	0	0	0	0	0	0	0	0	0	0	0	0	0	0	0	0	0	0	0	0	0	0	0	0	0	0	0	0	10.81145	0	0	0	0	0	0	0	0	0	0	0	0	0	0	0	0	0	0	0	0	0	0	0	0	0	0	7.30053	0	0	0	0	0	0	0	0	0	0	0	0	0	0	0	0	0	0	0	0	0	0	0	0	0	
