0	0	0	0	0	0	0	0	0	0	0	0	0	0	0	0	0	0	0	0	0	0	0	0	0	0	0	0	0	0	0	0	0	0	0	0	0	0	0	0	0	0	0	0	0	0	0	0	0	0	0	7.69086	0	0	0	0	0	0	0	0	0	0	0	0	0	0	0	0	0	0	0	0	0	0	0	0	0	0	0	0	0	0	0	0	0	0	0	0	0	0	0	0	0	0	0	0	0	0	0	0	
0	0	0	0	0	0	0	0	0	0	0	0	0	0	0	0	0	0	0	0	0	0	0	0	0	0	0	0	0	0	0	0	0	0	0	0	0	0	0	0	0	0	0	0	0	0	0	13.95806	0	0	0	0	0	0	0	0	0	0	0	0	0	0	0	10.13016	0	0	0	0	0	0	0	0	0	0	0	0	0	0	0	0	0	0	0	0	0	0	0	0	0	0	0	0	0	0	0	0	0	0	0	0	
0	0	0	0	0	0	0	0	0	0	0	0	0	0	0	0	0	0	0	0	0	0	0	0	0	0	0	0	0	0	0	0	0	0	0	0	0	0	0	0	0	0	0	0	0	0	0	0	0	0	0	0	0	0	10.51039	0	0	0	0	0	0	0	0	0	0	0	0	0	0	0	0	0	0	0	0	0	0	0	0	0	0	0	0	0	0	0	0	0	0	0	0	0	0	0	0	0	0	0	0	0	
0	0	0	0	0	0	0	0	0	0	0	0	0	0	0	0	0	0	0	0	0	0	0	0	0	0	0	0	0	0	0	0	0	0	0	0	0	0	0	0	0	0	0	0	0	0	13.52149	8.28914	0	0	0	0	0	0	0	0	0	0	0	0	0	0	0	0	0	0	0	0	0	0	0	0	0	0	0	0	0	0	0	0	0	0	0	0	0	0	0	0	0	0	0	0	0	0	0	0	0	0	0	0	
0	0	0	0	0	0	0	0	0	0	0	0	0	0	0	0	0	0	0	0	0	0	0	0	0	0	0	0	0	0	0	0	0	0	0	0	0	7.74703	0	0	0	0	0	13.06534	0	0	0	0	0	0	0	0	0	0	0	0	0	0	0	0	0	0	0	0	0	0	0	0	0	0	0	0	0	0	0	0	0	0	0	0	0	0	0	0	0	0	0	0	0	0	0	0	0	0	0	0	0	0	0	0	
0	0	0	0	0	0	0	0	0	0	0	0	0	0	0	0	0	0	0	0	0	0	0	0	0	0	0	0	0	0	0	0	0	0	0	0	0	0	0	0	0	0	0	0	0	0	0	0	0	0	0	0	0	0	0	0	0	0	0	0	0	0	0	0	0	0	0	0	0	0	0	0	8.81322	0	0	0	0	0	0	0	0	0	0	0	0	0	0	0	0	0	0	0	0	0	0	0	0	0	0	0	
0	0	0	0	0	0	0	0	0	0	0	0	0	0	0	0	0	0	0	0	0	0	0	0	0	0	0	0	0	0	0	0	0	0	0	0	0	0	0	0	0	0	0	0	0	0	0	0	0	0	0	0	0	0	0	0	0	0	0	0	0	0	0	0	0	0	0	0	0	0	0	0	0	0	9.86172	0	0	0	0	0	0	0	0	0	0	0	0	0	0	0	0	0	0	0	0	0	0	0	0	0	
0	0	0	0	0	0	0	0	0	0	0	0	0	0	0	0	0	0	0	0	0	0	0	0	0	0	0	0	0	0	0	0	0	0	0	0	0	0	0	0	0	0	0	0	0	0	0	0	0	0	0	9.47695	0	0	0	8.71033	0	0	3.93455	0	0	0	0	0	0	0	0	0	0	0	0	0	0	0	0	0	0	0	0	0	0	0	0	0	0	0	0	0	0	0	0	0	0	0	0	0	0	0	0	0	
0	0	0	0	0	0	0	0	0	0	0	0	0	0	0	0	0	0	0	0	0	0	0	0	0	0	0	0	0.8431	0	0	0	0	0	0	0	0	0	0	0	0	0	0	0	0	0	0	0	0	0	0	0	0	0	0	0	0	0	0	0	0	0	0	0	0	0	0	5.90278	0	0	0	0	0	0	0	0	0	0	0	0	0	0	0	0	0	0	0	0	0	0	0	0	0	0	0	0	0	0	0	0	
0	0	0	0	0	0	0	0	0	0	0	0	0	0	0	0	0	0	0	0	0	0	0	0	0	0	0	0	0	0	0	0	0	0	0	0	0	0	0	0	0	0	0	0	0	0	0	0	0	0	0	0	0	0	0	8.60837	0	0	0	0	0	0	0	0	0	0	0	0	0	0	0	0	0	0	0	0	0	0	0	0	0	0	0	0	0	0	0	0	0	0	0	0	0	0	0	0	0	0	0	0	
0	0	0	0	0	0	0	0	0	0	0	0	0	0	0	0	0	0	0	0	0	0	0	0	0	0	0	0	0	0	0	0	0	0	0	0	0	0	0	0	0	0	0	0	0	0	0	0	0	0	0	0	0	0	0	0	0	0	0	0	0	0	0	0	0	0	0	11.51068	0	0	0	0	0	0	0	0	0	0	0	0	0	0	0	0	0	0	0	0	0	0	0	0	0	0	0	0	0	0	0	0	
0	0	0	0	0	0	0	0	0	0	0	0	0	0	0	0	0	0	0	0	0	0	0	0	0	0	0	0	0	0	0	0	0	0	0	0	0	0	0	0	0	0	0	0	0	0	0	0	0	0	0	0	4.0771	0	0	0	4.00278	0	0	0	0	0	0	0	0	0	0	0	0	0	0	1.37173	0	0	0	0	0	0	0	0	0	0	0	0	0	0	0	0	0	0	0	0	0	0	0	0	0	0	0	0	
0	0	0	0	0	0	0	0	0	0	0	0	0	0	0	0	0	0	0	0	0	0	0	0	0	0	0	0	0	0	0	0	0	0	0	0	0	0	0	0	0	0	0	0	0	0	0	0	8.36144	0	0	0	12.24635	0	0	0	0	0	0	0	0	0	0	0	0	0	0	6.99132	0	0	0	0	0	0	0	0	0	0	0	0	0	0	0	0	0	0	0	0	0	0	0	0	0	0	0	0	0	0	0	0	
0	0	0	0	0	0	0	0	0	0	0	0	0	0	0	0	0	0	0	0	0	0	0	0	0	0	0	0	0	0	11.72061	0	0	0	0	0	0	0	0	2.15066	0	0	0	0	0	0	0	9.06136	0	0	0	0	0	0	0	0	0	9.01783	3.71954	0	10.15684	0	0	12.76535	0	0	0	0	0	0	0	0	0	0	0	0	0	0	0	0	0	0	0	0	0	0	0	0	0	0	0	0	0	0	0	0	0	0	0	0	
0	0	0	0	0	0	0	0	0	0	0	0	0	0	0	0	0	0	0	0	0	0	0	0	0	0	0	0	0	0	0	0	0	0	0	0	0	0	0	0	0	0	0	0	0	0	0	0	0	0	0	0	0	0	6.19262	0	0	0	0	0	0	0	0	0	0	0	0	0	0	0	0	0	0	0	0.61287	0	0	0	0	0	0	0	0	0	0	0	0	0	0	0	0	0	0	0	0	0	0	0	0	0	
0	0	0	0	0	0	0	0	0	0	0	0	0	0	0	0	0	0	0	0	0	0	0	0	0	0	0	0	0	0	0	0	0	0	0	0	0	0	0	0	0	0	13.47339	0	0	0	0	0	0	0	0	0	7.36235	0	0	0	0	0	0	14.04464	0	0	0	0	0	0	0	0	0	0	0	11.25948	0	0	0	0	0	0	0	0	0	0	0	0	0	0	0	0	0	0	0	0	0	0	0	0	0	0	0	0	
0	0	0	0	0	0	0	0	0	0	0	0	0	0	0	0	0	0	0	0	0	0	0	0	0	0	0	0	0	0	0	0	0	0	0	0	0	0	0	0	0	0	0	5.92388	0	0	0	10.43337	0	0	0	6.6146	0	0	0	0	0	0	4.59491	0	0	0	0	0	0	0	0	0	0	0	0	0	0	0	0	0	0	0	0	0	0	0	0	0	0	0	0	0	0	0	0	0	0	0	0	0	0	0	0	0	
0	0	0	0	0	0	0	0	0	0	0	0	0	0	0	0	0	0	0	0	0	0	0	0	0	0	0	0	0	0	0	0	0	0	0	0	0	0	0	0	0	0	9.34523	0	0	0	0	0	0	0	0	0	0	0	0	8.33804	0	0	0	0	0	0	0	0	0	0	1.37173	0	5.69517	0	0	0	0	0	0	0	0	0	0	0	0	0	0	0	0	0	0	0	0	0	0	0	0	0	0	0	0	0	0	0	
0	0	0	0	0	0	0	0	0	0	0	0	0	0	0	0	0	0	0	0	0	0	0	0	0	0	0	0	0	0	0	0	0	0	0	0	0	0	0	0	13.59384	0	0	0	0	0	0	0	0	0	0	0	0	0	0	0	0	0	0	0	0	0	0	0	0	0	0	0	0	0	0	0	0	0	0	0	0	0	0	0	0	0	0	0	0	0	0	0	0	0	0	0	0	0	0	0	0	0	0	0	
0	0	0	0	0	0	0	0	0	0	0	0	0	0	0	0	0	0	0	0	0	0	0	0	0	0	0	0	0	0	0	0	0	0	0	0	0	0	0	0	0	0	0	0	0	0	0	9.7402	0	0	8.35455	0	0	0	0	0	0	0	0	0	0	0	0	0	0	0	0	0	0	0	0	0	0	0	0	0	7.55738	0	0	0	0	0	0	0	0	0	0	0	0	0	0	0	0	0	0	0	0	0	0	0	
0	0	0	0	0	0	0	0	0	0	0	0	0	0	0	0	0	0	0	0	0	0	0	0	0	0	0	0	0	0	0	0	0	0	0	0	0	0	0	0	0	0	0	0	0	0	0	9.86172	0	0	8.04322	10.93633	0	0	0	0	6.32923	0	9.14399	0	10.39179	0	0	0	0	8.65931	0	0	0	0	0	0	0	0	0	0	0	0	0	0	0	0	0	0	0	0	0	0	0	0	0	0	0	0	0	0	0	0	0	0	
0	0	0	0	0	0	0	0	0	0	0	0	0	0	0	0	0	0	0	0	0	0	0	0	0	0	0	0	0	0	0	0	0	0	0	0	0	0	0	0	0	9.69394	0	0	0	0	0	0	0	0	0	0	0	0	0	0	0	0	0	0	0	0	0	0	0	0	0	0	1.37173	0	0	0	0	0	0	0	0	0	0	0	0	0	0	0	0	0	0	0	0	0	0	0	0	0	0	0	0	0	0	0	
0	0	0	0	0	0	0	0	0	0	0	0	0	0	0	0	0	0	0	0	0	0	0	0	0	0	0	0	0	0	0	0.33868	0	0	0	0	0	0	0	0	0	0	0	0	0	0	0	8.10969	0	0	0	0	0	0	0	0	0	0	0	0	0	0	0	1.96754	0	0	0	0.33868	0	0	0	0	0	0	0	0	0	0	0	0	0	0	0	0	0	0	0	0	0	0	0	0	0	0	0	0	0	0	0	0	
0	0	0	0	0	0	0	0	0	0	0	0	0	0	0	0	0	0	0	0	0	0	0	0	0	0	0	0	0	0	0	7.87939	0	0	0.33868	0	0	0	0	0	0	0	0	0	0	0	0	0	0	0	0	0	0	0	0	0	0	0	0	0	0	0	0	0	0	0	0	0	0	0	0	0	0	0	0	0	0	0	0	0	0	0	0	0	0	0	0	0	0	0	0	0	0	0	0	0	0	0	0	0	
0	0	0	0	0	0	0	0	0	0	0	0	0	0	0	0	0	0	0	0	0	0	0	0	0	0	0	0	0	0	0	0	0	0	0	0	0	0	0	0	0	0	0	9.16675	0	0	0	0	0	11.82427	0	0	0	0	9.21059	0	0	0	0	0	0	0	0	0	0	0	0	0	0	0	0	0	0	0	0	0	0	0	0	1.36417	0	0	0	0	0	0	0	0	0	0	0	0	0	0	0	0	0	0	0	0	
0	0	0	0	0	0	0	0	0	0	0	0	0	0	0	0	0	0	0	0	0	0	0	0	0	0	0	0	0	0	0	0	8.14249	0	0	0	0	0	0	0	0	0	0	0	0	0	0	5.75295	0	0	7.66431	0.70938	0	0	0	0	0	0	9.21445	0	0	0	0	0	0	0	0	0	0	0	2.31313	0	0	0	0	0	0	0	0	0	0	0	0	0	0	5.49584	0	0	0	0	0	0	0	0	0	0	0	0	0	0	
0	0	0	0	0	0	0	0	0	0	0	0	0	0	0	0	0	0	0	0	0	0	0	0	0	0	0	0	0	0	0	0	0	0	0	0	0	0	0	11.10459	0	0	0	0	14.61342	0	7.50579	0	0	0	0	0	0	0	0	0	0	0	0	0	0	0	0	0	0	0	0	0	0	1.37173	0	0	0	0	0	0	0	0	0	0	0	0	0	0	0	0	0	0	0	0	0	0	0	0	0	0	0	0	0	0	
0	0	0	0	0	0	0	0	0	0	0	0	0	0	0	0	0	0	0	0	0	0	0	0	0	0	0	0	0	0	0	0	0	0	0	10.62071	0	0	0	0	0	0	0	0	0	0	0	7.88263	0	0	0	0	0	5.86129	0	0	0	0	0	0	8.93523	0	0	0	0	0	0	0	0	0	0	0	0	0	0	0	0	0	0	0	0	0	0	0	0	0	0	0	0	0	0	0	0	0	7.31758	0	0	0	0	0	
0	0	0	0	0	0	0	0	0	0	0	0	0	0	0	0	0	0	0	0	0	0	0	0	0	0	0	0	0	0	0	0	0	0	0	0	0	0	0	0	0	13.11374	0	0	0	0	0	0	0	0	0	0	0.61287	0	0	0	0	0	0	0	0	0	0	0	0	0	0	1.04166	0	0	0	1.86647	0	0	0	0	0	0	0	0	0	0	0	0	0	0	0	0	0	0	0	0	0	0	0	0	0	0	0	0	
0	0	0	0	0	0	0	0	0	0	0	0	0	0	0	0	0	0	0	0	0	0	0	0	0	0	0	0	0	0	0	0	0	0	0	0	0	0	0	0	10.03292	0	0	0	10.71799	0	0	7.48555	0	0	0	10.29452	0	0	0	10.96584	0	0	7.62276	0	5.48108	0	0	0	0	0	0	0	0.61287	0	0	0	0	0	0	0	0	0	0	0	0	0	0	0	0	0	0	0	0	0	0	0	0	0	0	7.6591	0	0	0	0	
0	0	0	0	0	0	0	0	0	0	0	0	0	0	0	0	0	0	0	0	0	0	0	0	0	0	0	0	0	0	0	0	0	0	0	0	0	0	0	0	0	0	0	0	13.6847	0	0	0	0	1.86647	0	0	5.13497	0	0	0	0	7.08428	0	0	0	5.31838	0	0	0	0	0	0	0	0	0	0	0	0	0	0	0	0	0	0	0	0	0	0	0	0	0	0	0	0	0	0	0	0	0	0	0	0	0	0	
0	0	0	0	0	0	0	0	0	0	0	0	0	0	0	0	0	0	0	0	0	0	0	0	0	0	0	0	0	0	0	0	0	0	0	0	0	0	0	0	0	0	0	9.72585	0	0	13.18635	0	0	0	10.34118	0	0	0	0	0	0	0	0	10.54709	0	0	0	0	8.94301	0	0	9.16941	0	0	0	0	8.98882	0	0	0	4.97422	0	0	0	0	0	0	0	0	0	0	0	0	0	0	0	0	0	0	0	0	0	0	0	
0	0	0	0	0	0	0	0	0	0	0	0	0	0	0	0	0	0	0	0	0	0	0	0	0	0	0	0	0	0	0	0	0	0	0	0	0	0	0	0	0	0	0	0	1.04166	0.33868	0	11.5545	0	0	0	11.21687	6.66998	0	0	9.34816	0	0	1.86647	0	0	0	0	0	0	0	1.04166	10.81654	0	0	0	0	0	11.47679	0	0	0	0	0	0	0	0	0	0	0	0	0	0	0	0	0	0	0	0	0	0	0	0	0	0	
0	0	0	0	0	0	0	0	0	0	0	0	0	0	0	0	0	0	0	0	0	0	0	0	0	0	0	0	0	0	0	0	0	0	0	0	0	14.32465	0	0	0	0	0	0	0	0	0	0	12.38742	0	0	5.10515	0	0	2.38797	0	7.50158	0	0	8.22392	0	2.06202	0	0	0	0	0	0	0	0	0	0	0	0	6.77699	0.8431	0	0	0	0	0	0	0	0	0	0	0	0	0	0	0	0	0	0	0	0	0	0	0	0	
0	0	0	0	0	0	0	0	0	0	0	0	0	0	0	0	0	0	0	0	0	0	0	0	0	0	0	0	0	0	0	0	0	0	0	0	0	0	0	0	0	0	13.89899	0	0	10.58362	0	11.73533	0	0	6.17368	0	11.01611	0	9.72675	0	0	0	0	0	0	0	0	6.61651	0	0	0	2.77019	0	0	9.31498	0	0	0	0	0	0	0	1.21611	0	0	0	0	0	0	0	0	0	0	0	0	0	0	0	0	0	0	0	0	0	
0	0	0	0	0	0	0	0	0	0	0	0	0	0	0	0	0	0	0	0	0	0	0	0	0	0	0	0	0	0	0	0	0	0	0	0	0	0	0	0	0	0	0	0	0	0	0	8.22136	11.52059	0	0	11.41647	0	0	0	0	0	0	0	0	0	0	0	0	1.51223	0	0	0	0	0	0	0	0	0	0	0	0	0	0	0	0	0	0	0	0	0	0	0	0	0	9.28224	0	0	0	0	0	0	0	0	0	
0	0	0	0	0	0	0	0	0	0	0	0	0	0	0	0	0	0	0	0	0	0	0	0	0	0	0	0	0	0	0	0	0	0	0	0	0	0	0	0	0	0	0	0	0	0	0	12.83053	0	0	0	0	8.95844	0.33868	0	0	0	0	9.48608	5.27959	0	0	0	0	0	0	0	0	0	0	0	0	0	0	0	0	0	0	0	0	0	0	0	0	0	0	0	0	0	0	0	0	0	0	0	0	0	0	6.31465	0	
0	0	0	0	0	0	0	0	0	0	0	0	0	0	0	0	0	0	0	0	0	0	0	0	0	0	0	0	0	0	0	0	0	0	0	0	0	0	0	0	0	0	7.83326	0	0	0	0	0	0	9.47082	0	8.20204	0	8.66778	0	0	0	0	0	0	0	0	0	0	12.96051	0	0	0	0	0	0	0	0	0	0	0	11.64943	0	0	0	0	0	0	0	0	0	0	0	0	0	0	0	0	0	0	0	0	0	0	0	
0	0	0	0	0	0	0	0	0	0	0	0	12.55108	0	0	0	0	0	0	0	0	0	0	0	0	0	0	0	0	0	9.2093	0	0	0	0	0	0	0	0	0	0	0	8.23368	0	0	0	0	9.04844	0	0	13.46663	0	0	3.16013	2.15066	0	10.60011	0	0	0	0	0	0	7.86309	8.73653	8.5576	0	0	0	0	0	0	0	0	0	0	0	0	0	0	0	0	0	0	0	0	0	0	0	0	0	0	0	0	0	0	0	0	0	0	
0	0	0	0	0	0	0	0	0	0	0	0	0	0	0	0	0	0	0	0	0	0	0	0	0	0	0	0	0	0	0	0	0	0	0	0	0	0	0	0	0	0	0	0	0	11.86566	4.14341	0	1.04166	13.05124	0.61287	8.9222	9.5221	0	12.15228	5.31207	0	0	0	0	12.2257	0	0	0	0	0	0	0	0	7.2646	0	0	0	0	0	0	3.72178	0	0	0	0	0	0	0	0	0	0	0	0	0	0	0	0	0	0	0	0	0	0	0	
0	0	0	0	0	0	0	0	0	0	0	0	0	0	0	9.32573	0	0	0	0	0	0	0	0	0	0	0	0	0	0	0	0	0	0	0	3.77638	11.58066	0	0	0	0	0	0	0	0	10.7369	6.85694	8.59954	4.53789	8.54845	0	0	4.61782	0	13.46919	0	0	0	0	6.47346	0	8.03451	0	5.29912	0	10.02012	0	0	11.17068	0	7.87615	0	0	0	0	8.65079	0	3.5987	0	1.07642	0	0	0	0	0	0	0	0	0	0	8.55861	0	0	0	0	0	0	0	0	0	
0	0	0	0	0	0	0	0	0	0	0	0	0	0	0	0	0	0	0	0	0	0	0	0	0	0	10.8089	0	0	0	0	4.73714	0	0	4.807	0	0	0	0	0	11.15834	0	0	0	0	0	0	0	8.79109	6.77829	2.82511	9.07133	8.81237	0	9.13655	0	5.82206	0	4.06619	0	0.61287	5.2598	0	0	0	7.46748	0	0	0	0	0	0	0	8.18509	0	0	0	0	0	0	0	0	0	0	0	0	0	0	0	0	0	0	0	0	0	0	1.04166	0	0	0	
0	0	0	0	0	0	0	0	0	0	0	0	0	0	0	0	0	0	0	13.31462	0	0	0	0	0	0	0	0	0	0	0	0	0	0	0	0	0	0	0	0	0	0	0	12.9448	0	0	11.95388	11.21456	10.8791	0	7.11215	8.58327	9.90696	0	0	0	12.10018	0	0	9.52094	7.01671	0	0	11.65666	0	8.1864	0	7.27384	0	0	0	0	0	0	0	0	0	0	0	0	0	0	0	0	0	0	0	0	0	0	7.61328	0	0	0	0	0	0	0	0	0	
0	0	0	0	0	0	0	0	0	0	0	0	7.63626	0	0	0	0	0	0	10.44013	0	0	0	0	0	0	0	0	0	0	0	0	0	8.34652	0	0	0	0	0	0	0	9.44446	13.68322	0	8.54793	0	0	1.81609	10.29574	0	1.51223	8.78941	6.16431	7.10761	9.55672	5.53148	4.79257	5.31702	7.81753	0	0	0	0	0	7.49525	0	0	0	0	0	0	0	0	0	0	0	0	0	7.83661	0	0	0	0	0	0	0	0	0	0	0	0	0	0	0	0	0	0	0	0	0	
0	0	0	0	0	0	0	0	0	0	0	0	0	0	0	0	0	0	0	0	0	0	0	14.01037	0	0	0	0	0	0	0	0	0	0	0	0	0	0	9.93999	0	0	0	8.20929	9.82977	4.26754	0	8.15324	5.66183	0	7.24324	10.7922	6.97053	0	0	0	0	0	7.50685	13.49399	11.62304	12.33274	0	0	0	11.03315	0	0.8431	0	0	0	0	0	0	0	0	0	0	0	0	0	0	0	0	0	0	0	0	0	0	0	0	0	0	0	0	0	0	0	0	0	
0	0	10.22093	0	0	0	0	0	0	0	0	0	0	0	0	0	0	0	0	0	0	0	0	0	0	0	0	0	0	0	0	0	0	0	0	0	0	0	0	0	10.59631	0	0	0	0	9.41792	0	6.18296	9.64327	10.79926	0	9.24623	9.79108	9.65008	0.8431	9.90058	0	0	0	0	8.95744	0	11.93713	10.34969	0	0	0	0	0	0	0	6.72269	0	0	0	0	0.8431	0	0	0	0	0	0	0	0	0	0	0	0	0	0	0	0	0	0	0	0	0	0	0	
0	0	0	0	0	0	0	0	0	0	0	9.32929	0	0	0	0	0	0	0	0	0	0	0	0	0	0	0	0	0	0	0	0	7.78561	0	0	0	0	8.69228	13.75839	5.74585	7.47393	8.92527	0	0	12.45233	7.43815	11.25676	6.16024	10.69291	0	9.78676	0	0.68587	6.32394	0	9.85481	3.91806	9.00372	0	0	0	0	0	0	0	0	0	7.88586	0	0	0	0	5.64264	0	0	13.84036	0	0	10.45462	0	0	0	0	0	0	0	0	0	0	0	0	0	0	0	0	6.91323	0	0	0	0	
0	0	0	0	0	0	0	0	0	0	0	0	0	0	0	0	0	0	0	0	0	0	0	0	0	0	0	0	0	0	0	0	0	0	4.3634	7.40525	0	0	0	9.08123	0	13.05344	0	10.26687	13.11846	9.86611	7.08491	8.50558	10.22508	11.01166	9.71298	9.64709	1.75775	9.1558	0	0	6.79453	0	0	8.10742	6.69599	0	0.8431	0	0	0	0	0	0	0	0	0	0	0	0	0	0	0	3.69027	0	0	0	0	0	0	0	0	8.59165	0	0	0	0	0	0	0	0	0	0	0	0	
0	0	0	0	0	0	0	0	10.22029	0	7.68716	0	0	0	0	0	0	0	0	0	0	0	0	0	0	0	7.14219	0	0	0	0	0	0	0	0	7.17426	0	10.77879	12.04524	0	10.39907	11.70194	0	10.47247	1.04166	10.63219	8.82338	7.72736	9.09368	8.30556	0	6.50174	0.61287	0	0	0	9.43425	0.8431	0	0	0	0	0.33868	0	0	0	10.55435	0	0	0	0	0	0	0	0	0	0	0	0	0	0	0	0	0	0	0	0	0	0	0	0	0	0	7.0616	0	0	0	0	0	0	
0	0	0	0	0	0	0	0	0	0	0	11.80178	0	0	11.36051	0	0	0	0	0	0	0	0	0	0	0	0	0	0	0	0	10.61756	0	0	4.94973	0	11.70971	0	0	10.90922	0.61287	0	9.17845	9.42485	10.42581	7.94387	10.88647	8.59803	3.38741	9.3183	7.43971	9.20884	9.57529	8.4692	0	4.82057	10.79393	0	0	12.97808	10.72364	5.61655	0	11.47263	0	0	0	0	0	0	0	0	0	0.61287	0	7.00712	0	0	0	0	0	0	0	5.48108	0	0	0	0	0	0	0	0	0	0	0	0	0	0	0	0	
0	0	0	0	0	0	0	0	0	0	0	0	13.63187	0	0	0	0	0	0	0	0	0	0	0	0	0	0	0	0	10.57213	0	0	7.50579	0	2.15066	0	13.26051	0	11.17959	11.23371	10.61953	9.36157	9.40874	7.49318	8.59625	5.15014	10.02171	10.01774	7.75058	8.6087	9.0618	11.75846	10.0707	10.30763	5.27713	9.42647	12.38868	0	0	8.28149	7.28612	0	0	0	0	0.33868	0	0	0	0	0	0	0	9.79535	0	0	0	0	0	0	11.2785	0	0	0	0	0	0	0	0	0	0	0	0	0	0	0	0	0	0	0	
0	0	0	0	0	0	0	12.84238	0	0	0	10.29665	0	0	0	0	0	0	0	0	0	0	0	0	0	0	0	9.67304	0	0	3.43184	0	12.6165	0	0	0	9.96465	7.23888	11.00643	9.15857	9.6028	4.70974	0	10.27562	10.31322	10.34293	9.10573	9.8969	10.75873	10.50976	5.2204	9.52992	9.08604	7.65721	8.19696	5.2429	10.5661	4.1842	5.06569	8.85257	7.19869	12.05613	6.06952	0	10.39972	0	0	0	0	0	0	0	0	9.43456	0	0	0	0	0	0	0	0	0	0	0	0	0	0	0	0	0	0	0	0	0	0	0	0	0	0	
8.37185	0	0	0	0	0	0	0	10.15478	0	0	0	6.2609	0	0	0	0	0	0	0	0	0	0	0	10.49036	0	0	8.85257	0	0	0	0	15.55148	0	12.25503	9.3691	0	6.93938	10.43738	6.8785	7.90192	9.7212	6.63429	9.67017	11.45426	10.71998	8.29948	9.62847	5.48836	6.06351	9.8803	5.27651	11.02666	1.80204	10.47509	9.93329	10.59231	6.98181	0	10.29952	0.33868	2.15066	0	5.55552	0	6.96711	0	0	0	0	9.05348	0	0	0	0	0	0	0	0	0	0	0	4.37086	0	0	3.98991	0	0	0	0	0	0	0	0	0	0	0	0	0	0	
0	0	0	12.37634	0	0	0	0	0	0	0	0	0	0	0	0	0	0	8.72214	0	0	12.92654	0	2.77019	11.61668	6.79558	0	0	9.63465	7.83828	11.47025	0	10.6299	0	0	0	0	10.49138	11.57196	9.91266	9.83453	5.78323	9.30338	9.26041	9.76785	9.86278	8.57138	8.93987	10.25487	7.80092	9.50922	7.28019	11.22025	6.76664	6.48122	10.49462	0	2.04347	3.72724	8.94171	0	3.43184	8.08881	0	0	0	0	0	0	5.102	0	0	6.20507	0	0	8.93445	10.30028	3.3193	0	0.33868	0	0	0	0	0	0	0	0	0	0	0	0	0	0	0	0	0	0	0	0	
9.34112	0	0	0	13.47702	8.74938	0	0	0	0	0	0	0	0	0	0	0	7.22363	0	0	0	0	0	0	10.09778	0	9.88758	9.09344	0	11.51578	10.68728	0	0	0	11.44126	11.515	6.19151	11.8183	11.60391	10.11546	9.3628	8.97978	9.91602	9.5461	9.92616	9.21767	10.20404	7.68845	8.07394	10.05302	5.76097	9.21994	8.98882	6.69258	7.94326	9.43339	8.78877	2.34424	4.18583	10.99158	8.72394	0	7.09116	11.46441	9.91093	9.84925	7.4267	0	0	0	0	0	0	0	8.086	0	0	0	0	0	0	0	0	0	0	0	0	0	0	0	0	0	0	0	0	0.61287	0	0	0	0	
0	0	0	0	0	0	0	0	8.62974	0	7.75766	0	0	0	0	0	7.30556	12.27921	10.89943	8.6307	10.99681	6.28659	0	0	0	15.01286	0	8.83177	7.44569	11.49728	0	12.1426	13.6583	7.04794	10.26297	10.19375	7.16084	9.95569	11.2234	10.51201	10.20845	8.37949	5.65101	8.23792	9.60016	8.52091	9.46751	9.87701	8.55766	7.70569	7.66575	10.98032	6.6677	7.73489	4.98058	6.0997	5.08138	8.45472	0	12.34263	4.66777	3.95932	8.9425	0	8.0126	11.0604	4.57039	0	0	0	0	3.02595	0	0	9.15206	0	0	0	8.64412	0	0	0	0	0	0	5.60392	0	0	0	0	0	0	0	0	0	3.62987	0	0	0	0	
0	10.03293	0	0	2.52695	6.65868	0	0	0	0	0	0	0	0	6.22051	10.0322	0	10.48291	9.05825	0	6.16306	0	5.176	0	0	0	0	0	9.5183	9.86172	9.00999	0	10.12299	2.35842	11.2944	7.22876	9.35867	9.20383	9.19496	9.60667	8.73463	8.01724	8.11011	8.72173	9.29942	7.68526	9.4723	8.87357	8.61037	8.4245	7.48968	8.78471	7.64204	7.22995	8.17197	8.09214	5.30878	7.50375	8.16342	6.10683	0	8.71033	0	12.28962	10.39345	2.71312	5.73213	5.78792	0	0	0	0	0	0	0	1.37173	0	0	0	0	7.59275	0	0	0	0	0	0	0	0	0	0	0	0	0	0	0	0	0	0	0	
0	9.84687	8.26545	0	8.65802	0	0	0	0	0	10.93184	0	0	0	7.95519	7.7717	0	9.67304	0	0	9.49983	10.59675	7.35935	9.83029	8.38676	9.13722	0	5.46311	10.15281	6.74027	11.80423	10.36019	11.14367	11.42514	11.22097	4.14747	8.3894	8.7025	8.3566	8.68325	8.21726	8.33119	8.96774	8.04807	7.61772	7.46708	9.11724	7.98966	9.63707	8.12549	8.15683	9.16342	7.91808	7.40181	7.28474	6.63689	7.25928	8.1113	6.20566	7.69271	0	6.54048	11.573	10.65172	2.5889	10.27863	0	0	0	0.61287	0	9.03975	0	0	9.39315	0	5.88156	0	0	0	0	0	0	4.89554	0	1.97966	0	0	0	0	0	0	0	0	0	0	0	0	0	0	
0	0	0	0	0	0	0	0	8.62974	0	10.79436	12.74708	0	0	0	0	0	0	11.39891	0	9.33048	0	0	0	0	14.22768	10.59376	0	4.20681	9.32454	8.02819	7.642	5.66539	8.58003	10.63142	10.53641	8.49774	8.03603	8.80596	9.99929	5.77129	7.58406	8.82684	8.44922	7.05664	7.44081	6.74868	7.18477	8.86234	8.90457	9.54652	9.39699	8.59907	7.59096	7.02824	8.40581	7.73096	7.65556	8.69936	9.4642	9.23843	5.69921	9.64232	9.13901	0	8.1013	0	8.3512	0	0	0	0	0	0	0	0	0	0	0	0	0	9.49613	0	0	0	0	0	7.21557	5.09084	8.57872	0	0	0	0	0	0	0	0	0	0	
0	0	0	0	0	0	0	0	11.81815	5.38385	0	3.50092	0	12.27768	0	0	0	3.85763	6.04081	5.04514	0	0	0.61287	8.61746	8.72033	3.80398	8.82253	9.33479	3.15713	10.35933	0	6.03035	4.97578	5.13304	4.60737	9.02601	9.68508	6.39543	7.11575	6.55748	9.21027	8.76913	8.04165	9.91343	6.68402	8.24891	7.96537	9.02038	7.08351	8.97086	7.81817	7.90491	7.44495	6.06412	7.85569	8.45133	8.23456	10.9469	8.90846	6.02855	6.51551	8.303	10.45014	3.93455	3.59893	7.26631	9.26745	0	0	0	0	0	0	8.81831	8.30824	0	0	0	13.4295	0	0	0	0	0	0	0	0	0	7.67787	0	1.21611	0	0	0	0	0	0	0	0	0	
0	0	9.87113	6.64779	0	2.92901	0	1.21611	9.54397	0	0	0	0	0	0	0	0	9.15409	0	0	0	0	0	10.19804	0	9.37486	0	9.42373	6.76079	7.52127	0	10.01818	0	10.96374	5.18068	9.05551	8.53415	6.15193	4.08059	9.42212	7.35459	8.18673	8.3929	9.08075	7.66125	7.63481	6.81379	9.55748	8.94773	7.5828	7.83724	8.35771	7.86974	7.74528	7.66958	5.55627	7.88021	10.24418	7.00053	6.95012	11.91193	9.61597	2.73194	10.17345	4.96294	0	0	10.27053	0.8431	6.24085	1.50597	0	11.49873	0	2.31295	0	9.69633	0	0	0	0	0	5.26448	0	0	0	0	0	0	0	0	0	0	0	0	0	0	0	0	0	
0	0	0	0	0	0	0	0	1.21611	0	11.01758	6.59297	9.10177	0	12.90191	0	0	6.59297	0	1.75775	0	0	0	0	0	0	7.97202	6.21023	7.2882	0	7.54312	7.02673	7.54614	8.58879	3.65871	9.50913	8.13897	7.09247	7.62874	8.48596	8.63795	4.92908	7.78207	5.9476	6.9315	8.44364	6.64392	7.22881	7.31881	5.51872	7.17235	9.44505	8.87023	6.92971	6.27027	6.43363	5.91607	7.79894	9.13124	5.13809	6.6101	5.62807	6.78583	5.63806	0.33868	5.53299	8.31904	4.08377	0	0	10.46303	0	7.37215	0.68587	0	11.81551	0	0	1.37173	0	0	0	0	0	0	0	0	0	5.90516	0	0	0	0	0	0	0	0	0	0	0	
0	0	0	0	0	0.33868	0	0	0	10.63663	0	0	5.70252	0	0	0	0	0	0	0	0	0	0	10.69585	0	0	7.66577	0	0	5.19	6.60271	0	0	9.14302	9.08826	9.30717	4.34473	1.51223	0.33868	9.92003	5.42895	10.48078	3.32252	7.41514	9.74339	8.01077	7.04826	9.38261	9.98328	5.45955	7.60354	9.24112	6.92347	6.39887	7.43042	6.81756	6.88412	6.66199	4.74993	5.74219	7.41001	5.01629	3.65958	9.24745	6.6017	7.01364	8.60347	10.68752	6.19734	0	0	2.23416	0	2.52695	0	3.02595	11.3715	0	0	0	0	0	0	0	10.50699	0	0	4.0771	0	0	0	9.11743	0	0	0	0	7.62469	0	0	0	
0	0	0	0	0	0	0	0	0	0	0	10.71367	0	0	0	0	0	7.44213	13.16344	0	0	0	0	2.82511	0	0	0	8.45363	0	0	0	0	6.53075	5.71518	4.58289	0	5.33821	8.90289	2.66396	3.81393	7.38286	9.06754	7.6865	2.13662	0	7.76318	6.26062	5.48839	7.94061	6.76599	7.40242	11.41622	8.07022	4.57357	7.86213	5.44089	6.26594	7.31293	7.1552	8.58642	6.82842	6.31454	0	6.72203	8.4469	0	6.45729	6.84291	10.2774	8.31266	0	0	1.6402	0.8431	0	11.08943	0	9.09246	0	0	0	10.72663	0	0	0	0	0	0	0	0	0	0	0	0	0	0	0	0	0	0	
0	0	0	0	6.00001	0	0	0	0	0	9.67864	0	1.21611	0	0	11.37475	0	0	6.46051	0	5.72461	12.35149	0	0	0	7.85322	6.70699	0	0	10.15745	0	9.823	9.48285	0	0	4.00759	11.06896	1.37173	10.66395	10.9277	5.01163	8.02867	7.02875	9.73842	7.07837	5.91706	10.58014	5.94439	8.81534	8.56533	9.08989	6.85685	7.948	7.28044	5.16521	7.25422	6.11025	8.24716	4.18042	7.32961	5.47518	6.95175	5.28554	4.54526	7.41613	0	9.33847	9.42319	0	0	7.43468	4.76549	7.68935	11.72893	9.78478	0	5.22014	0	0	0	4.16485	0	0	7.56546	0	8.24294	0	0	0	0.33868	0	0	0	0	0	0	0	0	0	0	
0	0	0	0	0	0	0	0	0	0	0	8.68829	2.01448	0	0	1.21611	0	0	0	2.52695	0	0	1.04166	0	0	0	0	0	0	4.42811	5.21938	4.32189	0	0	0	8.62588	0	0	0	2.06202	5.6228	4.66471	3.84956	5.94946	8.2199	3.35809	4.57451	7.50919	6.56961	3.01168	0	0	7.31286	10.1894	10.88799	7.07546	8.41444	6.80749	6.20273	5.63453	6.81828	7.42586	8.82889	7.42558	5.17004	7.82348	9.67725	8.47578	5.3468	8.145	0	5.95291	8.13248	8.5144	9.53422	0	3.3216	0	6.81605	0	0	0	0	0	0	0	0	0	0	0	0	0	0	0	0	0	0	0	0	0	
0	0	0	11.33073	0	0	0	0	0	0	0	0	0	0	0	0	12.81753	0	0	0	0	0	6.19468	0	0	0	9.36843	7.09102	8.45472	6.38942	0	0	0.33868	0	0	11.68075	0	1.21611	1.51223	3.29725	4.43488	0	0	0	5.3938	11.12867	6.89404	5.30878	5.39042	5.24167	4.99367	7.24352	8.17882	7.62166	7.49025	8.57828	8.48504	6.61494	6.19258	7.3817	7.79871	6.71991	6.55835	8.7023	8.81932	9.70817	5.71071	3.35928	11.00671	10.2658	2.03962	9.12764	5.82262	2.53465	5.90767	0	12.57199	2.31313	5.43261	9.03976	1.0192	6.69966	8.10554	0	0	0	0	0	0	0	0	0	0	0	0	0	0	14.62386	0	11.86045	
0	0	4.75629	0	0	0	0	0	0	0	0	0	0	0	0	0	0	0	0	0	7.30314	0	0	0	0	10.06287	0	8.63249	0	9.48232	0	10.4954	9.48072	0	8.51857	0	0	7.45391	5.88915	0	8.09161	0	0	9.47255	10.89983	9.47375	1.28642	4.89555	5.22959	6.76043	4.3634	8.70942	6.92836	9.25789	7.84467	8.4626	6.035	5.21586	8.53701	6.68181	3.30434	5.85791	6.27496	2.1311	5.17499	7.75483	4.67628	0	9.54813	5.05164	5.04205	6.96077	5.73085	7.84028	0	0	5.16964	0	4.46227	6.95485	0	5.13441	0	0	0	0	0	0	4.45258	0	0	0	0	0	0	0	6.80926	0	0	0	
0	0	0	0	1.86647	0	0	0	0	0	0	0	9.42959	0	0	0	0	0	0	0	7.87452	3.62987	0	0	0	0	0	6.57642	0	0	0	3.11678	10.49222	0	0	0	3.16013	0	0	8.03742	0	0	4.78455	0.33868	6.67372	0	3.37204	10.65923	9.61483	5.95101	4.0771	4.95071	10.50935	4.96867	8.48398	5.9547	0	6.53136	7.43418	2.85192	7.12117	6.4191	8.06096	6.1655	7.15785	8.74009	5.8607	3.25443	5.99858	7.04756	7.64667	0	0	8.88728	0	7.38534	4.87662	6.332	0	0	0	0	0	0	7.98715	0	0	0	0	0	0	0	0	0	0	0	9.1487	0	0	0	
0	0	0	0	0	0	0	0	6.51996	0	0	0	0.33868	0	0	0	10.44863	1.04166	6.46484	0	0	0	0	0	5.09685	0	0	0	0	0	0	0	0	0	5.29912	8.09021	0	4.45328	0	0	0	0	5.5232	12.53515	0	9.3427	9.4461	8.02721	0	4.5371	0	9.35809	9.35342	7.4597	0	6.62427	0	6.87246	0	4.96393	8.5732	9.98023	7.03262	8.08178	4.9644	6.05741	6.54525	6.28543	10.82898	5.33364	7.63685	4.76816	7.58266	9.80736	7.94239	3.70254	8.32111	7.77867	0	0.61287	7.58746	6.38028	11.49524	0	4.22946	0	7.17162	4.61782	4.05429	0	6.65989	0	0	9.04995	0	0	0	0	0	0	
0	0	0	0	0	0	0	0	0	0	0	0	0	0	0	0	0	0	0	0	8.31873	0	0	0	0	0	0	0	0	6.50743	0	0	0	0	10.27893	0	0	0	0	0	8.72755	0	10.01164	8.41164	4.07714	0	0	10.42993	7.45665	5.50839	10.42522	0	0	4.26432	3.91376	6.23466	0	0	8.6247	9.29933	10.56055	6.01541	2.19241	5.37181	7.84878	7.76133	4.13921	5.21641	5.74053	5.30286	10.3016	7.40873	3.3391	5.15443	4.77841	1.21611	1.07533	0	5.10053	0	0	0	4.03113	0	0	0	8.17872	0	0	0	0	0	0	0	0	0	0	0	0	0	
0	0	0	0	6.41202	0	0	0	0	0	0	2.15066	0	5.1458	0	0	0	0	0	0	0	0	0	0	0	0	0	0	0	0	0	0	0	0	0	0	0	0	0	8.10448	0	0	4.43574	0	5.00827	0	3.42086	8.07613	0	0	4.03113	0	0	0	10.06251	0	0	1.75775	0	7.58548	7.44106	1.07827	6.58733	7.35995	7.58143	0	2.07256	5.47922	9.80779	4.34943	8.88557	8.68084	9.26585	4.8932	0	0	6.62928	2.45912	8.14167	8.56971	4.03113	7.0616	2.71312	0	1.37173	0	3.20223	9.41737	0	4.22077	0	0	0	0	2.31313	0	0	0	0	0	
0	0	0	0	0	0	0	0	0	0	0	0	0	0	0	0	0	5.05944	0	0	0	7.70191	8.43389	0	0	0	9.8829	0	0	0	0	0	0	5.67511	6.53519	0	0	0	0	0	0	0	0	0	0	0	0	0	2.15066	0	8.00806	0	0	0	0	9.92222	8.26368	9.35959	5.02201	7.50579	0	7.52384	4.36988	0	7.52307	5.61566	7.23165	5.84103	5.62482	3.57227	6.40148	5.46076	6.12119	4.55529	8.85997	6.81429	6.99799	0	8.94765	7.05835	0	0	7.42221	0	4.48772	9.72544	1.51223	2.15066	0	10.34077	0	0	0	0	0	0	9.9183	0	0	0	
0	0	0	0	0	0	0	0	7.64807	0	0	0.8431	0	0	0	0	0	0	0	0	0	0	0	0	0	0	0	11.20456	0	0.33868	0	0	0	0	0	0	0	0	0	10.51751	0	0	0	0	0	5.8355	0	6.38486	7.49525	0	0	10.37492	0	0	0	0	0	0	7.06821	0	8.93022	0	8.21948	9.41809	5.19504	5.53435	5.57606	0	0	4.51544	7.9354	1.86647	8.87831	7.70492	7.9081	10.30751	2.64916	0	3.50092	7.46247	4.94178	8.23138	10.02526	10.70904	5.2463	0	0	0	0	0	5.01021	0	11.00189	0	0	0	0	0	0	0	
0	0	0	0	0	0	0	0	0	0	0	0	0	7.32712	0	0	0	0	0	8.15594	0	0	0	0	0	2.62491	0	0	0	0	0	0	0	0	7.83494	0	0	6.0352	0	0	10.39349	0	1.04166	7.90511	0.33868	0	0	0	0	0	2.82511	6.75727	0	0	4.84735	0	0	0	0	6.7338	4.4934	0	8.05056	9.94426	5.57217	4.68421	8.78108	8.50392	0	3.96942	6.9873	0	5.45824	5.53188	7.65532	6.84765	4.46721	5.96456	7.56305	3.26337	0	7.52327	7.81981	4.60876	5.47987	0	0	8.21109	4.99635	0	6.01152	0	0	8.66685	0	0	0	0	4.58187	0	
0	0	0	0	0	0	0	3.07209	0	0	0	0	0	0	0	0	0	0	0	0	0	0	4.53789	0	0	0	0	0	11.08838	0	0	0	0	0	9.8738	0	0	0.33868	0	0	0	5.95144	0	0	0	0	5.72275	0	0	0	0	0	10.26814	0	0	0	6.44254	4.30665	0	4.95605	8.73708	0	0	5.84291	0	1.86647	0	8.38742	6.74482	9.92239	8.78273	5.29882	9.73259	4.69661	3.3216	5.37327	6.90326	4.89944	5.84224	4.77276	7.51119	7.2731	1.24467	0	7.3902	0	1.75775	3.52577	0	0	9.15809	7.50346	0	0	0	0	6.89516	0	0	0	
0	0	0	0	0	0	0	0	0	0	0	0	0	0	0	0	0	0	0	0	0	0	0	0	0	0	0	0	0	0	0	0	0	0	0	0	0	5.08602	0	0	0	0	0	0	0	0	0	0	0	1.04166	0	4.21422	0	4.65091	0	0	4.84735	8.38648	0.33868	0	2.5917	0	11.18796	12.49722	5.9387	5.79881	0	0	9.42915	6.02412	0	5.37468	5.65743	8.94611	7.18107	7.3238	0	2.988	4.49449	7.52853	3.05196	8.73294	7.65342	6.43867	0	0	2.7813	0	0	0	0	0	6.29718	8.36033	10.04382	0	0	0	0	0	
0	0	0	0	0	0	0	9.46027	0	0	0	0	0	0	0	0	0	0	0	0	0	0	0	0	0	0	0	0	0	0	0	0	0	0	0	0	0	3.11498	0	4.22733	0	0	0	0	0	0	0	0	0	0	4.77611	0	0	7.1204	6.81266	0	0	9.08684	9.42293	10.55903	0	0	0	8.68326	7.97608	10.83024	0	0	7.69199	5.44552	8.43032	5.35919	4.38835	6.91275	8.47095	7.03302	5.90284	0	8.31294	5.32779	7.40812	9.87763	4.16607	4.51561	2.60352	0	0	0.75259	0	0	6.30985	0	0	0	0	2.11627	0	0	0	0	
0	0	0	0	0	0	0	0	0	0	0	0	0	0	0	0	0	0	0	0	0	0	0	0	0	8.13164	0	0	0	0	0	0	0	0	0	0	0	5.32792	0	0	0	0	0	0	9.90258	0	0	0	7.58746	0	0	0	0	0	0	2.45912	0	0	0	0	0	0	8.20657	0	0	5.84901	6.0536	3.58504	0	7.26134	2.0038	0	10.63417	0	6.94869	6.92807	1.37173	6.90196	6.84057	4.53979	4.19226	0	6.73196	0	9.09246	5.55152	0	0	0	0	10.78832	0	0	0	0	0	0	3.56683	0	0	
0	0	0	0	0	0	0	0	0	0	0	0	1.86647	0	0	0	0	0	0.33868	0	0	0	0	0	0	0	0	0	0	0	0	0	0	0	0	0	0	0	0	0	0	0	0	0	0	0	0	7.39674	0	0	2.38797	0	8.4427	0	0	0	0	0	0	2.79469	0	0	0	6.96164	3.95932	7.91463	9.69134	0	10.31505	0	0	8.02721	0	0	0	1.88569	6.31698	9.15373	8.00651	3.77947	0	4.7641	5.31777	2.96828	6.30034	4.35154	6.50667	0.8431	8.18378	0	0	0	0	6.46484	0	0	0	0	0	0	
0	0	0	0	0	0	0	0	0	0	0	0	0	0	0	0	0	0	0	0	0	0	0	0	0	0	0	0	0	0	0	0	11.09345	0	0	0	0	0	0	0	7.07299	0	0	0	0	0	0	0	0	0	0	0	0	0	0	0	5.41679	0	0	0	7.67378	0	0	5.99643	0	9.12633	0	0	5.63821	0	0	0	10.60903	0	0	3.85763	0	0	4.48722	10.42284	8.09538	7.40352	9.77722	0	8.46664	0	0.33868	0	0	0.33868	6.50234	4.87597	5.41257	0	0	0	0	0	0	0	
0	0	0	0	0	0	0	3.79501	0	0	0	0	0	0	0	0	0	0	0	0	0	0	0	0	0	0	0	2.52695	0	0	0	0	0	0	0	0	0	0	0	0	0	0	0	0	0	0	0	0	0	0	0	0	0	0	0	0	0	0.61287	0	0	0	0	0	0	0	0	0	0	0	0	2.41238	4.82519	6.76945	0.8431	0	11.15301	7.9288	0	8.31215	6.17896	0	6.08357	0	8.15192	3.24312	7.36952	0	6.86273	0	0	0	1.37173	0	0	0	9.89378	0	0	0	0	
0	0	0	0	0	0	0	0	0	0	0	0	0	0	0	0	0	0	0	0	10.33292	0	0	0	0	0	0	0	0	0	5.42886	0	0	0	0	0	0	0	0	0	0	0	0	0	0	0	0	0	0	0	0	0	0	0	0	0	0	0	0	10.2254	0	0	0	0	5.57217	8.08037	6.95177	6.67787	0	0	0	0	0	0	0	8.07896	7.59694	4.16485	0	0	6.81791	0	0	0	5.02359	2.45912	8.08967	5.56467	10.78031	0	6.96406	6.82618	7.02396	1.21611	0	7.053	0	0	0	0	
0	0	0	0	0	0	0	0	0	0	0	0	0	0	0	0	0	0	0	0	0	0	0	0	0	0	0	0	0	0	0	0	0	0	0	0	0	0	0	0	0	0	0	0	0	0	0	0	4.84735	0	0	0	0	0	0	0	0	0	0	0	0	0	0	0	0	0	0	0	0	9.14331	9.89498	9.68422	7.44624	0	10.66371	7.676	0	9.91884	0.8431	0	0	9.30294	8.60042	0	4.84342	0	4.32581	0	0	3.24315	0	2.0265	5.54124	0	5.06826	0	0	0	0	0	
0	0	0	0	0	0	0	0	0	0	0	0	0	0	0	5.95066	0	0	0	0	0	0	0	0	0	0	0	0	0	0	0	0	0	0	7.07582	0	0	0	0	0	0	0	0	0	0	0	0	0	0	0	0	0	0	0	0	0	0	0	0	0	0	0	0	0	0	0	0	5.17779	0	0	0	0	0	5.16721	0	0	0	0.42155	0	0	0	4.23891	0	0	5.94135	0	4.36797	3.60669	7.40577	10.44067	10.61366	0	8.19163	0	0	0	0	0	0	0	
0	0	0	0	0	0	0	0	0	0	0	0	0	0	0	0	0	0	0	0	0	0	0	0	0	0	0	0	0	0	0	0	0	0	0	0	0	0	0	0	0	0	0	0	0	0	0	0	9.91133	0.33868	0	0	0	0	0	0	0	0	0	3.53425	0	0	0	0	0	5.63302	0	0	0	0	0	4.69354	0	0	0	0	0	11.44167	0	5.6253	11.71392	0	0	11.76012	0	0	0	0	0	0	0	0	0	0	0	0	0	0	0	0	
0	0	0	0	0	0	0	0	0	0	0	0	0	0	0	0	0	0	0	0	0	0	0	0	0	0	0	0	0	0	0	0	0	0	0	0	0	0	0	0	0	0	0	0	0	0	0	0	0	0	0	0	0	0	0	3.94066	0	0	9.50614	0	0	0	0	0	3.46678	0	0	0	0	0	0	1.51223	0	3.80398	0	0	6.44745	0	0	0	4.64064	7.07439	4.74398	7.94095	0	0	0	6.78523	8.98212	0	9.76806	8.32143	7.98564	0	0	0	0	0	0	0	
0	0	0	0	0	0	0	0	0	0	0	0	0	0	0	0	0	0	0	0	0	0	0	0	0	0	0	0	0	0	0	0	0	0	0	0	0	0	0	0	0	0	0	0	0	0	0	0	0	0	0	0	0	0	0	0	0	0	0	0	0	0	0	0	0	0	0	0	0	0	0	0	0	0	0	0	0	0	0	0	0	0	0	0	0	0	1.75775	0	0	0	0	11.08452	0	0	0	0	0	0	0	0	
0	0	0	0	0	0	0	0	0	0	0	0	0	0	0	0	0	0	0	0	0	0	0	0	0	0	0	0	0	0	0	0	0	0	0	0	0	0	0	0	0	0	0	0	0	0	0	0	0	0	0	0	0	0	0	0	0	0	0	0	0	0	0	0	0	0	0	0	0	0	7.18122	0.8431	0	0	0	0	1.86647	0	0	8.67001	0	0	0	11.4941	0	0	0	0.33868	0	0	6.31301	6.62427	0	0	0	0	0	0	0	0	
0	0	0	0	0	0	0	0	0	0	0	0	0	0	0	0	0	0	0	0	0	0	0	0	0	0	0	0	0	0	0	0	0	0	0	0	0	0	0	0	0	0	0	0	0	0	0	0	0	0	0	0	0	0	0	0	0	0	0	1.21611	0	0	0	0	0	0	0	0	0	0	7.7647	0	0	0	0	0	0	0	0	0	0	0	0	0	0	0	3.56683	0	0	0	0	0	0	0	0	0	0	0	0	0	
0	0	0	0	0	0	0	0	0	0	0	0	0	0	0	0	0	0	0	0	0	0	0	0	0	0	0	0	0	0	0	0	0	0	0	0	0	0	0	0	0	0	0	0	0	0	0	0	0	0	0	0	0	0	0	0	0	0	0	0	0	0	0	0	0	0	0	0	0	7.0927	3.50092	0	0	0	0	0	0	0	5.68778	0	0	0	0	0	0	0	0	0	11.74206	2.6537	0	0	0	0	0	0	0	0	0	0	
0	0	0	0	0	0	0	0	0	0	0	0	0	0	0	0	0	0	0	0	0	0	0	0	0	0	0	0	0	0	0	0	0	0	0	0	0	0	0	0	0	0	0	0	0	0	0	0	0	0	0	0	0	0	0	0	0	0	0	0	0	0	0	0	0	0	0	0	0	0	0	0	0	0	0	0	0	0	0	0	0	0	0	0	0	0	3.07209	0	0	0	0	0	0	0	0	0	0	0	0	0	
0	0	0	0	0	0	0	0	0	0	0	0	0	0	0	0	0	0	0	0	0	0	0	0	0	0	0	0	0	0	0	0	0	0	0	0	0	0	0	0	0	0	0	0	0	0	0	0	0	0	0	0	0	0	0	0	0	0	6.44745	0	0	0	0	0	0	0	0	0	0	0	0	0	0	0	0	6.38486	0	0	0	0	0	0	0	0	0	0	0	0	0	0	0	0	0	0	0	0	0	0	0	0	
0	0	0	0	0	0	0	0	0	0	0	0	0	0	0	0	0	0	0	0	0	0	0	0	0	0	0	0	0	0	0	0	6.6923	0	0	0	0	0	0	0	0	0	0	0	0	0	0	0	0	0	3.95932	0	0	0	0	0	0	0	0	0	0	0	0	0	0	0	0	0	0	0	0	0	0	0	0	5.46388	0	0	0	0	0	0	0	0	0	0	0	0	0	0	0	0	0	0	0	0	0	0	0	0	
0	0	0	0	0	0	0	0	0	0	0	0	0	0	0	0	0	0	0	0	0	0	0	0	0	0	0	0	0	0	0	0	0	0	0	0	0	0	0	0	0	0	0	0	0	0	0	0	0	0	0	0	0	0	0	0	0	0	0	0	0	0	0	0	0	0	0	0	0	0	0	0	0	0	0	0	0	0	0	0	0	0	0	0	0	0	0	0	0	0	0	0	0	0	0	0	0	0	0	0	
0	0	0	0	0	0	0	0	0	0	0	0	0	0	0	0	0	0	0	0	0	0	0	0	0	0	0	0	0	0	0	0	0	0	0	0	0	0	0	0	0	0	0	0	0	0	0	0	0	0	0	0	0	0	0	0	0	0	0	0	0	0	0	0	0	0	0	0	0	0	0	0	0	0	0	0	0	0	0	0	0	0	0	0	0	0	0	0	0	0	0	0	0	0	0	0	0	0	0	0	
0	0	0	0	0	0	0	0	0	0	0	0	0	0	0	0	0	0	0	0	0	0	0	0	0	0	0	0	0	0	0	0	0	0	0	0	0	0	0	0	0	0	0	0	0	0	0	0	0	0	0	0	0	0	0	0	0	0	0	0	0	0	0	0	0	0	0	0	0	0	0	0	0	0	0	0	0	0	0	0	0	0	0	0	0	0	0	0	0	0	0	0	0	0	0	0	0	0	0	0	
0	0	0	0	0	0	0	0	0	0	0	0	0	0	0	0	0	0	0	0	0	0	0	0	0	0	0	0	0	0	0	0	0	0	0	0	0	0	0	0	0	0	0	0	0	0	0	0	0	0	0	0	0	0	0	0	0	0	0	0	0	0	0	0	0	0	0	0	0	0	0	0	0	0	0	0	0	0	0	0	0	0	0	0	0	0	0	0	0	0	0	0	0	0	0	0	0	0	0	0	
0	0	0	0	0	0	0	0	0	0	0	0	0	0	0	0	0	0	0	0	0	0	0	0	0	0	0	0	0	0	0	0	0	0	0	0	0	0	0	0	0	0	0	0	0	0	0	0	0	0	0	0	0	0	0	0	0	0	0	0	0	0	0	0	0	0	0	0	0	0	0	0	0	0	0	0	0	0	0	0	0	0.33868	0	0	0	0	0	0	0	0	0	0	0	0	0	0	0	0	0	0	
0	0	0	0	0	0	0	0	0	0	0	0	0	0	0	0	0	0	0	0	0	0	0	0	0	0	0	0	0	0	0	0	0	0	0	0	0	0	0	0	0	0	0	0	0	0	0	11.0024	0	0	0	0	0	0	0	0	0	0	0	0	0	0	0	0	0	0	0	0	0	0	0	0	0	0	9.51797	0	0	0	0	0	0	0	0	0	0	0	0	0	0	0	0	0	0	0	0	0	0	0	0	0	
