0	0	0	0	0	0	0	0	0	0	0	0	0	0	0	0	0	0	0	0	0	0	0	0	0	0	0	0	0	0	0	0	0	0	0	0	0	0	0	0	0	0	0	0	0	0	0	0	0	0	0	9.87599	0	0	0	0	0	0	0	0	0	0	0	0	0	0	0	0	0	0	0	0	0	0	0	0	0	0	0	0	0	0	0	0	0	0	0	0	0	0	0	0	0	0	0	0	0	0	0	0	
0	0	0	0	0	0	0	0	0	0	0	0	0	0	0	0	0	0	0	0	0	0	0	0	0	0	0	0	0	0	0	0	0	0	0	0	0	0	0	0	0	0	0	0	0	0	0	14.3033	0	0	0	0	0	0	0	0	0	0	0	0	0	0	0	11.25126	0	0	0	0	0	0	0	0	0	0	0	0	0	0	0	0	0	0	0	0	0	0	0	0	0	0	0	0	0	0	0	0	0	0	0	0	
0	0	0	0	0	0	0	0	0	0	0	0	0	0	0	0	0	0	0	0	0	0	0	0	0	0	0	0	0	0	0	0	0	0	0	0	0	0	0	0	0	0	0	0	0	0	0	0	0	0	0	0	0	0	9.00321	0	0	0	0	0	0	0	0	0	0	0	0	0	0	0	0	0	0	0	0	0	0	0	0	0	0	0	0	0	0	0	0	0	0	0	0	0	0	0	0	0	0	0	0	0	
0	0	0	0	0	0	0	0	0	0	0	0	0	0	0	0	0	0	0	0	0	0	0	0	0	0	0	0	0	0	0	0	0	0	0	0	0	0	0	0	0	0	0	0	0	0	13.17165	9.32382	0	0	0	0	0	0	0	0	0	0	0	0	0	0	0	0	0	0	0	0	0	0	0	0	0	0	0	0	0	0	0	0	0	0	0	0	0	0	0	0	0	0	0	0	0	0	0	0	0	0	0	0	
0	0	0	0	0	0	0	0	0	0	0	0	0	0	0	0	0	0	0	0	0	0	0	0	0	0	0	0	0	0	0	0	0	0	0	0	0	6.2236	0	0	0	0	0	12.2465	0	0	0	0	0	0	0	0	0	0	0	0	0	0	0	0	0	0	0	0	0	0	0	0	0	0	0	0	0	0	0	0	0	0	0	0	0	0	0	0	0	0	0	0	0	0	0	0	0	0	0	0	0	0	0	0	
0	0	0	0	0	0	0	0	0	0	0	0	0	0	0	0	0	0	0	0	0	0	0	0	0	0	0	0	0	0	0	0	0	0	0	0	0	0	0	0	0	0	0	0	0	0	0	0	0	0	0	0	0	0	0	0	0	0	0	0	0	0	0	0	0	0	0	0	0	0	0	0	7.87329	0	0	0	0	0	0	0	0	0	0	0	0	0	0	0	0	0	0	0	0	0	0	0	0	0	0	0	
0	0	0	0	0	0	0	0	0	0	0	0	0	0	0	0	0	0	0	0	0	0	0	0	0	0	0	0	0	0	0	0	0	0	0	0	0	0	0	0	0	0	0	0	0	0	0	0	0	0	0	0	0	0	0	0	0	0	0	0	0	0	0	0	0	0	0	0	0	0	0	0	0	0	9.67099	0	0	0	0	0	0	0	0	0	0	0	0	0	0	0	0	0	0	0	0	0	0	0	0	0	
0	0	0	0	0	0	0	0	0	0	0	0	0	0	0	0	0	0	0	0	0	0	0	0	0	0	0	0	0	0	0	0	0	0	0	0	0	0	0	0	0	0	0	0	0	0	0	0	0	0	0	8.03035	0	0	0	10.24457	0	0	6.36906	0	0	0	0	0	0	0	0	0	0	0	0	0	0	0	0	0	0	0	0	0	0	0	0	0	0	0	0	0	0	0	0	0	0	0	0	0	0	0	0	0	
0	0	0	0	0	0	0	0	0	0	0	0	0	0	0	0	0	0	0	0	0	0	0	0	0	0	0	0	1.3705	0	0	0	0	0	0	0	0	0	0	0	0	0	0	0	0	0	0	0	0	0	0	0	0	0	0	0	0	0	0	0	0	0	0	0	0	0	0	6.73722	0	0	0	0	0	0	0	0	0	0	0	0	0	0	0	0	0	0	0	0	0	0	0	0	0	0	0	0	0	0	0	0	
0	0	0	0	0	0	0	0	0	0	0	0	0	0	0	0	0	0	0	0	0	0	0	0	0	0	0	0	0	0	0	0	0	0	0	0	0	0	0	0	0	0	0	0	0	0	0	0	0	0	0	0	0	0	0	9.58798	0	0	0	0	0	0	0	0	0	0	0	0	0	0	0	0	0	0	0	0	0	0	0	0	0	0	0	0	0	0	0	0	0	0	0	0	0	0	0	0	0	0	0	0	
0	0	0	0	0	0	0	0	0	0	0	0	0	0	0	0	0	0	0	0	0	0	0	0	0	0	0	0	0	0	0	0	0	0	0	0	0	0	0	0	0	0	0	0	0	0	0	0	0	0	0	0	0	0	0	0	0	0	0	0	0	0	0	0	0	0	0	10.93106	0	0	0	0	0	0	0	0	0	0	0	0	0	0	0	0	0	0	0	0	0	0	0	0	0	0	0	0	0	0	0	0	
0	0	0	0	0	0	0	0	0	0	0	0	0	0	0	0	0	0	0	0	0	0	0	0	0	0	0	0	0	0	0	0	0	0	0	0	0	0	0	0	0	0	0	0	0	0	0	0	0	0	0	0	3.89469	0	0	0	8.74884	0	0	0	0	0	0	0	0	0	0	0	0	0	0	4.32387	0	0	0	0	0	0	0	0	0	0	0	0	0	0	0	0	0	0	0	0	0	0	0	0	0	0	0	0	
0	0	0	0	0	0	0	0	0	0	0	0	0	0	0	0	0	0	0	0	0	0	0	0	0	0	0	0	0	0	0	0	0	0	0	0	0	0	0	0	0	0	0	0	0	0	0	0	12.1084	0	0	0	13.13735	0	0	0	0	0	0	0	0	0	0	0	0	0	0	9.59243	0	0	0	0	0	0	0	0	0	0	0	0	0	0	0	0	0	0	0	0	0	0	0	0	0	0	0	0	0	0	0	0	
0	0	0	0	0	0	0	0	0	0	0	0	0	0	0	0	0	0	0	0	0	0	0	0	0	0	0	0	0	0	11.67615	0	0	0	0	0	0	0	0	4.32387	0	0	0	0	0	0	0	8.308	0	0	0	0	0	0	0	0	0	7.99261	4.32387	0	10.52237	0	0	11.24703	0	0	0	0	0	0	0	0	0	0	0	0	0	0	0	0	0	0	0	0	0	0	0	0	0	0	0	0	0	0	0	0	0	0	0	0	
0	0	0	0	0	0	0	0	0	0	0	0	0	0	0	0	0	0	0	0	0	0	0	0	0	0	0	0	0	0	0	0	0	0	0	0	0	0	0	0	0	0	0	0	0	0	0	0	0	0	0	0	0	0	7.74199	0	0	0	0	0	0	0	0	0	0	0	0	0	0	0	0	0	0	0	0.84221	0	0	0	0	0	0	0	0	0	0	0	0	0	0	0	0	0	0	0	0	0	0	0	0	0	
0	0	0	0	0	0	0	0	0	0	0	0	0	0	0	0	0	0	0	0	0	0	0	0	0	0	0	0	0	0	0	0	0	0	0	0	0	0	0	0	0	0	14.81785	0	0	0	0	0	0	0	0	0	8.56967	0	0	0	0	0	0	12.52788	0	0	0	0	0	0	0	0	0	0	0	9.70975	0	0	0	0	0	0	0	0	0	0	0	0	0	0	0	0	0	0	0	0	0	0	0	0	0	0	0	0	
0	0	0	0	0	0	0	0	0	0	0	0	0	0	0	0	0	0	0	0	0	0	0	0	0	0	0	0	0	0	0	0	0	0	0	0	0	0	0	0	0	0	0	5.99054	0	0	0	10.50001	0	0	0	7.6396	0	0	0	0	0	0	4.01185	0	0	0	0	0	0	0	0	0	0	0	0	0	0	0	0	0	0	0	0	0	0	0	0	0	0	0	0	0	0	0	0	0	0	0	0	0	0	0	0	0	
0	0	0	0	0	0	0	0	0	0	0	0	0	0	0	0	0	0	0	0	0	0	0	0	0	0	0	0	0	0	0	0	0	0	0	0	0	0	0	0	0	0	11.83235	0	0	0	0	0	0	0	0	0	0	0	0	8.89204	0	0	0	0	0	0	0	0	0	0	5.13298	0	10.67955	0	0	0	0	0	0	0	0	0	0	0	0	0	0	0	0	0	0	0	0	0	0	0	0	0	0	0	0	0	0	0	
0	0	0	0	0	0	0	0	0	0	0	0	0	0	0	0	0	0	0	0	0	0	0	0	0	0	0	0	0	0	0	0	0	0	0	0	0	0	0	0	13.54068	0	0	0	0	0	0	0	0	0	0	0	0	0	0	0	0	0	0	0	0	0	0	0	0	0	0	0	0	0	0	0	0	0	0	0	0	0	0	0	0	0	0	0	0	0	0	0	0	0	0	0	0	0	0	0	0	0	0	0	
0	0	0	0	0	0	0	0	0	0	0	0	0	0	0	0	0	0	0	0	0	0	0	0	0	0	0	0	0	0	0	0	0	0	0	0	0	0	0	0	0	0	0	0	0	0	0	8.89685	0	0	8.94564	0	0	0	0	0	0	0	0	0	0	0	0	0	0	0	0	0	0	0	0	0	0	0	0	0	7.6149	0	0	0	0	0	0	0	0	0	0	0	0	0	0	0	0	0	0	0	0	0	0	0	
0	0	0	0	0	0	0	0	0	0	0	0	0	0	0	0	0	0	0	0	0	0	0	0	0	0	0	0	0	0	0	0	0	0	0	0	0	0	0	0	0	0	0	0	0	0	0	11.21852	0	0	11.18649	10.56456	0	0	0	0	8.88388	0	10.17157	0	9.67939	0	0	0	0	9.77191	0	0	0	0	0	0	0	0	0	0	0	0	0	0	0	0	0	0	0	0	0	0	0	0	0	0	0	0	0	0	0	0	0	0	
0	0	0	0	0	0	0	0	0	0	0	0	0	0	0	0	0	0	0	0	0	0	0	0	0	0	0	0	0	0	0	0	0	0	0	0	0	0	0	0	0	10.0425	0	0	0	0	0	0	0	0	0	0	0	0	0	0	0	0	0	0	0	0	0	0	0	0	0	0	8.62431	0	0	0	0	0	0	0	0	0	0	0	0	0	0	0	0	0	0	0	0	0	0	0	0	0	0	0	0	0	0	0	
0	0	0	0	0	0	0	0	0	0	0	0	0	0	0	0	0	0	0	0	0	0	0	0	0	0	0	0	0	0	0	4.76351	4.58441	0	0	0	0	0	0	0	0	0	0	0	0	0	0	7.35333	0	0	0	0	0	0	0	0	0	0	0	0	0	0	0	2.62131	0	0	0	6.19266	0	0	0	0	0	0	0	0	0	0	0	0	0	0	0	0	0	0	0	0	0	0	0	0	0	0	0	0	0	0	0	0	
0	0	0	0	0	0	0	0	0	0	0	0	0	0	0	0	0	0	0	0	0	0	0	0	0	0	0	0	0	0	0	9.47519	0	0	4.60805	0	0	0	0	0	0	0	0	0	0	0	0	0	0	0	0	0	0	0	0	0	0	0	0	0	0	0	0	0	0	0	0	0	0	0	0	0	0	0	0	0	0	0	0	0	0	0	0	0	0	0	0	0	0	0	0	0	0	0	0	0	0	0	0	0	
0	0	0	0	0	0	0	0	0	0	0	0	0	0	0	0	0	0	0	0	0	0	0	0	0	0	0	0	0	0	0	0	0	0	0	0	0	0	0	0	0	0	0	10.1526	0	0	0	0	0	12.84005	0	0	0	0	10.02559	0	0	0	0	0	0	0	0	0	0	0	0	0	0	0	0	0	0	0	0	0	0	0	0	2.70619	0	0	0	0	0	0	0	0	0	0	0	0	0	0	0	0	0	0	0	0	
0	0	0	0	0	0	0	0	0	0	0	0	0	0	0	0	0	0	0	0	0	0	0	0	0	0	0	0	0	0	0	0	7.05956	0	0	0	0	0	0	0	0	0	0	0	0	0	0	6.02715	0	0	8.48067	7.8126	0	0	0	0	0	0	10.4981	0	0	0	0	0	0	0	0	0	0	0	7.69435	0	0	0	0	0	0	0	0	0	0	0	0	0	0	7.69899	0	0	0	0	0	0	0	0	0	0	0	0	0	0	
0	0	0	0	0	0	0	0	0	0	0	0	0	0	0	0	0	0	0	0	0	0	0	0	0	0	0	0	0	0	0	0	0	0	0	0	0	0	0	10.68928	0	0	0	0	15.86487	0	5.38641	0	0	0	0	0	0	0	0	0	0	0	0	0	0	0	0	0	0	0	0	0	0	5.10001	0	0	0	0	0	0	0	0	0	0	0	0	0	0	0	0	0	0	0	0	0	0	0	0	0	0	0	0	0	0	
0	0	0	0	0	0	0	0	0	0	0	0	0	0	0	0	0	0	0	0	0	0	0	0	0	0	0	0	0	0	0	0	0	0	0	9.55642	0	0	0	0	0	0	0	0	0	0	0	8.78721	0	0	0	0	0	5.53566	0	0	0	0	0	0	8.55454	0	0	0	0	0	0	0	0	0	0	0	0	0	0	0	0	0	0	0	0	0	0	0	0	0	0	0	0	0	0	0	0	0	8.14786	0	0	0	0	0	
0	0	0	0	0	0	0	0	0	0	0	0	0	0	0	0	0	0	0	0	0	0	0	0	0	0	0	0	0	0	0	0	0	0	0	0	0	0	0	0	0	14.60595	0	0	0	0	0	0	0	0	0	0	1.57628	0	0	0	0	0	0	0	0	0	0	0	0	0	0	8.13164	0	0	0	2.79616	0	0	0	0	0	0	0	0	0	0	0	0	0	0	0	0	0	0	0	0	0	0	0	0	0	0	0	0	
0	0	0	0	0	0	0	0	0	0	0	0	0	0	0	0	0	0	0	0	0	0	0	0	0	0	0	0	0	0	0	0	0	0	0	0	0	0	0	0	9.69879	0	0	0	10.90416	0	0	7.31456	0	0	6.8174	10.85776	0	0	0	10.98567	0	0	6.95743	0	9.12292	0	0	0	0	0	0	0	2.62131	0	0	0	0	0	0	0	0	0	0	0	0	0	0	0	0	0	0	0	0	0	0	0	0	0	0	6.15303	0	0	0	0	
0	0	0	0	0	0	0	0	0	0	0	0	0	0	0	0	0	0	0	0	0	0	0	0	0	0	0	0	0	0	0	0	0	0	0	0	0	0	0	0	0	0	0	0	15.15952	0	0	0	0	5.76853	0	0	6.37597	0	0	0	0	8.63586	0	0	0	6.45631	0	0	0	0	0	0	0	0	0	0	0	0	0	0	0	0	0	0	0	0	0	0	0	0	0	0	0	0	0	0	0	0	0	0	0	0	0	0	
0	0	0	0	0	0	0	0	0	0	0	0	0	0	0	0	0	0	0	0	0	0	0	0	0	0	0	0	0	0	0	0	0	0	0	0	0	0	0	0	0	0	0	10.98087	0	0	12.73817	0	0	0	10.8076	0	0	0	0	0	0	0	0	10.54823	0	0	0	0	9.18908	0	0	10.21263	0	0	0	0	8.90522	0	0	0	7.46759	0	0	0	0	0	0	0	0	0	0	0	0	0	0	0	0	0	0	0	0	0	0	0	
0	0	0	0	0	0	0	0	0	0	0	0	0	0	0	0	0	0	0	0	0	0	0	0	0	0	0	0	0	0	0	0	0	0	0	0	0	0	0	0	0	0	0	0	1.3705	0	0	11.12559	0	0	0	12.69754	5.42686	0	0	8.85176	0	0	9.43527	0	0	0	0	0	0	0	12.14093	11.98672	0	0	0	0	0	11.05262	0	0	0	0	0	0	0	0	0	0	0	0	0	0	0	0	0	0	0	0	0	0	0	0	0	0	
0	0	0	0	0	0	0	0	0	0	0	0	0	0	0	0	0	0	0	0	0	0	0	0	0	0	0	0	0	0	0	0	0	0	0	0	0	15.09644	0	0	0	0	0	0	0	0	0	0	8.57867	0	0	7.43156	0	0	9.94955	0	8.64303	0	0	8.46513	0	3.68838	0	0	0	0	0	0	0	0	0	0	0	0	7.58803	3.59682	0	0	0	0	0	0	0	0	0	0	0	0	0	0	0	0	0	0	0	0	0	0	0	0	
0	0	0	0	0	0	0	0	0	0	0	0	0	0	0	0	0	0	0	0	0	0	0	0	0	0	0	0	0	0	0	0	0	0	0	0	0	0	0	0	0	0	13.82233	0	0	10.1676	0	11.91063	0	0	10.41844	0	10.413	0	10.1077	0	0	0	0	0	0	0	0	10.14606	0	0	0	5.79966	0	0	8.42908	0	0	0	0	0	0	0	5.3448	0	0	0	0	0	0	0	0	0	0	0	0	0	0	0	0	0	0	0	0	0	
0	0	0	0	0	0	0	0	0	0	0	0	0	0	0	0	0	0	0	0	0	0	0	0	0	0	0	0	0	0	0	0	0	0	0	0	0	0	0	0	0	0	0	0	0	0	0	6.86233	9.94492	0	0	9.60129	0	0	0	0	0	0	0	0	0	0	0	0	5.40002	0	0	0	0	0	0	0	0	0	0	0	0	0	0	0	0	0	0	0	0	0	0	0	0	0	8.2453	0	0	0	0	0	0	0	0	0	
0	0	0	0	0	0	0	0	0	0	0	0	0	0	0	0	0	0	0	0	0	0	0	0	0	0	0	0	0	0	0	0	0	0	0	0	0	0	0	0	0	0	0	0	0	0	0	14.15549	0	0	0	0	8.13571	8.439	0	0	0	0	11.34368	6.69579	0	0	0	0	0	0	0	0	0	0	0	0	0	0	0	0	0	0	0	0	0	0	0	0	0	0	0	0	0	0	0	0	0	0	0	0	0	0	8.20129	0	
0	0	0	0	0	0	0	0	0	0	0	0	0	0	0	0	0	0	0	0	0	0	0	0	0	0	0	0	0	0	0	0	0	0	0	0	0	0	0	0	0	0	9.60129	0	0	0	0	0	0	9.36711	0	8.03028	0	8.93708	0	0	0	0	0	0	0	0	0	0	13.42393	0	0	0	0	0	0	0	0	0	0	0	13.74393	0	0	0	0	0	0	0	0	0	0	0	0	0	0	0	0	0	0	0	0	0	0	0	
0	0	0	0	0	0	0	0	0	0	0	0	10.34823	0	0	0	0	0	0	0	0	0	0	0	0	0	0	0	0	0	9.84337	0	0	0	0	0	0	0	0	0	0	0	8.6082	0	0	0	0	11.66879	0	0	13.73732	0	0	5.89884	6.84751	0	10.75588	0	0	0	0	0	0	9.64552	8.99314	9.81381	0	0	0	0	0	0	0	0	0	0	0	0	0	0	0	0	0	0	0	0	0	0	0	0	0	0	0	0	0	0	0	0	0	0	
0	0	0	0	0	0	0	0	0	0	0	0	0	0	0	0	0	0	0	0	0	0	0	0	0	0	0	0	0	0	0	0	0	0	0	0	0	0	0	0	0	0	0	0	0	11.68556	7.81608	0	2.31147	11.09925	7.15494	7.87894	10.34106	0	11.02325	9.73551	0	0	0	0	11.80974	0	0	0	0	0	0	0	0	9.01016	0	0	0	0	0	0	6.35615	0	0	0	0	0	0	0	0	0	0	0	0	0	0	0	0	0	0	0	0	0	0	0	
0	0	0	0	0	0	0	0	0	0	0	0	0	0	0	7.7512	0	0	0	0	0	0	0	0	0	0	0	0	0	0	0	0	0	0	0	5.27267	11.11686	0	0	0	0	0	0	7.24817	0	11.33821	8.18943	7.5884	3.28105	5.52947	0	0	6.6338	0	13.28353	0	0	0	0	8.32415	0	8.56967	0	7.7217	0	10.67886	0	0	11.73605	0	8.62865	0	0	0	0	9.79204	0	4.76351	0	3.0928	0	0	0	0	0	0	0	0	0	0	10.53557	0	0	0	0	0	0	0	0	0	
0	0	0	0	0	0	0	0	0	0	0	0	0	0	0	0	0	0	0	0	0	0	0	0	0	0	11.11969	0	0	0	0	6.7013	0	0	6.88186	0	0	0	0	0	11.18241	0	0	0	0	0	0	0	10.2882	5.60191	4.63131	9.61448	7.68882	0	9.34582	0	8.53925	0	5.53145	0	8.52535	7.45135	0	0	0	7.65517	0	0	0	0	0	0	0	7.97226	0	0	0	0	0	0	0	0	0	0	0	0	0	0	0	0	0	0	0	0	0	0	5.47908	0	0	0	
0	0	0	0	0	0	0	0	0	0	0	0	0	0	0	0	0	0	0	13.02787	0	0	0	0	0	0	0	0	0	0	0	0	0	0	0	0	0	0	0	0	0	0	0	13.57555	0	0	12.5612	12.16504	11.28557	0	8.2129	8.2686	10.5672	0	0	0	12.47553	0	0	8.03256	7.17992	0	0	12.45418	0	6.48213	0	9.31921	0	0	0	0	0	0	0	0	0	0	0	0	0	0	0	0	0	0	0	0	0	0	8.55548	0	0	0	0	0	0	0	0	0	
0	0	0	0	0	0	0	0	0	0	0	0	8.36635	0	0	0	0	0	0	9.11675	0	0	0	0	0	0	0	0	0	0	0	0	0	12.84717	0	0	0	0	0	0	0	12.86663	12.74311	0	10.0941	0	0	4.50057	7.38447	0	3.64333	8.82064	8.85269	8.89065	9.9069	8.29349	5.64175	8.49725	8.45587	0	0	0	0	0	5.79966	0	0	0	0	0	0	0	0	0	0	0	0	0	10.62302	1.75634	0	0	0	0	0	0	0	0	0	0	0	0	0	0	0	0	0	0	0	0	
0	0	0	0	0	0	0	0	0	0	0	0	0	0	0	0	0	0	0	0	0	0	0	13.53042	0	0	0	0	0	0	0	0	0	0	0	0	0	0	11.91063	0	0	0	7.84347	9.99341	10.37517	0	8.01737	6.79724	0	8.21408	9.11984	7.95952	0	0	0	0	0	8.85877	12.95316	11.10497	11.80368	0	0	0	8.98301	0	1.57628	0	0	0	0	0	0	0	0	0	0	0	0	0	0	0	0	0	0	0	0	0	0	0	0	0	0	0	0	0	0	0	0	0	
0	0	10.68998	0	0	0	0	0	0	0	0	0	0	0	0	0	0	0	0	0	0	0	0	0	0	0	0	0	0	0	0	0	0	0	0	0	0	0	0	0	11.64217	0	0	0	0	10.20732	0	6.88645	9.59169	11.04524	0	8.88117	9.7247	9.49667	1.75634	10.18833	0	0	9.82015	0	9.27113	0	9.2382	10.12624	0	0	0	0	0	0	0	7.97433	0	0	0	0	6.83754	0	0	0	0	0	0	0	0	0	0	0	0	0	0	0	0	0	0	0	0	0	0	0	
0	0	0	0	0	0	0	0	0	0	0	10.02559	0	0	0	0	0	0	0	0	0	0	0	0	0	0	0	0	0	0	0	0	9.26819	0	0	0	0	10.19244	13.23747	5.27267	8.1935	8.93695	0	0	12.35348	7.67581	11.94031	6.92688	11.3429	0	10.19518	0	2.55651	8.43148	0	11.15207	9.14551	10.44863	0	0	0	0	0	0	0	0	0	8.19545	0	0	0	0	10.26702	0	0	8.97734	0	0	9.96737	0	0	0	0	0	0	0	0	0	0	0	0	0	0	0	0	7.09171	0	0	0	0	
0	0	0	0	0	0	0	0	0	0	0	0	0	0	0	0	0	0	0	0	0	0	0	0	0	0	0	0	0	0	0	0	0	0	5.27267	7.88438	0	0	0	7.89987	0	13.06211	0	11.02787	15.39603	10.74441	6.35046	9.7014	9.72619	10.78093	10.70185	10.12624	2.31147	9.32073	0	0	7.96519	0	0	9.38183	6.91541	0	1.57628	0	0	0	0	0	0	0	0	0	0	0	0	0	0	0	2.52524	0	0	0	0	0	0	0	0	9.04711	0	0	0	0	0	0	0	0	0	0	0	0	
0	0	0	0	0	0	0	0	10.67046	0	9.4574	0	0	0	0	0	0	0	0	0	0	0	0	0	0	0	9.65051	0	0	0	0	0	0	0	0	12.90829	0	12.60976	11.8583	0	10.35931	10.28271	0	11.43577	4.65421	11.29182	8.30066	8.10992	9.21216	8.59225	0	6.33287	7.06384	0	0	0	10.3601	5.79966	0	0	0	0	1.91636	0	0	0	12.53073	0	0	0	0	0	0	0	0	0	0	0	0	0	0	0	0	0	0	0	0	0	0	0	0	0	0	6.9482	0	0	0	0	0	0	
0	0	0	0	0	0	0	0	0	0	0	11.60358	0	0	12.8716	0	0	0	0	0	0	0	0	0	0	0	0	0	0	0	0	10.93048	0	0	6.96202	0	10.50756	0	0	9.62496	6.26136	0	9.19705	10.19374	11.05374	8.21912	11.13871	9.11686	4.75186	9.64013	7.82009	9.85347	10.14011	9.80547	0	5.4532	10.36344	0	0	7.52771	12.48932	7.82875	0	11.81086	0	0	0	0	0	0	0	0	0	0.48171	0	8.01654	0	0	0	0	0	0	0	5.47908	0	0	0	0	0	0	0	0	0	0	0	0	0	0	0	0	
0	0	0	0	0	0	0	0	0	0	0	0	12.67523	0	0	0	0	0	0	0	0	0	0	0	0	0	0	0	0	10.08839	0	0	8.0171	0	5.24277	0	12.89431	0	10.96665	11.99585	11.6678	11.84546	10.45974	8.99383	10.14081	6.83285	10.68236	10.37743	5.95523	8.86997	9.74231	12.40895	11.9364	9.26031	7.32064	10.64958	10.30423	0	0	8.97734	4.51106	0	0	0	0	5.56615	0	0	0	0	0	0	0	9.93925	0	0	0	0	0	0	10.59862	0	0	0	0	0	0	0	0	0	0	0	0	0	0	0	0	0	0	0	
0	0	0	0	0	0	0	13.24735	0	0	0	10.17504	0	0	0	0	0	0	0	0	0	0	0	0	0	0	0	9.54192	0	0	5.01413	0	13.70064	0	0	0	8.33127	7.42497	11.00064	9.62297	9.78004	6.64086	0	10.63299	10.71963	10.15356	9.33256	10.23064	10.87247	10.72072	5.52177	9.93988	10.80586	8.25095	9.72528	6.41178	13.22871	5.14293	5.55918	10.09834	6.84999	12.60141	6.47572	0	10.90147	0	0	0	0	0	0	0	0	7.23305	0	0	0	0	0	0	0	0	0	0	0	0	0	0	0	0	0	0	0	0	0	0	0	0	0	0	
12.54282	0	0	0	0	0	0	0	8.14743	0	0	0	7.51526	0	0	0	0	0	0	0	0	0	0	0	11.02736	0	0	7.99036	0	0	0	0	13.79636	0	11.1419	9.77191	0	5.69316	10.02335	7.45675	7.32508	9.67931	7.46721	10.72666	11.83651	11.10204	8.5665	9.70373	6.39995	8.59154	10.84103	6.27635	10.48679	5.42298	10.28674	8.65482	11.94483	5.56745	0	10.43684	5.07884	3.15832	0	6.54702	0	6.24637	0	0	0	0	7.3428	0	0	0	0	0	0	0	0	0	0	0	6.45305	0	0	8.14592	0	0	0	0	0	0	0	0	0	0	0	0	0	0	
0	0	0	12.31735	0	0	0	0	0	0	0	0	0	0	0	0	0	0	8.17581	0	0	12.28459	0	4.86512	11.26224	8.70327	0	0	9.49593	6.86724	12.41749	0	13.50359	0	0	1.75634	0	10.35122	12.52146	9.44813	9.15035	5.14182	9.73159	9.3714	10.46666	9.92123	8.92961	9.28651	10.33799	7.94151	10.3647	8.3218	11.03272	6.76245	6.79306	10.78731	0	3.91402	5.60978	8.78945	8.71964	5.51704	8.87387	0	0	0	0	0	0	5.67088	0	0	6.7339	0	3.0928	8.53617	10.99354	5.19674	0	3.44755	0	0	0	0	0	0	0	0	0	0	0	0	0	0	0	0	0	0	0	0	
9.10952	0	0	0	11.33068	8.19001	0	0	0	0	0	0	0	0	0	0	0	9.57903	0	0	0	0	0	0	9.83588	0	9.96793	8.32313	0	12.83309	10.44549	0	0	0	10.6033	11.2288	6.14383	11.36692	11.07055	10.25477	8.64653	9.27729	10.3276	9.57683	9.36118	9.85228	9.98469	8.777	8.88453	9.04318	6.19368	9.14632	10.69032	8.29372	8.82856	8.98276	9.65052	5.49484	4.89005	8.97611	7.21776	0	6.39669	10.57622	9.78752	10.01623	9.01885	0	0	0	0	0	0	0	8.23775	0	0	0	0	0	0	0	0	0	0	0	0	0	0	0	0	0	0	0	0	3.73207	0	0	0	0	
0	0	0	0	0	0	0	0	9.00321	0	9.29756	0	0	0	0	0	7.02045	11.85228	9.77974	8.87996	9.63261	7.16375	0	0	0	14.60533	0	9.36416	8.00053	12.32539	0	10.46004	11.67597	8.16022	9.69063	8.98434	7.51292	10.15571	10.91561	10.48017	10.29677	8.8939	6.3382	8.79228	9.89354	8.8811	9.31463	9.64582	8.80278	8.34123	7.9696	11.65098	7.31724	9.5309	6.47284	7.35046	5.94217	9.12702	0	9.87721	5.71933	6.79698	10.03414	0	9.74078	10.98058	1.75634	0	0	0	0	5.59008	0	0	10.55433	0	0	0	9.02093	0	0	0	0	0	0	6.38967	0	0	0	0	0	0	0	0	0	4.69892	0	0	0	0	
0	9.97932	0	0	6.5012	7.7565	0	0	0	0	0	0	0	0	5.84016	8.47962	0	10.47136	9.29693	0	4.90384	0	6.23374	0	0	0	0	0	9.65094	9.11469	8.31839	0	11.5527	4.9725	10.117	8.04982	9.4156	10.93221	8.87042	9.72097	9.31014	8.42099	8.57147	8.74848	9.21349	7.90772	8.83212	9.18499	8.86252	8.13309	8.1102	8.82797	8.29741	6.72289	9.21523	8.23104	6.96202	8.10799	8.54865	7.8978	0	8.63668	0	12.1674	9.58783	1.3705	5.17353	9.50304	0	0	0	0	0	0	0	3.59682	0	0	0	0	10.22639	0	0	0	0	0	0	0	0	0	0	0	0	0	0	0	0	0	0	0	
0	12.9286	8.7716	0	9.12751	0	0	0	0	0	10.21118	0	0	0	8.41072	9.77452	0	6.87213	0	0	8.70464	9.71996	9.67924	8.07901	10.40543	9.35894	0	5.2149	10.08682	8.12226	11.72308	10.68721	10.49119	10.47706	10.61946	5.78066	8.57942	8.66815	8.73388	9.01113	8.55655	8.93762	8.9031	7.80308	7.73886	7.92526	9.46182	8.71799	9.45036	8.4267	7.98076	9.47376	8.62869	8.55829	7.48114	7.73875	7.6016	8.91415	7.62313	7.57046	0	7.46104	11.13653	10.92037	2.40251	2.31147	3.28105	0	0	3.96961	0	9.95794	0	1.91636	9.14531	0	7.64949	0	2.52524	0	0	0	0	4.6654	0	2.23001	0	0	0	0	0	0	0	0	0	0	0	0	0	0	
0	0	0	0	0	0	0	0	8.17976	0	8.48761	11.83689	0	0	0	0	0	0	9.53269	0	8.87265	0	0	0	0	13.17734	9.82354	0	4.84536	8.64303	6.40622	7.64092	7.80077	9.20841	11.06842	10.32186	8.50702	9.68832	8.37364	10.27607	8.46881	9.2311	9.37856	9.35626	7.02199	7.63852	7.17362	8.18094	8.87001	9.28784	9.04632	9.00383	7.70683	7.68495	7.70916	9.52482	9.02844	8.70462	10.35436	9.27989	9.56608	6.43703	17.23835	9.36734	0	9.51393	0	8.94243	0	0	0	0	0	0	0	0	0	0	0.48171	0	0	9.33169	0	0	0	0	0	8.5339	7.15092	14.0573	0	0	0	0	0	0	0	0	0	0	
0	0	0	0	0	0	0	0	9.53962	7.37881	4.9215	4.1087	0	12.66637	0	0	0	5.31638	10.02229	7.6455	0	0	2.71138	8.81135	9.40859	12.25705	7.2444	9.99387	6.18267	9.66075	0	7.76101	4.9506	7.18263	6.14261	9.31435	9.14718	6.48993	8.91518	7.34021	9.41333	9.03557	8.76429	9.52665	7.42836	8.5173	8.81071	8.74776	7.42751	8.87539	8.1968	7.0801	7.86533	7.3511	8.70356	8.54856	8.3022	12.26968	7.28897	7.51182	6.91647	8.71806	9.9877	6.12052	5.09334	9.82554	8.15389	0	0	0	0	0	0	8.69087	9.45903	0	0	0	11.45444	0	0	0	0	0	0	0	0	0	7.69435	0	5.28739	0	0	0	0	0	0	0	0	0	
0	0	10.17405	8.39042	0	3.02416	0	6.76052	10.31315	0	0	0	0	0	0	0	0	7.84557	0	0	0	0	0	12.16865	0	10.65494	0	8.96745	8.88963	7.72392	0	9.38086	0	12.12846	6.31736	10.06517	8.50558	6.98144	5.9656	11.03291	7.14453	9.36204	9.25544	8.58317	6.95774	7.05909	7.20661	9.35867	8.5442	7.64752	8.11605	8.4118	8.62359	8.127	8.79211	6.73952	8.17164	10.16242	8.2973	7.25613	10.60569	10.39501	4.27268	10.43009	6.09266	0	0	8.1584	2.95209	5.96002	3.56102	0	9.04278	0	3.46525	0	9.39362	0	0	0	0	0	7.22876	0	0	0	0	0	0	0	0	0	0	0	0	0	0	0	0	0	
0	0	0	0	0	0	0	0	4.53593	0	9.40438	8.43405	8.92778	0	11.35664	0	0	7.86596	0	5.13298	0	0	0	0	0	0	8.27145	6.24637	7.67432	0	8.07923	8.59192	6.77332	9.03495	5.74813	9.80078	8.86218	7.51076	7.57477	8.93351	9.94358	6.69328	8.64583	6.19664	7.24037	8.42751	7.27535	8.21918	7.40725	6.10691	7.7774	9.43032	8.9322	7.91522	7.35067	7.69044	7.45492	8.28041	9.50218	6.50364	7.34472	6.36843	8.78505	8.06094	0	6.54217	9.18122	4.25156	0	0	7.74054	0	5.90901	8.41397	0	11.80224	0	0	3.33871	0	0	0	0	0	0	0	0	0	6.80315	0	0	0	0	0	0	0	0	0	0	0	
0	0	0	0	0	4.14147	0	0	0	10.07308	0	0	6.72852	0	0	0	0	0	0	0	0	0	0	8.80691	0	0	7.60713	0	0	6.50925	7.76665	0	0	9.6808	6.8867	6.89633	6.79698	5.10001	2.95209	9.73749	5.16438	8.24342	4.62877	6.59864	9.45586	8.57015	8.00434	8.89695	9.56537	6.27679	7.19426	9.6431	7.48089	7.88683	8.0222	7.7952	7.29208	7.56011	5.63864	7.77748	8.26838	7.38862	5.06884	9.97507	7.77301	7.029	8.80394	9.16736	8.1343	0	0	5.64826	0	6.78146	0	3.0928	9.07389	0	0	0	0	0	0	0	11.09009	0	0	7.21776	0	0	0	11.70949	0	0	0	0	8.79496	0	0	0	
0	0	0	0	0	0	0	0	0	0	0	11.03556	0	0	0	0	0	7.91929	12.35309	0	0	0	0	3.77448	0	0	0	9.34318	0	0	0	0	7.19619	5.65132	6.4541	0	5.29876	9.33205	3.46054	4.40649	8.43265	8.77193	7.34553	6.21533	0	8.07388	8.31556	6.47253	7.96765	7.33254	8.73549	10.98945	8.0413	5.35667	8.22394	6.82389	7.68582	7.84318	7.96315	9.15744	7.20592	7.79374	0	7.75251	10.25773	0	9.34727	7.56745	9.63405	9.0415	0	0	0	2.42231	0	11.33644	0	9.75215	0	0	0	10.06936	0	0	0	0	0	0	0	0	0	0	0	0	0	0	0	0	0	0	
0	0	0	0	6.37581	0	0	0	0	0	9.10226	0	4.46001	0	0	11.18667	0	0	6.68472	0	6.59545	11.85383	0	0	0	7.79563	7.37761	0	0	10.90802	0	8.6835	11.64506	0	0	7.8635	9.37884	2.95209	11.43164	9.67668	7.28283	9.37626	7.2098	9.13518	7.70928	6.86597	11.81499	6.32472	10.08492	8.35838	9.44111	7.34141	7.98712	7.47139	6.5893	7.72625	7.49712	9.03697	5.13413	7.38637	6.48072	8.31916	6.82603	5.38536	8.96031	0	8.62112	10.61151	0	13.95659	9.54688	8.42576	7.31431	11.78753	9.96906	0	6.8723	0	0	0	5.21225	0	0	6.93424	0	11.90766	0	0	0	0.84221	0	0	0	0	0	0	0	0	0	0	
0	0	0	0	0	0	0	0	0	0	0	6.49487	3.95031	0	0	5.57817	0	0	0	4.53593	8.84307	0	2.95209	0	0	0	0	0	0	5.01526	3.02416	6.04375	0	0	0	9.55338	0	0	0	6.45631	6.07893	6.65126	5.68327	6.92579	8.1145	4.26192	6.13928	7.73792	7.0313	5.83244	0	0	8.11599	10.83138	9.69947	8.34942	7.95439	7.04982	6.68384	7.07056	7.88567	8.68345	8.35591	9.05286	5.93849	8.33595	8.03465	9.30848	5.57817	8.30134	0	8.09084	8.85712	8.96366	9.97705	0	7.89987	0	7.92833	0	0	0	0	0	0	0	0	0	0	0	0	0	0	0	0	0	0	0	0	0	
0	0	0	7.80844	0	0	0	0	0	0	0	0	0	0	0	0	3.44755	0	0	0	0	0	7.24817	0	0	0	7.98164	6.97885	9.47197	7.7565	0	0	0.84221	0	0	12.9501	0	4.32387	5.7151	5.51561	7.27252	0	1.1304	0	4.68104	10.99495	8.08041	6.54472	6.26518	8.02582	5.83026	7.94849	8.64652	8.31801	8.1669	8.9142	8.48621	7.6061	7.60622	7.51953	9.23273	8.30484	7.49579	8.96141	7.69992	9.72084	7.51483	7.7775	11.78326	9.91164	5.92771	9.71107	5.97475	4.7501	7.43062	0	13.26953	2.52524	5.8518	12.98061	1.63269	6.38967	7.26686	0	0	0.48171	0	0	0	0	0	0	0	0	0	0	0	13.70189	0	12.7936	
0	0	6.24666	0	0	0	0	0	0	0	0	0	0	0	0	0	0	0	0	0	8.18567	0	0	0	0	9.73749	0	9.21396	0	9.68148	0	11.77312	8.85917	0	9.7301	0	0	5.97404	6.96012	0	10.25162	0	0	9.41271	11.5508	9.61594	2.11392	5.57243	4.46001	6.02054	7.40256	10.58518	7.44065	8.58159	8.28463	9.86621	7.02045	6.74166	8.77086	7.0695	4.44872	7.53131	7.52962	3.5125	7.25738	8.18306	5.9816	0	9.68336	6.34304	6.93731	7.36454	8.32012	8.44859	7.01162	0	6.2663	0	6.03545	7.7325	0	6.71521	0	0	0	0	0	0	5.93668	0	0	0	0	0	0	0	4.90384	0	0	0	
0	0	0	0	2.42231	0	0	0	0	0	0	0	7.99709	0	0	0	0	0	0	0	9.82205	3.44755	0	0	0	0	0	7.26083	0	0	0	6.34816	10.60881	0	0	0	7.04664	0	6.87213	8.85547	0	0	5.45653	0	7.49321	0	8.43654	9.4792	7.31434	5.8859	10.01844	5.75453	7.37761	6.033	8.5365	7.65831	0	6.48906	9.19188	3.97305	7.67174	7.21528	8.53377	7.42052	7.35687	8.85354	5.13353	7.71424	7.7198	7.31175	8.4478	0	0	8.95082	0	8.29422	7.26202	5.85488	0	0	0	0	0	0	10.10095	0.48171	0	0	0	0	0	0	0	0	0	0	10.08524	0	0	0	
0	0	0	0	0	0	0	0	7.64092	0	0	0	7.01604	0	0	0	9.35109	0.54972	6.02715	0	0	0	0	0	7.45278	0	0	0	0	0	0	0	0	0	6.91541	9.09391	0	7.3428	0	0	0	0	7.2216	11.60358	0	9.74876	8.96366	6.19266	0	4.05036	0	9.13314	9.46794	8.00666	0	9.44843	0	7.64298	0	4.05844	8.50654	8.84556	6.78069	7.1388	7.15465	7.84691	6.91654	7.42811	9.17826	7.25116	8.59583	3.65139	8.57998	8.27883	7.99733	5.58245	9.43134	7.58542	0	0	9.0417	9.01983	10.25041	0	3.91989	2.31147	8.39211	6.37597	6.14497	0	6.68021	0	0	10.16287	0	0	0	0	0	0	
0	0	0	0	0	0	0	0	0	0	0	0	0	0	0	0	0	0	0	0	7.1653	0	0	0	0	0	0	0	0	7.08927	0	0	0	0	10.30729	0	0	0	0	0	8.50503	0	10.04521	8.44394	6.2999	0	0	5.06627	8.01267	5.93716	9.65335	0	0	6.16672	5.30403	6.79153	0	0	8.45099	9.55928	11.19822	7.42408	3.71293	6.4632	7.93188	8.21489	4.37265	7.34138	6.36843	7.33785	9.44774	7.62076	5.31079	5.91994	5.05531	0	5.53368	0	4.2899	0	0	0	7.48366	0	0	0	10.27058	0	0	0	0	0	0	0	0	0	0	0	0	0	
0	0	0	0	8.55454	0	0	0	0	0	0	5.78936	0	5.16521	0	0	0	0	0	0	0	0	0	0	0	0	0	0	0	0	0	0	0	0	0	0	0	0	0	8.60478	0	0	5.8698	0	5.96008	0	3.30897	7.49321	0	0	3.33871	0	0	0	9.92799	0	0	0.84221	0	9.55566	7.85647	2.0876	6.67079	8.18024	8.18471	0	4.02971	8.47853	9.07336	6.09344	9.1311	9.21379	9.13299	6.34489	0	0	8.02439	6.64527	7.68746	6.43003	6.93424	8.33835	3.85573	0	4.67674	0	4.46001	10.78058	0	7.30105	0	0	0	0	5.01413	0	0	0	0	0	
0	0	0	0	0	0	0	0	0	0	0	0	0	0	0	0	0	6.27661	0	0	0	7.83122	9.49593	0	0	0	8.90761	0	0	0	0	0	0	8.82774	7.21094	0	0	0	0	0	0	0	0	0	0	0	0	0	2.52524	0	10.08155	0	0	0	0	9.79295	9.45781	9.44178	6.2688	6.35516	0	7.6818	5.43293	0	8.28089	7.46063	6.48287	7.46116	5.99427	5.32687	7.29149	6.94689	6.96169	4.72525	9.05637	8.13223	4.46808	0	9.38996	7.9198	0	0	10.43599	0	5.79966	8.69037	5.4135	3.59682	0	11.26202	0	0	0	0	0	0	9.15416	0	0	0	
0	0	0	0	0	0	0	0	7.32905	0	0	1.75634	0	0	0	0	0	0	0	0	0	0	0	0	0	0	0	11.51607	0	0.48171	0	0	0	0	0	0	0	0	0	9.65804	0	0	0	0	0	6.45631	0	7.60023	9.20757	0	0	10.89668	0	0	0	0	0	0	9.01552	0	8.75135	0	8.54921	10.00823	7.27095	7.55432	5.12697	0	0	6.36244	8.97489	3.33871	8.49425	8.34221	7.5566	11.36795	2.79032	0	1.3705	7.61695	7.36133	8.47093	9.39677	9.84544	6.41157	0	3.0928	0	0	0	5.84016	0	9.39477	0	0	0	0	0	0	0	
0	0	0	0	0	0	0	0	0	0	0	0	0	8.95562	0	0	0	0	0	8.39381	0	0	0	0	0	3.36879	0	0	0	0	0	0	0	0	8.97621	0	0	6.47306	0	0	10.69551	0	1.75634	8.87021	2.71138	0	0	0	0	0	6.36213	7.46436	0	0	4.72078	0	0	0	0	7.44742	5.62576	0	8.06777	9.31742	6.64527	5.77017	8.92055	8.55606	1.3705	6.42846	6.76121	0	5.362	7.36689	9.7548	7.7071	4.99737	6.41479	8.15667	4.24206	0	8.84487	9.62538	6.69365	4.43216	0	0	6.3198	6.53241	0	7.19842	0	0	8.30438	0	0	0	0	4.85482	0	
0	0	0	0	0	0	0	8.2733	0	0	0	0	0	0	0	0	0	0	0	0	0	0	6.56902	0	0	0	0	0	10.19127	0	0	0	0	0	10.27372	0	0	2.87623	0	0	0	5.75313	0	0	0	0	5.8791	0	0	0	0	0	8.4006	0	0	0	6.66353	6.86233	0	6.29149	8.17972	0	0	5.85471	0	3.28105	0	7.55712	7.59957	10.2549	7.66931	6.44585	8.08396	5.82694	7.70423	7.24112	7.95258	10.394	6.37283	6.91559	8.9191	7.67792	5.09199	0	5.7693	0	4.43379	5.86523	0	0	9.97307	7.4272	0	0	0	0	8.82175	0	0	0	
0	0	0	0	0	0	0	0	0.48171	0	0	0	0	0	0	0	0	0	0	0	0	0	0	0	0	0	0	0	0	0	0	0	0	0	0	0	0	5.61875	0	0	0	0	0	0	0	0	0	0	0	2.06043	0	6.25245	0	5.85336	0	0	3.49904	8.08064	2.87623	0	6.15303	0	11.52406	11.25945	6.04458	8.19488	0	0	9.45976	7.15801	0	5.82005	6.14171	10.22591	8.70838	8.41817	0	4.21931	5.92637	8.79196	5.65741	8.76635	8.39041	3.0928	0	0	4.00512	0	0	0	0	0	7.22472	7.28072	8.75581	0	0	0	0	0	
0	0	0	0	0	0	0	8.8604	0	0	0	0	0	0	0	0	0	0	0	0	0	0	0	0	0	0	0	0	0	0	0	0	0	0	0	0	0	4.09551	0	5.50449	0	0	0	0	0	0	0	0	0	0	5.68693	0	0	8.07126	7.18492	0	0	9.26137	9.89594	10.34251	0	0.84221	0	7.93874	9.66185	11.03502	0	0	8.36548	5.85897	8.47483	4.55524	6.37696	7.20502	7.78789	6.84997	7.30456	0	9.16749	7.09308	8.32979	9.65831	4.77141	7.17834	3.85078	0	0	1.37442	0	0	6.71225	0	0	0	0	4.94254	0	0	0	0	
0	0	0	0	0	0	0	0	0	0	0	0	0	0	0	0	0	0	0	0	0	0	0	0	0	10.27811	0	0	0	0	0	0	0	0	0	0	0	6.2762	0	0	0	0	0	0	10.20345	0	0	0	6.36213	0	0	0	0	0	0	0.48171	0	0	0	0	0	0	8.69624	0	0	7.03283	8.40666	5.6357	0.48171	7.94894	3.45615	0	10.94066	0	9.82142	6.27862	4.72078	7.08098	6.16239	6.72913	5.16238	0	7.8398	0	9.40269	6.1629	0	0	0	0	10.27257	0	0	0	0	0	0	1.91636	0	0	
0	0	0	0	0	0	0	0	0	0	0	0	3.64333	0	0	0	0	0	1.1304	0	0	0	0	0	0	0	0	0	0	0	0	0	0	0	0	0	0	0	0	0	0	0	0	0	0	0	0	8.33658	0	0	8.43074	0	8.65727	0	0	0	0	0	0	5.8347	0	0	0	8.67304	5.50449	10.21456	8.91405	0	9.8471	0	0	9.10226	0	0	0	2.61632	7.05458	9.16728	6.70939	5.5441	0	7.10794	5.23204	4.18228	8.88152	4.08721	6.75947	8.11729	8.6301	0	0	0	0	7.10597	0	0	0	0	0	0	
0	0	0	0	0	0	0	0	0	0	0	0	0	0	0	0	0	0	0	0	0	0	0	0	0	0	0	0	0	0	0	0	10.20732	0	0	0	0	0	0	0	6.73927	0	0	0	0	0	0	0	0	0	0	0	0	0	0	0	6.99351	0	0	0	7.73379	0	0	6.1216	0	7.16693	0	0	6.27327	0	0	0	9.00655	0	0	4.51106	0	0	5.80738	9.49531	8.31144	7.37071	9.61448	0	8.03028	0	0.84221	0	1.1304	1.75634	6.56024	5.76694	6.18322	0	0	0	0	0	0	0	
0	0	0	0	0	0	0	2.88922	0	0	0	0	0	0	0	0	0	0	0	0	0	0	0	0	0	0	0	5.4662	0	0	0	0	0	0	0	0	0	0	0	0	0	0	0	0	0	0	0	0	0	0	0	0	0	0	0	0	0	2.52524	0	0	0	0	0	0	0	0	0	0	0	0	3.79576	4.04545	7.53977	2.1914	0	9.3423	7.29626	0	8.67845	7.7853	0	6.94463	0	6.53859	4.29503	8.30902	0	11.23213	0	0	0	7.26314	0	0	0	9.64337	0	0	0	0	
0	0	0	0	0	0	0	0	0	0	0	0	0	0	0	0	0	0	0	0	8.64303	0	0	0	0	0	0	0	0	0	5.10001	0	0	0	0	0	0	0	0	0	0	0	0	0	0	0	0	0	0	0	0	0	0	0	0	0	0	0	0	10.7737	0	0	0	0	7.4448	8.80905	5.8501	7.71329	0	0	0	0	0	0	0	5.28739	6.76685	0	0	0	6.63615	0	0	0	6.18034	6.23882	8.08073	7.29541	8.45213	0	5.16521	6.80211	6.62224	5.42686	0	6.61642	0	0	0	0	
0	0	0	0	0	0	0	0	0	0	0	0	0	0	0	0	0	0	0	0	0	0	0	0	0	0	0	0	0	0	0	0	0	0	0	0	0	0	0	0	0	0	0	0	0	0	0	0	5.76853	0	0	0	0	0	0	0	0	0	0	0	0	0	0	0	0	0	0	0	0	6.25389	11.03283	10.18391	7.61355	0	9.66114	8.47962	0	8.53	0.48171	0	0	9.03735	8.9028	0	4.52302	0	1.3705	0	0	3.53539	0	2.64975	7.10152	0	4.14147	0	0	0	0	0	
0	0	0	0	0	0	0	0	0	0	0	0	0	0	0	7.79153	0	0	0	0	0	0	0	0	0	0	0	0	0	0	0	0	0	0	8.08606	0	0	0	0	0	0	0	0	0	0	0	0	0	0	0	0	0	0	0	0	0	0	0	0	0	0	0	0	0	0	0	0	5.92731	0	0	0	0	0	7.65801	0	0	0	2.75948	0	0	0	4.78441	0	0	4.77151	0	6.24475	3.57143	7.95853	9.97814	11.23118	0	8.58613	0	0	0	0	0	0	0	
0	0	0	0	0	0	0	0	0	0	0	0	0	0	0	0	0	0	0	0	0	0	0	0	0	0	0	0	0	0	0	0	0	0	0	0	0	0	0	0	0	0	0	0	0	0	0	0	10.15009	4.17352	0	0	0	0	0	0	0	0	0	7.10181	0	0	0	0	0	5.66664	0	0	0	0	0	9.29392	0	0	0	0	0	11.75834	0	6.24702	11.84001	0	0	7.45461	0	0	0	0	0	0	0	0	0	0	0	0	0	0	0	0	
0	0	0	0	0	0	0	0	0	0	0	0	0	0	0	0	0	0	0	0	0	0	0	0	0	0	0	0	0	0	0	0	0	0	0	0	0	0	0	0	0	0	0	0	0	1.3705	0	0	0	0	0	0	0	0	0	2.68279	0	0	11.45158	0	0	0	0	0	4.80502	0	0	0	0	0	0	5.0491	0	4.88461	0	0	6.58102	0	0	0	6.37326	8.35821	5.76889	8.06934	0	0	0	7.6149	8.09371	0	6.70679	9.61521	9.98891	0	0	0	0	0	0	0	
0	0	0	0	0	0	0	0	0	0	0	0	0	0	0	0	0	0	0	0	0	0	0	0	0	0	0	0	0	0	0	0	0	0	0	0	0	0	0	0	0	0	0	0	0	0	0	0	0	0	0	0	0	0	0	0	0	0	0	0	0	0	0	0	0	0	0	0	0	0	0	0	0	0	0	0	0	0	0	0	0	0	0	0	0	0	1.1304	0	0	0	0	10.53055	0	0	0	0	0	0	0	0	
0	0	0	0	0	0	0	0	0	0	0	0	0	0	0	0	0	0	0	0	0	0	0	0	0	0	0	0	0	0	0	0	0	0	0	0	0	0	0	0	0	0	0	0	0	0	0	0	0	0	0	0	0	0	0	0	0	0	0	0	0	0	0	0	0	0	0	0	0	0	9.33054	9.26075	0	0	0	0	4.46001	0	0	8.9464	0	0	0	9.77191	0	0	0	1.75634	0	0	6.4953	7.55229	0	0	0	0	0	0	0	0	
0	0	0	0	0	0	0	0	0	0	0	0	0	0	0	0	0	0	0	0	0	0	0	0	0	0	0	0	0	0	0	0	0	0	0	0	0	0	0	0	0	0	0	0	0	0	0	0	0	0	0	0	0	0	0	0	0	0	0	5.27267	0	0	0	0	0	0	0	0	0	0	8.20517	0	0	0	0	0	0	0	0	0	0	0	0	0	0	0	5.08324	0	0	0	0	0	0	0	0	0	0	0	0	0	
0	0	0	0	0	0	0	0	0	0	0	0	0	0	0	0	0	0	0	0	0	0	0	0	0	0	0	0	0	0	0	0	0	0	0	0	0	0	0	0	0	0	0	0	0	0	0	0	0	0	0	0	0	0	0	0	0	0	0	0	0	0	0	0	0	0	0	0	0	8.66151	1.3705	0	0	0	0	0	0	0	7.57346	0	0	0	0	0	0	0	0	0	11.11635	3.28105	0	0	0	0	0	0	0	0	0	0	
0	0	0	0	0	0	0	0	0	0	0	0	0	0	0	0	0	0	0	0	0	0	0	0	0	0	0	0	0	0	0	0	0	0	0	0	0	0	0	0	0	0	0	0	0	0	0	0	0	0	0	0	0	0	0	0	0	0	0	0	0	0	0	0	0	0	0	0	3.0928	0	0	0	0	0	0	0	0	0	0	0	0	0	0	0	0	0	5.42686	0	0	0	0	0	0	0	0	0	0	0	0	0	
0	0	0	0	0	0	0	0	0	0	0	0	0	0	0	0	0	0	0	0	0	0	0	0	0	0	0	0	0	0	0	0	0	0	0	0	0	0	0	0	0	0	0	0	0	0	0	0	0	0	0	0	0	0	0	0	0	0	7.85117	0	0	0	0	0	0	0	0	0	0	0	0	0	0	0	0	7.90704	0	0	0	0	0	0	0	0	0	0	0	0	0	0	0	0	0	0	0	0	0	0	0	0	
0	0	0	0	0	0	0	0	0	0	0	0	0	0	0	0	0	0	0	0	0	0	0	0	0	0	0	0	0	0	0	0	9.06857	0	0	0	0	0	0	0	0	0	0	0	0	0	0	0	0	0	4.58441	0	0	0	0	0	0	0	0	0	0	0	0	0	0	0	0	0	0	0	0	0	0	0	0	6.99378	0	0	0	0	4.37987	0	0	0	0	0	0	0	0	0	0	0	0	0	0	0	0	0	0	0	
0	0	0	0	0	0	0	0	0	0	0	0	0	0	0	0	0	0	0	0	0	0	0	0	0	0	0	0	0	0	0	0	0	0	0	0	0	0	0	0	0	0	0	0	0	0	0	0	0	0	0	0	0	0	0	0	0	0	0	0	0	0	0	0	0	0	0	0	0	0	0	0	0	0	0	0	0	0	0	0	0	0	0	0	0	0	0	0	0	0	0	0	0	0	0	0	0	0	0	0	
0	0	0	0	0	0	0	0	0	0	0	0	0	0	0	0	0	0	0	0	0	0	0	0	0	0	0	0	0	0	0	0	0	0	0	0	0	0	0	0	0	0	0	0	0	0	0	0	0	0	0	0	0	0	0	0	0	0	0	0	0	0	0	0	0	0	0	0	0	0	0	0	0	0	0	0	0	0	0	0	0	0	0	0	0	0	0	0	0	0	0	0	0	0	0	0	0	0	0	0	
0	0	0	0	0	0	0	0	0	0	0	0	0	0	0	0	0	0	0	0	0	0	0	0	0	0	0	0	0	0	0	0	0	0	0	0	0	0	0	0	0	0	0	0	0	0	0	0	0	0	0	0	0	0	0	0	0	0	0	0	0	0	0	0	0	0	0	0	0	0	0	0	0	0	0	0	0	0	0	0	0	0	0	0	0	0	0	0	0	0	0	0	0	0	0	0	0	0	0	0	
0	0	0	0	0	0	0	0	0	0	0	0	0	0	0	0	0	0	0	0	0	0	0	0	0	0	0	0	0	0	0	0	0	0	0	0	0	0	0	0	0	0	0	0	0	0	0	0	0	0	0	0	0	0	0	0	0	0	0	0	0	0	0	0	0	0	0	0	0	0	0	0	0	0	0	0	0	0	0	0	0	0	0	0	0	0	0	0	0	0	0	0	0	0	0	0	0	0	0	0	
0	0	0	0	0	0	0	0	0	0	0	0	0	0	0	0	0	0	0	0	0	0	0	0	0	0	0	0	0	0	0	0	0	0	0	0	0	0	0	0	0	0	0	0	0	0	0	0	0	0	0	0	0	0	0	0	0	0	0	0	0	0	0	0	0	0	0	0	0	0	0	0	0	0	0	0	0	0	0	0	0	0	0	0	0	0	0	0	0	0	0	0	0	0	0	0	0	0	0	0	
0	0	0	0	0	0	0	0	0	0	0	0	0	0	0	0	0	0	0	0	0	0	0	0	0	0	0	0	0	0	0	0	0	0	0	0	0	0	0	0	0	0	0	0	0	0	0	11.44442	0	0	0	0	0	0	0	0	0	0	0	0	0	0	0	0	0	0	0	0	0	0	0	0	0	0	8.81152	0	0	0	0	0	0	0	0	0	0	0	0	0	0	0	0	0	0	0	0	0	0	0	0	0	
