0	0	0	0	0	0	0	0	0	0	0	0	0	0	0	0	0	0	0	0	0	0	0	0	0	0	0	0	0	0	0	0	0	0	0	0	0	0	0	0	0	0	0	0	0	0	0	0	0	0	0	7.31924	0	0	0	0	0	0	0	0	0	0	0	0	0	0	0	0	0	0	0	0	0	0	0	0	0	0	0	0	0	0	0	0	0	0	0	0	0	0	0	0	0	0	0	0	0	0	0	0	
0	0	0	0	0	0	0	0	0	0	0	0	0	0	0	0	0	0	0	0	0	0	0	0	0	0	0	0	0	0	0	0	0	0	0	0	0	0	0	0	0	0	0	0	0	0	0	12.40076	0	0	0	0	0	0	0	0	0	0	0	0	0	0	0	5.70134	0	0	0	0	0	0	0	0	0	0	0	0	0	0	0	0	0	0	0	0	0	0	0	0	0	0	0	0	0	0	0	0	0	0	0	0	
0	0	0	0	0	0	0	0	0	0	0	0	0	0	0	0	0	0	0	0	0	0	0	0	0	0	0	0	0	0	0	0	0	0	0	0	0	0	0	0	0	0	0	0	0	0	0	0	0	0	0	0	0	0	9.05281	0	0	0	0	0	0	0	0	0	0	0	0	0	0	0	0	0	0	0	0	0	0	0	0	0	0	0	0	0	0	0	0	0	0	0	0	0	0	0	0	0	0	0	0	0	
0	0	0	0	0	0	0	0	0	0	0	0	0	0	0	0	0	0	0	0	0	0	0	0	0	0	0	0	0	0	0	0	0	0	0	0	0	0	0	0	0	0	0	0	0	0	11.2166	10.90014	0	0	0	0	0	0	0	0	0	0	0	0	0	0	0	0	0	0	0	0	0	0	0	0	0	0	0	0	0	0	0	0	0	0	0	0	0	0	0	0	0	0	0	0	0	0	0	0	0	0	0	0	
0	0	0	0	0	0	0	0	0	0	0	0	0	0	0	0	0	0	0	0	0	0	0	0	0	0	0	0	0	0	0	0	0	0	0	0	0	9.10629	0	0	0	0	0	11.76318	0	0	0	0	0	0	0	0	0	0	0	0	0	0	0	0	0	0	0	0	0	0	0	0	0	0	0	0	0	0	0	0	0	0	0	0	0	0	0	0	0	0	0	0	0	0	0	0	0	0	0	0	0	0	0	0	
0	0	0	0	0	0	0	0	0	0	0	0	0	0	0	0	0	0	0	0	0	0	0	0	0	0	0	0	0	0	0	0	0	0	0	0	0	0	0	0	0	0	0	0	0	0	0	0	0	0	0	0	0	0	0	0	0	0	0	0	0	0	0	0	0	0	0	0	0	0	0	0	7.83749	0	0	0	0	0	0	0	0	0	0	0	0	0	0	0	0	0	0	0	0	0	0	0	0	0	0	0	
0	0	0	0	0	0	0	0	0	0	0	0	0	0	0	0	0	0	0	0	0	0	0	0	0	0	0	0	0	0	0	0	0	0	0	0	0	0	0	0	0	0	0	0	0	0	0	0	0	0	0	0	0	0	0	0	0	0	0	0	0	0	0	0	0	0	0	0	0	0	0	0	0	0	11.70777	0	0	0	0	0	0	0	0	0	0	0	0	0	0	0	0	0	0	0	0	0	0	0	0	0	
0	0	0	0	0	0	0	0	0	0	0	0	0	0	0	0	0	0	0	0	0	0	0	0	0	0	0	0	0	0	0	0	0	0	0	0	0	0	0	0	0	0	0	0	0	0	0	0	0	0	0	8.58271	0	0	0	11.00946	0	0	1.98182	0	0	0	0	0	0	0	0	0	0	0	0	0	0	0	0	0	0	0	0	0	0	0	0	0	0	0	0	0	0	0	0	0	0	0	0	0	0	0	0	0	
0	0	0	0	0	0	0	0	0	0	0	0	0	0	0	0	0	0	0	0	0	0	0	0	0	0	0	0	7.65105	0	0	0	0	0	0	0	0	0	0	0	0	0	0	0	0	0	0	0	0	0	0	0	0	0	0	0	0	0	0	0	0	0	0	0	0	0	0	11.05595	0	0	0	0	0	0	0	0	0	0	0	0	0	0	0	0	0	0	0	0	0	0	0	0	0	0	0	0	0	0	0	0	
0	0	0	0	0	0	0	0	0	0	0	0	0	0	0	0	0	0	0	0	0	0	0	0	0	0	0	0	0	0	0	0	0	0	0	0	0	0	0	0	0	0	0	0	0	0	0	0	0	0	0	0	0	0	0	7.46124	0	0	0	0	0	0	0	0	0	0	0	0	0	0	0	0	0	0	0	0	0	0	0	0	0	0	0	0	0	0	0	0	0	0	0	0	0	0	0	0	0	0	0	0	
0	0	0	0	0	0	0	0	0	0	0	0	0	0	0	0	0	0	0	0	0	0	0	0	0	0	0	0	0	0	0	0	0	0	0	0	0	0	0	0	0	0	0	0	0	0	0	0	0	0	0	0	0	0	0	0	0	0	0	0	0	0	0	0	0	0	0	9.63017	0	0	0	0	0	0	0	0	0	0	0	0	0	0	0	0	0	0	0	0	0	0	0	0	0	0	0	0	0	0	0	0	
0	0	0	0	0	0	0	0	0	0	0	0	0	0	0	0	0	0	0	0	0	0	0	0	0	0	0	0	0	0	0	0	0	0	0	0	0	0	0	0	0	0	0	0	0	0	0	0	0	0	0	0	2.18263	0	0	0	3.57339	0	0	0	0	0	0	0	0	0	0	0	0	0	0	1.12426	0	0	0	0	0	0	0	0	0	0	0	0	0	0	0	0	0	0	0	0	0	0	0	0	0	0	0	0	
0	0	0	0	0	0	0	0	0	0	0	0	0	0	0	0	0	0	0	0	0	0	0	0	0	0	0	0	0	0	0	0	0	0	0	0	0	0	0	0	0	0	0	0	0	0	0	0	9.2177	0	0	0	10.75229	0	0	0	0	0	0	0	0	0	0	0	0	0	0	2.0857	0	0	0	0	0	0	0	0	0	0	0	0	0	0	0	0	0	0	0	0	0	0	0	0	0	0	0	0	0	0	0	0	
0	0	0	0	0	0	0	0	0	0	0	0	0	0	0	0	0	0	0	0	0	0	0	0	0	0	0	0	0	0	14.49867	0	0	0	0	0	0	0	0	2.18263	0	0	0	0	0	0	0	10.30662	0	0	0	0	0	0	0	0	0	9.08373	7.43689	0	8.91567	0	0	5.66825	0	0	0	0	0	0	0	0	0	0	0	0	0	0	0	0	0	0	0	0	0	0	0	0	0	0	0	0	0	0	0	0	0	0	0	0	
0	0	0	0	0	0	0	0	0	0	0	0	0	0	0	0	0	0	0	0	0	0	0	0	0	0	0	0	0	0	0	0	0	0	0	0	0	0	0	0	0	0	0	0	0	0	0	0	0	0	0	0	0	0	5.77312	0	0	0	0	0	0	0	0	0	0	0	0	0	0	0	0	0	0	0	0.37295	0	0	0	0	0	0	0	0	0	0	0	0	0	0	0	0	0	0	0	0	0	0	0	0	0	
0	0	0	0	0	0	0	0	0	0	0	0	0	0	0	0	0	0	0	0	0	0	0	0	0	0	0	0	0	0	0	0	0	0	0	0	0	0	0	0	0	0	13.22222	0	0	0	0	0	0	0	0	0	9.63285	0	0	0	0	0	0	12.66599	0	0	0	0	0	0	0	0	0	0	0	8.42035	0	0	0	0	0	0	0	0	0	0	0	0	0	0	0	0	0	0	0	0	0	0	0	0	0	0	0	0	
0	0	0	0	0	0	0	0	0	0	0	0	0	0	0	0	0	0	0	0	0	0	0	0	0	0	0	0	0	0	0	0	0	0	0	0	0	0	0	0	0	0	0	6.43947	0	0	0	13.67198	0	0	0	9.64412	0	0	0	0	0	0	4.4911	0	0	0	0	0	0	0	0	0	0	0	0	0	0	0	0	0	0	0	0	0	0	0	0	0	0	0	0	0	0	0	0	0	0	0	0	0	0	0	0	0	
0	0	0	0	0	0	0	0	0	0	0	0	0	0	0	0	0	0	0	0	0	0	0	0	0	0	0	0	0	0	0	0	0	0	0	0	0	0	0	0	0	0	8.28091	0	0	0	0	0	0	0	0	0	0	0	0	7.30046	0	0	0	0	0	0	0	0	0	0	0.91456	0	0	0	0	0	0	0	0	0	0	0	0	0	0	0	0	0	0	0	0	0	0	0	0	0	0	0	0	0	0	0	0	0	
0	0	0	0	0	0	0	0	0	0	0	0	0	0	0	0	0	0	0	0	0	0	0	0	0	0	0	0	0	0	0	0	0	0	0	0	0	0	0	0	11.33137	0	0	0	0	0	0	0	0	0	0	0	0	0	0	0	0	0	0	0	0	0	0	0	0	0	0	0	0	0	0	0	0	0	0	0	0	0	0	0	0	0	0	0	0	0	0	0	0	0	0	0	0	0	0	0	0	0	0	0	
0	0	0	0	0	0	0	0	0	0	0	0	0	0	0	0	0	0	0	0	0	0	0	0	0	0	0	0	0	0	0	0	0	0	0	0	0	0	0	0	0	0	0	0	0	0	0	7.07915	0	0	4.37458	0	0	0	0	0	0	0	0	0	0	0	0	0	0	0	0	0	0	0	0	0	0	0	0	0	9.60852	0	0	0	0	0	0	0	0	0	0	0	0	0	0	0	0	0	0	0	0	0	0	0	
0	0	0	0	0	0	0	0	0	0	0	0	0	0	0	0	0	0	0	0	0	0	0	0	0	0	0	0	0	0	0	0	0	0	0	0	0	0	0	0	0	0	0	0	0	0	0	5.58204	0	0	6.33353	10.08397	0	0	0	0	5.73732	0	9.31646	0	8.66539	0	0	0	0	9.76882	0	0	0	0	0	0	0	0	0	0	0	0	0	0	0	0	0	0	0	0	0	0	0	0	0	0	0	0	0	0	0	0	0	0	
0	0	0	0	0	0	0	0	0	0	0	0	0	0	0	0	0	0	0	0	0	0	0	0	0	0	0	0	0	0	0	0	0	0	0	0	0	0	0	0	0	9.71667	0	0	0	0	0	0	0	0	0	0	0	0	0	0	0	0	0	0	0	0	0	0	0	0	0	0	0.37295	0	0	0	0	0	0	0	0	0	0	0	0	0	0	0	0	0	0	0	0	0	0	0	0	0	0	0	0	0	0	0	
0	0	0	0	0	0	0	0	0	0	0	0	0	0	0	0	0	0	0	0	0	0	0	0	0	0	0	0	0	0	0	4.67151	0	0	0	0	0	0	0	0	0	0	0	0	0	0	0	8.06906	0	0	0	0	0	0	0	0	0	0	0	0	0	0	0	4.93067	0	0	0	0.91456	0	0	0	0	0	0	0	0	0	0	0	0	0	0	0	0	0	0	0	0	0	0	0	0	0	0	0	0	0	0	0	0	
0	0	0	0	0	0	0	0	0	0	0	0	0	0	0	0	0	0	0	0	0	0	0	0	0	0	0	0	0	0	0	7.15277	0	0	0	0	0	0	0	0	0	0	0	0	0	0	0	0	0	0	0	0	0	0	0	0	0	0	0	0	0	0	0	0	0	0	0	0	0	0	0	0	0	0	0	0	0	0	0	0	0	0	0	0	0	0	0	0	0	0	0	0	0	0	0	0	0	0	0	0	
0	0	0	0	0	0	0	0	0	0	0	0	0	0	0	0	0	0	0	0	0	0	0	0	0	0	0	0	0	0	0	0	0	0	0	0	0	0	0	0	0	0	0	10.4072	0	0	0	0	0	14.65774	0	0	0	0	9.35856	0	0	0	0	0	0	0	0	0	0	0	0	0	0	0	0	0	0	0	0	0	0	0	0	3.2812	0	0	0	0	0	0	0	0	0	0	0	0	0	0	0	0	0	0	0	0	
0	0	0	0	0	0	0	0	0	0	0	0	0	0	0	0	0	0	0	0	0	0	0	0	0	0	0	0	0	0	0	0	7.40711	0	0	0	0	0	0	0	0	0	0	0	0	0	0	4.93067	0	0	5.48498	1.0827	0	0	0	0	0	0	8.34382	0	0	0	0	0	0	0	0	0	0	0	0	0	0	0	0	0	0	0	0	0	0	0	0	0	0	5.92943	0	0	0	0	0	0	0	0	0	0	0	0	0	0	
0	0	0	0	0	0	0	0	0	0	0	0	0	0	0	0	0	0	0	0	0	0	0	0	0	0	0	0	0	0	0	0	0	0	0	0	0	0	0	13.2971	0	0	0	0	15.15246	0	5.51847	0	0	0	0	0	0	0	0	0	0	0	0	0	0	0	0	0	0	0	0	0	0	1.12426	0	0	0	0	0	0	0	0	0	0	0	0	0	0	0	0	0	0	0	0	0	0	0	0	0	0	0	0	0	0	
0	0	0	0	0	0	0	0	0	0	0	0	0	0	0	0	0	0	0	0	0	0	0	0	0	0	0	0	0	0	0	0	0	0	0	10.60241	0	0	0	0	0	0	0	0	0	0	0	7.88867	0	0	0	0	0	5.63514	0	0	0	0	0	0	10.81222	0	0	0	0	0	0	0	0	0	0	0	0	0	0	0	0	0	0	0	0	0	0	0	0	0	0	0	0	0	0	0	0	0	0	0	0	0	0	0	
0	0	0	0	0	0	0	0	0	0	0	0	0	0	0	0	0	0	0	0	0	0	0	0	0	0	0	0	0	0	0	0	0	0	0	0	0	0	0	0	0	13.41922	0	0	0	0	0	0	0	0	0	0	1.46983	0	0	0	0	0	0	0	0	0	0	0	0	0	0	0	0	0	0	5.08909	0	0	0	0	0	0	0	0	0	0	0	0	0	0	0	0	0	0	0	0	0	0	0	0	0	0	0	0	
0	0	0	0	0	0	0	0	0	0	0	0	0	0	0	0	0	0	0	0	0	0	0	0	0	0	0	0	0	0	0	0	0	0	0	0	0	0	0	0	7.3767	0	0	0	10.02064	0	0	5.81221	0	0	7.95877	10.91012	0	0	0	10.20572	0	0	9.59978	0	3.50138	0	0	0	0	0	0	0	1.12426	0	0	0	0	0	0	0	0	0	0	0	0	0	0	0	0	0	0	0	0	0	0	0	0	0	0	1.61584	0	0	0	0	
0	0	0	0	0	0	0	0	0	0	0	0	0	0	0	0	0	0	0	0	0	0	0	0	0	0	0	0	0	0	0	0	0	0	0	0	0	0	0	0	0	0	0	0	9.72122	0	0	0	0	0.37295	0	0	7.89047	0	0	0	0	7.14377	0	0	0	8.08482	0	0	0	0	0	0	0	0	0	0	0	0	0	0	0	0	0	0	0	0	0	0	0	0	0	0	0	0	0	0	0	0	0	0	0	0	0	0	
0	0	0	0	0	0	0	0	0	0	0	0	0	0	0	0	0	0	0	0	0	0	0	0	0	0	0	0	0	0	0	0	0	0	0	0	0	0	0	0	0	0	0	12.14696	0	0	8.84456	0	0	0	5.69314	0	0	0	0	0	0	0	0	2.3589	0	0	0	0	8.14919	0	0	0	0	0	0	0	10.54432	0	0	0	1.61584	0	0	0	0	0	0	0	0	0	0	0	0	0	0	0	0	0	0	0	0	0	0	0	
0	0	0	0	0	0	0	0	0	0	0	0	0	0	0	0	0	0	0	0	0	0	0	0	0	0	0	0	0	0	0	0	0	0	0	0	0	0	0	0	0	0	0	0	0.66903	0.37295	0	11.89462	0	0	0	8.39172	0	0	0	5.88538	0	0	0	0	0	0	0	0	0	0	0	4.00398	0	0	0	0	0	11.33187	0	0	0	0	0	0	0	0	0	0	0	0	0	0	0	0	0	0	0	0	0	0	0	0	0	0	
0	0	0	0	0	0	0	0	0	0	0	0	0	0	0	0	0	0	0	0	0	0	0	0	0	0	0	0	0	0	0	0	0	0	0	0	0	9.33832	0	0	0	0	0	0	0	0	0	0	0	0	0	7.32066	0	0	12.24901	0	8.77825	0	0	1.46983	0	0.37295	0	0	0	0	0	0	0	0	0	0	0	0	6.40191	3.53848	0	0	0	0	0	0	0	0	0	0	0	0	0	0	0	0	0	0	0	0	0	0	0	0	
0	0	0	0	0	0	0	0	0	0	0	0	0	0	0	0	0	0	0	0	0	0	0	0	0	0	0	0	0	0	0	0	0	0	0	0	0	0	0	0	0	0	17.82784	0	0	10.57589	0	12.40735	0	0	9.46355	0	11.03686	0	10.74487	0	0	0	0	0	0	0	0	8.51762	0	0	0	8.93949	0	0	5.59969	0	0	0	0	0	0	0	4.68811	0	0	0	0	0	0	0	0	0	0	0	0	0	0	0	0	0	0	0	0	0	
0	0	0	0	0	0	0	0	0	0	0	0	0	0	0	0	0	0	0	0	0	0	0	0	0	0	0	0	0	0	0	0	0	0	0	0	0	0	0	0	0	0	0	0	0	0	0	7.46607	8.55317	0	0	8.74293	0	0	0	0	0	0	0	0	0	0	0	0	2.18263	0	0	0	0	0	0	0	0	0	0	0	0	0	0	0	0	0	0	0	0	0	0	0	0	0	4.93067	0	0	0	0	0	0	0	0	0	
0	0	0	0	0	0	0	0	0	0	0	0	0	0	0	0	0	0	0	0	0	0	0	0	0	0	0	0	0	0	0	0	0	0	0	0	0	0	0	0	0	0	0	0	0	0	0	11.09561	0	0	0	0	9.18078	4.33443	0	0	0	0	13.25768	9.66989	0	0	0	0	0	0	0	0	0	0	0	0	0	0	0	0	0	0	0	0	0	0	0	0	0	0	0	0	0	0	0	0	0	0	0	0	0	0	5.39242	0	
0	0	0	0	0	0	0	0	0	0	0	0	0	0	0	0	0	0	0	0	0	0	0	0	0	0	0	0	0	0	0	0	0	0	0	0	0	0	0	0	0	0	10.19523	0	0	0	0	0	0	8.72008	0	5.309	0	6.69564	0	0	0	0	0	0	0	0	0	0	10.39934	0	0	0	0	0	0	0	0	0	0	0	9.26482	0	0	0	0	0	0	0	0	0	0	0	0	0	0	0	0	0	0	0	0	0	0	0	
0	0	0	0	0	0	0	0	0	0	0	0	9.1601	0	0	0	0	0	0	0	0	0	0	0	0	0	0	0	0	0	8.72494	0	0	0	0	0	0	0	0	0	0	0	9.65737	0	0	0	0	5.70949	0	0	10.91916	0	0	6.24653	3.2562	0	9.46606	0	0	0	0	0	0	7.97578	6.11148	9.46416	0	0	0	0	0	0	0	0	0	0	0	0	0	0	0	0	0	0	0	0	0	0	0	0	0	0	0	0	0	0	0	0	0	0	
0	0	0	0	0	0	0	0	0	0	0	0	0	0	0	0	0	0	0	0	0	0	0	0	0	0	0	0	0	0	0	0	0	0	0	0	0	0	0	0	0	0	0	0	0	10.2034	0.91456	0	0.37295	12.81238	0	7.34525	5.12017	0	9.31913	9.35348	0	0	0	0	13.52211	0	0	0	0	0	0	0	0	6.85277	0	0	0	0	0	0	2.11293	0	0	0	0	0	0	0	0	0	0	0	0	0	0	0	0	0	0	0	0	0	0	0	
0	0	0	0	0	0	0	0	0	0	0	0	0	0	0	8.74789	0	0	0	0	0	0	0	0	0	0	0	0	0	0	0	0	0	0	0	4.2249	11.38312	0	0	0	0	0	0	6.5803	0	10.7582	7.78322	8.62176	1.61584	9.44108	0	0	4.47501	0	9.70039	0	0	0	0	3.16424	0	7.7213	0	8.93167	0	8.82216	0	0	10.7054	0	7.19985	0	0	0	0	10.46278	0	0.66903	0	4.01218	0	0	0	0	0	0	0	0	0	0	7.83749	0	0	0	0	0	0	0	0	0	
0	0	0	0	0	0	0	0	0	0	0	0	0	0	0	0	0	0	0	0	0	0	0	0	0	0	10.14575	0	0	0	0	3.71088	0	0	7.33514	0	0	0	0	0	10.71017	0	0	0	0	0	0	0	6.70975	2.3589	1.30737	9.90334	9.77709	0	10.00913	0	8.1066	0	4.36511	0	4.13086	8.34382	0	0	0	7.45398	0	0	0	0	0	0	0	6.81384	0	0	0	0	0	0	0	0	0	0	0	0	0	0	0	0	0	0	0	0	0	0	10.74561	0	0	0	
0	0	0	0	0	0	0	0	0	0	0	0	0	0	0	0	0	0	0	9.94754	0	0	0	0	0	0	0	0	0	0	0	0	0	0	0	0	0	0	0	0	0	0	0	14.09031	0	0	9.76834	10.91652	11.47956	0	8.64852	6.62741	11.51795	0	0	0	14.49594	0	0	7.31123	4.23655	0	0	12.70175	0	1.61584	0	8.63894	0	0	0	0	0	0	0	0	0	0	0	0	0	0	0	0	0	0	0	0	0	0	8.28302	0	0	0	0	0	0	0	0	0	
0	0	0	0	0	0	0	0	0	0	0	0	9.24321	0	0	0	0	0	0	10.2992	0	0	0	0	0	0	0	0	0	0	0	0	0	6.1581	0	0	0	0	0	0	0	10.6711	13.33759	0	7.11138	0	0	3.22696	7.81688	0	1.61584	9.67132	5.84692	2.99894	9.52825	1.86983	6.43419	6.22969	6.56426	0	0	0	0	0	0.37295	0	0	0	0	0	0	0	0	0	0	0	0	0	9.47556	0	0	0	0	0	0	0	0	0	0	0	0	0	0	0	0	0	0	0	0	0	
0	0	0	0	0	0	0	0	0	0	0	0	0	0	0	0	0	0	0	0	0	0	0	13.43894	0	0	0	0	0	0	0	0	0	0	0	0	0	0	11.16211	0	0	0	7.05705	8.8766	0	0	7.17338	5.59552	0	8.75291	6.57138	6.30905	0	0	0	0	0	4.54289	13.24671	9.12395	10.38509	0	0	0	7.93983	0	0	0	0	0	0	0	0	0	0	0	0	0	0	0	0	0	0	0	0	0	0	0	0	0	0	0	0	0	0	0	0	0	0	0	
0	0	9.51623	0	0	0	0	0	0	0	0	0	0	0	0	0	0	0	0	0	0	0	0	0	0	0	0	0	0	0	0	0	0	0	0	0	0	0	0	0	8.37942	0	0	0	0	9.0798	0	5.80498	9.49161	11.39497	0	6.20098	9.72625	8.30606	2.27346	11.85634	0	0	1.61584	0	8.81852	0	7.11028	10.80153	0	0	0	0	0	0	0	8.14555	0	0	0	0	0	0	0	0	0	0	0	0	0	0	0	0	0	0	0	0	0	0	0	0	0	0	0	0	
0	0	0	0	0	0	0	0	0	0	0	11.89652	0	0	0	0	0	0	0	0	0	0	0	0	0	0	0	0	0	0	0	0	6.71603	0	0	0	0	8.41041	12.39691	8.92643	4.2249	8.73016	0	0	11.47094	7.45822	10.92281	5.25407	10.43657	0	11.67976	0	2.92212	5.19877	0	10.64006	4.74042	5.66548	0	0	0	0	0	0	0	0	0	3.89378	0	0	0	0	5.65985	0	0	1.12426	0	0	8.59008	0	0	0	0	0	0	0	0	0	0	0	0	0	0	0	0	9.37041	0	0	0	0	
0	0	0	0	0	0	0	0	0	0	0	0	0	0	0	0	0	0	0	0	0	0	0	0	0	0	0	0	0	0	0	0	0	0	5.79629	10.48983	0	0	0	8.2713	0	12.15042	0	9.5595	12.44829	8.86095	7.90193	5.87123	5.69015	10.37872	11.6109	10.27674	1.12426	8.4619	0	0	7.01502	0	0	4.3217	9.42073	0	0.66903	0	0	0	0	0	0	0	0	0	0	0	0	0	0	0	1.61584	0	0	0	0	0	0	0	0	9.54728	0	0	0	0	0	0	0	0	0	0	0	0	
0	0	0	0	0	0	0	0	9.67771	0	11.2615	0	0	0	0	0	0	0	0	0	0	0	0	0	0	0	5.13825	0	0	0	0	0	0	0	3.4633	0	0	11.76746	10.88356	0	6.98776	4.94455	0	3.678	0	11.01996	4.1856	7.57942	6.9231	7.96247	0	5.94342	0	0	0	0	8.64381	7.07284	0	0	0	0	2.65757	0	0	0	4.81448	0	0	0	0	0	0	0	0	0	0	0	0	0	0	0	0	0	0	0	0	0	0	0	0	0	0	0	0	0	0	0	0	0	
0	0	0	0	0	0	0	0	0	0	0	10.96906	0	0	5.51847	0	0	0	0	0	0	0	0	0	0	0	0	0	0	0	0	10.69054	0	0	5.10154	0	11.75298	0	0	9.67463	0	0	10.06828	8.73828	8.96474	7.57704	10.78631	8.99626	4.72846	7.63979	6.62837	8.68167	9.18062	6.50688	0	3.2562	9.23012	0	0	4.93067	7.03115	4.17843	0	12.38722	0	0	0	0	0	0	0	0	0	0	0	7.02248	0	0	0	0	0	0	0	7.23417	0	0	0	0	0	0	0	0	0	0	0	0	0	0	0	0	
0	0	0	0	0	0	0	0	0	0	0	0	11.47494	0	0	0	0	0	0	0	0	0	0	0	0	0	0	0	0	9.0097	0	0	7.28144	0	5.99621	0	12.82006	0	12.9763	10.93794	10.74828	8.66539	9.52054	7.1983	7.92063	3.91872	11.04976	10.3452	5.33031	8.89487	7.38673	10.2068	10.45315	5.26445	6.09412	5.41392	10.29919	0	0	5.12612	5.51847	0	0	0	0	0	0	0	0	0	0	0	0	8.84025	0	0	0	0	0	0	9.71616	0	0	0	0	0	0	0	0	0	0	0	0	0	0	0	0	0	0	0	
0	0	0	0	0	0	0	12.90174	0	0	0	9.26205	0	0	0	0	0	0	0	0	0	0	0	0	0	0	0	8.64533	0	0	3.34263	0	12.63032	0	0	0	2.27346	13.54511	6.85678	9.91756	9.67771	4.34634	0	10.01606	10.04774	8.56248	8.90706	6.78954	10.09319	9.02317	5.52345	9.35985	10.14491	9.8728	9.13847	4.75232	13.43044	4.8751	3.47986	9.10861	5.7951	12.91943	6.82138	0	8.42902	0	0	0	0	0	0	0	0	10.807	0	0	0	0	0	0	0	0	0	0	0	0	0	0	0	0	0	0	0	0	0	0	0	0	0	0	
6.50264	0	0	0	0	0	0	0	5.93665	0	0	0	11.45081	0	0	0	0	0	0	0	0	0	0	0	12.88389	0	0	7.02789	0	0	0	0	8.81557	0	10.70844	8.51296	0	6.57585	10.47917	5.25096	8.1189	8.43958	5.84307	8.82012	10.80463	8.90341	7.6829	9.21269	5.76358	1.11097	8.24244	5.84692	7.17556	7.89198	11.90344	8.27186	9.45084	6.025	0	9.55545	0	5.65141	0	4.69287	0	8.53608	0	0	0	0	0	0	0	0	0	0	0	0	0	0	0	0	4.87214	0	0	4.37601	0	0	0	0	0	0	0	0	0	0	0	0	0	0	
0	0	0	11.30403	0	0	0	0	0	0	0	0	0	0	0	0	0	0	8.6893	0	0	10.8636	0	7.8319	10.50324	8.72091	0	0	11.41822	9.80638	11.66666	0	4.82952	0	0	0	0	10.1159	9.98877	8.34691	7.75552	6.31919	7.77387	8.91262	8.24336	9.98351	7.52563	9.02105	8.48569	6.34511	9.83483	6.23131	10.09031	7.0572	5.66456	10.91584	0	2.71841	5.42284	7.81146	2.27346	2.0857	9.56592	0	0	0	0	0	0	4.43623	0	0	7.71118	0	0.37295	4.05608	11.42055	2.59345	0	1.12426	0	0	0	0	0	0	0	0	0	0	0	0	0	0	0	0	0	0	0	0	
8.55317	0	0	0	9.3849	5.80308	0	0	0	0	0	0	0	0	0	0	0	7.076	0	0	0	0	0	0	9.19101	0	7.33021	8.21589	0	10.53946	10.0113	0	0	0	10.58893	4.97193	5.60216	11.28972	11.06951	7.82813	6.71985	8.95758	8.32518	8.75871	8.70186	8.92454	9.37902	7.2614	6.8361	10.71474	2.94403	9.75084	8.16707	6.12106	8.43694	8.61096	8.83417	5.5611	6.20036	8.5159	13.80031	0	8.05879	10.79914	10.91255	10.66561	9.66086	0	0	0	0	0	0	0	3.34263	0	0	0	0	0	0	0	0	0	0	0	0	0	0	0	0	0	0	0	0	0	0	0	0	0	
0	0	0	0	0	0	0	0	5.20899	0	8.01907	0	0	0	0	0	3.01428	13.39671	10.6236	6.08037	9.84854	8.83755	0	0	0	12.94771	0	7.00488	5.09617	10.69054	0	9.27241	10.4431	8.84658	7.52815	10.72149	5.5312	6.58943	8.58993	8.31432	7.83649	8.82165	5.11837	7.45741	9.34316	7.5088	7.69017	8.12279	7.77544	7.47787	6.43605	10.22024	6.10583	8.15291	5.96121	6.31217	5.41789	8.89995	0	8.94986	7.19586	8.10505	6.68941	0	9.61566	11.0401	1.30737	0	0	0	0	7.41212	0	0	3.77446	0	0	0	9.11553	0	0	0	0	0	0	7.16172	0	0	0	0	0	0	0	0	0	0	0	0	0	0	
0	10.51058	0	0	10.0674	8.75578	0	0	0	0	0	0	0	0	4.78391	11.04434	0	10.5939	11.56513	0	6.77162	0	7.22538	0	0	0	0	0	9.22065	8.76853	8.85265	0	8.57231	7.48672	7.72934	6.46127	8.33772	9.28343	7.51195	8.12154	8.51406	7.12753	7.15578	9.01428	7.8768	6.37024	7.97876	8.55116	7.21463	7.60141	5.97963	7.42773	8.05895	4.76001	9.15098	4.27357	2.3589	5.48573	6.50591	6.66459	0	8.94468	0	10.95047	10.80704	2.3589	5.25629	0.37295	0	0	0	0	0	0	0	2.27346	0	0	0	0	9.1739	0	0	0	0	0	0	0	0	0	0	0	0	0	0	0	0	0	0	0	
0	7.13774	9.44475	0	10.08205	0	0	0	0	0	10.72715	0	0	0	10.41781	2.90491	0	9.93237	0	0	10.00789	3.92213	6.92429	7.91512	8.8547	8.32138	0	4.34311	6.06774	8.45554	10.16886	10.89679	10.09939	10.89315	10.05407	5.27614	9.26287	7.906	6.49176	6.69704	5.57623	7.08066	6.80709	7.50375	7.42033	6.43422	7.83954	8.15846	9.11457	8.5565	7.45615	8.64276	7.27451	6.88029	6.19297	5.94113	8.91942	6.42771	5.80816	9.59428	0	6.90301	8.43056	8.74716	1.45246	0	0.66903	0	0	0	0	13.99356	0	0.91456	10.14725	0	7.33777	0	1.12426	0	0	0	0	4.0761	0	2.28383	0	0	0	0	0	0	0	0	0	0	0	0	0	0	
0	0	0	0	0	0	0	0	7.37414	0	8.52918	11.44441	0	0	0	0	0	0	10.61141	0	5.12612	0	0	0	0	10.55199	10.28909	0	0.66903	6.3069	5.67101	5.84893	9.69476	8.93599	9.53572	8.8815	10.1601	9.67585	6.62911	7.76703	5.53551	8.28218	8.43749	8.58767	7.39779	8.10571	6.21723	8.08786	8.17003	7.99004	7.00237	5.73772	5.35464	6.89722	7.72919	8.54911	9.13042	8.26506	11.03199	7.77343	9.57662	5.4447	4.87374	5.93079	0	7.81212	0	7.42213	0	0	0	0	0	0	0	0	0	0	0	0	0	11.42241	0	0	0	0	0	8.20182	10.23533	6.91957	0	0	0	0	0	0	0	0	0	0	
0	0	0	0	0	0	0	0	10.83033	10.03853	7.3069	3.2562	0	12.89119	0	0	0	0	10.19705	5.1106	0	0	0	8.51446	4.20196	8.41537	2.27346	9.69162	5.50965	9.19327	0	7.0982	5.57134	3.35529	3.7315	5.97849	8.05697	4.82311	10.7092	5.2998	8.31343	7.66254	7.86907	7.43181	5.93055	6.0586	7.3631	6.71714	6.8817	8.25642	7.93656	6.89869	7.56233	5.27591	8.02442	7.50341	4.14054	9.82981	9.23405	6.90761	6.71967	10.30045	7.30344	4.20196	0.99091	7.96165	10.0422	0	0	0	0	0	0	4.26971	11.50395	0	0	0	10.46434	0	0	0	0	0	0	0	0	0	1.98182	0	2.43957	0	0	0	0	0	0	0	0	0	
0	0	10.20644	5.13721	0	8.45351	0	2.96064	6.69153	0	0	0	0	0	0	0	0	6.87583	0	0	0	0	0	10.81506	0	8.2713	0	10.58803	10.19813	7.81551	0	9.17947	0	11.25071	5.42405	8.57906	6.84942	7.08417	1.16189	10.34994	6.73074	9.86868	6.66035	6.90047	6.69341	7.4553	5.22898	7.10121	6.76996	7.93417	8.43319	7.41696	7.76955	7.57729	7.09224	4.63149	7.03914	7.83003	8.08271	7.29279	10.15716	7.69701	4.24493	8.38004	7.07758	0	0	4.82273	5.49978	4.70452	4.19954	0	11.50321	0	0.56213	0	5.53519	0	0	0	0	0	5.64001	0	0	0	0	0	0	0	0	0	0	0	0	0	0	0	0	0	
0	0	0	0	0	0	0	0	0	0	11.92876	8.82967	8.11246	0	13.6351	0	0	10.69311	0	3.53848	0	0	0	0	0	0	2.51596	3.06602	4.72997	0	7.22282	9.30343	6.04498	6.76593	4.26975	8.16942	8.13922	7.41245	6.54441	8.39029	8.13541	4.9364	5.96314	7.8631	8.80448	7.48639	4.70504	5.54479	7.05075	6.2987	6.54603	7.62708	8.4201	7.4963	5.62939	5.6456	5.2525	6.73212	8.29936	6.59857	6.56756	4.5206	5.77523	4.96807	0	5.9012	10.66167	6.09016	0	0	5.96929	0	4.62117	4.25823	0	13.60026	0	0	0	0	0	0	0	0	0	0	0	0	6.6303	0	0	0	0	0	0	0	0	0	0	0	
0	0	0	0	0	0	0	0	0	10.1696	0	0	8.7656	0	0	0	0	0	0	0	0	0	0	9.13007	0	0	8.20843	0	0	4.51374	6.77263	0	0	5.76583	10.45103	7.076	5.87816	0	0	8.22084	3.26757	11.13871	4.52731	3.73635	8.77029	5.898	6.57949	7.8653	9.27535	7.25761	6.70798	8.92027	6.11923	6.56705	7.57448	5.55073	8.08829	6.07507	4.25027	5.46399	5.91554	4.75499	5.83097	2.52425	6.22722	5.17734	7.59272	5.75748	4.03067	0	0	6.22393	0	5.23182	0	10.49268	9.34684	0	0	0	0	0	0	0	11.48774	0	0	0	0	0	0	9.902	0	0	0	0	6.03566	0	0	0	
0	0	0	0	0	0	0	0	0	0	0	11.89663	0	0	0	0	0	4.13088	11.79179	0	0	0	0	3.60992	0	0	0	4.37601	0	0	0	0	7.51615	5.97579	6.74211	0	4.50279	8.02198	0.99091	1.96107	5.42128	9.46932	7.81429	3.77495	0	8.583	4.61727	3.96153	6.45895	6.44612	7.73531	12.00096	8.5991	3.71239	6.48311	5.77265	6.5851	5.78932	7.89574	7.14708	6.74185	3.44072	0	6.5094	8.55928	0	4.44056	3.50138	10.34573	7.95871	0	0	0	0.37295	0	9.80876	0	8.77048	0	0	0	4.83521	0	0	0	0	0	0	0	0	0	0	0	0	0	0	0	0	0	0	
0	0	0	0	4.7461	0	0	0	0	0	9.06716	0	2.72349	0	0	10.83126	0	0	7.57943	0	8.68214	2.3589	0	0	0	7.78057	4.94455	0	0	5.79932	0	10.19124	13.29951	0	0	8.96867	9.65572	0.66903	10.53832	11.06275	2.74221	8.33858	5.23433	7.03115	3.548	5.02053	13.14942	3.23245	6.7016	8.39656	8.99773	7.13691	7.75159	6.33536	5.89907	7.49172	7.10472	6.57719	4.65564	6.1241	5.20134	6.64168	5.15285	3.77834	6.52704	0	5.44281	9.02467	0	0	8.3978	8.74986	6.58523	7.35315	5.48252	0	4.48868	0	0	0	6.29068	0	0	0	0	1.74842	0	0	0	0	0	0	0	0	0	0	0	0	0	0	
0	0	0	0	0	0	0	0	0	0	0	5.10154	1.42347	0	0	11.31526	0	0	0	0.37295	3.77446	0	0.37295	0	0	0	0	0	0	3.54781	2.3589	4.80763	0	0	0	9.64034	0	0	0	6.61978	2.52251	5.16652	3.57621	6.75322	6.89358	3.73962	5.90413	8.23995	5.49097	5.94425	0	0	7.82988	10.16568	1.86983	6.01248	8.95572	6.50393	6.7494	6.23956	7.32308	6.86712	7.74573	6.13474	2.58474	5.47053	7.63615	5.93541	0.91456	10.6909	0	5.93622	8.60997	9.72575	6.57585	0	19.68114	0	4.31318	0	0	0	0	0	0	0	0	0	0	0	0	0	0	0	0	0	0	0	0	0	
0	0	0	10.66403	0	0	0	0	0	0	0	0	0	0	0	0	0.91456	0	0	0	0	0	8.97882	0	0	0	8.8248	5.93283	4.67151	8.53378	0	0	6.03566	0	0	12.20049	0	5.64292	6.79096	5.42191	3.1579	0	0.66903	0	3.36632	12.15267	6.78707	9.31178	6.34054	3.56925	6.06038	6.73741	7.25286	8.79894	6.1499	5.39116	6.8273	4.77145	6.86769	5.45598	8.91761	5.47235	6.91982	9.59669	6.6964	8.02798	6.11944	6.44519	7.62573	7.96551	3.43182	9.71586	1.92961	3.17505	5.14191	0	12.35809	0	4.2177	8.28501	0.25665	2.0857	1.12426	0	0	0.66903	0	0	0	0	0	0	0	0	0	0	0	1.12426	0	12.6614	
0	0	4.37691	0	0	0	0	0	0	0	0	0	0	0	0	0	0	0	0	0	8.49656	0	0	0	0	7.19114	0	6.68286	0	8.24629	0	11.04353	9.55295	0	9.12623	0	0	4.84803	6.25362	0	6.95773	0	0	7.05415	9.81586	8.81273	0	3.48211	8.74888	8.01869	9.06381	10.83476	6.46461	6.3863	6.04859	10.29445	0	6.98399	7.15102	4.50699	1.81681	4.36279	4.89368	0.58281	4.27453	4.50449	4.83352	0	7.27982	2.72391	5.56255	6.89028	5.69021	9.35016	0	0	5.03828	0	1.8457	6.67913	0	5.67317	0	0	0	0	0	0	1.46983	0	0	0	0	0	0	0	1.12426	0	0	0	
0	0	0	0	2.96064	0	0	0	0	0	0	0	8.88472	0	0	0	0	0	0	0	11.52908	4.94455	0	0	0	0	0	1.12426	0	0	0	0.66903	9.53241	0	0	0	4.37601	0	14.63902	9.01711	0	0	3.19522	0	8.52341	0	5.42882	8.40662	0	4.05916	9.98497	4.03175	10.29548	3.83648	6.87649	0	0	5.45254	5.06116	2.01155	7.81408	5.02982	6.96861	6.44492	4.97599	7.19645	7.18963	3.11656	7.20937	6.06262	6.4895	0	0	8.78307	0	8.55254	4.40591	5.81609	0	0	0	0	0	0	7.6658	0	0	0	0	0	0	0	0	0	0	0	9.61993	0	0	0	
0	0	0	0	0	0	0	0	0	0	0	0	1.46983	0	0	0	7.7213	5.51148	1.46983	0	0	0	0	0	2.98192	0	0	0	0	0	0	0	0	0	5.43239	8.78019	0	10.50679	0	0	0	0	10.76017	10.63248	0	10.06468	10.00499	7.78057	0	3.14383	0	10.52712	9.92495	7.13643	0	6.68745	0	5.17458	0	5.52679	7.26893	7.40711	4.99703	5.73369	3.25026	6.82226	7.14656	5.34075	10.06462	6.86212	8.55975	2.74954	5.87316	9.75658	7.6609	3.09056	9.81076	8.35686	0	0	5.35131	0.37295	11.22327	0	1.09132	0.66903	4.43623	4.84442	2.43957	0	1.67699	0	0	10.73945	0	0	0	0	0	0	
0	0	0	0	0	0	0	0	0	0	0	0	0	0	0	0	0	0	0	0	5.35902	0	0	0	0	0	0	0	0	3.16424	0	0	0	0	6.34928	0	0	0	0	0	9.67302	0	9.61288	8.24909	3.24999	0	0	0	2.51596	5.45098	8.79655	0	0	0.99091	5.85818	7.16014	0	0	6.89386	8.16183	9.59648	6.11569	1.81458	6.01892	6.11489	7.86858	3.47799	5.82523	6.87152	5.84897	10.71806	6.90461	2.91993	4.75	1.82011	0	3.02002	0	7.36042	0	0	0	0.66903	0	0	0	8.92783	0	0	0	0	0	0	0	0	0	0	0	0	0	
0	0	0	0	5.06387	0	0	0	0	0	0	4.51279	0	5.2543	0	0	0	0	0	0	0	0	0	0	0	0	0	0	0	0	0	0	0	0	0	0	0	0	0	6.12442	0	0	5.08909	0	4.97075	0	0.56213	0	0	0	0	0	0	0	8.37236	0	0	0.37295	0	12.18885	6.71775	1.18542	6.63576	7.78505	5.39014	0	1.48032	5.04004	8.88018	5.95793	4.31379	8.80337	8.42961	6.26341	0	0	1.28537	9.03426	6.40654	10.34475	0.91456	6.93007	1.30737	0	0.66903	0	1.12426	8.73747	0	4.7556	0	0	0	0	3.11597	0	0	0	0	0	
0	0	0	0	0	0	0	0	0	0	0	0	0	0	0	0	0	9.16683	0	0	0	10.94119	7.17356	0	0	0	8.62392	0	0	0	0	0	0	6.61675	10.57065	0	0	0	0	0	0	0	0	0	0	0	0	0	1.12426	0	0	0	0	0	0	7.44153	11.51687	10.59882	3.80523	0.91456	0	6.25968	5.85607	0	7.98665	7.48354	5.43466	7.78314	5.09607	4.99348	5.83142	5.19326	6.43258	8.55895	8.43183	6.40346	4.2827	0	7.6037	4.02069	0	0	7.9567	0	3.80523	10.07943	8.65276	1.12426	0	10.39573	0	0	0	0	0	0	8.51276	0	0	0	
0	0	0	0	0	0	0	0	6.66778	0	0	0	0	0	0	0	0	0	0	0	0	0	0	0	0	0	0	2.90491	0	4.53131	0	0	0	0	0	0	0	0	0	9.79743	0	0	0	0	0	4.81448	0	2.84693	3.06602	0	0	9.76051	0	0	0	0	0	0	8.64733	0	6.44006	0	11.47702	8.66832	8.76087	2.63195	6.54913	0	0	7.44734	9.44834	2.3589	8.57942	5.71548	4.78627	7.65097	2.19819	0	0	9.25655	4.6453	7.49515	10.15958	8.52337	3.4295	0	0	0	0	0	7.62326	0	9.50005	0	0	0	0	0	0	0	
0	0	0	0	0	0	0	0	0	0	0	0	0	9.91308	0	0	0	0	0	1.74842	0	0	0	0	0	2.12246	0	0	0	0	0	0	0	0	8.10041	0	0	6.44994	0	0	10.46253	0	3.21095	7.39199	1.12426	0	0	0	0	0	3.34263	6.75201	0	0	5.10154	0	0	0	0	7.09636	5.74764	0	5.10007	8.23079	6.84749	3.47773	9.90769	2.58849	0	4.4786	6.73268	0	7.41941	5.82967	9.48628	5.47693	4.48705	4.0007	5.01691	4.91644	0	6.75222	1.46983	3.85423	2.01459	0	0	7.50641	1.47463	0	1.12426	0	0	6.72007	0	0	0	0	5.02986	0	
0	0	0	0	0	0	0	9.49692	0	0	0	0	0	0	0	0	0	0	0	0	0	0	0.66903	0	0	0	0	0	10.82377	0	0	0	0	0	10.24733	0	0	0.66903	0	0	0	1.78733	0	0	0	0	5.04433	0	0	0	0	0	8.70468	0	0	0	2.61023	6.57585	0	6.06797	6.27993	0	0	5.85627	0	3.11597	0	7.94914	6.30892	9.94452	10.2341	6.18569	7.15874	4.84342	7.84306	5.75728	8.67341	2.72349	6.33812	6.59957	5.33546	7.0869	6.08756	0	3.72726	0	1.74842	4.44416	0	0	8.53378	8.55415	0	0	0	0	9.87416	0	0	0	
0	0	0	0	0	0	0	0	0	0	0	0	0	0	0	0	0	0	0	0	0	0	0	0	0	0	0	0	0	0	0	0	0	0	0	0	0	6.1644	0	0	0	0	0	0	0	0	0	0	0	5.69314	0	4.46396	0	3.46196	0	0	2.18263	6.09139	0	0	2.96064	0	8.28909	11.14756	6.91252	6.71646	0	0	8.58017	7.34742	0	9.11936	4.81137	9.61573	6.98692	6.05892	0	4.66169	4.60053	6.45179	2.93211	9.24812	2.18263	3.16424	0	0	3.05096	0	0	0	0	0	8.82057	5.28465	4.20196	0	0	0	0	0	
0	0	0	0	0	0	0	8.60109	0	0	0	0	0	0	0	0	0	0	0	0	0	0	0	0	0	0	0	0	0	0	0	0	0	0	0	0	0	4.85087	0	7.6037	0	0	0	0	0	0	0	0	0	0	3.61549	0	0	11.63497	6.50634	0	0	7.22991	8.96612	10.75992	0	3.30007	0	7.09346	9.33448	9.32909	0	0	5.927	5.78943	8.23548	2.9712	4.77597	7.50244	0.66903	8.14506	7.50238	0	6.94506	6.57229	8.25286	7.90829	3.12885	3.91689	3.26877	0	0	1.01139	0	0	9.32909	0	0	0	0	1.33466	0	0	0	0	
0	0	0	0	0	0	0	0	0	0	0	0	0	0	0	0	0	0	0	0	0	0	0	0	0	9.81633	0	0	0	0	0	0	0	0	0	0	0	11.81359	0	0	0	0	0	0	9.02938	0	0	0	9.52145	0	0	0	0	0	0	0.91456	0	0	0	0	0	0	8.29824	0	0	6.73387	5.80111	8.41508	0	7.17421	3.65301	0	7.29948	0	10.12265	5.44639	6.24653	7.11107	3.96362	5.41877	1.84564	0	5.75072	0	9.94754	6.20698	0	0	0	0	8.42283	0	0	0	0	0	0	0.66903	0	0	
0	0	0	0	0	0	0	0	0	0	0	0	8.15219	0	0	0	0	0	0	0	0	0	0	0	0	0	0	0	0	0	0	0	0	0	0	0	0	0	0	0	0	0	0	0	0	0	0	10.05465	0	0	0.66903	0	9.97655	0	0	0	0	0	0	6.03368	0	0	0	3.90137	2.96064	5.40251	9.55618	0	9.61179	0	0	8.31472	0	0	0	6.2636	5.81634	8.23852	5.42511	4.80455	0	3.36334	5.1644	5.62906	4.85906	1.29425	7.49618	0	3.86486	0	0	0	0	3.80523	0	0	0	0	0	0	
0	0	0	0	0	0	0	0	0	0	0	0	0	0	0	0	0	0	0	0	0	0	0	0	0	0	0	0	0	0	0	0	8.1035	0	0	0	0	0	0	0	1.46983	0	0	0	0	0	0	0	0	0	0	0	0	0	0	0	6.29677	0	0	0	8.25505	0	0	1.59158	0	7.3325	0	0	7.06531	0	0	0	7.19695	0	0	5.8266	0	0	5.25995	8.20244	5.87104	6.82138	8.79846	0	5.78862	0	0	0	2.51596	0	4.85641	5.06766	4.85179	0	0	0	0	0	0	0	
0	0	0	0	0	0	0	2.57867	0	0	0	0	0	0	0	0	0	0	0	0	0	0	0	0	0	0	0	0.37295	0	0	0	0	0	0	0	0	0	0	0	0	0	0	0	0	0	0	0	0	0	0	0	0	0	0	0	0	0	0	0	0	0	0	0	0	0	0	0	0	0	0	3.63731	4.30143	5.3614	0	0	7.37157	10.83546	0	9.51619	5.99621	0	4.87484	0	6.63699	1.12426	9.86925	0	7.02462	0	0	0	2.18263	0	0	0	8.77242	0	0	0	0	
0	0	0	0	0	0	0	0	0	0	0	0	0	0	0	0	0	0	0	0	8.31204	0	0	0	0	0	0	0	0	0	1.30737	0	0	0	0	0	0	0	0	0	0	0	0	0	0	0	0	0	0	0	0	0	0	0	0	0	0	0	0	10.49622	0	0	0	0	7.43934	8.84548	4.29161	5.90892	0	0	0	0	0	0	0	0	4.34851	0	0	0	3.89732	0	0	0	3.22552	7.45883	7.14766	4.01883	5.73369	0	7.4295	6.77939	6.18351	5.75748	0	5.58204	0	0	0	0	
0	0	0	0	0	0	0	0	0	0	0	0	0	0	0	0	0	0	0	0	0	0	0	0	0	0	0	0	0	0	0	0	0	0	0	0	0	0	0	0	0	0	0	0	0	0	0	0	0.91456	0	0	0	0	0	0	0	0	0	0	0	0	0	0	0	0	0	0	0	0	6.85853	10.06978	9.45933	7.53076	0	9.45509	5.85629	0	7.95191	0	0	0	7.99925	6.24557	0	3.46852	0	0	0	0	1.47125	0	2.85719	1.96107	0	2.58849	0	0	0	0	0	
0	0	0	0	0	0	0	0	0	0	0	0	0	0	0	4.49403	0	0	0	0	0	0	0	0	0	0	0	0	0	0	0	0	0	0	3.92213	0	0	0	0	0	0	0	0	0	0	0	0	0	0	0	0	0	0	0	0	0	0	0	0	0	0	0	0	0	0	0	0	2.58849	0	0	0	0	0	8.38896	0	0	0	0	0	0	0	3.42418	0	0	5.99685	0	2.81948	3.31636	5.23182	9.77229	8.63681	0	10.00954	0	0	0	0	0	0	0	
0	0	0	0	0	0	0	0	0	0	0	0	0	0	0	0	0	0	0	0	0	0	0	0	0	0	0	0	0	0	0	0	0	0	0	0	0	0	0	0	0	0	0	0	0	0	0	0	9.02775	0	0	0	0	0	0	0	0	0	0	5.3617	0	0	0	0	0	8.19534	0	0	0	0	0	10.83593	0	0	0	0	0	10.21935	0	4.47186	10.25775	0	0	6.69153	0	0	0	0	0	0	0	0	0	0	0	0	0	0	0	0	
0	0	0	0	0	0	0	0	0	0	0	0	0	0	0	0	0	0	0	0	0	0	0	0	0	0	0	0	0	0	0	0	0	0	0	0	0	0	0	0	0	0	0	0	0	0	0	0	0	0	0	0	0	0	0	2.18583	0	0	12.31606	0	0	0	0	0	9.50631	0	0	0	0	0	0	0	0	3.97722	0	0	3.4633	0	0	0	2.39196	7.61092	2.38419	8.07105	0	0	0	8.22084	9.48297	0	1.86983	11.33121	11.07267	0	0	0	0	0	0	0	
0	0	0	0	0	0	0	0	0	0	0	0	0	0	0	0	0	0	0	0	0	0	0	0	0	0	0	0	0	0	0	0	0	0	0	0	0	0	0	0	0	0	0	0	0	0	0	0	0	0	0	0	0	0	0	0	0	0	0	0	0	0	0	0	0	0	0	0	0	0	0	0	0	0	0	0	0	0	0	0	0	0	0	0	0	0	4.45575	0	0	0	0	9.18298	0	0	0	0	0	0	0	0	
0	0	0	0	0	0	0	0	0	0	0	0	0	0	0	0	0	0	0	0	0	0	0	0	0	0	0	0	0	0	0	0	0	0	0	0	0	0	0	0	0	0	0	0	0	0	0	0	0	0	0	0	0	0	0	0	0	0	0	0	0	0	0	0	0	0	0	0	0	0	9.48755	0	0	0	0	0	4.58549	0	0	6.40558	0	0	0	10.35519	0	0	0	0	0	0	4.61486	7.57274	0	0	0	0	0	0	0	0	
0	0	0	0	0	0	0	0	0	0	0	0	0	0	0	0	0	0	0	0	0	0	0	0	0	0	0	0	0	0	0	0	0	0	0	0	0	0	0	0	0	0	0	0	0	0	0	0	0	0	0	0	0	0	0	0	0	0	0	3.01428	0	0	0	0	0	0	0	0	0	0	1.61584	0	0	0	0	0	0	0	0	0	0	0	0	0	0	0	2.3589	0	0	0	0	0	0	0	0	0	0	0	0	0	
0	0	0	0	0	0	0	0	0	0	0	0	0	0	0	0	0	0	0	0	0	0	0	0	0	0	0	0	0	0	0	0	0	0	0	0	0	0	0	0	0	0	0	0	0	0	0	0	0	0	0	0	0	0	0	0	0	0	0	0	0	0	0	0	0	0	0	0	0	8.39023	0	0	0	0	0	0	0	0	3.83535	0	0	0	0	0	0	0	0	0	7.48282	8.73994	0	0	0	0	0	0	0	0	0	0	
0	0	0	0	0	0	0	0	0	0	0	0	0	0	0	0	0	0	0	0	0	0	0	0	0	0	0	0	0	0	0	0	0	0	0	0	0	0	0	0	0	0	0	0	0	0	0	0	0	0	0	0	0	0	0	0	0	0	0	0	0	0	0	0	0	0	0	0	0	0	0	0	0	0	0	0	0	0	0	0	0	0	0	0	0	0	0	0	0	0	0	0	0	0	0	0	0	0	0	0	
0	0	0	0	0	0	0	0	0	0	0	0	0	0	0	0	0	0	0	0	0	0	0	0	0	0	0	0	0	0	0	0	0	0	0	0	0	0	0	0	0	0	0	0	0	0	0	0	0	0	0	0	0	0	0	0	0	0	9.337	0	0	0	0	0	0	0	0	0	0	0	0	0	0	0	0	7.68867	0	0	0	0	0	0	0	0	0	0	0	0	0	0	0	0	0	0	0	0	0	0	0	0	
0	0	0	0	0	0	0	0	0	0	0	0	0	0	0	0	0	0	0	0	0	0	0	0	0	0	0	0	0	0	0	0	9.11553	0	0	0	0	0	0	0	0	0	0	0	0	0	0	0	0	0	0	0	0	0	0	0	0	0	0	0	0	0	0	0	0	0	0	0	0	0	0	0	0	0	0	0	0	0	0	0	0	0	0	0	0	0	0	0	0	0	0	0	0	0	0	0	0	0	0	0	
0	0	0	0	0	0	0	0	0	0	0	0	0	0	0	0	0	0	0	0	0	0	0	0	0	0	0	0	0	0	0	0	0	0	0	0	0	0	0	0	0	0	0	0	0	0	0	0	0	0	0	0	0	0	0	0	0	0	0	0	0	0	0	0	0	0	0	0	0	0	0	0	0	0	0	0	0	0	0	0	0	0	0	0	0	0	0	0	0	0	0	0	0	0	0	0	0	0	0	0	
0	0	0	0	0	0	0	0	0	0	0	0	0	0	0	0	0	0	0	0	0	0	0	0	0	0	0	0	0	0	0	0	0	0	0	0	0	0	0	0	0	0	0	0	0	0	0	0	0	0	0	0	0	0	0	0	0	0	0	0	0	0	0	0	0	0	0	0	0	0	0	0	0	0	0	0	0	0	0	0	0	0	0	0	0	0	0	0	0	0	0	0	0	0	0	0	0	0	0	0	
0	0	0	0	0	0	0	0	0	0	0	0	0	0	0	0	0	0	0	0	0	0	0	0	0	0	0	0	0	0	0	0	0	0	0	0	0	0	0	0	0	0	0	0	0	0	0	0	0	0	0	0	0	0	0	0	0	0	0	0	0	0	0	0	0	0	0	0	0	0	0	0	0	0	0	0	0	0	0	0	0	0	0	0	0	0	0	0	0	0	0	0	0	0	0	0	0	0	0	0	
0	0	0	0	0	0	0	0	0	0	0	0	0	0	0	0	0	0	0	0	0	0	0	0	0	0	0	0	0	0	0	0	0	0	0	0	0	0	0	0	0	0	0	0	0	0	0	0	0	0	0	0	0	0	0	0	0	0	0	0	0	0	0	0	0	0	0	0	0	0	0	0	0	0	0	0	0	0	0	0	0	0	0	0	0	0	0	0	0	0	0	0	0	0	0	0	0	0	0	0	
0	0	0	0	0	0	0	0	0	0	0	0	0	0	0	0	0	0	0	0	0	0	0	0	0	0	0	0	0	0	0	0	0	0	0	0	0	0	0	0	0	0	0	0	0	0	0	0	0	0	0	0	0	0	0	0	0	0	0	0	0	0	0	0	0	0	0	0	0	0	0	0	0	0	0	0	0	0	0	0	0	1.30737	0	0	0	0	0	0	0	0	0	0	0	0	0	0	0	0	0	0	
0	0	0	0	0	0	0	0	0	0	0	0	0	0	0	0	0	0	0	0	0	0	0	0	0	0	0	0	0	0	0	0	0	0	0	0	0	0	0	0	0	0	0	0	0	0	0	11.07957	0	0	0	0	0	0	0	0	0	0	0	0	0	0	0	0	0	0	0	0	0	0	0	0	0	0	8.63685	0	0	0	0	0	0	0	0	0	0	0	0	0	0	0	0	0	0	0	0	0	0	0	0	0	
