0	0	0	0	0	0	0	0	0	0	0	0	0	0	0	0	0	0	0	0	0	0	0	0	0	0	0	0	0	0	0	0	0	0	0	0	0	0	0	0	0	0	0	0	0	0	0	0	0	0	0	8.79481	0	0	0	0	0	0	0	0	0	0	0	0	0	0	0	0	0	0	0	0	0	0	0	0	0	0	0	0	0	0	0	0	0	0	0	0	0	0	0	0	0	0	0	0	0	0	0	0	
0	0	0	0	0	0	0	0	0	0	0	0	0	0	0	0	0	0	0	0	0	0	0	0	0	0	0	0	0	0	0	0	0	0	0	0	0	0	0	0	0	0	0	0	0	0	0	12.65607	0	0	0	0	0	0	0	0	0	0	0	0	0	0	0	7.67679	0	0	0	0	0	0	0	0	0	0	0	0	0	0	0	0	0	0	0	0	0	0	0	0	0	0	0	0	0	0	0	0	0	0	0	0	
0	0	0	0	0	0	0	0	0	0	0	0	0	0	0	0	0	0	0	0	0	0	0	0	0	0	0	0	0	0	0	0	0	0	0	0	0	0	0	0	0	0	0	0	0	0	0	0	0	0	0	0	0	0	8.47243	0	0	0	0	0	0	0	0	0	0	0	0	0	0	0	0	0	0	0	0	0	0	0	0	0	0	0	0	0	0	0	0	0	0	0	0	0	0	0	0	0	0	0	0	0	
0	0	0	0	0	0	0	0	0	0	0	0	0	0	0	0	0	0	0	0	0	0	0	0	0	0	0	0	0	0	0	0	0	0	0	0	0	0	0	0	0	0	0	0	0	0	10.76223	9.9598	0	0	0	0	0	0	0	0	0	0	0	0	0	0	0	0	0	0	0	0	0	0	0	0	0	0	0	0	0	0	0	0	0	0	0	0	0	0	0	0	0	0	0	0	0	0	0	0	0	0	0	0	
0	0	0	0	0	0	0	0	0	0	0	0	0	0	0	0	0	0	0	0	0	0	0	0	0	0	0	0	0	0	0	0	0	0	0	0	0	8.14278	0	0	0	0	0	9.56853	0	0	0	0	0	0	0	0	0	0	0	0	0	0	0	0	0	0	0	0	0	0	0	0	0	0	0	0	0	0	0	0	0	0	0	0	0	0	0	0	0	0	0	0	0	0	0	0	0	0	0	0	0	0	0	0	
0	0	0	0	0	0	0	0	0	0	0	0	0	0	0	0	0	0	0	0	0	0	0	0	0	0	0	0	0	0	0	0	0	0	0	0	0	0	0	0	0	0	0	0	0	0	0	0	0	0	0	0	0	0	0	0	0	0	0	0	0	0	0	0	0	0	0	0	0	0	0	0	8.66219	0	0	0	0	0	0	0	0	0	0	0	0	0	0	0	0	0	0	0	0	0	0	0	0	0	0	0	
0	0	0	0	0	0	0	0	0	0	0	0	0	0	0	0	0	0	0	0	0	0	0	0	0	0	0	0	0	0	0	0	0	0	0	0	0	0	0	0	0	0	0	0	0	0	0	0	0	0	0	0	0	0	0	0	0	0	0	0	0	0	0	0	0	0	0	0	0	0	0	0	0	0	11.76344	0	0	0	0	0	0	0	0	0	0	0	0	0	0	0	0	0	0	0	0	0	0	0	0	0	
0	0	0	0	0	0	0	0	0	0	0	0	0	0	0	0	0	0	0	0	0	0	0	0	0	0	0	0	0	0	0	0	0	0	0	0	0	0	0	0	0	0	0	0	0	0	0	0	0	0	0	7.62435	0	0	0	10.77578	0	0	6.20072	0	0	0	0	0	0	0	0	0	0	0	0	0	0	0	0	0	0	0	0	0	0	0	0	0	0	0	0	0	0	0	0	0	0	0	0	0	0	0	0	0	
0	0	0	0	0	0	0	0	0	0	0	0	0	0	0	0	0	0	0	0	0	0	0	0	0	0	0	0	9.59205	0	0	0	0	0	0	0	0	0	0	0	0	0	0	0	0	0	0	0	0	0	0	0	0	0	0	0	0	0	0	0	0	0	0	0	0	0	0	6.08705	0	0	0	0	0	0	0	0	0	0	0	0	0	0	0	0	0	0	0	0	0	0	0	0	0	0	0	0	0	0	0	0	
0	0	0	0	0	0	0	0	0	0	0	0	0	0	0	0	0	0	0	0	0	0	0	0	0	0	0	0	0	0	0	0	0	0	0	0	0	0	0	0	0	0	0	0	0	0	0	0	0	0	0	0	0	0	0	7.28048	0	0	0	0	0	0	0	0	0	0	0	0	0	0	0	0	0	0	0	0	0	0	0	0	0	0	0	0	0	0	0	0	0	0	0	0	0	0	0	0	0	0	0	0	
0	0	0	0	0	0	0	0	0	0	0	0	0	0	0	0	0	0	0	0	0	0	0	0	0	0	0	0	0	0	0	0	0	0	0	0	0	0	0	0	0	0	0	0	0	0	0	0	0	0	0	0	0	0	0	0	0	0	0	0	0	0	0	0	0	0	0	9.95841	0	0	0	0	0	0	0	0	0	0	0	0	0	0	0	0	0	0	0	0	0	0	0	0	0	0	0	0	0	0	0	0	
0	0	0	0	0	0	0	0	0	0	0	0	0	0	0	0	0	0	0	0	0	0	0	0	0	0	0	0	0	0	0	0	0	0	0	0	0	0	0	0	0	0	0	0	0	0	0	0	0	0	0	0	4.60906	0	0	0	3.35234	0	0	0	0	0	0	0	0	0	0	0	0	0	0	1.35631	0	0	0	0	0	0	0	0	0	0	0	0	0	0	0	0	0	0	0	0	0	0	0	0	0	0	0	0	
0	0	0	0	0	0	0	0	0	0	0	0	0	0	0	0	0	0	0	0	0	0	0	0	0	0	0	0	0	0	0	0	0	0	0	0	0	0	0	0	0	0	0	0	0	0	0	0	8.64823	0	0	0	11.59865	0	0	0	0	0	0	0	0	0	0	0	0	0	0	6.63369	0	0	0	0	0	0	0	0	0	0	0	0	0	0	0	0	0	0	0	0	0	0	0	0	0	0	0	0	0	0	0	0	
0	0	0	0	0	0	0	0	0	0	0	0	0	0	0	0	0	0	0	0	0	0	0	0	0	0	0	0	0	0	13.80972	0	0	0	0	0	0	0	0	5.14267	0	0	0	0	0	0	0	10.06837	0	0	0	0	0	0	0	0	0	6.95725	3.66701	0	8.37649	0	0	7.30203	0	0	0	0	0	0	0	0	0	0	0	0	0	0	0	0	0	0	0	0	0	0	0	0	0	0	0	0	0	0	0	0	0	0	0	0	
0	0	0	0	0	0	0	0	0	0	0	0	0	0	0	0	0	0	0	0	0	0	0	0	0	0	0	0	0	0	0	0	0	0	0	0	0	0	0	0	0	0	0	0	0	0	0	0	0	0	0	0	0	0	7.17708	0	0	0	0	0	0	0	0	0	0	0	0	0	0	0	0	0	0	0	2.50612	0	0	0	0	0	0	0	0	0	0	0	0	0	0	0	0	0	0	0	0	0	0	0	0	0	
0	0	0	0	0	0	0	0	0	0	0	0	0	0	0	0	0	0	0	0	0	0	0	0	0	0	0	0	0	0	0	0	0	0	0	0	0	0	0	0	0	0	11.73697	0	0	0	0	0	0	0	0	0	9.86977	0	0	0	0	0	0	12.74498	0	0	0	0	0	0	0	0	0	0	0	9.7389	0	0	0	0	0	0	0	0	0	0	0	0	0	0	0	0	0	0	0	0	0	0	0	0	0	0	0	0	
0	0	0	0	0	0	0	0	0	0	0	0	0	0	0	0	0	0	0	0	0	0	0	0	0	0	0	0	0	0	0	0	0	0	0	0	0	0	0	0	0	0	0	7.00423	0	0	0	13.51582	0	0	0	10.25893	0	0	0	0	0	0	4.59847	0	0	0	0	0	0	0	0	0	0	0	0	0	0	0	0	0	0	0	0	0	0	0	0	0	0	0	0	0	0	0	0	0	0	0	0	0	0	0	0	0	
0	0	0	0	0	0	0	0	0	0	0	0	0	0	0	0	0	0	0	0	0	0	0	0	0	0	0	0	0	0	0	0	0	0	0	0	0	0	0	0	0	0	8.14676	0	0	0	0	0	0	0	0	0	0	0	0	7.16758	0	0	0	0	0	0	0	0	0	0	2.04285	0	0	0	0	0	0	0	0	0	0	0	0	0	0	0	0	0	0	0	0	0	0	0	0	0	0	0	0	0	0	0	0	0	
0	0	0	0	0	0	0	0	0	0	0	0	0	0	0	0	0	0	0	0	0	0	0	0	0	0	0	0	0	0	0	0	0	0	0	0	0	0	0	0	11.01374	0	0	0	0	0	0	0	0	0	0	0	0	0	0	0	0	0	0	0	0	0	0	0	0	0	0	0	0	0	0	0	0	0	0	0	0	0	0	0	0	0	0	0	0	0	0	0	0	0	0	0	0	0	0	0	0	0	0	0	
0	0	0	0	0	0	0	0	0	0	0	0	0	0	0	0	0	0	0	0	0	0	0	0	0	0	0	0	0	0	0	0	0	0	0	0	0	0	0	0	0	0	0	0	0	0	0	7.44453	0	0	5.78847	0	0	0	0	0	0	0	0	0	0	0	0	0	0	0	0	0	0	0	0	0	0	0	0	0	9.82704	0	0	0	0	0	0	0	0	0	0	0	0	0	0	0	0	0	0	0	0	0	0	0	
0	0	0	0	0	0	0	0	0	0	0	0	0	0	0	0	0	0	0	0	0	0	0	0	0	0	0	0	0	0	0	0	0	0	0	0	0	0	0	0	0	0	0	0	0	0	0	4.51374	0	0	7.6434	10.27779	0	0	0	0	6.94034	0	6.74281	0	10.54591	0	0	0	0	8.49756	0	0	0	0	0	0	0	0	0	0	0	0	0	0	0	0	0	0	0	0	0	0	0	0	0	0	0	0	0	0	0	0	0	0	
0	0	0	0	0	0	0	0	0	0	0	0	0	0	0	0	0	0	0	0	0	0	0	0	0	0	0	0	0	0	0	0	0	0	0	0	0	0	0	0	0	10.92043	0	0	0	0	0	0	0	0	0	0	0	0	0	0	0	0	0	0	0	0	0	0	0	0	0	0	0	0	0	0	0	0	0	0	0	0	0	0	0	0	0	0	0	0	0	0	0	0	0	0	0	0	0	0	0	0	0	0	
0	0	0	0	0	0	0	0	0	0	0	0	0	0	0	0	0	0	0	0	0	0	0	0	0	0	0	0	0	0	0	8.03962	0.83196	0	0	0	0	0	0	0	0	0	0	0	0	0	0	8.59973	0	0	0	0	0	0	0	0	0	0	0	0	0	0	0	4.35781	0	0	0	0	0	0	0	0	0	0	0	0	0	0	0	0	0	0	0	0	0	0	0	0	0	0	0	0	0	0	0	0	0	0	0	0	
0	0	0	0	0	0	0	0	0	0	0	0	0	0	0	0	0	0	0	0	0	0	0	0	0	0	0	0	0	0	0	11.53142	0	0	0	0	0	0	0	0	0	0	0	0	0	0	0	0	0	0	0	0	0	0	0	0	0	0	0	0	0	0	0	0	0	0	0	0	0	0	0	0	0	0	0	0	0	0	0	0	0	0	0	0	0	0	0	0	0	0	0	0	0	0	0	0	0	0	0	0	
0	0	0	0	0	0	0	0	0	0	0	0	0	0	0	0	0	0	0	0	0	0	0	0	0	0	0	0	0	0	0	0	0	0	0	0	0	0	0	0	0	0	0	10.65254	0	0	0	0	0	18.05157	0	0	0	0	10.18608	0	0	0	0	0	0	0	0	0	0	0	0	0	0	0	0	0	0	0	0	0	0	0	0	2.43111	0	0	0	0	0	0	0	0	0	0	0	0	0	0	0	0	0	0	0	0	
0	0	0	0	0	0	0	0	0	0	0	0	0	0	0	0	0	0	0	0	0	0	0	0	0	0	0	0	0	0	0	0	8.05663	0	0	0	0	0	0	0	0	0	0	0	0	0	0	3.26027	0	0	6.34942	0	0	0	0	0	0	0	6.90186	0	0	0	0	0	0	0	0	0	0	0	0	0	0	0	0	0	0	0	0	0	0	0	0	0	0	5.50598	0	0	0	0	0	0	0	0	0	0	0	0	0	0	
0	0	0	0	0	0	0	0	0	0	0	0	0	0	0	0	0	0	0	0	0	0	0	0	0	0	0	0	0	0	0	0	0	0	0	0	0	0	0	13.52496	0	0	0	0	15.41336	0	10.10665	0	0	0	0	0	0	0	0	0	0	0	0	0	0	0	0	0	0	0	0	0	0	0	0	0	0	0	0	0	0	0	0	0	0	0	0	0	0	0	0	0	0	0	0	0	0	0	0	0	0	0	0	0	
0	0	0	0	0	0	0	0	0	0	0	0	0	0	0	0	0	0	0	0	0	0	0	0	0	0	0	0	0	0	0	0	0	0	0	9.97528	0	0	0	0	0	0	0	0	0	0	0	8.80239	0	0	0	0	0	5.86002	0	0	0	0	0	0	9.89835	0	0	0	0	0	0	0	0	0	0	0	0	0	0	0	0	0	0	0	0	0	0	0	0	0	0	0	0	0	0	0	0	0	0	0	0	0	0	0	
0	0	0	0	0	0	0	0	0	0	0	0	0	0	0	0	0	0	0	0	0	0	0	0	0	0	0	0	0	0	0	0	0	0	0	0	0	0	0	0	0	14.53688	0	0	0	0	0	0	0	0	0	0	1.35631	0	0	0	0	0	0	0	0	0	0	0	0	0	0	0	0	0	0	5.53133	0	0	0	0	0	0	0	0	0	0	0	0	0	0	0	0	0	0	0	0	0	0	0	0	0	0	0	0	
0	0	0	0	0	0	0	0	0	0	0	0	0	0	0	0	0	0	0	0	0	0	0	0	0	0	0	0	0	0	0	0	0	0	0	0	0	0	0	0	5.81737	0	0	0	9.74153	0	0	6.24813	0	0	7.98292	11.04923	0	0	0	11.11718	0	0	11.31126	0	3.91098	0	0	0	0	0	0	0	0	0	0	0	0	0	0	0	0	0	0	0	0	0	0	0	0	0	0	0	0	0	0	0	0	0	0	2.50612	0	0	0	0	
0	0	0	0	0	0	0	0	0	0	0	0	0	0	0	0	0	0	0	0	0	0	0	0	0	0	0	0	0	0	0	0	0	0	0	0	0	0	0	0	0	0	0	0	11.4404	0	0	0	0	2.04285	0	0	5.35005	0	0	0	0	6.74281	0	0	0	9.80958	0	0	0	0	0	0	0	0	0	0	0	0	0	0	0	0	0	0	0	0	0	0	0	0	0	0	0	0	0	0	0	0	0	0	0	0	0	0	
0	0	0	0	0	0	0	0	0	0	0	0	0	0	0	0	0	0	0	0	0	0	0	0	0	0	0	0	0	0	0	0	0	0	0	0	0	0	0	0	0	0	0	12.57924	0	0	8.89278	0	0	0	6.42686	0	0	0	0	0	0	0	0	2.85623	0	0	0	0	6.08942	0	0	1.35631	0	0	0	0	9.80707	0	0	0	2.85623	0	0	0	0	0	0	0	0	0	0	0	0	0	0	0	0	0	0	0	0	0	0	0	
0	0	0	0	0	0	0	0	0	0	0	0	0	0	0	0	0	0	0	0	0	0	0	0	0	0	0	0	0	0	0	0	0	0	0	0	0	0	0	0	0	0	0	0	0.83196	0	0	11.80209	0	0	0	8.42884	0	0	0	6.0728	0	0	2.04285	0	0	0	0	0	0	0	0	8.03534	0	0	0	0	0	11.61812	0	0	0	0	0	0	0	0	0	0	0	0	0	0	0	0	0	0	0	0	0	0	0	0	0	0	
0	0	0	0	0	0	0	0	0	0	0	0	0	0	0	0	0	0	0	0	0	0	0	0	0	0	0	0	0	0	0	0	0	0	0	0	0	12.15536	0	0	0	0	0	0	0	0	0	0	0	0	0	7.5852	0	0	10.37337	0	10.06102	0	0	3.13773	0	0	0	0	0	0	0	0	0	0	0	0	0	0	6.46489	4.56219	0	0	0	0	0	0	0	0	0	0	0	0	0	0	0	0	0	0	0	0	0	0	0	0	
0	0	0	0	0	0	0	0	0	0	0	0	0	0	0	0	0	0	0	0	0	0	0	0	0	0	0	0	0	0	0	0	0	0	0	0	0	0	0	0	0	0	16.90676	0	0	11.31304	0	12.15889	0	0	6.31822	0	11.44928	0	10.13295	0	0	0	0	0	0	0	0	8.27946	0	0	0	8.85439	0	0	12.67821	0	0	0	0	0	0	0	3.26027	0	0	0	0	0	0	0	0	0	0	0	0	0	0	0	0	0	0	0	0	0	
0	0	0	0	0	0	0	0	0	0	0	0	0	0	0	0	0	0	0	0	0	0	0	0	0	0	0	0	0	0	0	0	0	0	0	0	0	0	0	0	0	0	0	0	0	0	0	8.02673	10.22045	0	0	9.06026	0	0	0	0	0	0	0	0	0	0	0	0	1.35631	0	0	0	0	0	0	0	0	0	0	0	0	0	0	0	0	0	0	0	0	0	0	0	0	0	4.78267	0	0	0	0	0	0	0	0	0	
0	0	0	0	0	0	0	0	0	0	0	0	0	0	0	0	0	0	0	0	0	0	0	0	0	0	0	0	0	0	0	0	0	0	0	0	0	0	0	0	0	0	0	0	0	0	0	13.04126	0	0	0	0	8.34669	3.98392	0	0	0	0	11.93904	8.82242	0	0	0	0	0	0	0	0	0	0	0	0	0	0	0	0	0	0	0	0	0	0	0	0	0	0	0	0	0	0	0	0	0	0	0	0	0	0	4.05336	0	
0	0	0	0	0	0	0	0	0	0	0	0	0	0	0	0	0	0	0	0	0	0	0	0	0	0	0	0	0	0	0	0	0	0	0	0	0	0	0	0	0	0	8.65662	0	0	0	0	0	0	8.5907	0	5.2648	0	9.85039	0	0	0	0	0	0	0	0	0	0	15.73761	0	0	0	0	0	0	0	0	0	0	0	11.77344	0	0	0	0	0	0	0	0	0	0	0	0	0	0	0	0	0	0	0	0	0	0	0	
0	0	0	0	0	0	0	0	0	0	0	0	10.09743	0	0	0	0	0	0	0	0	0	0	0	0	0	0	0	0	0	10.91402	0	0	0	0	0	0	0	0	0	0	0	9.64303	0	0	0	0	4.18295	0	0	13.52553	0	0	7.77255	3.26027	0	8.72081	0	0	0	0	0	0	9.6934	7.87678	9.12216	0	0	0	0	0	0	0	0	0	0	0	0	0	0	0	0	0	0	0	0	0	0	0	0	0	0	0	0	0	0	0	0	0	0	
0	0	0	0	0	0	0	0	0	0	0	0	0	0	0	0	0	0	0	0	0	0	0	0	0	0	0	0	0	0	0	0	0	0	0	0	0	0	0	0	0	0	0	0	0	10.81934	0	0	0	13.2893	0.83196	6.84425	5.13267	0	7.87199	8.53191	0	0	0	0	12.86902	0	0	0	0	0	0	0	0	7.41265	0	0	0	0	0	0	2.89463	0	0	0	0	0	0	0	0	0	0	0	0	0	0	0	0	0	0	0	0	0	0	0	
0	0	0	0	0	0	0	0	0	0	0	0	0	0	0	9.58327	0	0	0	0	0	0	0	0	0	0	0	0	0	0	0	0	0	0	0	1.35631	11.41877	0	0	0	0	0	0	9.46084	0	10.44698	7.73685	9.5596	4.24362	8.86408	0	0	3.13773	0	7.73606	0	0	0	0	5.17419	0	7.13592	0	9.75722	0	8.35014	0	0	11.04497	0	7.57421	0	0	0	0	10.50854	0	1.35631	0	4.19774	0	0	0	0	0	0	0	0	0	0	9.09154	0	0	0	0	0	0	0	0	0	
0	0	0	0	0	0	0	0	0	0	0	0	0	0	0	0	0	0	0	0	0	0	0	0	0	0	10.50234	0	0	0	0	5.93242	0	0	6.40046	0	0	0	0	0	11.18289	0	0	0	0	0	0	0	8.6546	7.53227	2.85623	9.42527	9.40715	0	10.06102	0	10.88931	0	5.14903	0	0	8.22407	0	0	0	8.73795	0	0	0	0	0	0	0	6.68928	0	0	0	0	0	0	0	0	0	0	0	0	0	0	0	0	0	0	0	0	0	0	1.74002	0	0	0	
0	0	0	0	0	0	0	0	0	0	0	0	0	0	0	0	0	0	0	12.4003	0	0	0	0	0	0	0	0	0	0	0	0	0	0	0	0	0	0	0	0	0	0	0	14.0878	0	0	11.87671	12.21434	12.32069	0	9.91826	6.46427	11.95194	0	0	0	15.092	0	0	7.76902	5.71598	0	0	14.02351	0	3.47792	0	6.31822	0	0	0	0	0	0	0	0	0	0	0	0	0	0	0	0	0	0	0	0	0	0	8.06443	0	0	0	0	0	0	0	0	0	
0	0	0	0	0	0	0	0	0	0	0	0	9.42691	0	0	0	0	0	0	8.73531	0	0	0	0	0	0	0	0	0	0	0	0	0	8.01048	0	0	0	0	0	0	0	11.06034	12.86797	0	8.17261	0	0	2.62198	9.94477	0	0	9.98895	5.79178	0	11.05468	0.83196	6.79468	5.68667	6.78141	0	0	0	0	0	2.04285	0	0	0	0	0	0	0	0	0	0	0	0	0	8.87371	0	0	0	0	0	0	0	0	0	0	0	0	0	0	0	0	0	0	0	0	0	
0	0	0	0	0	0	0	0	0	0	0	0	0	0	0	0	0	0	0	0	0	0	0	13.12944	0	0	0	0	0	0	0	0	0	0	0	0	0	0	11.40763	0	0	0	7.96073	8.98895	0	0	6.52163	5.33693	0	9.41327	7.83303	6.52243	0	0	0	0	0	6.03761	14.58571	8.58222	10.81066	0	0	0	9.66873	0	0	0	0	0	0	0	0	0	0	0	0	0	0	0	0	0	0	0	0	0	0	0	0	0	0	0	0	0	0	0	0	0	0	0	
0	0	6.92056	0	0	0	0	0	0	0	0	0	0	0	0	0	0	0	0	0	0	0	0	0	0	0	0	0	0	0	0	0	0	0	0	0	0	0	0	0	10.29322	0	0	0	0	10.2457	0	4.49548	10.15779	11.49307	0	6.59928	9.64643	8.82981	2.50612	11.54429	0	0	2.85623	0	7.56937	0	8.0006	11.15173	0	0	0	0	0	0	0	8.58726	0	0	0	0	3.13773	0	0	0	0	0	0	0	0	0	0	0	0	0	0	0	0	0	0	0	0	0	0	0	
0	0	0	0	0	0	0	0	0	0	0	11.0289	0	0	0	0	0	0	0	0	0	0	0	0	0	0	0	0	0	0	0	0	3.91098	0	0	0	0	7.9632	12.23206	7.90523	6.18534	3.1568	0	0	11.16184	7.76583	10.52805	4.35029	9.50317	0	11.15074	0	2.12307	5.10589	0	11.05955	5.69614	8.64025	0	0	0	0	0	0	0	0	0	4.97387	0	0	0	0	6.46558	0	0	3.98392	0	0	9.11609	0	0	0	0	0	0	0	0	0	0	0	0	0	0	0	0	9.17005	0	0	0	0	
0	0	0	0	0	0	0	0	0	0	0	0	0	0	0	0	0	0	0	0	0	0	0	0	0	0	0	0	0	0	0	0	0	0	7.6434	9.1971	0	0	0	7.22889	0	12.02829	0	10.78522	14.83397	9.49127	7.49458	7.73199	4.2926	10.24432	11.7767	9.81084	1.83143	9.2172	0	0	9.34253	0	0	5.68552	10.13295	0	0.83196	0	0	0	0	0	0	0	0	0	0	0	0	0	0	0	2.69176	0	0	0	0	0	0	0	0	9.02612	0	0	0	0	0	0	0	0	0	0	0	0	
0	0	0	0	0	0	0	0	10.07256	0	11.93623	0	0	0	0	0	0	0	0	0	0	0	0	0	0	0	7.05359	0	0	0	0	0	0	0	0	1.35631	0	13.87223	9.59932	0	8.1858	5.00925	0	5.11046	2.04285	11.43078	5.1171	8.58725	8.72713	8.56837	0	7.7458	0	0	0	0	9.10391	5.62553	0	0	0	0	3.47792	0	0	0	11.92121	0	0	0	0	0	0	0	0	0	0	0	0	0	0	0	0	0	0	0	0	0	0	0	0	0	0	0	0	0	0	0	0	0	
0	0	0	0	0	0	0	0	0	0	0	9.91477	0	0	7.32327	0	0	0	0	0	0	0	0	0	0	0	0	0	0	0	0	10.24477	0	0	7.19088	0	10.40609	0	0	10.26657	0.83196	0	10.05581	8.41562	9.12172	7.13746	10.54723	8.73326	4.98708	8.87566	6.30811	8.69029	10.3379	8.01287	0	6.43989	8.38936	0	0	5.37738	8.02673	4.10447	0	11.93421	0	0	0	0	0	0	0	0	0	0	0	6.74354	0	0	0	0	0	0	0	7.7828	0	0	0	0	0	0	0	0	0	0	0	0	0	0	0	0	
0	0	0	0	0	0	0	0	0	0	0	0	12.98101	0	0	0	0	0	0	0	0	0	0	0	0	0	0	0	0	8.67876	0	0	7.2877	0	3.00384	0	15.07469	0	14.40364	10.35286	10.66441	8.78464	10.21313	8.20445	8.35122	4.8278	10.7454	9.55838	4.11961	9.2508	6.74931	9.94819	9.89717	5.35006	5.84224	5.43409	8.90013	0	0	5.62553	4.97387	0	0	0	0	0	0	0	0	0	0	0	0	8.87157	0	0	0	0	0	0	8.93708	0	0	0	0	0	0	0	0	0	0	0	0	0	0	0	0	0	0	0	
0	0	0	0	0	0	0	11.8981	0	0	0	8.80239	0	0	0	0	0	0	0	0	0	0	0	0	0	0	0	8.77182	0	0	3.00384	0	12.44115	0	0	0	1.35631	12.37764	7.05342	12.44612	10.00107	4.29767	0	10.17172	11.1567	8.50802	9.50906	7.16854	10.37047	9.50172	5.9838	9.01292	10.31714	9.3253	11.80571	6.23932	13.85197	6.62474	3.8716	8.82739	3.90038	13.60166	4.69847	0	8.99116	0	0	0	0	0	0	0	0	9.39215	0	0	0	0	0	0	0	0	0	0	0	0	0	0	0	0	0	0	0	0	0	0	0	0	0	0	
7.94688	0	0	0	0	0	0	0	7.21729	0	0	0	10.66784	0	0	0	0	0	0	0	0	0	0	0	11.4549	0	0	6.774	0	0	0	0	12.15487	0	12.00039	8.70597	0	5.17419	10.37787	5.71348	8.9576	8.47276	5.9247	9.24902	10.67321	9.04047	7.91513	9.93232	6.09046	1.66904	8.93939	5.9689	10.36426	6.46736	11.96835	7.90898	9.18925	6.23431	0	10.76094	0	6.50329	0	5.6689	0	8.71135	0	0	0	0	0	0	0	0	0	0	0	0	0	0	0	0	4.57781	0	0	6.42974	0	0	0	0	0	0	0	0	0	0	0	0	0	0	
0	0	0	10.09743	0	0	0	0	0	0	0	0	0	0	0	0	0	0	8.05663	0	0	10.72148	0	7.50154	11.06629	7.39189	0	0	11.88923	8.27946	12.21004	0	8.51612	0	0	1.35631	0	10.95123	9.7359	9.38334	8.22731	6.76014	7.89906	8.92904	8.63476	9.79341	7.84004	8.7398	8.75414	5.63173	9.60372	7.02231	9.81772	7.28565	6.16683	8.65879	0	2.9186	5.4354	8.01695	0	2.29299	9.11609	0	0	0	0	0	0	4.86221	0	0	6.47826	0	0	7.33726	11.62953	2.79753	0	2.29299	0	0	0	0	0	0	0	0	0	0	0	0	0	0	0	0	0	0	0	0	
7.59765	0	0	0	11.75987	7.00217	0	0	0	0	0	0	0	0	0	0	0	12.20102	0	0	0	0	0	0	9.92175	0	7.42797	8.5849	0	12.71081	10.28977	0	0	0	11.07554	7.75702	5.52367	10.74444	11.30104	8.24403	6.28362	8.90115	8.51682	8.62787	8.43008	8.24623	9.20573	7.97013	7.14614	11.00822	4.83409	10.14743	10.34336	5.85799	8.61382	9.81119	8.11447	4.28349	5.77887	8.65512	10.22985	0	5.24826	11.84249	10.20909	9.65901	9.15594	0	0	0	0	0	0	0	0.83196	0	0	0	0	0	0	0	0	0	0	0	0	0	0	0	0	0	0	0	0	0	0	0	0	0	
0	0	0	0	0	0	0	0	6.20072	0	8.51919	0	0	0	0	0	5.96881	16.05696	11.1403	5.50679	10.77962	7.15578	0	0	0	11.90281	0	8.08592	9.16993	10.8392	0	10.2392	11.19462	8.54496	8.01657	10.41004	7.3626	6.51389	8.67861	6.95786	8.14217	8.00876	4.60988	7.51106	9.50942	7.55209	7.68937	8.25768	7.53236	6.92671	6.43269	11.17468	6.83378	8.4762	5.62617	5.94082	5.75739	8.28668	0	9.76759	8.71243	7.9962	6.24379	0	9.71499	11.56858	4.41168	0	0	0	0	8.4043	0	0	7.36484	0	0	0	9.79825	0	0	0	0	0	0	8.38086	0	0	0	0	0	0	0	0	0	1.35631	0	0	0	0	
0	9.79065	0	0	11.13731	9.39717	0	0	0	0	0	0	0	0	2.85623	11.17333	0	11.07554	10.41846	0	9.82828	0	5.98667	0	0	0	0	0	8.87199	8.82739	8.4912	0	9.66734	6.40288	9.8877	7.22154	8.82655	9.99528	7.34717	8.23742	8.56301	7.15188	6.65795	7.90523	7.68418	7.00899	7.62758	8.57318	7.56413	7.7242	6.17658	7.70028	8.01225	7.25517	9.05342	5.35346	0	5.43016	7.22887	6.20843	0	8.48819	0	10.85509	10.61581	1.74002	5.53768	2.50612	0	0	0	0	0	0	0	3.91098	0	0	0	0	8.47087	0	0	0	0	0	0	0	0	0	0	0	0	0	0	0	0	0	0	0	
0	10.87859	8.91626	0	9.81695	0	0	0	0	0	8.59973	0	0	0	9.57592	7.58011	0	10.59912	0	0	8.37069	5.48182	7.80662	11.40129	7.32327	9.51261	0	3.48964	5.85675	7.09246	11.73829	10.8006	9.50926	11.39362	10.13014	5.24337	8.09954	8.3318	7.0875	7.07854	5.88582	7.29774	6.319	7.44032	7.39154	5.98603	7.67066	7.68829	9.43762	8.38908	7.46392	8.97116	7.54532	7.50018	6.99936	6.92856	8.75759	6.67944	6.59808	9.99967	0	6.26404	8.72261	9.8822	3.10036	0	0	0	0	0	0	11.94617	0	0	8.89986	0	7.60922	0	0	0	0	0	0	4.03043	0	3.41613	0	0	0	0	0	0	0	0	0	0	0	0	0	0	
0	0	0	0	0	0	0	0	7.02795	0	9.72167	11.29568	0	0	0	0	0	0	9.44478	0	6.24591	0	0	0	0	11.02837	10.51402	0	1.74002	7.53227	6.61821	9.66457	10.57571	9.56207	9.57031	7.56513	10.12245	9.64273	7.7638	8.40671	5.70827	6.91053	7.8823	8.11333	6.80805	7.15891	6.7637	8.49649	7.82962	8.51685	6.89497	6.12957	6.05572	7.01761	7.8658	8.95575	8.65829	8.90465	9.8455	7.18721	9.51861	5.72067	9.53706	5.79283	0	8.83249	0	8.24347	0	0	0	0	0	0	0	0	0	0	0	0	0	7.49532	0	0	0	0	0	9.02527	12.24713	7.5683	0	0	0	0	0	0	0	0	0	0	
0	0	0	0	0	0	0	0	11.20514	9.13223	5.98401	2.29299	0	12.40778	0	0	0	0	10.76418	3.91729	0	0	0	8.50972	5.23522	8.46289	3.00384	9.63993	6.67982	10.26454	0	6.99303	5.57115	3.78926	4.61179	7.06091	8.34066	5.74477	8.91506	5.47374	7.4642	8.32159	8.18099	7.78868	6.53608	6.542	8.04534	7.03868	6.8338	8.52371	8.37748	6.49287	8.04507	5.2832	8.11591	8.17311	3.77594	9.7446	9.72034	5.26367	7.81431	9.18138	8.00747	5.35005	1.34588	9.48628	11.10292	0	0	0	0	0	0	1.35631	11.59502	0	0	0	12.63108	0	0	0	0	0	0	0	0	0	3.83414	0	2.04285	0	0	0	0	0	0	0	0	0	
0	0	10.44617	5.73919	0	7.64902	0	1.74002	7.59182	0	0	0	0	0	0	0	0	6.66314	0	0	0	0	0	11.2061	0	10.34855	0	9.51518	9.03473	8.07608	0	9.10809	0	11.67705	5.63939	8.57388	6.42419	7.49879	0.83537	10.64392	6.82758	9.58688	7.12591	7.19691	7.70841	7.96315	5.39692	7.4712	6.75807	7.76388	8.411	7.17298	8.14767	8.01963	7.34846	4.64849	7.07228	7.65573	7.8522	7.08481	10.15882	8.06503	3.55362	8.49756	6.45586	0	0	4.71956	5.04378	7.32327	3.9959	0	10.32593	0	1.73896	0	4.71171	0	0	0	0	0	5.63987	0	0	0	0	0	0	0	0	0	0	0	0	0	0	0	0	0	
0	0	0	0	0	0	0	0	0	0	10.58013	7.75181	8.86565	0	13.16492	0	0	10.42994	0	4.46362	0	0	0	0	0	0	4.46362	3.26027	4.1629	0	7.21381	8.80965	5.67362	8.47042	4.45328	6.46544	9.31807	8.0713	6.68934	8.97891	8.4264	6.32296	5.77239	7.2494	7.76864	8.65007	5.4671	7.2628	7.31956	6.09246	7.01446	8.53094	8.49791	7.43392	7.02427	6.03534	6.01995	6.76872	8.37251	6.7825	5.27789	6.10364	5.3437	4.93775	0	6.41743	10.12994	6.23328	0	0	6.65619	0	6.57794	5.26878	0	13.61131	0	0	0	0	0	0	0	0	0	0	0	0	6.45578	0	0	0	0	0	0	0	0	0	0	0	
0	0	0	0	0	0	0	0	0	9.7663	0	0	9.1931	0	0	0	0	0	0	0	0	0	0	9.2788	0	0	9.66572	0	0	4.79018	6.62533	0	0	5.57424	11.37367	7.00184	7.67679	0	0	6.78424	2.87811	10.98349	5.44794	5.03294	9.24018	7.17915	7.31358	7.19032	8.5204	6.65111	7.39508	8.36629	6.8752	6.86913	8.07152	5.77142	7.16789	6.46323	4.53202	5.19694	5.80243	5.35892	4.9085	5.8667	6.38017	4.14791	6.56403	8.18206	6.59136	0	0	4.97387	0	6.10586	0	7.25859	8.59973	0	0	0	0	0	0	0	10.45181	0	0	0	0	0	0	10.70876	0	0	0	0	5.45641	0	0	0	
0	0	0	0	0	0	0	0	0	0	0	11.17431	0	0	0	0	0	5.15617	11.9154	0	0	0	0	0	0	0	0	7.24382	0	0	0	0	5.48037	5.49617	6.48964	0	4.77231	8.85856	1.6866	0	6.11924	9.3803	7.80621	3.60702	0	8.38901	5.78012	4.35228	6.31393	5.96834	7.41333	11.38612	8.0042	3.43052	6.9858	5.72397	6.60986	6.53424	7.81633	7.73327	7.28089	3.46925	0	6.65717	10.40135	0	6.00944	4.82299	9.42691	6.94635	0	0	0	1.74002	0	10.01824	0	8.72737	0	0	0	5.72016	0	0	0	0	0	0	0	0	0	0	0	0	0	0	0	0	0	0	
0	0	0	0	5.1913	0	0	0	0	0	9.10591	0	3.91098	0	0	10.75313	0	0	7.72546	0	8.37657	7.71478	0	0	0	7.98736	4.9004	0	0	5.87815	0	11.06045	12.94663	0	0	8.0006	10.63919	2.04285	9.86615	11.38373	1.8441	9.25336	6.10016	4.74118	3.49302	5.53524	13.34185	4.5281	6.56833	8.95152	8.64011	6.96077	7.84917	6.47254	5.91601	6.81903	5.51256	6.63113	4.40773	6.56152	5.39004	6.75579	6.05126	6.2906	7.77036	0	6.36145	10.35531	0	0	8.28867	8.92555	7.27711	7.9205	5.28045	0	5.83829	0	0	0	5.98667	0	0	0	0	0.83196	0	0	0	1.74002	0	0	0	0	0	0	0	0	0	0	
0	0	0	0	0	0	0	0	0	0	0	5.17419	1.78778	0	0	10.44375	0	0	0	0	6.73226	0	0	0	0	0	0	0	0	4.14307	4.86221	4.6678	0	0	0	10.1097	0	0	0	5.32219	3.98124	5.94105	3.60902	5.54489	7.88603	4.01313	6.50043	8.65559	6.42901	7.39628	0	0	7.97088	9.24054	2.29299	6.72863	8.20852	7.00444	8.32164	6.32055	8.01639	7.78163	8.15678	6.8048	4.13469	5.49667	6.03896	6.90655	3.13773	11.20862	0	6.76094	8.64595	10.86357	8.15468	0	18.57649	0	3.47792	0	0	0	0	0	0	0	0	0	0	0	0	0	0	0	0	0	0	0	0	0	
0	0	0	7.79806	0	0	0	0	0	0	0	0	0	0	0	0	0	0	0	0	0	0	7.61497	0	0	0	7.42318	5.71669	5.69235	8.06926	0	0	5.29378	0	0	11.8616	0	3.13773	0	5.40846	5.08173	0	2.69176	0	3.98476	10.37422	7.38565	8.59973	5.65424	7.33124	6.10586	5.82769	4.60314	8.17785	5.87162	5.99092	6.85125	4.99069	7.24172	5.55372	8.76784	7.00822	8.74462	9.73102	6.51318	7.76008	5.75999	8.95306	11.30271	6.319	3.10432	8.55005	6.04758	3.79152	5.58754	0	12.14992	0	4.15891	7.97846	0.83196	5.2648	2.29299	0	0	0	0	0	0	0	0	0	0	0	0	0	0	0	0	10.66576	
0	0	4.03672	0	0	0	0	0	0	0	0	0	0	0	0	0	0	0	0	0	9.17179	0	0	0	0	5.8372	0	7.69205	0	8.17039	0	9.08741	12.78189	0	8.50377	0	0	6.09752	6.66573	0	7.41186	0	0	6.25384	10.65184	9.32705	0	5.57793	6.30404	8.7686	9.54224	10.95655	7.84798	5.76085	6.23302	8.92877	0	7.58783	7.00919	5.8505	2.42715	5.08878	5.6845	1.49375	5.64502	4.98235	5.2295	0	7.85483	3.21989	4.36633	6.60357	5.67573	9.72519	3.83414	0	5.4864	0	1.27733	6.10586	0	6.05595	0	0	0	0	0	0	6.55209	0	0	0	0	0	0	0	3.37319	0	0	0	
0	0	0	0	3.83414	0	0	0	0	0	0	0	8.89278	0	0	0	0	0	0	0	11.3389	2.04285	0	0	0	0	0	3.37319	0	0	0	0	9.79065	0	0	0	6.41372	0	8.92092	7.9605	0	0	3.66763	0	8.80491	0	4.63395	8.41753	4.11961	4.92965	9.74809	4.69129	11.48427	3.66275	6.73704	0	0	5.4877	6.6647	2.26301	7.34704	4.51436	8.0305	6.22234	4.78072	8.15987	9.00232	4.97145	7.03907	6.4078	7.82899	0	0	8.95707	0	8.7119	4.50507	5.97176	0	0	0	0	0	0	8.37409	4.69847	0	0	0	0	0	0	0	0	0	0	9.92754	0	0	0	
0	0	0	0	0	0	0	0	0	0	0	0	0	0	0	0	7.65461	3.26027	2.29299	0	0	0	0	0	5.0482	0	0	0	0	0	0	0	0	0	5.93242	8.76666	0	7.60922	0	0	0	0	10.53609	11.26033	0	10.20537	9.59205	9.62805	0	3.04838	0	10.48045	9.12821	7.12077	0	4.74118	0	5.54794	0	4.84738	7.47059	6.90186	7.29913	7.09534	3.67299	5.8222	7.05659	6.00709	9.62521	7.25515	8.17523	2.04612	5.87058	9.77275	7.61534	4.78572	10.74383	9.42854	0	0	6.85401	2.04285	11.60608	0	0.67816	1.74002	5.43055	6.98417	5.32219	0	0.94156	0	0	10.27861	0	0	0	0	0	0	
0	0	0	0	0	0	0	0	0	0	0	0	0	0	0	0	0	0	0	0	6.74145	0	0	0	0	0	0	0	0	7.70403	0	0	0	0	7.11983	0	0	0	0	0	9.4318	0	8.96663	9.2141	5.22438	0	0	0	4.60906	4.98535	8.55255	0	0	6.81017	5.61966	7.63079	0	0	7.20251	7.62631	8.78208	6.18353	1.34588	6.3313	6.17167	7.96236	2.63351	5.45598	7.32867	6.37699	10.44801	6.64939	3.28299	5.50128	2.85041	0	4.47688	0	6.93554	0	0	0	0	0	0	0	8.5249	0	0	0	0	0	0	0	0	0	0	0	0	0	
0	0	0	0	7.0106	0	0	0	0	0	0	5.43055	0	4.46362	0	0	0	0	0	0	0	0	0	0	0	0	0	0	0	0	0	0	0	0	0	0	0	0	0	6.06194	0	0	7.97846	0	4.30421	0	3.17308	0	0	0	0	0	0	0	5.89508	0	0	0	0	12.0449	8.51266	0.91793	6.3298	8.95889	7.21807	0	2.85698	4.72398	9.47746	5.19248	5.09676	9.20914	8.51474	5.80854	0	0	1.48421	7.43806	7.48463	10.46142	0	9.20459	3.00384	0	0	0	2.50612	10.38475	0	3.94501	0	0	0	0	8.71671	0	0	0	0	0	
0	0	0	0	0	0	0	0	0	0	0	0	0	0	0	0	0	8.02479	0	0	0	10.5698	8.41093	0	0	0	8.38086	0	0	0	0	0	0	4.94735	10.25958	0	0	0	0	0	0	0	0	0	0	0	0	0	0.83196	0	0	0	0	0	0	7.81808	9.75605	11.10614	6.76367	2.85623	0	5.09966	7.18967	0	7.55128	8.5333	4.85252	7.17719	4.78221	4.83432	6.87143	5.48653	5.37773	9.13596	8.20379	5.86573	6.66223	0	7.83796	6.32231	0	0	8.33802	0	5.81737	10.33849	1.74002	3.37319	0	10.75928	0	0	0	0	0	0	7.908	0	0	0	
0	0	0	0	0	0	0	0	7.11181	0	0	0	0	0	0	0	0	0	0	0	0	0	0	0	0	0	0	1.35631	0	1.35631	0	0	0	0	0	0	0	0	0	10.06891	0	0	0	0	0	7.0451	0	4.30184	2.04285	0	0	9.9101	0	0	0	0	0	0	9.4951	0	6.7538	0	12.28061	9.25953	8.44126	3.4245	6.64454	0	0	6.47019	8.86708	0	9.51435	6.294	8.42163	9.29487	2.39134	0	0	8.51444	4.20482	7.944	9.26071	8.56826	5.27579	0	0	0	0	0	7.94231	0	9.48462	0	0	0	0	0	0	0	
0	0	0	0	0	0	0	0	0	0	0	0	0	9.17569	0	0	0	0	0	4.51374	0	0	0	0	0	2.16293	0	0	0	0	0	0	0	0	8.67876	0	0	6.87991	0	0	11.14627	0	5.45641	7.76739	0	0	0	0	0	0	4.51374	8.9116	0	0	6.18534	0	0	0	0	7.75341	5.97476	0	5.63891	10.00406	7.37165	4.57946	9.87565	1.35631	0	4.55724	7.18487	0	8.0374	5.9255	10.70876	4.81834	3.2264	3.93324	5.79069	4.60594	0	6.74992	4.11961	3.64457	1.8765	0	0	10.73012	2.27861	0	1.35631	0	0	6.46558	0	0	0	0	4.84281	0	
0	0	0	0	0	0	0	5.89508	0	0	0	0	0	0	0	0	0	0	0	0	0	0	0.83196	0	0	0	0	0	10.32593	0	0	0	0	0	10.21029	0	0	3.37319	0	0	0	0.67816	0	0	0	0	5.06447	0	0	0	0	0	9.377	0	0	0	2.12181	7.82808	0	6.23488	8.88989	0	0	6.0756	0	3.57555	0	7.88193	6.85718	9.38544	9.19299	5.94818	7.35112	5.85807	6.76367	6.9894	6.09656	3.47792	6.65452	6.86518	5.58505	7.65498	5.97994	0	4.54947	0	2.50612	5.04045	0	0	10.94404	7.94207	0	0	0	0	10.01716	0	0	0	
0	0	0	0	0	0	0	0	0	0	0	0	0	0	0	0	0	0	0	0	0	0	0	0	0	0	0	0	0	0	0	0	0	0	0	0	0	6.35962	0	0	0	0	0	0	0	0	0	0	0	7.2062	0	4.3283	0	4.2541	0	0	3.47792	5.38403	0	0	5.00925	0	12.32355	12.04383	7.31623	6.51724	0	0	9.11003	7.98986	0	9.42199	5.49406	10.25619	6.28115	7.74023	0	5.07176	4.92828	8.09702	3.44141	8.87371	5.00925	0	0	0	3.38361	0	0	0	0	0	10.94691	6.00002	6.65619	0	0	0	0	0	
0	0	0	0	0	0	0	7.00184	0	0	0	0	0	0	0	0	0	0	0	0	0	0	0	0	0	0	0	0	0	0	0	0	0	0	0	0	0	7.5398	0	7.65461	0	0	0	0	0	0	0	0	0	0	3.08963	0	0	11.73499	7.11334	0	0	9.92387	9.07911	12.35332	0	3.91098	0	6.02565	8.72448	10.24755	0	0	6.73208	4.59046	8.22761	5.05757	4.1001	8.67633	1.74002	8.04702	7.21043	0	7.4167	6.71458	8.42619	8.25756	2.43888	3.73508	2.82748	0	0	1.11747	0	0	8.3943	0	0	0	0	1.58039	0	0	0	0	
0	0	0	0	0	0	0	0	0	0	0	0	0	0	0	0	0	0	0	0	0	0	0	0	0	10.21004	0	0	0	0	0	0	0	0	0	0	0	12.06998	0	0	0	0	0	0	9.65483	0	0	0	12.95076	0	0	0	0	0	0	0	0	0	0	0	0	0	8.88436	0	0	6.69557	5.72852	8.61375	0	6.57541	3.5268	0	7.02996	0	9.5325	5.60481	11.30638	6.25574	3.45238	6.91558	1.30366	0	6.90251	0	10.98904	5.26901	0	0	0	0	5.45641	0	0	0	0	0	0	0	0	0	
0	0	0	0	0	0	0	0	0	0	0	0	5.32219	0	0	0	0	0	0	0	0	0	0	0	0	0	0	0	0	0	0	0	0	0	0	0	0	0	0	0	0	0	0	0	0	0	0	12.06448	0	0	0	0	10.13495	0	0	0	0	0	0	4.98992	0	0	0	4.32389	6.10586	5.20502	9.17992	0	9.38544	0	0	8.28308	0	0	0	3.52977	5.85658	9.0881	6.25441	4.9963	0	4.69715	5.06185	5.04506	4.43401	1.78778	8.48695	0	5.55546	0	0	0	0	2.04285	0	0	0	0	0	0	
0	0	0	0	0	0	0	0	0	0	0	0	0	0	0	0	0	0	0	0	0	0	0	0	0	0	0	0	0	0	0	0	9.14818	0	0	0	0	0	0	0	0	0	0	0	0	0	0	0	0	0	0	0	0	0	0	0	6.16342	0	0	0	5.30919	0	0	2.3032	0	5.73524	0	0	7.03953	0	0	0	8.65662	0	0	6.81456	0	0	4.90254	8.16886	4.29968	5.95073	9.87217	0	4.69847	0	0	0	1.35631	1.74002	5.80739	5.98093	4.64213	0	0	0	0	0	0	0	
0	0	0	0	0	0	0	0	0	0	0	0	0	0	0	0	0	0	0	0	0	0	0	0	0	0	0	1.74002	0	0	0	0	0	0	0	0	0	0	0	0	0	0	0	0	0	0	0	0	0	0	0	0	0	0	0	0	0	0	0	0	0	0	0	0	0	0	0	0	0	0	6.11207	5.31136	6.01886	0	0	8.44362	10.9111	0	9.54003	6.12211	0	6.85902	0	6.78424	1.35631	10.02504	0	7.58011	0	0	0	0.83196	0	0	0	7.84776	0	0	0	0	
0	0	0	0	0	0	0	0	0	0	0	0	0	0	0	0	0	0	0	0	8.88089	0	0	0	0	0	0	0	0	0	0	0	0	0	0	0	0	0	0	0	0	0	0	0	0	0	0	0	0	0	0	0	0	0	0	0	0	0	0	10.86055	0	0	0	0	6.46558	9.15412	6.10586	3.9387	0	0	0	0	0	0	0	0	4.61222	0	0	0	3.86273	0	0	0	3.39985	6.83442	7.88308	3.94714	5.29378	0	8.46289	7.74658	6.46558	5.85675	0	6.89241	0	0	0	0	
0	0	0	0	0	0	0	0	0	0	0	0	0	0	0	0	0	0	0	0	0	0	0	0	0	0	0	0	0	0	0	0	0	0	0	0	0	0	0	0	0	0	0	0	0	0	0	0	2.85623	0	0	0	0	0	0	0	0	0	0	0	0	0	0	0	0	0	0	0	0	7.97399	10.67129	8.06085	7.71813	0	11.16796	5.50679	0	7.87199	0	0	0	8.12676	4.56219	0	3.09267	0	0.83196	0	0	1.93122	0	3.33999	2.23181	0	2.85623	0	0	0	0	0	
0	0	0	0	0	0	0	0	0	0	0	0	0	0	0	6.77122	0	0	0	0	0	0	0	0	0	0	0	0	0	0	0	0	0	0	5.98667	0	0	0	0	0	0	0	0	0	0	0	0	0	0	0	0	0	0	0	0	0	0	0	0	0	0	0	0	0	0	0	0	1.35631	0	0	0	0	0	8.31876	0	0	0	1.1465	0	0	0	1.74002	0	0	4.96931	0	3.11282	3.92563	6.82452	9.00568	9.66179	0	10.7911	0	0	0	0	0	0	0	
0	0	0	0	0	0	0	0	0	0	0	0	0	0	0	0	0	0	0	0	0	0	0	0	0	0	0	0	0	0	0	0	0	0	0	0	0	0	0	0	0	0	0	0	0	0	0	0	8.37069	0	0	0	0	0	0	0	0	0	0	5.17419	0	0	0	0	0	8.0753	0	0	0	0	0	9.92523	0	0	0	0	0	10.58892	0	5.24323	9.89599	0	0	6.94816	0	0	0	0	0	0	0	0	0	0	0	0	0	0	0	0	
0	0	0	0	0	0	0	0	0	0	0	0	0	0	0	0	0	0	0	0	0	0	0	0	0	0	0	0	0	0	0	0	0	0	0	0	0	0	0	0	0	0	0	0	0	0	0	0	0	0	0	0	0	0	0	2.215	0	0	12.71064	0	0	0	0	0	8.06506	0	0	0	0	0	0	0.83196	0	6.75328	0	0	5.79728	0	0	0	2.74321	7.03613	4.8017	7.88061	0	0	0	8.17429	9.18051	0	2.04285	12.64468	9.94134	0	0	0	0	0	0	0	
0	0	0	0	0	0	0	0	0	0	0	0	0	0	0	0	0	0	0	0	0	0	0	0	0	0	0	0	0	0	0	0	0	0	0	0	0	0	0	0	0	0	0	0	0	0	0	0	0	0	0	0	0	0	0	0	0	0	0	0	0	0	0	0	0	0	0	0	0	0	0	0	0	0	0	0	0	0	0	0	0	0	0	0	0	0	7.68775	0	0	0	0	8.92787	0	0	0	0	0	0	0	0	
0	0	0	0	0	0	0	0	0	0	0	0	0	0	0	0	0	0	0	0	0	0	0	0	0	0	0	0	0	0	0	0	0	0	0	0	0	0	0	0	0	0	0	0	0	0	0	0	0	0	0	0	0	0	0	0	0	0	0	0	0	0	0	0	0	0	0	0	0	0	9.46281	0	0	0	0	0	2.50612	0	0	7.38847	0	0	0	11.41877	0	0	0	0.83196	0	0	5.81556	7.33029	0	0	0	0	0	0	0	0	
0	0	0	0	0	0	0	0	0	0	0	0	0	0	0	0	0	0	0	0	0	0	0	0	0	0	0	0	0	0	0	0	0	0	0	0	0	0	0	0	0	0	0	0	0	0	0	0	0	0	0	0	0	0	0	0	0	0	0	5.48182	0	0	0	0	0	0	0	0	0	0	5.14267	0	0	0	0	0	0	0	0	0	0	0	0	0	0	0	3.91098	0	0	0	0	0	0	0	0	0	0	0	0	0	
0	0	0	0	0	0	0	0	0	0	0	0	0	0	0	0	0	0	0	0	0	0	0	0	0	0	0	0	0	0	0	0	0	0	0	0	0	0	0	0	0	0	0	0	0	0	0	0	0	0	0	0	0	0	0	0	0	0	0	0	0	0	0	0	0	0	0	0	0	11.08438	0	0	0	0	0	0	0	0	8.20894	0	0	0	0	0	0	0	0	0	8.50067	7.39858	0	0	0	0	0	0	0	0	0	0	
0	0	0	0	0	0	0	0	0	0	0	0	0	0	0	0	0	0	0	0	0	0	0	0	0	0	0	0	0	0	0	0	0	0	0	0	0	0	0	0	0	0	0	0	0	0	0	0	0	0	0	0	0	0	0	0	0	0	0	0	0	0	0	0	0	0	0	0	0.83196	0	0	0	0	0	0	0	0	0	0	0	0	0	0	0	0	0	0	0	0	0	0	0	0	0	0	0	0	0	0	0	
0	0	0	0	0	0	0	0	0	0	0	0	0	0	0	0	0	0	0	0	0	0	0	0	0	0	0	0	0	0	0	0	0	0	0	0	0	0	0	0	0	0	0	0	0	0	0	0	0	0	0	0	0	0	0	0	0	0	9.52183	0	0	0	0	0	0	0	0	0	0	0	0	0	0	0	0	7.73606	0	0	0	0	0	0	0	0	0	0	0	0	0	0	0	0	0	0	0	0	0	0	0	0	
0	0	0	0	0	0	0	0	0	0	0	0	0	0	0	0	0	0	0	0	0	0	0	0	0	0	0	0	0	0	0	0	12.36254	0	0	0	0	0	0	0	0	0	0	0	0	0	0	0	0	0	0	0	0	0	0	0	0	0	0	0	0	0	0	0	0	0	0	0	0	0	0	0	0	0	0	0.83196	0	0	0	0	0.83196	0	0	0	0	0	0	0	0	0	0	0	0	0	0	0	0	0	0	0	
0	0	0	0	0	0	0	0	0	0	0	0	0	0	0	0	0	0	0	0	0	0	0	0	0	0	0	0	0	0	0	0	0	0	0	0	0	0	0	0	0	0	0	0	0	0	0	0	0	0	0	0	0	0	0	0	0	0	0	0	0	0	0	0	0	0	0	0	0	0	0	0	0	0	0	0	0	0	0	0	0	0	0	0	0	0	0	0	0	0	0	0	0	0	0	0	0	0	0	0	
0	0	0	0	0	0	0	0	0	0	0	0	0	0	0	0	0	0	0	0	0	0	0	0	0	0	0	0	0	0	0	0	0	0	0	0	0	0	0	0	0	0	0	0	0	0	0	0	0	0	0	0	0	0	0	0	0	0	0	0	0	0	0	0	0	0	0	0	0	0	0	0	0	0	0	0	0	0	0	0	0	0	0	0	0	0	0	0	0	0	0	0	0	0	0	0	0	0	0	0	
0	0	0	0	0	0	0	0	0	0	0	0	0	0	0	0	0	0	0	0	0	0	0	0	0	0	0	0	0	0	0	0	0	0	0	0	0	0	0	0	0	0	0	0	0	0	0	0	0	0	0	0	0	0	0	0	0	0	0	0	0	0	0	0	0	0	0	0	0	0	0	0	0	0	0	0	0	0	0	0	0	0	0	0	0	0	0	0	0	0	0	0	0	0	0	0	0	0	0	0	
0	0	0	0	0	0	0	0	0	0	0	0	0	0	0	0	0	0	0	0	0	0	0	0	0	0	0	0	0	0	0	0	0	0	0	0	0	0	0	0	0	0	0	0	0	0	0	0	0	0	0	0	0	0	0	0	0	0	0	0	0	0	0	0	0	0	0	0	0	0	0	0	0	0	0	0	0	0	0	0	0	0	0	0	0	0	0	0	0	0	0	0	0	0	0	0	0	0	0	0	
0	0	0	0	0	0	0	0	0	0	0	0	0	0	0	0	0	0	0	0	0	0	0	0	0	0	0	0	0	0	0	0	0	0	0	0	0	0	0	0	0	0	0	0	0	0	0	0	0	0	0	0	0	0	0	0	0	0	0	0	0	0	0	0	0	0	0	0	0	0	0	0	0	0	0	0	0	0	0	0	0	1.35631	0	0	0	0	0	0	0	0	0	0	0	0	0	0	0	0	0	0	
0	0	0	0	0	0	0	0	0	0	0	0	0	0	0	0	0	0	0	0	0	0	0	0	0	0	0	0	0	0	0	0	0	0	0	0	0	0	0	0	0	0	0	0	0	0	0	11.20562	0	0	0	0	0	0	0	0	0	0	0	0	0	0	0	0	0	0	0	0	0	0	0	0	0	0	9.902	0	0	0	0	0	0	0	0	0	0	0	0	0	0	0	0	0	0	0	0	0	0	0	0	0	
