0	0	0	0	0	0	0	0	0	0	0	0	0	0	0	0	0	0	0	0	0	0	0	0	0	0	0	0	0	0	0	0	0	0	0	0	0	0	0	0	0	0	0	0	0	0	0	0	0	0	0	10.50151	0	0	0	0	0	0	0	0	0	0	0	0	0	0	0	0	0	0	0	0	0	0	0	0	0	0	0	0	0	0	0	0	0	0	0	0	0	0	0	0	0	0	0	0	0	0	0	0	
0	0	0	0	0	0	0	0	0	0	0	0	0	0	0	0	0	0	0	0	0	0	0	0	0	0	0	0	0	0	0	0	0	0	0	0	0	0	0	0	0	0	0	0	0	0	0	12.99425	0	0	0	0	0	0	0	0	0	0	0	0	0	0	0	7.93283	0	0	0	0	0	0	0	0	0	0	0	0	0	0	0	0	0	0	0	0	0	0	0	0	0	0	0	0	0	0	0	0	0	0	0	0	
0	0	0	0	0	0	0	0	0	0	0	0	0	0	0	0	0	0	0	0	0	0	0	0	0	0	0	0	0	0	0	0	0	0	0	0	0	0	0	0	0	0	0	0	0	0	0	0	0	0	0	0	0	0	9.58087	0	0	0	0	0	0	0	0	0	0	0	0	0	0	0	0	0	0	0	0	0	0	0	0	0	0	0	0	0	0	0	0	0	0	0	0	0	0	0	0	0	0	0	0	0	
0	0	0	0	0	0	0	0	0	0	0	0	0	0	0	0	0	0	0	0	0	0	0	0	0	0	0	0	0	0	0	0	0	0	0	0	0	0	0	0	0	0	0	0	0	0	11.8329	9.98655	0	0	0	0	0	0	0	0	0	0	0	0	0	0	0	0	0	0	0	0	0	0	0	0	0	0	0	0	0	0	0	0	0	0	0	0	0	0	0	0	0	0	0	0	0	0	0	0	0	0	0	0	
0	0	0	0	0	0	0	0	0	0	0	0	0	0	0	0	0	0	0	0	0	0	0	0	0	0	0	0	0	0	0	0	0	0	0	0	0	8.99954	0	0	0	0	0	11.67639	0	0	0	0	0	0	0	0	0	0	0	0	0	0	0	0	0	0	0	0	0	0	0	0	0	0	0	0	0	0	0	0	0	0	0	0	0	0	0	0	0	0	0	0	0	0	0	0	0	0	0	0	0	0	0	0	
0	0	0	0	0	0	0	0	0	0	0	0	0	0	0	0	0	0	0	0	0	0	0	0	0	0	0	0	0	0	0	0	0	0	0	0	0	0	0	0	0	0	0	0	0	0	0	0	0	0	0	0	0	0	0	0	0	0	0	0	0	0	0	0	0	0	0	0	0	0	0	0	9.23416	0	0	0	0	0	0	0	0	0	0	0	0	0	0	0	0	0	0	0	0	0	0	0	0	0	0	0	
0	0	0	0	0	0	0	0	0	0	0	0	0	0	0	0	0	0	0	0	0	0	0	0	0	0	0	0	0	0	0	0	0	0	0	0	0	0	0	0	0	0	0	0	0	0	0	0	0	0	0	0	0	0	0	0	0	0	0	0	0	0	0	0	0	0	0	0	0	0	0	0	0	0	10.93792	0	0	0	0	0	0	0	0	0	0	0	0	0	0	0	0	0	0	0	0	0	0	0	0	0	
0	0	0	0	0	0	0	0	0	0	0	0	0	0	0	0	0	0	0	0	0	0	0	0	0	0	0	0	0	0	0	0	0	0	0	0	0	0	0	0	0	0	0	0	0	0	0	0	0	0	0	8.29277	0	0	0	11.36356	0	0	8.31647	0	0	0	0	0	0	0	0	0	0	0	0	0	0	0	0	0	0	0	0	0	0	0	0	0	0	0	0	0	0	0	0	0	0	0	0	0	0	0	0	0	
0	0	0	0	0	0	0	0	0	0	0	0	0	0	0	0	0	0	0	0	0	0	0	0	0	0	0	0	8.0331	0	0	0	0	0	0	0	0	0	0	0	0	0	0	0	0	0	0	0	0	0	0	0	0	0	0	0	0	0	0	0	0	0	0	0	0	0	0	9.23499	0	0	0	0	0	0	0	0	0	0	0	0	0	0	0	0	0	0	0	0	0	0	0	0	0	0	0	0	0	0	0	0	
0	0	0	0	0	0	0	0	0	0	0	0	0	0	0	0	0	0	0	0	0	0	0	0	0	0	0	0	0	0	0	0	0	0	0	0	0	0	0	0	0	0	0	0	0	0	0	0	0	0	0	0	0	0	0	9.60608	0	0	0	0	0	0	0	0	0	0	0	0	0	0	0	0	0	0	0	0	0	0	0	0	0	0	0	0	0	0	0	0	0	0	0	0	0	0	0	0	0	0	0	0	
0	0	0	0	0	0	0	0	0	0	0	0	0	0	0	0	0	0	0	0	0	0	0	0	0	0	0	0	0	0	0	0	0	0	0	0	0	0	0	0	0	0	0	0	0	0	0	0	0	0	0	0	0	0	0	0	0	0	0	0	0	0	0	0	0	0	0	9.94165	0	0	0	0	0	0	0	0	0	0	0	0	0	0	0	0	0	0	0	0	0	0	0	0	0	0	0	0	0	0	0	0	
0	0	0	0	0	0	0	0	0	0	0	0	0	0	0	0	0	0	0	0	0	0	0	0	0	0	0	0	0	0	0	0	0	0	0	0	0	0	0	0	0	0	0	0	0	0	0	0	0	0	0	0	6.94592	0	0	0	3.97967	0	0	0	0	0	0	0	0	0	0	0	0	0	0	1.60644	0	0	0	0	0	0	0	0	0	0	0	0	0	0	0	0	0	0	0	0	0	0	0	0	0	0	0	0	
0	0	0	0	0	0	0	0	0	0	0	0	0	0	0	0	0	0	0	0	0	0	0	0	0	0	0	0	0	0	0	0	0	0	0	0	0	0	0	0	0	0	0	0	0	0	0	0	9.11045	0	0	0	11.45929	0	0	0	0	0	0	0	0	0	0	0	0	0	0	4.11769	0	0	0	0	0	0	0	0	0	0	0	0	0	0	0	0	0	0	0	0	0	0	0	0	0	0	0	0	0	0	0	0	
0	0	0	0	0	0	0	0	0	0	0	0	0	0	0	0	0	0	0	0	0	0	0	0	0	0	0	0	0	0	12.29624	0	0	0	0	0	0	0	0	4.50315	0	0	0	0	0	0	0	8.77281	0	0	0	0	0	0	0	0	0	11.34258	5.86443	0	9.91046	0	0	8.71361	0	0	0	0	0	0	0	0	0	0	0	0	0	0	0	0	0	0	0	0	0	0	0	0	0	0	0	0	0	0	0	0	0	0	0	0	
0	0	0	0	0	0	0	0	0	0	0	0	0	0	0	0	0	0	0	0	0	0	0	0	0	0	0	0	0	0	0	0	0	0	0	0	0	0	0	0	0	0	0	0	0	0	0	0	0	0	0	0	0	0	6.29054	0	0	0	0	0	0	0	0	0	0	0	0	0	0	0	0	0	0	0	7.15495	0	0	0	0	0	0	0	0	0	0	0	0	0	0	0	0	0	0	0	0	0	0	0	0	0	
0	0	0	0	0	0	0	0	0	0	0	0	0	0	0	0	0	0	0	0	0	0	0	0	0	0	0	0	0	0	0	0	0	0	0	0	0	0	0	0	0	0	11.64172	0	0	0	0	0	0	0	0	0	9.35622	0	0	0	0	0	0	12.14824	0	0	0	0	0	0	0	0	0	0	0	6.64942	0	0	0	0	0	0	0	0	0	0	0	0	0	0	0	0	0	0	0	0	0	0	0	0	0	0	0	0	
0	0	0	0	0	0	0	0	0	0	0	0	0	0	0	0	0	0	0	0	0	0	0	0	0	0	0	0	0	0	0	0	0	0	0	0	0	0	0	0	0	0	0	6.94544	0	0	0	13.36641	0	0	0	7.58575	0	0	0	0	0	0	5.2185	0	0	0	0	0	0	0	0	0	0	0	0	0	0	0	0	0	0	0	0	0	0	0	0	0	0	0	0	0	0	0	0	0	0	0	0	0	0	0	0	0	
0	0	0	0	0	0	0	0	0	0	0	0	0	0	0	0	0	0	0	0	0	0	0	0	0	0	0	0	0	0	0	0	0	0	0	0	0	0	0	0	0	0	7.5633	0	0	0	0	0	0	0	0	0	0	0	0	7.9686	0	0	0	0	0	0	0	0	0	0	2.34767	0	2.74975	0	0	0	0	0	0	0	0	0	0	0	0	0	0	0	0	0	0	0	0	0	0	0	0	0	0	0	0	0	0	0	
0	0	0	0	0	0	0	0	0	0	0	0	0	0	0	0	0	0	0	0	0	0	0	0	0	0	0	0	0	0	0	0	0	0	0	0	0	0	0	0	11.80498	0	0	0	0	0	0	0	0	0	0	0	0	0	0	0	0	0	0	0	0	0	0	0	0	0	0	0	0	0	0	0	0	0	0	0	0	0	0	0	0	0	0	0	0	0	0	0	0	0	0	0	0	0	0	0	0	0	0	0	
0	0	0	0	0	0	0	0	0	0	0	0	0	0	0	0	0	0	0	0	0	0	0	0	0	0	0	0	0	0	0	0	0	0	0	0	0	0	0	0	0	0	0	0	0	0	0	7.07406	0	0	9.38996	0	0	0	0	0	0	0	0	0	0	0	0	0	0	0	0	0	0	0	0	0	0	0	0	0	9.33902	0	0	0	0	0	0	0	0	0	0	0	0	0	0	0	0	0	0	0	0	0	0	0	
0	0	0	0	0	0	0	0	0	0	0	0	0	0	0	0	0	0	0	0	0	0	0	0	0	0	0	0	0	0	0	0	0	0	0	0	0	0	0	0	0	0	0	0	0	0	0	7.42594	0	0	9.41877	10.92492	0	0	0	0	5.31045	0	8.9347	0	9.97017	0	0	0	0	10.91548	0	0	0	0	0	0	0	0	0	0	0	0	0	0	0	0	0	0	0	0	0	0	0	0	0	0	0	0	0	0	0	0	0	0	
0	0	0	0	0	0	0	0	0	0	0	0	0	0	0	0	0	0	0	0	0	0	0	0	0	0	0	0	0	0	0	0	0	0	0	0	0	0	0	0	0	10.31631	0	0	0	0	0	0	0	0	0	0	0	0	0	0	0	0	0	0	0	0	0	0	0	0	0	0	2.83491	0	0	0	0	0	0	0	0	0	0	0	0	0	0	0	0	0	0	0	0	0	0	0	0	0	0	0	0	0	0	0	
0	0	0	0	0	0	0	0	0	0	0	0	0	0	0	0	0	0	0	0	0	0	0	0	0	0	0	0	0	0	0	9.0616	0	0	0	0	0	0	0	0	0	0	0	0	0	0	0	8.7373	0	0	0	0	0	0	0	0	0	0	0	0	0	0	0	5.31668	0	0	0	1.94972	0	0	0	0	0	0	0	0	0	0	0	0	0	0	0	0	0	0	0	0	0	0	0	0	0	0	0	0	0	0	0	0	
0	0	0	0	0	0	0	0	0	0	0	0	0	0	0	0	0	0	0	0	0	0	0	0	0	0	0	0	0	0	0	13.15463	0	0	0	0	0	0	0	0	0	0	0	0	0	0	0	0	0	0	0	0	0	0	0	0	0	0	0	0	0	0	0	0	0	0	0	0	0	0	0	0	0	0	0	0	0	0	0	0	0	0	0	0	0	0	0	0	0	0	0	0	0	0	0	0	0	0	0	0	
0	0	0	0	0	0	0	0	0	0	0	0	0	0	0	0	0	0	0	0	0	0	0	0	0	0	0	0	0	0	0	0	0	0	0	0	0	0	0	0	0	0	0	9.92415	0	0	0	0	0	14.26612	0	0	0	0	9.01559	0	0	0	0	0	0	0	0	0	0	0	0	0	0	0	0	0	0	0	0	0	0	0	0	1.52867	0	0	0	0	0	0	0	0	0	0	0	0	0	0	0	0	0	0	0	0	
0	0	0	0	0	0	0	0	0	0	0	0	0	0	0	0	0	0	0	0	0	0	0	0	0	0	0	0	0	0	0	0	7.73099	0	0	0	0	0	0	0	0	0	0	0	0	0	0	4.04805	0	0	9.90526	0	0	0	0	0	0	0	7.7503	0	0	0	0	0	0	0	0	0	0	0	1.1551	0	0	0	0	0	0	0	0	0	0	0	0	0	0	6.32562	0	0	0	0	0	0	0	0	0	0	0	0	0	0	
0	0	0	0	0	0	0	0	0	0	0	0	0	0	0	0	0	0	0	0	0	0	0	0	0	0	0	0	0	0	0	0	0	0	0	0	0	0	0	11.44412	0	0	0	0	15.56803	0	6.06283	0	0	0	0	0	0	0	0	0	0	0	0	0	0	0	0	0	0	0	0	0	0	2.22682	0	0	0	0	0	0	0	0	0	0	0	0	0	0	0	0	0	0	0	0	0	0	0	0	0	0	0	0	0	0	
0	0	0	0	0	0	0	0	0	0	0	0	0	0	0	0	0	0	0	0	0	0	0	0	0	0	0	0	0	0	0	0	0	0	0	8.28655	0	0	0	0	0	0	0	0	0	0	0	8.67081	0	0	0	0	0	6.70378	0	0	0	0	0	0	9.82159	0	0	0	0	0	0	0	0	0	0	0	0	0	0	0	0	0	0	0	0	0	0	0	0	0	0	0	0	0	0	0	0	0	0	0	0	0	0	0	
0	0	0	0	0	0	0	0	0	0	0	0	0	0	0	0	0	0	0	0	0	0	0	0	0	0	0	0	0	0	0	0	0	0	0	0	0	0	0	0	0	13.95729	0	0	0	0	0	0	0	0	0	0	2.74975	0	0	0	0	0	0	0	0	0	0	0	0	0	0	0	0	0	0	3.06385	0	0	0	0	0	0	0	0	0	0	0	0	0	0	0	0	0	0	0	0	0	0	0	0	0	0	0	0	
0	0	0	0	0	0	0	0	0	0	0	0	0	0	0	0	0	0	0	0	0	0	0	0	0	0	0	0	0	0	0	0	0	0	0	0	0	0	0	0	8.37451	0	0	0	10.83895	0	0	6.53063	0	0	3.26138	11.75087	0	0	0	9.94045	0	0	9.64566	0	6.64353	0	0	0	0	0	0	0	3.13274	0	0	0	0	0	0	0	0	0	0	0	0	0	0	0	0	0	0	0	0	0	0	0	0	0	0	1.39835	0	0	0	0	
0	0	0	0	0	0	0	0	0	0	0	0	0	0	0	0	0	0	0	0	0	0	0	0	0	0	0	0	0	0	0	0	0	0	0	0	0	0	0	0	0	0	0	0	11.54611	0	0	0	0	0	0	0	7.71423	0	0	0	0	7.66856	0	0	0	7.29304	0	0	0	0	0	0	0	0	0	0	0	0	0	0	0	0	0	0	0	0	0	0	0	0	0	0	0	0	0	0	0	0	0	0	0	0	0	0	
0	0	0	0	0	0	0	0	0	0	0	0	0	0	0	0	0	0	0	0	0	0	0	0	0	0	0	0	0	0	0	0	0	0	0	0	0	0	0	0	0	0	0	11.78271	0	0	10.76898	0	0	0	11.73244	0	0	0	0	0	0	0	0	3.06385	0	0	0	0	7.82246	0	0	2.91533	0	0	0	0	10.10968	0	0	0	4.08329	0	0	0	0	0	0	0	0	0	0	0	0	0	0	0	0	0	0	0	0	0	0	0	
0	0	0	0	0	0	0	0	0	0	0	0	0	0	0	0	0	0	0	0	0	0	0	0	0	0	0	0	0	0	0	0	0	0	0	0	0	0	0	0	0	0	0	0	1.54913	0.49467	0	10.75812	0	0	0	8.63663	1.1551	0	0	5.25621	0	0	0	0	0	0	0	0	0	0	0.49467	10.05193	0	0	0	0	0	11.11489	0	0	0	0	0	0	0	0	0	0	0	0	0	0	0	0	0	0	0	0	0	0	0	0	0	0	
0	0	0	0	0	0	0	0	0	0	0	0	0	0	0	0	0	0	0	0	0	0	0	0	0	0	0	0	0	0	0	0	0	0	0	0	0	10.98671	0	0	0	0	0	0	0	0	0	0	0	0	0	8.80348	0	0	12.60171	0	9.66904	0	0	6.94112	0	3.19849	0	0	0	0	0	0	0	0	0	0	0	0	5.55309	1.78827	0	0	0	0	0	0	0	0	0	0	0	0	0	0	0	0	0	0	0	0	0	0	0	0	
0	0	0	0	0	0	0	0	0	0	0	0	0	0	0	0	0	0	0	0	0	0	0	0	0	0	0	0	0	0	0	0	0	0	0	0	0	0	0	0	0	0	18.16442	0	0	9.60759	0	13.0778	0	0	10.88054	0	12.11124	0	10.58455	0	0	0	0	0	0	0	0	9.48037	0	0	0	8.77685	0	0	10.6638	0	0	0	0	0	0	0	4.01193	0	0	0	0	0	0	0	0	0	0	0	0	0	0	0	0	0	0	0	0	0	
0	0	0	0	0	0	0	0	0	0	0	0	0	0	0	0	0	0	0	0	0	0	0	0	0	0	0	0	0	0	0	0	0	0	0	0	0	0	0	0	0	0	0	0	0	0	0	8.5889	12.75912	0	0	12.01387	0	0	0	0	0	0	0	0	0	0	0	0	1.78827	0	0	0	0	0	0	0	0	0	0	0	0	0	0	0	0	0	0	0	0	0	0	0	0	0	6.26816	0	0	0	0	0	0	0	0	0	
0	0	0	0	0	0	0	0	0	0	0	0	0	0	0	0	0	0	0	0	0	0	0	0	0	0	0	0	0	0	0	0	0	0	0	0	0	0	0	0	0	0	0	0	0	0	0	10.4535	0	0	0	0	9.6486	3.85767	0	0	0	0	10.18153	8.9067	0	0	0	0	0	0	0	0	0	0	0	0	0	0	0	0	0	0	0	0	0	0	0	0	0	0	0	0	0	0	0	0	0	0	0	0	0	0	7.4225	0	
0	0	0	0	0	0	0	0	0	0	0	0	0	0	0	0	0	0	0	0	0	0	0	0	0	0	0	0	0	0	0	0	0	0	0	0	0	0	0	0	0	0	8.78088	0	0	0	0	0	0	9.29079	0	8.04655	0	8.00581	0	0	0	0	0	0	0	0	0	0	10.4644	0	0	0	0	0	0	0	0	0	0	0	13.68568	0	0	0	0	0	0	0	0	0	0	0	0	0	0	0	0	0	0	0	0	0	0	0	
0	0	0	0	0	0	0	0	0	0	0	0	13.13993	0	0	0	0	0	0	0	0	0	0	0	0	0	0	0	0	0	8.44732	0	0	0	0	0	0	0	0	0	0	0	10.20579	0	0	0	0	6.61973	0	0	12.10696	0	0	5.47178	1.78827	0	9.22042	0	0	0	0	0	0	8.83228	9.43846	9.37856	0	0	0	0	0	0	0	0	0	0	0	0	0	0	0	0	0	0	0	0	0	0	0	0	0	0	0	0	0	0	0	0	0	0	
0	0	0	0	0	0	0	0	0	0	0	0	0	0	0	0	0	0	0	0	0	0	0	0	0	0	0	0	0	0	0	0	0	0	0	0	0	0	0	0	0	0	0	0	0	10.47869	1.39835	0	4.01193	12.66277	0.86235	7.35768	7.6578	0	8.6117	8.54026	0	0	0	0	11.9416	0	0	0	0	0	0	0	0	7.352	0	0	0	0	0	0	3.16989	0	0	0	0	0	0	0	0	0	0	0	0	0	0	0	0	0	0	0	0	0	0	0	
0	0	0	0	0	0	0	0	0	0	0	0	0	0	0	9.7147	0	0	0	0	0	0	0	0	0	0	0	0	0	0	0	0	0	0	0	5.81288	11.78956	0	0	0	0	0	0	2.45917	0	10.84794	8.06264	8.13946	6.90219	8.99145	0	0	2.56267	0	10.5656	0	0	0	0	8.42689	0	9.13375	0	8.97513	0	9.35081	0	0	11.4007	0	7.1341	0	0	0	0	9.83181	0	7.24717	0	4.54318	0	0	0	0	0	0	0	0	0	0	8.21488	0	0	0	0	0	0	0	0	0	
0	0	0	0	0	0	0	0	0	0	0	0	0	0	0	0	0	0	0	0	0	0	0	0	0	0	11.00491	0	0	0	0	4.4229	0	0	5.57367	0	0	0	0	0	10.6921	0	0	0	0	0	0	0	9.12806	1.75369	4.55428	10.16469	8.60717	0	11.47471	0	10.36679	0	4.56004	0	2.09491	8.81535	0	0	0	9.38298	0	0	0	0	0	0	0	8.41657	0	0	0	0	0	0	0	0	0	0	0	0	0	0	0	0	0	0	0	0	0	0	4.80704	0	0	0	
0	0	0	0	0	0	0	0	0	0	0	0	0	0	0	0	0	0	0	9.0726	0	0	0	0	0	0	0	0	0	0	0	0	0	0	0	0	0	0	0	0	0	0	0	13.03685	0	0	13.20605	11.95192	11.75771	0	6.99762	8.84895	11.42386	0	0	0	13.74807	0	0	8.18976	5.93826	0	0	12.08132	0	5.3018	0	7.96388	0	0	0	0	0	0	0	0	0	0	0	0	0	0	0	0	0	0	0	0	0	0	9.53103	0	0	0	0	0	0	0	0	0	
0	0	0	0	0	0	0	0	0	0	0	0	8.79291	0	0	0	0	0	0	8.76198	0	0	0	0	0	0	0	0	0	0	0	0	0	7.14783	0	0	0	0	0	0	0	12.33387	14.15739	0	8.89311	0	0	4.28269	9.66177	0	1.1551	8.34597	6.99811	5.26759	8.91991	3.4351	5.8837	5.98759	9.20174	0	0	0	0	0	2.74975	0	0	0	0	0	0	0	0	0	0	0	0	0	8.01039	1.1551	0	0	0	0	0	0	0	0	0	0	0	0	0	0	0	0	0	0	0	0	
0	0	0	0	0	0	0	0	0	0	0	0	0	0	0	0	0	0	0	0	0	0	0	14.04295	0	0	0	0	0	0	0	0	0	0	0	0	0	0	12.53874	0	0	0	8.61028	8.93229	2.09491	0	6.27881	5.61004	0	8.55506	7.89366	8.07308	0	0	0	0	0	4.82928	16.00075	9.50169	9.65886	0	0	0	8.89559	0	0	0	0	0	0	0	0	0	0	0	0	0	0	0	0	0	0	0	0	0	0	0	0	0	0	0	0	0	0	0	0	0	0	0	
0	0	8.20291	0	0	0	0	0	0	0	0	0	0	0	0	0	0	0	0	0	0	0	0	0	0	0	0	0	0	0	0	0	0	0	0	0	0	0	0	0	9.08243	0	0	0	0	8.81404	0	7.29406	9.29273	12.01403	0	8.73454	9.45369	8.82494	0.86235	12.27198	0	0	3.32164	0	8.73123	0	8.06429	11.2806	0	0	0	0	0	0	0	8.35658	0	0	0	0	1.39835	0	0	0	0	0	0	0	0	0	0	0	0	0	0	0	0	0	0	0	0	0	0	0	
0	0	0	0	0	0	0	0	0	0	0	11.36803	0	0	0	0	0	0	0	0	0	0	0	0	0	0	0	0	0	0	0	0	7.72543	0	0	0	0	10.12263	13.82735	4.27835	4.84859	5.96231	0	0	11.92653	7.92365	11.87609	5.5067	10.72456	0	11.43754	0	5.09487	6.1867	0	10.7111	6.36692	7.53944	0	0	0	0	0	0	0	0	0	9.27092	0	0	0	0	5.90438	0	0	3.89781	0	0	9.83716	0	0	0	0	0	0	0	0	0	0	0	0	0	0	0	0	8.27765	0	0	0	0	
0	0	0	0	0	0	0	0	0	0	0	0	0	0	0	0	0	0	0	0	0	0	0	0	0	0	0	0	0	0	0	0	0	0	5.48423	8.95595	0	0	0	6.85199	0	12.53398	0	10.70931	13.7558	9.5422	7.60343	8.94233	6.31978	10.81458	11.26134	10.29346	1.78827	9.79454	0	0	8.53856	0	0	6.65586	8.55478	0	0	0	0	0	0	0	0	0	0	0	0	0	0	0	0	0	7.23155	0	0	0	0	0	0	0	0	9.57237	0	0	0	0	0	0	0	0	0	0	0	0	
0	0	0	0	0	0	0	0	10.73373	0	8.81535	0	0	0	0	0	0	0	0	0	0	0	0	0	0	0	6.94592	0	0	0	0	0	0	0	7.51895	0.49467	0	10.6344	11.67151	0	8.59202	6.32815	0	6.25277	0.86235	12.01424	5.97971	7.36855	8.57458	8.50531	0	6.64247	0.49467	0	0	0	7.63289	5.99043	0	0	0	0	3.85767	0	0	0	12.34414	0	0	0	0	0	0	0	0	0	0	0	0	0	0	0	0	0	0	0	0	0	0	0	0	0	0	0.49467	0	0	0	0	0	0	
0	0	0	0	0	0	0	0	0	0	0	12.32055	0	0	13.00575	0	0	0	0	0	0	0	0	0	0	0	0	0	0	0	0	11.04456	0	0	7.73654	0	12.29459	0	0	9.38817	0.86235	0	10.09282	9.02205	9.77419	8.37268	10.40167	8.80508	4.43404	8.8766	6.99876	9.76003	11.83233	8.24491	0	5.51035	9.55448	0	0	7.22762	8.13317	5.02651	0	11.66026	0	0	0	0	0	0	0	0	0	0.49467	0	7.13121	0	0	0	0	0	0	0	6.20558	0	0	0	0	0	0	0	0	0	0	0	0	0	0	0	0	
0	0	0	0	0	0	0	0	0	0	0	0	13.15016	0	0	0	0	0	0	0	0	0	0	0	0	0	0	0	0	9.42136	0	0	7.1383	0	4.72016	0	10.50598	0	12.58529	10.81196	10.33522	10.52893	9.04712	6.48107	8.35727	3.74352	10.23988	10.91358	6.87228	9.37123	7.26937	12.14002	10.61195	5.66918	7.35735	6.66923	11.10041	0	0	10.57646	5.61037	0	0	0	0	0	0	0	0	0	0	0	0	9.23612	0	0	0	0	0	0	9.5307	0	0	0	0	0	0	0	0	0	0	0	0	0	0	0	0	0	0	0	
0	0	0	0	0	0	0	13.22077	0	0	0	11.2146	0	0	0	0	0	0	0	0	0	0	0	0	0	0	0	8.95029	0	0	3.77388	0	12.35486	0	0	0	4.94752	11.13602	7.53445	10.36712	10.29324	5.2459	0	10.55399	9.66969	8.96552	9.02861	7.59116	10.49161	9.30011	4.87618	9.65438	10.00217	9.68705	8.10737	7.08664	12.34944	7.21009	3.88603	9.30584	5.99644	12.30897	2.22682	0	9.40839	0	0	0	0	0	0	0	0	9.31513	0	0	0	0	0	0	0	0	0	0	0	0	0	0	0	0	0	0	0	0	0	0	0	0	0	0	
7.36281	0	0	0	0	0	0	0	7.3522	0	0	0	10.97357	0	0	0	0	0	0	0	0	0	0	0	14.13096	0	0	7.40868	0	0	0	0	6.95069	0	11.37808	8.66355	0	5.99968	10.6548	7.31001	9.1463	8.79746	6.78514	10.26423	11.56768	10.05996	7.69553	10.20014	6.16792	2.80233	9.15169	7.4912	5.93234	7.144	11.6868	9.21301	10.44549	7.17467	0	9.64822	0	2.56267	0	6.91661	0	8.85666	0	0	0	0	0	0	0	0	0	0	0	0	0	0	0	0	4.90775	0	0	3.22649	0	0	0	0	0	0	0	0	0	0	0	0	0	0	
0	0	0	11.2304	0	0	0	0	0	0	0	0	0	0	0	0	0	0	8.11838	0	0	11.23335	0	7.53813	11.09373	7.47982	0	0	10.98816	9.23024	12.04416	0	7.4225	0	0	0.49467	0	10.47613	10.39125	9.31831	8.53113	7.60122	8.98744	9.04505	8.78005	10.16249	7.81973	8.17152	9.63429	8.22586	9.8959	9.13652	10.37038	7.50735	7.47495	8.85629	0	3.86827	4.85065	9.22898	3.63829	1.1551	9.2371	0	0	0	0	0	0	5.07552	0	0	6.69569	0	1.1551	9.59696	12.37965	5.3018	0	0	0	0	0	0	0	0	0	0	0	0	0	0	0	0	0	0	0	0	0	0	
9.12003	0	0	0	11.61639	7.98766	0	0	0	0	0	0	0	0	0	0	0	9.73631	0	0	0	0	0	0	9.81833	0	8.28447	8.43189	0	11.86347	9.5893	0	0	0	10.99425	8.84773	5.86608	10.90253	10.64254	8.59354	7.42611	9.50422	9.07158	9.30492	8.77945	9.02648	9.71736	8.37753	7.47696	10.70344	5.05426	10.04884	10.06466	7.78559	9.93805	10.22757	8.95672	3.58147	7.25259	8.3895	11.71674	0	6.37379	9.17822	10.70538	10.59451	9.41412	0	0	0	0	0	0	0	6.83659	0	0	0	0	0	0	0	0	0	0	0	0	0	0	0	0	0	0	0	0	0	0	0	0	0	
0	0	0	0	0	0	0	0	5.41677	0	9.63753	0	0	0	0	0	9.67266	13.3396	9.15253	5.82333	11.93137	7.86909	0	0	0	13.49987	0	11.61036	5.21616	10.51971	0	9.56694	14.76472	8.35348	8.73973	10.81255	7.57758	6.73954	10.00634	8.34418	8.87722	7.73095	6.11174	8.26897	9.62241	7.4998	8.68928	8.61394	8.58178	8.6397	6.95599	10.76073	7.4105	9.18716	5.20784	6.23247	5.74458	8.61472	0	11.01721	7.97403	7.12144	5.02794	0	8.18661	10.95763	6.05397	0	0	0	0	6.67852	0	0	9.12426	0	0	0	8.80219	0	0	0	0	0	0	7.24328	0	0	0	0	0	0	0	0	0	0	0	0	0	0	
0	9.67338	0	0	4.62772	9.03597	0	0	0	0	0	0	0	0	6.55844	10.25438	0	10.30749	11.03898	0	8.40617	0	11.24685	0	0	0	0	0	10.18779	9.23612	8.35657	0	9.30304	6.53024	9.30956	7.63651	9.7736	9.73661	8.73171	8.62079	8.77886	8.3462	7.88756	9.44565	8.42594	7.54065	8.5515	9.1558	8.40257	7.73845	7.05635	8.25473	7.97137	9.04842	8.45742	8.69076	7.05644	8.0331	7.84005	7.25071	0	8.95981	0	13.01597	10.39614	1.1551	6.77853	0.86235	0	0	0	0	0	0	0	5.53602	0	0	0	0	9.41345	0	0	0	0	0	0	0	0	0	0	0	0	0	0	0	0	0	0	0	
0	11.83678	9.1463	0	9.68557	0	0	0	0	0	8.74558	0	0	0	9.29273	4.39512	0	7.65983	0	0	7.68299	6.81054	7.82228	9.58081	10.10594	7.97096	0	5.04508	7.76394	8.88243	11.71024	10.73026	10.71401	10.25494	9.44789	5.65323	8.13959	9.27607	7.40982	7.58871	5.88401	8.17601	8.12858	8.23456	7.43702	7.67945	9.2113	8.00315	9.4192	8.64973	7.13389	8.93481	8.1241	7.91035	6.83564	7.5614	8.98305	5.5252	7.84484	8.44224	0	7.13514	8.37415	10.94144	1.96843	0.86235	0	0	0	1.94972	0	7.7987	0	1.78827	9.55992	0	8.09267	0	0.86235	0	0	0	0	5.01505	0	2.09206	0	0	0	0	0	0	0	0	0	0	0	0	0	0	
0	0	0	0	0	0	0	0	10.09735	0	11.73313	10.62621	0	0	0	0	0	0	10.15593	0	9.34991	0	0	0	0	10.06796	10.69796	0	5.04009	7.34114	8.08197	7.52537	8.49225	10.49332	9.60249	8.60781	9.9654	10.24719	8.33476	8.25009	5.00323	8.76619	8.69765	8.96749	7.47969	8.48396	7.03706	7.74335	8.26931	8.22479	8.31728	6.30594	7.24129	7.53133	7.65388	9.2655	7.79959	9.65161	12.32435	8.30276	9.60863	5.07694	7.50927	5.92764	0	7.64734	0	9.96858	0	0	0	0	0	0	0	0	0	0	0	0	0	10.32646	0	0	0	0	0	8.50436	12.3431	5.27157	0	0	0	0	0	0	0	0	0	0	
0	0	0	0	0	0	0	0	10.54204	8.87178	0	5.19309	0	12.68354	0	0	0	0.86235	10.46982	5.22568	0	0	1.39835	8.76374	10.1419	10.47107	2.9915	9.43152	4.60023	10.00693	0	6.61271	6.24564	4.91883	5.57544	8.75783	7.91616	5.50769	10.36388	5.24638	7.15101	8.95888	8.32149	8.64911	6.85221	8.00598	8.26744	7.40872	7.35013	9.12243	8.06198	7.89375	7.53525	5.43673	8.38452	7.92778	5.56283	9.32813	9.04382	6.03374	6.46523	10.2793	10.11558	5.66953	1.49575	10.20053	10.89766	0	0	0	0	0	0	6.1063	10.0619	0	0	0	13.12356	0	0	0	0	0	0	0	0	0	2.83491	0	3.89781	0	0	0	0	0	0	0	0	0	
0	0	11.03278	5.836	0	8.44563	0	3.77388	8.49716	0	0	0	0	0	0	0	0	7.72883	0	0	0	0	0	11.05653	0	10.39642	0	10.83955	11.55378	7.54319	0	9.07189	0	11.37627	4.94079	8.07385	8.2766	6.4364	1.57339	9.56363	7.20795	9.48838	6.21102	8.41754	6.85525	7.27763	5.45848	8.75186	7.22319	7.98034	7.98038	7.5437	8.21483	8.44438	8.16199	6.02831	7.84254	7.99429	9.13289	7.83644	9.62186	7.52731	7.21174	9.42479	6.07038	0	0	4.53887	4.74238	3.31454	5.22528	0	9.77386	0	0.28407	0	5.11724	0	0	0	0	0	4.0052	0	0	0	0	0	0	0	0	0	0	0	0	0	0	0	0	0	
0	0	0	0	0	0	0	0	0.49467	0	10.10165	8.42002	8.88601	0	13.03241	0	0	9.05273	0	5.80234	0	0	0	0	0	0	8.52466	7.4362	4.08218	0	7.41215	8.47099	6.29006	6.52103	3.87532	8.64969	8.67365	7.69389	7.28183	9.32085	8.66066	6.31858	6.02673	7.57468	8.02764	8.09807	5.32153	6.3337	7.43008	6.57425	6.94937	9.03032	8.70811	7.43652	6.1885	6.08629	6.94383	7.20517	9.04361	6.72015	8.87444	5.61523	6.88463	5.70702	0.86235	5.8319	10.52011	5.41603	0	0	8.20091	0	6.68245	3.70608	0	13.58113	0	0	0	0	0	0	0	0	0	0	0	0	6.38421	0	0	0	0	0	0	0	0	0	0	0	
0	0	0	0	0	0	0	0	0	10.23493	0	0	4.74238	0	0	0	0	0	0	0	0	0	0	9.79591	0	0	7.06404	0	0	4.47197	7.96731	0	0	5.97415	9.15771	7.28927	6.04507	0	0	8.45238	3.58081	11.78639	5.70403	5.00555	9.78039	9.47964	8.22275	9.08256	9.53057	7.19896	7.36923	9.7019	6.76996	6.81613	8.06986	7.19949	8.76126	6.62537	4.73518	6.59539	6.36421	5.85934	4.4763	4.91099	7.8348	4.89348	8.70232	11.39435	6.35089	0	0	7.83544	0	4.88898	0	8.99954	10.12244	0	0	0	0	0	0	0	10.52252	0	0	0.49467	0	0	0	10.826	0	0	0	0	9.53468	0	0	0	
0	0	0	0	0	0	0	0	0	0	0	10.57839	0	0	0	0	0	6.68571	11.78555	0	0	0	0	1.94972	0	0	0	4.94752	0	0	0	0	7.9125	6.71733	5.82546	0	5.05538	8.36129	0.80322	1.68974	5.19416	8.44624	7.92998	4.30608	0	8.42781	5.44462	4.29804	7.96356	6.58735	8.40938	11.66923	9.19306	4.23269	6.7534	7.52316	6.72101	6.41376	7.82321	8.82327	7.60117	5.59328	0	7.25188	9.4211	0	5.55732	9.59391	10.07673	7.61801	0	0	0	0	0	10.14346	0	9.15668	0	0	0	7.6821	0	0	0	0	0	0	0	0	0	0	0	0	0	0	0	0	0	0	
0	0	0	0	5.98082	0	0	0	0	0	9.68991	0	3.54026	0	0	11.19761	0	0	6.55844	0	7.37074	5.40289	0	0	0	7.77206	7.4396	0	0	5.02688	0	10.77987	12.07203	0	0	8.19488	9.30584	1.1551	10.44252	10.26949	5.18581	8.18274	5.59634	8.64451	4.09909	6.82109	12.41833	3.38343	6.59831	8.65075	8.1749	5.75408	7.86165	7.08633	5.59843	7.57612	6.73933	7.22607	4.5866	6.28758	5.73352	6.73973	5.18313	4.32852	8.28266	0	7.40793	11.81905	0	1.78827	7.88593	8.48074	7.02242	10.25053	8.81595	0	6.6962	0	0	0	8.14364	0	0	0	0	4.52894	0	0	0	0	0	0	0	0	0	0	0	0	0	0	
0	0	0	0	0	0	0	0	0	0	0	5.85426	3.46749	0	0	9.83134	0	0	0	4.80704	4.52894	0	1.39835	0	0	0	0	0	0	5.55272	3.4351	4.78183	0	0	0	10.04692	0	0	0	5.94326	3.74398	6.19386	3.65756	8.01145	7.12852	4.51175	6.6137	9.06341	6.10384	5.4595	0	0	7.99139	9.66986	0	6.26569	9.72551	8.88401	7.14909	7.46208	8.1624	6.67308	8.40473	7.79789	4.0374	6.2716	3.26138	9.16388	1.1551	10.07695	0	6.61308	8.38175	9.41618	7.86864	0	20.04176	0	8.52466	0	0	0	0	0	0	0	0	0	0	0	0	0	0	0	0	0	0	0	0	0	
0	0	0	10.85751	0	0	0	0	0	0	0	0	0	0	0	0	0	0	0	0	0	0	8.24436	0	0	0	8.17535	7.93869	10.6565	9.60759	0	0	4.21621	0	0	11.03735	0	0.86235	0	5.04679	4.79539	0	0.86235	0	3.02699	12.12742	6.69974	7.50927	7.86075	4.51061	6.98287	4.70038	7.53616	8.89752	6.54241	7.42303	7.31805	5.8126	6.47446	6.02434	9.29003	7.79333	7.25915	9.2438	7.21629	8.61157	6.00515	5.59824	14.40223	8.12442	3.75887	9.3223	5.01646	4.19407	5.01388	0	12.19693	0	7.69149	9.16286	4.18411	8.54534	11.69056	0	0	0	0	0	0	0	0	0	0	0	0	0	0	0	0	11.91862	
0	0	4.42066	0	0	0	0	0	0	0	0	0	0	0	0	0	0	0	0	0	7.12144	0	0	0	0	9.1904	0	9.36524	0	10.11075	0	10.77708	7.5125	0	9.32528	0	0	6.72807	6.28865	0	9.55365	0	0	7.649	11.86663	8.99029	0.43118	4.82162	3.37948	9.42747	7.29477	10.10433	6.72638	6.00068	5.80386	9.87675	0	6.2763	7.37354	5.83206	2.69424	5.77435	6.57749	1.53228	4.88408	6.91663	4.84588	0	8.18998	3.37611	6.03166	7.06233	5.68761	8.64399	0	0	5.40693	0	1.9159	8.60414	0	6.03797	0	0	0	0	0	0	9.31403	0	0	0	0	0	0	0	2.56267	0	0	0	
0	0	0	0	4.80704	0	0	0	0	0	0	0	8.67515	0	0	0	0	0	0	0	10.18003	6.22937	0	0	0	0	0	5.80709	0	0	0	0	10.13771	0	0	0	7.9544	0	6.39978	8.6386	0	0	3.69777	0	11.19736	0	5.66959	8.39394	1.60644	4.98671	8.96454	3.3525	9.47042	4.1122	8.24877	2.62035	0	6.03952	5.35377	1.87848	7.86224	5.47897	8.51976	7.15109	5.27658	7.83747	7.40894	4.13572	7.25735	6.37235	6.75521	0	0	9.05987	0	7.90907	6.04166	6.55631	0	0	0	0	0	0	7.12567	2.56267	0	0	0	0	0	0	0	0	0	0	8.92624	0	0	0	
0	0	0	0	0	0	0	0	0.86235	0	0	0	0.86235	0	0	0	7.4732	3.37948	0.86235	0	0	0	0	0	3.15999	0	0	0	0	0	0	0	0	0	5.58601	7.86864	0	9.509	0	0	0	0	10.05914	10.35827	0	10.68594	10.49376	9.18331	0	4.71704	0	10.51931	10.05914	8.18683	0	7.91582	0	9.1116	0	6.2931	7.48049	5.45762	6.07767	6.2834	5.01567	7.08771	7.60094	5.33407	8.37274	6.89344	8.95063	5.14096	8.44574	9.04382	8.25028	5.46404	9.22343	7.76936	0	0	8.39394	0	10.31281	0	3.23734	0.86235	8.74007	5.94326	8.60868	0	2.64515	0	0	10.17361	0	0	0	0	0	0	
0	0	0	0	0	0	0	0	0	0	0	0	0	0	0	0	0	0	0	0	5.99517	0	0	0	0	0	0	0	0	7.74481	0	0	0	0	7.9544	0	0	0	0	0	9.76507	0	9.72589	8.91161	4.45894	0	0	0.49467	4.08329	5.30383	9.702	0	0	1.90819	6.37951	6.35212	0	0	6.63682	8.19712	10.20374	5.83848	2.3518	5.28084	6.80338	8.86224	4.59299	5.31127	6.75828	5.87859	10.94864	6.88193	3.52495	5.30252	6.27747	0	3.36876	0	6.23175	0	0	0	1.1551	0	0	0	8.95714	0	0	0	0	0	0	0	0	0	0	0	0	0	
0	0	0	0	4.21621	0	0	0	0	0	0	4.21621	0	7.58805	0	0	0	0	0	0	0	0	0	0	0	0	0	0	0	0	0	0	0	0	0	0	0	0	0	7.9591	0	0	6.84687	0	5.24635	0	0.89414	0	0	0	1.39835	0	0	0	9.14317	0	0	0.49467	0	11.18297	7.94732	1.25737	6.52016	7.91142	8.99184	0	3.44615	4.78963	8.56434	6.37085	9.67222	10.05675	8.30806	6.2178	0	0	4.7366	5.54868	7.58363	8.36202	5.24069	8.49716	5.83372	0	2.83491	0	5.80234	12.80798	0	5.07877	0	0	0	0	1.39835	0	0	0	0	0	
0	0	0	0	0	0	0	0	0	0	0	0	0	0	0	0	0	8.64603	0	0	0	10.23737	8.86681	0	0	0	8.64746	0	0	0	0	0	0	4.44469	8.54074	0	0	0	0	0	0	0	0	0	0	0	0	0	0.49467	0	1.1551	0	0	0	0	7.85079	11.07481	9.95355	7.72543	2.91533	0	6.23847	7.14023	0	8.03249	7.46498	4.61757	7.40109	5.17859	5.08351	7.02151	5.83552	6.09822	5.35618	7.49518	6.97209	7.01482	0	10.12138	9.19836	0	0	6.69629	0	9.12215	9.6526	9.88037	4.92827	0	10.34117	0	0	0	0	0	0	8.26724	0	0	0	
0	0	0	0	0	0	0	0	6.77078	0	0	0	0	0	0	0	0	0	0	0	0	0	0	0	0	0	0	0.49467	0	7.19979	0	0	0	0	0	0	0	0	0	9.72084	0	0	0	0	0	5.68108	0	1.94972	4.57917	0	0	10.6161	0	0	0	0	0	0	8.3075	0	7.49511	0	10.25413	8.06089	8.89479	3.96691	6.98344	0	0	6.75386	9.06719	2.56267	9.30007	5.97644	7.03522	9.31687	1.41746	0	0	9.20176	4.08969	7.6958	10.14398	9.12506	6.82486	0	1.1551	0	0	0	8.25984	0	9.19258	0	0	0	0	0	0	0	
0	0	0	0	0	0	0	0	0	0	0	0	0	9.68776	0	0	0	0	0	2.65924	0	0	0	0	0	4.059	0	0	0	0	0	0	0	0	7.66275	0	0	6.68407	0	0	9.69062	0	4.50315	8.98681	0	0	0	0	0	0	5.3018	7.30428	0	0	1.39835	0	0	0	0	6.59982	5.34515	0	5.22279	9.23122	6.74604	4.46978	10.11928	5.1101	0	4.8456	7.35003	0	6.37369	6.35728	9.59849	7.03066	4.35279	6.09729	7.56812	4.85712	0	7.48495	4.78581	3.54413	4.35577	0	0	6.80527	6.23868	0	3.97489	0	0	6.97435	0	0	0	0	5.59992	0	
0	0	0	0	0	0	0	11.47989	0	0	0	0	0	0	0	0	0	0	0	0	0	0	2.56267	0	0	0	0	0	10.02613	0	0	0	0	0	10.79303	0	0	0	0	0	0	0.57755	0	0	0	0	5.42987	0	0	0	0	0	8.82968	0	0	0	3.49284	6.05397	0	5.21519	8.3468	0	0	6.21498	0	4.50315	0	8.8272	6.75986	9.40926	9.4675	5.24455	8.20491	5.71038	9.34357	6.15463	6.85102	0	6.55112	5.77495	5.85098	8.03286	6.01608	0	6.88724	0	5.17687	2.37261	0	0	11.04903	8.13458	0	0	0	0	9.04494	0	0	0	
0	0	0	0	0	0	0	0	0	0	0	0	0	0	0	0	0	0	0	0	0	0	0	0	0	0	0	0	0	0	0	0	0	0	0	0	0	5.52993	0	0	0	0	0	0	0	0	0	0	0	6.38573	0	4.09592	0	2.62279	0	0	7.06967	6.37058	0	0	4.11769	0	8.7782	11.63729	7.07406	6.24292	0	0	8.37506	8.12509	0	10.43828	5.98931	10.2559	7.50107	5.38579	0	3.86979	5.87183	6.23809	3.46372	10.31539	6.83659	0	0	0	5.84695	0	0	0	0	0	5.92073	8.6538	7.39472	0	0	0	0	0	
0	0	0	0	0	0	0	8.37807	0	0	0	0	0	0	0	0	0	0	0	0	0	0	0	0	0	0	0	0	0	0	0	0	0	0	0	0	0	4.55831	0	7.25105	0	0	0	0	0	0	0	0	0	0	4.0753	0	0	12.52449	6.36641	0	0	7.4127	8.97278	11.96423	0	4.01193	0	7.28156	9.73202	8.20691	0	0	6.6926	5.79044	9.40106	4.12234	3.98094	7.82705	5.99968	8.28312	7.08279	0	8.36249	6.82601	8.71419	7.5413	2.89531	4.40833	3.04169	0	0	1.79124	0	0	9.88225	0	0	0	0	1.4743	0	0	0	0	
0	0	0	0	0	0	0	0	0	0	0	0	0	0	0	0	0	0	0	0	0	0	0	0	0	11.12787	0	0	0	0	0	0	0	0	0	0	0	8.37451	0	0	0	0	0	0	11.16869	0	0	0	9.08786	0	0	0	0	0	0	2.34767	0	0	0	0	0	0	8.279	0	0	6.78871	6.29359	9.17196	0	7.03285	2.60457	0	8.30735	0	9.79461	6.18392	4.21621	7.96508	5.74606	6.96059	3.02685	0	6.11082	0	10.98932	6.55896	0	0	0	0	9.74939	0	0	0	0	0	0	5.58601	0	0	
0	0	0	0	0	0	0	0	0	0	0	0	6.08037	0	0	0	0	0	0	0	0	0	0	0	0	0	0	0	0	0	0	0	0	0	0	0	0	0	0	0	0	0	0	0	0	0	0	10.15748	0	0	3.73009	0	9.1515	0	0	0	0	0	0	5.09085	0	0	0	6.32856	9.4968	7.74756	8.97095	0	9.26518	0	0	8.79689	0	0	0	3.45697	5.85074	8.35092	6.97933	5.3168	0	5.26568	6.1366	4.33245	4.52348	5.0481	5.83713	0	10.06466	0	0	0	0	6.88232	0	0	0	0	0	0	
0	0	0	0	0	0	0	0	0	0	0	0	0	0	0	0	0	0	0	0	0	0	0	0	0	0	0	0	0	0	0	0	8.26944	0	0	0	0	0	0	0	2.22682	0	0	0	0	0	0	0	0	0	0	0	0	0	0	0	7.82987	0	0	0	8.30919	0	0	3.38208	0	8.61472	0	0	7.03383	0	0	0	10.97591	0	0	4.01193	0	0	5.11186	7.65841	5.08946	5.83372	9.34357	0	4.45015	0	0	0	0	0	6.30816	6.27947	4.56774	0	0	0	0	0	0	0	
0	0	0	0	0	0	0	2.50266	0	0	0	0	0	0	0	0	0	0	0	0	0	0	0	0	0	0	0	1.1551	0	0	0	0	0	0	0	0	0	0	0	0	0	0	0	0	0	0	0	0	0	0	0	0	0	0	0	0	0	0	0	0	0	0	0	0	0	0	0	0	0	0	3.51656	4.17691	6.03856	0.86235	0	7.8787	9.80915	0	9.91627	6.34276	0	5.97168	0	6.49444	2.09491	8.69044	0	8.68665	0	0	0	0.86235	0	0	0	9.05496	0	0	0	0	
0	0	0	0	0	0	0	0	0	0	0	0	0	0	0	0	0	0	0	0	8.43032	0	0	0	0	0	0	0	0	0	0.49467	0	0	0	0	0	0	0	0	0	0	0	0	0	0	0	0	0	0	0	0	0	0	0	0	0	0	0	0	10.29534	0	0	0	0	6.66695	8.76062	7.61839	8.27204	0	0	0	0	0	0	0	2.56267	5.4484	0	0	0	3.48247	0	0	0	5.41869	3.4351	7.46521	3.77352	7.15909	0	8.07089	7.32651	6.84174	4.74238	0	8.9669	0	0	0	0	
0	0	0	0	0	0	0	0	0	0	0	0	0	0	0	0	0	0	0	0	0	0	0	0	0	0	0	0	0	0	0	0	0	0	0	0	0	0	0	0	0	0	0	0	0	0	0	0	2.91533	0	0	0	0	0	0	0	0	0	0	0	0	0	0	0	0	0	0	0	0	6.12333	10.09896	9.0427	7.15856	0	8.90424	6.35723	0	9.66832	0	0	0	7.66275	8.00351	0	4.36659	0	2.91533	0	0	1.04746	0	2.07917	3.79811	0	6.88232	0	0	0	0	0	
0	0	0	0	0	0	0	0	0	0	0	0	0	0	0	4.14796	0	0	0	0	0	0	0	0	0	0	0	0	0	0	0	0	0	0	9.20746	0	0	0	0	0	0	0	0	0	0	0	0	0	0	0	0	0	0	0	0	0	0	0	0	0	0	0	0	0	0	0	0	7.27791	0	0	0	0	0	6.59553	0	0	0	0.24734	0	0	0	3.59011	0	0	6.6106	0	4.54732	3.4402	9.07916	10.61035	9.57624	0	9.47706	0	0	0	0	0	0	0	
0	0	0	0	0	0	0	0	0	0	0	0	0	0	0	0	0	0	0	0	0	0	0	0	0	0	0	0	0	0	0	0	0	0	0	0	0	0	0	0	0	0	0	0	0	0	0	0	9.11897	0.49467	0	0	0	0	0	0	0	0	0	11.98199	0	0	0	0	0	7.30576	0	0	0	0	0	8.95149	0	0	0	0	0	11.63488	0	6.58958	10.08382	0	0	8.02632	0	0	0	0	0	0	0	0	0	0	0	0	0	0	0	0	
0	0	0	0	0	0	0	0	0	0	0	0	0	0	0	0	0	0	0	0	0	0	0	0	0	0	0	0	0	0	0	0	0	0	0	0	0	0	0	0	0	0	0	0	0	0	0	0	0	0	0	0	0	0	0	3.11554	0	0	12.39496	0	0	0	0	0	9.00874	0	0	0	0	0	0	1.60644	0	2.65924	0	0	8.41311	0	0	0	5.60084	5.27303	4.07275	7.94646	0	0	0	7.88371	8.58798	0	1.1551	8.8844	10.3916	0	0	0	0	0	0	0	
0	0	0	0	0	0	0	0	0	0	0	0	0	0	0	0	0	0	0	0	0	0	0	0	0	0	0	0	0	0	0	0	0	0	0	0	0	0	0	0	0	0	0	0	0	0	0	0	0	0	0	0	0	0	0	0	0	0	0	0	0	0	0	0	0	0	0	0	0	0	0	0	0	0	0	0	0	0	0	0	0	0	0	0	0	0	3.93686	0	0	0	0	9.22926	0	0	0	0	0	0	0	0	
0	0	0	0	0	0	0	0	0	0	0	0	0	0	0	0	0	0	0	0	0	0	0	0	0	0	0	0	0	0	0	0	0	0	0	0	0	0	0	0	0	0	0	0	0	0	0	0	0	0	0	0	0	0	0	0	0	0	0	0	0	0	0	0	0	0	0	0	0	0	8.80866	0.49467	0	0	0	0	0.86235	0	0	10.55266	0	0	0	10.42503	0	0	0	1.78827	0	0	8.07006	8.77551	0	0	0	0	0	0	0	0	
0	0	0	0	0	0	0	0	0	0	0	0	0	0	0	0	0	0	0	0	0	0	0	0	0	0	0	0	0	0	0	0	0	0	0	0	0	0	0	0	0	0	0	0	0	0	0	0	0	0	0	0	0	0	0	0	0	0	0	1.60644	0	0	0	0	0	0	0	0	0	0	3.4351	0	0	0	0	0	0	0	0	0	0	0	0	0	0	0	5.45762	0	0	0	0	0	0	0	0	0	0	0	0	0	
0	0	0	0	0	0	0	0	0	0	0	0	0	0	0	0	0	0	0	0	0	0	0	0	0	0	0	0	0	0	0	0	0	0	0	0	0	0	0	0	0	0	0	0	0	0	0	0	0	0	0	0	0	0	0	0	0	0	0	0	0	0	0	0	0	0	0	0	0	9.22137	0	0	0	0	0	0	0	0	5.74848	0	0	0	0	0	0	0	0	0	6.67852	6.08907	0	0	0	0	0	0	0	0	0	0	
0	0	0	0	0	0	0	0	0	0	0	0	0	0	0	0	0	0	0	0	0	0	0	0	0	0	0	0	0	0	0	0	0	0	0	0	0	0	0	0	0	0	0	0	0	0	0	0	0	0	0	0	0	0	0	0	0	0	0	0	0	0	0	0	0	0	0	0	0	0	0	0	0	0	0	0	0	0	0	0	0	0	0	0	0	0	3.19849	0	0	0	0	0	0	0	0	0	0	0	0	0	
0	0	0	0	0	0	0	0	0	0	0	0	0	0	0	0	0	0	0	0	0	0	0	0	0	0	0	0	0	0	0	0	0	0	0	0	0	0	0	0	0	0	0	0	0	0	0	0	0	0	0	0	0	0	0	0	0	0	8.36202	0	0	0	0	0	0	0	0	0	0	0	0	0	0	0	0	7.03859	0	0	0	0	0	0	0	0	0	0	0	0	0	0	0	0	0	0	0	0	0	0	0	0	
0	0	0	0	0	0	0	0	0	0	0	0	0	0	0	0	0	0	0	0	0	0	0	0	0	0	0	0	0	0	0	0	8.42174	0	0	0	0	0	0	0	0	0	0	0	0	0	0	0	0	0	0	0	0	0	0	0	0	0	0	0	0	0	1.1551	0	0	0	0	0	0	0	0	0	0	0	0	0	0	0	0	0	0	0	0	0	0	0	0	0	0	0	0	0	0	0	0	0	0	0	0	0	
0	0	0	0	0	0	0	0	0	0	0	0	0	0	0	0	0	0	0	0	0	0	0	0	0	0	0	0	0	0	0	0	0	0	0	0	0	0	0	0	0	0	0	0	0	0	0	0	0	0	0	0	0	0	0	0	0	0	0	0	0	0	0	0	0	0	0	0	0	0	0	0	0	0	0	0	0	0	0	0	0	0	0	0	0	0	0	0	0	0	0	0	0	0	0	0	0	0	0	0	
0	0	0	0	0	0	0	0	0	0	0	0	0	0	0	0	0	0	0	0	0	0	0	0	0	0	0	0	0	0	0	0	0	0	0	0	0	0	0	0	0	0	0	0	0	0	0	0	0	0	0	0	0	0	0	0	0	0	0	0	0	0	0	0	0	0	0	0	0	0	0	0	0	0	0	0	0	0	0	0	0	0	0	0	0	0	0	0	0	0	0	0	0	0	0	0	0	0	0	0	
0	0	0	0	0	0	0	0	0	0	0	0	0	0	0	0	0	0	0	0	0	0	0	0	0	0	0	0	0	0	0	0	0	0	0	0	0	0	0	0	0	0	0	0	0	0	0	0	0	0	0	0	0	0	0	0	0	0	0	0	0	0	0	0	0	0	0	0	0	0	0	0	0	0	0	0	0	0	0	0	0	0	0	0	0	0	0	0	0	0	0	0	0	0	0	0	0	0	0	0	
0	0	0	0	0	0	0	0	0	0	0	0	0	0	0	0	0	0	0	0	0	0	0	0	0	0	0	0	0	0	0	0	0	0	0	0	0	0	0	0	0	0	0	0	0	0	0	0	0	0	0	0	0	0	0	0	0	0	0	0	0	0	0	0	0	0	0	0	0	0	0	0	0	0	0	0	0	0	0	0	0	0	0	0	0	0	0	0	0	0	0	0	0	0	0	0	0	0	0	0	
0	0	0	0	0	0	0	0	0	0	0	0	0	0	0	0	0	0	0	0	0	0	0	0	0	0	0	0	0	0	0	0	0	0	0	0	0	0	0	0	0	0	0	0	0	0	0	0	0	0	0	0	0	0	0	0	0	0	0	0	0	0	0	0	0	0	0	0	0	0	0	0	0	0	0	0	0	0	0	0	0	0.86235	0	0	0	0	0	0	0	0	0	0	0	0	0	0	0	0	0	0	
0	0	0	0	0	0	0	0	0	0	0	0	0	0	0	0	0	0	0	0	0	0	0	0	0	0	0	0	0	0	0	0	0	0	0	0	0	0	0	0	0	0	0	0	0	0	0	11.5622	0	0	0	0	0	0	0	0	0	0	0	0	0	0	0	0	0	0	0	0	0	0	0	0	0	0	9.59989	0	0	0	0	0	0	0	0	0	0	0	0	0	0	0	0	0	0	0	0	0	0	0	0	0	
