0	0	0	0	0	0	0	0	0	0	0	0	0	0	0	0	0	0	0	0	0	0	0	0	0	0	0	0	0	0	0	0	0	0	0	0	0	0	0	0	0	0	0	0	0	0	0	0	0	0	0	9.09337	0	0	0	0	0	0	0	0	0	0	0	0	0	0	0	0	0	0	0	0	0	0	0	0	0	0	0	0	0	0	0	0	0	0	0	0	0	0	0	0	0	0	0	0	0	0	0	0	
0	0	0	0	0	0	0	0	0	0	0	0	0	0	0	0	0	0	0	0	0	0	0	0	0	0	0	0	0	0	0	0	0	0	0	0	0	0	0	0	0	0	0	0	0	0	0	13.06709	0	0	0	0	0	0	0	0	0	0	0	0	0	0	0	11.45669	0	0	0	0	0	0	0	0	0	0	0	0	0	0	0	0	0	0	0	0	0	0	0	0	0	0	0	0	0	0	0	0	0	0	0	0	
0	0	0	0	0	0	0	0	0	0	0	0	0	0	0	0	0	0	0	0	0	0	0	0	0	0	0	0	0	0	0	0	0	0	0	0	0	0	0	0	0	0	0	0	0	0	0	0	0	0	0	0	0	0	9.50904	0	0	0	0	0	0	0	0	0	0	0	0	0	0	0	0	0	0	0	0	0	0	0	0	0	0	0	0	0	0	0	0	0	0	0	0	0	0	0	0	0	0	0	0	0	
0	0	0	0	0	0	0	0	0	0	0	0	0	0	0	0	0	0	0	0	0	0	0	0	0	0	0	0	0	0	0	0	0	0	0	0	0	0	0	0	0	0	0	0	0	0	11.80952	10.50263	0	0	0	0	0	0	0	0	0	0	0	0	0	0	0	0	0	0	0	0	0	0	0	0	0	0	0	0	0	0	0	0	0	0	0	0	0	0	0	0	0	0	0	0	0	0	0	0	0	0	0	0	
0	0	0	0	0	0	0	0	0	0	0	0	0	0	0	0	0	0	0	0	0	0	0	0	0	0	0	0	0	0	0	0	0	0	0	0	0	9.39718	0	0	0	0	0	11.00483	0	0	0	0	0	0	0	0	0	0	0	0	0	0	0	0	0	0	0	0	0	0	0	0	0	0	0	0	0	0	0	0	0	0	0	0	0	0	0	0	0	0	0	0	0	0	0	0	0	0	0	0	0	0	0	0	
0	0	0	0	0	0	0	0	0	0	0	0	0	0	0	0	0	0	0	0	0	0	0	0	0	0	0	0	0	0	0	0	0	0	0	0	0	0	0	0	0	0	0	0	0	0	0	0	0	0	0	0	0	0	0	0	0	0	0	0	0	0	0	0	0	0	0	0	0	0	0	0	8.97067	0	0	0	0	0	0	0	0	0	0	0	0	0	0	0	0	0	0	0	0	0	0	0	0	0	0	0	
0	0	0	0	0	0	0	0	0	0	0	0	0	0	0	0	0	0	0	0	0	0	0	0	0	0	0	0	0	0	0	0	0	0	0	0	0	0	0	0	0	0	0	0	0	0	0	0	0	0	0	0	0	0	0	0	0	0	0	0	0	0	0	0	0	0	0	0	0	0	0	0	0	0	11.50999	0	0	0	0	0	0	0	0	0	0	0	0	0	0	0	0	0	0	0	0	0	0	0	0	0	
0	0	0	0	0	0	0	0	0	0	0	0	0	0	0	0	0	0	0	0	0	0	0	0	0	0	0	0	0	0	0	0	0	0	0	0	0	0	0	0	0	0	0	0	0	0	0	0	0	0	0	8.31583	0	0	0	10.36707	0	0	9.63797	0	0	0	0	0	0	0	0	0	0	0	0	0	0	0	0	0	0	0	0	0	0	0	0	0	0	0	0	0	0	0	0	0	0	0	0	0	0	0	0	0	
0	0	0	0	0	0	0	0	0	0	0	0	0	0	0	0	0	0	0	0	0	0	0	0	0	0	0	0	9.44202	0	0	0	0	0	0	0	0	0	0	0	0	0	0	0	0	0	0	0	0	0	0	0	0	0	0	0	0	0	0	0	0	0	0	0	0	0	0	7.88271	0	0	0	0	0	0	0	0	0	0	0	0	0	0	0	0	0	0	0	0	0	0	0	0	0	0	0	0	0	0	0	0	
0	0	0	0	0	0	0	0	0	0	0	0	0	0	0	0	0	0	0	0	0	0	0	0	0	0	0	0	0	0	0	0	0	0	0	0	0	0	0	0	0	0	0	0	0	0	0	0	0	0	0	0	0	0	0	8.32466	0	0	0	0	0	0	0	0	0	0	0	0	0	0	0	0	0	0	0	0	0	0	0	0	0	0	0	0	0	0	0	0	0	0	0	0	0	0	0	0	0	0	0	0	
0	0	0	0	0	0	0	0	0	0	0	0	0	0	0	0	0	0	0	0	0	0	0	0	0	0	0	0	0	0	0	0	0	0	0	0	0	0	0	0	0	0	0	0	0	0	0	0	0	0	0	0	0	0	0	0	0	0	0	0	0	0	0	0	0	0	0	9.76394	0	0	0	0	0	0	0	0	0	0	0	0	0	0	0	0	0	0	0	0	0	0	0	0	0	0	0	0	0	0	0	0	
0	0	0	0	0	0	0	0	0	0	0	0	0	0	0	0	0	0	0	0	0	0	0	0	0	0	0	0	0	0	0	0	0	0	0	0	0	0	0	0	0	0	0	0	0	0	0	0	0	0	0	0	5.14503	0	0	0	3.423	0	0	0	0	0	0	0	0	0	0	0	0	0	0	5.73862	0	0	0	0	0	0	0	0	0	0	0	0	0	0	0	0	0	0	0	0	0	0	0	0	0	0	0	0	
0	0	0	0	0	0	0	0	0	0	0	0	0	0	0	0	0	0	0	0	0	0	0	0	0	0	0	0	0	0	0	0	0	0	0	0	0	0	0	0	0	0	0	0	0	0	0	0	10.63944	0	0	0	12.53885	0	0	0	0	0	0	0	0	0	0	0	0	0	0	9.70573	0	0	0	0	0	0	0	0	0	0	0	0	0	0	0	0	0	0	0	0	0	0	0	0	0	0	0	0	0	0	0	0	
0	0	0	0	0	0	0	0	0	0	0	0	0	0	0	0	0	0	0	0	0	0	0	0	0	0	0	0	0	0	14.99445	0	0	0	0	0	0	0	0	3.34612	0	0	0	0	0	0	0	9.36745	0	0	0	0	0	0	0	0	0	10.51872	6.88948	0	10.54024	0	0	8.53542	0	0	0	0	0	0	0	0	0	0	0	0	0	0	0	0	0	0	0	0	0	0	0	0	0	0	0	0	0	0	0	0	0	0	0	0	
0	0	0	0	0	0	0	0	0	0	0	0	0	0	0	0	0	0	0	0	0	0	0	0	0	0	0	0	0	0	0	0	0	0	0	0	0	0	0	0	0	0	0	0	0	0	0	0	0	0	0	0	0	0	7.40422	0	0	0	0	0	0	0	0	0	0	0	0	0	0	0	0	0	0	0	1.7191	0	0	0	0	0	0	0	0	0	0	0	0	0	0	0	0	0	0	0	0	0	0	0	0	0	
0	0	0	0	0	0	0	0	0	0	0	0	0	0	0	0	0	0	0	0	0	0	0	0	0	0	0	0	0	0	0	0	0	0	0	0	0	0	0	0	0	0	14.73335	0	0	0	0	0	0	0	0	0	9.60862	0	0	0	0	0	0	13.49455	0	0	0	0	0	0	0	0	0	0	0	6.65646	0	0	0	0	0	0	0	0	0	0	0	0	0	0	0	0	0	0	0	0	0	0	0	0	0	0	0	0	
0	0	0	0	0	0	0	0	0	0	0	0	0	0	0	0	0	0	0	0	0	0	0	0	0	0	0	0	0	0	0	0	0	0	0	0	0	0	0	0	0	0	0	7.04056	0	0	0	12.74259	0	0	0	8.56745	0	0	0	0	0	0	4.13301	0	0	0	0	0	0	0	0	0	0	0	0	0	0	0	0	0	0	0	0	0	0	0	0	0	0	0	0	0	0	0	0	0	0	0	0	0	0	0	0	0	
0	0	0	0	0	0	0	0	0	0	0	0	0	0	0	0	0	0	0	0	0	0	0	0	0	0	0	0	0	0	0	0	0	0	0	0	0	0	0	0	0	0	11.40065	0	0	0	0	0	0	0	0	0	0	0	0	7.63034	0	0	0	0	0	0	0	0	0	0	0.98725	0	4.63836	0	0	0	0	0	0	0	0	0	0	0	0	0	0	0	0	0	0	0	0	0	0	0	0	0	0	0	0	0	0	0	
0	0	0	0	0	0	0	0	0	0	0	0	0	0	0	0	0	0	0	0	0	0	0	0	0	0	0	0	0	0	0	0	0	0	0	0	0	0	0	0	11.74684	0	0	0	0	0	0	0	0	0	0	0	0	0	0	0	0	0	0	0	0	0	0	0	0	0	0	0	0	0	0	0	0	0	0	0	0	0	0	0	0	0	0	0	0	0	0	0	0	0	0	0	0	0	0	0	0	0	0	0	
0	0	0	0	0	0	0	0	0	0	0	0	0	0	0	0	0	0	0	0	0	0	0	0	0	0	0	0	0	0	0	0	0	0	0	0	0	0	0	0	0	0	0	0	0	0	0	6.58935	0	0	7.44226	0	0	0	0	0	0	0	0	0	0	0	0	0	0	0	0	0	0	0	0	0	0	0	0	0	8.88032	0	0	0	0	0	0	0	0	0	0	0	0	0	0	0	0	0	0	0	0	0	0	0	
0	0	0	0	0	0	0	0	0	0	0	0	0	0	0	0	0	0	0	0	0	0	0	0	0	0	0	0	0	0	0	0	0	0	0	0	0	0	0	0	0	0	0	0	0	0	0	5.62834	0	0	8.20168	10.75794	0	0	0	0	7.201	0	8.25214	0	9.86467	0	0	0	0	9.27744	0	0	0	0	0	0	0	0	0	0	0	0	0	0	0	0	0	0	0	0	0	0	0	0	0	0	0	0	0	0	0	0	0	0	
0	0	0	0	0	0	0	0	0	0	0	0	0	0	0	0	0	0	0	0	0	0	0	0	0	0	0	0	0	0	0	0	0	0	0	0	0	0	0	0	0	12.47904	0	0	0	0	0	0	0	0	0	0	0	0	0	0	0	0	0	0	0	0	0	0	0	0	0	0	0	0	0	0	0	0	0	0	0	0	0	0	0	0	0	0	0	0	0	0	0	0	0	0	0	0	0	0	0	0	0	0	
0	0	0	0	0	0	0	0	0	0	0	0	0	0	0	0	0	0	0	0	0	0	0	0	0	0	0	0	0	0	0	8.00054	0	0	0	0	0	0	0	0	0	0	0	0	0	0	0	8.28886	0	0	0	0	0	0	0	0	0	0	0	0	0	0	0	6.53944	0	0	0	0.72674	0	0	0	0	0	0	0	0	0	0	0	0	0	0	0	0	0	0	0	0	0	0	0	0	0	0	0	0	0	0	0	0	
0	0	0	0	0	0	0	0	0	0	0	0	0	0	0	0	0	0	0	0	0	0	0	0	0	0	0	0	0	0	0	10.59003	0	0	0	0	0	0	0	0	0	0	0	0	0	0	0	0	0	0	0	0	0	0	0	0	0	0	0	0	0	0	0	0	0	0	0	0	0	0	0	0	0	0	0	0	0	0	0	0	0	0	0	0	0	0	0	0	0	0	0	0	0	0	0	0	0	0	0	0	
0	0	0	0	0	0	0	0	0	0	0	0	0	0	0	0	0	0	0	0	0	0	0	0	0	0	0	0	0	0	0	0	0	0	0	0	0	0	0	0	0	0	0	9.73652	0	0	0	0	0	17.53195	0	0	0	0	9.20484	0	0	0	0	0	0	0	0	0	0	0	0	0	0	0	0	0	0	0	0	0	0	0	0	1.67306	0	0	0	0	0	0	0	0	0	0	0	0	0	0	0	0	0	0	0	0	
0	0	0	0	0	0	0	0	0	0	0	0	0	0	0	0	0	0	0	0	0	0	0	0	0	0	0	0	0	0	0	0	9.62427	0	0	0	0	0	0	0	0	0	0	0	0	0	0	4.00571	0	0	6.94805	0.44031	0	0	0	0	0	0	9.26751	0	0	0	0	0	0	0	0	0	0	0	0.98725	0	0	0	0	0	0	0	0	0	0	0	0	0	0	7.03169	0	0	0	0	0	0	0	0	0	0	0	0	0	0	
0	0	0	0	0	0	0	0	0	0	0	0	0	0	0	0	0	0	0	0	0	0	0	0	0	0	0	0	0	0	0	0	0	0	0	0	0	0	0	11.83986	0	0	0	0	14.22503	0	10.73206	0	0	0	0	0	0	0	0	0	0	0	0	0	0	0	0	0	0	0	0	0	0	0.98725	0	0	0	0	0	0	0	0	0	0	0	0	0	0	0	0	0	0	0	0	0	0	0	0	0	0	0	0	0	0	
0	0	0	0	0	0	0	0	0	0	0	0	0	0	0	0	0	0	0	0	0	0	0	0	0	0	0	0	0	0	0	0	0	0	0	8.81049	0	0	0	0	0	0	0	0	0	0	0	7.8158	0	0	0	0	0	5.01738	0	0	0	0	0	0	11.5559	0	0	0	0	0	0	0	0	0	0	0	0	0	0	0	0	0	0	0	0	0	0	0	0	0	0	0	0	0	0	0	0	0	0.40871	0	0	0	0	0	
0	0	0	0	0	0	0	0	0	0	0	0	0	0	0	0	0	0	0	0	0	0	0	0	0	0	0	0	0	0	0	0	0	0	0	0	0	0	0	0	0	15.70286	0	0	0	0	0	0	0	0	0	0	0.98725	0	0	0	0	0	0	0	0	0	0	0	0	0	0	1.85587	0	0	0	2.97761	0	0	0	0	0	0	0	0	0	0	0	0	0	0	0	0	0	0	0	0	0	0	0	0	0	0	0	0	
0	0	0	0	0	0	0	0	0	0	0	0	0	0	0	0	0	0	0	0	0	0	0	0	0	0	0	0	0	0	0	0	0	0	0	0	0	0	0	0	8.98379	0	0	0	9.92472	0	0	6.27946	0	0	2.91634	12.11212	0	0	0	10.28728	0	0	10.29445	0	4.99013	0	0	0	0	0	0	0	0	0	0	0	0	0	0	0	0	0	0	0	0	0	0	0	0	0	0	0	0	0	0	0	0	0	0	1.98083	0	0	0	0	
0	0	0	0	0	0	0	0	0	0	0	0	0	0	0	0	0	0	0	0	0	0	0	0	0	0	0	0	0	0	0	0	0	0	0	0	0	0	0	0	0	0	0	0	14.63231	0	0	0	0	0.98725	0	0	5.33256	0	0	0	0	7.63272	0	0	0	8.64096	0	0	0	0	0	0	0	0	0	0	0	0	0	0	0	0	0	0	0	0	0	0	0	0	0	0	0	0	0	0	0	0	0	0	0	0	0	0	
0	0	0	0	0	0	0	0	0	0	0	0	0	0	0	0	0	0	0	0	0	0	0	0	0	0	0	0	0	0	0	0	0	0	0	0	0	0	0	0	0	0	0	11.74739	0	0	11.86288	0	0	0	8.88032	0	0	0	0	0	0	0	0	5.85746	0	0	0	0	8.91107	0	0	2.91634	0	0	0	0	9.28882	0	0	0	3.29889	0	0	0	0	0	0	0	0	0	0	0	0	0	0	0	0	0	0	0	0	0	0	0	
0	0	0	0	0	0	0	0	0	0	0	0	0	0	0	0	0	0	0	0	0	0	0	0	0	0	0	0	0	0	0	0	0	0	0	0	0	0	0	0	0	0	0	0	0.9486	0.40871	0	11.90795	0	0	0	11.03669	0.72674	0	0	5.45609	0	0	0	0	0	0	0	0	0	0	0	7.64693	0	0	0	0	0	11.04228	0	0	0	0	0	0	0	0	0	0	0	0	0	0	0	0	0	0	0	0	0	0	0	0	0	0	
0	0	0	0	0	0	0	0	0	0	0	0	0	0	0	0	0	0	0	0	0	0	0	0	0	0	0	0	0	0	0	0	0	0	0	0	0	15.002	0	0	0	0	0	0	0	0	0	0	2.97761	0	0	8.88866	0	0	11.26095	0	10.67888	0	0	3.03638	0	0.72674	0	0	0	0	0	0	0	0	0	0	0	0	5.64646	3.39184	0	0	0	0	0	0	0	0	0	0	0	0	0	0	0	0	0	0	0	0	0	0	0	0	
0	0	0	0	0	0	0	0	0	0	0	0	0	0	0	0	0	0	0	0	0	0	0	0	0	0	0	0	0	0	0	0	0	0	0	0	0	0	0	0	0	0	17.29482	0	0	12.21815	0	12.49277	0	0	9.11823	0	11.05432	0	10.17938	0	0	0	0	0	0	0	0	8.52776	0	0	0	9.49143	0	0	11.21558	0	0	0	0	0	0	0	4.14574	0	0	0	0	0	0	0	0	0	0	0	0	0	0	0	0	0	0	0	0	0	
0	0	0	0	0	0	0	0	0	0	0	0	0	0	0	0	0	0	0	0	0	0	0	0	0	0	0	0	0	0	0	0	0	0	0	0	0	0	0	0	0	0	0	0	0	0	0	8.24125	9.61526	0	0	12.03632	0	0	0	0	0	0	0	0	0	0	0	0	1.7191	0	0	0	0	0	0	0	0	0	0	0	0	0	0	0	0	0	0	0	0	0	0	0	0	0	6.05513	0	0	0	0	0	0	0	0	0	
0	0	0	0	0	0	0	0	0	0	0	0	0	0	0	0	0	0	0	0	0	0	0	0	0	0	0	0	0	0	0	0	0	0	0	0	0	0	0	0	0	0	0	0	0	0	0	12.59422	0	0	0	0	9.01882	1.98083	0	0	0	0	12.58366	8.68983	0	0	0	0	0	0	0	0	0	0	0	0	0	0	0	0	0	0	0	0	0	0	0	0	0	0	0	0	0	0	0	0	0	0	0	0	0	0	4.19816	0	
0	0	0	0	0	0	0	0	0	0	0	0	0	0	0	0	0	0	0	0	0	0	0	0	0	0	0	0	0	0	0	0	0	0	0	0	0	0	0	0	0	0	9.76557	0	0	0	0	0	0	9.9144	0	7.66567	0	8.86521	0	0	0	0	0	0	0	0	0	0	13.4916	0	0	0	0	0	0	0	0	0	0	0	14.019	0	0	0	0	0	0	0	0	0	0	0	0	0	0	0	0	0	0	0	0	0	0	0	
0	0	0	0	0	0	0	0	0	0	0	0	10.27856	0	0	0	0	0	0	0	0	0	0	0	0	0	0	0	0	0	10.3469	0	0	0	0	0	0	0	0	0	0	0	10.15719	0	0	0	0	7.42848	0	0	11.85052	0	0	5.71183	2.30147	0	8.94636	0	0	0	0	0	0	9.42357	9.09337	10.01698	0	0	0	0	0	0	0	0	0	0	0	0	0	0	0	0	0	0	0	0	0	0	0	0	0	0	0	0	0	0	0	0	0	0	
0	0	0	0	0	0	0	0	0	0	0	0	0	0	0	0	0	0	0	0	0	0	0	0	0	0	0	0	0	0	0	0	0	0	0	0	0	0	0	0	0	0	0	0	0	11.47961	3.25007	0	0.40871	13.24653	0.72674	7.1385	5.96877	0	10.18426	8.19988	0	0	0	0	12.14702	0	0	0	0	0	0	0	0	7.31729	0	0	0	0	0	0	2.55978	0	0	0	0	0	0	0	0	0	0	0	0	0	0	0	0	0	0	0	0	0	0	0	
0	0	0	0	0	0	0	0	0	0	0	0	0	0	0	9.73485	0	0	0	0	0	0	0	0	0	0	0	0	0	0	0	0	0	0	0	4.84973	11.34671	0	0	0	0	0	0	10.06275	0	10.65651	8.24461	8.16594	3.81748	8.00607	0	0	5.01956	0	9.91006	0	0	0	0	6.32637	0	8.7271	0	11.44623	0	8.66793	0	0	10.99838	0	6.71159	0	0	0	0	10.05517	0	1.98083	0	1.7191	0	0	0	0	0	0	0	0	0	0	9.778	0	0	0	0	0	0	0	0	0	
0	0	0	0	0	0	0	0	0	0	0	0	0	0	0	0	0	0	0	0	0	0	0	0	0	0	10.16217	0	0	0	0	3.81748	0	0	6.88549	0	0	0	0	0	10.71573	0	0	0	0	0	0	0	9.02587	6.7516	1.7191	10.14182	9.39297	0	10.30681	0	11.47307	0	8.65379	0	2.56365	9.25366	0	0	0	7.92674	0	0	0	0	0	0	0	7.5033	0	0	0	0	0	0	0	0	0	0	0	0	0	0	0	0	0	0	0	0	0	0	4.43499	0	0	0	
0	0	0	0	0	0	0	0	0	0	0	0	0	0	0	0	0	0	0	12.23981	0	0	0	0	0	0	0	0	0	0	0	0	0	0	0	0	0	0	0	0	0	0	0	13.34936	0	0	12.75602	12.19929	12.54543	0	7.66334	7.953	10.90587	0	0	0	13.59872	0	0	8.39636	6.3155	0	0	14.37972	0	3.29889	0	5.55988	0	0	0	0	0	0	0	0	0	0	0	0	0	0	0	0	0	0	0	0	0	0	8.08543	0	0	0	0	0	0	0	0	0	
0	0	0	0	0	0	0	0	0	0	0	0	9.04768	0	0	0	0	0	0	9.20324	0	0	0	0	0	0	0	0	0	0	0	0	0	7.45394	0	0	0	0	0	0	0	10.40694	13.23726	0	8.15181	0	0	3.64074	8.4407	0	2.20229	8.62646	6.35699	3.04154	9.33287	7.80316	6.17461	5.62555	8.39281	0	0	0	0	0	1.56793	0	0	0	0	0	0	0	0	0	0	0	0	0	9.49274	1.56793	0	0	0	0	0	0	0	0	0	0	0	0	0	0	0	0	0	0	0	0	
0	0	0	0	0	0	0	0	0	0	0	0	0	0	0	0	0	0	0	0	0	0	0	13.50507	0	0	0	0	0	0	0	0	0	0	0	0	0	0	12.8053	0	0	0	7.70461	8.83552	0	0	6.60498	5.93976	0	9.37894	7.95938	7.0044	0	0	0	0	0	6.05572	14.55621	9.17818	9.86821	0	0	0	8.08474	0	0	0	0	0	0	0	0	0	0	0	0	0	0	0	0	0	0	0	0	0	0	0	0	0	0	0	0	0	0	0	0	0	0	0	
0	0	7.39519	0	0	0	0	0	0	0	0	0	0	0	0	0	0	0	0	0	0	0	0	0	0	0	0	0	0	0	0	0	0	0	0	0	0	0	0	0	9.65942	0	0	0	0	8.47164	0	6.07401	8.70802	11.32429	0	6.44499	9.03512	9.36388	2.30147	12.41905	0	0	2.20229	0	8.33557	0	8.17904	11.6095	0	0	0	0	0	0	0	8.4367	0	0	0	0	6.89346	0	0	0	0	0	0	0	0	0	0	0	0	0	0	0	0	0	0	0	0	0	0	0	
0	0	0	0	0	0	0	0	0	0	0	11.42955	0	0	0	0	0	0	0	0	0	0	0	0	0	0	0	0	0	0	0	0	8.19847	0	0	0	0	9.57524	14.96635	7.7624	4.74791	7.03804	0	0	11.88664	8.23524	10.87738	5.17221	9.8578	0	11.70698	0	2.67677	6.38609	0	11.51462	4.72051	7.88428	0	0	0	0	0	0	0	0	0	7.60872	0	0	0	0	7.63984	0	0	5.14503	0	0	11.24799	0	0	0	0	0	0	0	0	0	0	0	0	0	0	0	0	8.72169	0	0	0	0	
0	0	0	0	0	0	0	0	0	0	0	0	0	0	0	0	0	0	0	0	0	0	0	0	0	0	0	0	0	0	0	0	0	0	5.22299	7.86771	0	0	0	7.47437	0	12.39004	0	10.37654	15.79003	9.68621	7.07065	8.04231	3.34715	10.68348	11.46262	9.78979	0	8.57554	0	0	8.14114	0	0	5.81411	9.18874	0	0.40871	0	0	0	0	0	0	0	0	0	0	0	0	0	0	0	3.74886	0	0	0	0	0	0	0	0	8.00423	0	0	0	0	0	0	0	0	0	0	0	0	
0	0	0	0	0	0	0	0	10.56405	0	11.80609	0	0	0	0	0	0	0	0	0	0	0	0	0	0	0	11.53695	0	0	0	0	0	0	0	0	0	0	12.65584	10.99283	0	8.3233	6.27239	0	5.01956	0	11.89929	5.26796	7.84245	7.93098	8.14184	0	8.35955	0	0	0	0	8.63682	4.94483	0	0	0	0	3.71329	0	0	0	10.75083	0	0	0	0	0	0	0	0	0	0	0	0	0	0	0	0	0	0	0	0	0	0	0	0	0	0	0	0	0	0	0	0	0	
0	0	0	0	0	0	0	0	0	0	0	12.32937	0	0	10.85479	0	0	0	0	0	0	0	0	0	0	0	0	0	0	0	0	10.9174	0	0	6.3086	0	10.96544	0	0	9.48843	3.14718	0	10.20656	9.3664	9.69565	7.58134	10.27023	8.40162	4.41776	8.72328	6.76697	9.55865	10.37852	8.02788	0	3.78358	9.44902	0	0	3.03638	8.33348	5.60178	0	12.88353	0	0	0	0	0	0	0	0	0	0	0	6.88892	0	0	0	0	0	0	0	7.13443	0	0	0	0	0	0	0	0	0	0	0	0	0	0	0	0	
0	0	0	0	0	0	0	0	0	0	0	0	14.48926	0	0	0	0	0	0	0	0	0	0	0	0	0	0	0	0	9.16754	0	0	7.45296	0	4.76539	0	14.89326	0	11.96662	10.30457	9.87089	10.01378	10.00933	7.28687	8.2377	4.94013	10.44413	10.70706	4.1188	9.67823	7.05381	12.01525	10.3806	5.82584	5.99494	5.90863	10.91421	0	0	8.25214	6.04086	0	0	0	0	0	0	0	0	0	0	0	0	9.23619	0	0	0	0	0	0	9.15101	0	0	0	0	0	0	0	0	0	0	0	0	0	0	0	0	0	0	0	
0	0	0	0	0	0	0	12.65687	0	0	0	9.58236	0	0	0	0	0	0	0	0	0	0	0	0	0	0	0	8.17578	0	0	4.49907	0	13.54293	0	0	0	4.00571	12.68698	8.19345	11.5054	9.89782	5.23435	0	10.83364	10.86854	8.83542	9.21452	8.94214	10.76345	9.48954	5.43611	9.0715	11.65225	8.60137	9.91042	5.85133	13.77316	5.34469	5.5543	9.3753	6.22754	12.80027	6.44499	0	9.76122	0	0	0	0	0	0	0	0	9.08208	0	0	0	0	0	0	0	0	0	0	0	0	0	0	0	0	0	0	0	0	0	0	0	0	0	0	
10.48219	0	0	0	0	0	0	0	7.2384	0	0	0	8.6255	0	0	0	0	0	0	0	0	0	0	0	13.0231	0	0	7.008	0	0	0	0	11.55433	0	12.24866	7.70469	0	5.66604	10.77012	6.31903	9.70347	9.14645	6.32312	9.1732	11.13422	9.83068	7.23852	10.42858	6.09026	5.18827	9.80819	5.86215	7.41349	6.17774	11.60419	8.27114	11.00506	5.40575	0	9.7805	0	6.81591	0	6.42488	0	8.93829	0	0	0	0	0.40871	0	0	0	0	0	0	0	0	0	0	0	4.25496	0	0	7.01671	0	0	0	0	0	0	0	0	0	0	0	0	0	0	
0	0	0	11.66875	0	0	0	0	0	0	0	0	0	0	0	0	0	0	8.33932	0	0	11.20181	0	7.91895	11.55577	8.28432	0	0	11.7276	8.9228	12.40293	0	11.66875	0	0	0	0	10.63797	10.23877	9.0513	8.82189	6.14308	8.33789	8.94663	9.3404	9.52004	8.10718	9.01281	9.83173	6.35224	9.91503	7.71385	10.21361	7.81528	6.67605	9.21168	0	3.01853	5.20936	8.75567	0	3.14718	8.44613	0	0	0	0	0	0	5.13161	0	0	6.1177	0	2.20229	8.02433	12.5599	3.883	0	0.72674	0	0	0	0	0	0	0	0	0	0	0	0	0	0	0	0	0	0	0	0	
8.83656	0	0	0	11.92202	7.57077	0	0	0	0	0	0	0	0	0	0	0	10.62605	0	0	0	0	0	0	9.77423	0	7.89591	8.37988	0	13.70676	9.84346	0	0	0	10.57895	8.82619	5.10641	11.24905	10.61675	8.56913	7.70678	9.03456	8.5274	9.43247	8.90376	8.84078	9.74144	8.09429	7.8888	10.55368	5.09433	9.82285	11.82952	6.50311	9.45667	10.88371	9.42885	4.39012	6.17252	8.21308	7.80527	0	4.97913	12.8829	10.18589	9.96593	9.82292	0	0	0	0	0	0	0	5.55988	0	0	0	0	0	0	0	0	0	0	0	0	0	0	0	0	0	0	0	0	0.98725	0	0	0	0	
0	0	0	0	0	0	0	0	6.80327	0	7.97072	0	0	0	0	0	5.00492	13.92147	9.26904	6.20354	12.3477	7.65857	0	0	0	13.52469	0	9.38381	8.86914	10.96426	0	9.6433	12.81431	8.54133	8.00685	10.47425	6.69098	6.7535	9.31221	8.18383	8.5614	8.04149	5.3696	7.99463	9.80855	7.6933	7.69815	8.98284	8.21868	7.90864	7.07469	11.5275	7.46797	8.42014	5.93336	5.76535	5.76923	8.29037	0	10.90661	8.50495	7.87334	6.58822	0	10.00593	12.46632	4.99013	0	0	0	0	6.20994	0	0	6.3086	0	0	0	9.09337	0	0	0	0	0	0	7.25377	0	0	0	0	0	0	0	0	0	0	0	0	0	0	
0	9.5468	0	0	9.0051	9.07859	0	0	0	0	0	0	0	0	3.976	10.7563	0	10.88728	10.83125	0	9.91399	0	7.5469	0	0	0	0	0	9.35845	9.98237	8.29789	0	10.43349	7.25742	8.63147	8.28558	9.46506	9.89199	8.55941	8.58914	8.54777	7.91532	7.38991	8.40262	8.24636	7.50026	8.54288	8.82264	7.84093	7.67795	7.01283	7.82252	7.81783	6.76538	8.9182	6.56933	4.17218	6.66652	6.80521	8.92838	0	8.67141	0	10.99213	10.28605	1.7191	6.8923	2.91634	0	0	0	0	0	0	0	3.67681	0	0	0	0	9.54986	0	0	0	0	0	0	0	0	0	0	0	0	0	0	0	0	0	0	0	
0	11.56107	8.94693	0	10.64816	0	0	0	0	0	9.63024	0	0	0	9.62127	8.42841	0	8.32319	0	0	7.38392	6.65646	9.69808	9.39081	7.69332	8.59038	0	5.48701	6.99324	7.92077	12.84436	10.73095	9.79047	10.42116	10.58574	6.68836	8.20109	8.55067	7.64534	7.00529	6.48898	8.42513	7.92789	7.60166	7.20943	6.89122	8.33642	7.75742	9.43796	8.40067	7.55854	9.1167	8.25174	8.03267	6.88692	6.92354	8.67751	5.70732	6.50343	9.67658	0	7.3195	9.46892	10.13611	1.73959	3.91466	1.20783	0	0	0	0	12.74006	0	1.20783	9.74535	0	8.57436	0	0.40871	0	0	0	0	4.40419	0	2.00286	0	0	0	0	0	0	0	0	0	0	0	0	0	0	
0	0	0	0	0	0	0	0	9.38805	0	11.76406	11.9594	0	0	0	0	0	0	10.00599	0	6.28456	0	0	0	0	11.30063	10.71481	0	0.40871	6.8075	6.59409	9.49012	9.07421	9.88238	9.71365	8.42589	9.39163	10.49705	8.31555	8.68279	6.11161	8.55392	8.88898	7.48585	7.45665	7.77352	6.45766	8.5197	8.18808	8.44648	8.02282	6.74916	6.17604	7.26132	7.53916	9.15634	8.34456	9.24173	10.5845	8.38184	8.97908	4.25276	9.13849	6.01119	0	9.674	0	8.0669	0	0	0	0	0	0	0	0	0	0	0	0	0	10.27055	0	0	0	0	0	9.01008	11.08161	7.91504	0	0	0	0	0	0	0	0	0	0	
0	0	0	0	0	0	0	0	11.82249	7.62317	9.27001	2.56365	0	13.81467	0	0	0	3.63938	11.95417	6.02231	0	0	0	8.85749	7.13107	10.0092	4.22367	9.57547	6.73755	9.91794	0	8.58716	5.64175	4.70438	4.39353	7.47105	8.51877	6.26463	9.2065	5.9652	7.49558	8.4168	8.62476	8.94296	6.91175	7.41072	8.07132	7.03634	6.84282	9.23836	8.80583	7.40595	7.33777	5.70468	8.30217	7.90217	5.35365	10.53244	8.95838	5.86998	6.77881	9.99927	8.47753	3.81748	1.10115	8.80563	10.03059	0	0	0	0	0	0	8.35384	10.3767	0	0	0	11.86034	0	0	0	0	0	0	0	0	0	5.73862	0	3.14718	0	0	0	0	0	0	0	0	0	
0	0	11.28159	7.40312	0	7.14448	0	1.98083	6.92878	0	0	0	0	0	0	0	0	7.95476	0	0	0	0	0	11.44301	0	8.7204	0	10.29859	8.71253	7.80248	0	9.75342	0	11.42491	5.62556	9.25164	6.7022	6.81989	1.3234	10.34731	6.8517	9.46002	6.83774	8.49815	7.05405	7.64465	5.87866	8.00287	7.06416	7.65211	7.67729	7.35415	8.09893	8.26664	7.69174	5.24644	7.55688	7.57596	8.10213	7.55853	10.72554	8.34359	5.35556	9.79671	6.56895	0	0	4.87366	2.71521	5.22223	4.79386	0	12.05875	0	1.14734	0	5.26255	0	0	0	0	0	5.37952	0	0	0	0	0	0	0	0	0	0	0	0	0	0	0	0	0	
0	0	0	0	0	0	0	0	0.40871	0	9.89872	9.10371	9.46475	0	15.41969	0	0	11.2116	0	4.63836	0	0	0	0	0	0	5.37871	3.29889	4.61368	0	6.25053	8.9032	6.5493	7.98628	4.45996	8.76771	9.22743	7.91738	7.44508	9.28269	9.06729	5.33183	6.19719	7.56746	7.6872	7.50986	5.09453	6.03735	7.11874	5.95319	7.68402	8.6544	8.79226	7.68486	7.09442	6.34588	6.0034	7.52506	8.48838	7.11639	8.23374	6.42354	8.02023	5.13165	0.40871	5.71054	9.16507	6.36988	0	0	8.34515	0	5.21317	4.22846	0	13.31873	0	0	0	0	0	0	0	0	0	0	0	0	6.19038	0	0	0	0	0	0	0	0	0	0	0	
0	0	0	0	0	0	0	0	0	10.36242	0	0	6.58444	0	0	0	0	0	0	0	0	0	0	9.02583	0	0	8.26968	0	0	4.45805	7.12372	0	0	5.97113	9.8246	6.76903	7.34377	1.39906	0.40871	8.39231	3.97715	11.74064	5.54224	5.09079	10.10011	8.39234	6.9327	9.37601	9.28372	7.46974	7.39505	9.32773	6.86093	6.2592	8.46008	7.0175	8.37226	6.60232	4.78566	5.61797	5.74911	5.64019	4.82577	7.15945	6.91231	5.10788	8.41047	7.72269	6.26779	0	0	6.01186	0	4.89806	0	8.37534	10.4878	0	0	0	0	0	0	0	10.75794	0	0	0.98725	0	0	0	11.08052	0	0	0	0	8.87329	0	0	0	
0	0	0	0	0	0	0	0	0	0	0	12.41664	0	0	0	0	0	6.22414	12.61756	0	0	0	0	1.98083	0	0	0	9.39086	0	0	0	0	7.48137	5.35052	6.62734	0	5.38102	8.71044	0.60392	2.80002	6.48594	9.53338	8.61598	4.39137	0	9.77102	5.66862	5.32048	7.53011	6.29852	8.95027	12.16387	8.49128	3.98629	6.59823	5.86615	6.55891	6.53319	7.96685	8.89219	7.26823	4.10418	0	7.50096	9.72665	0	5.06398	6.56959	9.20404	8.4181	0	0	0	0.98725	0	10.4878	0	8.5756	0	0	0	6.01747	0	0	0	0	0	0	0	0	0	0	0	0	0	0	0	0	0	0	
0	0	0	0	5.81038	0	0	0	0	0	9.61406	0	2.97761	0	0	10.92786	0	0	6.90533	0	7.21231	7.8116	0	0	0	8.86622	5.15831	0	0	5.46558	0	10.6277	13.49357	0	0	8.31134	9.43658	1.7191	9.91252	11.41986	2.12383	8.12083	6.15479	8.49801	3.79584	6.13115	13.03006	5.62014	6.91526	8.48402	9.10657	6.35027	8.23754	7.20525	5.70147	7.796	6.39262	7.48329	5.80019	6.03095	5.06288	7.40527	5.87053	6.04788	7.99799	0	7.39102	10.61585	0	0	8.73338	8.08822	6.90348	10.13329	8.02188	0	6.29926	0	0	0	6.59425	0	0	0.40871	0	0.72674	0	0	0	0	0	0	0	0	0	0	0	0	0	0	
0	0	0	0	0	0	0	0	0	0	0	6.80327	1.95733	0	0	10.057	0	0	0	2.97761	7.62795	0	0	0	0	0	0	0	0	5.3343	3.03638	5.02076	0	0	0	9.36028	0	0	0	6.56959	3.68456	6.55083	3.91955	7.23415	7.29627	4.32779	6.55085	8.32928	6.34419	6.26896	0	0	8.26608	9.99796	2.91634	6.87172	8.80125	6.55188	8.4359	6.49272	8.52832	7.46409	7.81123	7.53062	4.98665	5.45286	5.52952	7.50004	0	10.70783	0	6.55911	8.17202	9.98517	9.5575	0	19.37905	0	6.52924	0	0	0	0	0	0	0	0	0	0	0	0	0	0	0	0	0	0	0	0	0	
0	0	0	7.41193	0	0	0	0	0	0	0	0	0	0	0	0	0.98725	0	0	0	0	0	8.6656	0	0	0	7.88344	7.83886	8.39652	9.95359	0	0	3.60097	0	0	11.83406	0	4.09134	1.85587	5.63144	4.34316	0	0.98725	0	2.55869	11.98211	6.55464	7.87334	6.14733	6.57744	6.27288	5.54693	8.25578	8.45213	7.26803	7.21062	7.51153	4.91089	7.72647	5.80846	8.905	7.82186	7.42007	9.70149	7.38041	8.14361	5.98561	9.17328	10.53959	8.10288	3.58543	9.60516	5.70123	3.71039	5.90516	0	12.44623	0	5.58869	9.24199	0.57647	4.89806	4.97519	0	0	0.40871	0	0	0	0	0	0	0	0	0	0	0	0.72674	0	11.2235	
0	0	4.95055	0	0	0	0	0	0	0	0	0	0	0	0	0	0	0	0	0	10.13553	0	0	0	0	8.81154	0	9.23711	0	8.20649	0	10.08684	11.59339	0	9.20564	0	0	6.2503	6.69225	0	6.08328	0	0	7.05336	10.85219	9.17246	0.69798	4.96372	5.32079	10.07028	8.59606	10.32828	7.26488	5.58212	6.21566	8.63791	0	7.21146	7.45519	6.62625	2.58193	5.7904	6.25587	1.54713	5.34533	7.43446	4.84386	0	7.76461	4.01758	4.99315	7.24041	5.40353	8.76056	0	0	5.53	0	1.58333	6.11089	0	6.26171	0	0	0	0	0	0	4.64026	0	0	0	0	0	0	0	2.30147	0	0	0	
0	0	0	0	4.00571	0	0	0	0	0	0	0	8.8448	0	0	0	0	0	0	0	11.40345	6.49822	0	0	0	0	0	4.86716	0	0	0	0.72674	11.09312	0	0	0	8.16429	0	9.26213	9.37885	0	0	3.3802	0	11.96165	0	4.40004	10.10025	1.85587	6.11679	10.32423	5.7659	10.26596	4.18604	7.33594	0.60392	0	5.89496	6.64576	3.67654	7.13323	5.41025	8.5749	7.12778	6.24138	8.83454	7.97915	4.4708	6.83391	6.14303	7.84902	0	0	9.53771	0	7.00164	5.01529	6.53902	0	0	0	0	0	0	6.98953	0.40871	0	0	0	0	0	0	0	0	0	0	8.70236	0	0	0	
0	0	0	0	0	0	0	0	1.56793	0	0	0	0	0	0	0	8.47695	2.97761	0.40871	0	0	0	0	0	5.19502	0	0	0	0	0	0	0	0	0	6.51898	8.22713	0	9.02337	0	0	0	0	10.16998	11.65738	0	11.25948	10.32091	9.77693	0	3.78722	0	9.87477	9.41321	8.40148	0	7.95176	0	5.75717	0	5.00575	7.41808	5.4985	5.77623	6.49299	4.29983	6.49395	7.46229	4.90497	8.64451	7.15948	8.27712	2.94575	6.11495	8.94214	7.67331	4.28409	9.75371	9.61586	0	0	7.02986	4.41298	11.56739	0	2.43301	0.40871	7.29045	5.24807	5.48802	0	1.44143	0	0	10.26196	0	0	0	0	0	0	
0	0	0	0	0	0	0	0	0	0	0	0	0	0	0	0	0	0	0	0	6.73526	0	0	0	0	0	0	0	0	5.45609	0	0	0	0	8.88233	0	0	0	0	0	8.84171	0	9.37174	8.41602	3.24953	0	0	0	2.48143	6.11497	9.34511	0	0	2.23901	6.25734	6.96582	0	0	7.40524	8.2998	9.96072	5.98333	3.22481	4.92203	6.88656	8.47645	3.79312	4.63085	7.51243	6.65808	10.76653	7.05407	3.74582	5.63333	3.34456	0	7.55532	0	6.71965	0	0	0	1.39906	0	0	0	8.50584	0	0	0	0	0	0	0	0	0	0	0	0	0	
0	0	0	0	5.42343	0	0	0	0	0	0	2.97761	0	6.98208	0	0	0	0	0	0	0	0	0	0	0	0	0	0	0	0	0	0	0	0	0	0	0	0	0	6.81752	0	0	8.34369	0	5.91984	0	1.87443	0	0	0	1.56793	0	0	0	8.75252	0	0	0.40871	0	10.66643	7.29482	2.32147	6.50827	7.88014	8.34112	0	2.9645	5.12694	8.33877	5.59957	7.58749	9.4692	8.99326	6.35993	0	0	3.86041	4.78266	7.02267	9.30907	3.34612	7.93062	1.98083	0	5.4344	0	3.47917	9.78233	0	4.55576	0	0	0	0	5.18453	0	0	0	0	0	
0	0	0	0	0	0	0	0	0	0	0	0	0	0	0	0	0	8.0405	0	0	0	9.67947	9.40835	0	0	0	8.56566	0	0	0	0	0	0	5.65429	8.56508	0	0	0	0	0	0	0	0	0	0	0	0	0	0.40871	0	0	0	0	0	0	7.9506	11.95721	10.62983	8.22397	2.48143	0	7.66407	7.00676	0	7.98524	7.45927	4.85852	7.55908	4.97518	5.08678	7.84001	5.99537	5.91016	7.41697	7.9913	7.53188	6.65187	0	8.60137	5.61752	0	0	7.61905	0	6.75598	10.20888	2.20229	4.00571	0	11.78578	0	0	0	0	0	0	8.23864	0	0	0	
0	0	0	0	0	0	0	0	7.317	0	0	0	0	0	0	0	0	0	0	0	0	0	0	0	0	0	0	4.45666	0	0.72674	0	0	0	0	0	0	0	0	0	9.42281	0	0	0	0	0	5.61875	0	6.27849	6.47185	0	0	9.46493	0	0	0	0	0	0	9.3236	0	6.94521	0	11.24672	9.55153	7.85855	3.32835	6.36008	0	0	6.75883	9.20132	2.30147	9.27478	5.73955	5.6512	9.95937	1.54642	0	0.40871	8.78514	6.22363	7.26106	9.77693	9.63768	5.66531	0	0	0	0	0	7.37825	0	9.90719	0	0	0	0	0	0	0	
0	0	0	0	0	0	0	0	0	0	0	0	0	11.5061	0	0	0	0	0	7.66799	0	0	0	0	0	2.85283	0	0	0	0	0	0	0	0	8.4954	0	0	7.07632	0	0	11.22745	0	5.50892	8.09687	0	0	0	0	0	0	5.62834	8.6656	0	0	2.48143	0	0	0	0	7.22326	5.83976	0	5.10852	9.81099	6.62329	3.60804	9.85529	3.29889	0	4.72479	7.21276	0	7.62273	6.18441	9.54364	6.12415	4.7937	4.74928	6.33786	5.11956	0	6.47989	7.47702	3.99116	2.29045	0	0	8.47828	3.32629	0	7.95557	0	0	7.80316	0	0	0	0	4.11241	0	
0	0	0	0	0	0	0	5.79076	0	0	0	0	0	0	0	0	0	0	0	0	0	0	1.39906	0	0	0	0	0	10.5512	0	0	0	0	0	11.37603	0	0	2.20229	0	0	0	1.10115	0	0	0	0	5.54548	0	0	0	0	0	9.51422	0	0	0	3.1483	8.63622	0	5.93336	6.62265	0	0	6.38245	0	5.35582	0	8.92262	6.95507	9.80043	9.0886	6.12207	7.66334	6.08045	7.5085	6.84404	7.42697	0	6.877	7.01637	6.57581	8.31851	5.1896	0	5.17985	0	0.72674	4.98913	0	0	13.78009	8.32715	0	0	0	0	8.30239	0	0	0	
0	0	0	0	0	0	0	0	0	0	0	0	0	0	0	0	0	0	0	0	0	0	0	0	0	0	0	0	0	0	0	0	0	0	0	0	0	5.87727	0	0	0	0	0	0	0	0	0	0	0	7.1775	0	4.56484	0	4.10666	0	0	3.63938	7.02649	0	0	2.39427	0	12.09926	12.22705	7.43669	6.46694	0	0	9.50314	8.03145	0	10.70826	5.27939	10.98484	7.36479	7.39549	0	4.4309	4.62556	8.147	4.56429	9.42837	5.22299	0.40871	0	0	4.24416	0	0	0	0	0	8.23753	6.51729	7.68875	0	0	0	0	0	
0	0	0	0	0	0	0	9.67774	0	0	0	0	0	0	0	0	0	0	0	0	0	0	0	0	0	0	0	0	0	0	0	0	0	0	0	0	0	6.51997	0	7.7797	0	0	0	0	0	0	0	0	0	0	3.9628	0	0	9.32536	5.39385	0	0	9.14602	9.52708	13.0537	0	2.30147	0	7.55451	8.88427	9.78712	0	0	7.54727	5.67129	8.6056	3.96983	4.09553	8.84645	1.39906	7.81696	6.59907	0	8.24355	6.85495	8.58049	8.35095	2.40597	4.40577	4.0249	0	0	1.16718	0	0	6.56461	0	0	0	0	1.9274	0	0	0	0	
0	0	0	0	0	0	0	0	0	0	0	0	0	0	0	0	0	0	0	0	0	0	0	0	0	9.78337	0	0	0	0	0	0	0	0	0	0	0	10.94114	0	0	0	0	0	0	9.8858	0	0	0	12.32661	0	0	0	0	0	0	0.72674	0	0	0	0	0	0	8.84358	0	0	7.43571	5.63329	8.94486	0.40871	6.8984	3.62435	0	8.22877	0	9.31798	5.48397	9.93441	7.53661	5.26248	6.69304	1.7602	0	7.9857	0	10.57307	6.21479	0	0	0	0	8.69326	0	0	0	0	0	0	0.40871	0	0	
0	0	0	0	0	0	0	0	0	0	0	0	2.91634	0	0	0	0	0	0.40871	0	0	0	0	0	0	0	0	0	0	0	0	0	0	0	0	0	0	0	0	0	0	0	0	0	0	0	0	10.21241	0	0	1.39906	0	8.45423	0	0	0	0	0	0	5.17898	0	0	0	4.58408	5.22299	7.33502	8.93839	0	10.00369	0	0	8.08822	0	0	0	3.44238	6.57877	8.63189	6.36219	4.86808	0	5.42483	5.68954	4.19449	3.5559	3.47324	6.6146	0	6.57456	0	0	0	0	5.45609	0	0	0	0	0	0	
0	0	0	0	0	0	0	0	0	0	0	0	0	0	0	0	0	0	0	0	0	0	0	0	0	0	0	0	0	0	0	0	9.70968	0	0	0	0	0	0	0	0.72674	0	0	0	0	0	0	0	0	0	0	0	0	0	0	0	7.52875	0	0	0	8.49818	0	0	2.64578	0	6.29061	0	0	7.28622	0	0	0	8.95552	0	0	5.21028	0	0	4.09743	8.45569	6.2985	5.72082	9.68464	0	5.27272	0	0	0	0.40871	1.20783	6.8683	4.99242	5.21381	0	0	0	0	0	0	0	
0	0	0	0	0	0	0	1.04791	0	0	0	0	0	0	0	0	0	0	0	0	0	0	0	0	0	0	0	5.86559	0	0	0	0	0	0	0	0	0	0	0	0	0	0	0	0	0	0	0	0	0	0	0	0	0	0	0	0	0	0	0	0	0	0	0	0	0	0	0	0	0	0	7.16508	5.03198	5.41567	0	0	8.4063	10.52065	0	9.97966	5.23558	0	5.89102	0	5.46681	2.48143	9.37634	0	7.94603	0	0	0	0.98725	0	0	0	9.2521	0	0	0	0	
0	0	0	0	0	0	0	0	0	0	0	0	0	0	0	0	0	0	0	0	9.86061	0	0	0	0	0	0	0	0	0	0	0	0	0	0	0	0	0	0	0	0	0	0	0	0	0	0	0	0	0	0	0	0	0	0	0	0	0	0	12.18871	0	0	0	0	6.98581	8.43934	5.0484	6.13155	0	0	0	0	0	0	0	2.91634	4.38003	0	0	0	3.80444	0	0	0	4.53703	5.53971	7.5745	4.20277	6.62329	0	8.5965	6.15796	6.55961	7.16108	0	5.84107	0	0	0	0	
0	0	0	0	0	0	0	0	0	0	0	0	0	0	0	0	0	0	0	0	0	0	0	0	0	0	0	0	0	0	0	0	0	0	0	0	0	0	0	0	0	0	0	0	0	0	0	0	4.47802	0	0	0	0	0	0	0	0	0	0	0	0	0	0	0	0	0	0	0	0	7.008	10.9002	8.45827	6.92775	0	9.44134	6.13125	0	8.61228	0	0	0	7.85101	8.80204	0	3.83632	0	0.98725	0	0	2.14115	0	3.44899	2.37396	0	2.09582	0	0	0	0	0	
0	0	0	0	0	0	0	0	0	0	0	0	0	0	0	7.35221	0	0	0	0	0	0	0	0	0	0	0	0	0	0	0	0	0	0	6.9171	0	0	0	0	0	0	0	0	0	0	0	0	0	0	0	0	0	0	0	0	0	0	0	0	0	0	0	0	0	0	0	0	4.67582	0	0	0	0	0	9.55624	0	0	0	0.78397	0	0	0	3.67681	0	0	6.9801	0	5.22409	3.30292	7.20337	9.8209	10.38556	0	9.57742	0	0	0	0	0	0	0	
0	0	0	0	0	0	0	0	0	0	0	0	0	0	0	0	0	0	0	0	0	0	0	0	0	0	0	0	0	0	0	0	0	0	0	0	0	0	0	0	0	0	0	0	0	0	0	0	8.81259	0	0	0	0	0	0	0	0	0	0	8.45558	0	0	0	0	0	7.82421	0	0	0	0	0	8.6504	0	0	0	0	0	11.89052	0	5.3353	10.82666	0	0	6.61368	0	0	0	0	0	0	0	0	0	0	0	0	0	0	0	0	
0	0	0	0	0	0	0	0	0	0	0	0	0	0	0	0	0	0	0	3.29889	0	0	0	0	0	0	0	0	0	0	0	0	0	0	0	0	0	0	0	0	0	0	0	0	0	0.40871	0	0	0	0	0	0	0	0	0	2.84874	0	0	12.8704	0	0	0	0	0	5.63786	0	0	0	0	0	0	2.30147	0	6.35551	0	0	5.61875	0	0	0	3.27503	5.63284	4.59639	8.82356	0	0	0	8.33054	8.74624	0	2.48143	12.33065	10.87199	0	0	0	0	0	0	0	
0	0	0	0	0	0	0	0	0	0	0	0	0	0	0	0	0	0	0	0	0	0	0	0	0	0	0	0	0	0	0	0	0	0	0	0	0	0	0	0	0	0	0	0	0	0	0	0	0	0	0	0	0	0	0	0	0	0	0	0	0	0	0	0	0	0	0	0	0	0	0	0	0	0	0	0	0	0	0	0	0	0	0	0	0	0	5.86559	0	0	0	0	9.5989	0	0	0	0	0	0	0	0	
0	0	0	0	0	0	0	0	0	0	0	0	0	0	0	0	0	0	0	0	0	0	0	0	0	0	0	0	0	0	0	0	0	0	0	0	0	0	0	0	0	0	0	0	0	0	0	0	0	0	0	0	0	0	0	0	0	0	0	0	0	0	0	0	0	0	0	0	0	0	9.72427	0	0	0	0	0	0	0	0	8.70689	0	0	0	11.41543	0	0	0	0.98725	0	0	4.38251	7.88338	0	0	0	0	0	0	0	0	
0	0	0	0	0	0	0	0	0	0	0	0	0	0	0	0	0	0	0	0	0	0	0	0	0	0	0	0	0	0	0	0	0	0	0	0	0	0	0	0	0	0	0	0	0	0	0	0	0	0	0	0	0	0	0	0	0	0	0	2.64143	0	0	0	0	0	0	0	0	0	0	3.91466	0	0	0	0	0	0	0	0	0	0	0	0	0	0	0	4.79972	0	0	0	0	0	0	0	0	0	0	0	0	0	
0	0	0	0	0	0	0	0	0	0	0	0	0	0	0	0	0	0	0	0	0	0	0	0	0	0	0	0	0	0	0	0	0	0	0	0	0	0	0	0	0	0	0	0	0	0	0	0	0	0	0	0	0	0	0	0	0	0	0	0	0	0	0	0	0	0	0	0	0	8.49278	0.72674	0	0	0	0	0	0	0	9.3165	0	0	0	0	0	0	0	0	0	8.3466	7.32031	0	0	0	0	0	0	0	0	0	0	
0	0	0	0	0	0	0	0	0	0	0	0	0	0	0	0	0	0	0	0	0	0	0	0	0	0	0	0	0	0	0	0	0	0	0	0	0	0	0	0	0	0	0	0	0	0	0	0	0	0	0	0	0	0	0	0	0	0	0	0	0	0	0	0	0	0	0	0	0	0	0	0	0	0	0	0	0	0	0	0	0	0	0	0	0	0	0	0	0	0	0	0	0	0	0	0	0	0	0	0	
0	0	0	0	0	0	0	0	0	0	0	0	0	0	0	0	0	0	0	0	0	0	0	0	0	0	0	0	0	0	0	0	0	0	0	0	0	0	0	0	0	0	0	0	0	0	0	0	0	0	0	0	0	0	0	0	0	0	7.1775	0	0	0	0	0	0	0	0	0	0	0	0	0	0	0	0	7.46102	0	0	0	0	0	0	0	0	0	0	0	0	0	0	0	0	0	0	0	0	0	0	0	0	
0	0	0	0	0	0	0	0	0	0	0	0	0	0	0	0	0	0	0	0	0	0	0	0	0	0	0	0	0	0	0	0	12.08378	0	0	0	0	0	0	0	0	0	0	0	0	0	0	0	0	0	0	0	0	0	0	0	0	0	0	0	0	0	0	0	0	0	0	0	0	0	0	0	0	0	0	1.56793	0	0	0	0	0	0	0	0	0	0	0	0	0	0	0	0	0	0	0	0	0	0	0	0	
0	0	0	0	0	0	0	0	0	0	0	0	0	0	0	0	0	0	0	0	0	0	0	0	0	0	0	0	0	0	0	0	0	0	0	0	0	0	0	0	0	0	0	0	0	0	0	0	0	0	0	0	0	0	0	0	0	0	0	0	0	0	0	0	0	0	0	0	0	0	0	0	0	0	0	0	0	0	0	0	0	0	0	0	0	0	0	0	0	0	0	0	0	0	0	0	0	0	0	0	
0	0	0	0	0	0	0	0	0	0	0	0	0	0	0	0	0	0	0	0	0	0	0	0	0	0	0	0	0	0	0	0	0	0	0	0	0	0	0	0	0	0	0	0	0	0	0	0	0	0	0	0	0	0	0	0	0	0	0	0	0	0	0	0	0	0	0	0	0	0	0	0	0	0	0	0	0	0	0	0	0	0	0	0	0	0	0	0	0	0	0	0	0	0	0	0	0	0	0	0	
0	0	0	0	0	0	0	0	0	0	0	0	0	0	0	0	0	0	0	0	0	0	0	0	0	0	0	0	0	0	0	0	0	0	0	0	0	0	0	0	0	0	0	0	0	0	0	0	0	0	0	0	0	0	0	0	0	0	0	0	0	0	0	0	0	0	0	0	0	0	0	0	0	0	0	0	0	0	0	0	0	0	0	0	0	0	0	0	0	0	0	0	0	0	0	0	0	0	0	0	
0	0	0	0	0	0	0	0	0	0	0	0	0	0	0	0	0	0	0	0	0	0	0	0	0	0	0	0	0	0	0	0	0	0	0	0	0	0	0	0	0	0	0	0	0	0	0	0	0	0	0	0	0	0	0	0	0	0	0	0	0	0	0	0	0	0	0	0	0	0	0	0	0	0	0	0	0	0	0	0	0	0	0	0	0	0	0	0	0	0	0	0	0	0	0	0	0	0	0	0	
0	0	0	0	0	0	0	0	0	0	0	0	0	0	0	0	0	0	0	0	0	0	0	0	0	0	0	0	0	0	0	0	0	0	0	0	0	0	0	0	0	0	0	0	0	0	0	0	0	0	0	0	0	0	0	0	0	0	0	0	0	0	0	0	0	0	0	0	0	0	0	0	0	0	0	0	0	0	0	0	0	2.48143	0	0	0	0	0	0	0	0	0	0	0	0	0	0	0	0	0	0	
0	0	0	0	0	0	0	0	0	0	0	0	0	0	0	0	0	0	0	0	0	0	0	0	0	0	0	0	0	0	0	0	0	0	0	0	0	0	0	0	0	0	0	0	0	0	0	12.6073	0	0	0	0	0	0	0	0	0	0	0	0	0	0	0	0	0	0	0	0	0	0	0	0	0	0	10.50003	0	0	0	0	0	0	0	0	0	0	0	0	0	0	0	0	0	0	0	0	0	0	0	0	0	
