0	0	0	0	0	0	0	0	0	0	0	0	0	0	0	0	0	0	0	0	0	0	0	0	0	0	0	0	0	0	0	0	0	0	0	0	0	0	0	0	0	0	0	0	0	0	0	0	0	0	0	11.24956	0	0	0	0	0	0	0	0	0	0	0	0	0	0	0	0	0	0	0	0	0	0	0	0	0	0	0	0	0	0	0	0	0	0	0	0	0	0	0	0	0	0	0	0	0	0	0	0	
0	0	0	0	0	0	0	0	0	0	0	0	0	0	0	0	0	0	0	0	0	0	0	0	0	0	0	0	0	0	0	0	0	0	0	0	0	0	0	0	0	0	0	0	0	0	0	13.88111	0	0	0	0	0	0	0	0	0	0	0	0	0	0	0	12.87615	0	0	0	0	0	0	0	0	0	0	0	0	0	0	0	0	0	0	0	0	0	0	0	0	0	0	0	0	0	0	0	0	0	0	0	0	
0	0	0	0	0	0	0	0	0	0	0	0	0	0	0	0	0	0	0	0	0	0	0	0	0	0	0	0	0	0	0	0	0	0	0	0	0	0	0	0	0	0	0	0	0	0	0	0	0	0	0	0	0	0	8.03616	0	0	0	0	0	0	0	0	0	0	0	0	0	0	0	0	0	0	0	0	0	0	0	0	0	0	0	0	0	0	0	0	0	0	0	0	0	0	0	0	0	0	0	0	0	
0	0	0	0	0	0	0	0	0	0	0	0	0	0	0	0	0	0	0	0	0	0	0	0	0	0	0	0	0	0	0	0	0	0	0	0	0	0	0	0	0	0	0	0	0	0	10.73228	10.74976	0	0	0	0	0	0	0	0	0	0	0	0	0	0	0	0	0	0	0	0	0	0	0	0	0	0	0	0	0	0	0	0	0	0	0	0	0	0	0	0	0	0	0	0	0	0	0	0	0	0	0	0	
0	0	0	0	0	0	0	0	0	0	0	0	0	0	0	0	0	0	0	0	0	0	0	0	0	0	0	0	0	0	0	0	0	0	0	0	0	7.48415	0	0	0	0	0	11.54629	0	0	0	0	0	0	0	0	0	0	0	0	0	0	0	0	0	0	0	0	0	0	0	0	0	0	0	0	0	0	0	0	0	0	0	0	0	0	0	0	0	0	0	0	0	0	0	0	0	0	0	0	0	0	0	0	
0	0	0	0	0	0	0	0	0	0	0	0	0	0	0	0	0	0	0	0	0	0	0	0	0	0	0	0	0	0	0	0	0	0	0	0	0	0	0	0	0	0	0	0	0	0	0	0	0	0	0	0	0	0	0	0	0	0	0	0	0	0	0	0	0	0	0	0	0	0	0	0	7.70356	0	0	0	0	0	0	0	0	0	0	0	0	0	0	0	0	0	0	0	0	0	0	0	0	0	0	0	
0	0	0	0	0	0	0	0	0	0	0	0	0	0	0	0	0	0	0	0	0	0	0	0	0	0	0	0	0	0	0	0	0	0	0	0	0	0	0	0	0	0	0	0	0	0	0	0	0	0	0	0	0	0	0	0	0	0	0	0	0	0	0	0	0	0	0	0	0	0	0	0	0	0	11.0938	0	0	0	0	0	0	0	0	0	0	0	0	0	0	0	0	0	0	0	0	0	0	0	0	0	
0	0	0	0	0	0	0	0	0	0	0	0	0	0	0	0	0	0	0	0	0	0	0	0	0	0	0	0	0	0	0	0	0	0	0	0	0	0	0	0	0	0	0	0	0	0	0	0	0	0	0	8.92907	0	0	0	12.4021	0	0	6.30908	0	0	0	0	0	0	0	0	0	0	0	0	0	0	0	0	0	0	0	0	0	0	0	0	0	0	0	0	0	0	0	0	0	0	0	0	0	0	0	0	0	
0	0	0	0	0	0	0	0	0	0	0	0	0	0	0	0	0	0	0	0	0	0	0	0	0	0	0	0	6.72137	0	0	0	0	0	0	0	0	0	0	0	0	0	0	0	0	0	0	0	0	0	0	0	0	0	0	0	0	0	0	0	0	0	0	0	0	0	0	7.86089	0	0	0	0	0	0	0	0	0	0	0	0	0	0	0	0	0	0	0	0	0	0	0	0	0	0	0	0	0	0	0	0	
0	0	0	0	0	0	0	0	0	0	0	0	0	0	0	0	0	0	0	0	0	0	0	0	0	0	0	0	0	0	0	0	0	0	0	0	0	0	0	0	0	0	0	0	0	0	0	0	0	0	0	0	0	0	0	8.05569	0	0	0	0	0	0	0	0	0	0	0	0	0	0	0	0	0	0	0	0	0	0	0	0	0	0	0	0	0	0	0	0	0	0	0	0	0	0	0	0	0	0	0	0	
0	0	0	0	0	0	0	0	0	0	0	0	0	0	0	0	0	0	0	0	0	0	0	0	0	0	0	0	0	0	0	0	0	0	0	0	0	0	0	0	0	0	0	0	0	0	0	0	0	0	0	0	0	0	0	0	0	0	0	0	0	0	0	0	0	0	0	10.97549	0	0	0	0	0	0	0	0	0	0	0	0	0	0	0	0	0	0	0	0	0	0	0	0	0	0	0	0	0	0	0	0	
0	0	0	0	0	0	0	0	0	0	0	0	0	0	0	0	0	0	0	0	0	0	0	0	0	0	0	0	0	0	0	0	0	0	0	0	0	0	0	0	0	0	0	0	0	0	0	0	0	0	0	0	8.0792	0	0	0	3.01538	0	0	0	0	0	0	0	0	0	0	0	0	0	0	2.42533	0	0	0	0	0	0	0	0	0	0	0	0	0	0	0	0	0	0	0	0	0	0	0	0	0	0	0	0	
0	0	0	0	0	0	0	0	0	0	0	0	0	0	0	0	0	0	0	0	0	0	0	0	0	0	0	0	0	0	0	0	0	0	0	0	0	0	0	0	0	0	0	0	0	0	0	0	11.1395	0	0	0	13.0465	0	0	0	0	0	0	0	0	0	0	0	0	0	0	8.60758	0	0	0	0	0	0	0	0	0	0	0	0	0	0	0	0	0	0	0	0	0	0	0	0	0	0	0	0	0	0	0	0	
0	0	0	0	0	0	0	0	0	0	0	0	0	0	0	0	0	0	0	0	0	0	0	0	0	0	0	0	0	0	11.72645	0	0	0	0	0	0	0	0	5.71874	0	0	0	0	0	0	0	9.22571	0	0	0	0	0	0	0	0	0	6.57269	3.89816	0	9.67992	0	0	9.75851	0	0	0	0	0	0	0	0	0	0	0	0	0	0	0	0	0	0	0	0	0	0	0	0	0	0	0	0	0	0	0	0	0	0	0	0	
0	0	0	0	0	0	0	0	0	0	0	0	0	0	0	0	0	0	0	0	0	0	0	0	0	0	0	0	0	0	0	0	0	0	0	0	0	0	0	0	0	0	0	0	0	0	0	0	0	0	0	0	0	0	5.25216	0	0	0	0	0	0	0	0	0	0	0	0	0	0	0	0	0	0	0	1.13238	0	0	0	0	0	0	0	0	0	0	0	0	0	0	0	0	0	0	0	0	0	0	0	0	0	
0	0	0	0	0	0	0	0	0	0	0	0	0	0	0	0	0	0	0	0	0	0	0	0	0	0	0	0	0	0	0	0	0	0	0	0	0	0	0	0	0	0	15.81207	0	0	0	0	0	0	0	0	0	10.57354	0	0	0	0	0	0	11.61663	0	0	0	0	0	0	0	0	0	0	0	7.2176	0	0	0	0	0	0	0	0	0	0	0	0	0	0	0	0	0	0	0	0	0	0	0	0	0	0	0	0	
0	0	0	0	0	0	0	0	0	0	0	0	0	0	0	0	0	0	0	0	0	0	0	0	0	0	0	0	0	0	0	0	0	0	0	0	0	0	0	0	0	0	0	5.35421	0	0	0	12.86603	0	0	0	8.09308	0	0	0	0	0	0	5.23167	0	0	0	0	0	0	0	0	0	0	0	0	0	0	0	0	0	0	0	0	0	0	0	0	0	0	0	0	0	0	0	0	0	0	0	0	0	0	0	0	0	
0	0	0	0	0	0	0	0	0	0	0	0	0	0	0	0	0	0	0	0	0	0	0	0	0	0	0	0	0	0	0	0	0	0	0	0	0	0	0	0	0	0	8.86902	0	0	0	0	0	0	0	0	0	0	0	0	9.10596	0	0	0	0	0	0	0	0	0	0	1.13238	0	3.34206	0	0	0	0	0	0	0	0	0	0	0	0	0	0	0	0	0	0	0	0	0	0	0	0	0	0	0	0	0	0	0	
0	0	0	0	0	0	0	0	0	0	0	0	0	0	0	0	0	0	0	0	0	0	0	0	0	0	0	0	0	0	0	0	0	0	0	0	0	0	0	0	13.12337	0	0	0	0	0	0	0	0	0	0	0	0	0	0	0	0	0	0	0	0	0	0	0	0	0	0	0	0	0	0	0	0	0	0	0	0	0	0	0	0	0	0	0	0	0	0	0	0	0	0	0	0	0	0	0	0	0	0	0	
0	0	0	0	0	0	0	0	0	0	0	0	0	0	0	0	0	0	0	0	0	0	0	0	0	0	0	0	0	0	0	0	0	0	0	0	0	0	0	0	0	0	0	0	0	0	0	9.79897	0	0	8.28924	0	0	0	0	0	0	0	0	0	0	0	0	0	0	0	0	0	0	0	0	0	0	0	0	0	7.47451	0	0	0	0	0	0	0	0	0	0	0	0	0	0	0	0	0	0	0	0	0	0	0	
0	0	0	0	0	0	0	0	0	0	0	0	0	0	0	0	0	0	0	0	0	0	0	0	0	0	0	0	0	0	0	0	0	0	0	0	0	0	0	0	0	0	0	0	0	0	0	6.79033	0	0	9.72163	11.37338	0	0	0	0	5.67233	0	7.7335	0	10.44454	0	0	0	0	9.82069	0	0	0	0	0	0	0	0	0	0	0	0	0	0	0	0	0	0	0	0	0	0	0	0	0	0	0	0	0	0	0	0	0	0	
0	0	0	0	0	0	0	0	0	0	0	0	0	0	0	0	0	0	0	0	0	0	0	0	0	0	0	0	0	0	0	0	0	0	0	0	0	0	0	0	0	10.2942	0	0	0	0	0	0	0	0	0	0	0	0	0	0	0	0	0	0	0	0	0	0	0	0	0	0	0.48275	0	0	0	0	0	0	0	0	0	0	0	0	0	0	0	0	0	0	0	0	0	0	0	0	0	0	0	0	0	0	0	
0	0	0	0	0	0	0	0	0	0	0	0	0	0	0	0	0	0	0	0	0	0	0	0	0	0	0	0	0	0	0	10.23834	0.48275	0	0	0	0	0	0	0	0	0	0	0	0	0	0	11.56306	0	0	0	0	0	0	0	0	0	0	0	0	0	0	0	2.06326	0	0	0	5.61727	0	0	0	0	0	0	0	0	0	0	0	0	0	0	0	0	0	0	0	0	0	0	0	0	0	0	0	0	0	0	0	0	
0	0	0	0	0	0	0	0	0	0	0	0	0	0	0	0	0	0	0	0	0	0	0	0	0	0	0	0	0	0	0	9.674	0	0	1.37278	0	0	0	0	0	0	0	0	0	0	0	0	0	0	0	0	0	0	0	0	0	0	0	0	0	0	0	0	0	0	0	0	0	0	0	0	0	0	0	0	0	0	0	0	0	0	0	0	0	0	0	0	0	0	0	0	0	0	0	0	0	0	0	0	0	
0	0	0	0	0	0	0	0	0	0	0	0	0	0	0	0	0	0	0	0	0	0	0	0	0	0	0	0	0	0	0	0	0	0	0	0	0	0	0	0	0	0	0	9.86194	0	0	0	0	0	13.9486	0	0	0	0	10.3737	0	0	0	0	0	0	0	0	0	0	0	0	0	0	0	0	0	0	0	0	0	0	0	0	1.31222	0	0	0	0	0	0	0	0	0	0	0	0	0	0	0	0	0	0	0	0	
0	0	0	0	0	0	0	0	0	0	0	0	0	0	0	0	0	0	0	0	0	0	0	0	0	0	0	0	0	0	0	0	7.77597	0	0	0	0	0	0	0	0	0	0	0	0	0	0	5.80331	0	0	7.06377	0.94261	0	0	0	0	0	0	9.06051	0	0	0	0	0	0	0	0	0	0	0	2.19431	0	0	0	0	0	0	0	0	0	0	0	0	0	0	6.12742	0	0	0	0	0	0	0	0	0	0	0	0	0	0	
0	0	0	0	0	0	0	0	0	0	0	0	0	0	0	0	0	0	0	0	0	0	0	0	0	0	0	0	0	0	0	0	0	0	0	0	0	0	0	10.72823	0	0	0	0	13.97661	0	5.6968	0	0	0	0	0	0	0	0	0	0	0	0	0	0	0	0	0	0	0	0	0	0	1.91911	0	0	0	0	0	0	0	0	0	0	0	0	0	0	0	0	0	0	0	0	0	0	0	0	0	0	0	0	0	0	
0	0	0	0	0	0	0	0	0	0	0	0	0	0	0	0	0	0	0	0	0	0	0	0	0	0	0	0	0	0	0	0	0	0	0	9.72367	0	0	0	0	0	0	0	0	0	0	0	8.27515	0	0	0	0	0	7.12374	0	0	0	0	0	0	8.16759	0	0	0	0	0	0	0	0	0	0	0	0	0	0	0	0	0	0	0	0	0	0	0	0	0	0	0	0	0	0	0	0	0	1.57875	0	0	0	0	0	
0	0	0	0	0	0	0	0	0	0	0	0	0	0	0	0	0	0	0	0	0	0	0	0	0	0	0	0	0	0	0	0	0	0	0	0	0	0	0	0	0	14.88759	0	0	0	0	0	0	0	0	0	0	0	0	0	0	0	0	0	0	0	0	0	0	0	0	0	3.09608	0	0	0	9.40047	0	0	0	0	0	0	0	0	0	0	0	0	0	0	0	0	0	0	0	0	0	0	0	0	0	0	0	0	
0	0	0	0	0	0	0	0	0	0	0	0	0	0	0	0	0	0	0	0	0	0	0	0	0	0	0	0	0	0	0	0	0	0	0	0	0	0	0	0	8.87514	0	0	0	8.9708	0	0	5.78117	0	0	2.42533	12.87904	0	0	0	10.53465	0	0	6.61425	0	5.72959	0	0	0	0	0	0	0	0.48275	0	0	0	0	0	0	0	0	0	0	0	0	0	0	0	0	0	0	0	0	0	0	0	0	0	0	4.26911	0	0	0	0	
0	0	0	0	0	0	0	0	0	0	0	0	0	0	0	0	0	0	0	0	0	0	0	0	0	0	0	0	0	0	0	0	0	0	0	0	0	0	0	0	0	0	0	0	15.64454	0	0	0	0	2.52832	0	0	5.41712	0	0	0	0	8.56885	0	0	0	5.6968	0	0	0	0	0	0	0	0	0	0	0	0	0	0	0	0	0	0	0	0	0	0	0	0	0	0	0	0	0	0	0	0	0	0	0	0	0	0	
0	0	0	0	0	0	0	0	0	0	0	0	0	0	0	0	0	0	0	0	0	0	0	0	0	0	0	0	0	0	0	0	0	0	0	0	0	0	0	0	0	0	0	10.38875	0	0	13.88597	0	0	0	11.22055	0	0	0	0	0	0	0	0	5.49547	0	0	0	0	11.20678	0	0	4.58796	0	0	0	0	9.605	0	0	0	5.12019	0	0	0	0	0	0	0	0	0	0	0	0	0	0	0	0	0	0	0	0	0	0	0	
0	0	0	0	0	0	0	0	0	0	0	0	0	0	0	0	0	0	0	0	0	0	0	0	0	0	0	0	0	0	0	0	0	0	0	0	0	0	0	0	0	0	0	0	0.48275	0.48275	0	10.98146	0	0	0	10.16941	8.4043	0	0	7.31803	0	0	0	0	0	0	0	0	0	0	0	11.16545	0	0	0	0	0	11.05229	0	0	0	0	0	0	0	0	0	0	0	0	0	0	0	0	0	0	0	0	0	0	0	0	0	0	
0	0	0	0	0	0	0	0	0	0	0	0	0	0	0	0	0	0	0	0	0	0	0	0	0	0	0	0	0	0	0	0	0	0	0	0	0	16.11438	0	0	0	0	0	0	0	0	0	0	1.13238	0	0	6.96415	0	0	10.8553	0	8.46072	0	0	1.91911	0	6.68282	0	0	0	0	0	0	0	0	0	0	0	0	5.79258	3.09608	0	0	0	0	0	0	0	0	0	0	0	0	0	0	0	0	0	0	0	0	0	0	0	0	
0	0	0	0	0	0	0	0	0	0	0	0	0	0	0	0	0	0	0	0	0	0	0	0	0	0	0	0	0	0	0	0	0	0	0	0	0	0	0	0	0	0	14.67742	0	0	10.17825	0	13.70113	0	0	8.94194	0	11.8263	0	9.45295	0	0	0	0	0	0	0	0	10.54849	0	0	0	3.2243	0	0	10.29329	0	0	0	0	0	0	0	5.26141	0	0	0	0	0	0	0	0	0	0	0	0	0	0	0	0	0	0	0	0	0	
0	0	0	0	0	0	0	0	0	0	0	0	0	0	0	0	0	0	0	0	0	0	0	0	0	0	0	0	0	0	0	0	0	0	0	0	0	0	0	0	0	0	0	0	0	0	0	10.19986	11.33882	0	0	9.46355	0	0	0	0	0	0	0	0	0	0	0	0	2.19431	0	0	0	0	0	0	0	0	0	0	0	0	0	0	0	0	0	0	0	0	0	0	0	0	0	6.46648	0	0	0	0	0	0	0	0	0	
0	0	0	0	0	0	0	0	0	0	0	0	0	0	0	0	0	0	0	0	0	0	0	0	0	0	0	0	0	0	0	0	0	0	0	0	0	0	0	0	0	0	0	0	0	0	0	11.95433	0	0	0	0	10.41628	2.42533	0	0	0	0	10.51558	12.99054	0	0	0	0	0	0	0	0	0	0	0	0	0	0	0	0	0	0	0	0	0	0	0	0	0	0	0	0	0	0	0	0	0	0	0	0	0	0	6.26502	0	
0	0	0	0	0	0	0	0	0	0	0	0	0	0	0	0	0	0	0	0	0	0	0	0	0	0	0	0	0	0	0	0	0	0	0	0	0	0	0	0	0	0	8.86041	0	0	0	0	0	0	9.00182	0	8.79866	0	6.74829	0	0	0	0	0	0	0	0	0	0	11.97328	0	0	0	0	0	0	0	0	0	0	0	13.60689	0	0	0	0	0	0	0	0	0	0	0	0	0	0	0	0	0	0	0	0	0	0	0	
0	0	0	0	0	0	0	0	0	0	0	0	12.44201	0	0	0	0	0	0	0	0	0	0	0	0	0	0	0	0	0	9.98302	0	0	0	0	0	0	0	0	0	0	0	10.07568	0	0	0	0	5.30557	0	0	13.06969	0	0	6.24309	7.08029	0	7.18354	0	0	0	0	0	0	8.38556	9.85947	9.28114	0	0	0	0	0	0	0	0	0	0	0	0	0	0	0	0	0	0	0	0	0	0	0	0	0	0	0	0	0	0	0	0	0	0	
0	0	0	0	0	0	0	0	0	0	0	0	0	0	0	0	0	0	0	0	0	0	0	0	0	0	0	0	0	0	0	0	0	0	0	0	0	0	0	0	0	0	0	0	0	11.73918	2.06326	0	2.71453	14.08549	1.37278	9.55232	8.65734	0	12.39945	6.01403	0	0	0	0	11.78498	0	0	0	0	0	0	0	0	4.51998	0	0	0	0	0	0	4.09049	0	0	0	0	0	0	0	0	0	0	0	0	0	0	0	0	0	0	0	0	0	0	0	
0	0	0	0	0	0	0	0	0	0	0	0	0	0	0	9.56695	0	0	0	0	0	0	0	0	0	0	0	0	0	0	0	0	0	0	0	5.08684	11.09302	0	0	0	0	0	0	1.37278	0	10.4883	7.72648	8.24712	4.86871	7.57415	0	0	5.15279	0	11.5459	0	0	0	0	8.06642	0	8.4394	0	5.39003	0	6.62009	0	0	10.99613	0	7.88913	0	0	0	0	10.66442	0	0.48275	0	3.99051	0	0	0	0	0	0	0	0	0	0	5.6857	0	0	0	0	0	0	0	0	0	
0	0	0	0	0	0	0	0	0	0	0	0	0	0	0	0	0	0	0	0	0	0	0	0	0	0	10.67837	0	0	0	0	6.80579	0	0	5.36243	0	0	0	0	0	11.42497	0	0	0	0	0	0	0	8.4734	0.86916	5.6289	9.88335	9.29489	0	11.63495	0	7.41192	0	1.37278	0	0.84382	10.63869	0	0	0	8.25089	0	0	0	0	0	0	0	9.35304	0	0	0	0	0	0	0	0	0	0	0	0	0	0	0	0	0	0	0	0	0	0	0.84382	0	0	0	
0	0	0	0	0	0	0	0	0	0	0	0	0	0	0	0	0	0	0	11.53976	0	0	0	0	0	0	0	0	0	0	0	0	0	0	0	0	0	0	0	0	0	0	0	12.85237	0	0	12.2089	13.29895	11.21886	0	9.49885	8.33943	12.14628	0	0	0	13.105	0	0	9.67389	7.97216	0	0	12.20963	0	8.47368	0	7.4353	0	0	0	0	0	0	0	0	0	0	0	0	0	0	0	0	0	0	0	0	0	0	8.27917	0	0	0	0	0	0	0	0	0	
0	0	0	0	0	0	0	0	0	0	0	0	8.23385	0	0	0	0	0	0	9.20449	0	0	0	0	0	0	0	0	0	0	0	0	0	6.8105	0	0	0	0	0	0	0	9.89664	12.99061	0	9.35445	0	0	3.10418	11.49854	0	2.42533	8.22112	7.72652	4.31275	9.32697	8.05999	6.50229	5.04526	8.24248	0	0	0	0	0	4.6803	0	0	0	0	0	0	0	0	0	0	0	0	0	11.06144	2.06326	0	0	0	0	0	0	0	0	0	0	0	0	0	0	0	0	0	0	0	0	
0	0	0	0	0	0	0	0	0	0	0	0	0	0	0	0	0	0	0	0	0	0	0	13.6161	0	0	0	0	0	0	0	0	0	0	0	0	0	0	11.93382	0	0	0	7.42145	9.9492	0.48275	0	9.92916	5.16736	0	9.79869	10.01828	8.77828	0	0	0	0	0	9.15893	14.32975	10.50812	10.69438	0	0	0	7.39158	0	0	0	0	0	0	0	0	0	0	0	0	0	0	0	0	0	0	0	0	0	0	0	0	0	0	0	0	0	0	0	0	0	0	0	
0	0	8.60758	0	0	0	0	0	0	0	0	0	0	0	0	0	0	0	0	0	0	0	0	0	0	0	0	0	0	0	0	0	0	0	0	0	0	0	0	0	9.88173	0	0	0	0	8.99572	0	9.93313	8.65387	11.1563	0	8.57187	9.93052	7.76402	1.13238	9.16309	0	0	4.51461	0	7.34798	0	7.44849	10.58963	0	0	0	0	0	0	0	7.49722	0	0	0	0	0.84382	0	0	0	0	0	0	0	0	0	0	0	0	0	0	0	0	0	0	0	0	0	0	0	
0	0	0	0	0	0	0	0	0	0	0	9.94281	0	0	0	0	0	0	0	0	0	0	0	0	0	0	0	0	0	0	0	0	8.0296	0	0	0	0	9.09223	12.7096	4.29854	4.00914	7.71934	0	0	11.50963	9.04579	11.13397	5.14461	11.21571	0	11.77552	0	2.22792	5.93175	0	10.59775	5.41425	8.94071	0	0	0	0	0	0	0	0	0	8.93961	0	0	0	0	6.4858	0	0	8.65671	0	0	11.24177	0	0	0	0	0	0	0	0	0	0	0	0	0	0	0	0	8.55849	0	0	0	0	
0	0	0	0	0	0	0	0	0	0	0	0	0	0	0	0	0	0	0	0	0	0	0	0	0	0	0	0	0	0	0	0	0	0	5.4827	6.6572	0	0	0	6.40692	0	13.30542	0	10.23807	14.71068	10.17486	7.32664	8.38373	3.45751	10.66392	9.92555	8.8873	1.37278	8.63324	0	0	8.57913	0	0	6.29607	8.37178	0	1.37278	0	0	0	0	0	0	0	0	0	0	0	0	0	0	0	4.23906	0	0	0	0	0	0	0	0	8.24144	0	0	0	0	0	0	0	0	0	0	0	0	
0	0	0	0	0	0	0	0	10.01607	0	9.35391	0	0	0	0	0	0	0	0	0	0	0	0	0	0	0	9.70661	0	0	0	0	0	0	0	0	0.84382	0	12.42511	11.97171	0	9.9718	11.40247	0	8.77791	5.86363	11.88299	7.98905	7.56337	9.84781	8.68838	0	7.68391	0	0	0	0	8.33096	3.64674	0	0	0	0	1.57875	0	0	0	14.10838	0	0	0	0	0	0	0	0	0	0	0	0	0	0	0	0	0	0	0	0	0	0	0	0	0	0	5.92153	0	0	0	0	0	0	
0	0	0	0	0	0	0	0	0	0	0	11.22006	0	0	12.0171	0	0	0	0	0	0	0	0	0	0	0	0	0	0	0	0	10.00941	0	0	9.19572	0	10.95744	0	0	10.57272	1.13238	0	10.41752	10.06479	10.37947	7.69773	10.20584	8.75494	4.40383	9.69891	6.6577	10.00642	10.413	8.72805	0	8.07283	9.31255	0	0	5.86363	6.9794	5.16833	0	7.3813	0	0	0	0	0	0	0	0	0	3.60022	0	7.50129	0	0	0	0	0	0	0	5.45683	0	0	0	0	0	0	0	0	0	0	0	0	0	0	0	0	
0	0	0	0	0	0	0	0	0	0	0	0	12.99918	0	0	0	0	0	0	0	0	0	0	0	0	0	0	0	0	9.29489	0	0	10.21875	0	7.54681	0	11.97684	0	12.94538	10.14774	10.15522	10.66537	9.76348	7.71232	8.7936	4.75777	9.62474	10.06176	8.93141	9.24683	9.47936	10.97321	9.39877	5.68705	6.21433	6.93418	9.42257	0	0	10.16483	7.34649	0	0	0	0	0	0	0	0	0	0	0	0	10.1522	0	0	0	0	0	0	9.28186	0	0	0	0	0	0	0	0	0	0	0	0	0	0	0	0	0	0	0	
0	0	0	0	0	0	0	13.42561	0	0	0	10.88683	0	0	0	0	0	0	0	0	0	0	0	0	0	0	0	8.34028	0	0	3.64674	0	11.01038	0	0	0	10.94499	9.52787	8.65619	9.53108	10.0826	6.45388	0	10.15293	9.8751	9.87405	9.1428	8.77142	10.50556	9.56647	5.93541	9.60748	10.35099	8.59429	7.77591	7.18397	10.91561	5.46684	5.24961	8.86287	6.45694	12.14375	3.16161	0	11.03872	0	0	0	0	0	0	0	0	8.8788	0	0	0	0	0	0	0	0	0	0	0	0	0	0	0	0	0	0	0	0	0	0	0	0	0	0	
10.61178	0	0	0	0	0	0	0	10.2207	0	0	0	9.56846	0	0	0	0	0	0	0	0	0	0	0	10.72112	0	0	8.46072	0	0	0	0	14.96038	0	11.01393	8.41105	0	4.98189	10.09845	9.00784	8.10442	9.2845	7.0232	10.3337	11.89561	9.79213	8.40551	10.38176	6.12684	2.77786	10.90316	6.4147	5.47944	3.87712	11.1085	8.21445	10.35894	6.99154	0	10.49904	0	2.95531	0	7.31293	0	6.3865	0	0	0	0	0	0	0	0	0	0	0	0	0	0	0	0	4.26502	0	0	5.76206	0	0	0	0	0	0	0	0	0	0	0	0	0	0	
0	0	0	11.05956	0	0	0	0	0	0	0	0	0	0	0	0	0	0	8.73011	0	0	11.59992	0	5.52066	11.67575	8.86287	0	0	10.61361	10.61032	11.82528	0	12.3986	0	0	0	0	10.40954	10.9039	8.98024	8.87883	6.59287	9.2401	10.0192	9.47497	9.8508	8.07545	9.56162	10.31246	5.84966	9.8787	9.37001	10.6224	7.0643	6.08784	9.27135	0	5.26248	4.74426	8.86563	0.48275	1.13238	8.65387	0	0	0	0	0	0	3.55216	0	0	6.77993	0	3.34206	9.72163	11.89144	4.23906	0	0.48275	0	0	0	0	0	0	0	0	0	0	0	0	0	0	0	0	0	0	0	0	
8.95356	0	0	0	11.3751	8.57073	0	0	0	0	0	0	0	0	0	0	0	10.4883	0	0	0	0	0	0	9.82765	0	9.14965	9.01365	0	13.17765	10.29513	0	0	0	11.83558	10.17528	6.82805	10.93708	9.21514	9.57269	8.54381	8.93822	10.55345	9.61864	9.36624	9.14743	9.67234	8.76902	8.64335	10.30094	6.61495	10.73857	9.58199	8.50768	10.38007	10.52431	9.41239	4.00016	8.98968	9.4916	13.64503	0	5.82426	8.95702	10.42173	11.38285	9.55323	0	0	0	0	0	0	0	6.0993	0	0	0	0	0	0	0	0	0	0	0	0	0	0	0	0	0	0	0	0	0	0	0	0	0	
0	0	0	0	0	0	0	0	5.72959	0	9.21224	0	0	0	0	0	7.89877	11.78936	9.73515	8.0274	10.76823	6.01554	0	0	0	12.65042	0	10.3119	6.45445	10.51988	0	10.23168	11.62409	8.71285	8.99604	10.86217	7.54155	7.26247	10.74499	9.68012	9.61239	8.55358	6.28289	8.24746	9.2111	8.19212	8.8391	9.33693	8.95356	7.84179	8.50162	10.89205	9.58286	7.91239	5.59636	6.11234	5.49107	7.58613	0	10.53233	4.65914	9.07865	8.04151	0	7.15659	11.42933	6.90481	0	0	0	0	5.71874	0	0	8.39069	0	0	0	8.46883	0	0	0	0	0	0	6.33771	0	0	0	0	0	0	0	0	0	1.13238	0	0	0	0	
0	9.21611	0	0	6.98846	7.55293	0	0	0	0	0	0	0	0	7.94138	9.53948	0	11.59381	9.56449	0	11.08723	0	5.6799	0	0	0	0	0	10.24677	9.96133	7.58511	0	11.01731	4.95624	9.62037	8.71492	9.55188	8.5965	9.08132	9.31398	8.82296	8.55987	8.37659	8.11807	8.99313	7.98595	8.19682	9.93003	8.63522	8.30725	7.35394	7.98174	7.46702	6.85898	8.12026	8.23808	5.76164	7.00485	8.61278	5.03929	0	8.03179	0	11.30862	9.96695	3.09608	5.65532	9.64565	0	0	0	0	0	0	0	4.26911	0	0	0	0	9.96941	0	0	0	0	0	0	0	0	0	0	0	0	0	0	0	0	0	0	0	
0	12.04437	8.23003	0	8.68641	0	0	0	0	0	6.51117	0	0	0	8.68345	9.85577	0	7.63887	0	0	7.55293	4.86871	8.55465	8.03621	9.74654	9.54409	0	4.16527	9.61453	8.31303	11.53648	10.00662	9.95899	11.02322	9.38086	8.85201	8.86926	7.72356	8.66498	8.76832	7.76744	8.55501	7.0166	6.93423	7.60739	7.32492	8.90667	7.85649	9.07254	8.8226	7.61913	9.33181	8.26695	8.53378	7.3499	6.73831	7.85314	5.10094	8.18543	6.7955	0	6.88981	9.9326	9.68248	3.37415	1.13238	2.31444	0	0	0	0	4.90073	0	0	9.08077	0	6.022	0	0	0	0	0	0	4.83875	0	1.77608	0	0	0	0	0	0	0	0	0	0	0	0	0	0	
0	0	0	0	0	0	0	0	8.56583	0	8.96507	11.68961	0	0	0	0	0	0	10.97179	0	6.44031	0	0	0	0	7.48094	11.00699	0	3.39752	8.45746	7.88243	8.07283	7.95068	8.85497	9.22258	9.21462	8.38406	9.36555	9.43594	9.65176	5.63553	8.60108	8.38706	7.58474	8.62009	8.5819	7.16088	8.46045	8.52602	8.58264	8.37626	8.07102	7.66892	7.86247	7.18974	9.49625	8.43272	8.61625	11.63891	7.42303	9.56695	4.87137	8.83552	6.77609	0	8.09377	0	9.45978	0	0	0	0	0	0	0	0	0	0	5.33428	0	0	10.33472	0	0	0	0	0	8.79116	6.10764	5.76164	0	0	0	0	0	0	0	0	0	0	
0	0	0	0	0	0	0	0	11.14458	8.48652	2.31098	3.0274	0	12.40274	0	0	0	4.20838	9.9205	3.9952	0	0	0.48275	8.14921	9.43069	4.32739	8.1148	9.15249	5.2788	9.79579	0	6.6895	4.6252	4.39528	5.80126	9.84567	9.70196	6.28392	6.10073	5.9362	6.46059	9.61581	8.02926	8.97287	6.7264	7.93724	8.45453	7.90822	6.62193	9.61531	8.61388	7.4241	7.76201	7.0021	8.54464	8.10057	7.98795	10.3912	9.74987	6.59106	6.7669	8.83879	8.71788	5.41712	3.50097	9.81648	10.45069	0	0	0	0	0	0	9.773	8.51814	0	0	0	13.73592	0	0	0	0	0	0	0	0	0	8.53987	0	3.28438	0	0	0	0	0	0	0	0	0	
0	0	9.99487	9.81438	0	4.32739	0	3.6918	3.16161	0	0	0	0	0	0	0	0	8.66097	0	0	0	0	0	10.23311	0	9.06266	0	10.79815	9.10075	8.03218	0	8.85267	0	7.05895	4.96471	8.4391	7.60286	6.9447	3.03811	10.01089	8.40636	8.91112	7.80021	7.46775	7.93516	8.07708	5.87723	8.46869	7.94172	8.24061	8.2525	7.97725	8.05951	8.07714	8.13924	5.85679	7.84128	7.43047	7.25191	6.10633	10.80571	7.86156	5.34529	9.79768	6.28387	0	0	6.16078	6.67723	6.72137	4.24289	0	8.52594	0	2.20009	0	5.99305	0	0	0	0	0	4.96526	0	0	0	0	0	0	0	0	0	0	0	0	0	0	0	0	0	
0	0	0	0	0	0	0	0	0	0	9.48851	9.89242	8.08414	0	9.37047	0	0	8.20693	0	8.00302	0	0	0	0	0	0	7.13842	5.40364	6.61686	0	8.29195	8.61277	6.70927	8.20326	5.32774	9.30481	8.09198	7.92921	6.84934	8.64603	8.6901	5.96008	5.30693	7.39053	7.09715	7.90803	6.18588	5.40184	7.42901	5.86561	8.26466	9.28681	9.23987	7.29802	8.06462	6.78442	6.92865	7.44189	9.15276	6.98515	7.90656	5.66871	7.86499	6.20262	0.48275	5.89525	7.4969	4.21901	0	0	9.11323	0	6.3526	5.98308	0	13.26027	0	0	0	0	0	0	0	0	0	0	0	0	6.83753	0	0	0	0	0	0	0	0	0	0	0	
0	0	0	0	0	0	0	0	0	9.95268	0	0	7.81723	0	0	0	0	0	0	0	0	0	0	10.11622	0	0	8.31474	0	0	4.14846	6.81244	0	0	6.19413	9.9745	7.85981	6.54226	0	0	8.79092	4.02393	11.49119	6.0337	6.24404	7.86089	9.1971	6.57285	7.35305	9.6182	6.45888	7.26168	9.07008	7.251	6.87718	8.08873	7.3203	8.43777	6.90736	4.41791	7.34394	7.50077	5.81673	4.71557	8.86917	7.06043	4.60219	8.44764	9.81497	7.47705	0	0	8.16959	0	4.23906	0	5.15279	10.02929	0	0	0	0	0	0	0	10.97805	0	0	1.57875	0	0	0	7.15058	0	0	0	0	9.07334	0	0	0	
0	0	0	0	0	0	0	0	0	0	0	13.48922	0	0	0	0	0	7.25332	12.57443	0	0	0	0	5.39003	0	0	0	10.06452	0	0	0	0	5.03152	5.30559	5.96218	0	4.23523	7.90369	1.09716	0.24138	8.39244	9.29374	8.00858	0.78938	0	8.32842	6.88074	5.33943	7.46373	6.1992	7.92881	9.38036	8.22192	4.9479	6.85297	5.45487	7.32342	6.763	7.11289	8.61697	7.2457	6.11668	0	7.09733	9.62942	0	6.49784	9.39962	11.75012	7.70595	0	0	0	2.19431	0	10.45642	0	9.09552	0	0	0	6.85027	0	0	0	0	0	0	0	0	0	0	0	0	0	0	0	0	0	0	
0	0	0	0	6.67048	0	0	0	0	0	9.84521	0	1.13238	0	0	10.96578	0	0	7.22911	0	6.37669	6.3865	0	0	0	9.12046	8.84678	0	0	5.66655	0	8.33984	12.12526	0	0	7.04599	11.17217	11.62373	12.51876	9.46997	5.50079	8.9466	6.96141	9.79446	3.48056	6.36587	12.32698	5.85642	8.04618	9.28895	7.48935	5.84843	9.55251	7.49836	5.93439	7.92292	6.12096	7.98723	3.60047	7.23656	5.91244	7.65649	5.12301	7.32952	8.91028	0	8.01214	11.03618	0	0	8.26505	8.95933	7.57761	11.33139	8.06141	0	6.82856	0	0	0	6.76946	0	0	0.48275	0	3.60022	0	0	0	0.48275	0	0	0	0	0	0	0	0	0	0	
0	0	0	0	0	0	0	0	0	0	0	5.6289	2.1637	0	0	8.10024	0	0	0	0.84382	5.65189	0	0.84382	0	0	0	0	0	0	5.66437	5.08684	7.7593	0	0	0	8.22429	0	0	0	5.16882	4.75322	6.20949	4.20339	4.62808	7.02428	4.25969	6.39253	6.99121	6.02253	3.80583	0	0	7.85529	11.08031	1.13238	6.32267	8.66134	7.37762	6.56293	6.42495	8.45875	6.24967	8.66811	8.32008	5.59571	6.65267	9.46679	9.56322	3.97309	8.93801	0	7.27548	6.89059	10.0842	10.58142	0	4.00914	0	8.1292	0	0	0	0	0	0	0	0	0	0	0	0	0	0	0	0	0	0	0	0	0	
0	0	0	10.78067	0	0	0	0	0	0	0	0	0	0	0	0	1.37278	0	0	0	0	0	10.61068	0	0	0	5.94728	8.49344	10.40702	6.80065	0	0	4.51461	0	0	11.76438	0	3.7355	5.45683	2.5601	4.56452	0	0.48275	0	2.80147	10.63613	8.45837	7.29631	7.09057	5.82497	6.43263	7.48351	8.60636	8.51575	8.86711	7.77217	8.27267	5.46605	7.19034	6.39593	8.67611	10.13743	8.3297	8.82977	6.68409	6.72692	6.70012	8.92671	11.79312	9.2291	4.67687	8.18674	5.19324	2.04139	6.92729	0	11.98011	0	6.71837	9.1153	1.38819	7.39499	8.18543	0	0	6.62591	0	0	0	0	0	0	0	0	0	0	0	3.39752	0	12.83209	
0	0	5.49578	0	0	0	0	0	0	0	0	0	0	0	0	0	0	0	0	0	7.37094	0	0	0	0	9.84894	0	8.55509	0	11.14483	0	10.54043	10.86916	0	3.97309	0	0	6.30715	6.18726	0	7.15461	0	0	8.58886	11.00731	8.28621	2.5261	4.03899	6.1647	5.8956	9.6065	9.4909	8.45843	8.57455	5.79302	10.25079	0	6.99914	7.22722	6.58426	4.47449	5.7838	6.04734	3.13561	4.33125	7.86499	6.44946	0	8.07454	4.73617	4.93166	7.66049	5.80361	8.30719	0	0	6.69038	0	1.73151	6.93323	0	6.20397	0	0	0	0	0	0	7.72312	0	0	0	0	0	0	0	4.29854	0	0	0	
0	0	0	0	4.8882	0	0	0	0	0	0	0	9.85886	0	0	0	0	0	0	0	4.14498	4.7025	0	0	0	0	0	6.90399	0	0	0	0	9.107	0	0	0	9.69352	0	3.97309	7.79417	0	0	3.89967	0	7.44849	0	5.92785	6.3865	6.9565	5.00742	5.03532	7.36958	7.25561	5.17821	9.12428	0.78938	0	5.6763	4.70964	2.19267	7.45253	7.26464	8.71138	6.75107	6.93816	9.05601	7.82623	5.16839	7.00695	6.66661	7.21283	0	0	9.04671	0	8.95227	5.7789	5.54659	0	0	0	0	0	0	5.45683	2.06326	0	0	0	0	0	0	0	0	0	0	8.90534	0	0	0	
0	0	0	0	0	0	0	0	7.94138	0	0	0	0	0	0	0	7.85239	1.13238	6.27246	0	0	0	0	0	4.9766	0	0	0	0	0	0	0	0	0	5.64044	8.27885	0	9.35567	0	0	0	0	6.74829	11.27315	0	10.10774	10.01717	7.95531	0	6.31862	0	9.27837	9.38683	8.22653	0	7.70905	0	6.14166	0	6.62719	9.20064	7.82989	5.596	7.81469	5.62918	6.31961	6.74405	5.43443	10.36981	6.39872	7.40359	6.97549	5.63225	7.4386	8.60062	5.9547	9.87319	8.25277	0	0.48275	10.17478	11.08274	10.42873	0	6.01582	1.13238	9.18984	4.14498	7.71724	0	6.39191	0	0	8.4058	0	0	0	0	0	0	
0	0	0	0	0	0	0	0	0	0	0	0	0	0	0	0	0	0	0	0	9.37626	0	0	0	0	0	0	0	0	6.60839	0	0	0	0	4.26911	0	0	0	0	0	8.65955	0	7.74424	8.83928	4.74094	0	0	5.4827	4.7025	6.60815	10.67382	0	0	2.69502	4.38158	7.12312	0	0	7.60693	8.59333	9.62836	6.11355	4.75737	4.63981	7.05571	8.64955	4.0159	6.1228	7.87111	5.64117	9.65527	6.88336	4.46046	6.32495	5.46951	1.37278	1.59864	0	6.705	0	0	0	3.60022	0	0	0	8.64151	0	0	0	0	0	0	0	0	0	0	0	0	0	
0	0	0	0	6.35883	0	0	0	0	0	0	0.48275	0	4.51461	0	0	0	0	0	0	0	0	0	0	0	0	0	0	0	0	0	0	0	0	0	0	0	0	0	8.25741	0	0	5.15279	0	4.84903	0	1.98088	7.52207	0	0	3.45092	0	0	0	9.25322	0	0	0	0	9.47003	7.03229	1.57875	7.15015	7.61796	7.21827	0	1.43972	7.0925	9.12131	6.96392	9.24415	8.70936	8.68049	5.99873	0	0	4.41794	6.42037	7.46736	5.72959	7.09295	8.60317	2.19431	0	0	0	7.5345	10.81054	0	4.33492	0	0	0	0	8.24334	0	0	0	0	0	
0	0	0	0	0	0	0	0	0	0	0	0	0	0	0	0	0	5.18146	0	0	0	10.32537	8.68624	0	0	0	9.34601	0	0	0	0	0	0	5.708	8.16304	0	0	0	0	0	0	0	0	0	0	0	0	0	1.37278	0	7.10549	0	0	0	0	8.50078	8.48652	9.92159	4.20838	5.72959	0	8.06245	5.0816	0	8.15211	6.87426	6.14313	7.17068	5.57661	3.88587	8.64835	6.03624	5.9239	4.70109	9.50045	7.55379	6.59236	0	9.37996	8.83878	0	0	7.62027	0	6.27986	9.38041	5.20035	5.75104	0	10.15059	0	0	0	0	0	0	8.22316	0	0	0	
0	0	0	0	0	0	0	0	6.84455	0	0	0.48275	0	0	0	0	0	0	0	0	0	0	0	0	0	0	0	0	0	0	0	0	0	0	0	0	0	0	0	9.41293	0	0	0	0	0	4.99992	0	5.71874	9.10908	0	0	10.04999	0	0	0	0	0	0	8.01051	0	8.29925	0	7.96585	9.81602	7.83623	3.68696	5.3618	0	0	6.13353	9.02783	3.34206	8.75003	6.11153	5.57355	10.31358	2.80864	0	0	6.1961	5.9722	7.48446	10.18565	10.09283	8.08431	0	0	0	0	0	7.23673	0	9.24979	0	0	0	0	0	0	0	
0	0	0	0	0	0	0	0	0	0	0	0	0	10.14065	0	0	0	0	0	6.60839	0	0	0	0	0	3.11331	0	0	0	0	0	0	0	0	8.33674	0	0	8.05268	0	0	9.78474	0	3.09608	11.38671	0	0	0	0	0	0	7.00641	6.5606	0	0	5.4827	0	0	0	0	7.24975	6.91548	0	5.0189	9.06373	6.71593	5.75484	10.26786	7.52519	2.87943	4.72688	6.44901	0	6.76732	6.41768	10.12636	7.37704	5.75623	5.04413	7.14522	3.71357	0	8.00787	8.249	3.7848	3.70612	0	0	6.18848	5.30685	0	4.8086	0	0	8.3491	0	0	0	0	4.96246	0	
0	0	0	0	0	0	0	9.06694	0	0	0	0	0	0	0	0	0	0	0	0	0	0	11.0566	0	0	0	0	0	8.53215	0	0	0	0	0	9.64333	0	0	2.52832	0	0	0	1.27301	0	0	0	0	8.10256	0	0	0	0	0	10.29922	0	0	0	4.88406	5.99529	0	6.79654	9.39208	0	0	5.97139	0	6.31629	0	8.73419	6.85877	9.64421	8.23921	7.61869	6.3865	5.62197	8.09396	6.77158	4.74465	0.48275	6.81138	6.88723	7.14731	7.73203	4.574	0	6.09888	0	0.48275	5.3612	0	0	9.92582	8.16033	0	0	0	0	9.48451	0	0	0	
0	0	0	0	0	0	0	0	3.7355	0	0	0	0	0	0	0	0	0	0	0	0	0	0	0	0	0	0	0	0	0	0	0	0	0	0	0	0	6.48857	0	0	0	0	0	0	0	0	0	0	0	6.41366	0	4.82904	0	6.01337	0	0	5.56978	6.00329	0.48275	0	3.2243	0	9.91695	11.9322	7.27054	6.25033	0	0	9.75349	7.29743	0	2.87943	7.28655	10.21169	8.52483	7.51874	0	3.63875	4.05575	6.23315	3.5007	9.62909	5.67452	0	0	0	7.0072	0	0	0	0	0	6.67464	6.64033	12.71639	0	0	0	0	0	
0	0	0	0	0	0	0	7.81469	0	0	0	0	0	0	0	0	0	0	0	0	0	0	0	0	0	0	0	0	0	0	0	0	0	0	0	0	0	3.9893	0	6.76946	0	0	0	0	0	0	0	0	0	0	4.38349	0	0	11.57795	8.69149	0	0	6.88223	9.04648	12.49114	0	0.48275	0	8.13986	8.5137	9.89182	0	0	7.07603	5.45939	8.48681	4.11984	4.67267	8.50944	8.42279	7.73236	5.60393	0	8.14829	5.91091	7.66868	9.92641	2.19799	8.31311	5.28367	0	0	1.19838	0	0	9.04648	0	0	0	0	2.55455	0	0	0	0	
0	0	0	0	0	0	0	0	0	0	0	0	0	0	0	0	0	0	0	0	0	0	0	0	0	9.37824	0	0	0	0	0	0	0	0	0	0	0	3.60022	0	0	0	0	0	0	10.60112	0	0	0	8.22237	0	0	0	0	0	0	1.57875	0	0	0	0	0	0	8.57219	0	0	5.34947	4.34608	8.57184	0	6.85709	2.71524	0	7.00257	0	8.1065	6.87329	6.65465	7.17155	5.78808	7.73134	5.42449	0	6.69507	0	6.36579	5.77013	0	0	0	0	11.10504	0	0	0	0	0	0	2.42533	0	0	
0	0	0	0	0	0	0	0	0	0	0	0	5.66325	0	0	0	0	0	0	0	0	0	0	0	0	0	0	0	0	0	0	0	0	0	0	0	0	0	0	0	0	0	0	0	0	0	0	9.52865	0	0	3.28438	0	9.42653	0	0	0	0	0	0	6.68602	0	0	0	5.36272	3.16161	11.05821	8.64681	0	11.0231	0	0	8.78573	0	0	0	2.29194	5.81801	9.17051	6.46921	4.23927	0	5.60677	4.61248	4.70084	5.2856	3.9972	5.8806	0	7.84243	0	0	0	0	7.6331	0	0	0	0	0	0	
0	0	0	0	0	0	0	0	0	0	0	0	0	0	0	0	0	0	0	0	0	0	0	0	0	0	0	0	0	0	0	0	9.87543	0	0	0	0	0	0	0	5.72959	0	0	0	0	0	0	0	0	0	0	0	0	0	0	0	6.13669	0	0	0	8.8438	0	0	4.59303	0	6.90958	0	0	6.19554	0	0	0	10.17775	0	0	3.50243	0	0	3.35501	9.40577	8.69544	5.67452	9.40471	0	0.48275	0	0	0	2.62443	0.48275	8.14448	5.42676	5.76725	0	0	0	0	0	0	0	
0	0	0	0	0	0	0	1.5137	0	0	0	0	0	0	0	0	0	0	0	0	0	0	0	0	0	0	0	4.00914	0	0	0	0	0	0	0	0	0	0	0	0	0	0	0	0	0	0	0	0	0	0	0	0	0	0	0	0	0	0.48275	0	0	0	0	0	0	0	0	0	0	0	0	3.43301	4.84218	6.1453	0.48275	0	7.22911	5.89287	0	9.62398	4.90743	0	6.05845	0	8.0296	0.84382	9.83634	0	10.16333	0	0.84382	0	2.19431	0	0	0	8.95124	0	0	0	0	
0	0	0	0	0	0	0	0	0	0	0	0	0	0	0	0	0	0	0	0	7.8721	0	0	0	0	0	0	0	0	0	1.57875	0	0	0	0	0	0	0	0	0	0	0	0	0	0	0	0	0	0	0	0	0	0	0	0	0	0	0	0	11.46242	0	0	0	0	6.86109	8.30265	8.93493	8.33728	0	0	0	0	0	0	0	1.57875	6.21924	0.84382	0	0	3.4549	0	0	0	4.7406	5.10361	7.35673	5.33073	7.83492	0	6.68282	6.90001	7.16263	3.64674	0	7.08029	0	0	0	0	
0	0	0	0	0	0	0	0	0	0	0	0	0	0	0	0	0	0	0	0	0	0	0	0	0	0	0	0	0	0	0	0	0	0	0	0	0	0	0	0	0	0	0	0	0	0	0	0	4.74588	0	0	0	0	0	0	0	0	0	0	0	0	0	0	0	0	0	0	0	0	9.74521	10.09577	9.34953	6.82763	0	9.22667	7.67579	0	11.18872	0.48275	0	0	7.90117	9.71433	0	4.44848	0	1.75894	0	0	6.10324	0	1.90386	8.10802	0	5.13659	0	0	0	0	0	
0	0	0	0	0	0	0	0	0	0	0	0	0	0	0	6.61419	0	0	0	0	0	0	0	0	0	0	0	0	0	0	0	0	0	0	8.52439	0	0	0	0	0	0	0	0	0	0	0	0	0	0	0	0	0	0	0	0	0	0	0	0	0	0	0	0	0	0	0	0	6.76946	0	0	0	0	0	9.77692	0	0	0	0.24138	0	0	0	4.32739	0	0	3.27699	0	7.4712	4.51033	8.76479	10.54965	8.71108	0	10.16533	0	0	0	0	0	0	0	
0	0	0	0	0	0	0	0	0	0	0	0	0	0	0	0	0	0	0	0	0	0	0	0	0	0	0	0	0	0	0	0	0	0	0	0	0	0	0	0	0	0	0	0	0	0	0	0	9.50754	1.37278	0	0	0	0	0	0	0	0	0	7.34296	0	0	0	0	0	7.36997	0	0	0	0	0	5.13659	0	0	0	0	0	11.972	0	5.32781	9.9915	0	0	10.05216	0	0	0	0	0	0	0	0	0	0	0	0	0	0	0	0	
0	0	0	0	0	0	0	0	0	0	0	0	0	0	0	0	0	0	0	0	0	0	0	0	0	0	0	0	0	0	0	0	0	0	0	0	0	0	0	0	0	0	0	0	0	0	0	0	0	0	0	0	0	0	0	4.6261	0	0	12.89629	0	0	0	0	0	6.82614	0	0	0	0	0	0	11.62373	0	7.16663	0	0	6.79033	0	0	0	5.60635	7.28721	4.73441	7.18473	0	0	0	8.28988	8.42322	0	0	10.56562	10.60775	0	0	0	0	0	0	0	
0	0	0	0	0	0	0	0	0	0	0	0	0	0	0	0	0	0	0	0	0	0	0	0	0	0	0	0	0	0	0	0	0	0	0	0	0	0	0	0	0	0	0	0	0	0	0	0	0	0	0	0	0	0	0	0	0	0	0	0	0	0	0	0	0	0	0	0	0	0	0	0	0	0	0	0	0	0	0	0	0	0	0	0	0	0	1.13238	0	0	0	0	9.40217	0	0	0	0	0	0	0	0	
0	0	0	0	0	0	0	0	0	0	0	0	0	0	0	0	0	0	0	0	0	0	0	0	0	0	0	0	0	0	0	0	0	0	0	0	0	0	0	0	0	0	0	0	0	0	0	0	0	0	0	0	0	0	0	0	0	0	0	0	0	0	0	0	0	0	0	0	0	0	8.10267	0	0	0	0	0	0	0	0	9.356	0	0	0	9.71278	0	0	0	0.84382	0	0	8.74	10.77643	0	0	0	0	0	0	0	0	
0	0	0	0	0	0	0	0	0	0	0	0	0	0	0	0	0	0	0	0	0	0	0	0	0	0	0	0	0	0	0	0	0	0	0	0	0	0	0	0	0	0	0	0	0	0	0	0	0	0	0	0	0	0	0	0	0	0	0	6.51744	0	0	0	0	0	0	0	0	0	0	3.6918	0	0	0	0	0	0	0	0	0	0	0	0	0	0	0	5.15279	0	0	0	0	0	0	0	0	0	0	0	0	0	
0	0	0	0	0	0	0	0	0	0	0	0	0	0	0	0	0	0	0	0	0	0	0	0	0	0	0	0	0	0	0	0	0	0	0	0	0	0	0	0	0	0	0	0	0	0	0	0	0	0	0	0	0	0	0	0	0	0	0	0	0	0	0	0	0	0	0	0	0	8.75951	5.08684	0	0	0	0	0	0	0	7.5345	0	0	0	0	0	0	0	0	0	6.94724	8.02079	0	0	0	0	0	0	0	0	0	0	
0	0	0	0	0	0	0	0	0	0	0	0	0	0	0	0	0	0	0	0	0	0	0	0	0	0	0	0	0	0	0	0	0	0	0	0	0	0	0	0	0	0	0	0	0	0	0	0	0	0	0	0	0	0	0	0	0	0	0	0	0	0	0	0	0	0	0	0	0	0	0	0	0	0	0	0	0	0	0	0	0	0	0	0	0	0	0	0	0	0	0	0	0	0	0	0	0	0	0	0	
0	0	0	0	0	0	0	0	0	0	0	0	0	0	0	0	0	0	0	0	0	0	0	0	0	0	0	0	0	0	0	0	0	0	0	0	0	0	0	0	0	0	0	0	0	0	0	0	0	0	0	0	0	0	0	0	0	0	8.45256	0	0	0	0	0	0	0	0	0	0	0	0	0	0	0	0	7.05895	0	0	0	0	0	0	0	0	0	0	0	0	0	0	0	0	0	0	0	0	0	0	0	0	
0	0	0	0	0	0	0	0	0	0	0	0	0	0	0	0	0	0	0	0	0	0	0	0	0	0	0	0	0	0	0	0	10.10257	0	0	0	0	0	0	0	0	0	0	0	0	0	0	0	0	0	3.34206	0	0	0	0	0	0	0	0	0	0	0	0	0	0	0	0	0	0	0	0	0	0	0	0	1.91911	0	0	0	0	0	0	0	0	0	0	0	0	0	0	0	0	0	0	0	0	0	0	0	0	
0	0	0	0	0	0	0	0	0	0	0	0	0	0	0	0	0	0	0	0	0	0	0	0	0	0	0	0	0	0	0	0	0	0	0	0	0	0	0	0	0	0	0	0	0	0	0	0	0	0	0	0	0	0	0	0	0	0	0	0	0	0	0	0	0	0	0	0	0	0	0	0	0	0	0	0	0	0	0	0	0	0	0	0	0	0	0	0	0	0	0	0	0	0	0	0	0	0	0	0	
0	0	0	0	0	0	0	0	0	0	0	0	0	0	0	0	0	0	0	0	0	0	0	0	0	0	0	0	0	0	0	0	0	0	0	0	0	0	0	0	0	0	0	0	0	0	0	0	0	0	0	0	0	0	0	0	0	0	0	0	0	0	0	0	0	0	0	0	0	0	0	0	0	0	0	0	0	0	0	0	0	0	0	0	0	0	0	0	0	0	0	0	0	0	0	0	0	0	0	0	
0	0	0	0	0	0	0	0	0	0	0	0	0	0	0	0	0	0	0	0	0	0	0	0	0	0	0	0	0	0	0	0	0	0	0	0	0	0	0	0	0	0	0	0	0	0	0	0	0	0	0	0	0	0	0	0	0	0	0	0	0	0	0	0	0	0	0	0	0	0	0	0	0	0	0	0	0	0	0	0	0	0	0	0	0	0	0	0	0	0	0	0	0	0	0	0	0	0	0	0	
0	0	0	0	0	0	0	0	0	0	0	0	0	0	0	0	0	0	0	0	0	0	0	0	0	0	0	0	0	0	0	0	0	0	0	0	0	0	0	0	0	0	0	0	0	0	0	0	0	0	0	0	0	0	0	0	0	0	0	0	0	0	0	0	0	0	0	0	0	0	0	0	0	0	0	0	0	0	0	0	0	0	0	0	0	0	0	0	0	0	0	0	0	0	0	0	0	0	0	0	
0	0	0	0	0	0	0	0	0	0	0	0	0	0	0	0	0	0	0	0	0	0	0	0	0	0	0	0	0	0	0	0	0	0	0	0	0	0	0	0	0	0	0	0	0	0	0	0	0	0	0	0	0	0	0	0	0	0	0	0	0	0	0	0	0	0	0	0	0	0	0	0	0	0	0	0	0	0	0	0	0	0.84382	0	0	0	0	0	0	0	0	0	0	0	0	0	0	0	0	0	0	
0	0	0	0	0	0	0	0	0	0	0	0	0	0	0	0	0	0	0	0	0	0	0	0	0	0	0	0	0	0	0	0	0	0	0	0	0	0	0	0	0	0	0	0	0	0	0	12.7209	0	0	0	0	0	0	0	0	0	0	0	0	0	0	0	0	0	0	0	0	0	0	0	0	0	0	9.038	0	0	0	0	0	0	0	0	0	0	0	0	0	0	0	0	0	0	0	0	0	0	0	0	0	
