0	0	0	0	0	0	0	0	0	0	0	0	0	0	0	0	0	0	0	0	0	0	0	0	0	0	0	0	0	0	0	0	0	0	0	0	0	0	0	0	0	0	0	0	0	0	0	0	0	0	0	9.79493	0	0	0	0	0	0	0	0	0	0	0	0	0	0	0	0	0	0	0	0	0	0	0	0	0	0	0	0	0	0	0	0	0	0	0	0	0	0	0	0	0	0	0	0	0	0	0	0	
0	0	0	0	0	0	0	0	0	0	0	0	0	0	0	0	0	0	0	0	0	0	0	0	0	0	0	0	0	0	0	0	0	0	0	0	0	0	0	0	0	0	0	0	0	0	0	14.14136	0	0	0	0	0	0	0	0	0	0	0	0	0	0	0	12.41748	0	0	0	0	0	0	0	0	0	0	0	0	0	0	0	0	0	0	0	0	0	0	0	0	0	0	0	0	0	0	0	0	0	0	0	0	
0	0	0	0	0	0	0	0	0	0	0	0	0	0	0	0	0	0	0	0	0	0	0	0	0	0	0	0	0	0	0	0	0	0	0	0	0	0	0	0	0	0	0	0	0	0	0	0	0	0	0	0	0	0	11.40363	0	0	0	0	0	0	0	0	0	0	0	0	0	0	0	0	0	0	0	0	0	0	0	0	0	0	0	0	0	0	0	0	0	0	0	0	0	0	0	0	0	0	0	0	0	
0	0	0	0	0	0	0	0	0	0	0	0	0	0	0	0	0	0	0	0	0	0	0	0	0	0	0	0	0	0	0	0	0	0	0	0	0	0	0	0	0	0	0	0	0	0	15.721	7.29282	0	0	0	0	0	0	0	0	0	0	0	0	0	0	0	0	0	0	0	0	0	0	0	0	0	0	0	0	0	0	0	0	0	0	0	0	0	0	0	0	0	0	0	0	0	0	0	0	0	0	0	0	
0	0	0	0	0	0	0	0	0	0	0	0	0	0	0	0	0	0	0	0	0	0	0	0	0	0	0	0	0	0	0	0	0	0	0	0	0	4.16777	0	0	0	0	0	13.20435	0	0	0	0	0	0	0	0	0	0	0	0	0	0	0	0	0	0	0	0	0	0	0	0	0	0	0	0	0	0	0	0	0	0	0	0	0	0	0	0	0	0	0	0	0	0	0	0	0	0	0	0	0	0	0	0	
0	0	0	0	0	0	0	0	0	0	0	0	0	0	0	0	0	0	0	0	0	0	0	0	0	0	0	0	0	0	0	0	0	0	0	0	0	0	0	0	0	0	0	0	0	0	0	0	0	0	0	0	0	0	0	0	0	0	0	0	0	0	0	0	0	0	0	0	0	0	0	0	6.04578	0	0	0	0	0	0	0	0	0	0	0	0	0	0	0	0	0	0	0	0	0	0	0	0	0	0	0	
0	0	0	0	0	0	0	0	0	0	0	0	0	0	0	0	0	0	0	0	0	0	0	0	0	0	0	0	0	0	0	0	0	0	0	0	0	0	0	0	0	0	0	0	0	0	0	0	0	0	0	0	0	0	0	0	0	0	0	0	0	0	0	0	0	0	0	0	0	0	0	0	0	0	10.01731	0	0	0	0	0	0	0	0	0	0	0	0	0	0	0	0	0	0	0	0	0	0	0	0	0	
0	0	0	0	0	0	0	0	0	0	0	0	0	0	0	0	0	0	0	0	0	0	0	0	0	0	0	0	0	0	0	0	0	0	0	0	0	0	0	0	0	0	0	0	0	0	0	0	0	0	0	8.57489	0	0	0	13.45236	0	0	7.41558	0	0	0	0	0	0	0	0	0	0	0	0	0	0	0	0	0	0	0	0	0	0	0	0	0	0	0	0	0	0	0	0	0	0	0	0	0	0	0	0	0	
0	0	0	0	0	0	0	0	0	0	0	0	0	0	0	0	0	0	0	0	0	0	0	0	0	0	0	0	8.76094	0	0	0	0	0	0	0	0	0	0	0	0	0	0	0	0	0	0	0	0	0	0	0	0	0	0	0	0	0	0	0	0	0	0	0	0	0	0	6.73574	0	0	0	0	0	0	0	0	0	0	0	0	0	0	0	0	0	0	0	0	0	0	0	0	0	0	0	0	0	0	0	0	
0	0	0	0	0	0	0	0	0	0	0	0	0	0	0	0	0	0	0	0	0	0	0	0	0	0	0	0	0	0	0	0	0	0	0	0	0	0	0	0	0	0	0	0	0	0	0	0	0	0	0	0	0	0	0	8.04227	0	0	0	0	0	0	0	0	0	0	0	0	0	0	0	0	0	0	0	0	0	0	0	0	0	0	0	0	0	0	0	0	0	0	0	0	0	0	0	0	0	0	0	0	
0	0	0	0	0	0	0	0	0	0	0	0	0	0	0	0	0	0	0	0	0	0	0	0	0	0	0	0	0	0	0	0	0	0	0	0	0	0	0	0	0	0	0	0	0	0	0	0	0	0	0	0	0	0	0	0	0	0	0	0	0	0	0	0	0	0	0	11.28951	0	0	0	0	0	0	0	0	0	0	0	0	0	0	0	0	0	0	0	0	0	0	0	0	0	0	0	0	0	0	0	0	
0	0	0	0	0	0	0	0	0	0	0	0	0	0	0	0	0	0	0	0	0	0	0	0	0	0	0	0	0	0	0	0	0	0	0	0	0	0	0	0	0	0	0	0	0	0	0	0	0	0	0	0	6.22924	0	0	0	2.25878	0	0	0	0	0	0	0	0	0	0	0	0	0	0	4.75121	0	0	0	0	0	0	0	0	0	0	0	0	0	0	0	0	0	0	0	0	0	0	0	0	0	0	0	0	
0	0	0	0	0	0	0	0	0	0	0	0	0	0	0	0	0	0	0	0	0	0	0	0	0	0	0	0	0	0	0	0	0	0	0	0	0	0	0	0	0	0	0	0	0	0	0	0	10.80404	0	0	0	12.94516	0	0	0	0	0	0	0	0	0	0	0	0	0	0	5.83556	0	0	0	0	0	0	0	0	0	0	0	0	0	0	0	0	0	0	0	0	0	0	0	0	0	0	0	0	0	0	0	0	
0	0	0	0	0	0	0	0	0	0	0	0	0	0	0	0	0	0	0	0	0	0	0	0	0	0	0	0	0	0	12.00737	0	0	0	0	0	0	0	0	6.13559	0	0	0	0	0	0	0	8.61937	0	0	0	0	0	0	0	0	0	8.73882	5.10747	0	9.34841	0	0	11.03683	0	0	0	0	0	0	0	0	0	0	0	0	0	0	0	0	0	0	0	0	0	0	0	0	0	0	0	0	0	0	0	0	0	0	0	0	
0	0	0	0	0	0	0	0	0	0	0	0	0	0	0	0	0	0	0	0	0	0	0	0	0	0	0	0	0	0	0	0	0	0	0	0	0	0	0	0	0	0	0	0	0	0	0	0	0	0	0	0	0	0	5.62613	0	0	0	0	0	0	0	0	0	0	0	0	0	0	0	0	0	0	0	0	0	0	0	0	0	0	0	0	0	0	0	0	0	0	0	0	0	0	0	0	0	0	0	0	0	
0	0	0	0	0	0	0	0	0	0	0	0	0	0	0	0	0	0	0	0	0	0	0	0	0	0	0	0	0	0	0	0	0	0	0	0	0	0	0	0	0	0	15.87457	0	0	0	0	0	0	0	0	0	10.40366	0	0	0	0	0	0	14.17475	0	0	0	0	0	0	0	0	0	0	0	4.91798	0	0	0	0	0	0	0	0	0	0	0	0	0	0	0	0	0	0	0	0	0	0	0	0	0	0	0	0	
0	0	0	0	0	0	0	0	0	0	0	0	0	0	0	0	0	0	0	0	0	0	0	0	0	0	0	0	0	0	0	0	0	0	0	0	0	0	0	0	0	0	0	6.5243	0	0	0	11.56416	0	0	0	7.67061	0	0	0	0	0	0	4.71751	0	0	0	0	0	0	0	0	0	0	0	0	0	0	0	0	0	0	0	0	0	0	0	0	0	0	0	0	0	0	0	0	0	0	0	0	0	0	0	0	0	
0	0	0	0	0	0	0	0	0	0	0	0	0	0	0	0	0	0	0	0	0	0	0	0	0	0	0	0	0	0	0	0	0	0	0	0	0	0	0	0	0	0	7.51933	0	0	0	0	0	0	0	0	0	0	0	0	8.65524	0	0	0	0	0	0	0	0	0	0	2.25453	0	13.38351	0	0	0	0	0	0	0	0	0	0	0	0	0	0	0	0	0	0	0	0	0	0	0	0	0	0	0	0	0	0	0	
0	0	0	0	0	0	0	0	0	0	0	0	0	0	0	0	0	0	0	0	0	0	0	0	0	0	0	0	0	0	0	0	0	0	0	0	0	0	0	0	13.23479	0	0	0	0	0	0	0	0	0	0	0	0	0	0	0	0	0	0	0	0	0	0	0	0	0	0	0	0	0	0	0	0	0	0	0	0	0	0	0	0	0	0	0	0	0	0	0	0	0	0	0	0	0	0	0	0	0	0	0	
0	0	0	0	0	0	0	0	0	0	0	0	0	0	0	0	0	0	0	0	0	0	0	0	0	0	0	0	0	0	0	0	0	0	0	0	0	0	0	0	0	0	0	0	0	0	0	9.57357	0	0	8.04256	0	0	0	0	0	0	0	0	0	0	0	0	0	0	0	0	0	0	0	0	0	0	0	0	0	8.48154	0	0	0	0	0	0	0	0	0	0	0	0	0	0	0	0	0	0	0	0	0	0	0	
0	0	0	0	0	0	0	0	0	0	0	0	0	0	0	0	0	0	0	0	0	0	0	0	0	0	0	0	0	0	0	0	0	0	0	0	0	0	0	0	0	0	0	0	0	0	0	9.99015	0	0	8.90836	9.88832	0	0	0	0	6.73201	0	11.26014	0	8.55029	0	0	0	0	8.60721	0	0	0	0	0	0	0	0	0	0	0	0	0	0	0	0	0	0	0	0	0	0	0	0	0	0	0	0	0	0	0	0	0	0	
0	0	0	0	0	0	0	0	0	0	0	0	0	0	0	0	0	0	0	0	0	0	0	0	0	0	0	0	0	0	0	0	0	0	0	0	0	0	0	0	0	9.8962	0	0	0	0	0	0	0	0	0	0	0	0	0	0	0	0	0	0	0	0	0	0	0	0	0	0	0	0	0	0	0	0	0	0	0	0	0	0	0	0	0	0	0	0	0	0	0	0	0	0	0	0	0	0	0	0	0	0	
0	0	0	0	0	0	0	0	0	0	0	0	0	0	0	0	0	0	0	0	0	0	0	0	0	0	0	0	0	0	0	10.87639	0	0	0	0	0	0	0	0	0	0	0	0	0	0	0	11.55372	0	0	0	0	0	0	0	0	0	0	0	0	0	0	0	7.34203	0	0	0	2.92613	0	0	0	0	0	0	0	0	0	0	0	0	0	0	0	0	0	0	0	0	0	0	0	0	0	0	0	0	0	0	0	0	
0	0	0	0	0	0	0	0	0	0	0	0	0	0	0	0	0	0	0	0	0	0	0	0	0	0	0	0	0	0	0	5.4717	0	0	0	0	0	0	0	0	0	0	0	0	0	0	0	0	0	0	0	0	0	0	0	0	0	0	0	0	0	0	0	0	0	0	0	0	0	0	0	0	0	0	0	0	0	0	0	0	0	0	0	0	0	0	0	0	0	0	0	0	0	0	0	0	0	0	0	0	
0	0	0	0	0	0	0	0	0	0	0	0	0	0	0	0	0	0	0	0	0	0	0	0	0	0	0	0	0	0	0	0	0	0	0	0	0	0	0	0	0	0	0	10.19899	0	0	0	0	0	10.51894	0	0	0	0	9.31092	0	0	0	0	0	0	0	0	0	0	0	0	0	0	0	0	0	0	0	0	0	0	0	0	0.27865	0	0	0	0	0	0	0	0	0	0	0	0	0	0	0	0	0	0	0	0	
0	0	0	0	0	0	0	0	0	0	0	0	0	0	0	0	0	0	0	0	0	0	0	0	0	0	0	0	0	0	0	0	7.41159	0	0	0	0	0	0	0	0	0	0	0	0	0	0	5.1464	0	0	9.95796	0	0	0	0	0	0	0	9.02785	0	0	0	0	0	0	0	0	0	0	0	2.39048	0	0	0	0	0	0	0	0	0	0	0	0	0	0	5.57199	0	0	0	0	0	0	0	0	0	0	0	0	0	0	
0	0	0	0	0	0	0	0	0	0	0	0	0	0	0	0	0	0	0	0	0	0	0	0	0	0	0	0	0	0	0	0	0	0	0	0	0	0	0	10.09275	0	0	0	0	15.52637	0	6.01456	0	0	0	0	0	0	0	0	0	0	0	0	0	0	0	0	0	0	0	0	0	0	1.52902	0	0	0	0	0	0	0	0	0	0	0	0	0	0	0	0	0	0	0	0	0	0	0	0	0	0	0	0	0	0	
0	0	0	0	0	0	0	0	0	0	0	0	0	0	0	0	0	0	0	0	0	0	0	0	0	0	0	0	0	0	0	0	0	0	0	9.66606	0	0	0	0	0	0	0	0	0	0	0	9.59748	0	0	0	0	0	7.81114	0	0	0	0	0	0	9.39111	0	0	0	0	0	0	0	0	0	0	0	0	0	0	0	0	0	0	0	0	0	0	0	0	0	0	0	0	0	0	0	0	0	2.62905	0	0	0	0	0	
0	0	0	0	0	0	0	0	0	0	0	0	0	0	0	0	0	0	0	0	0	0	0	0	0	0	0	0	0	0	0	0	0	0	0	0	0	0	0	0	0	14.75436	0	0	0	0	0	0	0	0	0	0	0	0	0	0	0	0	0	0	0	0	0	0	0	0	0	4.37865	0	0	0	3.44639	0	0	0	0	0	0	0	0	0	0	0	0	0	0	0	0	0	0	0	0	0	0	0	0	0	0	0	0	
0	0	0	0	0	0	0	0	0	0	0	0	0	0	0	0	0	0	0	0	0	0	0	0	0	0	0	0	0	0	0	0	0	0	0	0	0	0	0	0	8.06785	0	0	0	10.33896	0	0	8.12374	0	0	5.39295	11.64724	0	0	0	10.59699	0	0	6.34254	0	6.644	0	0	0	0	0	0	0	0.55729	0	0	0	0	0	0	0	0	0	0	0	0	0	0	0	0	0	0	0	0	0	0	0	0	0	0	0	0	0	0	0	
0	0	0	0	0	0	0	0	0	0	0	0	0	0	0	0	0	0	0	0	0	0	0	0	0	0	0	0	0	0	0	0	0	0	0	0	0	0	0	0	0	0	0	0	15.49799	0	0	0	0	1.27166	0	0	8.125	0	0	0	0	7.19194	0	0	0	4.04952	0	0	0	0	0	0	0	0	0	0	0	0	0	0	0	0	0	0	0	0	0	0	0	0	0	0	0	0	0	0	0	0	0	0	0	0	0	0	
0	0	0	0	0	0	0	0	0	0	0	0	0	0	0	0	0	0	0	0	0	0	0	0	0	0	0	0	0	0	0	0	0	0	0	0	0	0	0	0	0	0	0	11.24789	0	0	13.41847	0	0	0	10.4535	0	0	0	0	0	0	0	0	5.58939	0	0	0	0	9.92796	0	0	9.78186	0	0	0	0	9.57536	0	0	0	3.09484	0	0	0	0	0	0	0	0	0	0	0	0	0	0	0	0	0	0	0	0	0	0	0	
0	0	0	0	0	0	0	0	0	0	0	0	0	0	0	0	0	0	0	0	0	0	0	0	0	0	0	0	0	0	0	0	0	0	0	0	0	0	0	0	0	0	0	0	0.95829	0	0	10.57084	0.55729	0	0	7.54676	6.03545	0	0	7.68384	0	0	0	0	0	0	0	0	0	0	0	9.82449	0	0	0	0	0	10.26792	0	0	0	0	0	0	0	0	0	0	0	0	0	0	0	0	0	0	0	0	0	0	0	0	0	0	
0	0	0	0	0	0	0	0	0	0	0	0	0	0	0	0	0	0	0	0	0	0	0	0	0	0	0	0	0	0	0	0	0	0	0	0	0	16.3783	0	0	0	0	0	0	0	0	0	0	3.96493	0	0	6.85962	0	0	10.48184	0	9.00553	0	0	0	0	6.54549	0	0	0	0	0	0	0	0	0	0	0	0	5.5035	0.55729	0	0	0	0	0	0	0	0	0	0	0	0	0	0	0	0	0	0	0	0	0	0	0	0	
0	0	0	0	0	0	0	0	0	0	0	0	0	0	0	0	0	0	0	0	0	0	0	0	0	0	0	0	0	0	0	0	0	0	0	0	0	0	0	0	0	0	14.6131	0	0	9.96723	0	12.85447	0	0	10.02712	0	10.83603	0	9.0978	0	0	0	0	0	0	0	0	9.38095	0	0	0	1.52902	0	0	9.46516	0	0	0	0	0	0	0	0.55729	0	0	0	0	0	0	0	0	0	0	0	0	0	0	0	0	0	0	0	0	0	
0	0	0	0	0	0	0	0	0	0	0	0	0	0	0	0	0	0	0	0	0	0	0	0	0	0	0	0	0	0	0	0	0	0	0	0	0	0	0	0	0	0	0	0	0	0	0	12.06819	11.44715	0	0	11.14471	0	0	0	0	0	0	0	0	0	0	0	0	1.74734	0	0	0	0	0	0	0	0	0	0	0	0	0	0	0	0	0	0	0	0	0	0	0	0	0	8.8506	0	0	0	0	0	0	0	0	0	
0	0	0	0	0	0	0	0	0	0	0	0	0	0	0	0	0	0	0	0	0	0	0	0	0	0	0	0	0	0	0	0	0	0	0	0	0	0	0	0	0	0	0	0	0	0	0	12.38351	0	0	0	0	9.39314	2.83374	0	0	0	0	10.84428	5.60345	0	0	0	0	0	0	0	0	0	0	0	0	0	0	0	0	0	0	0	0	0	0	0	0	0	0	0	0	0	0	0	0	0	0	0	0	0	0	4.98395	0	
0	0	0	0	0	0	0	0	0	0	0	0	0	0	0	0	0	0	0	0	0	0	0	0	0	0	0	0	0	0	0	0	0	0	0	0	0	0	0	0	0	0	7.8493	0	0	0	0	0	0	8.92552	0	8.86817	0	7.42749	0	0	0	0	0	0	0	0	0	0	13.20161	0	0	0	0	0	0	0	0	0	0	0	15.50418	0	0	0	0	0	0	0	0	0	0	0	0	0	0	0	0	0	0	0	0	0	0	0	
0	0	0	0	0	0	0	0	0	0	0	0	12.02413	0	0	0	0	0	0	0	0	0	0	0	0	0	0	0	0	0	9.96587	0	0	0	0	0	0	0	0	0	0	0	9.7845	0	0	0	0	8.05512	0	0	13.98349	0	0	3.67659	3.72883	0	8.86402	0	0	0	0	0	0	8.29922	11.8834	8.2442	0	0	0	0	0	0	0	0	0	0	0	0	0	0	0	0	0	0	0	0	0	0	0	0	0	0	0	0	0	0	0	0	0	0	
0	0	0	0	0	0	0	0	0	0	0	0	0	0	0	0	0	0	0	0	0	0	0	0	0	0	0	0	0	0	0	0	0	0	0	0	0	0	0	0	0	0	0	0	0	10.19569	2.73502	0	2.73502	12.50246	0.95829	8.48148	7.84108	0	9.58425	6.65353	0	0	0	0	13.42708	0	0	0	0	0	0	0	0	6.38329	0	0	0	0	0	0	2.7702	0	0	0	0	0	0	0	0	0	0	0	0	0	0	0	0	0	0	0	0	0	0	0	
0	0	0	0	0	0	0	0	0	0	0	0	0	0	0	9.45356	0	0	0	0	0	0	0	0	0	0	0	0	0	0	0	0	0	0	0	7.25564	10.90505	0	0	0	0	0	0	4.47355	0	11.23242	8.40093	9.39516	4.31172	7.27773	0	0	3.31586	0	11.71517	0	0	0	0	8.69189	0	8.83876	0	5.2029	0	7.29948	0	0	11.64893	0	8.10043	0	0	0	0	11.09399	0	1.52902	0	5.05483	0	0	0	0	0	0	0	0	0	0	8.01097	0	0	0	0	0	0	0	0	0	
0	0	0	0	0	0	0	0	0	0	0	0	0	0	0	0	0	0	0	0	0	0	0	0	0	0	11.69541	0	0	0	0	1.74734	0	0	6.65754	0	0	0	0	0	12.21318	0	0	0	0	0	0	0	9.26393	2.65629	4.67337	9.771	9.90969	0	9.41223	0	12.38822	0	2.39695	0	8.92665	8.54847	0	0	0	8.13229	0	0	0	0	0	0	0	9.57803	0	0	0	0	0	0	0	0	0	0	0	0	0	0	0	0	0	0	0	0	0	0	4.04952	0	0	0	
0	0	0	0	0	0	0	0	0	0	0	0	0	0	0	0	0	0	0	9.88545	0	0	0	0	0	0	0	0	0	0	0	0	0	0	0	0	0	0	0	0	0	0	0	13.13154	0	0	12.54985	12.30086	10.19087	0	7.15424	7.98596	11.91774	0	0	0	12.60078	0	0	8.7282	5.00491	0	0	11.21507	0	8.58613	0	7.18261	0	0	0	0	0	0	0	0	0	0	0	0	0	0	0	0	0	0	0	0	0	0	9.20008	0	0	0	0	0	0	0	0	0	
0	0	0	0	0	0	0	0	0	0	0	0	8.77187	0	0	0	0	0	0	8.65524	0	0	0	0	0	0	0	0	0	0	0	0	0	6.78478	0	0	0	0	0	0	0	9.23506	12.78061	0	8.98755	0	0	3.28324	11.56184	0	2.25453	7.47687	7.44919	2.99856	9.38651	7.54869	5.56617	4.66609	8.17554	0	0	0	0	0	8.41135	0	0	0	0	0	0	0	0	0	0	0	0	0	10.41017	6.644	0	0	0	0	0	0	0	0	0	0	0	0	0	0	0	0	0	0	0	0	
0	0	0	0	0	0	0	0	0	0	0	0	0	0	0	0	0	0	0	0	0	0	0	15.10684	0	0	0	0	0	0	0	0	0	0	0	0	0	0	10.96583	0	0	0	9.36709	10.05424	0	0	12.31364	6.66864	0	8.72403	10.26737	7.42056	0	0	0	0	0	5.06334	13.56423	11.12414	12.57359	0	0	0	8.01624	0	0	0	0	0	0	0	0	0	0	0	0	0	0	0	0	0	0	0	0	0	0	0	0	0	0	0	0	0	0	0	0	0	0	0	
0	0	8.82082	0	0	0	0	0	0	0	0	0	0	0	0	0	0	0	0	0	0	0	0	0	0	0	0	0	0	0	0	0	0	0	0	0	0	0	0	0	10.36095	0	0	0	0	9.60011	0	7.32615	8.73722	10.77731	0	8.77342	10.74423	8.58169	1.74734	9.43894	0	0	8.23068	0	7.88708	0	7.04	11.04586	0	0	0	0	0	0	0	7.5592	0	0	0	0	3.01294	0	0	0	0	0	0	0	0	0	0	0	0	0	0	0	0	0	0	0	0	0	0	0	
0	0	0	0	0	0	0	0	0	0	0	9.8483	0	0	0	0	0	0	0	0	0	0	0	0	0	0	0	0	0	0	0	0	6.99272	0	0	0	0	8.87914	11.90592	5.8236	4.34557	6.50113	0	0	12.61307	6.86626	11.94611	9.54034	10.83267	0	11.0064	0	6.77932	5.9238	0	9.78544	4.42638	11.63352	0	0	0	0	0	0	0	0	0	7.75799	0	0	0	0	5.18431	0	0	7.65713	0	0	10.58597	0	0	0	0	0	0	0	0	0	0	0	0	0	0	0	0	8.02098	0	0	0	0	
0	0	0	0	0	0	0	0	0	0	0	0	0	0	0	0	0	0	0	0	0	0	0	0	0	0	0	0	0	0	0	0	0	0	3.50748	9.48284	0	0	0	8.70009	0	13.27316	0	11.99448	14.98748	9.76218	7.33328	9.15266	6.33716	10.97838	10.50107	10.88325	0	8.55109	0	0	8.93715	0	0	5.11463	8.58081	0	1.52902	0	0	0	0	0	0	0	0	0	0	0	0	0	0	0	5.18431	0	0	0	0	0	0	0	0	9.88257	0	0	0	0	0	0	0	0	0	0	0	0	
0	0	0	0	0	0	0	0	9.60623	0	9.45744	0	0	0	0	0	0	0	0	0	0	0	0	0	0	0	8.5719	0	0	0	0	0	0	0	0.55729	0	0	10.84011	12.30906	0	9.92139	6.7615	0	10.53278	1.27166	11.77609	9.51224	8.67776	10.30295	10.54691	0	6.6466	0	0	0	0	9.28611	3.17234	0	0	0	0	0.95829	0	0	0	11.94833	0	0	0	0	0	0	0	0	0	0	0	0	0	0	0	0	0	0	0	0	0	0	0	0	0	0	7.04	0	0	0	0	0	0	
0	0	0	0	0	0	0	0	0	0	0	10.90114	0	0	12.63059	0	0	0	0	0	0	0	0	0	0	0	0	0	0	0	0	11.0212	0	0	6.36746	0	10.71378	0	0	11.21031	0.95829	0	10.07548	10.89067	9.71666	8.05315	11.10921	9.19613	4.32959	9.39559	7.24643	9.21838	9.50758	8.43567	0	5.76226	10.13043	0	0	5.95001	7.80741	4.72533	0	6.28263	0	0	0	0	0	0	0	0	0	0	0	7.34164	0	0	0	0	0	0	0	5.44071	0	0	0	0	0	0	0	0	0	0	0	0	0	0	0	0	
0	0	0	0	0	0	0	0	0	0	0	0	12.54235	0	0	0	0	0	0	0	0	0	0	0	0	0	0	0	0	9.96178	0	0	8.69024	0	2.92613	0	12.09891	0	12.04617	10.59391	11.0314	10.48991	10.93522	10.5032	8.89321	4.06949	10.25443	9.75248	8.02931	9.27388	10.00668	10.63641	11.11986	6.94001	5.92121	7.75282	8.90736	0	0	10.18504	4.64647	0	0	0	0	0	0	0	0	0	0	0	0	9.51675	0	0	0	0	0	0	9.42644	0	0	0	0	0	0	0	0	0	0	0	0	0	0	0	0	0	0	0	
0	0	0	0	0	0	0	13.45266	0	0	0	10.17507	0	0	0	0	0	0	0	0	0	0	0	0	0	0	0	8.74358	0	0	3.77924	0	12.22404	0	0	0	7.7705	6.62345	7.44248	9.8234	9.96415	8.81621	0	10.97351	10.29022	10.76925	9.12276	10.90043	11.39095	9.98301	5.61232	9.00385	8.93362	8.32702	7.16756	6.42421	9.26412	6.6087	3.20003	9.57536	7.055	14.14084	5.27494	0	9.93701	0	0	0	0	0	0	0	0	9.81319	0	0	0	0	0	0	0	0	0	0	0	0	0	0	0	0	0	0	0	0	0	0	0	0	0	0	
11.31457	0	0	0	0	0	0	0	8.93431	0	0	0	7.97898	0	0	0	0	0	0	0	0	0	0	0	9.27404	0	0	8.93223	0	0	0	0	14.04442	0	11.29288	8.90269	0	5.95001	10.54535	6.90642	7.37518	10.08857	5.94826	9.78191	12.40854	9.99941	9.17616	9.83814	7.67547	2.16371	10.25809	5.5795	8.92375	3.3511	10.99524	9.84364	10.62783	4.79438	0	11.26642	0	1.52902	0	6.06517	0	6.76776	0	0	0	0	0.55729	0	0	0	0	0	0	0	0	0	0	0	3.79522	0	0	8.09636	0	0	0	0	0	0	0	0	0	0	0	0	0	0	
0	0	0	10.52125	0	0	0	0	0	0	0	0	0	0	0	0	0	0	7.53041	0	0	11.35953	0	6.26505	10.70549	9.43107	0	0	10.56546	9.00817	12.34187	0	12.97976	0	0	0.95829	0	9.7337	11.22342	8.94731	9.90787	7.10641	10.01833	9.99456	9.41889	9.92166	9.05107	9.10266	10.4163	6.13661	9.79816	8.72567	10.14236	6.51811	6.97519	10.09838	0	2.91778	8.69194	8.33097	0	1.74734	8.5042	0	0	0	0	0	0	4.47355	0	0	7.10073	0	2.39048	8.99223	12.10015	2.39048	0	0.55729	0	0	0	0	0	0	0	0	0	0	0	0	0	0	0	0	0	0	0	0	
9.51807	0	0	0	12.20975	6.57674	0	0	0	0	0	0	0	0	0	0	0	10.22082	0	0	0	0	0	0	10.28219	0	10.03583	9.36917	0	13.11785	10.42474	0	0	0	10.0536	8.86526	5.66643	11.34427	10.92022	9.82935	7.54588	8.88838	10.06691	9.70626	9.20013	9.55418	9.84222	8.57982	8.44473	10.85963	6.20295	9.85135	10.31299	7.12854	9.61536	8.67528	8.58578	3.99176	4.06241	9.63921	8.49857	0	6.23563	8.26867	10.65213	10.22764	7.54597	0	0	0	0	0	0	0	7.97898	0	0	0	0	0	0	0	0	0	0	0	0	0	0	0	0	0	0	0	0	0	0	0	0	0	
0	0	0	0	0	0	0	0	9.03565	0	8.68198	0	0	0	0	0	9.25301	14.44423	9.80257	8.44687	10.19841	7.24483	0	0	0	12.3621	0	9.80865	11.45666	12.96418	0	11.02349	11.69848	10.91596	10.01038	11.30243	7.63818	7.35954	10.57606	11.71799	9.43447	10.34712	4.84114	9.18609	9.98396	8.58192	8.77086	9.80627	8.78412	7.55699	7.87657	11.36099	8.39635	7.50716	5.14388	5.97897	5.33937	9.75061	0	11.3268	6.3193	9.77255	7.24273	0	7.81687	11.92511	5.92783	0	0	0	0	5.3602	0	0	8.11277	0	0	0	9.90899	0	0	0	0	0	0	7.8785	0	0	0	0	0	0	0	0	0	2.39048	0	0	0	0	
0	10.43593	0	0	2.5147	7.20583	0	0	0	0	0	0	0	0	7.11552	10.88505	0	11.16055	9.46898	0	10.25851	0	4.84885	0	0	0	0	0	10.94211	11.00176	7.52295	0	10.39358	2.88438	9.84164	9.17058	9.53846	9.868	8.56649	9.97328	9.36502	8.63184	8.48138	8.75433	9.29013	7.92143	8.68409	9.52966	8.6079	8.29523	7.33605	8.41424	7.29009	7.41286	8.22605	7.65952	5.40905	6.05745	8.75804	7.1595	0	7.82143	0	11.79026	11.07241	2.10444	5.44538	11.53802	0	0	0	0	0	0	0	6.78637	0	0	0	0	8.67675	0	0	0	0	0	0	0	0	0	0	0	0	0	0	0	0	0	0	0	
0	9.7122	7.26452	0	9.75521	0	0	0	0	0	8.15872	0	0	0	8.17057	7.26452	0	8.17057	0	0	9.86298	5.18431	7.80746	8.02082	10.67519	9.40623	0	4.43586	9.63731	6.78155	11.35356	10.50964	10.58077	11.31223	9.85782	9.18171	8.17123	9.7838	7.66068	8.45991	8.62605	8.58702	7.74564	7.63109	7.48051	7.08717	8.84052	8.14474	8.97957	8.27643	7.57115	8.84561	8.49865	8.34533	7.23065	6.82033	7.52193	4.80834	7.38396	8.11031	0	7.59052	10.73544	10.10103	2.02476	5.02631	0.55729	0	0	0	0	4.04952	0	0	8.11031	0	4.96229	0	0	0	0	0	0	4.5691	0	6.31222	0	0	0	0	0	0	0	0	0	0	0	0	0	0	
0	0	0	0	0	0	0	0	7.92682	0	11.6733	12.86783	0	0	0	0	0	0	11.30007	0	7.38335	0	0	0	0	8.91965	10.5897	0	4.47355	10.39611	7.57145	7.70029	8.60895	10.05777	9.66012	10.1217	7.4116	8.76944	9.16942	9.55944	6.59831	8.62878	8.44779	7.39957	7.81371	7.77681	7.78704	8.37125	9.24489	8.83559	9.08763	8.43484	7.5816	7.97854	7.19487	8.28975	8.31194	8.38932	10.04397	7.62267	9.51449	5.19676	8.667	6.07954	0	7.96293	0	9.42903	0	0	0	0	0	0	0	0	0	0	0	0	0	7.44711	0	0	0	0	0	8.57956	4.96229	5.83556	0	0	0	0	0	0	0	0	0	0	
0	0	0	0	0	0	0	0	10.65298	8.46431	4.0573	3.31586	0	13.10609	0	0	0	5.84742	8.68859	3.59742	0	0	0.55729	7.72109	8.78889	13.73429	4.27706	10.28828	7.8829	10.70218	0	9.40359	4.37733	4.97616	6.55234	9.55804	9.36788	7.13504	6.08991	5.27231	7.04649	8.32797	8.39769	9.51462	7.1876	7.75734	7.81359	8.06553	6.76256	9.51708	8.45172	6.75463	7.37167	7.52887	7.66556	8.42456	5.35635	6.63684	9.98881	5.72361	6.72302	9.79856	9.14196	4.53353	1.36751	8.91706	8.84617	0	0	0	0	0	0	8.51539	8.18467	0	0	0	14.61938	0	0	0	0	0	0	0	0	0	8.83281	0	1.27166	0	0	0	0	0	0	0	0	0	
0	0	9.57625	8.64147	0	5.44071	0	2.83374	5.99336	0	0	0	0	0	0	0	0	8.48497	0	0	0	0	0	10.85965	0	9.06007	0	9.08212	7.96543	7.65839	0	8.90248	0	7.62648	6.43705	8.35212	6.95285	6.53353	4.19542	9.07008	7.95023	9.19116	7.80206	8.21047	8.20566	8.1092	6.90805	8.89769	8.61043	7.39994	8.03113	8.59244	8.07314	8.14219	8.17348	5.75029	7.75802	9.55216	7.43411	6.75097	10.82838	8.50261	5.44736	10.90292	4.50455	0	0	4.87451	3.44639	3.24661	4.71491	0	9.08533	0	0.27865	0	6.79609	0	0	0	0	0	5.02316	0	0	0	0	0	0	0	0	0	0	0	0	0	0	0	0	0	
0	0	0	0	0	0	0	0	0.55729	0	11.65126	7.78599	8.16494	0	11.7916	0	0	6.43191	0	7.23773	0	0	0	0	0	0	5.71124	5.48695	5.30767	0	9.06518	9.20731	6.46959	7.89155	5.94262	6.82629	9.8667	7.86942	8.18726	7.09727	8.11363	5.80022	6.7965	7.87122	7.14399	8.73945	6.04915	5.90671	8.24151	5.58593	7.85214	9.41784	8.85866	7.34703	8.2002	7.71574	6.23967	7.95583	9.68267	6.88936	9.31319	5.11123	7.49005	6.59793	0	6.71276	6.93829	3.19777	0	0	7.10073	0	6.99985	2.04501	0	14.09034	0	0	0.55729	0	0	0	0	0	0	0	0	0	6.00857	0	0	0	0	0	0	0	0	0	0	0	
0	0	0	0	0	0	0	0	0	10.69174	0	0	7.6672	0	0	0	0	0	0	0	0	0	0	9.35677	0	0	8.0793	0	0	5.34506	6.1287	0	0	6.50468	8.78272	7.87271	6.07635	0.95829	7.47031	8.99757	5.42318	11.76057	4.26519	6.48832	8.84089	8.58516	8.07289	7.95389	8.56451	6.18358	7.33246	8.77578	7.29692	6.55905	8.72596	6.57755	7.15583	6.86054	4.90949	7.55543	7.97152	5.72209	3.67991	10.01206	7.46737	5.23726	7.48177	10.35515	7.10916	0	0	11.88394	0	4.12942	0	2.39048	7.7705	0	0	0	0	0	0	0	8.71311	0	0	1.52902	0	0	0	8.16821	0	0	0	0	9.56462	0	0	0	
0	0	0	0	0	0	0	0	0	0	0	10.9614	0	0	0	0	0	8.34189	12.613	0	0	0	0	2.10444	0	0	0	4.69978	0	0	0	0	4.04495	4.94063	6.8116	0	4.68996	7.75051	2.62893	1.40034	8.21485	8.67889	7.4823	0.76451	0	7.85191	6.35466	6.66279	7.32847	6.54689	7.71375	10.8473	7.60648	4.95332	7.05027	5.07201	6.48265	7.68338	7.5766	7.81243	6.90798	6.28029	0	7.05312	8.89495	0	7.15872	8.68364	8.07038	7.71115	0	0	0	2.62905	0	10.61488	0	8.77342	0	0	0	7.64983	0	0	0	0	0	0	0	0	0	0	0	0	0	0	0	0	0	0	
0	0	0	0	7.25721	0	0	0	0	0	8.23294	0	6.45535	0	0	8.79655	0	0	8.09547	0	5.10872	6.06623	0	0	0	9.51528	5.23936	0	0	3.69994	0	8.37112	10.48137	0	0	8.742	10.58198	7.99239	10.76588	10.66107	5.21999	9.00949	6.7662	7.77672	3.35523	6.9649	10.71297	5.02006	7.68493	8.14295	8.34009	5.66963	8.43683	7.90457	5.44452	7.39569	6.30996	9.1403	4.95902	8.59077	5.34049	7.33505	6.1009	6.71962	7.48506	0	9.80061	9.91889	0	0	9.55592	8.46238	7.74544	10.84892	7.78693	0	6.8846	0	0	0	6.93274	0	0	1.27166	0	2.10444	0	0	0	0.55729	0	0	0	0	0	0	0	0	0	0	
0	0	0	0	0	0	0	0	0	0	0	6.36746	2.22131	0	0	8.49291	0	0	0	2.5147	7.81347	0	0	0	0	0	0	0	0	4.86915	6.15482	5.42777	0	0	0	9.10276	0	0	0	3.01294	6.08466	7.28303	5.12249	5.82111	7.15902	6.23554	5.95161	6.00926	6.19136	5.09923	0	0	7.68662	9.83722	0.95829	7.14724	7.83447	6.81723	6.90906	6.78251	8.56341	6.69842	8.71432	7.82242	5.64007	7.00618	8.14437	8.21007	3.50748	8.98041	0	6.02988	8.29181	10.92757	9.71463	0	2.62905	0	6.96031	0	0	0	0	0	0	0	0	0	0	0	0	0	0	0	0	0	0	0	0	0	
0	0	0	6.18317	0	0	0	0	0	0	0	0	0	0	0	0	0.55729	0	0	0	0	0	7.46647	0	0	0	6.73774	7.83588	9.43992	3.67659	0	0	0	0	0	10.20436	0	0	5.37667	2.02476	5.02551	0	3.50748	0	3.12125	10.89794	6.82484	6.3	6.11933	6.10075	6.93474	5.62809	8.21458	8.59488	8.04102	6.35836	8.82139	5.96961	6.24405	6.53483	8.73657	8.87778	8.84225	9.16283	6.8425	8.61434	6.90119	6.27387	8.99093	9.29248	3.42014	8.02692	6.01095	3.1408	6.6449	0	10.77445	0	7.24069	10.7162	0.58477	6.62345	7.03482	0	0	0	0	0	0	0	0	0	0	0	0	0	0	0	0	9.25635	
0	0	5.30832	0	0	0	0	0	0	0	0	0	0	0	0	0	0	0	0	0	5.48695	0	0	0	0	10.13933	0	8.80829	0	9.38095	0	11.5784	10.60705	0	6.92156	0	0	7.59095	6.62124	0	6.32567	0	0	8.21709	11.18705	7.96271	6.08727	4.12798	6.60959	7.02284	8.4389	10.1351	9.0513	8.08734	7.42476	7.80091	0	7.37263	7.52746	6.26772	2.6817	5.46345	5.9486	3.77057	6.10518	9.03571	5.42421	0	7.65645	5.02003	5.66668	6.23248	6.88314	7.79276	0	0	5.29997	0	1.1517	4.69978	0	5.96351	0	0	0	0	0	0	6.01792	0	0	0	0	0	0	0	2.92613	0	0	0	
0	0	0	0	2.10444	0	0	0	0	0	0	0	9.35105	0	0	0	0	0	0	0	4.67337	4.77624	0	0	0	0	0	6.72789	0	0	0	6.91029	9.48428	0	0	0	4.82505	0	6.67761	7.76113	0	0	3.96898	0	9.18919	0	6.87602	9.23732	0.95829	5.1516	5.71124	5.62065	8.667	9.29713	9.13441	1.31453	0	5.14261	4.50202	1.25735	7.40398	7.92344	7.7582	7.32684	7.71612	8.72879	5.27195	4.73113	6.54447	6.56946	8.50876	0	0	9.08907	0	7.71721	5.64626	5.11692	0	0	0	0	0	0	6.01456	0	0	0	0	0	0	0	0	0	0	0	7.99506	0	0	0	
0	0	0	0	0	0	0	0	7.90428	0	0	0	8.08799	0	0	0	9.20195	5.42497	6.38385	0	0	0	0	0	7.00961	0	0	0	0	0	0	0	0	0	6.87596	7.94626	0	5.04703	0	0	0	0	8.69681	11.54236	0	8.49144	9.90332	7.68384	0	5.39508	0	9.71301	10.63897	8.18247	0	9.04598	0	4.4924	0	4.83596	8.69014	7.86689	6.70809	8.34177	5.53099	6.91599	6.47791	8.26639	10.33264	6.61204	8.89261	4.21527	7.27102	5.10747	8.35187	4.9766	8.538	7.91278	0	0.55729	8.73563	0.55729	9.96252	0	5.50322	0	9.63218	5.10747	7.66385	0	5.15349	0	0	11.10205	0	0	0	0	0	0	
0	0	0	0	0	0	0	0	0	0	0	0	0	0	0	0	0	0	0	0	5.77591	0	0	0	0	0	0	0	0	6.3	0	0	0	0	8.80722	0	0	0	0	0	9.84238	0	8.12744	8.85941	6.07589	0	0	7.71978	4.96229	5.60912	10.64365	0	0	2.34989	3.39359	7.5349	0	0	8.00921	8.59759	9.14662	6.265	4.22556	5.72723	7.28862	8.48315	2.79145	6.26578	6.91113	5.70551	10.23906	6.97636	5.46584	5.83529	4.40093	0	2.96392	0	4.98842	0	0	0	3.3826	0	0	0	8.22095	0	0	0	0	0	0	0	0	0	0	0	0	0	
0	0	0	0	6.26505	0	0	0	0	0	0	2.73502	0	4.04952	0	0	0	0	0	0	0	0	0	0	0	0	0	0	0	0	0	0	0	0	0	0	0	0	0	7.63294	0	0	6.21099	0	5.01868	0	1.12727	5.83556	0	0	3.09484	0	0	0	9.75849	0	0	0.95829	0	10.44523	7.13495	2.01639	7.63309	8.37492	7.3085	0	0.96847	5.35003	10.34552	6.24785	7.69685	9.76506	8.42271	5.87206	0	0	4.35638	3.44639	7.34848	6.21099	4.75121	7.30809	2.73502	0	2.25453	0	9.67191	9.65735	0	4.50699	0	0	0	0	4.96229	0	0	0	0	0	
0	0	0	0	0	0	0	0	0	0	0	0	0	0	0	0	0	5.2218	0	0	0	12.05515	8.65186	0	0	0	10.17036	0	0	0	0	0	0	8.30192	6.54666	0	0	0	0	0	0	0	0	0	0	0	0	0	0.55729	0	6.33413	0	0	0	0	8.2383	9.64027	7.85236	4.5626	7.08579	0	6.37372	4.79371	0	7.55103	6.78053	7.331	7.47848	5.2176	2.98317	8.9857	6.31967	5.44085	2.86849	9.7424	5.97774	4.24893	0	8.86672	10.85654	0	0	6.31524	0	8.47582	9.2986	0.95829	7.06562	0	9.57062	0	0	0	0	0	0	9.44746	0	0	0	
0	0	0	0	0	0	0	0	6.85414	0	0	0	0	0	0	0	0	0	0	0	0	0	0	0	0	0	0	0.55729	0	0	0	0	0	0	0	0	0	0	0	9.87423	0	0	0	0	0	6.26505	0	5.44071	8.16347	0	0	10.34838	0	0	0	0	0	0	9.67195	0	9.48041	0	8.93238	10.45987	7.16589	5.68778	4.66391	0	0	5.97886	8.60936	4.77624	8.38022	5.42934	5.61397	10.67187	1.36751	0	1.27166	7.62692	5.96278	8.13098	10.48517	8.93907	8.95961	0	0	0	0	0	4.20513	0	11.16124	0	0	0	0	0	0	0	
0	0	0	0	0	0	0	0	0	0	0	0	0	8.43119	0	0	0	0	0	0.55729	0	0	0	0	0	3.41958	0	0	0	0	0	0	0	0	6.31717	0	0	7.24507	0	0	9.28825	0	7.81044	9.17161	7.29948	0	0	0	0	0	6.33413	7.1253	0	0	3.56607	0	0	0	0	6.84299	3.15437	0	5.34528	8.18233	4.20513	3.30189	8.80132	10.76314	0	5.02963	7.30601	0	4.59805	5.89868	9.4757	6.9156	3.38388	5.85303	7.69537	4.74646	0	7.49158	8.87108	4.76721	5.69424	0	0	7.27334	5.5939	0	6.82887	0	0	8.72602	0	0	0	0	4.06916	0	
0	0	0	0	0	0	0	1.27166	0	0	0	0	0	0	0	0	0	0	0	0	0	0	9.85492	0	0	0	0	0	8.87543	0	0	0	0	0	9.56514	0	0	3.62239	0	0	0	1.05222	0	0	0	0	4.17923	0	0	0	0	0	10.25517	0	0	0	6.06155	4.44261	0	4.24577	10.79649	0	0	5.83231	0	3.56607	0	7.72904	6.3582	10.22253	8.40614	6.52225	8.82082	7.14511	7.9435	6.81204	2.78043	0	6.47496	5.68454	7.34501	8.22495	5.21728	0	7.4241	0	0	3.69701	0	0	8.87977	8.75047	0	0	0	0	8.43513	0	0	0	
0	0	0	0	0	0	0	0	6.34254	0	0	0	0	0	0	0	0	0	0	0	0	0	0	0	0	0	0	0	0	0	0	0	0	0	0	0	0	4.41039	0	0	0	0	0	0	0	0	0	0	0	2.25453	0	5.43032	0	3.7758	0	0	5.2029	6.44064	0	0	6.67095	0	9.20887	11.17592	7.40358	6.34785	0	0	8.64023	7.28589	0	8.45077	6.07254	9.85646	7.8795	6.02003	0	4.35617	4.62984	7.415	2.85639	9.86006	6.47842	0.55729	0	0	5.65506	0	0	0	0	0	5.6448	7.10869	9.11385	0	0	0	0	0	
0	0	0	0	0	0	0	9.70244	0	0	0	0	0	0	0	0	0	0	0	0	0	0	0	0	0	0	0	0	0	0	0	0	0	0	0	0	0	4.02798	0	6.55998	0	0	0	0	0	0	0	0	0	0	4.31017	0	0	11.76761	6.87428	0	0	5.81036	9.50969	10.71297	0	0	0	7.9899	8.88531	11.72203	0	0	7.90663	4.34645	7.99164	7.02071	5.46334	7.91192	7.48177	7.45121	6.85228	0	8.86127	7.00321	7.44145	10.65002	3.12809	5.4181	3.75896	0	0	0.60965	0	0	6.53086	0	0	0	0	2.10842	0	0	0	0	
0	0	0	0	0	0	0	0	0	0	0	0	0	0	0	0	0	0	0	0	0	0	0	0	0	9.86444	0	0	0	0	0	0	0	0	0	0	0	3.44639	0	0	0	0	0	0	8.56113	0	0	0	6.88749	0	0	0	0	0	0	2.62905	0	0	0	0	0	0	7.89692	0	0	5.3298	5.00018	7.51729	1.27166	6.43351	4.21903	0	5.97712	0	7.58457	6.40707	6.60959	6.96185	6.56501	6.4727	2.51549	0	5.53543	0	6.4936	6.2797	0	0	0	0	9.05368	0	0	0	0	0	0	3.50748	0	0	
0	0	0	0	0	0	0	0	0	0	0	0	6.14524	0	0	0	0	0	0	0	0	0	0	0	0	0	0	0	0	0	0	0	0	0	0	0	0	0	0	0	0	0	0	0	0	0	0	8.2442	0	0	4.37865	0	8.5521	0	0	0	0	0	0	4.05186	0	0	0	4.78749	2.73502	8.11277	10.01101	0	10.42657	0	0	8.44492	0	0	0	2.43603	6.23036	9.30737	5.25581	4.81812	0	6.42215	4.60666	3.10171	7.31145	3.53535	6.52591	0	8.41733	0	0	0	0	8.58613	0	0	0	0	0	0	
0	0	0	0	0	0	0	0	0	0	0	0	0	0	0	0	0	0	0	0	0	0	0	0	0	0	0	0	0	0	0	0	9.39415	0	0	0	0	0	0	0	1.52902	0	0	0	0	0	0	0	0	0	0	0	0	0	0	0	5.3009	0	0	0	7.8843	0	0	7.5356	0	8.87253	0	0	6.34662	0	0	0	9.19268	0	0	2.10444	0	0	3.7874	8.16339	6.91097	7.39956	11.22021	0	6.3	0	0	0	0	0	6.66383	5.49514	5.51563	0	0	0	0	0	0	0	
0	0	0	0	0	0	0	2.38534	0	0	0	0	0	0	0	0	0	0	0	0	0	0	0	0	0	0	0	10.05552	0	0	0	0	0	0	0	0	0	0	0	0	0	0	0	0	0	0	0	0	0	0	0	0	0	0	0	0	0	4.82505	0	0	0	0	0	0	0	0	0	0	0	0	3.20071	4.53653	5.99822	0.95829	0	9.58602	8.80722	0	9.66301	4.04952	0	5.97979	0	7.82551	0.95829	8.03966	0	7.42234	0	0	0	2.10444	0	0	0	10.19726	0	0	0	0	
0	0	0	0	0	0	0	0	0	0	0	0	0	0	0	0	0	0	0	0	8.01624	0	0	0	0	0	0	0	0	0	3.3826	0	0	0	0	0	0	0	0	0	0	0	0	0	0	0	0	0	0	0	0	0	0	0	0	0	0	0	0	11.95728	0	0	0	0	6.90463	9.19964	9.75691	8.09244	0	0	0	0	0	0	0	2.92613	5.30028	4.82505	0	0	3.03818	0	0	0	5.06492	7.26452	7.88414	5.04317	10.16917	0	6.21099	6.35089	9.71383	8.93223	0	7.9435	0	0	0	0	
0	0	0	0	0	0	0	0	0	0	0	0	0	0	0	0	0	0	0	0	0	0	0	0	0	0	0	0	0	0	0	0	0	0	0	0	0	0	0	0	0	0	0	0	0	0	0	0	5.1464	0	0	0	0	0	0	0	0	0	0	0	0	0	0	0	0	0	0	0	0	9.22145	9.11997	9.67024	6.25246	0	10.28873	7.78599	0	11.55327	1.93693	0	0	7.66385	8.14677	0	4.54517	0	9.3789	0	0	8.89966	0	4.77088	2.70307	0	3.09484	0	0	0	0	0	
0	0	0	0	0	0	0	0	0	0	0	0	0	0	0	7.00781	0	0	0	0	0	0	0	0	0	0	0	0	0	0	0	0	0	0	8.33336	0	0	0	0	0	0	0	0	0	0	0	0	0	0	0	0	0	0	0	0	0	0	0	0	0	0	0	0	0	0	0	0	6.3592	0	0	0	0	0	10.20995	0	0	0	3.09883	0	0	0	1.74734	0	0	3.87015	0	6.01387	3.94644	7.82551	9.895	10.35047	0	8.54847	0	0	0	0	0	0	0	
0	0	0	0	0	0	0	0	0	0	0	0	0	0	0	0	0	0	0	0	0	0	0	0	0	0	0	0	0	0	0	0	0	0	0	0	0	0	0	0	0	0	0	0	0	0	0	0	7.37927	6.85261	0	0	0	0	0	0	0	0	0	13.71763	0	0	0	0	0	4.33218	0	0	0	0	0	6.14524	0	0	0	0	0	11.54145	0	5.97844	11.56925	0	0	7.87271	0	0	0	0	0	0	0	0	0	0	0	0	0	0	0	0	
0	0	0	0	0	0	0	0	0	0	0	0	0	0	0	0	0	0	0	0	0	0	0	0	0	0	0	0	0	0	0	0	0	0	0	0	0	0	0	0	0	0	0	0	0	0	0	0	0	0	0	0	0	0	0	1.82539	0	0	12.49541	0	0	0	0	0	6.40808	0	0	0	0	0	0	7.69044	0	3.62239	0	0	7.02963	0	0	0	5.01143	5.75199	4.6473	7.02277	0	0	0	7.99239	8.75596	0	2.39048	11.18529	10.68597	0	0	0	0	0	0	0	
0	0	0	0	0	0	0	0	0	0	0	0	0	0	0	0	0	0	0	0	0	0	0	0	0	0	0	0	0	0	0	0	0	0	0	0	0	0	0	0	0	0	0	0	0	0	0	0	0	0	0	0	0	0	0	0	0	0	0	0	0	0	0	0	0	0	0	0	0	0	0	0	0	0	0	0	0	0	0	0	0	0	0	0	0	0	0.55729	0	0	0	0	11.51613	0	0	0	0	0	0	0	0	
0	0	0	0	0	0	0	0	0	0	0	0	0	0	0	0	0	0	0	0	0	0	0	0	0	0	0	0	0	0	0	0	0	0	0	0	0	0	0	0	0	0	0	0	0	0	0	0	0	0	0	0	0	0	0	0	0	0	0	0	0	0	0	0	0	0	0	0	0	0	8.33667	0.55729	0	0	0	0	1.74734	0	0	8.8652	0	0	0	9.74824	0	0	0	6.26505	0	0	3.87567	8.94884	0	0	0	0	0	0	0	0	
0	0	0	0	0	0	0	0	0	0	0	0	0	0	0	0	0	0	0	0	0	0	0	0	0	0	0	0	0	0	0	0	0	0	0	0	0	0	0	0	0	0	0	0	0	0	0	0	0	0	0	0	0	0	0	0	0	0	0	2.5147	0	0	0	0	0	0	0	0	0	0	4.47355	0	0	0	0	0	0	0	0	0	0	0	0	0	0	0	5.73698	0	0	0	0	0	0	0	0	0	0	0	0	0	
0	0	0	0	0	0	0	0	0	0	0	0	0	0	0	0	0	0	0	0	0	0	0	0	0	0	0	0	0	0	0	0	0	0	0	0	0	0	0	0	0	0	0	0	0	0	0	0	0	0	0	0	0	0	0	0	0	0	0	0	0	0	0	0	0	0	0	0	0	9.1212	10.01271	0	0	0	0	0	0	0	6.92716	0	0	0	0	0	0	0	0	0	7.22415	7.62303	0	0	0	0	0	0	0	0	0	0	
0	0	0	0	0	0	0	0	0	0	0	0	0	0	0	0	0	0	0	0	0	0	0	0	0	0	0	0	0	0	0	0	0	0	0	0	0	0	0	0	0	0	0	0	0	0	0	0	0	0	0	0	0	0	0	0	0	0	0	0	0	0	0	0	0	0	0	0	0	0	0	0	0	0	0	0	0	0	0	0	0	0	0	0	0	0	4.16777	0	0	0	0	0	0	0	0	0	0	0	0	0	
0	0	0	0	0	0	0	0	0	0	0	0	0	0	0	0	0	0	0	0	0	0	0	0	0	0	0	0	0	0	0	0	0	0	0	0	0	0	0	0	0	0	0	0	0	0	0	0	0	0	0	0	0	0	0	0	0	0	7.32091	0	0	0	0	0	0	0	0	0	0	0	0	0	0	0	0	5.27494	0	0	0	0	0	0	0	0	0	0	0	0	0	0	0	0	0	0	0	0	0	0	0	0	
0	0	0	0	0	0	0	0	0	0	0	0	0	0	0	0	0	0	0	0	0	0	0	0	0	0	0	0	0	0	0	0	8.56113	0	0	0	0	0	0	0	0	0	0	0	0	0	0	0	0	0	4.5626	0	0	0	0	0	0	0	0	0	0	0	0.55729	0	0	0	0	0	0	0	0	0	0	0	0	5.50203	0	0	0	0	0.95829	0	0	0	0	0	0	0	0	0	0	0	0	0	0	0	0	0	0	0	
0	0	0	0	0	0	0	0	0	0	0	0	0	0	0	0	0	0	0	0	0	0	0	0	0	0	0	0	0	0	0	0	0	0	0	0	0	0	0	0	0	0	0	0	0	0	0	0	0	0	0	0	0	0	0	0	0	0	0	0	0	0	0	0	0	0	0	0	0	0	0	0	0	0	0	0	0	0	0	0	0	0	0	0	0	0	0	0	0	0	0	0	0	0	0	0	0	0	0	0	
0	0	0	0	0	0	0	0	0	0	0	0	0	0	0	0	0	0	0	0	0	0	0	0	0	0	0	0	0	0	0	0	0	0	0	0	0	0	0	0	0	0	0	0	0	0	0	0	0	0	0	0	0	0	0	0	0	0	0	0	0	0	0	0	0	0	0	0	0	0	0	0	0	0	0	0	0	0	0	0	0	0	0	0	0	0	0	0	0	0	0	0	0	0	0	0	0	0	0	0	
0	0	0	0	0	0	0	0	0	0	0	0	0	0	0	0	0	0	0	0	0	0	0	0	0	0	0	0	0	0	0	0	0	0	0	0	0	0	0	0	0	0	0	0	0	0	0	0	0	0	0	0	0	0	0	0	0	0	0	0	0	0	0	0	0	0	0	0	0	0	0	0	0	0	0	0	0	0	0	0	0	0	0	0	0	0	0	0	0	0	0	0	0	0	0	0	0	0	0	0	
0	0	0	0	0	0	0	0	0	0	0	0	0	0	0	0	0	0	0	0	0	0	0	0	0	0	0	0	0	0	0	0	0	0	0	0	0	0	0	0	0	0	0	0	0	0	0	0	0	0	0	0	0	0	0	0	0	0	0	0	0	0	0	0	0	0	0	0	0	0	0	0	0	0	0	0	0	0	0	0	0	0	0	0	0	0	0	0	0	0	0	0	0	0	0	0	0	0	0	0	
0	0	0	0	0	0	0	0	0	0	0	0	0	0	0	0	0	0	0	0	0	0	0	0	0	0	0	0	0	0	0	0	0	0	0	0	0	0	0	0	0	0	0	0	0	0	0	0	0	0	0	0	0	0	0	0	0	0	0	0	0	0	0	0	0	0	0	0	0	0	0	0	0	0	0	0	0	0	0	0	0	5.61737	0	0	0	0	0	0	0	0	0	0	0	0	0	0	0	0	0	0	
0	0	0	0	0	0	0	0	0	0	0	0	0	0	0	0	0	0	0	0	0	0	0	0	0	0	0	0	0	0	0	0	0	0	0	0	0	0	0	0	0	0	0	0	0	0	0	11.4332	0	0	0	0	0	0	0	0	0	0	0	0	0	0	0	0	0	0	0	0	0	0	0	0	0	0	9.01681	0	0	0	0	0	0	0	0	0	0	0	0	0	0	0	0	0	0	0	0	0	0	0	0	0	
