0	0	0	0	0	0	0	0	0	0	0	0	0	0	0	0	0	0	0	0	0	0	0	0	0	0	0	0	0	0	0	0	0	0	0	0	0	0	0	0	0	0	0	0	0	0	0	0	0	0	0	7.85631	0	0	0	0	0	0	0	0	0	0	0	0	0	0	0	0	0	0	0	0	0	0	0	0	0	0	0	0	0	0	0	0	0	0	0	0	0	0	0	0	0	0	0	0	0	0	0	0	
0	0	0	0	0	0	0	0	0	0	0	0	0	0	0	0	0	0	0	0	0	0	0	0	0	0	0	0	0	0	0	0	0	0	0	0	0	0	0	0	0	0	0	0	0	0	0	13.65239	0	0	0	0	0	0	0	0	0	0	0	0	0	0	0	10.21394	0	0	0	0	0	0	0	0	0	0	0	0	0	0	0	0	0	0	0	0	0	0	0	0	0	0	0	0	0	0	0	0	0	0	0	0	
0	0	0	0	0	0	0	0	0	0	0	0	0	0	0	0	0	0	0	0	0	0	0	0	0	0	0	0	0	0	0	0	0	0	0	0	0	0	0	0	0	0	0	0	0	0	0	0	0	0	0	0	0	0	10.2764	0	0	0	0	0	0	0	0	0	0	0	0	0	0	0	0	0	0	0	0	0	0	0	0	0	0	0	0	0	0	0	0	0	0	0	0	0	0	0	0	0	0	0	0	0	
0	0	0	0	0	0	0	0	0	0	0	0	0	0	0	0	0	0	0	0	0	0	0	0	0	0	0	0	0	0	0	0	0	0	0	0	0	0	0	0	0	0	0	0	0	0	10.92996	10.60382	0	0	0	0	0	0	0	0	0	0	0	0	0	0	0	0	0	0	0	0	0	0	0	0	0	0	0	0	0	0	0	0	0	0	0	0	0	0	0	0	0	0	0	0	0	0	0	0	0	0	0	0	
0	0	0	0	0	0	0	0	0	0	0	0	0	0	0	0	0	0	0	0	0	0	0	0	0	0	0	0	0	0	0	0	0	0	0	0	0	6.39374	0	0	0	0	0	11.70664	0	0	0	0	0	0	0	0	0	0	0	0	0	0	0	0	0	0	0	0	0	0	0	0	0	0	0	0	0	0	0	0	0	0	0	0	0	0	0	0	0	0	0	0	0	0	0	0	0	0	0	0	0	0	0	0	
0	0	0	0	0	0	0	0	0	0	0	0	0	0	0	0	0	0	0	0	0	0	0	0	0	0	0	0	0	0	0	0	0	0	0	0	0	0	0	0	0	0	0	0	0	0	0	0	0	0	0	0	0	0	0	0	0	0	0	0	0	0	0	0	0	0	0	0	0	0	0	0	5.44435	0	0	0	0	0	0	0	0	0	0	0	0	0	0	0	0	0	0	0	0	0	0	0	0	0	0	0	
0	0	0	0	0	0	0	0	0	0	0	0	0	0	0	0	0	0	0	0	0	0	0	0	0	0	0	0	0	0	0	0	0	0	0	0	0	0	0	0	0	0	0	0	0	0	0	0	0	0	0	0	0	0	0	0	0	0	0	0	0	0	0	0	0	0	0	0	0	0	0	0	0	0	9.5939	0	0	0	0	0	0	0	0	0	0	0	0	0	0	0	0	0	0	0	0	0	0	0	0	0	
0	0	0	0	0	0	0	0	0	0	0	0	0	0	0	0	0	0	0	0	0	0	0	0	0	0	0	0	0	0	0	0	0	0	0	0	0	0	0	0	0	0	0	0	0	0	0	0	0	0	0	8.3094	0	0	0	12.36407	0	0	5.15115	0	0	0	0	0	0	0	0	0	0	0	0	0	0	0	0	0	0	0	0	0	0	0	0	0	0	0	0	0	0	0	0	0	0	0	0	0	0	0	0	0	
0	0	0	0	0	0	0	0	0	0	0	0	0	0	0	0	0	0	0	0	0	0	0	0	0	0	0	0	1.00072	0	0	0	0	0	0	0	0	0	0	0	0	0	0	0	0	0	0	0	0	0	0	0	0	0	0	0	0	0	0	0	0	0	0	0	0	0	0	8.273	0	0	0	0	0	0	0	0	0	0	0	0	0	0	0	0	0	0	0	0	0	0	0	0	0	0	0	0	0	0	0	0	
0	0	0	0	0	0	0	0	0	0	0	0	0	0	0	0	0	0	0	0	0	0	0	0	0	0	0	0	0	0	0	0	0	0	0	0	0	0	0	0	0	0	0	0	0	0	0	0	0	0	0	0	0	0	0	5.0014	0	0	0	0	0	0	0	0	0	0	0	0	0	0	0	0	0	0	0	0	0	0	0	0	0	0	0	0	0	0	0	0	0	0	0	0	0	0	0	0	0	0	0	0	
0	0	0	0	0	0	0	0	0	0	0	0	0	0	0	0	0	0	0	0	0	0	0	0	0	0	0	0	0	0	0	0	0	0	0	0	0	0	0	0	0	0	0	0	0	0	0	0	0	0	0	0	0	0	0	0	0	0	0	0	0	0	0	0	0	0	0	11.98515	0	0	0	0	0	0	0	0	0	0	0	0	0	0	0	0	0	0	0	0	0	0	0	0	0	0	0	0	0	0	0	0	
0	0	0	0	0	0	0	0	0	0	0	0	0	0	0	0	0	0	0	0	0	0	0	0	0	0	0	0	0	0	0	0	0	0	0	0	0	0	0	0	0	0	0	0	0	0	0	0	0	0	0	0	3.90824	0	0	0	0	0	0	0	0	0	0	0	0	0	0	0	0	0	0	3.46074	0	0	0	0	0	0	0	0	0	0	0	0	0	0	0	0	0	0	0	0	0	0	0	0	0	0	0	0	
0	0	0	0	0	0	0	0	0	0	0	0	0	0	0	0	0	0	0	0	0	0	0	0	0	0	0	0	0	0	0	0	0	0	0	0	0	0	0	0	0	0	0	0	0	0	0	0	8.54254	0	0	0	10.69231	0	0	0	0	0	0	0	0	0	0	0	0	0	0	1.58592	0	0	0	0	0	0	0	0	0	0	0	0	0	0	0	0	0	0	0	0	0	0	0	0	0	0	0	0	0	0	0	0	
0	0	0	0	0	0	0	0	0	0	0	0	0	0	0	0	0	0	0	0	0	0	0	0	0	0	0	0	0	0	11.98871	0	0	0	0	0	0	0	0	4.70183	0	0	0	0	0	0	0	7.29606	0	0	0	0	0	0	0	0	0	5.84691	6.82161	0	8.29611	0	0	10.83196	0	0	0	0	0	0	0	0	0	0	0	0	0	0	0	0	0	0	0	0	0	0	0	0	0	0	0	0	0	0	0	0	0	0	0	0	
0	0	0	0	0	0	0	0	0	0	0	0	0	0	0	0	0	0	0	0	0	0	0	0	0	0	0	0	0	0	0	0	0	0	0	0	0	0	0	0	0	0	0	0	0	0	0	0	0	0	0	0	0	0	6.05317	0	0	0	0	0	0	0	0	0	0	0	0	0	0	0	0	0	0	0	0	0	0	0	0	0	0	0	0	0	0	0	0	0	0	0	0	0	0	0	0	0	0	0	0	0	
0	0	0	0	0	0	0	0	0	0	0	0	0	0	0	0	0	0	0	0	0	0	0	0	0	0	0	0	0	0	0	0	0	0	0	0	0	0	0	0	0	0	13.4438	0	0	0	0	0	0	0	0	0	7.75632	0	0	0	0	0	0	12.13089	0	0	0	0	0	0	0	0	0	0	0	6.18133	0	0	0	0	0	0	0	0	0	0	0	0	0	0	0	0	0	0	0	0	0	0	0	0	0	0	0	0	
0	0	0	0	0	0	0	0	0	0	0	0	0	0	0	0	0	0	0	0	0	0	0	0	0	0	0	0	0	0	0	0	0	0	0	0	0	0	0	0	0	0	0	5.93481	0	0	0	13.87986	0	0	0	7.9477	0	0	0	0	0	0	2.87144	0	0	0	0	0	0	0	0	0	0	0	0	0	0	0	0	0	0	0	0	0	0	0	0	0	0	0	0	0	0	0	0	0	0	0	0	0	0	0	0	0	
0	0	0	0	0	0	0	0	0	0	0	0	0	0	0	0	0	0	0	0	0	0	0	0	0	0	0	0	0	0	0	0	0	0	0	0	0	0	0	0	0	0	7.9023	0	0	0	0	0	0	0	0	0	0	0	0	9.60877	0	0	0	0	0	0	0	0	0	0	1.58592	0	0	0	0	0	0	0	0	0	0	0	0	0	0	0	0	0	0	0	0	0	0	0	0	0	0	0	0	0	0	0	0	0	
0	0	0	0	0	0	0	0	0	0	0	0	0	0	0	0	0	0	0	0	0	0	0	0	0	0	0	0	0	0	0	0	0	0	0	0	0	0	0	0	13.29146	0	0	0	0	0	0	0	0	0	0	0	0	0	0	0	0	0	0	0	0	0	0	0	0	0	0	0	0	0	0	0	0	0	0	0	0	0	0	0	0	0	0	0	0	0	0	0	0	0	0	0	0	0	0	0	0	0	0	0	
0	0	0	0	0	0	0	0	0	0	0	0	0	0	0	0	0	0	0	0	0	0	0	0	0	0	0	0	0	0	0	0	0	0	0	0	0	0	0	0	0	0	0	0	0	0	0	7.91133	0	0	5.97705	0	0	0	0	0	0	0	0	0	0	0	0	0	0	0	0	0	0	0	0	0	0	0	0	0	7.28221	0	0	0	0	0	0	0	0	0	0	0	0	0	0	0	0	0	0	0	0	0	0	0	
0	0	0	0	0	0	0	0	0	0	0	0	0	0	0	0	0	0	0	0	0	0	0	0	0	0	0	0	0	0	0	0	0	0	0	0	0	0	0	0	0	0	0	0	0	0	0	11.22303	0	0	10.0252	9.63807	0	0	0	0	6.77254	0	8.16635	0	8.10735	0	0	0	0	8.75298	0	0	0	0	0	0	0	0	0	0	0	0	0	0	0	0	0	0	0	0	0	0	0	0	0	0	0	0	0	0	0	0	0	0	
0	0	0	0	0	0	0	0	0	0	0	0	0	0	0	0	0	0	0	0	0	0	0	0	0	0	0	0	0	0	0	0	0	0	0	0	0	0	0	0	0	8.28453	0	0	0	0	0	0	0	0	0	0	0	0	0	0	0	0	0	0	0	0	0	0	0	0	0	0	0	0	0	0	0	0	0	0	0	0	0	0	0	0	0	0	0	0	0	0	0	0	0	0	0	0	0	0	0	0	0	0	
0	0	0	0	0	0	0	0	0	0	0	0	0	0	0	0	0	0	0	0	0	0	0	0	0	0	0	0	0	0	0	3.52488	0	0	0	0	0	0	0	0	0	0	0	0	0	0	0	6.52499	0	0	0	0	0	0	0	0	0	0	0	0	0	0	0	2.00108	0	0	0	5.9787	0	0	0	0	0	0	0	0	0	0	0	0	0	0	0	0	0	0	0	0	0	0	0	0	0	0	0	0	0	0	0	0	
0	0	0	0	0	0	0	0	0	0	0	0	0	0	0	0	0	0	0	0	0	0	0	0	0	0	0	0	0	0	0	6.46903	0	0	0	0	0	0	0	0	0	0	0	0	0	0	0	0	0	0	0	0	0	0	0	0	0	0	0	0	0	0	0	0	0	0	0	0	0	0	0	0	0	0	0	0	0	0	0	0	0	0	0	0	0	0	0	0	0	0	0	0	0	0	0	0	0	0	0	0	
0	0	0	0	0	0	0	0	0	0	0	0	0	0	0	0	0	0	0	0	0	0	0	0	0	0	0	0	0	0	0	0	0	0	0	0	0	0	0	0	0	0	0	11.01686	0	0	0	0	0	14.29002	0	0	0	0	7.41083	0	0	0	0	0	0	0	0	0	0	0	0	0	0	0	0	0	0	0	0	0	0	0	0	3.28606	0	0	0	0	0	0	0	0	0	0	0	0	0	0	0	0	0	0	0	0	
0	0	0	0	0	0	0	0	0	0	0	0	0	0	0	0	0	0	0	0	0	0	0	0	0	0	0	0	0	0	0	0	9.99862	0	0	0	0	0	0	0	0	0	0	0	0	0	0	4.13064	0	0	5.80331	0	0	0	0	0	0	0	6.14097	0	0	0	0	0	0	0	0	0	0	0	1.00072	0	0	0	0	0	0	0	0	0	0	0	0	0	0	5.59332	0	0	0	0	0	0	0	0	0	0	0	0	0	0	
0	0	0	0	0	0	0	0	0	0	0	0	0	0	0	0	0	0	0	0	0	0	0	0	0	0	0	0	0	0	0	0	0	0	0	0	0	0	0	8.9008	0	0	0	0	15.37203	0	6.57886	0	0	0	0	0	0	0	0	0	0	0	0	0	0	0	0	0	0	0	0	0	0	0.58544	0	0	0	0	0	0	0	0	0	0	0	0	0	0	0	0	0	0	0	0	0	0	0	0	0	0	0	0	0	0	
0	0	0	0	0	0	0	0	0	0	0	0	0	0	0	0	0	0	0	0	0	0	0	0	0	0	0	0	0	0	0	0	0	0	0	9.69928	0	0	0	0	0	0	0	0	0	0	0	9.43398	0	0	0	0	0	7.88076	0	0	0	0	0	0	8.82481	0	0	0	0	0	0	0	0	0	0	0	0	0	0	0	0	0	0	0	0	0	0	0	0	0	0	0	0	0	0	0	0	0	1.00072	0	0	0	0	0	
0	0	0	0	0	0	0	0	0	0	0	0	0	0	0	0	0	0	0	0	0	0	0	0	0	0	0	0	0	0	0	0	0	0	0	0	0	0	0	0	0	14.10797	0	0	0	0	0	0	0	0	0	0	0	0	0	0	0	0	0	0	0	0	0	0	0	0	0	1.58592	0	0	0	5.61612	0	0	0	0	0	0	0	0	0	0	0	0	0	0	0	0	0	0	0	0	0	0	0	0	0	0	0	0	
0	0	0	0	0	0	0	0	0	0	0	0	0	0	0	0	0	0	0	0	0	0	0	0	0	0	0	0	0	0	0	0	0	0	0	0	0	0	0	0	8.1461	0	0	0	10.5675	0	0	5.13439	0	0	1.58592	10.69319	0	0	0	10.22665	0	0	5.88406	0	4.24929	0	0	0	0	0	0	0	3.85932	0	0	0	0	0	0	0	0	0	0	0	0	0	0	0	0	0	0	0	0	0	0	0	0	0	0	0.58544	0	0	0	0	
0	0	0	0	0	0	0	0	0	0	0	0	0	0	0	0	0	0	0	0	0	0	0	0	0	0	0	0	0	0	0	0	0	0	0	0	0	0	0	0	0	0	0	0	13.34969	0	0	0	0	0	0	0	8.31432	0	0	0	0	7.6984	0	0	0	4.61609	0	0	0	0	0	0	0	0	0	0	0	0	0	0	0	0	0	0	0	0	0	0	0	0	0	0	0	0	0	0	0	0	0	0	0	0	0	0	
0	0	0	0	0	0	0	0	0	0	0	0	0	0	0	0	0	0	0	0	0	0	0	0	0	0	0	0	0	0	0	0	0	0	0	0	0	0	0	0	0	0	0	7.84379	0	0	13.59594	0	0	0	7.93217	0	0	0	0	0	0	0	0	10.72681	0	0	0	0	8.5939	0	0	2.17105	0	0	0	0	9.95927	0	0	0	1.80839	0	0	0	0	0	0	0	0	0	0	0	0	0	0	0	0	0	0	0	0	0	0	0	
0	0	0	0	0	0	0	0	0	0	0	0	0	0	0	0	0	0	0	0	0	0	0	0	0	0	0	0	0	0	0	0	0	0	0	0	0	0	0	0	0	0	0	0	0	0	0	9.52696	0	0	0	7.11116	7.18631	0	0	7.41506	0	0	0	0	0	0	0	0	0	0	0	7.2541	0	0	0	0	0	9.63716	0	0	0	0	0	0	0	0	0	0	0	0	0	0	0	0	0	0	0	0	0	0	0	0	0	0	
0	0	0	0	0	0	0	0	0	0	0	0	0	0	0	0	0	0	0	0	0	0	0	0	0	0	0	0	0	0	0	0	0	0	0	0	0	13.60605	0	0	0	0	0	0	0	0	0	0	5.0014	0	0	6.419	0	0	3.70177	0	6.79585	0	0	1.00072	0	4.78275	0	0	0	0	0	0	0	0	0	0	0	0	4.87422	6.9498	0	0	0	0	0	0	0	0	0	0	0	0	0	0	0	0	0	0	0	0	0	0	0	0	
0	0	0	0	0	0	0	0	0	0	0	0	0	0	0	0	0	0	0	0	0	0	0	0	0	0	0	0	0	0	0	0	0	0	0	0	0	0	0	0	0	0	13.73398	0	0	8.55219	0	12.12193	0	0	5.99011	0	10.5967	0	9.10342	0	0	0	0	0	0	0	0	9.35789	0	0	0	0	0	0	8.31205	0	0	0	0	0	0	0	0	0	0	0	0	0	0	0	0	0	0	0	0	0	0	0	0	0	0	0	0	0	
0	0	0	0	0	0	0	0	0	0	0	0	0	0	0	0	0	0	0	0	0	0	0	0	0	0	0	0	0	0	0	0	0	0	0	0	0	0	0	0	0	0	0	0	0	0	0	6.81521	9.98301	0	0	9.72596	0	0	0	0	0	0	0	0	0	0	0	0	0	0	0	0	0	0	0	0	0	0	0	0	0	0	0	0	0	0	0	0	0	0	0	0	0	0	9.12038	0	0	0	0	0	0	0	0	0	
0	0	0	0	0	0	0	0	0	0	0	0	0	0	0	0	0	0	0	0	0	0	0	0	0	0	0	0	0	0	0	0	0	0	0	0	0	0	0	0	0	0	0	0	0	0	0	11.98924	0	0	0	0	10.09552	4.58634	0	0	0	0	10.16916	8.31432	0	0	0	0	0	0	0	0	0	0	0	0	0	0	0	0	0	0	0	0	0	0	0	0	0	0	0	0	0	0	0	0	0	0	0	0	0	0	3.24922	0	
0	0	0	0	0	0	0	0	0	0	0	0	0	0	0	0	0	0	0	0	0	0	0	0	0	0	0	0	0	0	0	0	0	0	0	0	0	0	0	0	0	0	5.44435	0	0	0	0	0	0	8.10825	0	6.41928	0	6.83432	0	0	0	0	0	0	0	0	0	0	13.65625	0	0	0	0	0	0	0	0	0	0	0	12.11127	0	0	0	0	0	0	0	0	0	0	0	0	0	0	0	0	0	0	0	0	0	0	0	
0	0	0	0	0	0	0	0	0	0	0	0	9.29261	0	0	0	0	0	0	0	0	0	0	0	0	0	0	0	0	0	7.62714	0	0	0	0	0	0	0	0	0	0	0	10.09321	0	0	0	0	8.97872	0	0	14.80212	0	0	4.17129	4.75628	0	7.98746	0	0	0	0	0	0	8.44438	5.0014	9.36229	0	0	0	0	0	0	0	0	0	0	0	0	0	0	0	0	0	0	0	0	0	0	0	0	0	0	0	0	0	0	0	0	0	0	
0	0	0	0	0	0	0	0	0	0	0	0	0	0	0	0	0	0	0	0	0	0	0	0	0	0	0	0	0	0	0	0	0	0	0	0	0	0	0	0	0	0	0	0	0	10.38721	1.00072	0	1.00072	12.98675	1.32279	6.89017	4.99755	0	10.59156	7.8934	0	0	0	0	13.29642	0	0	0	0	0	0	0	0	7.41134	0	0	0	0	0	0	5.17452	0	0	0	0	0	0	0	0	0	0	0	0	0	0	0	0	0	0	0	0	0	0	0	
0	0	0	0	0	0	0	0	0	0	0	0	0	0	0	8.71397	0	0	0	0	0	0	0	0	0	0	0	0	0	0	0	0	0	0	0	3.00126	10.2653	0	0	0	0	0	0	0.58544	0	11.57225	8.68151	8.07558	1.00072	4.04575	0	0	5.32333	0	10.01755	0	0	0	0	7.71568	0	10.86408	0	5.9787	0	8.8264	0	0	11.43607	0	4.21082	0	0	0	0	11.46113	0	1.32279	0	4.82769	0	0	0	0	0	0	0	0	0	0	8.77623	0	0	0	0	0	0	0	0	0	
0	0	0	0	0	0	0	0	0	0	0	0	0	0	0	0	0	0	0	0	0	0	0	0	0	0	13.0018	0	0	0	0	7.2541	0	0	5.34126	0	0	0	0	0	11.13699	0	0	0	0	0	0	0	6.81416	0	2.46061	10.91021	7.28684	0	8.53282	0	13.08891	0	3.59528	0	0	9.10342	0	0	0	6.72935	0	0	0	0	0	0	0	8.22785	0	0	0	0	0	0	0	0	0	0	0	0	0	0	0	0	0	0	0	0	0	0	0.58544	0	0	0	
0	0	0	0	0	0	0	0	0	0	0	0	0	0	0	0	0	0	0	13.06888	0	0	0	0	0	0	0	0	0	0	0	0	0	0	0	0	0	0	0	0	0	0	0	14.55095	0	0	14.7037	12.03263	10.62395	0	8.63443	8.46613	11.91882	0	0	0	14.44665	0	0	7.71054	5.79748	0	0	11.32787	0	7.44852	0	9.23865	0	0	0	0	0	0	0	0	0	0	0	0	0	0	0	0	0	0	0	0	0	0	7.021	0	0	0	0	0	0	0	0	0	
0	0	0	0	0	0	0	0	0	0	0	0	6.84063	0	0	0	0	0	0	9.82242	0	0	0	0	0	0	0	0	0	0	0	0	0	4.88067	0	0	0	0	0	0	0	3.39362	12.7008	0	7.99135	0	0	2.07711	6.65248	0	1.00072	8.86134	5.78945	3.1123	8.51834	4.35892	7.10592	4.52155	7.73583	0	0	0	0	0	2.46061	0	0	0	0	0	0	0	0	0	0	0	0	0	5.39373	1.32279	0	0	0	0	0	0	0	0	0	0	0	0	0	0	0	0	0	0	0	0	
0	0	0	0	0	0	0	0	0	0	0	0	0	0	0	0	0	0	0	0	0	0	0	12.72553	0	0	0	0	0	0	0	0	0	0	0	0	0	0	10.79951	0	0	0	8.23962	9.98871	0	0	10.32704	7.21825	0	9.22324	7.48928	6.63863	0	0	0	0	0	4.58881	13.62772	11.06955	12.29807	0	0	0	6.52499	0	0	0	0	0	0	0	0	0	0	0	0	0	0	0	0	0	0	0	0	0	0	0	0	0	0	0	0	0	0	0	0	0	0	0	
0	0	9.37431	0	0	0	0	0	0	0	0	0	0	0	0	0	0	0	0	0	0	0	0	0	0	0	0	0	0	0	0	0	0	0	0	0	0	0	0	0	9.69962	0	0	0	0	10.93329	0	7.72145	8.3743	11.39787	0	10.08426	9.59109	7.80351	0	10.27524	0	0	9.61799	0	7.80372	0	6.89625	9.13587	0	0	0	0	0	0	0	7.57861	0	0	0	0	3.24922	0	0	0	0	0	0	0	0	0	0	0	0	0	0	0	0	0	0	0	0	0	0	0	
0	0	0	0	0	0	0	0	0	0	0	11.62601	0	0	0	0	0	0	0	0	0	0	0	0	0	0	0	0	0	0	0	0	5.68792	0	0	0	0	8.85744	11.51231	4.08882	1.32279	6.37647	0	0	12.27654	5.47983	11.70363	6.44027	11.02481	0	11.48953	0	6.87789	3.27347	0	9.56443	3.36099	11.59978	0	0	0	0	0	0	0	0	0	5.24933	0	0	0	0	7.15118	0	0	6.17135	0	0	7.71224	0	0	0	0	0	0	0	0	0	0	0	0	0	0	0	0	8.06228	0	0	0	0	
0	0	0	0	0	0	0	0	0	0	0	0	0	0	0	0	0	0	0	0	0	0	0	0	0	0	0	0	0	0	0	0	0	0	3.08874	9.76652	0	0	0	6.7429	0	13.34046	0	11.76288	14.11595	9.7254	7.10067	10.67452	6.07742	10.74876	11.1338	11.43789	0.58544	7.9522	0	0	7.20827	0	0	3.48993	6.09946	0	0.58544	0	0	0	0	0	0	0	0	0	0	0	0	0	0	0	2.00108	0	0	0	0	0	0	0	0	8.88408	0	0	0	0	0	0	0	0	0	0	0	0	
0	0	0	0	0	0	0	0	7.57129	0	7.48525	0	0	0	0	0	0	0	0	0	0	0	0	0	0	0	14.61391	0	0	0	0	0	0	0	0	1.32279	0	13.45581	12.10539	0	9.68086	4.95559	0	10.25292	0.58544	11.33359	7.1839	8.38392	8.20493	9.83628	0	5.81886	0	0	0	0	9.70849	5.83431	0	0	0	0	1.32279	0	0	0	6.84692	0	0	0	0	0	0	0	0	0	0	0	0	0	0	0	0	0	0	0	0	0	0	0	0	0	0	9.30978	0	0	0	0	0	0	
0	0	0	0	0	0	0	0	0	0	0	11.35376	0	0	10.17948	0	0	0	0	0	0	0	0	0	0	0	0	0	0	0	0	9.50129	0	0	4.28677	0	10.08824	0	0	10.74	0	0	8.56734	9.97067	8.5456	9.0633	10.82947	8.89932	5.01468	8.2042	6.58249	9.18558	9.28905	8.41973	0	5.79583	11.2833	0	0	6.59389	8.6453	4.66225	0	8.45471	0	0	0	0	0	0	0	0	0	0	0	7.27124	0	0	0	0	0	0	0	6.68793	0	0	0	0	0	0	0	0	0	0	0	0	0	0	0	0	
0	0	0	0	0	0	0	0	0	0	0	0	12.52476	0	0	0	0	0	0	0	0	0	0	0	0	0	0	0	0	9.35128	0	0	7.25882	0	5.08886	0	14.6655	0	9.87181	13.70859	10.95352	11.32281	10.04395	8.57776	8.09347	4.81736	10.0005	9.6459	6.94395	9.11045	8.43411	11.17855	9.71139	5.89358	5.68651	4.30778	7.63521	0	0	7.61615	3.58628	0	0	0	0	0	0	0	0	0	0	0	0	9.97342	0	0	0	0	0	0	11.54568	0	0	0	0	0	0	0	0	0	0	0	0	0	0	0	0	0	0	0	
0	0	0	0	0	0	0	12.74712	0	0	0	8.87488	0	0	0	0	0	0	0	0	0	0	0	0	0	0	0	9.42245	0	0	4.95559	0	11.7557	0	0	0	5.68792	7.08358	8.43649	10.11403	9.518	3.88951	0	11.14547	9.99768	10.06067	8.92046	8.94935	10.81961	9.64252	3.07311	8.73922	9.05943	6.7429	5.89097	4.34281	7.69492	4.19581	4.2107	9.05672	5.0578	11.5338	2.90814	0	9.90382	0	0	0	0	0	0	0	0	9.72254	0	0	0	0	0	0	0	0	0	0	0	0	0	0	0	0	0	0	0	0	0	0	0	0	0	0	
9.43607	0	0	0	0	0	0	0	5.02665	0	0	0	6.41928	0	0	0	0	0	0	0	0	0	0	0	11.09651	0	0	7.41929	0	0	0	0	13.63006	0	10.97379	9.78198	0	3.17121	9.81789	6.50763	8.03211	9.19658	4.95154	9.46497	11.86251	9.34114	8.56563	9.04923	6.98863	0	9.68776	5.09257	5.6094	4.99627	11.54035	9.20558	9.78934	4.61696	0	10.7169	0	2.46061	0	6.77497	0	6.1613	0	0	0	0	4.46081	0	0	0	0	0	0	0	0	0	0	0	3.93184	0	0	10.67955	0	0	0	0	0	0	0	0	0	0	0	0	0	0	
0	0	0	10.41189	0	0	0	0	0	0	0	0	0	0	0	0	0	0	7.73953	0	0	11.77993	0	4.61609	11.32568	10.02797	0	0	11.31234	11.12071	12.20075	0	10.98871	0	0	2.00108	0	8.3724	10.76708	8.19776	7.84393	6.94023	8.50199	10.02341	9.09635	9.49901	7.25377	9.27953	9.74254	6.0772	9.57814	7.42273	10.22923	7.44594	6.97048	8.51687	0	3.17088	4.81015	8.28763	0.58544	1.00072	8.70188	0	0	0	0	0	0	2.70166	0	0	3.95555	0	0.58544	6.50922	10.01964	1.85503	0	0.58544	0	0	0	0	0	0	0	0	0	0	0	0	0	0	0	0	0	0	0	0	
9.52206	0	0	0	13.22492	6.15518	0	0	0	0	0	0	0	0	0	0	0	8.57319	0	0	0	0	0	0	9.47819	0	9.39709	8.87661	0	12.23611	10.81841	0	0	0	9.36339	8.51517	6.5974	12.05066	10.76631	10.08946	7.47774	8.35043	10.12626	8.8452	9.72307	8.73793	10.03007	7.73851	7.75028	10.57638	5.31584	10.3998	7.9023	6.29627	8.15189	6.59991	7.63766	3.89006	6.22438	8.70423	5.84691	0	6.78377	9.47007	11.826	8.39161	9.01158	0	0	0	0	0	0	0	2.00108	0	0	0	0	0	0	0	0	0	0	0	0	0	0	0	0	0	0	0	0	0	0	0	0	0	
0	0	0	0	0	0	0	0	8.26823	0	9.12815	0	0	0	0	0	6.76298	13.92124	8.22544	7.10996	10.20295	5.48072	0	0	0	12.53878	0	7.30064	10.8525	11.16635	0	10.26001	9.86563	7.88571	8.72629	10.0382	9.35682	7.20309	9.27424	8.52657	8.38507	8.84547	7.15101	9.2903	9.05929	7.09695	7.73094	8.56161	8.12681	7.2323	6.98149	9.40435	7.10957	7.06451	4.49838	6.7632	5.2713	10.07692	0	10.61615	4.96745	10.31829	7.25203	0	6.18425	12.3028	3.85932	0	0	0	0	6.44437	0	0	6.80879	0	0	0	8.41083	0	0	0	0	0	0	6.26821	0	0	0	0	0	0	0	0	0	1.00072	0	0	0	0	
0	10.18322	0	0	4.61609	6.78933	0	0	0	0	0	0	0	0	5.93216	11.04754	0	11.03038	9.89066	0	7.86252	0	5.10992	0	0	0	0	0	9.95352	9.17387	6.9229	0	13.05486	5.38117	10.04242	8.31208	8.93653	10.34008	8.3866	9.27525	8.63455	8.00357	8.53308	8.56388	8.64497	7.90295	7.97365	8.73992	8.03245	7.27396	6.68831	8.10827	7.67659	8.23394	8.09687	6.4286	2.80859	5.88146	7.5093	6.45064	0	9.31319	0	12.82072	9.77185	1.80839	5.94692	8.23026	0	0	0	0	0	0	0	1.00072	0	0	0	0	7.95322	0	0	0	0	0	0	0	0	0	0	0	0	0	0	0	0	0	0	0	
0	9.57035	10.17262	0	10.81718	0	0	0	0	0	10.43242	0	0	0	10.57698	6.12036	0	5.46084	0	0	3.90824	5.23022	7.76773	7.06004	9.81922	8.63625	0	5.13946	8.27057	5.93375	10.77788	9.91583	11.29522	10.88866	9.53141	6.37026	7.82264	8.71107	7.53639	7.77046	8.26849	7.47919	7.66135	7.40477	8.23047	7.00275	8.10053	7.06186	9.05643	7.8648	7.39156	8.13395	8.81332	7.86459	7.26909	6.30972	6.98045	4.79875	5.89633	5.21086	0	6.80413	10.2808	8.27474	1.16154	8.55411	3.08874	0	0	0	0	4.58634	0	0.58544	9.35569	0	8.74291	0	0	0	0	0	0	4.4044	0	7.79831	0	0	0	0	0	0	0	0	0	0	0	0	0	0	
0	0	0	0	0	0	0	0	5.99011	0	10.29721	13.00452	0	0	0	0	0	0	10.42456	0	5.4108	0	0	0	0	10.665	9.94909	0	4.75628	9.26706	4.89176	5.52497	10.36831	8.43287	9.43964	9.34265	7.69829	9.33642	8.19728	9.39953	6.06973	7.99242	8.34914	6.83424	7.27534	7.70832	6.97708	8.05506	7.96729	7.71588	7.31137	7.77001	6.74179	8.64123	7.55645	7.82339	10.256	9.60182	8.29606	7.40259	7.34999	5.60577	9.16886	6.56873	0	6.85087	0	8.46053	0	0	0	0	0	0	0	0	0	0	0	0	0	6.23024	0	0	0	0	0	9.64697	0.58544	9.3873	0	0	0	0	0	0	0	0	0	0	
0	0	0	0	0	0	0	0	12.72926	9.31756	0	1.58592	0	11.12589	0	0	0	4.55597	5.65962	2.75879	0	0	0	6.37183	7.45676	10.77582	3.46074	8.88835	4.84104	10.11524	0	8.14555	3.96015	2.66668	3.81432	7.39726	10.21326	6.33244	9.28372	5.16539	6.28294	7.48635	7.91005	8.26328	6.34277	8.62965	7.45762	7.83291	7.48516	8.23874	8.06191	6.15009	7.3969	7.29995	8.31856	7.95261	6.97352	7.90185	9.3346	5.17226	6.47114	9.29637	7.31256	4.88404	1.69681	8.98201	8.46701	0	0	0	0	0	0	4.61609	9.75299	0	0	0	12.89247	0	0	0	0	0	0	0	0	0	6.34128	0	4.83428	0	0	0	0	0	0	0	0	0	
0	0	9.07558	6.36974	0	4.75628	0	2.32308	7.41929	0	0	0	0	0	0	0	0	6.41107	0	0	0	0	0	11.648	0	9.28453	0	9.13058	7.73615	7.38697	0	10.1429	0	7.30522	5.87199	8.33703	6.04532	5.81557	2.3415	9.07937	6.54406	7.29973	7.31571	7.59426	7.41279	7.3585	6.91368	7.93502	7.97424	7.42871	7.44248	7.65705	8.2763	7.35164	8.17491	5.20473	7.13071	10.7035	5.87091	5.89673	10.71409	8.12884	4.41638	10.37757	4.32385	0	0	5.00422	3.58628	1.80839	4.91001	0	6.8718	0	0	0	6.62278	0	0	0	0	0	3.2625	0	0	0	0	0	0	0	0	0	0	0	0	0	0	0	0	0	
0	0	0	0	0	0	0	0	0	0	11.28018	6.98443	9.46187	0	12.2812	0	0	8.41929	0	7.94102	0	0	0	0	0	0	8.44438	1.80839	5.2879	0	9.43711	8.64303	5.45426	7.27581	3.91614	7.62927	9.80919	7.62696	7.7036	6.80576	7.70208	5.17599	6.20277	5.36591	6.44235	7.97533	4.76888	6.00325	9.30446	5.25904	6.14379	8.77202	8.5935	7.25165	5.79916	6.50824	4.90612	6.78171	8.49718	5.31195	8.75022	4.87955	6.59747	5.88881	0	5.36861	6.07824	4.18778	0	0	6.46086	0	6.60023	1.00054	0	16.85381	0	0	0	0	0	0	0	0	0	0	0	0	6.14732	0	0	0	0	0	0	0	0	0	0	0	
0	0	0	0	0	0	0	0	0	10.98835	0	0	3.39362	0	0	0	0	0	0	0	0	0	0	6.45848	0	0	7.87568	0	0	5.23753	5.95667	0	0	6.19069	7.09419	5.61612	4.58634	2.17105	1.00072	8.5406	3.71595	12.27466	5.76142	3.96371	10.0781	6.57168	6.0065	7.25879	8.92937	4.60145	6.0958	8.10686	6.06873	6.01652	7.61009	5.68931	7.1019	6.20781	3.93215	6.41637	7.13644	5.28627	3.00006	8.92383	8.34501	5.43027	6.85941	7.19126	6.79848	0	0	13.37349	0	2.17105	0	5.68792	7.83749	0	0	0	0	0	0	0	10.32168	0	0	7.71224	0	0	0	6.67385	0	0	0	0	7.25882	0	0	0	
0	0	0	0	0	0	0	0	0	0	0	12.288	0	0	0	0	0	3.16416	11.94249	0	0	0	0	1.32279	0	0	0	3.80869	0	0	0	0	5.00069	6.44261	5.68119	0	4.14501	7.48842	0.50036	0.9042	8.11544	8.24819	6.78381	3.94509	0	6.77753	5.82597	5.91542	6.59847	5.13792	7.29193	10.31951	7.12705	4.57925	6.10687	4.85735	6.02124	6.80272	7.84062	7.54727	6.09154	4.86771	0	6.34202	8.05299	0	4.74313	5.19123	4.67381	6.59333	0	0	0	2.58616	0	10.72894	0	9.49029	0	0	0	7.41169	0	0	0	0	0	0	0	0	0	0	0	0	0	0	0	0	0	0	
0	0	0	0	5.33862	0	0	0	0	0	9.03073	0	3.52488	0	0	10.03073	0	0	10.12556	0	6.07876	4.49323	0	0	0	11.28829	3.85932	0	0	3.14388	0	9.10491	13.8937	0	0	6.99579	8.94981	10.48122	10.86137	11.87713	4.01944	9.64078	5.96396	7.06752	3.58621	5.72435	14.74562	3.68398	7.79101	7.12139	9.26765	6.532	7.4618	7.23649	5.01958	7.14875	5.49514	8.4683	3.45065	9.89074	4.68466	7.36105	5.80144	5.55195	7.61186	0	6.868	7.7861	0	0	9.33464	7.72595	7.59538	10.51556	6.92697	0	2.40483	0	0	0	5.24933	0	0	0	0	5.32333	0	0	0	0	0	0	0	0	0	0	0	0	0	0	
0	0	0	0	0	0	0	0	0	0	0	5.80877	3.16617	0	0	10.81402	0	0	0	3.64518	6.50922	0	1.32279	0	0	0	0	0	0	3.93126	6.12036	5.37693	0	0	0	9.08093	0	0	0	3.75622	4.71845	4.882	3.31933	6.41565	6.42372	5.98526	6.15638	8.83992	6.80997	3.73169	0	0	7.09415	9.57066	3.32323	6.27327	8.94312	5.90681	5.78836	5.75987	8.25675	7.74555	7.16001	6.17264	4.47865	7.43557	6.75632	6.91192	0.58544	9.25368	0	5.66952	7.84223	9.81442	5.84691	0	2.00108	0	4.42764	0	0	0	0	0	0	0	0	0	0	0	0	0	0	0	0	0	0	0	0	0	
0	0	0	5.79583	0	0	0	0	0	0	0	0	0	0	0	0	1.00072	0	0	0	0	0	8.06753	0	0	0	10.18456	7.40494	6.17135	5.44435	0	0	0	0	0	10.28902	0	1.32279	4.08882	0.29272	5.27372	0	1.00072	0	0.29272	9.90306	5.06343	8.12038	4.31449	5.10148	4.09329	5.84103	8.11886	7.31857	6.25932	6.36463	7.90963	5.15649	5.5379	6.79201	7.79887	7.12665	9.63687	7.17078	7.66817	8.3328	6.33483	7.45265	10.79338	8.05943	5.92831	7.99852	5.47643	3.62874	5.45814	0	11.75131	0	4.25867	12.50639	0	3.70177	4.95559	0	0	0.58544	0	0	0	0	0	0	0	0	0	0	0	5.74288	0	12.06938	
0	0	4.69688	0	0	0	0	0	0	0	0	0	0	0	0	0	0	0	0	0	4.58634	0	0	0	0	7.96144	0	11.04093	0	10.71698	0	9.62898	8.87335	0	5.556	0	0	3.95473	6.61552	0	5.42767	0	0	8.34052	11.36393	8.98015	7.03696	4.48137	5.44435	6.23814	10.12172	10.21698	6.12224	8.70658	6.42168	9.12601	1.32279	6.63316	7.08195	5.49802	2.26249	5.36588	5.06037	2.77334	4.79761	4.68452	5.3292	0	8.91082	3.72003	5.27413	6.71508	5.83218	7.55491	0	0	5.40362	0	1.96778	6.41082	0	6.0851	0	0	0	0	0	0	6.23983	0	0	0	0	0	0	0	1.00072	0	0	0	
0	0	0	0	3.08874	0	0	0	0	0	0	0	7.7828	0	0	0	0	0	0	0	1.00072	4.21082	0	0	0	0	0	5.64368	0	0	0	0.58544	9.99862	0	0	0	2.58616	0	8.02934	9.36776	0	0	3.25064	0	8.23266	0	6.00492	10.80799	0.58544	5.57405	6.15117	9.53796	8.43815	8.36499	7.46427	0.50036	0	7.5631	4.57633	0.9042	7.84382	7.13898	7.09608	5.04757	6.39464	7.8848	4.06596	6.88118	6.10193	6.82392	7.92008	0	0	10.38205	0	7.65219	4.62998	5.56281	0	0	0	0	0	0	7.7828	0	0	0	0	0	0	0	0	0	0	0	7.66321	0	0	0	
0	0	0	0	0	0	0	0	6.40231	0	0	0	1.00072	0	0	0	9.39698	6.40869	6.77622	0	0	0	0	0	11.94512	0	0	0	0	0	0	0	0	0	5.37645	9.73361	0	4.46081	0	0	0	0	9.19127	8.27523	0	8.96496	9.51319	8.00425	0	5.59847	0	9.72766	11.04207	6.00198	0	4.08882	0	5.93985	0	6.32017	8.52693	7.56368	5.58219	4.80875	3.53891	6.14025	6.09818	4.13494	8.14355	7.80751	10.13636	0.79308	5.2073	7.30064	7.43274	4.35421	10.11995	6.45264	0	0	3.70177	3.95555	10.05773	0	8.23318	0	5.79583	7.30977	3.52488	0	0	0	0	12.16924	0	0	0	0	0	0	
0	0	0	0	0	0	0	0	0	0	0	0	0	0	0	0	0	0	0	0	5.61372	0	0	0	0	0	0	0	0	3.39362	0	0	0	0	10.1275	0	0	0	0	0	8.94102	0	8.03761	8.55411	5.4229	0	0	7.0889	3.46074	6.81458	11.18353	0	0	1.08553	1.95761	7.05935	0	0	8.31675	9.21231	9.38838	5.73413	1.16154	5.84586	7.35894	6.94248	1.13144	5.92305	7.40696	6.17719	8.35848	7.27353	5.48088	4.67697	3.31595	0	5.45934	0	3.02345	0	0	0	3.24922	0	0	0	8.49255	0	0	0	0	0	0	0	0	0	0	0	0	0	
0	0	0	0	4.21082	0	0	0	0	0	0	1.00072	0	2.58616	0	0	0	0	0	0	0	0	0	0	0	0	0	0	0	0	0	0	0	0	0	0	0	0	0	6.61822	0	0	5.83431	0	3.98217	0	1.08553	7.61982	0	0	2.70166	0	0	0	7.98443	0	0	1.58592	0	6.46086	7.13627	0	5.50013	7.40558	7.28771	0	0.79296	5.18554	10.28739	7.30178	7.98755	8.22329	8.75015	6.24604	0	0	2.80063	7.96722	6.84805	6.96143	3.58628	6.09946	1.00072	0	0	0	2.58616	7.88698	0	3.29229	0	0	0	0	3.95555	0	0	0	0	0	
0	0	0	0	0	0	0	0	0	0	0	0	0	0	0	0	0	8.67709	0	0	0	9.29836	9.45985	0	0	0	8.57887	0	0	0	0	0	0	10.23511	4.00135	0	0	0	0	0	0	0	0	0	0	0	0	0	0	0	7.88713	0	0	0	0	9.08445	7.39593	6.85306	3.46074	4.67381	0	5.78431	5.35071	0	7.74694	5.82667	10.63863	7.11748	4.78998	4.11566	8.17379	5.01661	5.83074	4.58616	10.46646	5.84197	5.6302	0	6.68091	7.24591	0	0	7.40134	0	4.85937	9.60355	0	0.58544	0	10.75454	0	0	0	0	0	0	8.20684	0	0	0	
0	0	0	0	0	0	0	0	7.45314	0	0	0	0	0	0	0	0	0	0	0	0	0	0	0	0	0	0	0	0	1.32279	0	0	0	0	0	0	0	0	0	9.1003	0	0	0	0	0	5.44435	0	4.35892	6.53281	0	0	9.37431	0	0	0	0	0	0	8.23877	0	11.05163	0	9.57073	9.73103	8.33728	4.11359	3.81147	0	0	4.71904	8.88501	4.52494	8.98202	4.49771	4.47314	11.20164	1.76244	0	1.32279	7.25748	4.89412	6.91623	11.16478	8.5194	7.28443	0	0.58544	0	0	0	8.59015	0	11.29447	0	0	0	0	0	0	0	
0	0	0	0	0	0	0	0	0	0	0	0	0	7.99862	0	0	0	0	0	1.00072	0	0	0	0	0	2.92239	0	0	0	0	0	0	0	0	7.50923	0	0	6.76368	0	0	10.91807	0	3.24922	9.58734	9.09023	0	0	0	0	0	3.85932	5.04579	0	0	5.0014	0	0	0	0	6.42385	3.60079	0	4.73514	7.46904	6.72253	5.23003	10.22524	7.2541	0	5.27934	6.69349	0	4.06303	5.15236	10.36722	7.56172	4.01226	5.39026	7.3475	5.49869	0	4.3825	6.06751	3.94045	2.65738	0	0	7.88408	3.51332	0	3.17121	0	0	8.91583	0	0	0	0	2.60077	0	
0	0	0	0	0	0	0	3.39362	0	0	0	0	0	0	0	0	0	0	0	0	0	0	13.23431	0	0	0	0	0	9.44852	0	0	0	0	0	9.84529	0	0	3.00126	0	0	0	0.9042	0	0	0	0	4.30254	0	0	0	0	0	11.33068	0	0	0	4.16878	2.00108	0	3.30075	9.21926	0	0	5.72771	0	5.06749	0	8.60949	5.66947	12.09569	8.76091	6.26496	7.85631	4.32343	7.92625	6.16167	1.74692	0	5.69064	6.0386	7.22993	7.91304	5.06084	0	8.00579	0	4.21082	3.29377	0	0	6.51587	9.46728	0	0	0	0	6.66677	0	0	0	
0	0	0	0	0	0	0	0	0	0	0	0	0	0	0	0	0	0	0	0	0	0	0	0	0	0	0	0	0	0	0	0	0	0	0	0	0	4.14001	0	0	0	0	0	0	0	0	0	0	0	4.08882	0	5.45154	0	3.7357	0	0	2.00108	6.83871	0	0	5.8594	0	7.45265	12.53502	5.49326	5.00175	0	0	8.08677	5.85567	0	5.54057	5.40301	10.78373	8.39579	5.47824	0	3.72872	5.00996	7.05811	3.57179	10.20724	4.61609	0	0	0	4.04768	0	0	0	0	0	3.22891	5.3546	11.04993	0	0	0	0	0	
0	0	0	0	0	0	0	9.42666	0	0	0	0	0	0	0	0	0	0	0	0	0	0	0	0	0	0	0	0	0	0	0	0	0	0	0	0	0	3.21636	0	7.44023	0	0	0	0	0	0	0	0	0	0	5.31453	0	0	10.70145	7.09635	0	0	5.83763	10.14546	9.46701	0	3.90824	0	6.9711	9.00955	10.43346	0	0	7.16525	5.23409	7.23972	6.30997	4.32825	7.66504	5.80877	6.93788	7.52401	0	8.28207	5.81271	7.1837	10.60507	5.20476	7.11867	4.92072	0	0	0.19515	0	0	3.95555	0	0	0	0	1.45297	0	0	0	0	
0	0	0	0	0	0	0	0	0	0	0	0	0	0	0	0	0	0	0	0	0	0	0	0	0	9.78689	0	0	0	0	0	0	0	0	0	0	0	2.00108	0	0	0	0	0	0	8.05129	0	0	0	6.14097	0	0	0	0	0	0	0.58544	0	0	0	0	0	0	7.00487	0	0	7.06572	5.48753	9.73506	0	6.95378	3.37337	0	6.38571	0	8.05943	4.79507	2.70166	5.44548	5.29076	5.52233	2.49023	0	4.36434	0	8.74459	6.96442	0	0	0	0	6.75632	0	0	0	0	0	0	1.32279	0	0	
0	0	0	0	0	0	0	0	0	0	0	0	6.9498	0	0	0	0	0	0	0	0	0	0	0	0	0	0	0	0	0	0	0	0	0	0	0	0	0	0	0	0	0	0	0	0	0	0	6.70187	0	0	0	0	8.94835	0	0	0	0	0	0	3.93297	0	0	0	3.25792	3.32323	3.17121	8.94102	0	11.15119	0	0	9.73615	0	0	0	2.69807	7.65624	9.44408	4.25148	4.94052	0	3.99414	3.62568	4.42948	5.67477	5.33406	4.79186	0	5.32333	0	0	0	0	6.60134	0	0	0	0	0	0	
0	0	0	0	0	0	0	0	0	0	0	0	0	0	0	0	0	0	0	0	0	0	0	0	0	0	0	0	0	0	0	0	11.81462	0	0	0	0	0	0	0	0	0	0	0	0	0	0	0	0	0	0	0	0	0	0	0	4.40469	0	0	0	8.70477	0	0	4.58514	0	10.38299	0	0	5.7327	0	0	0	6.68091	0	0	3.75622	0	0	4.41601	9.06176	5.27212	6.9498	9.63625	0	9.50924	0	0	0	0	0	4.51956	4.39516	4.97856	0	0	0	0	0	0	0	
0	0	0	0	0	0	0	3.17934	0	0	0	0	0	0	0	0	0	0	0	0	0	0	0	0	0	0	0	8.46701	0	0	0	0	0	0	0	0	0	0	0	0	0	0	0	0	0	0	0	0	0	0	0	0	0	0	0	0	0	1.00072	0	0	0	0	0	0	0	0	0	0	0	0	1.23031	4.75309	6.02775	0	0	10.65474	9.24462	0	10.0539	7.76962	0	5.2095	0	5.46084	1.00072	7.88088	0	8.59203	0	2.32308	0	2.32308	0	0	0	8.09155	0	0	0	0	
0	0	0	0	0	0	0	0	0	0	0	0	0	0	0	0	0	0	0	0	10.08758	0	0	0	0	0	0	0	0	0	2.58616	0	0	0	0	0	0	0	0	0	0	0	0	0	0	0	0	0	0	0	0	0	0	0	0	0	0	0	0	12.47147	0	0	0	0	7.30522	8.46292	5.02377	2.68427	0	0	0	0	0	0	0	2.32308	4.41175	0	0	0	2.99506	0	0	0	1.79841	7.37212	7.55257	5.91554	9.78444	0	5.06749	4.75628	4.00135	14.87724	0	5.0014	0	0	0	0	
0	0	0	0	0	0	0	0	0	0	0	0	0	0	0	0	0	0	0	0	0	0	0	0	0	0	0	0	0	0	0	0	0	0	0	0	0	0	0	0	0	0	0	0	0	0	0	0	2.00108	0	0	0	0	0	0	0	0	0	0	0	0	0	0	0	0	0	0	0	0	8.22061	11.83828	8.34351	7.63813	0	10.65384	7.95854	0	9.54641	5.8594	0	0	8.22785	5.08886	0	4.01467	0	0.58544	0	0	8.74745	0	2.19717	2.67107	0	4.61609	0	0	0	0	0	
0	0	0	0	0	0	0	0	0	0	0	0	0	0	0	6.62736	0	0	0	0	0	0	0	0	0	0	0	0	0	0	0	0	0	0	6.67385	0	0	0	0	0	0	0	0	0	0	0	0	0	0	0	0	0	0	0	0	0	0	0	0	0	0	0	0	0	0	0	0	2.80859	0	0	0	0	0	10.26412	0	0	0	0	0	0	0	3.52488	0	0	5.11202	0	5.74034	3.16617	5.61612	10.02294	7.00143	0	9.1021	0	0	0	0	0	0	0	
0	0	0	0	0	0	0	0	0	0	0	0	0	0	0	0	0	0	0	0	0	0	0	0	0	0	0	0	0	0	0	0	0	0	0	0	0	0	0	0	0	0	0	0	0	0	0	0	8.03211	0.58544	0	0	0	0	0	0	0	0	0	16.54274	0	0	0	0	0	7.7173	0	0	0	0	0	5.28681	0	0	0	0	0	11.79789	0	5.71958	11.0574	0	0	7.33683	0	0	0	0	0	0	0	0	0	0	0	0	0	0	0	0	
0	0	0	0	0	0	0	0	0	0	0	0	0	0	0	0	0	0	0	0	0	0	0	0	0	0	0	0	0	0	0	0	0	0	0	0	0	0	0	0	0	0	0	0	0	0	0	0	0	0	0	0	0	0	0	3.01782	0	0	17.58765	0	0	0	0	0	1.32279	0	0	0	0	0	0	7.96144	0	5.21086	0	0	4.04575	0	0	0	3.43614	6.64424	3.55292	6.22966	0	0	0	8.93661	9.65908	0	1.32279	10.04173	10.14099	0	0	0	0	0	0	0	
0	0	0	0	0	0	0	0	0	0	0	0	0	0	0	0	0	0	0	0	0	0	0	0	0	0	0	0	0	0	0	0	0	0	0	0	0	0	0	0	0	0	0	0	0	0	0	0	0	0	0	0	0	0	0	0	0	0	0	0	0	0	0	0	0	0	0	0	0	0	0	0	0	0	0	0	0	0	0	0	0	0	0	0	0	0	0	0	0	0	0	10.7174	0	0	0	0	0	0	0	0	
0	0	0	0	0	0	0	0	0	0	0	0	0	0	0	0	0	0	0	0	0	0	0	0	0	0	0	0	0	0	0	0	0	0	0	0	0	0	0	0	0	0	0	0	0	0	0	0	0	0	0	0	0	0	0	0	0	0	0	0	0	0	0	0	0	0	0	0	0	0	8.66115	0	0	0	0	0	0.58544	0	0	6.97298	0	0	0	8.05129	0	0	0	1.00072	0	0	4.82144	7.82162	0	0	0	0	0	0	0	0	
0	0	0	0	0	0	0	0	0	0	0	0	0	0	0	0	0	0	0	0	0	0	0	0	0	0	0	0	0	0	0	0	0	0	0	0	0	0	0	0	0	0	0	0	0	0	0	0	0	0	0	0	0	0	0	0	0	0	0	3.64518	0	0	0	0	0	0	0	0	0	0	4.55597	0	0	0	0	0	0	0	0	0	0	0	0	0	0	0	4.93213	0	0	0	0	0	0	0	0	0	0	0	0	0	
0	0	0	0	0	0	0	0	0	0	0	0	0	0	0	0	0	0	0	0	0	0	0	0	0	0	0	0	0	0	0	0	0	0	0	0	0	0	0	0	0	0	0	0	0	0	0	0	0	0	0	0	0	0	0	0	0	0	0	0	0	0	0	0	0	0	0	0	0	6.77622	6.91432	0	0	0	0	0	0	0	5.87178	0	0	0	0	0	0	0	0	0	7.51319	2.32308	0	0	0	0	0	0	0	0	0	0	
0	0	0	0	0	0	0	0	0	0	0	0	0	0	0	0	0	0	0	0	0	0	0	0	0	0	0	0	0	0	0	0	0	0	0	0	0	0	0	0	0	0	0	0	0	0	0	0	0	0	0	0	0	0	0	0	0	0	0	0	0	0	0	0	0	0	0	0	0	0	0	0	0	0	0	0	0	0	0	0	0	0	0	0	0	0	0	0	0	0	0	0	0	0	0	0	0	0	0	0	
0	0	0	0	0	0	0	0	0	0	0	0	0	0	0	0	0	0	0	0	0	0	0	0	0	0	0	0	0	0	0	0	0	0	0	0	0	0	0	0	0	0	0	0	0	0	0	0	0	0	0	0	0	0	0	0	0	0	8.39161	0	0	0	0	0	0	0	0	0	0	0	0	0	0	0	0	8.49329	0	0	0	0	0	0	0	0	0	0	0	0	0	0	0	0	0	0	0	0	0	0	0	0	
0	0	0	0	0	0	0	0	0	0	0	0	0	0	0	0	0	0	0	0	0	0	0	0	0	0	0	0	0	0	0	0	8.73615	0	0	0	0	0	0	0	0	0	0	0	0	0	0	0	0	0	0.58544	0	0	0	0	0	0	0	0	0	0	0	0.58544	0	0	0	0	0	0	0	0	0	0	0	0	1.58592	0	0	0	0	0	0	0	0	0	0	0	0	0	0	0	0	0	0	0	0	0	0	0	0	
0	0	0	0	0	0	0	0	0	0	0	0	0	0	0	0	0	0	0	0	0	0	0	0	0	0	0	0	0	0	0	0	0	0	0	0	0	0	0	0	0	0	0	0	0	0	0	0	0	0	0	0	0	0	0	0	0	0	0	0	0	0	0	0	0	0	0	0	0	0	0	0	0	0	0	0	0	0	0	0	0	0	0	0	0	0	0	0	0	0	0	0	0	0	0	0	0	0	0	0	
0	0	0	0	0	0	0	0	0	0	0	0	0	0	0	0	0	0	0	0	0	0	0	0	0	0	0	0	0	0	0	0	0	0	0	0	0	0	0	0	0	0	0	0	0	0	0	0	0	0	0	0	0	0	0	0	0	0	0	0	0	0	0	0	0	0	0	0	0	0	0	0	0	0	0	0	0	0	0	0	0	0	0	0	0	0	0	0	0	0	0	0	0	0	0	0	0	0	0	0	
0	0	0	0	0	0	0	0	0	0	0	0	0	0	0	0	0	0	0	0	0	0	0	0	0	0	0	0	0	0	0	0	0	0	0	0	0	0	0	0	0	0	0	0	0	0	0	0	0	0	0	0	0	0	0	0	0	0	0	0	0	0	0	0	0	0	0	0	0	0	0	0	0	0	0	0	0	0	0	0	0	0	0	0	0	0	0	0	0	0	0	0	0	0	0	0	0	0	0	0	
0	0	0	0	0	0	0	0	0	0	0	0	0	0	0	0	0	0	0	0	0	0	0	0	0	0	0	0	0	0	0	0	0	0	0	0	0	0	0	0	0	0	0	0	0	0	0	0	0	0	0	0	0	0	0	0	0	0	0	0	0	0	0	0	0	0	0	0	0	0	0	0	0	0	0	0	0	0	0	0	0	0	0	0	0	0	0	0	0	0	0	0	0	0	0	0	0	0	0	0	
0	0	0	0	0	0	0	0	0	0	0	0	0	0	0	0	0	0	0	0	0	0	0	0	0	0	0	0	0	0	0	0	0	0	0	0	0	0	0	0	0	0	0	0	0	0	0	0	0	0	0	0	0	0	0	0	0	0	0	0	0	0	0	0	0	0	0	0	0	0	0	0	0	0	0	0	0	0	0	0	0	8.92328	0	0	0	0	0	0	0	0	0	0	0	0	0	0	0	0	0	0	
0	0	0	0	0	0	0	0	0	0	0	0	0	0	0	0	0	0	0	0	0	0	0	0	0	0	0	0	0	0	0	0	0	0	0	0	0	0	0	0	0	0	0	0	0	0	0	11.67519	0	0	0	0	0	0	0	0	0	0	0	0	0	0	0	0	0	0	0	0	0	0	0	0	0	0	8.35996	0	0	0	0	0	0	0	0	0	0	0	0	0	0	0	0	0	0	0	0	0	0	0	0	0	
