0	0	0	0	0	0	0	0	0	0	0	0	0	0	0	0	0	0	0	0	0	0	0	0	0	0	0	0	0	0	0	0	0	0	0	0	0	0	0	0	0	0	0	0	0	0	0	0	0	0	0	8.42645	0	0	0	0	0	0	0	0	0	0	0	0	0	0	0	0	0	0	0	0	0	0	0	0	0	0	0	0	0	0	0	0	0	0	0	0	0	0	0	0	0	0	0	0	0	0	0	0	
0	0	0	0	0	0	0	0	0	0	0	0	0	0	0	0	0	0	0	0	0	0	0	0	0	0	0	0	0	0	0	0	0	0	0	0	0	0	0	0	0	0	0	0	0	0	0	13.30772	0	0	0	0	0	0	0	0	0	0	0	0	0	0	0	12.19407	0	0	0	0	0	0	0	0	0	0	0	0	0	0	0	0	0	0	0	0	0	0	0	0	0	0	0	0	0	0	0	0	0	0	0	0	
0	0	0	0	0	0	0	0	0	0	0	0	0	0	0	0	0	0	0	0	0	0	0	0	0	0	0	0	0	0	0	0	0	0	0	0	0	0	0	0	0	0	0	0	0	0	0	0	0	0	0	0	0	0	9.33199	0	0	0	0	0	0	0	0	0	0	0	0	0	0	0	0	0	0	0	0	0	0	0	0	0	0	0	0	0	0	0	0	0	0	0	0	0	0	0	0	0	0	0	0	0	
0	0	0	0	0	0	0	0	0	0	0	0	0	0	0	0	0	0	0	0	0	0	0	0	0	0	0	0	0	0	0	0	0	0	0	0	0	0	0	0	0	0	0	0	0	0	12.44855	10.52923	0	0	0	0	0	0	0	0	0	0	0	0	0	0	0	0	0	0	0	0	0	0	0	0	0	0	0	0	0	0	0	0	0	0	0	0	0	0	0	0	0	0	0	0	0	0	0	0	0	0	0	0	
0	0	0	0	0	0	0	0	0	0	0	0	0	0	0	0	0	0	0	0	0	0	0	0	0	0	0	0	0	0	0	0	0	0	0	0	0	8.244	0	0	0	0	0	11.95544	0	0	0	0	0	0	0	0	0	0	0	0	0	0	0	0	0	0	0	0	0	0	0	0	0	0	0	0	0	0	0	0	0	0	0	0	0	0	0	0	0	0	0	0	0	0	0	0	0	0	0	0	0	0	0	0	
0	0	0	0	0	0	0	0	0	0	0	0	0	0	0	0	0	0	0	0	0	0	0	0	0	0	0	0	0	0	0	0	0	0	0	0	0	0	0	0	0	0	0	0	0	0	0	0	0	0	0	0	0	0	0	0	0	0	0	0	0	0	0	0	0	0	0	0	0	0	0	0	8.26862	0	0	0	0	0	0	0	0	0	0	0	0	0	0	0	0	0	0	0	0	0	0	0	0	0	0	0	
0	0	0	0	0	0	0	0	0	0	0	0	0	0	0	0	0	0	0	0	0	0	0	0	0	0	0	0	0	0	0	0	0	0	0	0	0	0	0	0	0	0	0	0	0	0	0	0	0	0	0	0	0	0	0	0	0	0	0	0	0	0	0	0	0	0	0	0	0	0	0	0	0	0	10.29936	0	0	0	0	0	0	0	0	0	0	0	0	0	0	0	0	0	0	0	0	0	0	0	0	0	
0	0	0	0	0	0	0	0	0	0	0	0	0	0	0	0	0	0	0	0	0	0	0	0	0	0	0	0	0	0	0	0	0	0	0	0	0	0	0	0	0	0	0	0	0	0	0	0	0	0	0	8.65968	0	0	0	11.05319	0	0	11.00242	0	0	0	0	0	0	0	0	0	0	0	0	0	0	0	0	0	0	0	0	0	0	0	0	0	0	0	0	0	0	0	0	0	0	0	0	0	0	0	0	0	
0	0	0	0	0	0	0	0	0	0	0	0	0	0	0	0	0	0	0	0	0	0	0	0	0	0	0	0	7.19625	0	0	0	0	0	0	0	0	0	0	0	0	0	0	0	0	0	0	0	0	0	0	0	0	0	0	0	0	0	0	0	0	0	0	0	0	0	0	7.25804	0	0	0	0	0	0	0	0	0	0	0	0	0	0	0	0	0	0	0	0	0	0	0	0	0	0	0	0	0	0	0	0	
0	0	0	0	0	0	0	0	0	0	0	0	0	0	0	0	0	0	0	0	0	0	0	0	0	0	0	0	0	0	0	0	0	0	0	0	0	0	0	0	0	0	0	0	0	0	0	0	0	0	0	0	0	0	0	8.79879	0	0	0	0	0	0	0	0	0	0	0	0	0	0	0	0	0	0	0	0	0	0	0	0	0	0	0	0	0	0	0	0	0	0	0	0	0	0	0	0	0	0	0	0	
0	0	0	0	0	0	0	0	0	0	0	0	0	0	0	0	0	0	0	0	0	0	0	0	0	0	0	0	0	0	0	0	0	0	0	0	0	0	0	0	0	0	0	0	0	0	0	0	0	0	0	0	0	0	0	0	0	0	0	0	0	0	0	0	0	0	0	11.62914	0	0	0	0	0	0	0	0	0	0	0	0	0	0	0	0	0	0	0	0	0	0	0	0	0	0	0	0	0	0	0	0	
0	0	0	0	0	0	0	0	0	0	0	0	0	0	0	0	0	0	0	0	0	0	0	0	0	0	0	0	0	0	0	0	0	0	0	0	0	0	0	0	0	0	0	0	0	0	0	0	0	0	0	0	6.54185	0	0	0	0.26043	0	0	0	0	0	0	0	0	0	0	0	0	0	0	8.57858	0	0	0	0	0	0	0	0	0	0	0	0	0	0	0	0	0	0	0	0	0	0	0	0	0	0	0	0	
0	0	0	0	0	0	0	0	0	0	0	0	0	0	0	0	0	0	0	0	0	0	0	0	0	0	0	0	0	0	0	0	0	0	0	0	0	0	0	0	0	0	0	0	0	0	0	0	13.0099	0	0	0	14.13052	0	0	0	0	0	0	0	0	0	0	0	0	0	0	2.63631	0	0	0	0	0	0	0	0	0	0	0	0	0	0	0	0	0	0	0	0	0	0	0	0	0	0	0	0	0	0	0	0	
0	0	0	0	0	0	0	0	0	0	0	0	0	0	0	0	0	0	0	0	0	0	0	0	0	0	0	0	0	0	12.89766	0	0	0	0	0	0	0	0	11.15628	0	0	0	0	0	0	0	8.56374	0	0	0	0	0	0	0	0	0	5.38783	4.16643	0	10.71164	0	0	10.85205	0	0	0	0	0	0	0	0	0	0	0	0	0	0	0	0	0	0	0	0	0	0	0	0	0	0	0	0	0	0	0	0	0	0	0	0	
0	0	0	0	0	0	0	0	0	0	0	0	0	0	0	0	0	0	0	0	0	0	0	0	0	0	0	0	0	0	0	0	0	0	0	0	0	0	0	0	0	0	0	0	0	0	0	0	0	0	0	0	0	0	8.09243	0	0	0	0	0	0	0	0	0	0	0	0	0	0	0	0	0	0	0	0	0	0	0	0	0	0	0	0	0	0	0	0	0	0	0	0	0	0	0	0	0	0	0	0	0	
0	0	0	0	0	0	0	0	0	0	0	0	0	0	0	0	0	0	0	0	0	0	0	0	0	0	0	0	0	0	0	0	0	0	0	0	0	0	0	0	0	0	14.45522	0	0	0	0	0	0	0	0	0	9.28148	0	0	0	0	0	0	11.7358	0	0	0	0	0	0	0	0	0	0	0	6.18466	0	0	0	0	0	0	0	0	0	0	0	0	0	0	0	0	0	0	0	0	0	0	0	0	0	0	0	0	
0	0	0	0	0	0	0	0	0	0	0	0	0	0	0	0	0	0	0	0	0	0	0	0	0	0	0	0	0	0	0	0	0	0	0	0	0	0	0	0	0	0	0	9.11274	0	0	0	12.45801	0	0	0	9.1891	0	0	0	0	0	0	4.43378	0	0	0	0	0	0	0	0	0	0	0	0	0	0	0	0	0	0	0	0	0	0	0	0	0	0	0	0	0	0	0	0	0	0	0	0	0	0	0	0	0	
0	0	0	0	0	0	0	0	0	0	0	0	0	0	0	0	0	0	0	0	0	0	0	0	0	0	0	0	0	0	0	0	0	0	0	0	0	0	0	0	0	0	10.72921	0	0	0	0	0	0	0	0	0	0	0	0	7.39194	0	0	0	0	0	0	0	0	0	0	2.0156	0	6.47996	0	0	0	0	0	0	0	0	0	0	0	0	0	0	0	0	0	0	0	0	0	0	0	0	0	0	0	0	0	0	0	
0	0	0	0	0	0	0	0	0	0	0	0	0	0	0	0	0	0	0	0	0	0	0	0	0	0	0	0	0	0	0	0	0	0	0	0	0	0	0	0	12.09733	0	0	0	0	0	0	0	0	0	0	0	0	0	0	0	0	0	0	0	0	0	0	0	0	0	0	0	0	0	0	0	0	0	0	0	0	0	0	0	0	0	0	0	0	0	0	0	0	0	0	0	0	0	0	0	0	0	0	0	
0	0	0	0	0	0	0	0	0	0	0	0	0	0	0	0	0	0	0	0	0	0	0	0	0	0	0	0	0	0	0	0	0	0	0	0	0	0	0	0	0	0	0	0	0	0	0	7.61311	0	0	8.58086	0	0	0	0	0	0	0	0	0	0	0	0	0	0	0	0	0	0	0	0	0	0	0	0	0	9.00086	0	0	0	0	0	0	0	0	0	0	0	0	0	0	0	0	0	0	0	0	0	0	0	
0	0	0	0	0	0	0	0	0	0	0	0	0	0	0	0	0	0	0	0	0	0	0	0	0	0	0	0	0	0	0	0	0	0	0	0	0	0	0	0	0	0	0	0	0	0	0	8.10283	0	0	9.56763	11.03567	0	0	0	0	9.22825	0	8.51656	0	9.2845	0	0	0	0	9.94513	0	0	0	0	0	0	0	0	0	0	0	0	0	0	0	0	0	0	0	0	0	0	0	0	0	0	0	0	0	0	0	0	0	0	
0	0	0	0	0	0	0	0	0	0	0	0	0	0	0	0	0	0	0	0	0	0	0	0	0	0	0	0	0	0	0	0	0	0	0	0	0	0	0	0	0	10.31864	0	0	0	0	0	0	0	0	0	0	0	0	0	0	0	0	0	0	0	0	0	0	0	0	0	0	0	0	0	0	0	0	0	0	0	0	0	0	0	0	0	0	0	0	0	0	0	0	0	0	0	0	0	0	0	0	0	0	
0	0	0	0	0	0	0	0	0	0	0	0	0	0	0	0	0	0	0	0	0	0	0	0	0	0	0	0	0	0	0	8.81141	0	0	0	0	0	0	0	0	0	0	0	0	0	0	0	9.60596	0	0	0	0	0	0	0	0	0	0	0	0	0	0	0	3.71961	0	0	0	3.06889	0	0	0	0	0	0	0	0	0	0	0	0	0	0	0	0	0	0	0	0	0	0	0	0	0	0	0	0	0	0	0	0	
0	0	0	0	0	0	0	0	0	0	0	0	0	0	0	0	0	0	0	0	0	0	0	0	0	0	0	0	0	0	0	11.21998	0	0	0	0	0	0	0	0	0	0	0	0	0	0	0	0	0	0	0	0	0	0	0	0	0	0	0	0	0	0	0	0	0	0	0	0	0	0	0	0	0	0	0	0	0	0	0	0	0	0	0	0	0	0	0	0	0	0	0	0	0	0	0	0	0	0	0	0	
0	0	0	0	0	0	0	0	0	0	0	0	0	0	0	0	0	0	0	0	0	0	0	0	0	0	0	0	0	0	0	0	0	0	0	0	0	0	0	0	0	0	0	9.89198	0	0	0	0	0	14.69028	0	0	0	0	8.28681	0	0	0	0	0	0	0	0	0	0	0	0	0	0	0	0	0	0	0	0	0	0	0	0	2.30279	0	0	0	0	0	0	0	0	0	0	0	0	0	0	0	0	0	0	0	0	
0	0	0	0	0	0	0	0	0	0	0	0	0	0	0	0	0	0	0	0	0	0	0	0	0	0	0	0	0	0	0	0	8.74132	0	0	0	0	0	0	0	0	0	0	0	0	0	0	3.71961	0	0	11.22297	0	0	0	0	0	0	0	8.39325	0	0	0	0	0	0	0	0	0	0	0	2.16295	0	0	0	0	0	0	0	0	0	0	0	0	0	0	7.48556	0	0	0	0	0	0	0	0	0	0	0	0	0	0	
0	0	0	0	0	0	0	0	0	0	0	0	0	0	0	0	0	0	0	0	0	0	0	0	0	0	0	0	0	0	0	0	0	0	0	0	0	0	0	9.43526	0	0	0	0	14.66531	0	9.91426	0	0	0	0	0	0	0	0	0	0	0	0	0	0	0	0	0	0	0	0	0	0	5.59668	0	0	0	0	0	0	0	0	0	0	0	0	0	0	0	0	0	0	0	0	0	0	0	0	0	0	0	0	0	0	
0	0	0	0	0	0	0	0	0	0	0	0	0	0	0	0	0	0	0	0	0	0	0	0	0	0	0	0	0	0	0	0	0	0	0	7.50676	0	0	0	0	0	0	0	0	0	0	0	8.15877	0	0	0	0	0	7.25532	0	0	0	0	0	0	9.076	0	0	0	0	0	0	0	0	0	0	0	0	0	0	0	0	0	0	0	0	0	0	0	0	0	0	0	0	0	0	0	0	0	3.8985	0	0	0	0	0	
0	0	0	0	0	0	0	0	0	0	0	0	0	0	0	0	0	0	0	0	0	0	0	0	0	0	0	0	0	0	0	0	0	0	0	0	0	0	0	0	0	15.34879	0	0	0	0	0	0	0	0	0	0	0	0	0	0	0	0	0	0	0	0	0	0	0	0	0	4.2676	0	0	0	4.93382	0	0	0	0	0	0	0	0	0	0	0	0	0	0	0	0	0	0	0	0	0	0	0	0	0	0	0	0	
0	0	0	0	0	0	0	0	0	0	0	0	0	0	0	0	0	0	0	0	0	0	0	0	0	0	0	0	0	0	0	0	0	0	0	0	0	0	0	0	8.45533	0	0	0	9.9413	0	0	6.17254	0	0	5.35755	12.65375	0	0	0	9.58651	0	0	8.15658	0	6.52152	0	0	0	0	0	0	0	5.54387	0	0	0	0	0	0	0	0	0	0	0	0	0	0	0	0	0	0	0	0	0	0	0	0	0	0	3.51536	0	0	0	0	
0	0	0	0	0	0	0	0	0	0	0	0	0	0	0	0	0	0	0	0	0	0	0	0	0	0	0	0	0	0	0	0	0	0	0	0	0	0	0	0	0	0	0	0	14.27195	0	0	0	0	0.52085	0	0	5.82406	0	0	0	0	8.11872	0	0	0	4.93382	0	0	0	0	0	0	0	0	0	0	0	0	0	0	0	0	0	0	0	0	0	0	0	0	0	0	0	0	0	0	0	0	0	0	0	0	0	0	
0	0	0	0	0	0	0	0	0	0	0	0	0	0	0	0	0	0	0	0	0	0	0	0	0	0	0	0	0	0	0	0	0	0	0	0	0	0	0	0	0	0	0	11.31857	0	0	13.42899	0	0	0	9.2017	0	0	0	0	0	0	0	0	9.23539	0	0	0	0	9.93363	0	0	4.13107	0	0	0	0	9.6919	0	0	0	0	0	0	0	0	0	0	0	0	0	0	0	0	0	0	0	0	0	0	0	0	0	0	0	
0	0	0	0	0	0	0	0	0	0	0	0	0	0	0	0	0	0	0	0	0	0	0	0	0	0	0	0	0	0	0	0	0	0	0	0	0	0	0	0	0	0	0	0	2.63631	2.91106	0	11.26324	0	0	0	13.88037	6.91367	0	0	9.30844	0	0	0	0	0	0	0	0	0	0	0	9.66665	0	0	0	0	0	11.16422	0	0	0	0	0	0	0	0	0	0	0	0	0	0	0	0	0	0	0	0	0	0	0	0	0	0	
0	0	0	0	0	0	0	0	0	0	0	0	0	0	0	0	0	0	0	0	0	0	0	0	0	0	0	0	0	0	0	0	0	0	0	0	0	13.51134	0	0	0	0	0	0	0	0	0	0	6.89798	0	0	6.80812	0	0	10.17194	0	7.81879	0	0	2.91106	0	5.27895	0	0	0	0	0	0	0	0	0	0	0	0	6.27127	2.91106	0	0	0	0	0	0	0	0	0	0	0	0	0	0	0	0	0	0	0	0	0	0	0	0	
0	0	0	0	0	0	0	0	0	0	0	0	0	0	0	0	0	0	0	0	0	0	0	0	0	0	0	0	0	0	0	0	0	0	0	0	0	0	0	0	0	0	13.22517	0	0	11.611	0	11.75336	0	0	11.03626	0	11.42916	0	10.78289	0	0	0	0	0	0	0	0	11.10138	0	0	0	6.86607	0	0	8.2357	0	0	0	0	0	0	0	3.93996	0	0	0	0	0	0	0	0	0	0	0	0	0	0	0	0	0	0	0	0	0	
0	0	0	0	0	0	0	0	0	0	0	0	0	0	0	0	0	0	0	0	0	0	0	0	0	0	0	0	0	0	0	0	0	0	0	0	0	0	0	0	0	0	0	0	0	0	0	8.8527	10.24819	0	0	9.1441	0	0	0	0	0	0	0	0	0	0	0	0	0.90273	0	0	0	0	0	0	0	0	0	0	0	0	0	0	0	0	0	0	0	0	0	0	0	0	0	8.84454	0	0	0	0	0	0	0	0	0	
0	0	0	0	0	0	0	0	0	0	0	0	0	0	0	0	0	0	0	0	0	0	0	0	0	0	0	0	0	0	0	0	0	0	0	0	0	0	0	0	0	0	0	0	0	0	0	12.70735	0	0	0	0	10.11934	9.48863	0	0	0	0	11.72065	11.50536	0	0	0	0	0	0	0	0	0	0	0	0	0	0	0	0	0	0	0	0	0	0	0	0	0	0	0	0	0	0	0	0	0	0	0	0	0	0	6.68893	0	
0	0	0	0	0	0	0	0	0	0	0	0	0	0	0	0	0	0	0	0	0	0	0	0	0	0	0	0	0	0	0	0	0	0	0	0	0	0	0	0	0	0	8.44456	0	0	0	0	0	0	9.37417	0	6.3629	0	9.32907	0	0	0	0	0	0	0	0	0	0	11.74478	0	0	0	0	0	0	0	0	0	0	0	14.47904	0	0	0	0	0	0	0	0	0	0	0	0	0	0	0	0	0	0	0	0	0	0	0	
0	0	0	0	0	0	0	0	0	0	0	0	10.24198	0	0	0	0	0	0	0	0	0	0	0	0	0	0	0	0	0	9.79999	0	0	0	0	0	0	0	0	0	0	0	9.38013	0	0	0	0	12.20541	0	0	11.92399	0	0	5.29502	4.93382	0	10.93363	0	0	0	0	0	0	10.56046	8.05882	10.50973	0	0	0	0	0	0	0	0	0	0	0	0	0	0	0	0	0	0	0	0	0	0	0	0	0	0	0	0	0	0	0	0	0	0	
0	0	0	0	0	0	0	0	0	0	0	0	0	0	0	0	0	0	0	0	0	0	0	0	0	0	0	0	0	0	0	0	0	0	0	0	0	0	0	0	0	0	0	0	0	11.19637	7.41785	0	4.47925	11.94657	1.20433	8.60754	8.2043	0	10.63926	7.29244	0	0	0	0	10.86489	0	0	0	0	0	0	0	0	6.44463	0	0	0	0	0	0	4.63094	0	0	0	0	0	0	0	0	0	0	0	0	0	0	0	0	0	0	0	0	0	0	0	
0	0	0	0	0	0	0	0	0	0	0	0	0	0	0	10.41045	0	0	0	0	0	0	0	0	0	0	0	0	0	0	0	0	0	0	0	3.81183	11.88836	0	0	0	0	0	0	2.0156	0	11.27316	9.11384	7.78506	3.85582	7.33481	0	0	5.03294	0	10.57451	0	0	0	0	8.19347	0	10.76426	0	8.00122	0	7.75343	0	0	10.85849	0	12.33562	0	0	0	0	10.28519	0	0	0	3.82693	0	0	0	0	0	0	0	0	0	0	9.04071	0	0	0	0	0	0	0	0	0	
0	0	0	0	0	0	0	0	0	0	0	0	0	0	0	0	0	0	0	0	0	0	0	0	0	0	11.59993	0	0	0	0	3.71961	0	0	7.42881	0	0	0	0	0	10.79193	0	0	0	0	0	0	0	8.87094	7.23045	1.85148	11.03626	8.63173	0	10.98023	0	12.86977	0	4.52492	0	0	10.39003	0	0	0	8.93318	0	0	0	0	0	0	0	7.91289	0	0	0	0	0	0	0	0	0	0	0	0	0	0	0	0	0	0	0	0	0	0	1.66626	0	0	0	
0	0	0	0	0	0	0	0	0	0	0	0	0	0	0	0	0	0	0	10.15608	0	0	0	0	0	0	0	0	0	0	0	0	0	0	0	0	0	0	0	0	0	0	0	13.64181	0	0	13.75035	12.94663	12.11879	0	8.7325	7.46711	10.41689	0	0	0	13.49736	0	0	7.64215	7.30823	0	0	12.98133	0	8.09368	0	8.81976	0	0	0	0	0	0	0	0	0	0	0	0	0	0	0	0	0	0	0	0	0	0	7.16217	0	0	0	0	0	0	0	0	0	
0	0	0	0	0	0	0	0	0	0	0	0	9.18455	0	0	0	0	0	0	8.00855	0	0	0	0	0	0	0	0	0	0	0	0	0	6.7047	0	0	0	0	0	0	0	9.24473	11.90694	0	9.10191	0	0	5.55052	7.45049	0	2.99213	8.58986	6.62232	6.26898	9.33009	13.49725	5.87615	5.31272	8.90901	0	0	0	0	0	1.66626	0	0	0	0	0	0	0	0	0	0	0	0	0	10.485	1.20433	0	0	0	0	0	0	0	0	0	0	0	0	0	0	0	0	0	0	0	0	
0	0	0	0	0	0	0	0	0	0	0	0	0	0	0	0	0	0	0	0	0	0	0	13.83249	0	0	0	0	0	0	0	0	0	0	0	0	0	0	11.62159	0	0	0	6.71842	9.0502	6.43716	0	11.23722	5.74236	0	9.1186	7.75052	8.84369	0	0	0	0	0	6.54842	13.76385	9.57093	10.84832	0	0	0	8.97367	0	0	0	0	0	0	0	0	0	0	0	0	0	0	0	0	0	0	0	0	0	0	0	0	0	0	0	0	0	0	0	0	0	0	0	
0	0	9.34459	0	0	0	0	0	0	0	0	0	0	0	0	0	0	0	0	0	0	0	0	0	0	0	0	0	0	0	0	0	0	0	0	0	0	0	0	0	9.84173	0	0	0	0	9.04665	0	9.75052	8.60942	12.14099	0	7.82986	8.92029	8.85629	0	11.28979	0	0	10.18762	2.2966	11.02933	0	8.5437	10.30035	0	0	0	0	0	0	0	8.24609	0	0	0	0	4.13107	0	0	0	0	0	0	0	0	0	0	0	0	0	0	0	0	0	0	0	0	0	0	0	
0	0	0	0	0	0	0	0	0	0	0	10.36979	0	0	0	0	0	0	0	0	0	0	0	0	0	0	0	0	0	0	0	0	7.65728	0	0	0	0	9.64068	13.19481	5.41748	4.2676	7.31525	0	0	12.01993	7.9216	10.90833	5.7403	10.48042	0	11.94323	0	6.49042	5.64397	0	10.90161	6.02364	10.75352	0	0	0	0	0	0	0	0	0	6.56191	0	0	0	0	3.8985	0	0	4.01947	0	0	10.21901	0	0	0	0	0	0	0	0	0	0	0	0	0	0	0	0	8.12147	0	0	0	0	
0	0	0	0	0	0	0	0	0	0	0	0	0	0	0	0	0	0	0	0	0	0	0	0	0	0	0	0	0	0	0	0	0	0	8.63015	8.59608	0	0	0	5.84603	0	12.27856	0	11.07419	13.48199	10.20161	8.37012	9.61631	5.24267	10.27591	11.93253	9.91555	1.20433	9.78181	0	0	8.66778	0	0	7.55867	7.87331	0	3.62109	0	0	0	0	0	0	0	0	0	0	0	0	0	0	0	6.14088	0	0	0	0	0	0	0	0	9.73302	0	0	0	0	0	0	0	0	0	0	0	0	
0	0	0	0	0	0	0	0	9.12626	0	10.37357	0	0	0	0	0	0	0	0	0	0	0	0	0	0	0	12.00161	0	0	0	0	0	0	0	0	8.80721	0	13.64161	11.304	0	7.67273	7.86795	0	4.20095	3.51536	12.08989	4.9852	7.82059	9.1247	9.14657	0	9.18102	0	0	0	0	9.43478	3.14178	0	0	0	0	4.16643	0	0	0	11.37256	0	0	0	0	0	0	0	0	0	0	0	0	0	0	0	0	0	0	0	0	0	0	0	0	0	0	3.27735	0	0	0	0	0	0	
0	0	0	0	0	0	0	0	0	0	0	13.37593	0	0	13.66566	0	0	0	0	0	0	0	0	0	0	0	0	0	0	0	0	10.46517	0	0	8.01098	0	12.14603	0	0	9.16588	0.52085	0	9.57606	9.49839	10.09435	7.38363	10.46198	8.49779	4.62081	8.51543	7.26246	10.35283	10.01626	8.60089	0	8.753	10.55305	0	0	11.78052	10.82084	5.11878	0	10.95138	0	0	0	0	0	0	0	0	0	3.06889	0	7.64883	0	0	0	0	0	0	0	5.94098	0	0	0	0	0	0	0	0	0	0	0	0	0	0	0	0	
0	0	0	0	0	0	0	0	0	0	0	0	13.05401	0	0	0	0	0	0	0	0	0	0	0	0	0	0	0	0	9.3542	0	0	7.74176	0	8.7889	0	12.37878	0	11.28979	10.22793	10.73017	11.30127	10.34804	10.65534	7.89765	4.0717	9.60839	10.37809	6.49394	9.26144	7.52629	11.51546	10.58598	7.57673	6.72918	8.1592	11.7129	0	0	8.15438	8.29282	0	0	0	0	0	0	0	0	0	0	0	0	9.59236	0	0	0	0	0	0	9.92591	0	0	0	0	0	0	0	0	0	0	0	0	0	0	0	0	0	0	0	
0	0	0	0	0	0	0	11.95307	0	0	0	9.50512	0	0	0	0	0	0	0	0	0	0	0	0	0	0	0	8.50452	0	0	7.33869	0	13.201	0	0	0	10.6002	8.19989	9.13396	9.94162	9.54563	6.09971	0	10.85685	11.37185	8.87594	8.56505	9.23622	10.80329	9.90027	5.9577	9.27196	10.35584	9.02634	8.45926	5.55889	11.26605	6.14411	9.59156	9.13074	5.47287	11.6086	7.81043	0	9.36185	0	0	0	0	0	0	0	0	9.91815	0	0	0	0	0	0	0	0	0	0	0	0	0	0	0	0	0	0	0	0	0	0	0	0	0	0	
13.38329	0	0	0	0	0	0	0	5.17462	0	0	0	8.85812	0	0	0	0	0	0	0	0	0	0	0	13.40108	0	0	7.48592	0	0	0	0	12.48205	0	11.43516	8.2357	0	5.57051	10.45909	8.24374	10.59655	9.19088	5.55495	9.99973	11.20901	10.31305	8.56031	10.43844	6.70208	6.11635	9.64226	5.9011	7.5684	6.36728	11.1996	9.05831	9.77872	6.46671	0	10.60868	2.91106	2.16295	0	6.50783	0	9.79364	0	0	0	0	1.85148	0	0	0	0	0	0	0	0	0	0	0	4.4899	0	0	10.88993	0	0	0	0	0	0	0	0	0	0	0	0	0	0	
0	0	0	11.42163	0	0	0	0	0	0	0	0	0	0	0	0	0	0	8.41914	0	0	11.4631	0	6.94455	11.20526	9.38079	0	0	10.41872	8.34004	11.85971	0	15.85821	0	0	0	0	9.89768	10.18729	8.88596	9.15792	6.62276	8.3907	9.17399	10.18375	9.98093	8.76299	10.20777	9.97502	6.21726	9.94476	7.92949	10.90194	7.82234	9.00204	10.38236	0	6.38991	8.06419	8.34	0	5.26271	8.38951	0	0	0	0	0	0	5.27895	0	0	5.51673	0	0	6.18466	12.48019	3.7091	0	0.52085	0	0	0	0	0	0	0	0	0	0	0	0	0	0	0	0	0	0	0	0	
8.90205	0	0	0	11.89595	8.11719	0	0	0	0	0	0	0	0	0	0	0	12.25129	0	0	0	0	0	0	9.23851	0	8.1411	9.95412	0	11.39066	9.81676	0	0	0	10.15553	9.19422	7.64044	10.48138	10.56212	8.14983	7.09512	9.06954	8.80951	8.51508	10.1901	9.11945	9.67584	8.3626	8.59535	9.66897	5.61414	9.59924	10.75992	7.06672	9.68369	9.73346	9.74687	4.62643	7.258	7.97725	12.22624	0	5.76372	10.6424	10.96274	10.13727	9.62954	0	0	0	0	0	0	0	8.16316	0	0	0	0	0	0	0	0	0	0	0	0	0	0	0	0	0	0	0	0	0	0	0	0	0	
0	0	0	0	0	0	0	0	6.2103	0	7.98646	0	0	0	0	0	7.64166	13.53895	9.32907	7.29142	12.35706	7.14512	0	0	0	14.46864	0	9.08296	9.33002	11.33153	0	9.33782	11.53208	9.58466	8.59063	10.4561	7.75009	6.48273	9.15899	8.14877	8.77565	7.62287	7.72727	8.17515	9.3807	8.01387	7.77427	9.15742	8.46806	7.41811	7.23131	10.7489	8.94042	7.83653	6.76915	6.80101	5.25119	8.77464	0	8.92546	5.52639	8.41363	7.07508	0	7.84866	11.90612	7.13955	0	0	0	0	7.71215	0	0	5.62237	0	0	0	9.09448	0	0	0	0	0	0	8.67994	0	0	0	0	0	0	0	0	0	3.81183	0	0	0	0	
0	9.96158	0	0	3.98026	8.7559	0	0	0	0	0	0	0	0	6.98473	9.97348	0	10.69897	11.09962	0	7.54757	0	8.87549	0	0	0	0	0	9.68431	9.67511	7.44717	0	11.73076	6.73576	8.73985	7.85555	9.60845	10.39645	8.4298	9.34014	9.17827	7.86212	8.67751	8.34867	8.63394	8.47815	8.8674	9.14954	8.01654	7.22712	7.23144	8.33529	8.46963	8.6188	9.38854	7.84403	4.71245	8.67241	8.38008	8.13769	0	9.11725	0	12.23979	10.06157	1.4537	5.81969	5.95116	0	0	0	0	0	0	0	3.76646	0	0	0	0	9.0688	0	0	0	0	0	0	0	0	0	0	0	0	0	0	0	0	0	0	0	
0	11.02306	10.69859	0	9.94449	0	0	0	0	0	11.02336	0	0	0	9.64017	8.08215	0	7.67273	0	0	7.35027	8.95356	9.80244	10.17143	9.02394	7.07123	0	4.9965	6.91367	8.19734	12.02843	10.17899	11.00848	9.96138	10.67415	12.97345	8.14781	8.87418	8.34696	7.56469	7.28272	7.78674	8.02536	7.41722	7.29035	7.2358	8.79326	8.49329	9.45153	8.95406	7.32238	8.89798	8.57698	8.34297	7.39313	7.18192	7.90689	5.78829	8.31297	6.92919	0	8.44458	9.03618	8.90618	2.84234	5.58365	0	0	0	0	0	8.23151	0	1.66626	9.67741	0	8.35927	0	0	0	0	0	0	4.68283	0	2.06434	0	0	0	0	0	0	0	0	0	0	0	0	0	0	
0	0	0	0	0	0	0	0	8.51141	0	8.97117	10.91448	0	0	0	0	0	0	10.02737	0	12.37607	0	0	0	0	9.88138	10.33614	0	2.16295	8.2625	5.33231	7.4929	8.68909	9.34065	10.90036	8.3969	9.55361	9.89583	8.35809	10.25193	6.56618	8.68344	8.66669	8.3024	7.34339	9.33268	7.98435	8.23266	8.29268	8.9158	8.10552	6.82701	7.1431	8.5492	7.31257	9.11383	8.96235	8.96957	9.53079	8.25402	10.10812	4.45362	12.54931	6.41451	0	11.60211	0	8.44139	0	0	0	0	0	0	0	0	0	0	2.16295	0	0	8.58349	0	0	0	0	0	8.23289	4.61343	7.10807	0	0	0	0	0	0	0	0	0	0	
0	0	0	0	0	0	0	0	12.46073	8.75154	7.82295	2.0156	0	12.94639	0	0	0	8.27471	10.32794	7.1518	0	0	0	8.83247	8.16316	10.44865	8.68604	9.3588	6.39747	9.41941	0	8.13116	5.31009	5.5687	5.10552	8.94766	10.08714	7.03349	9.11266	5.65529	7.23006	8.25367	8.22263	8.24914	6.93278	8.42611	8.52891	7.52245	6.98067	9.22396	8.81072	7.41682	7.02704	7.37016	8.47135	8.17017	6.49381	10.1601	9.53502	8.14724	6.71724	11.962	9.0906	7.37693	8.01897	9.39045	9.63702	0	0	0	0	0	0	8.48013	10.07641	0	0	0	12.73218	0	0	0	0	0	0	0	0	0	9.17807	0	2.91106	0	0	0	0	0	0	0	0	0	
0	0	11.90449	9.76251	0	8.00611	0	3.81183	8.39138	0	0	0	0	0	0	0	0	6.39124	0	0	0	0	0	11.54893	0	9.40134	0	10.97484	9.67204	8.35152	0	9.90096	0	8.9774	5.20984	8.29359	7.09083	7.51551	1.20703	10.68528	9.62039	8.74974	7.54232	8.58667	8.36974	6.80033	6.72727	7.88692	7.20064	7.9884	8.81693	7.80416	8.36516	7.622	8.09182	6.01061	7.86687	8.88882	7.78999	7.22898	10.1702	7.49812	5.45356	10.67845	6.14445	0	0	6.08372	3.81183	5.12174	4.28353	0	10.31175	0	0.72685	0	5.54085	0	0	0	0	0	5.75329	0	0	0	0	0	0	0	0	0	0	0	0	0	0	0	0	0	
0	0	0	0	0	0	0	0	0.52085	0	11.69494	9.52909	9.01882	0	13.18418	0	0	7.95899	0	6.52833	0	0	0	0	0	0	6.92919	5.01365	7.07477	0	6.87678	8.19979	5.86684	8.79649	5.27975	8.41621	9.00445	7.74192	8.12074	8.86391	9.11954	5.71394	6.2149	6.52675	7.58079	7.7306	5.05654	5.9452	8.36633	5.67926	7.33354	9.26668	8.4551	7.89338	7.55261	6.43058	5.77301	7.97753	8.3406	8.75009	7.77262	5.95333	9.65655	6.29309	0.90273	5.44447	10.13281	4.75388	0	0	9.63149	0	6.75166	3.88507	0	14.31081	0	0	0	0	0	0	0	0	0	0	0	0	7.39665	0	0	0	0	0	0	0	0	0	0	0	
0	0	0	0	0	0	0	0	0	10.80655	0	0	7.29542	0	0	0	0	0	0	0	0	0	0	8.06651	0	0	7.29184	0	0	4.50881	7.4788	0	0	7.02504	6.72496	6.52152	8.6537	1.4537	1.4537	8.14776	3.55631	10.78075	6.14914	5.77093	9.90326	8.59952	8.24521	7.61029	9.65607	4.79071	7.51878	9.11171	6.24993	6.11038	8.83634	7.46457	8.6964	6.62707	4.95346	7.72583	8.13313	5.24448	4.46384	9.31508	7.90724	5.7197	8.85541	9.3939	6.31912	0	0	13.18735	0	3.62109	0	7.61311	9.67971	0	0	0	0	0	0	0	10.03396	0	0	2.0156	0	0	0	10.01044	0	0	0	0	8.62221	0	0	0	
0	0	0	0	0	0	0	0	0	0	0	12.13212	0	0	0	0	0	6.27335	11.07458	0	0	0	0	7.17471	0	0	0	9.04665	0	0	0	0	6.34938	6.47447	7.71357	0	6.28006	8.32582	2.56245	3.40272	6.54357	8.69171	7.65078	3.86204	0	9.80251	7.2428	5.67052	6.26378	6.31423	8.33524	12.29001	8.44604	5.95326	7.15893	6.6345	6.82515	6.79014	8.24524	9.27782	7.76688	4.94591	0	6.21306	10.04987	0	5.8053	6.18466	9.54932	8.47909	0	0	3.27735	6.00098	0	11.20199	0	8.59164	0	0	0	7.33757	0	0	0	0	0	0	0	0	0	0	0	0	0	0	0	0	0	0	
0	0	0	0	4.28104	0	0	0	0	0	8.89679	0	2.82518	0	0	10.82672	0	0	8.08215	0	5.39034	5.7444	0	0	0	9.37985	6.07728	0	0	5.20436	0	9.69409	13.86186	0	0	7.82434	8.64276	10.71324	10.37594	11.39709	6.26036	8.21474	6.89439	8.38764	4.80985	7.04988	13.92806	3.83902	7.86356	7.96224	8.67539	7.0006	8.42694	7.61731	5.88907	8.13206	7.04255	8.22608	4.77977	8.3896	5.71519	7.97713	6.16079	6.78138	8.64616	0	8.17116	10.42124	0	5.57051	9.03469	10.10972	7.36309	10.63806	7.68694	0	4.2159	0	0	0	5.32662	0	0	0.52085	0	0.52085	0	0	0	3.81183	0	0	0	0	0	0	0	0	0	0	
0	0	0	0	0	0	0	0	0	0	0	6.01074	2.72327	0	0	8.92675	0	0	0	3.40125	4.36213	0	1.20433	0	0	0	0	0	0	6.90867	7.5307	6.16715	0	0	0	9.72711	0	0	0	6.41528	4.39318	7.71023	4.19305	5.89427	8.30421	6.02523	7.24276	7.81585	6.74179	5.0602	0	0	7.90812	10.52292	1.66626	8.36714	8.97021	7.18244	6.95624	6.76079	9.06828	7.73657	8.15607	7.06492	5.34923	6.47246	5.57051	7.96225	0	9.73622	0	8.24491	8.06041	8.84317	9.72933	0	2.16295	0	6.56191	0	0	0	0	0	0	0	0	0	0	0	0	0	0	0	0	0	0	0	0	0	
0	0	0	7.95141	0	0	0	0	0	0	0	0	0	0	0	0	0	0	0	0	0	0	10.47578	0	0	0	8.95875	10.34618	8.14111	5.35755	0	0	2.82518	0	0	11.22472	0	2.41895	6.22714	3.01982	7.71679	0	0.52085	0	3.91337	10.95644	7.94163	8.65214	5.94146	5.9665	6.44334	5.76233	8.32274	9.5338	7.8771	6.58212	7.39003	6.09548	7.4267	7.20964	8.28534	7.90175	8.14985	8.60521	7.5373	9.09698	5.72576	8.08215	9.64403	7.95942	7.61734	9.35446	6.23391	3.26734	7.50716	0	12.52099	0	6.70937	9.65503	2.91106	4.05764	2.2966	0	0	2.41895	0	0	0	0	0	0	0	0	0	0	0	0.52085	0	12.53459	
0	0	5.37184	0	0	0	0	0	0	0	0	0	0	0	0	0	0	0	0	0	8.1142	0	0	0	0	10.31421	0	8.79641	0	10.17682	0	10.43965	8.79879	0	7.86526	0	0	6.8117	6.89784	0	7.93868	0	0	7.62598	10.14061	9.56514	5.4981	4.90367	6.91886	10.25495	8.46512	9.76076	6.4785	8.30759	6.36746	8.68034	0	7.37205	7.1951	7.68411	2.43193	6.603	5.97903	1.01752	5.54772	9.77657	6.224	0	9.51039	4.25681	4.6835	7.32319	5.35942	8.92391	4.23466	0	6.89228	0	3.00274	7.35411	0	5.88769	0	0	0	0	0	0	6.43818	0	0	0	0	0	0	0	4.58758	0	0	0	
0	0	0	0	6.50088	0	0	0	0	0	0	0	7.78221	0	0	0	0	0	0	0	7.89719	7.34642	0	0	0	0	0	7.05221	0	0	0	0.90273	9.2744	0	0	0	5.59668	0	8.96239	8.52169	0	0	4.66631	0	9.72043	0	5.56216	9.45238	0.90273	7.3237	5.21284	7.10483	10.50283	6.25993	8.27857	1.60558	0	7.40842	4.32518	2.28063	7.65764	6.64585	8.77588	7.21385	5.92767	9.10511	8.56842	5.47043	7.6767	6.58855	8.73746	0	0	8.66861	0	7.04108	8.90275	6.19314	0	0	0	0	0	0	7.68802	0	0	0	0	0	0	0	0	0	0	0	7.4929	0	0	0	
0	0	0	0	0	0	0	0	6.73088	0	0	0	1.20433	0	0	0	8.06117	5.0629	7.4105	0	0	0	0	0	10.22968	0	0	0	0	0	0	0	0	0	8.94595	9.06667	0	8.73545	0	0	0	0	8.55709	9.78086	0	12.26397	10.01226	9.62515	0	5.05534	0	9.63386	9.83818	8.65035	0	5.93074	0	8.82312	0	4.26933	10.4287	6.39306	5.83815	6.63946	4.10085	6.1037	7.08313	4.78596	8.15877	7.54665	8.2196	4.0019	7.13308	6.13197	8.1688	4.1105	9.68378	9.62991	0	0	4.99411	10.03037	10.67961	0	6.36783	2.53172	7.20478	6.13197	6.92919	0	3.0156	0	0	10.2572	0	0	0	0	0	0	
0	0	0	0	0	0	0	0	0	0	0	0	0	0	0	0	0	0	0	0	6.25551	0	0	0	0	0	0	0	0	6.68893	0	0	0	0	6.79442	0	0	0	0	0	8.58676	0	8.42827	8.68147	7.31419	0	0	4.09483	5.89956	6.27478	10.15718	0	0	2.9804	4.01037	7.49236	0	0	7.93191	8.69685	12.16964	5.5055	5.38963	5.20379	6.98711	7.41202	5.03183	9.5036	7.2498	9.1026	8.81036	7.37055	5.48987	6.79793	2.62896	0	2.77951	0	6.18952	0	0	0	9.14964	0	0	0	9.74551	0	0	0	0	0	0	0	0	0	0	0	0	0	
0	0	0	0	9.45952	0	0	0	0	0	0	8.84454	0	7.96904	0	0	0	0	0	0	0	0	0	0	0	0	0	0	0	0	0	0	0	0	0	0	0	0	0	6.57914	0	0	9.02152	0	6.06958	0	1.0078	3.14178	0	0	7.3113	0	0	0	9.0419	0	0	0	0	8.77893	7.70762	0	7.68039	7.69446	7.34741	0	1.60558	5.05386	9.27105	7.60266	8.41592	9.05921	8.546	5.01949	0	0	3.09375	6.42991	7.23482	6.83344	2.82518	8.30676	0.52085	0	6.49394	0	5.67243	10.24158	0	4.62747	0	0	0	0	7.29142	0	0	0	0	0	
0	0	0	0	0	0	0	0	0	0	0	0	0	0	0	0	0	6.97262	0	0	0	9.28047	9.6307	0	0	0	8.51998	0	0	0	0	0	0	9.14408	6.94567	0	0	0	0	0	0	0	0	0	0	0	0	0	0	0	1.66626	0	0	0	0	7.95846	10.50611	9.12247	7.0044	3.67119	0	5.30281	7.3219	0	8.33123	9.00802	8.63438	7.96534	5.15344	5.1712	8.01827	6.07117	7.33038	4.73658	8.55976	6.10174	8.22802	0	10.54038	6.87319	0	0	6.94593	0	6.86607	9.28673	3.98026	6.42261	0	11.17493	0	0	0	0	0	0	8.16254	0	0	0	
0	0	0	0	0	0	0	0	7.16984	0	0	2.16295	0	0	0	0	0	0	0	0	0	0	0	0	0	0	0	1.20433	0	3.40125	0	0	0	0	0	0	0	0	0	9.7956	0	0	0	0	0	7.3231	0	7.00928	5.03294	0	0	9.76797	0	0	0	0	0	0	8.92978	0	6.65311	0	8.13302	9.40421	7.25437	3.34682	5.98389	0	0	7.61838	8.32347	6.3705	10.02021	4.80392	4.29101	10.42117	1.32902	0	0	7.00303	6.7163	8.23016	9.32516	9.48469	7.7478	0	0	0	0	0	7.3807	0	9.99043	0	0	0	0	0	0	0	
0	0	0	0	0	0	0	0	0	0	0	0	0	8.47309	0	0	0	0	0	4.73618	0	0	0	0	0	3.47665	0	0	0	0	0	0	0	0	8.08215	0	0	7.59817	0	0	10.7329	0	3.93996	12.2248	4.01947	0	0	0	0	0	7.98554	7.19197	0	0	6.72496	0	0	0	0	7.12276	5.13746	0	3.44163	8.22526	7.11261	4.33424	9.60619	4.20095	1.20433	5.73304	6.72322	0	6.60342	7.04365	10.12945	7.03099	5.70059	5.20895	7.07618	5.01482	0	7.38894	9.04071	6.7702	3.36053	0	0	5.66007	2.80233	0	11.49822	0	0	7.06656	0	0	0	0	4.68486	0	
0	0	0	0	0	0	0	5.44654	0	0	0	0	0	0	0	0	0	0	0	0	0	0	9.12513	0	0	0	0	0	9.807	0	0	0	0	0	11.45882	0	0	6.66441	0	0	0	2.53132	0	0	0	0	9.94014	0	0	0	0	0	10.17031	0	0	0	2.94451	5.01365	0	5.57866	8.86114	0	0	7.73075	0	3.81183	0	8.84519	7.30014	11.23905	8.18671	7.87781	8.07286	6.62413	8.2848	6.83173	8.63061	2.16295	6.74642	6.86239	7.98269	8.12299	5.87023	0	7.20731	0	4.61343	5.34361	0	0	8.22316	8.8339	0	0	0	0	9.07135	0	0	0	
0	0	0	0	0	0	0	0	0	0	0	0	0	0	0	0	0	0	0	0	0	0	0	0	0	0	0	0	0	0	0	0	0	0	0	0	0	6.16319	0	0	0	0	0	0	0	0	0	0	0	6.55526	0	5.38175	0	3.91876	0	0	4.63883	7.92558	0	0	2.82518	0	9.86466	11.37987	7.68802	7.40299	0	0	10.46039	7.45471	0	5.16119	5.2998	9.9197	7.55544	7.25493	0	5.15087	5.64739	7.59726	4.39242	10.5588	4.2676	2.41895	0	0	6.13543	0	0	0	0	0	7.71254	6.30302	10.13225	0	0	0	0	0	
0	0	0	0	0	0	0	10.2295	0	0	0	0	0	0	0	0	0	0	0	0	0	0	0	0	0	0	0	0	0	0	0	0	0	0	0	0	0	4.9034	0	8.03031	0	0	0	0	0	0	0	0	0	0	5.34279	0	0	11.08876	7.27122	0	0	7.21188	9.90316	11.74642	0	0	0	7.14317	8.99973	8.72065	0	0	7.41466	5.27349	7.90999	5.61343	4.72166	8.60534	2.63631	8.28952	7.23931	0	8.27702	8.45831	9.14567	9.05846	5.39441	7.43181	5.58488	0	0	2.56807	0	0	6.63946	0	0	0	0	3.43463	0	0	0	0	
0	0	0	0	0	0	0	0	0	0	0	0	0	0	0	0	0	0	0	0	0	0	0	0	0	10.05829	0	0	0	0	0	0	0	0	0	0	0	7.03342	0	0	0	0	0	0	9.86735	0	0	0	11.53758	0	0	0	0	0	0	0	0	0	0	0	0	0	8.15974	0	0	7.23871	6.26978	8.46607	1.20433	7.26081	5.04346	0	7.70674	0	9.58488	6.39176	4.3313	6.64958	4.75192	6.47529	4.48646	0	5.15049	0	10.47269	6.55126	0	0	0	0	9.26322	0	0	0	0	0	0	0	0	0	
0	0	0	0	0	0	0	0	0	0	0	0	5.70886	0	0	0	0	0	0	0	0	0	0	0	0	0	0	0	0	0	0	0	0	0	0	0	0	0	0	0	0	0	0	0	0	0	0	10.51016	0	0	2.41895	0	9.35036	0	0	0	0	0	0	5.25199	0	0	0	4.91756	4.13107	6.66441	8.86225	0	10.14726	0	0	8.74571	0	0	0	4.02843	7.8378	9.29857	5.29609	6.58445	0	5.20973	7.36064	5.96981	5.4888	6.02776	5.69464	0	8.31071	0	0	0	0	6.695	0	0	0	0	0	0	
0	0	0	0	0	0	0	0	0	0	0	0	0	0	0	0	0	0	0	0	0	0	0	0	0	0	0	0	0	0	0	0	10.67154	0	0	0	0	0	0	0	4.29981	0	0	0	0	0	0	0	0	0	0	0	0	0	0	0	7.18008	0	0	0	8.98907	0	0	3.84219	0	7.74176	0	0	7.48342	0	0	0	9.32124	0	0	4.47925	0	0	4.23232	9.11744	8.66303	6.25205	9.49559	0	4.56125	0	0	0	0	4.75953	7.24363	5.32207	4.99254	0	0	0	0	0	0	0	
0	0	0	0	0	0	0	1.53445	0	0	0	0	0	0	0	0	0	0	0	0	0	0	0	0	0	0	0	9.46308	0	0	0	0	0	0	0	0	0	0	0	0	0	0	0	0	0	0	0	0	0	0	0	0	0	0	0	0	0	0	0	0	0	0	0	0	0	0	0	0	0	0	2.73075	5.43444	6.23715	0.90273	0	8.58022	7.96403	0	10.10919	5.99922	0	8.53896	0	6.19326	2.41895	8.47247	0	8.8527	0	4.56125	0	3.27735	0	0	0	9.31731	0	0	0	0	
0	0	0	0	0	0	0	0	0	0	0	0	0	0	0	0	0	0	0	0	9.12063	0	0	0	0	0	0	0	0	0	4.73618	0	0	0	0	0	0	0	0	0	0	0	0	0	0	0	0	0	0	0	0	0	0	0	0	0	0	0	0	11.32543	0	0	0	0	7.52731	8.19989	6.56853	5.33283	0	0	0	0	0	0	0	1.85148	5.11868	1.4537	0	0	3.07928	0	0	0	3.94409	9.01548	7.43777	5.97577	10.71548	0	11.03477	6.71902	6.06796	12.42685	0	6.47996	0	0	0	0	
0	0	0	0	0	0	0	0	0	0	0	0	0	0	0	0	0	0	0	0	0	0	0	0	0	0	0	0	0	0	0	0	0	0	0	0	0	0	0	0	0	0	0	0	0	0	0	0	2.41895	0	0	0	0	0	0	0	0	0	0	0	0	0	0	0	0	0	0	0	0	8.17188	11.00028	8.64589	7.27798	0	8.41363	6.40051	0	8.99103	8.84998	0	0	8.49586	8.20839	0	4.59604	0	6.72496	0	0	6.63133	0	4.07075	6.62138	0	2.91106	0	0	0	0	0	
0	0	0	0	0	0	0	0	0	0	0	0	0	0	0	8.55081	0	0	0	0	0	0	0	0	0	0	0	0	0	0	0	0	0	0	7.15724	0	0	0	0	0	0	0	0	0	0	0	0	0	0	0	0	0	0	0	0	0	0	0	0	0	0	0	0	0	0	0	0	4.13107	0	0	0	0	0	9.68962	0	0	0	3.4112	0	0	0	4.39232	0	0	8.16644	0	7.48281	4.005	6.68893	9.94655	8.87157	0	8.78036	0	0	0	0	0	0	0	
0	0	0	0	0	0	0	0	0	0	0	0	0	0	0	0	0	0	0	0	0	0	0	0	0	0	0	0	0	0	0	0	0	0	0	0	0	0	0	0	0	0	0	0	0	0	0	0	8.00122	3.85582	0	0	0	0	0	0	0	0	0	14.05606	0	0	0	0	0	7.1842	0	0	0	0	0	7.54084	0	0	0	0	0	12.25604	0	5.60776	11.12881	0	0	7.62587	0	0	0	0	0	0	0	0	0	0	0	0	0	0	0	0	
0	0	0	0	0	0	0	0	0	0	0	0	0	0	0	0	0	0	0	0	0	0	0	0	0	0	0	0	0	0	0	0	0	0	0	0	0	0	0	0	0	0	0	0	0	0	0	0	0	0	0	0	0	0	0	2.56143	0	0	16.90924	0	0	0	0	0	8.19133	0	0	0	0	0	0	9.34748	0	5.48906	0	0	7.94888	0	0	0	2.96537	6.74173	5.47386	8.90424	0	0	0	9.01548	9.21579	0	3.76646	13.13329	11.44702	0	0	0	0	0	0	0	
0	0	0	0	0	0	0	0	0	0	0	0	0	0	0	0	0	0	0	0	0	0	0	0	0	0	0	0	0	0	0	0	0	0	0	0	0	0	0	0	0	0	0	0	0	0	0	0	0	0	0	0	0	0	0	0	0	0	0	0	0	0	0	0	0	0	0	0	0	0	0	0	0	0	0	0	0	0	0	0	0	0	0	0	0	0	0.52085	0	0	0	0	9.79081	0	0	0	0	0	0	0	0	
0	0	0	0	0	0	0	0	0	0	0	0	0	0	0	0	0	0	0	0	0	0	0	0	0	0	0	0	0	0	0	0	0	0	0	0	0	0	0	0	0	0	0	0	0	0	0	0	0	0	0	0	0	0	0	0	0	0	0	0	0	0	0	0	0	0	0	0	0	0	9.45657	0	0	0	0	0	0	0	0	8.60781	0	0	0	10.06005	0	0	0	1.4537	0	0	4.61652	10.02857	0	0	0	0	0	0	0	0	
0	0	0	0	0	0	0	0	0	0	0	0	0	0	0	0	0	0	0	0	0	0	0	0	0	0	0	0	0	0	0	0	0	0	0	0	0	0	0	0	0	0	0	0	0	0	0	0	0	0	0	0	0	0	0	0	0	0	0	2.91106	0	0	0	0	0	0	0	0	0	0	7.75052	0	0	0	0	0	0	0	0	0	0	0	0	0	0	0	10.15553	0	0	0	0	0	0	0	0	0	0	0	0	0	
0	0	0	0	0	0	0	0	0	0	0	0	0	0	0	0	0	0	0	0	0	0	0	0	0	0	0	0	0	0	0	0	0	0	0	0	0	0	0	0	0	0	0	0	0	0	0	0	0	0	0	0	0	0	0	0	0	0	0	0	0	0	0	0	0	0	0	0	0	9.5701	4.5071	0	0	0	0	0	0	0	8.7027	0	0	0	0	0	0	0	0	0	8.20415	4.45085	0	0	0	0	0	0	0	0	0	0	
0	0	0	0	0	0	0	0	0	0	0	0	0	0	0	0	0	0	0	0	0	0	0	0	0	0	0	0	0	0	0	0	0	0	0	0	0	0	0	0	0	0	0	0	0	0	0	0	0	0	0	0	0	0	0	0	0	0	0	0	0	0	0	0	0	0	0	0	0	0	0	0	0	0	0	0	0	0	0	0	0	0	0	0	0	0	1.66626	0	0	0	0	0	0	0	0	0	0	0	0	0	
0	0	0	0	0	0	0	0	0	0	0	0	0	0	0	0	0	0	0	0	0	0	0	0	0	0	0	0	0	0	0	0	0	0	0	0	0	0	0	0	0	0	0	0	0	0	0	0	0	0	0	0	0	0	0	0	0	0	8.07519	0	0	0	0	0	0	0	0	0	0	0	0	0	0	0	0	7.90506	0	0	0	0	0	0	0	0	0	0	0	0	0	0	0	0	0	0	0	0	0	0	0	0	
0	0	0	0	0	0	0	0	0	0	0	0	0	0	0	0	0	0	0	0	0	0	0	0	0	0	0	0	0	0	0	0	10.05003	0	0	0	0	0	0	0	0	0	0	0	0	0	0	0	0	0	1.85148	0	0	0	0	0	0	0	0	0	0	0	4.16643	0	0	0	0	0	0	0	0	0	0	0	0	1.20433	0	0	0	0	0	0	0	0	0	0	0	0	0	0	0	0	0	0	0	0	0	0	0	0	
0	0	0	0	0	0	0	0	0	0	0	0	0	0	0	0	0	0	0	0	0	0	0	0	0	0	0	0	0	0	0	0	0	0	0	0	0	0	0	0	0	0	0	0	0	0	0	0	0	0	0	0	0	0	0	0	0	0	0	0	0	0	0	0	0	0	0	0	0	0	0	0	0	0	0	0	0	0	0	0	0	0	0	0	0	0	0	0	0	0	0	0	0	0	0	0	0	0	0	0	
0	0	0	0	0	0	0	0	0	0	0	0	0	0	0	0	0	0	0	0	0	0	0	0	0	0	0	0	0	0	0	0	0	0	0	0	0	0	0	0	0	0	0	0	0	0	0	0	0	0	0	0	0	0	0	0	0	0	0	0	0	0	0	0	0	0	0	0	0	0	0	0	0	0	0	0	0	0	0	0	0	0	0	0	0	0	0	0	0	0	0	0	0	0	0	0	0	0	0	0	
0	0	0	0	0	0	0	0	0	0	0	0	0	0	0	0	0	0	0	0	0	0	0	0	0	0	0	0	0	0	0	0	0	0	0	0	0	0	0	0	0	0	0	0	0	0	0	0	0	0	0	0	0	0	0	0	0	0	0	0	0	0	0	0	0	0	0	0	0	0	0	0	0	0	0	0	0	0	0	0	0	0	0	0	0	0	0	0	0	0	0	0	0	0	0	0	0	0	0	0	
0	0	0	0	0	0	0	0	0	0	0	0	0	0	0	0	0	0	0	0	0	0	0	0	0	0	0	0	0	0	0	0	0	0	0	0	0	0	0	0	0	0	0	0	0	0	0	0	0	0	0	0	0	0	0	0	0	0	0	0	0	0	0	0	0	0	0	0	0	0	0	0	0	0	0	0	0	0	0	0	0	0	0	0	0	0	0	0	0	0	0	0	0	0	0	0	0	0	0	0	
0	0	0	0	0	0	0	0	0	0	0	0	0	0	0	0	0	0	0	0	0	0	0	0	0	0	0	0	0	0	0	0	0	0	0	0	0	0	0	0	0	0	0	0	0	0	0	0	0	0	0	0	0	0	0	0	0	0	0	0	0	0	0	0	0	0	0	0	0	0	0	0	0	0	0	0	0	0	0	0	0	6.67058	0	0	0	0	0	0	0	0	0	0	0	0	0	0	0	0	0	0	
0	0	0	0	0	0	0	0	0	0	0	0	0	0	0	0	0	0	0	0	0	0	0	0	0	0	0	0	0	0	0	0	0	0	0	0	0	0	0	0	0	0	0	0	0	0	0	12.08106	0	0	0	0	0	0	0	0	0	0	0	0	0	0	0	0	0	0	0	0	0	0	0	0	0	0	10.12827	0	0	0	0	0	0	0	0	0	0	0	0	0	0	0	0	0	0	0	0	0	0	0	0	0	
