0	0	0	0	0	0	0	0	0	0	0	0	0	0	0	0	0	0	0	0	0	0	0	0	0	0	0	0	0	0	0	0	0	0	0	0	0	0	0	0	0	0	0	0	0	0	0	0	0	0	0	9.14359	0	0	0	0	0	0	0	0	0	0	0	0	0	0	0	0	0	0	0	0	0	0	0	0	0	0	0	0	0	0	0	0	0	0	0	0	0	0	0	0	0	0	0	0	0	0	0	0	
0	0	0	0	0	0	0	0	0	0	0	0	0	0	0	0	0	0	0	0	0	0	0	0	0	0	0	0	0	0	0	0	0	0	0	0	0	0	0	0	0	0	0	0	0	0	0	13.55186	0	0	0	0	0	0	0	0	0	0	0	0	0	0	0	13.65049	0	0	0	0	0	0	0	0	0	0	0	0	0	0	0	0	0	0	0	0	0	0	0	0	0	0	0	0	0	0	0	0	0	0	0	0	
0	0	0	0	0	0	0	0	0	0	0	0	0	0	0	0	0	0	0	0	0	0	0	0	0	0	0	0	0	0	0	0	0	0	0	0	0	0	0	0	0	0	0	0	0	0	0	0	0	0	0	0	0	0	12.06087	0	0	0	0	0	0	0	0	0	0	0	0	0	0	0	0	0	0	0	0	0	0	0	0	0	0	0	0	0	0	0	0	0	0	0	0	0	0	0	0	0	0	0	0	0	
0	0	0	0	0	0	0	0	0	0	0	0	0	0	0	0	0	0	0	0	0	0	0	0	0	0	0	0	0	0	0	0	0	0	0	0	0	0	0	0	0	0	0	0	0	0	13.01661	8.03637	0	0	0	0	0	0	0	0	0	0	0	0	0	0	0	0	0	0	0	0	0	0	0	0	0	0	0	0	0	0	0	0	0	0	0	0	0	0	0	0	0	0	0	0	0	0	0	0	0	0	0	0	
0	0	0	0	0	0	0	0	0	0	0	0	0	0	0	0	0	0	0	0	0	0	0	0	0	0	0	0	0	0	0	0	0	0	0	0	0	6.16736	0	0	0	0	0	11.61588	0	0	0	0	0	0	0	0	0	0	0	0	0	0	0	0	0	0	0	0	0	0	0	0	0	0	0	0	0	0	0	0	0	0	0	0	0	0	0	0	0	0	0	0	0	0	0	0	0	0	0	0	0	0	0	0	
0	0	0	0	0	0	0	0	0	0	0	0	0	0	0	0	0	0	0	0	0	0	0	0	0	0	0	0	0	0	0	0	0	0	0	0	0	0	0	0	0	0	0	0	0	0	0	0	0	0	0	0	0	0	0	0	0	0	0	0	0	0	0	0	0	0	0	0	0	0	0	0	4.70008	0	0	0	0	0	0	0	0	0	0	0	0	0	0	0	0	0	0	0	0	0	0	0	0	0	0	0	
0	0	0	0	0	0	0	0	0	0	0	0	0	0	0	0	0	0	0	0	0	0	0	0	0	0	0	0	0	0	0	0	0	0	0	0	0	0	0	0	0	0	0	0	0	0	0	0	0	0	0	0	0	0	0	0	0	0	0	0	0	0	0	0	0	0	0	0	0	0	0	0	0	0	10.82487	0	0	0	0	0	0	0	0	0	0	0	0	0	0	0	0	0	0	0	0	0	0	0	0	0	
0	0	0	0	0	0	0	0	0	0	0	0	0	0	0	0	0	0	0	0	0	0	0	0	0	0	0	0	0	0	0	0	0	0	0	0	0	0	0	0	0	0	0	0	0	0	0	0	0	0	0	8.03206	0	0	0	12.95294	0	0	5.69131	0	0	0	0	0	0	0	0	0	0	0	0	0	0	0	0	0	0	0	0	0	0	0	0	0	0	0	0	0	0	0	0	0	0	0	0	0	0	0	0	0	
0	0	0	0	0	0	0	0	0	0	0	0	0	0	0	0	0	0	0	0	0	0	0	0	0	0	0	0	5.83668	0	0	0	0	0	0	0	0	0	0	0	0	0	0	0	0	0	0	0	0	0	0	0	0	0	0	0	0	0	0	0	0	0	0	0	0	0	0	5.24154	0	0	0	0	0	0	0	0	0	0	0	0	0	0	0	0	0	0	0	0	0	0	0	0	0	0	0	0	0	0	0	0	
0	0	0	0	0	0	0	0	0	0	0	0	0	0	0	0	0	0	0	0	0	0	0	0	0	0	0	0	0	0	0	0	0	0	0	0	0	0	0	0	0	0	0	0	0	0	0	0	0	0	0	0	0	0	0	6.70595	0	0	0	0	0	0	0	0	0	0	0	0	0	0	0	0	0	0	0	0	0	0	0	0	0	0	0	0	0	0	0	0	0	0	0	0	0	0	0	0	0	0	0	0	
0	0	0	0	0	0	0	0	0	0	0	0	0	0	0	0	0	0	0	0	0	0	0	0	0	0	0	0	0	0	0	0	0	0	0	0	0	0	0	0	0	0	0	0	0	0	0	0	0	0	0	0	0	0	0	0	0	0	0	0	0	0	0	0	0	0	0	11.07203	0	0	0	0	0	0	0	0	0	0	0	0	0	0	0	0	0	0	0	0	0	0	0	0	0	0	0	0	0	0	0	0	
0	0	0	0	0	0	0	0	0	0	0	0	0	0	0	0	0	0	0	0	0	0	0	0	0	0	0	0	0	0	0	0	0	0	0	0	0	0	0	0	0	0	0	0	0	0	0	0	0	0	0	0	5.45277	0	0	0	1.88949	0	0	0	0	0	0	0	0	0	0	0	0	0	0	3.91049	0	0	0	0	0	0	0	0	0	0	0	0	0	0	0	0	0	0	0	0	0	0	0	0	0	0	0	0	
0	0	0	0	0	0	0	0	0	0	0	0	0	0	0	0	0	0	0	0	0	0	0	0	0	0	0	0	0	0	0	0	0	0	0	0	0	0	0	0	0	0	0	0	0	0	0	0	12.41157	0	0	0	14.94597	0	0	0	0	0	0	0	0	0	0	0	0	0	0	9.51902	0	0	0	0	0	0	0	0	0	0	0	0	0	0	0	0	0	0	0	0	0	0	0	0	0	0	0	0	0	0	0	0	
0	0	0	0	0	0	0	0	0	0	0	0	0	0	0	0	0	0	0	0	0	0	0	0	0	0	0	0	0	0	12.58607	0	0	0	0	0	0	0	0	5.153	0	0	0	0	0	0	0	9.31779	0	0	0	0	0	0	0	0	0	7.4018	3.80843	0	10.1639	0	0	9.18406	0	0	0	0	0	0	0	0	0	0	0	0	0	0	0	0	0	0	0	0	0	0	0	0	0	0	0	0	0	0	0	0	0	0	0	0	
0	0	0	0	0	0	0	0	0	0	0	0	0	0	0	0	0	0	0	0	0	0	0	0	0	0	0	0	0	0	0	0	0	0	0	0	0	0	0	0	0	0	0	0	0	0	0	0	0	0	0	0	0	0	5.64051	0	0	0	0	0	0	0	0	0	0	0	0	0	0	0	0	0	0	0	2.44649	0	0	0	0	0	0	0	0	0	0	0	0	0	0	0	0	0	0	0	0	0	0	0	0	0	
0	0	0	0	0	0	0	0	0	0	0	0	0	0	0	0	0	0	0	0	0	0	0	0	0	0	0	0	0	0	0	0	0	0	0	0	0	0	0	0	0	0	17.09038	0	0	0	0	0	0	0	0	0	8.87354	0	0	0	0	0	0	13.50257	0	0	0	0	0	0	0	0	0	0	0	4.00581	0	0	0	0	0	0	0	0	0	0	0	0	0	0	0	0	0	0	0	0	0	0	0	0	0	0	0	0	
0	0	0	0	0	0	0	0	0	0	0	0	0	0	0	0	0	0	0	0	0	0	0	0	0	0	0	0	0	0	0	0	0	0	0	0	0	0	0	0	0	0	0	5.19037	0	0	0	10.74423	0	0	0	8.99682	0	0	0	0	0	0	4.37467	0	0	0	0	0	0	0	0	0	0	0	0	0	0	0	0	0	0	0	0	0	0	0	0	0	0	0	0	0	0	0	0	0	0	0	0	0	0	0	0	0	
0	0	0	0	0	0	0	0	0	0	0	0	0	0	0	0	0	0	0	0	0	0	0	0	0	0	0	0	0	0	0	0	0	0	0	0	0	0	0	0	0	0	9.51228	0	0	0	0	0	0	0	0	0	0	0	0	8.67394	0	0	0	0	0	0	0	0	0	0	1.76409	0	13.48364	0	0	0	0	0	0	0	0	0	0	0	0	0	0	0	0	0	0	0	0	0	0	0	0	0	0	0	0	0	0	0	
0	0	0	0	0	0	0	0	0	0	0	0	0	0	0	0	0	0	0	0	0	0	0	0	0	0	0	0	0	0	0	0	0	0	0	0	0	0	0	0	12.2151	0	0	0	0	0	0	0	0	0	0	0	0	0	0	0	0	0	0	0	0	0	0	0	0	0	0	0	0	0	0	0	0	0	0	0	0	0	0	0	0	0	0	0	0	0	0	0	0	0	0	0	0	0	0	0	0	0	0	0	
0	0	0	0	0	0	0	0	0	0	0	0	0	0	0	0	0	0	0	0	0	0	0	0	0	0	0	0	0	0	0	0	0	0	0	0	0	0	0	0	0	0	0	0	0	0	0	10.13443	0	0	7.61461	0	0	0	0	0	0	0	0	0	0	0	0	0	0	0	0	0	0	0	0	0	0	0	0	0	12.03744	0	0	0	0	0	0	0	0	0	0	0	0	0	0	0	0	0	0	0	0	0	0	0	
0	0	0	0	0	0	0	0	0	0	0	0	0	0	0	0	0	0	0	0	0	0	0	0	0	0	0	0	0	0	0	0	0	0	0	0	0	0	0	0	0	0	0	0	0	0	0	9.10912	0	0	9.35371	11.40875	0	0	0	0	6.59491	0	9.67399	0	9.07106	0	0	0	0	6.95717	0	0	0	0	0	0	0	0	0	0	0	0	0	0	0	0	0	0	0	0	0	0	0	0	0	0	0	0	0	0	0	0	0	0	
0	0	0	0	0	0	0	0	0	0	0	0	0	0	0	0	0	0	0	0	0	0	0	0	0	0	0	0	0	0	0	0	0	0	0	0	0	0	0	0	0	13.45	0	0	0	0	0	0	0	0	0	0	0	0	0	0	0	0	0	0	0	0	0	0	0	0	0	0	0.75258	0	0	0	0	0	0	0	0	0	0	0	0	0	0	0	0	0	0	0	0	0	0	0	0	0	0	0	0	0	0	0	
0	0	0	0	0	0	0	0	0	0	0	0	0	0	0	0	0	0	0	0	0	0	0	0	0	0	0	0	0	0	0	6.67245	0	0	0	0	0	0	0	0	0	0	0	0	0	0	0	11.03319	0	0	0	0	0	0	0	0	0	0	0	0	0	0	0	4.73759	0	0	0	4.33437	0	0	0	0	0	0	0	0	0	0	0	0	0	0	0	0	0	0	0	0	0	0	0	0	0	0	0	0	0	0	0	0	
0	0	0	0	0	0	0	0	0	0	0	0	0	0	0	0	0	0	0	0	0	0	0	0	0	0	0	0	0	0	0	6.74792	0	0	0	0	0	0	0	0	0	0	0	0	0	0	0	0	0	0	0	0	0	0	0	0	0	0	0	0	0	0	0	0	0	0	0	0	0	0	0	0	0	0	0	0	0	0	0	0	0	0	0	0	0	0	0	0	0	0	0	0	0	0	0	0	0	0	0	0	
0	0	0	0	0	0	0	0	0	0	0	0	0	0	0	0	0	0	0	0	0	0	0	0	0	0	0	0	0	0	0	0	0	0	0	0	0	0	0	0	0	0	0	10.78231	0	0	0	0	0	10.42984	0	0	0	0	7.18131	0	0	0	0	0	0	0	0	0	0	0	0	0	0	0	0	0	0	0	0	0	0	0	0	2.25075	0	0	0	0	0	0	0	0	0	0	0	0	0	0	0	0	0	0	0	0	
0	0	0	0	0	0	0	0	0	0	0	0	0	0	0	0	0	0	0	0	0	0	0	0	0	0	0	0	0	0	0	0	6.28605	0	0	0	0	0	0	0	0	0	0	0	0	0	0	5.09637	0	0	6.40134	0	0	0	0	0	0	0	9.26095	0	0	0	0	0	0	0	0	0	0	0	2.84052	0	0	0	0	0	0	0	0	0	0	0	0	0	0	6.24462	0	0	0	0	0	0	0	0	0	0	0	0	0	0	
0	0	0	0	0	0	0	0	0	0	0	0	0	0	0	0	0	0	0	0	0	0	0	0	0	0	0	0	0	0	0	0	0	0	0	0	0	0	0	10.2185	0	0	0	0	16.09009	0	10.75885	0	0	0	0	0	0	0	0	0	0	0	0	0	0	0	0	0	0	0	0	0	0	0.42481	0	0	0	0	0	0	0	0	0	0	0	0	0	0	0	0	0	0	0	0	0	0	0	0	0	0	0	0	0	0	
0	0	0	0	0	0	0	0	0	0	0	0	0	0	0	0	0	0	0	0	0	0	0	0	0	0	0	0	0	0	0	0	0	0	0	9.68123	0	0	0	0	0	0	0	0	0	0	0	10.01491	0	0	0	0	0	8.717	0	0	0	0	0	0	10.50586	0	0	0	0	0	0	0	0	0	0	0	0	0	0	0	0	0	0	0	0	0	0	0	0	0	0	0	0	0	0	0	0	0	1.76409	0	0	0	0	0	
0	0	0	0	0	0	0	0	0	0	0	0	0	0	0	0	0	0	0	0	0	0	0	0	0	0	0	0	0	0	0	0	0	0	0	0	0	0	0	0	0	15.70307	0	0	0	0	0	0	0	0	0	0	0	0	0	0	0	0	0	0	0	0	0	0	0	0	0	3.09293	0	0	0	3.20431	0	0	0	0	0	0	0	0	0	0	0	0	0	0	0	0	0	0	0	0	0	0	0	0	0	0	0	0	
0	0	0	0	0	0	0	0	0	0	0	0	0	0	0	0	0	0	0	0	0	0	0	0	0	0	0	0	0	0	0	0	0	0	0	0	0	0	0	0	8.33618	0	0	0	11.17261	0	0	11.04639	0	0	1.24458	13.6011	0	0	0	10.61256	0	0	7.71792	0	5.49719	0	0	0	0	0	0	0	2.02906	0	0	0	0	0	0	0	0	0	0	0	0	0	0	0	0	0	0	0	0	0	0	0	0	0	0	1.76409	0	0	0	0	
0	0	0	0	0	0	0	0	0	0	0	0	0	0	0	0	0	0	0	0	0	0	0	0	0	0	0	0	0	0	0	0	0	0	0	0	0	0	0	0	0	0	0	0	17.09296	0	0	0	0	2.90789	0	0	7.60574	0	0	0	0	6.24756	0	0	0	5.03743	0	0	0	0	0	0	0	0	0	0	0	0	0	0	0	0	0	0	0	0	0	0	0	0	0	0	0	0	0	0	0	0	0	0	0	0	0	0	
0	0	0	0	0	0	0	0	0	0	0	0	0	0	0	0	0	0	0	0	0	0	0	0	0	0	0	0	0	0	0	0	0	0	0	0	0	0	0	0	0	0	0	10.75227	0	0	15.72391	0	0	0	8.90582	0	0	0	0	0	0	0	0	7.91498	0	0	0	0	9.87042	0	0	2.3529	0	0	0	0	9.35598	0	0	0	3.57967	0	0	0	0	0	0	0	0	0	0	0	0	0	0	0	0	0	0	0	0	0	0	0	
0	0	0	0	0	0	0	0	0	0	0	0	0	0	0	0	0	0	0	0	0	0	0	0	0	0	0	0	0	0	0	0	0	0	0	0	0	0	0	0	0	0	0	0	3.40696	0	0	11.02279	0.42481	0	0	9.32271	7.29262	0	0	7.78887	0	0	0	0	0	0	0	0	0	0	0	9.91305	0	0	0	0	0	9.78117	0	0	0	0	0	0	0	0	0	0	0	0	0	0	0	0	0	0	0	0	0	0	0	0	0	0	
0	0	0	0	0	0	0	0	0	0	0	0	0	0	0	0	0	0	0	0	0	0	0	0	0	0	0	0	0	0	0	0	0	0	0	0	0	17.30755	0	0	0	0	0	0	0	0	0	0	1.01942	0	0	9.3312	0	0	7.3145	0	9.07747	0	0	2.3529	0	6.03803	0	0	0	0	0	0	0	0	0	0	0	0	5.06504	2.53439	0	0	0	0	0	0	0	0	0	0	0	0	0	0	0	0	0	0	0	0	0	0	0	0	
0	0	0	0	0	0	0	0	0	0	0	0	0	0	0	0	0	0	0	0	0	0	0	0	0	0	0	0	0	0	0	0	0	0	0	0	0	0	0	0	0	0	14.87326	0	0	10.8678	0	12.78458	0	0	10.04281	0	10.23745	0	9.804	0	0	0	0	0	0	0	0	9.54967	0	0	0	4.03624	0	0	7.97117	0	0	0	0	0	0	0	4.622	0	0	0	0	0	0	0	0	0	0	0	0	0	0	0	0	0	0	0	0	0	
0	0	0	0	0	0	0	0	0	0	0	0	0	0	0	0	0	0	0	0	0	0	0	0	0	0	0	0	0	0	0	0	0	0	0	0	0	0	0	0	0	0	0	0	0	0	0	10.88122	11.0489	0	0	9.78509	0	0	0	0	0	0	0	0	0	0	0	0	1.4393	0	0	0	0	0	0	0	0	0	0	0	0	0	0	0	0	0	0	0	0	0	0	0	0	0	8.26411	0	0	0	0	0	0	0	0	0	
0	0	0	0	0	0	0	0	0	0	0	0	0	0	0	0	0	0	0	0	0	0	0	0	0	0	0	0	0	0	0	0	0	0	0	0	0	0	0	0	0	0	0	0	0	0	0	12.54103	0	0	0	0	8.23161	3.03385	0	0	0	0	11.58028	8.03659	0	0	0	0	0	0	0	0	0	0	0	0	0	0	0	0	0	0	0	0	0	0	0	0	0	0	0	0	0	0	0	0	0	0	0	0	0	0	4.82732	0	
0	0	0	0	0	0	0	0	0	0	0	0	0	0	0	0	0	0	0	0	0	0	0	0	0	0	0	0	0	0	0	0	0	0	0	0	0	0	0	0	0	0	7.30828	0	0	0	0	0	0	9.26092	0	7.18471	0	9.54504	0	0	0	0	0	0	0	0	0	0	12.18518	0	0	0	0	0	0	0	0	0	0	0	15.18232	0	0	0	0	0	0	0	0	0	0	0	0	0	0	0	0	0	0	0	0	0	0	0	
0	0	0	0	0	0	0	0	0	0	0	0	11.15039	0	0	0	0	0	0	0	0	0	0	0	0	0	0	0	0	0	10.66978	0	0	0	0	0	0	0	0	0	0	0	8.66044	0	0	0	0	7.09723	0	0	13.60194	0	0	3.20431	2.3529	0	10.49179	0	0	0	0	0	0	9.64529	10.01061	9.34614	0	0	0	0	0	0	0	0	0	0	0	0	0	0	0	0	0	0	0	0	0	0	0	0	0	0	0	0	0	0	0	0	0	0	
0	0	0	0	0	0	0	0	0	0	0	0	0	0	0	0	0	0	0	0	0	0	0	0	0	0	0	0	0	0	0	0	0	0	0	0	0	0	0	0	0	0	0	0	0	10.18385	2.53439	0	2.84052	14.03156	1.24458	7.85382	7.62115	0	10.73962	7.07923	0	0	0	0	11.72365	0	0	0	0	0	0	0	0	7.25157	0	0	0	0	0	0	3.95146	0	0	0	0	0	0	0	0	0	0	0	0	0	0	0	0	0	0	0	0	0	0	0	
0	0	0	0	0	0	0	0	0	0	0	0	0	0	0	11.84099	0	0	0	0	0	0	0	0	0	0	0	0	0	0	0	0	0	0	0	4.68095	11.11074	0	0	0	0	0	0	7.43928	0	9.58804	8.975	7.90677	2.61723	7.70614	0	0	4.00581	0	12.19111	0	0	0	0	7.49236	0	7.20828	0	5.5189	0	7.89851	0	0	12.40019	0	5.09637	0	0	0	0	10.59091	0	0.42481	0	4.60078	0	0	0	0	0	0	0	0	0	0	8.08651	0	0	0	0	0	0	0	0	0	
0	0	0	0	0	0	0	0	0	0	0	0	0	0	0	0	0	0	0	0	0	0	0	0	0	0	12.20394	0	0	0	0	1.90265	0	0	8.09376	0	0	0	0	0	11.57129	0	0	0	0	0	0	0	8.94985	0	2.76986	9.94297	9.31546	0	10.71984	0	14.29807	0	3.95226	0	0	8.17291	0	0	0	9.03385	0	0	0	0	0	0	0	10.08753	0	0	0	0	0	0	0	0	0	0	0	0	0	0	0	0	0	0	0	0	0	0	0.42481	0	0	0	
0	0	0	0	0	0	0	0	0	0	0	0	0	0	0	0	0	0	0	10.76198	0	0	0	0	0	0	0	0	0	0	0	0	0	0	0	0	0	0	0	0	0	0	0	12.98766	0	0	12.72556	11.36635	10.52711	0	6.55653	8.72892	10.87991	0	0	0	12.841	0	0	7.26305	5.79522	0	0	11.82298	0	9.52976	0	9.10733	0	0	0	0	0	0	0	0	0	0	0	0	0	0	0	0	0	0	0	0	0	0	8.87869	0	0	0	0	0	0	0	0	0	
0	0	0	0	0	0	0	0	0	0	0	0	8.57639	0	0	0	0	0	0	9.88041	0	0	0	0	0	0	0	0	0	0	0	0	0	5.55537	0	0	0	0	0	0	0	10.59829	13.73931	0	7.66859	0	0	3.43968	9.97767	0	4.1519	6.75559	8.08267	7.79849	9.20518	6.71068	5.93358	4.83641	8.51375	0	0	0	0	0	5.95288	0	0	0	0	0	0	0	0	0	0	0	0	0	9.71159	0.42481	0	0	0	0	0	0	0	0	0	0	0	0	0	0	0	0	0	0	0	0	
0	0	0	0	0	0	0	0	0	0	0	0	0	0	0	0	0	0	0	0	0	0	0	15.15983	0	0	0	0	0	0	0	0	0	0	0	0	0	0	12.13533	0	0	0	8.52134	9.79514	0	0	10.55937	6.30413	0	8.79721	8.98301	7.47458	0	0	0	0	0	5.55555	14.26751	11.08232	10.5454	0	0	0	7.71322	0	0	0	0	0	0	0	0	0	0	0	0	0	0	0	0	0	0	0	0	0	0	0	0	0	0	0	0	0	0	0	0	0	0	0	
0	0	8.80009	0	0	0	0	0	0	0	0	0	0	0	0	0	0	0	0	0	0	0	0	0	0	0	0	0	0	0	0	0	0	0	0	0	0	0	0	0	9.8504	0	0	0	0	8.89133	0	5.7235	9.83678	11.14854	0	8.13124	8.94944	8.85172	0.42481	10.80844	0	0	8.24469	1.61084	7.39758	0	8.9584	12.09175	0	0	0	0	0	0	0	7.31241	0	0	0	0	2.69555	0	0	0	0	0	0	0	0	0	0	0	0	0	0	0	0	0	0	0	0	0	0	0	
0	0	0	0	0	0	0	0	0	0	0	10.50008	0	0	0	0	0	0	0	0	0	0	0	0	0	0	0	0	0	0	0	0	7.59045	0	0	0	0	9.2648	14.17805	7.4018	4.23294	6.40786	0	0	12.33432	7.30678	11.01898	6.91407	10.55287	0	11.40621	0	6.7093	4.99496	0	11.41941	4.49758	10.25597	0	0	0	0	0	0	0	0	0	6.77523	0	0	0	0	4.03624	0	0	9.94998	0	0	11.18284	0	0	0	0	0	0	0	0	0	0	0	0	0	0	0	0	9.56454	0	0	0	0	
0	0	0	0	0	0	0	0	0	0	0	0	0	0	0	0	0	0	0	0	0	0	0	0	0	0	0	0	0	0	0	0	0	0	2.90789	7.51941	0	0	0	6.36007	0	13.04483	0	10.78378	15.33004	10.0868	7.56558	10.25979	4.5865	10.96261	10.23856	10.90485	0	8.54591	0	0	8.45883	0	0	5.87416	9.35069	0	1.01942	0	0	0	0	0	0	0	0	0	0	0	0	0	0	0	7.1881	0	0	0	0	0	0	0	0	9.20765	0	0	0	0	0	0	0	0	0	0	0	0	
0	0	0	0	0	0	0	0	9.78845	0	11.49445	0	0	0	0	0	0	0	0	0	0	0	0	0	0	0	11.54541	0	0	0	0	0	0	0	0	0.75258	0	14.67988	12.42457	0	10.11407	6.48113	0	10.24642	0	11.51258	8.6994	7.82886	10.39641	10.97256	0	6.22611	0	0	0	0	9.3585	14.62474	0	0	0	0	0.75258	0	0	0	8.20066	0	0	0	0	0	0	0	0	0	0	0	0	0	0	0	0	0	0	0	0	0	0	0	0	0	0	9.36724	0	0	0	0	0	0	
0	0	0	0	0	0	0	0	0	0	0	11.20309	0	0	12.8979	0	0	0	0	0	0	0	0	0	0	0	0	0	0	0	0	10.72947	0	0	6.75708	0	11.29048	0	0	10.71658	0.42481	0	10.11289	11.70838	9.67888	10.07513	10.50947	8.53213	4.16809	9.01425	6.52745	10.18826	9.61578	8.32942	0	6.69169	10.33263	0	0	4.1519	7.39301	4.57875	0	7.30204	0	0	0	0	0	0	0	0	0	0	0	7.5985	0	0	0	0	0	0	0	5.09637	0	0	0	0	0	0	0	0	0	0	0	0	0	0	0	0	
0	0	0	0	0	0	0	0	0	0	0	0	13.70876	0	0	0	0	0	0	0	0	0	0	0	0	0	0	0	0	8.89859	0	0	7.36031	0	5.32305	0	14.27441	0	11.39763	10.39761	10.73226	11.9037	10.19065	10.13685	9.31764	4.71791	9.61058	10.93133	9.89085	9.85601	8.44763	12.51511	10.68786	6.34616	4.97044	7.32918	8.75816	0	0	8.09014	6.90866	0	0	0	0	0	0	0	0	0	0	0	0	8.38197	0	0	0	0	0	0	9.71747	0	0	0	0	0	0	0	0	0	0	0	0	0	0	0	0	0	0	0	
0	0	0	0	0	0	0	12.56975	0	0	0	9.41216	0	0	0	0	0	0	0	0	0	0	0	0	0	0	0	8.92526	0	0	3.73613	0	13.03386	0	0	0	5.87926	6.79316	10.55379	10.97436	9.59044	6.40096	0	10.80081	10.68209	10.42997	9.80558	9.03807	10.91142	9.94426	5.88607	9.32697	9.75737	8.36193	6.97656	6.6496	12.49771	5.19632	7.12933	9.45078	5.97168	11.26703	7.09362	0	10.2521	0	0	0	0	0	0	0	0	9.11804	0	0	0	0	0	0	0	0	0	0	0	0	0	0	0	0	0	0	0	0	0	0	0	0	0	0	
13.72549	0	0	0	0	0	0	0	9.00432	0	0	0	4.51804	0	0	0	0	0	0	0	0	0	0	0	9.33624	0	0	7.7014	0	0	0	0	14.7869	0	11.52009	8.7355	0	5.72905	10.67485	7.01958	7.7504	11.44951	5.35553	9.93668	12.06864	10.69387	9.1973	10.00393	6.87225	9.1484	10.97497	5.37075	6.6149	4.9177	10.81937	8.47159	11.35903	5.15589	0	11.48985	3.87726	2.02906	0	5.27477	0	6.70121	0	0	0	0	0.42481	0	0	0	0	0	0	0	0	0	0	0	3.68178	0	0	12.95427	0	0	0	0	0	0	0	0	0	0	0	0	0	0	
0	0	0	10.54342	0	0	0	0	0	0	0	0	0	0	0	0	0	0	8.566	0	0	12.93243	0	5.55086	11.41096	8.8199	0	0	9.59954	9.33012	13.44806	0	14.16196	0	0	0.75258	0	9.46137	11.05809	7.98683	9.01916	7.96127	8.78951	9.61218	9.50381	9.9707	9.38094	9.58836	10.50964	6.48585	9.78229	8.39996	9.28499	7.29793	7.79656	10.77562	0	3.55586	7.57749	9.20435	1.61084	2.84052	8.18145	0	0	0	0	0	0	3.03385	0	0	3.87726	0	1.01942	7.92518	13.43156	2.44649	0	0	0	0	0	0	0	0	0	0	0	0	0	0	0	0	0	0	0	0	0	0	
9.5745	0	0	0	12.83297	9.70523	0	0	0	0	0	0	0	0	0	0	0	10.31239	0	0	0	0	0	0	10.33856	0	10.03285	8.53609	0	13.94172	10.12671	0	0	0	9.30925	9.94146	6.23073	11.21926	11.53929	10.14047	8.09768	9.27688	10.11259	9.27749	9.07824	9.22738	9.779	9.2871	8.26427	10.69814	5.12129	10.80822	10.62638	6.45379	9.47728	9.4174	9.88324	3.73173	4.2569	9.1638	7.97314	0	5.9723	11.94162	9.76366	11.15408	8.74118	0	0	0	0	0	0	0	5.34752	0	0	0	0	0	0	0	0	0	0	0	0	0	0	0	0	0	0	0	0	0	0	0	0	0	
0	0	0	0	0	0	0	0	9.41794	0	8.21009	0	0	0	0	0	9.7163	13.97627	7.97903	7.44212	10.95896	6.63186	0	0	0	13.77583	0	9.69917	10.98003	11.37493	0	10.01348	11.26582	9.29544	9.58579	9.5612	8.8075	7.30845	9.83096	9.5161	9.84639	8.87574	5.41184	9.24666	9.86136	8.7523	8.52389	9.67348	9.50908	7.4503	7.9702	11.08121	6.85815	6.61129	5.26396	6.83653	5.47533	9.46972	0	11.12982	5.79759	9.36799	9.12757	0	7.46626	12.89478	4.89529	0	0	0	0	3.91049	0	0	5.93684	0	0	0	8.45636	0	0	0	0	0	0	7.30516	0	0	0	0	0	0	0	0	0	0	0	0	0	0	
0	9.12336	0	0	7.62088	10.40419	0	0	0	0	0	0	0	0	8.9017	10.37436	0	11.235	10.81817	0	7.88812	0	10.66014	0	0	0	0	0	11.26148	9.19759	8.41412	0	12.75808	5.21414	9.74766	9.15934	9.69662	8.80815	9.42756	10.11851	8.57819	8.43425	8.87709	7.71236	9.28862	8.00166	8.28741	9.57795	8.82556	8.03689	7.81056	8.20008	7.67289	9.18512	8.44042	6.38444	3.97473	8.34131	8.30222	7.77942	0	9.0535	0	11.65393	10.74915	1.4393	6.09896	12.41547	0	0	0	0	0	0	0	4.28454	0	0	0	0	8.53631	0	0	0	0	0	0	0	0	0	0	0	0	0	0	0	0	0	0	0	
0	10.56379	11.12784	0	10.39362	0	0	0	0	0	9.65267	0	0	0	7.64082	2.90789	0	8.42221	0	0	9.74938	5.6026	8.83533	7.34926	10.54738	8.58542	0	6.17053	10.07842	7.41363	11.28713	10.78903	10.33091	10.94845	10.42386	8.41796	8.34778	10.03781	7.81264	7.91572	7.52019	8.94878	7.77143	7.65886	7.53262	7.00476	9.10721	7.70513	9.43927	8.70468	7.35505	9.07899	8.68074	8.27741	6.80895	6.45945	7.33787	5.80545	7.32555	9.18151	0	8.20195	9.69074	9.78865	2.46406	9.00433	0	0	0	0	0	7.01903	0	0.75258	8.64832	0	5.91244	0	0.75258	0	0	0	0	5.10905	0	1.42026	0	0	0	0	0	0	0	0	0	0	0	0	0	0	
0	0	0	0	0	0	0	0	7.13988	0	11.07501	11.8418	0	0	0	0	0	0	10.66035	0	7.55674	0	0	0	0	12.50758	10.06148	0	2.3529	8.50068	6.63369	9.01009	8.41644	9.3471	9.40354	10.03593	9.15683	9.14739	9.01244	10.11752	7.83708	9.69925	9.0015	7.16588	7.99603	7.90155	7.49264	8.05426	8.28008	8.55926	8.50819	8.04746	7.64426	7.94789	7.20469	8.17989	8.64549	9.38639	9.39612	9.45063	10.44299	4.50033	11.10359	5.94327	0	8.57371	0	8.5962	0	0	0	0	0	0	0	0	0	0	1.01942	0	0	9.38803	0	0	0	0	0	8.87779	6.58254	9.42227	0	0	0	0	0	0	0	0	0	0	
0	0	0	0	0	0	0	0	11.94187	8.78449	2.74575	9.0535	0	13.35042	0	0	0	7.77766	9.52373	3.55403	0	0	0	9.01476	7.52491	12.76477	4.30967	10.08841	7.13266	10.11269	0	8.88558	6.53367	4.56336	5.91776	8.22201	8.89589	7.26402	8.81141	6.63355	6.73546	8.44815	8.5347	8.97061	7.25628	8.36875	8.29673	7.96592	7.35436	9.16987	9.20777	6.97852	7.95316	7.22955	7.88679	8.51155	5.5204	4.40446	10.89917	6.86193	6.49541	10.16839	9.09232	3.73613	1.93745	10.44229	8.00233	0	0	0	0	0	0	9.99955	8.19162	0	0	0	13.06595	0	0	0	0	0	0	0	0	0	9.42945	0	2.69555	0	0	0	0	0	0	0	0	0	
0	0	11.37512	8.24101	0	7.60574	0	6.44757	4.09523	0	0	0	0	0	0	0	0	8.2213	0	0	0	0	0	11.56119	0	11.08004	0	10.69563	7.24782	8.14418	0	10.0775	0	9.69262	6.47702	8.92152	7.05984	6.87944	3.93765	9.20777	7.93631	8.40161	7.82134	8.3137	7.34296	7.86951	7.03391	8.74214	8.07366	7.69506	7.3283	7.97151	8.53517	7.86858	8.59729	5.71773	7.90492	7.48863	6.94527	6.5356	11.10302	8.64521	6.08282	9.78061	6.14676	0	0	5.41574	2.25284	2.77924	5.5482	0	11.80542	0	0.5887	0	7.99468	0	0	0	0	0	5.37722	0	0	0	0	0	0	0	0	0	0	0	0	0	0	0	0	0	
0	0	0	0	0	0	0	0	0.42481	0	12.14092	9.27776	9.50694	0	9.78453	0	0	9.65574	0	7.7844	0	0	0	0	0	0	4.94424	4.622	6.39895	0	7.41997	8.46472	6.42302	8.28176	5.2543	8.12255	8.75768	7.29844	8.29734	7.01278	8.22097	5.99541	7.53667	7.28056	7.52069	9.26121	6.18408	5.55576	8.68636	5.90767	8.47807	9.67233	9.02637	7.89137	9.24586	6.87759	5.70936	7.94414	8.42026	7.70178	8.80896	5.81443	6.92714	7.05769	0.42481	5.54334	5.99994	4.32153	0	0	7.35429	0	5.86116	3.10434	0	15.07797	0	0	2.02906	0	0	0	0	0	0	0	0	0	6.04136	0	0	0	0	0	0	0	0	0	0	0	
0	0	0	0	0	2.25284	0	0	0	11.37381	0	0	9.95596	0	0	0	0	0	0	0	0	0	0	8.47632	0	0	8.00459	0	0	4.72242	6.3632	0	0	6.93245	7.3573	6.64309	8.22996	2.53439	6.12553	9.50209	3.73234	10.45961	4.9757	6.14631	9.49509	9.00577	6.67728	8.63219	10.03757	7.48021	7.42009	8.65852	7.40037	6.17142	9.5317	6.66942	8.16165	6.89767	4.79749	7.76872	6.9478	6.18584	3.80851	9.4911	7.6054	4.78119	8.28326	7.69426	4.75838	0	0	5.78387	0	5.80169	0	3.91049	9.43446	0	0	0	0	0	0	0	9.82648	0	0	0.75258	0	0	0	8.32236	0	0	0	0	8.01956	0	0	0	
0	0	0	0	0	0	0	0	0	0	0	10.64962	0	0	0	0	0	5.49608	13.08535	0	0	0	0	1.4393	0	0	0	6.80204	0	0	0	0	6.79735	5.21939	6.74598	0	6.576	8.21241	3.27827	1.92276	7.05572	8.9729	8.01321	0.50971	0	8.27476	5.7548	5.54331	7.13906	5.98928	8.61159	10.12497	9.66019	5.5757	6.97267	5.29341	6.3668	6.86	8.44398	8.26165	7.16857	6.06752	0	7.2124	9.72706	0	5.16046	7.27039	5.70084	8.75891	0	0	4.06604	1.4393	0	11.81778	0	9.46972	0	0	0	9.83986	0	0	0	0	0	0	0	0	0	0	0	0	0	0	0	0	0	0	
0	0	0	0	7.24295	0	0	0	0	0	8.69078	0	3.25692	0	0	9.25611	0	0	8.26892	0	6.77271	5.11074	0	0	0	9.79068	5.32305	0	0	4.84014	0	8.5729	12.00776	0	0	4.84462	8.95641	1.76409	10.5887	11.35799	6.03238	9.29595	7.13719	8.16777	4.07604	7.18226	13.26131	6.71856	7.94557	8.66836	8.37085	5.50212	8.49683	7.22868	5.78469	7.17733	6.47717	8.99162	4.40462	8.60457	4.95896	7.37006	7.34472	6.29018	8.3909	0	10.14905	9.74224	0	0	8.64253	9.36873	8.01829	11.44566	9.49072	0	3.84436	0	0	0	8.82208	0	0	0	0	0.42481	0	0	0	1.24458	0	0	0	0	0	0	0	0	0	0	
0	0	0	0	0	0	0	0	0	0	0	7.19486	1.92163	0	0	2.25284	0	0	0	2.14529	8.85765	0	0.42481	0	0	0	0	0	0	4.93531	7.45906	7.06633	0	0	0	8.25281	0	0	0	6.21469	5.10648	7.21581	4.0044	5.78998	8.69985	7.08084	5.71605	6.4254	6.17605	5.24304	0	0	7.67096	9.5861	0.42481	8.72426	7.52836	5.88893	7.25116	7.17049	9.27742	6.88015	8.48387	7.42853	6.86816	5.32214	6.71538	8.07736	0.42481	9.38632	0	6.34816	7.94846	9.84486	11.32555	0	2.90789	0	6.28605	0	0	0	0	0	0	0	0	0	0	0	0	0	0	0	0	0	0	0	0	0	
0	0	0	7.49784	0	0	0	0	0	0	0	0	0	0	0	0	1.01942	0	0	0	0	0	9.13571	0	0	0	6.1227	9.36876	8.33312	6.95319	0	0	0	0	0	10.21972	0	1.24458	6.81526	3.69208	5.61819	0	2.53439	0	3.71281	11.58261	6.39121	6.49762	5.70794	6.08657	4.88332	5.57853	9.1063	8.2065	7.48522	6.25293	8.71394	5.24066	6.7669	7.75212	8.78524	9.6916	8.31322	8.66853	7.33592	8.63333	5.96433	11.62951	12.99398	8.73638	3.30321	9.17555	5.98575	4.57808	7.66882	0	13.77794	0	6.06892	12.54691	0.42481	4.68095	4.17942	0	0	1.01942	0	0	0	0	0	0	0	0	0	0	0	6.47559	0	10.37993	
0	0	4.8807	0	0	0	0	0	0	0	0	0	0	0	0	0	0	0	0	0	8.06823	0	0	0	0	9.52909	0	10.91389	0	11.12053	0	10.69025	11.29029	0	4.53944	0	0	7.45603	6.85739	0	6.60808	0	0	6.95835	11.88384	10.5566	6.48539	3.85449	7.2863	6.59316	5.96897	8.4121	8.5505	9.24905	5.84838	8.47097	0	8.19059	7.09088	6.46925	2.31546	6.10471	6.36873	3.30226	7.98316	7.51736	4.54375	0	7.82312	4.77346	5.59337	7.41225	7.26008	8.49846	0	0	5.77024	0	1.94163	5.6026	0	6.16899	0	0	0	0	0	0	4.97409	0	0	0	0	0	0	0	2.25284	0	0	0	
0	0	0	0	1.76409	0	0	0	0	0	0	0	8.59311	0	0	0	0	0	0	0	6.89212	5.3596	0	0	0	0	0	7.78559	0	0	0	3.62041	9.99617	0	0	0	5.91244	0	3.66002	8.60458	0	0	4.49519	0	8.09737	0	4.4503	9.53443	3.49458	6.04154	6.26051	7.20304	9.29987	8.6771	7.64137	0.37629	0	4.83426	4.06802	2.52776	7.19386	7.57726	8.82539	6.20203	5.86978	9.19286	5.11391	4.31167	7.31693	6.53188	8.61384	0	0	9.45496	0	8.17672	4.98658	5.57967	0	0	0	0	0	0	4.77416	0.75258	0	0	0	0	0	0	0	0	0	0	7.93732	0	0	0	
0	0	0	0	0	0	0	0	8.64092	0	0	0	0	0	0	0	8.8023	2.02906	6.77523	0	0	0	0	0	7.23274	0	0	0	0	0	0	0	0	0	8.27212	8.71449	0	8.98886	0	0	0	0	7.57758	10.62887	0	9.00983	9.2472	8.16261	0	4.87246	0	9.06369	10.0898	8.53239	0	7.72494	0	6.41822	0	5.49038	7.42107	7.48687	5.59501	7.50057	4.98534	7.27056	6.85566	6.72222	7.89851	7.63101	9.41659	1.74871	5.44273	6.63318	7.90228	5.55622	9.13259	9.52976	0	0	8.95939	0	11.02968	0	2.85975	0	7.3693	3.45009	6.03803	0	2.9275	0	0	10.90112	0	0	0	0	0	0	
0	0	0	0	0	0	0	0	0	0	0	0	0	0	0	0	0	0	0	0	5.79914	0	0	0	0	0	0	0	0	3.94297	0	0	0	0	11.02539	0	0	0	0	0	10.25372	0	8.81003	7.94335	5.98793	0	0	6.09694	7.37824	5.90937	13.47368	0	0	2.29066	4.24757	7.74865	0	0	9.48703	8.90928	9.08658	5.52217	4.89888	6.11487	7.64066	7.22703	1.67244	4.4719	8.15452	6.35012	10.15746	6.82389	5.19268	7.0029	4.58574	0	5.89217	0	5.42577	0	0	0	2.44649	0	0	0	8.98895	0	0	0	0	0	0	0	0	0	0	0	0	0	
0	0	0	0	8.23489	0	0	0	0	0	0	3.69857	0	3.91049	0	0	0	0	0	0	0	0	0	0	0	0	0	0	0	0	0	0	0	0	0	0	0	0	0	6.76162	0	0	7.33912	0	6.65147	0	1.65385	6.35405	0	0	3.62041	0	0	0	9.91203	0	0	0	0	8.83079	8.50426	0.42481	7.81752	8.81037	8.34596	0	2.33079	4.93832	10.6683	6.61213	8.1905	8.95627	9.27121	6.3989	0	0	4.15739	4.99159	12.4782	7.16419	5.38346	8.48973	1.76409	0	2.3529	0	3.66002	11.51913	0	3.9443	0	0	0	0	3.03385	0	0	0	0	0	
0	0	0	0	0	0	0	0	0	0	0	0	0	0	0	0	0	5.73706	0	0	0	7.75498	9.7367	0	0	0	10.3888	0	0	0	0	0	0	7.10544	7.0001	0	0	0	0	0	0	0	0	0	0	0	0	0	1.01942	0	7.22158	0	0	0	0	7.75186	9.72897	10.02124	5.37158	6.31736	0	5.65579	5.70651	0	8.12339	6.87781	7.59116	7.36475	5.73037	3.88218	8.13482	6.48256	5.45838	6.13589	8.982	8.51927	4.35746	0	9.26658	9.24126	0	0	6.75819	0	6.18783	9.10367	2.44649	0	0	10.80996	0	0	0	0	0	0	8.34874	0	0	0	
0	0	0	0	0	0	0	0	7.2571	0	0	0.42481	0	0	0	0	0	0	0	0	0	0	0	0	0	0	0	0.42481	0	0	0	0	0	0	0	0	0	0	0	8.73888	0	0	0	0	0	6.61313	0	6.77523	9.22261	0	0	9.99036	0	0	0	0	0	0	9.26756	0	8.83892	0	9.84908	9.72221	7.13699	4.02251	6.15726	0	0	6.04775	8.84072	8.97125	8.3544	6.70324	5.11096	10.22349	1.38493	0	0.42481	7.4788	5.99075	7.56529	9.44229	8.89549	7.80234	0	0	0	0	0	7.62088	0	9.98999	0	0	0	0	0	0	0	
0	0	0	0	0	0	0	0	0	0	0	0	0	12.63791	0	0	0	0	0	4.30967	0	0	0	0	0	2.43495	0	0	0	0	0	0	0	0	6.82836	0	0	8.02069	0	0	9.95247	0	9.6204	7.80443	4.8786	0	0	0	0	0	7.53027	9.02818	0	0	6.44757	0	0	0	0	7.83063	4.19008	0	6.42567	6.65294	6.85846	4.25768	8.75076	8.8362	0	5.2705	6.20158	0	5.10547	5.47633	10.97352	7.17034	4.40731	5.5733	6.61486	4.58997	0	5.53009	9.47459	5.32841	2.19126	0	0	9.4725	2.96726	0	7.00025	0	0	6.08244	0	0	0	0	4.99676	0	
0	0	0	0	0	0	0	5.49719	0	0	0	0	0	0	0	0	0	0	0	0	0	0	4.23294	0	0	0	0	0	9.1118	0	0	0	0	0	10.54109	0	0	5.00703	0	0	0	0.72212	0	0	0	0	4.43466	0	0	0	0	0	10.2185	0	0	0	6.6178	3.45009	0	5.03921	10.8957	0	0	6.27678	0	5.86238	0	7.80926	6.54282	8.96928	6.46207	7.10048	9.09564	7.17207	7.70654	7.4252	4.94327	0	7.0399	6.38711	7.71672	8.53915	6.20792	0	5.75971	0	1.4393	3.47646	0	0	13.61374	8.37262	0	0	0	0	8.17291	0	0	0	
0	0	0	0	0	0	0	0	2.76986	0	0	0	0	0	0	0	0	0	0	0	0	0	0	0	0	0	0	0	0	0	0	0	0	0	0	0	0	4.02527	0	0	0	0	0	0	0	0	0	0	0	2.97225	0	6.26612	0	4.72613	0	0	2.61723	6.63207	3.53776	0	6.71538	0	8.40045	12.43362	8.0774	7.35737	0	0	9.62188	8.31547	0	8.41644	6.38645	10.36536	8.02478	5.27732	0	3.63081	4.7976	7.69219	2.95082	8.49658	5.464	1.01942	0	0	6.0766	0	0	0	0	0	5.38886	6.45321	7.49236	0	0	0	0	0	
0	0	0	0	0	0	0	10.80015	0	0	0	0	0	0	0	0	0	0	0	0	0	0	0	0	0	0	0	0	0	0	0	0	0	0	0	0	0	5.50658	0	7.8565	0	0	0	0	0	0	0	0	0	0	4.12608	0	0	10.80927	7.2343	0	0	5.76028	9.94748	11.46592	0	0	0	8.55797	8.516	10.01396	0	0	7.61357	4.74947	7.37988	6.16461	4.9412	7.96769	1.01942	7.3002	7.87122	0	9.21594	9.69399	8.02854	11.26923	7.08597	6.86914	7.05269	0	0	0.55646	0	0	3.97473	0	0	0	0	1.74422	0	0	0	0	
0	0	0	0	0	0	0	0	0	0	0	0	0	0	0	0	0	0	0	0	0	0	0	0	0	9.43802	0	0	0	0	0	0	0	0	0	0	0	3.66002	0	0	0	0	0	0	11.18899	0	0	0	12.16994	0	0	0	0	0	0	1.4393	0	0	0	0	0	0	9.41515	0	0	7.57562	4.96072	7.53638	1.01942	7.31625	2.90657	0	6.9698	0	7.53826	6.21914	8.10457	7.34962	5.69283	7.54156	3.60813	0	4.7047	0	7.70614	6.31992	0	0	0	0	9.23249	0	0	0	0	0	0	0.42481	0	0	
0	0	0	0	0	0	0	0	0	0	0	0	2.3529	0	0	0	0	0	0	0	0	0	0	0	0	0	0	0	0	0	0	0	0	0	0	0	0	0	0	0	0	0	0	0	0	0	0	7.91907	0	0	1.76409	0	8.68238	0	0	0	0	0	0	5.11654	0	0	0	3.55329	2.61723	4.7921	8.12082	0	11.18178	0	0	9.3108	0	0	0	3.68455	7.3599	9.53443	5.69957	4.25415	0	6.30433	4.83651	3.61655	5.02593	2.35004	5.09072	0	6.5247	0	0	0	0	7.07542	0	0	0	0	0	0	
0	0	0	0	0	0	0	0	0	0	0	0	0	0	0	0	0	0	0	0	0	0	0	0	0	0	0	0	0	0	0	0	11.21748	0	0	0	0	0	0	0	3.91049	0	0	0	0	0	0	0	0	0	0	0	0	0	0	0	6.35267	0	0	0	6.83469	0	0	6.00907	0	7.81981	0	0	7.05823	0	0	0	8.78449	0	0	3.30769	0	0	4.09877	8.00872	6.86908	6.63318	10.61603	0	6.33582	0	0.75258	0	0	0	7.38062	4.88977	6.524	0	0	0	0	0	0	0	
0	0	0	0	0	0	0	1.42771	0	0	0	0	0	0	0	0	0	0	0	0	0	0	0	0	0	0	0	8.4479	0	0	0	0	0	0	0	0	0	0	0	0	0	0	0	0	0	0	0	0	0	0	0	0	0	0	0	0	0	1.76409	0	0	0	0	0	0	0	0	0	0	0	0	2.61343	4.88667	5.49405	0	0	8.87354	11.16531	0	10.87817	3.77273	0	6.2296	0	7.8	0	8.732	0	9.17384	0	2.3529	0	1.61084	0	0	0	10.95124	0	0	0	0	
0	0	0	0	0	0	0	0	0	0	0	0	0	0	0	0	0	0	0	0	7.62339	0	0	0	0	0	0	0	0	0	5.00703	0	0	0	0	0	0	0	0	0	0	0	0	0	0	0	0	0	0	0	0	0	0	0	0	0	0	0	0	12.33744	0	0	0	0	6.90042	8.33312	6.03803	5.47692	0	0	0	0	0	0	0	4.1519	6.29538	1.4393	0	0	2.85042	0	0	0	4.46929	5.79281	7.51862	6.34735	8.3438	0	6.32969	6.0604	4.73759	3.94297	0	5.76582	0	0	0	0	
0	0	0	0	0	0	0	0	0	0	0	0	0	0	0	0	0	0	0	0	0	0	0	0	0	0	0	0	0	0	0	0	0	0	0	0	0	0	0	0	0	0	0	0	0	0	0	0	6.26051	0	0	0	0	0	0	0	0	0	0	0	0	0	0	0	0	0	0	0	0	9.23987	9.76593	8.96138	6.22843	0	9.37544	8.00618	0	10.58838	2.84052	0	0	7.93732	8.64832	0	4.85225	0	2.3529	0	0	9.26797	0	6.07554	1.42026	0	2.44649	0	0	0	0	0	
0	0	0	0	0	0	0	0	0	0	0	0	0	0	0	8.31138	0	0	0	0	0	0	0	0	0	0	0	0	0	0	0	0	0	0	7.34824	0	0	0	0	0	0	0	0	0	0	0	0	0	0	0	0	0	0	0	0	0	0	0	0	0	0	0	0	0	0	0	0	5.31066	0	0	0	0	0	8.05528	0	0	0	2.33154	0	0	0	3.62041	0	0	5.1961	0	4.92517	4.47948	8.31927	10.11014	9.52708	0	8.51019	0	0	0	0	0	0	0	
0	0	0	0	0	0	0	0	0	0	0	0	0	0	0	0	0	0	0	0	0	0	0	0	0	0	0	0	0	0	0	0	0	0	0	0	0	0	0	0	0	0	0	0	0	0	0	0	6.53005	4.09523	0	0	0	0	0	0	0	0	0	14.04018	0	0	0	0	0	6.90107	0	0	0	0	0	6.45884	0	0	0	0	0	11.69474	0	5.20016	11.12673	0	0	9.0329	0	0	0	0	0	0	0	0	0	0	0	0	0	0	0	0	
0	0	0	0	0	0	0	0	0	0	0	0	0	0	0	0	0	0	0	0	0	0	0	0	0	0	0	0	0	0	0	0	0	0	0	0	0	0	0	0	0	0	0	0	0	0.42481	0	0	0	0	0	0	0	0	0	2.07352	0	0	11.59048	0	0	0	0	0	2.90789	0	0	0	0	0	0	8.5712	0	7.10801	0	0	3.84325	0	0	0	4.73354	5.05787	5.63568	8.1387	0	0	0	8.20842	8.81829	0	2.61723	13.58189	11.51704	0	0	0	0	0	0	0	
0	0	0	0	0	0	0	0	0	0	0	0	0	0	0	0	0	0	0	0	0	0	0	0	0	0	0	0	0	0	0	0	0	0	0	0	0	0	0	0	0	0	0	0	0	0	0	0	0	0	0	0	0	0	0	0	0	0	0	0	0	0	0	0	0	0	0	0	0	0	0	0	0	0	0	0	0	0	0	0	0	0	0	0	0	0	2.76986	0	0	0	0	10.20224	0	0	0	0	0	0	0	0	
0	0	0	0	0	0	0	0	0	0	0	0	0	0	0	0	0	0	0	0	0	0	0	0	0	0	0	0	0	0	0	0	0	0	0	0	0	0	0	0	0	0	0	0	0	0	0	0	0	0	0	0	0	0	0	0	0	0	0	0	0	0	0	0	0	0	0	0	0	0	8.19005	1.76409	0	0	0	0	0	0	0	7.81302	0	0	0	9.22012	0	0	0	8.9384	0	0	6.77229	9.22838	0	0	0	0	0	0	0	0	
0	0	0	0	0	0	0	0	0	0	0	0	0	0	0	0	0	0	0	0	0	0	0	0	0	0	0	0	0	0	0	0	0	0	0	0	0	0	0	0	0	0	0	0	0	0	0	0	0	0	0	0	0	0	0	0	0	0	0	4.51804	0	0	0	0	0	0	0	0	0	0	6.30491	0	0	0	0	0	0	0	0	0	0	0	0	0	0	0	7.89229	0	0	0	0	0	0	0	0	0	0	0	0	0	
0	0	0	0	0	0	0	0	0	0	0	0	0	0	0	0	0	0	0	0	0	0	0	0	0	0	0	0	0	0	0	0	0	0	0	0	0	0	0	0	0	0	0	0	0	0	0	0	0	0	0	0	0	0	0	0	0	0	0	0	0	0	0	0	0	0	0	0	0	8.38724	5.49719	0	0	0	0	0	0	0	8.94343	0	0	0	0	0	0	0	0	0	8.62974	8.69197	0	0	0	0	0	0	0	0	0	0	
0	0	0	0	0	0	0	0	0	0	0	0	0	0	0	0	0	0	0	0	0	0	0	0	0	0	0	0	0	0	0	0	0	0	0	0	0	0	0	0	0	0	0	0	0	0	0	0	0	0	0	0	0	0	0	0	0	0	0	0	0	0	0	0	0	0	0	0	0	0	0	0	0	0	0	0	0	0	0	0	0	0	0	0	0	0	3.73613	0	0	0	0	0	0	0	0	0	0	0	0	0	
0	0	0	0	0	0	0	0	0	0	0	0	0	0	0	0	0	0	0	0	0	0	0	0	0	0	0	0	0	0	0	0	0	0	0	0	0	0	0	0	0	0	0	0	0	0	0	0	0	0	0	0	0	0	0	0	0	0	7.3452	0	0	0	0	0	0	0	0	0	0	0	0	0	0	0	0	4.89529	0	0	0	0	0	0	0	0	0	0	0	0	0	0	0	0	0	0	0	0	0	0	0	0	
0	0	0	0	0	0	0	0	0	0	0	0	0	0	0	0	0	0	0	0	0	0	0	0	0	0	0	0	0	0	0	0	11.30988	0	0	0	0	0	0	0	0	0	0	0	0	0	0	0	0	0	3.25692	0	0	0	0	0	0	0	0	0	0	0	0	0	0	0	0	0	0	0	0	0	0	0	0	7.3573	0	0	0	0	0	0	0	0	0	0	0	0	0	0	0	0	0	0	0	0	0	0	0	0	
0	0	0	0	0	0	0	0	0	0	0	0	0	0	0	0	0	0	0	0	0	0	0	0	0	0	0	0	0	0	0	0	0	0	0	0	0	0	0	0	0	0	0	0	0	0	0	0	0	0	0	0	0	0	0	0	0	0	0	0	0	0	0	0	0	0	0	0	0	0	0	0	0	0	0	0	0	0	0	0	0	0	0	0	0	0	0	0	0	0	0	0	0	0	0	0	0	0	0	0	
0	0	0	0	0	0	0	0	0	0	0	0	0	0	0	0	0	0	0	0	0	0	0	0	0	0	0	0	0	0	0	0	0	0	0	0	0	0	0	0	0	0	0	0	0	0	0	0	0	0	0	0	0	0	0	0	0	0	0	0	0	0	0	0	0	0	0	0	0	0	0	0	0	0	0	0	0	0	0	0	0	0	0	0	0	0	0	0	0	0	0	0	0	0	0	0	0	0	0	0	
0	0	0	0	0	0	0	0	0	0	0	0	0	0	0	0	0	0	0	0	0	0	0	0	0	0	0	0	0	0	0	0	0	0	0	0	0	0	0	0	0	0	0	0	0	0	0	0	0	0	0	0	0	0	0	0	0	0	0	0	0	0	0	0	0	0	0	0	0	0	0	0	0	0	0	0	0	0	0	0	0	0	0	0	0	0	0	0	0	0	0	0	0	0	0	0	0	0	0	0	
0	0	0	0	0	0	0	0	0	0	0	0	0	0	0	0	0	0	0	0	0	0	0	0	0	0	0	0	0	0	0	0	0	0	0	0	0	0	0	0	0	0	0	0	0	0	0	0	0	0	0	0	0	0	0	0	0	0	0	0	0	0	0	0	0	0	0	0	0	0	0	0	0	0	0	0	0	0	0	0	0	0	0	0	0	0	0	0	0	0	0	0	0	0	0	0	0	0	0	0	
0	0	0	0	0	0	0	0	0	0	0	0	0	0	0	0	0	0	0	0	0	0	0	0	0	0	0	0	0	0	0	0	0	0	0	0	0	0	0	0	0	0	0	0	0	0	0	0	0	0	0	0	0	0	0	0	0	0	0	0	0	0	0	0	0	0	0	0	0	0	0	0	0	0	0	0	0	0	0	0	0	0.42481	0	0	0	0	0	0	0	0	0	0	0	0	0	0	0	0	0	0	
0	0	0	0	0	0	0	0	0	0	0	0	0	0	0	0	0	0	0	0	0	0	0	0	0	0	0	0	0	0	0	0	0	0	0	0	0	0	0	0	0	0	0	0	0	0	0	11.63247	0	0	0	0	0	0	0	0	0	0	0	0	0	0	0	0	0	0	0	0	0	0	0	0	0	0	10.23815	0	0	0	0	0	0	0	0	0	0	0	0	0	0	0	0	0	0	0	0	0	0	0	0	0	
