0	0	0	0	0	0	0	0	0	0	0	0	0	0	0	0	0	0	0	0	0	0	0	0	0	0	0	0	0	0	0	0	0	0	0	0	0	0	0	0	0	0	0	0	0	0	0	0	0	0	0	11.36272	0	0	0	0	0	0	0	0	0	0	0	0	0	0	0	0	0	0	0	0	0	0	0	0	0	0	0	0	0	0	0	0	0	0	0	0	0	0	0	0	0	0	0	0	0	0	0	0	
0	0	0	0	0	0	0	0	0	0	0	0	0	0	0	0	0	0	0	0	0	0	0	0	0	0	0	0	0	0	0	0	0	0	0	0	0	0	0	0	0	0	0	0	0	0	0	15.86391	0	0	0	0	0	0	0	0	0	0	0	0	0	0	0	12.12668	0	0	0	0	0	0	0	0	0	0	0	0	0	0	0	0	0	0	0	0	0	0	0	0	0	0	0	0	0	0	0	0	0	0	0	0	
0	0	0	0	0	0	0	0	0	0	0	0	0	0	0	0	0	0	0	0	0	0	0	0	0	0	0	0	0	0	0	0	0	0	0	0	0	0	0	0	0	0	0	0	0	0	0	0	0	0	0	0	0	0	10.73112	0	0	0	0	0	0	0	0	0	0	0	0	0	0	0	0	0	0	0	0	0	0	0	0	0	0	0	0	0	0	0	0	0	0	0	0	0	0	0	0	0	0	0	0	0	
0	0	0	0	0	0	0	0	0	0	0	0	0	0	0	0	0	0	0	0	0	0	0	0	0	0	0	0	0	0	0	0	0	0	0	0	0	0	0	0	0	0	0	0	0	0	13.94067	10.01339	0	0	0	0	0	0	0	0	0	0	0	0	0	0	0	0	0	0	0	0	0	0	0	0	0	0	0	0	0	0	0	0	0	0	0	0	0	0	0	0	0	0	0	0	0	0	0	0	0	0	0	0	
0	0	0	0	0	0	0	0	0	0	0	0	0	0	0	0	0	0	0	0	0	0	0	0	0	0	0	0	0	0	0	0	0	0	0	0	0	3.85854	0	0	0	0	0	13.00328	0	0	0	0	0	0	0	0	0	0	0	0	0	0	0	0	0	0	0	0	0	0	0	0	0	0	0	0	0	0	0	0	0	0	0	0	0	0	0	0	0	0	0	0	0	0	0	0	0	0	0	0	0	0	0	0	
0	0	0	0	0	0	0	0	0	0	0	0	0	0	0	0	0	0	0	0	0	0	0	0	0	0	0	0	0	0	0	0	0	0	0	0	0	0	0	0	0	0	0	0	0	0	0	0	0	0	0	0	0	0	0	0	0	0	0	0	0	0	0	0	0	0	0	0	0	0	0	0	6.68892	0	0	0	0	0	0	0	0	0	0	0	0	0	0	0	0	0	0	0	0	0	0	0	0	0	0	0	
0	0	0	0	0	0	0	0	0	0	0	0	0	0	0	0	0	0	0	0	0	0	0	0	0	0	0	0	0	0	0	0	0	0	0	0	0	0	0	0	0	0	0	0	0	0	0	0	0	0	0	0	0	0	0	0	0	0	0	0	0	0	0	0	0	0	0	0	0	0	0	0	0	0	12.87665	0	0	0	0	0	0	0	0	0	0	0	0	0	0	0	0	0	0	0	0	0	0	0	0	0	
0	0	0	0	0	0	0	0	0	0	0	0	0	0	0	0	0	0	0	0	0	0	0	0	0	0	0	0	0	0	0	0	0	0	0	0	0	0	0	0	0	0	0	0	0	0	0	0	0	0	0	9.13557	0	0	0	12.77938	0	0	7.42028	0	0	0	0	0	0	0	0	0	0	0	0	0	0	0	0	0	0	0	0	0	0	0	0	0	0	0	0	0	0	0	0	0	0	0	0	0	0	0	0	0	
0	0	0	0	0	0	0	0	0	0	0	0	0	0	0	0	0	0	0	0	0	0	0	0	0	0	0	0	3.00834	0	0	0	0	0	0	0	0	0	0	0	0	0	0	0	0	0	0	0	0	0	0	0	0	0	0	0	0	0	0	0	0	0	0	0	0	0	0	5.93879	0	0	0	0	0	0	0	0	0	0	0	0	0	0	0	0	0	0	0	0	0	0	0	0	0	0	0	0	0	0	0	0	
0	0	0	0	0	0	0	0	0	0	0	0	0	0	0	0	0	0	0	0	0	0	0	0	0	0	0	0	0	0	0	0	0	0	0	0	0	0	0	0	0	0	0	0	0	0	0	0	0	0	0	0	0	0	0	8.84055	0	0	0	0	0	0	0	0	0	0	0	0	0	0	0	0	0	0	0	0	0	0	0	0	0	0	0	0	0	0	0	0	0	0	0	0	0	0	0	0	0	0	0	0	
0	0	0	0	0	0	0	0	0	0	0	0	0	0	0	0	0	0	0	0	0	0	0	0	0	0	0	0	0	0	0	0	0	0	0	0	0	0	0	0	0	0	0	0	0	0	0	0	0	0	0	0	0	0	0	0	0	0	0	0	0	0	0	0	0	0	0	9.8362	0	0	0	0	0	0	0	0	0	0	0	0	0	0	0	0	0	0	0	0	0	0	0	0	0	0	0	0	0	0	0	0	
0	0	0	0	0	0	0	0	0	0	0	0	0	0	0	0	0	0	0	0	0	0	0	0	0	0	0	0	0	0	0	0	0	0	0	0	0	0	0	0	0	0	0	0	0	0	0	0	0	0	0	0	10.44849	0	0	0	3.28539	0	0	0	0	0	0	0	0	0	0	0	0	0	0	4.83786	0	0	0	0	0	0	0	0	0	0	0	0	0	0	0	0	0	0	0	0	0	0	0	0	0	0	0	0	
0	0	0	0	0	0	0	0	0	0	0	0	0	0	0	0	0	0	0	0	0	0	0	0	0	0	0	0	0	0	0	0	0	0	0	0	0	0	0	0	0	0	0	0	0	0	0	0	8.93531	0	0	0	14.48782	0	0	0	0	0	0	0	0	0	0	0	0	0	0	8.53045	0	0	0	0	0	0	0	0	0	0	0	0	0	0	0	0	0	0	0	0	0	0	0	0	0	0	0	0	0	0	0	0	
0	0	0	0	0	0	0	0	0	0	0	0	0	0	0	0	0	0	0	0	0	0	0	0	0	0	0	0	0	0	11.025	0	0	0	0	0	0	0	0	6.9303	0	0	0	0	0	0	0	10.69887	0	0	0	0	0	0	0	0	0	5.26981	5.81241	0	9.52982	0	0	8.02862	0	0	0	0	0	0	0	0	0	0	0	0	0	0	0	0	0	0	0	0	0	0	0	0	0	0	0	0	0	0	0	0	0	0	0	0	
0	0	0	0	0	0	0	0	0	0	0	0	0	0	0	0	0	0	0	0	0	0	0	0	0	0	0	0	0	0	0	0	0	0	0	0	0	0	0	0	0	0	0	0	0	0	0	0	0	0	0	0	0	0	3.30219	0	0	0	0	0	0	0	0	0	0	0	0	0	0	0	0	0	0	0	1.12062	0	0	0	0	0	0	0	0	0	0	0	0	0	0	0	0	0	0	0	0	0	0	0	0	0	
0	0	0	0	0	0	0	0	0	0	0	0	0	0	0	0	0	0	0	0	0	0	0	0	0	0	0	0	0	0	0	0	0	0	0	0	0	0	0	0	0	0	18.358	0	0	0	0	0	0	0	0	0	8.86438	0	0	0	0	0	0	11.16661	0	0	0	0	0	0	0	0	0	0	0	6.65569	0	0	0	0	0	0	0	0	0	0	0	0	0	0	0	0	0	0	0	0	0	0	0	0	0	0	0	0	
0	0	0	0	0	0	0	0	0	0	0	0	0	0	0	0	0	0	0	0	0	0	0	0	0	0	0	0	0	0	0	0	0	0	0	0	0	0	0	0	0	0	0	8.55477	0	0	0	10.13854	0	0	0	9.76593	0	0	0	0	0	0	5.82683	0	0	0	0	0	0	0	0	0	0	0	0	0	0	0	0	0	0	0	0	0	0	0	0	0	0	0	0	0	0	0	0	0	0	0	0	0	0	0	0	0	
0	0	0	0	0	0	0	0	0	0	0	0	0	0	0	0	0	0	0	0	0	0	0	0	0	0	0	0	0	0	0	0	0	0	0	0	0	0	0	0	0	0	10.72312	0	0	0	0	0	0	0	0	0	0	0	0	8.95763	0	0	0	0	0	0	0	0	0	0	0	0	7.16681	0	0	0	0	0	0	0	0	0	0	0	0	0	0	0	0	0	0	0	0	0	0	0	0	0	0	0	0	0	0	0	
0	0	0	0	0	0	0	0	0	0	0	0	0	0	0	0	0	0	0	0	0	0	0	0	0	0	0	0	0	0	0	0	0	0	0	0	0	0	0	0	11.97879	0	0	0	0	0	0	0	0	0	0	0	0	0	0	0	0	0	0	0	0	0	0	0	0	0	0	0	0	0	0	0	0	0	0	0	0	0	0	0	0	0	0	0	0	0	0	0	0	0	0	0	0	0	0	0	0	0	0	0	
0	0	0	0	0	0	0	0	0	0	0	0	0	0	0	0	0	0	0	0	0	0	0	0	0	0	0	0	0	0	0	0	0	0	0	0	0	0	0	0	0	0	0	0	0	0	0	11.83664	0	0	7.94077	0	0	0	0	0	0	0	0	0	0	0	0	0	0	0	0	0	0	0	0	0	0	0	0	0	9.09099	0	0	0	0	0	0	0	0	0	0	0	0	0	0	0	0	0	0	0	0	0	0	0	
0	0	0	0	0	0	0	0	0	0	0	0	0	0	0	0	0	0	0	0	0	0	0	0	0	0	0	0	0	0	0	0	0	0	0	0	0	0	0	0	0	0	0	0	0	0	0	9.83063	0	0	10.41165	10.58104	0	0	0	0	7.52068	0	9.31234	0	8.94394	0	0	0	0	9.24832	0	0	0	0	0	0	0	0	0	0	0	0	0	0	0	0	0	0	0	0	0	0	0	0	0	0	0	0	0	0	0	0	0	0	
0	0	0	0	0	0	0	0	0	0	0	0	0	0	0	0	0	0	0	0	0	0	0	0	0	0	0	0	0	0	0	0	0	0	0	0	0	0	0	0	0	11.18273	0	0	0	0	0	0	0	0	0	0	0	0	0	0	0	0	0	0	0	0	0	0	0	0	0	0	1.12062	0	0	0	0	0	0	0	0	0	0	0	0	0	0	0	0	0	0	0	0	0	0	0	0	0	0	0	0	0	0	0	
0	0	0	0	0	0	0	0	0	0	0	0	0	0	0	0	0	0	0	0	0	0	0	0	0	0	0	0	0	0	0	7.29101	0	0	0	0	0	0	0	0	0	0	0	0	0	0	0	8.44552	0	0	0	0	0	0	0	0	0	0	0	0	0	0	0	3.10996	0	0	0	0	0	0	0	0	0	0	0	0	0	0	0	0	0	0	0	0	0	0	0	0	0	0	0	0	0	0	0	0	0	0	0	0	
0	0	0	0	0	0	0	0	0	0	0	0	0	0	0	0	0	0	0	0	0	0	0	0	0	0	0	0	0	0	0	6.18266	0	0	0	0	0	0	0	0	0	0	0	0	0	0	0	0	0	0	0	0	0	0	0	0	0	0	0	0	0	0	0	0	0	0	0	0	0	0	0	0	0	0	0	0	0	0	0	0	0	0	0	0	0	0	0	0	0	0	0	0	0	0	0	0	0	0	0	0	
0	0	0	0	0	0	0	0	0	0	0	0	0	0	0	0	0	0	0	0	0	0	0	0	0	0	0	0	0	0	0	0	0	0	0	0	0	0	0	0	0	0	0	11.1372	0	0	0	0	0	11.28609	0	0	0	0	10.11434	0	0	0	0	0	0	0	0	0	0	0	0	0	0	0	0	0	0	0	0	0	0	0	0	3.09714	0	0	0	0	0	0	0	0	0	0	0	0	0	0	0	0	0	0	0	0	
0	0	0	0	0	0	0	0	0	0	0	0	0	0	0	0	0	0	0	0	0	0	0	0	0	0	0	0	0	0	0	0	4.30673	0	0	0	0	0	0	0	0	0	0	0	0	0	0	1.12062	0	0	6.92056	0	0	0	0	0	0	0	5.90014	0	0	0	0	0	0	0	0	0	0	0	0	0	0	0	0	0	0	0	0	0	0	0	0	0	0	5.0883	0	0	0	0	0	0	0	0	0	0	0	0	0	0	
0	0	0	0	0	0	0	0	0	0	0	0	0	0	0	0	0	0	0	0	0	0	0	0	0	0	0	0	0	0	0	0	0	0	0	0	0	0	0	12.72949	0	0	0	0	17.06047	0	11.08706	0	0	0	0	0	0	0	0	0	0	0	0	0	0	0	0	0	0	0	0	0	0	0	0	0	0	0	0	0	0	0	0	0	0	0	0	0	0	0	0	0	0	0	0	0	0	0	0	0	0	0	0	0	
0	0	0	0	0	0	0	0	0	0	0	0	0	0	0	0	0	0	0	0	0	0	0	0	0	0	0	0	0	0	0	0	0	0	0	11.71213	0	0	0	0	0	0	0	0	0	0	0	9.43491	0	0	0	0	0	7.37168	0	0	0	0	0	0	8.07648	0	0	0	0	0	0	0	0	0	0	0	0	0	0	0	0	0	0	0	0	0	0	0	0	0	0	0	0	0	0	0	0	0	5.0316	0	0	0	0	0	
0	0	0	0	0	0	0	0	0	0	0	0	0	0	0	0	0	0	0	0	0	0	0	0	0	0	0	0	0	0	0	0	0	0	0	0	0	0	0	0	0	17.7854	0	0	0	0	0	0	0	0	0	0	2.35344	0	0	0	0	0	0	0	0	0	0	0	0	0	0	4.57899	0	0	0	4.02389	0	0	0	0	0	0	0	0	0	0	0	0	0	0	0	0	0	0	0	0	0	0	0	0	0	0	0	0	
0	0	0	0	0	0	0	0	0	0	0	0	0	0	0	0	0	0	0	0	0	0	0	0	0	0	0	0	0	0	0	0	0	0	0	0	0	0	0	0	5.71901	0	0	0	8.08274	0	0	5.20238	0	0	7.46412	9.42138	0	0	0	13.0924	0	0	12.01302	0	7.9033	0	0	0	0	0	0	0	0	0	0	0	0	0	0	0	0	0	0	0	0	0	0	0	0	0	0	0	0	0	0	0	0	0	0	3.20489	0	0	0	0	
0	0	0	0	0	0	0	0	0	0	0	0	0	0	0	0	0	0	0	0	0	0	0	0	0	0	0	0	0	0	0	0	0	0	0	0	0	0	0	0	0	0	0	0	18.2725	0	0	0	0	5.63626	0	0	9.48187	0	0	0	0	6.57802	0	0	0	7.0438	0	0	0	0	0	0	0	0	0	0	0	0	0	0	0	0	0	0	0	0	0	0	0	0	0	0	0	0	0	0	0	0	0	0	0	0	0	0	
0	0	0	0	0	0	0	0	0	0	0	0	0	0	0	0	0	0	0	0	0	0	0	0	0	0	0	0	0	0	0	0	0	0	0	0	0	0	0	0	0	0	0	11.32227	0	0	9.59464	0	0	0	7.60567	0	0	0	0	0	0	0	0	8.44795	0	0	0	0	4.86718	0	0	6.46749	0	0	0	0	10.45031	0	0	0	5.0316	0	0	0	0	0	0	0	0	0	0	0	0	0	0	0	0	0	0	0	0	0	0	0	
0	0	0	0	0	0	0	0	0	0	0	0	0	0	0	0	0	0	0	0	0	0	0	0	0	0	0	0	0	0	0	0	0	0	0	0	0	0	0	0	0	0	0	0	5.33107	0	0	12.06495	0	0	0	6.13692	2.35344	0	0	5.08249	0	0	0	0	0	0	0	0	0	0	0	11.76567	0	0	0	0	0	12.37382	0	0	0	0	0	0	0	0	0	0	0	0	0	0	0	0	0	0	0	0	0	0	0	0	0	0	
0	0	0	0	0	0	0	0	0	0	0	0	0	0	0	0	0	0	0	0	0	0	0	0	0	0	0	0	0	0	0	0	0	0	0	0	0	19.82962	0	0	0	0	0	0	0	0	0	0	1.12062	0	0	4.27997	0	0	1.97673	0	10.61655	0	0	5.35507	0	3.45712	0	0	0	0	0	0	0	0	0	0	0	0	6.44802	0.66648	0	0	0	0	0	0	0	0	0	0	0	0	0	0	0	0	0	0	0	0	0	0	0	0	
0	0	0	0	0	0	0	0	0	0	0	0	0	0	0	0	0	0	0	0	0	0	0	0	0	0	0	0	0	0	0	0	0	0	0	0	0	0	0	0	0	0	16.10581	0	0	10.85109	0	13.4684	0	0	11.60986	0	12.0604	0	8.6701	0	0	0	0	0	0	0	0	14.38518	0	0	0	2.35344	0	0	11.96974	0	0	0	0	0	0	0	2.89902	0	0	0	0	0	0	0	0	0	0	0	0	0	0	0	0	0	0	0	0	0	
0	0	0	0	0	0	0	0	0	0	0	0	0	0	0	0	0	0	0	0	0	0	0	0	0	0	0	0	0	0	0	0	0	0	0	0	0	0	0	0	0	0	0	0	0	0	0	7.25819	9.54447	0	0	11.59707	0	0	0	0	0	0	0	0	0	0	0	0	0	0	0	0	0	0	0	0	0	0	0	0	0	0	0	0	0	0	0	0	0	0	0	0	0	0	6.76098	0	0	0	0	0	0	0	0	0	
0	0	0	0	0	0	0	0	0	0	0	0	0	0	0	0	0	0	0	0	0	0	0	0	0	0	0	0	0	0	0	0	0	0	0	0	0	0	0	0	0	0	0	0	0	0	0	12.88283	0	0	0	0	9.00292	0.66648	0	0	0	0	11.80361	9.35437	0	0	0	0	0	0	0	0	0	0	0	0	0	0	0	0	0	0	0	0	0	0	0	0	0	0	0	0	0	0	0	0	0	0	0	0	0	0	4.74614	0	
0	0	0	0	0	0	0	0	0	0	0	0	0	0	0	0	0	0	0	0	0	0	0	0	0	0	0	0	0	0	0	0	0	0	0	0	0	0	0	0	0	0	7.93133	0	0	0	0	0	0	5.90117	0	9.39016	0	7.66948	0	0	0	0	0	0	0	0	0	0	17.32628	0	0	0	0	0	0	0	0	0	0	0	11.77052	0	0	0	0	0	0	0	0	0	0	0	0	0	0	0	0	0	0	0	0	0	0	0	
0	0	0	0	0	0	0	0	0	0	0	0	11.21659	0	0	0	0	0	0	0	0	0	0	0	0	0	0	0	0	0	12.72499	0	0	0	0	0	0	0	0	0	0	0	9.20439	0	0	0	0	8.69074	0	0	14.37489	0	0	6.85911	4.83786	0	7.9698	0	0	0	0	0	0	11.2769	20.1743	8.43821	0	0	0	0	0	0	0	0	0	0	0	0	0	0	0	0	0	0	0	0	0	0	0	0	0	0	0	0	0	0	0	0	0	0	
0	0	0	0	0	0	0	0	0	0	0	0	0	0	0	0	0	0	0	0	0	0	0	0	0	0	0	0	0	0	0	0	0	0	0	0	0	0	0	0	0	0	0	0	0	9.59851	1.4655	0	7.33889	10.06458	0	7.37634	8.73076	0	6.61306	9.02211	0	0	0	0	13.46147	0	0	0	0	0	0	0	0	6.60749	0	0	0	0	0	0	4.76074	0	0	0	0	0	0	0	0	0	0	0	0	0	0	0	0	0	0	0	0	0	0	0	
0	0	0	0	0	0	0	0	0	0	0	0	0	0	0	9.97903	0	0	0	0	0	0	0	0	0	0	0	0	0	0	0	0	0	0	0	8.72718	12.42494	0	0	0	0	0	0	0	0	9.7737	8.98711	11.19471	7.34412	9.00622	0	0	0.66648	0	10.57383	0	0	0	0	8.86438	0	7.0309	0	6.90224	0	6.48651	0	0	11.7625	0	11.32722	0	0	0	0	13.08081	0	1.74364	0	3.37785	0	0	0	0	0	0	0	0	0	0	7.29641	0	0	0	0	0	0	0	0	0	
0	0	0	0	0	0	0	0	0	0	0	0	0	0	0	0	0	0	0	0	0	0	0	0	0	0	12.93774	0	0	0	0	0	0	0	9.78527	0	0	0	0	0	12.44039	0	0	0	0	0	0	0	15.31375	9.94934	3.60369	9.32956	10.13934	0	10.82331	0	10.48677	0	3.54248	0	2.17734	5.61913	0	0	0	11.24339	0	0	0	0	0	0	0	8.97962	0	0	0	0	0	0	0	0	0	0	0	0	0	0	0	0	0	0	0	0	0	0	3.73673	0	0	0	
0	0	0	0	0	0	0	0	0	0	0	0	0	0	0	0	0	0	0	15.40957	0	0	0	0	0	0	0	0	0	0	0	0	0	0	0	0	0	0	0	0	0	0	0	14.42041	0	0	13.11826	11.34882	9.57033	0	7.16681	7.49474	11.90008	0	0	0	16.11054	0	0	7.66789	3.25136	0	0	12.67599	0	5.0316	0	9.16074	0	0	0	0	0	0	0	0	0	0	0	0	0	0	0	0	0	0	0	0	0	0	8.00431	0	0	0	0	0	0	0	0	0	
0	0	0	0	0	0	0	0	0	0	0	0	9.23432	0	0	0	0	0	0	8.62575	0	0	0	0	0	0	0	0	0	0	0	0	0	7.64843	0	0	0	0	0	0	0	15.69621	11.11903	0	9.35308	0	0	3.87159	12.57437	0	4.21847	8.87799	7.89835	4.59415	11.12716	0	7.50954	3.86927	9.05613	0	0	0	0	0	4.26327	0	0	0	0	0	0	0	0	0	0	0	0	0	14.93295	3.60369	0	0	0	0	0	0	0	0	0	0	0	0	0	0	0	0	0	0	0	0	
0	0	0	0	0	0	0	0	0	0	0	0	0	0	0	0	0	0	0	0	0	0	0	16.49142	0	0	0	0	0	0	0	0	0	0	0	0	0	0	11.21231	0	0	0	9.85283	10.50087	0	0	10.34745	5.23895	0	7.27249	10.51773	7.44547	0	0	0	0	0	4.90977	16.26409	8.54866	11.46575	0	0	0	9.70228	0	0	0	0	0	0	0	0	0	0	0	0	0	0	0	0	0	0	0	0	0	0	0	0	0	0	0	0	0	0	0	0	0	0	0	
0	0	7.44965	0	0	0	0	0	0	0	0	0	0	0	0	0	0	0	0	0	0	0	0	0	0	0	0	0	0	0	0	0	0	0	0	0	0	0	0	0	11.17188	0	0	0	0	10.42033	0	5.65962	10.22323	10.34091	0	8.9712	10.44849	10.53235	2.78073	8.472	0	0	5.10728	0	8.27511	0	10.2527	11.06153	0	0	0	0	0	0	0	6.65625	0	0	0	0	5.10728	0	0	0	0	0	0	0	0	0	0	0	0	0	0	0	0	0	0	0	0	0	0	0	
0	0	0	0	0	0	0	0	0	0	0	10.05664	0	0	0	0	0	0	0	0	0	0	0	0	0	0	0	0	0	0	0	0	3.37785	0	0	0	0	8.24807	13.78361	8.63217	5.31307	0	0	0	12.24561	8.97995	12.6368	10.13755	11.54355	0	10.8806	0	6.11887	4.39397	0	11.59746	5.7954	11.35711	0	0	0	0	0	0	0	0	0	8.472	0	0	0	0	6.96462	0	0	9.04683	0	0	10.56882	0	0	0	0	0	0	0	0	0	0	0	0	0	0	0	0	9.26477	0	0	0	0	
0	0	0	0	0	0	0	0	0	0	0	0	0	0	0	0	0	0	0	0	0	0	0	0	0	0	0	0	0	0	0	0	0	0	0.66648	10.49078	0	0	0	2.35344	0	12.64973	0	12.24206	15.66427	9.87718	8.15781	8.08523	4.83488	10.04265	11.96294	11.30194	3.10996	8.58882	0	0	9.15974	0	0	6.41239	11.19688	0	2.17734	0	0	0	0	0	0	0	0	0	0	0	0	0	0	0	4.64819	0	0	0	0	0	0	0	0	10.27748	0	0	0	0	0	0	0	0	0	0	0	0	
0	0	0	0	0	0	0	0	13.23524	0	13.76718	0	0	0	0	0	0	0	0	0	0	0	0	0	0	0	5.58424	0	0	0	0	0	0	0	0	0	0	15.08088	11.6489	0	9.20052	5.87149	0	10.39601	5.2916	12.72179	9.48388	8.96142	9.96905	11.1093	0	7.95717	0	0	0	0	7.5009	3.10996	0	0	0	0	5.26981	0	0	0	10.03094	0	0	0	0	0	0	0	0	0	0	0	0	0	0	0	0	0	0	0	0	0	0	0	0	0	0	8.23671	0	0	0	0	0	0	
0	0	0	0	0	0	0	0	0	0	0	10.26583	0	0	13.14291	0	0	0	0	0	0	0	0	0	0	0	0	0	0	0	0	11.69971	0	0	6.77652	0	12.09237	0	0	11.89971	0	0	9.86859	12.69693	9.48462	8.13705	11.12724	8.52716	7.37129	12.1209	6.71569	9.9399	10.94971	8.72529	0	8.02862	8.25862	0	0	4.89592	9.92776	3.43682	0	5.99617	0	0	0	0	0	0	0	0	0	1.4655	0	5.96885	0	0	0	0	0	0	0	4.3899	0	0	0	0	0	0	0	0	0	0	0	0	0	0	0	0	
0	0	0	0	0	0	0	0	0	0	0	0	14.17218	0	0	0	0	0	0	0	0	0	0	0	0	0	0	0	0	10.10667	0	0	8.43332	0	1.74364	0	11.69333	0	15.76672	10.52752	10.24437	11.81352	8.94192	11.56913	10.80848	7.22254	10.2173	10.11257	6.78423	9.39962	9.6657	10.76608	11.18746	5.40206	7.127	7.41564	8.6202	0	0	9.46279	1.97673	0	0	0	0	0	0	0	0	0	0	0	0	9.174	0	0	0	0	0	0	7.69014	0	0	0	0	0	0	0	0	0	0	0	0	0	0	0	0	0	0	0	
0	0	0	0	0	0	0	16.09768	0	0	0	9.75519	0	0	0	0	0	0	0	0	0	0	0	0	0	0	0	8.84055	0	0	4.07505	0	12.35389	0	0	0	3.60369	4.71422	6.05226	12.70674	10.90641	9.86325	0	11.05745	11.74768	9.65803	9.75771	10.14049	11.53931	8.92429	6.94783	8.95247	9.61422	9.9321	7.62844	9.89752	10.46536	5.97667	8.93675	7.38524	3.94676	15.09038	12.7958	0	11.03472	0	0	0	0	0	0	0	0	9.29222	0	0	0	0	0	0	0	0	0	0	0	0	0	0	0	0	0	0	0	0	0	0	0	0	0	0	
14.59135	0	0	0	0	0	0	0	4.48678	0	0	0	8.82382	0	0	0	0	0	0	0	0	0	0	0	13.15104	0	0	8.94566	0	0	0	0	11.39862	0	11.47917	8.81633	0	9.47355	10.52327	5.94171	7.53891	9.99536	7.66225	10.07174	12.74504	10.21311	10.72141	9.77656	8.43945	7.14574	10.95709	6.46262	8.05537	4.08825	10.14767	8.20121	9.08788	6.90023	0	10.35892	1.12062	0	0	5.31997	0	10.33567	0	0	0	0	2.17734	0	0	0	0	0	0	0	0	0	0	0	5.08754	0	0	5.7864	0	0	0	0	0	0	0	0	0	0	0	0	0	0	
0	0	0	8.8896	0	0	0	0	0	0	0	0	0	0	0	0	0	0	7.91036	0	0	7.84185	0	4.26327	11.4382	7.94858	0	0	10.98292	7.57933	11.61364	0	14.65348	0	0	1.12062	0	10.35651	11.57636	9.31074	7.92223	7.55027	10.26024	9.47523	8.13174	9.90209	8.96151	9.3034	10.67349	6.03675	10.08081	10.38958	8.61221	5.93234	7.74891	8.01698	0	4.22398	7.20735	8.65697	0	0	9.63355	0	0	0	0	0	0	7.06293	0	0	6.88801	0	3.60369	9.17547	11.12093	3.91579	0	1.4655	0	0	0	0	0	0	0	0	0	0	0	0	0	0	0	0	0	0	0	0	
6.6971	0	0	0	14.54685	7.72444	0	0	0	0	0	0	0	0	0	0	0	14.30241	0	0	0	0	0	0	11.5256	0	11.08222	9.35964	0	17.44713	9.91943	0	0	0	12.21682	9.48305	6.37709	10.97011	12.50829	9.91165	6.75188	9.9025	9.39107	8.64031	9.22798	9.06643	9.98934	9.63507	8.83895	11.19547	5.74896	11.86144	12.52363	6.68952	10.65586	7.61611	8.6662	2.72158	6.22629	9.87073	9.83527	0	5.8518	8.94909	10.70294	8.88244	8.89159	0	0	0	0	0	0	0	11.22829	0	0	0	0	0	0	0	0	0	0	0	0	0	0	0	0	0	0	0	0	5.76647	0	0	0	0	
0	0	0	0	0	0	0	0	8.03186	0	8.4011	0	0	0	0	0	9.47831	15.28247	11.29015	5.88588	10.98919	6.11561	0	0	0	10.84557	0	11.7862	10.71296	9.38002	0	11.32094	11.63165	6.39928	8.99289	10.58127	6.9061	7.06435	9.16747	9.88134	8.94719	8.66378	3.85394	8.94869	9.33658	8.82335	8.88862	8.66142	7.73303	6.87477	8.03046	11.59901	9.57666	7.90044	6.41975	7.17248	4.93497	9.28	0	9.73843	9.00199	8.89851	4.79352	0	7.40015	10.59917	9.76496	0	0	0	0	4.95174	0	0	8.91439	0	0	0	10.75387	0	0	0	0	0	0	9.29626	0	0	0	0	0	0	0	0	0	7.76214	0	0	0	0	
0	11.3939	0	0	1.12062	11.03674	0	0	0	0	0	0	0	0	5.43557	12.40227	0	11.55546	11.73318	0	4.34891	0	4.71422	0	0	0	0	0	10.31449	9.38636	6.80332	0	11.26386	4.65999	10.78685	7.16338	9.80617	9.28907	8.01377	8.53626	8.7496	7.32219	9.03601	7.28431	8.08767	7.30845	7.88387	10.22986	8.31296	8.12915	8.40691	7.86436	7.66244	7.40107	8.06688	6.6281	1.74364	6.71082	8.65076	4.56223	0	6.54211	0	12.2186	11.04821	5.00547	4.7206	8.45279	0	0	0	0	0	0	0	3.79892	0	0	0	0	6.93546	0	0	0	0	0	0	0	0	0	0	0	0	0	0	0	0	0	0	0	
0	7.61001	5.45501	0	7.72429	0	0	0	0	0	7.1902	0	0	0	6.45788	7.92437	0	12.16869	0	0	6.74528	4.5063	8.4499	8.64943	8.5822	9.41146	0	4.1485	7.76993	7.96435	12.98636	12.23169	9.74988	12.54364	9.22693	4.75035	7.72613	9.50759	7.42231	8.00351	7.39932	7.76485	6.5907	6.84196	6.56271	6.20772	7.57311	6.89762	8.68467	8.20366	7.56451	8.84263	7.44902	8.30048	7.5811	7.00937	7.95833	5.17607	7.184	12.05861	0	8.07916	10.90977	9.45324	1.98543	2.89902	1.4655	0	0	0	0	6.68068	0	5.45501	6.39887	0	3.97085	0	0.66648	0	0	0	0	4.32352	0	4.38284	0	0	0	0	0	0	0	0	0	0	0	0	0	0	
0	0	0	0	0	0	0	0	6.77652	0	8.75882	11.04197	0	0	0	0	0	0	11.48361	0	10.09123	0	0	0	0	7.25819	11.93726	0	4.71422	12.5298	5.78638	8.77631	10.24504	9.30092	9.4947	9.93738	6.78072	8.72053	8.20798	10.71567	5.79344	7.33144	7.36719	8.53657	7.6309	7.61019	8.7906	8.0066	8.33711	9.4625	8.49875	6.81602	7.47853	6.38303	8.9776	8.45876	8.64013	7.49021	11.04358	6.49677	11.60421	6.24041	11.92556	5.95514	0	8.95428	0	9.91774	0	0	0	0	0	0	0	0	0	0	0	0	0	8.98965	0	0	0	0	0	10.28386	7.65274	10.261	0	0	0	0	0	0	0	0	0	0	
0	0	0	0	0	0	0	0	10.31387	10.22866	0	1.97673	0	11.25315	0	0	0	2.35344	8.2479	2.91371	0	0	0	9.05775	7.57933	9.42261	4.12446	9.17981	7.32889	9.90532	0	7.25929	5.82379	4.66948	3.98186	9.08946	7.6895	6.45269	6.21127	4.67519	6.88148	8.87038	7.44221	7.90868	7.7652	7.16482	7.20064	6.95763	6.80784	9.27514	7.91032	6.32346	6.87094	6.72096	6.76057	8.30168	4.80847	8.75273	11.3226	6.71871	6.65362	8.93714	7.94623	6.58686	1.17672	11.74278	11.42597	0	0	0	0	0	0	10.93699	9.59901	0	0	0	16.04343	0	0	0	0	0	0	0	0	0	10.81015	0	3.79892	0	0	0	0	0	0	0	0	0	
0	0	10.41971	5.77131	0	2.89902	0	0	6.31623	0	0	0	0	0	0	0	0	6.3736	0	0	0	0	0	12.62581	0	7.8602	0	8.6263	8.70502	9.23176	0	8.9826	0	10.20612	6.76947	8.66658	7.39996	7.55291	1.5494	10.2344	7.30184	9.78098	6.05556	6.99696	8.37064	5.8409	6.42263	8.05098	7.17482	8.4559	7.27837	7.74494	8.79513	7.88803	7.02866	5.51939	8.16566	10.10653	8.79167	5.58234	7.65019	8.97782	8.38179	10.02203	4.8079	0	0	6.74795	4.614	3.20489	3.49241	0	8.87704	0	3.22411	0	6.79259	0	0	0	0	0	5.90138	0	0	0	0	0	0	0	0	0	0	0	0	0	0	0	0	0	
0	0	0	0	0	0	0	0	0	0	6.64727	5.88588	8.76085	0	12.99521	0	0	4.74614	0	5.37562	0	0	0	0	0	0	5.37562	3.91579	7.57292	0	9.35437	9.1362	6.22669	8.32654	5.56478	6.63067	10.23629	9.16012	7.05547	8.72277	6.76979	6.55422	5.70576	6.44125	5.78823	6.86765	4.43033	5.50998	8.06181	6.41785	6.85713	9.71146	8.6517	6.73728	7.27192	6.65192	6.02327	7.69183	9.52273	7.77184	8.44084	6.31971	6.54439	4.87811	0.66648	6.84909	9.44588	4.78897	0	0	6.6724	0	7.2287	1.92927	0	13.41367	0	0	0.66648	0	0	0	0	0	0	0	0	0	6.11494	0	0	0	0	0	0	0	0	0	0	0	
0	0	0	0	0	0	0	0	0	8.87704	0	0	8.29721	0	0	0	0	0	0	0	0	0	0	11.91192	0	0	10.06966	0	0	4.60253	7.26253	0	0	6.25255	8.14092	7.52518	3.20489	0	10.29309	8.61066	4.42518	6.26207	3.78707	6.83671	9.44839	9.76042	5.95824	6.5211	7.44075	5.98022	7.81	8.4139	7.32112	7.45909	9.30522	6.99522	7.03371	7.22434	4.24051	6.96845	5.77803	7.05248	4.89613	9.55687	7.91321	4.75262	4.34891	10.53952	7.36495	0	0	13.62723	0	10.22323	0	4.34891	9.96976	0	0	0	0	0	0	0	7.7425	0	0	0	0	0	0	11.09134	0	0	0	0	11.59324	0	0	0	
0	0	0	0	0	0	0	0	0	0	0	8.6193	0	0	0	0	0	5.46497	7.98915	0	0	0	0	1.97673	0	0	0	4.89592	0	0	0	0	3.94857	4.42939	8.63634	0	3.88347	10.91323	3.53778	1.80185	9.78388	8.98786	7.67042	2.59784	0	8.33696	7.1819	4.35473	7.18512	6.94668	7.35411	9.04638	7.8248	4.21393	6.78334	4.9923	6.76853	8.25973	6.44485	7.03702	6.94317	5.59099	0	5.7478	9.62655	0	7.78535	7.5749	8.43086	6.64652	0	0	5.49313	3.29396	0	7.64852	0	7.29101	0	0	0	7.79539	0	0	0	0	0	0	0	0	0	0	0	0	0	0	0	0	0	0	
0	0	0	0	7.19555	0	0	0	0	0	8.7705	0	3.29396	0	0	9.54447	0	0	7.70239	0	4.27277	7.15497	0	0	0	7.87831	1.4655	0	0	8.49423	0	8.80211	10.28021	0	0	8.03186	9.95789	4.89592	10.77481	8.55007	4.78532	10.48086	7.28367	2.35344	4.50675	5.84164	12.87225	5.05237	6.34547	9.69624	7.80578	5.43284	8.23227	7.11487	5.64138	6.38119	4.87249	6.76539	2.2695	9.76276	5.29823	6.33416	5.47772	5.60145	8.45565	0	9.31274	14.49226	0	4.3899	8.65642	9.06117	7.49543	10.22186	7.69495	0	4.11126	0	0	0	11.2012	0	0	0	0	0	0	0	0	0.66648	0	0	0	0	0	0	0	0	0	0	
0	0	0	0	0	0	0	0	0	0	0	2.51035	3.87125	0	0	5.92824	0	0	0	1.74364	7.84554	0	0	0	0	0	0	0	0	2.88377	8.42101	5.39941	0	0	0	9.28	0	0	0	3.97085	4.57191	6.96565	5.14346	4.02111	7.84107	5.96426	5.05652	6.18869	6.93122	3.02542	0	0	6.94588	8.15914	0.66648	7.88679	6.84067	5.57057	7.01907	6.20145	8.82272	7.47697	8.91023	6.79962	6.56094	5.74784	3.79892	8.8107	3.00834	10.34508	0	7.19369	8.00733	12.04584	15.68886	0	6.12313	0	5.00547	0	0	0	0	0	0	0	0	0	0	0	0	0	0	0	0	0	0	0	0	0	
0	0	0	5.68648	0	0	0	0	0	0	0	0	0	0	0	0	0	0	0	0	0	0	9.84175	0	0	0	6.07041	8.09366	10.41102	6.93723	0	0	1.4655	0	0	11.13449	0	2.51035	1.12062	0.56031	5.19827	0	4.02389	0	2.83497	10.01795	6.59171	6.91634	5.74628	8.01085	5.79877	4.41251	5.96458	7.85174	7.10091	5.422	9.74685	5.56798	6.44858	7.01256	6.87738	10.31218	9.24579	7.83067	6.97128	6.77464	4.61997	8.25347	12.65476	5.47221	3.54382	10.21642	6.12766	2.38964	7.93719	0	11.33117	0	6.63551	7.97239	0	6.68068	10.24434	0	0	5.15562	0	0	0	0	0	0	0	0	0	0	0	2.35344	0	11.00246	
0	0	5.58224	0	0	0	0	0	0	0	0	0	0	0	0	0	0	0	0	0	7.07555	0	0	0	0	6.74528	0	8.4548	0	10.28836	0	11.43181	11.47917	0	7.59694	0	0	5.22611	6.96311	0	8.87344	0	0	7.2259	14.00551	9.08633	3.25264	5.4612	2.51035	5.0499	2.89902	8.86074	8.89781	7.71377	6.62315	8.79166	0	6.44059	6.97668	6.58188	2.42483	6.76552	6.76806	0.58121	5.3882	5.29529	6.71726	0	6.99986	5.17208	5.38905	7.1344	8.76267	7.7823	0	0	6.40183	0	1.71487	0.66648	0	4.76082	0	0	0	0	0	0	7.21134	0	0	0	0	0	0	0	4.74614	0	0	0	
0	0	0	0	4.12446	0	0	0	0	0	0	0	10.4357	0	0	0	0	0	0	0	4.68158	3.73673	0	0	0	0	0	12.65085	0	0	0	5.13165	8.33705	0	0	0	6.48651	0	0	4.42975	0	0	2.38869	1.12062	7.03736	0	5.564	7.1609	0	5.33112	2.35344	6.73628	9.45918	5.27032	7.90059	0	0	4.58137	4.20228	2.22094	5.87577	8.2203	8.94096	5.66005	4.88606	9.31273	9.43754	2.94507	6.86952	6.45139	6.5188	0	0	7.77553	0	8.76369	5.65013	5.40341	0	0	0	0	0	0	5.91426	0	0	0	0	0	0	0	0	0	0	0	8.52356	0	0	0	
0	0	0	0	0	0	0	0	2.65187	0	0	0	0	0	0	0	7.32311	5.61412	5.98284	0	0	0	0	0	5.70197	0	0	0	0	0	0	0	0	0	6.8518	7.47844	0	2.17734	0	0	0	0	4.26327	8.34749	0	9.36869	9.40398	8.93358	0	4.03352	0	11.02987	8.36559	8.09451	0	6.37916	0	7.76541	0	6.56903	7.71599	3.00834	6.62587	8.73714	5.71569	5.55749	6.66098	5.97825	11.19182	7.15483	8.93882	4.7627	6.61989	8.38345	7.50663	5.06962	10.40497	14.9486	0	3.53227	9.89076	1.12062	9.2587	0	2.75591	2.51035	9.0291	3.37785	6.07368	0	3.7756	0	0	7.00023	0	0	0	0	0	0	
0	0	0	0	0	0	0	0	0	0	0	0	0	0	0	0	0	0	0	0	3.84779	0	0	0	0	0	0	0	0	4.71422	0	0	0	0	2.65187	0	0	0	0	0	9.32561	0	7.53435	8.95934	5.98587	0	0	4.71422	7.97576	5.39751	6.29481	0	0	4.15264	3.71569	7.31779	0	0	5.57092	8.07977	8.53731	5.19217	3.99156	5.47406	6.25127	5.5774	1.09799	3.47305	5.06065	5.2406	9.16697	6.67405	3.3849	7.25186	3.88388	0	4.10122	0	2.62623	0	0	0	1.74364	0	0	0	6.1214	0	0	0	0	0	0	0	0	0	0	0	0	0	
0	0	0	0	6.44821	0	0	0	0	0	0	4.614	0	4.5431	0	0	0	0	0	0	0	0	0	0	0	0	0	0	0	0	0	0	0	0	0	0	0	0	0	8.09404	0	0	8.7705	0	4.24679	0	4.24076	5.39588	0	0	1.74364	0	0	0	9.96807	0	0	0	0	12.06752	5.36936	1.74364	7.18264	9.23103	6.04739	0	2.40397	4.966	10.52152	8.32104	6.1967	9.09667	10.09489	4.78184	0	0	3.08149	7.27469	11.64678	9.45436	0.66648	9.86101	0	0	0	0	7.36482	11.33945	0	5.24968	0	0	0	0	7.91738	0	0	0	0	0	
0	0	0	0	0	0	0	0	0	0	0	0	0	0	0	0	0	6.19	0	0	0	5.78194	9.80529	0	0	0	10.02121	0	0	0	0	0	0	5.72735	8.11298	0	0	0	0	0	0	0	0	0	0	0	0	0	0	0	7.72659	0	0	0	0	7.42786	8.73292	9.52342	1.12062	4.02389	0	4.73311	5.35223	0	7.07156	10.48263	5.96664	7.34371	4.87539	2.37973	9.58691	6.53465	5.66782	5.40484	8.49909	5.56639	5.02814	0	7.32311	6.54567	0	0	8.31134	0	9.2718	9.12988	0	8.74111	0	9.56272	0	0	0	0	0	0	9.23225	0	0	0	
0	0	0	0	0	0	0	0	7.60117	0	0	0	0	0	0	0	0	0	0	0	0	0	0	0	0	0	0	0	0	0	0	0	0	0	0	0	0	0	0	10.06861	0	0	0	0	0	10.44788	0	6.68892	4.12446	0	0	9.82597	0	0	0	0	0	0	9.82873	0	9.19997	0	9.07362	10.4413	5.34709	3.99638	6.96356	0	0	6.61549	7.51563	6.56018	8.77772	4.10823	4.87613	6.05024	0.56031	0	3.53227	6.22738	5.40791	7.86528	11.14133	8.04968	9.35112	0	0	0	0	0	7.62725	0	11.61126	0	0	0	0	0	0	0	
0	0	0	0	0	0	0	0	0	0	0	0	0	6.85911	0	0	0	0	0	0	0	0	0	0	0	2.57783	0	0	0	0	0	0	0	0	6.6971	0	0	6.58107	0	0	8.49567	0	8.76662	3.53227	8.57111	0	0	0	0	0	10.10638	5.22521	0	0	5.70283	0	0	0	0	6.33469	4.57271	0	5.09677	9.28273	5.35507	4.6018	8.15518	6.63879	0	4.45584	4.65051	0	6.8404	5.65827	12.41007	5.96847	4.15988	4.25857	7.05547	3.40809	0	7.23984	10.74797	3.86552	4.23252	0	0	6.22857	5.07312	0	4.68158	0	0	6.19427	0	0	0	0	6.09667	0	
0	0	0	0	0	0	0	3.53227	0	0	0	0	0	0	0	0	0	0	0	0	0	0	3.97085	0	0	0	0	0	10.1151	0	0	0	0	0	9.26104	0	0	0.66648	0	0	0	1.83588	0	0	0	0	5.12724	0	0	0	0	0	9.31234	0	0	0	5.85648	6.07368	0	4.05125	9.66953	0	0	7.42424	0	1.12062	0	8.23807	6.36115	10.20469	8.42452	7.82899	7.57933	6.19977	4.98046	9.3473	8.00466	0.66648	5.67176	3.77183	8.74379	9.22697	5.70276	0	2.9441	0	0	7.84896	0	0	7.80444	7.49548	0	0	0	0	11.18565	0	0	0	
0	0	0	0	0	0	0	0	0	0	0	0	0	0	0	0	0	0	0	0	0	0	0	0	0	0	0	0	0	0	0	0	0	0	0	0	0	4.27327	0	0	0	0	0	0	0	0	0	0	0	5.26981	0	5.41789	0	3.18992	0	0	5.53027	6.88262	6.13524	0	5.2916	0	11.78476	10.06062	6.37865	5.00726	0	0	7.54033	6.28777	0	1.97673	7.92634	8.43992	6.72608	6.6178	0	4.12102	5.30969	4.30272	2.26243	7.9348	8.55993	0	0	0	3.33788	0	0	0	0	0	8.48673	6.36845	8.52816	0	0	0	0	0	
0	0	0	0	0	0	0	5.71901	0	0	0	0	0	0	0	0	0	0	0	0	0	0	0	0	0	0	0	0	0	0	0	0	0	0	0	0	0	6.00212	0	5.2916	0	0	0	0	0	0	0	0	0	0	4.2433	0	0	12.42955	8.71258	0	0	8.18144	9.0675	14.15096	0	0	0	6.46931	9.33813	10.41537	0	0	8.23899	2.17145	7.31562	7.69209	5.69631	6.35067	7.43504	6.57769	6.90158	0	7.6313	7.98345	8.49242	7.28015	0.33324	4.12422	4.79643	0	0	0.65891	0	0	2.17734	0	0	0	0	1.74923	0	0	0	0	
0	0	0	0	0	0	0	0	0	0	0	0	0	0	0	0	0	0	0	0	0	0	0	0	0	7.0309	0	0	0	0	0	0	0	0	0	0	0	7.59256	0	0	0	0	0	0	8.61714	0	0	0	7.97576	0	0	0	0	0	0	2.78073	0	0	0	0	0	0	8.63276	0	0	5.84858	4.55498	7.29764	0.66648	4.81269	1.72361	0	7.06284	0	7.56151	6.77554	10.02934	8.48351	4.90267	9.41963	5.17019	0	2.99809	0	5.39588	4.72692	0	0	0	0	6.71334	0	0	0	0	0	0	0	0	0	
0	0	0	0	0	0	0	0	0	0	0	0	4.97885	0	0	0	0	0	0	0	0	0	0	0	0	0	0	0	0	0	0	0	0	0	0	0	0	0	0	0	0	0	0	0	0	0	0	11.87345	0	0	3.37785	0	11.35077	0	0	0	0	0	0	4.90797	0	0	0	4.57058	3.67175	11.07651	10.84319	0	5.71901	0	0	8.34489	0	0	0	3.0956	6.77492	8.89613	4.2161	4.48125	0	9.27706	4.77857	3.15132	5.86134	3.10862	6.14229	0	7.10661	0	0	0	0	5.35507	0	0	0	0	0	0	
0	0	0	0	0	0	0	0	0	0	0	0	0	0	0	0	0	0	0	0	0	0	0	0	0	0	0	0	0	0	0	0	10.47967	0	0	0	0	0	0	0	1.4655	0	0	0	0	0	0	0	0	0	0	0	0	0	0	0	6.01719	0	0	0	5.22521	0	0	4.71345	0	3.91579	0	0	7.52943	0	0	0	9.22444	0	0	2.17734	0	0	7.44941	7.12873	4.90744	6.00938	12.28087	0	3.10996	0	0	0	0	2.35344	5.25383	3.55323	5.91403	0	0	0	0	0	0	0	
0	0	0	0	0	0	0	1.80185	0	0	0	0	0	0	0	0	0	0	0	0	0	0	0	0	0	0	0	6.53299	0	0	0	0	0	0	0	0	0	0	0	0	0	0	0	0	0	0	0	0	0	0	0	0	0	0	0	0	0	0	0	0	0	0	0	0	0	0	0	0	0	0	7.06279	2.32783	6.26748	0	0	6.96462	6.65569	0	10.23657	6.22857	0	8.87834	0	9.52964	0	10.33565	0	8.8516	0	0	0	3.00834	0	0	0	8.29721	0	0	0	0	
0	0	0	0	0	0	0	0	0	0	0	0	0	0	0	0	0	0	0	0	4.89592	0	0	0	0	0	0	0	0	0	5.82741	0	0	0	0	0	0	0	0	0	0	0	0	0	0	0	0	0	0	0	0	0	0	0	0	0	0	0	0	13.10457	0	0	0	0	4.5431	8.5822	8.40361	8.13111	0	0	0	0	0	0	0	6.70525	5.27553	0	0	0	1.76614	0	0	0	4.69784	4.5431	6.8203	3.20605	5.15562	0	8.68869	8.47439	8.8182	4.89592	0	10.47849	0	0	0	0	
0	0	0	0	0	0	0	0	0	0	0	0	0	0	0	0	0	0	0	0	0	0	0	0	0	0	0	0	0	0	0	0	0	0	0	0	0	0	0	0	0	0	0	0	0	0	0	0	4.3899	0	0	0	0	0	0	0	0	0	0	0	0	0	0	0	0	0	0	0	0	7.96223	7.76993	6.06105	6.71997	0	12.48897	6.81465	0	7.74645	0	0	0	5.76647	5.52071	0	5.06628	0	4.71422	0	0	4.10605	0	3.5215	3.79491	0	2.17734	0	0	0	0	0	
0	0	0	0	0	0	0	0	0	0	0	0	0	0	0	8.13491	0	0	0	0	0	0	0	0	0	0	0	0	0	0	0	0	0	0	9.13083	0	0	0	0	0	0	0	0	0	0	0	0	0	0	0	0	0	0	0	0	0	0	0	0	0	0	0	0	0	0	0	0	4.26327	0	0	0	0	0	8.66175	0	0	0	4.18151	0	0	0	1.74364	0	0	3.50082	0	5.18161	3.96393	10.125	8.40766	11.03311	0	9.51351	0	0	0	0	0	0	0	
0	0	0	0	0	0	0	0	0	0	0	0	0	0	0	0	0	0	0	0	0	0	0	0	0	0	0	0	0	0	0	0	0	0	0	0	0	0	0	0	0	0	0	0	0	0	0	0	5.26981	7.70645	0	0	0	0	0	0	0	0	0	7.43993	0	0	0	0	0	4.09263	0	0	0	0	0	6.59564	0	0	0	0	0	10.51078	0	7.19371	9.81848	0	0	8.95593	0	0	0	0	0	0	0	0	0	0	0	0	0	0	0	0	
0	0	0	0	0	0	0	0	0	0	0	0	0	0	0	0	0	0	0	0	0	0	0	0	0	0	0	0	0	0	0	0	0	0	0	0	0	0	0	0	0	0	0	0	0	0	0	0	0	0	0	0	0	0	0	1.41019	0	0	13.42458	0	0	0	0	0	7.35451	0	0	0	0	0	0	4.26327	0	3.60369	0	0	4.07505	0	0	0	3.29037	6.7003	5.53833	8.73772	0	0	0	6.85911	8.50623	0	6.19427	12.71431	9.02423	0	0	0	0	0	0	0	
0	0	0	0	0	0	0	0	0	0	0	0	0	0	0	0	0	0	0	0	0	0	0	0	0	0	0	0	0	0	0	0	0	0	0	0	0	0	0	0	0	0	0	0	0	0	0	0	0	0	0	0	0	0	0	0	0	0	0	0	0	0	0	0	0	0	0	0	0	0	0	0	0	0	0	0	0	0	0	0	0	0	0	0	0	0	4.26327	0	0	0	0	8.05115	0	0	0	0	0	0	0	0	
0	0	0	0	0	0	0	0	0	0	0	0	0	0	0	0	0	0	0	0	0	0	0	0	0	0	0	0	0	0	0	0	0	0	0	0	0	0	0	0	0	0	0	0	0	0	0	0	0	0	0	0	0	0	0	0	0	0	0	0	0	0	0	0	0	0	0	0	0	0	6.50705	0	0	0	0	0	0	0	0	10.02358	0	0	0	10.82937	0	0	0	0	0	0	7.42436	8.87885	0	0	0	0	0	0	0	0	
0	0	0	0	0	0	0	0	0	0	0	0	0	0	0	0	0	0	0	0	0	0	0	0	0	0	0	0	0	0	0	0	0	0	0	0	0	0	0	0	0	0	0	0	0	0	0	0	0	0	0	0	0	0	0	0	0	0	0	3.00834	0	0	0	0	0	0	0	0	0	0	7.51131	0	0	0	0	0	0	0	0	0	0	0	0	0	0	0	4.71422	0	0	0	0	0	0	0	0	0	0	0	0	0	
0	0	0	0	0	0	0	0	0	0	0	0	0	0	0	0	0	0	0	0	0	0	0	0	0	0	0	0	0	0	0	0	0	0	0	0	0	0	0	0	0	0	0	0	0	0	0	0	0	0	0	0	0	0	0	0	0	0	0	0	0	0	0	0	0	0	0	0	0	13.05556	7.55251	0	0	0	0	0	0	0	8.31594	0	0	0	0	0	0	0	0	0	5.91426	0	0	0	0	0	0	0	0	0	0	0	
0	0	0	0	0	0	0	0	0	0	0	0	0	0	0	0	0	0	0	0	0	0	0	0	0	0	0	0	0	0	0	0	0	0	0	0	0	0	0	0	0	0	0	0	0	0	0	0	0	0	0	0	0	0	0	0	0	0	0	0	0	0	0	0	0	0	0	0	0	0	0	0	0	0	0	0	0	0	0	0	0	0	0	0	0	0	4.68158	0	0	0	0	0	0	0	0	0	0	0	0	0	
0	0	0	0	0	0	0	0	0	0	0	0	0	0	0	0	0	0	0	0	0	0	0	0	0	0	0	0	0	0	0	0	0	0	0	0	0	0	0	0	0	0	0	0	0	0	0	0	0	0	0	0	0	0	0	0	0	0	8.61498	0	0	0	0	0	0	0	0	0	0	0	0	0	0	0	0	4.07505	0	0	0	0	0	0	0	0	0	0	0	0	0	0	0	0	0	0	0	0	0	0	0	0	
0	0	0	0	0	0	0	0	0	0	0	0	0	0	0	0	0	0	0	0	0	0	0	0	0	0	0	0	0	0	0	0	8.78977	0	0	0	0	0	0	0	0	0	0	0	0	0	0	0	0	0	2.35344	0	0	0	0	0	0	0	0	0	0	0	2.65187	0	0	0	0	0	0	0	0	0	0	0	0	8.34489	0	0	0	0	0	0	0	0	0	0	0	0	0	0	0	0	0	0	0	0	0	0	0	0	
0	0	0	0	0	0	0	0	0	0	0	0	0	0	0	0	0	0	0	0	0	0	0	0	0	0	0	0	0	0	0	0	0	0	0	0	0	0	0	0	0	0	0	0	0	0	0	0	0	0	0	0	0	0	0	0	0	0	0	0	0	0	0	0	0	0	0	0	0	0	0	0	0	0	0	0	0	0	0	0	0	0	0	0	0	0	0	0	0	0	0	0	0	0	0	0	0	0	0	0	
0	0	0	0	0	0	0	0	0	0	0	0	0	0	0	0	0	0	0	0	0	0	0	0	0	0	0	0	0	0	0	0	0	0	0	0	0	0	0	0	0	0	0	0	0	0	0	0	0	0	0	0	0	0	0	0	0	0	0	0	0	0	0	0	0	0	0	0	0	0	0	0	0	0	0	0	0	0	0	0	0	0	0	0	0	0	0	0	0	0	0	0	0	0	0	0	0	0	0	0	
0	0	0	0	0	0	0	0	0	0	0	0	0	0	0	0	0	0	0	0	0	0	0	0	0	0	0	0	0	0	0	0	0	0	0	0	0	0	0	0	0	0	0	0	0	0	0	0	0	0	0	0	0	0	0	0	0	0	0	0	0	0	0	0	0	0	0	0	0	0	0	0	0	0	0	0	0	0	0	0	0	0	0	0	0	0	0	0	0	0	0	0	0	0	0	0	0	0	0	0	
0	0	0	0	0	0	0	0	0	0	0	0	0	0	0	0	0	0	0	0	0	0	0	0	0	0	0	0	0	0	0	0	0	0	0	0	0	0	0	0	0	0	0	0	0	0	0	0	0	0	0	0	0	0	0	0	0	0	0	0	0	0	0	0	0	0	0	0	0	0	0	0	0	0	0	0	0	0	0	0	0	0	0	0	0	0	0	0	0	0	0	0	0	0	0	0	0	0	0	0	
0	0	0	0	0	0	0	0	0	0	0	0	0	0	0	0	0	0	0	0	0	0	0	0	0	0	0	0	0	0	0	0	0	0	0	0	0	0	0	0	0	0	0	0	0	0	0	0	0	0	0	0	0	0	0	0	0	0	0	0	0	0	0	0	0	0	0	0	0	0	0	0	0	0	0	0	0	0	0	0	0	0	0	0	0	0	0	0	0	0	0	0	0	0	0	0	0	0	0	0	
0	0	0	0	0	0	0	0	0	0	0	0	0	0	0	0	0	0	0	0	0	0	0	0	0	0	0	0	0	0	0	0	0	0	0	0	0	0	0	0	0	0	0	0	0	0	0	11.78596	0	0	0	0	0	0	0	0	0	0	0	0	0	0	0	0	0	0	0	0	0	0	0	0	0	0	11.47039	0	0	0	0	0	0	0	0	0	0	0	0	0	0	0	0	0	0	0	0	0	0	0	0	0	
