0	0	0	0	0	0	0	0	0	0	0	0	0	0	0	0	0	0	0	0	0	0	0	0	0	0	0	0	0	0	0	0	0	0	0	0	0	0	0	0	0	0	0	0	0	0	0	0	0	0	0	10.94882	0	0	0	0	0	0	0	0	0	0	0	0	0	0	0	0	0	0	0	0	0	0	0	0	0	0	0	0	0	0	0	0	0	0	0	0	0	0	0	0	0	0	0	0	0	0	0	0	
0	0	0	0	0	0	0	0	0	0	0	0	0	0	0	0	0	0	0	0	0	0	0	0	0	0	0	0	0	0	0	0	0	0	0	0	0	0	0	0	0	0	0	0	0	0	0	14.00215	0	0	0	0	0	0	0	0	0	0	0	0	0	0	0	13.3607	0	0	0	0	0	0	0	0	0	0	0	0	0	0	0	0	0	0	0	0	0	0	0	0	0	0	0	0	0	0	0	0	0	0	0	0	
0	0	0	0	0	0	0	0	0	0	0	0	0	0	0	0	0	0	0	0	0	0	0	0	0	0	0	0	0	0	0	0	0	0	0	0	0	0	0	0	0	0	0	0	0	0	0	0	0	0	0	0	0	0	10.78112	0	0	0	0	0	0	0	0	0	0	0	0	0	0	0	0	0	0	0	0	0	0	0	0	0	0	0	0	0	0	0	0	0	0	0	0	0	0	0	0	0	0	0	0	0	
0	0	0	0	0	0	0	0	0	0	0	0	0	0	0	0	0	0	0	0	0	0	0	0	0	0	0	0	0	0	0	0	0	0	0	0	0	0	0	0	0	0	0	0	0	0	13.42241	7.85182	0	0	0	0	0	0	0	0	0	0	0	0	0	0	0	0	0	0	0	0	0	0	0	0	0	0	0	0	0	0	0	0	0	0	0	0	0	0	0	0	0	0	0	0	0	0	0	0	0	0	0	0	
0	0	0	0	0	0	0	0	0	0	0	0	0	0	0	0	0	0	0	0	0	0	0	0	0	0	0	0	0	0	0	0	0	0	0	0	0	4.87569	0	0	0	0	0	12.93779	0	0	0	0	0	0	0	0	0	0	0	0	0	0	0	0	0	0	0	0	0	0	0	0	0	0	0	0	0	0	0	0	0	0	0	0	0	0	0	0	0	0	0	0	0	0	0	0	0	0	0	0	0	0	0	0	
0	0	0	0	0	0	0	0	0	0	0	0	0	0	0	0	0	0	0	0	0	0	0	0	0	0	0	0	0	0	0	0	0	0	0	0	0	0	0	0	0	0	0	0	0	0	0	0	0	0	0	0	0	0	0	0	0	0	0	0	0	0	0	0	0	0	0	0	0	0	0	0	4.24111	0	0	0	0	0	0	0	0	0	0	0	0	0	0	0	0	0	0	0	0	0	0	0	0	0	0	0	
0	0	0	0	0	0	0	0	0	0	0	0	0	0	0	0	0	0	0	0	0	0	0	0	0	0	0	0	0	0	0	0	0	0	0	0	0	0	0	0	0	0	0	0	0	0	0	0	0	0	0	0	0	0	0	0	0	0	0	0	0	0	0	0	0	0	0	0	0	0	0	0	0	0	10.07096	0	0	0	0	0	0	0	0	0	0	0	0	0	0	0	0	0	0	0	0	0	0	0	0	0	
0	0	0	0	0	0	0	0	0	0	0	0	0	0	0	0	0	0	0	0	0	0	0	0	0	0	0	0	0	0	0	0	0	0	0	0	0	0	0	0	0	0	0	0	0	0	0	0	0	0	0	7.98694	0	0	0	12.60429	0	0	0.58256	0	0	0	0	0	0	0	0	0	0	0	0	0	0	0	0	0	0	0	0	0	0	0	0	0	0	0	0	0	0	0	0	0	0	0	0	0	0	0	0	0	
0	0	0	0	0	0	0	0	0	0	0	0	0	0	0	0	0	0	0	0	0	0	0	0	0	0	0	0	8.6167	0	0	0	0	0	0	0	0	0	0	0	0	0	0	0	0	0	0	0	0	0	0	0	0	0	0	0	0	0	0	0	0	0	0	0	0	0	0	7.02751	0	0	0	0	0	0	0	0	0	0	0	0	0	0	0	0	0	0	0	0	0	0	0	0	0	0	0	0	0	0	0	0	
0	0	0	0	0	0	0	0	0	0	0	0	0	0	0	0	0	0	0	0	0	0	0	0	0	0	0	0	0	0	0	0	0	0	0	0	0	0	0	0	0	0	0	0	0	0	0	0	0	0	0	0	0	0	0	8.99704	0	0	0	0	0	0	0	0	0	0	0	0	0	0	0	0	0	0	0	0	0	0	0	0	0	0	0	0	0	0	0	0	0	0	0	0	0	0	0	0	0	0	0	0	
0	0	0	0	0	0	0	0	0	0	0	0	0	0	0	0	0	0	0	0	0	0	0	0	0	0	0	0	0	0	0	0	0	0	0	0	0	0	0	0	0	0	0	0	0	0	0	0	0	0	0	0	0	0	0	0	0	0	0	0	0	0	0	0	0	0	0	10.71945	0	0	0	0	0	0	0	0	0	0	0	0	0	0	0	0	0	0	0	0	0	0	0	0	0	0	0	0	0	0	0	0	
0	0	0	0	0	0	0	0	0	0	0	0	0	0	0	0	0	0	0	0	0	0	0	0	0	0	0	0	0	0	0	0	0	0	0	0	0	0	0	0	0	0	0	0	0	0	0	0	0	0	0	0	6.89976	0	0	0	4.24852	0	0	0	0	0	0	0	0	0	0	0	0	0	0	0.58256	0	0	0	0	0	0	0	0	0	0	0	0	0	0	0	0	0	0	0	0	0	0	0	0	0	0	0	0	
0	0	0	0	0	0	0	0	0	0	0	0	0	0	0	0	0	0	0	0	0	0	0	0	0	0	0	0	0	0	0	0	0	0	0	0	0	0	0	0	0	0	0	0	0	0	0	0	11.1085	0	0	0	13.1724	0	0	0	0	0	0	0	0	0	0	0	0	0	0	8.31475	0	0	0	0	0	0	0	0	0	0	0	0	0	0	0	0	0	0	0	0	0	0	0	0	0	0	0	0	0	0	0	0	
0	0	0	0	0	0	0	0	0	0	0	0	0	0	0	0	0	0	0	0	0	0	0	0	0	0	0	0	0	0	11.27647	0	0	0	0	0	0	0	0	9.94118	0	0	0	0	0	0	0	9.30456	0	0	0	0	0	0	0	0	0	9.57024	3.80067	0	9.11933	0	0	11.00473	0	0	0	0	0	0	0	0	0	0	0	0	0	0	0	0	0	0	0	0	0	0	0	0	0	0	0	0	0	0	0	0	0	0	0	0	
0	0	0	0	0	0	0	0	0	0	0	0	0	0	0	0	0	0	0	0	0	0	0	0	0	0	0	0	0	0	0	0	0	0	0	0	0	0	0	0	0	0	0	0	0	0	0	0	0	0	0	0	0	0	5.77137	0	0	0	0	0	0	0	0	0	0	0	0	0	0	0	0	0	0	0	6.46049	0	0	0	0	0	0	0	0	0	0	0	0	0	0	0	0	0	0	0	0	0	0	0	0	0	
0	0	0	0	0	0	0	0	0	0	0	0	0	0	0	0	0	0	0	0	0	0	0	0	0	0	0	0	0	0	0	0	0	0	0	0	0	0	0	0	0	0	16.83746	0	0	0	0	0	0	0	0	0	9.11823	0	0	0	0	0	0	13.42411	0	0	0	0	0	0	0	0	0	0	0	8.26895	0	0	0	0	0	0	0	0	0	0	0	0	0	0	0	0	0	0	0	0	0	0	0	0	0	0	0	0	
0	0	0	0	0	0	0	0	0	0	0	0	0	0	0	0	0	0	0	0	0	0	0	0	0	0	0	0	0	0	0	0	0	0	0	0	0	0	0	0	0	0	0	4.99239	0	0	0	11.64205	0	0	0	7.64851	0	0	0	0	0	0	4.87594	0	0	0	0	0	0	0	0	0	0	0	0	0	0	0	0	0	0	0	0	0	0	0	0	0	0	0	0	0	0	0	0	0	0	0	0	0	0	0	0	0	
0	0	0	0	0	0	0	0	0	0	0	0	0	0	0	0	0	0	0	0	0	0	0	0	0	0	0	0	0	0	0	0	0	0	0	0	0	0	0	0	0	0	15.1248	0	0	0	0	0	0	0	0	0	0	0	0	9.16274	0	0	0	0	0	0	0	0	0	0	0.99639	0	11.01795	0	0	0	0	0	0	0	0	0	0	0	0	0	0	0	0	0	0	0	0	0	0	0	0	0	0	0	0	0	0	0	
0	0	0	0	0	0	0	0	0	0	0	0	0	0	0	0	0	0	0	0	0	0	0	0	0	0	0	0	0	0	0	0	0	0	0	0	0	0	0	0	12.85447	0	0	0	0	0	0	0	0	0	0	0	0	0	0	0	0	0	0	0	0	0	0	0	0	0	0	0	0	0	0	0	0	0	0	0	0	0	0	0	0	0	0	0	0	0	0	0	0	0	0	0	0	0	0	0	0	0	0	0	
0	0	0	0	0	0	0	0	0	0	0	0	0	0	0	0	0	0	0	0	0	0	0	0	0	0	0	0	0	0	0	0	0	0	0	0	0	0	0	0	0	0	0	0	0	0	0	11.15991	0	0	8.28518	0	0	0	0	0	0	0	0	0	0	0	0	0	0	0	0	0	0	0	0	0	0	0	0	0	9.72498	0	0	0	0	0	0	0	0	0	0	0	0	0	0	0	0	0	0	0	0	0	0	0	
0	0	0	0	0	0	0	0	0	0	0	0	0	0	0	0	0	0	0	0	0	0	0	0	0	0	0	0	0	0	0	0	0	0	0	0	0	0	0	0	0	0	0	0	0	0	0	9.57307	0	0	9.12081	10.7856	0	0	0	0	5.14909	0	9.40538	0	8.84144	0	0	0	0	9.03174	0	0	0	0	0	0	0	0	0	0	0	0	0	0	0	0	0	0	0	0	0	0	0	0	0	0	0	0	0	0	0	0	0	0	
0	0	0	0	0	0	0	0	0	0	0	0	0	0	0	0	0	0	0	0	0	0	0	0	0	0	0	0	0	0	0	0	0	0	0	0	0	0	0	0	0	9.83909	0	0	0	0	0	0	0	0	0	0	0	0	0	0	0	0	0	0	0	0	0	0	0	0	0	0	0	0	0	0	0	0	0	0	0	0	0	0	0	0	0	0	0	0	0	0	0	0	0	0	0	0	0	0	0	0	0	0	
0	0	0	0	0	0	0	0	0	0	0	0	0	0	0	0	0	0	0	0	0	0	0	0	0	0	0	0	0	0	0	7.87853	0	0	0	0	0	0	0	0	0	0	0	0	0	0	0	11.08689	0	0	0	0	0	0	0	0	0	0	0	0	0	0	0	1.31759	0	0	0	0	0	0	0	0	0	0	0	0	0	0	0	0	0	0	0	0	0	0	0	0	0	0	0	0	0	0	0	0	0	0	0	0	
0	0	0	0	0	0	0	0	0	0	0	0	0	0	0	0	0	0	0	0	0	0	0	0	0	0	0	0	0	0	0	12.16976	0	0	0	0	0	0	0	0	0	0	0	0	0	0	0	0	0	0	0	0	0	0	0	0	0	0	0	0	0	0	0	0	0	0	0	0	0	0	0	0	0	0	0	0	0	0	0	0	0	0	0	0	0	0	0	0	0	0	0	0	0	0	0	0	0	0	0	0	
0	0	0	0	0	0	0	0	0	0	0	0	0	0	0	0	0	0	0	0	0	0	0	0	0	0	0	0	0	0	0	0	0	0	0	0	0	0	0	0	0	0	0	10.64072	0	0	0	0	0	15.69669	0	0	0	0	8.38084	0	0	0	0	0	0	0	0	0	0	0	0	0	0	0	0	0	0	0	0	0	0	0	0	0.78948	0	0	0	0	0	0	0	0	0	0	0	0	0	0	0	0	0	0	0	0	
0	0	0	0	0	0	0	0	0	0	0	0	0	0	0	0	0	0	0	0	0	0	0	0	0	0	0	0	0	0	0	0	5.41924	0	0	0	0	0	0	0	0	0	0	0	0	0	0	5.35053	0	0	7.76631	0	0	0	0	0	0	0	8.805	0	0	0	0	0	0	0	0	0	0	0	3.24149	0	0	0	0	0	0	0	0	0	0	0	0	0	0	6.18148	0	0	0	0	0	0	0	0	0	0	0	0	0	0	
0	0	0	0	0	0	0	0	0	0	0	0	0	0	0	0	0	0	0	0	0	0	0	0	0	0	0	0	0	0	0	0	0	0	0	0	0	0	0	11.33821	0	0	0	0	17.13707	0	8.73091	0	0	0	0	0	0	0	0	0	0	0	0	0	0	0	0	0	0	0	0	0	0	0	0	0	0	0	0	0	0	0	0	0	0	0	0	0	0	0	0	0	0	0	0	0	0	0	0	0	0	0	0	0	
0	0	0	0	0	0	0	0	0	0	0	0	0	0	0	0	0	0	0	0	0	0	0	0	0	0	0	0	0	0	0	0	0	0	0	9.57307	0	0	0	0	0	0	0	0	0	0	0	9.09611	0	0	0	0	0	7.08298	0	0	0	0	0	0	8.70707	0	0	0	0	0	0	0	0	0	0	0	0	0	0	0	0	0	0	0	0	0	0	0	0	0	0	0	0	0	0	0	0	0	5.99292	0	0	0	0	0	
0	0	0	0	0	0	0	0	0	0	0	0	0	0	0	0	0	0	0	0	0	0	0	0	0	0	0	0	0	0	0	0	0	0	0	0	0	0	0	0	0	15.70532	0	0	0	0	0	0	0	0	0	0	0	0	0	0	0	0	0	0	0	0	0	0	0	0	0	0.58256	0	0	0	5.87557	0	0	0	0	0	0	0	0	0	0	0	0	0	0	0	0	0	0	0	0	0	0	0	0	0	0	0	0	
0	0	0	0	0	0	0	0	0	0	0	0	0	0	0	0	0	0	0	0	0	0	0	0	0	0	0	0	0	0	0	0	0	0	0	0	0	0	0	0	9.45327	0	0	0	10.4022	0	0	9.12	0	0	2.57896	12.19386	0	0	0	11.4373	0	0	7.01523	0	6.4441	0	0	0	0	0	0	0	0.58256	0	0	0	0	0	0	0	0	0	0	0	0	0	0	0	0	0	0	0	0	0	0	0	0	0	0	4.27858	0	0	0	0	
0	0	0	0	0	0	0	0	0	0	0	0	0	0	0	0	0	0	0	0	0	0	0	0	0	0	0	0	0	0	0	0	0	0	0	0	0	0	0	0	0	0	0	0	16.55733	0	0	0	0	4.5477	0	0	8.58341	0	0	0	0	7.13751	0	0	0	6.17281	0	0	0	0	0	0	0	0	0	0	0	0	0	0	0	0	0	0	0	0	0	0	0	0	0	0	0	0	0	0	0	0	0	0	0	0	0	0	
0	0	0	0	0	0	0	0	0	0	0	0	0	0	0	0	0	0	0	0	0	0	0	0	0	0	0	0	0	0	0	0	0	0	0	0	0	0	0	0	0	0	0	10.22523	0	0	14.90754	0	0	0	10.48366	0	0	0	0	0	0	0	0	5.50076	0	0	0	0	8.56458	0	0	8.67582	0	0	0	0	9.27475	0	0	0	3.90017	0	0	0	0	0	0	0	0	0	0	0	0	0	0	0	0	0	0	0	0	0	0	0	
0	0	0	0	0	0	0	0	0	0	0	0	0	0	0	0	0	0	0	0	0	0	0	0	0	0	0	0	0	0	0	0	0	0	0	0	0	0	0	0	0	0	0	0	1.31759	0	0	10.64879	0.58256	0	0	7.7021	5.16293	0	0	7.11698	0	0	0	0	0	0	0	0	0	0	0.58256	8.46043	0	0	0	0	0	11.21319	0	0	0	0	0	0	0	0	0	0	0	0	0	0	0	0	0	0	0	0	0	0	0	0	0	0	
0	0	0	0	0	0	0	0	0	0	0	0	0	0	0	0	0	0	0	0	0	0	0	0	0	0	0	0	0	0	0	0	0	0	0	0	0	17.53193	0	0	0	0	0	0	0	0	0	0	6.42752	0	0	7.66469	0	0	2.99371	0	8.79534	0	0	3.08112	0	0.99639	0	0	0	0	0	0	0	0	0	0	0	0	5.39326	1.99462	0	0	0	0	0	0	0	0	0	0	0	0	0	0	0	0	0	0	0	0	0	0	0	0	
0	0	0	0	0	0	0	0	0	0	0	0	0	0	0	0	0	0	0	0	0	0	0	0	0	0	0	0	0	0	0	0	0	0	0	0	0	0	0	0	0	0	15.03611	0	0	9.74268	0	12.31453	0	0	9.50753	0	10.40961	0	9.75934	0	0	0	0	0	0	0	0	10.10264	0	0	0	5.12229	0	0	7.75439	0	0	0	0	0	0	0	2.31617	0	0	0	0	0	0	0	0	0	0	0	0	0	0	0	0	0	0	0	0	0	
0	0	0	0	0	0	0	0	0	0	0	0	0	0	0	0	0	0	0	0	0	0	0	0	0	0	0	0	0	0	0	0	0	0	0	0	0	0	0	0	0	0	0	0	0	0	0	10.647	13.1689	0	0	12.13028	0	0	0	0	0	0	0	0	0	0	0	0	1.99462	0	0	0	0	0	0	0	0	0	0	0	0	0	0	0	0	0	0	0	0	0	0	0	0	0	5.70719	0	0	0	0	0	0	0	0	0	
0	0	0	0	0	0	0	0	0	0	0	0	0	0	0	0	0	0	0	0	0	0	0	0	0	0	0	0	0	0	0	0	0	0	0	0	0	0	0	0	0	0	0	0	0	0	0	11.01136	0	0	0	0	8.57402	0	0	0	0	0	11.28068	8.57591	0	0	0	0	0	0	0	0	0	0	0	0	0	0	0	0	0	0	0	0	0	0	0	0	0	0	0	0	0	0	0	0	0	0	0	0	0	0	4.74796	0	
0	0	0	0	0	0	0	0	0	0	0	0	0	0	0	0	0	0	0	0	0	0	0	0	0	0	0	0	0	0	0	0	0	0	0	0	0	0	0	0	0	0	7.99565	0	0	0	0	0	0	8.43503	0	8.38514	0	7.33714	0	0	0	0	0	0	0	0	0	0	11.35995	0	0	0	0	0	0	0	0	0	0	0	15.25705	0	0	0	0	0	0	0	0	0	0	0	0	0	0	0	0	0	0	0	0	0	0	0	
0	0	0	0	0	0	0	0	0	0	0	0	13.59312	0	0	0	0	0	0	0	0	0	0	0	0	0	0	0	0	0	10.34596	0	0	0	0	0	0	0	0	0	0	0	9.17042	0	0	0	0	6.50068	0	0	13.39295	0	0	8.30219	2.16434	0	9.79433	0	0	0	0	0	0	8.06429	11.18448	8.62945	0	0	0	0	0	0	0	0	0	0	0	0	0	0	0	0	0	0	0	0	0	0	0	0	0	0	0	0	0	0	0	0	0	0	
0	0	0	0	0	0	0	0	0	0	0	0	0	0	0	0	0	0	0	0	0	0	0	0	0	0	0	0	0	0	0	0	0	0	0	0	0	0	0	0	0	0	0	0	0	10.01671	2.31617	0	3.517	12.47309	0.58256	7.44204	7.74923	0	9.32597	5.86578	0	0	0	0	12.95859	0	0	0	0	0	0	0	0	6.55166	0	0	0	0	0	0	4.18416	0	0	0	0	0	0	0	0	0	0	0	0	0	0	0	0	0	0	0	0	0	0	0	
0	0	0	0	0	0	0	0	0	0	0	0	0	0	0	9.41908	0	0	0	0	0	0	0	0	0	0	0	0	0	0	0	0	0	0	0	3.94747	11.86375	0	0	0	0	0	0	7.18268	0	10.25843	7.69002	8.64567	5.29677	8.21442	0	0	3.74823	0	11.68564	0	0	0	0	6.53204	0	9.72073	0	2.45354	0	7.30573	0	0	11.47435	0	6.29668	0	0	0	0	10.31973	0	0.58256	0	2.31617	0	0	0	0	0	0	0	0	0	0	7.72416	0	0	0	0	0	0	0	0	0	
0	0	0	0	0	0	0	0	0	0	0	0	0	0	0	0	0	0	0	0	0	0	0	0	0	0	10.8785	0	0	0	0	2.69435	0	0	4.89993	0	0	0	0	0	11.46914	0	0	0	0	0	0	0	8.62257	1.31759	3.85128	10.16148	9.28973	0	9.13365	0	11.46499	0	2.16434	0	7.27825	6.58541	0	0	0	7.7905	0	0	0	0	0	0	0	9.60936	0	0	0	0	0	0	0	0	0	0	0	0	0	0	0	0	0	0	0	0	0	0	2.90066	0	0	0	
0	0	0	0	0	0	0	0	0	0	0	0	0	0	0	0	0	0	0	13.66058	0	0	0	0	0	0	0	0	0	0	0	0	0	0	0	0	0	0	0	0	0	0	0	12.96369	0	0	12.96372	11.25608	11.13108	0	8.14511	8.18627	10.76677	0	0	0	12.60337	0	0	8.61582	6.13995	0	0	12.26076	0	9.66612	0	7.26898	0	0	0	0	0	0	0	0	0	0	0	0	0	0	0	0	0	0	0	0	0	0	9.47198	0	0	0	0	0	0	0	0	0	
0	0	0	0	0	0	0	0	0	0	0	0	6.60021	0	0	0	0	0	0	9.25491	0	0	0	0	0	0	0	0	0	0	0	0	0	5.65101	0	0	0	0	0	0	0	8.73765	12.91595	0	8.72419	0	0	2.25635	12.31811	0	4.45256	8.26696	8.7982	7.55844	10.22557	0	5.06969	4.5296	6.69521	0	0	0	0	0	3.16353	0	0	0	0	0	0	0	0	0	0	0	0	0	12.1481	5.88774	0	0	0	0	0	0	0	0	0	0	0	0	0	0	0	0	0	0	0	0	
0	0	0	0	0	0	0	0	0	0	0	0	0	0	0	0	0	0	0	0	0	0	0	15.77299	0	0	0	0	0	0	0	0	0	0	0	0	0	0	12.00927	0	0	0	8.69893	9.83909	0	0	10.72686	5.14955	0	7.77011	10.25373	7.60257	0	0	0	0	0	4.59689	15.39778	10.76182	10.94955	0	0	0	8.00126	0	0	0	0	0	0	0	0	0	0	0	0	0	0	0	0	0	0	0	0	0	0	0	0	0	0	0	0	0	0	0	0	0	0	0	
0	0	8.97581	0	0	0	0	0	0	0	0	0	0	0	0	0	0	0	0	0	0	0	0	0	0	0	0	0	0	0	0	0	0	0	0	0	0	0	0	0	9.78926	0	0	0	0	9.3635	0	5.75961	8.90571	11.94144	0	9.60844	10.76347	9.65698	0.58256	8.86473	0	0	9.36241	0	7.41064	0	8.51639	9.87316	0	0	0	0	0	0	0	7.04846	0	0	0	0	3.99326	0	0	0	0	0	0	0	0	0	0	0	0	0	0	0	0	0	0	0	0	0	0	0	
0	0	0	0	0	0	0	0	0	0	0	9.23956	0	0	0	0	0	0	0	0	0	0	0	0	0	0	0	0	0	0	0	0	6.03731	0	0	0	0	8.90784	13.39093	8.06697	5.65116	7.15746	0	0	12.94367	7.43948	12.17827	10.51111	10.72144	0	10.51833	0	8.44309	5.00191	0	9.83306	4.13804	12.33468	0	0	0	0	0	0	0	0	0	8.14258	0	0	0	0	6.30578	0	0	10.36295	0	0	10.99492	0	0	0	0	0	0	0	0	0	0	0	0	0	0	0	0	8.80947	0	0	0	0	
0	0	0	0	0	0	0	0	0	0	0	0	0	0	0	0	0	0	0	0	0	0	0	0	0	0	0	0	0	0	0	0	0	0	1.99462	7.41466	0	0	0	6.79377	0	13.49564	0	10.78935	15.13872	10.19449	7.28776	7.92377	5.35169	10.64674	10.26176	10.27068	6.35921	8.8039	0	0	9.29445	0	0	6.09882	8.65638	0	0.99639	0	0	0	0	0	0	0	0	0	0	0	0	0	0	0	2.80118	0	0	0	0	0	0	0	0	8.43369	0	0	0	0	0	0	0	0	0	0	0	0	
0	0	0	0	0	0	0	0	9.8846	0	10.15394	0	0	0	0	0	0	0	0	0	0	0	0	0	0	0	10.49166	0	0	0	0	0	0	0	0	0	0	11.60798	12.6021	0	10.38441	7.5046	0	9.68106	1.99462	11.86999	9.72813	7.41943	10.07634	10.82881	0	7.3514	0	0	0	0	9.20439	8.43991	0	0	0	0	1.31759	0	0	0	14.35067	0	0	0	0	0	0	0	0	0	0	0	0	0	0	0	0	0	0	0	0	0	0	0	0	0	0	9.21199	0	0	0	0	0	0	
0	0	0	0	0	0	0	0	0	0	0	10.18449	0	0	15.29539	0	0	0	0	0	0	0	0	0	0	0	0	0	0	0	0	12.51869	0	0	5.86329	0	11.33238	0	0	10.6929	6.80665	0	9.69844	11.69976	9.96503	8.78772	10.92546	9.1188	4.69792	9.35988	7.0348	9.95125	10.20214	7.98044	0	4.99303	9.92332	0	0	10.47208	6.40228	5.13592	0	5.99292	0	0	0	0	0	0	0	0	0	0	0	6.72153	0	0	0	0	0	0	0	4.16313	0	0	0	0	0	0	0	0	0	0	0	0	0	0	0	0	
0	0	0	0	0	0	0	0	0	0	0	0	12.85728	0	0	0	0	0	0	0	0	0	0	0	0	0	0	0	0	10.26893	0	0	7.18761	0	2.69435	0	12.11126	0	12.60694	10.28973	10.78619	10.11499	11.07352	10.38282	10.23966	5.46144	9.91874	10.5393	7.67232	9.88804	9.63431	11.42038	10.87622	6.01333	6.64937	7.63131	8.04135	0	0	8.95716	0.99639	0	0	0	0	0	0	0	0	0	0	0	0	9.48322	0	0	0	0	0	0	9.69101	0	0	0	0	0	0	0	0	0	0	0	0	0	0	0	0	0	0	0	
0	0	0	0	0	0	0	13.47176	0	0	0	9.99211	0	0	0	0	0	0	0	0	0	0	0	0	0	0	0	8.68805	0	0	5.35053	0	12.47977	0	0	0	5.66537	7.06967	9.79155	11.15984	9.79974	6.68209	0	11.0838	10.52896	10.52054	9.45046	9.87803	11.18961	10.60826	6.15431	9.6012	9.86856	10.61852	8.73715	6.87742	11.51343	4.82957	5.37358	9.04674	6.40354	12.58386	4.82595	0	9.91465	0	0	0	0	0	0	0	0	11.87009	0	0	0	0	0	0	0	0	0	0	0	0	0	0	0	0	0	0	0	0	0	0	0	0	0	0	
12.67723	0	0	0	0	0	0	0	8.14278	0	0	0	8.00964	0	0	0	0	0	0	0	0	0	0	0	11.74289	0	0	9.00963	0	0	0	0	15.46175	0	11.54133	8.75769	0	5.50076	10.62458	7.70583	5.92366	9.93605	5.57402	9.42875	11.69849	10.16286	9.65614	10.3057	7.36212	5.49444	10.75732	5.91223	6.34016	5.12836	10.84739	9.25861	8.32374	5.3364	0	11.31913	0	1.31759	0	5.44799	0	8.76925	0	0	0	0	0	0	0	0	0	0	0	0	0	0	0	0	4.07934	0	0	11.55547	0	0	0	0	0	0	0	0	0	0	0	0	0	0	
0	0	0	10.97295	0	0	0	0	0	0	0	0	0	0	0	0	0	0	8.23123	0	0	12.06326	0	4.721	12.08207	10.26661	0	0	10.15394	10.05621	12.99771	0	13.21688	0	0	0	0	9.89178	11.45571	9.30176	9.05513	7.04803	9.82448	9.68796	9.03097	10.1749	8.85447	9.39831	10.26846	7.63849	9.83905	9.06062	10.1031	6.23991	6.62186	9.47593	0	3.18397	5.78384	8.89075	0	3.16353	10.54452	0	0	0	0	0	0	3.94747	0	0	5.29677	0	1.99462	9.11694	12.59225	4.721	0	0	0	0	0	0	0	0	0	0	0	0	0	0	0	0	0	0	0	0	0	0	
9.84456	0	0	0	12.24887	8.00103	0	0	0	0	0	0	0	0	0	0	0	11.48991	0	0	0	0	0	0	10.93606	0	9.75195	8.0227	0	13.90873	10.81059	0	0	0	11.4417	10.84417	6.35178	11.02236	12.29858	10.2785	7.83059	9.46007	11.19335	9.61903	9.82101	9.5244	10.3278	9.95245	8.97174	10.82607	5.40599	10.44794	10.09413	7.27987	10.06244	9.02623	8.6019	3.38804	7.60076	9.75817	8.3722	0	5.55827	6.70712	10.13364	11.29516	8.2936	0	0	0	0	0	0	0	5.41924	0	0	0	0	0	0	0	0	0	0	0	0	0	0	0	0	0	0	0	0	0	0	0	0	0	
0	0	0	0	0	0	0	0	8.1925	0	8.40857	0	0	0	0	0	9.88156	13.25461	10.37002	8.77909	9.71135	6.01011	0	0	0	11.63034	0	10.10003	10.47108	12.11774	0	10.98752	12.99087	8.00773	10.21791	10.11445	8.8262	7.4387	10.9234	11.09577	9.68168	9.63618	4.73255	9.42246	10.11238	8.76646	9.4255	9.40996	9.10339	7.7893	9.40604	11.2999	8.72954	8.54854	5.52285	6.1636	4.77854	9.19249	0	11.10068	5.95669	8.82413	8.27975	0	8.22436	12.11531	3.85128	0	0	0	0	4.27858	0	0	7.87242	0	0	0	9.41803	0	0	0	0	0	0	6.91173	0	0	0	0	0	0	0	0	0	3.90017	0	0	0	0	
0	10.30909	0	0	3.31545	8.73091	0	0	0	0	0	0	0	0	6.41074	11.09413	0	10.64207	10.30575	0	5.43592	0	4.97032	0	0	0	0	0	10.47471	9.08293	8.45195	0	11.33683	4.35792	10.36894	8.97964	9.04643	10.15548	8.73138	9.86994	8.81491	7.91548	8.53652	8.6583	9.44726	6.91093	8.33388	9.55981	8.68912	8.33426	7.78232	8.05061	7.83964	6.05417	7.98443	8.34209	6.06973	6.18168	8.94814	6.69563	0	9.24391	0	11.52735	10.34917	0	4.22228	6.88768	0	0	0	0	0	0	0	3.16353	0	0	0	0	8.82069	0	0	0	0	0	0	0	0	0	0	0	0	0	0	0	0	0	0	0	
0	10.57824	8.00964	0	9.91096	0	0	0	0	0	7.43579	0	0	0	8.50458	5.74783	0	6.81305	0	0	7.93828	4.03764	9.12289	9.87313	10.02417	8.72584	0	5.54387	9.82807	8.12131	13.03626	10.36295	11.2058	11.51823	9.43269	5.50864	8.58723	9.17725	7.7629	9.22832	8.00742	8.7166	7.60217	7.40216	7.60473	7.42288	9.16987	7.7736	9.37458	8.0937	7.83384	9.25195	8.14933	8.20536	7.84113	6.37807	8.28329	5.15976	6.46304	8.25961	0	6.7452	9.9043	10.32959	2.62989	2.99371	0	0	0	0	0	7.20201	0	0	8.2736	0	5.31491	0	0	0	0	0	0	4.46104	0	1.90034	0	0	0	0	0	0	0	0	0	0	0	0	0	0	
0	0	0	0	0	0	0	0	7.44817	0	10.46499	12.69053	0	0	0	0	0	0	10.0915	0	9.57778	0	0	0	0	10.25784	10.48956	0	4.08069	10.55744	7.62419	8.9586	7.13751	9.19247	9.32792	10.11058	7.94264	8.93085	8.95962	9.86959	6.45358	8.93631	8.45778	7.4771	8.1497	7.01158	7.79638	8.27755	9.14679	9.13008	8.90057	7.95346	7.84836	8.44459	7.28822	8.97098	7.88171	8.78396	10.40167	8.15525	10.95584	5.11132	9.95354	6.22089	0	8.04228	0	9.36481	0	0	0	0	0	0	0	0	0	0	0	0	0	7.76102	0	0	0	0	0	9.31472	7.7002	7.63309	0	0	0	0	0	0	0	0	0	0	
0	0	0	0	0	0	0	0	12.15252	8.20472	0	4.24111	0	12.96426	0	0	0	7.83204	8.14003	3.85994	0	0	0	8.24409	8.89821	8.20472	1.99462	9.8261	7.26025	11.23934	0	7.12865	9.92561	4.73185	5.46007	9.4328	9.37629	7.33832	6.52716	6.29954	7.20462	9.8077	8.19466	9.42559	6.95414	7.94479	7.87323	8.10116	7.01631	8.73907	8.71711	6.86376	7.24579	7.19546	8.28466	7.71053	6.12657	7.03731	10.77703	6.43431	7.49196	9.19013	9.62988	6.50068	1.34718	10.19397	11.41802	0	0	0	0	0	0	9.69931	8.15522	0	0	0	13.20188	0	0	0	0	0	0	0	0	0	7.91765	0	2.45354	0	0	0	0	0	0	0	0	0	
0	0	10.47461	7.55483	0	4.63695	0	2.31617	6.55512	0	0	0	0	0	0	0	0	7.67885	0	0	0	0	0	10.93789	0	6.04819	0	9.22854	7.31026	7.73937	0	8.41768	0	8.38084	5.64748	8.3385	7.82631	7.40303	2.71588	8.31747	9.84169	9.1708	6.73312	7.74487	7.90855	8.57327	7.52372	8.96797	8.12288	8.72198	7.29614	8.10466	8.53177	7.97975	8.07847	5.9236	7.96658	8.87515	7.82291	6.17261	10.24659	8.20122	7.46869	11.0307	5.74907	0	0	5.73703	1.31759	3.85178	4.09506	0	8.82729	0	0.99731	0	7.23149	0	0	0	0	0	4.39511	0	0	0	0	0	0	0	0	0	0	0	0	0	0	0	0	0	
0	0	0	0	0	0	0	0	1.31759	0	10.18818	8.3215	8.91332	0	11.74477	0	0	8.05892	0	7.36789	0	0	0	0	0	0	7.40647	6.03731	6.59061	0	9.0683	8.26387	6.94499	8.3757	5.57544	8.10062	9.28974	8.31776	8.85598	8.5842	8.9024	6.5325	5.99602	6.82222	6.77473	8.91267	6.12406	5.61257	8.20214	6.26471	7.29379	9.24304	8.6904	7.06233	7.99161	7.68761	6.48034	8.00432	9.20369	6.83343	8.67008	5.02188	5.93363	6.60351	0.99639	6.68247	6.36793	3.49068	0	0	7.06432	0	6.50892	2.97356	0	13.92507	0	0	0	0	0	0	0	0	0	0	0	0	6.13293	0	0	0	0	0	0	0	0	0	0	0	
0	0	0	0	0	0	0	0	0	10.46499	0	0	9.50061	0	0	0	0	0	0	0	0	0	0	9.32652	0	0	9.52486	0	0	4.74187	6.32828	0	0	6.21661	8.77746	8.64208	6.22172	0	4.3151	9.37652	4.11919	10.55601	5.45801	6.83029	9.22325	8.91996	7.92062	6.0664	9.51782	5.721	7.01529	9.00088	6.95872	7.29242	9.32187	7.05278	7.82856	7.0181	4.42594	6.93889	7.81748	6.48415	3.87278	9.60161	7.88495	4.69927	8.06161	11.05181	8.23322	0	0	15.76481	0	3.94747	0	2.45354	8.81459	0	0	0	0	0	0	0	11.42717	0	0	2.31617	0	0	0	8.14511	0	0	0	0	9.00265	0	0	0	
0	0	0	0	0	0	0	0	0	0	0	11.42874	0	0	0	0	0	7.41872	11.8597	0	0	0	0	1.80223	0	0	0	6.25029	0	0	0	0	4.79807	6.26532	5.91577	0	3.95317	8.21884	2.55077	1.58015	7.91028	9.17803	7.33258	3.04539	0	7.08337	7.89742	5.10279	7.83852	6.48817	7.28996	10.1803	8.26211	4.99769	6.50918	5.25054	6.56245	7.00424	7.1409	8.09066	7.00664	5.78203	0	5.38135	10.77848	0	6.01303	8.30344	6.80665	8.02908	0	0	10.22223	2.57896	0	10.67053	0	9.28514	0	0	0	5.72753	0	0	0	0	0	0	0	0	0	0	0	0	0	0	0	0	0	0	
0	0	0	0	6.42939	0	0	0	0	0	8.3722	0	5.35053	0	0	9.66965	0	0	7.86011	0	5.66239	6.01528	0	0	0	9.60107	6.22172	0	0	5.27006	0	7.90287	10.0283	0	0	7.98152	10.42326	5.01539	10.52517	9.65827	6.51256	9.49664	7.43048	7.94412	3.21792	7.54511	11.79229	5.34689	7.65183	9.3622	8.30376	4.89485	8.50347	6.8666	6.24786	7.63341	6.07924	8.50229	3.90551	9.3826	5.92138	8.06564	6.31133	5.81557	7.96981	0	7.15093	10.68556	0	0	9.4185	7.03178	8.27796	10.89502	7.57003	0	5.13405	0	0	0	6.98155	0	0	1.31759	0	0.99639	0	0	0	0.58256	0	0	0	0	0	0	0	0	0	0	
0	0	0	0	0	0	0	0	0	0	0	6.9295	1.58177	0	0	9.01241	0	0	0	3.24149	5.22182	0	0.99639	0	0	0	0	0	0	6.2811	6.50858	5.34738	0	0	0	8.56836	0	0	0	2.80118	4.26853	7.45456	4.14065	4.99273	7.11487	4.88197	6.38501	6.20492	6.6465	5.09695	0	0	7.49041	8.28615	0.58256	7.87601	6.81599	6.98059	7.18288	6.17244	9.32291	6.15571	8.22828	8.02486	6.22946	7.29757	3.45289	8.34141	0.58256	8.90109	0	6.74493	7.39384	10.33822	11.21952	0	3.80067	0	7.75439	0	0	0	0	0	0	0	0	0	0	0	0	0	0	0	0	0	0	0	0	0	
0	0	0	7.69674	0	0	0	0	0	0	0	0	0	0	0	0	0.58256	0	0	0	0	0	8.74101	0	0	0	6.36305	8.19998	9.25491	7.95862	0	0	0	0	0	12.64991	0	1.31759	5.70719	2.06125	4.579	0	3.3858	0	2.8512	11.48716	6.87717	6.41915	6.74407	6.16199	5.4891	7.25747	9.20992	7.934	7.34759	7.24996	8.60111	5.9839	6.2206	8.63808	8.90954	9.01099	8.971	8.7862	6.17847	7.81495	6.0986	10.02348	14.01803	8.85025	4.12393	7.88245	6.10122	3.30797	6.57223	0	11.31643	0	6.09505	9.05891	0.99639	7.51248	10.56077	0	0	1.80223	0	0	0	0	0	0	0	0	0	0	0	0.58256	0	8.28974	
0	0	4.10114	0	0	0	0	0	0	0	0	0	0	0	0	0	0	0	0	0	6.23131	0	0	0	0	10.1721	0	8.61758	0	11.7935	0	11.63711	10.72582	0	7.13751	0	0	8.38106	6.18648	0	8.51639	0	0	6.94312	11.99896	9.6863	3.29335	3.75998	3.31545	5.38977	9.18095	8.30344	7.7515	8.41732	6.3964	7.68577	0	6.40841	7.21801	5.5897	2.71507	5.80905	5.81976	2.02046	4.70323	7.01674	5.43114	0	7.54701	5.28363	4.82832	7.1391	7.99257	7.64523	0.58256	0	5.47815	0	3.51105	7.15273	0	5.3654	0	0	0	0	0	0	8.43047	0	0	0	0	0	0	0	3.6938	0	0	0	
0	0	0	0	0.58256	0	0	0	0	0	0	0	9.22164	0	0	0	0	0	0	0	6.25968	4.60781	0	0	0	0	0	7.38259	0	0	0	0	10.78519	0	0	0	4.03764	0	5.82582	7.6403	0	0	5.47335	0	8.39371	0	6.41337	8.92356	3.517	4.23639	6.46049	5.41009	9.81538	6.98629	8.41327	1.58177	0	5.04323	4.27376	1.28948	7.6704	8.14946	8.50201	6.92394	6.06641	9.22127	5.74138	6.67787	5.88016	6.4608	7.90114	0	0	9.56025	0	6.90276	4.9904	6.43661	0	0	0	0	0	0	8.71904	0.58256	0	0	0	0	0	0	0	0	0	0	7.34158	0	0	0	
0	0	0	0	0	0	0	0	8.38729	0	0	0	8.15522	0	0	0	9.35476	9.82336	5.78735	0	0	0	0	0	5.76588	0	0	0	0	0	0	0	0	0	7.14767	7.99283	0	4.92378	0	0	0	0	7.88462	12.15347	0	8.21311	10.17892	6.31482	0	5.08119	0	9.07895	11.37678	8.05841	0	4.94723	0	6.08027	0	5.85456	7.63027	7.89972	7.06037	9.11435	5.71064	6.83574	6.43562	6.24349	10.7169	6.85988	7.55376	3.53765	6.88262	7.18761	7.76127	5.58492	8.92208	10.39155	0	0.58256	10.14319	1.31759	9.85421	0	2.89775	0	8.25492	4.16313	6.46862	0	1.84479	0	0	9.1686	0	0	0	0	0	0	
0	0	0	0	0	0	0	0	0	0	0	0	0	0	0	0	0	0	0	0	7.10842	0	0	0	0	0	0	0	0	5.9587	0	0	0	0	7.38517	0	0	0	0	0	9.2144	0	9.01796	8.63487	5.36648	0	0	1.80223	5.12229	6.3266	10.72498	0	0	2.13929	3.31178	7.17636	0	0	8.07164	8.46224	10.0131	6.15921	5.24205	5.5821	7.0659	7.90818	2.01286	4.74896	5.36991	5.54599	9.19697	6.83524	5.11266	5.61758	5.17072	0	2.35253	0	4.67141	0	0	0	1.31759	0	0	0	6.31038	0	0	0	0	0	0	0	0	0	0	0	0	0	
0	0	0	0	7.88765	0	0	0	0	0	0	5.60766	0	3.74823	0	0	0	0	0	0	0	0	0	0	0	0	0	0	0	0	0	0	0	0	0	0	0	0	0	7.6184	0	0	5.27839	0	4.29823	0	1.65611	4.89993	0	0	5.33283	0	0	0	9.55506	0	0	0.99639	0	7.85392	7.71423	1.04942	7.00815	7.41609	7.60183	0	1.92564	4.91338	10.06599	7.399	8.30103	9.58718	9.15368	6.26911	0	0	4.16292	4.45256	7.41022	6.57031	6.16283	7.83204	2.16434	0	0.58256	0	7.30573	12.26154	0	4.9398	0	0	0	0	5.20245	0	0	0	0	0	
0	0	0	0	0	0	0	0	0	0	0	0	0	0	0	0	0	5.50774	0	0	0	8.78886	8.48267	0	0	0	10.12274	0	0	0	0	0	0	7.54356	7.22628	0	0	0	0	0	0	0	0	0	0	0	0	0	0.99639	0	4.74796	0	0	0	0	9.0574	9.60648	9.74892	4.57807	7.39799	0	6.24192	5.24007	0	9.06678	7.05906	8.83519	6.2944	5.44811	3.44687	7.70525	6.24191	5.74313	3.94383	9.07103	6.90426	6.23343	0	8.85391	10.14203	0	0	6.65372	0	6.51645	8.38922	0	5.9587	0	9.95978	0	0	0	0	0	0	9.43552	0	0	0	
0	0	0	0	0	0	0	0	7.46867	0	0	0	0	0	0	0	0	0	0	0	0	0	0	0	0	0	0	3.6938	0	0	0	0	0	0	0	0	0	0	0	9.71857	0	0	0	0	0	4.08069	0	6.10143	9.92281	0	0	11.37219	0	0	0	0	0	0	9.46457	0	9.75549	0	7.51046	10.36443	7.44268	6.88315	6.36752	0	0	6.17908	8.47559	4.38547	7.94856	7.05528	6.04767	7.86214	1.81862	0	5.6368	7.51696	6.03106	6.69946	10.72879	8.71887	9.49226	0	0	0	0	0	7.85702	0	10.31273	0	0	0	0	0	0	0	
0	0	0	0	0	0	0	0	0	0	0	0	0	10.22942	0	0	0	0	0	0.99639	0	0	0	0	0	3.55855	0	0	0	0	0	0	0	0	8.02901	0	0	7.14815	0	0	9.46042	0	4.08069	9.24548	7.87853	0	0	0	0	0	5.59287	6.39377	0	0	6.60021	0	0	0	0	6.90058	4.39053	0	5.70323	8.61121	6.94123	4.19806	9.35747	8.85546	0	4.92515	5.84211	0	5.91544	5.36682	10.273	6.94015	5.18958	5.42629	7.51868	4.47909	0	6.92685	9.10134	4.50306	4.03245	0	0	7.08561	5.13283	0	1.58015	0	0	7.7002	0	0	0	0	4.53161	0	
0	0	0	0	0	0	0	0.58256	0	0	0	0	0	0	0	0	0	0	0	0	0	0	7.7002	0	0	0	0	0	7.95573	0	0	0	0	0	9.05368	0	0	4.60781	0	0	0	0.29128	0	0	0	0	3.67959	0	0	0	0	0	8.40857	0	0	0	6.70857	5.35053	0	4.21505	9.15757	0	0	6.15346	0	7.05895	0	7.20308	6.38657	8.90421	7.50056	6.51523	8.33712	5.14206	7.61855	6.69219	4.34316	0.99639	6.75344	6.62529	6.96312	7.62202	5.79718	0	4.24653	0	1.31759	4.8502	0	0	9.8082	7.82677	0	0	0	0	8.53779	0	0	0	
0	0	0	0	0	0	0	0	1.31759	0	0	0	0	0	0	0	0	0	0	0	0	0	0	0	0	0	0	0	0	0	0	0	0	0	0	0	0	5.23455	0	0	0	0	0	0	0	0	0	0	0	3.45289	0	4.86847	0	3.85147	0	0	5.35053	5.60962	0	0	6.6653	0	10.99246	13.30803	6.87551	6.07005	0	0	8.92253	7.18943	0	4.08069	6.16362	9.90187	7.05917	7.69384	0	3.17103	4.36363	6.10574	3.12099	9.88079	7.09089	0	0	0	6.03607	0	0	0	0	0	5.28932	8.56529	11.34154	0	0	0	0	0	
0	0	0	0	0	0	0	8.94119	0	0	0	0	0	0	0	0	0	0	0	0	0	0	0	0	0	0	0	0	0	0	0	0	0	0	0	0	0	4.05997	0	7.89672	0	0	0	0	0	0	0	0	0	0	3.82419	0	0	10.79573	7.39658	0	0	7.42793	9.04946	11.41907	0	1.58015	0	7.82722	9.09181	10.30115	0	0	8.41545	3.1587	8.1371	6.0827	4.28956	6.93464	4.77443	7.3892	7.98597	0	8.73087	7.92149	8.27696	10.45531	3.3604	7.70552	0.99639	0	0	0.19419	0	0	5.66537	0	0	0	0	1.64908	0	0	0	0	
0	0	0	0	0	0	0	0	0	0	0	0	0	0	0	0	0	0	0	0	0	0	0	0	0	9.52029	0	0	0	0	0	0	0	0	0	0	0	2.31617	0	0	0	0	0	0	10.58199	0	0	0	7.98152	0	0	0	0	0	0	2.69435	0	0	0	0	0	0	8.70798	0	0	5.58234	5.50202	7.58377	0	6.9458	1.08217	0	6.66518	0	8.62763	6.36423	7.05895	6.15816	5.45064	6.84006	2.73844	0	5.86368	0	6.35921	5.97572	0	0	0	0	8.60569	0	0	0	0	0	0	3.31545	0	0	
0	0	0	0	0	0	0	0	0	0	0	0	7.74773	0	0	0	0	0	0	0	0	0	0	0	0	0	0	0	0	0	0	0	0	0	0	0	0	0	0	0	0	0	0	0	0	0	0	6.70023	0	0	4.89993	0	9.43368	0	0	0	0	0	0	4.60208	0	0	0	5.16485	4.69352	8.94847	9.72317	0	10.63802	0	0	9.64745	0	0	0	2.67542	8.30354	8.95323	6.97648	5.11157	0	6.71493	4.17604	2.79379	6.33725	6.59061	7.24408	0	9.22763	0	0	0	0	7.05355	0	0	0	0	0	0	
0	0	0	0	0	0	0	0	0	0	0	0	0	0	0	0	0	0	0	0	0	0	0	0	0	0	0	0	0	0	0	0	9.06294	0	0	0	0	0	0	0	4.51668	0	0	0	0	0	0	0	0	0	0	0	0	0	0	0	6.97428	0	0	0	7.84205	0	0	5.71521	0	8.69845	0	0	6.48107	0	0	0	11.28052	0	0	5.40236	0	0	5.23729	9.18464	6.18695	6.83207	10.41487	0	6.80665	0	0	0	0.58256	0.58256	6.10779	5.54398	5.21078	0	0	0	0	0	0	0	
0	0	0	0	0	0	0	2.04391	0	0	0	0	0	0	0	0	0	0	0	0	0	0	0	0	0	0	0	5.60766	0	0	0	0	0	0	0	0	0	0	0	0	0	0	0	0	0	0	0	0	0	0	0	0	0	0	0	0	0	0	0	0	0	0	0	0	0	0	0	0	0	0	3.30677	2.92822	6.30791	0.99639	0	10.12145	10.46702	0	10.02089	3.80067	0	6.106	0	7.38086	0.99639	9.04606	0	8.64746	0	0	0	1.80223	0	0	0	8.92208	0	0	0	0	
0	0	0	0	0	0	0	0	0	0	0	0	0	0	0	0	0	0	0	0	4.721	0	0	0	0	0	0	0	0	0	2.16434	0	0	0	0	0	0	0	0	0	0	0	0	0	0	0	0	0	0	0	0	0	0	0	0	0	0	0	0	12.23851	0	0	0	0	6.41074	9.17024	10.38888	7.8431	0	0	0	0	0	0	0	2.90066	4.08877	0	0	0	3.24637	0	0	0	5.68252	6.67937	7.73885	5.0602	10.0283	0	6.00414	7.31026	8.38729	3.94747	0	7.05355	0	0	0	0	
0	0	0	0	0	0	0	0	0	0	0	0	0	0	0	0	0	0	0	0	0	0	0	0	0	0	0	0	0	0	0	0	0	0	0	0	0	0	0	0	0	0	0	0	0	0	0	0	4.80042	0	0	0	0	0	0	0	0	0	0	0	0	0	0	0	0	0	0	0	0	7.75106	9.00125	8.71563	7.3236	0	9.1489	8.08294	0	10.96183	0.58256	0	0	7.75439	7.44817	0	4.35782	0	4.4194	0	0	8.30949	0	3.11096	1.90034	0	5.10154	0	0	0	0	0	
0	0	0	0	0	0	0	0	0	0	0	0	0	0	0	7.78048	0	0	0	0	0	0	0	0	0	0	0	0	0	0	0	0	0	0	7.65105	0	0	0	0	0	0	0	0	0	0	0	0	0	0	0	0	0	0	0	0	0	0	0	0	0	0	0	0	0	0	0	0	6.11185	0	0	0	0	0	8.53779	0	0	0	6.07569	0	0	0	1.31759	0	0	3.27926	0	5.39782	4.09935	8.00406	9.51947	10.0331	0	8.16275	0	0	0	0	0	0	0	
0	0	0	0	0	0	0	0	0	0	0	0	0	0	0	0	0	0	0	0	0	0	0	0	0	0	0	0	0	0	0	0	0	0	0	0	0	0	0	0	0	0	0	0	0	0	0	0	7.87242	0	0	0	0	0	0	0	0	0	0	12.19753	0	0	0	0	0	5.34119	0	0	0	0	0	5.14276	0	0	0	0	0	11.4693	0	4.91717	11.02175	0	0	9.48967	0	0	0	0	0	0	0	0	0	0	0	0	0	0	0	0	
0	0	0	0	0	0	0	0	0	0	0	0	0	0	0	0	0	0	0	2.90066	0	0	0	0	0	0	0	0	0	0	0	0	0	0	0	0	0	0	0	0	0	0	0	0	0	0	0	0	0	0	0	0	0	0	0	2.714	0	0	12.21545	0	0	0	0	0	4.94723	0	0	0	0	0	0	8.16526	0	7.87242	0	0	6.6295	0	0	0	5.69782	5.09405	5.46206	7.24135	0	0	0	7.39799	7.76266	0	5.08048	11.46347	11.71326	0	0	0	0	0	0	0	
0	0	0	0	0	0	0	0	0	0	0	0	0	0	0	0	0	0	0	0	0	0	0	0	0	0	0	0	0	0	0	0	0	0	0	0	0	0	0	0	0	0	0	0	0	0	0	0	0	0	0	0	0	0	0	0	0	0	0	0	0	0	0	0	0	0	0	0	0	0	0	0	0	0	0	0	0	0	0	0	0	0	0	0	0	0	1.99462	0	0	0	0	9.19616	0	0	0	0	0	0	0	0	
0	0	0	0	0	0	0	0	0	0	0	0	0	0	0	0	0	0	0	0	0	0	0	0	0	0	0	0	0	0	0	0	0	0	0	0	0	0	0	0	0	0	0	0	0	0	0	0	0	0	0	0	0	0	0	0	0	0	0	0	0	0	0	0	0	0	0	0	0	0	10.13205	6.20236	0	0	0	0	0.99639	0	0	7.72755	0	0	0	9.80579	0	0	0	4.27858	0	0	7.2258	9.94118	0	0	0	0	0	0	0	0	
0	0	0	0	0	0	0	0	0	0	0	0	0	0	0	0	0	0	0	0	0	0	0	0	0	0	0	0	0	0	0	0	0	0	0	0	0	0	0	0	0	0	0	0	0	0	0	0	0	0	0	0	0	0	0	0	0	0	0	2.45354	0	0	0	0	0	0	0	0	0	0	5.38529	0	0	0	0	0	0	0	0	0	0	0	0	0	0	0	1.99462	0	0	0	0	0	0	0	0	0	0	0	0	0	
0	0	0	0	0	0	0	0	0	0	0	0	0	0	0	0	0	0	0	0	0	0	0	0	0	0	0	0	0	0	0	0	0	0	0	0	0	0	0	0	0	0	0	0	0	0	0	0	0	0	0	0	0	0	0	0	0	0	0	0	0	0	0	0	0	0	0	0	0	8.92208	10.49315	0	0	0	0	0	0	0	7.54359	0	0	0	0	0	0	0	0	0	8.62582	4.45256	0	0	0	0	0	0	0	0	0	0	
0	0	0	0	0	0	0	0	0	0	0	0	0	0	0	0	0	0	0	0	0	0	0	0	0	0	0	0	0	0	0	0	0	0	0	0	0	0	0	0	0	0	0	0	0	0	0	0	0	0	0	0	0	0	0	0	0	0	0	0	0	0	0	0	0	0	0	0	4.80042	0	0	0	0	0	0	0	0	0	0	0	0	0	0	0	0	0	2.80118	0	0	0	0	0	0	0	0	0	0	0	0	0	
0	0	0	0	0	0	0	0	0	0	0	0	0	0	0	0	0	0	0	0	0	0	0	0	0	0	0	0	0	0	0	0	0	0	0	0	0	0	0	0	0	0	0	0	0	0	0	0	0	0	0	0	0	0	0	0	0	0	8.75437	0	0	0	0	0	0	0	0	0	0	0	0	0	0	0	0	6.21207	0	0	0	0	0	0	0	0	0	0	0	0	0	0	0	0	0	0	0	0	0	0	0	0	
0	0	0	0	0	0	0	0	0	0	0	0	0	0	0	0	0	0	0	0	0	0	0	0	0	0	0	0	0	0	0	0	10.77376	0	0	0	0	0	0	0	0	0	0	0	0	0	0	0	0	0	0.99639	0	0	0	0	0	0	0	0	0	0	0	1.80223	0	0	0	0	0	0	0	0	0	0	0	0	2.45354	0	0	0	0	0	0	0	0	0	0	0	0	0	0	0	0	0	0	0	0	0	0	0	0	
0	0	0	0	0	0	0	0	0	0	0	0	0	0	0	0	0	0	0	0	0	0	0	0	0	0	0	0	0	0	0	0	0	0	0	0	0	0	0	0	0	0	0	0	0	0	0	0	0	0	0	0	0	0	0	0	0	0	0	0	0	0	0	0	0	0	0	0	0	0	0	0	0	0	0	0	0	0	0	0	0	0	0	0	0	0	0	0	0	0	0	0	0	0	0	0	0	0	0	0	
0	0	0	0	0	0	0	0	0	0	0	0	0	0	0	0	0	0	0	0	0	0	0	0	0	0	0	0	0	0	0	0	0	0	0	0	0	0	0	0	0	0	0	0	0	0	0	0	0	0	0	0	0	0	0	0	0	0	0	0	0	0	0	0	0	0	0	0	0	0	0	0	0	0	0	0	0	0	0	0	0	0	0	0	0	0	0	0	0	0	0	0	0	0	0	0	0	0	0	0	
0	0	0	0	0	0	0	0	0	0	0	0	0	0	0	0	0	0	0	0	0	0	0	0	0	0	0	0	0	0	0	0	0	0	0	0	0	0	0	0	0	0	0	0	0	0	0	0	0	0	0	0	0	0	0	0	0	0	0	0	0	0	0	0	0	0	0	0	0	0	0	0	0	0	0	0	0	0	0	0	0	0	0	0	0	0	0	0	0	0	0	0	0	0	0	0	0	0	0	0	
0	0	0	0	0	0	0	0	0	0	0	0	0	0	0	0	0	0	0	0	0	0	0	0	0	0	0	0	0	0	0	0	0	0	0	0	0	0	0	0	0	0	0	0	0	0	0	0	0	0	0	0	0	0	0	0	0	0	0	0	0	0	0	0	0	0	0	0	0	0	0	0	0	0	0	0	0	0	0	0	0	0	0	0	0	0	0	0	0	0	0	0	0	0	0	0	0	0	0	0	
0	0	0	0	0	0	0	0	0	0	0	0	0	0	0	0	0	0	0	0	0	0	0	0	0	0	0	0	0	0	0	0	0	0	0	0	0	0	0	0	0	0	0	0	0	0	0	0	0	0	0	0	0	0	0	0	0	0	0	0	0	0	0	0	0	0	0	0	0	0	0	0	0	0	0	0	0	0	0	0	0	1.80223	0	0	0	0	0	0	0	0	0	0	0	0	0	0	0	0	0	0	
0	0	0	0	0	0	0	0	0	0	0	0	0	0	0	0	0	0	0	0	0	0	0	0	0	0	0	0	0	0	0	0	0	0	0	0	0	0	0	0	0	0	0	0	0	0	0	11.9204	0	0	0	0	0	0	0	0	0	0	0	0	0	0	0	0	0	0	0	0	0	0	0	0	0	0	9.89562	0	0	0	0	0	0	0	0	0	0	0	0	0	0	0	0	0	0	0	0	0	0	0	0	0	
