0	0	0	0	0	0	0	0	0	0	0	0	0	0	0	0	0	0	0	0	0	0	0	0	0	0	0	0	0	0	0	0	0	0	0	0	0	0	0	0	0	0	0	0	0	0	0	0	0	0	0	11.8085	0	0	0	0	0	0	0	0	0	0	0	0	0	0	0	0	0	0	0	0	0	0	0	0	0	0	0	0	0	0	0	0	0	0	0	0	0	0	0	0	0	0	0	0	0	0	0	0	
0	0	0	0	0	0	0	0	0	0	0	0	0	0	0	0	0	0	0	0	0	0	0	0	0	0	0	0	0	0	0	0	0	0	0	0	0	0	0	0	0	0	0	0	0	0	0	14.99409	0	0	0	0	0	0	0	0	0	0	0	0	0	0	0	11.97467	0	0	0	0	0	0	0	0	0	0	0	0	0	0	0	0	0	0	0	0	0	0	0	0	0	0	0	0	0	0	0	0	0	0	0	0	
0	0	0	0	0	0	0	0	0	0	0	0	0	0	0	0	0	0	0	0	0	0	0	0	0	0	0	0	0	0	0	0	0	0	0	0	0	0	0	0	0	0	0	0	0	0	0	0	0	0	0	0	0	0	11.36728	0	0	0	0	0	0	0	0	0	0	0	0	0	0	0	0	0	0	0	0	0	0	0	0	0	0	0	0	0	0	0	0	0	0	0	0	0	0	0	0	0	0	0	0	0	
0	0	0	0	0	0	0	0	0	0	0	0	0	0	0	0	0	0	0	0	0	0	0	0	0	0	0	0	0	0	0	0	0	0	0	0	0	0	0	0	0	0	0	0	0	0	13.26868	7.39074	0	0	0	0	0	0	0	0	0	0	0	0	0	0	0	0	0	0	0	0	0	0	0	0	0	0	0	0	0	0	0	0	0	0	0	0	0	0	0	0	0	0	0	0	0	0	0	0	0	0	0	0	
0	0	0	0	0	0	0	0	0	0	0	0	0	0	0	0	0	0	0	0	0	0	0	0	0	0	0	0	0	0	0	0	0	0	0	0	0	4.94073	0	0	0	0	0	13.73164	0	0	0	0	0	0	0	0	0	0	0	0	0	0	0	0	0	0	0	0	0	0	0	0	0	0	0	0	0	0	0	0	0	0	0	0	0	0	0	0	0	0	0	0	0	0	0	0	0	0	0	0	0	0	0	0	
0	0	0	0	0	0	0	0	0	0	0	0	0	0	0	0	0	0	0	0	0	0	0	0	0	0	0	0	0	0	0	0	0	0	0	0	0	0	0	0	0	0	0	0	0	0	0	0	0	0	0	0	0	0	0	0	0	0	0	0	0	0	0	0	0	0	0	0	0	0	0	0	5.55208	0	0	0	0	0	0	0	0	0	0	0	0	0	0	0	0	0	0	0	0	0	0	0	0	0	0	0	
0	0	0	0	0	0	0	0	0	0	0	0	0	0	0	0	0	0	0	0	0	0	0	0	0	0	0	0	0	0	0	0	0	0	0	0	0	0	0	0	0	0	0	0	0	0	0	0	0	0	0	0	0	0	0	0	0	0	0	0	0	0	0	0	0	0	0	0	0	0	0	0	0	0	9.09122	0	0	0	0	0	0	0	0	0	0	0	0	0	0	0	0	0	0	0	0	0	0	0	0	0	
0	0	0	0	0	0	0	0	0	0	0	0	0	0	0	0	0	0	0	0	0	0	0	0	0	0	0	0	0	0	0	0	0	0	0	0	0	0	0	0	0	0	0	0	0	0	0	0	0	0	0	8.42854	0	0	0	11.67768	0	0	0	0	0	0	0	0	0	0	0	0	0	0	0	0	0	0	0	0	0	0	0	0	0	0	0	0	0	0	0	0	0	0	0	0	0	0	0	0	0	0	0	0	
0	0	0	0	0	0	0	0	0	0	0	0	0	0	0	0	0	0	0	0	0	0	0	0	0	0	0	0	6.2022	0	0	0	0	0	0	0	0	0	0	0	0	0	0	0	0	0	0	0	0	0	0	0	0	0	0	0	0	0	0	0	0	0	0	0	0	0	0	7.68227	0	0	0	0	0	0	0	0	0	0	0	0	0	0	0	0	0	0	0	0	0	0	0	0	0	0	0	0	0	0	0	0	
0	0	0	0	0	0	0	0	0	0	0	0	0	0	0	0	0	0	0	0	0	0	0	0	0	0	0	0	0	0	0	0	0	0	0	0	0	0	0	0	0	0	0	0	0	0	0	0	0	0	0	0	0	0	0	7.35195	0	0	0	0	0	0	0	0	0	0	0	0	0	0	0	0	0	0	0	0	0	0	0	0	0	0	0	0	0	0	0	0	0	0	0	0	0	0	0	0	0	0	0	0	
0	0	0	0	0	0	0	0	0	0	0	0	0	0	0	0	0	0	0	0	0	0	0	0	0	0	0	0	0	0	0	0	0	0	0	0	0	0	0	0	0	0	0	0	0	0	0	0	0	0	0	0	0	0	0	0	0	0	0	0	0	0	0	0	0	0	0	10.88574	0	0	0	0	0	0	0	0	0	0	0	0	0	0	0	0	0	0	0	0	0	0	0	0	0	0	0	0	0	0	0	0	
0	0	0	0	0	0	0	0	0	0	0	0	0	0	0	0	0	0	0	0	0	0	0	0	0	0	0	0	0	0	0	0	0	0	0	0	0	0	0	0	0	0	0	0	0	0	0	0	0	0	0	0	4.44017	0	0	0	0.37862	0	0	0	0	0	0	0	0	0	0	0	0	0	0	2.00043	0	0	0	0	0	0	0	0	0	0	0	0	0	0	0	0	0	0	0	0	0	0	0	0	0	0	0	0	
0	0	0	0	0	0	0	0	0	0	0	0	0	0	0	0	0	0	0	0	0	0	0	0	0	0	0	0	0	0	0	0	0	0	0	0	0	0	0	0	0	0	0	0	0	0	0	0	12.0716	0	0	0	13.39616	0	0	0	0	0	0	0	0	0	0	0	0	0	0	5.69266	0	0	0	0	0	0	0	0	0	0	0	0	0	0	0	0	0	0	0	0	0	0	0	0	0	0	0	0	0	0	0	0	
0	0	0	0	0	0	0	0	0	0	0	0	0	0	0	0	0	0	0	0	0	0	0	0	0	0	0	0	0	0	10.94712	0	0	0	0	0	0	0	0	9.559	0	0	0	0	0	0	0	8.1391	0	0	0	0	0	0	0	0	0	9.34132	1.48579	0	8.71722	0	0	8.22265	0	0	0	0	0	0	0	0	0	0	0	0	0	0	0	0	0	0	0	0	0	0	0	0	0	0	0	0	0	0	0	0	0	0	0	0	
0	0	0	0	0	0	0	0	0	0	0	0	0	0	0	0	0	0	0	0	0	0	0	0	0	0	0	0	0	0	0	0	0	0	0	0	0	0	0	0	0	0	0	0	0	0	0	0	0	0	0	0	0	0	5.23419	0	0	0	0	0	0	0	0	0	0	0	0	0	0	0	0	0	0	0	2.20207	0	0	0	0	0	0	0	0	0	0	0	0	0	0	0	0	0	0	0	0	0	0	0	0	0	
0	0	0	0	0	0	0	0	0	0	0	0	0	0	0	0	0	0	0	0	0	0	0	0	0	0	0	0	0	0	0	0	0	0	0	0	0	0	0	0	0	0	14.77019	0	0	0	0	0	0	0	0	0	10.03648	0	0	0	0	0	0	11.46655	0	0	0	0	0	0	0	0	0	0	0	5.18643	0	0	0	0	0	0	0	0	0	0	0	0	0	0	0	0	0	0	0	0	0	0	0	0	0	0	0	0	
0	0	0	0	0	0	0	0	0	0	0	0	0	0	0	0	0	0	0	0	0	0	0	0	0	0	0	0	0	0	0	0	0	0	0	0	0	0	0	0	0	0	0	5.44793	0	0	0	10.69626	0	0	0	6.75515	0	0	0	0	0	0	5.24717	0	0	0	0	0	0	0	0	0	0	0	0	0	0	0	0	0	0	0	0	0	0	0	0	0	0	0	0	0	0	0	0	0	0	0	0	0	0	0	0	0	
0	0	0	0	0	0	0	0	0	0	0	0	0	0	0	0	0	0	0	0	0	0	0	0	0	0	0	0	0	0	0	0	0	0	0	0	0	0	0	0	0	0	12.48	0	0	0	0	0	0	0	0	0	0	0	0	9.25324	0	0	0	0	0	0	0	0	0	0	0.67825	0	7.52414	0	0	0	0	0	0	0	0	0	0	0	0	0	0	0	0	0	0	0	0	0	0	0	0	0	0	0	0	0	0	0	
0	0	0	0	0	0	0	0	0	0	0	0	0	0	0	0	0	0	0	0	0	0	0	0	0	0	0	0	0	0	0	0	0	0	0	0	0	0	0	0	14.39863	0	0	0	0	0	0	0	0	0	0	0	0	0	0	0	0	0	0	0	0	0	0	0	0	0	0	0	0	0	0	0	0	0	0	0	0	0	0	0	0	0	0	0	0	0	0	0	0	0	0	0	0	0	0	0	0	0	0	0	
0	0	0	0	0	0	0	0	0	0	0	0	0	0	0	0	0	0	0	0	0	0	0	0	0	0	0	0	0	0	0	0	0	0	0	0	0	0	0	0	0	0	0	0	0	0	0	12.50629	0	0	5.2167	0	0	0	0	0	0	0	0	0	0	0	0	0	0	0	0	0	0	0	0	0	0	0	0	0	8.75279	0	0	0	0	0	0	0	0	0	0	0	0	0	0	0	0	0	0	0	0	0	0	0	
0	0	0	0	0	0	0	0	0	0	0	0	0	0	0	0	0	0	0	0	0	0	0	0	0	0	0	0	0	0	0	0	0	0	0	0	0	0	0	0	0	0	0	0	0	0	0	10.29887	0	0	8.23707	9.88719	0	0	0	0	7.86052	0	12.66371	0	8.54824	0	0	0	0	9.20123	0	0	0	0	0	0	0	0	0	0	0	0	0	0	0	0	0	0	0	0	0	0	0	0	0	0	0	0	0	0	0	0	0	0	
0	0	0	0	0	0	0	0	0	0	0	0	0	0	0	0	0	0	0	0	0	0	0	0	0	0	0	0	0	0	0	0	0	0	0	0	0	0	0	0	0	9.44621	0	0	0	0	0	0	0	0	0	0	0	0	0	0	0	0	0	0	0	0	0	0	0	0	0	0	0	0	0	0	0	0	0	0	0	0	0	0	0	0	0	0	0	0	0	0	0	0	0	0	0	0	0	0	0	0	0	0	
0	0	0	0	0	0	0	0	0	0	0	0	0	0	0	0	0	0	0	0	0	0	0	0	0	0	0	0	0	0	0	9.6636	0	0	0	0	0	0	0	0	0	0	0	0	0	0	0	13.64331	0	0	0	0	0	0	0	0	0	0	0	0	0	0	0	4.0795	0	0	0	0.67825	0	0	0	0	0	0	0	0	0	0	0	0	0	0	0	0	0	0	0	0	0	0	0	0	0	0	0	0	0	0	0	0	
0	0	0	0	0	0	0	0	0	0	0	0	0	0	0	0	0	0	0	0	0	0	0	0	0	0	0	0	0	0	0	8.83568	0	0	0	0	0	0	0	0	0	0	0	0	0	0	0	0	0	0	0	0	0	0	0	0	0	0	0	0	0	0	0	0	0	0	0	0	0	0	0	0	0	0	0	0	0	0	0	0	0	0	0	0	0	0	0	0	0	0	0	0	0	0	0	0	0	0	0	0	
0	0	0	0	0	0	0	0	0	0	0	0	0	0	0	0	0	0	0	0	0	0	0	0	0	0	0	0	0	0	0	0	0	0	0	0	0	0	0	0	0	0	0	10.52551	0	0	0	0	0	13.77114	0	0	0	0	7.96289	0	0	0	0	0	0	0	0	0	0	0	0	0	0	0	0	0	0	0	0	0	0	0	0	0	0	0	0	0	0	0	0	0	0	0	0	0	0	0	0	0	0	0	0	0	
0	0	0	0	0	0	0	0	0	0	0	0	0	0	0	0	0	0	0	0	0	0	0	0	0	0	0	0	0	0	0	0	3.40651	0	0	0	0	0	0	0	0	0	0	0	0	0	0	4.22551	0	0	8.56464	0	0	0	0	0	0	0	8.56777	0	0	0	0	0	0	0	0	0	0	0	4.33683	0	0	0	0	0	0	0	0	0	0	0	0	0	0	5.25847	0	0	0	0	0	0	0	0	0	0	0	0	0	0	
0	0	0	0	0	0	0	0	0	0	0	0	0	0	0	0	0	0	0	0	0	0	0	0	0	0	0	0	0	0	0	0	0	0	0	0	0	0	0	9.3055	0	0	0	0	16.51468	0	9.31912	0	0	0	0	0	0	0	0	0	0	0	0	0	0	0	0	0	0	0	0	0	0	0	0	0	0	0	0	0	0	0	0	0	0	0	0	0	0	0	0	0	0	0	0	0	0	0	0	0	0	0	0	0	
0	0	0	0	0	0	0	0	0	0	0	0	0	0	0	0	0	0	0	0	0	0	0	0	0	0	0	0	0	0	0	0	0	0	0	9.71087	0	0	0	0	0	0	0	0	0	0	0	11.4021	0	0	0	0	0	7.98594	0	0	0	0	0	0	9.64857	0	0	0	0	0	0	0	0	0	0	0	0	0	0	0	0	0	0	0	0	0	0	0	0	0	0	0	0	0	0	0	0	0	4.82329	0	0	0	0	0	
0	0	0	0	0	0	0	0	0	0	0	0	0	0	0	0	0	0	0	0	0	0	0	0	0	0	0	0	0	0	0	0	0	0	0	0	0	0	0	0	0	14.53154	0	0	0	0	0	0	0	0	0	0	0.67825	0	0	0	0	0	0	0	0	0	0	0	0	0	0	0	0	0	0	4.02734	0	0	0	0	0	0	0	0	0	0	0	0	0	0	0	0	0	0	0	0	0	0	0	0	0	0	0	0	
0	0	0	0	0	0	0	0	0	0	0	0	0	0	0	0	0	0	0	0	0	0	0	0	0	0	0	0	0	0	0	0	0	0	0	0	0	0	0	0	10.25312	0	0	0	10.58451	0	0	6.64447	0	0	0.37862	11.19792	0	0	0	11.12476	0	0	6.06018	0	7.44186	0	0	0	0	0	0	0	0	0	0	0	0	0	0	0	0	0	0	0	0	0	0	0	0	0	0	0	0	0	0	0	0	0	0	1.48579	0	0	0	0	
0	0	0	0	0	0	0	0	0	0	0	0	0	0	0	0	0	0	0	0	0	0	0	0	0	0	0	0	0	0	0	0	0	0	0	0	0	0	0	0	0	0	0	0	14.41116	0	0	0	0	4.74472	0	0	8.06828	0	0	0	0	8.01571	0	0	0	2.98236	0	0	0	0	0	0	0	0	0	0	0	0	0	0	0	0	0	0	0	0	0	0	0	0	0	0	0	0	0	0	0	0	0	0	0	0	0	0	
0	0	0	0	0	0	0	0	0	0	0	0	0	0	0	0	0	0	0	0	0	0	0	0	0	0	0	0	0	0	0	0	0	0	0	0	0	0	0	0	0	0	0	10.41727	0	0	16.30094	0	0	0	7.28134	0	0	0	0	0	0	0	0	5.03618	0	0	0	0	8.95826	0	0	6.99606	0	0	0	0	9.95332	0	0	0	2.00043	0	0	0	0	0	0	0	0	0	0	0	0	0	0	0	0	0	0	0	0	0	0	0	
0	0	0	0	0	0	0	0	0	0	0	0	0	0	0	0	0	0	0	0	0	0	0	0	0	0	0	0	0	0	0	0	0	0	0	0	0	0	0	0	0	0	0	0	0.37862	0	0	10.80817	0	0	0	9.60262	3.66729	0	0	7.14115	0	0	0	0	0	0	0	0	0	0	0	10.78259	0	0	0	0	0	10.09821	0	0	0	0	0	0	0	0	0	0	0	0	0	0	0	0	0	0	0	0	0	0	0	0	0	0	
0	0	0	0	0	0	0	0	0	0	0	0	0	0	0	0	0	0	0	0	0	0	0	0	0	0	0	0	0	0	0	0	0	0	0	0	0	14.76211	0	0	0	0	0	0	0	0	0	0	0	0	0	6.34609	0	0	11.31912	0	8.10491	0	0	2.00043	0	5.19827	0	0	0	0	0	0	0	0	0	0	0	0	5.22638	0.37862	0	0	0	0	0	0	0	0	0	0	0	0	0	0	0	0	0	0	0	0	0	0	0	0	
0	0	0	0	0	0	0	0	0	0	0	0	0	0	0	0	0	0	0	0	0	0	0	0	0	0	0	0	0	0	0	0	0	0	0	0	0	0	0	0	0	0	13.12073	0	0	8.896	0	11.86299	0	0	7.41927	0	10.73079	0	8.98414	0	0	0	0	0	0	0	0	8.28088	0	0	0	4.69544	0	0	7.96636	0	0	0	0	0	0	0	1.88795	0	0	0	0	0	0	0	0	0	0	0	0	0	0	0	0	0	0	0	0	0	
0	0	0	0	0	0	0	0	0	0	0	0	0	0	0	0	0	0	0	0	0	0	0	0	0	0	0	0	0	0	0	0	0	0	0	0	0	0	0	0	0	0	0	0	0	0	0	12.10373	12.05877	0	0	11.08943	0	0	0	0	0	0	0	0	0	0	0	0	1.13783	0	0	0	0	0	0	0	0	0	0	0	0	0	0	0	0	0	0	0	0	0	0	0	0	0	6.14217	0	0	0	0	0	0	0	0	0	
0	0	0	0	0	0	0	0	0	0	0	0	0	0	0	0	0	0	0	0	0	0	0	0	0	0	0	0	0	0	0	0	0	0	0	0	0	0	0	0	0	0	0	0	0	0	0	11.90016	0	0	0	0	9.65503	0.67825	0	0	0	0	10.32942	8.0373	0	0	0	0	0	0	0	0	0	0	0	0	0	0	0	0	0	0	0	0	0	0	0	0	0	0	0	0	0	0	0	0	0	0	0	0	0	0	3.27851	0	
0	0	0	0	0	0	0	0	0	0	0	0	0	0	0	0	0	0	0	0	0	0	0	0	0	0	0	0	0	0	0	0	0	0	0	0	0	0	0	0	0	0	8.22265	0	0	0	0	0	0	8.54573	0	7.22747	0	9.3225	0	0	0	0	0	0	0	0	0	0	11.73584	0	0	0	0	0	0	0	0	0	0	0	9.15868	0	0	0	0	0	0	0	0	0	0	0	0	0	0	0	0	0	0	0	0	0	0	0	
0	0	0	0	0	0	0	0	0	0	0	0	12.44882	0	0	0	0	0	0	0	0	0	0	0	0	0	0	0	0	0	9.91347	0	0	0	0	0	0	0	0	0	0	0	8.40899	0	0	0	0	11.46594	0	0	13.4039	0	0	2.00043	1.76596	0	9.35344	0	0	0	0	0	0	7.49563	6.47468	7.486	0	0	0	0	0	0	0	0	0	0	0	0	0	0	0	0	0	0	0	0	0	0	0	0	0	0	0	0	0	0	0	0	0	0	
0	0	0	0	0	0	0	0	0	0	0	0	0	0	0	0	0	0	0	0	0	0	0	0	0	0	0	0	0	0	0	0	0	0	0	0	0	0	0	0	0	0	0	0	0	9.99916	1.13783	0	2.00043	12.32644	0	7.50696	5.5765	0	8.24708	4.65797	0	0	0	0	13.13558	0	0	0	0	0	0	0	0	6.66554	0	0	0	0	0	0	2.25589	0	0	0	0	0	0	0	0	0	0	0	0	0	0	0	0	0	0	0	0	0	0	0	
0	0	0	0	0	0	0	0	0	0	0	0	0	0	0	9.54051	0	0	0	0	0	0	0	0	0	0	0	0	0	0	0	0	0	0	0	4.02734	11.16473	0	0	0	0	0	0	8.37257	0	10.73613	8.51881	8.2753	1.76596	7.68427	0	0	2.4599	0	14.54808	0	0	0	0	4.98241	0	8.01236	0	2.37898	0	4.91225	0	0	10.93567	0	2.80785	0	0	0	0	10.47612	0	0	0	3.53122	0	0	0	0	0	0	0	0	0	0	7.29795	0	0	0	0	0	0	0	0	0	
0	0	0	0	0	0	0	0	0	0	0	0	0	0	0	0	0	0	0	0	0	0	0	0	0	0	12.16611	0	0	0	0	1.13783	0	0	6.98585	0	0	0	0	0	12.70195	0	0	0	0	0	0	0	8.51187	0	2.86839	10.04347	9.8284	0	9.3612	0	11.48962	0	0.71044	0	9.33731	5.90264	0	0	0	5.93838	0	0	0	0	0	0	0	9.90265	0	0	0	0	0	0	0	0	0	0	0	0	0	0	0	0	0	0	0	0	0	0	4.91225	0	0	0	
0	0	0	0	0	0	0	0	0	0	0	0	0	0	0	0	0	0	0	11.45996	0	0	0	0	0	0	0	0	0	0	0	0	0	0	0	0	0	0	0	0	0	0	0	13.31963	0	0	12.97943	11.72027	9.64425	0	6.37387	7.51462	11.72999	0	0	0	12.54071	0	0	7.96941	5.92374	0	0	10.9515	0	9.07846	0	5.3756	0	0	0	0	0	0	0	0	0	0	0	0	0	0	0	0	0	0	0	0	0	0	8.47171	0	0	0	0	0	0	0	0	0	
0	0	0	0	0	0	0	0	0	0	0	0	7.35725	0	0	0	0	0	0	9.09597	0	0	0	0	0	0	0	0	0	0	0	0	0	5.82745	0	0	0	0	0	0	0	9.65342	11.64615	0	7.10465	0	0	1.98192	12.225	0	2.29325	9.37515	6.39071	4.12314	10.27396	0.9263	4.92906	4.53037	6.37225	0	0	0	0	0	5.17449	0	0	0	0	0	0	0	0	0	0	0	0	0	10.53108	7.98528	0	0	0	0	0	0	0	0	0	0	0	0	0	0	0	0	0	0	0	0	
0	0	0	0	0	0	0	0	0	0	0	0	0	0	0	0	0	0	0	0	0	0	0	16.06322	0	0	0	0	0	0	0	0	0	0	0	0	0	0	10.02821	0	0	0	9.39791	11.01627	0	0	11.49915	6.25149	0	8.43755	9.94675	6.64777	0	0	0	0	0	6.40428	14.04039	11.4248	12.13603	0	0	0	7.61307	0	0	0	0	0	0	0	0	0	0	0	0	0	0	0	0	0	0	0	0	0	0	0	0	0	0	0	0	0	0	0	0	0	0	0	
0	0	7.97154	0	0	0	0	0	0	0	0	0	0	0	0	0	0	0	0	0	0	0	0	0	0	0	0	0	0	0	0	0	0	0	0	0	0	0	0	0	9.47306	0	0	0	0	11.2124	0	5.88721	10.33317	10.91332	0	10.77939	11.27908	7.79074	0	9.74002	0	0	9.93883	0.67825	6.59695	0	6.99606	11.23539	0	0	0	0	0	0	0	7.33332	0	0	0	0	1.48579	0	0	0	0	0	0	0	0	0	0	0	0	0	0	0	0	0	0	0	0	0	0	0	
0	0	0	0	0	0	0	0	0	0	0	9.22168	0	0	0	0	0	0	0	0	0	0	0	0	0	0	0	0	0	0	0	0	7.68427	0	0	0	0	9.07373	11.94626	2.60928	2.98236	8.34221	0	0	13.41642	6.53282	12.28428	9.99565	10.4595	0	11.07244	0	5.81857	4.95384	0	9.93067	4.86891	10.80328	0	0	0	0	0	0	0	0	0	6.38427	0	0	0	0	3.23318	0	0	8.04223	0	0	10.60439	0	0	0	0	0	0	0	0	0	0	0	0	0	0	0	0	7.60396	0	0	0	0	
0	0	0	0	0	0	0	0	0	0	0	0	0	0	0	0	0	0	0	0	0	0	0	0	0	0	0	0	0	0	0	0	0	0	5.24469	7.98328	0	0	0	8.54361	0	14.22952	0	11.65606	14.62856	10.01091	7.888	8.71697	6.54356	11.02092	10.04146	11.37268	1.19566	8.82356	0	0	9.05442	0	0	4.02694	7.92776	0	2.4599	0	0	0	0	0	0	0	0	0	0	0	0	0	0	0	8.72133	0	0	0	0	0	0	0	0	9.54747	0	0	0	0	0	0	0	0	0	0	0	0	
0	0	0	0	0	0	0	0	8.08751	0	8.55976	0	0	0	0	0	0	0	0	0	0	0	0	0	0	0	8.13757	0	0	0	0	0	0	0	0	0	0	12.73448	13.80599	0	9.87072	8.3382	0	10.77816	2.20207	11.57763	10.28263	7.62145	9.79057	10.76336	0	3.77839	0	0	0	0	9.3044	3.88806	0	0	0	0	1.13783	0	0	0	9.47021	0	0	0	0	0	0	0	0	0	0	0	0	0	0	0	0	0	0	0	0	0	0	0	0	0	0	8.04715	0	0	0	0	0	0	
0	0	0	0	0	0	0	0	0	0	0	9.37301	0	0	11.59247	0	0	0	0	0	0	0	0	0	0	0	0	0	0	0	0	11.56358	0	0	4.82329	0	11.52267	0	0	10.4955	6.52256	0	10.49247	11.0995	10.29104	8.3077	11.73438	9.37159	4.59037	9.35805	7.25019	10.23448	8.74833	8.28129	0	5.65878	11.48977	0	0	6.26548	6.31527	4.86697	0	6.75278	0	0	0	0	0	0	0	0	0	0	0	7.22547	0	0	0	0	0	0	0	2.98236	0	0	0	0	0	0	0	0	0	0	0	0	0	0	0	0	
0	0	0	0	0	0	0	0	0	0	0	0	12.81612	0	0	0	0	0	0	0	0	0	0	0	0	0	0	0	0	10.33149	0	0	7.52178	0	2.86839	0	11.87098	0	11.66827	11.65798	11.86978	9.01376	11.17398	9.75042	10.14089	4.17063	10.43129	10.26977	9.50042	9.51505	11.34362	12.36077	10.07672	7.3574	3.80473	7.79105	6.85803	0	0	7.55899	2.74466	0	0	0	0	0	0	0	0	0	0	0	0	9.0657	0	0	0	0	0	0	9.21587	0	0	0	0	0	0	0	0	0	0	0	0	0	0	0	0	0	0	0	
0	0	0	0	0	0	0	12.78038	0	0	0	10.44549	0	0	0	0	0	0	0	0	0	0	0	0	0	0	0	8.86197	0	0	5.13806	0	13.49586	0	0	0	7.19533	4.0795	11.3242	9.51995	9.41126	4.87501	0	10.8375	9.85336	11.65185	8.99958	10.30965	11.10456	10.29355	6.49461	9.81193	8.44144	8.67017	7.89185	4.20725	10.32981	4.68601	4.37372	9.20197	5.79973	12.35474	7.41674	0	10.08033	0	0	0	0	0	0	0	0	11.20692	0	0	0	0	0	0	0	0	0	0	0	0	0	0	0	0	0	0	0	0	0	0	0	0	0	0	
12.01027	0	0	0	0	0	0	0	10.52058	0	0	0	8.2739	0	0	0	0	0	0	0	0	0	0	0	9.14115	0	0	9.58798	0	0	0	0	15.68951	0	11.25738	9.96463	0	6.1049	9.69447	5.65541	5.82075	10.01297	6.11515	10.2369	12.62783	10.48214	9.27115	9.97063	6.77828	3.76075	10.05266	5.31185	8.39525	5.66959	10.91992	9.33473	9.07365	6.56733	0	10.40442	0.9263	4.12983	0	4.65625	0	8.93456	0	0	0	0	0	0	0	0	0	0	0	0	0	0	0	0	3.62165	0	0	11.9789	0	0	0	0	0	0	0	0	0	0	0	0	0	0	
0	0	0	10.81804	0	0	0	0	0	0	0	0	0	0	0	0	0	0	8.1391	0	0	10.22915	0	4.69544	11.65695	9.39697	0	0	9.7932	7.41166	12.24843	0	11.1203	0	0	0.37862	0	9.41347	11.48065	7.35338	8.47192	7.5547	9.57402	9.69346	9.31122	10.28606	9.37807	8.80255	10.389	6.09589	10.03281	7.33335	10.70937	6.55963	7.80637	10.19141	0	2.68734	8.20037	8.61019	2.10477	4.60936	9.2504	0	0	0	0	0	0	0.67825	0	0	4.20218	0	1.88795	7.02294	11.30635	2.74724	0	0	0	0	0	0	0	0	0	0	0	0	0	0	0	0	0	0	0	0	0	0	
10.51726	0	0	0	12.36816	7.84881	0	0	0	0	0	0	0	0	0	0	0	9.84167	0	0	0	0	0	0	11.45857	0	8.74929	10.06277	0	12.75818	10.68041	0	0	0	9.84214	10.89395	6.16578	12.09567	11.2309	10.78073	8.00435	9.89535	10.76724	9.42616	9.25669	9.51704	10.64941	9.33903	8.40143	10.9159	5.36779	9.83423	8.64767	8.46534	8.83225	8.34992	8.99135	3.86358	6.20964	9.25998	7.98699	0	7.09626	6.03399	9.29244	9.6636	7.90112	0	0	0	0	0	0	0	5.95941	0	0	0	0	0	0	0	0	0	0	0	0	0	0	0	0	0	0	0	0	0	0	0	0	0	
0	0	0	0	0	0	0	0	11.65477	0	7.06235	0	0	0	0	0	10.08392	12.82516	10.35483	8.18595	9.04606	11.43332	0	0	0	11.7686	0	8.07953	10.51052	12.4753	0	10.6196	12.03648	7.97571	10.70567	9.56979	7.58967	7.61815	11.43127	12.24704	10.1717	11.08996	4.42771	9.30336	9.45389	8.77605	9.07729	9.83605	9.08402	7.02384	7.92218	10.09761	7.26736	6.79933	4.597	7.17444	4.84115	9.4199	0	11.3142	5.4083	10.04716	7.36682	0	8.56957	10.84465	2.67857	0	0	0	0	5.41673	0	0	6.69545	0	0	0	9.05342	0	0	0	0	0	0	5.84355	0	0	0	0	0	0	0	0	0	0.37862	0	0	0	0	
0	9.72526	0	0	5.71756	9.20783	0	0	0	0	0	0	0	0	7.02958	10.52756	0	11.56516	9.69803	0	5.54282	0	4.44017	0	0	0	0	0	10.90476	10.74827	9.18823	0	10.6447	4.79824	9.52237	8.4957	8.95318	9.90206	8.7557	10.3202	8.95801	8.34837	8.04884	8.07054	9.70904	6.91351	8.5692	9.6976	8.7916	8.13492	7.23698	8.40504	6.90073	7.24357	8.21743	6.42328	4.15435	5.46268	8.00195	6.75233	0	8.10491	0	11.7423	10.08137	0.67825	4.51372	10.05938	0	0	0	0	0	0	0	4.8385	0	0	0	0	8.6681	0	0	0	0	0	0	0	0	0	0	0	0	0	0	0	0	0	0	0	
0	11.47327	6.55055	0	7.64099	0	0	0	0	0	6.51785	0	0	0	6.79239	5.00955	0	5.48599	0	0	7.03289	3.97323	7.67729	6.53829	9.55036	7.88261	0	5.67429	10.47195	7.26534	11.17319	10.80914	11.18226	10.73228	9.77206	6.15288	8.71376	8.8868	7.48038	8.60428	8.69745	8.72199	7.71403	7.64402	7.5611	6.64067	8.7289	8.05088	8.86746	8.06742	7.80708	8.52636	8.83917	8.49463	6.666	5.67687	6.79838	4.19282	5.93249	6.98585	0	6.18027	10.95309	8.96665	1.30464	2.80785	0.67825	0	0	0	0	6.88984	0	0	7.03289	0	6.27669	0	0	0	0	0	0	5.19016	0	2.94425	0	0	0	0	0	0	0	0	0	0	0	0	0	0	
0	0	0	0	0	0	0	0	5.3756	0	11.57952	12.21338	0	0	0	0	0	0	11.05321	0	5.26735	0	0	0	0	9.55612	10.59626	0	1.48579	10.6016	5.93738	6.66164	8.73461	8.45614	9.80634	10.37399	9.93995	8.38695	8.3928	9.45483	7.05807	9.7947	8.16983	7.94643	7.84485	6.81617	7.54933	8.17862	9.40246	8.22619	8.53315	7.9651	7.65472	8.26775	6.68015	7.92445	9.75151	8.07122	7.75212	8.31972	10.30284	4.56714	8.25781	5.74204	0	8.81283	0	8.4584	0	0	0	0	0	0	0	0	0	0	0.37862	0	0	6.23131	0	0	0	0	0	6.80905	2.53653	10.10098	0	0	0	0	0	0	0	0	0	0	
0	0	0	0	0	0	0	0	11.66066	7.52649	0	2.00043	0	11.95048	0	0	0	4.62699	6.14217	3.23629	0	0	0	6.57496	7.80922	15.01668	2.80785	9.74944	7.19388	11.06589	0	7.7377	8.17518	4.70397	5.08457	8.99394	9.04929	7.77834	7.8708	5.62971	7.27908	9.11079	8.61729	8.9737	6.60075	6.85582	7.64467	8.19358	6.49068	8.7969	8.7247	6.85249	7.00521	6.92352	7.86877	7.84394	5.18545	4.98105	11.24559	5.16269	6.29128	9.96064	6.8568	6.68286	1.86695	9.49391	9.63284	0	0	0	0	0	0	8.04388	7.43937	0	0	0	14.39574	0	0	0	0	0	0	0	0	0	7.64587	0	3.9454	0	0	0	0	0	0	0	0	0	
0	0	8.66164	6.80455	0	4.80791	0	3.76607	4.3581	0	0	0	0	0	0	0	0	7.74506	0	0	0	0	0	11.10091	0	10.30127	0	9.14448	5.4763	7.5141	0	9.43886	0	6.578	7.06469	8.37439	6.44128	6.5689	2.76068	8.41183	8.18674	8.47157	8.29153	7.137	7.66412	9.50324	8.46733	8.55411	8.56818	7.7727	6.57206	8.14993	8.60879	6.97091	7.41363	5.49464	8.1274	7.29128	6.65766	6.39309	11.09585	10.10242	5.20125	12.06667	5.91823	0	0	5.71798	2.4599	1.48579	5.66254	0	9.36515	0	0.18931	0	7.41944	0	0	0	0	0	4.79484	0	0	0	0	0	0	0	0	0	0	0	0	0	0	0	0	0	
0	0	0	0	0	0	0	0	8.86011	0	11.47965	7.6042	8.69705	0	9.6003	0	0	6.77668	0	4.92656	0	0	0	0	0	0	7.30891	3.70097	3.60983	0	10.84059	8.35447	5.7251	7.53731	4.60919	8.98153	9.75776	7.05033	8.1639	7.79421	7.94122	5.3475	6.58142	6.30772	6.21569	9.62365	5.84502	6.6244	8.86266	6.70765	7.92238	9.26703	9.12391	7.41428	7.8173	7.39482	5.47144	7.7883	8.98902	6.35967	8.37018	4.68794	6.69271	6.78955	0	5.30416	4.95475	2.64393	0	0	8.17999	0	5.92065	4.0724	0	14.42917	0	0	0.67825	0	0	0	0	0	0	0	0	0	5.53365	0	0	0	0	0	0	0	0	0	0	0	
0	0	0	0	0	4.15435	0	0	0	11.45132	0	0	9.63012	0	0	0	0	0	0	0	0	0	0	7.62005	0	0	8.28337	0	0	5.04509	6.21163	0	0	7.00858	6.46981	6.92657	5.58853	0	5.45671	9.07846	5.87722	11.18978	5.45515	7.92755	7.92332	7.1912	6.91795	7.49383	8.87448	6.62492	6.96845	8.65745	7.27189	6.29345	8.29929	5.95468	7.92323	7.32108	3.94231	6.63041	6.62119	4.94398	4.34119	8.65802	7.09841	6.42858	7.22168	9.65664	5.64428	0	0	12.56656	0	2.53653	0	6.14828	8.05042	0	0	0	0	0	0	0	10.14753	0	0	4.59151	0	0	0	6.61381	0	0	0	0	8.15286	0	0	0	
0	0	0	0	0	0	0	0	0	0	0	13.19117	0	0	0	0	0	7.92076	12.9408	0	0	0	0	1.88795	0	0	0	6.17849	0	0	0	0	5.8807	5.10807	6.35676	0	3.83579	7.37448	1.30464	1.61659	7.74848	9.78504	6.58052	4.0045	0	7.72654	5.58439	4.99608	6.71758	5.95375	7.86496	10.44576	7.80078	5.50659	6.39662	4.80235	5.4359	7.59861	7.75798	7.61851	6.03879	5.71458	0	6.98056	8.74063	0	7.13827	7.08166	6.76876	6.8079	0	0	8.16196	0.37862	0	9.93795	0	9.07606	0	0	0	8.55325	0	0	0	0	0	0	0	0	0	0	0	0	0	0	0	0	0	0	
0	0	0	0	7.54051	0	0	0	0	0	8.02072	0	6.37387	0	0	8.01738	0	0	5.83598	0	5.2534	7.75212	0	0	0	9.87387	5.39631	0	0	3.64033	0	8.91403	9.24113	0	0	10.06747	8.85544	7.91526	11.93087	10.97035	3.49433	10.06788	7.26772	8.16649	6.14412	6.4257	13.05296	5.17639	7.52069	8.7957	8.14042	5.62628	8.47322	6.60818	5.56365	7.20017	5.57632	7.32985	4.23334	7.86503	5.49183	7.07418	6.3654	5.52829	7.08141	0	9.11522	7.72178	0	0.37862	9.37755	7.01292	7.83047	10.79526	6.17167	0	4.59579	0	0	0	4.8385	0	0	2.10477	0	1.48579	0	0	0	0	0	0	0	0	0	0	0	0	0	0	
0	0	0	0	0	0	0	0	0	0	0	6.2711	1.7234	0	0	7.55209	0	0	0	2.53653	8.78062	0	0.67825	0	0	0	0	0	0	4.20134	5.5335	3.95728	0	0	0	8.92033	0	0	0	4.79237	5.11494	6.09376	4.38196	5.61304	6.95591	6.3281	6.86033	5.46699	6.2343	4.16924	0	0	7.13384	10.71304	1.13783	7.29514	7.04603	4.66847	6.56352	6.14577	8.06629	6.60834	7.19212	6.89576	6.25831	7.21155	7.80729	7.14114	4.86845	8.74074	0	5.69671	8.65978	10.72901	8.53313	0	1.88795	0	5.13806	0	0	0	0	0	0	0	0	0	0	0	0	0	0	0	0	0	0	0	0	0	
0	0	0	4.72848	0	0	0	0	0	0	0	0	0	0	0	0	0	0	0	0	0	0	6.83852	0	0	0	5.8985	6.52652	7.135	4.20218	0	0	2.37898	0	0	10.1837	0	3.79755	5.7661	1.95136	5.21307	0	6.72849	0	4.88776	10.98884	6.54544	5.12572	6.60138	5.59751	5.83201	4.72464	8.9841	9.16573	6.45089	6.29072	8.67321	5.80654	5.36506	8.46596	8.38296	8.2085	9.38131	7.37992	5.47052	7.28682	6.10104	5.70101	9.47332	9.50034	4.27526	7.23	4.90967	2.81348	6.53306	0	11.89483	0	4.89868	9.75413	0	2.86839	4.12983	0	0	0	0	0	0	0	0	0	0	0	0	0	0	4.17846	0	7.1564	
0	0	5.19376	0	0	0	0	0	0	0	0	0	0	0	0	0	0	0	0	0	3.48595	0	0	0	0	10.5143	0	7.27984	0	10.66858	0	9.60309	8.8089	0	4.64441	0	0	5.7997	5.68752	0	7.0526	0	0	6.67993	10.59322	9.74406	6.365	3.72437	5.74203	4.17647	8.03899	9.35857	7.50843	8.87238	6.54094	7.65666	0	7.74174	6.67352	5.67839	3.48824	6.16457	6.53576	3.57359	4.91377	7.21319	5.64663	0	7.44582	5.95691	4.97997	6.41766	7.00257	6.56618	0	0	6.06782	0	3.81828	6.39461	0	6.0492	0	0	0	0	0	0	7.22281	0	0	0	0	0	0	0	3.32245	0	0	0	
0	0	0	0	0.37862	0	0	0	0	0	0	0	8.87771	0	0	0	0	0	0	0	8.82331	2.92649	0	0	0	0	0	5.16956	0	0	0	6.05368	10.86801	0	0	0	7.39632	0	5.93838	7.39375	0	0	3.78976	1.32227	6.80406	0	7.39653	10.46522	7.0526	4.59599	6.42011	6.09174	7.72167	6.78038	8.35609	0.33913	0	4.41893	2.71939	2.36563	6.90858	7.75679	7.34118	6.2457	6.02815	8.6257	2.90248	7.12136	6.62868	6.43272	8.23881	0	0	10.38349	0	7.9857	4.78179	5.67058	0	0	0	0	0	0	3.18637	0.67825	0	0	0	0	0	0	0	0	0	0	8.93898	0	0	0	
0	0	0	0	0	0	0	0	6.51785	0	0	0	7.70101	0	0	0	8.578	8.44062	6.55055	0	0	0	0	0	5.06135	0	0	0	0	0	0	0	0	0	5.46654	8.03895	0	5.79758	0	0	0	0	8.9425	12.21247	0	7.56168	10.38881	5.82839	0	4.45353	0	8.5494	9.22747	8.5474	0	4.55514	0	7.66971	0	4.07643	9.03465	6.79239	6.84957	8.68497	4.21688	7.60019	6.56787	7.981	9.36843	6.52256	8.75904	3.97857	5.67158	6.27669	8.13334	4.01203	8.38415	5.79758	0	0.37862	7.14421	1.13783	9.62566	0	4.93752	0	8.61049	3.91701	5.27855	0	3.5439	0	0	11.28296	0	0	0	0	0	0	
0	0	0	0	0	0	0	0	0	0	0	0	0	0	0	0	0	0	0	0	6.6238	0	0	0	0	0	0	0	0	2.92649	0	0	0	0	9.16322	0	0	0	0	0	10.22337	0	8.87679	8.16799	5.39126	0	0	1.32227	4.47952	5.65187	10.89122	0	0	1.98662	2.28117	6.85529	0	0	6.848	8.5633	9.20343	5.23218	4.44279	5.47329	7.67535	7.1427	1.57135	4.77801	6.67548	4.45319	8.62524	6.84968	3.92514	5.54566	2.8344	0	3.5521	0	3.4621	0	0	0	4.44017	0	0	0	6.62268	0	0	0	0	0	0	0	0	0	0	0	0	0	
0	0	0	0	6.62262	0	0	0	0	0	0	5.54282	0	3.08797	0	0	0	0	0	0	0	0	0	0	0	0	0	0	0	0	0	0	0	0	0	0	0	0	0	6.23667	0	0	6.29886	0	5.05867	0	0.768	6.74069	0	0	1.32227	0	0	0	11.2749	0	0	0	0	7.02627	7.27033	0	6.80445	8.44063	7.14674	0	0.7429	5.61195	10.49835	5.25308	5.80861	9.58281	9.73578	6.30168	0	0	3.14097	5.40656	8.48189	5.90986	2.53653	7.11014	1.32227	0	0.67825	0	8.85544	10.88768	0	4.53306	0	0	0	0	6.0986	0	0	0	0	0	
0	0	0	0	0	0	0	0	0	0	0	0	0	0	0	0	0	5.84076	0	0	0	9.49563	8.86662	0	0	0	10.5862	0	0	0	0	0	0	6.70218	6.86624	0	0	0	0	0	0	0	0	0	0	0	0	0	0.67825	0	7.0062	0	0	0	0	8.53739	8.42945	7.94666	5.16245	7.97154	0	6.01635	3.54393	0	9.6413	4.94185	6.09721	6.69434	5.41114	3.26364	7.40172	6.00018	4.80929	4.14737	8.88494	6.99074	4.53935	0	9.11562	8.92163	0	0	6.12617	0	6.16648	9.04052	0.67825	1.63264	0	9.26198	0	0	0	0	0	0	8.65784	0	0	0	
0	0	0	0	0	0	0	0	7.05935	0	0	0.37862	0	0	0	0	0	0	0	0	0	0	0	0	0	0	0	5.48599	0	0.67825	0	0	0	0	0	0	0	0	0	11.51344	0	0	0	0	0	6.51311	0	4.96865	8.20074	0	0	7.1715	0	0	0	0	0	0	8.34138	0	8.55863	0	7.94798	10.59126	6.09879	5.10534	5.34212	0	0	6.43889	9.41572	4.51783	8.31707	6.71962	4.91405	9.07014	0.7429	0	0	8.00766	3.91139	6.22999	10.97384	7.66283	7.36598	0	0	0	0	0	6.23706	0	10.59539	0	0	0	0	0	0	0	
0	0	0	0	0	0	0	0	0	0	0	0	0	9.96896	0	0	0	0	0	0.67825	0	0	0	0	0	2.41301	0	0	0	0	0	0	0	0	8.20221	0	0	7.86817	0	0	9.19089	0	5.91705	10.40901	7.80922	0	0	0	0	0	4.33683	7.69057	0	0	4.71205	0	0	0	0	7.24494	4.31682	0	5.99009	7.18048	8.08751	4.03791	9.22221	8.90777	0	5.11025	6.88124	0	4.46511	5.39418	9.29657	7.41781	4.02084	5.77461	7.36218	3.80187	0	6.65584	7.86971	4.27619	3.49122	0	0	7.19828	2.51677	0	3.9454	0	0	6.07952	0	0	0	0	4.68437	0	
0	0	0	0	0	0	0	6.60494	0	0	0	0	0	0	0	0	0	0	0	0	0	0	10.67812	0	0	0	0	0	7.99719	0	0	0	0	0	8.83771	0	0	3.36509	0	0	0	0.33913	0	0	0	0	3.62804	0	0	0	0	0	8.66911	0	0	0	7.24177	4.67862	0	5.22736	8.72076	0	0	4.94204	0	6.58704	0	7.33854	5.71012	10.26725	8.04493	7.38674	7.96116	6.25413	6.54128	7.55441	3.28673	0	7.00172	5.40035	6.47644	7.25413	2.62235	0	4.64089	0	3.48595	2.99349	0	0	8.35284	7.9041	0	0	0	0	7.20417	0	0	0	
0	0	0	0	0	0	0	0	5.63283	0	0	0	0	0	0	0	0	0	0	0	0	0	0	0	0	0	0	0	0	0	0	0	0	0	0	0	0	3.90519	0	0	0	0	0	0	0	0	0	0	0	2.53653	0	5.42646	0	2.14009	0	0	2.20207	5.21062	0.67825	0	5.82839	0	10.03524	11.72334	8.51785	6.67767	0	0	8.37541	7.48846	0	6.45013	6.56149	10.23523	8.31113	6.56163	0	3.47835	4.00197	6.27146	3.64298	8.55976	8.41758	0	0	0	5.45916	0	0	0	0	0	4.37658	6.56143	8.98243	0	0	0	0	0	
0	0	0	0	0	0	0	10.31731	0	0	0	0	0	0	0	0	0	0	0	0	0	0	0	0	0	0	0	0	0	0	0	0	0	0	0	0	0	3.55374	0	8.92924	0	0	0	0	0	0	0	0	0	0	3.79006	0	0	11.57739	6.69261	0	0	5.35403	9.38795	10.27984	0	0	0	7.86399	8.56069	10.87656	0	0	8.57262	4.10639	7.08208	6.29688	4.0268	7.71989	5.78977	6.5581	6.44953	0	8.8048	8.47601	8.0935	11.01145	3.45434	8.08269	2.93321	0	0	0	0	0	7.39632	0	0	0	0	1.02932	0	0	0	0	
0	0	0	0	0	0	0	0	0	0	0	0	0	0	0	0	0	0	0	0	0	0	0	0	0	8.30982	0	0	0	0	0	0	0	0	0	0	0	4.31525	0	0	0	0	0	0	8.42894	0	0	0	9.4218	0	0	0	0	0	0	0.67825	0	0	0	0	0	0	7.81524	0	0	7.80346	4.85605	7.70125	4.92656	7.90629	1.00563	0	5.59181	0	7.51233	5.05548	3.70097	6.00345	4.31326	5.47797	2.1425	0	4.28776	0	6.12985	6.37406	0	0	0	0	8.88597	0	0	0	0	0	0	1.13783	0	0	
0	0	0	0	0	0	0	0	0	0	0	0	8.009	0	0	0	0	0	0	0	0	0	0	0	0	0	0	0	0	0	0	0	0	0	0	0	0	0	0	0	0	0	0	0	0	0	0	6.95127	0	0	3.03613	0	9.78292	0	0	0	0	0	0	3.32133	0	0	0	5.86574	4.3581	9.57157	9.29607	0	11.46946	0	0	9.52473	0	0	0	2.6514	7.86662	9.2482	6.87867	5.7562	0	5.1058	4.28565	3.36558	7.43115	4.42358	4.66046	0	6.44517	0	0	0	0	6.69545	0	0	0	0	0	0	
0	0	0	0	0	0	0	0	0	0	0	0	0	0	0	0	0	0	0	0	0	0	0	0	0	0	0	0	0	0	0	0	9.76412	0	0	0	0	0	0	0	0.37862	0	0	0	0	0	0	0	0	0	0	0	0	0	0	0	6.5996	0	0	0	7.84457	0	0	6.30508	0	8.39975	0	0	6.28451	0	0	0	9.51292	0	0	0.37862	0	0	5.80317	9.32541	8.57118	7.2071	10.48862	0	6.71207	0	0	0	0	0	5.90622	5.06386	5.14279	0	0	0	0	0	0	0	
0	0	0	0	0	0	0	3.48276	0	0	0	0	0	0	0	0	0	0	0	0	0	0	0	0	0	0	0	8.3234	0	0	0	0	0	0	0	0	0	0	0	0	0	0	0	0	0	0	0	0	0	0	0	0	0	0	0	0	0	0.37862	0	0	0	0	0	0	0	0	0	0	0	0	2.41925	3.89286	5.98994	1.13783	0	11.4229	8.46737	0	10.40017	2.60928	0	6.50872	0	8.58027	1.13783	8.65336	0	10.34254	0	0	0	3.91701	0	0	0	9.76661	0	0	0	0	
0	0	0	0	0	0	0	0	0	0	0	0	0	0	0	0	0	0	0	0	6.23131	0	0	0	0	0	0	0	0	0	2.80785	0	0	0	0	0	0	0	0	0	0	0	0	0	0	0	0	0	0	0	0	0	0	0	0	0	0	0	0	11.46609	0	0	0	0	6.55516	9.24041	10.79483	5.48833	0	0	0	0	0	0	0	1.63264	5.57222	6.3261	0	0	3.70541	0	0	0	4.70752	4.47952	7.53965	4.23911	8.39846	0	3.85852	5.26735	8.69754	5.03618	0	4.71205	0	0	0	0	
0	0	0	0	0	0	0	0	0	0	0	0	0	0	0	0	0	0	0	0	0	0	0	0	0	0	0	0	0	0	0	0	0	0	0	0	0	0	0	0	0	0	0	0	0	0	0	0	5.61528	0	0	0	0	0	0	0	0	0	0	0	0	0	0	0	0	0	0	0	0	7.58177	9.6652	9.2504	5.93648	0	8.211	8.3959	0	9.11952	3.13801	0	0	7.90987	8.38015	0	4.89269	0	9.2071	0	0	9.5978	0	3.10718	2.42697	0	0.67825	0	0	0	0	0	
0	0	0	0	0	0	0	0	0	0	0	0	0	0	0	8.71896	0	0	0	0	0	0	0	0	0	0	0	0	0	0	0	0	0	0	5.9313	0	0	0	0	0	0	0	0	0	0	0	0	0	0	0	0	0	0	0	0	0	0	0	0	0	0	0	0	0	0	0	0	3.88806	0	0	0	0	0	7.48841	0	0	0	4.41993	0	0	0	3.44679	0	0	1.6931	0	6.88924	4.21195	7.1715	10.39551	10.82235	0	6.48921	0	0	0	0	0	0	0	
0	0	0	0	0	0	0	0	0	0	0	0	0	0	0	0	0	0	0	0	0	0	0	0	0	0	0	0	0	0	0	0	0	0	0	0	0	0	0	0	0	0	0	0	0	0	0	0	7.06559	1.63264	0	0	0	0	0	0	0	0	0	13.62038	0	0	0	0	0	5.62835	0	0	0	0	0	6.71207	0	0	0	0	0	11.9213	0	5.06201	10.2767	0	0	8.12986	0	0	0	0	0	0	0	0	0	0	0	0	0	0	0	0	
0	0	0	0	0	0	0	0	0	0	0	0	0	0	0	0	0	0	0	0	0	0	0	0	0	0	0	0	0	0	0	0	0	0	0	0	0	0	0	0	0	0	0	0	0	0.37862	0	0	0	0	0	0	0	0	0	2.30542	0	0	16.2274	0	0	0	0	0	5.75812	0	0	0	0	0	0	6.31527	0	7.24184	0	0	3.66729	0	0	0	4.41493	5.53697	4.84372	7.25282	0	0	0	6.50837	7.75278	0	0	11.67794	8.65629	0	0	0	0	0	0	0	
0	0	0	0	0	0	0	0	0	0	0	0	0	0	0	0	0	0	0	0	0	0	0	0	0	0	0	0	0	0	0	0	0	0	0	0	0	0	0	0	0	0	0	0	0	0	0	0	0	0	0	0	0	0	0	0	0	0	0	0	0	0	0	0	0	0	0	0	0	0	0	0	0	0	0	0	0	0	0	0	0	0	0	0	0	0	1.13783	0	0	0	0	10.78407	0	0	0	0	0	0	0	0	
0	0	0	0	0	0	0	0	0	0	0	0	0	0	0	0	0	0	0	0	0	0	0	0	0	0	0	0	0	0	0	0	0	0	0	0	0	0	0	0	0	0	0	0	0	0	0	0	0	0	0	0	0	0	0	0	0	0	0	0	0	0	0	0	0	0	0	0	0	0	8.49458	1.13783	0	0	0	0	0.67825	0	0	5.43686	0	0	0	8.73664	0	0	0	6.49403	0	0	6.58018	8.59602	0	0	0	0	0	0	0	0	
0	0	0	0	0	0	0	0	0	0	0	0	0	0	0	0	0	0	0	0	0	0	0	0	0	0	0	0	0	0	0	0	0	0	0	0	0	0	0	0	0	0	0	0	0	0	0	0	0	0	0	0	0	0	0	0	0	0	0	3.79755	0	0	0	0	0	0	0	0	0	0	5.13806	0	0	0	0	0	0	0	0	0	0	0	0	0	0	0	4.85356	0	0	0	0	0	0	0	0	0	0	0	0	0	
0	0	0	0	0	0	0	0	0	0	0	0	0	0	0	0	0	0	0	0	0	0	0	0	0	0	0	0	0	0	0	0	0	0	0	0	0	0	0	0	0	0	0	0	0	0	0	0	0	0	0	0	0	0	0	0	0	0	0	0	0	0	0	0	0	0	0	0	0	7.87893	5.40656	0	0	0	0	0	0	0	6.77668	0	0	0	0	0	0	0	0	0	10.3959	5.42683	0	0	0	0	0	0	0	0	0	0	
0	0	0	0	0	0	0	0	0	0	0	0	0	0	0	0	0	0	0	0	0	0	0	0	0	0	0	0	0	0	0	0	0	0	0	0	0	0	0	0	0	0	0	0	0	0	0	0	0	0	0	0	0	0	0	0	0	0	0	0	0	0	0	0	0	0	0	0	0	0	0	0	0	0	0	0	0	0	0	0	0	0	0	0	0	0	1.48579	0	0	0	0	0	0	0	0	0	0	0	0	0	
0	0	0	0	0	0	0	0	0	0	0	0	0	0	0	0	0	0	0	0	0	0	0	0	0	0	0	0	0	0	0	0	0	0	0	0	0	0	0	0	0	0	0	0	0	0	0	0	0	0	0	0	0	0	0	0	0	0	6.03399	0	0	0	0	0	0	0	0	0	0	0	0	0	0	0	0	6.43019	0	0	0	0	0	0	0	0	0	0	0	0	0	0	0	0	0	0	0	0	0	0	0	0	
0	0	0	0	0	0	0	0	0	0	0	0	0	0	0	0	0	0	0	0	0	0	0	0	0	0	0	0	0	0	0	0	8.67335	0	0	0	0	0	0	0	0	0	0	0	0	0	0	0	0	0	2.80785	0	0	0	0	0	0	0	0	0	0	0	0	0	0	0	0	0	0	0	0	0	0	0	0	4.45998	0	0	0	0	1.63264	0	0	0	0	0	0	0	0	0	0	0	0	0	0	0	0	0	0	0	
0	0	0	0	0	0	0	0	0	0	0	0	0	0	0	0	0	0	0	0	0	0	0	0	0	0	0	0	0	0	0	0	0	0	0	0	0	0	0	0	0	0	0	0	0	0	0	0	0	0	0	0	0	0	0	0	0	0	0	0	0	0	0	0	0	0	0	0	0	0	0	0	0	0	0	0	0	0	0	0	0	0	0	0	0	0	0	0	0	0	0	0	0	0	0	0	0	0	0	0	
0	0	0	0	0	0	0	0	0	0	0	0	0	0	0	0	0	0	0	0	0	0	0	0	0	0	0	0	0	0	0	0	0	0	0	0	0	0	0	0	0	0	0	0	0	0	0	0	0	0	0	0	0	0	0	0	0	0	0	0	0	0	0	0	0	0	0	0	0	0	0	0	0	0	0	0	0	0	0	0	0	0	0	0	0	0	0	0	0	0	0	0	0	0	0	0	0	0	0	0	
0	0	0	0	0	0	0	0	0	0	0	0	0	0	0	0	0	0	0	0	0	0	0	0	0	0	0	0	0	0	0	0	0	0	0	0	0	0	0	0	0	0	0	0	0	0	0	0	0	0	0	0	0	0	0	0	0	0	0	0	0	0	0	0	0	0	0	0	0	0	0	0	0	0	0	0	0	0	0	0	0	0	0	0	0	0	0	0	0	0	0	0	0	0	0	0	0	0	0	0	
0	0	0	0	0	0	0	0	0	0	0	0	0	0	0	0	0	0	0	0	0	0	0	0	0	0	0	0	0	0	0	0	0	0	0	0	0	0	0	0	0	0	0	0	0	0	0	0	0	0	0	0	0	0	0	0	0	0	0	0	0	0	0	0	0	0	0	0	0	0	0	0	0	0	0	0	0	0	0	0	0	0	0	0	0	0	0	0	0	0	0	0	0	0	0	0	0	0	0	0	
0	0	0	0	0	0	0	0	0	0	0	0	0	0	0	0	0	0	0	0	0	0	0	0	0	0	0	0	0	0	0	0	0	0	0	0	0	0	0	0	0	0	0	0	0	0	0	0	0	0	0	0	0	0	0	0	0	0	0	0	0	0	0	0	0	0	0	0	0	0	0	0	0	0	0	0	0	0	0	0	0	0.67825	0	0	0	0	0	0	0	0	0	0	0	0	0	0	0	0	0	0	
0	0	0	0	0	0	0	0	0	0	0	0	0	0	0	0	0	0	0	0	0	0	0	0	0	0	0	0	0	0	0	0	0	0	0	0	0	0	0	0	0	0	0	0	0	0	0	11.79406	0	0	0	0	0	0	0	0	0	0	0	0	0	0	0	0	0	0	0	0	0	0	0	0	0	0	8.63685	0	0	0	0	0	0	0	0	0	0	0	0	0	0	0	0	0	0	0	0	0	0	0	0	0	
