0	0	0	0	0	0	0	0	0	0	0	0	0	0	0	0	0	0	0	0	0	0	0	0	0	0	0	0	0	0	0	0	0	0	0	0	0	0	0	0	0	0	0	0	0	0	0	0	0	0	0	9.75036	0	0	0	0	0	0	0	0	0	0	0	0	0	0	0	0	0	0	0	0	0	0	0	0	0	0	0	0	0	0	0	0	0	0	0	0	0	0	0	0	0	0	0	0	0	0	0	0	
0	0	0	0	0	0	0	0	0	0	0	0	0	0	0	0	0	0	0	0	0	0	0	0	0	0	0	0	0	0	0	0	0	0	0	0	0	0	0	0	0	0	0	0	0	0	0	14.53151	0	0	0	0	0	0	0	0	0	0	0	0	0	0	0	13.74216	0	0	0	0	0	0	0	0	0	0	0	0	0	0	0	0	0	0	0	0	0	0	0	0	0	0	0	0	0	0	0	0	0	0	0	0	
0	0	0	0	0	0	0	0	0	0	0	0	0	0	0	0	0	0	0	0	0	0	0	0	0	0	0	0	0	0	0	0	0	0	0	0	0	0	0	0	0	0	0	0	0	0	0	0	0	0	0	0	0	0	8.08431	0	0	0	0	0	0	0	0	0	0	0	0	0	0	0	0	0	0	0	0	0	0	0	0	0	0	0	0	0	0	0	0	0	0	0	0	0	0	0	0	0	0	0	0	0	
0	0	0	0	0	0	0	0	0	0	0	0	0	0	0	0	0	0	0	0	0	0	0	0	0	0	0	0	0	0	0	0	0	0	0	0	0	0	0	0	0	0	0	0	0	0	10.30709	10.43512	0	0	0	0	0	0	0	0	0	0	0	0	0	0	0	0	0	0	0	0	0	0	0	0	0	0	0	0	0	0	0	0	0	0	0	0	0	0	0	0	0	0	0	0	0	0	0	0	0	0	0	0	
0	0	0	0	0	0	0	0	0	0	0	0	0	0	0	0	0	0	0	0	0	0	0	0	0	0	0	0	0	0	0	0	0	0	0	0	0	7.79657	0	0	0	0	0	12.69707	0	0	0	0	0	0	0	0	0	0	0	0	0	0	0	0	0	0	0	0	0	0	0	0	0	0	0	0	0	0	0	0	0	0	0	0	0	0	0	0	0	0	0	0	0	0	0	0	0	0	0	0	0	0	0	0	
0	0	0	0	0	0	0	0	0	0	0	0	0	0	0	0	0	0	0	0	0	0	0	0	0	0	0	0	0	0	0	0	0	0	0	0	0	0	0	0	0	0	0	0	0	0	0	0	0	0	0	0	0	0	0	0	0	0	0	0	0	0	0	0	0	0	0	0	0	0	0	0	6.46157	0	0	0	0	0	0	0	0	0	0	0	0	0	0	0	0	0	0	0	0	0	0	0	0	0	0	0	
0	0	0	0	0	0	0	0	0	0	0	0	0	0	0	0	0	0	0	0	0	0	0	0	0	0	0	0	0	0	0	0	0	0	0	0	0	0	0	0	0	0	0	0	0	0	0	0	0	0	0	0	0	0	0	0	0	0	0	0	0	0	0	0	0	0	0	0	0	0	0	0	0	0	9.64421	0	0	0	0	0	0	0	0	0	0	0	0	0	0	0	0	0	0	0	0	0	0	0	0	0	
0	0	0	0	0	0	0	0	0	0	0	0	0	0	0	0	0	0	0	0	0	0	0	0	0	0	0	0	0	0	0	0	0	0	0	0	0	0	0	0	0	0	0	0	0	0	0	0	0	0	0	9.46262	0	0	0	12.87753	0	0	2.17162	0	0	0	0	0	0	0	0	0	0	0	0	0	0	0	0	0	0	0	0	0	0	0	0	0	0	0	0	0	0	0	0	0	0	0	0	0	0	0	0	0	
0	0	0	0	0	0	0	0	0	0	0	0	0	0	0	0	0	0	0	0	0	0	0	0	0	0	0	0	6.12108	0	0	0	0	0	0	0	0	0	0	0	0	0	0	0	0	0	0	0	0	0	0	0	0	0	0	0	0	0	0	0	0	0	0	0	0	0	0	7.9004	0	0	0	0	0	0	0	0	0	0	0	0	0	0	0	0	0	0	0	0	0	0	0	0	0	0	0	0	0	0	0	0	
0	0	0	0	0	0	0	0	0	0	0	0	0	0	0	0	0	0	0	0	0	0	0	0	0	0	0	0	0	0	0	0	0	0	0	0	0	0	0	0	0	0	0	0	0	0	0	0	0	0	0	0	0	0	0	6.48596	0	0	0	0	0	0	0	0	0	0	0	0	0	0	0	0	0	0	0	0	0	0	0	0	0	0	0	0	0	0	0	0	0	0	0	0	0	0	0	0	0	0	0	0	
0	0	0	0	0	0	0	0	0	0	0	0	0	0	0	0	0	0	0	0	0	0	0	0	0	0	0	0	0	0	0	0	0	0	0	0	0	0	0	0	0	0	0	0	0	0	0	0	0	0	0	0	0	0	0	0	0	0	0	0	0	0	0	0	0	0	0	10.04587	0	0	0	0	0	0	0	0	0	0	0	0	0	0	0	0	0	0	0	0	0	0	0	0	0	0	0	0	0	0	0	0	
0	0	0	0	0	0	0	0	0	0	0	0	0	0	0	0	0	0	0	0	0	0	0	0	0	0	0	0	0	0	0	0	0	0	0	0	0	0	0	0	0	0	0	0	0	0	0	0	0	0	0	0	8.4347	0	0	0	3.90888	0	0	0	0	0	0	0	0	0	0	0	0	0	0	2.46121	0	0	0	0	0	0	0	0	0	0	0	0	0	0	0	0	0	0	0	0	0	0	0	0	0	0	0	0	
0	0	0	0	0	0	0	0	0	0	0	0	0	0	0	0	0	0	0	0	0	0	0	0	0	0	0	0	0	0	0	0	0	0	0	0	0	0	0	0	0	0	0	0	0	0	0	0	8.38586	0	0	0	13.0983	0	0	0	0	0	0	0	0	0	0	0	0	0	0	8.55291	0	0	0	0	0	0	0	0	0	0	0	0	0	0	0	0	0	0	0	0	0	0	0	0	0	0	0	0	0	0	0	0	
0	0	0	0	0	0	0	0	0	0	0	0	0	0	0	0	0	0	0	0	0	0	0	0	0	0	0	0	0	0	11.48169	0	0	0	0	0	0	0	0	2.70228	0	0	0	0	0	0	0	8.44924	0	0	0	0	0	0	0	0	0	5.96792	6.96793	0	9.51786	0	0	7.51785	0	0	0	0	0	0	0	0	0	0	0	0	0	0	0	0	0	0	0	0	0	0	0	0	0	0	0	0	0	0	0	0	0	0	0	0	
0	0	0	0	0	0	0	0	0	0	0	0	0	0	0	0	0	0	0	0	0	0	0	0	0	0	0	0	0	0	0	0	0	0	0	0	0	0	0	0	0	0	0	0	0	0	0	0	0	0	0	0	0	0	5.45419	0	0	0	0	0	0	0	0	0	0	0	0	0	0	0	0	0	0	0	6.83504	0	0	0	0	0	0	0	0	0	0	0	0	0	0	0	0	0	0	0	0	0	0	0	0	0	
0	0	0	0	0	0	0	0	0	0	0	0	0	0	0	0	0	0	0	0	0	0	0	0	0	0	0	0	0	0	0	0	0	0	0	0	0	0	0	0	0	0	17.07568	0	0	0	0	0	0	0	0	0	9.28525	0	0	0	0	0	0	12.0632	0	0	0	0	0	0	0	0	0	0	0	5.08957	0	0	0	0	0	0	0	0	0	0	0	0	0	0	0	0	0	0	0	0	0	0	0	0	0	0	0	0	
0	0	0	0	0	0	0	0	0	0	0	0	0	0	0	0	0	0	0	0	0	0	0	0	0	0	0	0	0	0	0	0	0	0	0	0	0	0	0	0	0	0	0	5.94459	0	0	0	12.24107	0	0	0	8.13512	0	0	0	0	0	0	4.30752	0	0	0	0	0	0	0	0	0	0	0	0	0	0	0	0	0	0	0	0	0	0	0	0	0	0	0	0	0	0	0	0	0	0	0	0	0	0	0	0	0	
0	0	0	0	0	0	0	0	0	0	0	0	0	0	0	0	0	0	0	0	0	0	0	0	0	0	0	0	0	0	0	0	0	0	0	0	0	0	0	0	0	0	8.95053	0	0	0	0	0	0	0	0	0	0	0	0	9.68779	0	0	0	0	0	0	0	0	0	0	0	0	5.54128	0	0	0	0	0	0	0	0	0	0	0	0	0	0	0	0	0	0	0	0	0	0	0	0	0	0	0	0	0	0	0	
0	0	0	0	0	0	0	0	0	0	0	0	0	0	0	0	0	0	0	0	0	0	0	0	0	0	0	0	0	0	0	0	0	0	0	0	0	0	0	0	13.46493	0	0	0	0	0	0	0	0	0	0	0	0	0	0	0	0	0	0	0	0	0	0	0	0	0	0	0	0	0	0	0	0	0	0	0	0	0	0	0	0	0	0	0	0	0	0	0	0	0	0	0	0	0	0	0	0	0	0	0	
0	0	0	0	0	0	0	0	0	0	0	0	0	0	0	0	0	0	0	0	0	0	0	0	0	0	0	0	0	0	0	0	0	0	0	0	0	0	0	0	0	0	0	0	0	0	0	11.15001	0	0	6.72107	0	0	0	0	0	0	0	0	0	0	0	0	0	0	0	0	0	0	0	0	0	0	0	0	0	6.87251	0	0	0	0	0	0	0	0	0	0	0	0	0	0	0	0	0	0	0	0	0	0	0	
0	0	0	0	0	0	0	0	0	0	0	0	0	0	0	0	0	0	0	0	0	0	0	0	0	0	0	0	0	0	0	0	0	0	0	0	0	0	0	0	0	0	0	0	0	0	0	6.30592	0	0	9.54713	9.81835	0	0	0	0	7.66506	0	6.8539	0	9.4718	0	0	0	0	7.92102	0	0	0	0	0	0	0	0	0	0	0	0	0	0	0	0	0	0	0	0	0	0	0	0	0	0	0	0	0	0	0	0	0	0	
0	0	0	0	0	0	0	0	0	0	0	0	0	0	0	0	0	0	0	0	0	0	0	0	0	0	0	0	0	0	0	0	0	0	0	0	0	0	0	0	0	9.81835	0	0	0	0	0	0	0	0	0	0	0	0	0	0	0	0	0	0	0	0	0	0	0	0	0	0	0	0	0	0	0	0	0	0	0	0	0	0	0	0	0	0	0	0	0	0	0	0	0	0	0	0	0	0	0	0	0	0	
0	0	0	0	0	0	0	0	0	0	0	0	0	0	0	0	0	0	0	0	0	0	0	0	0	0	0	0	0	0	0	6.91504	0	0	0	0	0	0	0	0	0	0	0	0	0	0	0	7.90604	0	0	0	0	0	0	0	0	0	0	0	0	0	0	0	0	0	0	0	4.17197	0	0	0	0	0	0	0	0	0	0	0	0	0	0	0	0	0	0	0	0	0	0	0	0	0	0	0	0	0	0	0	0	
0	0	0	0	0	0	0	0	0	0	0	0	0	0	0	0	0	0	0	0	0	0	0	0	0	0	0	0	0	0	0	11.51491	0	0	0.58573	0	0	0	0	0	0	0	0	0	0	0	0	0	0	0	0	0	0	0	0	0	0	0	0	0	0	0	0	0	0	0	0	0	0	0	0	0	0	0	0	0	0	0	0	0	0	0	0	0	0	0	0	0	0	0	0	0	0	0	0	0	0	0	0	0	
0	0	0	0	0	0	0	0	0	0	0	0	0	0	0	0	0	0	0	0	0	0	0	0	0	0	0	0	0	0	0	0	0	0	0	0	0	0	0	0	0	0	0	11.20643	0	0	0	0	0	12.98409	0	0	0	0	9.37611	0	0	0	0	0	0	0	0	0	0	0	0	0	0	0	0	0	0	0	0	0	0	0	0	0	0	0	0	0	0	0	0	0	0	0	0	0	0	0	0	0	0	0	0	0	
0	0	0	0	0	0	0	0	0	0	0	0	0	0	0	0	0	0	0	0	0	0	0	0	0	0	0	0	0	0	0	0	7.71296	0	0	0	0	0	0	0	0	0	0	0	0	0	0	3.52554	0	0	4.95425	4.3575	0	0	0	0	0	0	7.68164	0	0	0	0	0	0	0	0	0	0	0	3.32387	0	0	0	0	0	0	0	0	0	0	0	0	0	0	5.2042	0	0	0	0	0	0	0	0	0	0	0	0	0	0	
0	0	0	0	0	0	0	0	0	0	0	0	0	0	0	0	0	0	0	0	0	0	0	0	0	0	0	0	0	0	0	0	0	0	0	0	0	0	0	10.47739	0	0	0	0	16.35768	0	3.70244	0	0	0	0	0	0	0	0	0	0	0	0	0	0	0	0	0	0	0	0	0	0	0	0	0	0	0	0	0	0	0	0	0	0	0	0	0	0	0	0	0	0	0	0	0	0	0	0	0	0	0	0	0	
0	0	0	0	0	0	0	0	0	0	0	0	0	0	0	0	0	0	0	0	0	0	0	0	0	0	0	0	0	0	0	0	0	0	0	11.28872	0	0	0	0	0	0	0	0	0	0	0	9.54132	0	0	0	0	0	6.35384	0	0	0	0	0	0	9.75872	0	0	0	0	0	0	0	0	0	0	0	0	0	0	0	0	0	0	0	0	0	0	0	0	0	0	0	0	0	0	0	0	0	4.4615	0	0	0	0	0	
0	0	0	0	0	0	0	0	0	0	0	0	0	0	0	0	0	0	0	0	0	0	0	0	0	0	0	0	0	0	0	0	0	0	0	0	0	0	0	0	0	16.29298	0	0	0	0	0	0	0	0	0	0	0	0	0	0	0	0	0	0	0	0	0	0	0	0	0	4.24998	0	0	0	7.8287	0	0	0	0	0	0	0	0	0	0	0	0	0	0	0	0	0	0	0	0	0	0	0	0	0	0	0	0	
0	0	0	0	0	0	0	0	0	0	0	0	0	0	0	0	0	0	0	0	0	0	0	0	0	0	0	0	0	0	0	0	0	0	0	0	0	0	0	0	6.98514	0	0	0	10.91618	0	0	5.4018	0	0	0	10.35089	0	0	0	10.20857	0	0	9.26191	0	7.06824	0	0	0	0	0	0	0	0	0	0	0	0	0	0	0	0	0	0	0	0	0	0	0	0	0	0	0	0	0	0	0	0	0	0	0.58573	0	0	0	0	
0	0	0	0	0	0	0	0	0	0	0	0	0	0	0	0	0	0	0	0	0	0	0	0	0	0	0	0	0	0	0	0	0	0	0	0	0	0	0	0	0	0	0	0	16.88064	0	0	0	0	2.17162	0	0	6.43677	0	0	0	0	8.24056	0	0	0	5.30589	0	0	0	0	0	0	0	0	0	0	0	0	0	0	0	0	0	0	0	0	0	0	0	0	0	0	0	0	0	0	0	0	0	0	0	0	0	0	
0	0	0	0	0	0	0	0	0	0	0	0	0	0	0	0	0	0	0	0	0	0	0	0	0	0	0	0	0	0	0	0	0	0	0	0	0	0	0	0	0	0	0	10.59556	0	0	12.84166	0	0	0	6.43677	0	0	0	0	0	0	0	0	6.14169	0	0	0	0	8.772	0	0	2.17162	0	0	0	0	8.88633	0	0	0	5.92099	0	0	0	0	0	0	0	0	0	0	0	0	0	0	0	0	0	0	0	0	0	0	0	
0	0	0	0	0	0	0	0	0	0	0	0	0	0	0	0	0	0	0	0	0	0	0	0	0	0	0	0	0	0	0	0	0	0	0	0	0	0	0	0	0	0	0	0	2.17162	2.90877	0	10.26543	0	0	0	8.56383	7.03005	0	0	7.05743	0	0	0	0	0	0	0	0	0	0	1.5864	8.25719	0	0	0	0	0	11.34285	0	0	0	0	0	0	0	0	0	0	0	0	0	0	0	0	0	0	0	0	0	0	0	0	0	0	
0	0	0	0	0	0	0	0	0	0	0	0	0	0	0	0	0	0	0	0	0	0	0	0	0	0	0	0	0	0	0	0	0	0	0	0	0	17.97776	0	0	0	0	0	0	0	0	0	0	0	0	0	6.3735	0	0	5.28751	0	9.70866	0	0	3.00189	0	6.86013	0	0	0	0	0	0	0	0	0	0	0	0	5.80202	0	0	0	0	0	0	0	0	0	0	0	0	0	0	0	0	0	0	0	0	0	0	0	0	0	
0	0	0	0	0	0	0	0	0	0	0	0	0	0	0	0	0	0	0	0	0	0	0	0	0	0	0	0	0	0	0	0	0	0	0	0	0	0	0	0	0	0	13.46211	0	0	10.67988	0	11.79693	0	0	8.83505	0	10.37067	0	9.44821	0	0	0	0	0	0	0	0	10.8299	0	0	0	0	0	0	9.45337	0	0	0	0	0	0	0	1.00108	0	0	0	0	0	0	0	0	0	0	0	0	0	0	0	0	0	0	0	0	0	
0	0	0	0	0	0	0	0	0	0	0	0	0	0	0	0	0	0	0	0	0	0	0	0	0	0	0	0	0	0	0	0	0	0	0	0	0	0	0	0	0	0	0	0	0	0	0	7.73687	9.33532	0	0	9.93512	0	0	0	0	0	0	0	0	0	0	0	0	1.5864	0	0	0	0	0	0	0	0	0	0	0	0	0	0	0	0	0	0	0	0	0	0	0	0	0	3.00189	0	0	0	0	0	0	0	0	0	
0	0	0	0	0	0	0	0	0	0	0	0	0	0	0	0	0	0	0	0	0	0	0	0	0	0	0	0	0	0	0	0	0	0	0	0	0	0	0	0	0	0	0	0	0	0	0	13.88232	0	0	0	0	8.52964	9.07898	0	0	0	0	12.46168	12.34868	0	0	0	0	0	0	0	0	0	0	0	0	0	0	0	0	0	0	0	0	0	0	0	0	0	0	0	0	0	0	0	0	0	0	0	0	0	0	4.42833	0	
0	0	0	0	0	0	0	0	0	0	0	0	0	0	0	0	0	0	0	0	0	0	0	0	0	0	0	0	0	0	0	0	0	0	0	0	0	0	0	0	0	0	5.02447	0	0	0	0	0	0	8.0231	0	7.01338	0	10.74237	0	0	0	0	0	0	0	0	0	0	14.26653	0	0	0	0	0	0	0	0	0	0	0	10.59789	0	0	0	0	0	0	0	0	0	0	0	0	0	0	0	0	0	0	0	0	0	0	0	
0	0	0	0	0	0	0	0	0	0	0	0	10.27363	0	0	0	0	0	0	0	0	0	0	0	0	0	0	0	0	0	10.89167	0	0	0	0	0	0	0	0	0	0	0	9.12236	0	0	0	0	8.24056	0	0	15.5509	0	0	1.5864	11.27041	0	9.6064	0	0	0	0	0	0	9.22375	13.67933	8.73178	0	0	0	0	0	0	0	0	0	0	0	0	0	0	0	0	0	0	0	0	0	0	0	0	0	0	0	0	0	0	0	0	0	0	
0	0	0	0	0	0	0	0	0	0	0	0	0	0	0	0	0	0	0	0	0	0	0	0	0	0	0	0	0	0	0	0	0	0	0	0	0	0	0	0	0	0	0	0	0	11.27278	2.32366	0	1.80892	12.77273	0	8.99683	5.91911	0	7.62421	6.62707	0	0	0	0	13.80387	0	0	0	0	0	0	0	0	5.47306	0	0	0	0	0	0	2.97233	0	0	0	0	0	0	0	0	0	0	0	0	0	0	0	0	0	0	0	0	0	0	0	
0	0	0	0	0	0	0	0	0	0	0	0	0	0	0	10.38425	0	0	0	0	0	0	0	0	0	0	0	0	0	0	0	0	0	0	0	0	10.57628	0	0	0	0	0	0	1.32325	0	10.97263	8.40009	9.36739	2.17162	6.50199	0	0	2.46121	0	10.09888	0	0	0	0	4.88473	0	8.26425	0	5.77031	0	8.06555	0	0	10.67061	0	7.27361	0	0	0	0	11.66105	0	0	0	5.66646	0	0	0	0	0	0	0	0	0	0	9.85235	0	0	0	0	0	0	0	0	0	
0	0	0	0	0	0	0	0	0	0	0	0	0	0	0	0	0	0	0	0	0	0	0	0	0	0	11.26161	0	0	0	0	5.42838	0	0	5.88477	0	0	0	0	0	12.55406	0	0	0	0	0	0	0	6.4983	0	3.90891	9.58713	8.28061	0	9.06286	0	8.77695	0	0	0	2.17162	7.07897	0	0	0	8.39233	0	0	0	0	0	0	0	9.60857	0	0	0	0	0	0	0	0	0	0	0	0	0	0	0	0	0	0	0	0	0	0	3.24987	0	0	0	
0	0	0	0	0	0	0	0	0	0	0	0	0	0	0	0	0	0	0	11.58807	0	0	0	0	0	0	0	0	0	0	0	0	0	0	0	0	0	0	0	0	0	0	0	13.84983	0	0	13.14651	11.16707	11.03042	0	8.83821	7.56025	11.7558	0	0	0	14.1048	0	0	7.79843	6.89576	0	0	11.39341	0	5.83502	0	8.33978	0	0	0	0	0	0	0	0	0	0	0	0	0	0	0	0	0	0	0	0	0	0	7.47497	0	0	0	0	0	0	0	0	0	
0	0	0	0	0	0	0	0	0	0	0	0	7.60578	0	0	0	0	0	0	10.22617	0	0	0	0	0	0	0	0	0	0	0	0	0	6.20628	0	0	0	0	0	0	0	9.87791	12.90642	0	10.15526	0	0	3.20245	10.12629	0	4.49392	7.13899	6.65266	4.58523	10.32774	2.17162	6.6858	4.75992	6.41825	0	0	0	0	0	3.58694	0	0	0	0	0	0	0	0	0	0	0	0	0	11.74889	0	0	0	0	0	0	0	0	0	0	0	0	0	0	0	0	0	0	0	0	0	
0	0	0	0	0	0	0	0	0	0	0	0	0	0	0	0	0	0	0	0	0	0	0	13.13225	0	0	0	0	0	0	0	0	0	0	0	0	0	0	11.28032	0	0	0	8.93165	10.1633	0	0	11.17139	5.13565	0	8.98852	8.70952	6.45158	0	0	0	0	0	8.73465	14.07722	10.79211	12.18378	0	0	0	8.40943	0	0	0	0	0	0	0	0	0	0	0	0	0	0	0	0	0	0	0	0	0	0	0	0	0	0	0	0	0	0	0	0	0	0	0	
0	0	7.57201	0	0	0	0	0	0	0	0	0	0	0	0	0	0	0	0	0	0	0	0	0	0	0	0	0	0	0	0	0	0	0	0	0	0	0	0	0	10.84454	0	0	0	0	12.00005	0	7.89543	8.988	11.65607	0	9.02453	10.29793	8.63397	0	10.62376	0	0	4.90899	5.57198	8.17767	0	7.80306	9.83742	0	0	0	0	0	0	0	7.45366	0	0	0	0	1.80892	0	0	0	0	0	0	0	0	0	0	0	0	0	0	0	0	0	0	0	0	0	0	0	
0	0	0	0	0	0	0	0	0	0	0	10.47587	0	0	0	0	0	0	0	0	0	0	0	0	0	0	0	0	0	0	0	0	4.55666	0	0	0	0	7.88173	12.29259	6.90904	1.5864	5.0021	0	0	10.87299	7.00777	10.85842	8.10554	10.25767	0	10.4895	0	0	5.38949	0	10.73556	3.4	10.58431	0	0	0	0	0	0	0	0	0	5.17203	0	0	0	0	5.21156	0	0	7.30593	0	0	9.84215	0	0	0	0	0	0	0	0	0	0	0	0	0	0	0	0	8.39967	0	0	0	0	
0	0	0	0	0	0	0	0	0	0	0	0	0	0	0	0	0	0	0	0	0	0	0	0	0	0	0	0	0	0	0	0	0	0	4.17197	8.17394	0	0	0	5.99082	0	13.58319	0	11.42031	15.37999	10.39901	8.85532	6.26645	2.62502	10.80881	11.04948	10.12951	0	7.97928	0	0	7.80865	0	0	5.01292	8.43679	0	1.80892	0	0	0	0	0	0	0	0	0	0	0	0	0	0	0	2.58676	0	0	0	0	0	0	0	0	10.80508	0	0	0	0	0	0	0	0	0	0	0	0	
0	0	0	0	0	0	0	0	9.99793	0	10.36958	0	0	0	0	0	0	0	0	0	0	0	0	0	0	0	7.64961	0	0	0	0	0	0	0	0	2.80921	0	13.33888	12.04997	0	10.11562	9.49502	0	11.19446	0	11.64616	7.56319	8.01458	10.9292	8.87632	0	7.21875	0	0	0	0	9.03109	6.26892	0	0	0	0	0	0	0	0	15.70623	0	0	0	0	0	0	0	0	0	0	0	0	0	0	0	0	0	0	0	0	0	0	0	0	0	0	3.4614	0	0	0	0	0	0	
0	0	0	0	0	0	0	0	0	0	0	9.45749	0	0	11.98248	0	0	0	0	0	0	0	0	0	0	0	0	0	0	0	0	10.17209	0	0	6.70258	0	12.32339	0	0	10.98537	0	0	10.35742	10.02902	10.04276	6.78504	10.628	9.59168	6.24955	10.27058	6.17375	9.03055	9.52718	7.73475	0	9.10807	9.58808	0	0	13.5253	8.73856	4.47161	0	8.53744	0	0	0	0	0	0	0	0	0	0	0	7.15422	0	0	0	0	0	0	0	6.53352	0	0	0	0	0	0	0	0	0	0	0	0	0	0	0	0	
0	0	0	0	0	0	0	0	0	0	0	0	14.55023	0	0	0	0	0	0	0	0	0	0	0	0	0	0	0	0	9.06015	0	0	10.24176	0	8.85391	0	13.29305	0	14.9274	11.12208	11.87852	10.09228	10.07182	7.17969	9.00134	4.2414	10.38765	10.16593	5.25004	8.97538	8.13705	10.5876	9.22978	4.93851	4.67139	5.44898	8.00052	0	0	7.25482	5.35967	0	0	0	0	0	0	0	0	0	0	0	0	10.54035	0	0	0	0	0	0	10.68384	0	0	0	0	0	0	0	0	0	0	0	0	0	0	0	0	0	0	0	
0	0	0	0	0	0	0	11.42213	0	0	0	9.99439	0	0	0	0	0	0	0	0	0	0	0	0	0	0	0	9.7917	0	0	1.80892	0	11.89471	0	0	0	9.68691	7.99934	8.9595	11.09761	10.24403	8.31189	0	10.52845	10.60742	9.76935	8.51778	8.60542	10.04057	9.76443	5.49696	9.33216	8.9823	8.57202	7.83268	5.73754	8.67635	4.66205	4.71794	8.94468	4.37502	10.99298	2.90877	0	10.32127	0	0	0	0	0	0	0	0	9.42318	0	0	0	0	0	0	0	0	0	0	0	0	0	0	0	0	0	0	0	0	0	0	0	0	0	0	
11.94998	0	0	0	0	0	0	0	6.69088	0	0	0	8.72155	0	0	0	0	0	0	0	0	0	0	0	11.80306	0	0	8.83821	0	0	0	0	14.61679	0	10.6518	8.78352	0	5.87249	10.19544	7.29726	8.83979	9.44868	5.99674	10.24491	10.86046	9.54703	9.13057	9.51522	5.93184	2.06629	10.78363	5.45234	5.77151	4.01227	11.25915	8.88362	10.14235	3.96037	0	10.85651	0	3.90891	0	4.84577	0	7.18206	0	0	0	0	2.90877	0	0	0	0	0	0	0	0	0	0	0	5.10139	0	0	8.93024	0	0	0	0	0	0	0	0	0	0	0	0	0	0	
0	0	0	11.01862	0	0	0	0	0	0	0	0	0	0	0	0	0	0	9.38371	0	0	11.59835	0	5.23093	10.99793	9.31618	0	0	10.85079	9.99652	12.43093	0	13.62067	0	0	0	0	9.85015	11.00833	8.34779	8.46368	6.91818	9.11274	8.73285	9.24572	9.97199	8.47902	8.90282	9.68782	6.0419	9.23277	6.61179	10.66396	6.94252	7.01393	9.28996	0	3.83375	4.37685	7.91293	0	2.70228	9.15191	0	0	0	0	0	0	4.95629	0	0	4.04643	0	0	7.25482	11.86983	1.00108	0	0	0	0	0	0	0	0	0	0	0	0	0	0	0	0	0	0	0	0	0	0	
8.4073	0	0	0	11.41341	7.06612	0	0	0	0	0	0	0	0	0	0	0	10.56917	0	0	0	0	0	0	9.15445	0	10.28613	9.39721	0	15.3939	10.34579	0	0	0	11.68099	8.53938	5.84886	11.24877	10.89963	10.12556	7.68072	9.14491	10.98972	9.30353	8.67687	8.98893	9.99492	9.16875	7.90197	9.97543	4.989	11.20623	9.24653	8.05113	7.94768	8.53935	9.02255	3.84867	6.8838	8.47526	12.01427	0	4.77188	8.25246	11.79007	9.2104	9.27309	0	0	0	0	0	0	0	2.80921	0	0	0	0	0	0	0	0	0	0	0	0	0	0	0	0	0	0	0	0	0	0	0	0	0	
0	0	0	0	0	0	0	0	8.18455	0	9.65142	0	0	0	0	0	12.03988	13.71523	8.55291	5.28751	11.01199	6.60292	0	0	0	11.05982	0	8.57202	8.0811	11.22254	0	10.24534	11.10709	8.66276	9.14132	10.23638	8.22632	7.41808	9.14451	9.44218	9.26182	9.0201	5.02341	8.02997	9.56592	8.12561	8.12535	8.73444	7.92304	6.3893	9.63479	10.49533	8.58496	7.36844	6.01783	5.78834	5.85446	9.03007	0	9.74279	5.80078	10.00919	10.20918	0	6.3312	10.99616	5.63148	0	0	0	0	5.55671	0	0	7.08961	0	0	0	9.2666	0	0	0	0	0	0	7.5644	0	0	0	0	0	0	0	0	0	0.58573	0	0	0	0	
0	9.73941	0	0	0	7.80629	0	0	0	0	0	0	0	0	7.23097	9.50996	0	12.12515	9.3857	0	10.62696	0	5.08957	0	0	0	0	0	10.10248	9.08962	7.3138	0	11.72412	4.66318	10.42107	7.50162	8.96072	10.0213	7.94268	9.1434	8.92439	7.68252	8.8029	7.73345	8.30836	7.30435	8.24774	9.43765	8.47355	7.7384	6.40677	8.09097	7.73905	7.08996	8.07691	6.23304	0	6.89728	8.06159	4.36752	0	7.77364	0	10.88939	10.15411	0.58573	5.86821	10.40677	0	0	0	0	0	0	0	3.80936	0	0	0	0	8.66527	0	0	0	0	0	0	0	0	0	0	0	0	0	0	0	0	0	0	0	
0	10.9912	8.16706	0	8.55047	0	0	0	0	0	6.67457	0	0	0	7.41154	10.45028	0	8.65859	0	0	5.97941	6.29676	7.54145	9.94672	10.37612	9.09095	0	4.29087	8.74867	7.056	11.83387	10.08431	11.01502	11.26625	9.83151	6.48183	8.01659	7.86896	7.7947	8.44206	7.71777	7.49176	6.59645	6.4757	7.72408	6.18412	7.92298	7.23362	9.26963	7.85235	7.49128	8.63676	7.09256	8.00528	8.07998	6.17697	7.58911	5.98213	7.42751	5.88477	0	6.60966	8.87427	8.50215	7.00148	2.00162	1.00108	0	0	0	0	5.63148	0	1.80892	9.71555	0	6.68162	0	0	0	0	0	0	4.49472	0	2.31426	0	0	0	0	0	0	0	0	0	0	0	0	0	0	
0	0	0	0	0	0	0	0	5.4115	0	8.47383	11.53135	0	0	0	0	0	0	9.71813	0	4.88473	0	0	0	0	9.50001	10.7661	0	3.00189	10.77654	4.69939	9.37176	7.93879	8.39628	9.69054	10.08056	8.06833	8.9749	9.97001	8.88492	7.31368	7.3422	7.49368	7.70136	7.96481	7.96136	7.22549	7.69499	8.23273	8.84178	8.12177	7.99406	7.1296	6.98097	6.29455	8.09985	9.20307	8.47835	7.86324	7.00999	9.67172	5.01754	12.24169	6.28695	0	8.94967	0	8.71958	0	0	0	0	0	0	0	0	0	0	4.93283	0	0	8.77859	0	0	0	0	0	9.49925	5.96792	10.11721	0	0	0	0	0	0	0	0	0	0	
0	0	0	0	0	0	0	0	10.86596	9.54127	0	0	0	10.86635	0	0	0	6.7095	8.63152	3.02945	0	0	0	8.28013	6.78351	9.66037	7.95052	8.76692	8.91767	9.9698	0	6.5266	4.77694	4.13723	5.43134	8.42553	8.8785	5.91586	7.90778	5.56517	7.7377	7.67158	8.35933	7.74811	6.88315	8.34607	8.30416	7.9778	6.73633	8.1889	8.05673	6.4649	7.04801	6.97915	8.0081	7.62186	6.28606	11.28327	9.38046	5.35195	6.77773	9.22106	6.94267	6.6532	3.43713	8.31169	8.88021	0	0	0	0	0	0	7.41154	8.70779	0	0	0	13.34257	0	0	0	0	0	0	0	0	0	8.40517	0	1.80892	0	0	0	0	0	0	0	0	0	
0	0	10.50101	8.12488	0	6.25007	0	3.39428	4.13133	0	0	0	0	0	0	0	0	8.49013	0	0	0	0	0	11.93493	0	9.01618	0	9.66736	6.25007	8.14895	0	8.33925	0	7.87867	5.90828	8.23581	6.95576	7.89693	2.39402	8.00482	8.55654	8.43009	7.48788	7.32026	8.08876	7.04584	6.03688	8.05531	7.81315	8.23434	6.56062	8.06755	8.3173	7.42246	7.27269	5.08878	7.46687	8.58851	8.00642	6.29816	11.1687	8.93749	5.93308	9.42001	6.50193	0	0	6.25157	4.95629	2.17162	5.22327	0	8.04928	0	1.16183	0	6.44489	0	0	0	0	0	4.87239	0	0	0	0	0	0	0	0	0	0	0	0	0	0	0	0	0	
0	0	0	0	0	0	0	0	0	0	8.12628	8.71984	8.12697	0	10.15191	0	0	10.00498	0	12.70466	0	0	0	0	0	0	4.24998	1.00108	7.69332	0	9.19569	7.95017	5.58847	8.00053	6.30098	7.17613	8.92866	7.52188	7.02287	8.87521	7.87272	6.03379	5.28497	6.29187	6.17741	7.62317	5.35715	6.42686	6.93365	6.37315	6.7781	9.79075	9.22362	7.28017	5.81503	6.45868	5.14426	6.63159	8.86566	6.71324	7.80183	5.41404	6.94626	7.21812	0	5.35352	6.23096	5.21037	0	0	7.47789	0	7.75494	3.95761	0	12.83674	0	0	0	0	0	0	0	0	0	0	0	0	6.34197	0	0	0	0	0	0	0	0	0	0	0	
0	0	0	0	0	0	0	0	0	10.49502	0	0	3.24987	0	0	0	0	0	0	0	0	0	0	8.6049	0	0	9.41557	0	0	5.53075	5.73739	0	0	6.81725	8.81914	7.24056	8.0273	2.58676	0	7.82552	3.58101	12.02679	5.82162	5.35006	7.84086	8.55381	6.20643	5.50949	9.28668	5.42469	6.31843	7.77678	5.74794	6.51242	7.74921	6.64488	6.68005	7.07573	3.78117	5.80666	6.43963	5.51123	2.96761	8.95675	7.32273	5.60053	5.17203	7.69564	6.89936	0	0	16.05991	0	5.37715	0	3.4614	8.08697	0	0	0	0	0	0	0	9.33196	0	0	4.83498	0	0	0	7.84765	0	0	0	0	4.97938	0	0	0	
0	0	0	0	0	0	0	0	0	0	0	12.48472	0	0	0	0	0	7.62426	12.30395	0	0	0	0	5.66034	0	0	0	11.19661	0	0	0	0	4.7779	5.8911	5.22113	0	4.35044	8.94583	2.80102	1.16183	7.77707	8.35575	7.2666	0.66163	0	8.39921	5.08623	4.96128	6.63043	5.94952	6.40003	10.43807	7.38239	3.96703	6.32255	6.9864	5.79082	7.22105	6.81279	6.8338	6.76677	4.5336	0	5.33171	8.54969	0	6.06846	5.4115	11.3224	7.56615	0	0	0	0.58573	0	9.89395	0	8.4073	0	0	0	7.69242	0	0	0	0	0	0	0	0	0	0	0	0	0	0	0	0	0	0	
0	0	0	0	5.99958	0	0	0	0	0	8.8648	0	0	0	0	9.66909	0	0	7.93879	0	6.96521	5.55671	0	0	0	8.91804	10.0883	0	0	5.36605	0	8.13201	12.7052	0	0	7.38586	10.68998	12.47663	12.46964	10.85655	4.42662	10.15888	6.70341	6.10017	6.82843	5.93755	12.88786	5.93486	8.39638	8.08646	7.16481	5.57721	8.04278	6.69439	5.9873	7.03824	4.81655	6.47001	3.596	8.00695	6.04615	6.68043	5.33575	4.50717	6.94365	0	6.98532	8.78391	0	6.6242	9.19031	9.86867	8.27974	11.34821	6.14299	0	5.37785	0	0	0	8.46364	0	0	1.32325	0	0	0	0	0	0	0	0	0	0	0	0	0	0	0	0	
0	0	0	0	0	0	0	0	0	0	0	6.18204	5.11465	0	0	9.839	0	0	0	0	4.95629	0	0	0	0	0	0	0	0	5.56821	7.00777	6.77783	0	0	0	8.55291	0	0	0	2.80921	4.93214	7.10971	4.76449	3.88865	6.73323	4.92762	5.07698	7.59716	6.63424	5.31104	0	0	7.13672	10.59752	0	5.96343	8.9864	6.33519	5.43169	5.604	8.36427	7.25999	9.19482	5.94225	5.98264	7.72197	3.86	7.60585	1.32325	9.82131	0	7.35072	7.98687	9.68603	10.36849	0	3.7569	0	4.49392	0	0	0	0	0	0	0	0	0	0	0	0	0	0	0	0	0	0	0	0	0	
0	0	0	9.352	0	0	0	0	0	0	0	0	0	0	0	0	2.46121	0	0	0	0	0	9.84608	0	0	0	5.76105	9.40644	5.94465	7.86634	0	0	6.01336	0	0	9.25987	0	0	7.43261	3.00107	4.16108	0	1.00108	0	2.67098	8.85859	7.39423	7.83505	5.53063	5.04316	6.09828	8.57098	6.64111	6.65101	7.85206	7.28159	9.36947	5.71467	6.52758	6.99324	7.89703	8.48125	9.28147	8.38477	5.64885	6.32692	6.78258	9.17083	9.44797	7.73676	4.55571	7.61056	4.79047	1.9759	7.61367	0	10.10611	0	5.41046	11.93641	0	4.32398	6.91504	0	0	0	0	0	0	0	0	0	0	0	0	0	0	5.97941	0	13.54767	
0	0	5.76101	0	0	0	0	0	0	0	0	0	0	0	0	0	0	0	0	0	5.42838	0	0	0	0	9.06286	0	7.53213	0	9.4073	0	9.15571	10.96903	0	1.80892	0	0	6.90342	6.03089	0	5.73004	0	0	7.03826	10.3734	10.10217	0.66163	3.88422	9.58336	6.22527	5.65604	9.63969	8.72502	9.08766	6.08367	10.42728	1.32325	4.40543	6.79618	7.8924	2.07957	6.75719	5.82585	2.55154	4.84641	7.13546	6.1429	0	9.30011	5.06672	4.2011	7.52718	6.61901	8.65768	0	0	6.14733	0	3.44563	9.66127	0	6.65897	0	0	0	0	0	0	3.70244	0	0	0	0	0	0	0	3.52554	0	0	0	
0	0	0	0	3.32387	0	0	0	0	0	0	0	9.6737	0	0	0	0	0	0	0	6.57957	5.08957	0	0	0	0	0	8.1641	0	0	0	2.90877	10.48396	0	0	0	7.62786	0	1.5864	6.86013	0	0	3.89829	0	6.6315	0	3.48178	6.78351	7.01896	5.13836	2.46121	7.24251	9.39984	7.62241	8.53706	1.69766	0	4.37652	5.55299	1.65323	6.27351	7.3624	8.52748	5.93502	5.69992	8.42156	8.19831	4.00296	7.3835	6.03877	6.44622	0	0	9.74769	0	9.53448	3.95151	5.12099	0	0	0	0	0	0	6.90301	0	0	0	0	0	0	0	0	0	0	0	8.95781	0	0	0	
0	0	0	0	0	0	0	0	7.45748	0	0	0	0	0	0	0	8.94761	0	8.4451	0	0	0	0	0	8.24029	0	0	0	0	0	0	0	0	0	6.80305	7.81914	0	7.12627	0	0	0	0	7.28755	10.84097	0	9.98831	9.7078	8.84136	0	3.44902	0	9.17958	7.66749	8.55556	0	4.73	0	6.49938	0	6.58254	7.62741	6.73686	6.49824	6.80305	4.60379	5.89259	6.78457	5.40086	10.64241	7.01506	8.19786	5.51452	5.6787	7.58712	7.34536	3.432	11.30363	10.32353	0	0	8.26895	12.63527	9.39984	0	8.27955	3.24987	6.67457	4.42833	2.58676	0	5.49172	0	0	9.19344	0	0	0	0	0	0	
0	0	0	0	0	0	0	0	0	0	0	0	0	0	0	0	0	0	0	0	8.27161	0	0	0	0	0	0	0	0	4.88473	0	0	0	0	4.88473	0	0	0	0	0	8.47992	0	7.28292	8.9549	5.26069	0	0	7.15697	7.5758	5.89572	9.75119	0	0	1.40461	3.46111	6.47424	0	0	7.46092	9.18431	8.40304	5.74691	3.0448	5.8667	6.82037	8.02656	5.19891	5.08245	6.35511	4.88492	9.10383	6.86172	3.68724	5.87409	3.08159	0	1.87845	0	5.00911	0	0	0	4.04643	0	0	0	7.01622	0	0	0	0	0	0	0	0	0	0	0	0	0	
0	0	0	0	7.62054	0	0	0	0	0	0	1.5864	0	5.28751	0	0	0	0	0	0	0	0	0	0	0	0	0	0	0	0	0	0	0	0	0	0	0	0	0	7.96953	0	0	5.95633	0	5.7778	0	3.46348	8.48598	0	0	6.86013	0	0	0	8.84451	0	0	1.00108	0	8.53549	8.15842	0.58573	5.24783	7.81564	5.28946	0	1.76277	4.59352	11.00216	7.14261	6.21687	8.76121	8.22533	5.03499	0	0	2.7543	7.12627	8.22099	7.75704	2.32366	8.504	2.00162	0	0	0	3.00189	8.20529	0	5.22708	0	0	0	0	7.74699	0	0	0	0	0	
0	0	0	0	0	0	0	0	0	0	0	0	0	0	0	0	0	7.02564	0	0	0	9.42212	8.68866	0	0	0	9.44718	0	0	0	0	0	0	4.07468	5.39443	0	0	0	0	0	0	0	0	0	0	0	0	0	0.58573	0	9.93807	0	0	0	0	9.02151	8.08869	9.06149	5.71637	2.90877	0	3.91171	5.06438	0	8.25584	7.02649	6.30003	6.82628	4.82717	2.21417	7.41535	5.65402	6.52952	4.59785	10.60259	6.48573	7.69086	0	6.97943	7.55535	0	0	8.41629	0	6.14169	9.05329	4.58704	0	0	10.43474	0	0	0	0	0	0	8.87511	0	0	0	
0	0	0	0	0	0	0	0	6.66862	0	0	0	0	0	0	0	0	0	0	0	0	0	0	0	0	0	0	1.00108	0	0.58573	0	0	0	0	0	0	0	0	0	9.81367	0	0	0	0	0	7.69564	0	6.46975	8.55098	0	0	8.32183	0	0	0	0	0	0	8.24591	0	9.02907	0	8.22092	9.1798	6.98481	5.53015	4.5792	0	0	6.17804	9.15624	6.32407	9.19734	6.39035	4.68479	9.8494	1.87845	0	0	5.32952	6.43721	7.80998	10.25601	10.80154	5.81473	0	0	0	0	0	7.53354	0	9.8082	0	0	0	0	0	0	0	
0	0	0	0	0	0	0	0	0	0	0	0	0	7.97657	0	0	0	0	0	4.0895	0	0	0	0	0	2.38406	0	0	0	0	0	0	0	0	7.54905	0	0	8.3109	0	0	8.30137	0	6.8095	9.13659	7.5758	0	0	0	0	0	4.73	7.35088	0	0	5.88477	0	0	0	0	7.33047	5.78023	0	6.23321	7.13143	7.65321	4.396	9.81159	6.23096	0	4.60909	5.77998	0	6.62397	6.11193	11.03559	6.67959	4.07562	5.4742	5.69344	4.29842	0	6.28266	8.32634	4.15563	2.35126	0	0	11.01723	2.25293	0	0	0	0	7.89394	0	0	0	0	4.48972	0	
0	0	0	0	0	0	0	5.47785	0	0	0	0	0	0	0	0	0	0	0	0	0	0	11.73518	0	0	0	0	0	10.18332	0	0	0	0	0	10.10622	0	0	5.32404	0	0	0	1.23061	0	0	0	0	9.79794	0	0	0	0	0	10.26426	0	0	0	4.88125	4.42833	0	4.89284	9.07403	0	0	6.62911	0	1.80892	0	6.92571	6.07873	9.71469	7.59459	6.87782	6.14169	3.17982	8.86635	7.21278	3.93162	4.73	6.26192	7.35006	8.68284	8.43423	5.94136	0	7.12138	0	1.00108	4.11885	0	0	6.87251	8.70982	0	0	0	0	8.88174	0	0	0	
0	0	0	0	0	0	0	0	1.32325	0	0	0	0	0	0	0	0	0	0	0	0	0	0	0	0	0	0	0	0	0	0	0	0	0	0	0	0	6.32246	0	0	0	0	0	0	0	0	0	0	0	9.97514	0	5.39783	0	4.73082	0	0	2.17162	7.52394	0	0	2.00162	0	8.13144	11.29707	6.25007	5.57683	0	0	7.79624	7.65729	0	1.32325	5.9143	8.49518	7.82245	7.50992	0	3.6201	4.62852	6.68386	3.07116	10.30423	5.57198	0	0	0	0.29287	0	0	0	0	0	6.96729	7.17966	12.39153	0	0	0	0	0	
0	0	0	0	0	0	0	7.04654	0	0	0	0	0	0	0	0	0	0	0	0	0	0	0	0	0	0	0	0	0	0	0	0	0	0	0	0	0	4.23895	0	7.47789	0	0	0	0	0	0	0	0	0	0	3.99267	0	0	12.42094	7.46964	0	0	5.55375	10.28641	10.80023	0	0	0	5.42999	7.88766	9.27246	0	0	6.81803	5.07204	7.41579	5.23197	4.22629	9.88749	3.52554	7.98908	5.54577	0	7.0424	5.61863	7.17586	10.23518	4.19165	7.14756	5.2565	0	0	0.90076	0	0	7.00777	0	0	0	0	2.16466	0	0	0	0	
0	0	0	0	0	0	0	0	0	0	0	0	0	0	0	0	0	0	0	0	0	0	0	0	0	9.22012	0	0	0	0	0	0	0	0	0	0	0	5.26889	0	0	0	0	0	0	9.6834	0	0	0	10.91991	0	0	0	0	0	0	1.5864	0	0	0	0	0	0	8.28347	0	0	5.84311	3.42953	7.96097	0.58573	7.58065	4.94419	0	5.95412	0	8.0763	6.35564	7.13658	5.94235	2.92768	6.20075	1.87767	0	3.87444	0	6.46157	5.15369	0	0	0	0	7.78679	0	0	0	0	0	0	0	0	0	
0	0	0	0	0	0	0	0	0	0	0	0	7.86944	0	0	0	0	0	0.58573	0	0	0	0	0	0	0	0	0	0	0	0	0	0	0	0	0	0	0	0	0	0	0	0	0	0	0	0	10.02314	0	0	2.00162	0	12.1573	0	0	0	0	0	0	5.23107	0	0	0	5.12546	0	8.75035	8.55307	0	10.45955	0	0	9.67636	0	0	0	1.85733	6.33072	9.46233	7.19016	4.41568	0	5.83606	2.82348	5.05991	5.84971	1.93	7.25413	4.90899	5.50991	0	0	0	0	4.28746	0	0	0	0	0	0	
0	0	0	0	0	0	0	0	0	0	0	0	0	0	0	0	0	0	0	0	0	0	0	0	0	0	0	0	0	0	0	0	10.68076	0	0	0	0	0	0	0	2.80921	0	0	0	0	0	0	0	0	0	0	0	0	0	0	0	3.21414	0	0	0	7.79439	0	0	3.85958	0	4.52563	0	0	5.89197	0	0	0	7.50995	0	0	2.17162	0	0	4.74787	9.80375	6.39138	6.83504	9.49101	0	0	0	0	0	5.99082	0	7.72683	4.71659	5.55257	0	0	0	0	0	0	0	
0	0	0	0	0	0	0	2.5664	0	0	0	0	0	0	0	0	0	0	0	0	0	0	0	0	0	0	0	2.58676	0	0	0	0	0	0	0	0	0	0	0	0	0	0	0	0	0	0	0	0	0	0	0	0	0	0	0	0	0	0	0	0	0	0	0	0	0	0	0	0	0	0	4.28489	4.8121	6.2318	2.00162	0	5.74359	6.17206	0	10.37963	6.92101	0	6.2089	0	8.36629	0	9.82563	0	8.46159	0	0	0	0	0	0	0	8.42842	0	0	0	0	
0	0	0	0	0	0	0	0	0	0	0	0	0	0	0	0	0	0	0	0	8.03282	0	0	0	0	0	0	0	0	0	5.25004	0	0	0	0	0	0	0	0	0	0	0	0	0	0	0	0	0	0	0	0	0	0	0	0	0	0	0	0	11.09789	0	0	0	0	7.29677	8.0273	7.03005	5.49253	0	0	0	0	0	0	0	1.32325	5.35339	0	0	0	2.94848	0	0	0	3.71772	5.71637	7.51053	6.89804	6.5257	0	7.09491	6.16201	7.22132	10.95454	0	6.05742	0	0	0	0	
0	0	0	0	0	0	0	0	0	0	0	0	0	0	0	0	0	0	0	0	0	0	0	0	0	0	0	0	0	0	0	0	0	0	0	0	0	0	0	0	0	0	0	0	0	0	0	0	5.49397	0	0	0	0	0	0	0	0	0	0	0	0	0	0	0	0	0	0	0	0	9.03696	11.85372	9.86558	5.79651	0	10.19384	8.05201	0	8.22616	0	0	0	7.35088	7.36133	0	6.75443	0	0	0	0	5.28786	0	0.59291	7.79901	0	0	0	0	0	0	0	
0	0	0	0	0	0	0	0	0	0	0	0	0	0	0	7.73687	0	0	0	0	0	0	0	0	0	0	0	0	0	0	0	0	0	0	8.2189	0	0	0	0	0	0	0	0	0	0	0	0	0	0	0	0	0	0	0	0	0	0	0	0	0	0	0	0	0	0	0	0	3.39428	0	0	0	0	0	11.10873	0	0	0	1.16183	0	0	0	0	0	0	4.90412	0	7.28849	3.73488	5.35967	9.52527	8.61503	0	11.36739	0	0	0	0	0	0	0	
0	0	0	0	0	0	0	0	0	0	0	0	0	0	0	0	0	0	0	0	0	0	0	0	0	0	0	0	0	0	0	0	0	0	0	0	0	0	0	0	0	0	0	0	0	0	0	0	6.646	3.64585	0	0	0	0	0	0	0	0	0	4.4615	0	0	0	0	0	7.38299	0	0	0	0	0	5.82231	0	0	0	0	0	11.46032	0	5.15844	9.32071	0	0	7.24056	0	0	0	0	0	0	0	0	0	0	0	0	0	0	0	0	
0	0	0	0	0	0	0	0	0	0	0	0	0	0	0	0	0	0	0	0	0	0	0	0	0	0	0	0	0	0	0	0	0	0	0	0	0	0	0	0	0	0	0	0	0	0	0	0	0	0	0	0	0	0	0	2.45942	0	0	12.20046	0	0	0	0	0	4.70252	0	0	0	0	0	0	9.01199	0	6.44508	0	0	3.52554	0	0	0	3.8284	5.35015	5.91103	7.79968	0	0	0	7.1519	8.20806	0	1.32325	10.71512	10.43418	0	0	0	0	0	0	0	
0	0	0	0	0	0	0	0	0	0	0	0	0	0	0	0	0	0	0	0	0	0	0	0	0	0	0	0	0	0	0	0	0	0	0	0	0	0	0	0	0	0	0	0	0	0	0	0	0	0	0	0	0	0	0	0	0	0	0	0	0	0	0	0	0	0	0	0	0	0	0	0	0	0	0	0	0	0	0	0	0	0	0	0	0	0	0	0	0	0	0	9.25955	0	0	0	0	0	0	0	0	
0	0	0	0	0	0	0	0	0	0	0	0	0	0	0	0	0	0	0	0	0	0	0	0	0	0	0	0	0	0	0	0	0	0	0	0	0	0	0	0	0	0	0	0	0	0	0	0	0	0	0	0	0	0	0	0	0	0	0	0	0	0	0	0	0	0	0	0	0	0	8.99353	0	0	0	0	0	0	0	0	11.19477	0	0	0	8.42842	0	0	0	2.00162	0	0	5.60925	9.18331	0	0	0	0	0	0	0	0	
0	0	0	0	0	0	0	0	0	0	0	0	0	0	0	0	0	0	0	0	0	0	0	0	0	0	0	0	0	0	0	0	0	0	0	0	0	0	0	0	0	0	0	0	0	0	0	0	0	0	0	0	0	0	0	0	0	0	0	3.7569	0	0	0	0	0	0	0	0	0	0	6.00213	0	0	0	0	0	0	0	0	0	0	0	0	0	0	0	3.70244	0	0	0	0	0	0	0	0	0	0	0	0	0	
0	0	0	0	0	0	0	0	0	0	0	0	0	0	0	0	0	0	0	0	0	0	0	0	0	0	0	0	0	0	0	0	0	0	0	0	0	0	0	0	0	0	0	0	0	0	0	0	0	0	0	0	0	0	0	0	0	0	0	0	0	0	0	0	0	0	0	0	0	9.63334	4.28746	0	0	0	0	0	0	0	8.6568	0	0	0	0	0	0	0	0	0	5.94465	4.61679	0	0	0	0	0	0	0	0	0	0	
0	0	0	0	0	0	0	0	0	0	0	0	0	0	0	0	0	0	0	0	0	0	0	0	0	0	0	0	0	0	0	0	0	0	0	0	0	0	0	0	0	0	0	0	0	0	0	0	0	0	0	0	0	0	0	0	0	0	0	0	0	0	0	0	0	0	0	0	0	0	0	0	0	0	0	0	0	0	0	0	0	0	0	0	0	0	0	0	0	0	0	0	0	0	0	0	0	0	0	0	
0	0	0	0	0	0	0	0	0	0	0	0	0	0	0	0	0	0	0	0	0	0	0	0	0	0	0	0	0	0	0	0	0	0	0	0	0	0	0	0	0	0	0	0	0	0	0	0	0	0	0	0	0	0	0	0	0	0	4.97938	0	0	0	0	0	0	0	0	0	0	0	0	0	0	0	0	8.17208	0	0	0	0	0	0	0	0	0	0	0	0	0	0	0	0	0	0	0	0	0	0	0	0	
0	0	0	0	0	0	0	0	0	0	0	0	0	0	0	0	0	0	0	0	0	0	0	0	0	0	0	0	0	0	0	0	11.23818	0	0	0	0	0	0	0	0	0	0	0	0	0	0	0	0	0	1.32325	0	0	0	0	0	0	0	0	0	0	0	0	0	0	0	0	0	0	0	0	0	0	0	0	2.58676	0	0	0	0	0	0	0	0	0	0	0	0	0	0	0	0	0	0	0	0	0	0	0	0	
0	0	0	0	0	0	0	0	0	0	0	0	0	0	0	0	0	0	0	0	0	0	0	0	0	0	0	0	0	0	0	0	0	0	0	0	0	0	0	0	0	0	0	0	0	0	0	0	0	0	0	0	0	0	0	0	0	0	0	0	0	0	0	0	0	0	0	0	0	0	0	0	0	0	0	0	0	0	0	0	0	0	0	0	0	0	0	0	0	0	0	0	0	0	0	0	0	0	0	0	
0	0	0	0	0	0	0	0	0	0	0	0	0	0	0	0	0	0	0	0	0	0	0	0	0	0	0	0	0	0	0	0	0	0	0	0	0	0	0	0	0	0	0	0	0	0	0	0	0	0	0	0	0	0	0	0	0	0	0	0	0	0	0	0	0	0	0	0	0	0	0	0	0	0	0	0	0	0	0	0	0	0	0	0	0	0	0	0	0	0	0	0	0	0	0	0	0	0	0	0	
0	0	0	0	0	0	0	0	0	0	0	0	0	0	0	0	0	0	0	0	0	0	0	0	0	0	0	0	0	0	0	0	0	0	0	0	0	0	0	0	0	0	0	0	0	0	0	0	0	0	0	0	0	0	0	0	0	0	0	0	0	0	0	0	0	0	0	0	0	0	0	0	0	0	0	0	0	0	0	0	0	0	0	0	0	0	0	0	0	0	0	0	0	0	0	0	0	0	0	0	
0	0	0	0	0	0	0	0	0	0	0	0	0	0	0	0	0	0	0	0	0	0	0	0	0	0	0	0	0	0	0	0	0	0	0	0	0	0	0	0	0	0	0	0	0	0	0	0	0	0	0	0	0	0	0	0	0	0	0	0	0	0	0	0	0	0	0	0	0	0	0	0	0	0	0	0	0	0	0	0	0	0	0	0	0	0	0	0	0	0	0	0	0	0	0	0	0	0	0	0	
0	0	0	0	0	0	0	0	0	0	0	0	0	0	0	0	0	0	0	0	0	0	0	0	0	0	0	0	0	0	0	0	0	0	0	0	0	0	0	0	0	0	0	0	0	0	0	0	0	0	0	0	0	0	0	0	0	0	0	0	0	0	0	0	0	0	0	0	0	0	0	0	0	0	0	0	0	0	0	0	0	2.46121	0	0	0	0	0	0	0	0	0	0	0	0	0	0	0	0	0	0	
0	0	0	0	0	0	0	0	0	0	0	0	0	0	0	0	0	0	0	0	0	0	0	0	0	0	0	0	0	0	0	0	0	0	0	0	0	0	0	0	0	0	0	0	0	0	0	10.63198	0	0	0	0	0	0	0	0	0	0	0	0	0	0	0	0	0	0	0	0	0	0	0	0	0	0	10.4562	0	0	0	0	0	0	0	0	0	0	0	0	0	0	0	0	0	0	0	0	0	0	0	0	0	
