0	0	0	0	0	0	0	0	0	0	0	0	0	0	0	0	0	0	0	0	0	0	0	0	0	0	0	0	0	0	0	0	0	0	0	0	0	0	0	0	0	0	0	0	0	0	0	0	0	0	0	8.65442	0	0	0	0	0	0	0	0	0	0	0	0	0	0	0	0	0	0	0	0	0	0	0	0	0	0	0	0	0	0	0	0	0	0	0	0	0	0	0	0	0	0	0	0	0	0	0	0	
0	0	0	0	0	0	0	0	0	0	0	0	0	0	0	0	0	0	0	0	0	0	0	0	0	0	0	0	0	0	0	0	0	0	0	0	0	0	0	0	0	0	0	0	0	0	0	13.15444	0	0	0	0	0	0	0	0	0	0	0	0	0	0	0	12.23271	0	0	0	0	0	0	0	0	0	0	0	0	0	0	0	0	0	0	0	0	0	0	0	0	0	0	0	0	0	0	0	0	0	0	0	0	
0	0	0	0	0	0	0	0	0	0	0	0	0	0	0	0	0	0	0	0	0	0	0	0	0	0	0	0	0	0	0	0	0	0	0	0	0	0	0	0	0	0	0	0	0	0	0	0	0	0	0	0	0	0	9.90382	0	0	0	0	0	0	0	0	0	0	0	0	0	0	0	0	0	0	0	0	0	0	0	0	0	0	0	0	0	0	0	0	0	0	0	0	0	0	0	0	0	0	0	0	0	
0	0	0	0	0	0	0	0	0	0	0	0	0	0	0	0	0	0	0	0	0	0	0	0	0	0	0	0	0	0	0	0	0	0	0	0	0	0	0	0	0	0	0	0	0	0	12.55116	10.54764	0	0	0	0	0	0	0	0	0	0	0	0	0	0	0	0	0	0	0	0	0	0	0	0	0	0	0	0	0	0	0	0	0	0	0	0	0	0	0	0	0	0	0	0	0	0	0	0	0	0	0	0	
0	0	0	0	0	0	0	0	0	0	0	0	0	0	0	0	0	0	0	0	0	0	0	0	0	0	0	0	0	0	0	0	0	0	0	0	0	7.46001	0	0	0	0	0	11.71041	0	0	0	0	0	0	0	0	0	0	0	0	0	0	0	0	0	0	0	0	0	0	0	0	0	0	0	0	0	0	0	0	0	0	0	0	0	0	0	0	0	0	0	0	0	0	0	0	0	0	0	0	0	0	0	0	
0	0	0	0	0	0	0	0	0	0	0	0	0	0	0	0	0	0	0	0	0	0	0	0	0	0	0	0	0	0	0	0	0	0	0	0	0	0	0	0	0	0	0	0	0	0	0	0	0	0	0	0	0	0	0	0	0	0	0	0	0	0	0	0	0	0	0	0	0	0	0	0	8.33571	0	0	0	0	0	0	0	0	0	0	0	0	0	0	0	0	0	0	0	0	0	0	0	0	0	0	0	
0	0	0	0	0	0	0	0	0	0	0	0	0	0	0	0	0	0	0	0	0	0	0	0	0	0	0	0	0	0	0	0	0	0	0	0	0	0	0	0	0	0	0	0	0	0	0	0	0	0	0	0	0	0	0	0	0	0	0	0	0	0	0	0	0	0	0	0	0	0	0	0	0	0	11.03127	0	0	0	0	0	0	0	0	0	0	0	0	0	0	0	0	0	0	0	0	0	0	0	0	0	
0	0	0	0	0	0	0	0	0	0	0	0	0	0	0	0	0	0	0	0	0	0	0	0	0	0	0	0	0	0	0	0	0	0	0	0	0	0	0	0	0	0	0	0	0	0	0	0	0	0	0	8.56322	0	0	0	10.41632	0	0	10.07343	0	0	0	0	0	0	0	0	0	0	0	0	0	0	0	0	0	0	0	0	0	0	0	0	0	0	0	0	0	0	0	0	0	0	0	0	0	0	0	0	0	
0	0	0	0	0	0	0	0	0	0	0	0	0	0	0	0	0	0	0	0	0	0	0	0	0	0	0	0	6.46582	0	0	0	0	0	0	0	0	0	0	0	0	0	0	0	0	0	0	0	0	0	0	0	0	0	0	0	0	0	0	0	0	0	0	0	0	0	0	6.90235	0	0	0	0	0	0	0	0	0	0	0	0	0	0	0	0	0	0	0	0	0	0	0	0	0	0	0	0	0	0	0	0	
0	0	0	0	0	0	0	0	0	0	0	0	0	0	0	0	0	0	0	0	0	0	0	0	0	0	0	0	0	0	0	0	0	0	0	0	0	0	0	0	0	0	0	0	0	0	0	0	0	0	0	0	0	0	0	8.54578	0	0	0	0	0	0	0	0	0	0	0	0	0	0	0	0	0	0	0	0	0	0	0	0	0	0	0	0	0	0	0	0	0	0	0	0	0	0	0	0	0	0	0	0	
0	0	0	0	0	0	0	0	0	0	0	0	0	0	0	0	0	0	0	0	0	0	0	0	0	0	0	0	0	0	0	0	0	0	0	0	0	0	0	0	0	0	0	0	0	0	0	0	0	0	0	0	0	0	0	0	0	0	0	0	0	0	0	0	0	0	0	10.83361	0	0	0	0	0	0	0	0	0	0	0	0	0	0	0	0	0	0	0	0	0	0	0	0	0	0	0	0	0	0	0	0	
0	0	0	0	0	0	0	0	0	0	0	0	0	0	0	0	0	0	0	0	0	0	0	0	0	0	0	0	0	0	0	0	0	0	0	0	0	0	0	0	0	0	0	0	0	0	0	0	0	0	0	0	5.35521	0	0	0	1.19388	0	0	0	0	0	0	0	0	0	0	0	0	0	0	8.90052	0	0	0	0	0	0	0	0	0	0	0	0	0	0	0	0	0	0	0	0	0	0	0	0	0	0	0	0	
0	0	0	0	0	0	0	0	0	0	0	0	0	0	0	0	0	0	0	0	0	0	0	0	0	0	0	0	0	0	0	0	0	0	0	0	0	0	0	0	0	0	0	0	0	0	0	0	12.70194	0	0	0	14.13756	0	0	0	0	0	0	0	0	0	0	0	0	0	0	3.65248	0	0	0	0	0	0	0	0	0	0	0	0	0	0	0	0	0	0	0	0	0	0	0	0	0	0	0	0	0	0	0	0	
0	0	0	0	0	0	0	0	0	0	0	0	0	0	0	0	0	0	0	0	0	0	0	0	0	0	0	0	0	0	12.63198	0	0	0	0	0	0	0	0	10.85203	0	0	0	0	0	0	0	8.21446	0	0	0	0	0	0	0	0	0	5.62426	5.08697	0	10.86791	0	0	11.06459	0	0	0	0	0	0	0	0	0	0	0	0	0	0	0	0	0	0	0	0	0	0	0	0	0	0	0	0	0	0	0	0	0	0	0	0	
0	0	0	0	0	0	0	0	0	0	0	0	0	0	0	0	0	0	0	0	0	0	0	0	0	0	0	0	0	0	0	0	0	0	0	0	0	0	0	0	0	0	0	0	0	0	0	0	0	0	0	0	0	0	7.57716	0	0	0	0	0	0	0	0	0	0	0	0	0	0	0	0	0	0	0	2.88092	0	0	0	0	0	0	0	0	0	0	0	0	0	0	0	0	0	0	0	0	0	0	0	0	0	
0	0	0	0	0	0	0	0	0	0	0	0	0	0	0	0	0	0	0	0	0	0	0	0	0	0	0	0	0	0	0	0	0	0	0	0	0	0	0	0	0	0	15.1113	0	0	0	0	0	0	0	0	0	9.39864	0	0	0	0	0	0	11.57122	0	0	0	0	0	0	0	0	0	0	0	7.12226	0	0	0	0	0	0	0	0	0	0	0	0	0	0	0	0	0	0	0	0	0	0	0	0	0	0	0	0	
0	0	0	0	0	0	0	0	0	0	0	0	0	0	0	0	0	0	0	0	0	0	0	0	0	0	0	0	0	0	0	0	0	0	0	0	0	0	0	0	0	0	0	8.8249	0	0	0	12.03136	0	0	0	9.60028	0	0	0	0	0	0	4.27624	0	0	0	0	0	0	0	0	0	0	0	0	0	0	0	0	0	0	0	0	0	0	0	0	0	0	0	0	0	0	0	0	0	0	0	0	0	0	0	0	0	
0	0	0	0	0	0	0	0	0	0	0	0	0	0	0	0	0	0	0	0	0	0	0	0	0	0	0	0	0	0	0	0	0	0	0	0	0	0	0	0	0	0	10.08999	0	0	0	0	0	0	0	0	0	0	0	0	7.38706	0	0	0	0	0	0	0	0	0	0	1.84976	0	2.76288	0	0	0	0	0	0	0	0	0	0	0	0	0	0	0	0	0	0	0	0	0	0	0	0	0	0	0	0	0	0	0	
0	0	0	0	0	0	0	0	0	0	0	0	0	0	0	0	0	0	0	0	0	0	0	0	0	0	0	0	0	0	0	0	0	0	0	0	0	0	0	0	12.14473	0	0	0	0	0	0	0	0	0	0	0	0	0	0	0	0	0	0	0	0	0	0	0	0	0	0	0	0	0	0	0	0	0	0	0	0	0	0	0	0	0	0	0	0	0	0	0	0	0	0	0	0	0	0	0	0	0	0	0	
0	0	0	0	0	0	0	0	0	0	0	0	0	0	0	0	0	0	0	0	0	0	0	0	0	0	0	0	0	0	0	0	0	0	0	0	0	0	0	0	0	0	0	0	0	0	0	6.51229	0	0	7.60408	0	0	0	0	0	0	0	0	0	0	0	0	0	0	0	0	0	0	0	0	0	0	0	0	0	9.49377	0	0	0	0	0	0	0	0	0	0	0	0	0	0	0	0	0	0	0	0	0	0	0	
0	0	0	0	0	0	0	0	0	0	0	0	0	0	0	0	0	0	0	0	0	0	0	0	0	0	0	0	0	0	0	0	0	0	0	0	0	0	0	0	0	0	0	0	0	0	0	7.11926	0	0	9.6722	11.60257	0	0	0	0	9.42579	0	7.72563	0	9.60945	0	0	0	0	10.14928	0	0	0	0	0	0	0	0	0	0	0	0	0	0	0	0	0	0	0	0	0	0	0	0	0	0	0	0	0	0	0	0	0	0	
0	0	0	0	0	0	0	0	0	0	0	0	0	0	0	0	0	0	0	0	0	0	0	0	0	0	0	0	0	0	0	0	0	0	0	0	0	0	0	0	0	10.10675	0	0	0	0	0	0	0	0	0	0	0	0	0	0	0	0	0	0	0	0	0	0	0	0	0	0	0	0	0	0	0	0	0	0	0	0	0	0	0	0	0	0	0	0	0	0	0	0	0	0	0	0	0	0	0	0	0	0	
0	0	0	0	0	0	0	0	0	0	0	0	0	0	0	0	0	0	0	0	0	0	0	0	0	0	0	0	0	0	0	8.74185	0	0	0	0	0	0	0	0	0	0	0	0	0	0	0	9.9012	0	0	0	0	0	0	0	0	0	0	0	0	0	0	0	2.16108	0	0	0	3.8096	0	0	0	0	0	0	0	0	0	0	0	0	0	0	0	0	0	0	0	0	0	0	0	0	0	0	0	0	0	0	0	0	
0	0	0	0	0	0	0	0	0	0	0	0	0	0	0	0	0	0	0	0	0	0	0	0	0	0	0	0	0	0	0	10.36786	0	0	0	0	0	0	0	0	0	0	0	0	0	0	0	0	0	0	0	0	0	0	0	0	0	0	0	0	0	0	0	0	0	0	0	0	0	0	0	0	0	0	0	0	0	0	0	0	0	0	0	0	0	0	0	0	0	0	0	0	0	0	0	0	0	0	0	0	
0	0	0	0	0	0	0	0	0	0	0	0	0	0	0	0	0	0	0	0	0	0	0	0	0	0	0	0	0	0	0	0	0	0	0	0	0	0	0	0	0	0	0	9.73381	0	0	0	0	0	14.2371	0	0	0	0	8.307	0	0	0	0	0	0	0	0	0	0	0	0	0	0	0	0	0	0	0	0	0	0	0	0	1.69954	0	0	0	0	0	0	0	0	0	0	0	0	0	0	0	0	0	0	0	0	
0	0	0	0	0	0	0	0	0	0	0	0	0	0	0	0	0	0	0	0	0	0	0	0	0	0	0	0	0	0	0	0	11.06479	0	0	0	0	0	0	0	0	0	0	0	0	0	0	5.08697	0	0	11.20085	1.60549	0	0	0	0	0	0	8.5244	0	0	0	0	0	0	0	0	0	0	0	3.13965	0	0	0	0	0	0	0	0	0	0	0	0	0	0	7.32308	0	0	0	0	0	0	0	0	0	0	0	0	0	0	
0	0	0	0	0	0	0	0	0	0	0	0	0	0	0	0	0	0	0	0	0	0	0	0	0	0	0	0	0	0	0	0	0	0	0	0	0	0	0	9.10616	0	0	0	0	14.03751	0	9.23576	0	0	0	0	0	0	0	0	0	0	0	0	0	0	0	0	0	0	0	0	0	0	3.39908	0	0	0	0	0	0	0	0	0	0	0	0	0	0	0	0	0	0	0	0	0	0	0	0	0	0	0	0	0	0	
0	0	0	0	0	0	0	0	0	0	0	0	0	0	0	0	0	0	0	0	0	0	0	0	0	0	0	0	0	0	0	0	0	0	0	7.35172	0	0	0	0	0	0	0	0	0	0	0	7.67137	0	0	0	0	0	6.73091	0	0	0	0	0	0	8.87408	0	0	0	0	0	0	0	0	0	0	0	0	0	0	0	0	0	0	0	0	0	0	0	0	0	0	0	0	0	0	0	0	0	1.10936	0	0	0	0	0	
0	0	0	0	0	0	0	0	0	0	0	0	0	0	0	0	0	0	0	0	0	0	0	0	0	0	0	0	0	0	0	0	0	0	0	0	0	0	0	0	0	15.55336	0	0	0	0	0	0	0	0	0	0	0	0	0	0	0	0	0	0	0	0	0	0	0	0	0	9.73821	0	0	0	4.90387	0	0	0	0	0	0	0	0	0	0	0	0	0	0	0	0	0	0	0	0	0	0	0	0	0	0	0	0	
0	0	0	0	0	0	0	0	0	0	0	0	0	0	0	0	0	0	0	0	0	0	0	0	0	0	0	0	0	0	0	0	0	0	0	0	0	0	0	0	9.49146	0	0	0	10.00398	0	0	6.58359	0	0	7.60858	12.39056	0	0	0	9.4716	0	0	6.57056	0	7.40442	0	0	0	0	0	0	0	7.24017	0	0	0	0	0	0	0	0	0	0	0	0	0	0	0	0	0	0	0	0	0	0	0	0	0	0	5.40532	0	0	0	0	
0	0	0	0	0	0	0	0	0	0	0	0	0	0	0	0	0	0	0	0	0	0	0	0	0	0	0	0	0	0	0	0	0	0	0	0	0	0	0	0	0	0	0	0	14.54642	0	0	0	0	0.3667	0	0	5.31383	0	0	0	0	8.3626	0	0	0	5.46325	0	0	0	0	0	0	0	0	0	0	0	0	0	0	0	0	0	0	0	0	0	0	0	0	0	0	0	0	0	0	0	0	0	0	0	0	0	0	
0	0	0	0	0	0	0	0	0	0	0	0	0	0	0	0	0	0	0	0	0	0	0	0	0	0	0	0	0	0	0	0	0	0	0	0	0	0	0	0	0	0	0	12.50156	0	0	13.74772	0	0	0	9.10313	0	0	0	0	0	0	0	0	9.40481	0	0	0	0	10.00154	0	0	2.25151	0	0	0	0	9.43286	0	0	0	0.65874	0	0	0	0	0	0	0	0	0	0	0	0	0	0	0	0	0	0	0	0	0	0	0	
0	0	0	0	0	0	0	0	0	0	0	0	0	0	0	0	0	0	0	0	0	0	0	0	0	0	0	0	0	0	0	0	0	0	0	0	0	0	0	0	0	0	0	0	2.61807	6.08417	0	11.71898	0	0	0	13.68048	7.42156	0	0	6.95737	0	0	0	0	0	0	0	0	0	0	0	9.5511	0	0	0	0	0	11.3961	0	0	0	0	0	0	0	0	0	0	0	0	0	0	0	0	0	0	0	0	0	0	0	0	0	0	
0	0	0	0	0	0	0	0	0	0	0	0	0	0	0	0	0	0	0	0	0	0	0	0	0	0	0	0	0	0	0	0	0	0	0	0	0	14.38874	0	0	0	0	0	0	0	0	0	0	3.2314	0	0	6.69871	0	0	10.5023	0	8.29509	0	0	3.83906	0	6.36812	0	0	0	0	0	0	0	0	0	0	0	0	6.22917	3.92403	0	0	0	0	0	0	0	0	0	0	0	0	0	0	0	0	0	0	0	0	0	0	0	0	
0	0	0	0	0	0	0	0	0	0	0	0	0	0	0	0	0	0	0	0	0	0	0	0	0	0	0	0	0	0	0	0	0	0	0	0	0	0	0	0	0	0	13.38594	0	0	12.1052	0	11.49408	0	0	10.9439	0	13.00929	0	11.36415	0	0	0	0	0	0	0	0	10.9574	0	0	0	5.94202	0	0	10.57553	0	0	0	0	0	0	0	3.51316	0	0	0	0	0	0	0	0	0	0	0	0	0	0	0	0	0	0	0	0	0	
0	0	0	0	0	0	0	0	0	0	0	0	0	0	0	0	0	0	0	0	0	0	0	0	0	0	0	0	0	0	0	0	0	0	0	0	0	0	0	0	0	0	0	0	0	0	0	8.99846	10.6421	0	0	8.8435	0	0	0	0	0	0	0	0	0	0	0	0	0.90157	0	0	0	0	0	0	0	0	0	0	0	0	0	0	0	0	0	0	0	0	0	0	0	0	0	8.5558	0	0	0	0	0	0	0	0	0	
0	0	0	0	0	0	0	0	0	0	0	0	0	0	0	0	0	0	0	0	0	0	0	0	0	0	0	0	0	0	0	0	0	0	0	0	0	0	0	0	0	0	0	0	0	0	0	12.62009	0	0	0	0	10.09954	11.00063	0	0	0	0	10.60987	10.37196	0	0	0	0	0	0	0	0	0	0	0	0	0	0	0	0	0	0	0	0	0	0	0	0	0	0	0	0	0	0	0	0	0	0	0	0	0	0	5.76908	0	
0	0	0	0	0	0	0	0	0	0	0	0	0	0	0	0	0	0	0	0	0	0	0	0	0	0	0	0	0	0	0	0	0	0	0	0	0	0	0	0	0	0	8.68212	0	0	0	0	0	0	9.66071	0	7.64241	0	9.04267	0	0	0	0	0	0	0	0	0	0	10.83955	0	0	0	0	0	0	0	0	0	0	0	14.82875	0	0	0	0	0	0	0	0	0	0	0	0	0	0	0	0	0	0	0	0	0	0	0	
0	0	0	0	0	0	0	0	0	0	0	0	10.4022	0	0	0	0	0	0	0	0	0	0	0	0	0	0	0	0	0	9.65211	0	0	0	0	0	0	0	0	0	0	0	9.25027	0	0	0	0	11.70666	0	0	11.53482	0	0	6.15378	4.3081	0	10.60379	0	0	0	0	0	0	10.51005	6.29025	10.65199	0	0	0	0	0	0	0	0	0	0	0	0	0	0	0	0	0	0	0	0	0	0	0	0	0	0	0	0	0	0	0	0	0	0	
0	0	0	0	0	0	0	0	0	0	0	0	0	0	0	0	0	0	0	0	0	0	0	0	0	0	0	0	0	0	0	0	0	0	0	0	0	0	0	0	0	0	0	0	0	11.08617	5.24943	0	1.96114	11.7606	1.59722	8.71013	7.15159	0	10.46646	7.11734	0	0	0	0	10.59267	0	0	0	0	0	0	0	0	6.1118	0	0	0	0	0	0	3.06232	0	0	0	0	0	0	0	0	0	0	0	0	0	0	0	0	0	0	0	0	0	0	0	
0	0	0	0	0	0	0	0	0	0	0	0	0	0	0	9.77107	0	0	0	0	0	0	0	0	0	0	0	0	0	0	0	0	0	0	0	6.8744	11.93695	0	0	0	0	0	0	3.74878	0	10.74979	9.64974	7.24017	2.93652	7.22071	0	0	5.76141	0	10.31739	0	0	0	0	7.66521	0	10.7633	0	7.21228	0	7.94986	0	0	10.75849	0	12.37421	0	0	0	0	9.84678	0	1.72901	0	3.62229	0	0	0	0	0	0	0	0	0	0	8.27366	0	0	0	0	0	0	0	0	0	
0	0	0	0	0	0	0	0	0	0	0	0	0	0	0	0	0	0	0	0	0	0	0	0	0	0	11.05207	0	0	0	0	3.6853	0	0	8.13649	0	0	0	0	0	10.13208	0	0	0	0	0	0	0	8.9556	10.34011	2.49313	11.07295	8.5558	0	10.80939	0	11.91495	0	4.18887	0	2.44792	10.97327	0	0	0	8.32273	0	0	0	0	0	0	0	8.30963	0	0	0	0	0	0	0	0	0	0	0	0	0	0	0	0	0	0	0	0	0	0	1.10936	0	0	0	
0	0	0	0	0	0	0	0	0	0	0	0	0	0	0	0	0	0	0	10.00641	0	0	0	0	0	0	0	0	0	0	0	0	0	0	0	0	0	0	0	0	0	0	0	13.15415	0	0	13.99273	13.37408	12.35593	0	9.68494	7.3492	9.51104	0	0	0	13.11711	0	0	7.6654	7.40737	0	0	12.9416	0	7.78172	0	9.5644	0	0	0	0	0	0	0	0	0	0	0	0	0	0	0	0	0	0	0	0	0	0	7.63493	0	0	0	0	0	0	0	0	0	
0	0	0	0	0	0	0	0	0	0	0	0	9.12423	0	0	0	0	0	0	8.4283	0	0	0	0	0	0	0	0	0	0	0	0	0	6.69265	0	0	0	0	0	0	0	10.98876	11.18657	0	8.38727	0	0	5.33214	7.48119	0	2.06457	8.72163	6.39853	4.59894	8.96925	16.46256	5.85813	5.69097	9.15955	0	0	0	0	0	0.90157	0	0	0	0	0	0	0	0	0	0	0	0	0	9.90817	0	0	0	0	0	0	0	0	0	0	0	0	0	0	0	0	0	0	0	0	0	
0	0	0	0	0	0	0	0	0	0	0	0	0	0	0	0	0	0	0	0	0	0	0	13.53587	0	0	0	0	0	0	0	0	0	0	0	0	0	0	11.70491	0	0	0	6.92079	8.60595	1.45217	0	10.7212	6.19333	0	9.09305	7.50437	7.96357	0	0	0	0	0	6.57752	13.52482	9.49204	10.32359	0	0	0	9.66913	0	0	0	0	0	0	0	0	0	0	0	0	0	0	0	0	0	0	0	0	0	0	0	0	0	0	0	0	0	0	0	0	0	0	0	
0	0	9.86136	0	0	0	0	0	0	0	0	0	0	0	0	0	0	0	0	0	0	0	0	0	0	0	0	0	0	0	0	0	0	0	0	0	0	0	0	0	9.75514	0	0	0	0	8.40632	0	9.40172	10.08424	11.91013	0	7.71772	9.04267	9.10011	1.72901	11.65659	0	0	13.33397	0	11.26917	0	8.51758	10.3628	0	0	0	0	0	0	0	8.11173	0	0	0	0	3.43812	0	0	0	0	0	0	0	0	0	0	0	0	0	0	0	0	0	0	0	0	0	0	0	
0	0	0	0	0	0	0	0	0	0	0	10.32619	0	0	0	0	0	0	0	0	0	0	0	0	0	0	0	0	0	0	0	0	8.57563	0	0	0	0	9.75869	14.39387	4.64489	5.94879	7.19293	0	0	12.35839	8.30673	11.01698	5.03342	10.34	0	11.40644	0	5.61214	5.89586	0	10.7426	7.7241	10.71453	0	0	0	0	0	0	0	0	0	6.6682	0	0	0	0	4.19868	0	0	1.10936	0	0	10.7568	0	0	0	0	0	0	0	0	0	0	0	0	0	0	0	0	7.52751	0	0	0	0	
0	0	0	0	0	0	0	0	0	0	0	0	0	0	0	0	0	0	0	0	0	0	0	0	0	0	0	0	0	0	0	0	0	0	11.38303	8.15741	0	0	0	5.7224	0	11.76924	0	10.62812	13.14904	10.34587	8.22763	10.30213	4.18434	9.88863	11.61964	9.80367	1.81102	9.95958	0	0	8.04723	0	0	6.6143	8.66062	0	2.56543	0	0	0	0	0	0	0	0	0	0	0	0	0	0	0	5.86532	0	0	0	0	0	0	0	0	10.51947	0	0	0	0	0	0	0	0	0	0	0	0	
0	0	0	0	0	0	0	0	8.97293	0	10.49277	0	0	0	0	0	0	0	0	0	0	0	0	0	0	0	12.5198	0	0	0	0	0	0	0	0	3.13965	0	13.43328	11.27582	0	7.77604	8.4701	0	4.36998	1.96114	12.11736	4.42385	7.55153	9.08961	8.84564	0	8.97038	0	0	0	0	9.32925	5.08697	0	0	0	0	4.94511	0	0	0	9.77981	0	0	0	0	0	0	0	0	0	0	0	0	0	0	0	0	0	0	0	0	0	0	0	0	0	0	2.33663	0	0	0	0	0	0	
0	0	0	0	0	0	0	0	0	0	0	13.43117	0	0	13.58938	0	0	0	0	0	0	0	0	0	0	0	0	0	0	0	0	10.24802	0	0	8.0335	0	10.81589	0	0	9.12373	1.84976	0	10.84966	9.63948	10.63197	7.86266	10.31327	8.83577	4.80152	8.61429	8.7462	10.33253	10.52175	10.0663	0	8.21586	10.34104	0	0	12.19582	10.99286	4.96913	0	10.59159	0	0	0	0	0	0	0	0	0	4.46755	0	7.40588	0	0	0	0	0	0	0	5.76908	0	0	0	0	0	0	0	0	0	0	0	0	0	0	0	0	
0	0	0	0	0	0	0	0	0	0	0	0	14.18941	0	0	0	0	0	0	0	0	0	0	0	0	0	0	0	0	9.38371	0	0	7.82287	0	9.54441	0	12.09369	0	10.87221	9.96566	10.44768	11.61287	10.59044	10.11835	7.56592	4.47582	9.73615	10.25134	6.44201	9.23754	6.91042	11.79202	10.45817	6.5448	6.15568	6.56185	11.95408	0	0	8.26555	8.58871	0	0	0	0	0	0	0	0	0	0	0	0	9.7953	0	0	0	0	0	0	9.99565	0	0	0	0	0	0	0	0	0	0	0	0	0	0	0	0	0	0	0	
0	0	0	0	0	0	0	11.75928	0	0	0	9.16043	0	0	0	0	0	0	0	0	0	0	0	0	0	0	0	8.21867	0	0	7.70176	0	13.88835	0	0	0	8.86515	9.31131	8.9834	10.11536	9.68957	6.03109	0	11.09063	10.82691	8.75136	8.73691	9.57151	10.89665	9.96456	5.18126	9.2642	12.35893	9.24749	7.94284	4.97925	11.10382	6.57646	5.8786	9.13318	6.73461	11.60137	5.48205	0	9.12124	0	0	0	0	0	0	0	0	10.60933	0	0	0	0	0	0	0	0	0	0	0	0	0	0	0	0	0	0	0	0	0	0	0	0	0	0	
13.16481	0	0	0	0	0	0	0	6.07819	0	0	0	8.21023	0	0	0	0	0	0	0	0	0	0	0	11.91841	0	0	7.97828	0	0	0	0	11.95525	0	11.85323	7.81362	0	5.38549	10.15701	7.70588	10.40066	9.28085	6.387	9.7251	10.95113	10.44416	7.60218	10.01685	6.91953	4.9081	9.816	5.63369	6.38382	6.17313	11.5943	9.60841	9.39616	6.61483	0	10.72736	2.6884	2.63429	0	6.93013	0	9.40296	0	0	0	0	2.99003	0	0	0	0	0	0	0	0	0	0	0	4.40765	0	0	9.38434	0	0	0	0	0	0	0	0	0	0	0	0	0	0	
0	0	0	11.62416	0	0	0	0	0	0	0	0	0	0	0	0	0	0	8.27501	0	0	11.36889	0	7.96498	11.36177	9.03394	0	0	10.58263	8.80295	11.91999	0	15.76823	0	0	1.10936	0	9.76479	10.11537	8.581	9.10366	6.84618	8.21817	9.24398	10.33655	10.09522	8.98878	10.10877	10.08292	6.03392	10.1698	8.21473	11.49143	8.6621	9.23198	10.98893	0	7.25573	7.72523	8.41684	0	4.24345	9.0848	0	0	0	0	0	0	5.83639	0	0	6.31668	0	1.10936	7.31023	12.10169	4.163	0	1.96114	0	0	0	0	0	0	0	0	0	0	0	0	0	0	0	0	0	0	0	0	
9.2316	0	0	0	12.07077	7.74178	0	0	0	0	0	0	0	0	0	0	0	10.9072	0	0	0	0	0	0	9.2821	0	8.48934	9.9991	0	10.69165	9.99743	0	0	0	10.29828	9.17423	7.39458	10.52351	10.6613	7.81461	7.75316	9.23805	8.51874	8.60256	9.9788	8.97508	9.63952	8.01623	8.86492	9.70627	4.84158	10.01614	10.94623	6.71823	9.45993	10.44221	9.39115	4.01474	6.95418	8.21625	10.71866	0	6.27935	10.66696	10.69619	10.94327	10.11269	0	0	0	0	0	0	0	8.52213	0	0	0	0	0	0	0	0	0	0	0	0	0	0	0	0	0	0	0	0	1.10936	0	0	0	0	
0	0	0	0	0	0	0	0	6.76734	0	7.74522	0	0	0	0	0	8.20458	12.81628	9.39492	7.5805	12.56748	8.55863	0	0	0	14.91361	0	9.12647	9.1444	11.67586	0	9.50358	11.48676	9.25904	8.16937	10.20125	7.83032	6.42383	9.03172	7.81825	8.74151	7.83525	7.52295	8.32099	9.48977	7.93537	7.34733	9.38488	8.46792	7.56514	7.40974	10.46948	8.58998	7.8853	6.58457	6.39232	5.87341	8.47598	0	8.72419	4.84928	8.97376	6.56743	0	8.2508	11.59841	8.11406	0	0	0	0	9.31196	0	0	5.41514	0	0	0	10.06449	0	0	0	0	0	0	8.40509	0	0	0	0	0	0	0	0	0	3.09148	0	0	0	0	
0	9.71654	0	0	3.58451	8.87496	0	0	0	0	0	0	0	0	6.7635	9.91034	0	10.38732	10.81426	0	7.23463	0	7.81176	0	0	0	0	0	9.96323	10.16318	7.83317	0	11.41151	7.54468	9.05998	8.45095	9.35073	10.66195	8.9006	9.20453	9.13716	8.17642	8.32192	8.79299	8.41343	8.50832	9.15147	8.80882	8.12668	7.68392	7.23178	8.27782	8.56475	8.61586	9.38798	7.47378	5.42489	8.34614	7.99285	9.01371	0	9.272	0	12.30495	9.84827	2.33663	5.93951	3.74878	0	0	0	0	0	0	0	0.3667	0	0	0	0	9.21024	0	0	0	0	0	0	0	0	0	0	0	0	0	0	0	0	0	0	0	
0	10.73345	11.00652	0	10.53446	0	0	0	0	0	10.47938	0	0	0	10.19451	7.54518	0	6.96407	0	0	8.25602	8.33571	10.02479	9.63544	9.34315	6.78259	0	5.79619	6.74026	8.33371	12.03093	9.8153	10.95976	10.309	10.54345	14.41242	8.84833	8.77127	8.15208	7.49412	7.40925	8.07298	8.85986	7.6109	9.20874	7.71354	8.33344	8.65104	9.42613	9.24589	7.38891	8.81148	8.77086	8.18561	7.43735	7.19799	8.1001	5.47006	8.57846	7.04217	0	8.78544	8.77979	8.82085	3.07516	3.54927	0.90157	0	0	0	0	8.37757	0	2.49313	9.74698	0	7.84664	0	0.3667	0	0	0	0	4.69311	0	9.51055	0	0	0	0	0	0	0	0	0	0	0	0	0	0	
0	0	0	0	0	0	0	0	10.45163	0	9.23715	10.33236	0	0	0	0	0	0	10.04684	0	12.18922	0	0	0	0	9.51732	10.23417	0	1.10936	8.98781	5.83921	7.40195	8.93249	9.4704	11.61709	7.65363	9.51465	10.0662	8.4728	10.28837	6.3813	8.53787	8.8412	7.43812	7.67158	9.58442	8.42927	8.34291	8.21971	8.839	7.90973	6.89342	7.09509	8.47835	7.37371	9.20833	9.08167	8.65374	9.55943	7.84682	9.83283	4.73999	13.04069	7.43082	0	12.37814	0	8.4776	0	0	0	0	0	0	0	0	0	0	1.59722	0	0	9.27874	0	0	0	0	0	8.26333	4.05538	7.29702	0	0	0	0	0	0	0	0	0	0	
0	0	0	0	0	0	0	0	12.63841	8.55025	9.54311	1.10936	0	13.15637	0	0	0	8.46302	11.03307	6.81983	0	0	0	8.99898	7.61498	10.63817	8.35879	9.45169	5.6156	9.13665	0	9.66324	4.85703	5.9421	5.62773	9.64686	10.0199	6.92771	9.40367	5.89951	7.4365	8.80491	8.31772	8.85386	7.07384	8.64629	8.71333	7.32261	7.16192	9.61322	8.77935	7.67492	7.15389	7.55044	8.43775	8.24371	6.7687	8.75292	9.11221	8.58982	6.67036	11.79997	8.73645	5.65772	5.62444	9.40189	9.7877	0	0	0	0	0	0	9.26795	9.4932	0	0	0	12.31964	0	0	0	0	0	0	0	0	0	8.09739	0	3.8096	0	0	0	0	0	0	0	0	0	
0	0	11.99025	8.24168	0	8.37522	0	1.59722	8.30832	0	0	0	0	0	0	0	0	6.0513	0	0	0	0	0	12.06074	0	10.31477	0	11.2091	9.44549	8.064	0	10.28824	0	8.62405	5.12779	8.37997	7.36657	7.55793	1.59381	11.01415	7.10059	9.25045	7.57041	8.92765	8.1682	7.45763	6.50572	8.10566	7.29131	7.99861	8.77724	7.74619	8.57057	7.70276	8.24866	6.17672	7.83815	8.78182	8.34552	7.56013	10.25819	8.19119	5.14077	11.6178	6.76827	0	0	5.58606	4.03005	5.06157	4.20645	0	9.7768	0	1.04786	0	5.90521	0	0	0	0	0	5.14726	0	0	0	0	0	0	0	0	0	0	0	0	0	0	0	0	0	
0	0	0	0	0	0	0	0	0.90157	0	11.95578	9.77584	9.77669	0	16.41579	0	0	8.2669	0	6.96407	0	0	0	0	0	0	5.75369	4.10475	7.58665	0	7.27023	8.30153	6.01673	9.29871	4.68924	8.69999	8.83588	7.97309	8.84824	9.03156	9.30743	6.19967	6.6482	6.49533	7.87067	8.31187	5.36157	5.77205	8.21267	5.83561	7.56234	8.97433	8.55171	7.73325	7.09991	6.39991	5.82121	8.1323	8.33075	9.31626	9.09687	5.6879	11.07367	6.23942	0.3667	5.82155	10.84342	5.72076	0	0	9.30538	0	4.94955	1.98901	0	13.8246	0	0	0.3667	0	0	0	0	0	0	0	0	0	7.16951	0	0	0	0	0	0	0	0	0	0	0	
0	0	0	0	0	0.3667	0	0	0	10.67439	0	0	8.50615	0	0	0	0	0	0	0	0	0	0	8.47829	0	0	7.98728	0	0	4.4295	7.40129	0	0	7.15055	6.42753	7.00039	9.16189	2.70002	0	8.46893	4.19369	10.54205	6.17494	6.70609	10.56062	8.82922	7.45563	8.22442	9.94079	4.63614	7.23064	9.32186	6.86242	6.4237	8.9101	6.88517	8.46975	6.80276	5.16092	7.60472	7.74496	6.23858	4.66846	10.97201	7.98846	5.70492	9.32113	7.76262	6.74177	0	0	15.26624	0	4.61113	0	9.47454	9.95855	0	0	0	0	0	0	0	9.02515	0	0	1.72901	0	0	0	9.61798	0	0	0	0	8.16876	0	0	0	
0	0	0	0	0	0	0	0	0	0	0	12.07967	0	0	0	0	0	6.04452	10.53052	0	0	0	0	9.28009	0	0	0	8.29376	0	0	0	0	6.75207	6.69813	8.00211	0	7.73693	8.35292	2.39733	1.9282	6.14239	8.91458	8.50003	4.74166	0	9.50012	6.78493	5.62085	6.9735	6.29113	8.78595	12.16477	8.57946	5.97909	7.25859	6.80719	7.12933	6.69939	8.14477	8.88851	7.5345	4.37181	0	6.2081	10.0369	0	5.64069	5.94202	8.81227	8.66012	0	0	0	3.65248	0	11.3722	0	8.48649	0	0	0	6.22674	0	0	0	0	0	0	0	0	0	0	0	0	0	0	0	0	0	0	
0	0	0	0	5.17303	0	0	0	0	0	9.3159	0	1.72901	0	0	10.81218	0	0	9.28745	0	6.43245	5.546	0	0	0	9.57757	6.32711	0	0	6.28145	0	9.5493	13.85529	0	0	7.281	8.51073	8.94016	10.17081	11.35318	6.1885	8.27096	7.35391	9.09246	4.34892	7.53495	13.59961	3.43282	7.41123	8.36326	9.13158	7.14319	8.63486	7.60447	5.97639	8.68889	7.86272	8.22666	5.71497	8.44342	5.3919	8.09413	6.23509	6.75148	8.96159	0	7.51857	10.78096	0	6.50312	9.84342	10.57745	6.43455	10.42639	7.89867	0	4.89001	0	0	0	4.78776	0	0	0.3667	0	2.70002	0	0	0	2.417	0	0	0	0	0	0	0	0	0	0	
0	0	0	0	0	0	0	0	0	0	0	6.28491	2.61366	0	0	9.18072	0	0	0	1.10936	4.03005	0	0.3667	0	0	0	0	0	0	7.41722	7.55187	5.60377	0	0	0	9.60249	0	0	0	6.71266	4.21467	7.47721	4.53367	6.18165	8.59546	5.98565	7.07017	7.85641	6.98007	4.6149	0	0	8.10328	10.47758	0.65874	8.39602	9.5454	6.84713	7.11154	6.36214	9.64718	7.96343	8.36352	6.73861	4.58758	6.41049	4.67789	7.74883	0	9.18848	0	7.42076	8.362	8.337	10.10296	0	2.49313	0	7.15778	0	0	0	0	0	0	0	0	0	0	0	0	0	0	0	0	0	0	0	0	0	
0	0	0	7.57613	0	0	0	0	0	0	0	0	0	0	0	0	1.29096	0	0	0	0	0	10.89146	0	0	0	8.25406	10.47844	8.12457	5.04965	0	0	2.25151	0	0	11.7611	0	2.76288	7.51354	2.27948	8.12891	0	0.65874	0	4.02778	11.85491	8.4107	8.71826	5.87768	5.89421	7.37201	5.75659	8.6652	9.69527	8.2345	6.80956	7.22879	6.03762	7.76056	6.46019	8.17121	8.00909	8.07679	8.4723	8.39586	9.70311	5.68061	7.90528	9.51019	8.49756	7.44199	9.86727	6.05007	2.95909	8.54051	0	12.74144	0	7.05162	9.48098	1.45217	3.92403	1.84976	0	0	0.65874	0	0	0	0	0	0	0	0	0	0	0	0.3667	0	12.03421	
0	0	5.67144	0	0	0	0	0	0	0	0	0	0	0	0	0	0	0	0	0	8.01264	0	0	0	0	11.15121	0	9.06719	0	9.81252	0	10.81728	7.90528	0	7.74132	0	0	7.37483	6.48155	0	7.85568	0	0	7.34655	10.59023	9.66245	5.16925	4.23136	5.19349	10.04624	8.10899	9.42073	6.65189	8.54603	6.49746	8.93555	0	7.69083	7.29016	7.54699	3.30401	4.53908	6.18255	2.44699	5.18617	8.84401	6.09493	0	9.49598	3.98632	4.98424	7.38808	5.4407	9.27585	2.49313	0	7.01066	0	3.03569	9.79946	0	5.90447	0	0	0	0	0	0	5.16189	0	0	0	0	0	0	0	5.39544	0	0	0	
0	0	0	0	6.32711	0	0	0	0	0	0	0	7.67953	0	0	0	0	0	0	0	6.64753	7.80804	0	0	0	0	0	6.42224	0	0	0	0.3667	9.49088	0	0	0	7.98159	0	7.07969	8.69326	0	0	5.81141	0.3667	12.31301	0	5.5838	9.52697	2.06457	7.476	6.73243	7.84999	11.12229	4.7859	8.47866	2.04014	0	8.66273	4.54134	2.89992	8.11459	6.7662	8.96769	7.03874	6.1552	9.09794	7.76179	5.5379	7.62269	6.90451	8.7292	0	0	8.62157	0	6.94298	6.58177	6.09796	0	0	0	0	0	0	7.39701	0	0	0	0	0	0	0	0	0	0	0	7.44571	0	0	0	
0	0	0	0	0	0	0	0	6.54843	0	0	0	1.22101	0	0	0	7.51354	5.68864	7.46711	0	0	0	0	0	9.03469	0	0	0	0	0	0	0	0	0	8.74088	9.18861	0	9.05056	0	0	0	0	7.53396	8.9342	0	13.44653	10.1022	9.78534	0	3.60191	0	9.71406	11.82507	8.73713	0	4.77257	0	8.89764	0	4.93919	10.07428	6.54396	4.75047	6.34263	4.36827	6.38306	7.77339	4.51931	8.05564	7.78383	8.03081	3.62977	5.90865	5.48205	7.91304	4.07342	9.42198	10.58372	0	0	6.28491	7.8099	11.11219	0	4.79043	2.8231	7.01982	5.8217	5.85093	0	4.24455	0	0	10.80586	0	0	0	0	0	0	
0	0	0	0	0	0	0	0	0	0	0	0	0	0	0	0	0	0	0	0	5.65828	0	0	0	0	0	0	0	0	6.89208	0	0	0	0	8.18893	0	0	0	0	0	8.64297	0	8.42101	8.206	6.91786	0	0	3.18625	6.3882	6.51578	10.20622	0	0	2.08788	3.91077	8.1251	0	0	8.29813	9.04921	12.22593	5.41747	5.41988	6.08983	7.66969	7.99487	3.58983	9.51412	7.29643	9.25977	8.60656	7.45248	6.82422	7.65241	3.67932	0	3.67309	0	6.5886	0	0	0	4.61113	0	0	0	9.74752	0	0	0	0	0	0	0	0	0	0	0	0	0	
0	0	0	0	8.5278	0	0	0	0	0	0	5.35521	0	7.79118	0	0	0	0	0	0	0	0	0	0	0	0	0	0	0	0	0	0	0	0	0	0	0	0	0	5.82643	0	0	9.5511	0	5.89377	0	0.64548	1.72901	0	0	7.79682	0	0	0	8.78319	0	0	0	0	8.97376	7.63726	0.3667	7.85047	7.31434	6.99793	0	3.13708	5.98944	9.02312	7.68636	9.19238	8.87149	8.44033	4.94885	0	0	3.65011	5.46325	6.9543	7.10417	3.51316	7.74132	1.45217	0	5.95554	0	8.10954	9.94934	0	5.10761	0	0	0	0	6.62656	0	0	0	0	0	
0	0	0	0	0	0	0	0	0	0	0	0	0	0	0	0	0	7.28514	0	0	0	7.90179	9.84738	0	0	0	8.09128	0	0	0	0	0	0	9.35038	7.14344	0	0	0	0	0	0	0	0	0	0	0	0	0	0.3667	0	0	0	0	0	0	7.58176	10.56559	9.15983	7.38207	4.08027	0	6.34697	7.76056	0	8.13572	8.38023	8.73789	7.64232	5.51749	6.11242	8.07796	6.01783	7.08551	4.91789	7.88263	7.19812	8.19155	0	11.96802	7.09354	0	0	6.56853	0	7.38207	8.95031	5.78431	6.46109	0	11.4304	0	0	0	0	0	0	8.15259	0	0	0	
0	0	0	0	0	0	0	0	7.91818	0	0	4.28687	0	0	0	0	0	0	0	0	0	0	0	0	0	0	0	3.04165	0	0.3667	0	0	0	0	0	0	0	0	0	9.86803	0	0	0	0	0	7.05478	0	6.94387	5.64943	0	0	9.42681	0	0	0	0	0	0	9.08062	0	7.01615	0	7.86207	9.53386	7.24795	3.658	6.38443	0	0	7.35897	8.20978	6.09643	10.01554	6.31439	4.31204	10.31479	2.74158	0	0	6.85173	6.75548	8.6186	9.24198	9.34408	7.95398	0	0	0	0	0	8.81875	0	9.802	0	0	0	0	0	0	0	
0	0	0	0	0	0	0	0	0	0	0	0	0	8.30963	0	0	0	0	0	4.1288	0	0	0	0	0	2.8479	0	0	0	0	0	0	0	0	7.85026	0	0	7.47491	0	0	10.68913	0	1.72901	11.97954	1.10936	0	0	0	0	0	9.85862	7.91742	0	0	8.74283	0	0	0	0	7.71484	4.88499	0	3.91816	8.95117	7.08585	4.29333	9.66822	3.7174	0.3667	5.4407	7.47144	0	6.19959	7.09344	9.85956	7.44628	6.07865	5.55968	6.91246	4.61092	0	7.56979	9.11523	7.22083	3.74945	0	0	3.2314	3.69552	0	10.13821	0	0	7.04533	0	0	0	0	4.51302	0	
0	0	0	0	0	0	0	4.69411	0	0	0	0	0	0	0	0	0	0	0	0	0	0	7.49051	0	0	0	0	0	9.53993	0	0	0	0	0	11.89383	0	0	6.17364	0	0	0	3.12017	0	0	0	0	9.71155	0	0	0	0	0	10.06527	0	0	0	3.44846	3.86795	0	5.83648	8.64474	0	0	7.80218	0	5.32428	0	9.11508	7.38178	12.54517	8.94863	6.48094	8.67499	7.00332	7.938	7.07048	9.01477	5.26037	6.96573	6.81122	8.06677	8.38041	4.5918	0	6.67727	0	3.89626	6.54859	0	0	8.22287	8.80994	0	0	0	0	8.30039	0	0	0	
0	0	0	0	0	0	0	0	1.29096	0	0	0	0	0	0	0	0	0	0	0	0	0	0	0	0	0	0	0	0	0	0	0	0	0	0	0	0	5.98293	0	0	0	0	0	0	0	0	0	0	0	4.19868	0	5.36756	0	3.48133	0	0	3.47612	8.94842	0	0	4.44856	0	10.08462	11.32123	7.77029	8.05367	0	0	10.60544	7.89029	0	4.87571	5.40143	10.10732	7.19807	6.60737	0	5.25134	5.46551	7.81885	4.402	10.17551	5.73029	0.65874	0	0	6.43207	0	0	0	0	0	7.63722	6.97089	9.90163	0	0	0	0	0	
0	0	0	0	0	0	0	10.46173	0	0	0	0	0	0	0	0	0	0	0	0	0	0	0	0	0	0	0	0	0	0	0	0	0	0	0	0	0	4.88651	0	8.27636	0	0	0	0	0	0	0	0	0	0	5.56189	0	0	11.20136	7.52881	0	0	7.70404	9.33412	12.23454	0	1.84976	0	7.92092	9.42298	8.24367	0	0	7.28219	5.66778	7.77783	5.34574	4.77997	8.01199	3.04165	7.72923	7.37443	0	8.85467	8.68401	9.47347	8.52893	5.31651	7.08635	5.3861	0	0	2.67965	0	0	5.80686	0	0	0	0	2.89348	0	0	0	0	
0	0	0	0	0	0	0	0	0	0	0	0	0	0	0	0	0	0	0	0	0	0	0	0	0	10.44326	0	0	0	0	0	0	0	0	0	0	0	6.89559	0	0	0	0	0	0	9.03553	0	0	0	10.24733	0	0	0	0	0	0	0.65874	0	0	0	0	0	0	8.36283	0	0	8.56414	7.29183	8.75559	0.3667	7.00093	5.11848	0	7.74701	0	9.41157	5.62845	2.06457	7.19605	5.40816	6.36255	4.56218	0	5.57711	0	10.20552	7.03858	0	0	0	0	9.93016	0	0	0	0	0	0	0.3667	0	0	
0	0	0	0	0	0	0	0	0	0	0	0	6.04044	0	0	0	0	0	0.65874	0	0	0	0	0	0	0	0	0	0	0	0	0	0	0	0	0	0	0	0	0	0	0	0	0	0	0	0	10.03056	0	0	1.96114	0	9.85911	0	0	0	0	0	0	5.74873	0	0	0	5.56219	5.30329	7.27293	8.92008	0	9.64795	0	0	7.99638	0	0	0	2.75964	7.93745	9.38959	6.17062	6.5225	0	5.62775	8.0803	6.0223	5.11144	5.16258	6.01591	0	7.2917	0	0	0	0	7.18672	0	0	0	0	0	0	
0	0	0	0	0	0	0	0	0	0	0	0	0	0	0	0	0	0	0	0	0	0	0	0	0	0	0	0	0	0	0	0	10.65949	0	0	0	0	0	0	0	4.8324	0	0	0	0	0	0	0	0	0	0	0	0	0	0	0	7.46376	0	0	0	10.97859	0	0	4.37308	0	7.82839	0	0	7.49578	0	0	0	9.589	0	0	5.73813	0	0	4.867	8.86557	9.31214	6.40308	9.12573	0	4.34965	0	0	0	0.3667	3.31768	7.05622	4.78157	5.37631	0	0	0	0	0	0	0	
0	0	0	0	0	0	0	0.79861	0	0	0	0	0	0	0	0	0	0	0	0	0	0	0	0	0	0	0	8.11105	0	0	0	0	0	0	0	0	0	0	0	0	0	0	0	0	0	0	0	0	0	0	0	0	0	0	0	0	0	0.3667	0	0	0	0	0	0	0	0	0	0	0	0	2.68078	5.46476	5.45979	4.50481	0	9.48564	6.954	0	9.76495	5.66596	0	8.70735	0	6.70067	2.417	8.40924	0	11.39719	0	2.76288	0	1.10936	0	0	0	9.10616	0	0	0	0	
0	0	0	0	0	0	0	0	0	0	0	0	0	0	0	0	0	0	0	0	8.77558	0	0	0	0	0	0	0	0	0	6.84202	0	0	0	0	0	0	0	0	0	0	0	0	0	0	0	0	0	0	0	0	0	0	0	0	0	0	0	0	11.44214	0	0	0	0	7.59785	8.38525	6.79392	5.63113	0	0	0	0	0	0	0	1.29096	6.47333	2.49313	0	0	3.77594	0	0	0	4.06021	7.54964	7.88512	5.96758	8.34601	0	12.08919	6.80142	6.81632	9.70358	0	5.86532	0	0	0	0	
0	0	0	0	0	0	0	0	0	0	0	0	0	0	0	0	0	0	0	0	0	0	0	0	0	0	0	0	0	0	0	0	0	0	0	0	0	0	0	0	0	0	0	0	0	0	0	0	4.1288	0	0	0	0	0	0	0	0	0	0	0	0	0	0	0	0	0	0	0	0	7.49977	11.4193	8.26555	7.2921	0	8.27905	6.51229	0	9.2598	7.20098	0	0	8.37397	9.54999	0	4.64014	0	3.13965	0	0	6.61229	0	3.41542	4.54204	0	1.29096	0	0	0	0	0	
0	0	0	0	0	0	0	0	0	0	0	0	0	0	0	8.7594	0	0	0	0	0	0	0	0	0	0	0	0	0	0	0	0	0	0	7.2151	0	0	0	0	0	0	0	0	0	0	0	0	0	0	0	0	0	0	0	0	0	0	0	0	0	0	0	0	0	0	0	0	4.44856	0	0	0	0	0	9.06467	0	0	0	1.67947	0	0	0	4.00427	0	0	8.4213	0	7.68692	4.0611	6.68858	10.06975	9.50703	0	9.12124	0	0	0	0	0	0	0	
0	0	0	0	0	0	0	0	0	0	0	0	0	0	0	0	0	0	0	0	0	0	0	0	0	0	0	0	0	0	0	0	0	0	0	0	0	0	0	0	0	0	0	0	0	0	0	0	7.85388	0	0	0	0	0	0	0	0	0	0	13.92858	0	0	0	0	0	6.99739	0	0	0	0	0	7.75491	0	0	0	0	0	12.31465	0	5.66646	11.07508	0	0	8.70531	0	0	0	0	0	0	0	0	0	0	0	0	0	0	0	0	
0	0	0	0	0	0	0	0	0	0	0	0	0	0	0	0	0	0	0	4.19868	0	0	0	0	0	0	0	0	0	0	0	0	0	0	0	0	0	0	0	0	0	0	0	0	0	0	0	0	0	0	0	0	0	0	0	2.80545	0	0	15.00522	0	0	0	0	0	10.60933	0	0	0	0	0	0	9.59657	0	5.61577	0	0	8.7301	0	0	0	3.61445	4.67784	5.71873	8.82999	0	0	0	9.5852	9.01508	0	3.47612	13.63918	11.72848	0	0	0	0	0	0	0	
0	0	0	0	0	0	0	0	0	0	0	0	0	0	0	0	0	0	0	0	0	0	0	0	0	0	0	0	0	0	0	0	0	0	0	0	0	0	0	0	0	0	0	0	0	0	0	0	0	0	0	0	0	0	0	0	0	0	0	0	0	0	0	0	0	0	0	0	0	0	0	0	0	0	0	0	0	0	0	0	0	0	0	0	0	0	0	0	0	0	0	9.94166	0	0	0	0	0	0	0	0	
0	0	0	0	0	0	0	0	0	0	0	0	0	0	0	0	0	0	0	0	0	0	0	0	0	0	0	0	0	0	0	0	0	0	0	0	0	0	0	0	0	0	0	0	0	0	0	0	0	0	0	0	0	0	0	0	0	0	0	0	0	0	0	0	0	0	0	0	0	0	9.86547	0	0	0	0	0	0	0	0	8.37877	0	0	0	10.74687	0	0	0	1.45217	0	0	3.62782	10.55348	0	0	0	0	0	0	0	0	
0	0	0	0	0	0	0	0	0	0	0	0	0	0	0	0	0	0	0	0	0	0	0	0	0	0	0	0	0	0	0	0	0	0	0	0	0	0	0	0	0	0	0	0	0	0	0	0	0	0	0	0	0	0	0	0	0	0	0	3.39908	0	0	0	0	0	0	0	0	0	0	7.93629	0	0	0	0	0	0	0	0	0	0	0	0	0	0	0	9.45623	0	0	0	0	0	0	0	0	0	0	0	0	0	
0	0	0	0	0	0	0	0	0	0	0	0	0	0	0	0	0	0	0	0	0	0	0	0	0	0	0	0	0	0	0	0	0	0	0	0	0	0	0	0	0	0	0	0	0	0	0	0	0	0	0	0	0	0	0	0	0	0	0	0	0	0	0	0	0	0	0	0	0	8.58979	4.36998	0	0	0	0	0	0	0	9.56164	0	0	0	0	0	0	0	0	0	8.07744	4.08027	0	0	0	0	0	0	0	0	0	0	
0	0	0	0	0	0	0	0	0	0	0	0	0	0	0	0	0	0	0	0	0	0	0	0	0	0	0	0	0	0	0	0	0	0	0	0	0	0	0	0	0	0	0	0	0	0	0	0	0	0	0	0	0	0	0	0	0	0	0	0	0	0	0	0	0	0	0	0	0	0	0	0	0	0	0	0	0	0	0	0	0	0	0	0	0	0	0.90157	0	0	0	0	0	0	0	0	0	0	0	0	0	
0	0	0	0	0	0	0	0	0	0	0	0	0	0	0	0	0	0	0	0	0	0	0	0	0	0	0	0	0	0	0	0	0	0	0	0	0	0	0	0	0	0	0	0	0	0	0	0	0	0	0	0	0	0	0	0	0	0	8.32143	0	0	0	0	0	0	0	0	0	0	0	0	0	0	0	0	7.63612	0	0	0	0	0	0	0	0	0	0	0	0	0	0	0	0	0	0	0	0	0	0	0	0	
0	0	0	0	0	0	0	0	0	0	0	0	0	0	0	0	0	0	0	0	0	0	0	0	0	0	0	0	0	0	0	0	9.35659	0	0	0	0	0	0	0	0	0	0	0	0	0	0	0	0	0	1.45217	0	0	0	0	0	0	0	0	0	0	0	7.44332	0	0	0	0	0	0	0	0	0	0	0	0	8.22566	0	0	0	0	0	0	0	0	0	0	0	0	0	0	0	0	0	0	0	0	0	0	0	0	
0	0	0	0	0	0	0	0	0	0	0	0	0	0	0	0	0	0	0	0	0	0	0	0	0	0	0	0	0	0	0	0	0	0	0	0	0	0	0	0	0	0	0	0	0	0	0	0	0	0	0	0	0	0	0	0	0	0	0	0	0	0	0	0	0	0	0	0	0	0	0	0	0	0	0	0	0	0	0	0	0	0	0	0	0	0	0	0	0	0	0	0	0	0	0	0	0	0	0	0	
0	0	0	0	0	0	0	0	0	0	0	0	0	0	0	0	0	0	0	0	0	0	0	0	0	0	0	0	0	0	0	0	0	0	0	0	0	0	0	0	0	0	0	0	0	0	0	0	0	0	0	0	0	0	0	0	0	0	0	0	0	0	0	0	0	0	0	0	0	0	0	0	0	0	0	0	0	0	0	0	0	0	0	0	0	0	0	0	0	0	0	0	0	0	0	0	0	0	0	0	
0	0	0	0	0	0	0	0	0	0	0	0	0	0	0	0	0	0	0	0	0	0	0	0	0	0	0	0	0	0	0	0	0	0	0	0	0	0	0	0	0	0	0	0	0	0	0	0	0	0	0	0	0	0	0	0	0	0	0	0	0	0	0	0	0	0	0	0	0	0	0	0	0	0	0	0	0	0	0	0	0	0	0	0	0	0	0	0	0	0	0	0	0	0	0	0	0	0	0	0	
0	0	0	0	0	0	0	0	0	0	0	0	0	0	0	0	0	0	0	0	0	0	0	0	0	0	0	0	0	0	0	0	0	0	0	0	0	0	0	0	0	0	0	0	0	0	0	0	0	0	0	0	0	0	0	0	0	0	0	0	0	0	0	0	0	0	0	0	0	0	0	0	0	0	0	0	0	0	0	0	0	0	0	0	0	0	0	0	0	0	0	0	0	0	0	0	0	0	0	0	
0	0	0	0	0	0	0	0	0	0	0	0	0	0	0	0	0	0	0	0	0	0	0	0	0	0	0	0	0	0	0	0	0	0	0	0	0	0	0	0	0	0	0	0	0	0	0	0	0	0	0	0	0	0	0	0	0	0	0	0	0	0	0	0	0	0	0	0	0	0	0	0	0	0	0	0	0	0	0	0	0	6.97074	0	0	0	0	0	0	0	0	0	0	0	0	0	0	0	0	0	0	
0	0	0	0	0	0	0	0	0	0	0	0	0	0	0	0	0	0	0	0	0	0	0	0	0	0	0	0	0	0	0	0	0	0	0	0	0	0	0	0	0	0	0	0	0	0	0	12.44143	0	0	0	0	0	0	0	0	0	0	0	0	0	0	0	0	0	0	0	0	0	0	0	0	0	0	10.59391	0	0	0	0	0	0	0	0	0	0	0	0	0	0	0	0	0	0	0	0	0	0	0	0	0	
