0	0	0	0	0	0	0	0	0	0	0	0	0	0	0	0	0	0	0	0	0	0	0	0	0	0	0	0	0	0	0	0	0	0	0	0	0	0	0	0	0	0	0	0	0	0	0	0	0	0	0	8.38705	0	0	0	0	0	0	0	0	0	0	0	0	0	0	0	0	0	0	0	0	0	0	0	0	0	0	0	0	0	0	0	0	0	0	0	0	0	0	0	0	0	0	0	0	0	0	0	0	
0	0	0	0	0	0	0	0	0	0	0	0	0	0	0	0	0	0	0	0	0	0	0	0	0	0	0	0	0	0	0	0	0	0	0	0	0	0	0	0	0	0	0	0	0	0	0	14.49005	0	0	0	0	0	0	0	0	0	0	0	0	0	0	0	10.41928	0	0	0	0	0	0	0	0	0	0	0	0	0	0	0	0	0	0	0	0	0	0	0	0	0	0	0	0	0	0	0	0	0	0	0	0	
0	0	0	0	0	0	0	0	0	0	0	0	0	0	0	0	0	0	0	0	0	0	0	0	0	0	0	0	0	0	0	0	0	0	0	0	0	0	0	0	0	0	0	0	0	0	0	0	0	0	0	0	0	0	10.2563	0	0	0	0	0	0	0	0	0	0	0	0	0	0	0	0	0	0	0	0	0	0	0	0	0	0	0	0	0	0	0	0	0	0	0	0	0	0	0	0	0	0	0	0	0	
0	0	0	0	0	0	0	0	0	0	0	0	0	0	0	0	0	0	0	0	0	0	0	0	0	0	0	0	0	0	0	0	0	0	0	0	0	0	0	0	0	0	0	0	0	0	11.56375	9.69912	0	0	0	0	0	0	0	0	0	0	0	0	0	0	0	0	0	0	0	0	0	0	0	0	0	0	0	0	0	0	0	0	0	0	0	0	0	0	0	0	0	0	0	0	0	0	0	0	0	0	0	0	
0	0	0	0	0	0	0	0	0	0	0	0	0	0	0	0	0	0	0	0	0	0	0	0	0	0	0	0	0	0	0	0	0	0	0	0	0	7.74586	0	0	0	0	0	12.52214	0	0	0	0	0	0	0	0	0	0	0	0	0	0	0	0	0	0	0	0	0	0	0	0	0	0	0	0	0	0	0	0	0	0	0	0	0	0	0	0	0	0	0	0	0	0	0	0	0	0	0	0	0	0	0	0	
0	0	0	0	0	0	0	0	0	0	0	0	0	0	0	0	0	0	0	0	0	0	0	0	0	0	0	0	0	0	0	0	0	0	0	0	0	0	0	0	0	0	0	0	0	0	0	0	0	0	0	0	0	0	0	0	0	0	0	0	0	0	0	0	0	0	0	0	0	0	0	0	8.21695	0	0	0	0	0	0	0	0	0	0	0	0	0	0	0	0	0	0	0	0	0	0	0	0	0	0	0	
0	0	0	0	0	0	0	0	0	0	0	0	0	0	0	0	0	0	0	0	0	0	0	0	0	0	0	0	0	0	0	0	0	0	0	0	0	0	0	0	0	0	0	0	0	0	0	0	0	0	0	0	0	0	0	0	0	0	0	0	0	0	0	0	0	0	0	0	0	0	0	0	0	0	11.68135	0	0	0	0	0	0	0	0	0	0	0	0	0	0	0	0	0	0	0	0	0	0	0	0	0	
0	0	0	0	0	0	0	0	0	0	0	0	0	0	0	0	0	0	0	0	0	0	0	0	0	0	0	0	0	0	0	0	0	0	0	0	0	0	0	0	0	0	0	0	0	0	0	0	0	0	0	8.99592	0	0	0	12.65855	0	0	7.86859	0	0	0	0	0	0	0	0	0	0	0	0	0	0	0	0	0	0	0	0	0	0	0	0	0	0	0	0	0	0	0	0	0	0	0	0	0	0	0	0	0	
0	0	0	0	0	0	0	0	0	0	0	0	0	0	0	0	0	0	0	0	0	0	0	0	0	0	0	0	7.38563	0	0	0	0	0	0	0	0	0	0	0	0	0	0	0	0	0	0	0	0	0	0	0	0	0	0	0	0	0	0	0	0	0	0	0	0	0	0	7.22782	0	0	0	0	0	0	0	0	0	0	0	0	0	0	0	0	0	0	0	0	0	0	0	0	0	0	0	0	0	0	0	0	
0	0	0	0	0	0	0	0	0	0	0	0	0	0	0	0	0	0	0	0	0	0	0	0	0	0	0	0	0	0	0	0	0	0	0	0	0	0	0	0	0	0	0	0	0	0	0	0	0	0	0	0	0	0	0	8.46151	0	0	0	0	0	0	0	0	0	0	0	0	0	0	0	0	0	0	0	0	0	0	0	0	0	0	0	0	0	0	0	0	0	0	0	0	0	0	0	0	0	0	0	0	
0	0	0	0	0	0	0	0	0	0	0	0	0	0	0	0	0	0	0	0	0	0	0	0	0	0	0	0	0	0	0	0	0	0	0	0	0	0	0	0	0	0	0	0	0	0	0	0	0	0	0	0	0	0	0	0	0	0	0	0	0	0	0	0	0	0	0	10.86798	0	0	0	0	0	0	0	0	0	0	0	0	0	0	0	0	0	0	0	0	0	0	0	0	0	0	0	0	0	0	0	0	
0	0	0	0	0	0	0	0	0	0	0	0	0	0	0	0	0	0	0	0	0	0	0	0	0	0	0	0	0	0	0	0	0	0	0	0	0	0	0	0	0	0	0	0	0	0	0	0	0	0	0	0	7.86311	0	0	0	2.07773	0	0	0	0	0	0	0	0	0	0	0	0	0	0	7.84097	0	0	0	0	0	0	0	0	0	0	0	0	0	0	0	0	0	0	0	0	0	0	0	0	0	0	0	0	
0	0	0	0	0	0	0	0	0	0	0	0	0	0	0	0	0	0	0	0	0	0	0	0	0	0	0	0	0	0	0	0	0	0	0	0	0	0	0	0	0	0	0	0	0	0	0	0	10.7063	0	0	0	12.32075	0	0	0	0	0	0	0	0	0	0	0	0	0	0	4.85427	0	0	0	0	0	0	0	0	0	0	0	0	0	0	0	0	0	0	0	0	0	0	0	0	0	0	0	0	0	0	0	0	
0	0	0	0	0	0	0	0	0	0	0	0	0	0	0	0	0	0	0	0	0	0	0	0	0	0	0	0	0	0	12.85623	0	0	0	0	0	0	0	0	10.77761	0	0	0	0	0	0	0	9.33725	0	0	0	0	0	0	0	0	0	6.22075	5.45932	0	8.46513	0	0	11.01459	0	0	0	0	0	0	0	0	0	0	0	0	0	0	0	0	0	0	0	0	0	0	0	0	0	0	0	0	0	0	0	0	0	0	0	0	
0	0	0	0	0	0	0	0	0	0	0	0	0	0	0	0	0	0	0	0	0	0	0	0	0	0	0	0	0	0	0	0	0	0	0	0	0	0	0	0	0	0	0	0	0	0	0	0	0	0	0	0	0	0	6.37865	0	0	0	0	0	0	0	0	0	0	0	0	0	0	0	0	0	0	0	3.30235	0	0	0	0	0	0	0	0	0	0	0	0	0	0	0	0	0	0	0	0	0	0	0	0	0	
0	0	0	0	0	0	0	0	0	0	0	0	0	0	0	0	0	0	0	0	0	0	0	0	0	0	0	0	0	0	0	0	0	0	0	0	0	0	0	0	0	0	14.49518	0	0	0	0	0	0	0	0	0	9.50242	0	0	0	0	0	0	13.11677	0	0	0	0	0	0	0	0	0	0	0	6.31211	0	0	0	0	0	0	0	0	0	0	0	0	0	0	0	0	0	0	0	0	0	0	0	0	0	0	0	0	
0	0	0	0	0	0	0	0	0	0	0	0	0	0	0	0	0	0	0	0	0	0	0	0	0	0	0	0	0	0	0	0	0	0	0	0	0	0	0	0	0	0	0	7.09072	0	0	0	12.7304	0	0	0	9.02034	0	0	0	0	0	0	4.33135	0	0	0	0	0	0	0	0	0	0	0	0	0	0	0	0	0	0	0	0	0	0	0	0	0	0	0	0	0	0	0	0	0	0	0	0	0	0	0	0	0	
0	0	0	0	0	0	0	0	0	0	0	0	0	0	0	0	0	0	0	0	0	0	0	0	0	0	0	0	0	0	0	0	0	0	0	0	0	0	0	0	0	0	8.99397	0	0	0	0	0	0	0	0	0	0	0	0	8.26139	0	0	0	0	0	0	0	0	0	0	2.03661	0	4.83199	0	0	0	0	0	0	0	0	0	0	0	0	0	0	0	0	0	0	0	0	0	0	0	0	0	0	0	0	0	0	0	
0	0	0	0	0	0	0	0	0	0	0	0	0	0	0	0	0	0	0	0	0	0	0	0	0	0	0	0	0	0	0	0	0	0	0	0	0	0	0	0	12.93657	0	0	0	0	0	0	0	0	0	0	0	0	0	0	0	0	0	0	0	0	0	0	0	0	0	0	0	0	0	0	0	0	0	0	0	0	0	0	0	0	0	0	0	0	0	0	0	0	0	0	0	0	0	0	0	0	0	0	0	
0	0	0	0	0	0	0	0	0	0	0	0	0	0	0	0	0	0	0	0	0	0	0	0	0	0	0	0	0	0	0	0	0	0	0	0	0	0	0	0	0	0	0	0	0	0	0	9.29104	0	0	7.26977	0	0	0	0	0	0	0	0	0	0	0	0	0	0	0	0	0	0	0	0	0	0	0	0	0	9.49357	0	0	0	0	0	0	0	0	0	0	0	0	0	0	0	0	0	0	0	0	0	0	0	
0	0	0	0	0	0	0	0	0	0	0	0	0	0	0	0	0	0	0	0	0	0	0	0	0	0	0	0	0	0	0	0	0	0	0	0	0	0	0	0	0	0	0	0	0	0	0	8.41168	0	0	9.8667	10.71241	0	0	0	0	8.71615	0	9.67896	0	10.04192	0	0	0	0	10.16845	0	0	0	0	0	0	0	0	0	0	0	0	0	0	0	0	0	0	0	0	0	0	0	0	0	0	0	0	0	0	0	0	0	0	
0	0	0	0	0	0	0	0	0	0	0	0	0	0	0	0	0	0	0	0	0	0	0	0	0	0	0	0	0	0	0	0	0	0	0	0	0	0	0	0	0	9.39158	0	0	0	0	0	0	0	0	0	0	0	0	0	0	0	0	0	0	0	0	0	0	0	0	0	0	0	0	0	0	0	0	0	0	0	0	0	0	0	0	0	0	0	0	0	0	0	0	0	0	0	0	0	0	0	0	0	0	
0	0	0	0	0	0	0	0	0	0	0	0	0	0	0	0	0	0	0	0	0	0	0	0	0	0	0	0	0	0	0	8.66741	0	0	0	0	0	0	0	0	0	0	0	0	0	0	0	7.53448	0	0	0	0	0	0	0	0	0	0	0	0	0	0	0	3.16651	0	0	0	3.96603	0	0	0	0	0	0	0	0	0	0	0	0	0	0	0	0	0	0	0	0	0	0	0	0	0	0	0	0	0	0	0	0	
0	0	0	0	0	0	0	0	0	0	0	0	0	0	0	0	0	0	0	0	0	0	0	0	0	0	0	0	0	0	0	11.2788	0	0	1.47145	0	0	0	0	0	0	0	0	0	0	0	0	0	0	0	0	0	0	0	0	0	0	0	0	0	0	0	0	0	0	0	0	0	0	0	0	0	0	0	0	0	0	0	0	0	0	0	0	0	0	0	0	0	0	0	0	0	0	0	0	0	0	0	0	0	
0	0	0	0	0	0	0	0	0	0	0	0	0	0	0	0	0	0	0	0	0	0	0	0	0	0	0	0	0	0	0	0	0	0	0	0	0	0	0	0	0	0	0	10.39384	0	0	0	0	0	15.50283	0	0	0	0	9.70525	0	0	0	0	0	0	0	0	0	0	0	0	0	0	0	0	0	0	0	0	0	0	0	0	0.93585	0	0	0	0	0	0	0	0	0	0	0	0	0	0	0	0	0	0	0	0	
0	0	0	0	0	0	0	0	0	0	0	0	0	0	0	0	0	0	0	0	0	0	0	0	0	0	0	0	0	0	0	0	8.20833	0	0	0	0	0	0	0	0	0	0	0	0	0	0	3.16651	0	0	8.76814	0	0	0	0	0	0	0	7.76068	0	0	0	0	0	0	0	0	0	0	0	0.52937	0	0	0	0	0	0	0	0	0	0	0	0	0	0	5.75373	0	0	0	0	0	0	0	0	0	0	0	0	0	0	
0	0	0	0	0	0	0	0	0	0	0	0	0	0	0	0	0	0	0	0	0	0	0	0	0	0	0	0	0	0	0	0	0	0	0	0	0	0	0	10.43414	0	0	0	0	15.94687	0	11.66962	0	0	0	0	0	0	0	0	0	0	0	0	0	0	0	0	0	0	0	0	0	0	1.22021	0	0	0	0	0	0	0	0	0	0	0	0	0	0	0	0	0	0	0	0	0	0	0	0	0	0	0	0	0	0	
0	0	0	0	0	0	0	0	0	0	0	0	0	0	0	0	0	0	0	0	0	0	0	0	0	0	0	0	0	0	0	0	0	0	0	9.34021	0	0	0	0	0	0	0	0	0	0	0	8.59649	0	0	0	0	0	7.42028	0	0	0	0	0	0	9.03722	0	0	0	0	0	0	0	0	0	0	0	0	0	0	0	0	0	0	0	0	0	0	0	0	0	0	0	0	0	0	0	0	0	6.05751	0	0	0	0	0	
0	0	0	0	0	0	0	0	0	0	0	0	0	0	0	0	0	0	0	0	0	0	0	0	0	0	0	0	0	0	0	0	0	0	0	0	0	0	0	0	0	14.2709	0	0	0	0	0	0	0	0	0	0	0	0	0	0	0	0	0	0	0	0	0	0	0	0	0	1.87169	0	0	0	5.04067	0	0	0	0	0	0	0	0	0	0	0	0	0	0	0	0	0	0	0	0	0	0	0	0	0	0	0	0	
0	0	0	0	0	0	0	0	0	0	0	0	0	0	0	0	0	0	0	0	0	0	0	0	0	0	0	0	0	0	0	0	0	0	0	0	0	0	0	0	6.74662	0	0	0	9.94014	0	0	6.82835	0	0	3.79229	12.42536	0	0	0	10.59204	0	0	7.83818	0	8.3206	0	0	0	0	0	0	0	1.6854	0	0	0	0	0	0	0	0	0	0	0	0	0	0	0	0	0	0	0	0	0	0	0	0	0	0	4.89783	0	0	0	0	
0	0	0	0	0	0	0	0	0	0	0	0	0	0	0	0	0	0	0	0	0	0	0	0	0	0	0	0	0	0	0	0	0	0	0	0	0	0	0	0	0	0	0	0	15.08064	0	0	0	0	1.22021	0	0	6.93609	0	0	0	0	8.4849	0	0	0	5.09781	0	0	0	0	0	0	0	0	0	0	0	0	0	0	0	0	0	0	0	0	0	0	0	0	0	0	0	0	0	0	0	0	0	0	0	0	0	0	
0	0	0	0	0	0	0	0	0	0	0	0	0	0	0	0	0	0	0	0	0	0	0	0	0	0	0	0	0	0	0	0	0	0	0	0	0	0	0	0	0	0	0	10.66593	0	0	12.31197	0	0	0	8.1397	0	0	0	0	0	0	0	0	6.57614	0	0	0	0	8.80817	0	0	2.31887	0	0	0	0	10.47336	0	0	0	0.91571	0	0	0	0	0	0	0	0	0	0	0	0	0	0	0	0	0	0	0	0	0	0	0	
0	0	0	0	0	0	0	0	0	0	0	0	0	0	0	0	0	0	0	0	0	0	0	0	0	0	0	0	0	0	0	0	0	0	0	0	0	0	0	0	0	0	0	0	3.34829	5.18828	0	11.10911	0	0	0	13.06751	6.7226	0	0	8.70621	0	0	0	0	0	0	0	0	0	0	0	10.32621	0	0	0	0	0	11.00995	0	0	0	0	0	0	0	0	0	0	0	0	0	0	0	0	0	0	0	0	0	0	0	0	0	0	
0	0	0	0	0	0	0	0	0	0	0	0	0	0	0	0	0	0	0	0	0	0	0	0	0	0	0	0	0	0	0	0	0	0	0	0	0	15.26064	0	0	0	0	0	0	0	0	0	0	4.76301	0	0	5.87639	0	0	11.34495	0	7.63119	0	0	3.48478	0	8.16888	0	0	0	0	0	0	0	0	0	0	0	0	6.15137	3.09348	0	0	0	0	0	0	0	0	0	0	0	0	0	0	0	0	0	0	0	0	0	0	0	0	
0	0	0	0	0	0	0	0	0	0	0	0	0	0	0	0	0	0	0	0	0	0	0	0	0	0	0	0	0	0	0	0	0	0	0	0	0	0	0	0	0	0	13.61558	0	0	10.61506	0	12.20073	0	0	8.10063	0	11.80838	0	9.06733	0	0	0	0	0	0	0	0	10.70208	0	0	0	7.23671	0	0	9.2808	0	0	0	0	0	0	0	2.55481	0	0	0	0	0	0	0	0	0	0	0	0	0	0	0	0	0	0	0	0	0	
0	0	0	0	0	0	0	0	0	0	0	0	0	0	0	0	0	0	0	0	0	0	0	0	0	0	0	0	0	0	0	0	0	0	0	0	0	0	0	0	0	0	0	0	0	0	0	7.91437	9.38777	0	0	7.79851	0	0	0	0	0	0	0	0	0	0	0	0	1.22021	0	0	0	0	0	0	0	0	0	0	0	0	0	0	0	0	0	0	0	0	0	0	0	0	0	8.08422	0	0	0	0	0	0	0	0	0	
0	0	0	0	0	0	0	0	0	0	0	0	0	0	0	0	0	0	0	0	0	0	0	0	0	0	0	0	0	0	0	0	0	0	0	0	0	0	0	0	0	0	0	0	0	0	0	12.528	0	0	0	0	9.64901	9.31634	0	0	0	0	10.71032	12.38157	0	0	0	0	0	0	0	0	0	0	0	0	0	0	0	0	0	0	0	0	0	0	0	0	0	0	0	0	0	0	0	0	0	0	0	0	0	0	6.1232	0	
0	0	0	0	0	0	0	0	0	0	0	0	0	0	0	0	0	0	0	0	0	0	0	0	0	0	0	0	0	0	0	0	0	0	0	0	0	0	0	0	0	0	8.25931	0	0	0	0	0	0	8.73153	0	5.41504	0	7.00742	0	0	0	0	0	0	0	0	0	0	12.74717	0	0	0	0	0	0	0	0	0	0	0	12.58334	0	0	0	0	0	0	0	0	0	0	0	0	0	0	0	0	0	0	0	0	0	0	0	
0	0	0	0	0	0	0	0	0	0	0	0	10.49079	0	0	0	0	0	0	0	0	0	0	0	0	0	0	0	0	0	10.77688	0	0	0	0	0	0	0	0	0	0	0	10.23566	0	0	0	0	12.57644	0	0	12.85191	0	0	6.66705	10.04858	0	11.22295	0	0	0	0	0	0	10.08789	8.0018	9.50682	0	0	0	0	0	0	0	0	0	0	0	0	0	0	0	0	0	0	0	0	0	0	0	0	0	0	0	0	0	0	0	0	0	0	
0	0	0	0	0	0	0	0	0	0	0	0	0	0	0	0	0	0	0	0	0	0	0	0	0	0	0	0	0	0	0	0	0	0	0	0	0	0	0	0	0	0	0	0	0	10.89082	6.48627	0	5.77175	13.24831	0.91571	7.98028	9.23903	0	10.31219	6.37053	0	0	0	0	13.22553	0	0	0	0	0	0	0	0	6.86394	0	0	0	0	0	0	4.47354	0	0	0	0	0	0	0	0	0	0	0	0	0	0	0	0	0	0	0	0	0	0	0	
0	0	0	0	0	0	0	0	0	0	0	0	0	0	0	9.64901	0	0	0	0	0	0	0	0	0	0	0	0	0	0	0	0	0	0	0	4.15737	11.76476	0	0	0	0	0	0	4.12107	0	11.10272	9.13204	9.18846	5.39997	8.741	0	0	3.88177	0	10.77323	0	0	0	0	6.99243	0	10.99561	0	6.03818	0	8.18435	0	0	11.35889	0	9.18297	0	0	0	0	10.51351	0	0.52937	0	4.88273	0	0	0	0	0	0	0	0	0	0	9.17081	0	0	0	0	0	0	0	0	0	
0	0	0	0	0	0	0	0	0	0	0	0	0	0	0	0	0	0	0	0	0	0	0	0	0	0	11.70529	0	0	0	0	3.30235	0	0	8.18874	0	0	0	0	0	11.91515	0	0	0	0	0	0	0	9.93119	3.09123	1.87169	11.76237	8.87643	0	11.05993	0	11.74347	0	5.17276	0	0	8.58987	0	0	0	8.20183	0	0	0	0	0	0	0	8.61618	0	0	0	0	0	0	0	0	0	0	0	0	0	0	0	0	0	0	0	0	0	0	0	0	0	0	
0	0	0	0	0	0	0	0	0	0	0	0	0	0	0	0	0	0	0	11.91324	0	0	0	0	0	0	0	0	0	0	0	0	0	0	0	0	0	0	0	0	0	0	0	14.16642	0	0	12.66527	12.37533	11.47082	0	9.09916	8.12242	11.41266	0	0	0	13.94332	0	0	7.3151	7.72082	0	0	13.40621	0	7.6943	0	7.3508	0	0	0	0	0	0	0	0	0	0	0	0	0	0	0	0	0	0	0	0	0	0	8.19392	0	0	0	0	0	0	0	0	0	
0	0	0	0	0	0	0	0	0	0	0	0	8.21265	0	0	0	0	0	0	9.56707	0	0	0	0	0	0	0	0	0	0	0	0	0	6.90454	0	0	0	0	0	0	0	9.02867	12.94138	0	7.49886	0	0	4.20132	7.97154	0	3.36576	8.34659	6.83684	5.72379	9.75287	9.48557	6.69335	4.96156	7.88952	0	0	0	0	0	4.08384	0	0	0	0	0	0	0	0	0	0	0	0	0	12.21348	0	0	0	0	0	0	0	0	0	0	0	0	0	0	0	0	0	0	0	0	0	
0	0	0	0	0	0	0	0	0	0	0	0	0	0	0	0	0	0	0	0	0	0	0	15.15509	0	0	0	0	0	0	0	0	0	0	0	0	0	0	10.49833	0	0	0	8.37015	9.62248	2.84914	0	11.57328	5.97652	0	8.57553	9.30627	7.46371	0	0	0	0	0	8.25421	13.77629	9.98437	11.5189	0	0	0	8.71841	0	0	0	0	0	0	0	0	0	0	0	0	0	0	0	0	0	0	0	0	0	0	0	0	0	0	0	0	0	0	0	0	0	0	0	
0	0	8.83362	0	0	0	0	0	0	0	0	0	0	0	0	0	0	0	0	0	0	0	0	0	0	0	0	0	0	0	0	0	0	0	0	0	0	0	0	0	11.10031	0	0	0	0	9.96595	0	8.66635	9.57799	11.99792	0	8.87098	9.66721	8.76116	0	9.60205	0	0	10.13756	4.96078	9.64502	0	8.27385	10.41647	0	0	0	0	0	0	0	8.30167	0	0	0	0	1.47145	0	0	0	0	0	0	0	0	0	0	0	0	0	0	0	0	0	0	0	0	0	0	0	
0	0	0	0	0	0	0	0	0	0	0	10.06479	0	0	0	0	0	0	0	0	0	0	0	0	0	0	0	0	0	0	0	0	5.88429	0	0	0	0	8.59357	12.49037	4.12107	5.20572	5.712	0	0	12.33252	8.33636	11.85753	6.18824	10.56396	0	11.74812	0	5.95216	6.60122	0	10.39003	5.40124	11.20996	0	0	0	0	0	0	0	0	0	6.35961	0	0	0	0	3.36576	0	0	1.22021	0	0	11.00871	0	0	0	0	0	0	0	0	0	0	0	0	0	0	0	0	8.71757	0	0	0	0	
0	0	0	0	0	0	0	0	0	0	0	0	0	0	0	0	0	0	0	0	0	0	0	0	0	0	0	0	0	0	0	0	0	0	6.8829	9.56094	0	0	0	6.51452	0	12.611	0	11.26735	13.29565	10.85836	8.88641	9.38748	5.32282	10.88642	11.32645	10.59287	1.05769	8.92057	0	0	8.78574	0	0	6.99137	8.89938	0	3.79229	0	0	0	0	0	0	0	0	0	0	0	0	0	0	0	4.50588	0	0	0	0	0	0	0	0	10.38525	0	0	0	0	0	0	0	0	0	0	0	0	
0	0	0	0	0	0	0	0	9.464	0	10.70553	0	0	0	0	0	0	0	0	0	0	0	0	0	0	0	9.39823	0	0	0	0	0	0	0	0	2.93525	0	13.64752	11.84448	0	8.70994	9.36661	0	7.03693	4.87621	12.16149	6.57512	8.21028	10.11617	9.93557	0	8.78117	0	0	0	0	9.64447	4.12107	0	0	0	0	2.18463	0	0	0	12.65469	0	0	0	0	0	0	0	0	0	0	0	0	0	0	0	0	0	0	0	0	0	0	0	0	0	0	7.28671	0	0	0	0	0	0	
0	0	0	0	0	0	0	0	0	0	0	11.72299	0	0	12.03559	0	0	0	0	0	0	0	0	0	0	0	0	0	0	0	0	11.47352	0	0	7.41591	0	10.83405	0	0	10.8426	0.91571	0	10.80974	10.10698	10.03611	8.02284	10.80858	9.05178	5.0321	10.22758	7.37077	10.56066	10.15693	8.45513	0	7.4382	10.38219	0	0	13.96683	8.78225	4.53842	0	9.39823	0	0	0	0	0	0	0	0	0	1.47145	0	7.54594	0	0	0	0	0	0	0	5.45932	0	0	0	0	0	0	0	0	0	0	0	0	0	0	0	0	
0	0	0	0	0	0	0	0	0	0	0	0	11.66411	0	0	0	0	0	0	0	0	0	0	0	0	0	0	0	0	9.73632	0	0	9.27874	0	7.26193	0	12.76996	0	12.31134	10.78524	10.67612	10.43137	10.0243	11.46814	8.61787	4.79131	9.731	10.06512	7.73689	9.53318	8.91499	10.88499	10.31521	6.19515	6.00152	8.66094	9.81876	0	0	7.23671	6.48627	0	0	0	0	0	0	0	0	0	0	0	0	9.56229	0	0	0	0	0	0	9.97487	0	0	0	0	0	0	0	0	0	0	0	0	0	0	0	0	0	0	0	
0	0	0	0	0	0	0	12.90882	0	0	0	9.71821	0	0	0	0	0	0	0	0	0	0	0	0	0	0	0	8.59484	0	0	4.98117	0	12.0374	0	0	0	10.23257	6.39803	9.21818	10.76321	9.77722	10.41951	0	11.1898	11.35874	9.5686	9.24703	9.80951	11.18125	10.35145	5.21059	9.67591	8.19748	9.75049	9.11369	6.58123	13.01808	5.14406	5.71618	8.49734	5.1735	12.25489	9.56285	0	9.6514	0	0	0	0	0	0	0	0	9.37819	0	0	0	0	0	0	0	0	0	0	0	0	0	0	0	0	0	0	0	0	0	0	0	0	0	0	
11.89085	0	0	0	0	0	0	0	8.10009	0	0	0	8.64363	0	0	0	0	0	0	0	0	0	0	0	10.76039	0	0	8.35225	0	0	0	0	15.009	0	11.17347	9.03843	0	6.72864	10.87507	7.49824	8.83362	9.30463	5.68051	10.4188	12.1751	10.53001	8.84266	10.53103	6.98242	6.02937	9.93855	6.32441	7.55975	5.9132	11.02702	9.06186	9.25486	6.37716	0	10.79601	4.08384	1.6854	0	5.41126	0	9.27151	0	0	0	0	4.91912	0	0	0	0	0	0	0	0	0	0	0	5.23812	0	0	9.58505	0	0	0	0	0	0	0	0	0	0	0	0	0	0	
0	0	0	10.56781	0	0	0	0	0	0	0	0	0	0	0	0	0	0	9.32334	0	0	11.44008	0	7.00742	11.34595	8.80674	0	0	10.91146	10.0334	11.94094	0	13.71127	0	0	1.47145	0	10.34913	10.75462	8.22428	9.15689	7.91108	9.45646	9.55983	9.62784	10.04246	8.99604	10.14648	9.72629	6.14581	9.70273	7.61649	9.73559	6.84888	9.26564	9.09833	0	4.59642	6.93664	8.86158	0	5.15277	9.88845	0	0	0	0	0	0	4.3578	0	0	6.50751	0	0	6.75848	11.83138	3.16651	0	0	0	0	0	0	0	0	0	0	0	0	0	0	0	0	0	0	0	0	0	0	
8.0795	0	0	0	12.93829	8.34969	0	0	0	0	0	0	0	0	0	0	0	10.16511	0	0	0	0	0	0	10.67417	0	8.16066	9.73859	0	10.74668	9.95291	0	0	0	10.95592	8.26971	7.81089	11.45814	11.54461	9.57708	6.71761	9.68847	9.35406	8.79454	10.02454	9.07262	9.92663	8.93638	8.81148	10.17221	5.26514	10.45056	9.44026	7.906	9.92734	9.56274	9.21532	4.21268	6.81134	9.28793	12.06468	0	5.00726	10.02299	10.74071	9.4421	8.94416	0	0	0	0	0	0	0	7.74586	0	0	0	0	0	0	0	0	0	0	0	0	0	0	0	0	0	0	0	0	0.52937	0	0	0	0	
0	0	0	0	0	0	0	0	7.65993	0	7.96899	0	0	0	0	0	9.49002	13.74194	9.9589	6.27955	10.44382	5.99376	0	0	0	12.68647	0	9.13031	10.8693	10.71241	0	10.27758	10.96906	8.12443	8.86997	10.9148	7.71672	7.41864	9.3094	9.48818	8.75486	8.45217	6.86874	8.4016	9.69393	8.38548	8.26869	9.02094	8.0442	7.29227	7.28773	11.93701	9.60118	7.81916	6.04287	6.19924	5.88215	9.01143	0	10.26672	5.20405	8.50792	7.05748	0	6.38239	11.53839	10.27603	0	0	0	0	6.45745	0	0	6.26299	0	0	0	9.71745	0	0	0	0	0	0	8.29436	0	0	0	0	0	0	0	0	0	6.57614	0	0	0	0	
0	10.68354	0	0	3.88177	8.49557	0	0	0	0	0	0	0	0	7.7695	11.3606	0	11.04971	10.61218	0	8.72899	0	7.82414	0	0	0	0	0	10.42931	10.03949	7.27739	0	12.0374	6.8685	10.44198	8.27049	9.0571	10.23445	8.16193	9.43409	9.04249	8.38437	8.93582	8.15958	9.00361	8.538	8.35104	9.54449	8.02474	7.98769	7.46751	8.00117	8.63579	8.10672	8.71492	7.0569	3.88177	8.36139	7.94141	7.86708	0	8.82941	0	11.40961	10.22224	0.91571	5.53356	10.27758	0	0	0	0	0	0	0	4.66559	0	0	0	0	9.04534	0	0	0	0	0	0	0	0	0	0	0	0	0	0	0	0	0	0	0	
0	10.86181	9.13031	0	9.21704	0	0	0	0	0	10.12902	0	0	0	7.80425	8.98895	0	8.94031	0	0	5.58454	6.62879	8.86463	9.78697	10.48545	9.02376	0	4.78511	7.84931	8.57336	12.19477	11.0115	10.74171	11.18652	10.02002	9.94212	8.83818	8.60911	8.62366	8.39292	7.86947	7.71207	7.7309	7.90546	7.88249	6.83114	8.45957	7.94586	9.09364	8.50646	7.481	9.16519	8.45486	8.73599	7.91837	6.898	7.7627	5.05437	8.26397	7.49248	0	8.77629	10.05757	8.9058	3.42134	3.48478	1.6854	0	0	0.52937	0	8.15045	0	3.36576	8.54948	0	7.91702	0	0	0	0	0	0	4.51983	0	5.77856	0	0	0	0	0	0	0	0	0	0	0	0	0	0	
0	0	0	0	0	0	0	0	8.3206	0	9.2433	12.58823	0	0	0	0	0	0	10.03096	0	12.40935	0	0	0	0	9.71973	10.67713	0	0.91571	9.79292	6.77871	7.26193	10.44565	9.11824	10.193	8.50008	9.04084	9.50137	8.60625	10.05126	6.06934	8.53083	8.24404	7.65454	7.96458	8.56651	8.88395	8.84226	8.48652	9.15181	8.41452	8.43436	7.3895	8.19891	7.81459	9.20505	9.23414	9.05488	9.46218	8.21396	10.77759	4.66097	11.76996	6.01673	0	10.23664	0	8.04851	0	0	0	0	0	0	0	0	0	0	2.18463	0	0	7.19367	0	0	0	0	0	9.2281	7.35861	7.03206	0	0	0	0	0	0	0	0	0	0	
0	0	0	0	0	0	0	0	11.96678	9.18603	4.39414	0.91571	0	12.09627	0	0	0	6.69818	9.41425	4.25648	0	0	0.52937	8.63164	7.49956	10.61506	8.15996	9.46737	5.92493	9.37963	0	7.47821	4.58873	5.53343	6.1228	8.63309	9.58292	7.08141	7.75304	5.17632	6.63225	8.6544	8.22112	8.7032	6.35647	7.74217	8.14986	7.73457	7.04292	9.31329	8.93131	7.23855	7.42738	7.39958	8.3089	8.55587	6.74165	10.45969	10.50186	6.6755	6.20778	11.35121	8.21355	6.54224	4.69675	8.70587	9.98248	0	0	0	0	0	0	7.99178	9.583	0	0	0	13.20793	0	0	0	0	0	0	0	0	0	8.43404	0	2.31887	0	0	0	0	0	0	0	0	0	
0	0	9.89047	6.54338	0	7.19367	0	1.87169	7.75773	0	0	0	0	0	0	0	0	7.54939	0	0	0	0	0	10.61138	0	9.50682	0	10.17746	7.58197	8.52653	0	8.79411	0	8.75291	5.88431	8.72199	6.77136	6.94804	1.88191	9.59895	8.75568	9.46283	8.06843	7.50253	8.80833	6.45974	6.99717	8.17923	7.50857	8.07354	8.14412	8.23571	8.67413	7.79627	8.47335	6.75053	7.87492	9.33641	7.50116	6.73609	10.28624	9.08775	5.04776	9.4918	7.48642	0	0	7.50214	5.18828	5.1756	4.72609	0	8.56982	0	1.27741	0	5.64123	0	0	0	0	0	4.57806	0	0	0	0	0	0	0	0	0	0	0	0	0	0	0	0	0	
0	0	0	0	0	0	0	0	0.91571	0	9.93231	8.48133	8.71448	0	14.3111	0	0	7.09889	0	8.10295	0	0	0	0	0	0	6.71653	4.73926	5.90641	0	8.18874	8.29643	5.95456	8.72409	5.41519	7.50825	9.36359	7.91755	7.4477	8.90922	8.25863	5.76541	5.96011	7.0271	7.13437	7.77017	4.82935	6.01831	8.72681	6.17569	7.23535	9.51024	8.88934	7.91747	7.66673	6.95517	5.96938	8.18507	8.88936	7.18927	8.24044	6.14252	7.98943	6.51225	1.6854	6.30817	7.69739	5.02212	0	0	9.01514	0	6.85597	2.44892	0	14.38875	0	0	0	0	0	0	0	0	0	0	0	0	6.77067	0	0	0	0	0	0	0	0	0	0	0	
0	0	0	0	0	1.22021	0	0	0	9.80441	0	0	6.9722	0	0	0	0	0	0	0	0	0	0	9.13758	0	0	8.39653	0	0	4.55536	7.41583	0	0	6.84681	9.24857	7.53102	5.47378	0.52937	0.91571	8.61455	4.54313	11.0479	6.284	4.95209	8.99442	6.99178	7.88917	7.17254	9.75829	4.95491	7.34803	8.7188	6.74202	6.68029	8.73997	6.70544	8.58774	6.85779	4.8589	7.68584	7.90288	5.74836	4.06505	9.53865	7.84086	5.95913	7.95102	9.44577	7.17093	0	0	15.96201	0	7.23246	0	6.19479	9.66485	0	0	0	0	0	0	0	11.3209	0	0	1.87169	0	0	0	10.09901	0	0	0	0	7.91172	0	0	0	
0	0	0	0	0	0	0	0	0	0	0	11.47712	0	0	0	0	0	5.52976	11.58784	0	0	0	0	4.22732	0	0	0	8.13515	0	0	0	0	5.21439	6.6003	8.95149	0	4.38456	8.24641	1.27741	2.24399	8.43967	8.97145	7.23114	2.40468	0	9.0994	6.60395	5.61717	6.31449	6.48231	7.56635	10.58007	8.53131	5.52863	7.60122	5.91916	6.84506	7.44489	7.60168	8.94301	7.23625	5.00479	0	6.51269	10.15391	0	8.59297	7.02225	10.41413	7.11926	0	0	0	1.22021	0	9.18517	0	8.52365	0	0	0	8.61145	0	0	0	0	0	0	0	0	0	0	0	0	0	0	0	0	0	0	
0	0	0	0	4.88528	0	0	0	0	0	9.20697	0	3.16651	0	0	11.12837	0	0	7.65993	0	5.69982	6.18603	0	0	0	9.38011	6.95168	0	0	6.46968	0	9.43563	12.07805	0	0	8.54777	10.29142	11.91125	10.81074	11.02246	5.41921	8.72447	7.3377	6.64805	3.50619	7.99125	14.56555	4.3092	8.50938	8.26423	8.36055	7.37417	8.56906	6.92347	5.79511	7.62226	6.23582	8.54847	4.30659	9.18119	5.79692	8.36076	6.30869	7.07144	8.50376	0	8.88569	10.29141	0	6.05751	9.03208	9.29002	6.98072	9.6925	6.30652	0	3.74019	0	0	0	3.16651	0	0	1.22021	0	0.91571	0	0	0	4.29403	0	0	0	0	0	0	0	0	0	0	
0	0	0	0	0	0	0	0	0	0	0	4.61429	4.47053	0	0	9.35494	0	0	0	2.18463	6.9722	0	0.52937	0	0	0	0	0	0	4.42195	5.02111	7.21241	0	0	0	9.57128	0	0	0	5.20572	5.14593	7.65754	3.90897	5.14179	8.61716	4.8306	6.72565	7.43588	6.90597	5.08944	0	0	8.30982	9.38674	0.52937	8.34681	8.43565	6.56344	7.3153	6.50954	9.27196	7.53742	8.64166	7.50615	5.51298	7.44115	4.96078	8.12957	0.91571	9.43953	0	7.16027	8.27554	10.65526	11.45017	0	4.3578	0	4.58794	0	0	0	0	0	0	0	0	0	0	0	0	0	0	0	0	0	0	0	0	0	
0	0	0	9.23802	0	0	0	0	0	0	0	0	0	0	0	0	0.91571	0	0	0	0	0	9.97487	0	0	0	8.48197	8.40584	7.93281	5.22294	0	0	2.03661	0	0	11.02796	0	2.31887	5.30611	1.89615	6.25363	0	0	0	5.03046	10.73059	9.14389	7.4782	5.686	5.36368	5.67974	4.92533	8.10199	8.30318	8.49287	6.99124	8.72866	6.75448	6.5917	7.01364	7.95462	7.2928	9.36796	9.13156	6.99978	7.6399	6.32027	9.25067	11.01905	7.61938	6.32664	9.11642	5.69486	3.18349	7.7599	0	11.86073	0	5.80375	9.24224	0.52937	5.91641	7.68501	0	0	1.22021	0	0	0	0	0	0	0	0	0	0	0	1.47145	0	12.34823	
0	0	5.36187	0	0	0	0	0	0	0	0	0	0	0	0	0	0	0	0	0	8.0436	0	0	0	0	8.52538	0	8.99323	0	11.12208	0	10.50714	10.69708	0	4.38866	0	0	6.49172	6.66086	0	6.26299	0	0	7.57782	11.48383	9.583	6.01198	2.98972	6.72864	7.15101	8.20263	9.82077	7.33994	8.20155	5.8475	9.53344	0	7.46639	7.5499	7.80891	3.16248	4.69103	5.91641	2.15869	6.18678	7.87071	5.98246	0	8.44564	4.23409	5.03192	7.52331	5.27271	7.87052	3.36576	0	6.52939	0	1.96184	7.37025	0	5.78456	0	0	0	0	0	0	5.06399	0	0	0	0	0	0	0	4.41887	0	0	0	
0	0	0	0	7.41965	0	0	0	0	0	0	0	9.45855	0	0	0	0	0	0	0	9.06614	4.32627	0	0	0	0	0	5.85387	0	0	0	0.52937	9.19829	0	0	0	7.57863	0	9.88304	6.74662	0	0	3.39457	0.91571	11.56163	0	5.09943	8.30653	4.98117	5.90269	5.28986	7.15803	9.15519	6.34127	8.60984	1.06796	0	8.00435	4.35247	2.57183	7.46986	7.28344	8.33969	6.50746	5.81525	8.77229	6.70367	6.03371	7.18201	6.59192	8.66109	0	0	9.3011	0	7.91095	8.12143	5.9466	0	0	0	0	0	0	8.21049	0	0	0	0	0	0	0	0	0	0	0	8.63078	0	0	0	
0	0	0	0	0	0	0	0	7.48536	0	0	0	1.87169	0	0	0	8.58655	6.34584	5.07901	0	0	0	0	0	12.15617	0	0	0	0	0	0	0	0	0	8.66584	9.2199	0	7.96644	0	0	0	0	8.82518	11.51126	0	10.06107	9.37434	8.19966	0	3.08861	0	10.07609	9.37626	8.60126	0	5.97858	0	7.85772	0	5.50544	9.01096	6.15944	5.94859	7.9064	4.55839	6.5744	6.94331	5.46634	9.59215	7.65803	8.73573	4.29133	6.78215	7.2785	8.02448	5.03534	9.49302	8.47235	0	0	6.63524	9.20805	10.11308	0	4.28477	1.6854	6.58948	5.05997	5.81782	0	4.45343	0	0	9.83955	0	0	0	0	0	0	
0	0	0	0	0	0	0	0	0	0	0	0	0	0	0	0	0	0	0	0	7.18971	0	0	0	0	0	0	0	0	5.84032	0	0	0	0	6.3751	0	0	0	0	0	9.30526	0	7.86859	7.92494	7.40734	0	0	3.36576	5.13468	5.91341	10.51109	0	0	2.68068	3.41638	7.95416	0	0	8.65657	8.56729	10.26412	5.45402	3.90711	5.01633	7.14943	7.32352	4.70271	6.68304	7.23994	6.93682	10.16663	7.44025	3.77244	6.91261	3.83347	0	3.65414	0	6.021	0	0	0	4.19276	0	0	0	9.65513	0	0	0	0	0	0	0	0	0	0	0	0	0	
0	0	0	0	7.97663	0	0	0	0	0	0	5.44471	0	3.96603	0	0	0	0	0	0	0	0	0	0	0	0	0	0	0	0	0	0	0	0	0	0	0	0	0	7.18981	0	0	7.69121	0	7.50313	0	1.02222	5.02111	0	0	6.89907	0	0	0	9.60944	0	0	0.52937	0	10.66986	7.69415	0	7.7111	8.07568	7.15542	0	1.91887	5.22012	9.95359	6.45825	6.81629	8.43133	9.19022	5.34376	0	0	3.02976	7.65041	6.25112	8.42848	2.18463	8.05326	0.91571	0	2.31887	0	4.26106	9.75989	0	5.25502	0	0	0	0	7.88492	0	0	0	0	0	
0	0	0	0	0	0	0	0	0	0	0	0	0	0	0	0	0	6.78533	0	0	0	10.86455	9.28593	0	0	0	9.46037	0	0	0	0	0	0	9.7865	7.38582	0	0	0	0	0	0	0	0	0	0	0	0	0	0.52937	0	6.5215	0	0	0	0	8.26721	9.24959	9.23331	4.41887	2.93525	0	5.90078	6.60028	0	8.04516	8.0957	9.47605	7.8606	4.71289	3.31211	7.45736	6.17079	6.39296	6.33354	9.28215	5.35403	7.01316	0	9.19284	6.69383	0	0	7.67518	0	4.76301	8.89323	7.03693	3.42651	0	9.74841	0	0	0	0	0	0	8.86114	0	0	0	
0	0	0	0	0	0	0	0	6.7227	0	0	3.88177	0	0	0	0	0	0	0	0	0	0	0	0	0	0	0	3.42651	0	0	0	0	0	0	0	0	0	0	0	9.17809	0	0	0	0	0	6.00869	0	7.07537	2.93525	0	0	10.38382	0	0	0	0	0	0	9.41075	0	7.39086	0	9.17691	9.93929	7.74886	3.89449	5.78058	0	0	6.75991	8.72975	5.23996	9.20534	6.62121	4.81891	9.8817	3.04312	0	0	7.50037	6.10339	7.93745	10.20087	10.02916	8.00371	0	0	0	0	0	8.88051	0	10.87244	0	0	0	0	0	0	0	
0	0	0	0	0	0	0	0	0	0	0	0	0	5.72415	0	0	0	0	0	3.92452	0	0	0	0	0	2.49373	0	0	0	0	0	0	0	0	7.2908	0	0	7.63722	0	0	9.86533	0	2.84914	11.96246	2.84914	0	0	0	0	0	7.87678	5.28986	0	0	7.18491	0	0	0	0	6.67475	5.72415	0	5.01399	8.57653	7.05147	4.29111	9.84229	5.50227	0.91571	5.5218	6.2643	0	6.2143	6.28072	10.53241	6.87285	5.57243	4.90702	6.83036	4.23781	0	7.41304	8.90872	5.24494	3.99523	0	0	6.65441	2.13019	0	9.4811	0	0	7.6819	0	0	0	0	5.20653	0	
0	0	0	0	0	0	0	8.79239	0	0	0	0	0	0	0	0	0	0	0	0	0	0	9.71897	0	0	0	0	0	9.69294	0	0	0	0	0	9.93984	0	0	4.04564	0	0	0	1.45281	0	0	0	0	9.52137	0	0	0	0	0	10.35286	0	0	0	3.9499	2.31887	0	4.97179	9.93805	0	0	6.27893	0	2.84914	0	8.12314	7.03708	10.97288	8.81788	8.5423	7.56181	5.98865	7.98675	7.42245	7.47597	6.76438	6.60651	5.72733	7.8925	7.5253	6.06317	0	6.22493	0	4.22732	3.84206	0	0	8.5044	9.2593	0	0	0	0	9.62004	0	0	0	
0	0	0	0	0	0	0	0	1.22021	0	0	0	0	0	0	0	0	0	0	0	0	0	0	0	0	0	0	0	0	0	0	0	0	0	0	0	0	5.92835	0	0	0	0	0	0	0	0	0	0	0	7.64083	0	5.44922	0	3.62369	0	0	4.22732	8.9788	0	0	4.29403	0	11.53881	12.52724	7.53102	5.80733	0	0	10.67978	7.84596	0	7.77535	6.01762	10.20675	7.52884	8.66682	0	5.26225	5.29802	7.13423	4.026	10.24158	6.26299	0	0	0	5.8889	0	0	0	0	0	8.1883	6.4409	11.48339	0	0	0	0	0	
0	0	0	0	0	0	0	9.13827	0	0	0	0	0	0	0	0	0	0	0	0	0	0	0	0	0	0	0	0	0	0	0	0	0	0	0	0	0	5.2338	0	7.09422	0	0	0	0	0	0	0	0	0	0	5.04387	0	0	11.54696	7.51258	0	0	8.55617	8.88186	11.60436	0	2.18463	0	7.18179	8.64276	10.25734	0	0	7.60703	4.39298	7.94596	6.68394	5.01764	8.23851	5.712	7.96456	7.11444	0	7.33718	8.05724	8.50357	9.50418	5.87818	7.52149	5.24451	0	0	1.35673	0	0	8.26139	0	0	0	0	2.34726	0	0	0	0	
0	0	0	0	0	0	0	0	0	0	0	0	0	0	0	0	0	0	0	0	0	0	0	0	0	8.5715	0	0	0	0	0	0	0	0	0	0	0	10.49523	0	0	0	0	0	0	9.01019	0	0	0	10.73059	0	0	0	0	0	0	0.91571	0	0	0	0	0	0	8.75406	0	0	6.52956	6.54839	9.14673	1.6854	6.83451	3.77941	0	8.34011	0	9.85914	6.66903	6.20349	6.25449	4.81392	7.39787	4.08272	0	4.41104	0	8.27591	5.99134	0	0	0	0	8.07477	0	0	0	0	0	0	0.91571	0	0	
0	0	0	0	0	0	0	0	0	0	0	0	6.3751	0	0	0	0	0	0	0	0	0	0	0	0	0	0	0	0	0	0	0	0	0	0	0	0	0	0	0	0	0	0	0	0	0	0	9.59215	0	0	4.32627	0	10.67964	0	0	0	0	0	0	5.23241	0	0	0	5.57747	3.88177	8.23404	9.46567	0	10.45889	0	0	8.99773	0	0	0	3.09459	6.66387	8.94796	5.91491	6.18963	0	5.87943	5.77501	5.81733	6.66106	5.99172	5.96858	0.91571	7.77243	0	0	0	0	6.42805	0	0	0	0	0	0	
0	0	0	0	0	0	0	0	0	0	0	0	0	0	0	0	0	0	0	0	0	0	0	0	0	0	0	0	0	0	0	0	10.76149	0	0	0	0	0	0	0	3.23603	0	0	0	0	0	0	0	0	0	0	0	0	0	0	0	6.82693	0	0	0	8.47237	0	0	3.37021	0	7.17609	0	0	7.4413	0	0	0	8.11684	0	0	4.22732	0	0	4.02639	9.75688	8.17399	6.50751	10.53844	0	3.09348	0	1.47145	0	1.6854	0	7.19791	5.88357	5.40222	0	0	0	0	0	0	0	
0	0	0	0	0	0	0	1.89615	0	0	0	0	0	0	0	0	0	0	0	0	0	0	0	0	0	0	0	9.464	0	0	0	0	0	0	0	0	0	0	0	0	0	0	0	0	0	0	0	0	0	0	0	0	0	0	0	0	0	0	0	0	0	0	0	0	0	0	0	0	0	0	3.72812	4.56565	6.57772	0.91571	0	7.51713	7.64723	0	9.21464	6.2293	0	7.56414	0	8.10063	1.47145	9.52355	0	9.26307	0	6.25464	0	1.47145	0	0	0	9.60698	0	0	0	0	
0	0	0	0	0	0	0	0	0	0	0	0	0	0	0	0	0	0	0	0	7.31108	0	0	0	0	0	0	0	0	0	3.16651	0	0	0	0	0	0	0	0	0	0	0	0	0	0	0	0	0	0	0	0	0	0	0	0	0	0	0	0	12.63522	0	0	0	0	6.56268	8.4173	4.78637	4.17962	0	0	0	0	0	0	0	1.22021	4.90125	2.03661	0	0	2.78558	0	0	0	4.08031	6.85555	7.17563	4.76352	8.23617	0	9.48289	7.35861	8.70314	8.04117	0	6.43546	0	0	0	0	
0	0	0	0	0	0	0	0	0	0	0	0	0	0	0	0	0	0	0	0	0	0	0	0	0	0	0	0	0	0	0	0	0	0	0	0	0	0	0	0	0	0	0	0	0	0	0	0	4.32627	0	0	0	0	0	0	0	0	0	0	0	0	0	0	0	0	0	0	0	0	9.32034	10.9887	8.53576	7.23951	0	10.47201	6.17722	0	8.82518	7.91702	0	0	7.48178	5.8969	0	5.04824	0	6.34395	0	0	8.31857	0	4.60927	8.86387	0	2.18463	0	0	0	0	0	
0	0	0	0	0	0	0	0	0	0	0	0	0	0	0	8.30013	0	0	0	0	0	0	0	0	0	0	0	0	0	0	0	0	0	0	6.2713	0	0	0	0	0	0	0	0	0	0	0	0	0	0	0	0	0	0	0	0	0	0	0	0	0	0	0	0	0	0	0	0	3.42651	0	0	0	0	0	10.72908	0	0	0	4.39403	0	0	0	3.09348	0	0	4.92646	0	7.44473	5.47649	7.05147	9.76353	8.64363	0	9.35786	0	0	0	0	0	0	0	
0	0	0	0	0	0	0	0	0	0	0	0	0	0	0	0	0	0	0	0	0	0	0	0	0	0	0	0	0	0	0	0	0	0	0	0	0	0	0	0	0	0	0	0	0	0	0	0	8.01916	2.84914	0	0	0	0	0	0	0	0	0	14.70028	0	0	0	0	0	7.0486	0	0	0	0	0	6.34395	0	0	0	0	0	11.0479	0	5.79251	11.2027	0	0	8.94939	0	0	0	0	0	0	0	0	0	0	0	0	0	0	0	0	
0	0	0	0	0	0	0	0	0	0	0	0	0	0	0	0	0	0	0	0	0	0	0	0	0	0	0	0	0	0	0	0	0	0	0	0	0	0	0	0	0	0	0	0	0	0	0	0	0	0	0	0	0	0	0	2.83885	0	0	16.94117	0	0	0	0	0	7.84375	0	0	0	0	0	0	10.77287	0	6.08603	0	0	4.98117	0	0	0	2.18355	6.38881	4.05096	8.56566	0	0	0	7.56519	9.73026	0	4.53376	10.24948	10.93778	0	0	0	0	0	0	0	
0	0	0	0	0	0	0	0	0	0	0	0	0	0	0	0	0	0	0	0	0	0	0	0	0	0	0	0	0	0	0	0	0	0	0	0	0	0	0	0	0	0	0	0	0	0	0	0	0	0	0	0	0	0	0	0	0	0	0	0	0	0	0	0	0	0	0	0	0	0	0	0	0	0	0	0	0	0	0	0	0	0	0	0	0	0	2.44164	0	0	0	0	9.63781	0	0	0	0	0	0	0	0	
0	0	0	0	0	0	0	0	0	0	0	0	0	0	0	0	0	0	0	0	0	0	0	0	0	0	0	0	0	0	0	0	0	0	0	0	0	0	0	0	0	0	0	0	0	0	0	0	0	0	0	0	0	0	0	0	0	0	0	0	0	0	0	0	0	0	0	0	0	0	8.76609	0	0	0	0	0	0	0	0	8.94764	0	0	0	9.74752	0	0	0	2.55481	0	0	5.11011	11.35743	0	0	0	0	0	0	0	0	
0	0	0	0	0	0	0	0	0	0	0	0	0	0	0	0	0	0	0	0	0	0	0	0	0	0	0	0	0	0	0	0	0	0	0	0	0	0	0	0	0	0	0	0	0	0	0	0	0	0	0	0	0	0	0	0	0	0	0	2.93525	0	0	0	0	0	0	0	0	0	0	7.72485	0	0	0	0	0	0	0	0	0	0	0	0	0	0	0	8.95198	0	0	0	0	0	0	0	0	0	0	0	0	0	
0	0	0	0	0	0	0	0	0	0	0	0	0	0	0	0	0	0	0	0	0	0	0	0	0	0	0	0	0	0	0	0	0	0	0	0	0	0	0	0	0	0	0	0	0	0	0	0	0	0	0	0	0	0	0	0	0	0	0	0	0	0	0	0	0	0	0	0	0	8.38514	6.54224	0	0	0	0	0	0	0	6.4206	0	0	0	0	0	0	0	0	0	7.85208	5.23996	0	0	0	0	0	0	0	0	0	0	
0	0	0	0	0	0	0	0	0	0	0	0	0	0	0	0	0	0	0	0	0	0	0	0	0	0	0	0	0	0	0	0	0	0	0	0	0	0	0	0	0	0	0	0	0	0	0	0	0	0	0	0	0	0	0	0	0	0	0	0	0	0	0	0	0	0	0	0	0	0	0	0	0	0	0	0	0	0	0	0	0	0	0	0	0	0	2.03661	0	0	0	0	0	0	0	0	0	0	0	0	0	
0	0	0	0	0	0	0	0	0	0	0	0	0	0	0	0	0	0	0	0	0	0	0	0	0	0	0	0	0	0	0	0	0	0	0	0	0	0	0	0	0	0	0	0	0	0	0	0	0	0	0	0	0	0	0	0	0	0	8.56813	0	0	0	0	0	0	0	0	0	0	0	0	0	0	0	0	6.93609	0	0	0	0	0	0	0	0	0	0	0	0	0	0	0	0	0	0	0	0	0	0	0	0	
0	0	0	0	0	0	0	0	0	0	0	0	0	0	0	0	0	0	0	0	0	0	0	0	0	0	0	0	0	0	0	0	10.49035	0	0	0	0	0	0	0	0	0	0	0	0	0	0	0	0	0	1.6854	0	0	0	0	0	0	0	0	0	0	0	8.75439	0	0	0	0	0	0	0	0	0	0	0	0	6.90974	0	0	0	0	1.87169	0	0	0	0	0	0	0	0	0	0	0	0	0	0	0	0	0	0	0	
0	0	0	0	0	0	0	0	0	0	0	0	0	0	0	0	0	0	0	0	0	0	0	0	0	0	0	0	0	0	0	0	0	0	0	0	0	0	0	0	0	0	0	0	0	0	0	0	0	0	0	0	0	0	0	0	0	0	0	0	0	0	0	0	0	0	0	0	0	0	0	0	0	0	0	0	0	0	0	0	0	0	0	0	0	0	0	0	0	0	0	0	0	0	0	0	0	0	0	0	
0	0	0	0	0	0	0	0	0	0	0	0	0	0	0	0	0	0	0	0	0	0	0	0	0	0	0	0	0	0	0	0	0	0	0	0	0	0	0	0	0	0	0	0	0	0	0	0	0	0	0	0	0	0	0	0	0	0	0	0	0	0	0	0	0	0	0	0	0	0	0	0	0	0	0	0	0	0	0	0	0	0	0	0	0	0	0	0	0	0	0	0	0	0	0	0	0	0	0	0	
0	0	0	0	0	0	0	0	0	0	0	0	0	0	0	0	0	0	0	0	0	0	0	0	0	0	0	0	0	0	0	0	0	0	0	0	0	0	0	0	0	0	0	0	0	0	0	0	0	0	0	0	0	0	0	0	0	0	0	0	0	0	0	0	0	0	0	0	0	0	0	0	0	0	0	0	0	0	0	0	0	0	0	0	0	0	0	0	0	0	0	0	0	0	0	0	0	0	0	0	
0	0	0	0	0	0	0	0	0	0	0	0	0	0	0	0	0	0	0	0	0	0	0	0	0	0	0	0	0	0	0	0	0	0	0	0	0	0	0	0	0	0	0	0	0	0	0	0	0	0	0	0	0	0	0	0	0	0	0	0	0	0	0	0	0	0	0	0	0	0	0	0	0	0	0	0	0	0	0	0	0	0	0	0	0	0	0	0	0	0	0	0	0	0	0	0	0	0	0	0	
0	0	0	0	0	0	0	0	0	0	0	0	0	0	0	0	0	0	0	0	0	0	0	0	0	0	0	0	0	0	0	0	0	0	0	0	0	0	0	0	0	0	0	0	0	0	0	0	0	0	0	0	0	0	0	0	0	0	0	0	0	0	0	0	0	0	0	0	0	0	0	0	0	0	0	0	0	0	0	0	0	2.44164	0	0	0	0	0	0	0	0	0	0	0	0	0	0	0	0	0	0	
0	0	0	0	0	0	0	0	0	0	0	0	0	0	0	0	0	0	0	0	0	0	0	0	0	0	0	0	0	0	0	0	0	0	0	0	0	0	0	0	0	0	0	0	0	0	0	12.56931	0	0	0	0	0	0	0	0	0	0	0	0	0	0	0	0	0	0	0	0	0	0	0	0	0	0	9.74216	0	0	0	0	0	0	0	0	0	0	0	0	0	0	0	0	0	0	0	0	0	0	0	0	0	
