0	0	0	0	0	0	0	0	0	0	0	0	0	0	0	0	0	0	0	0	0	0	0	0	0	0	0	0	0	0	0	0	0	0	0	0	0	0	0	0	0	0	0	0	0	0	0	0	0	0	0	7.27486	0	0	0	0	0	0	0	0	0	0	0	0	0	0	0	0	0	0	0	0	0	0	0	0	0	0	0	0	0	0	0	0	0	0	0	0	0	0	0	0	0	0	0	0	0	0	0	0	
0	0	0	0	0	0	0	0	0	0	0	0	0	0	0	0	0	0	0	0	0	0	0	0	0	0	0	0	0	0	0	0	0	0	0	0	0	0	0	0	0	0	0	0	0	0	0	13.92331	0	0	0	0	0	0	0	0	0	0	0	0	0	0	0	9.19443	0	0	0	0	0	0	0	0	0	0	0	0	0	0	0	0	0	0	0	0	0	0	0	0	0	0	0	0	0	0	0	0	0	0	0	0	
0	0	0	0	0	0	0	0	0	0	0	0	0	0	0	0	0	0	0	0	0	0	0	0	0	0	0	0	0	0	0	0	0	0	0	0	0	0	0	0	0	0	0	0	0	0	0	0	0	0	0	0	0	0	9.10983	0	0	0	0	0	0	0	0	0	0	0	0	0	0	0	0	0	0	0	0	0	0	0	0	0	0	0	0	0	0	0	0	0	0	0	0	0	0	0	0	0	0	0	0	0	
0	0	0	0	0	0	0	0	0	0	0	0	0	0	0	0	0	0	0	0	0	0	0	0	0	0	0	0	0	0	0	0	0	0	0	0	0	0	0	0	0	0	0	0	0	0	10.73171	8.79766	0	0	0	0	0	0	0	0	0	0	0	0	0	0	0	0	0	0	0	0	0	0	0	0	0	0	0	0	0	0	0	0	0	0	0	0	0	0	0	0	0	0	0	0	0	0	0	0	0	0	0	0	
0	0	0	0	0	0	0	0	0	0	0	0	0	0	0	0	0	0	0	0	0	0	0	0	0	0	0	0	0	0	0	0	0	0	0	0	0	8.41826	0	0	0	0	0	14.05385	0	0	0	0	0	0	0	0	0	0	0	0	0	0	0	0	0	0	0	0	0	0	0	0	0	0	0	0	0	0	0	0	0	0	0	0	0	0	0	0	0	0	0	0	0	0	0	0	0	0	0	0	0	0	0	0	
0	0	0	0	0	0	0	0	0	0	0	0	0	0	0	0	0	0	0	0	0	0	0	0	0	0	0	0	0	0	0	0	0	0	0	0	0	0	0	0	0	0	0	0	0	0	0	0	0	0	0	0	0	0	0	0	0	0	0	0	0	0	0	0	0	0	0	0	0	0	0	0	8.72835	0	0	0	0	0	0	0	0	0	0	0	0	0	0	0	0	0	0	0	0	0	0	0	0	0	0	0	
0	0	0	0	0	0	0	0	0	0	0	0	0	0	0	0	0	0	0	0	0	0	0	0	0	0	0	0	0	0	0	0	0	0	0	0	0	0	0	0	0	0	0	0	0	0	0	0	0	0	0	0	0	0	0	0	0	0	0	0	0	0	0	0	0	0	0	0	0	0	0	0	0	0	9.97937	0	0	0	0	0	0	0	0	0	0	0	0	0	0	0	0	0	0	0	0	0	0	0	0	0	
0	0	0	0	0	0	0	0	0	0	0	0	0	0	0	0	0	0	0	0	0	0	0	0	0	0	0	0	0	0	0	0	0	0	0	0	0	0	0	0	0	0	0	0	0	0	0	0	0	0	0	9.07968	0	0	0	12.09553	0	0	4.35507	0	0	0	0	0	0	0	0	0	0	0	0	0	0	0	0	0	0	0	0	0	0	0	0	0	0	0	0	0	0	0	0	0	0	0	0	0	0	0	0	0	
0	0	0	0	0	0	0	0	0	0	0	0	0	0	0	0	0	0	0	0	0	0	0	0	0	0	0	0	0	0	0	0	0	0	0	0	0	0	0	0	0	0	0	0	0	0	0	0	0	0	0	0	0	0	0	0	0	0	0	0	0	0	0	0	0	0	0	6.39562	0	0	0	0	0	0	0	0	0	0	0	0	0	0	0	0	0	0	0	0	0	0	0	0	0	0	0	0	0	0	0	0	
0	0	0	0	0	0	0	0	0	0	0	0	0	0	0	0	0	0	0	0	0	0	0	0	0	0	0	0	0	0	0	0	0	0	0	0	0	0	0	0	0	0	0	0	0	0	0	0	0	0	0	0	0	0	0	7.71434	0	0	0	0	0	0	0	0	0	0	0	0	0	0	0	0	0	0	0	0	0	0	0	0	0	0	0	0	0	0	0	0	0	0	0	0	0	0	0	0	0	0	0	0	
0	0	0	0	0	0	0	0	0	0	0	0	0	0	0	0	0	0	0	0	0	0	0	0	0	0	0	0	0	0	0	0	0	0	0	0	0	0	0	0	0	0	0	0	0	0	0	0	0	0	0	0	0	0	0	0	0	0	0	0	0	0	0	0	0	0	0	10.89229	0	0	0	0	0	0	0	0	0	0	0	0	0	0	0	0	0	0	0	0	0	0	0	0	0	0	0	0	0	0	0	0	
0	0	0	0	0	0	0	0	0	0	0	0	0	0	0	0	0	0	0	0	0	0	0	0	0	0	0	0	0	0	0	0	0	0	0	0	0	0	0	0	0	0	0	0	0	0	0	0	0	0	0	0	3.36021	0	0	0	1.96877	0	0	0	0	0	0	0	0	0	0	0	0	0	0	3.36021	0	0	0	0	0	0	0	0	0	0	0	0	0	0	0	0	0	0	0	0	0	0	0	0	0	0	0	0	
0	0	0	0	0	0	0	0	0	0	0	0	0	0	0	0	0	0	0	0	0	0	0	0	0	0	0	0	0	0	0	0	0	0	0	0	0	0	0	0	0	0	0	0	0	0	0	0	7.47603	0	0	0	10.99709	0	0	0	0	0	0	0	0	0	0	0	0	0	0	8.25276	0	0	0	0	0	0	0	0	0	0	0	0	0	0	0	0	0	0	0	0	0	0	0	0	0	0	0	0	0	0	0	0	
0	0	0	0	0	0	0	0	0	0	0	0	0	0	0	0	0	0	0	0	0	0	0	0	0	0	0	0	0	0	13.35592	0	0	0	0	0	0	0	0	0.94628	0	0	0	0	0	0	0	9.48308	0	0	0	0	0	0	0	0	0	8.59119	4.80115	0	9.22507	0	0	11.40276	0	0	0	0	0	0	0	0	0	0	0	0	0	0	0	0	0	0	0	0	0	0	0	0	0	0	0	0	0	0	0	0	0	0	0	0	
0	0	0	0	0	0	0	0	0	0	0	0	0	0	0	0	0	0	0	0	0	0	0	0	0	0	0	0	0	0	0	0	0	0	0	0	0	0	0	0	0	0	0	0	0	0	0	0	0	0	0	0	0	0	5.46815	0	0	0	0	0	0	0	0	0	0	0	0	0	0	0	0	0	0	0	0	0	0	0	0	0	0	0	0	0	0	0	0	0	0	0	0	0	0	0	0	0	0	0	0	0	
0	0	0	0	0	0	0	0	0	0	0	0	0	0	0	0	0	0	0	0	0	0	0	0	0	0	0	0	0	0	0	0	0	0	0	0	0	0	0	0	0	0	13.10617	0	0	0	0	0	0	0	0	0	8.94054	0	0	0	0	0	0	13.77756	0	0	0	0	0	0	0	0	0	0	0	10.0884	0	0	0	0	0	0	0	0	0	0	0	0	0	0	0	0	0	0	0	0	0	0	0	0	0	0	0	0	
0	0	0	0	0	0	0	0	0	0	0	0	0	0	0	0	0	0	0	0	0	0	0	0	0	0	0	0	0	0	0	0	0	0	0	0	0	0	0	0	0	0	0	5.84305	0	0	0	11.37665	0	0	0	8.23452	0	0	0	0	0	0	4.38821	0	0	0	0	0	0	0	0	0	0	0	0	0	0	0	0	0	0	0	0	0	0	0	0	0	0	0	0	0	0	0	0	0	0	0	0	0	0	0	0	0	
0	0	0	0	0	0	0	0	0	0	0	0	0	0	0	0	0	0	0	0	0	0	0	0	0	0	0	0	0	0	0	0	0	0	0	0	0	0	0	0	0	0	9.58235	0	0	0	0	0	0	0	0	0	0	0	0	8.03808	0	0	0	0	0	0	0	0	0	0	0.94628	0	9.13264	0	0	0	0	0	0	0	0	0	0	0	0	0	0	0	0	0	0	0	0	0	0	0	0	0	0	0	0	0	0	0	
0	0	0	0	0	0	0	0	0	0	0	0	0	0	0	0	0	0	0	0	0	0	0	0	0	0	0	0	0	0	0	0	0	0	0	0	0	0	0	0	13.81223	0	0	0	0	0	0	0	0	0	0	0	0	0	0	0	0	0	0	0	0	0	0	0	0	0	0	0	0	0	0	0	0	0	0	0	0	0	0	0	0	0	0	0	0	0	0	0	0	0	0	0	0	0	0	0	0	0	0	0	
0	0	0	0	0	0	0	0	0	0	0	0	0	0	0	0	0	0	0	0	0	0	0	0	0	0	0	0	0	0	0	0	0	0	0	0	0	0	0	0	0	0	0	0	0	0	0	9.64966	0	0	6.61939	0	0	0	0	0	0	0	0	0	0	0	0	0	0	0	0	0	0	0	0	0	0	0	0	0	7.84803	0	0	0	0	0	0	0	0	0	0	0	0	0	0	0	0	0	0	0	0	0	0	0	
0	0	0	0	0	0	0	0	0	0	0	0	0	0	0	0	0	0	0	0	0	0	0	0	0	0	0	0	0	0	0	0	0	0	0	0	0	0	0	0	0	0	0	0	0	0	0	11.62944	0	0	9.99058	9.58061	0	0	0	0	4.98567	0	8.60842	0	10.23597	0	0	0	0	8.24397	0	0	0	0	0	0	0	0	0	0	0	0	0	0	0	0	0	0	0	0	0	0	0	0	0	0	0	0	0	0	0	0	0	0	
0	0	0	0	0	0	0	0	0	0	0	0	0	0	0	0	0	0	0	0	0	0	0	0	0	0	0	0	0	0	0	0	0	0	0	0	0	0	0	0	0	7.89654	0	0	0	0	0	0	0	0	0	0	0	0	0	0	0	0	0	0	0	0	0	0	0	0	0	0	0.54932	0	0	0	0	0	0	0	0	0	0	0	0	0	0	0	0	0	0	0	0	0	0	0	0	0	0	0	0	0	0	0	
0	0	0	0	0	0	0	0	0	0	0	0	0	0	0	0	0	0	0	0	0	0	0	0	0	0	0	0	0	0	0	3.70593	0	0	0	0	0	0	0	0	0	0	0	0	0	0	0	5.8465	0	0	0	0	0	0	0	0	0	0	0	0	0	0	0	0.54932	0	0	0	0	0	0	0	0	0	0	0	0	0	0	0	0	0	0	0	0	0	0	0	0	0	0	0	0	0	0	0	0	0	0	0	0	
0	0	0	0	0	0	0	0	0	0	0	0	0	0	0	0	0	0	0	0	0	0	0	0	0	0	0	0	0	0	0	11.55607	0	0	0	0	0	0	0	0	0	0	0	0	0	0	0	0	0	0	0	0	0	0	0	0	0	0	0	0	0	0	0	0	0	0	0	0	0	0	0	0	0	0	0	0	0	0	0	0	0	0	0	0	0	0	0	0	0	0	0	0	0	0	0	0	0	0	0	0	
0	0	0	0	0	0	0	0	0	0	0	0	0	0	0	0	0	0	0	0	0	0	0	0	0	0	0	0	0	0	0	0	0	0	0	0	0	0	0	0	0	0	0	10.89861	0	0	0	0	0	7.1766	0	0	0	0	9.25259	0	0	0	0	0	0	0	0	0	0	0	0	0	0	0	0	0	0	0	0	0	0	0	0	2.48156	0	0	0	0	0	0	0	0	0	0	0	0	0	0	0	0	0	0	0	0	
0	0	0	0	0	0	0	0	0	0	0	0	0	0	0	0	0	0	0	0	0	0	0	0	0	0	0	0	0	0	0	0	6.633	0	0	0	0	0	0	0	0	0	0	0	0	0	0	4.10606	0	0	5.86104	5.92618	0	0	0	0	0	0	8.92961	0	0	0	0	0	0	0	0	0	0	0	0.54932	0	0	0	0	0	0	0	0	0	0	0	0	0	0	4.81126	0	0	0	0	0	0	0	0	0	0	0	0	0	0	
0	0	0	0	0	0	0	0	0	0	0	0	0	0	0	0	0	0	0	0	0	0	0	0	0	0	0	0	0	0	0	0	0	0	0	0	0	0	0	12.07165	0	0	0	0	15.45282	0	2.71398	0	0	0	0	0	0	0	0	0	0	0	0	0	0	0	0	0	0	0	0	0	0	0	0	0	0	0	0	0	0	0	0	0	0	0	0	0	0	0	0	0	0	0	0	0	0	0	0	0	0	0	0	0	
0	0	0	0	0	0	0	0	0	0	0	0	0	0	0	0	0	0	0	0	0	0	0	0	0	0	0	0	0	0	0	0	0	0	0	9.59278	0	0	0	0	0	0	0	0	0	0	0	9.32318	0	0	0	0	0	5.61462	0	0	0	0	0	0	8.68677	0	0	0	0	0	0	0	0	0	0	0	0	0	0	0	0	0	0	0	0	0	0	0	0	0	0	0	0	0	0	0	0	0	9.62532	0	0	0	0	0	
0	0	0	0	0	0	0	0	0	0	0	0	0	0	0	0	0	0	0	0	0	0	0	0	0	0	0	0	0	0	0	0	0	0	0	0	0	0	0	0	0	12.92305	0	0	0	0	0	0	0	0	0	0	2.90462	0	0	0	0	0	0	0	0	0	0	0	0	0	0	1.25719	0	0	0	2.49429	0	0	0	0	0	0	0	0	0	0	0	0	0	0	0	0	0	0	0	0	0	0	0	0	0	0	0	0	
0	0	0	0	0	0	0	0	0	0	0	0	0	0	0	0	0	0	0	0	0	0	0	0	0	0	0	0	0	0	0	0	0	0	0	0	0	0	0	0	8.3002	0	0	0	10.49741	0	0	4.95996	0	0	1.25719	10.06425	0	0	0	10.83634	0	0	7.25311	0	9.3106	0	0	0	0	0	0	0	0.54932	0	0	0	0	0	0	0	0	0	0	0	0	0	0	0	0	0	0	0	0	0	0	0	0	0	0	5.91459	0	0	0	0	
0	0	0	0	0	0	0	0	0	0	0	0	0	0	0	0	0	0	0	0	0	0	0	0	0	0	0	0	0	0	0	0	0	0	0	0	0	0	0	0	0	0	0	0	13.15647	0	0	0	0	2.37044	0	0	5.68694	0	0	0	0	7.96771	0	0	0	5.62054	0	0	0	0	0	0	0	0	0	0	0	0	0	0	0	0	0	0	0	0	0	0	0	0	0	0	0	0	0	0	0	0	0	0	0	0	0	0	
0	0	0	0	0	0	0	0	0	0	0	0	0	0	0	0	0	0	0	0	0	0	0	0	0	0	0	0	0	0	0	0	0	0	0	0	0	0	0	0	0	0	0	11.93028	0	0	11.12803	0	0	0	7.94889	0	0	0	0	0	0	0	0	7.32158	0	0	0	0	7.18122	0	0	8.16464	0	0	0	0	10.42728	0	0	0	6.35936	0	0	0	0	0	0	0	0	0	0	0	0	0	0	0	0	0	0	0	0	0	0	0	
0	0	0	0	0	0	0	0	0	0	0	0	0	0	0	0	0	0	0	0	0	0	0	0	0	0	0	0	0	0	0	0	0	0	0	0	0	0	0	0	0	0	0	0	0.54932	0	0	11.00361	0	0	0	8.54612	0.94628	0	0	8.91028	0	0	5.19713	0	0	0	0	0	0	0	0	12.14626	0	0	0	0	0	11.53075	0	0	0	0	0	0	0	0	0	0	0	0	0	0	0	0	0	0	0	0	0	0	0	0	0	0	
0	0	0	0	0	0	0	0	0	0	0	0	0	0	0	0	0	0	0	0	0	0	0	0	0	0	0	0	0	0	0	0	0	0	0	0	0	12.88881	0	0	0	0	0	0	0	0	0	0	12.3866	0	0	3.91572	0	0	0.94628	0	6.1399	0	0	1.51288	0	2.37044	0	0	0	0	0	0	0	0	0	0	0	0	6.03255	4.02624	0	0	0	0	0	0	0	0	0	0	0	0	0	0	0	0	0	0	0	0	0	0	0	0	
0	0	0	0	0	0	0	0	0	0	0	0	0	0	0	0	0	0	0	0	0	0	0	0	0	0	0	0	0	0	0	0	0	0	0	0	0	0	0	0	0	0	14.65397	0	0	9.1062	0	11.75463	0	0	5.73794	0	11.19942	0	9.47558	0	0	0	0	0	0	0	0	9.14332	0	0	0	1.72997	0	0	6.90816	0	0	0	0	0	0	0	2.60831	0	0	0	0	0	0	0	0	0	0	0	0	0	0	0	0	0	0	0	0	0	
0	0	0	0	0	0	0	0	0	0	0	0	0	0	0	0	0	0	0	0	0	0	0	0	0	0	0	0	0	0	0	0	0	0	0	0	0	0	0	0	0	0	0	0	0	0	0	6.90816	8.67537	0	0	9.29472	0	0	0	0	0	0	0	0	0	0	0	0	0	0	0	0	0	0	0	0	0	0	0	0	0	0	0	0	0	0	0	0	0	0	0	0	0	0	3.65376	0	0	0	0	0	0	0	0	0	
0	0	0	0	0	0	0	0	0	0	0	0	0	0	0	0	0	0	0	0	0	0	0	0	0	0	0	0	0	0	0	0	0	0	0	0	0	0	0	0	0	0	0	0	0	0	0	12.55349	0	0	0	0	7.02057	1.25719	0	0	0	0	11.31696	9.71556	0	0	0	0	0	0	0	0	0	0	0	0	0	0	0	0	0	0	0	0	0	0	0	0	0	0	0	0	0	0	0	0	0	0	0	0	0	0	7.23102	0	
0	0	0	0	0	0	0	0	0	0	0	0	0	0	0	0	0	0	0	0	0	0	0	0	0	0	0	0	0	0	0	0	0	0	0	0	0	0	0	0	0	0	5.83484	0	0	0	0	0	0	9.5755	0	6.84559	0	7.34233	0	0	0	0	0	0	0	0	0	0	12.28227	0	0	0	0	0	0	0	0	0	0	0	11.00361	0	0	0	0	0	0	0	0	0	0	0	0	0	0	0	0	0	0	0	0	0	0	0	
0	0	0	0	0	0	0	0	0	0	0	0	11.2398	0	0	0	0	0	0	0	0	0	0	0	0	0	0	0	0	0	8.69163	0	0	0	0	0	0	0	0	0	0	0	9.78389	0	0	0	0	7.4685	0	0	12.40988	0	0	3.85199	1.72997	0	10.44313	0	0	0	0	0	0	7.73646	8.9715	7.92982	0	0	0	0	0	0	0	0	0	0	0	0	0	0	0	0	0	0	0	0	0	0	0	0	0	0	0	0	0	0	0	0	0	0	
0	0	0	0	0	0	0	0	0	0	0	0	0	0	0	0	0	0	0	0	0	0	0	0	0	0	0	0	0	0	0	0	0	0	0	0	0	0	0	0	0	0	0	0	0	11.09557	0.54932	0	0	13.58419	1.25719	9.41579	7.12736	0	11.25574	5.49557	0	0	0	0	12.93821	0	0	0	0	0	0	0	0	7.30976	0	0	0	0	0	0	2.18161	0	0	0	0	0	0	0	0	0	0	0	0	0	0	0	0	0	0	0	0	0	0	0	
0	0	0	0	0	0	0	0	0	0	0	0	0	0	0	7.89654	0	0	0	0	0	0	0	0	0	0	0	0	0	0	0	0	0	0	0	0	11.34198	0	0	0	0	0	0	3.15033	0	11.05417	7.12126	8.98079	2.49429	8.00202	0	0	4.91634	0	12.31938	0	0	0	0	7.63919	0	6.57106	0	4.4499	0	7.9105	0	0	11.5105	0	3.07298	0	0	0	0	9.2137	0	3.80493	0	3.01958	0	0	0	0	0	0	0	0	0	0	10.61718	0	0	0	0	0	0	0	0	0	
0	0	0	0	0	0	0	0	0	0	0	0	0	0	0	0	0	0	0	0	0	0	0	0	0	0	12.67768	0	0	0	0	4.70189	0	0	3.80493	0	0	0	0	0	12.1249	0	0	0	0	0	0	0	9.41806	2.08546	2.23499	9.16794	8.99528	0	12.14242	0	7.55281	0	3.09584	0	0	8.33581	0	0	0	6.85717	0	0	0	0	0	0	0	9.8693	0	0	0	0	0	0	0	0	0	0	0	0	0	0	0	0	0	0	0	0	0	0	2.60831	0	0	0	
0	0	0	0	0	0	0	0	0	0	0	0	0	0	0	0	0	0	0	11.80152	0	0	0	0	0	0	0	0	0	0	0	0	0	0	0	0	0	0	0	0	0	0	0	14.66332	0	0	10.42047	10.91567	10.42193	0	7.72386	9.58673	10.7808	0	0	0	13.36292	0	0	7.20882	5.66581	0	0	12.06589	0	7.94347	0	6.40742	0	0	0	0	0	0	0	0	0	0	0	0	0	0	0	0	0	0	0	0	0	0	7.14526	0	0	0	0	0	0	0	0	0	
0	0	0	0	0	0	0	0	0	0	0	0	8.00462	0	0	0	0	0	0	10.00692	0	0	0	0	0	0	0	0	0	0	0	0	0	6.3858	0	0	0	0	0	0	0	7.89373	12.79427	0	10.25164	0	0	1.95178	7.77665	0	2.60831	8.87812	7.09243	0	9.79783	0.94628	5.62327	6.77101	7.5793	0	0	0	0	0	7.64589	0	0	0	0	0	0	0	0	0	0	0	0	0	11.29566	0.54932	0	0	0	0	0	0	0	0	0	0	0	0	0	0	0	0	0	0	0	0	
0	0	0	0	0	0	0	0	0	0	0	0	0	0	0	0	0	0	0	0	0	0	0	14.11278	0	0	0	0	0	0	0	0	0	0	0	0	0	0	10.36882	0	0	0	8.24635	9.37344	4.64957	0	11.1176	4.97327	0	6.95387	9.99058	7.02687	0	0	0	0	0	9.76504	15.36505	12.0083	12.67359	0	0	0	7.43798	0	0	0	0	0	0	0	0	0	0	0	0	0	0	0	0	0	0	0	0	0	0	0	0	0	0	0	0	0	0	0	0	0	0	0	
0	0	7.20407	0	0	0	0	0	0	0	0	0	0	0	0	0	0	0	0	0	0	0	0	0	0	0	0	0	0	0	0	0	0	0	0	0	0	0	0	0	11.60982	0	0	0	0	10.11698	0	5.11443	9.34493	11.7641	0	8.92824	9.63544	8.68319	2.49429	9.36535	0	0	5.72536	0	9.35835	0	9.53447	9.96806	0	0	0	0	0	0	0	6.89472	0	0	0	0	2.99126	0	0	0	0	0	0	0	0	0	0	0	0	0	0	0	0	0	0	0	0	0	0	0	
0	0	0	0	0	0	0	0	0	0	0	9.55861	0	0	0	0	0	0	0	0	0	0	0	0	0	0	0	0	0	0	0	0	6.05193	0	0	0	0	7.87921	11.95697	4.32202	4.1817	8.3576	0	0	12.13672	6.01925	12.14943	7.01999	11.13802	0	10.70992	0	2.16914	6.17509	0	10.43293	2.97736	7.84801	0	0	0	0	0	0	0	0	0	5.21524	0	0	0	0	4.91634	0	0	8.70771	0	0	11.39806	0	0	0	0	0	0	0	0	0	0	0	0	0	0	0	0	8.24967	0	0	0	0	
0	0	0	0	0	0	0	0	0	0	0	0	0	0	0	0	0	0	0	0	0	0	0	0	0	0	0	0	0	0	0	0	0	0	5.21524	6.08843	0	0	0	9.18986	0	12.79239	0	10.29976	13.17291	9.95679	7.68552	8.24936	11.31284	11.14108	9.98178	10.77432	3.54341	9.46456	0	0	6.59682	0	0	7.01988	6.45392	0	0	0	0	0	0	0	0	0	0	0	0	0	0	0	0	0	2.99126	0	0	0	0	0	0	0	0	9.76941	0	0	0	0	0	0	0	0	0	0	0	0	
0	0	0	0	0	0	0	0	8.27019	0	8.00982	0	0	0	0	0	0	0	0	0	0	0	0	0	0	0	5.77504	0	0	0	0	0	0	0	0	3.70593	0	9.71953	11.31047	0	10.44092	11.6433	0	11.05637	1.25719	11.27734	8.77697	7.91192	8.6273	8.48172	0	6.40708	0.94628	0	0	0	10.06082	4.80115	0	0	0	0	0	0	0	0	12.93087	0	0	0	0	0	0	0	0	0	0	0	0	0	0	0	0	0	0	0	0	0	0	0	0	0	0	9.13026	0	0	0	0	0	0	
0	0	0	0	0	0	0	0	0	0	0	11.74167	0	0	11.40449	0	0	0	0	0	0	0	0	0	0	0	0	0	0	0	0	10.69467	0	0	2.08546	0	9.71873	0	0	11.2873	0.94628	0	8.71914	9.12554	10.14219	7.71298	11.61182	8.91398	4.17614	8.16476	7.00267	9.6748	10.48833	7.69994	0	4.77697	11.02438	0	0	8.50179	8.01758	4.76373	0	11.23564	0	0	0	0	0	0	0	0	0	0.54932	0	6.74428	0	0	0	0	0	0	0	5.35249	0	0	0	0	0	0	0	0	0	0	0	0	0	0	0	0	
0	0	0	0	0	0	0	0	0	0	0	0	11.87527	0	0	0	0	0	0	0	0	0	0	0	0	0	0	0	0	10.61121	0	0	7.25748	0	1.51288	0	12.46236	0	11.80114	11.12354	11.02025	11.14879	8.37654	8.15662	8.52927	4.4429	10.55808	10.17678	5.69986	8.25016	8.10617	11.8642	9.48774	8.93573	5.57131	7.20097	10.34259	0	0	6.64641	9.24048	0	0	0	0	0	0	0	0	0	0	0	0	9.96813	0	0	0	0	0	0	11.03437	0	0	0	0	0	0	0	0	0	0	0	0	0	0	0	0	0	0	0	
0	0	0	0	0	0	0	12.97247	0	0	0	11.22423	0	0	0	0	0	0	0	0	0	0	0	0	0	0	0	11.19942	0	0	1.25719	0	11.21244	0	0	0	10.75395	4.1817	9.63022	8.99976	9.40643	4.47874	0	10.72398	9.55961	10.04055	8.85072	7.76643	10.92064	10.86507	4.4263	9.58172	7.70796	8.28098	7.89899	4.36876	11.54693	4.05285	5.04891	9.35722	5.5838	11.02013	3.07298	0	11.15789	0	0	0	0	0	0	0	0	8.65726	0	0	0	0	0	0	0	0	0	0	0	0	0	0	0	0	0	0	0	0	0	0	0	0	0	0	
9.45	0	0	0	0	0	0	0	7.6054	0	0	0	8.47197	0	0	0	0	0	0	0	0	0	0	0	9.43172	0	0	9.07678	0	0	0	0	13.50485	0	10.74515	11.18284	0	5.88095	10.24792	5.98712	5.64746	8.94273	6.43893	9.50821	12.25641	10.24651	8.15971	9.18444	6.21018	4.32529	10.36869	5.21749	11.36813	2.63834	10.64681	9.42963	9.80423	5.41332	0	10.31331	0.54932	1.91865	0	3.61864	0	5.46272	0	0	0	0	1.51288	0	0	0	0	0	0	0	0	0	0	0	4.1195	0	0	0	0	0	0	0	0	0	0	0	0	0	0	0	0	0	
0	0	0	11.17447	0	0	0	0	0	0	0	0	0	0	0	0	0	0	8.94732	0	0	11.00361	0	6.08186	10.76601	5.85808	0	0	10.61761	5.38485	12.36771	0	10.87388	0	0	0	0	10.12619	11.68039	9.59009	8.66449	6.37021	9.07462	8.90383	9.24803	10.0835	8.45396	8.17265	10.05004	7.72756	9.67622	7.65399	11.14866	6.56664	5.3356	9.20387	0	1.57517	3.55278	8.17501	1.25719	3.94174	9.26785	0	0	0	0	0	0	3.15033	0	0	6.18654	0	0	6.25817	10.47832	1.61683	0	0	0	0	0	0	0	0	0	0	0	0	0	0	0	0	0	0	0	0	0	0	
9.13859	0	0	0	11.1649	8.02212	0	0	0	0	0	0	0	0	0	0	0	9.14451	0	0	0	0	0	0	10.07606	0	10.29558	8.39567	0	10.71946	11.23408	0	0	0	12.91614	10.84799	5.81506	11.99538	11.20198	10.47914	7.27473	9.76393	9.60084	9.07497	9.46633	8.52846	9.924	8.13195	8.91599	9.44985	5.88488	8.37493	7.82757	6.30297	9.14562	7.69399	8.45793	2.56396	1.94166	10.10428	11.58203	0	7.8697	11.2362	10.58707	10.52626	8.34322	0	0	0	0	0	0	0	5.64746	0	0	0	0	0	0	0	0	0	0	0	0	0	0	0	0	0	0	0	0	4.64957	0	0	0	0	
0	0	0	0	0	0	0	0	6.96278	0	7.62233	0	0	0	0	0	7.65587	14.46244	10.7003	7.73017	8.66881	5.9471	0	0	0	13.52529	0	7.7207	9.89314	11.3502	0	10.56164	11.25109	7.42371	10.75785	10.6551	7.72016	8.13034	9.5438	9.94224	8.99596	7.68406	4.80423	8.03839	9.95667	8.59905	8.6555	8.80978	8.09234	5.99262	7.56354	10.07815	6.71468	7.39819	4.8643	5.99535	6.23206	9.11466	0	11.03135	5.24662	8.5981	9.33173	0	8.207	11.04407	3.98462	0	0	0	0	2.08546	0	0	8.41434	0	0	0	9.53537	0	0	0	0	0	0	5.44748	0	0	0	0	0	0	0	0	0	4.93831	0	0	0	0	
0	10.93526	0	0	2.60831	7.54925	0	0	0	0	0	0	0	0	6.53547	10.37688	0	11.41823	9.17235	0	3.70593	0	7.6324	0	0	0	0	0	10.6226	8.28955	7.40631	0	11.12713	2.49698	9.10012	8.24053	8.48844	8.01202	8.65769	9.45745	8.70282	7.96297	7.84118	8.65115	9.15265	7.5392	8.09643	9.06775	8.61379	7.59758	7.74363	8.25106	7.28321	7.92696	7.86611	6.08523	1.72997	5.68461	7.26214	6.97767	0	8.61866	0	11.53729	10.0144	3.29359	3.92111	12.43895	0	0	0	0	0	0	0	2.81246	0	0	0	0	8.61179	0	0	0	0	0	0	0	0	0	0	0	0	0	0	0	0	0	0	0	
0	11.56933	8.428	0	9.56514	0	0	0	0	0	11.24889	0	0	0	7.77054	9.97671	0	7.46472	0	0	3.36021	7.60869	8.27578	7.5563	11.09081	9.99386	0	3.05829	10.11698	6.98586	9.41713	10.71271	10.39448	10.93111	9.94439	3.5672	8.47743	7.75841	7.7552	8.86783	7.93031	8.3622	7.81407	7.75932	6.92462	6.64578	8.69535	6.46381	8.44523	7.74379	8.0214	8.98548	7.76443	7.10988	6.66857	5.92003	8.25291	8.14069	5.09447	9.15393	0	6.54125	10.61465	9.4282	1.74245	0.54932	1.72997	0	0	4.64957	0	9.56867	0	0	8.41042	0	7.46472	0	0.54932	0	0	0	0	4.5995	0	2.16101	0	0	0	0	0	0	0	0	0	0	0	0	0	0	
0	0	0	0	0	0	0	0	5.93659	0	9.19557	11.77772	0	0	0	0	0	0	10.44514	0	10.66697	0	0	0	0	13.97067	9.97501	0	2.99126	9.75555	7.30816	6.02138	6.46153	8.19439	10.6029	10.27891	6.94825	9.59717	8.18415	8.79598	6.07032	7.95885	9.2554	9.55276	7.53286	6.97816	7.11364	7.39928	8.79606	8.64583	8.8364	8.67602	7.57698	6.8674	7.20007	8.279	8.39355	7.01543	8.25714	9.84307	9.86992	5.0024	7.02663	8.21424	0	8.2005	0	7.92324	0	0	0	0	0	0	0	0	0	0	0	0	0	4.64957	0	0	0	0	0	6.66061	4.32202	8.62545	0	0	0	0	0	0	0	0	0	0	
0	0	0	0	0	0	0	0	11.02623	8.4783	0	1.51288	0	11.29219	0	0	0	1.51288	8.82881	3.48366	0	0	0.94628	9.16956	6.6597	2.71398	10.07172	9.45586	4.74484	9.62744	0	6.50796	4.81856	4.24572	3.16475	8.34018	8.17837	6.05521	10.49584	5.78441	8.94066	8.524	8.31538	8.66402	6.29111	6.59956	6.80898	8.14121	6.54582	8.64726	8.10626	5.91727	7.33315	5.99313	7.77558	8.26123	7.47052	11.49035	8.87796	4.91511	6.34057	7.61729	8.40717	4.95996	2.10904	9.25707	10.0988	0	0	0	0	0	0	5.31938	9.08049	0	0	0	13.00886	0	0	0	0	0	0	0	0	0	10.47081	0	7.43411	0	0	0	0	0	0	0	0	0	
0	0	9.34288	5.46876	0	2.08546	0	4.35507	9.22492	0	0	0	0	0	0	0	0	8.70009	0	0	0	0	0	10.76167	0	8.84635	0	9.28017	6.47662	7.85044	0	8.18597	0	11.33216	6.66079	8.22306	7.54875	5.91095	4.18953	10.75957	6.90654	7.98516	9.29796	7.84908	6.70421	6.55719	7.27542	8.51987	8.04825	7.26158	6.59591	8.45161	8.82142	6.98821	7.21741	5.44418	7.21998	9.54502	6.70807	6.18659	9.22962	7.42822	3.09785	10.3884	2.99799	0	0	6.7297	0.54932	2.60831	1.79917	0	10.53485	0	1.81512	0	9.05123	0	0	0	0	0	3.89892	0	0	0	0	0	0	0	0	0	0	0	0	0	0	0	0	0	
0	0	0	0	0	0	0	0	0.54932	0	9.75787	5.5931	8.33211	0	11.21807	0	0	5.55093	0	1.91865	0	0	0	0	0	0	8.20144	3.98462	9.50304	0	8.63557	8.60165	5.96355	8.20911	5.20171	5.99811	8.08944	7.11961	6.00256	8.83474	7.8987	5.53721	7.76717	7.21927	6.41126	8.32238	5.57287	7.06532	6.54373	5.56728	7.03753	9.43875	8.5319	6.5282	6.47288	6.68986	5.67334	7.93491	9.43517	5.71272	5.41985	4.60417	5.6641	6.74926	0	5.28735	7.33407	4.15492	0	0	7.67562	0	6.58372	3.7914	0	11.81606	0	0	0	0	0	0	0	0	0	0	0	0	5.69112	0	0	0	0	0	0	0	0	0	0	0	
0	0	0	0	0	0	0	0	0	9.48308	0	0	6.02138	0	0	0	0	0	0	0	0	0	0	9.77919	0	0	9.91523	0	0	4.9864	7.67651	0	0	6.06501	7.94889	8.03298	3.22373	0	0	9.33358	5.48971	12.16865	3.10156	6.13123	8.8643	6.68729	6.83526	7.09198	9.33508	5.15488	6.52076	8.59337	5.89004	7.323	7.83041	5.98067	6.34118	7.11918	4.61597	4.89658	7.45868	4.93244	4.24473	6.3786	6.28389	6.90637	7.2221	7.15331	6.00101	0	0	7.96504	0	2.08546	0	1.72997	9.62701	0	0	0	0	0	0	0	11.28872	0	0	3.48489	0	0	0	8.55609	0	0	0	0	6.09169	0	0	0	
0	0	0	0	0	0	0	0	0	0	0	9.4083	0	0	0	0	0	3.70036	12.78388	0	0	0	0	1.91865	0	0	0	9.75478	0	0	0	0	6.6958	5.96405	6.64967	0	3.20764	8.06438	4.14904	3.23831	7.68736	7.87577	6.24305	3.44144	0	8.36846	5.81325	4.49481	7.11326	7.22341	5.93931	10.45203	7.91334	4.27601	7.56697	5.98952	6.56786	8.04644	7.40737	7.81814	6.73019	4.76121	0	6.49563	8.30079	0	6.57772	6.78625	10.15266	7.46148	0	0	0	0.54932	0	10.03268	0	9.23161	0	0	0	10.16872	0	0	0	0	0	0	0	0	0	0	0	0	0	0	0	0	0	0	
0	0	0	0	5.96845	0	0	0	0	0	9.73609	0	3.15033	0	0	11.42408	0	0	4.98128	0	5.11261	11.41334	0	0	0	6.57106	5.52212	0	0	11.12633	0	10.53829	10.16378	0	0	3.75628	10.3884	2.71398	11.32956	9.36069	6.46291	8.55075	5.98141	7.87106	7.79139	4.79208	11.41554	6.34048	8.39263	8.06174	8.35406	5.95386	7.52258	7.39694	5.79943	6.6645	5.5341	8.13067	3.63759	6.87023	5.00422	7.39467	3.63093	2.37105	7.07116	0	9.5269	8.74515	0	0	9.17148	8.33167	7.63743	10.76921	6.39577	0	6.25122	0	0	0	3.22373	0	0	5.36876	0	1.72997	0	0	0	0	0	0	0	0	0	0	0	0	0	0	
0	0	0	0	0	0	0	0	0	0	0	5.16021	3.96902	0	0	9.47182	0	0	0	1.51288	2.71398	0	1.72997	0	0	0	0	0	0	3.13344	0.54932	7.168	0	0	0	9.58148	0	0	0	5.6739	4.80931	5.11218	4.62796	5.79737	8.97667	3.61867	4.17114	6.92648	6.37264	3.53277	0	0	6.64208	9.37482	12.56203	5.97838	7.95465	7.08975	5.14241	6.63126	7.06776	8.19704	8.3685	6.34985	4.63587	6.84632	10.44514	7.26067	3.4239	7.35666	0	8.23529	7.37503	9.08911	10.025	0	6.96813	0	4.56735	0	0	0	0	0	0	0	0	0	0	0	0	0	0	0	0	0	0	0	0	0	
0	0	0	7.2662	0	0	0	0	0	0	0	0	0	0	0	0	1.25719	0	0	0	0	0	4.06671	0	0	0	6.57054	6.13664	6.96813	6.64641	0	0	0	0	0	12.15731	0	1.25719	3.36021	3.22696	5.34151	0	0	0	4.74135	10.3799	5.68819	5.82307	4.36624	6.1603	4.56306	7.03879	8.39162	7.77205	7.01683	7.80365	7.54105	5.96782	5.09417	7.3545	7.94333	6.63084	8.68527	8.81208	7.0866	9.39161	6.39657	10.91981	10.94594	10.19121	1.53816	9.0387	4.12179	6.36859	6.70913	0	12.63343	1.72997	4.17348	9.14214	0	7.27486	3.36021	0	0	0	0	0	0	0	0	0	0	0	0	0	0	15.04749	0	12.26974	
0	0	5.19495	0	0	0	0	0	0	0	0	0	0	0	0	0	0	0	0	0	7.92157	0	0	0	0	8.41238	0	8.86693	0	9.34802	0	11.59203	9.30955	0	6.14935	0	0	6.21271	5.64296	0	8.19917	0	0	9.85417	10.40082	10.17828	2.60762	2.37561	2.90462	4.34826	9.4634	9.79823	7.57978	7.89642	7.79548	7.72814	3.29359	3.93706	8.68784	6.42074	2.3515	5.86608	6.21417	1.50683	3.55804	7.39355	5.25182	0	9.24827	3.00761	4.21267	4.33135	5.35399	6.7033	4.38738	0	5.52581	0	4.31891	7.50944	0	4.91441	0	0	0	0	0	0	3.89757	0	0	0	0	0	0	0	3.65376	0	0	0	
0	0	0	0	0.54932	0	0	0	0	0	0	0	8.68189	0	0	0	0	0	0	0	7.02571	0	0	0	0	0	0	6.96283	0	0	0	6.73695	9.50808	0	0	0	3.36021	0	0.94628	7.4685	0	0	4.90162	0	6.34298	0	2.86533	7.88244	9.3148	4.60435	3.65376	3.34214	9.14805	4.28917	8.31637	6.53077	0	5.4099	4.79892	1.13226	6.6392	6.28985	7.41778	6.09043	7.33589	8.58366	2.88351	3.05362	5.89934	6.58231	6.95486	0	0	9.43633	0	7.70112	4.58514	7.26094	0	0	0	0	0	0	5.5075	1.25719	0	0	0	0	0	0	0	0	0	0	8.92686	0	0	0	
0	0	0	0	0	0	0	0	7.84222	0	0	0	0.94628	0	0	0	9.56921	1.51288	3.48489	0	0	0	0	0	5.33963	0	0	0	0	0	0	0	0	0	3.80493	7.87676	0	3.48489	0	0	0	0	8.53821	13.30007	0	7.85148	11.08927	5.57918	0	4.13332	0	10.11155	9.37847	6.22651	0	7.12005	0	8.5671	0	3.52305	7.86858	7.80981	6.74114	6.43085	4.9344	6.87685	6.15722	6.66485	7.91881	6.25768	8.41008	1.18522	8.62297	9.50992	7.81287	3.90849	7.39305	6.95202	0	0	6.48411	4.2882	9.98292	0	2.36368	0.54932	7.16267	4.50982	2.81246	0	1.98601	0	0	10.7915	0	0	0	0	0	0	
0	0	0	0	0	0	0	0	0	0	0	0	0	0	0	0	0	0	0	0	8.83705	0	0	0	0	0	0	0	0	5.26825	0	0	0	0	7.45332	0	0	0	0	0	10.00952	0	8.73464	7.47978	4.55977	0	0	0.54932	10.65541	5.87352	9.73609	0	0	4.00423	3.55236	5.65258	0	0	8.07483	9.29705	8.7109	6.63497	2.76429	5.71931	7.44909	7.625	4.30542	5.54014	5.95965	6.20011	9.2947	7.23267	3.56042	3.24095	2.61383	0	3.38966	0	7.10297	0	0	0	5.103	0	0	0	6.50569	0	0	0	0	0	0	0	0	0	0	0	0	0	
0	0	0	0	5.85808	0	0	0	0	0	0	7.75515	0	3.85199	0	0	0	0	0	0	0	0	0	0	0	0	0	0	0	0	0	0	0	0	0	0	0	0	0	7.78802	0	0	6.43085	0	4.66894	0	0.6286	2.81246	0	0	0.94628	0	0	0	9.48494	0	0	1.25719	0	6.87437	7.09717	0.54932	5.48617	6.3223	6.27262	0	0.27466	4.86192	9.93721	4.42951	5.51307	8.01278	7.68262	4.5188	0	0	5.0336	1.25719	5.97796	4.38738	3.07298	6.02138	0.54932	0	0.54932	0	1.72997	11.55213	0	3.34217	0	0	0	0	9.59365	0	0	0	0	0	
0	0	0	0	0	0	0	0	0	0	0	0	0	0	0	0	0	3.80909	0	0	0	9.84914	6.73695	0	0	0	8.97416	0	0	0	0	0	0	6.33397	6.15161	0	0	0	0	0	0	0	0	0	0	0	0	0	0.54932	0	3.22373	0	0	0	0	9.16138	8.63587	8.43133	3.80493	7.07117	0	6.60231	3.20307	0	7.43081	5.84238	5.26468	6.63104	4.9621	3.27815	7.26155	5.58427	6.06016	9.04348	10.67496	4.98591	4.45392	0	9.63123	3.43142	0	0	7.40441	0	5.55093	9.82616	1.51288	0	0	10.14149	0	0	0	0	0	0	8.79934	0	0	0	
0	0	0	0	0	0	0	0	6.91358	0	0	0	0	0	0	0	0	0	0	0	0	0	0	0	0	0	0	11.98935	0	0	0	0	0	0	0	0	0	0	0	10.22413	0	0	0	0	0	7.24432	0	5.5075	6.17733	0	0	11.4451	0	0	0	0	0	0	6.7303	0	8.95953	0	8.65884	8.94732	5.93983	6.53018	3.87819	0	0	3.88963	8.23344	2.60831	7.74409	8.04189	6.795	9.67982	2.32769	0	0	7.27881	5.52665	7.98197	9.91434	8.12811	6.62929	0	0.54932	0	0	0	6.1399	0	10.53489	0	0	0	0	0	0	0	
0	0	0	0	0	0	0	0	0	0	0	0	0	5.89225	0	0	0	0	0	1.51288	0	0	0	0	0	2.00586	0	0	0	0	0	0	0	0	7.19497	0	0	5.72726	0	0	10.31839	0	0.94628	7.47603	0	0	0	0	0	0	3.54341	5.81121	0	0	4.95996	0	0	0	0	4.76603	5.71279	0	7.31298	8.44152	6.96278	4.87416	9.53871	8.15763	0	5.23944	6.92278	0	3.59837	5.62909	7.88527	6.70794	4.38518	5.53902	6.47613	3.80133	0	6.61226	9.09034	4.10586	3.254	0	0	9.03533	5.10252	0	0	0	0	5.28549	0	0	0	0	4.7403	0	
0	0	0	0	0	0	0	7.61552	0	0	0	0	0	0	0	0	0	0	0	0	0	0	10.41558	0	0	0	0	0	10.41558	0	0	0	0	0	8.65854	0	0	0	0	0	0	2.55459	0	0	0	0	3.97806	0	0	0	0	0	7.54209	0	0	0	5.70645	1.25719	0	3.35595	10.11857	0	0	5.25166	0	2.08546	0	6.8784	6.75507	11.18686	9.04548	4.83041	7.56346	3.88772	7.03593	6.04042	5.49203	9.84769	5.98253	6.19013	7.16712	6.61526	4.39352	0	4.12632	0	2.71398	2.33161	0	0	8.15291	7.589	0	0	0	0	8.85504	0	0	0	
0	0	0	0	0	0	0	0	0	0	0	0	0	0	0	0	0	0	0	0	0	0	0	0	0	0	0	0	0	0	0	0	0	0	0	0	0	5.18421	0	0	0	0	0	0	0	0	0	0	0	1.91865	0	4.10616	0	4.74731	0	0	1.51288	4.72247	0	0	5.68694	0	8.40845	12.07056	7.40285	4.79061	0	0	8.64604	6.78534	0	2.37044	5.86255	10.43149	7.1493	8.20167	0	3.69726	4.38172	8.87365	3.41175	9.51267	6.81622	2.60831	0	0	1.6468	0	0	0	0	0	5.84317	6.33323	11.10636	0	0	0	0	0	
0	0	0	0	0	0	0	8.69486	0	0	0	0	0	0	0	0	0	0	0	0	0	0	0	0	0	0	0	0	0	0	0	0	0	0	0	0	0	1.85297	0	8.45302	0	0	0	0	0	0	0	0	0	0	3.88824	0	0	8.23067	7.81308	0	0	9.81744	10.68251	8.74714	0	0.94628	0	7.81353	9.62582	10.51305	0	0	8.13429	3.99725	7.38979	3.17463	5.02328	6.67056	9.17143	6.89855	7.35449	0	6.65819	4.49669	6.86386	10.0711	9.23457	4.00123	2.40145	0	0	0.31543	0	0	6.2228	0	0	0	0	2.10691	0	0	0	0	
0	0	0	0	0	0	0	0	0	0	0	0	0	0	0	0	0	0	0	0	0	0	0	0	0	9.2305	0	0	0	0	0	0	0	0	0	0	0	9.73765	0	0	0	0	0	0	11.02975	0	0	0	5.41651	0	0	0	0	0	0	0.54932	0	0	0	0	0	0	7.49551	0	0	4.99163	4.21597	4.30686	0	6.05705	2.17754	0	10.20202	0	8.01758	5.82665	0.94628	6.00611	4.63783	5.60077	2.99861	0	7.02839	0	8.88929	6.35734	0	0	0	0	9.30109	0	0	0	0	0	0	0	0	0	
0	0	0	0	0	0	0	0	0	0	0	0	9.2305	0	0	0	0	0	0.54932	0	0	0	0	0	0	0	0	0	0	0	0	0	0	0	0	0	0	0	0	0	0	0	0	0	0	0	0	5.79926	0	0	2.81246	0	9.61171	0	0	0	0	0	0	4.66401	0	0	0	7.11579	3.65376	10.78724	8.85221	0	9.70598	0	0	9.79372	0	0	0	1.19988	5.44307	8.38461	5.44834	3.45185	0	4.79012	5.01778	3.8372	6.03865	2.66315	5.42256	6.10146	5.75041	0	0	0	0	4.50982	0	0	0	0	0	0	
0	0	0	0	0	0	0	0	0	0	0	0	0	0	0	0	0	0	0	0	0	0	0	0	0	0	0	0	0	0	0	0	10.04222	0	0	0	0	0	0	0	6.95202	0	0	0	0	0	0	0	0	0	0	0	0	0	0	0	5.28034	0	0	0	8.32612	0	0	4.22203	0	6.89698	0	0	5.0229	0	0	0	9.47933	0	0	4.62268	0	0	6.89364	11.43005	6.07178	6.34298	10.11457	0	6.02138	0	0.94628	0	0.54932	0	4.67396	4.65778	4.8526	0	0	0	0	0	0	0	
0	0	0	0	0	0	0	1.04273	0	0	0	0	0	0	0	0	0	0	0	0	0	0	0	0	0	0	0	0	0	0	0	0	0	0	0	0	0	0	0	0	0	0	0	0	0	0	0	0	0	0	0	0	0	0	0	0	0	0.54932	0	0	0	0	0	0	0	0	0	0	0	0	3.14769	3.49929	6.46966	0	0	10.49695	10.78762	0	8.99618	5.46272	0	5.68692	0	6.86292	1.72997	7.84211	0	7.37089	0	1.25719	0	1.25719	0	0	0	9.49795	0	0	0	0	
0	0	0	0	0	0	0	0	0	0	0	0	0	0	0	0	0	0	0	0	10.11818	0	0	0	0	0	0	0	0	0	10.5979	0	0	0	0	0	0	0	0	0	0	0	0	0	0	0	0	0	0	0	0	0	0	0	0	0	0	0	0	11.27152	0	0	0	0	5.76278	8.35432	6.21382	4.18111	0	0	0	0	0	0	0	8.8536	6.7021	0	0	0	3.34464	0	0	0	4.3683	4.1817	8.12081	4.5135	7.75205	0	2.08546	5.31938	3.94174	2.99126	0	3.85199	0	0	0	0	
0	0	0	0	0	0	0	0	0	0	0	0	0	0	0	0	0	0	0	0	0	0	0	0	0	0	0	0	0	0	0	0	0	0	0	0	0	0	0	0	0	0	0	0	0	0	0	0	11.2017	0	0	0	0	0	0	0	0	0	0	0	0	0	0	0	0	0	0	0	0	7.99679	9.86428	10.01921	9.04652	0	10.24921	7.49097	0	8.58771	1.72997	0	0	9.0989	7.47895	0	5.78956	0	1.25719	0	0	2.3087	0	2.01232	5.30965	0	1.25719	0	0	0	0	0	
0	0	0	0	0	0	0	0	0	0	0	0	0	0	0	6.1399	0	0	0	0	0	0	0	0	0	0	0	0	0	0	0	0	0	0	5.73794	0	0	0	0	0	0	0	0	0	0	0	0	0	0	0	0	0	0	0	0	0	0	0	0	0	0	0	0	0	0	0	0	2.08546	0	0	0	0	0	5.94747	0	0	0	0	0	0	0	3.85199	0	0	1.31739	0	4.70505	3.40216	5.88095	10.7135	7.36684	0	8.87084	0	0	0	0	0	0	0	
0	0	0	0	0	0	0	0	0	0	0	0	0	0	0	0	0	0	0	0	0	0	0	0	0	0	0	0	0	0	0	0	0	0	0	0	0	0	0	0	0	0	0	0	0	0	0	0	8.9675	0	0	0	0	0	0	0	0	0	0	1.25719	0	0	0	0	0	7.13107	0	0	0	0	0	7.7797	0	0	0	0	0	11.8633	0	3.56965	11.23453	0	0	8.57023	0	0	0	0	0	0	0	0	0	0	0	0	0	0	0	0	
0	0	0	0	0	0	0	0	0	0	0	0	0	0	0	0	0	0	0	0	0	0	0	0	0	0	0	0	0	0	0	0	0	0	0	0	0	0	0	0	0	0	0	0	0	0	0	0	0	0	0	0	0	0	0	1.19988	0	0	8.27019	0	0	0	0	0	7.64589	0	0	0	0	0	0	0	0	7.76747	0	0	5.23313	0	0	0	3.64927	5.52107	3.49708	7.43778	0	0	0	7.1104	8.19138	0	8.58249	7.47227	9.63376	0	0	0	0	0	0	0	
0	0	0	0	0	0	0	0	0	0	0	0	0	0	0	0	0	0	0	0	0	0	0	0	0	0	0	0	0	0	0	0	0	0	0	0	0	0	0	0	0	0	0	0	0	0	0	0	0	0	0	0	0	0	0	0	0	0	0	0	0	0	0	0	0	0	0	0	0	0	0	0	0	0	0	0	0	0	0	0	0	0	0	0	0	0	1.51288	0	0	0	0	10.30524	0	0	0	0	0	0	0	0	
0	0	0	0	0	0	0	0	0	0	0	0	0	0	0	0	0	0	0	0	0	0	0	0	0	0	0	0	0	0	0	0	0	0	0	0	0	0	0	0	0	0	0	0	0	0	0	0	0	0	0	0	0	0	0	0	0	0	0	0	0	0	0	0	0	0	0	0	0	0	6.3605	0	0	0	0	0	5.92563	0	0	6.80383	0	0	0	10.81905	0	0	0	0	0	0	6.78728	11.10302	0	0	0	0	0	0	0	0	
0	0	0	0	0	0	0	0	0	0	0	0	0	0	0	0	0	0	0	0	0	0	0	0	0	0	0	0	0	0	0	0	0	0	0	0	0	0	0	0	0	0	0	0	0	0	0	0	0	0	0	0	0	0	0	0	0	0	0	2.90462	0	0	0	0	0	0	0	0	0	0	10.16203	0	0	0	0	0	0	0	0	0	0	0	0	0	0	0	4.59528	0	0	0	0	0	0	0	0	0	0	0	0	0	
0	0	0	0	0	0	0	0	0	0	0	0	0	0	0	0	0	0	0	0	0	0	0	0	0	0	0	0	0	0	0	0	0	0	0	0	0	0	0	0	0	0	0	0	0	0	0	0	0	0	0	0	0	0	0	0	0	0	0	0	0	0	0	0	0	0	0	0	0	6.73067	2.37044	0	0	0	0	0	0	0	5.36876	0	0	0	0	0	0	0	0	0	9.05934	0	0	0	0	0	0	0	0	0	0	0	
0	0	0	0	0	0	0	0	0	0	0	0	0	0	0	0	0	0	0	0	0	0	0	0	0	0	0	0	0	0	0	0	0	0	0	0	0	0	0	0	0	0	0	0	0	0	0	0	0	0	0	0	0	0	0	0	0	0	0	0	0	0	0	0	0	0	0	0	1.25719	0	0	0	0	0	0	0	0	0	0	0	0	0	0	0	0	0	2.90462	0	0	0	0	0	0	0	0	0	0	0	0	0	
0	0	0	0	0	0	0	0	0	0	0	0	0	0	0	0	0	0	0	0	0	0	0	0	0	0	0	0	0	0	0	0	0	0	0	0	0	0	0	0	0	0	0	0	0	0	0	0	0	0	0	0	0	0	0	0	0	0	8.60155	0	0	0	0	0	0	0	0	0	0	0	0	0	0	0	0	7.89373	0	0	0	0	0	0	0	0	0	0	0	0	0	0	0	0	0	0	0	0	0	0	0	0	
0	0	0	0	0	0	0	0	0	0	0	0	0	0	0	0	0	0	0	0	0	0	0	0	0	0	0	0	0	0	0	0	7.08601	0	0	0	0	0	0	0	0	0	0	0	0	0	0	0	0	0	0	0	0	0	0	0	0	0	0	0	0	0	0	0	0	0	0	0	0	0	0	0	0	0	0	2.37044	0	0	0	0	0.54932	0	0	0	0	0	0	0	0	0	0	0	0	0	0	0	0	0	0	0	
0	0	0	0	0	0	0	0	0	0	0	0	0	0	0	0	0	0	0	0	0	0	0	0	0	0	0	0	0	0	0	0	0	0	0	0	0	0	0	0	0	0	0	0	0	0	0	0	0	0	0	0	0	0	0	0	0	0	0	0	0	0	0	0	0	0	0	0	0	0	0	0	0	0	0	0	0	0	0	0	0	0	0	0	0	0	0	0	0	0	0	0	0	0	0	0	0	0	0	0	
0	0	0	0	0	0	0	0	0	0	0	0	0	0	0	0	0	0	0	0	0	0	0	0	0	0	0	0	0	0	0	0	0	0	0	0	0	0	0	0	0	0	0	0	0	0	0	0	0	0	0	0	0	0	0	0	0	0	0	0	0	0	0	0	0	0	0	0	0	0	0	0	0	0	0	0	0	0	0	0	0	0	0	0	0	0	0	0	0	0	0	0	0	0	0	0	0	0	0	0	
0	0	0	0	0	0	0	0	0	0	0	0	0	0	0	0	0	0	0	0	0	0	0	0	0	0	0	0	0	0	0	0	0	0	0	0	0	0	0	0	0	0	0	0	0	0	0	0	0	0	0	0	0	0	0	0	0	0	0	0	0	0	0	0	0	0	0	0	0	0	0	0	0	0	0	0	0	0	0	0	0	0	0	0	0	0	0	0	0	0	0	0	0	0	0	0	0	0	0	0	
0	0	0	0	0	0	0	0	0	0	0	0	0	0	0	0	0	0	0	0	0	0	0	0	0	0	0	0	0	0	0	0	0	0	0	0	0	0	0	0	0	0	0	0	0	0	0	0	0	0	0	0	0	0	0	0	0	0	0	0	0	0	0	0	0	0	0	0	0	0	0	0	0	0	0	0	0	0	0	0	0	0	0	0	0	0	0	0	0	0	0	0	0	0	0	0	0	0	0	0	
0	0	0	0	0	0	0	0	0	0	0	0	0	0	0	0	0	0	0	0	0	0	0	0	0	0	0	0	0	0	0	0	0	0	0	0	0	0	0	0	0	0	0	0	0	0	0	0	0	0	0	0	0	0	0	0	0	0	0	0	0	0	0	0	0	0	0	0	0	0	0	0	0	0	0	0	0	0	0	0	0	0	0	0	0	0	0	0	0	0	0	0	0	0	0	0	0	0	0	0	
0	0	0	0	0	0	0	0	0	0	0	0	0	0	0	0	0	0	0	0	0	0	0	0	0	0	0	0	0	0	0	0	0	0	0	0	0	0	0	0	0	0	0	0	0	0	0	10.45374	0	0	0	0	0	0	0	0	0	0	0	0	0	0	0	0	0	0	0	0	0	0	0	0	0	0	8.30322	0	0	0	0	0	0	0	0	0	0	0	0	0	0	0	0	0	0	0	0	0	0	0	0	0	
