0	0	0	0	0	0	0	0	0	0	0	0	0	0	0	0	0	0	0	0	0	0	0	0	0	0	0	0	0	0	0	0	0	0	0	0	0	0	0	0	0	0	0	0	0	0	0	0	0	0	0	11.48887	0	0	0	0	0	0	0	0	0	0	0	0	0	0	0	0	0	0	0	0	0	0	0	0	0	0	0	0	0	0	0	0	0	0	0	0	0	0	0	0	0	0	0	0	0	0	0	0	
0	0	0	0	0	0	0	0	0	0	0	0	0	0	0	0	0	0	0	0	0	0	0	0	0	0	0	0	0	0	0	0	0	0	0	0	0	0	0	0	0	0	0	0	0	0	0	14.22233	0	0	0	0	0	0	0	0	0	0	0	0	0	0	0	8.93625	0	0	0	0	0	0	0	0	0	0	0	0	0	0	0	0	0	0	0	0	0	0	0	0	0	0	0	0	0	0	0	0	0	0	0	0	
0	0	0	0	0	0	0	0	0	0	0	0	0	0	0	0	0	0	0	0	0	0	0	0	0	0	0	0	0	0	0	0	0	0	0	0	0	0	0	0	0	0	0	0	0	0	0	0	0	0	0	0	0	0	9.70064	0	0	0	0	0	0	0	0	0	0	0	0	0	0	0	0	0	0	0	0	0	0	0	0	0	0	0	0	0	0	0	0	0	0	0	0	0	0	0	0	0	0	0	0	0	
0	0	0	0	0	0	0	0	0	0	0	0	0	0	0	0	0	0	0	0	0	0	0	0	0	0	0	0	0	0	0	0	0	0	0	0	0	0	0	0	0	0	0	0	0	0	15.55484	9.32825	0	0	0	0	0	0	0	0	0	0	0	0	0	0	0	0	0	0	0	0	0	0	0	0	0	0	0	0	0	0	0	0	0	0	0	0	0	0	0	0	0	0	0	0	0	0	0	0	0	0	0	0	
0	0	0	0	0	0	0	0	0	0	0	0	0	0	0	0	0	0	0	0	0	0	0	0	0	0	0	0	0	0	0	0	0	0	0	0	0	7.22124	0	0	0	0	0	14.58418	0	0	0	0	0	0	0	0	0	0	0	0	0	0	0	0	0	0	0	0	0	0	0	0	0	0	0	0	0	0	0	0	0	0	0	0	0	0	0	0	0	0	0	0	0	0	0	0	0	0	0	0	0	0	0	0	
0	0	0	0	0	0	0	0	0	0	0	0	0	0	0	0	0	0	0	0	0	0	0	0	0	0	0	0	0	0	0	0	0	0	0	0	0	0	0	0	0	0	0	0	0	0	0	0	0	0	0	0	0	0	0	0	0	0	0	0	0	0	0	0	0	0	0	0	0	0	0	0	8.64322	0	0	0	0	0	0	0	0	0	0	0	0	0	0	0	0	0	0	0	0	0	0	0	0	0	0	0	
0	0	0	0	0	0	0	0	0	0	0	0	0	0	0	0	0	0	0	0	0	0	0	0	0	0	0	0	0	0	0	0	0	0	0	0	0	0	0	0	0	0	0	0	0	0	0	0	0	0	0	0	0	0	0	0	0	0	0	0	0	0	0	0	0	0	0	0	0	0	0	0	0	0	10.64087	0	0	0	0	0	0	0	0	0	0	0	0	0	0	0	0	0	0	0	0	0	0	0	0	0	
0	0	0	0	0	0	0	0	0	0	0	0	0	0	0	0	0	0	0	0	0	0	0	0	0	0	0	0	0	0	0	0	0	0	0	0	0	0	0	0	0	0	0	0	0	0	0	0	0	0	0	8.97491	0	0	0	12.84961	0	0	10.01529	0	0	0	0	0	0	0	0	0	0	0	0	0	0	0	0	0	0	0	0	0	0	0	0	0	0	0	0	0	0	0	0	0	0	0	0	0	0	0	0	0	
0	0	0	0	0	0	0	0	0	0	0	0	0	0	0	0	0	0	0	0	0	0	0	0	0	0	0	0	1.58116	0	0	0	0	0	0	0	0	0	0	0	0	0	0	0	0	0	0	0	0	0	0	0	0	0	0	0	0	0	0	0	0	0	0	0	0	0	0	10.30729	0	0	0	0	0	0	0	0	0	0	0	0	0	0	0	0	0	0	0	0	0	0	0	0	0	0	0	0	0	0	0	0	
0	0	0	0	0	0	0	0	0	0	0	0	0	0	0	0	0	0	0	0	0	0	0	0	0	0	0	0	0	0	0	0	0	0	0	0	0	0	0	0	0	0	0	0	0	0	0	0	0	0	0	0	0	0	0	7.56571	0	0	0	0	0	0	0	0	0	0	0	0	0	0	0	0	0	0	0	0	0	0	0	0	0	0	0	0	0	0	0	0	0	0	0	0	0	0	0	0	0	0	0	0	
0	0	0	0	0	0	0	0	0	0	0	0	0	0	0	0	0	0	0	0	0	0	0	0	0	0	0	0	0	0	0	0	0	0	0	0	0	0	0	0	0	0	0	0	0	0	0	0	0	0	0	0	0	0	0	0	0	0	0	0	0	0	0	0	0	0	0	11.00596	0	0	0	0	0	0	0	0	0	0	0	0	0	0	0	0	0	0	0	0	0	0	0	0	0	0	0	0	0	0	0	0	
0	0	0	0	0	0	0	0	0	0	0	0	0	0	0	0	0	0	0	0	0	0	0	0	0	0	0	0	0	0	0	0	0	0	0	0	0	0	0	0	0	0	0	0	0	0	0	0	0	0	0	0	4.18049	0	0	0	6.30886	0	0	0	0	0	0	0	0	0	0	0	0	0	0	7.90002	0	0	0	0	0	0	0	0	0	0	0	0	0	0	0	0	0	0	0	0	0	0	0	0	0	0	0	0	
0	0	0	0	0	0	0	0	0	0	0	0	0	0	0	0	0	0	0	0	0	0	0	0	0	0	0	0	0	0	0	0	0	0	0	0	0	0	0	0	0	0	0	0	0	0	0	0	10.61838	0	0	0	12.4293	0	0	0	0	0	0	0	0	0	0	0	0	0	0	6.94622	0	0	0	0	0	0	0	0	0	0	0	0	0	0	0	0	0	0	0	0	0	0	0	0	0	0	0	0	0	0	0	0	
0	0	0	0	0	0	0	0	0	0	0	0	0	0	0	0	0	0	0	0	0	0	0	0	0	0	0	0	0	0	13.16289	0	0	0	0	0	0	0	0	2.95851	0	0	0	0	0	0	0	8.02224	0	0	0	0	0	0	0	0	0	4.01259	5.26499	0	9.10366	0	0	10.67291	0	0	0	0	0	0	0	0	0	0	0	0	0	0	0	0	0	0	0	0	0	0	0	0	0	0	0	0	0	0	0	0	0	0	0	0	
0	0	0	0	0	0	0	0	0	0	0	0	0	0	0	0	0	0	0	0	0	0	0	0	0	0	0	0	0	0	0	0	0	0	0	0	0	0	0	0	0	0	0	0	0	0	0	0	0	0	0	0	0	0	6.83318	0	0	0	0	0	0	0	0	0	0	0	0	0	0	0	0	0	0	0	0.84551	0	0	0	0	0	0	0	0	0	0	0	0	0	0	0	0	0	0	0	0	0	0	0	0	0	
0	0	0	0	0	0	0	0	0	0	0	0	0	0	0	0	0	0	0	0	0	0	0	0	0	0	0	0	0	0	0	0	0	0	0	0	0	0	0	0	0	0	13.44802	0	0	0	0	0	0	0	0	0	9.48737	0	0	0	0	0	0	14.2307	0	0	0	0	0	0	0	0	0	0	0	10.64051	0	0	0	0	0	0	0	0	0	0	0	0	0	0	0	0	0	0	0	0	0	0	0	0	0	0	0	0	
0	0	0	0	0	0	0	0	0	0	0	0	0	0	0	0	0	0	0	0	0	0	0	0	0	0	0	0	0	0	0	0	0	0	0	0	0	0	0	0	0	0	0	8.15109	0	0	0	13.40451	0	0	0	8.69663	0	0	0	0	0	0	4.88866	0	0	0	0	0	0	0	0	0	0	0	0	0	0	0	0	0	0	0	0	0	0	0	0	0	0	0	0	0	0	0	0	0	0	0	0	0	0	0	0	0	
0	0	0	0	0	0	0	0	0	0	0	0	0	0	0	0	0	0	0	0	0	0	0	0	0	0	0	0	0	0	0	0	0	0	0	0	0	0	0	0	0	0	8.92683	0	0	0	0	0	0	0	0	0	0	0	0	8.571	0	0	0	0	0	0	0	0	0	0	3.03064	0	7.8952	0	0	0	0	0	0	0	0	0	0	0	0	0	0	0	0	0	0	0	0	0	0	0	0	0	0	0	0	0	0	0	
0	0	0	0	0	0	0	0	0	0	0	0	0	0	0	0	0	0	0	0	0	0	0	0	0	0	0	0	0	0	0	0	0	0	0	0	0	0	0	0	12.76436	0	0	0	0	0	0	0	0	0	0	0	0	0	0	0	0	0	0	0	0	0	0	0	0	0	0	0	0	0	0	0	0	0	0	0	0	0	0	0	0	0	0	0	0	0	0	0	0	0	0	0	0	0	0	0	0	0	0	0	
0	0	0	0	0	0	0	0	0	0	0	0	0	0	0	0	0	0	0	0	0	0	0	0	0	0	0	0	0	0	0	0	0	0	0	0	0	0	0	0	0	0	0	0	0	0	0	9.88822	0	0	8.44445	0	0	0	0	0	0	0	0	0	0	0	0	0	0	0	0	0	0	0	0	0	0	0	0	0	11.06457	0	0	0	0	0	0	0	0	0	0	0	0	0	0	0	0	0	0	0	0	0	0	0	
0	0	0	0	0	0	0	0	0	0	0	0	0	0	0	0	0	0	0	0	0	0	0	0	0	0	0	0	0	0	0	0	0	0	0	0	0	0	0	0	0	0	0	0	0	0	0	10.4233	0	0	8.77371	9.78645	0	0	0	0	8.51226	0	11.3159	0	10.65484	0	0	0	0	10.97288	0	0	0	0	0	0	0	0	0	0	0	0	0	0	0	0	0	0	0	0	0	0	0	0	0	0	0	0	0	0	0	0	0	0	
0	0	0	0	0	0	0	0	0	0	0	0	0	0	0	0	0	0	0	0	0	0	0	0	0	0	0	0	0	0	0	0	0	0	0	0	0	0	0	0	0	8.88853	0	0	0	0	0	0	0	0	0	0	0	0	0	0	0	0	0	0	0	0	0	0	0	0	0	0	0.48378	0	0	0	0	0	0	0	0	0	0	0	0	0	0	0	0	0	0	0	0	0	0	0	0	0	0	0	0	0	0	0	
0	0	0	0	0	0	0	0	0	0	0	0	0	0	0	0	0	0	0	0	0	0	0	0	0	0	0	0	0	0	0	11.12114	0	0	0	0	0	0	0	0	0	0	0	0	0	0	0	8.00891	0	0	0	0	0	0	0	0	0	0	0	0	0	0	0	1.76154	0	0	0	3.28768	0	0	0	0	0	0	0	0	0	0	0	0	0	0	0	0	0	0	0	0	0	0	0	0	0	0	0	0	0	0	0	0	
0	0	0	0	0	0	0	0	0	0	0	0	0	0	0	0	0	0	0	0	0	0	0	0	0	0	0	0	0	0	0	12.85318	0	0	0.84551	0	0	0	0	0	0	0	0	0	0	0	0	0	0	0	0	0	0	0	0	0	0	0	0	0	0	0	0	0	0	0	0	0	0	0	0	0	0	0	0	0	0	0	0	0	0	0	0	0	0	0	0	0	0	0	0	0	0	0	0	0	0	0	0	0	
0	0	0	0	0	0	0	0	0	0	0	0	0	0	0	0	0	0	0	0	0	0	0	0	0	0	0	0	0	0	0	0	0	0	0	0	0	0	0	0	0	0	0	10.63546	0	0	0	0	0	11.73097	0	0	0	0	10.3937	0	0	0	0	0	0	0	0	0	0	0	0	0	0	0	0	0	0	0	0	0	0	0	0	1.26567	0	0	0	0	0	0	0	0	0	0	0	0	0	0	0	0	0	0	0	0	
0	0	0	0	0	0	0	0	0	0	0	0	0	0	0	0	0	0	0	0	0	0	0	0	0	0	0	0	0	0	0	0	6.11955	0	0	0	0	0	0	0	0	0	0	0	0	0	0	2.80248	0	0	8.53832	6.16503	0	0	0	0	0	0	9.40837	0	0	0	0	0	0	0	0	0	0	0	3.78132	0	0	0	0	0	0	0	0	0	0	0	0	0	0	5.24842	0	0	0	0	0	0	0	0	0	0	0	0	0	0	
0	0	0	0	0	0	0	0	0	0	0	0	0	0	0	0	0	0	0	0	0	0	0	0	0	0	0	0	0	0	0	0	0	0	0	0	0	0	0	12.40333	0	0	0	0	15.58477	0	7.38494	0	0	0	0	0	0	0	0	0	0	0	0	0	0	0	0	0	0	0	0	0	0	1.58116	0	0	0	0	0	0	0	0	0	0	0	0	0	0	0	0	0	0	0	0	0	0	0	0	0	0	0	0	0	0	
0	0	0	0	0	0	0	0	0	0	0	0	0	0	0	0	0	0	0	0	0	0	0	0	0	0	0	0	0	0	0	0	0	0	0	9.72053	0	0	0	0	0	0	0	0	0	0	0	8.68012	0	0	0	0	0	6.8839	0	0	0	0	0	0	10.17547	0	0	0	0	0	0	0	0	0	0	0	0	0	0	0	0	0	0	0	0	0	0	0	0	0	0	0	0	0	0	0	0	0	8.00444	0	0	0	0	0	
0	0	0	0	0	0	0	0	0	0	0	0	0	0	0	0	0	0	0	0	0	0	0	0	0	0	0	0	0	0	0	0	0	0	0	0	0	0	0	0	0	12.73211	0	0	0	0	0	0	0	0	0	0	2.06605	0	0	0	0	0	0	0	0	0	0	0	0	0	0	4.56744	0	0	0	5.81714	0	0	0	0	0	0	0	0	0	0	0	0	0	0	0	0	0	0	0	0	0	0	0	0	0	0	0	0	
0	0	0	0	0	0	0	0	0	0	0	0	0	0	0	0	0	0	0	0	0	0	0	0	0	0	0	0	0	0	0	0	0	0	0	0	0	0	0	0	7.42228	0	0	0	11.09142	0	0	5.65515	0	0	2.53134	10.82229	0	0	0	9.94647	0	0	5.6893	0	4.46705	0	0	0	0	0	0	0	1.58116	0	0	0	0	0	0	0	0	0	0	0	0	0	0	0	0	0	0	0	0	0	0	0	0	0	0	4.18049	0	0	0	0	
0	0	0	0	0	0	0	0	0	0	0	0	0	0	0	0	0	0	0	0	0	0	0	0	0	0	0	0	0	0	0	0	0	0	0	0	0	0	0	0	0	0	0	0	13.90864	0	0	0	0	0.84551	0	0	5.21943	0	0	0	0	7.9768	0	0	0	3.90158	0	0	0	0	0	0	0	0	0	0	0	0	0	0	0	0	0	0	0	0	0	0	0	0	0	0	0	0	0	0	0	0	0	0	0	0	0	0	
0	0	0	0	0	0	0	0	0	0	0	0	0	0	0	0	0	0	0	0	0	0	0	0	0	0	0	0	0	0	0	0	0	0	0	0	0	0	0	0	0	0	0	13.00662	0	0	12.4543	0	0	0	9.61086	0	0	0	0	0	0	0	0	9.5774	0	0	0	0	8.43312	0	0	5.84741	0	0	0	0	11.01265	0	0	0	5.30915	0	0	0	0	0	0	0	0	0	0	0	0	0	0	0	0	0	0	0	0	0	0	0	
0	0	0	0	0	0	0	0	0	0	0	0	0	0	0	0	0	0	0	0	0	0	0	0	0	0	0	0	0	0	0	0	0	0	0	0	0	0	0	0	0	0	0	0	4.96957	0	0	10.68483	0	0	0	14.3834	6.01676	0	0	8.45458	0	0	7.92861	0	0	0	0	0	0	0	3.16487	11.85159	0	0	0	0	0	11.90158	0	0	0	0	0	0	0	0	0	0	0	0	0	0	0	0	0	0	0	0	0	0	0	0	0	0	
0	0	0	0	0	0	0	0	0	0	0	0	0	0	0	0	0	0	0	0	0	0	0	0	0	0	0	0	0	0	0	0	0	0	0	0	0	13.24641	0	0	0	0	0	0	0	0	0	0	12.28196	0	0	4.66077	0	0	0.48378	0	8.54968	0	0	6.17628	0	4.74941	0	0	0	0	0	0	0	0	0	0	0	0	6.60729	3.8626	0	0	0	0	0	0	0	0	0	0	0	0	0	0	0	0	0	0	0	0	0	0	0	0	
0	0	0	0	0	0	0	0	0	0	0	0	0	0	0	0	0	0	0	0	0	0	0	0	0	0	0	0	0	0	0	0	0	0	0	0	0	0	0	0	0	0	13.38917	0	0	10.82165	0	12.96804	0	0	10.95011	0	12.9858	0	9.58116	0	0	0	0	0	0	0	0	9.23702	0	0	0	5.54902	0	0	6.52731	0	0	0	0	0	0	0	2.06605	0	0	0	0	0	0	0	0	0	0	0	0	0	0	0	0	0	0	0	0	0	
0	0	0	0	0	0	0	0	0	0	0	0	0	0	0	0	0	0	0	0	0	0	0	0	0	0	0	0	0	0	0	0	0	0	0	0	0	0	0	0	0	0	0	0	0	0	0	8.5296	9.43602	0	0	5.59731	0	0	0	0	0	0	0	0	0	0	0	0	1.58116	0	0	0	0	0	0	0	0	0	0	0	0	0	0	0	0	0	0	0	0	0	0	0	0	0	7.24037	0	0	0	0	0	0	0	0	0	
0	0	0	0	0	0	0	0	0	0	0	0	0	0	0	0	0	0	0	0	0	0	0	0	0	0	0	0	0	0	0	0	0	0	0	0	0	0	0	0	0	0	0	0	0	0	0	15.39113	0	0	0	0	8.55733	0	0	0	0	0	12.35896	9.42686	0	0	0	0	0	0	0	0	0	0	0	0	0	0	0	0	0	0	0	0	0	0	0	0	0	0	0	0	0	0	0	0	0	0	0	0	0	0	7.98868	0	
0	0	0	0	0	0	0	0	0	0	0	0	0	0	0	0	0	0	0	0	0	0	0	0	0	0	0	0	0	0	0	0	0	0	0	0	0	0	0	0	0	0	7.81579	0	0	0	0	0	0	9.57549	0	7.04093	0	5.76524	0	0	0	0	0	0	0	0	0	0	9.85633	0	0	0	0	0	0	0	0	0	0	0	11.50794	0	0	0	0	0	0	0	0	0	0	0	0	0	0	0	0	0	0	0	0	0	0	0	
0	0	0	0	0	0	0	0	0	0	0	0	11.50952	0	0	0	0	0	0	0	0	0	0	0	0	0	0	0	0	0	8.98811	0	0	0	0	0	0	0	0	0	0	0	10.64736	0	0	0	0	12.0653	0	0	10.742	0	0	3.82253	2.95851	0	10.24299	0	0	0	0	0	0	8.95837	9.52687	8.21253	0	0	0	0	0	0	0	0	0	0	0	0	0	0	0	0	0	0	0	0	0	0	0	0	0	0	0	0	0	0	0	0	0	0	
0	0	0	0	0	0	0	0	0	0	0	0	0	0	0	0	0	0	0	0	0	0	0	0	0	0	0	0	0	0	0	0	0	0	0	0	0	0	0	0	0	0	0	0	0	11.07168	6.65828	0	2.8826	13.46428	0.84551	8.53558	10.15608	0	9.71302	5.88498	0	0	0	0	11.87565	0	0	0	0	0	0	0	0	9.76114	0	0	0	0	0	0	4.56759	0	0	0	0	0	0	0	0	0	0	0	0	0	0	0	0	0	0	0	0	0	0	0	
0	0	0	0	0	0	0	0	0	0	0	0	0	0	0	7.32167	0	0	0	0	0	0	0	0	0	0	0	0	0	0	0	0	0	0	0	5.64404	12.71622	0	0	0	0	0	0	0	0	13.35507	8.00615	7.93332	5.29458	8.82023	0	0	4.30203	0	13.74131	0	0	0	0	6.40377	0	7.47816	0	6.13599	0	11.53395	0	0	12.90746	0	10.92903	0	0	0	0	9.59374	0	2.19717	0	1.76154	0	0	0	0	0	0	0	0	0	0	8.0022	0	0	0	0	0	0	0	0	0	
0	0	0	0	0	0	0	0	0	0	0	0	0	0	0	0	0	0	0	0	0	0	0	0	0	0	10.64518	0	0	0	0	4.08211	0	0	5.51171	0	0	0	0	0	12.8353	0	0	0	0	0	0	0	9.7341	10.93021	2.80248	9.03817	8.66887	0	9.49695	0	8.571	0	3.10933	0	0	6.87949	0	0	0	7.97732	0	0	0	0	0	0	0	8.65325	0	0	0	0	0	0	0	0	0	0	0	0	0	0	0	0	0	0	0	0	0	0	10.57193	0	0	0	
0	0	0	0	0	0	0	0	0	0	0	0	0	0	0	0	0	0	0	9.95576	0	0	0	0	0	0	0	0	0	0	0	0	0	0	0	0	0	0	0	0	0	0	0	13.42219	0	0	11.01543	11.20754	10.3006	0	6.67525	10.09612	11.95988	0	0	0	14.07301	0	0	7.08309	5.97149	0	0	13.49756	0	7.66251	0	7.35365	0	0	0	0	0	0	0	0	0	0	0	0	0	0	0	0	0	0	0	0	0	0	7.62858	0	0	0	0	0	0	0	0	0	
0	0	0	0	0	0	0	0	0	0	0	0	7.36067	0	0	0	0	0	0	7.77438	0	0	0	0	0	0	0	0	0	0	0	0	0	7.77422	0	0	0	0	0	0	0	14.58252	13.79923	0	9.84625	0	0	3.84285	9.18365	0	3.28768	8.00058	6.64979	4.23798	10.38591	11.32556	4.9297	7.75268	7.97019	0	0	0	0	0	3.8626	0	0	0	0	0	0	0	0	0	0	0	0	0	12.26092	1.58116	0	0	0	0	0	0	0	0	0	0	0	0	0	0	0	0	0	0	0	0	
0	0	0	0	0	0	0	0	0	0	0	0	0	0	0	0	0	0	0	0	0	0	0	14.13061	0	0	0	0	0	0	0	0	0	0	0	0	0	0	10.85927	0	0	0	7.34291	9.07167	0	0	8.70157	6.16291	0	7.97935	10.65199	6.92184	0	0	0	0	0	5.8931	15.23939	11.13552	11.43445	0	0	0	8.26205	0	0	0	0	0	0	0	0	0	0	0	0	0	0	0	0	0	0	0	0	0	0	0	0	0	0	0	0	0	0	0	0	0	0	0	
0	0	6.55814	0	0	0	0	0	0	0	0	0	0	0	0	0	0	0	0	0	0	0	0	0	0	0	0	0	0	0	0	0	0	0	0	0	0	0	0	0	10.33548	0	0	0	0	9.33372	0	7.16569	9.99234	11.86968	0	8.88732	9.45988	9.66213	0.84551	8.89217	0	0	4.04777	0	10.41116	0	8.71747	10.916	0	0	0	0	0	0	0	7.34446	0	0	0	0	5.76524	0	0	0	0	0	0	0	0	0	0	0	0	0	0	0	0	0	0	0	0	0	0	0	
0	0	0	0	0	0	0	0	0	0	0	9.61233	0	0	0	0	0	0	0	0	0	0	0	0	0	0	0	0	0	0	0	0	6.54588	0	0	0	0	8.59249	13.0619	4.3869	7.90722	7.3815	0	0	11.97078	6.05163	11.46603	8.04477	10.81855	0	11.44953	0	2.65812	6.07237	0	9.86109	6.76086	6.05085	0	0	0	0	0	0	0	0	0	7.25926	0	0	0	0	4.91097	0	0	5.37988	0	0	12.39631	0	0	0	0	0	0	0	0	0	0	0	0	0	0	0	0	8.19869	0	0	0	0	
0	0	0	0	0	0	0	0	0	0	0	0	0	0	0	0	0	0	0	0	0	0	0	0	0	0	0	0	0	0	0	0	0	0	8.71474	9.30416	0	0	0	7.07543	0	13.65864	0	10.94099	13.31235	9.40014	6.76421	8.65562	9.83437	11.18824	11.23965	10.84715	2.53134	9.52343	0	0	7.26171	0	0	7.47583	5.8273	0	1.58116	0	0	0	0	0	0	0	0	0	0	0	0	0	0	0	2.62749	0	0	0	0	0	0	0	0	9.30765	0	0	0	0	0	0	0	0	0	0	0	0	
0	0	0	0	0	0	0	0	9.40243	0	8.81514	0	0	0	0	0	0	0	0	0	0	0	0	0	0	0	10.02691	0	0	0	0	0	0	0	0.48378	0	0	12.3914	11.1027	0	9.57412	9.24462	0	8.56948	11.81728	11.8938	7.99254	7.91685	8.1891	8.11316	0	8.01139	2.53134	0	0	0	8.9484	2.06605	0	0	0	0	0.48378	0	0	0	9.77223	0	0	0	0	0	0	0	0	0	0	0	0	0	0	0	0	0	0	0	0	0	0	0	0	0	0	3.45425	0	0	0	0	0	0	
0	0	0	0	0	0	0	0	0	0	0	11.57955	0	0	11.95973	0	0	0	0	0	0	0	0	0	0	0	0	0	0	0	0	10.94836	0	0	7.44885	0	11.13143	0	0	10.75982	0.48378	0	9.32206	10.47807	12.65656	8.3479	10.88192	8.42824	3.9305	7.47447	7.35716	10.85558	10.20383	9.09181	0	7.50055	10.34737	0	0	18.30224	8.77371	5.11942	0	12.7204	0	0	0	0	0	0	0	0	0	0.84551	0	6.51028	0	0	0	0	0	0	0	4.68383	0	0	0	0	0	0	0	0	0	0	0	0	0	0	0	0	
0	0	0	0	0	0	0	0	0	0	0	0	11.1419	0	0	0	0	0	0	0	0	0	0	0	0	0	0	0	0	9.69995	0	0	9.17771	0	3.8626	0	12.2373	0	12.83418	10.37434	11.07517	10.79149	12.09646	7.3919	9.06737	5.43669	10.22882	9.98104	5.98081	8.53845	8.91508	11.56483	11.47359	9.26998	6.37824	5.91959	12.11269	0	0	9.21687	7.53195	0	0	0	0	0	0	0	0	0	0	0	0	9.60459	0	0	0	0	0	0	10.10519	0	0	0	0	0	0	0	0	0	0	0	0	0	0	0	0	0	0	0	
0	0	0	0	0	0	0	14.18322	0	0	0	9.64644	0	0	0	0	0	0	0	0	0	0	0	0	0	0	0	8.65325	0	0	4.51812	0	11.28951	0	0	0	10.30788	6.96934	8.76478	9.61862	9.584	5.71748	0	10.19558	10.89285	9.14085	8.57382	9.5267	11.17473	10.08477	4.95757	10.43075	9.90509	8.96759	6.56976	6.19621	12.42711	5.50776	3.97833	9.05014	6.42849	11.60672	7.41557	0	13.35551	0	0	0	0	0	0	0	0	7.12157	0	0	0	0	0	0	0	0	0	0	0	0	0	0	0	0	0	0	0	0	0	0	0	0	0	0	
12.22355	0	0	0	0	0	0	0	8.12371	0	0	0	11.56312	0	0	0	0	0	0	0	0	0	0	0	9.44841	0	0	7.64826	0	0	0	0	14.34449	0	11.27183	8.97446	0	7.14613	10.54379	6.85259	7.5226	8.77748	6.50585	10.3557	11.29073	10.03782	7.83932	9.64231	5.45699	7.75152	11.45825	5.98738	12.21222	4.15985	11.18411	8.97148	8.55733	4.88137	0	9.65015	1.37501	1.37501	0	6.22618	0	7.00558	0	0	0	0	3.60358	0	0	0	0	0	0	0	0	0	0	0	5.02154	0	0	7.28226	0	0	0	0	0	0	0	0	0	0	0	0	0	0	
0	0	0	11.80512	0	0	0	0	0	0	0	0	0	0	0	0	0	0	9.18365	0	0	11.16486	0	5.4473	10.91696	5.21943	0	0	10.69908	7.40203	12.32023	0	13.23745	0	0	0	0	10.05495	10.6637	9.6639	8.30814	5.89122	9.05419	9.07538	10.21909	9.96877	8.42206	8.41159	10.37349	7.36381	9.43909	7.89136	11.09547	8.01503	6.96218	9.40437	0	4.19496	5.01148	8.65479	0	3.28768	10.11299	0	0	0	0	0	0	6.27608	0	0	5.58539	0	0	6.94155	11.41879	2.56477	0	0.84551	0	0	0	0	0	0	0	0	0	0	0	0	0	0	0	0	0	0	0	0	
8.99488	0	0	0	11.27032	7.25097	0	0	0	0	0	0	0	0	0	0	0	9.98442	0	0	0	0	0	0	10.01918	0	8.94338	8.64339	0	9.39648	9.90328	0	0	0	10.94982	11.44562	8.09209	11.45747	11.46527	9.81418	7.45714	9.25972	9.61978	9.16902	9.65581	8.88206	9.62255	8.03861	9.56971	9.28759	5.05867	9.33465	10.15191	6.99778	9.8433	8.55556	8.59848	4.11457	4.96752	8.74673	14.16531	0	5.43032	9.08125	11.13782	11.04837	9.13821	0	0	0	0	0	0	0	9.31309	0	0	0	0	0	0	0	0	0	0	0	0	0	0	0	0	0	0	0	0	3.65011	0	0	0	0	
0	0	0	0	0	0	0	0	4.61513	0	8.13899	0	0	0	0	0	12.16417	15.10843	9.23511	7.44555	9.90989	5.9945	0	0	0	13.69849	0	9.40158	5.42886	10.31286	0	10.66903	10.99135	7.55971	9.17141	11.23003	7.13457	9.95632	9.78094	9.22276	9.51518	7.39734	5.55686	8.0312	9.88194	7.77179	7.98467	9.53398	8.37646	7.37233	7.247	11.39425	7.52769	9.76292	5.34127	6.34644	6.36082	8.93859	0	11.89827	5.67696	5.65549	7.39393	0	7.52871	10.24816	6.81454	0	0	0	0	5.53669	0	0	9.51041	0	0	0	10.9533	0	0	0	0	0	0	5.24996	0	0	0	0	0	0	0	0	0	2.42833	0	0	0	0	
0	10.88685	0	0	2.8826	7.75322	0	0	0	0	0	0	0	0	3.93954	8.571	0	10.55903	10.68115	0	5.76524	0	8.80061	0	0	0	0	0	10.29438	9.25782	7.21464	0	9.41932	4.69541	10.21469	7.78855	9.27608	9.09377	8.44414	10.05229	9.2695	8.64219	8.77235	7.91567	9.16481	7.76023	8.69954	9.51593	8.34554	7.85912	7.13566	8.73194	7.96815	6.4253	9.03124	7.62614	5.80691	8.45615	8.55366	7.35126	0	8.56494	0	12.17304	9.99557	2.19717	5.0251	8.23178	0	0	0	0	0	0	0	0	0	0	0	0	9.60833	0	0	0	0	0	0	0	0	0	0	0	0	0	0	0	0	0	0	0	
0	12.89174	9.59237	0	9.19885	0	0	0	0	0	9.80521	0	0	0	9.32299	9.87726	0	7.44885	0	0	8.47733	10.20255	9.06273	8.0958	12.50581	10.34238	0	5.21186	8.86899	8.21784	9.04035	10.54717	10.79234	10.17298	10.87643	8.87479	8.64501	8.10699	7.96307	8.36603	8.81031	7.78279	8.05823	7.33535	6.75006	7.71561	8.72075	7.22421	9.522	8.36052	7.98737	8.95197	8.68325	7.67571	7.69511	7.64318	8.59606	10.91333	7.30825	9.77338	0	7.43408	9.56383	10.3103	1.89066	2.06605	1.58116	0	0	14.97726	0	11.35957	0	1.13442	9.90451	0	5.59731	0	0.48378	0	0	0	0	5.76221	0	1.4413	0	0	0	0	0	0	0	0	0	0	0	0	0	0	
0	0	0	0	0	0	0	0	8.39264	0	9.82182	13.66923	0	0	0	0	0	0	9.7542	0	13.0607	0	0	0	0	13.60812	10.14365	0	2.42833	8.54507	7.27921	7.02336	6.91322	9.43182	11.92764	9.16352	8.22045	8.90097	8.57647	8.95719	5.43989	7.89347	9.31111	8.6515	7.99467	8.03306	7.17611	7.66734	8.0537	8.76556	8.99761	8.28319	7.93171	7.23585	7.22885	10.03949	8.42772	8.59668	9.55618	9.89882	9.80273	5.16544	9.27277	8.87164	0	9.23715	0	9.37148	0	0	0	0	0	0	0	0	0	0	0	0	0	8.38406	0	0	0	0	0	7.69264	5.53669	6.58233	0	0	0	0	0	0	0	0	0	0	
0	0	0	0	0	0	0	0	10.86668	7.80298	5.45675	1.58116	0	11.11156	0	0	0	6.26864	6.50217	6.47077	0	0	3.28768	9.28827	8.51396	6.34133	7.28897	8.89456	5.60785	9.79661	0	6.6492	5.72292	5.24331	4.75566	7.86582	8.11696	6.57463	11.02196	6.51318	9.40692	8.70503	8.65128	8.42861	7.33993	7.63325	7.97651	8.20335	6.84875	8.51363	7.98132	7.09564	6.89739	6.21244	7.87415	8.12086	8.22511	10.55507	9.03159	6.63228	6.45342	7.86346	9.26721	6.39696	4.67777	9.86832	10.56094	0	0	0	0	0	0	6.32709	9.79035	0	0	0	11.24662	0	0	0	0	0	0	0	0	0	5.33786	0	5.12375	0	0	0	0	0	0	0	0	0	
0	0	9.10858	7.41817	0	3.93954	0	4.08211	10.6322	0	0	0	0	0	0	0	0	8.70674	0	0	0	0	0	9.88822	0	11.21819	0	10.13316	7.94036	8.50744	0	9.10067	0	11.40466	5.72759	8.26381	8.69337	6.44015	6.06235	11.76421	7.43545	9.331	9.13678	8.15555	7.12326	7.00703	6.28944	8.86941	7.64455	7.1163	7.67762	7.98482	8.2697	8.07553	8.36701	6.21372	7.71346	9.51444	7.80301	6.66005	8.91909	8.33835	2.1363	10.75203	4.4971	0	0	7.00393	0.84551	1.37501	7.20854	0	11.29432	0	4.55758	0	8.85132	0	0	0	0	0	3.52699	0	0	0	0	0	0	0	0	0	0	0	0	0	0	0	0	0	
0	0	0	0	0	0	0	0	0.48378	0	9.83383	7.16227	7.16116	0	11.18574	0	0	6.87455	0	4.51812	0	0	0	0	0	0	7.81324	6.9921	10.77526	0	8.41471	6.65173	6.40743	8.56269	5.65807	6.98902	8.6479	8.0414	6.71479	8.29871	8.57803	5.61295	7.42386	7.59	7.27434	7.72149	5.67286	6.49023	6.82853	5.80482	6.76109	9.37066	8.44528	6.95432	6.28753	6.60325	6.46343	8.28475	9.61581	7.24504	6.17776	6.1647	6.82282	6.662	0	6.04542	11.29111	3.75281	0	0	9.83949	0	6.68935	4.46498	0	13.12755	0	0	0	0	0	0	0	0	0	0	0	0	6.46732	0	0	0	0	0	0	0	0	0	0	0	
0	0	0	0	0	1.37501	0	0	0	11.40847	0	0	6.51479	0	0	0	0	0	0	0	0	0	0	10.25205	0	0	11.84175	0	0	4.23859	6.55221	0	0	7.0377	5.4473	7.47493	6.09453	1.37501	0	8.95374	4.28437	8.15521	3.41193	7.47311	8.65918	8.08986	8.75241	6.96616	9.88021	4.9601	5.85177	9.57174	6.41594	7.37643	7.6143	7.80342	6.90247	7.76833	5.24618	6.2855	8.56852	7.22965	4.15946	9.39304	7.25885	7.85584	9.43269	9.46396	5.45894	0	0	4.46705	0	7.85107	0	2.19717	11.15456	0	0	0	0	0	0	0	12.32338	0	0	3.97652	0	0	0	7.41893	0	0	0	0	9.11896	0	0	0	
0	0	0	0	0	0	0	0	0	0	0	10.88716	0	0	0	0	0	6.39467	13.20483	0	0	0	0	1.58116	0	0	0	8.72835	0	0	0	0	6.0516	6.6248	6.66363	0	4.14209	8.21603	3.92554	5.19613	6.80419	7.46896	7.60897	3.05978	0	7.92636	6.42153	7.26207	6.30656	7.58621	6.97861	11.6241	8.57981	5.03233	7.14421	7.46681	6.42329	7.60214	7.43017	8.65134	8.02133	5.42569	0	7.4761	8.8756	0	9.03846	7.19009	10.08945	7.8016	0	0	0	1.58116	0	10.3124	0	8.86776	0	0	0	12.18599	0	0	0	0	0	0	0	0	0	0	0	0	0	0	0	0	0	0	
0	0	0	0	6.26445	0	0	0	0	0	10.07886	0	0.48378	0	0	12.33131	0	0	4.44083	0	6.79858	11.83154	0	0	0	9.67203	8.34924	0	0	12.87127	0	10.08983	11.62321	0	0	6.71956	10.16549	9.38276	12.59659	10.10401	6.9683	8.21833	6.39776	7.94503	10.38552	6.18033	12.90626	6.70059	9.02449	7.56925	9.11669	7.13282	7.89426	8.7467	7.06598	7.54923	7.46283	8.86747	4.46829	8.35638	5.17148	9.11862	5.37926	4.05133	8.24123	0	11.02413	11.55554	0	0	8.5678	9.33994	7.50281	9.80067	9.75067	0	5.31689	0	0	0	3.7389	0	0	14.37467	0	3.03064	0	0	0	4.04777	0	0	0	0	0	0	0	0	0	0	
0	0	0	0	0	0	0	0	0	0	0	4.27259	3.82102	0	0	9.36892	0	0	0	3.16487	2.95851	0	0.48378	0	0	0	0	0	0	6.11519	1.92182	5.46121	0	0	0	9.54314	0	0	0	5.74395	5.8641	4.89629	5.16501	5.33035	9.17212	3.57047	5.03189	8.77254	6.73693	3.04692	0	0	7.75827	9.8859	10.48436	6.37617	7.78473	7.39854	6.54979	5.9501	6.86951	8.3243	9.56047	7.85493	5.45761	7.89742	10.80311	8.87682	0.48378	7.81125	0	7.23946	7.36789	8.28803	10.95475	0	0.48378	0	7.69893	0	0	0	0	0	0	0	0	0	0	0	0	0	0	0	0	0	0	0	0	0	
0	0	0	10.14279	0	0	0	0	0	0	0	0	0	0	0	0	2.06605	0	0	0	0	0	7.05397	0	0	0	10.2769	8.72806	8.84919	5.77577	0	0	0.84551	0	0	10.48152	0	2.80248	0	3.53559	8.18915	0	1.76154	0	3.79433	12.35247	7.03535	6.90844	5.74896	4.42768	4.19555	6.06815	8.78243	8.97178	8.08029	8.16912	7.56524	6.94977	7.17896	6.52311	8.20238	7.25885	8.05429	9.29081	9.18521	7.35341	6.91569	6.60613	10.08078	7.89199	3.73981	9.33332	4.09571	3.97021	6.80546	0	13.36976	1.76154	6.56711	16.13549	1.37501	6.86965	5.47341	0	0	0	0	0	0	0	0	0	0	0	0	0	0	14.51437	0	13.35864	
0	0	5.70788	0	0	0	0	0	0	0	0	0	0	0	0	0	0	0	0	0	8.01559	0	0	0	0	8.01337	0	8.66803	0	10.66231	0	11.12295	7.07543	0	10.4329	0	0	6.87887	6.70815	0	6.30545	0	0	9.37909	11.76357	10.09208	3.90513	3.76173	1.58116	6.07896	7.13697	10.09419	6.78473	7.72262	7.39817	7.70336	10.03734	6.89599	8.21059	7.90109	4.25064	5.14949	5.77382	1.93415	5.43507	7.69659	4.88245	0	8.62918	5.36607	4.86119	5.32723	8.5658	6.29993	0.48378	0	5.32964	0	5.05347	5.64404	0	5.59055	0	0	0	0	0	0	5.46393	0	0	0	0	0	0	0	6.71409	0	0	0	
0	0	0	0	4.41412	0	0	0	0	0	0	0	8.83037	0	0	0	0	0	0	0	6.13599	3.28768	0	0	0	0	0	6.14113	0	0	0	2.95851	9.13949	0	0	0	6.2232	0	3.8626	6.96014	0	0	7.02332	2.80248	6.01676	0	6.34271	8.70099	10.01585	6.55945	5.51171	3.24734	8.34217	5.93041	7.90516	8.17067	0	6.1446	8.00101	1.90433	7.42775	7.01224	8.00254	7.11848	6.06189	7.90763	8.10775	5.42671	7.86202	6.40861	7.01784	0	0	8.54693	0	7.9238	5.30098	5.99012	0	0	0	0	0	0	7.49419	0	0	0	0	0	0	0	0	0	0	0	7.76119	0	0	0	
0	0	0	0	0	0	0	0	3.97652	0	0	0	0	0	0	0	8.55274	2.19717	3.03064	0	0	0	0	0	7.36027	0	0	0	0	0	0	0	0	0	7.263	9.14254	0	6.67525	0	0	0	0	7.10496	14.3125	0	9.00514	9.71302	6.2461	0	4.47721	0	11.20851	8.45785	6.54776	0	8.38922	0	8.3023	0	5.86381	9.26147	9.1354	6.2249	7.2816	5.61447	7.23486	7.12613	6.83981	7.42228	6.43371	8.35565	3.09	9.39062	10.23057	8.21537	5.27551	10.55076	7.51633	0	0	7.42228	10.42037	9.34504	0	2.34192	0	7.45868	6.73583	7.83605	0	4.39867	0	0	10.52367	0	0	0	0	0	0	
0	0	0	0	0	0	0	0	0	0	0	0	0	0	0	0	0	0	0	0	8.45071	0	0	0	0	0	0	0	0	6.11955	0	0	0	0	6.55814	0	0	0	0	0	8.20281	0	10.79181	7.47169	5.59623	0	0	2.53134	10.12282	5.46113	10.32903	0	0	1.4413	4.13848	6.16271	0	0	8.20729	9.3261	10.98399	5.02486	3.09776	4.56607	7.391	7.40326	6.09914	7.37423	6.15465	6.0888	8.90182	7.98316	3.56432	4.48816	5.07909	0	1.25472	0	5.70759	0	0	0	5.27986	0	0	0	9.07549	0	0	0	0	0	0	0	0	0	0	0	0	0	
0	0	0	0	8.01114	0	0	0	0	0	0	8.70925	0	5.15636	0	0	0	0	0	0	0	0	0	0	0	0	0	0	0	0	0	0	0	0	0	0	0	0	0	8.0203	0	0	6.11125	0	4.433	0	0.82133	1.76154	0	0	1.37501	0	0	0	8.72971	0	0	0.48378	0	7.65398	8.15862	0	6.0067	7.2236	7.91582	0	3.29722	5.04071	9.42818	6.16429	5.79545	8.53138	7.5291	5.31046	0	0	7.02466	4.51812	6.71372	6.57029	4.11565	5.71141	4.08211	0	2.53134	0	6.71409	11.42666	0	5.9522	0	0	0	0	6.44393	0	0	0	0	0	
0	0	0	0	0	0	0	0	0	0	0	0	0	0	0	0	0	6.62203	0	0	0	9.38018	7.91677	0	0	0	9.33461	0	0	0	0	0	0	8.67792	5.35874	0	0	0	0	0	0	0	0	0	0	0	0	0	2.62749	0	2.95851	0	0	0	0	9.04492	10.00809	8.01919	5.40722	4.98544	0	6.02182	4.42302	0	7.32595	7.53048	5.63325	7.3002	4.99139	7.65633	7.47532	5.67739	6.28231	9.10812	9.14364	5.01145	6.85462	0	9.77272	4.22184	0	0	6.17612	0	6.25365	8.34723	3.03064	7.46845	0	9.64471	0	0	0	0	0	0	8.49785	0	0	0	
0	0	0	0	0	0	0	0	7.04993	0	0	1.58116	0	0	0	0	0	0	0	0	0	0	0	0	0	0	0	12.04599	0	0	0	0	0	0	0	0	0	0	0	10.45915	0	0	0	0	0	3.28768	0	6.29084	2.31739	0	0	11.25299	0	0	0	0	0	0	7.50325	0	8.49337	0	7.68886	8.17328	6.10517	5.28574	5.36751	0	0	7.13247	8.28089	4.41412	7.76169	7.35904	5.60725	9.7396	2.19172	0	0	6.16421	7.71246	9.61247	9.70271	8.83177	5.1594	0	0	0	0	0	5.0904	0	9.88773	0	0	0	0	0	0	0	
0	0	0	0	0	0	0	0	0	0	0	0	0	6.29084	0	0	0	0	0	4.63839	0	0	0	0	0	3.0954	0	0	0	0	0	0	0	0	5.4473	0	0	5.29392	0	0	9.02609	0	1.58116	9.26251	2.8826	0	0	0	0	0	6.03441	6.29084	0	0	11.57127	0	0	0	0	5.95873	4.90569	0	6.47305	10.30788	6.03441	4.43215	8.56063	6.73583	0	5.15855	7.50795	0	4.29951	6.93608	8.21253	7.40209	4.37687	6.21248	7.37104	4.01448	0	7.6968	6.78878	5.25699	2.99142	0	0	2.42833	6.85419	0	9.88579	0	0	5.60913	0	0	0	0	4.77394	0	
0	0	0	0	0	0	0	8.28803	0	0	0	0	0	0	0	0	0	0	0	0	0	0	9.0738	0	0	0	0	0	8.9102	0	0	0	0	0	9.38688	0	0	1.76154	0	0	0	7.43588	0	0	0	0	7.35993	0	0	0	0	0	7.78745	0	0	0	4.63752	5.51171	0	3.33406	7.44037	0	0	7.13716	0	1.13442	0	6.58331	6.96158	12.42649	10.46014	4.76409	9.20036	5.35135	6.66396	6.97979	12.64229	17.20599	6.24185	5.88242	8.4757	5.58205	5.2026	0	7.25607	0	3.16487	4.5811	0	0	9.10754	8.44029	0	0	0	0	8.03763	0	0	0	
0	0	0	0	0	0	0	0	0	0	0	0	0	0	0	0	0	0	0	0	0	0	0	0	0	0	0	0	0	0	0	0	0	0	0	0	0	4.7383	0	0	0	0	0	0	0	0	0	0	0	1.92182	0	5.63524	0	3.52735	0	0	4.81213	8.70255	4.04777	0	1.76154	0	7.8952	13.27006	4.66129	6.61556	0	0	7.41131	8.20241	0	3.34537	6.75888	10.19362	7.08789	6.8697	0	4.24965	5.68983	8.48021	3.8916	8.21446	5.33786	0.84551	0	0	2.85888	0	0	0	0	0	6.63379	7.61896	8.63457	0	0	0	0	0	
0	0	0	0	0	0	0	8.84919	0	0	0	0	0	0	0	0	0	0	0	0	0	0	0	0	0	0	0	0	0	0	0	0	0	0	0	0	0	3.88776	0	5.89648	0	0	0	0	0	0	0	0	0	0	3.82326	0	0	9.95923	5.26394	0	0	6.01698	9.2894	10.01529	0	0	0	7.58439	9.69468	9.42268	0	0	7.1617	6.12413	8.50928	4.26593	4.21787	7.42453	3.28768	7.2191	6.0161	0	8.0176	8.185	8.31914	9.87482	5.64435	4.51635	5.48997	0	0	0.74844	0	0	4.96718	0	0	0	0	2.68191	0	0	0	0	
0	0	0	0	0	0	0	0	0	0	0	0	0	0	0	0	0	0	0	0	0	0	0	0	0	9.46802	0	0	0	0	0	0	0	0	0	0	0	5.47341	0	0	0	0	0	0	11.09878	0	0	0	4.30203	0	0	0	0	0	0	1.92182	0	0	0	0	0	0	8.62276	0	0	5.48914	5.08777	8.82904	0.48378	5.82795	3.80724	0	7.35145	0	8.23369	6.728	0.84551	6.57479	4.93908	6.55498	3.74475	0	7.34895	0	9.11999	6.81558	0	0	0	0	10.57306	0	0	0	0	0	0	5.12375	0	0	
0	0	0	0	0	0	0	0	0	0	0	0	12.34696	0	0	0	0	0	0	0	0	0	0	0	0	0	0	0	0	0	0	0	0	0	0	0	0	0	0	0	0	0	0	0	0	0	0	7.61052	0	0	1.92182	0	10.24248	0	0	0	0	0	0	3.83802	0	0	0	7.97142	3.45425	8.88732	8.23885	0	9.59088	0	0	8.64322	0	0	0	2.11065	6.29481	8.21663	5.29689	4.82714	0	5.03869	6.06983	5.58906	3.46162	4.80341	5.44227	6.73583	7.4878	0	0	0	0	5.352	0	0	0	0	0	0	
0	0	0	0	0	0	0	0	0	0	0	0	0	0	0	0	0	0	0	0	0	0	0	0	0	0	0	0	0	0	0	0	11.17658	0	0	0	0	0	0	0	4.33087	0	0	0	0	0	0	0	0	0	0	0	0	0	0	0	6.87824	0	0	0	9.38841	0	0	4.70459	0	6.81963	0	0	6.17857	0	0	0	9.02499	0	0	5.366	0	0	4.38563	9.78927	7.91198	5.95324	9.3185	0	5.48629	0	7.49099	0	8.35451	4.79153	5.36363	5.57673	4.90747	0	0	0	0	0	0	0	
0	0	0	0	0	0	0	2.0063	0	0	0	0	0	0	0	0	0	0	0	0	0	0	0	0	0	0	0	7.05397	0	0	0	0	0	0	0	0	0	0	0	0	0	0	0	0	0	0	0	0	0	0	0	0	0	0	0	0	0	0	0	0	0	0	0	0	0	0	0	0	0	0	2.61739	4.27388	5.69128	7.07117	0	10.72784	11.46527	0	9.78889	6.09487	0	7.41162	0	7.61932	3.09931	8.22856	0	7.24417	0	5.39362	0	0.48378	0	0	0	9.3567	0	0	0	0	
0	0	0	0	0	0	0	0	0	0	0	0	0	0	0	0	0	0	0	0	9.66285	0	0	0	0	0	0	0	0	0	7.78745	0	0	0	0	0	0	0	0	0	0	0	0	0	0	0	0	0	0	0	0	0	0	0	0	0	0	0	0	12.18839	0	0	0	0	6.50217	8.03982	10.4609	5.72756	0	0	0	0	0	0	0	6.70861	7.11342	0.48378	0	0	7.32799	0	0	0	4.50523	4.61513	7.68281	7.84255	9.69371	0	7.83354	6.63533	7.93802	7.01005	0	6.83482	0	0	0	0	
0	0	0	0	0	0	0	0	0	0	0	0	0	0	0	0	0	0	0	0	0	0	0	0	0	0	0	0	0	0	0	0	0	0	0	0	0	0	0	0	0	0	0	0	0	0	0	0	3.93954	0	0	0	0	0	0	0	0	0	0	0	0	0	0	0	0	0	0	0	0	5.8868	10.97773	9.24935	7.90459	0	9.24935	6.98757	0	9.28018	4.49281	0	0	7.2816	7.55731	0	5.57625	0	5.33786	0	0	2.53763	0	3.69217	6.55918	0	2.42833	0	0	0	0	0	
0	0	0	0	0	0	0	0	0	0	0	0	0	0	0	6.62954	0	0	0	0	0	0	0	0	0	0	0	0	0	0	0	0	0	0	7.81324	0	0	0	0	0	0	0	0	0	0	0	0	0	0	0	0	0	0	0	0	0	0	0	0	0	0	0	0	0	0	0	0	4.18049	0	0	0	0	0	7.79782	0	0	0	0	0	0	0	3.16551	0	0	3.85396	0	6.71421	5.90428	6.84985	10.37471	7.32167	0	8.80874	0	0	0	0	0	0	0	
0	0	0	0	0	0	0	0	0	0	0	0	0	0	0	0	0	0	0	0	0	0	0	0	0	0	0	0	0	0	0	0	0	0	0	0	0	0	0	0	0	0	0	0	0	0	0	0	9.1984	1.58116	0	0	0	0	0	0	0	0	0	9.37499	0	0	0	0	0	5.81928	0	0	0	0	0	8.42478	0	0	0	0	0	10.68518	0	4.46032	12.31483	0	0	10.28502	0	0	0	0	0	0	0	0	0	0	0	0	0	0	0	0	
0	0	0	0	0	0	0	0	0	0	0	0	0	0	0	0	0	0	0	0	0	0	0	0	0	0	0	0	0	0	0	0	0	0	0	0	0	0	0	0	0	0	0	0	0	0	0	0	0	0	0	0	0	0	0	2.167	0	0	11.23546	0	0	0	0	0	11.04701	0	0	0	0	0	0	2.42833	0	1.76154	0	0	6.63533	0	0	0	3.73542	5.6258	6.68122	7.94315	0	0	0	6.93217	8.26694	0	6.11125	10.85214	9.3862	0	0	0	0	0	0	0	
0	0	0	0	0	0	0	0	0	0	0	0	0	0	0	0	0	0	0	0	0	0	0	0	0	0	0	0	0	0	0	0	0	0	0	0	0	0	0	0	0	0	0	0	0	0	0	0	0	0	0	0	0	0	0	0	0	0	0	0	0	0	0	0	0	0	0	0	0	0	0	0	0	0	0	0	0	0	0	0	0	0	0	0	0	0	0.84551	0	0	0	0	11.43549	0	0	0	0	0	0	0	0	
0	0	0	0	0	0	0	0	0	0	0	0	0	0	0	0	0	0	0	0	0	0	0	0	0	0	0	0	0	0	0	0	0	0	0	0	0	0	0	0	0	0	0	0	0	0	0	0	0	0	0	0	0	0	0	0	0	0	0	0	0	0	0	0	0	0	0	0	0	0	6.45072	0	0	0	0	0	8.37544	0	0	8.41245	0	0	0	9.82879	0	0	0	0	0	0	7.52789	8.39264	0	0	0	0	0	0	0	0	
0	0	0	0	0	0	0	0	0	0	0	0	0	0	0	0	0	0	0	0	0	0	0	0	0	0	0	0	0	0	0	0	0	0	0	0	0	0	0	0	0	0	0	0	0	0	0	0	0	0	0	0	0	0	0	0	0	0	0	0	0	0	0	0	0	0	0	0	0	0	8.13286	0	0	0	0	0	0	0	0	0	0	0	0	0	0	0	5.86723	0	0	0	0	0	0	0	0	0	0	0	0	0	
0	0	0	0	0	0	0	0	0	0	0	0	0	0	0	0	0	0	0	0	0	0	0	0	0	0	0	0	0	0	0	0	0	0	0	0	0	0	0	0	0	0	0	0	0	0	0	0	0	0	0	0	0	0	0	0	0	0	0	0	0	0	0	0	0	0	0	0	0	8.69407	0	0	0	0	0	0	0	0	7.35013	0	0	0	0	0	0	0	0	0	10.32859	3.90158	0	0	0	0	0	0	0	0	0	0	
0	0	0	0	0	0	0	0	0	0	0	0	0	0	0	0	0	0	0	0	0	0	0	0	0	0	0	0	0	0	0	0	0	0	0	0	0	0	0	0	0	0	0	0	0	0	0	0	0	0	0	0	0	0	0	0	0	0	0	0	0	0	0	0	0	0	0	0	9.50092	0	0	0	0	0	0	0	0	0	0	0	0	0	0	0	0	0	3.69519	0	0	0	0	0	0	0	0	0	0	0	0	0	
0	0	0	0	0	0	0	0	0	0	0	0	0	0	0	0	0	0	0	0	0	0	0	0	0	0	0	0	0	0	0	0	0	0	0	0	0	0	0	0	0	0	0	0	0	0	0	0	0	0	0	0	0	0	0	0	0	0	6.43732	0	0	0	0	0	0	0	0	0	0	0	0	0	0	0	0	5.71141	0	0	0	0	0	0	0	0	0	0	0	0	0	0	0	0	0	0	0	0	0	0	0	0	
0	0	0	0	0	0	0	0	0	0	0	0	0	0	0	0	0	0	0	0	0	0	0	0	0	0	0	0	0	0	0	0	6.99661	0	0	0	0	0	0	0	0	0	0	0	0	0	0	0	0	0	3.45425	0	0	0	0	0	0	0	0	0	0	0	3.16487	0	0	0	0	0	0	0	0	0	0	0	0	4.94869	0	0	0	0	0.48378	0	0	0	0	0	0	0	0	0	0	0	0	0	0	0	0	0	0	0	
0	0	0	0	0	0	0	0	0	0	0	0	0	0	0	0	0	0	0	0	0	0	0	0	0	0	0	0	0	0	0	0	0	0	0	0	0	0	0	0	0	0	0	0	0	0	0	0	0	0	0	0	0	0	0	0	0	0	0	0	0	0	0	0	0	0	0	0	0	0	0	0	0	0	0	0	0	0	0	0	0	0	0	0	0	0	0	0	0	0	0	0	0	0	0	0	0	0	0	0	
0	0	0	0	0	0	0	0	0	0	0	0	0	0	0	0	0	0	0	0	0	0	0	0	0	0	0	0	0	0	0	0	0	0	0	0	0	0	0	0	0	0	0	0	0	0	0	0	0	0	0	0	0	0	0	0	0	0	0	0	0	0	0	0	0	0	0	0	0	0	0	0	0	0	0	0	0	0	0	0	0	0	0	0	0	0	0	0	0	0	0	0	0	0	0	0	0	0	0	0	
0	0	0	0	0	0	0	0	0	0	0	0	0	0	0	0	0	0	0	0	0	0	0	0	0	0	0	0	0	0	0	0	0	0	0	0	0	0	0	0	0	0	0	0	0	0	0	0	0	0	0	0	0	0	0	0	0	0	0	0	0	0	0	0	0	0	0	0	0	0	0	0	0	0	0	0	0	0	0	0	0	0	0	0	0	0	0	0	0	0	0	0	0	0	0	0	0	0	0	0	
0	0	0	0	0	0	0	0	0	0	0	0	0	0	0	0	0	0	0	0	0	0	0	0	0	0	0	0	0	0	0	0	0	0	0	0	0	0	0	0	0	0	0	0	0	0	0	0	0	0	0	0	0	0	0	0	0	0	0	0	0	0	0	0	0	0	0	0	0	0	0	0	0	0	0	0	0	0	0	0	0	0	0	0	0	0	0	0	0	0	0	0	0	0	0	0	0	0	0	0	
0	0	0	0	0	0	0	0	0	0	0	0	0	0	0	0	0	0	0	0	0	0	0	0	0	0	0	0	0	0	0	0	0	0	0	0	0	0	0	0	0	0	0	0	0	0	0	0	0	0	0	0	0	0	0	0	0	0	0	0	0	0	0	0	0	0	0	0	0	0	0	0	0	0	0	0	0	0	0	0	0	3.22757	0	0	0	0	0	0	0	0	0	0	0	0	0	0	0	0	0	0	
0	0	0	0	0	0	0	0	0	0	0	0	0	0	0	0	0	0	0	0	0	0	0	0	0	0	0	0	0	0	0	0	0	0	0	0	0	0	0	0	0	0	0	0	0	0	0	11.452	0	0	0	0	0	0	0	0	0	0	0	0	0	0	0	0	0	0	0	0	0	0	0	0	0	0	7.48449	0	0	0	0	0	0	0	0	0	0	0	0	0	0	0	0	0	0	0	0	0	0	0	0	0	
