0	0	0	0	0	0	0	0	0	0	0	0	0	0	0	0	0	0	0	0	0	0	0	0	0	0	0	0	0	0	0	0	0	0	0	0	0	0	0	0	0	0	0	0	0	0	0	0	0	0	0	11.10647	0	0	0	0	0	0	0	0	0	0	0	0	0	0	0	0	0	0	0	0	0	0	0	0	0	0	0	0	0	0	0	0	0	0	0	0	0	0	0	0	0	0	0	0	0	0	0	0	
0	0	0	0	0	0	0	0	0	0	0	0	0	0	0	0	0	0	0	0	0	0	0	0	0	0	0	0	0	0	0	0	0	0	0	0	0	0	0	0	0	0	0	0	0	0	0	14.19287	0	0	0	0	0	0	0	0	0	0	0	0	0	0	0	7.84918	0	0	0	0	0	0	0	0	0	0	0	0	0	0	0	0	0	0	0	0	0	0	0	0	0	0	0	0	0	0	0	0	0	0	0	0	
0	0	0	0	0	0	0	0	0	0	0	0	0	0	0	0	0	0	0	0	0	0	0	0	0	0	0	0	0	0	0	0	0	0	0	0	0	0	0	0	0	0	0	0	0	0	0	0	0	0	0	0	0	0	9.89634	0	0	0	0	0	0	0	0	0	0	0	0	0	0	0	0	0	0	0	0	0	0	0	0	0	0	0	0	0	0	0	0	0	0	0	0	0	0	0	0	0	0	0	0	0	
0	0	0	0	0	0	0	0	0	0	0	0	0	0	0	0	0	0	0	0	0	0	0	0	0	0	0	0	0	0	0	0	0	0	0	0	0	0	0	0	0	0	0	0	0	0	14.27524	9.24728	0	0	0	0	0	0	0	0	0	0	0	0	0	0	0	0	0	0	0	0	0	0	0	0	0	0	0	0	0	0	0	0	0	0	0	0	0	0	0	0	0	0	0	0	0	0	0	0	0	0	0	0	
0	0	0	0	0	0	0	0	0	0	0	0	0	0	0	0	0	0	0	0	0	0	0	0	0	0	0	0	0	0	0	0	0	0	0	0	0	7.44034	0	0	0	0	0	14.47453	0	0	0	0	0	0	0	0	0	0	0	0	0	0	0	0	0	0	0	0	0	0	0	0	0	0	0	0	0	0	0	0	0	0	0	0	0	0	0	0	0	0	0	0	0	0	0	0	0	0	0	0	0	0	0	0	
0	0	0	0	0	0	0	0	0	0	0	0	0	0	0	0	0	0	0	0	0	0	0	0	0	0	0	0	0	0	0	0	0	0	0	0	0	0	0	0	0	0	0	0	0	0	0	0	0	0	0	0	0	0	0	0	0	0	0	0	0	0	0	0	0	0	0	0	0	0	0	0	8.09612	0	0	0	0	0	0	0	0	0	0	0	0	0	0	0	0	0	0	0	0	0	0	0	0	0	0	0	
0	0	0	0	0	0	0	0	0	0	0	0	0	0	0	0	0	0	0	0	0	0	0	0	0	0	0	0	0	0	0	0	0	0	0	0	0	0	0	0	0	0	0	0	0	0	0	0	0	0	0	0	0	0	0	0	0	0	0	0	0	0	0	0	0	0	0	0	0	0	0	0	0	0	11.07869	0	0	0	0	0	0	0	0	0	0	0	0	0	0	0	0	0	0	0	0	0	0	0	0	0	
0	0	0	0	0	0	0	0	0	0	0	0	0	0	0	0	0	0	0	0	0	0	0	0	0	0	0	0	0	0	0	0	0	0	0	0	0	0	0	0	0	0	0	0	0	0	0	0	0	0	0	9.2065	0	0	0	12.91243	0	0	10.73187	0	0	0	0	0	0	0	0	0	0	0	0	0	0	0	0	0	0	0	0	0	0	0	0	0	0	0	0	0	0	0	0	0	0	0	0	0	0	0	0	0	
0	0	0	0	0	0	0	0	0	0	0	0	0	0	0	0	0	0	0	0	0	0	0	0	0	0	0	0	9.63241	0	0	0	0	0	0	0	0	0	0	0	0	0	0	0	0	0	0	0	0	0	0	0	0	0	0	0	0	0	0	0	0	0	0	0	0	0	0	9.62098	0	0	0	0	0	0	0	0	0	0	0	0	0	0	0	0	0	0	0	0	0	0	0	0	0	0	0	0	0	0	0	0	
0	0	0	0	0	0	0	0	0	0	0	0	0	0	0	0	0	0	0	0	0	0	0	0	0	0	0	0	0	0	0	0	0	0	0	0	0	0	0	0	0	0	0	0	0	0	0	0	0	0	0	0	0	0	0	8.26575	0	0	0	0	0	0	0	0	0	0	0	0	0	0	0	0	0	0	0	0	0	0	0	0	0	0	0	0	0	0	0	0	0	0	0	0	0	0	0	0	0	0	0	0	
0	0	0	0	0	0	0	0	0	0	0	0	0	0	0	0	0	0	0	0	0	0	0	0	0	0	0	0	0	0	0	0	0	0	0	0	0	0	0	0	0	0	0	0	0	0	0	0	0	0	0	0	0	0	0	0	0	0	0	0	0	0	0	0	0	0	0	10.28872	0	0	0	0	0	0	0	0	0	0	0	0	0	0	0	0	0	0	0	0	0	0	0	0	0	0	0	0	0	0	0	0	
0	0	0	0	0	0	0	0	0	0	0	0	0	0	0	0	0	0	0	0	0	0	0	0	0	0	0	0	0	0	0	0	0	0	0	0	0	0	0	0	0	0	0	0	0	0	0	0	0	0	0	0	4.27111	0	0	0	8.75653	0	0	0	0	0	0	0	0	0	0	0	0	0	0	7.31145	0	0	0	0	0	0	0	0	0	0	0	0	0	0	0	0	0	0	0	0	0	0	0	0	0	0	0	0	
0	0	0	0	0	0	0	0	0	0	0	0	0	0	0	0	0	0	0	0	0	0	0	0	0	0	0	0	0	0	0	0	0	0	0	0	0	0	0	0	0	0	0	0	0	0	0	0	10.65515	0	0	0	12.4505	0	0	0	0	0	0	0	0	0	0	0	0	0	0	7.11432	0	0	0	0	0	0	0	0	0	0	0	0	0	0	0	0	0	0	0	0	0	0	0	0	0	0	0	0	0	0	0	0	
0	0	0	0	0	0	0	0	0	0	0	0	0	0	0	0	0	0	0	0	0	0	0	0	0	0	0	0	0	0	12.74086	0	0	0	0	0	0	0	0	3.30838	0	0	0	0	0	0	0	8.26575	0	0	0	0	0	0	0	0	0	5.1351	6.06197	0	9.60523	0	0	11.47453	0	0	0	0	0	0	0	0	0	0	0	0	0	0	0	0	0	0	0	0	0	0	0	0	0	0	0	0	0	0	0	0	0	0	0	0	
0	0	0	0	0	0	0	0	0	0	0	0	0	0	0	0	0	0	0	0	0	0	0	0	0	0	0	0	0	0	0	0	0	0	0	0	0	0	0	0	0	0	0	0	0	0	0	0	0	0	0	0	0	0	7.01713	0	0	0	0	0	0	0	0	0	0	0	0	0	0	0	0	0	0	0	1.3129	0	0	0	0	0	0	0	0	0	0	0	0	0	0	0	0	0	0	0	0	0	0	0	0	0	
0	0	0	0	0	0	0	0	0	0	0	0	0	0	0	0	0	0	0	0	0	0	0	0	0	0	0	0	0	0	0	0	0	0	0	0	0	0	0	0	0	0	13.65747	0	0	0	0	0	0	0	0	0	9.28759	0	0	0	0	0	0	14.73744	0	0	0	0	0	0	0	0	0	0	0	11.63957	0	0	0	0	0	0	0	0	0	0	0	0	0	0	0	0	0	0	0	0	0	0	0	0	0	0	0	0	
0	0	0	0	0	0	0	0	0	0	0	0	0	0	0	0	0	0	0	0	0	0	0	0	0	0	0	0	0	0	0	0	0	0	0	0	0	0	0	0	0	0	0	8.30928	0	0	0	12.81555	0	0	0	9.23842	0	0	0	0	0	0	5.34938	0	0	0	0	0	0	0	0	0	0	0	0	0	0	0	0	0	0	0	0	0	0	0	0	0	0	0	0	0	0	0	0	0	0	0	0	0	0	0	0	0	
0	0	0	0	0	0	0	0	0	0	0	0	0	0	0	0	0	0	0	0	0	0	0	0	0	0	0	0	0	0	0	0	0	0	0	0	0	0	0	0	0	0	9.3458	0	0	0	0	0	0	0	0	0	0	0	0	8.6234	0	0	0	0	0	0	0	0	0	0	3.57115	0	7.58864	0	0	0	0	0	0	0	0	0	0	0	0	0	0	0	0	0	0	0	0	0	0	0	0	0	0	0	0	0	0	0	
0	0	0	0	0	0	0	0	0	0	0	0	0	0	0	0	0	0	0	0	0	0	0	0	0	0	0	0	0	0	0	0	0	0	0	0	0	0	0	0	12.45267	0	0	0	0	0	0	0	0	0	0	0	0	0	0	0	0	0	0	0	0	0	0	0	0	0	0	0	0	0	0	0	0	0	0	0	0	0	0	0	0	0	0	0	0	0	0	0	0	0	0	0	0	0	0	0	0	0	0	0	
0	0	0	0	0	0	0	0	0	0	0	0	0	0	0	0	0	0	0	0	0	0	0	0	0	0	0	0	0	0	0	0	0	0	0	0	0	0	0	0	0	0	0	0	0	0	0	10.36378	0	0	8.46261	0	0	0	0	0	0	0	0	0	0	0	0	0	0	0	0	0	0	0	0	0	0	0	0	0	10.80592	0	0	0	0	0	0	0	0	0	0	0	0	0	0	0	0	0	0	0	0	0	0	0	
0	0	0	0	0	0	0	0	0	0	0	0	0	0	0	0	0	0	0	0	0	0	0	0	0	0	0	0	0	0	0	0	0	0	0	0	0	0	0	0	0	0	0	0	0	0	0	9.76138	0	0	9.22813	10.01354	0	0	0	0	8.55571	0	11.08165	0	10.82099	0	0	0	0	9.93331	0	0	0	0	0	0	0	0	0	0	0	0	0	0	0	0	0	0	0	0	0	0	0	0	0	0	0	0	0	0	0	0	0	0	
0	0	0	0	0	0	0	0	0	0	0	0	0	0	0	0	0	0	0	0	0	0	0	0	0	0	0	0	0	0	0	0	0	0	0	0	0	0	0	0	0	8.48083	0	0	0	0	0	0	0	0	0	0	0	0	0	0	0	0	0	0	0	0	0	0	0	0	0	0	0	0	0	0	0	0	0	0	0	0	0	0	0	0	0	0	0	0	0	0	0	0	0	0	0	0	0	0	0	0	0	0	
0	0	0	0	0	0	0	0	0	0	0	0	0	0	0	0	0	0	0	0	0	0	0	0	0	0	0	0	0	0	0	11.43073	0	0	0	0	0	0	0	0	0	0	0	0	0	0	0	9.30688	0	0	0	0	0	0	0	0	0	0	0	0	0	0	0	0.99248	0	0	0	1.9887	0	0	0	0	0	0	0	0	0	0	0	0	0	0	0	0	0	0	0	0	0	0	0	0	0	0	0	0	0	0	0	0	
0	0	0	0	0	0	0	0	0	0	0	0	0	0	0	0	0	0	0	0	0	0	0	0	0	0	0	0	0	0	0	13.03962	0	0	2.4471	0	0	0	0	0	0	0	0	0	0	0	0	0	0	0	0	0	0	0	0	0	0	0	0	0	0	0	0	0	0	0	0	0	0	0	0	0	0	0	0	0	0	0	0	0	0	0	0	0	0	0	0	0	0	0	0	0	0	0	0	0	0	0	0	0	
0	0	0	0	0	0	0	0	0	0	0	0	0	0	0	0	0	0	0	0	0	0	0	0	0	0	0	0	0	0	0	0	0	0	0	0	0	0	0	0	0	0	0	10.49125	0	0	0	0	0	11.89895	0	0	0	0	10.60745	0	0	0	0	0	0	0	0	0	0	0	0	0	0	0	0	0	0	0	0	0	0	0	0	1.61723	0	0	0	0	0	0	0	0	0	0	0	0	0	0	0	0	0	0	0	0	
0	0	0	0	0	0	0	0	0	0	0	0	0	0	0	0	0	0	0	0	0	0	0	0	0	0	0	0	0	0	0	0	6.64329	0	0	0	0	0	0	0	0	0	0	0	0	0	0	2.4471	0	0	8.44327	5.6048	0	0	0	0	0	0	9.09479	0	0	0	0	0	0	0	0	0	0	0	3.89283	0	0	0	0	0	0	0	0	0	0	0	0	0	0	5.95087	0	0	0	0	0	0	0	0	0	0	0	0	0	0	
0	0	0	0	0	0	0	0	0	0	0	0	0	0	0	0	0	0	0	0	0	0	0	0	0	0	0	0	0	0	0	0	0	0	0	0	0	0	0	12.53496	0	0	0	0	15.60329	0	8.70264	0	0	0	0	0	0	0	0	0	0	0	0	0	0	0	0	0	0	0	0	0	0	2.5724	0	0	0	0	0	0	0	0	0	0	0	0	0	0	0	0	0	0	0	0	0	0	0	0	0	0	0	0	0	0	
0	0	0	0	0	0	0	0	0	0	0	0	0	0	0	0	0	0	0	0	0	0	0	0	0	0	0	0	0	0	0	0	0	0	0	10.32702	0	0	0	0	0	0	0	0	0	0	0	8.42999	0	0	0	0	0	6.06691	0	0	0	0	0	0	10.25407	0	0	0	0	0	0	0	0	0	0	0	0	0	0	0	0	0	0	0	0	0	0	0	0	0	0	0	0	0	0	0	0	0	9.1347	0	0	0	0	0	
0	0	0	0	0	0	0	0	0	0	0	0	0	0	0	0	0	0	0	0	0	0	0	0	0	0	0	0	0	0	0	0	0	0	0	0	0	0	0	0	0	12.95333	0	0	0	0	0	0	0	0	0	0	3.50981	0	0	0	0	0	0	0	0	0	0	0	0	0	0	4.19521	0	0	0	6.06197	0	0	0	0	0	0	0	0	0	0	0	0	0	0	0	0	0	0	0	0	0	0	0	0	0	0	0	0	
0	0	0	0	0	0	0	0	0	0	0	0	0	0	0	0	0	0	0	0	0	0	0	0	0	0	0	0	0	0	0	0	0	0	0	0	0	0	0	0	7.17979	0	0	0	11.30094	0	0	5.62128	0	0	2.98683	11.26687	0	0	0	10.25114	0	0	6.45271	0	5.41155	0	0	0	0	0	0	0	2.5724	0	0	0	0	0	0	0	0	0	0	0	0	0	0	0	0	0	0	0	0	0	0	0	0	0	0	5.21415	0	0	0	0	
0	0	0	0	0	0	0	0	0	0	0	0	0	0	0	0	0	0	0	0	0	0	0	0	0	0	0	0	0	0	0	0	0	0	0	0	0	0	0	0	0	0	0	0	13.88282	0	0	0	0	0.99248	0	0	7.54343	0	0	0	0	8.07774	0	0	0	4.50915	0	0	0	0	0	0	0	0	0	0	0	0	0	0	0	0	0	0	0	0	0	0	0	0	0	0	0	0	0	0	0	0	0	0	0	0	0	0	
0	0	0	0	0	0	0	0	0	0	0	0	0	0	0	0	0	0	0	0	0	0	0	0	0	0	0	0	0	0	0	0	0	0	0	0	0	0	0	0	0	0	0	13.20213	0	0	11.83101	0	0	0	11.17723	0	0	0	0	0	0	0	0	9.88883	0	0	0	0	8.34253	0	0	8.10652	0	0	0	0	10.58625	0	0	0	4.84344	0	0	0	0	0	0	0	0	0	0	0	0	0	0	0	0	0	0	0	0	0	0	0	
0	0	0	0	0	0	0	0	0	0	0	0	0	0	0	0	0	0	0	0	0	0	0	0	0	0	0	0	0	0	0	0	0	0	0	0	0	0	0	0	0	0	0	0	4.67454	0.57995	0	10.80831	0	0	0	13.43526	6.09367	0	0	7.51249	0	0	2.15821	0	0	0	0	0	0	0	0	12.27754	0	0	0	0	0	11.82158	0	0	0	0	0	0	0	0	0	0	0	0	0	0	0	0	0	0	0	0	0	0	0	0	0	0	
0	0	0	0	0	0	0	0	0	0	0	0	0	0	0	0	0	0	0	0	0	0	0	0	0	0	0	0	0	0	0	0	0	0	0	0	0	13.2657	0	0	0	0	0	0	0	0	0	0	11.71541	0	0	4.82287	0	0	0	0	8.50657	0	0	6.34267	0	5.32516	0	0	0	0	0	0	0	0	0	0	0	0	6.84838	2.5724	0	0	0	0	0	0	0	0	0	0	0	0	0	0	0	0	0	0	0	0	0	0	0	0	
0	0	0	0	0	0	0	0	0	0	0	0	0	0	0	0	0	0	0	0	0	0	0	0	0	0	0	0	0	0	0	0	0	0	0	0	0	0	0	0	0	0	13.86169	0	0	10.72893	0	13.08468	0	0	11.4632	0	12.68797	0	9.48679	0	0	0	0	0	0	0	0	9.60058	0	0	0	5.7401	0	0	7.08833	0	0	0	0	0	0	0	2.4471	0	0	0	0	0	0	0	0	0	0	0	0	0	0	0	0	0	0	0	0	0	
0	0	0	0	0	0	0	0	0	0	0	0	0	0	0	0	0	0	0	0	0	0	0	0	0	0	0	0	0	0	0	0	0	0	0	0	0	0	0	0	0	0	0	0	0	0	0	8.4987	11.39592	0	0	7.52804	0	0	0	0	0	0	0	0	0	0	0	0	0.99248	0	0	0	0	0	0	0	0	0	0	0	0	0	0	0	0	0	0	0	0	0	0	0	0	0	6.90392	0	0	0	0	0	0	0	0	0	
0	0	0	0	0	0	0	0	0	0	0	0	0	0	0	0	0	0	0	0	0	0	0	0	0	0	0	0	0	0	0	0	0	0	0	0	0	0	0	0	0	0	0	0	0	0	0	14.96516	0	0	0	0	8.08565	0.57995	0	0	0	0	10.99132	9.52798	0	0	0	0	0	0	0	0	0	0	0	0	0	0	0	0	0	0	0	0	0	0	0	0	0	0	0	0	0	0	0	0	0	0	0	0	0	0	8.44645	0	
0	0	0	0	0	0	0	0	0	0	0	0	0	0	0	0	0	0	0	0	0	0	0	0	0	0	0	0	0	0	0	0	0	0	0	0	0	0	0	0	0	0	8.09612	0	0	0	0	0	0	9.2957	0	7.7729	0	5.83068	0	0	0	0	0	0	0	0	0	0	10.40858	0	0	0	0	0	0	0	0	0	0	0	12.40344	0	0	0	0	0	0	0	0	0	0	0	0	0	0	0	0	0	0	0	0	0	0	0	
0	0	0	0	0	0	0	0	0	0	0	0	13.29142	0	0	0	0	0	0	0	0	0	0	0	0	0	0	0	0	0	9.13089	0	0	0	0	0	0	0	0	0	0	0	10.93789	0	0	0	0	11.19134	0	0	10.95792	0	0	4.37797	2.30987	0	10.40075	0	0	0	0	0	0	8.58302	10.64939	8.09612	0	0	0	0	0	0	0	0	0	0	0	0	0	0	0	0	0	0	0	0	0	0	0	0	0	0	0	0	0	0	0	0	0	0	
0	0	0	0	0	0	0	0	0	0	0	0	0	0	0	0	0	0	0	0	0	0	0	0	0	0	0	0	0	0	0	0	0	0	0	0	0	0	0	0	0	0	0	0	0	10.885	5.88	0	1.7966	13.11663	0.57995	8.39322	10.83486	0	9.14609	6.54099	0	0	0	0	11.77712	0	0	0	0	0	0	0	0	9.67908	0	0	0	0	0	0	4.71616	0	0	0	0	0	0	0	0	0	0	0	0	0	0	0	0	0	0	0	0	0	0	0	
0	0	0	0	0	0	0	0	0	0	0	0	0	0	0	8.50264	0	0	0	0	0	0	0	0	0	0	0	0	0	0	0	0	0	0	0	7.65034	12.8199	0	0	0	0	0	0	0.57995	0	12.67504	8.05583	7.99342	8.05913	8.34253	0	0	3.50981	0	12.21405	0	0	0	0	7.23296	0	8.65385	0	5.62909	0	10.80232	0	0	12.91123	0	11.50064	0	0	0	0	9.821	0	0.57995	0	3.54326	0	0	0	0	0	0	0	0	0	0	7.40287	0	0	0	0	0	0	0	0	0	
0	0	0	0	0	0	0	0	0	0	0	0	0	0	0	0	0	0	0	0	0	0	0	0	0	0	10.8649	0	0	0	0	4.07328	0	0	6.36015	0	0	0	0	0	12.67765	0	0	0	0	0	0	0	10.59272	6.52921	4.07328	9.19319	8.79393	0	9.5586	0	9.15363	0	3.3062	0	0.99248	6.88598	0	0	0	9.07242	0	0	0	0	0	0	0	9.18953	0	0	0	0	0	0	0	0	0	0	0	0	0	0	0	0	0	0	0	0	0	0	9.26224	0	0	0	
0	0	0	0	0	0	0	0	0	0	0	0	0	0	0	0	0	0	0	12.25625	0	0	0	0	0	0	0	0	0	0	0	0	0	0	0	0	0	0	0	0	0	0	0	13.34372	0	0	11.72345	11.97699	10.308	0	6.62894	10.19537	11.9837	0	0	0	14.00374	0	0	6.75619	6.17949	0	0	12.91086	0	7.06186	0	7.09878	0	0	0	0	0	0	0	0	0	0	0	0	0	0	0	0	0	0	0	0	0	0	9.07457	0	0	0	0	0	0	0	0	0	
0	0	0	0	0	0	0	0	0	0	0	0	7.80837	0	0	0	0	0	0	8.7696	0	0	0	0	0	0	0	0	0	0	0	0	0	8.13655	0	0	0	0	0	0	0	14.57432	13.76491	0	10.25448	0	0	4.94196	10.94783	0	3.9401	8.07839	7.30613	4.29385	10.05145	11.03547	5.32382	6.69715	7.67855	0	0	0	0	0	4.1557	0	0	0	0	0	0	0	0	0	0	0	0	0	11.70881	1.7966	0	0	0	0	0	0	0	0	0	0	0	0	0	0	0	0	0	0	0	0	
0	0	0	0	0	0	0	0	0	0	0	0	0	0	0	0	0	0	0	0	0	0	0	14.1693	0	0	0	0	0	0	0	0	0	0	0	0	0	0	10.73565	0	0	0	7.54811	9.19441	0	0	8.31812	5.32824	0	8.21912	10.84059	6.67033	0	0	0	0	0	5.91833	16.15583	10.77651	11.50506	0	0	0	8.192	0	0	0	0	0	0	0	0	0	0	0	0	0	0	0	0	0	0	0	0	0	0	0	0	0	0	0	0	0	0	0	0	0	0	0	
0	0	7.16494	0	0	0	0	0	0	0	0	0	0	0	0	0	0	0	0	0	0	0	0	0	0	0	0	0	0	0	0	0	0	0	0	0	0	0	0	0	10.76847	0	0	0	0	9.32703	0	6.94286	10.00315	11.95657	0	8.90977	9.35673	9.82182	1.7966	8.55483	0	0	3.74094	0	9.91841	0	8.79554	10.5134	0	0	0	0	0	0	0	7.04805	0	0	0	0	6.74662	0	0	0	0	0	0	0	0	0	0	0	0	0	0	0	0	0	0	0	0	0	0	0	
0	0	0	0	0	0	0	0	0	0	0	9.54815	0	0	0	0	0	0	0	0	0	0	0	0	0	0	0	0	0	0	0	0	6.44453	0	0	0	0	8.89626	12.95283	3.74094	9.77203	6.80524	0	0	11.90871	6.87281	11.39567	8.05143	10.7502	0	11.07041	0	2.17161	5.45817	0	10.19919	4.21089	5.87992	0	0	0	0	0	0	0	0	0	8.37084	0	0	0	0	4.4119	0	0	6.43632	0	0	12.12176	0	0	0	0	0	0	0	0	0	0	0	0	0	0	0	0	8.47186	0	0	0	0	
0	0	0	0	0	0	0	0	0	0	0	0	0	0	0	0	0	0	0	0	0	0	0	0	0	0	0	0	0	0	0	0	0	0	6.75325	9.30745	0	0	0	7.29336	0	13.61804	0	11.07848	13.34163	9.56829	6.94013	9.21351	9.94235	11.13209	11.41893	10.58625	3.81737	9.95752	0	0	8.30641	0	0	8.73588	6.08318	0	1.57492	0	0	0	0	0	0	0	0	0	0	0	0	0	0	0	3.23446	0	0	0	0	0	0	0	0	9.45256	0	0	0	0	0	0	0	0	0	0	0	0	
0	0	0	0	0	0	0	0	10.60745	0	9.31475	0	0	0	0	0	0	0	0	0	0	0	0	0	0	0	9.23407	0	0	0	0	0	0	0	0.57995	0	0	11.983	11.33532	0	9.56493	8.85687	0	9.05508	11.35699	12.02373	8.19575	7.68767	8.80235	8.29876	0	8.11968	1.7966	0	0	0	8.48888	3.15654	0	0	0	0	1.9887	0	0	0	11.63114	0	0	0	0	0	0	0	0	0	0	0	0	0	0	0	0	0	0	0	0	0	0	0	0	0	0	4.50915	0	0	0	0	0	0	
0	0	0	0	0	0	0	0	0	0	0	11.73376	0	0	12.71458	0	0	0	0	0	0	0	0	0	0	0	0	0	0	0	0	10.97575	0	0	8.19687	0	11.57996	0	0	10.78534	0.57995	0	9.71535	10.89129	11.86761	8.00606	10.70374	8.51157	3.809	8.30325	7.3021	10.81995	10.96997	8.48514	0	6.69243	10.46343	0	0	18.10055	8.54148	5.13775	0	12.03954	0	0	0	0	0	0	0	0	0	0.99248	0	6.4426	0	0	0	0	0	0	0	4.19521	0	0	0	0	0	0	0	0	0	0	0	0	0	0	0	0	
0	0	0	0	0	0	0	0	0	0	0	0	11.40015	0	0	0	0	0	0	0	0	0	0	0	0	0	0	0	0	9.40597	0	0	8.76468	0	2.79446	0	11.80432	0	12.63957	10.15612	10.8941	10.54193	11.73913	7.46695	9.09531	5.64341	10.12798	10.0129	6.44453	8.62499	9.42061	11.84	11.28815	9.06618	6.81876	6.49996	12.23269	0	0	9.39009	7.46075	0	0	0	0	0	0	0	0	0	0	0	0	9.34651	0	0	0	0	0	0	9.89931	0	0	0	0	0	0	0	0	0	0	0	0	0	0	0	0	0	0	0	
0	0	0	0	0	0	0	13.97535	0	0	0	9.14735	0	0	0	0	0	0	0	0	0	0	0	0	0	0	0	8.34253	0	0	2.98683	0	11.30996	0	0	0	10.47529	6.81161	8.59098	9.88099	9.82836	5.51038	0	10.37164	11.08837	9.22308	8.79421	9.31047	11.11002	9.86938	4.58046	10.19309	9.77686	9.00733	6.85772	7.36544	12.37966	6.14569	3.56993	8.72475	5.95449	12.23464	7.36006	0	12.06559	0	0	0	0	0	0	0	0	7.23296	0	0	0	0	0	0	0	0	0	0	0	0	0	0	0	0	0	0	0	0	0	0	0	0	0	0	
12.65935	0	0	0	0	0	0	0	6.45434	0	0	0	12.28271	0	0	0	0	0	0	0	0	0	0	0	11.65559	0	0	8.0698	0	0	0	0	14.86674	0	11.4812	8.68367	0	7.89788	10.52198	7.16794	7.4648	9.03996	6.41184	10.49813	11.36955	10.85938	8.01528	10.04005	5.28884	7.45535	11.47103	6.31381	12.12943	4.84287	10.78214	8.9535	9.68626	5.42794	0	9.51154	0.99248	1.9887	0	6.91972	0	7.39865	0	0	0	0	0.99248	0	0	0	0	0	0	0	0	0	0	0	4.4503	0	0	7.60167	0	0	0	0	0	0	0	0	0	0	0	0	0	0	
0	0	0	11.78016	0	0	0	0	0	0	0	0	0	0	0	0	0	0	8.72306	0	0	10.98775	0	5.1351	11.03673	5.15528	0	0	10.75105	7.49281	11.88952	0	13.02205	0	0	0	0	10.43389	11.11273	10.16498	8.69744	6.3835	9.00328	9.32392	10.12197	9.85267	8.37607	8.42003	10.50204	7.41598	9.69099	8.62675	10.54155	7.04834	7.04053	9.18181	0	4.08058	5.49933	8.63828	0.99248	4.44505	10.32868	0	0	0	0	0	0	7.80518	0	0	5.99639	0	2.30987	8.18955	11.35208	3.58966	0	1.57492	0	0	0	0	0	0	0	0	0	0	0	0	0	0	0	0	0	0	0	0	
8.60519	0	0	0	11.8267	7.79547	0	0	0	0	0	0	0	0	0	0	0	10.66178	0	0	0	0	0	0	10.54909	0	9.51512	8.57575	0	9.34909	9.7199	0	0	0	11.2435	11.19134	7.86783	11.34616	11.29583	10.01468	7.43651	9.44462	9.65097	9.19494	9.48141	8.9204	9.5645	8.48692	9.033	9.55399	5.97378	9.65211	10.79591	7.50779	10.29747	9.5951	8.75836	3.83585	5.73662	8.35556	13.51905	0	5.53275	9.07375	11.06209	10.68234	9.06011	0	0	0	0	0	0	0	10.23228	0	0	0	0	0	0	0	0	0	0	0	0	0	0	0	0	0	0	0	0	1.9887	0	0	0	0	
0	0	0	0	0	0	0	0	4.86809	0	9.34031	0	0	0	0	0	11.29384	14.88799	9.47981	7.34258	10.29783	5.95477	0	0	0	13.86843	0	10.91161	5.12616	10.24821	0	10.78826	12.10323	7.87299	9.33048	11.13263	7.27972	9.78634	10.43744	9.30968	9.6771	7.50166	5.11345	7.9492	9.77223	8.15425	8.29675	9.57726	8.29982	7.6844	7.12056	11.4323	8.3573	9.56707	5.1898	5.98295	5.69918	8.6396	0	11.61338	5.03734	5.91592	7.88625	0	8.20123	10.41278	7.52417	0	0	0	0	5.1351	0	0	9.71627	0	0	0	10.79068	0	0	0	0	0	0	6.01859	0	0	0	0	0	0	0	0	0	3.50981	0	0	0	0	
0	10.99756	0	0	3.63	8.24237	0	0	0	0	0	0	0	0	4.54016	9.14735	0	10.5932	11.1458	0	6.54733	0	9.24887	0	0	0	0	0	10.499	9.17107	7.4166	0	9.70263	3.96418	10.63913	7.89883	9.71071	9.35761	8.73834	10.00111	9.06012	8.72452	9.03376	8.00036	9.239	8.27177	8.92459	9.55509	8.43441	8.47772	7.30361	8.87995	8.25138	6.35462	8.46592	9.39828	7.29791	8.5704	9.21404	7.42803	0	8.27038	0	11.80551	10.04277	1.3129	5.49496	9.66002	0	0	0	0	0	0	0	0	0	0	0	0	9.24496	0	0	0	0	0	0	0	0	0	0	0	0	0	0	0	0	0	0	0	
0	11.8265	9.44848	0	9.19705	0	0	0	0	0	10.33478	0	0	0	9.66794	9.99057	0	8.72643	0	0	8.01566	9.77611	9.16953	8.33947	12.34688	10.48877	0	5.21559	9.15738	8.6581	9.40281	10.7761	10.51452	10.34257	10.85974	7.25098	8.77657	9.03019	8.26368	8.70693	8.58621	7.93322	8.27203	7.70423	6.90585	7.91192	9.09562	7.21718	9.5934	8.57871	8.03944	9.05144	8.77487	7.98169	7.66535	7.64236	8.37695	10.59983	6.50813	10.24821	0	7.4147	8.95458	10.59042	2.17161	1.57492	0.57995	0	0	14.96273	0	10.45447	0	0.57995	9.66707	0	5.25211	0	0	0	0	0	0	5.60658	0	1.65419	0	0	0	0	0	0	0	0	0	0	0	0	0	0	
0	0	0	0	0	0	0	0	9.94567	0	9.77203	13.22662	0	0	0	0	0	0	9.36433	0	12.28056	0	0	0	0	13.50119	10.39271	0	5.19479	8.98496	8.61554	7.92751	7.2377	9.63955	11.62732	9.81937	7.91207	8.82405	8.70937	9.15481	5.26159	8.13634	9.2845	8.58816	7.89707	8.26336	7.29438	7.89482	8.39373	8.7857	9.32909	8.60912	8.29185	7.20545	6.94125	10.3354	8.10977	8.81318	11.68472	10.19571	9.84222	4.85451	8.79232	8.74699	0	9.24114	0	10.00384	0	0	0	0	0	0	0	0	0	0	0	0	0	8.95075	0	0	0	0	0	8.01636	5.79256	7.38163	0	0	0	0	0	0	0	0	0	0	
0	0	0	0	0	0	0	0	10.94204	7.44034	4.13024	3.89283	0	11.35453	0	0	0	6.01859	7.35571	6.62145	0	0	1.9887	9.47534	9.83982	6.24252	6.99628	9.1338	4.47321	10.11802	0	7.21878	5.72805	5.40983	5.25088	8.46657	7.91893	6.68684	10.53468	6.81148	9.61158	9.26749	8.53715	8.555	7.81841	7.93552	8.08496	8.22076	6.97675	8.69644	8.3303	7.13086	7.26162	6.1879	7.94614	8.17877	8.22646	10.61568	9.41854	6.83025	6.33175	7.96505	9.9091	6.87988	2.8264	11.67457	11.41225	0	0	0	0	0	0	6.76643	9.07772	0	0	0	12.14149	0	0	0	0	0	0	0	0	0	5.77962	0	4.50915	0	0	0	0	0	0	0	0	0	
0	0	9.09609	6.06378	0	3.68653	0	3.79337	10.34689	0	0	0	0	0	0	0	0	8.436	0	0	0	0	0	9.99407	0	10.85723	0	10.06084	8.2186	8.7215	0	8.97638	0	12.00782	5.9532	8.19232	9.37764	6.39691	6.15801	11.78876	6.99342	9.28065	9.02603	8.38511	7.40442	7.45953	6.35842	9.03817	7.97297	7.569	8.06217	7.96255	8.45596	8.30579	8.59285	6.27738	7.89206	9.79283	8.26985	6.96688	8.73585	8.66907	2.18899	9.68799	5.59375	0	0	7.36935	0	2.48458	6.11463	0	10.64583	0	5.28961	0	8.80754	0	0	0	0	0	4.39213	0	0	0	0	0	0	0	0	0	0	0	0	0	0	0	0	0	
0	0	0	0	0	0	0	0	0	0	9.97079	6.82427	7.79887	0	12.15282	0	0	6.63613	0	4.19521	0	0	0	0	0	0	8.6396	8.30465	10.09542	0	8.40188	6.45959	7.15594	8.46333	5.7583	6.67031	8.90786	7.98908	6.58692	8.29331	8.72737	6.22184	7.18819	7.6454	7.82181	8.79761	5.61202	6.40465	7.26642	6.18589	7.19354	9.936	8.54523	6.75116	6.42525	6.75423	6.72411	8.30286	9.41273	6.99844	6.25621	6.02564	6.77826	6.91953	0	5.88424	11.28271	3.64291	0	0	9.98706	0	6.93857	4.69234	0	12.83727	0	0	0	0	0	0	0	0	0	0	0	0	6.38879	0	0	0	0	0	0	0	0	0	0	0	
0	0	0	0	0	1.7966	0	0	0	10.83825	0	0	6.69932	0	0	0	0	0	0	0	0	0	0	10.54462	0	0	12.05381	0	0	4.2483	7.03823	0	0	6.93993	5.91592	7.27043	6.40296	0.99248	0	9.01148	4.4282	8.17481	3.54674	7.66817	9.14499	8.82875	8.95808	7.01792	10.1286	5.42235	6.30273	9.7677	6.72126	7.73854	7.42298	8.06483	6.79808	7.62295	5.21914	6.61186	8.78969	7.10289	4.40889	9.50302	7.62265	7.83667	9.21618	12.44424	6.43205	0	0	6.44453	0	5.44471	0	2.5724	10.35781	0	0	0	0	0	0	0	11.9554	0	0	6.38599	0	0	0	8.3986	0	0	0	0	9.78908	0	0	0	
0	0	0	0	0	0	0	0	0	0	0	10.20169	0	0	0	0	0	6.86674	11.45661	0	0	0	0	1.57492	0	0	0	9.03072	0	0	0	0	6.55516	6.91864	6.547	0	4.88626	8.848	3.84963	4.96291	7.02064	7.98323	8.12994	3.23446	0	7.58468	7.01665	6.87747	6.92022	7.76005	7.32489	11.89974	8.47334	5.31165	7.28946	6.97151	6.7372	7.67885	7.36572	8.66418	8.35791	5.0882	0	6.98945	8.588	0	9.1651	9.50557	9.85223	7.98492	0	0	0	2.30987	0	10.00523	0	8.62882	0	0	0	12.00635	0	0	0	0	0	0	0	0	0	0	0	0	0	0	0	0	0	0	
0	0	0	0	5.75162	0	0	0	0	0	9.68452	0	0.99248	0	0	12.38835	0	0	4.71342	0	7.24517	9.60975	0	0	0	8.89635	7.9878	0	0	12.7851	0	9.6071	10.9615	0	0	7.18471	10.57178	9.50557	12.18981	9.89988	7.89922	8.33371	6.78724	8.28419	10.55141	6.79434	12.50051	7.06232	8.86843	8.16306	9.11481	6.83338	8.17898	8.97028	7.0161	7.67972	6.91541	8.60936	4.62543	8.13366	5.51606	8.76269	5.30396	4.60012	8.51741	0	10.66838	12.34113	0	0	8.56946	9.1883	7.64622	9.77919	10.36344	0	6.32035	0	0	0	2.79446	0	0	15.06569	0	0.57995	0	0	0	4.07328	0	0	0	0	0	0	0	0	0	0	
0	0	0	0	0	0	0	0	0	0	0	5.09389	4.02419	0	0	8.8131	0	0	0	4.11508	2.89385	0	0.99248	0	0	0	0	0	0	6.39309	2.30987	5.75716	0	0	0	8.97506	0	0	0	5.32516	5.84379	4.48497	5.23284	5.22601	9.12485	3.25445	4.97052	8.64328	6.86585	3.32972	0	0	8.00945	9.65743	10.83239	6.43014	7.78912	7.96116	6.86435	6.38279	7.0815	8.35137	9.81925	8.32086	5.52474	8.51562	10.19013	9.45957	0	7.75775	0	7.75197	6.96024	8.75315	11.33477	0	2.5724	0	8.14486	0	0	0	0	0	0	0	0	0	0	0	0	0	0	0	0	0	0	0	0	0	
0	0	0	9.99687	0	0	0	0	0	0	0	0	0	0	0	0	0.99248	0	0	0	0	0	6.8677	0	0	0	9.9961	8.90453	10.0307	5.80538	0	0	0.99248	0	0	10.9908	0	2.4471	0	3.63753	7.90795	0	1.57492	0	4.12207	12.47127	7.85777	6.74662	6.87876	4.35779	5.48605	6.14087	8.57596	8.84011	8.23013	8.33943	8.00371	7.35703	7.08617	6.6824	7.95239	7.37893	8.17357	9.66554	8.29827	7.38267	5.97624	7.25182	11.52624	8.09613	3.6017	8.99697	4.17517	3.7146	6.78093	0	13.34138	1.9887	7.16154	14.98163	1.7966	8.78263	7.83362	0	0	0.57995	0	0	0	0	0	0	0	0	0	0	0	14.42998	0	12.48901	
0	0	4.99634	0	0	0	0	0	0	0	0	0	0	0	0	0	0	0	0	0	8.64853	0	0	0	0	8.08302	0	8.99379	0	10.51632	0	11.03547	7.40287	0	10.22573	0	0	6.48392	6.92708	0	6.96804	0	0	8.62955	12.15125	10.25407	4.01878	4.59283	2.30987	6.50513	6.84695	9.71712	7.41057	7.22834	7.63824	7.84887	8.52413	6.48792	8.21944	8.83188	4.21105	5.28525	6.14365	1.54313	5.46134	6.78635	5.1981	0	8.79077	5.27589	5.77425	5.42679	8.55005	6.23852	0	0	5.25129	0	4.81232	6.27053	0	5.52991	0	0	0	0	0	0	6.32113	0	0	0	0	0	0	0	7.15496	0	0	0	
0	0	0	0	3.30838	0	0	0	0	0	0	0	9.17848	0	0	0	0	0	0	0	6.44453	1.9887	0	0	0	0	0	6.91277	0	0	0	3.50981	9.04295	0	0	0	5.17517	0	3.89283	7.33375	0	0	5.16491	5.15528	6.97373	0	7.86004	8.38586	9.7915	6.26677	6.08318	3.53648	8.60335	5.79136	8.44846	8.45281	0	6.11518	7.53743	0.99435	7.16007	7.1317	7.92508	7.60206	6.59767	8.14368	7.795	5.41528	7.71424	6.4884	6.9303	0	0	8.57874	0	8.44534	5.33703	6.24287	0	0	0	0	0	0	6.78597	0	0	0	0	0	0	0	0	0	0	0	7.87069	0	0	0	
0	0	0	0	0	0	0	0	0.99248	0	0	0	0.57995	0	0	0	8.24237	0	2.5724	0	0	0	0	0	7.06813	0	0	0	0	0	0	0	0	0	6.23306	8.6234	0	6.30705	0	0	0	0	6.40296	14.32248	0	8.75834	9.97008	6.95659	0	3.5623	0	10.98459	9.2388	6.60534	0	8.8507	0	8.00662	0	5.15485	9.5583	8.52025	6.32103	7.42381	5.82864	7.53334	7.34644	7.35006	7.43623	6.72026	8.52017	3.68316	9.3927	10.07506	7.40563	6.25611	10.12795	7.56997	0	0	8.61615	10.24233	9.78031	0	2.72236	0	8.37084	6.50866	8.08565	0	4.42359	0	0	10.51035	0	0	0	0	0	0	
0	0	0	0	0	0	0	0	0	0	0	0	0	0	0	0	0	0	0	0	8.37363	0	0	0	0	0	0	0	0	7.35571	0	0	0	0	7.06719	0	0	0	0	0	8.3513	0	10.18768	7.71971	5.13737	0	0	2.4471	9.35346	5.66598	10.21796	0	0	1.63383	4.86716	6.28325	0	0	7.88827	9.0718	10.61566	5.08967	3.64713	4.59828	7.54049	8.2272	6.80549	6.51818	6.17991	5.61994	8.93599	7.98623	3.84985	4.95478	6.31804	0	1.15269	0	5.38533	0	0	0	5.21415	0	0	0	8.51302	0	0	0	0	0	0	0	0	0	0	0	0	0	
0	0	0	0	7.59603	0	0	0	0	0	0	7.1896	0	5.61459	0	0	0	0	0	0	0	0	0	0	0	0	0	0	0	0	0	0	0	0	0	0	0	0	0	8.74294	0	0	7.13478	0	5.21884	0	1.15854	0	0	0	1.9887	0	0	0	8.87523	0	0	1.3129	0	8.33592	8.33241	1.57492	6.26464	7.40594	7.92154	0	1.18828	5.40929	9.50812	5.53099	7.50434	8.87333	7.70933	5.53754	0	0	7.55121	5.39468	6.78687	6.56252	4.50915	6.57005	4.65795	0	2.79446	0	7.93044	13.5088	0	5.95841	0	0	0	0	5.88	0	0	0	0	0	
0	0	0	0	0	0	0	0	0	0	0	0	0	0	0	0	0	6.77175	0	0	0	9.78261	7.88586	0	0	0	9.63331	0	0	0	0	0	0	8.6378	6.21395	0	0	0	0	0	0	0	0	0	0	0	0	0	4.57052	0	3.07418	0	0	0	0	8.967	10.04905	7.94602	5.1351	5.09389	0	5.85091	4.25553	0	7.30568	7.97279	5.70037	7.01301	5.11239	8.17173	7.11603	6.35114	6.56399	8.2537	8.64757	5.44547	5.50196	0	10.19074	5.74306	0	0	6.76875	0	5.57021	8.44555	2.68771	8.8507	0	9.43548	0	0	0	0	0	0	8.45474	0	0	0	
0	0	0	0	0	0	0	0	6.62382	0	0	2.98683	0	0	0	0	0	0	0	0	0	0	0	0	0	0	0	12.03767	0	0.57995	0	0	0	0	0	0	0	0	0	10.84734	0	0	0	0	0	3.50981	0	6.50866	2.15821	0	0	11.40094	0	0	0	0	0	0	7.77617	0	8.20134	0	7.96247	8.66187	6.77907	5.52826	5.52249	0	0	7.06363	7.8701	4.37797	7.71456	6.87483	6.61159	9.67367	2.30266	0	0	5.81372	7.96979	9.69758	9.85685	8.88584	6.06384	0	0	0	0	0	6.05125	0	10.03567	0	0	0	0	0	0	0	
0	0	0	0	0	0	0	0	0	0	0	0	0	6.76643	0	0	0	0	0	4.93962	0	0	0	0	0	3.81648	0	0	0	0	0	0	0	0	5.75339	0	0	5.63964	0	0	9.01976	0	1.3129	9.14104	3.57115	0	0	0	0	0	5.6923	6.09367	0	0	11.78745	0	0	0	0	5.4659	4.75554	0	6.70254	10.44898	6.30705	4.49689	9.32414	7.25182	0	5.2952	6.88399	0	4.29491	6.8489	9.00871	7.50541	4.16293	6.40965	7.53558	4.26298	0	7.56157	7.72647	5.33372	5.38039	0	0	0.99248	6.95197	0	9.39964	0	0	5.57021	0	0	0	0	5.02512	0	
0	0	0	0	0	0	0	7.79878	0	0	0	0	0	0	0	0	0	0	0	0	0	0	8.05913	0	0	0	0	0	9.16735	0	0	0	0	0	9.39008	0	0	3.37869	0	0	0	4.7965	0	0	0	0	7.9339	0	0	0	0	0	8.80035	0	0	0	5.38122	5.02978	0	3.04666	7.58541	0	0	7.14612	0	1.3129	0	7.84498	6.87903	12.29014	9.86821	5.32111	8.99619	5.88047	6.18481	7.14839	12.1253	16.33309	6.43538	5.85304	8.45581	5.99612	5.71882	0	7.01259	0	1.9887	5.06947	0	0	10.17044	8.34949	0	0	0	0	8.93625	0	0	0	
0	0	0	0	0	0	0	0	0	0	0	0	0	0	0	0	0	0	0	0	0	0	0	0	0	0	0	0	0	0	0	0	0	0	0	0	0	4.47116	0	0	0	0	0	0	0	0	0	0	0	1.9887	0	5.64072	0	3.70392	0	0	6.38599	8.16572	3.89283	0	3.79337	0	8.4485	13.02377	5.30724	6.1877	0	0	7.41897	8.37956	0	3.15654	7.17272	9.95427	6.96937	6.98926	0	4.52103	5.60576	8.43594	3.95826	9.19075	6.02955	0.57995	0	0	2.92778	0	0	0	0	0	7.11374	7.82328	8.75149	0	0	0	0	0	
0	0	0	0	0	0	0	8.73316	0	0	0	0	0	0	0	0	0	0	0	0	0	0	0	0	0	0	0	0	0	0	0	0	0	0	0	0	0	4.72233	0	5.58515	0	0	0	0	0	0	0	0	0	0	3.71523	0	0	10.40068	6.19459	0	0	6.3714	9.00037	10.50899	0	0.99248	0	7.80815	9.78867	9.34909	0	0	7.2279	5.77177	8.84797	4.90638	4.32335	7.33947	4.27111	7.22167	6.13065	0	8.30424	7.23184	8.55003	9.44541	5.11682	4.35218	6.09922	0	0	0.52497	0	0	5.15528	0	0	0	0	2.58581	0	0	0	0	
0	0	0	0	0	0	0	0	0	0	0	0	0	0	0	0	0	0	0	0	0	0	0	0	0	9.34361	0	0	0	0	0	0	0	0	0	0	0	6.70617	0	0	0	0	0	0	11.18706	0	0	0	5.76657	0	0	0	0	0	0	3.57115	0	0	0	0	0	0	8.59398	0	0	5.92947	5.09984	8.69583	1.3129	5.79816	3.00913	0	7.07772	0	8.72643	6.50193	1.3129	6.57504	5.46096	6.79371	5.19211	0	7.5309	0	9.23051	6.73368	0	0	0	0	10.22931	0	0	0	0	0	0	5.52441	0	0	
0	0	0	0	0	0	0	0	0	0	0	0	11.97699	0	0	0	0	0	0	0	0	0	0	0	0	0	0	0	0	0	0	0	0	0	0	0	0	0	0	0	0	0	0	0	0	0	0	8.37084	0	0	2.4471	0	9.9658	0	0	0	0	0	0	4.0809	0	0	0	8.5403	3.37869	9.46675	8.56816	0	9.60975	0	0	8.192	0	0	0	2.54827	6.18175	8.04988	6.46545	4.5063	0	6.14096	6.39859	5.49855	3.45054	5.50277	6.28019	6.00753	9.12579	0	0	0	0	6.32497	0	0	0	0	0	0	
0	0	0	0	0	0	0	0	0	0	0	0	0	0	0	0	0	0	0	0	0	0	0	0	0	0	0	0	0	0	0	0	10.832	0	0	0	0	0	0	0	4.11508	0	0	0	0	0	0	0	0	0	0	0	0	0	0	0	7.24986	0	0	0	9.10254	0	0	3.61254	0	7.4321	0	0	6.38779	0	0	0	11.39804	0	0	4.4119	0	0	4.61441	9.66762	8.04021	5.86783	9.46776	0	5.53984	0	5.92769	0	9.69576	1.3129	5.37126	5.61632	5.32525	0	0	0	0	0	0	0	
0	0	0	0	0	0	0	2.25458	0	0	0	0	0	0	0	0	0	0	0	0	0	0	0	0	0	0	0	6.37743	0	0	0	0	0	0	0	0	0	0	0	0	0	0	0	0	0	0	0	0	0	0	0	0	0	0	0	0	0	0	0	0	0	0	0	0	0	0	0	0	0	0	3.139	4.58879	5.85152	6.38599	0	10.75973	10.68191	0	9.64363	5.34285	0	8.0341	0	7.89788	3.30838	8.43376	0	7.4321	0	5.68566	0	0	0	0	0	9.13851	0	0	0	0	
0	0	0	0	0	0	0	0	0	0	0	0	0	0	0	0	0	0	0	0	8.74319	0	0	0	0	0	0	0	0	0	7.06719	0	0	0	0	0	0	0	0	0	0	0	0	0	0	0	0	0	0	0	0	0	0	0	0	0	0	0	0	12.4129	0	0	0	0	6.13489	8.03484	10.78624	7.03784	0	0	0	0	0	0	0	6.64329	6.24581	0.57995	0	0	7.06185	0	0	0	5.59075	3.15654	7.64637	7.79967	8.77613	0	7.74987	7.70952	6.83681	7.27965	0	8.43824	0	0	0	0	
0	0	0	0	0	0	0	0	0	0	0	0	0	0	0	0	0	0	0	0	0	0	0	0	0	0	0	0	0	0	0	0	0	0	0	0	0	0	0	0	0	0	0	0	0	0	0	0	3.84395	0	0	0	0	0	0	0	0	0	0	0	0	0	0	0	0	0	0	0	0	4.74038	10.48678	9.08299	7.97405	0	9.5567	6.94505	0	9.69576	0	0	0	7.08833	7.36457	0	4.95153	0	5.67173	0	0	2.40681	0	4.77494	7.60179	0	5.44471	0	0	0	0	0	
0	0	0	0	0	0	0	0	0	0	0	0	0	0	0	6.34073	0	0	0	0	0	0	0	0	0	0	0	0	0	0	0	0	0	0	8.22815	0	0	0	0	0	0	0	0	0	0	0	0	0	0	0	0	0	0	0	0	0	0	0	0	0	0	0	0	0	0	0	0	5.32516	0	0	0	0	0	7.618	0	0	0	0	0	0	0	2.15821	0	0	2.48918	0	7.22571	6.41649	8.33592	10.27705	8.38372	0	8.61615	0	0	0	0	0	0	0	
0	0	0	0	0	0	0	0	0	0	0	0	0	0	0	0	0	0	0	0	0	0	0	0	0	0	0	0	0	0	0	0	0	0	0	0	0	0	0	0	0	0	0	0	0	0	0	0	9.11938	2.15821	0	0	0	0	0	0	0	0	0	9.87064	0	0	0	0	0	5.61198	0	0	0	0	0	7.06719	0	0	0	0	0	10.73271	0	5.25226	12.35807	0	0	10.19257	0	0	0	0	0	0	0	0	0	0	0	0	0	0	0	0	
0	0	0	0	0	0	0	0	0	0	0	0	0	0	0	0	0	0	0	0	0	0	0	0	0	0	0	0	0	0	0	0	0	0	0	0	0	0	0	0	0	0	0	0	0	0	0	0	0	0	0	0	0	0	0	2.20157	0	0	11.26687	0	0	0	0	0	11.0125	0	0	0	0	0	0	2.4471	0	1.7966	0	0	8.12709	0	0	0	4.9443	5.51914	6.65909	7.67755	0	0	0	6.86158	8.14279	0	6.50866	11.08264	9.31026	0	0	0	0	0	0	0	
0	0	0	0	0	0	0	0	0	0	0	0	0	0	0	0	0	0	0	0	0	0	0	0	0	0	0	0	0	0	0	0	0	0	0	0	0	0	0	0	0	0	0	0	0	0	0	0	0	0	0	0	0	0	0	0	0	0	0	0	0	0	0	0	0	0	0	0	0	0	0	0	0	0	0	0	0	0	0	0	0	0	0	0	0	0	0.57995	0	0	0	0	10.38795	0	0	0	0	0	0	0	0	
0	0	0	0	0	0	0	0	0	0	0	0	0	0	0	0	0	0	0	0	0	0	0	0	0	0	0	0	0	0	0	0	0	0	0	0	0	0	0	0	0	0	0	0	0	0	0	0	0	0	0	0	0	0	0	0	0	0	0	0	0	0	0	0	0	0	0	0	0	0	6.61982	0	0	0	0	0	8.83827	0	0	9.6757	0	0	0	9.63241	0	0	0	0	0	0	7.99302	8.5144	0	0	0	0	0	0	0	0	
0	0	0	0	0	0	0	0	0	0	0	0	0	0	0	0	0	0	0	0	0	0	0	0	0	0	0	0	0	0	0	0	0	0	0	0	0	0	0	0	0	0	0	0	0	0	0	0	0	0	0	0	0	0	0	0	0	0	0	0	0	0	0	0	0	0	0	0	0	0	8.28876	0	0	0	0	0	0	0	0	0	0	0	0	0	0	0	6.585	0	0	0	0	0	0	0	0	0	0	0	0	0	
0	0	0	0	0	0	0	0	0	0	0	0	0	0	0	0	0	0	0	0	0	0	0	0	0	0	0	0	0	0	0	0	0	0	0	0	0	0	0	0	0	0	0	0	0	0	0	0	0	0	0	0	0	0	0	0	0	0	0	0	0	0	0	0	0	0	0	0	0	9.25057	1.3129	0	0	0	0	0	0	0	6.85543	0	0	0	0	0	0	0	0	0	10.15173	3.57115	0	0	0	0	0	0	0	0	0	0	
0	0	0	0	0	0	0	0	0	0	0	0	0	0	0	0	0	0	0	0	0	0	0	0	0	0	0	0	0	0	0	0	0	0	0	0	0	0	0	0	0	0	0	0	0	0	0	0	0	0	0	0	0	0	0	0	0	0	0	0	0	0	0	0	0	0	0	0	3.68653	0	0	0	0	0	0	0	0	0	0	0	0	0	0	0	0	0	4.57052	0	0	0	0	0	0	0	0	0	0	0	0	0	
0	0	0	0	0	0	0	0	0	0	0	0	0	0	0	0	0	0	0	0	0	0	0	0	0	0	0	0	0	0	0	0	0	0	0	0	0	0	0	0	0	0	0	0	0	0	0	0	0	0	0	0	0	0	0	0	0	0	6.83681	0	0	0	0	0	0	0	0	0	0	0	0	0	0	0	0	6.17496	0	0	0	0	0	0	0	0	0	0	0	0	0	0	0	0	0	0	0	0	0	0	0	0	
0	0	0	0	0	0	0	0	0	0	0	0	0	0	0	0	0	0	0	0	0	0	0	0	0	0	0	0	0	0	0	0	7.4648	0	0	0	0	0	0	0	0	0	0	0	0	0	0	0	0	0	2.68771	0	0	0	0	0	0	0	0	0	0	0	1.3129	0	0	0	0	0	0	0	0	0	0	0	0	3.63	0	0	0	0	0.99248	0	0	0	0	0	0	0	0	0	0	0	0	0	0	0	0	0	0	0	
0	0	0	0	0	0	0	0	0	0	0	0	0	0	0	0	0	0	0	0	0	0	0	0	0	0	0	0	0	0	0	0	0	0	0	0	0	0	0	0	0	0	0	0	0	0	0	0	0	0	0	0	0	0	0	0	0	0	0	0	0	0	0	0	0	0	0	0	0	0	0	0	0	0	0	0	0	0	0	0	0	0	0	0	0	0	0	0	0	0	0	0	0	0	0	0	0	0	0	0	
0	0	0	0	0	0	0	0	0	0	0	0	0	0	0	0	0	0	0	0	0	0	0	0	0	0	0	0	0	0	0	0	0	0	0	0	0	0	0	0	0	0	0	0	0	0	0	0	0	0	0	0	0	0	0	0	0	0	0	0	0	0	0	0	0	0	0	0	0	0	0	0	0	0	0	0	0	0	0	0	0	0	0	0	0	0	0	0	0	0	0	0	0	0	0	0	0	0	0	0	
0	0	0	0	0	0	0	0	0	0	0	0	0	0	0	0	0	0	0	0	0	0	0	0	0	0	0	0	0	0	0	0	0	0	0	0	0	0	0	0	0	0	0	0	0	0	0	0	0	0	0	0	0	0	0	0	0	0	0	0	0	0	0	0	0	0	0	0	0	0	0	0	0	0	0	0	0	0	0	0	0	0	0	0	0	0	0	0	0	0	0	0	0	0	0	0	0	0	0	0	
0	0	0	0	0	0	0	0	0	0	0	0	0	0	0	0	0	0	0	0	0	0	0	0	0	0	0	0	0	0	0	0	0	0	0	0	0	0	0	0	0	0	0	0	0	0	0	0	0	0	0	0	0	0	0	0	0	0	0	0	0	0	0	0	0	0	0	0	0	0	0	0	0	0	0	0	0	0	0	0	0	0	0	0	0	0	0	0	0	0	0	0	0	0	0	0	0	0	0	0	
0	0	0	0	0	0	0	0	0	0	0	0	0	0	0	0	0	0	0	0	0	0	0	0	0	0	0	0	0	0	0	0	0	0	0	0	0	0	0	0	0	0	0	0	0	0	0	0	0	0	0	0	0	0	0	0	0	0	0	0	0	0	0	0	0	0	0	0	0	0	0	0	0	0	0	0	0	0	0	0	0	2.79446	0	0	0	0	0	0	0	0	0	0	0	0	0	0	0	0	0	0	
0	0	0	0	0	0	0	0	0	0	0	0	0	0	0	0	0	0	0	0	0	0	0	0	0	0	0	0	0	0	0	0	0	0	0	0	0	0	0	0	0	0	0	0	0	0	0	11.47704	0	0	0	0	0	0	0	0	0	0	0	0	0	0	0	0	0	0	0	0	0	0	0	0	0	0	8.0531	0	0	0	0	0	0	0	0	0	0	0	0	0	0	0	0	0	0	0	0	0	0	0	0	0	
