0	0	0	0	0	0	0	0	0	0	0	0	0	0	0	0	0	0	0	0	0	0	0	0	0	0	0	0	0	0	0	0	0	0	0	0	0	0	0	0	0	0	0	0	0	0	0	0	0	0	0	9.51711	0	0	0	0	0	0	0	0	0	0	0	0	0	0	0	0	0	0	0	0	0	0	0	0	0	0	0	0	0	0	0	0	0	0	0	0	0	0	0	0	0	0	0	0	0	0	0	0	
0	0	0	0	0	0	0	0	0	0	0	0	0	0	0	0	0	0	0	0	0	0	0	0	0	0	0	0	0	0	0	0	0	0	0	0	0	0	0	0	0	0	0	0	0	0	0	14.88081	0	0	0	0	0	0	0	0	0	0	0	0	0	0	0	12.0003	0	0	0	0	0	0	0	0	0	0	0	0	0	0	0	0	0	0	0	0	0	0	0	0	0	0	0	0	0	0	0	0	0	0	0	0	
0	0	0	0	0	0	0	0	0	0	0	0	0	0	0	0	0	0	0	0	0	0	0	0	0	0	0	0	0	0	0	0	0	0	0	0	0	0	0	0	0	0	0	0	0	0	0	0	0	0	0	0	0	0	9.667	0	0	0	0	0	0	0	0	0	0	0	0	0	0	0	0	0	0	0	0	0	0	0	0	0	0	0	0	0	0	0	0	0	0	0	0	0	0	0	0	0	0	0	0	0	
0	0	0	0	0	0	0	0	0	0	0	0	0	0	0	0	0	0	0	0	0	0	0	0	0	0	0	0	0	0	0	0	0	0	0	0	0	0	0	0	0	0	0	0	0	0	12.87934	10.3648	0	0	0	0	0	0	0	0	0	0	0	0	0	0	0	0	0	0	0	0	0	0	0	0	0	0	0	0	0	0	0	0	0	0	0	0	0	0	0	0	0	0	0	0	0	0	0	0	0	0	0	0	
0	0	0	0	0	0	0	0	0	0	0	0	0	0	0	0	0	0	0	0	0	0	0	0	0	0	0	0	0	0	0	0	0	0	0	0	0	9.07633	0	0	0	0	0	14.57861	0	0	0	0	0	0	0	0	0	0	0	0	0	0	0	0	0	0	0	0	0	0	0	0	0	0	0	0	0	0	0	0	0	0	0	0	0	0	0	0	0	0	0	0	0	0	0	0	0	0	0	0	0	0	0	0	
0	0	0	0	0	0	0	0	0	0	0	0	0	0	0	0	0	0	0	0	0	0	0	0	0	0	0	0	0	0	0	0	0	0	0	0	0	0	0	0	0	0	0	0	0	0	0	0	0	0	0	0	0	0	0	0	0	0	0	0	0	0	0	0	0	0	0	0	0	0	0	0	7.01101	0	0	0	0	0	0	0	0	0	0	0	0	0	0	0	0	0	0	0	0	0	0	0	0	0	0	0	
0	0	0	0	0	0	0	0	0	0	0	0	0	0	0	0	0	0	0	0	0	0	0	0	0	0	0	0	0	0	0	0	0	0	0	0	0	0	0	0	0	0	0	0	0	0	0	0	0	0	0	0	0	0	0	0	0	0	0	0	0	0	0	0	0	0	0	0	0	0	0	0	0	0	10.01807	0	0	0	0	0	0	0	0	0	0	0	0	0	0	0	0	0	0	0	0	0	0	0	0	0	
0	0	0	0	0	0	0	0	0	0	0	0	0	0	0	0	0	0	0	0	0	0	0	0	0	0	0	0	0	0	0	0	0	0	0	0	0	0	0	0	0	0	0	0	0	0	0	0	0	0	0	8.83816	0	0	0	12.8983	0	0	8.69726	0	0	0	0	0	0	0	0	0	0	0	0	0	0	0	0	0	0	0	0	0	0	0	0	0	0	0	0	0	0	0	0	0	0	0	0	0	0	0	0	0	
0	0	0	0	0	0	0	0	0	0	0	0	0	0	0	0	0	0	0	0	0	0	0	0	0	0	0	0	2.37108	0	0	0	0	0	0	0	0	0	0	0	0	0	0	0	0	0	0	0	0	0	0	0	0	0	0	0	0	0	0	0	0	0	0	0	0	0	0	8.06192	0	0	0	0	0	0	0	0	0	0	0	0	0	0	0	0	0	0	0	0	0	0	0	0	0	0	0	0	0	0	0	0	
0	0	0	0	0	0	0	0	0	0	0	0	0	0	0	0	0	0	0	0	0	0	0	0	0	0	0	0	0	0	0	0	0	0	0	0	0	0	0	0	0	0	0	0	0	0	0	0	0	0	0	0	0	0	0	7.64333	0	0	0	0	0	0	0	0	0	0	0	0	0	0	0	0	0	0	0	0	0	0	0	0	0	0	0	0	0	0	0	0	0	0	0	0	0	0	0	0	0	0	0	0	
0	0	0	0	0	0	0	0	0	0	0	0	0	0	0	0	0	0	0	0	0	0	0	0	0	0	0	0	0	0	0	0	0	0	0	0	0	0	0	0	0	0	0	0	0	0	0	0	0	0	0	0	0	0	0	0	0	0	0	0	0	0	0	0	0	0	0	11.33321	0	0	0	0	0	0	0	0	0	0	0	0	0	0	0	0	0	0	0	0	0	0	0	0	0	0	0	0	0	0	0	0	
0	0	0	0	0	0	0	0	0	0	0	0	0	0	0	0	0	0	0	0	0	0	0	0	0	0	0	0	0	0	0	0	0	0	0	0	0	0	0	0	0	0	0	0	0	0	0	0	0	0	0	0	4.96072	0	0	0	3.26858	0	0	0	0	0	0	0	0	0	0	0	0	0	0	6.37634	0	0	0	0	0	0	0	0	0	0	0	0	0	0	0	0	0	0	0	0	0	0	0	0	0	0	0	0	
0	0	0	0	0	0	0	0	0	0	0	0	0	0	0	0	0	0	0	0	0	0	0	0	0	0	0	0	0	0	0	0	0	0	0	0	0	0	0	0	0	0	0	0	0	0	0	0	10.27397	0	0	0	12.89646	0	0	0	0	0	0	0	0	0	0	0	0	0	0	5.46349	0	0	0	0	0	0	0	0	0	0	0	0	0	0	0	0	0	0	0	0	0	0	0	0	0	0	0	0	0	0	0	0	
0	0	0	0	0	0	0	0	0	0	0	0	0	0	0	0	0	0	0	0	0	0	0	0	0	0	0	0	0	0	13.26488	0	0	0	0	0	0	0	0	2.49493	0	0	0	0	0	0	0	8.34073	0	0	0	0	0	0	0	0	0	9.46789	5.71344	0	10.08186	0	0	11.94725	0	0	0	0	0	0	0	0	0	0	0	0	0	0	0	0	0	0	0	0	0	0	0	0	0	0	0	0	0	0	0	0	0	0	0	0	
0	0	0	0	0	0	0	0	0	0	0	0	0	0	0	0	0	0	0	0	0	0	0	0	0	0	0	0	0	0	0	0	0	0	0	0	0	0	0	0	0	0	0	0	0	0	0	0	0	0	0	0	0	0	6.06975	0	0	0	0	0	0	0	0	0	0	0	0	0	0	0	0	0	0	0	0	0	0	0	0	0	0	0	0	0	0	0	0	0	0	0	0	0	0	0	0	0	0	0	0	0	
0	0	0	0	0	0	0	0	0	0	0	0	0	0	0	0	0	0	0	0	0	0	0	0	0	0	0	0	0	0	0	0	0	0	0	0	0	0	0	0	0	0	15.132	0	0	0	0	0	0	0	0	0	9.38627	0	0	0	0	0	0	13.56646	0	0	0	0	0	0	0	0	0	0	0	7.72781	0	0	0	0	0	0	0	0	0	0	0	0	0	0	0	0	0	0	0	0	0	0	0	0	0	0	0	0	
0	0	0	0	0	0	0	0	0	0	0	0	0	0	0	0	0	0	0	0	0	0	0	0	0	0	0	0	0	0	0	0	0	0	0	0	0	0	0	0	0	0	0	7.33491	0	0	0	11.25369	0	0	0	7.92866	0	0	0	0	0	0	4.49212	0	0	0	0	0	0	0	0	0	0	0	0	0	0	0	0	0	0	0	0	0	0	0	0	0	0	0	0	0	0	0	0	0	0	0	0	0	0	0	0	0	
0	0	0	0	0	0	0	0	0	0	0	0	0	0	0	0	0	0	0	0	0	0	0	0	0	0	0	0	0	0	0	0	0	0	0	0	0	0	0	0	0	0	11.14131	0	0	0	0	0	0	0	0	0	0	0	0	8.81036	0	0	0	0	0	0	0	0	0	0	2.2356	0	8.82666	0	0	0	0	0	0	0	0	0	0	0	0	0	0	0	0	0	0	0	0	0	0	0	0	0	0	0	0	0	0	0	
0	0	0	0	0	0	0	0	0	0	0	0	0	0	0	0	0	0	0	0	0	0	0	0	0	0	0	0	0	0	0	0	0	0	0	0	0	0	0	0	13.56198	0	0	0	0	0	0	0	0	0	0	0	0	0	0	0	0	0	0	0	0	0	0	0	0	0	0	0	0	0	0	0	0	0	0	0	0	0	0	0	0	0	0	0	0	0	0	0	0	0	0	0	0	0	0	0	0	0	0	0	
0	0	0	0	0	0	0	0	0	0	0	0	0	0	0	0	0	0	0	0	0	0	0	0	0	0	0	0	0	0	0	0	0	0	0	0	0	0	0	0	0	0	0	0	0	0	0	10.02258	0	0	7.98732	0	0	0	0	0	0	0	0	0	0	0	0	0	0	0	0	0	0	0	0	0	0	0	0	0	8.47087	0	0	0	0	0	0	0	0	0	0	0	0	0	0	0	0	0	0	0	0	0	0	0	
0	0	0	0	0	0	0	0	0	0	0	0	0	0	0	0	0	0	0	0	0	0	0	0	0	0	0	0	0	0	0	0	0	0	0	0	0	0	0	0	0	0	0	0	0	0	0	11.21605	0	0	9.00781	10.4392	0	0	0	0	7.73875	0	9.86435	0	10.1669	0	0	0	0	9.49503	0	0	0	0	0	0	0	0	0	0	0	0	0	0	0	0	0	0	0	0	0	0	0	0	0	0	0	0	0	0	0	0	0	0	
0	0	0	0	0	0	0	0	0	0	0	0	0	0	0	0	0	0	0	0	0	0	0	0	0	0	0	0	0	0	0	0	0	0	0	0	0	0	0	0	0	9.92341	0	0	0	0	0	0	0	0	0	0	0	0	0	0	0	0	0	0	0	0	0	0	0	0	0	0	0	0	0	0	0	0	0	0	0	0	0	0	0	0	0	0	0	0	0	0	0	0	0	0	0	0	0	0	0	0	0	0	
0	0	0	0	0	0	0	0	0	0	0	0	0	0	0	0	0	0	0	0	0	0	0	0	0	0	0	0	0	0	0	7.0418	0	0	0	0	0	0	0	0	0	0	0	0	0	0	0	7.84009	0	0	0	0	0	0	0	0	0	0	0	0	0	0	0	2.37108	0	0	0	4.51058	0	0	0	0	0	0	0	0	0	0	0	0	0	0	0	0	0	0	0	0	0	0	0	0	0	0	0	0	0	0	0	0	
0	0	0	0	0	0	0	0	0	0	0	0	0	0	0	0	0	0	0	0	0	0	0	0	0	0	0	0	0	0	0	11.98206	0	0	0	0	0	0	0	0	0	0	0	0	0	0	0	0	0	0	0	0	0	0	0	0	0	0	0	0	0	0	0	0	0	0	0	0	0	0	0	0	0	0	0	0	0	0	0	0	0	0	0	0	0	0	0	0	0	0	0	0	0	0	0	0	0	0	0	0	
0	0	0	0	0	0	0	0	0	0	0	0	0	0	0	0	0	0	0	0	0	0	0	0	0	0	0	0	0	0	0	0	0	0	0	0	0	0	0	0	0	0	0	10.28205	0	0	0	0	0	10.83347	0	0	0	0	10.29276	0	0	0	0	0	0	0	0	0	0	0	0	0	0	0	0	0	0	0	0	0	0	0	0	0.62884	0	0	0	0	0	0	0	0	0	0	0	0	0	0	0	0	0	0	0	0	
0	0	0	0	0	0	0	0	0	0	0	0	0	0	0	0	0	0	0	0	0	0	0	0	0	0	0	0	0	0	0	0	7.52483	0	0	0	0	0	0	0	0	0	0	0	0	0	0	3.98535	0	0	7.72135	0	0	0	0	0	0	0	8.71488	0	0	0	0	0	0	0	0	0	0	0	2.49493	0	0	0	0	0	0	0	0	0	0	0	0	0	0	5.49748	0	0	0	0	0	0	0	0	0	0	0	0	0	0	
0	0	0	0	0	0	0	0	0	0	0	0	0	0	0	0	0	0	0	0	0	0	0	0	0	0	0	0	0	0	0	0	0	0	0	0	0	0	0	12.71743	0	0	0	0	16.39246	0	7.40758	0	0	0	0	0	0	0	0	0	0	0	0	0	0	0	0	0	0	0	0	0	0	1.25767	0	0	0	0	0	0	0	0	0	0	0	0	0	0	0	0	0	0	0	0	0	0	0	0	0	0	0	0	0	0	
0	0	0	0	0	0	0	0	0	0	0	0	0	0	0	0	0	0	0	0	0	0	0	0	0	0	0	0	0	0	0	0	0	0	0	10.90429	0	0	0	0	0	0	0	0	0	0	0	9.62526	0	0	0	0	0	5.40809	0	0	0	0	0	0	9.09113	0	0	0	0	0	0	0	0	0	0	0	0	0	0	0	0	0	0	0	0	0	0	0	0	0	0	0	0	0	0	0	0	0	11.47579	0	0	0	0	0	
0	0	0	0	0	0	0	0	0	0	0	0	0	0	0	0	0	0	0	0	0	0	0	0	0	0	0	0	0	0	0	0	0	0	0	0	0	0	0	0	0	15.01571	0	0	0	0	0	0	0	0	0	0	2.71466	0	0	0	0	0	0	0	0	0	0	0	0	0	0	2.81313	0	0	0	4.32277	0	0	0	0	0	0	0	0	0	0	0	0	0	0	0	0	0	0	0	0	0	0	0	0	0	0	0	0	
0	0	0	0	0	0	0	0	0	0	0	0	0	0	0	0	0	0	0	0	0	0	0	0	0	0	0	0	0	0	0	0	0	0	0	0	0	0	0	0	7.9685	0	0	0	10.02899	0	0	6.45805	0	0	2.37108	11.86839	0	0	0	10.24229	0	0	7.17739	0	5.00306	0	0	0	0	0	0	0	1.51339	0	0	0	0	0	0	0	0	0	0	0	0	0	0	0	0	0	0	0	0	0	0	0	0	0	0	5.40153	0	0	0	0	
0	0	0	0	0	0	0	0	0	0	0	0	0	0	0	0	0	0	0	0	0	0	0	0	0	0	0	0	0	0	0	0	0	0	0	0	0	0	0	0	0	0	0	0	15.26839	0	0	0	0	2.08607	0	0	6.64051	0	0	0	0	7.03161	0	0	0	5.70063	0	0	0	0	0	0	0	0	0	0	0	0	0	0	0	0	0	0	0	0	0	0	0	0	0	0	0	0	0	0	0	0	0	0	0	0	0	0	
0	0	0	0	0	0	0	0	0	0	0	0	0	0	0	0	0	0	0	0	0	0	0	0	0	0	0	0	0	0	0	0	0	0	0	0	0	0	0	0	0	0	0	10.47583	0	0	12.42595	0	0	0	9.88785	0	0	0	0	0	0	0	0	7.47305	0	0	0	0	8.52636	0	0	12.28668	0	0	0	0	10.3852	0	0	0	5.16098	0	0	0	0	0	0	0	0	0	0	0	0	0	0	0	0	0	0	0	0	0	0	0	
0	0	0	0	0	0	0	0	0	0	0	0	0	0	0	0	0	0	0	0	0	0	0	0	0	0	0	0	0	0	0	0	0	0	0	0	0	0	0	0	0	0	0	0	2.49493	0	0	10.35589	0	0	0	13.81918	3.80566	0	0	7.76826	0	0	2.2356	0	0	0	0	0	0	0	0	11.24307	0	0	0	0	0	11.88529	0	0	0	0	0	0	0	0	0	0	0	0	0	0	0	0	0	0	0	0	0	0	0	0	0	0	
0	0	0	0	0	0	0	0	0	0	0	0	0	0	0	0	0	0	0	0	0	0	0	0	0	0	0	0	0	0	0	0	0	0	0	0	0	15.47336	0	0	0	0	0	0	0	0	0	0	12.40833	0	0	4.77079	0	0	0	0	8.22923	0	0	0.94666	0	1.25767	0	0	0	0	0	0	0	0	0	0	0	0	6.50471	0.54962	0	0	0	0	0	0	0	0	0	0	0	0	0	0	0	0	0	0	0	0	0	0	0	0	
0	0	0	0	0	0	0	0	0	0	0	0	0	0	0	0	0	0	0	0	0	0	0	0	0	0	0	0	0	0	0	0	0	0	0	0	0	0	0	0	0	0	14.85457	0	0	11.09282	0	12.25347	0	0	9.28696	0	11.82369	0	9.75325	0	0	0	0	0	0	0	0	8.64474	0	0	0	4.21883	0	0	10.42321	0	0	0	0	0	0	0	1.51339	0	0	0	0	0	0	0	0	0	0	0	0	0	0	0	0	0	0	0	0	0	
0	0	0	0	0	0	0	0	0	0	0	0	0	0	0	0	0	0	0	0	0	0	0	0	0	0	0	0	0	0	0	0	0	0	0	0	0	0	0	0	0	0	0	0	0	0	0	7.49917	11.04897	0	0	9.17105	0	0	0	0	0	0	0	0	0	0	0	0	0	0	0	0	0	0	0	0	0	0	0	0	0	0	0	0	0	0	0	0	0	0	0	0	0	0	5.94824	0	0	0	0	0	0	0	0	0	
0	0	0	0	0	0	0	0	0	0	0	0	0	0	0	0	0	0	0	0	0	0	0	0	0	0	0	0	0	0	0	0	0	0	0	0	0	0	0	0	0	0	0	0	0	0	0	14.07827	0	0	0	0	8.4538	0	0	0	0	0	12.70845	9.32709	0	0	0	0	0	0	0	0	0	0	0	0	0	0	0	0	0	0	0	0	0	0	0	0	0	0	0	0	0	0	0	0	0	0	0	0	0	0	5.44825	0	
0	0	0	0	0	0	0	0	0	0	0	0	0	0	0	0	0	0	0	0	0	0	0	0	0	0	0	0	0	0	0	0	0	0	0	0	0	0	0	0	0	0	7.98971	0	0	0	0	0	0	9.08737	0	8.2359	0	6.94739	0	0	0	0	0	0	0	0	0	0	12.67591	0	0	0	0	0	0	0	0	0	0	0	12.78666	0	0	0	0	0	0	0	0	0	0	0	0	0	0	0	0	0	0	0	0	0	0	0	
0	0	0	0	0	0	0	0	0	0	0	0	12.85399	0	0	0	0	0	0	0	0	0	0	0	0	0	0	0	0	0	11.07246	0	0	0	0	0	0	0	0	0	0	0	9.95331	0	0	0	0	12.63253	0	0	13.03322	0	0	3.54413	3.48561	0	10.98514	0	0	0	0	0	0	9.29231	11.01349	9.08867	0	0	0	0	0	0	0	0	0	0	0	0	0	0	0	0	0	0	0	0	0	0	0	0	0	0	0	0	0	0	0	0	0	0	
0	0	0	0	0	0	0	0	0	0	0	0	0	0	0	0	0	0	0	0	0	0	0	0	0	0	0	0	0	0	0	0	0	0	0	0	0	0	0	0	0	0	0	0	0	10.52466	6.72514	0	2.99195	12.53039	1.51339	9.77574	7.48635	0	11.2538	6.21738	0	0	0	0	12.22164	0	0	0	0	0	0	0	0	8.01212	0	0	0	0	0	0	2.78963	0	0	0	0	0	0	0	0	0	0	0	0	0	0	0	0	0	0	0	0	0	0	0	
0	0	0	0	0	0	0	0	0	0	0	0	0	0	0	8.57453	0	0	0	0	0	0	0	0	0	0	0	0	0	0	0	0	0	0	0	7.2451	12.0377	0	0	0	0	0	0	0	0	11.55819	7.47934	9.50704	4.70265	7.99758	0	0	3.98535	0	13.6563	0	0	0	0	7.55003	0	8.59197	0	7.11119	0	7.98179	0	0	11.93055	0	8.68105	0	0	0	0	10.19197	0	7.57129	0	1.51339	0	0	0	0	0	0	0	0	0	0	9.22571	0	0	0	0	0	0	0	0	0	
0	0	0	0	0	0	0	0	0	0	0	0	0	0	0	0	0	0	0	0	0	0	0	0	0	0	11.76185	0	0	0	0	0.94666	0	0	5.66152	0	0	0	0	0	12.58691	0	0	0	0	0	0	0	9.83249	6.54344	4.28895	9.04881	9.14411	0	9.02203	0	8.97761	0	4.39832	0	0.94666	6.79909	0	0	0	7.81059	0	0	0	0	0	0	0	9.83169	0	0	0	0	0	0	0	0	0	0	0	0	0	0	0	0	0	0	0	0	0	0	5.63484	0	0	0	
0	0	0	0	0	0	0	0	0	0	0	0	0	0	0	0	0	0	0	11.16365	0	0	0	0	0	0	0	0	0	0	0	0	0	0	0	0	0	0	0	0	0	0	0	13.84423	0	0	12.03419	11.16569	10.44784	0	7.69267	9.98687	11.449	0	0	0	13.34628	0	0	8.06464	5.99097	0	0	11.74811	0	7.73096	0	8.49888	0	0	0	0	0	0	0	0	0	0	0	0	0	0	0	0	0	0	0	0	0	0	7.98806	0	0	0	0	0	0	0	0	0	
0	0	0	0	0	0	0	0	0	0	0	0	8.36731	0	0	0	0	0	0	8.89007	0	0	0	0	0	0	0	0	0	0	0	0	0	7.28829	0	0	0	0	0	0	0	11.80062	13.24587	0	9.77404	0	0	3.66297	10.83822	0	3.2943	8.77559	7.46127	3.1121	9.85108	8.05907	5.49873	4.75719	7.93735	0	0	0	0	0	6.34376	0	0	0	0	0	0	0	0	0	0	0	0	0	11.04613	4.02699	0	0	0	0	0	0	0	0	0	0	0	0	0	0	0	0	0	0	0	0	
0	0	0	0	0	0	0	0	0	0	0	0	0	0	0	0	0	0	0	0	0	0	0	15.57895	0	0	0	0	0	0	0	0	0	0	0	0	0	0	11.62134	0	0	0	8.64554	9.44887	0	0	10.42346	5.78451	0	7.3453	10.61882	7.66235	0	0	0	0	0	5.72241	14.68999	12.10924	13.62899	0	0	0	8.69726	0	0	0	0	0	0	0	0	0	0	0	0	0	0	0	0	0	0	0	0	0	0	0	0	0	0	0	0	0	0	0	0	0	0	0	
0	0	7.67313	0	0	0	0	0	0	0	0	0	0	0	0	0	0	0	0	0	0	0	0	0	0	0	0	0	0	0	0	0	0	0	0	0	0	0	0	0	10.48632	0	0	0	0	10.09532	0	6.0307	8.73071	11.82465	0	9.06138	10.07127	9.67951	3.94249	9.12027	0	0	4.56811	0	9.27357	0	9.23017	9.76175	0	0	0	0	0	0	0	6.55043	0	0	0	0	5.50827	0	0	0	0	0	0	0	0	0	0	0	0	0	0	0	0	0	0	0	0	0	0	0	
0	0	0	0	0	0	0	0	0	0	0	10.66282	0	0	0	0	0	0	0	0	0	0	0	0	0	0	0	0	0	0	0	0	6.25895	0	0	0	0	8.62673	12.68372	5.44825	6.36826	7.53928	0	0	12.28207	6.65386	11.87466	11.67361	11.18093	0	11.12253	0	4.20466	4.9034	0	10.90045	4.34122	11.06805	0	0	0	0	0	0	0	0	0	7.30977	0	0	0	0	4.38813	0	0	9.70035	0	0	11.12223	0	0	0	0	0	0	0	0	0	0	0	0	0	0	0	0	8.01562	0	0	0	0	
0	0	0	0	0	0	0	0	0	0	0	0	0	0	0	0	0	0	0	0	0	0	0	0	0	0	0	0	0	0	0	0	0	0	7.06697	7.43787	0	0	0	8.89851	0	13.76442	0	11.6418	14.48006	10.27918	7.58186	8.87527	10.64219	10.82912	10.74514	11.32983	4.60541	8.94785	0	0	8.10206	0	0	6.42512	7.55715	0	0	0	0	0	0	0	0	0	0	0	0	0	0	0	0	0	3.36093	0	0	0	0	0	0	0	0	8.93177	0	0	0	0	0	0	0	0	0	0	0	0	
0	0	0	0	0	0	0	0	10.20253	0	9.9419	0	0	0	0	0	0	0	0	0	0	0	0	0	0	0	9.42766	0	0	0	0	0	0	0	0	0	0	13.23258	11.5952	0	10.48027	9.24679	0	10.23342	2.81313	12.01503	9.32299	8.23947	9.67755	9.13803	0	7.36087	0.54962	0	0	0	10.49943	2.37108	0	0	0	0	2.99195	0	0	0	10.95496	0	0	0	0	0	0	0	0	0	0	0	0	0	0	0	0	0	0	0	0	0	0	0	0	0	0	9.27405	0	0	0	0	0	0	
0	0	0	0	0	0	0	0	0	0	0	11.50371	0	0	12.60069	0	0	0	0	0	0	0	0	0	0	0	0	0	0	0	0	11.10198	0	0	6.09247	0	10.41441	0	0	11.77505	0	0	9.04979	10.89257	10.63437	8.18218	11.54433	8.8527	2.40096	8.63617	6.67096	10.62628	10.17871	8.46962	0	6.65385	10.8603	0	0	15.6101	8.5209	4.44856	0	11.24528	0	0	0	0	0	0	0	0	0	0	0	7.45334	0	0	0	0	0	0	0	5.08418	0	0	0	0	0	0	0	0	0	0	0	0	0	0	0	0	
0	0	0	0	0	0	0	0	0	0	0	0	12.66997	0	0	0	0	0	0	0	0	0	0	0	0	0	0	0	0	10.99132	0	0	8.17471	0	2.81313	0	12.47964	0	13.64328	11.05087	11.26862	10.62646	8.23995	8.89221	9.19763	4.12599	10.94281	10.3375	5.06432	9.31092	9.62418	11.73521	10.29276	8.46132	6.41668	6.54853	10.78451	0	0	9.08867	6.51446	0	0	0	0	0	0	0	0	0	0	0	0	10.17328	0	0	0	0	0	0	10.73995	0	0	0	0	0	0	0	0	0	0	0	0	0	0	0	0	0	0	0	
0	0	0	0	0	0	0	12.68691	0	0	0	10.45549	0	0	0	0	0	0	0	0	0	0	0	0	0	0	0	9.53796	0	0	3.85273	0	11.55841	0	0	0	11.40058	6.57886	9.37779	9.6903	10.05053	5.34587	0	10.76733	10.66446	10.10655	8.97058	9.15908	11.15439	10.5063	5.20644	9.49999	9.178	9.91512	7.34546	6.46552	10.10081	5.27178	4.36141	9.0899	6.15817	11.51815	5.5659	0	9.84703	0	0	0	0	0	0	0	0	7.00582	0	0	0	0	0	0	0	0	0	0	0	0	0	0	0	0	0	0	0	0	0	0	0	0	0	0	
11.32593	0	0	0	0	0	0	0	8.61377	0	0	0	8.84132	0	0	0	0	0	0	0	0	0	0	0	9.466	0	0	9.56647	0	0	0	0	13.41232	0	11.38915	9.65626	0	6.93104	10.54446	6.64696	7.70875	9.4073	6.51763	9.92804	11.82786	10.42394	9.36297	10.04949	7.2452	9.50275	10.77501	5.71612	11.07324	4.26331	10.92689	8.81523	10.06128	6.04266	0	10.00904	0	1.51339	0	7.04447	0	7.55715	0	0	0	0	1.51339	0	0	0	0	0	0	0	0	0	0	0	4.17343	0	0	5.98261	0	0	0	0	0	0	0	0	0	0	0	0	0	0	
0	0	0	10.33532	0	0	0	0	0	0	0	0	0	0	0	0	0	0	8.83107	0	0	10.90429	0	4.62344	10.83961	7.05696	0	0	10.11777	7.91406	12.34944	0	12.85715	0	0	0.54962	0	10.28311	11.48255	9.98533	9.30745	6.04723	9.40726	9.06132	10.15931	10.28329	8.97888	8.26342	10.34411	7.88418	9.75226	8.25859	10.40163	6.57639	6.78684	9.60296	0	3.34988	4.4351	8.42226	0	3.15103	9.9005	0	0	0	0	0	0	6.12159	0	0	3.42461	0	0.94666	9.06763	12.37056	2.94927	0	0.54962	0	0	0	0	0	0	0	0	0	0	0	0	0	0	0	0	0	0	0	0	
9.20432	0	0	0	12.70265	7.87966	0	0	0	0	0	0	0	0	0	0	0	11.09771	0	0	0	0	0	0	11.40033	0	9.19841	9.26067	0	13.03522	11.08122	0	0	0	11.48772	10.54776	6.60499	11.15565	10.81873	10.8715	7.59688	9.62267	10.40754	9.54407	9.95096	9.53144	10.18922	8.42295	9.45366	10.55294	5.81575	9.9421	9.14411	6.90444	10.00919	9.14366	9.20598	2.9529	5.76956	9.31641	10.57389	0	6.68443	8.20677	11.13745	10.90778	8.96083	0	0	0	0	0	0	0	7.78655	0	0	0	0	0	0	0	0	0	0	0	0	0	0	0	0	0	0	0	0	3.89831	0	0	0	0	
0	0	0	0	0	0	0	0	8.18164	0	8.70208	0	0	0	0	0	11.37058	15.21057	10.1452	8.5354	10.02322	6.10693	0	0	0	13.24242	0	9.03867	11.12836	11.3683	0	11.00636	12.04008	7.93014	10.25307	11.05994	8.11217	7.89702	10.0603	10.55742	9.80325	8.33748	4.8508	8.47032	10.06952	8.88955	8.61554	8.93748	8.59459	7.30242	8.07444	11.12654	7.65632	7.8754	6.12833	6.28806	5.01316	9.35699	0	11.20163	6.18728	5.1979	10.95459	0	7.52162	11.50624	4.38813	0	0	0	0	4.14512	0	0	8.5551	0	0	0	9.86435	0	0	0	0	0	0	5.73871	0	0	0	0	0	0	0	0	0	5.02377	0	0	0	0	
0	10.20083	0	0	3.65449	7.67313	0	0	0	0	0	0	0	0	4.21883	10.88532	0	11.5802	9.54571	0	6.96891	0	7.34699	0	0	0	0	0	10.19423	9.21449	7.8464	0	10.8298	3.61192	10.03984	8.87505	9.43027	9.22177	8.99768	9.90045	9.07323	8.30272	8.66659	7.7921	9.3113	7.86126	8.51402	9.56667	8.90866	8.46085	8.25655	8.69056	7.7026	6.77488	8.74694	7.74057	3.85273	7.47368	8.09529	7.48718	0	8.77872	0	11.69684	9.73789	3.75701	6.09354	11.12702	0	0	0	0	0	0	0	3.2943	0	0	0	0	9.1283	0	0	0	0	0	0	0	0	0	0	0	0	0	0	0	0	0	0	0	
0	11.51541	8.17007	0	9.06385	0	0	0	0	0	10.31813	0	0	0	9.63875	10.05627	0	8.97229	0	0	7.47681	5.14216	8.73539	9.17038	11.36043	10.5065	0	4.84039	10.14224	8.1677	11.26063	11.15252	10.40821	10.87183	10.90328	8.58285	8.18495	8.59817	8.4669	9.12046	8.42268	8.53954	8.26162	7.66745	7.24743	7.57184	9.22037	7.34448	9.51211	8.55648	8.33669	9.62004	7.94339	7.88846	7.73422	7.16088	8.51817	9.23983	7.08821	8.47276	0	7.65814	9.80734	10.03575	2.49102	2.08607	0	0	0	5.00306	0	12.28763	0	0	8.69726	0	5.16098	0	0.94666	0	0	0	0	4.66094	0	2.03373	0	0	0	0	0	0	0	0	0	0	0	0	0	0	
0	0	0	0	0	0	0	0	7.61971	0	10.43582	12.18217	0	0	0	0	0	0	10.5042	0	12.97981	0	0	0	0	12.23544	10.66328	0	3.22444	10.13512	6.88991	8.61775	7.28425	9.25184	10.87876	9.95798	8.68248	8.04488	9.37914	9.28384	6.94276	7.88339	9.23012	9.65983	8.09674	8.19754	7.42649	7.60431	8.74268	9.72213	9.58566	9.3053	8.17562	7.31688	7.00325	8.99477	8.21949	7.92641	10.21497	10.20626	10.8554	5.46699	9.83974	8.63612	0	9.42924	0	9.2016	0	0	0	0	0	0	0	0	0	0	0	0	0	8.33867	0	0	0	0	0	7.71355	7.87185	7.26263	0	0	0	0	0	0	0	0	0	0	
0	0	0	0	0	0	0	0	11.42341	8.5209	0	2.49493	0	11.90688	0	0	0	4.14512	8.11323	5.95885	0	0	0	8.57724	7.96314	4.75313	9.16291	9.34262	6.26875	10.05001	0	6.65236	5.26057	5.26355	5.64866	9.75212	8.83759	7.00063	9.27755	6.18626	8.93647	9.45554	8.55314	9.19824	7.45662	7.78419	7.77064	8.50792	6.50992	8.95571	8.34112	6.92098	7.00839	6.31243	8.16438	8.02711	7.99487	11.06577	9.57702	6.72338	6.93816	9.03984	9.17171	5.80003	1.39261	10.17196	9.57527	0	0	0	0	0	0	9.08744	7.82836	0	0	0	14.13314	0	0	0	0	0	0	0	0	0	10.29914	0	3.60036	0	0	0	0	0	0	0	0	0	
0	0	9.53074	7.49425	0	3.75701	0	4.28895	10.41048	0	0	0	0	0	0	0	0	9.02217	0	0	0	0	0	10.74853	0	9.70597	0	9.96137	7.86326	8.29434	0	8.15359	0	8.86015	7.09017	8.08263	7.84056	6.82743	3.39433	11.46956	7.03426	8.95486	8.75737	7.71057	7.71463	7.66197	6.98006	9.3832	8.13965	7.42833	7.62618	8.58884	8.23958	8.07376	8.05459	6.09282	7.61584	9.11156	7.21677	6.44827	9.76722	10.02531	4.55471	11.66216	4.64363	0	0	7.84562	0.54962	3.52217	1.46035	0	10.14638	0	1.39261	0	8.4487	0	0	0	0	0	5.02372	0	0	0	0	0	0	0	0	0	0	0	0	0	0	0	0	0	
0	0	0	0	0	0	0	0	0	0	11.33476	8.12046	8.47948	0	11.67593	0	0	5.80003	0	4.51058	0	0	0	0	0	0	7.39571	5.55171	9.65532	0	8.06178	8.09719	6.96673	9.05188	6.12506	6.93166	8.49038	7.98707	6.79141	8.385	8.81603	5.62387	7.64578	7.29312	7.52389	7.87178	6.96276	6.52663	6.93972	6.28227	7.14885	10.08023	8.93685	6.77664	6.5922	6.85058	5.91955	7.86528	9.54346	6.98191	9.09178	5.45	6.69892	6.40991	0	5.83534	7.06697	4.41429	0	0	8.31995	0	7.40436	1.58845	0	12.82626	0	0	0	0	0	0	0	0	0	0	0	0	6.10261	0	0	0	0	0	0	0	0	0	0	0	
0	0	0	0	0	0	0	0	0	10.39566	0	0	2.99195	0	0	0	0	0	0	0	0	0	0	10.48912	0	0	9.98615	0	0	4.80497	7.0077	0	0	5.91951	8.66631	8.89851	6.06275	0.94666	0	9.27837	5.33989	11.25845	3.48054	6.7127	8.78938	8.39815	7.84104	7.48702	9.99137	5.41538	6.9685	9.70319	6.26575	7.07903	8.82036	7.54458	6.96771	7.48091	5.30757	5.94945	7.18646	5.1663	4.11488	9.13422	6.91857	6.3683	7.43103	8.60749	8.07244	0	0	5.5659	0	8.34691	0	1.25767	9.05511	0	0	0	0	0	0	0	10.27235	0	0	4.25431	0	0	0	7.58529	0	0	0	0	9.3529	0	0	0	
0	0	0	0	0	0	0	0	0	0	0	10.27505	0	0	0	0	0	4.23937	12.06839	0	0	0	0	2.2356	0	0	0	11.46967	0	0	0	0	7.67987	6.11429	7.08091	0	5.04369	8.64118	4.77213	4.50537	7.21459	8.29106	7.79061	2.54463	0	7.7365	7.50627	5.11085	7.28489	7.43621	6.87917	10.48679	8.47412	4.69309	7.26587	6.59251	6.65048	7.76814	7.34715	8.8143	7.85762	5.08453	0	7.40946	7.7803	0	8.85836	7.48056	10.87324	8.08095	0	0	0	2.37108	0	10.48939	0	8.96829	0	0	0	9.04771	0	0	0	0	0	0	0	0	0	0	0	0	0	0	0	0	0	0	
0	0	0	0	7.59627	0	0	0	0	0	8.19083	0	1.51339	0	0	10.48706	0	0	5.3368	0	5.28573	10.14933	0	0	0	7.52119	6.22358	0	0	12.48148	0	9.92434	10.48239	0	0	5.66152	10.95066	6.78703	11.29777	10.47192	7.64934	9.03357	7.61276	8.06408	5.78628	6.73753	13.26916	7.16214	8.39065	8.03697	8.78169	5.5324	7.99577	8.67777	6.28231	7.5416	6.1467	9.40064	3.24969	7.26053	5.50319	8.33703	4.48339	6.67541	8.09847	0	9.43411	9.73687	0	0	8.5953	8.25135	7.66606	10.63115	8.47928	0	7.68325	0	0	0	5.72613	0	0	8.27098	0	1.51339	0	0	0	2.90531	0	0	0	0	0	0	0	0	0	0	
0	0	0	0	0	0	0	0	0	0	0	5.73871	4.31986	0	0	9.08867	0	0	0	2.49493	2.08607	0	0	0	0	0	0	0	0	4.81549	3.36093	6.60248	0	0	0	8.50073	0	0	0	4.32277	5.19339	6.67747	4.8712	5.44613	8.93173	3.07906	5.15322	7.2698	6.62774	5.10107	0	0	7.39347	9.70417	12.87293	6.77919	7.75307	5.99459	7.20604	6.19517	7.34858	8.09847	8.91865	7.37693	5.48733	8.08942	9.80277	8.62223	2.08607	8.57435	0	7.57281	7.07159	9.46127	11.54906	0	6.52176	0	6.92555	0	0	0	0	0	0	0	0	0	0	0	0	0	0	0	0	0	0	0	0	0	
0	0	0	6.08263	0	0	0	0	0	0	0	0	0	0	0	0	2.37108	0	0	0	0	0	7.0966	0	0	0	7.2332	9.01127	8.84423	7.34312	0	0	0	0	0	11.99138	0	2.60897	1.25767	2.74675	6.3294	0	0	0	5.52622	11.5252	6.82507	5.30331	5.96664	5.13404	5.47622	7.40707	8.85622	7.94072	7.60812	7.41356	9.01743	7.02936	6.54294	6.95523	8.35066	8.35405	8.92706	8.96425	7.9835	8.43985	5.52591	6.92555	11.00777	9.54575	3.10688	8.63232	5.34078	4.67852	6.40732	0	13.23314	2.90531	6.45515	7.42715	0.54962	7.27564	5.5659	0	0	0.54962	0	0	0	0	0	0	0	0	0	0	0	13.12699	0	12.28306	
0	0	4.71529	0	0	0	0	0	0	0	0	0	0	0	0	0	0	0	0	0	7.51754	0	0	0	0	7.75593	0	8.44346	0	9.57965	0	10.7019	10.92371	0	7.49917	0	0	7.69535	6.52201	0	5.80003	0	0	9.75532	11.21633	10.03538	6.19821	4.08435	5.66152	6.03279	8.6597	9.44887	8.23189	8.80747	7.91197	8.26993	1.25767	4.38838	8.50485	7.20705	3.80441	5.92499	7.0064	1.28399	4.65089	7.78141	5.18611	0	9.25865	4.4396	4.25638	5.78779	7.44238	7.77262	3.70666	0	5.33554	0	4.06948	6.06275	0	5.56977	0	0	0	0	0	0	5.21042	0	0	0	0	0	0	0	4.77773	0	0	0	
0	0	0	0	2.37108	0	0	0	0	0	0	0	8.82666	0	0	0	0	0	0	0	8.9454	3.54413	0	0	0	0	0	8.14772	0	0	0	6.10224	9.41791	0	0	0	4.02699	0	2.49493	6.6472	0	0	4.96599	1.91923	7.6129	0	4.73151	7.3307	10.45596	6.06186	4.98204	4.61723	8.84132	3.93053	8.5059	7.43125	0	6.1806	5.94554	1.23005	7.10444	7.30484	7.86873	6.61564	6.67927	8.82409	5.3134	4.01271	6.5804	6.69769	7.13144	0	0	9.5866	0	8.39655	4.95444	6.49546	0	0	0	0	0	0	7.07195	0.94666	0	0	0	0	0	0	0	0	0	0	8.37136	0	0	0	
0	0	0	0	0	0	0	0	8.62962	0	0	0	0	0	0	0	9.96818	3.48561	4.48092	0	0	0	0	0	4.90095	0	0	0	0	0	0	0	0	0	6.71244	8.09377	0	5.76355	0	0	0	0	5.83561	12.38551	0	8.86705	10.81465	7.49176	0	4.04776	0	9.61249	10.39517	8.2012	0	7.99234	0	7.58887	0	4.82021	8.68318	8.11323	7.07998	8.41513	5.71768	6.16302	6.71025	7.95233	8.35919	6.58673	8.36957	4.11791	8.52228	10.86788	8.02786	4.73459	9.84011	8.61945	0	0	8.68431	2.37108	9.83305	0	3.15099	0.54962	8.26881	5.90424	6.73773	0	2.13714	0	0	10.48566	0	0	0	0	0	0	
0	0	0	0	0	0	0	0	0	0	0	0	0	0	0	0	0	0	0	0	8.31574	0	0	0	0	0	0	0	0	5.28626	0	0	0	0	4.18245	0	0	0	0	0	9.62186	0	9.06763	8.00019	5.16656	0	0	0	9.09847	5.73849	9.92617	0	0	2.0135	4.64223	5.75779	0	0	8.43434	9.1138	11.45688	5.18678	4.31784	5.89859	7.75723	7.42621	4.78873	7.00535	6.00162	6.00319	9.12544	7.4485	4.01536	4.95285	4.25396	0	2.95144	0	4.03744	0	0	0	4.14512	0	0	0	6.99255	0	0	0	0	0	0	0	0	0	0	0	0	0	
0	0	0	0	8.079	0	0	0	0	0	0	6.3272	0	5.00306	0	0	0	0	0	0	0	0	0	0	0	0	0	0	0	0	0	0	0	0	0	0	0	0	0	8.24722	0	0	6.43163	0	4.39719	0	2.76236	0.94666	0	0	2.71466	0	0	0	9.45079	0	0	0.94666	0	8.87448	7.44505	1.06647	6.00998	7.8867	8.18171	0	4.53078	4.86518	10.53112	6.52601	7.73729	8.91797	8.37261	5.42324	0	0	6.60077	4.10681	8.30866	5.5229	5.43285	6.82292	4.87212	0	2.08607	0	5.81199	11.79188	0	4.65518	0	0	0	0	9.93234	0	0	0	0	0	
0	0	0	0	0	0	0	0	0	0	0	0	0	0	0	0	0	5.55384	0	0	0	11.24831	7.80761	0	0	0	9.4002	0	0	0	0	0	0	6.59896	5.81366	0	0	0	0	0	0	0	0	0	0	0	0	0	0	0	6.27632	0	0	0	0	9.59753	9.63531	9.11276	5.78798	7.3307	0	6.84377	4.57335	0	7.82837	7.58759	6.03577	7.61399	5.14924	6.74412	8.1633	6.1576	6.3091	6.12564	9.89196	6.45472	7.37049	0	10.30761	5.95997	0	0	6.90044	0	8.25355	8.93503	1.25767	6.65385	0	9.61927	0	0	0	0	0	0	8.9769	0	0	0	
0	0	0	0	0	0	0	0	7.41809	0	0	0	0	0	0	0	0	0	0	0	0	0	0	0	0	0	0	11.33683	0	0	0	0	0	0	0	0	0	0	0	10.62938	0	0	0	0	0	5.12309	0	7.10634	8.77414	0	0	11.29804	0	0	0	0	0	0	7.32455	0	9.32346	0	8.55086	9.32137	6.62793	5.85602	5.30316	0	0	5.5783	9.12493	1.25767	8.75012	7.34176	5.9827	9.32295	2.44458	0	0	6.88864	6.76938	8.28762	9.75789	9.20527	7.2661	0	0.54962	0	0	0	4.48092	0	10.44158	0	0	0	0	0	0	0	
0	0	0	0	0	0	0	0	0	0	0	0	0	9.36004	0	0	0	0	0	2.2356	0	0	0	0	0	2.81922	0	0	0	0	0	0	0	0	6.44705	0	0	5.58749	0	0	9.88077	0	3.22444	7.6129	0	0	0	0	0	0	4.14512	5.96975	0	0	5.87033	0	0	0	0	6.78695	4.72768	0	7.78863	9.0013	6.49234	4.30562	8.56355	8.60578	0	4.52685	6.85237	0	4.77279	6.62789	9.70196	7.1467	4.26479	6.3323	7.23277	3.60098	0	6.0829	9.19978	4.64557	2.8169	0	0	7.42325	5.23737	0	9.74157	0	0	8.11805	0	0	0	0	4.86239	0	
0	0	0	0	0	0	0	7.90572	0	0	0	0	0	0	0	0	0	0	0	0	0	0	5.47857	0	0	0	0	0	9.88714	0	0	0	0	0	9.17786	0	0	2.49493	0	0	0	3.11887	0	0	0	0	4.16934	0	0	0	0	0	9.18606	0	0	0	5.96178	3.94249	0	3.93198	7.44116	0	0	6.08967	0	2.08607	0	7.54589	7.16932	10.93537	9.0046	6.01797	8.84714	5.36429	7.05696	6.69397	6.25302	5.62131	6.33199	5.15089	7.96852	7.25256	3.99456	0	4.96672	0	1.91923	7.28773	0	0	8.98686	8.14342	0	0	0	0	8.62285	0	0	0	
0	0	0	0	0	0	0	0	0.94666	0	0	0	0	0	0	0	0	0	0	0	0	0	0	0	0	0	0	0	0	0	0	0	0	0	0	0	0	4.42928	0	0	0	0	0	0	0	0	0	0	0	2.49493	0	5.28603	0	3.94016	0	0	3.80566	5.67874	1.25767	0	4.10681	0	9.29657	12.12835	7.22735	6.15811	0	0	8.80524	7.31813	0	3.15103	7.00543	10.04708	7.59311	8.49439	0	3.90116	4.94812	8.30708	2.19732	9.43927	4.14512	0.94666	0	0	3.29102	0	0	0	0	0	6.29787	8.14745	10.79595	0	0	0	0	0	
0	0	0	0	0	0	0	8.49332	0	0	0	0	0	0	0	0	0	0	0	0	0	0	0	0	0	0	0	0	0	0	0	0	0	0	0	0	0	4.71302	0	7.67313	0	0	0	0	0	0	0	0	0	0	4.01662	0	0	10.41833	6.33683	0	0	7.29629	10.45167	10.34204	0	0.94666	0	8.48602	9.19934	10.43534	0	0	8.04132	4.29464	8.48674	5.59191	4.85178	7.50575	8.32622	7.22421	6.37921	0	7.91863	7.28103	7.5713	9.89419	5.22874	3.18081	3.90005	0	0	0.68767	0	0	5.89302	0	0	0	0	1.55891	0	0	0	0	
0	0	0	0	0	0	0	0	0	0	0	0	0	0	0	0	0	0	0	0	0	0	0	0	0	9.11062	0	0	0	0	0	0	0	0	0	0	0	9.07633	0	0	0	0	0	0	10.55444	0	0	0	6.31043	0	0	0	0	0	0	2.37108	0	0	0	0	0	0	8.39189	0	0	5.45134	4.38594	7.33508	0	5.53252	2.32517	0	9.09814	0	6.81106	6.77845	3.54413	6.7653	5.76398	6.79029	3.81497	0	6.77434	0	7.29281	6.39523	0	0	0	0	9.37725	0	0	0	0	0	0	1.51339	0	0	
0	0	0	0	0	0	0	0	0	0	0	0	9.2987	0	0	0	0	0	0	0	0	0	0	0	0	0	0	0	0	0	0	0	0	0	0	0	0	0	0	0	0	0	0	0	0	0	0	8.37741	0	0	1.73053	0	9.03229	0	0	0	0	0	0	5.2512	0	0	0	8.02279	3.65449	10.39268	9.31678	0	10.11173	0	0	9.22011	0	0	0	1.51321	7.06975	8.66385	4.58073	4.25437	0	6.28299	5.8215	4.61226	6.32537	3.79317	5.86199	6.66708	7.20938	0	0	0	0	6.15951	0	0	0	0	0	0	
0	0	0	0	0	0	0	0	0	0	0	0	0	0	0	0	0	0	0	0	0	0	0	0	0	0	0	0	0	0	0	0	10.88036	0	0	0	0	0	0	0	8.11081	0	0	0	0	0	0	0	0	0	0	0	0	0	0	0	6.12153	0	0	0	7.40576	0	0	4.02319	0	7.20938	0	0	6.49162	0	0	0	11.31914	0	0	3.80566	0	0	5.29869	10.71499	7.86299	7.27564	10.42174	0	6.18732	0	0	0	0.54962	0.94666	5.11871	5.62072	5.17564	0	0	0	0	0	0	0	
0	0	0	0	0	0	0	1.61222	0	0	0	0	0	0	0	0	0	0	0	0	0	0	0	0	0	0	0	6.6472	0	0	0	0	0	0	0	0	0	0	0	0	0	0	0	0	0	0	0	0	0	0	0	0	0	0	0	0	0	0.54962	0	0	0	0	0	0	0	0	0	0	0	0	2.76145	4.89268	6.5084	0.94666	0	10.03027	9.67193	0	9.36717	4.96072	0	6.81809	0	8.12286	2.60897	8.70962	0	9.48193	0	4.10681	0	0.94666	0	0	0	9.32501	0	0	0	0	
0	0	0	0	0	0	0	0	0	0	0	0	0	0	0	0	0	0	0	0	9.50151	0	0	0	0	0	0	0	0	0	8.76495	0	0	0	0	0	0	0	0	0	0	0	0	0	0	0	0	0	0	0	0	0	0	0	0	0	0	0	0	12.6945	0	0	0	0	6.46231	9.0899	8.09866	7.66425	0	0	0	0	0	0	0	7.98707	5.56438	0	0	0	3.4688	0	0	0	5.62861	5.94824	8.02322	4.83648	9.94122	0	6.3355	7.27995	9.12866	4.70265	0	6.69962	0	0	0	0	
0	0	0	0	0	0	0	0	0	0	0	0	0	0	0	0	0	0	0	0	0	0	0	0	0	0	0	0	0	0	0	0	0	0	0	0	0	0	0	0	0	0	0	0	0	0	0	0	10.19056	0	0	0	0	0	0	0	0	0	0	0	0	0	0	0	0	0	0	0	0	8.11081	8.83107	8.97495	8.69117	0	9.77173	7.94154	0	9.44983	4.77773	0	0	7.93061	7.61631	0	5.75876	0	2.60897	0	0	3.01199	0	3.02553	5.18706	0	3.2943	0	0	0	0	0	
0	0	0	0	0	0	0	0	0	0	0	0	0	0	0	7.67693	0	0	0	0	0	0	0	0	0	0	0	0	0	0	0	0	0	0	7.50286	0	0	0	0	0	0	0	0	0	0	0	0	0	0	0	0	0	0	0	0	0	0	0	0	0	0	0	0	0	0	0	0	3.36093	0	0	0	0	0	9.93097	0	0	0	0.62884	0	0	0	3.15103	0	0	3.55978	0	6.06122	4.49746	7.80462	10.25384	8.91523	0	8.62454	0	0	0	0	0	0	0	
0	0	0	0	0	0	0	0	0	0	0	0	0	0	0	0	0	0	0	0	0	0	0	0	0	0	0	0	0	0	0	0	0	0	0	0	0	0	0	0	0	0	0	0	0	0	0	0	8.41709	3.15103	0	0	0	0	0	0	0	0	0	7.00582	0	0	0	0	0	6.12102	0	0	0	0	0	5.88172	0	0	0	0	0	11.61794	0	4.79779	9.57877	0	0	9.47072	0	0	0	0	0	0	0	0	0	0	0	0	0	0	0	0	
0	0	0	0	0	0	0	0	0	0	0	0	0	0	0	0	0	0	0	0	0	0	0	0	0	0	0	0	0	0	0	0	0	0	0	0	0	0	0	0	0	0	0	0	0	0	0	0	0	0	0	0	0	0	0	1.76976	0	0	11.736	0	0	0	0	0	7.54646	0	0	0	0	0	0	1.51339	0	7.68619	0	0	6.06275	0	0	0	5.10206	5.76371	4.83093	7.73636	0	0	0	7.58181	8.57955	0	7.82836	10.44256	10.04871	0	0	0	0	0	0	0	
0	0	0	0	0	0	0	0	0	0	0	0	0	0	0	0	0	0	0	0	0	0	0	0	0	0	0	0	0	0	0	0	0	0	0	0	0	0	0	0	0	0	0	0	0	0	0	0	0	0	0	0	0	0	0	0	0	0	0	0	0	0	0	0	0	0	0	0	0	0	0	0	0	0	0	0	0	0	0	0	0	0	0	0	0	0	2.2356	0	0	0	0	9.43251	0	0	0	0	0	0	0	0	
0	0	0	0	0	0	0	0	0	0	0	0	0	0	0	0	0	0	0	0	0	0	0	0	0	0	0	0	0	0	0	0	0	0	0	0	0	0	0	0	0	0	0	0	0	0	0	0	0	0	0	0	0	0	0	0	0	0	0	0	0	0	0	0	0	0	0	0	0	0	6.51234	0	0	0	0	0	6.86944	0	0	8.42676	0	0	0	10.56552	0	0	0	0.94666	0	0	6.55403	9.55407	0	0	0	0	0	0	0	0	
0	0	0	0	0	0	0	0	0	0	0	0	0	0	0	0	0	0	0	0	0	0	0	0	0	0	0	0	0	0	0	0	0	0	0	0	0	0	0	0	0	0	0	0	0	0	0	0	0	0	0	0	0	0	0	0	0	0	0	0.94666	0	0	0	0	0	0	0	0	0	0	8.75724	0	0	0	0	0	0	0	0	0	0	0	0	0	0	0	5.90424	0	0	0	0	0	0	0	0	0	0	0	0	0	
0	0	0	0	0	0	0	0	0	0	0	0	0	0	0	0	0	0	0	0	0	0	0	0	0	0	0	0	0	0	0	0	0	0	0	0	0	0	0	0	0	0	0	0	0	0	0	0	0	0	0	0	0	0	0	0	0	0	0	0	0	0	0	0	0	0	0	0	0	9.51437	2.37108	0	0	0	0	0	0	0	7.38374	0	0	0	0	0	0	0	0	0	9.77936	2.2356	0	0	0	0	0	0	0	0	0	0	
0	0	0	0	0	0	0	0	0	0	0	0	0	0	0	0	0	0	0	0	0	0	0	0	0	0	0	0	0	0	0	0	0	0	0	0	0	0	0	0	0	0	0	0	0	0	0	0	0	0	0	0	0	0	0	0	0	0	0	0	0	0	0	0	0	0	0	0	5.60766	0	0	0	0	0	0	0	0	0	0	0	0	0	0	0	0	0	3.60036	0	0	0	0	0	0	0	0	0	0	0	0	0	
0	0	0	0	0	0	0	0	0	0	0	0	0	0	0	0	0	0	0	0	0	0	0	0	0	0	0	0	0	0	0	0	0	0	0	0	0	0	0	0	0	0	0	0	0	0	0	0	0	0	0	0	0	0	0	0	0	0	6.24137	0	0	0	0	0	0	0	0	0	0	0	0	0	0	0	0	7.50286	0	0	0	0	0	0	0	0	0	0	0	0	0	0	0	0	0	0	0	0	0	0	0	0	
0	0	0	0	0	0	0	0	0	0	0	0	0	0	0	0	0	0	0	0	0	0	0	0	0	0	0	0	0	0	0	0	8.62962	0	0	0	0	0	0	0	0	0	0	0	0	0	0	0	0	0	0.54962	0	0	0	0	0	0	0	0	0	0	0	1.91923	0	0	0	0	0	0	0	0	0	0	0	0	7.62311	0	0	0	0	0	0	0	0	0	0	0	0	0	0	0	0	0	0	0	0	0	0	0	0	
0	0	0	0	0	0	0	0	0	0	0	0	0	0	0	0	0	0	0	0	0	0	0	0	0	0	0	0	0	0	0	0	0	0	0	0	0	0	0	0	0	0	0	0	0	0	0	0	0	0	0	0	0	0	0	0	0	0	0	0	0	0	0	0	0	0	0	0	0	0	0	0	0	0	0	0	0	0	0	0	0	0	0	0	0	0	0	0	0	0	0	0	0	0	0	0	0	0	0	0	
0	0	0	0	0	0	0	0	0	0	0	0	0	0	0	0	0	0	0	0	0	0	0	0	0	0	0	0	0	0	0	0	0	0	0	0	0	0	0	0	0	0	0	0	0	0	0	0	0	0	0	0	0	0	0	0	0	0	0	0	0	0	0	0	0	0	0	0	0	0	0	0	0	0	0	0	0	0	0	0	0	0	0	0	0	0	0	0	0	0	0	0	0	0	0	0	0	0	0	0	
0	0	0	0	0	0	0	0	0	0	0	0	0	0	0	0	0	0	0	0	0	0	0	0	0	0	0	0	0	0	0	0	0	0	0	0	0	0	0	0	0	0	0	0	0	0	0	0	0	0	0	0	0	0	0	0	0	0	0	0	0	0	0	0	0	0	0	0	0	0	0	0	0	0	0	0	0	0	0	0	0	0	0	0	0	0	0	0	0	0	0	0	0	0	0	0	0	0	0	0	
0	0	0	0	0	0	0	0	0	0	0	0	0	0	0	0	0	0	0	0	0	0	0	0	0	0	0	0	0	0	0	0	0	0	0	0	0	0	0	0	0	0	0	0	0	0	0	0	0	0	0	0	0	0	0	0	0	0	0	0	0	0	0	0	0	0	0	0	0	0	0	0	0	0	0	0	0	0	0	0	0	0	0	0	0	0	0	0	0	0	0	0	0	0	0	0	0	0	0	0	
0	0	0	0	0	0	0	0	0	0	0	0	0	0	0	0	0	0	0	0	0	0	0	0	0	0	0	0	0	0	0	0	0	0	0	0	0	0	0	0	0	0	0	0	0	0	0	0	0	0	0	0	0	0	0	0	0	0	0	0	0	0	0	0	0	0	0	0	0	0	0	0	0	0	0	0	0	0	0	0	0	1.51339	0	0	0	0	0	0	0	0	0	0	0	0	0	0	0	0	0	0	
0	0	0	0	0	0	0	0	0	0	0	0	0	0	0	0	0	0	0	0	0	0	0	0	0	0	0	0	0	0	0	0	0	0	0	0	0	0	0	0	0	0	0	0	0	0	0	10.75241	0	0	0	0	0	0	0	0	0	0	0	0	0	0	0	0	0	0	0	0	0	0	0	0	0	0	9.58024	0	0	0	0	0	0	0	0	0	0	0	0	0	0	0	0	0	0	0	0	0	0	0	0	0	
