0	0	0	0	0	0	0	0	0	0	0	0	0	0	0	0	0	0	0	0	0	0	0	0	0	0	0	0	0	0	0	0	0	0	0	0	0	0	0	0	0	0	0	0	0	0	0	0	0	0	0	8.75835	0	0	0	0	0	0	0	0	0	0	0	0	0	0	0	0	0	0	0	0	0	0	0	0	0	0	0	0	0	0	0	0	0	0	0	0	0	0	0	0	0	0	0	0	0	0	0	0	
0	0	0	0	0	0	0	0	0	0	0	0	0	0	0	0	0	0	0	0	0	0	0	0	0	0	0	0	0	0	0	0	0	0	0	0	0	0	0	0	0	0	0	0	0	0	0	15.09548	0	0	0	0	0	0	0	0	0	0	0	0	0	0	0	11.00867	0	0	0	0	0	0	0	0	0	0	0	0	0	0	0	0	0	0	0	0	0	0	0	0	0	0	0	0	0	0	0	0	0	0	0	0	
0	0	0	0	0	0	0	0	0	0	0	0	0	0	0	0	0	0	0	0	0	0	0	0	0	0	0	0	0	0	0	0	0	0	0	0	0	0	0	0	0	0	0	0	0	0	0	0	0	0	0	0	0	0	9.66212	0	0	0	0	0	0	0	0	0	0	0	0	0	0	0	0	0	0	0	0	0	0	0	0	0	0	0	0	0	0	0	0	0	0	0	0	0	0	0	0	0	0	0	0	0	
0	0	0	0	0	0	0	0	0	0	0	0	0	0	0	0	0	0	0	0	0	0	0	0	0	0	0	0	0	0	0	0	0	0	0	0	0	0	0	0	0	0	0	0	0	0	14.33979	8.62019	0	0	0	0	0	0	0	0	0	0	0	0	0	0	0	0	0	0	0	0	0	0	0	0	0	0	0	0	0	0	0	0	0	0	0	0	0	0	0	0	0	0	0	0	0	0	0	0	0	0	0	0	
0	0	0	0	0	0	0	0	0	0	0	0	0	0	0	0	0	0	0	0	0	0	0	0	0	0	0	0	0	0	0	0	0	0	0	0	0	8.97557	0	0	0	0	0	12.86807	0	0	0	0	0	0	0	0	0	0	0	0	0	0	0	0	0	0	0	0	0	0	0	0	0	0	0	0	0	0	0	0	0	0	0	0	0	0	0	0	0	0	0	0	0	0	0	0	0	0	0	0	0	0	0	0	
0	0	0	0	0	0	0	0	0	0	0	0	0	0	0	0	0	0	0	0	0	0	0	0	0	0	0	0	0	0	0	0	0	0	0	0	0	0	0	0	0	0	0	0	0	0	0	0	0	0	0	0	0	0	0	0	0	0	0	0	0	0	0	0	0	0	0	0	0	0	0	0	9.28532	0	0	0	0	0	0	0	0	0	0	0	0	0	0	0	0	0	0	0	0	0	0	0	0	0	0	0	
0	0	0	0	0	0	0	0	0	0	0	0	0	0	0	0	0	0	0	0	0	0	0	0	0	0	0	0	0	0	0	0	0	0	0	0	0	0	0	0	0	0	0	0	0	0	0	0	0	0	0	0	0	0	0	0	0	0	0	0	0	0	0	0	0	0	0	0	0	0	0	0	0	0	10.84649	0	0	0	0	0	0	0	0	0	0	0	0	0	0	0	0	0	0	0	0	0	0	0	0	0	
0	0	0	0	0	0	0	0	0	0	0	0	0	0	0	0	0	0	0	0	0	0	0	0	0	0	0	0	0	0	0	0	0	0	0	0	0	0	0	0	0	0	0	0	0	0	0	0	0	0	0	9.87787	0	0	0	12.76138	0	0	0.55493	0	0	0	0	0	0	0	0	0	0	0	0	0	0	0	0	0	0	0	0	0	0	0	0	0	0	0	0	0	0	0	0	0	0	0	0	0	0	0	0	0	
0	0	0	0	0	0	0	0	0	0	0	0	0	0	0	0	0	0	0	0	0	0	0	0	0	0	0	0	0.55493	0	0	0	0	0	0	0	0	0	0	0	0	0	0	0	0	0	0	0	0	0	0	0	0	0	0	0	0	0	0	0	0	0	0	0	0	0	0	9.27184	0	0	0	0	0	0	0	0	0	0	0	0	0	0	0	0	0	0	0	0	0	0	0	0	0	0	0	0	0	0	0	0	
0	0	0	0	0	0	0	0	0	0	0	0	0	0	0	0	0	0	0	0	0	0	0	0	0	0	0	0	0	0	0	0	0	0	0	0	0	0	0	0	0	0	0	0	0	0	0	0	0	0	0	0	0	0	0	8.66973	0	0	0	0	0	0	0	0	0	0	0	0	0	0	0	0	0	0	0	0	0	0	0	0	0	0	0	0	0	0	0	0	0	0	0	0	0	0	0	0	0	0	0	0	
0	0	0	0	0	0	0	0	0	0	0	0	0	0	0	0	0	0	0	0	0	0	0	0	0	0	0	0	0	0	0	0	0	0	0	0	0	0	0	0	0	0	0	0	0	0	0	0	0	0	0	0	0	0	0	0	0	0	0	0	0	0	0	0	0	0	0	10.4311	0	0	0	0	0	0	0	0	0	0	0	0	0	0	0	0	0	0	0	0	0	0	0	0	0	0	0	0	0	0	0	0	
0	0	0	0	0	0	0	0	0	0	0	0	0	0	0	0	0	0	0	0	0	0	0	0	0	0	0	0	0	0	0	0	0	0	0	0	0	0	0	0	0	0	0	0	0	0	0	0	0	0	0	0	3.72209	0	0	0	2.17587	0	0	0	0	0	0	0	0	0	0	0	0	0	0	1.52426	0	0	0	0	0	0	0	0	0	0	0	0	0	0	0	0	0	0	0	0	0	0	0	0	0	0	0	0	
0	0	0	0	0	0	0	0	0	0	0	0	0	0	0	0	0	0	0	0	0	0	0	0	0	0	0	0	0	0	0	0	0	0	0	0	0	0	0	0	0	0	0	0	0	0	0	0	6.93106	0	0	0	12.11896	0	0	0	0	0	0	0	0	0	0	0	0	0	0	6.30997	0	0	0	0	0	0	0	0	0	0	0	0	0	0	0	0	0	0	0	0	0	0	0	0	0	0	0	0	0	0	0	0	
0	0	0	0	0	0	0	0	0	0	0	0	0	0	0	0	0	0	0	0	0	0	0	0	0	0	0	0	0	0	12.34222	0	0	0	0	0	0	0	0	3.50083	0	0	0	0	0	0	0	8.79233	0	0	0	0	0	0	0	0	0	9.14054	9.29612	0	10.21586	0	0	11.81619	0	0	0	0	0	0	0	0	0	0	0	0	0	0	0	0	0	0	0	0	0	0	0	0	0	0	0	0	0	0	0	0	0	0	0	0	
0	0	0	0	0	0	0	0	0	0	0	0	0	0	0	0	0	0	0	0	0	0	0	0	0	0	0	0	0	0	0	0	0	0	0	0	0	0	0	0	0	0	0	0	0	0	0	0	0	0	0	0	0	0	4.34804	0	0	0	0	0	0	0	0	0	0	0	0	0	0	0	0	0	0	0	0	0	0	0	0	0	0	0	0	0	0	0	0	0	0	0	0	0	0	0	0	0	0	0	0	0	
0	0	0	0	0	0	0	0	0	0	0	0	0	0	0	0	0	0	0	0	0	0	0	0	0	0	0	0	0	0	0	0	0	0	0	0	0	0	0	0	0	0	15.63908	0	0	0	0	0	0	0	0	0	9.50521	0	0	0	0	0	0	14.04155	0	0	0	0	0	0	0	0	0	0	0	10.46069	0	0	0	0	0	0	0	0	0	0	0	0	0	0	0	0	0	0	0	0	0	0	0	0	0	0	0	0	
0	0	0	0	0	0	0	0	0	0	0	0	0	0	0	0	0	0	0	0	0	0	0	0	0	0	0	0	0	0	0	0	0	0	0	0	0	0	0	0	0	0	0	6.60011	0	0	0	10.20162	0	0	0	8.79996	0	0	0	0	0	0	4.96348	0	0	0	0	0	0	0	0	0	0	0	0	0	0	0	0	0	0	0	0	0	0	0	0	0	0	0	0	0	0	0	0	0	0	0	0	0	0	0	0	0	
0	0	0	0	0	0	0	0	0	0	0	0	0	0	0	0	0	0	0	0	0	0	0	0	0	0	0	0	0	0	0	0	0	0	0	0	0	0	0	0	0	0	6.53098	0	0	0	0	0	0	0	0	0	0	0	0	8.268	0	0	0	0	0	0	0	0	0	0	0	0	11.96038	0	0	0	0	0	0	0	0	0	0	0	0	0	0	0	0	0	0	0	0	0	0	0	0	0	0	0	0	0	0	0	
0	0	0	0	0	0	0	0	0	0	0	0	0	0	0	0	0	0	0	0	0	0	0	0	0	0	0	0	0	0	0	0	0	0	0	0	0	0	0	0	13.3163	0	0	0	0	0	0	0	0	0	0	0	0	0	0	0	0	0	0	0	0	0	0	0	0	0	0	0	0	0	0	0	0	0	0	0	0	0	0	0	0	0	0	0	0	0	0	0	0	0	0	0	0	0	0	0	0	0	0	0	
0	0	0	0	0	0	0	0	0	0	0	0	0	0	0	0	0	0	0	0	0	0	0	0	0	0	0	0	0	0	0	0	0	0	0	0	0	0	0	0	0	0	0	0	0	0	0	11.93209	0	0	5.82444	0	0	0	0	0	0	0	0	0	0	0	0	0	0	0	0	0	0	0	0	0	0	0	0	0	7.90551	0	0	0	0	0	0	0	0	0	0	0	0	0	0	0	0	0	0	0	0	0	0	0	
0	0	0	0	0	0	0	0	0	0	0	0	0	0	0	0	0	0	0	0	0	0	0	0	0	0	0	0	0	0	0	0	0	0	0	0	0	0	0	0	0	0	0	0	0	0	0	9.47699	0	0	10.39687	9.81044	0	0	0	0	5.13928	0	10.22319	0	10.10526	0	0	0	0	9.03613	0	0	0	0	0	0	0	0	0	0	0	0	0	0	0	0	0	0	0	0	0	0	0	0	0	0	0	0	0	0	0	0	0	0	
0	0	0	0	0	0	0	0	0	0	0	0	0	0	0	0	0	0	0	0	0	0	0	0	0	0	0	0	0	0	0	0	0	0	0	0	0	0	0	0	0	8.39607	0	0	0	0	0	0	0	0	0	0	0	0	0	0	0	0	0	0	0	0	0	0	0	0	0	0	3.08841	0	0	0	0	0	0	0	0	0	0	0	0	0	0	0	0	0	0	0	0	0	0	0	0	0	0	0	0	0	0	0	
0	0	0	0	0	0	0	0	0	0	0	0	0	0	0	0	0	0	0	0	0	0	0	0	0	0	0	0	0	0	0	0	0	0	0	0	0	0	0	0	0	0	0	0	0	0	0	5.74252	0	0	0	0	0	0	0	0	0	0	0	0	0	0	0	0.55493	0	0	0	0.55493	0	0	0	0	0	0	0	0	0	0	0	0	0	0	0	0	0	0	0	0	0	0	0	0	0	0	0	0	0	0	0	0	
0	0	0	0	0	0	0	0	0	0	0	0	0	0	0	0	0	0	0	0	0	0	0	0	0	0	0	0	0	0	0	12.66682	0	0	0.95472	0	0	0	0	0	0	0	0	0	0	0	0	0	0	0	0	0	0	0	0	0	0	0	0	0	0	0	0	0	0	0	0	0	0	0	0	0	0	0	0	0	0	0	0	0	0	0	0	0	0	0	0	0	0	0	0	0	0	0	0	0	0	0	0	0	
0	0	0	0	0	0	0	0	0	0	0	0	0	0	0	0	0	0	0	0	0	0	0	0	0	0	0	0	0	0	0	0	0	0	0	0	0	0	0	0	0	0	0	10.33901	0	0	0	0	0	8.58767	0	0	0	0	10.23951	0	0	0	0	0	0	0	0	0	0	0	0	0	0	0	0	0	0	0	0	0	0	0	0	0.63371	0	0	0	0	0	0	0	0	0	0	0	0	0	0	0	0	0	0	0	0	
0	0	0	0	0	0	0	0	0	0	0	0	0	0	0	0	0	0	0	0	0	0	0	0	0	0	0	0	0	0	0	0	9.23903	0	0	0	0	0	0	0	0	0	0	0	0	0	0	3.43977	0	0	4.05644	0.72019	0	0	0	0	0	0	8.01683	0	0	0	0	0	0	0	0	0	0	0	4.93325	0	0	0	0	0	0	0	0	0	0	0	0	0	0	5.54486	0	0	0	0	0	0	0	0	0	0	0	0	0	0	
0	0	0	0	0	0	0	0	0	0	0	0	0	0	0	0	0	0	0	0	0	0	0	0	0	0	0	0	0	0	0	0	0	0	0	0	0	0	0	12.20375	0	0	0	0	16.63164	0	4.001	0	0	0	0	0	0	0	0	0	0	0	0	0	0	0	0	0	0	0	0	0	0	0	0	0	0	0	0	0	0	0	0	0	0	0	0	0	0	0	0	0	0	0	0	0	0	0	0	0	0	0	0	0	
0	0	0	0	0	0	0	0	0	0	0	0	0	0	0	0	0	0	0	0	0	0	0	0	0	0	0	0	0	0	0	0	0	0	0	11.8341	0	0	0	0	0	0	0	0	0	0	0	9.39493	0	0	0	0	0	6.52999	0	0	0	0	0	0	9.13934	0	0	0	0	0	0	0	0	0	0	0	0	0	0	0	0	0	0	0	0	0	0	0	0	0	0	0	0	0	0	0	0	0	11.79139	0	0	0	0	0	
0	0	0	0	0	0	0	0	0	0	0	0	0	0	0	0	0	0	0	0	0	0	0	0	0	0	0	0	0	0	0	0	0	0	0	0	0	0	0	0	0	14.33217	0	0	0	0	0	0	0	0	0	0	0.55493	0	0	0	0	0	0	0	0	0	0	0	0	0	0	0	0	0	0	5.4949	0	0	0	0	0	0	0	0	0	0	0	0	0	0	0	0	0	0	0	0	0	0	0	0	0	0	0	0	
0	0	0	0	0	0	0	0	0	0	0	0	0	0	0	0	0	0	0	0	0	0	0	0	0	0	0	0	0	0	0	0	0	0	0	0	0	0	0	0	7.62609	0	0	0	10.07044	0	0	6.21941	0	0	0.55493	11.9675	0	0	0	11.16627	0	0	7.76324	0	7.92235	0	0	0	0	0	0	0	0	0	0	0	0	0	0	0	0	0	0	0	0	0	0	0	0	0	0	0	0	0	0	0	0	0	0	5.41784	0	0	0	0	
0	0	0	0	0	0	0	0	0	0	0	0	0	0	0	0	0	0	0	0	0	0	0	0	0	0	0	0	0	0	0	0	0	0	0	0	0	0	0	0	0	0	0	0	15.75536	0	0	0	0	0.55493	0	0	6.86873	0	0	0	0	7.49717	0	0	0	5.99682	0	0	0	0	0	0	0	0	0	0	0	0	0	0	0	0	0	0	0	0	0	0	0	0	0	0	0	0	0	0	0	0	0	0	0	0	0	0	
0	0	0	0	0	0	0	0	0	0	0	0	0	0	0	0	0	0	0	0	0	0	0	0	0	0	0	0	0	0	0	0	0	0	0	0	0	0	0	0	0	0	0	11.00076	0	0	12.18425	0	0	0	8.12987	0	0	0	0	0	0	0	0	7.05329	0	0	0	0	8.28979	0	0	11.10829	0	0	0	0	9.88605	0	0	0	6.61623	0	0	0	0	0	0	0	0	0	0	0	0	0	0	0	0	0	0	0	0	0	0	0	
0	0	0	0	0	0	0	0	0	0	0	0	0	0	0	0	0	0	0	0	0	0	0	0	0	0	0	0	0	0	0	0	0	0	0	0	0	0	0	0	0	0	0	0	2.09886	0	0	11.45609	0	0	0	9.42918	7.03792	0	0	9.86153	0	0	2.24878	0	0	0	0	0	0	0	0	10.08297	0	0	0	0	0	12.08976	0	0	0	0	0	0	0	0	0	0	0	0	0	0	0	0	0	0	0	0	0	0	0	0	0	0	
0	0	0	0	0	0	0	0	0	0	0	0	0	0	0	0	0	0	0	0	0	0	0	0	0	0	0	0	0	0	0	0	0	0	0	0	0	16.82918	0	0	0	0	0	0	0	0	0	0	9.11758	0	0	4.45583	0	0	0	0	8.11041	0	0	1.74222	0	0	0	0	0	0	0	0	0	0	0	0	0	0	6.34041	0	0	0	0	0	0	0	0	0	0	0	0	0	0	0	0	0	0	0	0	0	0	0	0	0	
0	0	0	0	0	0	0	0	0	0	0	0	0	0	0	0	0	0	0	0	0	0	0	0	0	0	0	0	0	0	0	0	0	0	0	0	0	0	0	0	0	0	14.99003	0	0	9.61025	0	12.822	0	0	3.82117	0	11.25035	0	9.70086	0	0	0	0	0	0	0	0	7.00669	0	0	0	2.09886	0	0	7.36793	0	0	0	0	0	0	0	0.95472	0	0	0	0	0	0	0	0	0	0	0	0	0	0	0	0	0	0	0	0	0	
0	0	0	0	0	0	0	0	0	0	0	0	0	0	0	0	0	0	0	0	0	0	0	0	0	0	0	0	0	0	0	0	0	0	0	0	0	0	0	0	0	0	0	0	0	0	0	7.49342	10.77915	0	0	9.56897	0	0	0	0	0	0	0	0	0	0	0	0	0.95472	0	0	0	0	0	0	0	0	0	0	0	0	0	0	0	0	0	0	0	0	0	0	0	0	0	10.11993	0	0	0	0	0	0	0	0	0	
0	0	0	0	0	0	0	0	0	0	0	0	0	0	0	0	0	0	0	0	0	0	0	0	0	0	0	0	0	0	0	0	0	0	0	0	0	0	0	0	0	0	0	0	0	0	0	13.08889	0	0	0	0	9.0768	0	0	0	0	0	11.25766	12.67233	0	0	0	0	0	0	0	0	0	0	0	0	0	0	0	0	0	0	0	0	0	0	0	0	0	0	0	0	0	0	0	0	0	0	0	0	0	0	5.88675	0	
0	0	0	0	0	0	0	0	0	0	0	0	0	0	0	0	0	0	0	0	0	0	0	0	0	0	0	0	0	0	0	0	0	0	0	0	0	0	0	0	0	0	5.25016	0	0	0	0	0	0	8.59853	0	7.72856	0	7.3473	0	0	0	0	0	0	0	0	0	0	13.18729	0	0	0	0	0	0	0	0	0	0	0	12.64226	0	0	0	0	0	0	0	0	0	0	0	0	0	0	0	0	0	0	0	0	0	0	0	
0	0	0	0	0	0	0	0	0	0	0	0	12.88041	0	0	0	0	0	0	0	0	0	0	0	0	0	0	0	0	0	10.39486	0	0	0	0	0	0	0	0	0	0	0	9.82892	0	0	0	0	9.13814	0	0	13.16071	0	0	9.29397	2.9198	0	9.89366	0	0	0	0	0	0	7.71252	11.54008	8.3799	0	0	0	0	0	0	0	0	0	0	0	0	0	0	0	0	0	0	0	0	0	0	0	0	0	0	0	0	0	0	0	0	0	0	
0	0	0	0	0	0	0	0	0	0	0	0	0	0	0	0	0	0	0	0	0	0	0	0	0	0	0	0	0	0	0	0	0	0	0	0	0	0	0	0	0	0	0	0	0	11.1709	5.47982	0	1.93153	13.56266	0.55493	9.6174	8.0321	0	11.55702	5.47548	0	0	0	0	13.02131	0	0	0	0	0	0	0	0	6.5427	0	0	0	0	0	0	4.42993	0	0	0	0	0	0	0	0	0	0	0	0	0	0	0	0	0	0	0	0	0	0	0	
0	0	0	0	0	0	0	0	0	0	0	0	0	0	0	9.13453	0	0	0	0	0	0	0	0	0	0	0	0	0	0	0	0	0	0	0	4.91093	12.42306	0	0	0	0	0	0	3.30931	0	10.88958	5.8076	9.01796	3.16586	9.35518	0	0	3.08841	0	12.02059	0	0	0	0	4.40403	0	8.51183	0	3.66988	0	8.69445	0	0	11.83965	0	6.81564	0	0	0	0	10.59156	0	2.62295	0	2.50868	0	0	0	0	0	0	0	0	0	0	9.64363	0	0	0	0	0	0	0	0	0	
0	0	0	0	0	0	0	0	0	0	0	0	0	0	0	0	0	0	0	0	0	0	0	0	0	0	11.7097	0	0	0	0	4.19823	0	0	7.39633	0	0	0	0	0	12.33402	0	0	0	0	0	0	0	8.76733	3.9581	2.82747	8.99427	9.54289	0	10.00015	0	6.61623	0	4.52066	0	1.52426	4.99843	0	0	0	7.25284	0	0	0	0	0	0	0	10.40088	0	0	0	0	0	0	0	0	0	0	0	0	0	0	0	0	0	0	0	0	0	0	7.58085	0	0	0	
0	0	0	0	0	0	0	0	0	0	0	0	0	0	0	0	0	0	0	12.40807	0	0	0	0	0	0	0	0	0	0	0	0	0	0	0	0	0	0	0	0	0	0	0	13.55834	0	0	10.60976	9.61802	10.13506	0	7.27922	9.18366	10.88636	0	0	0	13.51951	0	0	7.562	6.57987	0	0	12.42442	0	9.14413	0	5.79222	0	0	0	0	0	0	0	0	0	0	0	0	0	0	0	0	0	0	0	0	0	0	6.66432	0	0	0	0	0	0	0	0	0	
0	0	0	0	0	0	0	0	0	0	0	0	8.10304	0	0	0	0	0	0	9.7707	0	0	0	0	0	0	0	0	0	0	0	0	0	8.22067	0	0	0	0	0	0	0	10.49346	13.86811	0	8.06939	0	0	2.82107	8.84773	0	3.16586	8.05441	7.6002	1.91188	10.1172	0.55493	4.71135	5.22548	6.22232	0	0	0	0	0	7.71252	0	0	0	0	0	0	0	0	0	0	0	0	0	12.8079	2.38457	0	0	0	0	0	0	0	0	0	0	0	0	0	0	0	0	0	0	0	0	
0	0	0	0	0	0	0	0	0	0	0	0	0	0	0	0	0	0	0	0	0	0	0	15.80803	0	0	0	0	0	0	0	0	0	0	0	0	0	0	11.29089	0	0	0	8.56223	10.51628	0.95472	0	9.15141	5.58314	0	6.49434	10.51905	6.83565	0	0	0	0	0	5.52677	15.48983	11.05616	12.5314	0	0	0	8.79843	0	2.9198	0	0	0	0	0	0	0	0	0	0	0	0	0	0	0	0	0	0	0	0	0	0	0	0	0	0	0	0	0	0	0	0	0	
0	0	8.16802	0	0	0	0	0	0	0	0	0	0	0	0	0	0	0	0	0	0	0	0	0	0	0	0	0	0	0	0	0	0	0	0	0	0	0	0	0	10.60169	0	0	0	0	10.1181	0	6.23012	9.53653	11.76361	0	9.24015	9.41092	10.23831	5.38583	9.21645	0	0	2.38457	0	8.07076	0	8.04016	10.00542	0	0	0	0	0	0	0	7.13191	0	0	0	0	0.55493	0	0	0	0	0	0	0	0	0	0	0	0	0	0	0	0	0	0	0	0	0	0	0	
0	0	0	0	0	0	0	0	0	0	0	10.32324	0	0	0	0	0	0	0	0	0	0	0	0	0	0	0	0	0	0	0	0	7.08853	0	0	0	0	8.82299	13.39461	3.43977	10.369	7.62695	0	0	12.12768	5.34761	11.17357	10.84402	10.50409	0	10.92238	0	2.42987	5.94761	0	9.92657	3.66191	10.25803	0	0	0	0	0	0	0	0	0	6.75428	0	0	0	0	10.3797	0	0	12.40932	0	0	11.88955	0	0	0	0	0	0	0	0	0	0	0	0	0	0	0	0	8.67224	0	0	0	0	
0	0	0	0	0	0	0	0	0	0	0	0	0	0	0	0	0	0	0	0	0	0	0	0	0	0	0	0	0	0	0	0	0	0	3.77249	7.87387	0	0	0	9.31005	0	13.21218	0	10.91043	14.28877	9.92935	7.37148	8.51604	9.24795	11.21093	9.62112	10.7722	1.52426	8.80869	0	0	8.046	0	0	5.46023	7.2169	0	1.52426	0	0	0	0	0	0	0	0	0	0	0	0	0	0	0	1.26742	0	0	0	0	0	0	0	0	9.34793	0	0	0	0	0	0	0	0	0	0	0	0	
0	0	0	0	0	0	0	0	9.58403	0	9.08803	0	0	0	0	0	0	0	0	0	0	0	0	0	0	0	5.92066	0	0	0	0	0	0	0	0	0	0	11.04756	12.07415	0	10.17585	8.31338	0	10.56757	0.95472	11.80937	10.10616	7.85066	9.67162	9.91267	0	6.79363	0	0	0	0	9.93354	2.50868	0	0	0	0	2.38457	0	0	0	13.49998	0	0	0	0	0	0	0	0	0	0	0	0	0	0	0	0	0	0	0	0	0	0	0	0	0	0	10.44815	0	0	0	0	0	0	
0	0	0	0	0	0	0	0	0	0	0	9.74412	0	0	11.25093	0	0	0	0	0	0	0	0	0	0	0	0	0	0	0	0	10.95138	0	0	4.19823	0	10.60107	0	0	11.71029	0.55493	0	10.49132	10.82594	11.13532	7.94407	11.11359	8.89181	1.19229	9.93742	7.22697	10.40472	11.07002	7.75046	0	7.67989	11.07991	0	0	15.49177	9.16904	4.09799	0	10.78107	0	0	0	0	0	0	0	0	0	0.55493	0	7.12074	0	0	0	0	0	0	0	4.79382	0	0	0	0	0	0	0	0	0	0	0	0	0	0	0	0	
0	0	0	0	0	0	0	0	0	0	0	0	13.25005	0	0	0	0	0	0	0	0	0	0	0	0	0	0	0	0	9.90312	0	0	7.70929	0	1.52426	0	11.79882	0	12.90489	10.46549	10.97427	8.48753	7.85778	8.74589	8.8753	5.53652	11.49509	10.73976	5.6512	8.40559	11.12376	10.34005	9.7122	8.77915	5.06292	6.86979	10.2234	0	0	9.3249	2.38457	0	0	0	0	0	0	0	0	0	0	0	0	9.56101	0	0	0	0	0	0	11.53803	0	0	0	0	0	0	0	0	0	0	0	0	0	0	0	0	0	0	0	
0	0	0	0	0	0	0	13.74135	0	0	0	9.96333	0	0	0	0	0	0	0	0	0	0	0	0	0	0	0	8.82702	0	0	3.23937	0	12.63792	0	0	0	9.47033	4.76922	7.55307	9.88515	9.45139	4.8272	0	10.56783	11.08794	10.0884	9.44162	9.83139	10.84753	10.48545	4.67107	9.30762	8.10297	8.74422	7.36713	5.44209	12.79405	4.4978	5.80453	8.55206	7.21315	11.71956	6.95853	0	10.07985	0	0	0	0	0	0	0	0	7.1847	0	0	0	0	0	0	0	0	0	0	0	0	0	0	0	0	0	0	0	0	0	0	0	0	0	0	
8.70097	0	0	0	0	0	0	0	9.13582	0	0	0	6.60931	0	0	0	0	0	0	0	0	0	0	0	8.18672	0	0	9.14413	0	0	0	0	14.62033	0	11.21614	8.47427	0	6.51627	10.90991	5.78384	6.56711	9.35875	6.4331	9.92923	11.6768	10.6531	8.86486	9.91781	6.74481	4.72264	10.81053	5.20586	11.34779	2.3744	10.10199	9.35851	8.43765	6.96582	0	10.10065	0	1.26742	0	4.47453	0	6.9087	0	0	0	0	0.95472	0	0	0	0	0	0	0	0	0	0	0	3.5509	0	0	13.29123	0	0	0	0	0	0	0	0	0	0	0	0	0	0	
0	0	0	11.16244	0	0	0	0	0	0	0	0	0	0	0	0	0	0	8.77699	0	0	11.1645	0	3.30931	11.00645	6.40886	0	0	9.68697	8.20288	12.69101	0	11.77585	0	0	0	0	9.41666	11.70201	9.78492	8.83379	6.4383	9.72157	9.02256	9.78262	10.16459	9.23592	8.64831	10.18248	7.70782	9.27947	8.45114	9.9763	6.48235	6.45515	9.423	0	1.12439	4.26969	8.52138	0	2.09886	9.50148	0	0	0	0	0	0	4.79382	0	0	7.14221	0	3.16586	9.18889	11.02857	2.1239	0	0	0	0	0	0	0	0	0	0	0	0	0	0	0	0	0	0	0	0	0	0	
8.46472	0	0	0	11.5514	9.24337	0	0	0	0	0	0	0	0	0	0	0	11.02207	0	0	0	0	0	0	11.36024	0	10.55647	8.57175	0	13.01691	11.10245	0	0	0	11.41802	10.03346	4.91697	11.65515	11.48684	10.94563	8.12692	9.362	10.16322	9.54945	9.19248	9.19835	9.8228	8.62176	8.68969	9.74222	5.86352	9.73073	12.20346	5.76044	10.01409	8.37771	8.69508	2.0428	2.50933	9.79656	9.1854	0	4.79708	9.793	10.5738	10.39335	8.02843	0	0	0	0	0	0	0	6.59538	0	0	0	0	0	0	0	0	0	0	0	0	0	0	0	0	0	0	0	0	5.53924	0	0	0	0	
0	0	0	0	0	0	0	0	8.40807	0	7.54506	0	0	0	0	0	12.2933	16.01002	10.39486	8.06311	10.16011	5.80505	0	0	0	13.89248	0	8.6344	8.8327	10.49674	0	10.66123	12.15532	7.13534	9.97708	11.37068	6.55212	7.5965	10.74184	11.0803	10.19349	8.82895	3.33278	8.05882	9.96254	8.34464	9.06159	9.17067	8.29126	6.70956	8.13188	10.89918	6.83911	7.48301	5.14453	5.99524	4.86553	9.33855	0	11.968	5.66092	3.43977	9.41099	0	7.35741	11.14102	0	0	0	0	0	2.38457	0	0	8.64459	0	0	0	9.48079	0	0	0	0	0	0	3.37601	0	0	0	0	0	0	0	0	0	6.98548	0	0	0	0	
0	11.5969	0	0	0	5.92066	0	0	0	0	0	0	0	0	7.03792	10.07546	0	11.11989	8.82238	0	8.32398	0	3.00657	0	0	0	0	0	10.62668	9.91998	7.54971	0	11.32295	3.22974	11.04756	8.40116	9.20948	9.10476	9.06509	9.54795	8.65694	7.46463	8.4147	8.55617	9.39221	6.7181	8.80976	9.3477	8.63431	8.05408	7.51498	8.43895	7.20654	6.85719	8.85012	7.07046	2.24878	7.08195	7.76615	8.40008	0	7.89133	0	11.84701	9.96165	1.26742	5.15141	13.08313	0	0	0	0	0	0	0	0.95472	0	0	0	0	8.75932	0	0	0	0	0	0	0	0	0	0	0	0	0	0	0	0	0	0	0	
0	11.6391	8.33869	0	8.08511	0	0	0	0	0	10.38173	0	0	0	7.02239	10.2847	0	8.47617	0	0	3.72209	7.70929	7.82763	9.15027	11.37713	11.38094	0	4.80338	10.63253	7.26483	10.71013	11.05139	10.31828	10.24279	10.49601	3.72188	8.22643	8.38691	7.05799	8.56648	8.09854	8.98047	7.05553	7.5838	6.86451	7.05198	9.0079	7.21346	9.1506	8.27338	7.95216	7.76959	7.10232	7.60215	6.92835	5.85825	7.91634	8.04256	5.22017	8.30485	0	7.47874	10.74866	10.4739	2.55999	3.16586	1.52426	0	0	2.09886	0	9.11722	0	8.35738	8.94706	0	4.84181	0	0.55493	0	0	0	0	4.86293	0	2.41254	0	0	0	0	0	0	0	0	0	0	0	0	0	0	
0	0	0	0	0	0	0	0	6.69019	0	9.27443	13.27689	0	0	0	0	0	0	10.35511	0	10.44573	0	0	0	0	13.56339	10.33169	0	2.82747	10.18125	8.07222	6.99612	7.05329	8.97251	10.47367	10.60357	6.36986	8.24391	9.03497	8.59207	6.94504	7.33417	9.32016	8.13837	6.94185	6.5171	6.6843	7.59302	8.68673	9.49379	9.40605	9.05786	7.54736	6.10519	6.81292	8.37595	7.61575	7.04185	9.27115	9.81254	11.13135	5.35824	10.13566	8.28372	0	7.89644	0	8.21758	0	0	0	0	0	0	0	0	0	0	0	0	0	6.17598	0	0	0	0	0	7.79227	7.33058	7.52316	0	0	0	0	0	0	0	0	0	0	
0	0	0	0	0	0	0	0	9.91227	8.60342	0	2.9198	0	11.81017	0	0	0	1.26742	5.26783	4.67667	0	0	0	8.81974	6.37664	11.58945	3.37601	8.55385	2.85205	10.31876	0	6.09706	4.61502	3.65044	5.18796	8.54988	8.09064	7.30638	10.00042	5.51816	8.75397	9.05952	7.67485	9.15694	6.51298	6.65043	8.26227	8.28984	6.39238	8.82781	7.87734	7.68084	7.49354	5.78226	7.55289	7.4589	7.75616	12.38284	10.29605	4.99781	6.03681	8.63471	8.8712	3.86827	3.50335	9.37594	10.66082	0	0	0	0	0	0	9.33332	6.65704	0	0	0	13.4144	0	0	0	0	0	0	0	0	0	7.00669	0	0	0	0	0	0	0	0	0	0	0	
0	0	8.2614	6.06267	0	1.93153	0	7.43595	10.05906	0	0	0	0	0	0	0	0	9.51657	0	0	0	0	0	11.05139	0	8.53938	0	10.23593	5.53924	8.10887	0	6.90193	0	10.06855	6.66106	8.46088	7.19843	6.16457	4.31158	9.79812	6.8016	8.24465	8.11456	7.39117	8.296	8.10115	7.03247	8.83599	8.3027	7.14462	7.72862	8.17232	8.33159	7.3976	7.27608	6.83636	7.5607	9.11363	7.42488	6.00268	10.79054	8.89836	4.81021	9.46938	3.79314	0	0	7.62648	2.38457	5.55832	2.31904	0	12.42442	0	0	0	8.40096	0	0	0	0	0	5.14159	0	0	0	0	0	0	0	0	0	0	0	0	0	0	0	0	0	
0	0	0	0	0	0	0	0	0	0	9.74727	6.27544	8.52468	0	11.64904	0	0	7.54506	0	7.26609	0	0	0	0	0	0	7.16125	7.23048	9.84156	0	8.20059	8.75155	7.44331	7.36802	5.1915	6.46531	9.32352	8.50516	6.64474	7.68416	7.8851	5.66701	6.91151	7.2017	6.7879	7.83697	6.64527	7.98419	7.10035	6.17143	5.907	9.35468	8.98093	5.98809	6.0709	6.40484	5.71163	7.77618	9.49659	5.59535	7.6832	5.03954	7.37483	6.48068	0	5.81434	4.46659	4.40108	0	0	8.96748	0	7.42918	0.63371	0	12.8412	0	0	0	0	0	0	0	0	0	0	0	0	5.62229	0	0	0	0	0	0	0	0	0	0	0	
0	0	0	0	0	0	0	0	0	10.30838	0	0	12.6716	0	0	0	0	0	0	0	0	0	0	9.68746	0	0	8.8467	0	0	4.74582	6.88067	0	0	6.41518	9.12244	7.50464	3.77249	0	0	9.23454	4.97809	10.04568	3.38204	6.95892	8.07264	7.19324	6.48504	7.60502	9.38733	5.31527	7.27323	8.61765	6.82335	6.63438	8.31879	7.51293	5.81934	7.17137	4.50607	5.50432	7.74507	5.69758	3.00227	7.33772	6.40314	6.06508	7.44375	8.81054	6.70216	0	0	5.61023	0	4.12254	0	1.26742	10.26504	0	0	0	0	0	0	0	10.83653	0	0	1.52426	0	0	0	7.58085	0	0	0	0	6.28415	0	0	0	
0	0	0	0	0	0	0	0	0	0	0	7.20319	0	0	0	0	0	5.46175	13.53134	0	0	0	0	1.93153	0	0	0	11.03471	0	0	0	0	4.97599	5.33388	6.45671	0	3.90727	8.5816	3.92982	3.96946	7.23778	8.11986	7.05758	2.31973	0	5.92246	6.37921	4.6999	6.70888	7.00845	6.70196	10.09163	7.95567	4.55344	7.30562	6.21572	6.3631	7.83351	6.72184	7.9389	6.19342	4.25829	0	6.23587	6.33766	0	7.44165	6.09909	9.80515	8.17194	0	0	0	0.95472	0	9.36342	0	8.70422	0	0	0	11.83516	0	0	0	0	0	0	0	0	0	0	0	0	0	0	0	0	0	0	
0	0	0	0	6.11599	0	0	0	0	0	9.02057	0	3.16586	0	0	11.79216	0	0	6.32693	0	5.85457	10.66374	0	0	0	5.11998	5.46457	0	0	10.3467	0	9.46782	7.97978	0	0	3.91389	10.96971	10.55413	10.35718	10.28603	6.17524	8.18439	6.41979	7.147	4.51999	6.15661	11.84002	5.91531	8.32423	8.95022	7.51186	5.27302	8.20726	7.22135	5.9472	7.07381	5.7726	8.52243	2.64069	5.20598	5.88375	7.12123	4.21423	5.8761	6.95226	0	9.69265	9.40219	0	0	7.92484	8.10304	6.71938	9.54455	6.68541	0	5.17093	0	0	0	6.01786	0	0	17.09587	0	0.55493	0	0	0	0	0	0	0	0	0	0	0	0	0	0	
0	0	0	0	0	0	0	0	0	0	0	5.61023	2.48845	0	0	9.87384	0	0	0	4.40403	0.55493	0	0.55493	0	0	0	0	0	0	4.2841	3.66988	5.58517	0	0	0	8.96748	0	0	0	4.46659	5.27347	5.34827	3.91661	4.94021	8.35089	3.15134	5.744	5.51968	6.94473	5.49285	0	0	7.04087	9.15384	10.94246	6.87015	7.42606	6.49969	5.87602	5.97133	7.15136	7.07568	8.89559	7.76621	5.82533	6.85321	9.04768	7.84069	0	8.43216	0	6.70161	7.66084	9.77302	10.47027	0	1.93153	0	4.23463	0	0	0	0	0	0	0	0	0	0	0	0	0	0	0	0	0	0	0	0	0	
0	0	0	9.9504	0	0	0	0	0	0	0	0	0	0	0	0	6.79141	0	0	0	0	0	6.18531	0	0	0	6.8478	6.46134	6.77296	6.37664	0	0	0	0	0	12.18788	0	0	5.38583	2.9769	4.78934	0	1.26742	0	3.67451	11.39257	6.14822	5.08053	5.07759	4.65273	4.59578	5.66466	8.2024	7.50092	6.36556	7.17758	8.65307	6.76723	5.33881	7.05554	7.90341	7.57783	8.58706	9.02726	8.35267	7.82407	6.18303	10.12721	10.09704	8.58746	1.72279	8.86762	5.61233	4.24458	5.47354	0	12.92835	1.52426	5.03561	8.38599	0.95472	7.00669	6.4247	0	0	0	0	0	0	0	0	0	0	0	0	0	0	13.94406	0	11.64946	
0	0	5.49308	0	0	0	0	0	0	0	0	0	0	0	0	0	0	0	0	0	8.47996	0	0	0	0	7.86545	0	8.62283	0	9.74727	0	10.12781	10.32007	0	9.66045	0	0	8.2804	5.85127	0	7.70605	0	0	9.67474	11.66809	9.82692	0.91118	3.68312	6.33533	4.12132	2.50868	8.73313	7.91215	8.54312	6.85847	8.56995	3.91389	3.8854	7.3474	7.32064	3.17126	6.26413	6.21202	2.28791	4.14542	5.32966	6.00276	0	8.49955	3.431	4.77143	6.50129	6.56556	6.99917	0	0	4.94285	0	3.89806	6.4247	0	4.23749	0	0	0	0	0	0	3.47914	0	0	0	0	0	0	0	5.8284	0	0	0	
0	0	0	0	2.24878	0	0	0	0	0	0	0	9.09052	0	0	0	0	0	0	0	6.19458	4.27014	0	0	0	0	0	7.62345	0	0	0	3.9581	9.29935	0	0	0	6.59538	0	0.95472	6.85125	0	0	4.48708	0	5.01924	0	4.8366	9.01273	9.44725	3.52055	6.34369	4.12741	9.46555	3.58146	8.61788	6.25407	0	5.49226	4.96393	0.93124	5.86242	7.06328	7.44469	6.35769	6.0946	8.98847	4.53166	2.17414	5.23272	6.4622	6.14859	0	0	9.06018	0	9.10386	5.70392	6.25691	0	0	0	0	0	0	9.72745	0	0	0	0	0	0	0	0	0	0	0	8.93051	0	0	0	
0	0	0	0	0	0	0	0	5.71701	0	0	0	0	0	0	0	8.89399	1.93153	5.36955	0	0	0	0	0	6.19851	0	0	0	0	0	0	0	0	0	7.77256	6.9476	0	7.42812	0	0	0	0	0	13.12888	0	8.29747	10.2847	7.56307	0	4.81476	0	10.13084	10.31636	7.68696	0	7.45922	0	7.1721	0	5.40521	8.09341	8.29626	7.50405	9.53653	4.72886	6.55833	6.51879	8.73974	8.68954	5.00735	8.14151	2.85205	7.30237	10.71537	7.50495	3.15369	8.9762	9.9862	0	0	8.86815	10.30838	10.20353	0	2.18586	0.95472	6.90306	4.23463	3.66988	0	5.36971	0	0	10.63306	0	0	0	0	0	0	
0	0	0	0	0	0	0	0	0	0	0	0	0	0	0	0	0	0	0	0	7.91901	0	0	0	0	0	0	0	0	4.58411	0	0	0	0	6.91433	0	0	0	0	0	9.52371	0	9.73303	7.84793	5.57149	0	0	7.12292	10.78184	5.20815	9.61543	0	0	5.53919	3.04482	6.85718	0	0	8.04352	8.78312	10.29282	5.87166	3.34787	4.94391	6.98581	7.08862	5.54326	3.41038	5.4892	5.99819	8.60211	6.51174	2.89243	4.67725	4.97925	0	3.90612	0	4.00186	0	0	0	0.55493	0	0	0	8.20062	0	0	0	0	0	0	0	0	0	0	0	0	0	
0	0	0	0	7.07353	0	0	0	0	0	0	5.81644	0	3.00657	0	0	0	0	0	0	0	0	0	0	0	0	0	0	0	0	0	0	0	0	0	0	0	0	0	7.71767	0	0	5.62402	0	4.35364	0	1.46975	5.76758	0	0	1.52426	0	0	0	9.85788	0	0	1.26742	0	11.17098	7.86272	0	6.18342	7.33146	6.75706	0	0.55493	5.79148	10.14791	3.99501	7.76334	8.26787	9.47739	4.87649	0	0	6.01105	3.50083	8.03049	6.44037	2.09886	7.16125	2.82747	0	0	0	5.94284	12.23705	0	4.27258	0	0	0	0	7.80621	0	0	0	0	0	
0	0	0	0	0	0	0	0	0	0	0	0	0	0	0	0	0	3.70021	0	0	0	10.37257	8.54482	0	0	0	9.79985	0	0	0	0	0	0	8.80932	7.79202	0	0	0	0	0	0	0	0	0	0	0	0	0	0.95472	0	8.05041	0	0	0	0	9.37493	9.02134	8.69163	3.37601	7.29655	0	7.09599	2.60312	0	6.95315	5.96398	5.62686	7.31908	5.09076	4.69783	7.10048	5.80723	5.31668	6.04713	9.57676	6.12941	6.20446	0	8.89541	7.39979	0	0	6.92406	0	8.91797	8.71917	0.55493	4.84181	0	9.49072	0	0	0	0	0	0	8.82432	0	0	0	
0	0	0	0	0	0	0	0	7.46826	0	0	0	0	0	0	0	0	0	0	0	0	0	0	0	0	0	0	11.21378	0	0	0	0	0	0	0	0	0	0	0	10.05218	0	0	0	0	0	6.71617	0	8.79233	7.84793	0	0	10.24733	0	0	0	0	0	0	7.49224	0	9.86261	0	8.37047	9.88209	5.92897	5.35603	3.9858	0	0	5.56841	7.6659	1.74222	8.43536	8.97975	9.10399	9.3917	1.58293	0	0.55493	5.34047	5.19162	7.32871	10.13926	10.70431	7.05553	0	0.55493	0	0	0	7.28357	0	11.41496	0	0	0	0	0	0	0	
0	0	0	0	0	0	0	0	0	0	0	0	0	7.64987	0	0	0	0	0	0.55493	0	0	0	0	0	2.75029	0	0	0	0	0	0	0	0	7.64312	0	0	5.68538	0	0	10.84354	0	0	9.40893	0	0	0	0	0	0	2.09886	5.08053	0	0	5.85202	0	0	0	0	6.25758	5.36427	0	7.23742	8.72835	3.00657	5.61615	8.13495	9.25905	0	4.85125	6.51128	0	4.51764	5.39125	8.52842	6.87139	4.33869	5.53157	6.53765	3.42022	0	6.22181	9.74016	4.11979	3.3352	0	0	6.82761	5.63024	0	7.73493	0	0	8.04529	0	0	0	0	4.88853	0	
0	0	0	0	0	0	0	8.18904	0	0	0	0	0	0	0	0	0	0	0	0	0	0	10.59845	0	0	0	0	0	10.0074	0	0	0	0	0	9.06241	0	0	0.95472	0	0	0	2.44156	0	0	0	0	7.42106	0	0	0	0	0	10.5084	0	0	0	4.7614	3.43977	0	4.82726	9.80367	0	0	5.85092	0	0.55493	0	6.97036	6.48962	9.71864	8.22595	6.58002	9.07178	4.93027	7.11318	6.53856	6.13752	4.001	6.41379	5.59577	8.65864	7.29529	4.1535	0	4.13189	0	0	3.39749	0	0	7.6465	7.66737	0	0	0	0	8.85067	0	0	0	
0	0	0	0	0	0	0	0	0	0	0	0	0	0	0	0	0	0	0	0	0	0	0	0	0	0	0	0	0	0	0	0	0	0	0	0	0	4.30318	0	0	0	0	0	0	0	0	0	0	0	3.43977	0	3.777	0	4.49376	0	0	3.91389	6.04795	4.76922	0	5.44916	0	7.9445	13.04023	7.65995	4.81081	0	0	8.42685	6.30353	0	3.23937	5.64221	10.62631	7.07464	9.4032	0	3.56465	4.81727	7.55724	1.58344	8.05041	4.40403	0	0	0	2.11241	0	0	0	0	0	6.36438	10.32281	9.48646	0	0	0	0	0	
0	0	0	0	0	0	0	8.25919	0	0	0	0	0	0	0	0	0	0	0	0	0	0	0	0	0	0	0	0	0	0	0	0	0	0	0	0	0	3.54854	0	3.30931	0	0	0	0	0	0	0	0	0	0	3.4454	0	0	7.57021	6.63787	0	0	8.12424	9.80515	11.03309	0	0	0	7.4798	8.22336	10.47646	0	0	6.58273	5.71954	8.30457	4.66321	4.33267	6.31466	8.09564	6.97051	2.62132	0	7.27725	5.75424	6.66625	9.7707	4.65182	3.89944	2.67938	0	0	0.18498	0	0	6.67702	0	0	0	0	1.83163	0	0	0	0	
0	0	0	0	0	0	0	0	0	0	0	0	0	0	0	0	0	0	0	0	0	0	0	0	0	8.05804	0	0	0	0	0	0	0	0	0	0	0	11.94467	0	0	0	0	0	0	11.07039	0	0	0	6.09909	0	0	0	0	0	0	0.55493	0	0	0	0	0	0	8.5365	0	0	4.46571	4.1781	8.24248	0	6.32923	1.91059	0	7.74401	0	6.0386	6.6344	0	6.47794	6.2507	5.85355	3.33317	0	5.85421	0	6.4168	6.32394	0	0	0	0	9.33122	0	0	0	0	0	0	4.16088	0	0	
0	0	0	0	0	0	0	0	0	0	0	0	7.82722	0	0	0	0	0	0.55493	0	0	0	0	0	0	0	0	0	0	0	0	0	0	0	0	0	0	0	0	0	0	0	0	0	0	0	0	8.34286	0	0	2.38457	0	9.56003	0	0	0	0	0	0	4.26945	0	0	0	5.75716	3.30931	5.01924	9.34681	0	10.05207	0	0	8.67802	0	0	0	2.11456	6.13528	7.90221	5.14579	3.52936	0	6.38786	4.08119	4.2548	3.38029	2.35936	6.61713	1.52426	6.25786	0	0	0	0	6.10893	0	0	0	0	0	0	
0	0	0	0	0	0	0	0	0	0	0	0	0	0	0	0	0	0	0	0	0	0	0	0	0	0	0	0	0	0	0	0	10.50421	0	0	0	0	0	0	0	8.18206	0	0	0	0	0	0	0	0	0	0	0	0	0	0	0	6.98867	0	0	0	8.09113	0	0	5.05566	0	8.02465	0	0	5.88722	0	0	0	10.45973	0	0	3.30931	0	0	4.99526	9.66238	5.35485	7.38017	10.63934	0	4.46659	0	0	0	0.95472	0.55493	5.37259	5.4761	4.94081	0	0	0	0	0	0	0	
0	0	0	0	0	0	0	1.54421	0	0	0	0	0	0	0	0	0	0	0	0	0	0	0	0	0	0	0	5.06038	0	0	0	0	0	0	0	0	0	0	0	0	0	0	0	0	0	0	0	0	0	0	0	0	0	0	0	0	0	0	0	0	0	0	0	0	0	0	0	0	0	0	2.8936	3.44143	6.44084	0	0	9.6571	10.54646	0	9.2001	5.30357	0	5.65462	0	8.21204	2.24878	8.21535	0	9.89034	0	0	0	0	0	0	0	9.90453	0	0	0	0	
0	0	0	0	0	0	0	0	0	0	0	0	0	0	0	0	0	0	0	0	8.49129	0	0	0	0	0	0	0	0	0	9.29397	0	0	0	0	0	0	0	0	0	0	0	0	0	0	0	0	0	0	0	0	0	0	0	0	0	0	0	0	14.44394	0	0	0	0	5.28529	8.71875	8.00897	5.88087	0	0	0	0	0	0	0	1.93153	5.84188	0	0	0	3.93813	0	0	0	4.82491	0.95472	7.09522	4.2968	9.26015	0	6.06916	6.5014	10.50794	0.55493	0	5.86369	0	0	0	0	
0	0	0	0	0	0	0	0	0	0	0	0	0	0	0	0	0	0	0	0	0	0	0	0	0	0	0	0	0	0	0	0	0	0	0	0	0	0	0	0	0	0	0	0	0	0	0	0	5.15839	0	0	0	0	0	0	0	0	0	0	0	0	0	0	0	0	0	0	0	0	8.47996	10.19978	9.73223	6.74789	0	10.09478	7.43204	0	8.51369	0	0	0	7.89986	7.7933	0	3.35162	0	0.95472	0	0	3.03961	0	2.63137	7.80357	0	2.72883	0	0	0	0	0	
0	0	0	0	0	0	0	0	0	0	0	0	0	0	0	5.33643	0	0	0	0	0	0	0	0	0	0	0	0	0	0	0	0	0	0	5.80438	0	0	0	0	0	0	0	0	0	0	0	0	0	0	0	0	0	0	0	0	0	0	0	0	0	0	0	0	0	0	0	0	1.74222	0	0	0	0	0	3.66988	0	0	0	1.25434	0	0	0	0	0	0	3.25066	0	4.48981	4.32899	6.60931	9.97224	9.01927	0	9.12244	0	0	0	0	0	0	0	
0	0	0	0	0	0	0	0	0	0	0	0	0	0	0	0	0	0	0	0	0	0	0	0	0	0	0	0	0	0	0	0	0	0	0	0	0	0	0	0	0	0	0	0	0	0	0	0	8.90391	7.59142	0	0	0	0	0	0	0	0	0	3.08841	0	0	0	0	0	5.92526	0	0	0	0	0	4.61205	0	0	0	0	0	11.65177	0	4.57668	10.32746	0	0	9.17841	0	0	0	0	0	0	0	0	0	0	0	0	0	0	0	0	
0	0	0	0	0	0	0	0	0	0	0	0	0	0	0	0	0	0	0	0	0	0	0	0	0	0	0	0	0	0	0	0	0	0	0	0	0	0	0	0	0	0	0	0	0	0	0	0	0	0	0	0	0	0	0	2.10334	0	0	7.63633	0	0	0	0	0	7.30084	0	0	0	0	0	0	0	0	2.82747	0	0	5.56805	0	0	0	2.92149	7.54326	6.23214	8.04249	0	0	0	6.53098	8.04555	0	10.153	8.47807	8.40208	0	0	0	0	0	0	0	
0	0	0	0	0	0	0	0	0	0	0	0	0	0	0	0	0	0	0	0	0	0	0	0	0	0	0	0	0	0	0	0	0	0	0	0	0	0	0	0	0	0	0	0	0	0	0	0	0	0	0	0	0	0	0	0	0	0	0	0	0	0	0	0	0	0	0	0	0	0	0	0	0	0	0	0	0	0	0	0	0	0	0	0	0	0	0	0	0	0	0	9.8217	0	0	0	0	0	0	0	0	
0	0	0	0	0	0	0	0	0	0	0	0	0	0	0	0	0	0	0	0	0	0	0	0	0	0	0	0	0	0	0	0	0	0	0	0	0	0	0	0	0	0	0	0	0	0	0	0	0	0	0	0	0	0	0	0	0	0	0	0	0	0	0	0	0	0	0	0	0	0	6.30355	0	0	0	0	0	3.43977	0	0	5.38583	0	0	0	10.41978	0	0	0	0	0	0	7.73675	9.03999	0	0	0	0	0	0	0	0	
0	0	0	0	0	0	0	0	0	0	0	0	0	0	0	0	0	0	0	0	0	0	0	0	0	0	0	0	0	0	0	0	0	0	0	0	0	0	0	0	0	0	0	0	0	0	0	0	0	0	0	0	0	0	0	0	0	0	0	3.43977	0	0	0	0	0	0	0	0	0	0	6.84538	0	0	0	0	0	0	0	0	0	0	0	0	0	0	0	4.88826	0	0	0	0	0	0	0	0	0	0	0	0	0	
0	0	0	0	0	0	0	0	0	0	0	0	0	0	0	0	0	0	0	0	0	0	0	0	0	0	0	0	0	0	0	0	0	0	0	0	0	0	0	0	0	0	0	0	0	0	0	0	0	0	0	0	0	0	0	0	0	0	0	0	0	0	0	0	0	0	0	0	0	8.97557	0.95472	0	0	0	0	0	0	0	5.63767	0	0	0	0	0	0	0	0	0	10.44038	0.95472	0	0	0	0	0	0	0	0	0	0	
0	0	0	0	0	0	0	0	0	0	0	0	0	0	0	0	0	0	0	0	0	0	0	0	0	0	0	0	0	0	0	0	0	0	0	0	0	0	0	0	0	0	0	0	0	0	0	0	0	0	0	0	0	0	0	0	0	0	0	0	0	0	0	0	0	0	0	0	1.74222	0	0	0	0	0	0	0	0	0	0	0	0	0	0	0	0	0	2.24878	0	0	0	0	0	0	0	0	0	0	0	0	0	
0	0	0	0	0	0	0	0	0	0	0	0	0	0	0	0	0	0	0	0	0	0	0	0	0	0	0	0	0	0	0	0	0	0	0	0	0	0	0	0	0	0	0	0	0	0	0	0	0	0	0	0	0	0	0	0	0	0	7.78181	0	0	0	0	0	0	0	0	0	0	0	0	0	0	0	0	7.59492	0	0	0	0	0	0	0	0	0	0	0	0	0	0	0	0	0	0	0	0	0	0	0	0	
0	0	0	0	0	0	0	0	0	0	0	0	0	0	0	0	0	0	0	0	0	0	0	0	0	0	0	0	0	0	0	0	5.35309	0	0	0	0	0	0	0	0	0	0	0	0	0	0	0	0	0	0.55493	0	0	0	0	0	0	0	0	0	0	0	0	0	0	0	0	0	0	0	0	0	0	0	0	2.38457	0	0	0	0	0	0	0	0	0	0	0	0	0	0	0	0	0	0	0	0	0	0	0	0	
0	0	0	0	0	0	0	0	0	0	0	0	0	0	0	0	0	0	0	0	0	0	0	0	0	0	0	0	0	0	0	0	0	0	0	0	0	0	0	0	0	0	0	0	0	0	0	0	0	0	0	0	0	0	0	0	0	0	0	0	0	0	0	0	0	0	0	0	0	0	0	0	0	0	0	0	0	0	0	0	0	0	0	0	0	0	0	0	0	0	0	0	0	0	0	0	0	0	0	0	
0	0	0	0	0	0	0	0	0	0	0	0	0	0	0	0	0	0	0	0	0	0	0	0	0	0	0	0	0	0	0	0	0	0	0	0	0	0	0	0	0	0	0	0	0	0	0	0	0	0	0	0	0	0	0	0	0	0	0	0	0	0	0	0	0	0	0	0	0	0	0	0	0	0	0	0	0	0	0	0	0	0	0	0	0	0	0	0	0	0	0	0	0	0	0	0	0	0	0	0	
0	0	0	0	0	0	0	0	0	0	0	0	0	0	0	0	0	0	0	0	0	0	0	0	0	0	0	0	0	0	0	0	0	0	0	0	0	0	0	0	0	0	0	0	0	0	0	0	0	0	0	0	0	0	0	0	0	0	0	0	0	0	0	0	0	0	0	0	0	0	0	0	0	0	0	0	0	0	0	0	0	0	0	0	0	0	0	0	0	0	0	0	0	0	0	0	0	0	0	0	
0	0	0	0	0	0	0	0	0	0	0	0	0	0	0	0	0	0	0	0	0	0	0	0	0	0	0	0	0	0	0	0	0	0	0	0	0	0	0	0	0	0	0	0	0	0	0	0	0	0	0	0	0	0	0	0	0	0	0	0	0	0	0	0	0	0	0	0	0	0	0	0	0	0	0	0	0	0	0	0	0	0	0	0	0	0	0	0	0	0	0	0	0	0	0	0	0	0	0	0	
0	0	0	0	0	0	0	0	0	0	0	0	0	0	0	0	0	0	0	0	0	0	0	0	0	0	0	0	0	0	0	0	0	0	0	0	0	0	0	0	0	0	0	0	0	0	0	0	0	0	0	0	0	0	0	0	0	0	0	0	0	0	0	0	0	0	0	0	0	0	0	0	0	0	0	0	0	0	0	0	0	0	0	0	0	0	0	0	0	0	0	0	0	0	0	0	0	0	0	0	
0	0	0	0	0	0	0	0	0	0	0	0	0	0	0	0	0	0	0	0	0	0	0	0	0	0	0	0	0	0	0	0	0	0	0	0	0	0	0	0	0	0	0	0	0	0	0	9.81119	0	0	0	0	0	0	0	0	0	0	0	0	0	0	0	0	0	0	0	0	0	0	0	0	0	0	9.72786	0	0	0	0	0	0	0	0	0	0	0	0	0	0	0	0	0	0	0	0	0	0	0	0	0	
