0	0	0	0	0	0	0	0	0	0	0	0	0	0	0	0	0	0	0	0	0	0	0	0	0	0	0	0	0	0	0	0	0	0	0	0	0	0	0	0	0	0	0	0	0	0	0	0	0	0	0	7.85172	0	0	0	0	0	0	0	0	0	0	0	0	0	0	0	0	0	0	0	0	0	0	0	0	0	0	0	0	0	0	0	0	0	0	0	0	0	0	0	0	0	0	0	0	0	0	0	0	
0	0	0	0	0	0	0	0	0	0	0	0	0	0	0	0	0	0	0	0	0	0	0	0	0	0	0	0	0	0	0	0	0	0	0	0	0	0	0	0	0	0	0	0	0	0	0	15.1565	0	0	0	0	0	0	0	0	0	0	0	0	0	0	0	11.32256	0	0	0	0	0	0	0	0	0	0	0	0	0	0	0	0	0	0	0	0	0	0	0	0	0	0	0	0	0	0	0	0	0	0	0	0	
0	0	0	0	0	0	0	0	0	0	0	0	0	0	0	0	0	0	0	0	0	0	0	0	0	0	0	0	0	0	0	0	0	0	0	0	0	0	0	0	0	0	0	0	0	0	0	0	0	0	0	0	0	0	11.22063	0	0	0	0	0	0	0	0	0	0	0	0	0	0	0	0	0	0	0	0	0	0	0	0	0	0	0	0	0	0	0	0	0	0	0	0	0	0	0	0	0	0	0	0	0	
0	0	0	0	0	0	0	0	0	0	0	0	0	0	0	0	0	0	0	0	0	0	0	0	0	0	0	0	0	0	0	0	0	0	0	0	0	0	0	0	0	0	0	0	0	0	14.20181	6.29869	0	0	0	0	0	0	0	0	0	0	0	0	0	0	0	0	0	0	0	0	0	0	0	0	0	0	0	0	0	0	0	0	0	0	0	0	0	0	0	0	0	0	0	0	0	0	0	0	0	0	0	0	
0	0	0	0	0	0	0	0	0	0	0	0	0	0	0	0	0	0	0	0	0	0	0	0	0	0	0	0	0	0	0	0	0	0	0	0	0	4.24901	0	0	0	0	0	13.33096	0	0	0	0	0	0	0	0	0	0	0	0	0	0	0	0	0	0	0	0	0	0	0	0	0	0	0	0	0	0	0	0	0	0	0	0	0	0	0	0	0	0	0	0	0	0	0	0	0	0	0	0	0	0	0	0	
0	0	0	0	0	0	0	0	0	0	0	0	0	0	0	0	0	0	0	0	0	0	0	0	0	0	0	0	0	0	0	0	0	0	0	0	0	0	0	0	0	0	0	0	0	0	0	0	0	0	0	0	0	0	0	0	0	0	0	0	0	0	0	0	0	0	0	0	0	0	0	0	8.93757	0	0	0	0	0	0	0	0	0	0	0	0	0	0	0	0	0	0	0	0	0	0	0	0	0	0	0	
0	0	0	0	0	0	0	0	0	0	0	0	0	0	0	0	0	0	0	0	0	0	0	0	0	0	0	0	0	0	0	0	0	0	0	0	0	0	0	0	0	0	0	0	0	0	0	0	0	0	0	0	0	0	0	0	0	0	0	0	0	0	0	0	0	0	0	0	0	0	0	0	0	0	8.10759	0	0	0	0	0	0	0	0	0	0	0	0	0	0	0	0	0	0	0	0	0	0	0	0	0	
0	0	0	0	0	0	0	0	0	0	0	0	0	0	0	0	0	0	0	0	0	0	0	0	0	0	0	0	0	0	0	0	0	0	0	0	0	0	0	0	0	0	0	0	0	0	0	0	0	0	0	8.16435	0	0	0	14.69907	0	0	1.81295	0	0	0	0	0	0	0	0	0	0	0	0	0	0	0	0	0	0	0	0	0	0	0	0	0	0	0	0	0	0	0	0	0	0	0	0	0	0	0	0	0	
0	0	0	0	0	0	0	0	0	0	0	0	0	0	0	0	0	0	0	0	0	0	0	0	0	0	0	0	4.45594	0	0	0	0	0	0	0	0	0	0	0	0	0	0	0	0	0	0	0	0	0	0	0	0	0	0	0	0	0	0	0	0	0	0	0	0	0	0	5.86007	0	0	0	0	0	0	0	0	0	0	0	0	0	0	0	0	0	0	0	0	0	0	0	0	0	0	0	0	0	0	0	0	
0	0	0	0	0	0	0	0	0	0	0	0	0	0	0	0	0	0	0	0	0	0	0	0	0	0	0	0	0	0	0	0	0	0	0	0	0	0	0	0	0	0	0	0	0	0	0	0	0	0	0	0	0	0	0	7.88278	0	0	0	0	0	0	0	0	0	0	0	0	0	0	0	0	0	0	0	0	0	0	0	0	0	0	0	0	0	0	0	0	0	0	0	0	0	0	0	0	0	0	0	0	
0	0	0	0	0	0	0	0	0	0	0	0	0	0	0	0	0	0	0	0	0	0	0	0	0	0	0	0	0	0	0	0	0	0	0	0	0	0	0	0	0	0	0	0	0	0	0	0	0	0	0	0	0	0	0	0	0	0	0	0	0	0	0	0	0	0	0	10.7354	0	0	0	0	0	0	0	0	0	0	0	0	0	0	0	0	0	0	0	0	0	0	0	0	0	0	0	0	0	0	0	0	
0	0	0	0	0	0	0	0	0	0	0	0	0	0	0	0	0	0	0	0	0	0	0	0	0	0	0	0	0	0	0	0	0	0	0	0	0	0	0	0	0	0	0	0	0	0	0	0	0	0	0	0	2.12151	0	0	0	3.98144	0	0	0	0	0	0	0	0	0	0	0	0	0	0	3.22939	0	0	0	0	0	0	0	0	0	0	0	0	0	0	0	0	0	0	0	0	0	0	0	0	0	0	0	0	
0	0	0	0	0	0	0	0	0	0	0	0	0	0	0	0	0	0	0	0	0	0	0	0	0	0	0	0	0	0	0	0	0	0	0	0	0	0	0	0	0	0	0	0	0	0	0	0	6.99456	0	0	0	10.38386	0	0	0	0	0	0	0	0	0	0	0	0	0	0	7.72605	0	0	0	0	0	0	0	0	0	0	0	0	0	0	0	0	0	0	0	0	0	0	0	0	0	0	0	0	0	0	0	0	
0	0	0	0	0	0	0	0	0	0	0	0	0	0	0	0	0	0	0	0	0	0	0	0	0	0	0	0	0	0	10.78351	0	0	0	0	0	0	0	0	14.63448	0	0	0	0	0	0	0	8.43548	0	0	0	0	0	0	0	0	0	8.20092	6.31759	0	7.90832	0	0	12.4823	0	0	0	0	0	0	0	0	0	0	0	0	0	0	0	0	0	0	0	0	0	0	0	0	0	0	0	0	0	0	0	0	0	0	0	0	
0	0	0	0	0	0	0	0	0	0	0	0	0	0	0	0	0	0	0	0	0	0	0	0	0	0	0	0	0	0	0	0	0	0	0	0	0	0	0	0	0	0	0	0	0	0	0	0	0	0	0	0	0	0	4.98147	0	0	0	0	0	0	0	0	0	0	0	0	0	0	0	0	0	0	0	1.41992	0	0	0	0	0	0	0	0	0	0	0	0	0	0	0	0	0	0	0	0	0	0	0	0	0	
0	0	0	0	0	0	0	0	0	0	0	0	0	0	0	0	0	0	0	0	0	0	0	0	0	0	0	0	0	0	0	0	0	0	0	0	0	0	0	0	0	0	14.02058	0	0	0	0	0	0	0	0	0	8.63109	0	0	0	0	0	0	9.98582	0	0	0	0	0	0	0	0	0	0	0	7.77929	0	0	0	0	0	0	0	0	0	0	0	0	0	0	0	0	0	0	0	0	0	0	0	0	0	0	0	0	
0	0	0	0	0	0	0	0	0	0	0	0	0	0	0	0	0	0	0	0	0	0	0	0	0	0	0	0	0	0	0	0	0	0	0	0	0	0	0	0	0	0	0	7.40554	0	0	0	10.0798	0	0	0	7.68172	0	0	0	0	0	0	4.81387	0	0	0	0	0	0	0	0	0	0	0	0	0	0	0	0	0	0	0	0	0	0	0	0	0	0	0	0	0	0	0	0	0	0	0	0	0	0	0	0	0	
0	0	0	0	0	0	0	0	0	0	0	0	0	0	0	0	0	0	0	0	0	0	0	0	0	0	0	0	0	0	0	0	0	0	0	0	0	0	0	0	0	0	4.98104	0	0	0	0	0	0	0	0	0	0	0	0	8.67019	0	0	0	0	0	0	0	0	0	0	0	0	11.22997	0	0	0	0	0	0	0	0	0	0	0	0	0	0	0	0	0	0	0	0	0	0	0	0	0	0	0	0	0	0	0	
0	0	0	0	0	0	0	0	0	0	0	0	0	0	0	0	0	0	0	0	0	0	0	0	0	0	0	0	0	0	0	0	0	0	0	0	0	0	0	0	13.82888	0	0	0	0	0	0	0	0	0	0	0	0	0	0	0	0	0	0	0	0	0	0	0	0	0	0	0	0	0	0	0	0	0	0	0	0	0	0	0	0	0	0	0	0	0	0	0	0	0	0	0	0	0	0	0	0	0	0	0	
0	0	0	0	0	0	0	0	0	0	0	0	0	0	0	0	0	0	0	0	0	0	0	0	0	0	0	0	0	0	0	0	0	0	0	0	0	0	0	0	0	0	0	0	0	0	0	12.2915	0	0	5.52738	0	0	0	0	0	0	0	0	0	0	0	0	0	0	0	0	0	0	0	0	0	0	0	0	0	6.56745	0	0	0	0	0	0	0	0	0	0	0	0	0	0	0	0	0	0	0	0	0	0	0	
0	0	0	0	0	0	0	0	0	0	0	0	0	0	0	0	0	0	0	0	0	0	0	0	0	0	0	0	0	0	0	0	0	0	0	0	0	0	0	0	0	0	0	0	0	0	0	9.83385	0	0	10.40942	8.19887	0	0	0	0	7.20909	0	12.60496	0	9.17042	0	0	0	0	9.7245	0	0	0	0	0	0	0	0	0	0	0	0	0	0	0	0	0	0	0	0	0	0	0	0	0	0	0	0	0	0	0	0	0	0	
0	0	0	0	0	0	0	0	0	0	0	0	0	0	0	0	0	0	0	0	0	0	0	0	0	0	0	0	0	0	0	0	0	0	0	0	0	0	0	0	0	10.71289	0	0	0	0	0	0	0	0	0	0	0	0	0	0	0	0	0	0	0	0	0	0	0	0	0	0	2.59149	0	0	0	0	0	0	0	0	0	0	0	0	0	0	0	0	0	0	0	0	0	0	0	0	0	0	0	0	0	0	0	
0	0	0	0	0	0	0	0	0	0	0	0	0	0	0	0	0	0	0	0	0	0	0	0	0	0	0	0	0	0	0	5.88831	0.50477	0	0	0	0	0	0	0	0	0	0	0	0	0	0	6.52214	0	0	0	0	0	0	0	0	0	0	0	0	0	0	0	3.96927	0	0	0	0.50477	0	0	0	0	0	0	0	0	0	0	0	0	0	0	0	0	0	0	0	0	0	0	0	0	0	0	0	0	0	0	0	0	
0	0	0	0	0	0	0	0	0	0	0	0	0	0	0	0	0	0	0	0	0	0	0	0	0	0	0	0	0	0	0	10.01415	0	0	1.81295	0	0	0	0	0	0	0	0	0	0	0	0	0	0	0	0	0	0	0	0	0	0	0	0	0	0	0	0	0	0	0	0	0	0	0	0	0	0	0	0	0	0	0	0	0	0	0	0	0	0	0	0	0	0	0	0	0	0	0	0	0	0	0	0	0	
0	0	0	0	0	0	0	0	0	0	0	0	0	0	0	0	0	0	0	0	0	0	0	0	0	0	0	0	0	0	0	0	0	0	0	0	0	0	0	0	0	0	0	11.27847	0	0	0	0	0	9.97865	0	0	0	0	8.0031	0	0	0	0	0	0	0	0	0	0	0	0	0	0	0	0	0	0	0	0	0	0	0	0	0.43903	0	0	0	0	0	0	0	0	0	0	0	0	0	0	0	0	0	0	0	0	
0	0	0	0	0	0	0	0	0	0	0	0	0	0	0	0	0	0	0	0	0	0	0	0	0	0	0	0	0	0	0	0	5.89847	0	0	0	0	0	0	0	0	0	0	0	0	0	0	3.16347	0	0	5.25857	4.76043	0	0	0	0	0	0	8.34543	0	0	0	0	0	0	0	0	0	0	0	4.04445	0	0	0	0	0	0	0	0	0	0	0	0	0	0	6.18654	0	0	0	0	0	0	0	0	0	0	0	0	0	0	
0	0	0	0	0	0	0	0	0	0	0	0	0	0	0	0	0	0	0	0	0	0	0	0	0	0	0	0	0	0	0	0	0	0	0	0	0	0	0	11.00877	0	0	0	0	17.13459	0	11.87447	0	0	0	0	0	0	0	0	0	0	0	0	0	0	0	0	0	0	0	0	0	0	1.17428	0	0	0	0	0	0	0	0	0	0	0	0	0	0	0	0	0	0	0	0	0	0	0	0	0	0	0	0	0	0	
0	0	0	0	0	0	0	0	0	0	0	0	0	0	0	0	0	0	0	0	0	0	0	0	0	0	0	0	0	0	0	0	0	0	0	11.64574	0	0	0	0	0	0	0	0	0	0	0	8.50866	0	0	0	0	0	5.30315	0	0	0	0	0	0	6.94637	0	0	0	0	0	0	0	0	0	0	0	0	0	0	0	0	0	0	0	0	0	0	0	0	0	0	0	0	0	0	0	0	0	10.41916	0	0	0	0	0	
0	0	0	0	0	0	0	0	0	0	0	0	0	0	0	0	0	0	0	0	0	0	0	0	0	0	0	0	0	0	0	0	0	0	0	0	0	0	0	0	0	14.12764	0	0	0	0	0	0	0	0	0	0	1.81295	0	0	0	0	0	0	0	0	0	0	0	0	0	0	1.17428	0	0	0	5.3652	0	0	0	0	0	0	0	0	0	0	0	0	0	0	0	0	0	0	0	0	0	0	0	0	0	0	0	0	
0	0	0	0	0	0	0	0	0	0	0	0	0	0	0	0	0	0	0	0	0	0	0	0	0	0	0	0	0	0	0	0	0	0	0	0	0	0	0	0	9.4773	0	0	0	11.99412	0	0	4.70404	0	0	4.28045	12.39331	0	0	0	10.95681	0	0	9.5075	0	6.87092	0	0	0	0	0	0	0	0	0	0	0	0	0	0	0	0	0	0	0	0	0	0	0	0	0	0	0	0	0	0	0	0	0	0	3.52022	0	0	0	0	
0	0	0	0	0	0	0	0	0	0	0	0	0	0	0	0	0	0	0	0	0	0	0	0	0	0	0	0	0	0	0	0	0	0	0	0	0	0	0	0	0	0	0	0	14.09527	0	0	0	0	6.88633	0	0	5.82575	0	0	0	0	6.59897	0	0	0	4.08062	0	0	0	0	0	0	0	0	0	0	0	0	0	0	0	0	0	0	0	0	0	0	0	0	0	0	0	0	0	0	0	0	0	0	0	0	0	0	
0	0	0	0	0	0	0	0	0	0	0	0	0	0	0	0	0	0	0	0	0	0	0	0	0	0	0	0	0	0	0	0	0	0	0	0	0	0	0	0	0	0	0	13.2253	0	0	11.36854	0	0	0	5.94827	0	0	0	0	0	0	0	0	5.05563	0	0	0	0	10.28995	0	0	8.76076	0	0	0	0	10.43889	0	0	0	2.37557	0	0	0	0	0	0	0	0	0	0	0	0	0	0	0	0	0	0	0	0	0	0	0	
0	0	0	0	0	0	0	0	0	0	0	0	0	0	0	0	0	0	0	0	0	0	0	0	0	0	0	0	0	0	0	0	0	0	0	0	0	0	0	0	0	0	0	0	3.21904	0	0	9.93857	0	0	0	5.94238	5.89847	0	0	5.32052	0	0	0	0	0	0	0	0	0	0	0.87806	6.35499	0	0	0	0	0	7.62251	0	0	0	0	0	0	0	0	0	0	0	0	0	0	0	0	0	0	0	0	0	0	0	0	0	0	
0	0	0	0	0	0	0	0	0	0	0	0	0	0	0	0	0	0	0	0	0	0	0	0	0	0	0	0	0	0	0	0	0	0	0	0	0	14.65243	0	0	0	0	0	0	0	0	0	0	4.15035	0	0	6.39298	0	0	1.17428	0	6.86056	0	0	1.17428	0	0.87806	0	0	0	0	0	0	0	0	0	0	0	0	5.63308	0	0	0	0	0	0	0	0	0	0	0	0	0	0	0	0	0	0	0	0	0	0	0	0	0	
0	0	0	0	0	0	0	0	0	0	0	0	0	0	0	0	0	0	0	0	0	0	0	0	0	0	0	0	0	0	0	0	0	0	0	0	0	0	0	0	0	0	13.89813	0	0	9.13216	0	11.47802	0	0	7.61019	0	11.99516	0	10.87967	0	0	0	0	0	0	0	0	6.87092	0	0	0	1.6298	0	0	6.44792	0	0	0	0	0	0	0	0.87806	0	0	0	0	0	0	0	0	0	0	0	0	0	0	0	0	0	0	0	0	0	
0	0	0	0	0	0	0	0	0	0	0	0	0	0	0	0	0	0	0	0	0	0	0	0	0	0	0	0	0	0	0	0	0	0	0	0	0	0	0	0	0	0	0	0	0	0	0	5.69185	9.28045	0	0	11.05552	0	0	0	0	0	0	0	0	0	0	0	0	2.12151	0	0	0	0	0	0	0	0	0	0	0	0	0	0	0	0	0	0	0	0	0	0	0	0	0	11.11205	0	0	0	0	0	0	0	0	0	
0	0	0	0	0	0	0	0	0	0	0	0	0	0	0	0	0	0	0	0	0	0	0	0	0	0	0	0	0	0	0	0	0	0	0	0	0	0	0	0	0	0	0	0	0	0	0	11.54881	0	0	0	0	9.86917	6.03378	0	0	0	0	9.92005	4.21687	0	0	0	0	0	0	0	0	0	0	0	0	0	0	0	0	0	0	0	0	0	0	0	0	0	0	0	0	0	0	0	0	0	0	0	0	0	0	4.04445	0	
0	0	0	0	0	0	0	0	0	0	0	0	0	0	0	0	0	0	0	0	0	0	0	0	0	0	0	0	0	0	0	0	0	0	0	0	0	0	0	0	0	0	6.22367	0	0	0	0	0	0	8.65783	0	6.17431	0	7.74307	0	0	0	0	0	0	0	0	0	0	10.61724	0	0	0	0	0	0	0	0	0	0	0	9.09617	0	0	0	0	0	0	0	0	0	0	0	0	0	0	0	0	0	0	0	0	0	0	0	
0	0	0	0	0	0	0	0	0	0	0	0	12.51695	0	0	0	0	0	0	0	0	0	0	0	0	0	0	0	0	0	9.85031	0	0	0	0	0	0	0	0	0	0	0	6.73614	0	0	0	0	6.06119	0	0	14.46722	0	0	1.81295	2.68845	0	9.68071	0	0	0	0	0	0	8.32107	9.78124	7.67963	0	0	0	0	0	0	0	0	0	0	0	0	0	0	0	0	0	0	0	0	0	0	0	0	0	0	0	0	0	0	0	0	0	0	
0	0	0	0	0	0	0	0	0	0	0	0	0	0	0	0	0	0	0	0	0	0	0	0	0	0	0	0	0	0	0	0	0	0	0	0	0	0	0	0	0	0	0	0	0	11.85011	8.31349	0	3.02182	12.76199	0.87806	8.31486	7.463	0	12.536	5.13376	0	0	0	0	10.27491	0	0	0	0	0	0	0	0	5.95828	0	0	0	0	0	0	2.4771	0	0	0	0	0	0	0	0	0	0	0	0	0	0	0	0	0	0	0	0	0	0	0	
0	0	0	0	0	0	0	0	0	0	0	0	0	0	0	8.02879	0	0	0	0	0	0	0	0	0	0	0	0	0	0	0	0	0	0	0	3.16347	11.3088	0	0	0	0	0	0	1.97548	0	11.1232	6.53524	9.37451	2.37557	11.12672	0	0	2.59149	0	13.43831	0	0	0	0	4.56209	0	6.51555	0	3.16347	0	5.97734	0	0	11.34689	0	8.74675	0	0	0	0	9.96745	0	1.97548	0	0.87806	0	0	0	0	0	0	0	0	0	0	9.84834	0	0	0	0	0	0	0	0	0	
0	0	0	0	0	0	0	0	0	0	0	0	0	0	0	0	0	0	0	0	0	0	0	0	0	0	9.99058	0	0	0	0	2.77928	0	0	5.81505	0	0	0	0	0	11.45481	0	0	0	0	0	0	0	7.03022	5.59514	2.48756	10.73752	9.64294	0	7.70303	0	11.13883	0	4.89083	0	2.94542	5.70349	0	0	0	6.68372	0	0	0	0	0	0	0	9.00029	0	0	0	0	0	0	0	0	0	0	0	0	0	0	0	0	0	0	0	0	0	0	2.37557	0	0	0	
0	0	0	0	0	0	0	0	0	0	0	0	0	0	0	0	0	0	0	8.25138	0	0	0	0	0	0	0	0	0	0	0	0	0	0	0	0	0	0	0	0	0	0	0	14.16652	0	0	9.22295	12.31968	10.1384	0	6.92166	8.22189	10.83272	0	0	0	12.66993	0	0	8.30057	5.58994	0	0	11.31546	0	7.80654	0	4.28045	0	0	0	0	0	0	0	0	0	0	0	0	0	0	0	0	0	0	0	0	0	0	8.0566	0	0	0	0	0	0	0	0	0	
0	0	0	0	0	0	0	0	0	0	0	0	5.68011	0	0	0	0	0	0	8.7397	0	0	0	0	0	0	0	0	0	0	0	0	0	7.35924	0	0	0	0	0	0	0	13.84786	13.5626	0	7.78787	0	0	5.14816	10.37661	0	0.87806	7.56409	7.55331	1.08311	10.60964	1.6298	5.16381	5.55921	6.18672	0	0	0	0	0	4.92246	0	0	0	0	0	0	0	0	0	0	0	0	0	14.10943	1.41992	0	0	0	0	0	0	0	0	0	0	0	0	0	0	0	0	0	0	0	0	
0	0	0	0	0	0	0	0	0	0	0	0	0	0	0	0	0	0	0	0	0	0	0	16.29743	0	0	0	0	0	0	0	0	0	0	0	0	0	0	11.57401	0	0	0	8.06933	11.11995	4.39978	0	8.53589	5.4982	0	6.06027	12.03847	6.50229	0	0	0	0	0	3.5206	14.66572	11.21251	12.54937	0	0	0	8.8248	0	8.03801	0	0	0	0	0	0	0	0	0	0	0	0	0	0	0	0	0	0	0	0	0	0	0	0	0	0	0	0	0	0	0	0	0	
0	0	9.70581	0	0	0	0	0	0	0	0	0	0	0	0	0	0	0	0	0	0	0	0	0	0	0	0	0	0	0	0	0	0	0	0	0	0	0	0	0	11.8426	0	0	0	0	10.56314	0	4.59208	9.07391	10.5769	0	9.77367	10.50859	8.62213	4.56209	9.02021	0	0	5.95802	4.42814	6.81734	0	11.69141	7.54047	0	0	0	0	0	0	0	7.0909	0	0	0	0	2.37557	0	0	0	0	0	0	0	0	0	0	0	0	0	0	0	0	0	0	0	0	0	0	0	
0	0	0	0	0	0	0	0	0	0	0	9.66916	0	0	0	0	0	0	0	0	0	0	0	0	0	0	0	0	0	0	0	0	5.85737	0	0	0	0	10.06942	12.21226	3.02182	1.81295	6.49953	0	0	12.98648	6.44106	12.15558	10.45737	9.85468	0	11.33688	0	8.03811	7.01586	0	9.97813	5.58696	7.86689	0	0	0	0	0	0	0	0	0	4.21687	0	0	0	0	2.86473	0	0	12.77291	0	0	8.97649	0	0	0	0	0	0	0	0	0	0	0	0	0	0	0	0	8.02335	0	0	0	0	
0	0	0	0	0	0	0	0	0	0	0	0	0	0	0	0	0	0	0	0	0	0	0	0	0	0	0	0	0	0	0	0	0	0	2.68845	6.00352	0	0	0	6.62369	0	13.6635	0	12.81459	13.29113	9.74275	6.86105	7.43911	7.21238	10.79253	10.58053	10.87195	8.88689	8.1452	0	0	7.43743	0	0	3.20181	6.78035	0	1.97548	0	0	0	0	0	0	0	0	0	0	0	0	0	0	0	3.76215	0	0	0	0	0	0	0	0	8.28858	0	0	0	0	0	0	0	0	0	0	0	0	
0	0	0	0	0	0	0	0	11.33126	0	7.44658	0	0	0	0	0	0	0	0	0	0	0	0	0	0	0	5.27442	0	0	0	0	0	0	0	0	4.11591	0	9.4499	11.95523	0	9.47622	5.01882	0	11.31901	5.42269	11.16319	10.04133	7.94997	9.70533	10.84977	0	7.30821	0	0	0	0	9.08436	3.09437	0	0	0	0	2.12151	0	0	0	9.07071	0	0	0	0	0	0	0	0	0	0	0	0	0	0	0	0	0	0	0	0	0	0	0	0	0	0	8.30013	0	0	0	0	0	0	
0	0	0	0	0	0	0	0	0	0	0	10.36382	0	0	10.85182	0	0	0	0	0	0	0	0	0	0	0	0	0	0	0	0	11.54841	0	0	8.16347	0	11.84109	0	0	11.1095	1.81295	0	10.31955	11.51364	11.25682	10.54668	11.37181	9.56952	8.91784	9.33309	7.73974	10.2784	9.14961	8.66294	0	5.19415	12.29584	0	0	6.78035	7.05944	5.41465	0	7.0134	0	0	0	0	0	0	0	0	0	0	0	7.43277	0	0	0	0	0	0	0	2.77928	0	0	0	0	0	0	0	0	0	0	0	0	0	0	0	0	
0	0	0	0	0	0	0	0	0	0	0	0	12.83006	0	0	0	0	0	0	0	0	0	0	0	0	0	0	0	0	11.72269	0	0	6.77485	0	0.50477	0	14.14829	0	14.18682	12.11254	10.81963	7.52415	11.526	11.21981	10.84098	7.82551	11.18811	10.05538	6.80218	8.58209	10.99303	9.31122	11.38083	7.33471	5.00346	8.2057	6.94672	0	0	7.55662	0.87806	0	0	0	0	0	0	0	0	0	0	0	0	9.77192	0	0	0	0	0	0	8.5608	0	0	0	0	0	0	0	0	0	0	0	0	0	0	0	0	0	0	0	
0	0	0	0	0	0	0	14.10761	0	0	0	11.16144	0	0	0	0	0	0	0	0	0	0	0	0	0	0	0	9.13646	0	0	5.77146	0	12.40306	0	0	0	6.14898	3.22939	7.90664	9.95488	10.2182	9.22231	0	10.64056	11.6031	11.0214	9.4057	11.9911	11.51082	9.95576	5.3208	9.51858	10.37797	7.60088	5.6269	5.13225	13.50668	3.86748	9.34962	9.22194	6.24424	10.97344	5.14375	0	11.27968	0	0	0	0	0	0	0	0	10.89689	0	0	0	0	0	0	0	0	0	0	0	0	0	0	0	0	0	0	0	0	0	0	0	0	0	0	
10.01415	0	0	0	0	0	0	0	10.07373	0	0	0	6.648	0	0	0	0	0	0	0	0	0	0	0	10.01006	0	0	8.59559	0	0	0	0	14.09368	0	10.82389	9.25	0	3.41082	11.57612	7.56449	6.51555	9.87548	7.15019	10.79144	12.67458	10.61084	10.50839	9.5763	7.54425	2.63892	9.96401	6.13028	10.99885	5.43373	10.81225	9.29102	8.18232	7.34129	0	10.15449	3.16347	0.50477	0	3.17242	0	10.50485	0	0	0	0	6.97548	0	0	0	0	0	0	0	0	0	0	0	5.59028	0	0	3.43506	0	0	0	0	0	0	0	0	0	0	0	0	0	0	
0	0	0	10.03101	0	0	0	0	0	0	0	0	0	0	0	0	0	0	9.49164	0	0	10.35	0	3.35284	10.81414	6.5482	0	0	9.53139	10.1384	12.50614	0	11.54982	0	0	4.66097	0	10.12527	11.63616	8.9411	9.48218	7.44304	10.51816	9.32744	9.07261	10.19228	9.75323	10.03593	9.64928	7.43125	9.47792	8.54671	11.20377	7.92701	6.68159	8.68715	0	1.78598	9.24164	8.74483	4.28045	2.86473	10.46863	0	0	0	0	0	0	3.62191	0	0	2.12151	0	1.17428	6.02452	9.2988	1.60616	0	0.50477	0	0	0	0	0	0	0	0	0	0	0	0	0	0	0	0	0	0	0	0	
9.8192	0	0	0	11.90584	9.72219	0	0	0	0	0	0	0	0	0	0	0	10.79648	0	0	0	0	0	0	11.05921	0	9.39636	9.06541	0	12.67123	11.34483	0	0	0	10.58573	10.90952	6.68795	12.0904	11.08058	10.68403	8.39548	9.1624	10.91942	9.11891	10.91566	9.74934	9.9326	10.30987	8.16006	11.30104	5.7003	11.23579	8.20298	6.7018	9.05679	9.01258	10.08603	3.50438	3.63918	9.68246	12.38825	0	5.20489	7.53722	10.15969	9.53302	7.10176	0	0	0	0	0	0	0	6.02452	0	0	0	0	0	0	0	0	0	0	0	0	0	0	0	0	0	0	0	0	2.94542	0	0	0	0	
0	0	0	0	0	0	0	0	8.23543	0	9.03181	0	0	0	0	0	9.28917	14.25721	10.809	10.02522	9.46709	6.04451	0	0	0	12.14533	0	7.09524	10.56629	12.0696	0	11.19508	11.97818	5.52233	9.67923	10.50304	9.50171	7.9813	9.94012	11.12524	9.56928	9.75061	5.66933	8.62518	9.48899	8.93235	9.02496	9.81015	8.64957	6.45822	8.66997	11.89782	7.99266	6.7834	4.45398	7.29451	5.33322	9.88843	0	12.01106	6.53593	10.63065	6.81612	0	8.44194	11.75994	1.97548	0	0	0	0	2.48756	0	0	10.44063	0	0	0	8.08996	0	0	0	0	0	0	4.86139	0	0	0	0	0	0	0	0	0	4.68466	0	0	0	0	
0	10.14695	0	0	1.41992	7.86475	0	0	0	0	0	0	0	0	5.3652	10.66604	0	11.53176	9.29989	0	8.35654	0	2.25411	0	0	0	0	0	8.97851	9.01321	8.32877	0	10.01824	2.11334	9.96723	8.1925	8.8649	9.03347	8.76892	9.46193	9.04079	7.59553	9.54178	8.10889	9.20377	7.69059	8.10969	9.07541	8.8305	7.78962	7.6738	7.75283	7.46182	5.31747	8.32663	5.82021	1.6298	6.17857	7.43435	9.35391	0	8.48355	0	10.94766	9.50333	1.17428	5.14078	8.45627	0	0	0	0	0	0	0	1.41992	0	0	0	0	9.74957	0	0	0	0	0	0	0	0	0	0	0	0	0	0	0	0	0	0	0	
0	11.67912	6.37697	0	7.46418	0	0	0	0	0	6.84487	0	0	0	5.79342	7.07297	0	8.73829	0	0	3.88995	4.61238	8.03537	10.34641	10.5148	8.90642	0	4.93452	10.63863	7.32638	12.98264	10.71648	9.88003	10.22402	10.06368	5.27212	9.04917	8.82549	7.19811	8.44188	8.30609	8.70878	7.2951	7.17419	7.1281	6.46615	9.03149	7.2143	8.05905	8.38968	7.46748	8.34879	7.50437	7.10154	7.30077	4.88074	6.8746	7.58015	6.35864	12.30064	0	6.93663	11.95963	11.48571	2.04031	10.84	0.87806	0	0	0	0	8.56072	0	2.12151	9.07615	0	7.26203	0	1.17428	0	0	0	0	4.26504	0	0.58714	0	0	0	0	0	0	0	0	0	0	0	0	0	0	
0	0	0	0	0	0	0	0	5.40853	0	8.62038	11.36717	0	0	0	0	0	0	9.94348	0	15.42835	0	0	0	0	12.669	9.82363	0	1.6298	9.53465	6.6575	4.92246	6.75819	7.19671	8.47867	9.81831	8.81091	7.98078	9.71349	9.09438	8.441	7.54925	8.18255	8.1453	7.87034	5.9983	8.46204	8.13647	8.8383	9.06271	8.65168	7.97359	8.07094	7.14922	7.14244	8.23468	7.8268	7.55605	6.60519	9.36896	11.90939	4.27198	9.1966	5.26291	0	7.2732	0	6.79059	0	0	0	0	0	0	0	0	0	0	0	0	0	8.7397	0	0	0	0	0	7.27171	9.72593	5.71504	0	0	0	0	0	0	0	0	0	0	
0	0	0	0	0	0	0	0	10.70277	9.68246	0	4.48322	0	12.65473	0	0	0	11.09253	11.90379	2.72102	0	0	1.17428	8.39713	5.22679	13.23354	3.67018	9.64315	2.27412	10.61989	0	6.14768	7.81571	4.93215	4.31828	8.73226	9.17404	7.98265	5.06732	5.69589	6.71201	8.00003	7.55825	9.32939	8.07391	6.0627	7.43126	8.37879	6.18611	8.96527	7.95921	6.49534	6.85077	6.94722	8.09276	8.2325	5.7293	7.07573	10.80157	3.9888	6.21544	7.38041	9.56153	1.6298	3.47319	12.03955	8.21929	0	0	0	0	0	0	6.73	7.19761	0	0	0	13.1317	0	0	0	0	0	0	0	0	0	6.54173	0	1.6298	0	0	0	0	0	0	0	0	0	
0	0	8.18232	8.94447	0	0.87806	0	1.17428	10.56234	0	0	0	0	0	0	0	0	8.86785	0	0	0	0	0	12.51251	0	7.90565	0	10.24227	5.94827	7.45231	0	8.04429	0	10.8184	6.9062	8.53853	7.57342	6.58565	3.43226	8.49777	11.43809	7.49923	6.73861	7.68572	7.74256	6.65507	6.63847	8.70338	8.07139	7.96107	6.13042	8.46721	7.5437	7.35512	7.07625	5.61059	7.54319	9.75846	6.46832	5.74745	9.93654	10.27866	9.19021	7.48082	3.36594	0	0	5.05769	1.17428	2.37557	5.25742	0	9.84834	0	2.37675	0	8.94637	0	0	0	0	0	4.8889	0	0	0	0	0	0	0	0	0	0	0	0	0	0	0	0	0	
0	0	0	0	0	0	0	0	7.83064	0	9.97084	7.3047	8.11912	0	12.54523	0	0	6.02452	0	7.40796	0	0	0	0	0	0	8.02879	3.02182	8.95394	0	8.51031	8.66694	5.83033	6.19749	4.10558	8.00188	7.59229	7.43516	7.29701	10.78024	8.04925	7.32365	6.10893	6.02212	5.65962	8.78223	5.63506	5.98629	8.005	6.57089	6.89968	9.77035	8.62281	7.45722	7.26709	7.0198	5.20396	7.60566	9.30429	5.51787	7.17014	6.64222	6.57988	4.65348	3.35284	5.89814	9.03642	2.09805	0	0	10.58179	0	5.72519	2.04031	0	13.65317	0	0	8.30587	0	0	0	0	0	0	0	0	0	6.17569	0	0	0	0	0	0	0	0	0	0	0	
0	0	0	0	0	0	0	0	0	9.67878	0	0	4.73092	0	0	0	0	0	0	0	0	0	0	9.25366	0	0	9.28255	0	0	4.51565	5.04974	0	0	8.44656	4.37086	8.4037	1.97548	0.87806	2.12151	10.10421	5.42564	8.45971	2.87103	7.03056	8.04439	6.62182	6.02413	7.08156	8.89693	6.18285	6.99027	8.49069	7.41862	6.94493	8.8974	6.52669	7.75507	6.05168	4.70875	6.80653	6.72439	4.94183	5.75828	7.41968	6.09007	6.05119	7.68552	8.13795	4.82679	0	0	5.22679	0	3.35284	0	1.17428	6.87092	0	0	0	0	0	0	0	8.13795	0	0	2.12151	0	0	0	5.00006	0	0	0	0	5.19415	0	0	0	
0	0	0	0	0	0	0	0	0	0	0	6.82368	0	0	0	0	0	10.111	12.81864	0	0	0	0	0	0	0	0	5.24285	0	0	0	0	2.77857	5.57334	7.73896	0	3.69323	8.29087	1.24378	0.83953	6.6087	9.12534	5.59709	2.77212	0	6.57206	4.49789	4.03954	5.99429	6.61611	7.23302	8.14182	8.01283	6.29199	6.46702	4.49245	6.41583	8.16561	7.01894	7.58626	5.72967	4.03988	0	6.73823	10.05889	0	7.74573	4.00735	6.58644	8.68348	0	0	4.18399	6.64196	0	11.94683	0	7.66482	0	0	0	8.3928	0	0	0	0	0	0	0	0	0	0	0	0	0	0	0	0	0	0	
0	0	0	0	6.29423	0	0	0	0	0	7.7117	0	4.8192	0	0	6.15747	0	0	8.65677	0	4.90586	10.71397	0	0	0	8.95351	3.41082	0	0	4.11635	0	7.822	12.19761	0	0	7.52086	10.05051	2.59149	10.62262	9.08839	3.45887	9.14503	6.4478	8.2494	6.49089	7.20655	12.56022	6.71566	7.00082	7.91842	8.0302	4.46962	7.82725	6.41294	5.14537	6.23244	5.90971	8.75829	3.98357	8.5872	5.00484	8.88979	6.33684	8.27991	6.40856	0	9.73989	8.08342	0	3.09437	8.30042	7.77101	7.55162	9.97614	8.51902	0	2.68845	0	0	0	4.58746	0	0	7.20991	0	0.87806	0	0	0	0	0	0	0	0	0	0	0	0	0	0	
0	0	0	0	0	0	0	0	0	0	0	5.32052	2.19914	0	0	3.96927	0	0	0	0.50477	9.19125	0	1.41992	0	0	0	0	0	0	4.90591	5.79342	6.01287	0	0	0	6.92166	0	0	0	4.31122	7.11058	5.86256	4.38943	4.05982	6.17729	4.24977	5.30844	6.68821	5.99873	4.37544	0	0	6.98209	8.40726	0	8.35556	7.68186	4.94271	6.79999	5.37848	8.99236	7.38498	7.38832	7.48721	6.23722	5.13392	3.57196	6.88672	5.43671	9.92302	0	6.09924	9.23326	10.67531	7.45004	0	1.41992	0	3.57196	0	0	0	0	0	0	0	0	0	0	0	0	0	0	0	0	0	0	0	0	0	
0	0	0	3.22939	0	0	0	0	0	0	0	0	0	0	0	0	5.07369	0	0	0	0	0	10.19208	0	0	0	4.49617	5.44711	5.87807	5.53123	0	0	0	0	0	8.93926	0	1.17428	5.54424	1.88289	4.31365	0	3.29244	0	3.86855	11.96841	6.15476	3.09437	4.97238	3.7001	6.42205	4.27263	8.70939	7.47808	5.99406	5.92448	8.40628	5.01442	5.10699	8.50864	6.64481	6.51533	8.88153	7.1764	8.41671	9.60148	5.25864	7.54047	10.85367	9.06027	6.21009	7.76224	5.71292	2.71337	5.17471	0	13.39251	0	4.2554	8.20298	0	3.22939	6.58014	0	0	6.15747	0	0	0	0	0	0	0	0	0	0	0	2.68845	0	7.87508	
0	0	3.10778	0	0	0	0	0	0	0	0	0	0	0	0	0	0	0	0	0	7.34986	0	0	0	0	9.228	0	8.50159	0	10.37388	0	9.84506	11.5244	0	9.55488	0	0	8.55907	6.51426	0	8.19475	0	0	6.87921	10.24384	9.86529	3.63865	2.34204	7.38645	4.50086	3.29244	8.22132	6.20415	8.02469	5.86007	6.68615	0	7.70006	6.39745	5.70214	4.65307	9.56771	5.50768	1.9394	6.31083	6.89992	4.8773	0	6.24246	3.75641	3.71285	6.95285	5.92516	8.129	0.50477	0	6.0764	0	2.21599	3.76215	0	4.15035	0	0	0	0	0	0	4.49694	0	0	0	0	0	0	0	8.53985	0	0	0	
0	0	0	0	1.97548	0	0	0	0	0	0	0	9.53791	0	0	0	0	0	0	0	10.84066	4.88204	0	0	0	0	0	5.32701	0	0	0	2.48756	9.07503	0	0	0	5.30532	0	3.29244	8.03801	0	0	4.16638	0.87806	7.86734	0	5.47667	9.50001	4.45594	4.70352	4.77574	5.28235	8.00074	5.71375	6.83394	0.43903	0	5.63708	7.70851	4.14654	5.80946	8.50836	7.73332	5.67225	5.99187	9.24693	4.30365	4.29025	5.51815	6.59199	6.63724	0	0	8.51087	0	6.94102	6.47186	4.84006	0	0	0	0	0	0	9.70146	0	0	0	0	0	0	0	0	0	0	0	8.50033	0	0	0	
0	0	0	0	0	0	0	0	6.05211	0	0	0	1.6298	0	0	0	10.55633	2.59149	2.86473	0	0	0	0	0	6.13307	0	0	0	0	0	0	0	0	0	6.44792	7.36827	0	5.56991	0	0	0	0	6.5482	10.63179	0	6.87025	9.79695	6.76376	0	2.51867	0	8.75517	6.7243	8.50244	0	6.2074	0	5.4464	0	5.60204	7.72576	10.31389	5.63273	7.57258	4.38077	6.88258	6.59005	6.33476	9.9293	5.79511	7.90701	4.21024	7.73286	11.71156	7.53263	4.88146	9.31753	10.93505	0	2.37557	9.46879	1.17428	9.64001	0	3.68441	0	5.3652	2.25411	2.48756	0	4.06914	0	0	10.38046	0	0	0	0	0	0	
0	0	0	0	0	0	0	0	0	0	0	0	0	0	0	0	0	0	0	0	8.42894	0	0	0	0	0	0	0	0	3.76215	0	0	0	0	4.08062	0	0	0	0	0	9.43426	0	8.98725	6.88121	4.58065	0	0	6.66597	2.12151	5.40209	12.094	0	0	2.27412	2.85252	7.16083	0	0	6.0426	9.34211	7.5694	5.11365	2.72811	5.53899	7.09262	6.51668	2.01931	5.4714	6.30562	5.39024	8.63739	6.63439	3.20514	5.91056	2.5829	0	5.06922	0	5.31176	0	0	0	3.22939	0	0	0	6.5117	0	0	0	0	0	0	0	0	0	0	0	0	0	
0	0	0	0	6.79675	0	0	0	0	0	0	13.24995	0	1.81295	0	0	0	0	0	0	0	0	0	0	0	0	0	0	0	0	0	0	0	0	0	0	0	0	0	6.03336	0	0	4.18399	0	7.7431	0	3.30189	0	0	0	1.17428	0	0	0	9.77987	0	0	0.87806	0	7.92069	6.95186	4.60644	7.50717	8.19727	8.64274	0	1.06076	4.99985	10.35226	4.29112	5.70844	9.01482	8.75711	4.81434	0	0	2.81062	9.72878	5.20232	2.48756	2.48756	7.54695	0.50477	0	0	0	4.21687	10.39726	0	3.72491	0	0	0	0	10.36749	0	0	0	0	0	
0	0	0	0	0	0	0	0	0	0	0	0	0	0	0	0	0	4.58965	0	0	0	7.5534	8.59871	0	0	0	9.06039	0	0	0	0	0	0	6.22456	5.99137	0	0	0	0	0	0	0	0	0	0	0	0	0	1.81295	0	1.97548	0	0	0	0	9.1855	7.76848	9.22964	2.59149	6.56106	0	4.86712	5.69726	0	7.70712	5.95858	8.00965	7.35417	6.31419	3.09133	6.36953	6.04442	5.09353	4.1845	6.89555	5.53724	5.28392	0	8.57672	5.93055	0	0	8.05698	0	6.24773	7.54502	0	3.93015	0	10.52778	0	0	0	0	0	0	8.48083	0	0	0	
0	0	0	0	0	0	0	0	7.87676	0	0	2.12151	0	0	0	0	0	0	0	0	0	0	0	0	0	0	0	1.81295	0	3.84859	0	0	0	0	0	0	0	0	0	8.47322	0	0	0	0	0	4.68466	0	8.90137	9.41845	0	0	6.84487	0	0	0	0	0	0	7.33743	0	10.22164	0	8.70485	10.69311	7.22449	4.97654	5.26121	0	0	5.75456	8.57549	3.22939	8.27909	5.89363	6.3979	7.2379	2.90508	0	5.07369	7.25431	4.81321	5.65177	9.57641	6.29468	9.09578	0	0	0	0	0	2.48756	0	8.139	0	0	0	0	0	0	0	
0	0	0	0	0	0	0	0	0	0	0	0	0	6.28696	0	0	0	0	0	2.37557	0	0	0	0	0	2.26721	0	0	0	0	0	0	0	0	7.52415	0	0	7.22266	0	0	11.9176	0	6.59272	5.17754	4.86139	0	0	0	0	0	4.42814	6.61755	0	0	6.02452	0	0	0	0	6.00885	3.17462	0	6.44922	7.12586	7.53397	3.38913	8.09364	9.75	0.50477	4.91889	5.35361	0	3.75049	5.51247	8.22536	7.57359	6.14092	5.62553	6.4134	4.96964	0	4.80582	10.84658	4.05927	1.49979	0	0	5.17754	3.16284	0	6.84487	0	0	6.95614	0	0	0	0	3.82605	0	
0	0	0	0	0	0	0	0.50477	0	0	0	0	0	0	0	0	0	0	0	0	0	0	4.21687	0	0	0	0	0	9.14182	0	0	0	0	0	10.05552	0	0	2.12151	0	0	0	1.02617	0	0	0	0	5.49301	0	0	0	0	0	10.03447	0	0	0	6.05961	1.6298	0	4.86788	6.78907	0	0	5.30384	0	1.6298	0	6.38731	5.99981	9.5851	8.40431	7.85789	7.20582	3.34283	6.83432	7.0472	4.00958	0	5.85631	2.66896	7.36876	7.08367	2.78496	0	4.85081	0	2.12151	2.56948	0	0	7.15583	7.25586	0	0	0	0	7.16429	0	0	0	
0	0	0	0	0	0	0	0	1.97548	0	0	0	0	0	0	0	0	0	0	0	0	0	0	0	0	0	0	0	0	0	0	0	0	0	0	0	0	5.83023	0	0	0	0	0	0	0	0	0	0	0	3.16347	0	4.04869	0	3.4108	0	0	1.41992	4.80662	2.25411	0	5.50485	0	8.92146	12.64089	8.95838	6.21151	0	0	8.31213	6.51247	0	0.87806	7.59629	9.6194	7.23624	6.75677	0	3.73733	3.55775	5.19593	4.20282	10.65484	5.59514	0.50477	0	0	4.85522	0	0	0	0	0	7.70349	8.88889	9.43863	0	0	0	0	0	
0	0	0	0	0	0	0	5.17754	0	0	0	0	0	0	0	0	0	0	0	0	0	0	0	0	0	0	0	0	0	0	0	0	0	0	0	0	0	3.77156	0	7.68845	0	0	0	0	0	0	0	0	0	0	4.47649	0	0	9.25694	11.75703	0	0	5.04819	8.96686	10.61647	0	0	0	7.67044	6.8271	11.11341	0	0	8.52775	3.88561	6.69506	6.83292	6.29932	8.91887	9.09506	7.02747	4.88062	0	6.38295	5.06074	7.55845	11.14605	3.67398	3.51827	2.35618	0	0	0.4406	0	0	2.59149	0	0	0	0	1.25405	0	0	0	0	
0	0	0	0	0	0	0	0	0	0	0	0	0	0	0	0	0	0	0	0	0	0	0	0	0	7.51096	0	0	0	0	0	0	0	0	0	0	0	3.46656	0	0	0	0	0	0	4.48322	0	0	0	6.61138	0	0	0	0	0	0	0.87806	0	0	0	0	0	0	7.89563	0	0	6.38723	5.34146	6.17453	1.17428	6.84339	0.70996	0	9.06628	0	7.15583	5.08897	6.44098	5.62687	5.40782	4.86015	3.37808	0	5.59095	0	5.82575	5.89083	0	0	0	0	8.94003	0	0	0	0	0	0	0.87806	0	0	
0	0	0	0	0	0	0	0	0	0	0	0	4.48322	0	0	0	0	0	0	0	0	0	0	0	0	0	0	0	0	0	0	0	0	0	0	0	0	0	0	0	0	0	0	0	0	0	0	8.75657	0	0	3.52022	0	10.77595	0	0	0	0	0	0	4.40369	0	0	0	4.78123	2.68845	6.84487	9.4575	0	9.80508	0	0	10.29092	0	0	0	4.57504	5.36588	7.73152	5.41921	4.67433	0	5.90857	2.83537	1.81733	4.13389	1.58174	5.36005	0.50477	5.00006	0	0	0	0	6.81297	0	0	0	0	0	0	
0	0	0	0	0	0	0	0	0	0	0	0	0	0	0	0	0	0	0	0	0	0	0	0	0	0	0	0	0	0	0	0	10.00124	0	0	0	0	0	0	0	0.87806	0	0	0	0	0	0	0	0	0	0	0	0	0	0	0	4.56336	0	0	0	7.11996	0	0	5.77119	0	8.08996	0	0	6.53034	0	0	0	9.71447	0	0	0.50477	0	0	4.75521	8.78261	5.65596	7.91319	11.21429	0	6.26355	0	0	0	0.50477	2.12151	5.15327	4.67155	5.59828	0	0	0	0	0	0	0	
0	0	0	0	0	0	0	5.68141	0	0	0	0	0	0	0	0	0	0	0	0	0	0	0	0	0	0	0	1.6298	0	0	0	0	0	0	0	0	0	0	0	0	0	0	0	0	0	0	0	0	0	0	0	0	0	0	0	0	0	1.6298	0	0	0	0	0	0	0	0	0	0	0	0	2.49594	3.86965	5.55452	0	0	11.59994	8.776	0	8.60703	4.15035	0	5.06658	0	8.57672	1.41992	8.87808	0	11.07914	0	0	0	3.09437	0	0	0	9.24603	0	0	0	0	
0	0	0	0	0	0	0	0	0	0	0	0	0	0	0	0	0	0	0	0	4.61238	0	0	0	0	0	0	0	0	0	1.97548	0	0	0	0	0	0	0	0	0	0	0	0	0	0	0	0	0	0	0	0	0	0	0	0	0	0	0	0	11.22645	0	0	0	0	4.58746	8.68054	7.27769	3.94456	0	0	0	0	0	0	0	0.87806	4.82618	1.6298	0	0	2.49052	0	0	0	3.6691	2.86473	8.0262	6.01485	5.9186	0	7.51427	5.82575	11.91541	5.72651	0	4.86139	0	0	0	0	
0	0	0	0	0	0	0	0	0	0	0	0	0	0	0	0	0	0	0	0	0	0	0	0	0	0	0	0	0	0	0	0	0	0	0	0	0	0	0	0	0	0	0	0	0	0	0	0	4.53628	0	0	0	0	0	0	0	0	0	0	0	0	0	0	0	0	0	0	0	0	10.52714	8.49532	8.98128	6.04479	0	9.5273	8.5624	0	8.21726	0.50477	0	0	7.59464	8.24542	0	5.14859	0	4.98104	0	0	4.9414	0	2.0485	3.13778	0	0.87806	0	0	0	0	0	
0	0	0	0	0	0	0	0	0	0	0	0	0	0	0	7.75059	0	0	0	0	0	0	0	0	0	0	0	0	0	0	0	0	0	0	5.63217	0	0	0	0	0	0	0	0	0	0	0	0	0	0	0	0	0	0	0	0	0	0	0	0	0	0	0	0	0	0	0	0	2.37557	0	0	0	0	0	2.12151	0	0	0	8.54175	0	0	0	0	0	0	3.68006	0	3.34196	4.60844	4.48322	9.60184	8.28858	0	8.776	0	0	0	0	0	0	0	
0	0	0	0	0	0	0	0	0	0	0	0	0	0	0	0	0	0	0	0	0	0	0	0	0	0	0	0	0	0	0	0	0	0	0	0	0	0	0	0	0	0	0	0	0	0	0	0	5.61993	6.54173	0	0	0	0	0	0	0	0	0	11.79523	0	0	0	0	0	4.99371	0	0	0	0	0	4.86139	0	0	0	0	0	14.38827	0	6.45262	8.49364	0	0	8.39296	0	0	0	0	0	0	0	0	0	0	0	0	0	0	0	0	
0	0	0	0	0	0	0	0	0	0	0	0	0	0	0	0	0	0	0	0	0	0	0	0	0	0	0	0	0	0	0	0	0	0	0	0	0	0	0	0	0	0	0	0	0	0	0	0	0	0	0	0	0	0	0	2.60896	0	0	6.32515	0	0	0	0	0	6.17431	0	0	0	0	0	0	3.02182	0	10.66194	0	0	2.25411	0	0	0	2.68308	3.42653	5.33433	8.24504	0	0	0	5.25872	6.09569	0	3.41082	7.34986	6.32515	0	0	0	0	0	0	0	
0	0	0	0	0	0	0	0	0	0	0	0	0	0	0	0	0	0	0	0	0	0	0	0	0	0	0	0	0	0	0	0	0	0	0	0	0	0	0	0	0	0	0	0	0	0	0	0	0	0	0	0	0	0	0	0	0	0	0	0	0	0	0	0	0	0	0	0	0	0	0	0	0	0	0	0	0	0	0	0	0	0	0	0	0	0	2.37557	0	0	0	0	9.63688	0	0	0	0	0	0	0	0	
0	0	0	0	0	0	0	0	0	0	0	0	0	0	0	0	0	0	0	0	0	0	0	0	0	0	0	0	0	0	0	0	0	0	0	0	0	0	0	0	0	0	0	0	0	0	0	0	0	0	0	0	0	0	0	0	0	0	0	0	0	0	0	0	0	0	0	0	0	0	9.20028	7.46038	0	0	0	0	3.67018	0	0	5.66827	0	0	0	10.18795	0	0	0	3.71689	0	0	2.49312	11.96176	0	0	0	0	0	0	0	0	
0	0	0	0	0	0	0	0	0	0	0	0	0	0	0	0	0	0	0	0	0	0	0	0	0	0	0	0	0	0	0	0	0	0	0	0	0	0	0	0	0	0	0	0	0	0	0	0	0	0	0	0	0	0	0	0	0	0	0	1.17428	0	0	0	0	0	0	0	0	0	0	0.87806	0	0	0	0	0	0	0	0	0	0	0	0	0	0	0	4.34135	0	0	0	0	0	0	0	0	0	0	0	0	0	
0	0	0	0	0	0	0	0	0	0	0	0	0	0	0	0	0	0	0	0	0	0	0	0	0	0	0	0	0	0	0	0	0	0	0	0	0	0	0	0	0	0	0	0	0	0	0	0	0	0	0	0	0	0	0	0	0	0	0	0	0	0	0	0	0	0	0	0	0	9.24503	8.94862	0	0	0	0	0	0	0	4.31122	0	0	0	0	0	0	0	0	0	6.10575	7.4842	0	0	0	0	0	0	0	0	0	0	
0	0	0	0	0	0	0	0	0	0	0	0	0	0	0	0	0	0	0	0	0	0	0	0	0	0	0	0	0	0	0	0	0	0	0	0	0	0	0	0	0	0	0	0	0	0	0	0	0	0	0	0	0	0	0	0	0	0	0	0	0	0	0	0	0	0	0	0	0	0	0	0	0	0	0	0	0	0	0	0	0	0	0	0	0	0	3.46656	0	0	0	0	0	0	0	0	0	0	0	0	0	
0	0	0	0	0	0	0	0	0	0	0	0	0	0	0	0	0	0	0	0	0	0	0	0	0	0	0	0	0	0	0	0	0	0	0	0	0	0	0	0	0	0	0	0	0	0	0	0	0	0	0	0	0	0	0	0	0	0	5.96771	0	0	0	0	0	0	0	0	0	0	0	0	0	0	0	0	6.60519	0	0	0	0	0	0	0	0	0	0	0	0	0	0	0	0	0	0	0	0	0	0	0	0	
0	0	0	0	0	0	0	0	0	0	0	0	0	0	0	0	0	0	0	0	0	0	0	0	0	0	0	0	0	0	0	0	10.64544	0	0	0	0	0	0	0	0	0	0	0	0	0	0	0	0	0	9.15566	0	0	0	0	0	0	0	0	0	0	0	2.37557	0	0	0	0	0	0	0	0	0	0	0	0	2.77928	0	0	0	0	2.12151	0	0	0	0	0	0	0	0	0	0	0	0	0	0	0	0	0	0	0	
0	0	0	0	0	0	0	0	0	0	0	0	0	0	0	0	0	0	0	0	0	0	0	0	0	0	0	0	0	0	0	0	0	0	0	0	0	0	0	0	0	0	0	0	0	0	0	0	0	0	0	0	0	0	0	0	0	0	0	0	0	0	0	0	0	0	0	0	0	0	0	0	0	0	0	0	0	0	0	0	0	0	0	0	0	0	0	0	0	0	0	0	0	0	0	0	0	0	0	0	
0	0	0	0	0	0	0	0	0	0	0	0	0	0	0	0	0	0	0	0	0	0	0	0	0	0	0	0	0	0	0	0	0	0	0	0	0	0	0	0	0	0	0	0	0	0	0	0	0	0	0	0	0	0	0	0	0	0	0	0	0	0	0	0	0	0	0	0	0	0	0	0	0	0	0	0	0	0	0	0	0	0	0	0	0	0	0	0	0	0	0	0	0	0	0	0	0	0	0	0	
0	0	0	0	0	0	0	0	0	0	0	0	0	0	0	0	0	0	0	0	0	0	0	0	0	0	0	0	0	0	0	0	0	0	0	0	0	0	0	0	0	0	0	0	0	0	0	0	0	0	0	0	0	0	0	0	0	0	0	0	0	0	0	0	0	0	0	0	0	0	0	0	0	0	0	0	0	0	0	0	0	0	0	0	0	0	0	0	0	0	0	0	0	0	0	0	0	0	0	0	
0	0	0	0	0	0	0	0	0	0	0	0	0	0	0	0	0	0	0	0	0	0	0	0	0	0	0	0	0	0	0	0	0	0	0	0	0	0	0	0	0	0	0	0	0	0	0	0	0	0	0	0	0	0	0	0	0	0	0	0	0	0	0	0	0	0	0	0	0	0	0	0	0	0	0	0	0	0	0	0	0	0	0	0	0	0	0	0	0	0	0	0	0	0	0	0	0	0	0	0	
0	0	0	0	0	0	0	0	0	0	0	0	0	0	0	0	0	0	0	0	0	0	0	0	0	0	0	0	0	0	0	0	0	0	0	0	0	0	0	0	0	0	0	0	0	0	0	0	0	0	0	0	0	0	0	0	0	0	0	0	0	0	0	0	0	0	0	0	0	0	0	0	0	0	0	0	0	0	0	0	0	0	0	0	0	0	0	0	0	0	0	0	0	0	0	0	0	0	0	0	
0	0	0	0	0	0	0	0	0	0	0	0	0	0	0	0	0	0	0	0	0	0	0	0	0	0	0	0	0	0	0	0	0	0	0	0	0	0	0	0	0	0	0	0	0	0	0	11.02771	0	0	0	0	0	0	0	0	0	0	0	0	0	0	0	0	0	0	0	0	0	0	0	0	0	0	9.13653	0	0	0	0	0	0	0	0	0	0	0	0	0	0	0	0	0	0	0	0	0	0	0	0	0	
