0	0	0	0	0	0	0	0	0	0	0	0	0	0	0	0	0	0	0	0	0	0	0	0	0	0	0	0	0	0	0	0	0	0	0	0	0	0	0	0	0	0	0	0	0	0	0	0	0	0	0	9.71636	0	0	0	0	0	0	0	0	0	0	0	0	0	0	0	0	0	0	0	0	0	0	0	0	0	0	0	0	0	0	0	0	0	0	0	0	0	0	0	0	0	0	0	0	0	0	0	0	
0	0	0	0	0	0	0	0	0	0	0	0	0	0	0	0	0	0	0	0	0	0	0	0	0	0	0	0	0	0	0	0	0	0	0	0	0	0	0	0	0	0	0	0	0	0	0	14.68602	0	0	0	0	0	0	0	0	0	0	0	0	0	0	0	12.93282	0	0	0	0	0	0	0	0	0	0	0	0	0	0	0	0	0	0	0	0	0	0	0	0	0	0	0	0	0	0	0	0	0	0	0	0	
0	0	0	0	0	0	0	0	0	0	0	0	0	0	0	0	0	0	0	0	0	0	0	0	0	0	0	0	0	0	0	0	0	0	0	0	0	0	0	0	0	0	0	0	0	0	0	0	0	0	0	0	0	0	12.57745	0	0	0	0	0	0	0	0	0	0	0	0	0	0	0	0	0	0	0	0	0	0	0	0	0	0	0	0	0	0	0	0	0	0	0	0	0	0	0	0	0	0	0	0	0	
0	0	0	0	0	0	0	0	0	0	0	0	0	0	0	0	0	0	0	0	0	0	0	0	0	0	0	0	0	0	0	0	0	0	0	0	0	0	0	0	0	0	0	0	0	0	16.65934	6.5329	0	0	0	0	0	0	0	0	0	0	0	0	0	0	0	0	0	0	0	0	0	0	0	0	0	0	0	0	0	0	0	0	0	0	0	0	0	0	0	0	0	0	0	0	0	0	0	0	0	0	0	0	
0	0	0	0	0	0	0	0	0	0	0	0	0	0	0	0	0	0	0	0	0	0	0	0	0	0	0	0	0	0	0	0	0	0	0	0	0	1.14679	0	0	0	0	0	12.75747	0	0	0	0	0	0	0	0	0	0	0	0	0	0	0	0	0	0	0	0	0	0	0	0	0	0	0	0	0	0	0	0	0	0	0	0	0	0	0	0	0	0	0	0	0	0	0	0	0	0	0	0	0	0	0	0	
0	0	0	0	0	0	0	0	0	0	0	0	0	0	0	0	0	0	0	0	0	0	0	0	0	0	0	0	0	0	0	0	0	0	0	0	0	0	0	0	0	0	0	0	0	0	0	0	0	0	0	0	0	0	0	0	0	0	0	0	0	0	0	0	0	0	0	0	0	0	0	0	7.13994	0	0	0	0	0	0	0	0	0	0	0	0	0	0	0	0	0	0	0	0	0	0	0	0	0	0	0	
0	0	0	0	0	0	0	0	0	0	0	0	0	0	0	0	0	0	0	0	0	0	0	0	0	0	0	0	0	0	0	0	0	0	0	0	0	0	0	0	0	0	0	0	0	0	0	0	0	0	0	0	0	0	0	0	0	0	0	0	0	0	0	0	0	0	0	0	0	0	0	0	0	0	10.94519	0	0	0	0	0	0	0	0	0	0	0	0	0	0	0	0	0	0	0	0	0	0	0	0	0	
0	0	0	0	0	0	0	0	0	0	0	0	0	0	0	0	0	0	0	0	0	0	0	0	0	0	0	0	0	0	0	0	0	0	0	0	0	0	0	0	0	0	0	0	0	0	0	0	0	0	0	7.06801	0	0	0	15.39731	0	0	2.08335	0	0	0	0	0	0	0	0	0	0	0	0	0	0	0	0	0	0	0	0	0	0	0	0	0	0	0	0	0	0	0	0	0	0	0	0	0	0	0	0	0	
0	0	0	0	0	0	0	0	0	0	0	0	0	0	0	0	0	0	0	0	0	0	0	0	0	0	0	0	8.19782	0	0	0	0	0	0	0	0	0	0	0	0	0	0	0	0	0	0	0	0	0	0	0	0	0	0	0	0	0	0	0	0	0	0	0	0	0	0	5.06224	0	0	0	0	0	0	0	0	0	0	0	0	0	0	0	0	0	0	0	0	0	0	0	0	0	0	0	0	0	0	0	0	
0	0	0	0	0	0	0	0	0	0	0	0	0	0	0	0	0	0	0	0	0	0	0	0	0	0	0	0	0	0	0	0	0	0	0	0	0	0	0	0	0	0	0	0	0	0	0	0	0	0	0	0	0	0	0	8.53814	0	0	0	0	0	0	0	0	0	0	0	0	0	0	0	0	0	0	0	0	0	0	0	0	0	0	0	0	0	0	0	0	0	0	0	0	0	0	0	0	0	0	0	0	
0	0	0	0	0	0	0	0	0	0	0	0	0	0	0	0	0	0	0	0	0	0	0	0	0	0	0	0	0	0	0	0	0	0	0	0	0	0	0	0	0	0	0	0	0	0	0	0	0	0	0	0	0	0	0	0	0	0	0	0	0	0	0	0	0	0	0	9.25009	0	0	0	0	0	0	0	0	0	0	0	0	0	0	0	0	0	0	0	0	0	0	0	0	0	0	0	0	0	0	0	0	
0	0	0	0	0	0	0	0	0	0	0	0	0	0	0	0	0	0	0	0	0	0	0	0	0	0	0	0	0	0	0	0	0	0	0	0	0	0	0	0	0	0	0	0	0	0	0	0	0	0	0	0	3.30804	0	0	0	4.97104	0	0	0	0	0	0	0	0	0	0	0	0	0	0	4.48871	0	0	0	0	0	0	0	0	0	0	0	0	0	0	0	0	0	0	0	0	0	0	0	0	0	0	0	0	
0	0	0	0	0	0	0	0	0	0	0	0	0	0	0	0	0	0	0	0	0	0	0	0	0	0	0	0	0	0	0	0	0	0	0	0	0	0	0	0	0	0	0	0	0	0	0	0	10.56868	0	0	0	10.36857	0	0	0	0	0	0	0	0	0	0	0	0	0	0	6.30586	0	0	0	0	0	0	0	0	0	0	0	0	0	0	0	0	0	0	0	0	0	0	0	0	0	0	0	0	0	0	0	0	
0	0	0	0	0	0	0	0	0	0	0	0	0	0	0	0	0	0	0	0	0	0	0	0	0	0	0	0	0	0	10.80569	0	0	0	0	0	0	0	0	13.88832	0	0	0	0	0	0	0	8.23512	0	0	0	0	0	0	0	0	0	8.363	7.39712	0	8.58787	0	0	12.84912	0	0	0	0	0	0	0	0	0	0	0	0	0	0	0	0	0	0	0	0	0	0	0	0	0	0	0	0	0	0	0	0	0	0	0	0	
0	0	0	0	0	0	0	0	0	0	0	0	0	0	0	0	0	0	0	0	0	0	0	0	0	0	0	0	0	0	0	0	0	0	0	0	0	0	0	0	0	0	0	0	0	0	0	0	0	0	0	0	0	0	2.87743	0	0	0	0	0	0	0	0	0	0	0	0	0	0	0	0	0	0	0	1.93851	0	0	0	0	0	0	0	0	0	0	0	0	0	0	0	0	0	0	0	0	0	0	0	0	0	
0	0	0	0	0	0	0	0	0	0	0	0	0	0	0	0	0	0	0	0	0	0	0	0	0	0	0	0	0	0	0	0	0	0	0	0	0	0	0	0	0	0	13.42082	0	0	0	0	0	0	0	0	0	8.98331	0	0	0	0	0	0	11.68559	0	0	0	0	0	0	0	0	0	0	0	3.52646	0	0	0	0	0	0	0	0	0	0	0	0	0	0	0	0	0	0	0	0	0	0	0	0	0	0	0	0	
0	0	0	0	0	0	0	0	0	0	0	0	0	0	0	0	0	0	0	0	0	0	0	0	0	0	0	0	0	0	0	0	0	0	0	0	0	0	0	0	0	0	0	6.15297	0	0	0	12.03346	0	0	0	7.55157	0	0	0	0	0	0	4.86509	0	0	0	0	0	0	0	0	0	0	0	0	0	0	0	0	0	0	0	0	0	0	0	0	0	0	0	0	0	0	0	0	0	0	0	0	0	0	0	0	0	
0	0	0	0	0	0	0	0	0	0	0	0	0	0	0	0	0	0	0	0	0	0	0	0	0	0	0	0	0	0	0	0	0	0	0	0	0	0	0	0	0	0	5.85966	0	0	0	0	0	0	0	0	0	0	0	0	9.27104	0	0	0	0	0	0	0	0	0	0	0	0	3.57627	0	0	0	0	0	0	0	0	0	0	0	0	0	0	0	0	0	0	0	0	0	0	0	0	0	0	0	0	0	0	0	
0	0	0	0	0	0	0	0	0	0	0	0	0	0	0	0	0	0	0	0	0	0	0	0	0	0	0	0	0	0	0	0	0	0	0	0	0	0	0	0	12.74562	0	0	0	0	0	0	0	0	0	0	0	0	0	0	0	0	0	0	0	0	0	0	0	0	0	0	0	0	0	0	0	0	0	0	0	0	0	0	0	0	0	0	0	0	0	0	0	0	0	0	0	0	0	0	0	0	0	0	0	
0	0	0	0	0	0	0	0	0	0	0	0	0	0	0	0	0	0	0	0	0	0	0	0	0	0	0	0	0	0	0	0	0	0	0	0	0	0	0	0	0	0	0	0	0	0	0	9.89808	0	0	5.942	0	0	0	0	0	0	0	0	0	0	0	0	0	0	0	0	0	0	0	0	0	0	0	0	0	10.76399	0	0	0	0	0	0	0	0	0	0	0	0	0	0	0	0	0	0	0	0	0	0	0	
0	0	0	0	0	0	0	0	0	0	0	0	0	0	0	0	0	0	0	0	0	0	0	0	0	0	0	0	0	0	0	0	0	0	0	0	0	0	0	0	0	0	0	0	0	0	0	11.46932	0	0	12.02953	10.21835	0	0	0	0	6.00165	0	12.22222	0	7.16864	0	0	0	0	9.28795	0	0	0	0	0	0	0	0	0	0	0	0	0	0	0	0	0	0	0	0	0	0	0	0	0	0	0	0	0	0	0	0	0	0	
0	0	0	0	0	0	0	0	0	0	0	0	0	0	0	0	0	0	0	0	0	0	0	0	0	0	0	0	0	0	0	0	0	0	0	0	0	0	0	0	0	9.39416	0	0	0	0	0	0	0	0	0	0	0	0	0	0	0	0	0	0	0	0	0	0	0	0	0	0	0	0	0	0	0	0	0	0	0	0	0	0	0	0	0	0	0	0	0	0	0	0	0	0	0	0	0	0	0	0	0	0	
0	0	0	0	0	0	0	0	0	0	0	0	0	0	0	0	0	0	0	0	0	0	0	0	0	0	0	0	0	0	0	7.18076	0	0	0	0	0	0	0	0	0	0	0	0	0	0	0	12.19171	0	0	0	0	0	0	0	0	0	0	0	0	0	0	0	6.4464	0	0	0	0	0	0	0	0	0	0	0	0	0	0	0	0	0	0	0	0	0	0	0	0	0	0	0	0	0	0	0	0	0	0	0	0	
0	0	0	0	0	0	0	0	0	0	0	0	0	0	0	0	0	0	0	0	0	0	0	0	0	0	0	0	0	0	0	9.91873	0	0	0.85559	0	0	0	0	0	0	0	0	0	0	0	0	0	0	0	0	0	0	0	0	0	0	0	0	0	0	0	0	0	0	0	0	0	0	0	0	0	0	0	0	0	0	0	0	0	0	0	0	0	0	0	0	0	0	0	0	0	0	0	0	0	0	0	0	0	
0	0	0	0	0	0	0	0	0	0	0	0	0	0	0	0	0	0	0	0	0	0	0	0	0	0	0	0	0	0	0	0	0	0	0	0	0	0	0	0	0	0	0	10.4543	0	0	0	0	0	6.41253	0	0	0	0	7.03254	0	0	0	0	0	0	0	0	0	0	0	0	0	0	0	0	0	0	0	0	0	0	0	0	0.24513	0	0	0	0	0	0	0	0	0	0	0	0	0	0	0	0	0	0	0	0	
0	0	0	0	0	0	0	0	0	0	0	0	0	0	0	0	0	0	0	0	0	0	0	0	0	0	0	0	0	0	0	0	6.27603	0	0	0	0	0	0	0	0	0	0	0	0	0	0	2.82191	0	0	4.24467	4.74622	0	0	0	0	0	0	9.13329	0	0	0	0	0	0	0	0	0	0	0	0.49026	0	0	0	0	0	0	0	0	0	0	0	0	0	0	6.57569	0	0	0	0	0	0	0	0	0	0	0	0	0	0	
0	0	0	0	0	0	0	0	0	0	0	0	0	0	0	0	0	0	0	0	0	0	0	0	0	0	0	0	0	0	0	0	0	0	0	0	0	0	0	11.11092	0	0	0	0	16.57751	0	6.19864	0	0	0	0	0	0	0	0	0	0	0	0	0	0	0	0	0	0	0	0	0	0	0.49026	0	0	0	0	0	0	0	0	0	0	0	0	0	0	0	0	0	0	0	0	0	0	0	0	0	0	0	0	0	0	
0	0	0	0	0	0	0	0	0	0	0	0	0	0	0	0	0	0	0	0	0	0	0	0	0	0	0	0	0	0	0	0	0	0	0	9.85837	0	0	0	0	0	0	0	0	0	0	0	8.23899	0	0	0	0	0	4.5958	0	0	0	0	0	0	8.8288	0	0	0	0	0	0	0	0	0	0	0	0	0	0	0	0	0	0	0	0	0	0	0	0	0	0	0	0	0	0	0	0	0	10.51022	0	0	0	0	0	
0	0	0	0	0	0	0	0	0	0	0	0	0	0	0	0	0	0	0	0	0	0	0	0	0	0	0	0	0	0	0	0	0	0	0	0	0	0	0	0	0	13.36302	0	0	0	0	0	0	0	0	0	0	0	0	0	0	0	0	0	0	0	0	0	0	0	0	0	0	0	0	0	2.73689	0	0	0	0	0	0	0	0	0	0	0	0	0	0	0	0	0	0	0	0	0	0	0	0	0	0	0	0	
0	0	0	0	0	0	0	0	0	0	0	0	0	0	0	0	0	0	0	0	0	0	0	0	0	0	0	0	0	0	0	0	0	0	0	0	0	0	0	0	8.88051	0	0	0	12.85101	0	0	3.40107	0	0	1.77754	12.87001	0	0	0	10.32508	0	0	11.51752	0	6.0122	0	0	0	0	0	0	0	0	0	0	0	0	0	0	0	0	0	0	0	0	0	0	0	0	0	0	0	0	0	0	0	0	0	0	1.14679	0	0	0	0	
0	0	0	0	0	0	0	0	0	0	0	0	0	0	0	0	0	0	0	0	0	0	0	0	0	0	0	0	0	0	0	0	0	0	0	0	0	0	0	0	0	0	0	0	13.50152	0	0	0	0	5.48257	0	0	5.12919	0	0	0	0	7.34951	0	0	0	3.57627	0	0	0	0	0	0	0	0	0	0	0	0	0	0	0	0	0	0	0	0	0	0	0	0	0	0	0	0	0	0	0	0	0	0	0	0	0	0	
0	0	0	0	0	0	0	0	0	0	0	0	0	0	0	0	0	0	0	0	0	0	0	0	0	0	0	0	0	0	0	0	0	0	0	0	0	0	0	0	0	0	0	13.69806	0	0	11.3616	0	0	0	7.29299	0	0	0	0	0	0	0	0	4.61322	0	0	0	0	10.36148	0	0	9.28795	0	0	0	0	11.22777	0	0	0	4.834	0	0	0	0	0	0	0	0	0	0	0	0	0	0	0	0	0	0	0	0	0	0	0	
0	0	0	0	0	0	0	0	0	0	0	0	0	0	0	0	0	0	0	0	0	0	0	0	0	0	0	0	0	0	0	0	0	0	0	0	0	0	0	0	0	0	0	0	0.85559	0	0	11.1564	0	0	0	7.50633	8.009	0	0	3.88372	0	0	1.93851	0	0	0	0	0	0	0	0	5.99399	0	0	0	0	0	8.80158	0	0	0	0	0	0	0	0	0	0	0	0	0	0	0	0	0	0	0	0	0	0	0	0	0	0	
0	0	0	0	0	0	0	0	0	0	0	0	0	0	0	0	0	0	0	0	0	0	0	0	0	0	0	0	0	0	0	0	0	0	0	0	0	14.27358	0	0	0	0	0	0	0	0	0	0	0.85559	0	0	9.37057	0	0	0.49026	0	11.32906	0	0	1.14679	0	0.85559	0	0	0	0	0	0	0	0	0	0	0	0	5.55292	1.93851	0	0	0	0	0	0	0	0	0	0	0	0	0	0	0	0	0	0	0	0	0	0	0	0	
0	0	0	0	0	0	0	0	0	0	0	0	0	0	0	0	0	0	0	0	0	0	0	0	0	0	0	0	0	0	0	0	0	0	0	0	0	0	0	0	0	0	14.59113	0	0	9.02537	0	12.03773	0	0	7.45151	0	10.9878	0	9.8684	0	0	0	0	0	0	0	0	6.40566	0	0	0	2.55011	0	0	5.14578	0	0	0	0	0	0	0	0	0	0	0	0	0	0	0	0	0	0	0	0	0	0	0	0	0	0	0	0	0	
0	0	0	0	0	0	0	0	0	0	0	0	0	0	0	0	0	0	0	0	0	0	0	0	0	0	0	0	0	0	0	0	0	0	0	0	0	0	0	0	0	0	0	0	0	0	0	10.36768	10.44428	0	0	12.14787	0	0	0	0	0	0	0	0	0	0	0	0	2.08335	0	0	0	0	0	0	0	0	0	0	0	0	0	0	0	0	0	0	0	0	0	0	0	0	0	9.6989	0	0	0	0	0	0	0	0	0	
0	0	0	0	0	0	0	0	0	0	0	0	0	0	0	0	0	0	0	0	0	0	0	0	0	0	0	0	0	0	0	0	0	0	0	0	0	0	0	0	0	0	0	0	0	0	0	12.30889	0	0	0	0	7.72977	0	0	0	0	0	11.05872	2.97829	0	0	0	0	0	0	0	0	0	0	0	0	0	0	0	0	0	0	0	0	0	0	0	0	0	0	0	0	0	0	0	0	0	0	0	0	0	0	2.90223	0	
0	0	0	0	0	0	0	0	0	0	0	0	0	0	0	0	0	0	0	0	0	0	0	0	0	0	0	0	0	0	0	0	0	0	0	0	0	0	0	0	0	0	3.99776	0	0	0	0	0	0	8.94202	0	6.10843	0	9.58187	0	0	0	0	0	0	0	0	0	0	10.38525	0	0	0	0	0	0	0	0	0	0	0	8.05803	0	0	0	0	0	0	0	0	0	0	0	0	0	0	0	0	0	0	0	0	0	0	0	
0	0	0	0	0	0	0	0	0	0	0	0	12.02267	0	0	0	0	0	0	0	0	0	0	0	0	0	0	0	0	0	11.52328	0	0	0	0	0	0	0	0	0	0	0	7.18076	0	0	0	0	6.79556	0	0	15.19461	0	0	4.20192	2.08335	0	9.57719	0	0	0	0	0	0	6.8773	10.19861	8.25628	0	0	0	0	0	0	0	0	0	0	0	0	0	0	0	0	0	0	0	0	0	0	0	0	0	0	0	0	0	0	0	0	0	0	
0	0	0	0	0	0	0	0	0	0	0	0	0	0	0	0	0	0	0	0	0	0	0	0	0	0	0	0	0	0	0	0	0	0	0	0	0	0	0	0	0	0	0	0	0	12.00057	6.76904	0	3.80235	12.42462	0.49026	7.61469	7.6629	0	11.40337	4.87168	0	0	0	0	9.07926	0	0	0	0	0	0	0	0	3.7663	0	0	0	0	0	0	2.87734	0	0	0	0	0	0	0	0	0	0	0	0	0	0	0	0	0	0	0	0	0	0	0	
0	0	0	0	0	0	0	0	0	0	0	0	0	0	0	8.99709	0	0	0	0	0	0	0	0	0	0	0	0	0	0	0	0	0	0	0	1.77754	11.45025	0	0	0	0	0	0	0	0	12.0097	6.7221	9.41056	1.77754	10.08332	0	0	2.08335	0	10.82449	0	0	0	0	5.21029	0	6.50544	0	3.11936	0	9.11551	0	0	11.77861	0	9.75404	0	0	0	0	10.48945	0	0.85559	0	0.49026	0	0	0	0	0	0	0	0	0	0	10.79948	0	0	0	0	0	0	0	0	0	
0	0	0	0	0	0	0	0	0	0	0	0	0	0	0	0	0	0	0	0	0	0	0	0	0	0	10.67429	0	0	0	0	2.55011	0	0	5.63134	0	0	0	0	0	12.18857	0	0	0	0	0	0	0	7.55456	3.18503	2.08335	9.51401	9.8143	0	8.72637	0	9.65394	0	4.08499	0	5.31667	5.75554	0	0	0	6.52459	0	0	0	0	0	0	0	8.71391	0	0	0	0	0	0	0	0	0	0	0	0	0	0	0	0	0	0	0	0	0	0	1.38896	0	0	0	
0	0	0	0	0	0	0	0	0	0	0	0	0	0	0	0	0	0	0	10.3337	0	0	0	0	0	0	0	0	0	0	0	0	0	0	0	0	0	0	0	0	0	0	0	13.49219	0	0	9.15086	12.41631	10.97248	0	6.50544	9.29332	11.68187	0	0	0	12.47174	0	0	7.61594	5.22788	0	0	11.77361	0	8.82236	0	4.46246	0	0	0	0	0	0	0	0	0	0	0	0	0	0	0	0	0	0	0	0	0	0	8.51955	0	0	0	0	0	0	0	0	0	
0	0	0	0	0	0	0	0	0	0	0	0	7.39365	0	0	0	0	0	0	9.20727	0	0	0	0	0	0	0	0	0	0	0	0	0	6.89035	0	0	0	0	0	0	0	10.03628	13.41794	0	7.73483	0	0	5.27803	12.73487	0	2.82191	8.45625	8.69089	1.02581	10.00576	0	6.8167	5.02835	5.91913	0	0	0	0	0	4.98913	0	0	0	0	0	0	0	0	0	0	0	0	0	13.50021	4.26402	0	0	0	0	0	0	0	0	0	0	0	0	0	0	0	0	0	0	0	0	
0	0	0	0	0	0	0	0	0	0	0	0	0	0	0	0	0	0	0	0	0	0	0	15.95818	0	0	0	0	0	0	0	0	0	0	0	0	0	0	10.94223	0	0	0	8.175	9.93254	0	0	9.21477	6.06331	0	7.75411	10.98319	5.1671	0	0	0	0	0	2.96898	15.25445	11.21284	13.57877	0	0	0	8.07111	0	9.07386	0	0	0	0	0	0	0	0	0	0	0	0	0	0	0	0	0	0	0	0	0	0	0	0	0	0	0	0	0	0	0	0	0	
0	0	9.56578	0	0	0	0	0	0	0	0	0	0	0	0	0	0	0	0	0	0	0	0	0	0	0	0	0	0	0	0	0	0	0	0	0	0	0	0	0	11.22197	0	0	0	0	9.70731	0	2.13308	9.30835	9.90434	0	9.38895	9.91753	8.92532	4.35243	9.76683	0	0	5.60759	0	7.43915	0	9.43607	9.81883	0	0	0	0	0	0	0	6.81671	0	0	0	0	3.62441	0	0	0	0	0	0	0	0	0	0	0	0	0	0	0	0	0	0	0	0	0	0	0	
0	0	0	0	0	0	0	0	0	0	0	9.94148	0	0	0	0	0	0	0	0	0	0	0	0	0	0	0	0	0	0	0	0	7.9226	0	0	0	0	7.63441	12.52003	4.51448	5.11241	2.08335	0	0	12.86438	3.94539	11.92095	10.59743	9.82536	0	11.42626	0	9.32294	4.67191	0	9.52052	4.01612	7.38695	0	0	0	0	0	0	0	0	0	4.95189	0	0	0	0	2.55011	0	0	14.76096	0	0	8.97405	0	0	0	0	0	0	0	0	0	0	0	0	0	0	0	0	7.75111	0	0	0	0	
0	0	0	0	0	0	0	0	0	0	0	0	0	0	0	0	0	0	0	0	0	0	0	0	0	0	0	0	0	0	0	0	0	0	2.33554	6.85473	0	0	0	7.56378	0	13.22366	0	13.12635	12.96448	9.69473	7.18476	8.11891	7.08117	10.05939	10.01333	10.45763	1.14679	7.90788	0	0	7.85399	0	0	3.52699	8.65863	0	0.85559	0	0	0	0	0	0	0	0	0	0	0	0	0	0	0	1.93851	0	0	0	0	0	0	0	0	9.52118	0	0	0	0	0	0	0	0	0	0	0	0	
0	0	0	0	0	0	0	0	12.30981	0	7.05027	0	0	0	0	0	0	0	0	0	0	0	0	0	0	0	5.91877	0	0	0	0	0	0	0	0	0	0	8.8492	11.46952	0	8.5314	7.41091	0	9.16619	0.85559	11.72923	8.20866	7.58643	8.77117	11.34725	0	6.70913	0	0	0	0	9.64828	1.93851	0	0	0	0	1.38896	0	0	0	9.25488	0	0	0	0	0	0	0	0	0	0	0	0	0	0	0	0	0	0	0	0	0	0	0	0	0	0	12.60292	0	0	0	0	0	0	
0	0	0	0	0	0	0	0	0	0	0	11.16227	0	0	11.99504	0	0	0	0	0	0	0	0	0	0	0	0	0	0	0	0	11.28481	0	0	5.93795	0	11.37727	0	0	11.66239	0	0	10.52104	10.45062	11.82237	10.08349	11.30174	10.20792	10.81066	8.649	7.01667	10.14667	8.81484	7.38622	0	7.2399	11.68393	0	0	2.08335	7.19677	4.91232	0	3.11936	0	0	0	0	0	0	0	0	0	1.77754	0	6.09617	0	0	0	0	0	0	0	3.30804	0	0	0	0	0	0	0	0	0	0	0	0	0	0	0	0	
0	0	0	0	0	0	0	0	0	0	0	0	13.06842	0	0	0	0	0	0	0	0	0	0	0	0	0	0	0	0	11.06859	0	0	7.53259	0	1.38896	0	12.52045	0	15.5026	10.67429	10.38912	7.63601	13.58008	11.00087	8.7374	7.40462	10.14206	9.53693	1.59632	8.79773	8.6345	9.23176	9.83618	5.59075	4.63169	8.38686	6.74867	0	0	6.53722	3.05054	0	0	0	0	0	0	0	0	0	0	0	0	9.98176	0	0	0	0	0	0	9.70731	0	0	0	0	0	0	0	0	0	0	0	0	0	0	0	0	0	0	0	
0	0	0	0	0	0	0	14.53896	0	0	0	11.15716	0	0	0	0	0	0	0	0	0	0	0	0	0	0	0	9.34203	0	0	4.63688	0	12.17817	0	0	0	2.73689	5.92839	6.64597	10.00494	10.62453	12.71783	0	10.30191	12.11965	10.01017	9.0145	13.64435	11.67461	9.70473	6.80889	8.89594	10.10574	8.01353	5.36082	5.3579	13.41746	4.56769	8.3427	8.78843	6.25047	10.6337	8.02029	0	10.43081	0	0	0	0	0	0	0	0	11.77395	0	0	0	0	0	0	0	0	0	0	0	0	0	0	0	0	0	0	0	0	0	0	0	0	0	0	
9.19736	0	0	0	0	0	0	0	9.43418	0	0	0	4.5398	0	0	0	0	0	0	0	0	0	0	0	8.363	0	0	6.70891	0	0	0	0	3.62441	0	11.17945	10.39092	0	5.22598	10.87925	6.79545	8.44068	9.01457	6.60491	9.64832	12.60134	9.94543	10.43847	9.44965	8.35336	5.71346	9.88845	5.09446	8.3106	6.47553	10.58389	9.26863	9.21417	9.44726	0	9.4352	0.49026	1.14679	0	5.94565	0	7.01459	0	0	0	0	4.06907	0	0	0	0	0	0	0	0	0	0	0	5.52107	0	0	3.70228	0	0	0	0	0	0	0	0	0	0	0	0	0	0	
0	0	0	11.09819	0	0	0	0	0	0	0	0	0	0	0	0	0	0	8.13482	0	0	10.70084	0	4.5398	11.51395	8.72912	0	0	9.46858	9.15906	12.26136	0	10.48192	0	0	0.49026	0	9.70552	11.56149	8.81577	8.60158	7.08539	11.48142	10.04445	8.26649	9.43073	9.5897	9.85301	9.69243	6.53771	9.72067	7.76552	10.57268	5.71169	6.84894	9.16879	0	1.45112	6.35962	9.14404	0.49026	0.85559	8.96122	0	0	0	0	0	0	3.05054	0	0	2.33554	0	1.77754	6.71448	11.14251	1.38228	0	0	0	0	0	0	0	0	0	0	0	0	0	0	0	0	0	0	0	0	0	0	
9.75404	0	0	0	11.83612	8.89912	0	0	0	0	0	0	0	0	0	0	0	8.94354	0	0	0	0	0	0	9.79405	0	10.49327	8.04647	0	12.05993	10.02545	0	0	0	11.09899	10.04404	3.84056	12.0145	12.06171	9.95622	7.87285	8.66892	8.14805	9.09816	10.97397	9.06951	9.79974	10.25301	8.36249	10.52736	6.32908	10.65893	10.68461	6.50341	9.65673	8.16525	10.27688	3.41566	3.58717	9.13069	13.35334	0	4.33343	6.59876	10.39266	8.90142	7.22941	0	0	0	0	0	0	0	7.10644	0	0	0	0	0	0	0	0	0	0	0	0	0	0	0	0	0	0	0	0	0.49026	0	0	0	0	
0	0	0	0	0	0	0	0	9.35725	0	6.61076	0	0	0	0	0	8.24285	14.94948	9.74181	8.54285	9.60004	6.06102	0	0	0	12.31979	0	7.22437	11.09648	10.9829	0	10.90404	12.69077	5.94711	9.20279	10.52334	6.36669	7.58246	9.89689	10.37794	9.35305	9.18279	5.1088	8.524	9.85354	8.65567	8.98451	10.28225	8.26761	6.65092	9.95851	11.60114	7.18825	7.8415	5.23731	7.15107	4.68854	8.96473	0	12.4782	5.39586	2.90223	5.39477	0	6.93998	11.34374	2.33554	0	0	0	0	0.85559	0	0	10.95022	0	0	0	9.38633	0	0	0	0	0	0	5.99399	0	0	0	0	0	0	0	0	0	4.97063	0	0	0	0	
0	10.5927	0	0	2.21493	5.16218	0	0	0	0	0	0	0	0	9.3519	11.66002	0	11.1096	9.24489	0	8.15135	0	4.77124	0	0	0	0	0	10.06379	9.9813	7.89607	0	10.50541	1.28399	10.24073	8.42676	8.92278	10.6338	8.47754	9.9477	9.87138	8.39968	8.59175	7.37333	8.97667	7.2094	7.64617	9.10681	8.40766	7.83047	7.6665	7.97786	7.32309	4.44145	9.06824	6.11012	1.93851	6.32445	7.62178	9.06762	0	7.35137	0	11.71837	9.93423	1.59632	5.39552	10.22764	0	0	0	0	0	0	0	2.21493	0	0	0	0	9.73729	0	0	0	0	0	0	0	0	0	0	0	0	0	0	0	0	0	0	0	
0	10.9777	7.5007	0	8.24336	0	0	0	0	0	6.78501	0	0	0	9.73429	9.40454	0	8.41695	0	0	5.61952	4.66016	8.78461	9.21562	11.28388	8.2601	0	5.13505	9.57499	7.12921	12.96924	10.48478	10.53173	9.82197	10.00025	5.34426	8.90219	8.30887	7.5945	8.03223	9.07087	8.74015	6.91908	7.1002	7.16696	6.77524	8.26147	7.18585	7.85085	8.02042	7.42831	8.44625	7.96277	7.0819	6.69183	5.44071	7.46229	4.6986	6.16673	12.90157	0	6.64185	11.2123	8.48836	2.33008	10.83283	1.38896	0	0	0	0	8.2827	0	1.59632	10.42699	0	7.16864	0	0.85559	0	0	0	0	4.90096	0	1.16777	0	0	0	0	0	0	0	0	0	0	0	0	0	0	
0	0	0	0	0	0	0	0	6.64032	0	10.23395	11.8074	0	0	0	0	0	0	10.50702	0	15.19526	0	0	0	0	13.28958	10.04851	0	7.65931	9.82914	8.08564	6.61076	5.12919	8.63453	8.24934	9.72484	7.97873	8.33371	9.67642	8.77963	7.99409	7.00643	8.01574	7.1504	8.35287	7.46895	8.4738	7.32137	8.86034	9.04383	7.51772	7.10009	8.097	7.16391	6.49596	8.27927	8.01745	7.09025	6.70332	8.10856	11.95267	5.74447	9.43523	6.09533	0	7.80567	0	7.41219	0	0	0	0	0	0	0	0	0	0	0	0	0	11.70128	0	0	0	0	0	7.29248	10.40692	3.71612	0	0	0	0	0	0	0	0	0	0	
0	0	0	0	0	0	0	0	10.28258	9.45616	0	6.72003	0	13.6539	0	0	0	8.73735	11.38842	2.21787	0	0	0	8.74456	5.57121	3.05054	3.62441	10.11784	1.98037	10.50435	0	6.45136	9.93637	3.65077	4.15384	9.40506	10.69841	7.33199	5.16662	5.53825	7.98887	7.78554	8.22751	9.0741	6.79856	6.34552	7.81261	8.37273	6.15048	9.14505	8.40033	6.80354	6.84636	5.4647	7.72124	6.41109	6.2822	5.85762	9.70731	3.59632	6.28552	8.18236	8.23321	3.11936	1.16777	8.98241	8.2018	0	0	0	0	0	0	7.1482	5.25685	0	0	0	13.84894	0	0	0	0	0	0	0	0	0	7.1605	0	0.49026	0	0	0	0	0	0	0	0	0	
0	0	8.95535	9.15713	0	1.14679	0	7.69638	10.75726	0	0	0	0	0	0	0	0	8.22444	0	0	0	0	0	12.89499	0	11.15742	0	9.9445	6.96404	7.04569	0	7.95663	0	11.68009	7.85722	9.05444	7.60341	7.0948	3.19859	8.78956	7.93278	9.54258	5.36728	8.39747	8.02624	8.08668	5.98172	8.59852	8.21281	8.38872	6.27194	8.51557	7.86461	7.64059	6.67674	5.6884	7.56036	10.68721	6.92986	6.04029	8.1666	8.82654	9.08355	6.53092	2.67493	0	0	5.01272	0.85559	4.20192	5.76799	0	9.87339	0	0.24513	0	7.28288	0	0	0	0	0	5.19677	0	0	0	0	0	0	0	0	0	0	0	0	0	0	0	0	0	
0	0	0	0	0	0	0	0	0.85559	0	12.24441	7.702	7.85172	0	11.19875	0	0	6.87233	0	5.93795	0	0	0	0	0	0	9.62021	5.53389	9.15752	0	8.47718	9.49494	6.02827	5.99072	5.2326	8.01101	8.38467	7.78996	7.95666	10.09354	7.84058	7.60013	6.38897	6.04987	5.14359	8.42017	5.35598	6.18079	6.10338	6.14833	6.24496	8.93138	8.91818	7.31619	6.72501	6.97487	4.67262	7.83536	9.09976	5.44216	5.07849	5.45064	6.40346	4.45138	2.97829	6.86489	7.87613	4.39901	0	0	10.84209	0	5.76545	0.24513	0	13.9912	0	0	3.84361	0	0	0	0	0	0	0	0	0	5.98169	0	0	0	0	0	0	0	0	0	0	0	
0	0	0	0	0	0	0	0	0	10.89149	0	0	2.82191	0	0	0	0	0	0	0	0	0	0	8.30236	0	0	7.55854	0	0	4.95458	5.57422	0	0	7.06182	3.71612	8.63679	3.24784	0	1.14679	9.14881	4.20281	9.70731	2.77062	7.12035	9.07831	7.26199	6.4212	7.0404	7.85549	5.42853	7.03375	7.48148	6.88563	6.33666	8.90213	6.8802	7.67891	6.22213	4.57117	6.25394	6.44588	6.20263	3.18533	7.03402	6.65338	8.02268	3.24784	7.64479	6.20456	0	0	3.80235	0	3.62441	0	0.49026	7.78376	0	0	0	0	0	0	0	5.52123	0	0	4.70562	0	0	0	6.18266	0	0	0	0	3.88372	0	0	0	
0	0	0	0	0	0	0	0	0	0	0	6.46635	0	0	0	0	0	5.26569	13.24234	0	0	0	0	1.93851	0	0	0	7.02808	0	0	0	0	3.41225	5.5306	6.5064	0	3.68985	8.02631	4.30391	1.52019	4.72101	8.98819	5.80967	2.19103	0	6.82708	5.96437	4.33305	6.58107	5.75966	6.77083	9.98714	7.94201	5.1583	6.65239	4.24383	6.35101	7.51597	6.81121	6.68411	6.58313	5.22192	0	6.83339	8.73265	0	6.14989	4.98913	3.62441	7.45976	0	0	9.68903	2.64653	0	11.06859	0	6.0122	0	0	0	5.46265	0	0	0	0	0	0	0	0	0	0	0	0	0	0	0	0	0	0	
0	0	0	0	6.79963	0	0	0	0	0	9.19736	0	4.66016	0	0	9.91753	0	0	7.97459	0	2.9392	5.72263	0	0	0	10.71758	3.80235	0	0	3.90299	0	8.47587	10.75455	0	0	5.85966	10.2656	1.59632	10.99382	8.80098	5.3175	8.93879	6.37553	7.94172	4.54408	7.09785	11.82473	5.70245	6.69966	7.7679	7.71928	5.29934	7.19179	6.39371	4.55899	6.86891	5.8769	7.99333	4.19633	8.80668	4.39779	7.64453	6.44906	6.11756	6.37335	0	9.40856	8.04928	0	1.14679	5.50284	6.96404	6.95358	9.15988	9.73159	0	3.12914	0	0	0	2.33554	0	0	2.90223	0	0.49026	0	0	0	2.08335	0	0	0	0	0	0	0	0	0	0	
0	0	0	0	0	0	0	0	0	0	0	3.88372	1.04168	0	0	6.68073	0	0	0	2.44681	7.50713	0	0	0	0	0	0	0	0	6.47657	5.59556	5.04818	0	0	0	8.70414	0	0	0	5.24149	6.0972	6.37678	3.30515	3.87801	7.68467	5.15223	5.86961	4.63788	6.09711	4.91736	0	0	7.22336	6.36424	0.49026	9.16123	7.8942	5.17784	5.23371	6.54604	7.71465	6.51858	7.55794	8.33247	7.90889	4.2898	7.00098	6.8534	0.85559	7.32739	0	6.04543	9.47187	10.30768	7.5576	0	6.21446	0	4.46246	0	0	0	0	0	0	0	0	0	0	0	0	0	0	0	0	0	0	0	0	0	
0	0	0	3.24784	0	0	0	0	0	0	0	0	0	0	0	0	6.04794	0	0	0	0	0	10.6193	0	0	0	4.72282	5.77728	6.19864	6.09994	0	0	0.49026	0	0	9.60038	0	0	0	2.16524	4.33251	0	1.38896	0	3.25515	12.06417	7.10641	5.63134	6.36268	3.57691	4.6529	5.27804	8.71779	6.69914	6.52436	6.22364	7.95668	5.06729	5.33756	8.20218	5.22621	6.9278	8.62626	5.97475	7.85472	9.58898	5.34245	4.06907	8.33144	9.75353	1.87409	8.20126	5.92838	3.63248	4.74081	0	13.02116	0	4.04337	8.54909	1.2584	2.55011	5.27204	0	0	5.77689	0	0	0	0	0	0	0	0	0	0	0	0	0	8.05583	
0	0	4.69186	0	0	0	0	0	0	0	0	0	0	0	0	0	0	0	0	0	8.97056	0	0	0	0	10.99095	0	7.98355	0	10.72243	0	9.88887	10.71966	0	9.24433	0	0	8.8518	6.93264	0	6.58057	0	0	6.38081	10.08816	9.08465	0	2.77764	8.2977	4.2788	2.72192	10.37913	7.51793	9.30123	5.79625	8.80356	0	8.11981	6.0659	6.57253	4.95527	8.97025	5.15686	1.0456	4.38884	6.94455	5.01673	0	6.10943	3.30866	3.62728	8.20772	6.72754	8.37778	0	0	6.91453	0	3.49709	3.67099	0	3.42306	0	0	0	0	0	0	4.14001	0	0	0	0	0	0	0	7.48449	0	0	0	
0	0	0	0	2.64653	0	0	0	0	0	0	0	9.81235	0	0	0	0	0	0	0	9.59174	4.9329	0	0	0	0	0	5.19108	0	0	0	0.85559	8.46401	0	0	0	2.44681	0	5.25685	7.17269	0	0	3.78337	0	5.38813	0	6.13323	8.78843	1.14679	5.85896	2.33554	5.65585	8.23706	6.38998	8.22935	0.4278	0	6.11772	7.01417	3.94153	5.60498	7.75797	7.93508	6.37934	6.11031	9.35851	4.11262	4.64028	5.51314	6.48488	6.32126	0	0	6.79899	0	6.5873	4.95453	5.39275	0	0	0	0	0	0	7.12747	0	0	0	0	0	0	0	0	0	0	0	7.5576	0	0	0	
0	0	0	0	0	0	0	0	3.30804	0	0	0	2.33554	0	0	0	11.10563	0.85559	2.44681	0	0	0	0	0	7.47447	0	0	0	0	0	0	0	0	0	6.6977	7.85106	0	2.08335	0	0	0	0	1.14679	7.14408	0	7.35144	9.32301	6.59272	0	3.8624	0	9.04319	8.39284	8.06406	0	6.6977	0	5.62388	0	6.17186	8.15972	11.23916	5.50028	9.12286	4.19695	4.88455	6.37967	7.32162	8.07977	7.24496	8.3243	4.7567	7.45021	10.76029	7.35948	3.142	10.04726	10.66605	0	4.63688	8.17982	0	8.95202	0	4.29323	0	6.11687	2.90223	2.33554	0	0.88432	0	0	9.79757	0	0	0	0	0	0	
0	0	0	0	0	0	0	0	0	0	0	0	0	0	0	0	0	0	0	0	6.60661	0	0	0	0	0	0	0	0	4.51448	0	0	0	0	6.09141	0	0	0	0	0	9.63424	0	9.48089	8.51279	4.00315	0	0	7.32612	3.96074	4.76274	11.92694	0	0	1.16777	4.23203	7.2734	0	0	6.79624	8.65018	8.3541	5.12916	3.00241	6.19714	6.40008	6.20085	2.16066	3.17693	6.63476	6.4615	9.14957	6.5471	4.27782	6.96261	2.88001	0	5.40956	0	2.56357	0	0	0	2.97829	0	0	0	5.17222	0	0	0	0	0	0	0	0	0	0	0	0	0	
0	0	0	0	7.49424	0	0	0	0	0	0	8.75908	0	3.18503	0	0	0	0	0	0	0	0	0	0	0	0	0	0	0	0	0	0	0	0	0	0	0	0	0	7.60804	0	0	5.96624	0	7.11962	0	0.4278	6.2223	0	0	2.21493	0	0	0	10.11894	0	0	0	0	6.28355	6.29335	8.00182	7.73829	7.5081	7.41528	0	1.27506	5.13894	9.84075	5.18678	6.53332	8.46292	7.74074	4.80221	0	0	2.28295	8.99594	5.53063	4.85433	2.55011	7.18076	2.44681	0	1.38896	0	5.59556	10.3718	0	4.03796	0	0	0	0	11.61456	0	0	0	0	0	
0	0	0	0	0	0	0	0	0	0	0	0	0	0	0	0	0	4.65294	0	0	0	8.49671	9.73017	0	0	0	9.4054	0	0	0	0	0	0	5.12746	6.12258	0	0	0	0	0	0	0	0	0	0	0	0	0	0	0	0	0	0	0	0	9.0758	6.54775	6.74081	3.47488	6.25325	0	5.56426	6.3992	0	7.19987	5.86789	6.27201	7.23409	5.18919	3.47831	6.6604	5.17708	5.51808	3.75035	5.54534	4.86347	4.00606	0	5.7662	6.10426	0	0	7.21775	0	6.16649	7.31785	0	6.32055	0	11.52197	0	0	0	0	0	0	9.51418	0	0	0	
0	0	0	0	0	0	0	0	6.80238	0	0	0	0	0	0	0	0	0	0	0	0	0	0	0	0	0	0	0	0	0	0	0	0	0	0	0	0	0	0	10.00527	0	0	0	0	0	4.87438	0	4.06907	9.16619	0	0	9.91511	0	0	0	0	0	0	6.41347	0	9.01106	0	7.67518	10.20783	4.83037	7.04407	4.14297	0	0	7.03139	8.67227	2.97829	8.30821	5.28798	5.64562	8.06432	4.71569	0	6.6977	5.36054	4.91414	7.90147	9.95154	7.48609	10.24245	0	0	0	0	0	3.62441	0	7.33194	0	0	0	0	0	0	0	
0	0	0	0	0	0	0	0	0	0	0	0	0	5.66626	0	0	0	0	0	0	0	0	0	0	0	2.38091	0	0	0	0	0	0	0	0	1.14679	0	0	6.9167	0	0	11.08749	0	9.04098	7.18478	0.49026	0	0	0	0	0	2.33554	7.28553	0	0	3.52646	0	0	0	0	5.8487	1.10747	0	4.29684	8.20576	3.11936	3.40993	8.28794	7.45817	2.21493	4.66697	5.58709	0	4.67084	4.933	6.23786	7.19442	7.31123	4.94734	6.5087	4.3529	0	4.16792	11.25717	3.8385	1.46854	0	0	8.67443	4.19042	0	6.78501	0	0	6.58057	0	0	0	0	4.1832	0	
0	0	0	0	0	0	0	0.49026	0	0	0	0	0	0	0	0	0	0	0	0	0	0	4.20192	0	0	0	0	0	9.9991	0	0	0	0	0	10.32964	0	0	3.47488	0	0	0	0.67293	0	0	0	0	4.33148	0	0	0	0	0	8.35767	0	0	0	4.65825	2.44681	0	3.61186	6.88033	0	0	4.88885	0	1.14679	0	4.71363	5.92775	9.17934	7.86051	8.57199	9.07818	3.22252	5.67874	6.019	3.53846	0	5.49402	2.44069	6.709	8.02249	2.05173	0	6.02492	0	0.49026	3.62477	0	0	7.09794	7.72253	0	0	0	0	9.73155	0	0	0	
0	0	0	0	0	0	0	0	2.73689	0	0	0	0	0	0	0	0	0	0	0	0	0	0	0	0	0	0	0	0	0	0	0	0	0	0	0	0	5.2676	0	0	0	0	0	0	0	0	0	0	0	0.85559	0	3.5802	0	4.35797	0	0	2.21493	5.02166	1.93851	0	3.36582	0	8.07545	12.27301	9.2587	6.35342	0	0	8.64902	5.38807	0	0.49026	5.48544	8.61754	7.99645	5.92671	0	4.1369	4.22666	4.91092	1.21182	10.40304	6.70332	0.85559	0	0	6.19958	0	0	0	0	0	5.17985	8.69402	11.72166	0	0	0	0	0	
0	0	0	0	0	0	0	7.87364	0	0	0	0	0	0	0	0	0	0	0	0	0	0	0	0	0	0	0	0	0	0	0	0	0	0	0	0	0	2.79704	0	2.90223	0	0	0	0	0	0	0	0	0	0	4.37349	0	0	9.78415	11.93728	0	0	4.53018	6.21446	10.19413	0	0	0	8.33157	6.21088	10.11736	0	0	7.99903	3.07581	6.79389	6.48458	6.4657	8.13613	5.22598	5.82738	3.35202	0	7.65893	4.18706	7.52002	10.63297	7.76717	3.9973	6.19888	0	0	0.16342	0	0	0.85559	0	0	0	0	1.42958	0	0	0	0	
0	0	0	0	0	0	0	0	0	0	0	0	0	0	0	0	0	0	0	0	0	0	0	0	0	10.55554	0	0	0	0	0	0	0	0	0	0	0	3.30804	0	0	0	0	0	0	9.86902	0	0	0	9.34563	0	0	0	0	0	0	0.85559	0	0	0	0	0	0	8.24587	0	0	5.34416	3.17012	7.77548	4.5398	6.96112	0.88877	0	10.20292	0	4.16984	4.78872	8.4101	6.30567	6.25999	4.32315	4.58025	0	5.652	0	6.2223	5.77756	0	0	0	0	10.25417	0	0	0	0	0	0	1.93851	0	0	
0	0	0	0	0	0	0	0	0	0	0	0	1.38896	0	0	0	0	0	0	0	0	0	0	0	0	0	0	0	0	0	0	0	0	0	0	0	0	0	0	0	0	0	0	0	0	0	0	8.10756	0	0	1.14679	0	9.22299	0	0	0	0	0	0	4.87102	0	0	0	4.0785	2.33554	5.22598	9.22734	0	10.84368	0	0	8.07545	0	0	0	3.62299	5.78678	7.77914	4.64013	3.90467	0	4.59728	3.72586	1.55778	4.85876	1.59252	6.75446	0	5.22598	0	0	0	0	8.04924	0	0	0	0	0	0	
0	0	0	0	0	0	0	0	0	0	0	0	0	0	0	0	0	0	0	0	0	0	0	0	0	0	0	0	0	0	0	0	10.18463	0	0	0	0	0	0	0	2.90223	0	0	0	0	0	0	0	0	0	0	0	0	0	0	0	4.72032	0	0	0	5.59049	0	0	2.33669	0	8.01579	0	0	6.02188	0	0	0	10.31594	0	0	1.77754	0	0	3.73157	8.76073	5.31905	7.26669	10.74097	0	7.54202	0	0	0	0.49026	0	4.22947	3.06348	5.25749	0	0	0	0	0	0	0	
0	0	0	0	0	0	0	1.3526	0	0	0	0	0	0	0	0	0	0	0	0	0	0	0	0	0	0	0	5.11241	0	0	0	0	0	0	0	0	0	0	0	0	0	0	0	0	0	0	0	0	0	0	0	0	0	0	0	0	0	1.14679	0	0	0	0	0	0	0	0	0	0	0	0	2.50307	3.4583	5.42757	3.18503	0	12.00303	7.33338	0	8.65933	4.61322	0	5.55614	0	7.98846	0.85559	8.20005	0	6.74746	0	0	0	0.49026	0	0	0	11.90534	0	0	0	0	
0	0	0	0	0	0	0	0	0	0	0	0	0	0	0	0	0	0	0	0	5.12919	0	0	0	0	0	0	0	0	0	0.49026	0	0	0	0	0	0	0	0	0	0	0	0	0	0	0	0	0	0	0	0	0	0	0	0	0	0	0	0	12.45852	0	0	0	0	5.31667	8.67586	12.08743	3.77736	0	0	0	0	0	0	0	1.38896	5.61374	0	0	0	2.51273	0	0	0	2.96246	1.14679	8.14893	6.06733	7.22827	0	6.58666	5.40201	12.82638	0	0	4.95189	0	0	0	0	
0	0	0	0	0	0	0	0	0	0	0	0	0	0	0	0	0	0	0	0	0	0	0	0	0	0	0	0	0	0	0	0	0	0	0	0	0	0	0	0	0	0	0	0	0	0	0	0	5.45621	0	0	0	0	0	0	0	0	0	0	0	0	0	0	0	0	0	0	0	0	10.73104	10.0457	8.53814	5.28435	0	8.7725	7.43473	0	11.32132	0.85559	0	0	7.44482	8.49784	0	4.62935	0	7.27802	0	0	3.50284	0	0.43899	1.83765	0	0.85559	0	0	0	0	0	
0	0	0	0	0	0	0	0	0	0	0	0	0	0	0	8.15126	0	0	0	0	0	0	0	0	0	0	0	0	0	0	0	0	0	0	4.72783	0	0	0	0	0	0	0	0	0	0	0	0	0	0	0	0	0	0	0	0	0	0	0	0	0	0	0	0	0	0	0	0	1.77754	0	0	0	0	0	6.20657	0	0	0	8.65617	0	0	0	0	0	0	3.43755	0	5.08529	3.52734	4.834	10.04375	8.37184	0	6.7797	0	0	0	0	0	0	0	
0	0	0	0	0	0	0	0	0	0	0	0	0	0	0	0	0	0	0	0	0	0	0	0	0	0	0	0	0	0	0	0	0	0	0	0	0	0	0	0	0	0	0	0	0	0	0	0	5.41575	0	0	0	0	0	0	0	0	0	0	9.58719	0	0	0	0	0	2.92571	0	0	0	0	0	6.9357	0	0	0	0	0	14.53082	0	7.38113	10.11789	0	0	9.93969	0	0	0	0	0	0	0	0	0	0	0	0	0	0	0	0	
0	0	0	0	0	0	0	0	0	0	0	0	0	0	0	0	0	0	0	0	0	0	0	0	0	0	0	0	0	0	0	0	0	0	0	0	0	0	0	0	0	0	0	0	0	0	0	0	0	0	0	0	0	0	0	0.49026	0	0	6.80081	0	0	0	0	0	7.28178	0	0	0	0	0	0	6.57445	0	10.82995	0	0	4.35243	0	0	0	3.23948	7.65706	5.04733	6.18492	0	0	0	6.83189	2.94943	0	4.5398	7.18879	10.78499	0	0	0	0	0	0	0	
0	0	0	0	0	0	0	0	0	0	0	0	0	0	0	0	0	0	0	0	0	0	0	0	0	0	0	0	0	0	0	0	0	0	0	0	0	0	0	0	0	0	0	0	0	0	0	0	0	0	0	0	0	0	0	0	0	0	0	0	0	0	0	0	0	0	0	0	0	0	0	0	0	0	0	0	0	0	0	0	0	0	0	0	0	0	1.38896	0	0	0	0	9.98246	0	0	0	0	0	0	0	0	
0	0	0	0	0	0	0	0	0	0	0	0	0	0	0	0	0	0	0	0	0	0	0	0	0	0	0	0	0	0	0	0	0	0	0	0	0	0	0	0	0	0	0	0	0	0	0	0	0	0	0	0	0	0	0	0	0	0	0	0	0	0	0	0	0	0	0	0	0	0	8.35635	0	0	0	0	0	0	0	0	6.37052	0	0	0	11.10138	0	0	0	1.59632	0	0	2.51842	10.69698	0	0	0	0	0	0	0	0	
0	0	0	0	0	0	0	0	0	0	0	0	0	0	0	0	0	0	0	0	0	0	0	0	0	0	0	0	0	0	0	0	0	0	0	0	0	0	0	0	0	0	0	0	0	0	0	0	0	0	0	0	0	0	0	0	0	0	0	1.38896	0	0	0	0	0	0	0	0	0	0	7.02808	0	0	0	0	0	0	0	0	0	0	0	0	0	0	0	5.57121	0	0	0	0	0	0	0	0	0	0	0	0	0	
0	0	0	0	0	0	0	0	0	0	0	0	0	0	0	0	0	0	0	0	0	0	0	0	0	0	0	0	0	0	0	0	0	0	0	0	0	0	0	0	0	0	0	0	0	0	0	0	0	0	0	0	0	0	0	0	0	0	0	0	0	0	0	0	0	0	0	0	0	8.08408	9.13537	0	0	0	0	0	0	0	3.99776	0	0	0	0	0	0	0	0	0	5.30195	3.05054	0	0	0	0	0	0	0	0	0	0	
0	0	0	0	0	0	0	0	0	0	0	0	0	0	0	0	0	0	0	0	0	0	0	0	0	0	0	0	0	0	0	0	0	0	0	0	0	0	0	0	0	0	0	0	0	0	0	0	0	0	0	0	0	0	0	0	0	0	0	0	0	0	0	0	0	0	0	0	0	0	0	0	0	0	0	0	0	0	0	0	0	0	0	0	0	0	0	0	0	0	0	0	0	0	0	0	0	0	0	0	
0	0	0	0	0	0	0	0	0	0	0	0	0	0	0	0	0	0	0	0	0	0	0	0	0	0	0	0	0	0	0	0	0	0	0	0	0	0	0	0	0	0	0	0	0	0	0	0	0	0	0	0	0	0	0	0	0	0	6.64617	0	0	0	0	0	0	0	0	0	0	0	0	0	0	0	0	4.61322	0	0	0	0	0	0	0	0	0	0	0	0	0	0	0	0	0	0	0	0	0	0	0	0	
0	0	0	0	0	0	0	0	0	0	0	0	0	0	0	0	0	0	0	0	0	0	0	0	0	0	0	0	0	0	0	0	7.72149	0	0	0	0	0	0	0	0	0	0	0	0	0	0	0	0	0	8.80419	0	0	0	0	0	0	0	0	0	0	0	0	0	0	0	0	0	0	0	0	0	0	0	0	1.93851	0	0	0	0	0	0	0	0	0	0	0	0	0	0	0	0	0	0	0	0	0	0	0	0	
0	0	0	0	0	0	0	0	0	0	0	0	0	0	0	0	0	0	0	0	0	0	0	0	0	0	0	0	0	0	0	0	0	0	0	0	0	0	0	0	0	0	0	0	0	0	0	0	0	0	0	0	0	0	0	0	0	0	0	0	0	0	0	0	0	0	0	0	0	0	0	0	0	0	0	0	0	0	0	0	0	0	0	0	0	0	0	0	0	0	0	0	0	0	0	0	0	0	0	0	
0	0	0	0	0	0	0	0	0	0	0	0	0	0	0	0	0	0	0	0	0	0	0	0	0	0	0	0	0	0	0	0	0	0	0	0	0	0	0	0	0	0	0	0	0	0	0	0	0	0	0	0	0	0	0	0	0	0	0	0	0	0	0	0	0	0	0	0	0	0	0	0	0	0	0	0	0	0	0	0	0	0	0	0	0	0	0	0	0	0	0	0	0	0	0	0	0	0	0	0	
0	0	0	0	0	0	0	0	0	0	0	0	0	0	0	0	0	0	0	0	0	0	0	0	0	0	0	0	0	0	0	0	0	0	0	0	0	0	0	0	0	0	0	0	0	0	0	0	0	0	0	0	0	0	0	0	0	0	0	0	0	0	0	0	0	0	0	0	0	0	0	0	0	0	0	0	0	0	0	0	0	0	0	0	0	0	0	0	0	0	0	0	0	0	0	0	0	0	0	0	
0	0	0	0	0	0	0	0	0	0	0	0	0	0	0	0	0	0	0	0	0	0	0	0	0	0	0	0	0	0	0	0	0	0	0	0	0	0	0	0	0	0	0	0	0	0	0	0	0	0	0	0	0	0	0	0	0	0	0	0	0	0	0	0	0	0	0	0	0	0	0	0	0	0	0	0	0	0	0	0	0	0	0	0	0	0	0	0	0	0	0	0	0	0	0	0	0	0	0	0	
0	0	0	0	0	0	0	0	0	0	0	0	0	0	0	0	0	0	0	0	0	0	0	0	0	0	0	0	0	0	0	0	0	0	0	0	0	0	0	0	0	0	0	0	0	0	0	0	0	0	0	0	0	0	0	0	0	0	0	0	0	0	0	0	0	0	0	0	0	0	0	0	0	0	0	0	0	0	0	0	0	0.49026	0	0	0	0	0	0	0	0	0	0	0	0	0	0	0	0	0	0	
0	0	0	0	0	0	0	0	0	0	0	0	0	0	0	0	0	0	0	0	0	0	0	0	0	0	0	0	0	0	0	0	0	0	0	0	0	0	0	0	0	0	0	0	0	0	0	12.68865	0	0	0	0	0	0	0	0	0	0	0	0	0	0	0	0	0	0	0	0	0	0	0	0	0	0	8.34033	0	0	0	0	0	0	0	0	0	0	0	0	0	0	0	0	0	0	0	0	0	0	0	0	0	
