0	0	0	0	0	0	0	0	0	0	0	0	0	0	0	0	0	0	0	0	0	0	0	0	0	0	0	0	0	0	0	0	0	0	0	0	0	0	0	0	0	0	0	0	0	0	0	0	0	0	0	9.95859	0	0	0	0	0	0	0	0	0	0	0	0	0	0	0	0	0	0	0	0	0	0	0	0	0	0	0	0	0	0	0	0	0	0	0	0	0	0	0	0	0	0	0	0	0	0	0	0	
0	0	0	0	0	0	0	0	0	0	0	0	0	0	0	0	0	0	0	0	0	0	0	0	0	0	0	0	0	0	0	0	0	0	0	0	0	0	0	0	0	0	0	0	0	0	0	14.01139	0	0	0	0	0	0	0	0	0	0	0	0	0	0	0	12.28143	0	0	0	0	0	0	0	0	0	0	0	0	0	0	0	0	0	0	0	0	0	0	0	0	0	0	0	0	0	0	0	0	0	0	0	0	
0	0	0	0	0	0	0	0	0	0	0	0	0	0	0	0	0	0	0	0	0	0	0	0	0	0	0	0	0	0	0	0	0	0	0	0	0	0	0	0	0	0	0	0	0	0	0	0	0	0	0	0	0	0	12.18178	0	0	0	0	0	0	0	0	0	0	0	0	0	0	0	0	0	0	0	0	0	0	0	0	0	0	0	0	0	0	0	0	0	0	0	0	0	0	0	0	0	0	0	0	0	
0	0	0	0	0	0	0	0	0	0	0	0	0	0	0	0	0	0	0	0	0	0	0	0	0	0	0	0	0	0	0	0	0	0	0	0	0	0	0	0	0	0	0	0	0	0	14.85276	7.01973	0	0	0	0	0	0	0	0	0	0	0	0	0	0	0	0	0	0	0	0	0	0	0	0	0	0	0	0	0	0	0	0	0	0	0	0	0	0	0	0	0	0	0	0	0	0	0	0	0	0	0	0	
0	0	0	0	0	0	0	0	0	0	0	0	0	0	0	0	0	0	0	0	0	0	0	0	0	0	0	0	0	0	0	0	0	0	0	0	0	4.83238	0	0	0	0	0	12.73229	0	0	0	0	0	0	0	0	0	0	0	0	0	0	0	0	0	0	0	0	0	0	0	0	0	0	0	0	0	0	0	0	0	0	0	0	0	0	0	0	0	0	0	0	0	0	0	0	0	0	0	0	0	0	0	0	
0	0	0	0	0	0	0	0	0	0	0	0	0	0	0	0	0	0	0	0	0	0	0	0	0	0	0	0	0	0	0	0	0	0	0	0	0	0	0	0	0	0	0	0	0	0	0	0	0	0	0	0	0	0	0	0	0	0	0	0	0	0	0	0	0	0	0	0	0	0	0	0	5.94387	0	0	0	0	0	0	0	0	0	0	0	0	0	0	0	0	0	0	0	0	0	0	0	0	0	0	0	
0	0	0	0	0	0	0	0	0	0	0	0	0	0	0	0	0	0	0	0	0	0	0	0	0	0	0	0	0	0	0	0	0	0	0	0	0	0	0	0	0	0	0	0	0	0	0	0	0	0	0	0	0	0	0	0	0	0	0	0	0	0	0	0	0	0	0	0	0	0	0	0	0	0	10.61831	0	0	0	0	0	0	0	0	0	0	0	0	0	0	0	0	0	0	0	0	0	0	0	0	0	
0	0	0	0	0	0	0	0	0	0	0	0	0	0	0	0	0	0	0	0	0	0	0	0	0	0	0	0	0	0	0	0	0	0	0	0	0	0	0	0	0	0	0	0	0	0	0	0	0	0	0	8.12044	0	0	0	14.60435	0	0	4.98538	0	0	0	0	0	0	0	0	0	0	0	0	0	0	0	0	0	0	0	0	0	0	0	0	0	0	0	0	0	0	0	0	0	0	0	0	0	0	0	0	0	
0	0	0	0	0	0	0	0	0	0	0	0	0	0	0	0	0	0	0	0	0	0	0	0	0	0	0	0	7.65105	0	0	0	0	0	0	0	0	0	0	0	0	0	0	0	0	0	0	0	0	0	0	0	0	0	0	0	0	0	0	0	0	0	0	0	0	0	0	5.50332	0	0	0	0	0	0	0	0	0	0	0	0	0	0	0	0	0	0	0	0	0	0	0	0	0	0	0	0	0	0	0	0	
0	0	0	0	0	0	0	0	0	0	0	0	0	0	0	0	0	0	0	0	0	0	0	0	0	0	0	0	0	0	0	0	0	0	0	0	0	0	0	0	0	0	0	0	0	0	0	0	0	0	0	0	0	0	0	8.9903	0	0	0	0	0	0	0	0	0	0	0	0	0	0	0	0	0	0	0	0	0	0	0	0	0	0	0	0	0	0	0	0	0	0	0	0	0	0	0	0	0	0	0	0	
0	0	0	0	0	0	0	0	0	0	0	0	0	0	0	0	0	0	0	0	0	0	0	0	0	0	0	0	0	0	0	0	0	0	0	0	0	0	0	0	0	0	0	0	0	0	0	0	0	0	0	0	0	0	0	0	0	0	0	0	0	0	0	0	0	0	0	10.41273	0	0	0	0	0	0	0	0	0	0	0	0	0	0	0	0	0	0	0	0	0	0	0	0	0	0	0	0	0	0	0	0	
0	0	0	0	0	0	0	0	0	0	0	0	0	0	0	0	0	0	0	0	0	0	0	0	0	0	0	0	0	0	0	0	0	0	0	0	0	0	0	0	0	0	0	0	0	0	0	0	0	0	0	0	3.50571	0	0	0	4.55391	0	0	0	0	0	0	0	0	0	0	0	0	0	0	4.30196	0	0	0	0	0	0	0	0	0	0	0	0	0	0	0	0	0	0	0	0	0	0	0	0	0	0	0	0	
0	0	0	0	0	0	0	0	0	0	0	0	0	0	0	0	0	0	0	0	0	0	0	0	0	0	0	0	0	0	0	0	0	0	0	0	0	0	0	0	0	0	0	0	0	0	0	0	10.79983	0	0	0	12.16598	0	0	0	0	0	0	0	0	0	0	0	0	0	0	6.47004	0	0	0	0	0	0	0	0	0	0	0	0	0	0	0	0	0	0	0	0	0	0	0	0	0	0	0	0	0	0	0	0	
0	0	0	0	0	0	0	0	0	0	0	0	0	0	0	0	0	0	0	0	0	0	0	0	0	0	0	0	0	0	11.72327	0	0	0	0	0	0	0	0	13.43472	0	0	0	0	0	0	0	8.97096	0	0	0	0	0	0	0	0	0	8.26011	8.96407	0	8.00493	0	0	11.70134	0	0	0	0	0	0	0	0	0	0	0	0	0	0	0	0	0	0	0	0	0	0	0	0	0	0	0	0	0	0	0	0	0	0	0	0	
0	0	0	0	0	0	0	0	0	0	0	0	0	0	0	0	0	0	0	0	0	0	0	0	0	0	0	0	0	0	0	0	0	0	0	0	0	0	0	0	0	0	0	0	0	0	0	0	0	0	0	0	0	0	4.44243	0	0	0	0	0	0	0	0	0	0	0	0	0	0	0	0	0	0	0	2.06602	0	0	0	0	0	0	0	0	0	0	0	0	0	0	0	0	0	0	0	0	0	0	0	0	0	
0	0	0	0	0	0	0	0	0	0	0	0	0	0	0	0	0	0	0	0	0	0	0	0	0	0	0	0	0	0	0	0	0	0	0	0	0	0	0	0	0	0	14.79975	0	0	0	0	0	0	0	0	0	8.66739	0	0	0	0	0	0	12.06389	0	0	0	0	0	0	0	0	0	0	0	7.03649	0	0	0	0	0	0	0	0	0	0	0	0	0	0	0	0	0	0	0	0	0	0	0	0	0	0	0	0	
0	0	0	0	0	0	0	0	0	0	0	0	0	0	0	0	0	0	0	0	0	0	0	0	0	0	0	0	0	0	0	0	0	0	0	0	0	0	0	0	0	0	0	6.55864	0	0	0	11.21395	0	0	0	7.87693	0	0	0	0	0	0	5.5849	0	0	0	0	0	0	0	0	0	0	0	0	0	0	0	0	0	0	0	0	0	0	0	0	0	0	0	0	0	0	0	0	0	0	0	0	0	0	0	0	0	
0	0	0	0	0	0	0	0	0	0	0	0	0	0	0	0	0	0	0	0	0	0	0	0	0	0	0	0	0	0	0	0	0	0	0	0	0	0	0	0	0	0	9.30122	0	0	0	0	0	0	0	0	0	0	0	0	9.18753	0	0	0	0	0	0	0	0	0	0	0	0	9.82175	0	0	0	0	0	0	0	0	0	0	0	0	0	0	0	0	0	0	0	0	0	0	0	0	0	0	0	0	0	0	0	
0	0	0	0	0	0	0	0	0	0	0	0	0	0	0	0	0	0	0	0	0	0	0	0	0	0	0	0	0	0	0	0	0	0	0	0	0	0	0	0	12.2236	0	0	0	0	0	0	0	0	0	0	0	0	0	0	0	0	0	0	0	0	0	0	0	0	0	0	0	0	0	0	0	0	0	0	0	0	0	0	0	0	0	0	0	0	0	0	0	0	0	0	0	0	0	0	0	0	0	0	0	
0	0	0	0	0	0	0	0	0	0	0	0	0	0	0	0	0	0	0	0	0	0	0	0	0	0	0	0	0	0	0	0	0	0	0	0	0	0	0	0	0	0	0	0	0	0	0	10.33699	0	0	7.88066	0	0	0	0	0	0	0	0	0	0	0	0	0	0	0	0	0	0	0	0	0	0	0	0	0	9.74479	0	0	0	0	0	0	0	0	0	0	0	0	0	0	0	0	0	0	0	0	0	0	0	
0	0	0	0	0	0	0	0	0	0	0	0	0	0	0	0	0	0	0	0	0	0	0	0	0	0	0	0	0	0	0	0	0	0	0	0	0	0	0	0	0	0	0	0	0	0	0	10.68022	0	0	11.10942	9.9979	0	0	0	0	8.79646	0	11.81689	0	9.35575	0	0	0	0	9.7191	0	0	0	0	0	0	0	0	0	0	0	0	0	0	0	0	0	0	0	0	0	0	0	0	0	0	0	0	0	0	0	0	0	0	
0	0	0	0	0	0	0	0	0	0	0	0	0	0	0	0	0	0	0	0	0	0	0	0	0	0	0	0	0	0	0	0	0	0	0	0	0	0	0	0	0	10.01022	0	0	0	0	0	0	0	0	0	0	0	0	0	0	0	0	0	0	0	0	0	0	0	0	0	0	1.13435	0	0	0	0	0	0	0	0	0	0	0	0	0	0	0	0	0	0	0	0	0	0	0	0	0	0	0	0	0	0	0	
0	0	0	0	0	0	0	0	0	0	0	0	0	0	0	0	0	0	0	0	0	0	0	0	0	0	0	0	0	0	0	8.91371	0	0	0	0	0	0	0	0	0	0	0	0	0	0	0	13.23363	0	0	0	0	0	0	0	0	0	0	0	0	0	0	0	3.3453	0	0	0	0	0	0	0	0	0	0	0	0	0	0	0	0	0	0	0	0	0	0	0	0	0	0	0	0	0	0	0	0	0	0	0	0	
0	0	0	0	0	0	0	0	0	0	0	0	0	0	0	0	0	0	0	0	0	0	0	0	0	0	0	0	0	0	0	10.70935	0	0	3.65005	0	0	0	0	0	0	0	0	0	0	0	0	0	0	0	0	0	0	0	0	0	0	0	0	0	0	0	0	0	0	0	0	0	0	0	0	0	0	0	0	0	0	0	0	0	0	0	0	0	0	0	0	0	0	0	0	0	0	0	0	0	0	0	0	0	
0	0	0	0	0	0	0	0	0	0	0	0	0	0	0	0	0	0	0	0	0	0	0	0	0	0	0	0	0	0	0	0	0	0	0	0	0	0	0	0	0	0	0	11.0974	0	0	0	0	0	9.87291	0	0	0	0	7.72083	0	0	0	0	0	0	0	0	0	0	0	0	0	0	0	0	0	0	0	0	0	0	0	0	1.31372	0	0	0	0	0	0	0	0	0	0	0	0	0	0	0	0	0	0	0	0	
0	0	0	0	0	0	0	0	0	0	0	0	0	0	0	0	0	0	0	0	0	0	0	0	0	0	0	0	0	0	0	0	6.34834	0	0	0	0	0	0	0	0	0	0	0	0	0	0	3.73883	0	0	6.89068	1.91873	0	0	0	0	0	0	8.58895	0	0	0	0	0	0	0	0	0	0	0	0	0	0	0	0	0	0	0	0	0	0	0	0	0	0	6.69317	0	0	0	0	0	0	0	0	0	0	0	0	0	0	
0	0	0	0	0	0	0	0	0	0	0	0	0	0	0	0	0	0	0	0	0	0	0	0	0	0	0	0	0	0	0	0	0	0	0	0	0	0	0	11.5267	0	0	0	0	15.59189	0	10.55973	0	0	0	0	0	0	0	0	0	0	0	0	0	0	0	0	0	0	0	0	0	0	2.42828	0	0	0	0	0	0	0	0	0	0	0	0	0	0	0	0	0	0	0	0	0	0	0	0	0	0	0	0	0	0	
0	0	0	0	0	0	0	0	0	0	0	0	0	0	0	0	0	0	0	0	0	0	0	0	0	0	0	0	0	0	0	0	0	0	0	9.90264	0	0	0	0	0	0	0	0	0	0	0	8.49808	0	0	0	0	0	4.96229	0	0	0	0	0	0	8.63739	0	0	0	0	0	0	0	0	0	0	0	0	0	0	0	0	0	0	0	0	0	0	0	0	0	0	0	0	0	0	0	0	0	10.02353	0	0	0	0	0	
0	0	0	0	0	0	0	0	0	0	0	0	0	0	0	0	0	0	0	0	0	0	0	0	0	0	0	0	0	0	0	0	0	0	0	0	0	0	0	0	0	14.39364	0	0	0	0	0	0	0	0	0	0	1.13435	0	0	0	0	0	0	0	0	0	0	0	0	0	0	1.76146	0	0	0	5.21936	0	0	0	0	0	0	0	0	0	0	0	0	0	0	0	0	0	0	0	0	0	0	0	0	0	0	0	0	
0	0	0	0	0	0	0	0	0	0	0	0	0	0	0	0	0	0	0	0	0	0	0	0	0	0	0	0	0	0	0	0	0	0	0	0	0	0	0	0	8.26385	0	0	0	11.8616	0	0	6.40187	0	0	3.03057	12.68777	0	0	0	11.38323	0	0	8.74981	0	7.20957	0	0	0	0	0	0	0	0.84543	0	0	0	0	0	0	0	0	0	0	0	0	0	0	0	0	0	0	0	0	0	0	0	0	0	0	1.37496	0	0	0	0	
0	0	0	0	0	0	0	0	0	0	0	0	0	0	0	0	0	0	0	0	0	0	0	0	0	0	0	0	0	0	0	0	0	0	0	0	0	0	0	0	0	0	0	0	15.05461	0	0	0	0	13.58476	0	0	6.47004	0	0	0	0	8.70368	0	0	0	6.54582	0	0	0	0	0	0	0	0	0	0	0	0	0	0	0	0	0	0	0	0	0	0	0	0	0	0	0	0	0	0	0	0	0	0	0	0	0	0	
0	0	0	0	0	0	0	0	0	0	0	0	0	0	0	0	0	0	0	0	0	0	0	0	0	0	0	0	0	0	0	0	0	0	0	0	0	0	0	0	0	0	0	13.25484	0	0	10.80369	0	0	0	9.8045	0	0	0	0	0	0	0	0	5.74388	0	0	0	0	10.3227	0	0	8.21826	0	0	0	0	10.63177	0	0	0	8.16719	0	0	0	0	0	0	0	0	0	0	0	0	0	0	0	0	0	0	0	0	0	0	0	
0	0	0	0	0	0	0	0	0	0	0	0	0	0	0	0	0	0	0	0	0	0	0	0	0	0	0	0	0	0	0	0	0	0	0	0	0	0	0	0	0	0	0	0	4.75871	0	0	10.88405	0	0	0	7.61213	6.68639	0	0	3.4542	0	0	0	0	0	0	0	0	0	0	0	8.62288	0	0	0	0	0	10.2868	0	0	0	0	0	0	0	0	0	0	0	0	0	0	0	0	0	0	0	0	0	0	0	0	0	0	
0	0	0	0	0	0	0	0	0	0	0	0	0	0	0	0	0	0	0	0	0	0	0	0	0	0	0	0	0	0	0	0	0	0	0	0	0	15.61555	0	0	0	0	0	0	0	0	0	0	0.84543	0	0	9.46299	0	0	0	0	12.27993	0	0	3.69513	0	2.06602	0	0	0	0	0	0	0	0	0	0	0	0	5.78762	2.06602	0	0	0	0	0	0	0	0	0	0	0	0	0	0	0	0	0	0	0	0	0	0	0	0	
0	0	0	0	0	0	0	0	0	0	0	0	0	0	0	0	0	0	0	0	0	0	0	0	0	0	0	0	0	0	0	0	0	0	0	0	0	0	0	0	0	0	14.52381	0	0	9.78117	0	12.21241	0	0	9.11371	0	11.08634	0	9.69087	0	0	0	0	0	0	0	0	8.51389	0	0	0	4.33081	0	0	8.29163	0	0	0	0	0	0	0	1.13435	0	0	0	0	0	0	0	0	0	0	0	0	0	0	0	0	0	0	0	0	0	
0	0	0	0	0	0	0	0	0	0	0	0	0	0	0	0	0	0	0	0	0	0	0	0	0	0	0	0	0	0	0	0	0	0	0	0	0	0	0	0	0	0	0	0	0	0	0	11.02477	12.71205	0	0	12.41562	0	0	0	0	0	0	0	0	0	0	0	0	1.13435	0	0	0	0	0	0	0	0	0	0	0	0	0	0	0	0	0	0	0	0	0	0	0	0	0	8.12457	0	0	0	0	0	0	0	0	0	
0	0	0	0	0	0	0	0	0	0	0	0	0	0	0	0	0	0	0	0	0	0	0	0	0	0	0	0	0	0	0	0	0	0	0	0	0	0	0	0	0	0	0	0	0	0	0	12.32812	0	0	0	0	6.72494	1.92174	0	0	0	0	12.04477	7.70163	0	0	0	0	0	0	0	0	0	0	0	0	0	0	0	0	0	0	0	0	0	0	0	0	0	0	0	0	0	0	0	0	0	0	0	0	0	0	5.79654	0	
0	0	0	0	0	0	0	0	0	0	0	0	0	0	0	0	0	0	0	0	0	0	0	0	0	0	0	0	0	0	0	0	0	0	0	0	0	0	0	0	0	0	7.17816	0	0	0	0	0	0	8.59168	0	6.73576	0	7.18213	0	0	0	0	0	0	0	0	0	0	11.55982	0	0	0	0	0	0	0	0	0	0	0	10.60361	0	0	0	0	0	0	0	0	0	0	0	0	0	0	0	0	0	0	0	0	0	0	0	
0	0	0	0	0	0	0	0	0	0	0	0	13.22147	0	0	0	0	0	0	0	0	0	0	0	0	0	0	0	0	0	11.01786	0	0	0	0	0	0	0	0	0	0	0	8.32754	0	0	0	0	5.03881	0	0	14.71081	0	0	9.39641	3.69513	0	9.19249	0	0	0	0	0	0	7.84601	11.35366	8.77233	0	0	0	0	0	0	0	0	0	0	0	0	0	0	0	0	0	0	0	0	0	0	0	0	0	0	0	0	0	0	0	0	0	0	
0	0	0	0	0	0	0	0	0	0	0	0	0	0	0	0	0	0	0	0	0	0	0	0	0	0	0	0	0	0	0	0	0	0	0	0	0	0	0	0	0	0	0	0	0	11.28842	6.4306	0	4.18043	13.1997	0	7.4191	8.60199	0	10.53476	6.27601	0	0	0	0	11.90736	0	0	0	0	0	0	0	0	7.55948	0	0	0	0	0	0	4.29056	0	0	0	0	0	0	0	0	0	0	0	0	0	0	0	0	0	0	0	0	0	0	0	
0	0	0	0	0	0	0	0	0	0	0	0	0	0	0	9.49449	0	0	0	0	0	0	0	0	0	0	0	0	0	0	0	0	0	0	0	6.02555	11.41746	0	0	0	0	0	0	0.48378	0	11.43127	7.48803	9.0038	4.79146	9.06518	0	0	3.55545	0	11.15121	0	0	0	0	7.29257	0	9.19441	0	4.27252	0	9.67549	0	0	11.80634	0	7.16621	0	0	0	0	9.79815	0	1.37496	0	2.56859	0	0	0	0	0	0	0	0	0	0	9.75347	0	0	0	0	0	0	0	0	0	
0	0	0	0	0	0	0	0	0	0	0	0	0	0	0	0	0	0	0	0	0	0	0	0	0	0	10.68581	0	0	0	0	5.30908	0	0	6.22314	0	0	0	0	0	11.1121	0	0	0	0	0	0	0	9.19572	2.42828	4.81207	9.10121	9.7508	0	9.16968	0	13.23488	0	5.56786	0	1.37496	6.36935	0	0	0	8.01552	0	0	0	0	0	0	0	8.85906	0	0	0	0	0	0	0	0	0	0	0	0	0	0	0	0	0	0	0	0	0	0	1.92174	0	0	0	
0	0	0	0	0	0	0	0	0	0	0	0	0	0	0	0	0	0	0	10.69069	0	0	0	0	0	0	0	0	0	0	0	0	0	0	0	0	0	0	0	0	0	0	0	13.15356	0	0	12.73145	11.77699	11.23991	0	8.79838	8.97198	11.8693	0	0	0	12.90455	0	0	8.18704	5.72576	0	0	11.75853	0	8.108	0	8.2507	0	0	0	0	0	0	0	0	0	0	0	0	0	0	0	0	0	0	0	0	0	0	8.44728	0	0	0	0	0	0	0	0	0	
0	0	0	0	0	0	0	0	0	0	0	0	7.5717	0	0	0	0	0	0	9.33187	0	0	0	0	0	0	0	0	0	0	0	0	0	6.74706	0	0	0	0	0	0	0	11.09372	14.06736	0	8.29074	0	0	5.23793	13.96033	0	8.18112	10.26277	7.95623	0	10.44989	4.21178	10.34893	4.93463	6.94828	0	0	0	0	0	3.65005	0	0	0	0	0	0	0	0	0	0	0	0	0	12.77392	2.71758	0	0	0	0	0	0	0	0	0	0	0	0	0	0	0	0	0	0	0	0	
0	0	0	0	0	0	0	0	0	0	0	0	0	0	0	0	0	0	0	0	0	0	0	15.09996	0	0	0	0	0	0	0	0	0	0	0	0	0	0	12.59094	0	0	0	8.86146	9.8643	0	0	9.31745	6.21546	0	7.33348	10.77018	6.71303	0	0	0	0	0	4.59407	16.01462	10.40554	12.65998	0	0	0	8.01107	0	8.16318	0	0	0	0	0	0	0	0	0	0	0	0	0	0	0	0	0	0	0	0	0	0	0	0	0	0	0	0	0	0	0	0	0	
0	0	8.97325	0	0	0	0	0	0	0	0	0	0	0	0	0	0	0	0	0	0	0	0	0	0	0	0	0	0	0	0	0	0	0	0	0	0	0	0	0	10.77637	0	0	0	0	9.77331	0	6.89684	9.30304	11.29715	0	8.79062	10.2706	9.60094	3.78125	8.07001	0	0	2.71758	0	7.42814	0	9.52055	9.43761	0	0	0	0	0	0	0	8.20558	0	0	0	0	3.4542	0	0	0	0	0	0	0	0	0	0	0	0	0	0	0	0	0	0	0	0	0	0	0	
0	0	0	0	0	0	0	0	0	0	0	9.28473	0	0	0	0	0	0	0	0	0	0	0	0	0	0	0	0	0	0	0	0	6.67518	0	0	0	0	8.9968	12.94272	3.55545	9.02382	3.61201	0	0	12.46085	6.26171	11.80167	7.27922	9.64178	0	11.13724	0	10.4737	5.26747	0	10.26752	4.90242	9.43473	0	0	0	0	0	0	0	0	0	7.54425	0	0	0	0	6.0167	0	0	15.36477	0	0	10.37297	0	0	0	0	0	0	0	0	0	0	0	0	0	0	0	0	9.37222	0	0	0	0	
0	0	0	0	0	0	0	0	0	0	0	0	0	0	0	0	0	0	0	0	0	0	0	0	0	0	0	0	0	0	0	0	0	0	7.26294	7.23266	0	0	0	7.73977	0	13.92485	0	12.79086	13.57664	9.71672	7.40635	9.1503	6.74447	10.26182	10.35871	10.4859	3.03057	8.69724	0	0	10.04068	0	0	6.31583	9.01939	0	1.76146	0	0	0	0	0	0	0	0	0	0	0	0	0	0	0	3.28761	0	0	0	0	0	0	0	0	8.92676	0	0	0	0	0	0	0	0	0	0	0	0	
0	0	0	0	0	0	0	0	11.66764	0	8.86893	0	0	0	0	0	0	0	0	0	0	0	0	0	0	0	8.83786	0	0	0	0	0	0	0	0	0	0	11.36089	11.09897	0	8.86803	5.33779	0	9.80899	1.92174	11.897	8.28562	7.56134	9.30862	11.42999	0	7.34465	0	0	0	0	9.65204	4.56738	0	0	0	0	3.50571	0	0	0	11.44618	0	0	0	0	0	0	0	0	0	0	0	0	0	0	0	0	0	0	0	0	0	0	0	0	0	0	11.79797	0	0	0	0	0	0	
0	0	0	0	0	0	0	0	0	0	0	10.5421	0	0	13.54107	0	0	0	0	0	0	0	0	0	0	0	0	0	0	0	0	11.62587	0	0	7.31801	0	11.73225	0	0	10.78598	1.58111	0	10.39905	10.94163	10.77408	10.76731	10.69757	10.0075	10.829	8.86785	6.91462	10.23464	10.16397	10.21884	0	5.73312	11.4661	0	0	3.4542	7.4155	5.54415	0	7.45534	0	0	0	0	0	0	0	0	0	0.48378	0	6.24149	0	0	0	0	0	0	0	4.63833	0	0	0	0	0	0	0	0	0	0	0	0	0	0	0	0	
0	0	0	0	0	0	0	0	0	0	0	0	12.52986	0	0	0	0	0	0	0	0	0	0	0	0	0	0	0	0	10.76722	0	0	7.77431	0	2.71758	0	13.13931	0	15.26316	10.85982	10.48316	9.4083	12.69215	10.72594	8.77654	8.22694	9.93785	9.93074	8.02438	9.37534	8.82805	10.57789	9.93529	6.4115	5.78421	8.32246	9.43558	0	0	8.64602	2.19714	0	0	0	0	0	0	0	0	0	0	0	0	9.38591	0	0	0	0	0	0	9.62251	0	0	0	0	0	0	0	0	0	0	0	0	0	0	0	0	0	0	0	
0	0	0	0	0	0	0	14.89873	0	0	0	11.64825	0	0	0	0	0	0	0	0	0	0	0	0	0	0	0	9.82492	0	0	6.34127	0	12.07006	0	0	0	5.21936	6.11948	8.65068	10.44493	10.39266	11.78309	0	10.40464	11.9201	9.81885	9.20303	12.23614	11.56834	10.13654	7.23326	9.13374	10.02352	11.23991	7.02274	6.58756	13.44383	4.72852	10.14184	8.80611	5.06992	11.08422	8.70644	0	9.81475	0	0	0	0	0	0	0	0	9.6783	0	0	0	0	0	0	0	0	0	0	0	0	0	0	0	0	0	0	0	0	0	0	0	0	0	0	
11.79603	0	0	0	0	0	0	0	8.80002	0	0	0	6.39006	0	0	0	0	0	0	0	0	0	0	0	10.68162	0	0	7.92382	0	0	0	0	8.70781	0	12.16692	9.48088	0	6.41047	11.34535	7.11339	8.05927	9.32779	9.82019	10.36347	12.20877	10.36397	10.75686	10.3761	10.10818	10.67272	10.05659	6.20266	10.25025	5.7324	10.59245	9.23451	9.90264	7.07981	0	10.71502	0.48378	0.84543	0	10.15236	0	7.2365	0	0	0	0	6.25359	0	0	0	0	0	0	0	0	0	0	0	5.46954	0	0	5.82155	0	0	0	0	0	0	0	0	0	0	0	0	0	0	
0	0	0	10.44112	0	0	0	0	0	0	0	0	0	0	0	0	0	0	7.39174	0	0	10.96046	0	4.61506	11.66349	8.15514	0	0	9.68599	9.7987	12.39179	0	12.03186	0	0	1.76146	0	9.51184	11.34076	9.74576	9.17118	7.89391	11.08233	9.626	8.40215	9.977	9.21909	9.70287	10.04661	6.71238	9.80727	9.11545	10.12611	6.0584	8.24456	9.08896	0	2.88915	8.39417	8.92275	0.48378	2.19714	8.60085	0	0	0	0	0	0	6.2611	0	0	6.30538	0	1.28113	8.3421	10.68721	2.80242	0	0	0	0	0	0	0	0	0	0	0	0	0	0	0	0	0	0	0	0	0	0	
9.40152	0	0	0	12.35427	9.35785	0	0	0	0	0	0	0	0	0	0	0	10.20978	0	0	0	0	0	0	10.40681	0	10.13311	7.65072	0	12.97442	10.1626	0	0	0	11.95519	10.55018	5.08172	11.58029	11.76977	9.58077	7.38585	9.05825	9.19741	8.90736	10.61085	9.77378	9.46095	9.97955	9.50641	10.94164	7.06603	10.3176	10.47018	8.15641	10.09154	9.3446	9.48317	2.83796	7.04087	8.8349	11.9726	0	6.01508	9.0748	10.34275	10.29917	8.18078	0	0	0	0	0	0	0	7.19002	0	0	0	0	0	0	0	0	0	0	0	0	0	0	0	0	0	0	0	0	0	0	0	0	0	
0	0	0	0	0	0	0	0	8.03099	0	8.45615	0	0	0	0	0	7.68776	14.22683	10.41062	8.41632	9.6174	8.9359	0	0	0	11.79781	0	9.55075	10.91867	10.67706	0	10.432	13.53051	8.19486	9.34107	10.88792	8.24531	6.77839	10.6544	9.71326	9.66582	8.86308	7.13584	8.25707	10.57223	8.33252	9.23921	9.66105	8.96579	7.06534	7.36888	11.50668	9.03989	9.06042	6.62022	7.85328	5.28296	9.54076	0	11.01314	6.65658	6.6808	6.27529	0	7.40052	11.21885	2.53129	0	0	0	0	6.97842	0	0	11.18715	0	0	0	9.07053	0	0	0	0	0	0	5.37981	0	0	0	0	0	0	0	0	0	5.12369	0	0	0	0	
0	11.01286	0	0	3.69513	7.33946	0	0	0	0	0	0	0	0	9.4647	11.03412	0	11.08872	9.52848	0	7.22502	0	8.51232	0	0	0	0	0	10.34918	8.4011	7.58268	0	11.11331	3.20326	10.19857	8.66511	9.46456	9.84161	8.5702	10.89755	9.28876	8.6405	8.84237	7.80053	9.18564	8.42212	8.36731	9.43058	8.63082	8.06539	8.12347	8.39472	7.92968	6.49748	7.98526	7.30475	3.3453	7.26226	8.72039	9.15306	0	7.4973	0	11.3646	10.44743	0.48378	4.75921	11.28069	0	0	0	0	0	0	0	3.09924	0	0	0	0	9.42638	0	0	0	0	0	0	0	0	0	0	0	0	0	0	0	0	0	0	0	
0	11.36809	8.05063	0	9.01227	0	0	0	0	0	7.94962	0	0	0	8.90774	8.77102	0	8.42638	0	0	8.08066	4.54293	8.48645	11.95037	10.62233	9.65067	0	5.20501	9.10747	8.22502	11.63584	10.79174	11.09085	10.83664	10.06067	6.25925	8.91416	9.21977	7.93749	8.23401	8.33886	8.49213	7.91766	7.85384	7.00702	6.62872	8.68787	8.87899	9.0573	8.46373	7.60779	9.55187	8.20013	8.73889	7.14175	5.96077	7.79569	4.8811	7.18699	10.95526	0	7.27357	10.97072	9.80843	2.78665	10.68302	1.58111	0	0	0	0	8.52908	0	1.37496	9.20808	0	7.00103	0	2.19714	0	0	0	0	7.30784	0	2.16541	0	0	0	0	0	0	0	0	0	0	0	0	0	0	
0	0	0	0	0	0	0	0	7.94962	0	9.07053	12.6757	0	0	0	0	0	0	9.95801	0	15.5758	0	0	0	0	12.24235	10.53922	0	4.81207	9.56144	8.94098	8.06787	7.9473	8.88728	9.01801	9.48626	8.25073	7.45787	10.16282	9.84306	7.75708	8.02363	8.44082	8.35061	8.12201	7.50556	8.39257	8.72849	8.96753	9.38943	8.38315	7.3677	8.60776	8.47943	8.60966	9.17093	7.91982	8.3822	9.6642	8.22721	12.7438	9.25234	9.97778	6.11435	0	11.4884	0	8.58106	0	0	0	0	0	0	0	0	0	0	0	0	0	11.21111	0	0	0	0	0	8.60587	9.92764	7.50997	0	0	0	0	0	0	0	0	0	0	
0	0	0	0	0	0	0	0	10.57413	9.67549	4.99713	5.17232	0	12.66157	0	0	0	4.18043	11.17453	2.80799	0	0	0.84543	9.25879	8.18902	4.61506	3.82247	9.73443	4.04417	11.13613	0	6.62309	5.14707	4.24835	5.90052	8.8982	9.54409	7.94398	6.89205	7.24313	7.27079	9.18813	8.5007	9.32066	7.43061	7.42197	7.83476	8.92678	7.00504	9.1813	9.15786	8.06046	7.52845	7.12828	8.57609	8.21902	7.36165	6.61081	10.86044	5.49806	6.35541	9.04428	8.91748	4.70596	2.17557	10.10627	10.09412	0	0	0	0	0	0	9.13431	8.06143	0	0	0	14.67408	0	0	0	0	0	0	0	0	0	8.23362	0	2.06602	0	0	0	0	0	0	0	0	0	
0	0	9.89481	8.58332	0	3.22751	0	0.48378	10.16392	0	0	0	0	0	0	0	0	7.76145	0	0	0	0	0	11.95808	0	10.35246	0	11.24508	7.98862	8.03686	0	8.06293	0	12.07273	8.72472	9.16385	8.33837	7.33455	2.5866	8.98234	9.46423	9.40951	6.15471	8.73522	8.47107	8.74559	7.45447	8.88101	8.71175	9.03802	7.50635	9.4641	8.77673	8.3353	7.70784	6.33256	8.23902	10.82583	8.13758	6.20449	9.50818	9.50409	9.4177	7.93561	4.45311	0	0	4.33323	1.37496	6.17614	5.16805	0	9.14755	0	0.88073	0	7.43339	0	0	0	0	0	5.23347	0	0	0	0	0	0	0	0	0	0	0	0	0	0	0	0	0	
0	0	0	0	0	0	0	0	3.69513	0	10.81777	7.90236	8.49964	0	11.63367	0	0	8.14299	0	6.53346	0	0	0	0	0	0	9.50165	5.6208	8.26533	0	8.28917	9.90884	6.14349	7.43326	5.55464	7.80401	8.10887	8.64105	8.12817	10.32996	8.71407	7.72453	6.27934	6.65639	7.24035	8.8657	7.85515	7.95495	7.37656	6.30364	7.53692	9.43268	9.19374	7.45678	8.04716	7.96469	6.77793	8.24087	9.05294	6.79379	5.91072	6.73821	7.79221	5.45033	4.27252	6.24865	8.4011	4.21045	0	0	10.32359	0	7.34466	1.09857	0	13.97875	0	0	6.07754	0	0	0	0	0	0	0	0	0	6.55896	0	0	0	0	0	0	0	0	0	0	0	
0	0	0	0	0	0	0	0	0	9.99847	0	0	5.56118	0	0	0	0	0	0	0	0	0	0	9.0539	0	0	8.14435	0	0	4.78132	6.80452	0	0	6.92877	6.48936	8.47242	5.5733	2.62744	3.90151	9.39982	4.91923	9.78117	4.78848	6.08743	8.38261	7.45243	6.48068	6.9146	9.13512	5.09579	8.43597	8.60496	8.55017	8.06964	9.24836	7.60568	8.80686	6.87191	5.23799	7.3019	8.69074	6.13152	3.4374	8.48124	8.06937	8.39709	6.16825	11.73647	7.46106	0	0	5.48622	0	5.07336	0	8.31167	7.09232	0	0	0	0	0	0	0	7.67093	0	0	3.82247	0	0	0	7.95427	0	0	0	0	6.99203	0	0	0	
0	0	0	0	0	0	0	0	0	0	0	8.0528	0	0	0	0	0	5.9203	13.24279	0	0	0	0	3.93947	0	0	0	6.39006	0	0	0	0	4.81169	6.43228	8.0252	0	3.98576	8.09018	6.45176	0.80907	6.01529	9.2466	6.60201	1.40121	0	7.83053	6.54353	4.50235	7.16444	9.19253	7.24455	10.14611	9.43851	5.41204	6.74917	6.22697	8.29641	7.80376	8.28636	7.82569	6.94866	5.2635	0	6.88407	10.22075	0	6.70825	7.9612	6.22314	7.67527	0	0	2.31733	4.35909	0	10.29734	0	8.04846	0	0	0	6.22592	0	0	0	0	0	0	0	0	0	0	0	0	0	0	0	0	0	0	
0	0	0	0	7.82274	0	0	0	0	0	8.50601	0	4.33081	0	0	9.99221	0	0	6.06042	0	4.60105	10.53863	0	0	0	10.22234	4.56738	0	0	5.8553	0	8.15389	10.50659	0	0	8.3771	10.40893	0.84543	10.49708	9.04283	5.2271	9.52524	7.61135	6.13592	5.93142	6.42876	11.32885	6.11567	7.60322	9.16904	9.37118	5.17695	8.0189	7.05896	6.18934	6.99251	5.72851	8.89933	5.75549	8.38073	5.34788	8.18635	5.7055	7.19111	8.0944	0	10.27698	10.21607	0	1.37496	8.26264	7.851	7.82835	10.42172	9.48182	0	5.09251	0	0	0	6.39689	0	0	0.84543	0	1.13435	0	0	0	5.90603	0	0	0	0	0	0	0	0	0	0	
0	0	0	0	0	0	0	0	0	0	0	3.90151	2.07419	0	0	6.92739	0	0	0	2.62744	10.13149	0	2.53129	0	0	0	0	0	0	6.57312	5.05619	5.83114	0	0	0	8.96407	0	0	0	3.65005	7.57852	7.52589	4.38029	4.93153	6.56796	5.54722	6.33809	5.4134	6.87418	6.09212	0	0	7.52818	8.70811	0.48378	10.45427	8.53649	6.28638	6.41487	6.89947	8.76477	7.18752	8.1815	8.47539	7.78746	5.73288	4.91091	8.09919	2.95845	8.57639	0	6.50626	9.48107	11.66835	9.21197	0	4.79146	0	5.21936	0	0	0	0	0	0	0	0	0	0	0	0	0	0	0	0	0	0	0	0	0	
0	0	0	3.69513	0	0	0	0	0	0	0	0	0	0	0	0	1.58111	0	0	0	0	0	9.65067	0	0	0	6.11015	7.82778	8.3026	7.19787	0	0	0.48378	0	0	11.33904	0	3.09924	0	8.0421	5.70778	0	4.96712	0	4.30127	12.33058	7.60889	4.56738	6.2985	6.8171	6.5836	5.48815	8.1881	8.15367	6.97945	8.71679	8.323	5.64886	7.14646	5.71732	7.0901	8.70347	8.9776	6.14201	7.74176	7.85976	5.63919	7.36409	10.44371	8.48287	3.02159	8.39749	6.42863	3.23697	5.17171	0	13.65488	0	5.96233	7.51312	1.76146	6.68639	9.40576	0	0	6.97842	0	0	0	0	0	0	0	0	0	0	0	0.84543	0	10.14221	
0	0	4.66683	0	0	0	0	0	0	0	0	0	0	0	0	0	0	0	0	0	10.19465	0	0	0	0	11.56571	0	8.87212	0	10.37989	0	10.33921	11.51849	0	9.91281	0	0	8.01851	6.99946	0	6.45701	0	0	5.49528	11.01924	9.22163	5.21854	4.98314	8.86893	5.96968	4.86332	9.43512	7.48572	8.03922	5.67675	8.93388	0	7.60808	7.12159	6.40894	3.55082	8.61536	5.76096	1.2525	5.84892	7.76984	5.50056	0	6.94629	3.1066	5.46803	8.43826	8.19522	8.80412	0.48378	0	7.53315	0	2.24418	2.42828	0	4.51285	0	0	0	0	0	0	6.8185	0	0	0	0	0	0	0	7.90476	0	0	0	
0	0	0	0	2.88255	0	0	0	0	0	0	0	10.04437	0	0	0	0	0	0	0	10.56619	3.03057	0	0	0	0	0	8.32394	0	0	0	2.06602	8.75114	0	0	0	3.55545	0	3.3453	6.65821	0	0	4.0871	0	8.09755	0	3.70085	8.02217	1.13435	5.5395	5.79654	5.74292	9.57959	6.88265	8.13477	1.45603	0	5.90036	4.98186	5.70857	6.88524	8.62152	8.87363	6.97959	8.18468	9.51913	5.46253	5.7241	6.65829	6.44095	8.29744	0	0	8.1161	0	7.48019	4.88105	5.10395	0	0	0	0	0	0	5.91558	0	0	0	0	0	0	0	0	0	0	0	7.84101	0	0	0	
0	0	0	0	0	0	0	0	4.38683	0	0	0	3.50571	0	0	0	9.66349	2.06602	5.36594	0	0	0	0	0	7.3314	0	0	0	0	0	0	0	0	0	7.99314	7.15415	0	4.94862	0	0	0	0	5.49899	10.52309	0	8.22659	9.4889	6.96007	0	5.41211	0	9.70333	9.2379	8.11844	0	4.0477	0	6.67167	0	5.45975	8.39328	9.64279	5.63174	8.23934	6.23415	5.95492	6.45289	11.4374	9.74143	7.07862	8.16525	4.79962	7.62116	10.57639	8.13401	4.42916	10.28975	9.69642	0	2.06602	9.08754	0	9.53293	0	3.26651	1.37496	7.05822	4.30196	6.16023	0	2.50116	0	0	9.63179	0	0	0	0	0	0	
0	0	0	0	0	0	0	0	0	0	0	0	0	0	0	0	0	0	0	0	7.01393	0	0	0	0	0	0	0	0	6.60015	0	0	0	0	7.09232	0	0	0	0	0	9.31392	0	8.81252	7.89029	5.30221	0	0	5.74388	4.63833	6.18709	11.57365	0	0	6.45877	2.41334	7.76347	0	0	6.93674	8.88868	10.0296	6.44693	4.91994	5.99519	6.71774	6.59149	3.38433	5.6191	8.93651	6.2952	10.35621	6.84272	4.51122	6.46609	5.33121	0.48378	5.5293	0	3.0026	0	0	0	3.69513	0	0	0	6.67651	0	0	0	0	0	0	0	0	0	0	0	0	0	
0	0	0	0	8.39086	0	0	0	0	0	0	9.32741	0	3.82247	0	0	0	0	0	0	0	0	0	0	0	0	0	0	0	0	0	0	0	0	0	0	0	0	0	7.93738	0	0	6.74114	0	7.60001	0	3.47385	5.74388	0	0	2.19714	0	0	0	9.91162	0	0	0	0	8.08066	9.08392	0.85184	8.81822	6.84528	7.61951	0	0.88073	5.31832	9.54219	8.62846	8.66562	8.66274	8.61437	5.16129	0	0	4.00392	8.20469	6.40433	5.14008	5.44723	7.25543	3.22751	0	0	0	5.71134	12.17576	0	5.23611	0	0	0	0	10.85331	0	0	0	0	0	
0	0	0	0	0	0	0	0	0	0	0	0	0	0	0	0	0	4.91841	0	0	0	8.39428	8.86523	0	0	0	9.81219	0	0	0	0	0	0	6.65993	7.64268	0	0	0	0	0	0	0	0	0	0	0	0	0	0.84543	0	0	0	0	0	0	9.27334	8.29739	8.86439	4.24247	5.74388	0	5.75893	6.56318	0	7.67888	8.01442	5.29082	6.94357	4.80463	4.74026	7.75658	6.24382	6.4128	4.51412	7.2577	5.68927	5.45302	0	8.59045	8.41285	0	0	7.39047	0	5.90603	8.44574	0.84543	7.61925	0	10.52847	0	0	0	0	0	0	8.91754	0	0	0	
0	0	0	0	0	0	0	0	7.08841	0	0	0	0	0	0	0	0	0	0	0	0	0	0	0	0	0	0	0	0	0.48378	0	0	0	0	0	0	0	0	0	10.0727	0	0	0	0	0	5.72227	0	7.95658	8.36495	0	0	10.4224	0	0	0	0	0	0	8.27817	0	8.6053	0	8.41093	9.69856	7.78946	5.49167	6.68713	0	0	6.53084	8.29622	4.96712	8.66778	6.14336	9.59017	9.49365	1.94228	0	7.12973	8.85313	6.26791	7.47067	9.86923	7.8133	10.43712	0	0.48378	0	0	0	7.1702	0	8.95486	0	0	0	0	0	0	0	
0	0	0	0	0	0	0	0	0	0	0	0	0	7.26667	0	0	0	0	0	1.58111	0	0	0	0	0	3.56399	0	0	0	0	0	0	0	0	7.40197	0	0	6.89321	0	0	10.67249	0	8.58746	8.59491	5.82723	0	0	0	0	0	5.81707	4.51806	0	0	6.16825	0	0	0	0	6.43617	4.16209	0	5.15031	8.19295	4.41405	4.37032	8.7591	6.79907	1.58111	5.67142	5.81283	0	5.8873	5.5845	9.59305	6.8463	8.26596	4.72897	7.78669	4.15802	0	5.79081	11.34198	4.15799	4.53379	0	0	4.98538	5.21951	0	8.32428	0	0	5.56118	0	0	0	0	4.89227	0	
0	0	0	0	0	0	0	1.76146	0	0	0	0	0	0	0	0	0	0	0	0	0	0	3.22751	0	0	0	0	0	8.67162	0	0	0	0	0	10.28088	0	0	5.5733	0	0	0	1.03301	0	0	0	0	4.56767	0	0	0	0	0	10.16892	0	0	0	4.14206	3.40078	0	3.79139	7.85857	0	0	5.95898	0	1.58111	0	6.76823	6.57058	9.64279	8.92657	8.09526	8.85037	4.52789	7.66244	7.88745	4.36908	0	7.45412	4.90803	7.95801	7.8296	1.03301	0	5.98971	0	1.92174	9.20717	0	0	9.53921	7.05458	0	0	0	0	9.37319	0	0	0	
0	0	0	0	0	0	0	0	1.13435	0	0	0	0	0	0	0	0	0	0	0	0	0	0	0	0	0	0	0	0	0	0	0	0	0	0	0	0	8.11433	0	0	0	0	0	0	0	0	0	0	0	2.19714	0	4.64817	0	4.28532	0	0	4.63833	5.45961	2.80242	0	3.03057	0	9.94407	12.32084	8.74847	5.90426	0	0	7.79447	6.30749	0	1.37496	6.33021	8.86	6.98663	6.17417	0	5.63961	4.30156	5.23715	2.47683	9.12816	6.96007	0	0	0	6.51509	0	0	0	0	0	8.43107	10.38374	12.29133	0	0	0	0	0	
0	0	0	0	0	0	0	6.91315	0	0	0	0	0	0	0	0	0	0	0	0	0	0	0	0	0	0	0	0	0	0	0	0	0	0	0	0	0	7.33039	0	4.83238	0	0	0	0	0	0	0	0	0	0	5.18923	0	0	10.91713	10.97304	0	0	7.16889	10.28956	9.92232	0	1.13435	0	7.76068	8.61468	11.00085	0	0	8.48118	3.57488	7.59764	6.89242	6.97638	7.94635	5.02122	7.61454	4.82643	0	7.77713	7.46994	8.1458	11.28829	4.09472	6.93	2.92442	0	0	2.83278	0	0	6.55807	0	0	0	0	1.72411	0	0	0	0	
0	0	0	0	0	0	0	0	0	0	0	0	0	0	0	0	0	0	0	0	0	0	0	0	0	9.89058	0	0	0	0	0	0	0	0	0	0	0	4.66123	0	0	0	0	0	0	10.00407	0	0	0	7.56868	0	0	0	0	0	0	3.09924	0	0	0	0	0	0	8.13881	0	0	5.54859	4.69434	7.0618	13.31225	6.15767	1.83282	0	11.19906	0	8.03975	6.04763	10.03454	7.98804	4.89677	7.72418	4.67247	0	6.11524	0	5.91558	10.15051	0	0	0	0	8.59788	0	0	0	0	0	0	2.19714	0	0	
0	0	0	0	0	0	0	0	0	0	0	0	4.91091	0	0	0	0	0	0	0	0	0	0	0	0	0	0	0	0	0	0	0	0	0	0	0	0	0	0	0	0	0	0	0	0	0	0	8.42805	0	0	4.89168	0	9.39982	0	0	0	0	0	0	5.02457	0	0	0	4.56353	2.71758	7.56564	8.80759	0	10.65121	0	0	8.93383	0	0	0	3.59685	6.08364	8.46668	4.34931	4.69178	0	7.87288	4.97735	3.01185	5.58699	3.25737	7.51012	0	7.2704	0	0	0	0	7.87324	0	0	0	0	0	0	
0	0	0	0	0	0	0	0	0	0	0	0	0	0	0	0	0	0	0	0	0	0	0	0	0	0	0	0	0	0	0	0	9.7054	0	0	0	0	0	0	0	3.78125	0	0	0	0	0	0	0	0	0	0	0	0	0	0	0	5.72454	0	0	0	5.87542	0	0	2.76663	0	7.3144	0	0	6.80267	0	0	0	11.53253	0	0	7.36409	0	0	5.85734	9.44702	5.71608	6.95081	10.47544	0	0	0	2.62744	0	0	0.48378	5.47302	4.49387	6.27952	0	0	0	0	0	0	0	
0	0	0	0	0	0	0	2.68797	0	0	0	0	0	0	0	0	0	0	0	0	0	0	0	0	0	0	0	4.63833	0	0	0	0	0	0	0	0	0	0	0	0	0	0	0	0	0	0	0	0	0	0	0	0	0	0	0	0	0	0	0	0	0	0	0	0	0	0	0	0	0	0	6.14826	4.33052	5.9457	2.62744	0	10.68232	7.3606	0	9.18191	3.74012	0	5.80395	0	8.2953	0	8.70386	0	8.58297	0	0.84543	0	0.48378	0	0	0	11.03577	0	0	0	0	
0	0	0	0	0	0	0	0	0	0	0	0	0	0	0	0	0	0	0	0	5.58532	0	0	0	0	0	0	0	0	0	0.48378	0	0	0	0	0	0	0	0	0	0	0	0	0	0	0	0	0	0	0	0	0	0	0	0	0	0	0	0	11.54258	0	0	0	0	5.42064	8.90894	11.94049	6.18524	0	0	0	0	0	0	0	3.86253	4.6848	0	0	0	2.88179	0	0	0	5.84017	3.60353	9.91904	5.22691	8.418	0	6.19987	7.37452	13.18626	1.92174	0	6.80422	0	0	0	0	
0	0	0	0	0	0	0	0	0	0	0	0	0	0	0	0	0	0	0	0	0	0	0	0	0	0	0	0	0	0	0	0	0	0	0	0	0	0	0	0	0	0	0	0	0	0	0	0	6.35538	0	0	0	0	0	0	0	0	0	0	0	0	0	0	0	0	0	0	0	0	9.3496	9.2727	7.47163	6.55956	0	9.7293	7.25919	0	11.77961	9.0641	0	0	7.77956	6.5235	0	4.37824	0	1.13435	0	0	4.59682	0	2.23786	2.60193	0	4.74934	0	0	0	0	0	
0	0	0	0	0	0	0	0	0	0	0	0	0	0	0	8.33373	0	0	0	0	0	0	0	0	0	0	0	0	0	0	0	0	0	0	7.20568	0	0	0	0	0	0	0	0	0	0	0	0	0	0	0	0	0	0	0	0	0	0	0	0	0	0	0	0	0	0	0	0	3.82247	0	0	0	0	0	6.069	0	0	0	6.88037	0	0	0	2.42828	0	0	4.68965	0	5.75183	3.61634	8.00884	9.84303	8.77496	0	9.04028	0	0	0	0	0	0	0	
0	0	0	0	0	0	0	0	0	0	0	0	0	0	0	0	0	0	0	0	0	0	0	0	0	0	0	0	0	0	0	0	0	0	0	0	0	0	0	0	0	0	0	0	0	0	0	0	6.25359	0	0	0	0	0	0	0	0	0	0	10.4649	0	0	0	0	0	4.68367	0	0	0	0	0	4.21178	0	0	0	0	0	13.52277	0	7.14259	9.36972	0	0	9.25963	0	0	0	0	0	0	0	0	0	0	0	0	0	0	0	0	
0	0	0	0	0	0	0	0	0	0	0	0	0	0	0	0	0	0	0	0	0	0	0	0	0	0	0	0	0	0	0	0	0	0	0	0	0	0	0	0	0	0	0	0	0	0	0	0	0	0	0	0	0	0	0	1.57614	0	0	9.61593	0	0	0	0	0	6.31263	0	0	0	0	0	0	6.97385	0	10.57337	0	0	6.41721	0	0	0	4.63631	6.19239	4.96913	7.94705	0	0	0	7.2889	5.992	0	3.09924	10.2946	9.51271	0	0	0	0	0	0	0	
0	0	0	0	0	0	0	0	0	0	0	0	0	0	0	0	0	0	0	0	0	0	0	0	0	0	0	0	0	0	0	0	0	0	0	0	0	0	0	0	0	0	0	0	0	0	0	0	0	0	0	0	0	0	0	0	0	0	0	0	0	0	0	0	0	0	0	0	0	0	0	0	0	0	0	0	0	0	0	0	0	0	0	0	0	0	1.92174	0	0	0	0	9.21003	0	0	0	0	0	0	0	0	
0	0	0	0	0	0	0	0	0	0	0	0	0	0	0	0	0	0	0	0	0	0	0	0	0	0	0	0	0	0	0	0	0	0	0	0	0	0	0	0	0	0	0	0	0	0	0	0	0	0	0	0	0	0	0	0	0	0	0	0	0	0	0	0	0	0	0	0	0	0	7.92095	0	0	0	0	0	2.71758	0	0	7.74469	0	0	0	9.80321	0	0	0	3.22751	0	0	3.61549	10.41694	0	0	0	0	0	0	0	0	
0	0	0	0	0	0	0	0	0	0	0	0	0	0	0	0	0	0	0	0	0	0	0	0	0	0	0	0	0	0	0	0	0	0	0	0	0	0	0	0	0	0	0	0	0	0	0	0	0	0	0	0	0	0	0	0	0	0	0	4.33081	0	0	0	0	0	0	0	0	0	0	6.12772	0	0	0	0	0	0	0	0	0	0	0	0	0	0	0	7.04957	0	0	0	0	0	0	0	0	0	0	0	0	0	
0	0	0	0	0	0	0	0	0	0	0	0	0	0	0	0	0	0	0	0	0	0	0	0	0	0	0	0	0	0	0	0	0	0	0	0	0	0	0	0	0	0	0	0	0	0	0	0	0	0	0	0	0	0	0	0	0	0	0	0	0	0	0	0	0	0	0	0	0	9.66207	10.73891	0	0	0	0	0	0	0	6.57022	0	0	0	0	0	0	0	0	0	5.98982	5.95318	0	0	0	0	0	0	0	0	0	0	
0	0	0	0	0	0	0	0	0	0	0	0	0	0	0	0	0	0	0	0	0	0	0	0	0	0	0	0	0	0	0	0	0	0	0	0	0	0	0	0	0	0	0	0	0	0	0	0	0	0	0	0	0	0	0	0	0	0	0	0	0	0	0	0	0	0	0	0	0	0	0	0	0	0	0	0	0	0	0	0	0	0	0	0	0	0	5.03881	0	0	0	0	0	0	0	0	0	0	0	0	0	
0	0	0	0	0	0	0	0	0	0	0	0	0	0	0	0	0	0	0	0	0	0	0	0	0	0	0	0	0	0	0	0	0	0	0	0	0	0	0	0	0	0	0	0	0	0	0	0	0	0	0	0	0	0	0	0	0	0	7.41213	0	0	0	0	0	0	0	0	0	0	0	0	0	0	0	0	6.51473	0	0	0	0	0	0	0	0	0	0	0	0	0	0	0	0	0	0	0	0	0	0	0	0	
0	0	0	0	0	0	0	0	0	0	0	0	0	0	0	0	0	0	0	0	0	0	0	0	0	0	0	0	0	0	0	0	8.60085	0	0	0	0	0	0	0	0	0	0	0	0	0	0	0	0	0	7.56261	0	0	0	0	0	0	0	0	0	0	0	8.02217	0	0	0	0	0	0	0	0	0	0	0	0	6.50843	0	0	0	0	0	0	0	0	0	0	0	0	0	0	0	0	0	0	0	0	0	0	0	0	
0	0	0	0	0	0	0	0	0	0	0	0	0	0	0	0	0	0	0	0	0	0	0	0	0	0	0	0	0	0	0	0	0	0	0	0	0	0	0	0	0	0	0	0	0	0	0	0	0	0	0	0	0	0	0	0	0	0	0	0	0	0	0	0	0	0	0	0	0	0	0	0	0	0	0	0	0	0	0	0	0	0	0	0	0	0	0	0	0	0	0	0	0	0	0	0	0	0	0	0	
0	0	0	0	0	0	0	0	0	0	0	0	0	0	0	0	0	0	0	0	0	0	0	0	0	0	0	0	0	0	0	0	0	0	0	0	0	0	0	0	0	0	0	0	0	0	0	0	0	0	0	0	0	0	0	0	0	0	0	0	0	0	0	0	0	0	0	0	0	0	0	0	0	0	0	0	0	0	0	0	0	0	0	0	0	0	0	0	0	0	0	0	0	0	0	0	0	0	0	0	
0	0	0	0	0	0	0	0	0	0	0	0	0	0	0	0	0	0	0	0	0	0	0	0	0	0	0	0	0	0	0	0	0	0	0	0	0	0	0	0	0	0	0	0	0	0	0	0	0	0	0	0	0	0	0	0	0	0	0	0	0	0	0	0	0	0	0	0	0	0	0	0	0	0	0	0	0	0	0	0	0	0	0	0	0	0	0	0	0	0	0	0	0	0	0	0	0	0	0	0	
0	0	0	0	0	0	0	0	0	0	0	0	0	0	0	0	0	0	0	0	0	0	0	0	0	0	0	0	0	0	0	0	0	0	0	0	0	0	0	0	0	0	0	0	0	0	0	0	0	0	0	0	0	0	0	0	0	0	0	0	0	0	0	0	0	0	0	0	0	0	0	0	0	0	0	0	0	0	0	0	0	0	0	0	0	0	0	0	0	0	0	0	0	0	0	0	0	0	0	0	
0	0	0	0	0	0	0	0	0	0	0	0	0	0	0	0	0	0	0	0	0	0	0	0	0	0	0	0	0	0	0	0	0	0	0	0	0	0	0	0	0	0	0	0	0	0	0	0	0	0	0	0	0	0	0	0	0	0	0	0	0	0	0	0	0	0	0	0	0	0	0	0	0	0	0	0	0	0	0	0	0	0	0	0	0	0	0	0	0	0	0	0	0	0	0	0	0	0	0	0	
0	0	0	0	0	0	0	0	0	0	0	0	0	0	0	0	0	0	0	0	0	0	0	0	0	0	0	0	0	0	0	0	0	0	0	0	0	0	0	0	0	0	0	0	0	0	0	11.72599	0	0	0	0	0	0	0	0	0	0	0	0	0	0	0	0	0	0	0	0	0	0	0	0	0	0	8.79008	0	0	0	0	0	0	0	0	0	0	0	0	0	0	0	0	0	0	0	0	0	0	0	0	0	
