0	0	0	0	0	0	0	0	0	0	0	0	0	0	0	0	0	0	0	0	0	0	0	0	0	0	0	0	0	0	0	0	0	0	0	0	0	0	0	0	0	0	0	0	0	0	0	0	0	0	0	10.14269	0	0	0	0	0	0	0	0	0	0	0	0	0	0	0	0	0	0	0	0	0	0	0	0	0	0	0	0	0	0	0	0	0	0	0	0	0	0	0	0	0	0	0	0	0	0	0	0	
0	0	0	0	0	0	0	0	0	0	0	0	0	0	0	0	0	0	0	0	0	0	0	0	0	0	0	0	0	0	0	0	0	0	0	0	0	0	0	0	0	0	0	0	0	0	0	14.2207	0	0	0	0	0	0	0	0	0	0	0	0	0	0	0	12.80387	0	0	0	0	0	0	0	0	0	0	0	0	0	0	0	0	0	0	0	0	0	0	0	0	0	0	0	0	0	0	0	0	0	0	0	0	
0	0	0	0	0	0	0	0	0	0	0	0	0	0	0	0	0	0	0	0	0	0	0	0	0	0	0	0	0	0	0	0	0	0	0	0	0	0	0	0	0	0	0	0	0	0	0	0	0	0	0	0	0	0	12.50891	0	0	0	0	0	0	0	0	0	0	0	0	0	0	0	0	0	0	0	0	0	0	0	0	0	0	0	0	0	0	0	0	0	0	0	0	0	0	0	0	0	0	0	0	0	
0	0	0	0	0	0	0	0	0	0	0	0	0	0	0	0	0	0	0	0	0	0	0	0	0	0	0	0	0	0	0	0	0	0	0	0	0	0	0	0	0	0	0	0	0	0	14.94864	7.48731	0	0	0	0	0	0	0	0	0	0	0	0	0	0	0	0	0	0	0	0	0	0	0	0	0	0	0	0	0	0	0	0	0	0	0	0	0	0	0	0	0	0	0	0	0	0	0	0	0	0	0	0	
0	0	0	0	0	0	0	0	0	0	0	0	0	0	0	0	0	0	0	0	0	0	0	0	0	0	0	0	0	0	0	0	0	0	0	0	0	3.65127	0	0	0	0	0	12.58352	0	0	0	0	0	0	0	0	0	0	0	0	0	0	0	0	0	0	0	0	0	0	0	0	0	0	0	0	0	0	0	0	0	0	0	0	0	0	0	0	0	0	0	0	0	0	0	0	0	0	0	0	0	0	0	0	
0	0	0	0	0	0	0	0	0	0	0	0	0	0	0	0	0	0	0	0	0	0	0	0	0	0	0	0	0	0	0	0	0	0	0	0	0	0	0	0	0	0	0	0	0	0	0	0	0	0	0	0	0	0	0	0	0	0	0	0	0	0	0	0	0	0	0	0	0	0	0	0	4.43021	0	0	0	0	0	0	0	0	0	0	0	0	0	0	0	0	0	0	0	0	0	0	0	0	0	0	0	
0	0	0	0	0	0	0	0	0	0	0	0	0	0	0	0	0	0	0	0	0	0	0	0	0	0	0	0	0	0	0	0	0	0	0	0	0	0	0	0	0	0	0	0	0	0	0	0	0	0	0	0	0	0	0	0	0	0	0	0	0	0	0	0	0	0	0	0	0	0	0	0	0	0	10.35962	0	0	0	0	0	0	0	0	0	0	0	0	0	0	0	0	0	0	0	0	0	0	0	0	0	
0	0	0	0	0	0	0	0	0	0	0	0	0	0	0	0	0	0	0	0	0	0	0	0	0	0	0	0	0	0	0	0	0	0	0	0	0	0	0	0	0	0	0	0	0	0	0	0	0	0	0	8.55188	0	0	0	14.68158	0	0	1.38195	0	0	0	0	0	0	0	0	0	0	0	0	0	0	0	0	0	0	0	0	0	0	0	0	0	0	0	0	0	0	0	0	0	0	0	0	0	0	0	0	0	
0	0	0	0	0	0	0	0	0	0	0	0	0	0	0	0	0	0	0	0	0	0	0	0	0	0	0	0	7.98578	0	0	0	0	0	0	0	0	0	0	0	0	0	0	0	0	0	0	0	0	0	0	0	0	0	0	0	0	0	0	0	0	0	0	0	0	0	0	6.57075	0	0	0	0	0	0	0	0	0	0	0	0	0	0	0	0	0	0	0	0	0	0	0	0	0	0	0	0	0	0	0	0	
0	0	0	0	0	0	0	0	0	0	0	0	0	0	0	0	0	0	0	0	0	0	0	0	0	0	0	0	0	0	0	0	0	0	0	0	0	0	0	0	0	0	0	0	0	0	0	0	0	0	0	0	0	0	0	8.91351	0	0	0	0	0	0	0	0	0	0	0	0	0	0	0	0	0	0	0	0	0	0	0	0	0	0	0	0	0	0	0	0	0	0	0	0	0	0	0	0	0	0	0	0	
0	0	0	0	0	0	0	0	0	0	0	0	0	0	0	0	0	0	0	0	0	0	0	0	0	0	0	0	0	0	0	0	0	0	0	0	0	0	0	0	0	0	0	0	0	0	0	0	0	0	0	0	0	0	0	0	0	0	0	0	0	0	0	0	0	0	0	9.31452	0	0	0	0	0	0	0	0	0	0	0	0	0	0	0	0	0	0	0	0	0	0	0	0	0	0	0	0	0	0	0	0	
0	0	0	0	0	0	0	0	0	0	0	0	0	0	0	0	0	0	0	0	0	0	0	0	0	0	0	0	0	0	0	0	0	0	0	0	0	0	0	0	0	0	0	0	0	0	0	0	0	0	0	0	3.27401	0	0	0	4.24771	0	0	0	0	0	0	0	0	0	0	0	0	0	0	6.98782	0	0	0	0	0	0	0	0	0	0	0	0	0	0	0	0	0	0	0	0	0	0	0	0	0	0	0	0	
0	0	0	0	0	0	0	0	0	0	0	0	0	0	0	0	0	0	0	0	0	0	0	0	0	0	0	0	0	0	0	0	0	0	0	0	0	0	0	0	0	0	0	0	0	0	0	0	10.16021	0	0	0	13.1624	0	0	0	0	0	0	0	0	0	0	0	0	0	0	10.14678	0	0	0	0	0	0	0	0	0	0	0	0	0	0	0	0	0	0	0	0	0	0	0	0	0	0	0	0	0	0	0	0	
0	0	0	0	0	0	0	0	0	0	0	0	0	0	0	0	0	0	0	0	0	0	0	0	0	0	0	0	0	0	11.77229	0	0	0	0	0	0	0	0	11.89796	0	0	0	0	0	0	0	8.63212	0	0	0	0	0	0	0	0	0	8.46775	8.30584	0	10.15829	0	0	13.45181	0	0	0	0	0	0	0	0	0	0	0	0	0	0	0	0	0	0	0	0	0	0	0	0	0	0	0	0	0	0	0	0	0	0	0	0	
0	0	0	0	0	0	0	0	0	0	0	0	0	0	0	0	0	0	0	0	0	0	0	0	0	0	0	0	0	0	0	0	0	0	0	0	0	0	0	0	0	0	0	0	0	0	0	0	0	0	0	0	0	0	5.00301	0	0	0	0	0	0	0	0	0	0	0	0	0	0	0	0	0	0	0	2.82851	0	0	0	0	0	0	0	0	0	0	0	0	0	0	0	0	0	0	0	0	0	0	0	0	0	
0	0	0	0	0	0	0	0	0	0	0	0	0	0	0	0	0	0	0	0	0	0	0	0	0	0	0	0	0	0	0	0	0	0	0	0	0	0	0	0	0	0	16.96275	0	0	0	0	0	0	0	0	0	8.57979	0	0	0	0	0	0	11.87827	0	0	0	0	0	0	0	0	0	0	0	5.37418	0	0	0	0	0	0	0	0	0	0	0	0	0	0	0	0	0	0	0	0	0	0	0	0	0	0	0	0	
0	0	0	0	0	0	0	0	0	0	0	0	0	0	0	0	0	0	0	0	0	0	0	0	0	0	0	0	0	0	0	0	0	0	0	0	0	0	0	0	0	0	0	6.6021	0	0	0	11.64633	0	0	0	7.05338	0	0	0	0	0	0	4.75829	0	0	0	0	0	0	0	0	0	0	0	0	0	0	0	0	0	0	0	0	0	0	0	0	0	0	0	0	0	0	0	0	0	0	0	0	0	0	0	0	0	
0	0	0	0	0	0	0	0	0	0	0	0	0	0	0	0	0	0	0	0	0	0	0	0	0	0	0	0	0	0	0	0	0	0	0	0	0	0	0	0	0	0	7.00235	0	0	0	0	0	0	0	0	0	0	0	0	8.21362	0	0	0	0	0	0	0	0	0	0	2.27941	0	3.0684	0	0	0	0	0	0	0	0	0	0	0	0	0	0	0	0	0	0	0	0	0	0	0	0	0	0	0	0	0	0	0	
0	0	0	0	0	0	0	0	0	0	0	0	0	0	0	0	0	0	0	0	0	0	0	0	0	0	0	0	0	0	0	0	0	0	0	0	0	0	0	0	13.20066	0	0	0	0	0	0	0	0	0	0	0	0	0	0	0	0	0	0	0	0	0	0	0	0	0	0	0	0	0	0	0	0	0	0	0	0	0	0	0	0	0	0	0	0	0	0	0	0	0	0	0	0	0	0	0	0	0	0	0	
0	0	0	0	0	0	0	0	0	0	0	0	0	0	0	0	0	0	0	0	0	0	0	0	0	0	0	0	0	0	0	0	0	0	0	0	0	0	0	0	0	0	0	0	0	0	0	10.57483	0	0	7.75959	0	0	0	0	0	0	0	0	0	0	0	0	0	0	0	0	0	0	0	0	0	0	0	0	0	7.42809	0	0	0	0	0	0	0	0	0	0	0	0	0	0	0	0	0	0	0	0	0	0	0	
0	0	0	0	0	0	0	0	0	0	0	0	0	0	0	0	0	0	0	0	0	0	0	0	0	0	0	0	0	0	0	0	0	0	0	0	0	0	0	0	0	0	0	0	0	0	0	9.88384	0	0	10.92659	10.13653	0	0	0	0	5.84993	0	9.17797	0	9.42179	0	0	0	0	11.09643	0	0	0	0	0	0	0	0	0	0	0	0	0	0	0	0	0	0	0	0	0	0	0	0	0	0	0	0	0	0	0	0	0	0	
0	0	0	0	0	0	0	0	0	0	0	0	0	0	0	0	0	0	0	0	0	0	0	0	0	0	0	0	0	0	0	0	0	0	0	0	0	0	0	0	0	11.67303	0	0	0	0	0	0	0	0	0	0	0	0	0	0	0	0	0	0	0	0	0	0	0	0	0	0	0.71589	0	0	0	0	0	0	0	0	0	0	0	0	0	0	0	0	0	0	0	0	0	0	0	0	0	0	0	0	0	0	0	
0	0	0	0	0	0	0	0	0	0	0	0	0	0	0	0	0	0	0	0	0	0	0	0	0	0	0	0	0	0	0	9.51658	0	0	0	0	0	0	0	0	0	0	0	0	0	0	0	9.0657	0	0	0	0	0	0	0	0	0	0	0	0	0	0	0	6.63834	0	0	0	0	0	0	0	0	0	0	0	0	0	0	0	0	0	0	0	0	0	0	0	0	0	0	0	0	0	0	0	0	0	0	0	0	
0	0	0	0	0	0	0	0	0	0	0	0	0	0	0	0	0	0	0	0	0	0	0	0	0	0	0	0	0	0	0	10.3112	0	0	0	0	0	0	0	0	0	0	0	0	0	0	0	0	0	0	0	0	0	0	0	0	0	0	0	0	0	0	0	0	0	0	0	0	0	0	0	0	0	0	0	0	0	0	0	0	0	0	0	0	0	0	0	0	0	0	0	0	0	0	0	0	0	0	0	0	
0	0	0	0	0	0	0	0	0	0	0	0	0	0	0	0	0	0	0	0	0	0	0	0	0	0	0	0	0	0	0	0	0	0	0	0	0	0	0	0	0	0	0	9.79011	0	0	0	0	0	9.79638	0	0	0	0	8.7954	0	0	0	0	0	0	0	0	0	0	0	0	0	0	0	0	0	0	0	0	0	0	0	0	1.09033	0	0	0	0	0	0	0	0	0	0	0	0	0	0	0	0	0	0	0	0	
0	0	0	0	0	0	0	0	0	0	0	0	0	0	0	0	0	0	0	0	0	0	0	0	0	0	0	0	0	0	0	0	9.94671	0	0	0	0	0	0	0	0	0	0	0	0	0	0	4.4933	0	0	7.85955	0	0	0	0	0	0	0	8.67244	0	0	0	0	0	0	0	0	0	0	0	2.89233	0	0	0	0	0	0	0	0	0	0	0	0	0	0	6.72375	0	0	0	0	0	0	0	0	0	0	0	0	0	0	
0	0	0	0	0	0	0	0	0	0	0	0	0	0	0	0	0	0	0	0	0	0	0	0	0	0	0	0	0	0	0	0	0	0	0	0	0	0	0	12.33961	0	0	0	0	16.09096	0	8.04839	0	0	0	0	0	0	0	0	0	0	0	0	0	0	0	0	0	0	0	0	0	0	0	0	0	0	0	0	0	0	0	0	0	0	0	0	0	0	0	0	0	0	0	0	0	0	0	0	0	0	0	0	0	
0	0	0	0	0	0	0	0	0	0	0	0	0	0	0	0	0	0	0	0	0	0	0	0	0	0	0	0	0	0	0	0	0	0	0	9.9335	0	0	0	0	0	0	0	0	0	0	0	7.92224	0	0	0	0	0	7.00978	0	0	0	0	0	0	8.79331	0	0	0	0	0	0	0	0	0	0	0	0	0	0	0	0	0	0	0	0	0	0	0	0	0	0	0	0	0	0	0	0	0	8.90966	0	0	0	0	0	
0	0	0	0	0	0	0	0	0	0	0	0	0	0	0	0	0	0	0	0	0	0	0	0	0	0	0	0	0	0	0	0	0	0	0	0	0	0	0	0	0	15.52334	0	0	0	0	0	0	0	0	0	0	0	0	0	0	0	0	0	0	0	0	0	0	0	0	0	0	0	0	0	4.17196	0	0	0	0	0	0	0	0	0	0	0	0	0	0	0	0	0	0	0	0	0	0	0	0	0	0	0	0	
0	0	0	0	0	0	0	0	0	0	0	0	0	0	0	0	0	0	0	0	0	0	0	0	0	0	0	0	0	0	0	0	0	0	0	0	0	0	0	0	9.58576	0	0	0	11.09727	0	0	6.44716	0	0	3.41102	13.6182	0	0	0	10.6396	0	0	8.11677	0	5.18332	0	0	0	0	0	0	0	0	0	0	0	0	0	0	0	0	0	0	0	0	0	0	0	0	0	0	0	0	0	0	0	0	0	0	2.07461	0	0	0	0	
0	0	0	0	0	0	0	0	0	0	0	0	0	0	0	0	0	0	0	0	0	0	0	0	0	0	0	0	0	0	0	0	0	0	0	0	0	0	0	0	0	0	0	0	17.37807	0	0	0	0	3.45394	0	0	8.29997	0	0	0	0	7.14014	0	0	0	3.95005	0	0	0	0	0	0	0	0	0	0	0	0	0	0	0	0	0	0	0	0	0	0	0	0	0	0	0	0	0	0	0	0	0	0	0	0	0	0	
0	0	0	0	0	0	0	0	0	0	0	0	0	0	0	0	0	0	0	0	0	0	0	0	0	0	0	0	0	0	0	0	0	0	0	0	0	0	0	0	0	0	0	12.42973	0	0	13.94193	0	0	0	10.29247	0	0	0	0	0	0	0	0	6.40671	0	0	0	0	10.73812	0	0	11.36207	0	0	0	0	9.73408	0	0	0	3.0684	0	0	0	0	0	0	0	0	0	0	0	0	0	0	0	0	0	0	0	0	0	0	0	
0	0	0	0	0	0	0	0	0	0	0	0	0	0	0	0	0	0	0	0	0	0	0	0	0	0	0	0	0	0	0	0	0	0	0	0	0	0	0	0	0	0	0	0	9.83621	0	0	10.79765	0	0	0	7.16031	8.77438	0	0	3.68769	0	0	0	0	0	0	0	0	0	0	0	8.56273	0	0	0	0	0	9.9216	0	0	0	0	0	0	0	0	0	0	0	0	0	0	0	0	0	0	0	0	0	0	0	0	0	0	
0	0	0	0	0	0	0	0	0	0	0	0	0	0	0	0	0	0	0	0	0	0	0	0	0	0	0	0	0	0	0	0	0	0	0	0	0	17.8516	0	0	0	0	0	0	0	0	0	0	3.49563	0	0	6.12569	0	0	1.83588	0	10.25996	0	0	2.27941	0	0.71589	0	0	0	0	0	0	0	0	0	0	0	0	5.29269	1.54962	0	0	0	0	0	0	0	0	0	0	0	0	0	0	0	0	0	0	0	0	0	0	0	0	
0	0	0	0	0	0	0	0	0	0	0	0	0	0	0	0	0	0	0	0	0	0	0	0	0	0	0	0	0	0	0	0	0	0	0	0	0	0	0	0	0	0	16.21287	0	0	9.68875	0	12.58167	0	0	8.80268	0	10.99472	0	9.97369	0	0	0	0	0	0	0	0	9.70439	0	0	0	2.76175	0	0	9.90285	0	0	0	0	0	0	0	1.38195	0	0	0	0	0	0	0	0	0	0	0	0	0	0	0	0	0	0	0	0	0	
0	0	0	0	0	0	0	0	0	0	0	0	0	0	0	0	0	0	0	0	0	0	0	0	0	0	0	0	0	0	0	0	0	0	0	0	0	0	0	0	0	0	0	0	0	0	0	8.57007	12.33388	0	0	14.08459	0	0	0	0	0	0	0	0	0	0	0	0	2.18066	0	0	0	0	0	0	0	0	0	0	0	0	0	0	0	0	0	0	0	0	0	0	0	0	0	7.84976	0	0	0	0	0	0	0	0	0	
0	0	0	0	0	0	0	0	0	0	0	0	0	0	0	0	0	0	0	0	0	0	0	0	0	0	0	0	0	0	0	0	0	0	0	0	0	0	0	0	0	0	0	0	0	0	0	12.54107	0	0	0	0	8.99842	1.19213	0	0	0	0	10.32662	5.96986	0	0	0	0	0	0	0	0	0	0	0	0	0	0	0	0	0	0	0	0	0	0	0	0	0	0	0	0	0	0	0	0	0	0	0	0	0	0	5.11809	0	
0	0	0	0	0	0	0	0	0	0	0	0	0	0	0	0	0	0	0	0	0	0	0	0	0	0	0	0	0	0	0	0	0	0	0	0	0	0	0	0	0	0	8.36607	0	0	0	0	0	0	8.75795	0	10.11454	0	9.33547	0	0	0	0	0	0	0	0	0	0	11.74825	0	0	0	0	0	0	0	0	0	0	0	12.34586	0	0	0	0	0	0	0	0	0	0	0	0	0	0	0	0	0	0	0	0	0	0	0	
0	0	0	0	0	0	0	0	0	0	0	0	13.24434	0	0	0	0	0	0	0	0	0	0	0	0	0	0	0	0	0	10.38271	0	0	0	0	0	0	0	0	0	0	0	8.0966	0	0	0	0	7.04157	0	0	14.09506	0	0	4.00881	0.71589	0	9.75973	0	0	0	0	0	0	8.38976	12.09916	8.99479	0	0	0	0	0	0	0	0	0	0	0	0	0	0	0	0	0	0	0	0	0	0	0	0	0	0	0	0	0	0	0	0	0	0	
0	0	0	0	0	0	0	0	0	0	0	0	0	0	0	0	0	0	0	0	0	0	0	0	0	0	0	0	0	0	0	0	0	0	0	0	0	0	0	0	0	0	0	0	0	11.80272	7.32781	0	4.1196	12.60993	2.18066	8.38248	7.98732	0	12.31835	5.79456	0	0	0	0	11.31427	0	0	0	0	0	0	0	0	5.3785	0	0	0	0	0	0	4.2921	0	0	0	0	0	0	0	0	0	0	0	0	0	0	0	0	0	0	0	0	0	0	0	
0	0	0	0	0	0	0	0	0	0	0	0	0	0	0	9.0657	0	0	0	0	0	0	0	0	0	0	0	0	0	0	0	0	0	0	0	6.07672	11.62366	0	0	0	0	0	0	1.69982	0	10.23672	8.04153	8.61686	3.27401	9.24136	0	0	1.96018	0	14.03614	0	0	0	0	7.84372	0	9.39106	0	4.2713	0	8.35762	0	0	11.03016	0	7.80694	0	0	0	0	9.81557	0	3.82483	0	3.55676	0	0	0	0	0	0	0	0	0	0	11.55647	0	0	0	0	0	0	0	0	0	
0	0	0	0	0	0	0	0	0	0	0	0	0	0	0	0	0	0	0	0	0	0	0	0	0	0	11.01837	0	0	0	0	1.96018	0	0	6.28123	0	0	0	0	0	11.70454	0	0	0	0	0	0	0	8.47714	7.34786	3.88879	10.06175	9.2002	0	9.94295	0	8.05712	0	3.82712	0	2.27941	5.90946	0	0	0	7.52185	0	0	0	0	0	0	0	9.08118	0	0	0	0	0	0	0	0	0	0	0	0	0	0	0	0	0	0	0	0	0	0	3.85716	0	0	0	
0	0	0	0	0	0	0	0	0	0	0	0	0	0	0	0	0	0	0	10.41226	0	0	0	0	0	0	0	0	0	0	0	0	0	0	0	0	0	0	0	0	0	0	0	13.02002	0	0	12.18786	13.52853	10.5466	0	6.09038	9.2802	10.7013	0	0	0	12.28846	0	0	9.33799	6.21263	0	0	11.5178	0	8.93071	0	7.87367	0	0	0	0	0	0	0	0	0	0	0	0	0	0	0	0	0	0	0	0	0	0	8.35475	0	0	0	0	0	0	0	0	0	
0	0	0	0	0	0	0	0	0	0	0	0	7.86177	0	0	0	0	0	0	9.3751	0	0	0	0	0	0	0	0	0	0	0	0	0	7.56996	0	0	0	0	0	0	0	9.44259	14.41067	0	8.85335	0	0	5.26759	11.13156	0	3.82483	7.6289	8.28651	1.8894	9.442	0	6.81104	5.08616	7.57656	0	0	0	0	0	5.17051	0	0	0	0	0	0	0	0	0	0	0	0	0	10.00605	3.91975	0	0	0	0	0	0	0	0	0	0	0	0	0	0	0	0	0	0	0	0	
0	0	0	0	0	0	0	0	0	0	0	0	0	0	0	0	0	0	0	0	0	0	0	15.46494	0	0	0	0	0	0	0	0	0	0	0	0	0	0	12.5662	0	0	0	8.46157	9.77115	6.59106	0	10.07612	6.12683	0	7.58874	11.00422	6.82417	0	0	0	0	0	5.16522	15.03344	11.00467	11.11994	0	0	0	9.34691	0	4.61176	0	0	0	0	0	0	0	0	0	0	0	0	0	0	0	0	0	0	0	0	0	0	0	0	0	0	0	0	0	0	0	0	0	
0	0	9.79846	0	0	0	0	0	0	0	0	0	0	0	0	0	0	0	0	0	0	0	0	0	0	0	0	0	0	0	0	0	0	0	0	0	0	0	0	0	10.69367	0	0	0	0	8.78913	0	5.51749	8.50011	10.66905	0	9.23983	9.80832	9.96769	3.65127	10.0807	0	0	6.38469	7.43078	7.44694	0	8.01653	9.54292	0	0	0	0	0	0	0	7.3806	0	0	0	0	4.57335	0	0	0	0	0	0	0	0	0	0	0	0	0	0	0	0	0	0	0	0	0	0	0	
0	0	0	0	0	0	0	0	0	0	0	9.66154	0	0	0	0	0	0	0	0	0	0	0	0	0	0	0	0	0	0	0	0	7.60276	0	0	0	0	9.5132	13.41519	5.81384	6.22658	5.19601	0	0	12.98304	6.69243	11.37275	8.16118	9.91468	0	10.87545	0	7.90329	6.90353	0	10.97994	5.10804	9.6377	0	0	0	0	0	0	0	0	0	8.36607	0	0	0	0	7.09	0	0	13.71581	0	0	11.82931	0	0	0	0	0	0	0	0	0	0	0	0	0	0	0	0	8.20348	0	0	0	0	
0	0	0	0	0	0	0	0	0	0	0	0	0	0	0	0	0	0	0	0	0	0	0	0	0	0	0	0	0	0	0	0	0	0	4.61176	8.67243	0	0	0	7.59558	0	12.86782	0	11.7403	15.14379	10.19911	6.9916	9.38848	8.73598	10.52212	9.62965	10.74597	0.40185	9.11584	0	0	9.04167	0	0	5.73867	8.72267	0	0.97357	0	0	0	0	0	0	0	0	0	0	0	0	0	0	0	5.729	0	0	0	0	0	0	0	0	8.38283	0	0	0	0	0	0	0	0	0	0	0	0	
0	0	0	0	0	0	0	0	11.65432	0	9.30941	0	0	0	0	0	0	0	0	0	0	0	0	0	0	0	6.07672	0	0	0	0	0	0	0	0	6.32813	0	11.04471	11.80556	0	9.87284	7.33069	0	9.92733	0.97357	11.79001	8.79752	7.61688	9.858	11.2343	0	7.69066	2.82851	0	0	0	9.46654	3.53614	0	0	0	0	1.83588	0	0	0	9.83295	0	0	0	0	0	0	0	0	0	0	0	0	0	0	0	0	0	0	0	0	0	0	0	0	0	0	12.32053	0	0	0	0	0	0	
0	0	0	0	0	0	0	0	0	0	0	11.51209	0	0	13.40609	0	0	0	0	0	0	0	0	0	0	0	0	0	0	0	0	11.64451	0	0	7.16296	0	12.54627	0	0	11.76206	1.54962	0	10.57983	11.34047	10.90259	9.94665	10.80831	9.75915	9.22884	9.45762	6.84491	10.35504	9.8884	8.28682	0	6.15684	11.27463	0	0	8.07442	9.29104	5.50677	0	8.87257	0	0	0	0	0	0	0	0	0	0.97357	0	7.02201	0	0	0	0	0	0	0	3.75789	0	0	0	0	0	0	0	0	0	0	0	0	0	0	0	0	
0	0	0	0	0	0	0	0	0	0	0	0	14.18307	0	0	0	0	0	0	0	0	0	0	0	0	0	0	0	0	10.5032	0	0	7.43346	0	3.65127	0	12.84822	0	14.81779	10.64163	10.77762	10.3268	11.7889	10.56781	9.04852	7.03341	10.77784	10.34713	7.40366	9.19717	9.75337	11.97504	10.36279	7.07675	3.98631	9.66565	8.81655	0	0	9.37789	2.54065	0	0	0	0	0	0	0	0	0	0	0	0	10.13629	0	0	0	0	0	0	10.29859	0	0	0	0	0	0	0	0	0	0	0	0	0	0	0	0	0	0	0	
0	0	0	0	0	0	0	13.63345	0	0	0	10.52507	0	0	0	0	0	0	0	0	0	0	0	0	0	0	0	8.80268	0	0	3.95005	0	12.8423	0	0	0	6.87389	6.50182	8.75964	9.97738	10.27016	12.17242	0	10.94791	11.60808	10.64739	9.56452	12.43535	11.68397	10.41795	5.96279	9.69854	11.23957	8.6251	6.86326	6.85671	13.72021	5.19142	10.43943	9.38206	7.58435	12.31317	7.27193	0	11.80763	0	0	0	0	0	0	0	0	7.92224	0	0	0	0	0	0	0	0	0	0	0	0	0	0	0	0	0	0	0	0	0	0	0	0	0	0	
11.80206	0	0	0	0	0	0	0	10.44773	0	0	0	5.31721	0	0	0	0	0	0	0	0	0	0	0	10.97735	0	0	7.72608	0	0	0	0	8.49883	0	11.71203	9.85511	0	5.34027	11.17513	7.9301	8.29408	9.80572	8.35888	10.29003	12.28824	10.32758	10.81349	10.09721	8.19426	5.51308	10.77288	6.64574	6.51195	5.12081	10.38429	10.21629	11.25597	9.29701	0	10.10328	1.83588	1.38195	0	6.33061	0	7.09679	0	0	0	0	4.22248	0	0	0	0	0	0	0	0	0	0	0	5.55123	0	0	8.84121	0	0	0	0	0	0	0	0	0	0	0	0	0	0	
0	0	0	11.0708	0	0	0	0	0	0	0	0	0	0	0	0	0	0	8.43732	0	0	10.54784	0	5.85445	11.73035	8.61331	0	0	10.22631	8.83551	12.6594	0	12.87049	0	0	0.40185	0	9.80829	11.62576	9.06043	9.90759	7.90283	10.60863	9.5714	8.9369	9.75459	9.58601	9.60158	10.42585	6.94653	9.97655	8.67651	10.22067	7.44076	7.11534	9.22486	0	2.94698	8.28517	9.18873	0.97357	3.12261	9.04303	0	0	0	0	0	0	5.0637	0	0	5.37418	0	0.97357	9.82783	11.44053	3.75789	0	0	0	0	0	0	0	0	0	0	0	0	0	0	0	0	0	0	0	0	0	0	
9.65351	0	0	0	11.99095	9.51659	0	0	0	0	0	0	0	0	0	0	0	9.6162	0	0	0	0	0	0	10.82525	0	10.77047	7.23816	0	13.55519	10.23768	0	0	0	10.46404	9.28807	4.7798	11.01928	12.21306	10.43126	8.53877	8.93256	9.52209	9.34279	10.35191	9.5773	9.88299	9.68149	8.26167	10.79107	6.29184	10.55477	10.7618	7.26106	10.23709	8.97504	9.88691	2.85179	8.09317	9.932	10.48424	0	5.91428	8.97282	10.28209	9.11417	8.60239	0	0	0	0	0	0	0	8.12011	0	0	0	0	0	0	0	0	0	0	0	0	0	0	0	0	0	0	0	0	0	0	0	0	0	
0	0	0	0	0	0	0	0	8.45988	0	9.32684	0	0	0	0	0	10.3575	14.22019	9.54602	8.38283	10.96974	7.14803	0	0	0	13.34171	0	9.50132	11.41516	11.54286	0	11.15552	14.62293	8.29859	9.96998	10.8162	9.87481	7.51955	10.47902	10.57837	10.133	9.8754	5.79355	9.23441	10.2189	8.9076	9.1516	9.89673	8.91333	7.5479	9.44516	11.55863	8.65086	8.4288	5.68023	6.80112	4.82439	9.40343	0	11.74055	6.53546	9.54664	7.2259	0	8.40725	11.39186	2.37184	0	0	0	0	1.69982	0	0	9.72644	0	0	0	9.3688	0	0	0	0	0	0	5.9475	0	0	0	0	0	0	0	0	0	7.85578	0	0	0	0	
0	10.24209	0	0	2.82851	7.61699	0	0	0	0	0	0	0	0	7.22003	10.69712	0	10.82218	9.79029	0	6.77156	0	5.73772	0	0	0	0	0	10.49817	10.03019	7.88427	0	11.11598	2.86458	10.7682	8.308	9.93397	10.73247	9.06295	10.18827	9.22036	8.15697	8.84175	8.61413	9.37032	8.0401	8.5488	9.75149	8.45793	7.96219	8.08121	8.60462	8.12421	6.24547	8.47616	7.81835	5.38532	7.99685	8.46198	9.19409	0	6.96574	0	12.01534	9.95201	1.83588	5.69537	11.53195	0	0	0	0	0	0	0	2.82851	0	0	0	0	9.45861	0	0	0	0	0	0	0	0	0	0	0	0	0	0	0	0	0	0	0	
0	9.66896	7.68388	0	9.47631	0	0	0	0	0	9.30722	0	0	0	8.65069	9.61384	0	8.653	0	0	8.26122	5.52271	9.60868	10.6227	10.6695	9.12084	0	4.97743	10.30535	8.07971	13.15093	10.87594	10.87272	11.20553	10.47428	5.55338	8.69475	9.12785	7.41357	8.28613	8.2108	8.9872	7.74729	7.89024	7.56546	7.08626	9.01793	7.80928	8.95875	8.33487	7.70696	9.27443	8.25422	7.75378	7.3786	5.77865	7.43639	4.36699	7.01576	10.44588	0	8.00678	10.25722	10.01361	1.80696	11.77392	0	0	0	0	0	8.3646	0	1.96018	10.09349	0	5.97724	0	1.19213	0	0	0	0	4.64367	0	1.26913	0	0	0	0	0	0	0	0	0	0	0	0	0	0	
0	0	0	0	0	0	0	0	8.20265	0	8.70389	12.15704	0	0	0	0	0	0	10.71955	0	13.81776	0	0	0	0	12.86422	10.20936	0	6.67962	9.7368	8.08781	8.9269	6.08357	8.86815	9.63954	10.65876	7.75991	8.69799	9.72246	10.40569	7.54367	9.08299	8.39215	7.51058	8.41066	6.41134	7.73069	7.86434	8.96903	9.38175	8.7827	8.23935	7.97919	7.90201	6.82191	8.71054	7.6011	8.26918	9.88825	9.0549	10.9125	5.96133	11.02389	6.15308	0	7.76477	0	8.44793	0	0	0	0	0	0	0	0	0	0	0	0	0	10.39412	0	0	0	0	0	8.3208	9.71656	4.64918	0	0	0	0	0	0	0	0	0	0	
0	0	0	0	0	0	0	0	10.8473	7.28981	0	4.7387	0	13.53916	0	0	0	9.01015	12.00905	4.20862	0	0	0.97357	8.32125	8.41577	6.04197	4.43021	9.9747	7.11753	10.26604	0	7.0085	4.70274	5.75605	6.93687	8.91488	10.1014	8.06349	6.85196	6.22327	7.33881	9.35886	8.52509	10.44446	7.49934	7.98263	7.91244	8.21292	6.47176	9.72802	8.50027	7.55996	7.30608	6.42307	8.52734	7.38677	7.27211	8.61235	9.84607	6.70817	6.79393	8.76214	9.9995	2.18066	1.20786	8.54639	9.06483	0	0	0	0	0	0	11.07425	6.97682	0	0	0	13.95599	0	0	0	0	0	0	0	0	0	8.53176	0	2.07461	0	0	0	0	0	0	0	0	0	
0	0	10.6046	9.135	0	1.38195	0	3.75789	10.31557	0	0	0	0	0	0	0	0	8.82273	0	0	0	0	0	13.26727	0	9.07346	0	10.93691	7.13025	7.79422	0	8.47474	0	10.7457	7.3743	8.58447	9.03307	6.69912	3.56365	7.92961	9.88627	8.87618	7.39746	8.9011	8.33042	7.44392	6.17211	9.53582	8.38982	7.43033	7.70651	8.62989	8.25772	8.38845	7.76041	6.45243	8.02916	10.41765	8.02751	7.07197	9.60503	10.25377	9.47353	9.72972	4.24039	0	0	6.25849	1.83588	5.12806	4.28808	0	10.87939	0	0.35795	0	7.09513	0	0	0	0	0	5.5948	0	0	0	0	0	0	0	0	0	0	0	0	0	0	0	0	0	
0	0	0	0	0	0	0	0	1.69982	0	10.0056	9.14969	8.66426	0	12.91653	0	0	8.87257	0	6.95831	0	0	0	0	0	0	9.10662	8.93166	8.55083	0	8.22915	9.01325	6.78087	8.27158	5.73192	8.69551	8.5616	8.10353	8.2318	9.57766	8.58525	6.85077	6.4637	6.82838	7.02608	9.3081	5.65317	6.86888	7.63461	6.6901	7.34559	9.32707	9.16638	7.50723	7.67326	6.96785	5.72016	7.88314	9.28548	7.43272	7.42656	6.3245	7.45438	6.12727	2.18066	6.4014	5.90173	4.51086	0	0	9.7149	0	7.65483	1.66057	0	13.92552	0	0	2.37184	0	0	0	0	0	0	0	0	0	6.10552	0	0	0	0	0	0	0	0	0	0	0	
0	0	0	0	0	0	0	0	0	9.69603	0	0	6.83789	0	0	0	0	0	0	0	0	0	0	9.84693	0	0	8.29749	0	0	5.22764	5.96826	0	0	8.56384	6.61962	7.8028	5.45036	0	1.69982	8.81816	4.81579	9.51088	3.5143	7.5864	9.95194	8.7927	6.98125	7.9555	9.10719	6.20842	7.47382	8.72535	7.52927	6.9596	9.92077	8.09178	7.98605	6.78534	5.0619	7.3442	6.88362	7.99788	4.24391	9.46151	7.47342	5.95663	8.15792	9.46177	7.32373	0	0	8.38144	0	5.24572	0	2.54065	9.38414	0	0	0	0	0	0	0	6.20789	0	0	3.72322	0	0	0	7.57871	0	0	0	0	9.16511	0	0	0	
0	0	0	0	0	0	0	0	0	0	0	8.38561	0	0	0	0	0	7.36359	13.12642	0	0	0	0	1.38195	0	0	0	5.64814	0	0	0	0	4.99601	5.91128	7.77615	0	4.37114	8.68163	3.43517	0.95401	6.31669	8.8392	7.22192	0.35795	0	7.24045	7.54903	5.10787	7.44831	6.88282	7.74214	10.16621	8.76948	4.93474	7.42726	5.38152	6.99627	7.44229	7.58919	8.33548	6.89459	5.56508	0	6.59715	8.84571	0	6.67086	7.64273	8.13172	8.08874	0	0	8.71607	9.83546	0	10.96697	0	8.23531	0	0	0	8.08279	0	0	0	0	0	0	0	0	0	0	0	0	0	0	0	0	0	0	
0	0	0	0	7.02577	0	0	0	0	0	8.51666	0	6.15033	0	0	11.08729	0	0	9.21665	0	4.21198	8.59065	0	0	0	9.61206	5.85445	0	0	4.20052	0	8.94279	10.34829	0	0	7.10354	9.67634	7.57142	10.14474	9.17757	6.01842	8.31169	7.16213	8.36326	5.61426	8.29818	11.64668	7.15351	7.8951	8.80953	9.05285	5.17565	8.32737	7.09126	5.45019	7.05747	5.9499	9.22144	5.27022	8.46249	5.25733	8.45477	6.41485	6.56556	7.31651	0	9.95894	10.8037	0	0	9.03795	6.79262	7.3854	11.54516	10.39392	0	5.40129	0	0	0	7.68838	0	0	5.10468	0	0.97357	0	0	0	2.61817	0	0	0	0	0	0	0	0	0	0	
0	0	0	0	0	0	0	0	0	0	0	5.19601	1.87895	0	0	3.82483	0	0	0	4.2713	7.83766	0	0.71589	0	0	0	0	0	0	3.8008	7.1981	5.15193	0	0	0	8.14488	0	0	0	4.43021	6.08293	6.98735	4.21978	5.04584	7.81837	5.74809	6.28153	6.18028	6.28068	6.56607	0	0	7.5751	9.40799	0	9.3979	8.97548	5.79733	6.51682	6.98895	8.87265	6.83702	8.65033	7.82184	7.00228	7.03411	6.48122	8.82187	7.04157	9.30395	0	6.11502	9.48392	10.66893	10.88993	0	6.99873	0	7.19494	0	0	0	0	0	0	0	0	0	0	0	0	0	0	0	0	0	0	0	0	0	
0	0	0	6.90902	0	0	0	0	0	0	0	0	0	0	0	0	8.94112	0	0	0	0	0	10.21427	0	0	0	6.36625	6.96228	9.17717	6.88177	0	0	0	0	0	10.13635	0	0	0	5.25381	5.63776	0	1.69982	0	3.62897	11.94632	7.24757	5.69362	6.49799	5.80678	6.0824	5.76362	8.57345	7.85448	7.78302	7.95401	8.35077	6.14589	6.52779	6.25908	7.37386	9.42068	9.14747	7.04571	6.95428	9.44978	5.30281	6.09717	10.58031	8.82069	3.84106	9.60903	4.90805	3.62199	5.40696	0	13.83198	0	6.60864	9.39037	2.15277	5.99914	9.27242	0	0	4.38657	0	0	0	0	0	0	0	0	0	0	0	0.97357	0	9.66554	
0	0	4.46678	0	0	0	0	0	0	0	0	0	0	0	0	0	0	0	0	0	9.12417	0	0	0	0	10.46829	0	8.90453	0	10.93205	0	11.2869	10.62029	0	10.80259	0	0	8.53108	6.56496	0	7.91458	0	0	6.16679	11.6559	8.46775	2.35154	3.65047	7.76708	5.4907	3.55321	9.88678	8.06456	8.60414	6.38607	8.29028	0	6.36534	7.10986	8.34006	3.27559	9.19878	6.7796	1.41967	7.16471	7.59403	5.2114	0	7.06811	4.35153	4.79016	8.25874	7.49359	8.30525	1.69982	0	7.66218	0	1.00926	3.61391	0	5.37428	0	0	0	0	0	0	5.34552	0	0	0	0	0	0	0	7.3393	0	0	0	
0	0	0	0	2.45872	0	0	0	0	0	0	0	9.60434	0	0	0	0	0	0	0	8.32908	5.87828	0	0	0	0	0	8.61048	0	0	0	2.69176	9.33332	0	0	0	6.25112	0	3.27401	7.93176	0	0	4.29646	0	9.40685	0	6.93048	7.90881	3.45394	5.44711	7.00235	6.79534	9.90285	6.7598	8.38988	0.95401	0	6.49076	5.97757	5.58695	6.63718	8.30782	8.83371	7.25963	7.37549	10.41525	6.35145	4.06435	6.28436	6.4258	7.10826	0	0	8.38689	0	7.09707	5.11044	5.26069	0	0	0	0	0	0	5.5916	0.40185	0	0	0	0	0	0	0	0	0	0	6.98416	0	0	0	
0	0	0	0	0	0	0	0	7.90881	0	0	0	0.40185	0	0	0	9.71656	0.97357	2.82851	0	0	0	0	0	7.04322	0	0	0	0	0	0	0	0	0	6.98782	8.01295	0	5.64814	0	0	0	0	6.124	8.29555	0	8.15004	9.68199	7.91842	0	4.71845	0	8.55536	8.84562	8.8162	0	6.57399	0	6.60334	0	5.75652	7.33343	10.55371	6.03853	6.76732	5.70337	6.37157	7.22419	5.96603	8.97005	7.32822	8.11676	5.21788	7.16801	10.39516	7.9476	4.77869	8.88774	12.11816	0	0.97357	8.98751	0.40185	9.39602	0	4.32009	0.40185	7.87169	3.79174	4.64918	0	2.33743	0	0	10.09347	0	0	0	0	0	0	
0	0	0	0	0	0	0	0	0	0	0	0	0	0	0	0	0	0	0	0	7.28413	0	0	0	0	0	0	0	0	6.82976	0	0	0	0	6.55208	0	0	0	0	0	9.56817	0	8.44931	9.07174	4.44334	0	0	7.04509	3.68769	6.26281	11.7161	0	0	6.33607	3.58122	7.67529	0	0	7.98002	8.74584	8.91255	5.29377	5.03365	6.99758	7.20863	7.37925	3.27364	4.63165	7.32254	6.66574	10.49623	6.79702	4.21303	6.57428	5.40228	0	5.0476	0	3.67245	0	0	0	2.18066	0	0	0	6.27175	0	0	0	0	0	0	0	0	0	0	0	0	0	
0	0	0	0	7.28387	0	0	0	0	0	0	8.21049	0	5.03572	0	0	0	0	0	0	0	0	0	0	0	0	0	0	0	0	0	0	0	0	0	0	0	0	0	7.8015	0	0	6.56682	0	6.16763	0	1.09033	5.64814	0	0	3.49563	0	0	0	9.88923	0	0	0.40185	0	10.4784	6.40719	7.53989	8.13173	7.79724	7.41927	0	1.78777	5.01746	9.75891	5.73555	9.89806	9.50019	8.60784	5.40887	0	0	4.27541	7.11027	7.33578	5.90173	6.44976	8.91447	0.97357	0	0.71589	0	4.773	11.44958	0	4.76368	0	0	0	0	10.08753	0	0	0	0	0	
0	0	0	0	0	0	0	0	0	0	0	0	0	0	0	0	0	5.04462	0	0	0	8.00575	8.38561	0	0	0	8.90677	0	0	0	0	0	0	6.14343	7.98507	0	0	0	0	0	0	0	0	0	0	0	0	0	1.69982	0	4.91802	0	0	0	0	9.68836	8.90977	8.80325	5.34027	6.54713	0	7.05719	5.5404	0	7.68823	6.2762	6.22971	7.3065	4.63774	4.33496	9.03949	6.1199	5.67715	4.21464	6.46034	7.43815	6.60429	0	8.58342	9.09683	0	0	7.35486	0	7.64504	8.75318	0.40185	5.37418	0	11.08844	0	0	0	0	0	0	9.33206	0	0	0	
0	0	0	0	0	0	0	0	7.07955	0	0	2.37184	0	0	0	0	0	0	0	0	0	0	0	0	0	0	0	3.0684	0	2.69176	0	0	0	0	0	0	0	0	0	9.48693	0	0	0	0	0	6.27526	0	7.95249	10.95977	0	0	9.62913	0	0	0	0	0	0	8.32403	0	9.15649	0	7.38034	10.06127	7.06665	6.20811	4.85447	0	0	6.49198	8.8446	6.02783	8.45852	5.23886	8.92235	9.12097	1.58743	0	5.04978	7.05208	5.36535	7.37172	9.89897	9.29742	10.79487	0	0.71589	0	0	0	4.70355	0	10.14044	0	0	0	0	0	0	0	
0	0	0	0	0	0	0	0	0	0	0	0	0	9.32323	0	0	0	0	0	2.07461	0	0	0	0	0	3.69134	0	0	0	0	0	0	0	0	7.64736	0	0	6.56718	0	0	11.61334	0	8.49883	9.44525	0.71589	0	0	0	0	0	7.10691	7.63808	0	0	4.03731	0	0	0	0	6.67119	1.38685	0	6.65761	9.42044	6.20789	3.87632	8.18416	8.3262	1.54962	5.29888	6.34251	0	6.09757	5.67647	9.47421	7.37809	5.38122	5.45518	7.2054	4.20082	0	4.78812	11.10382	3.62103	3.06543	0	0	8.27475	5.92235	0	8.90773	0	0	7.36764	0	0	0	0	4.61868	0	
0	0	0	0	0	0	0	0.40185	0	0	0	0	0	0	0	0	0	0	0	0	0	0	5.62954	0	0	0	0	0	9.66725	0	0	0	0	0	10.62177	0	0	2.45872	0	0	0	0.8919	0	0	0	0	4.39666	0	0	0	0	0	10.64944	0	0	0	6.30507	4.2951	0	4.06629	7.73618	0	0	6.37111	0	2.95343	0	7.58069	6.49527	9.70049	7.78604	7.22968	8.70278	5.92926	7.22623	7.4055	3.19457	0	6.44433	5.00986	8.05239	8.26124	3.91782	0	6.67992	0	1.19213	3.09765	0	0	9.45387	7.14733	0	0	0	0	8.23531	0	0	0	
0	0	0	0	0	0	0	0	6.65223	0	0	0	0	0	0	0	0	0	0	0	0	0	0	0	0	0	0	0	0	0	0	0	0	0	0	0	0	5.24551	0	0	0	0	0	0	0	0	0	0	0	2.54065	0	4.82447	0	4.70455	0	0	4.2951	6.90796	0	0	1.83588	0	9.21275	11.82842	6.66142	6.53422	0	0	9.26383	7.23504	0	3.79174	6.96979	9.34482	7.99563	5.81984	0	4.2972	4.91975	6.76654	2.91115	9.22364	4.57335	0	0	0	5.33956	0	0	0	0	0	7.37665	10.06856	9.68199	0	0	0	0	0	
0	0	0	0	0	0	0	8.51031	0	0	0	0	0	0	0	0	0	0	0	0	0	0	0	0	0	0	0	0	0	0	0	0	0	0	0	0	0	4.87165	0	7.35919	0	0	0	0	0	0	0	0	0	0	5.03699	0	0	8.9345	10.17208	0	0	5.50211	9.04742	11.45464	0	0	0	8.08257	8.20736	9.83393	0	0	7.814	3.91392	8.06793	7.37814	6.4065	8.48043	7.60514	6.23478	4.85735	0	8.37262	6.63534	8.05595	9.80935	4.04177	7.79472	2.64444	0	0	0.63601	0	0	3.82483	0	0	0	0	2.12078	0	0	0	0	
0	0	0	0	0	0	0	0	0	0	0	0	0	0	0	0	0	0	0	0	0	0	0	0	0	10.39962	0	0	0	0	0	0	0	0	0	0	0	3.79174	0	0	0	0	0	0	10.71515	0	0	0	7.5319	0	0	0	0	0	0	2.54065	0	0	0	0	0	0	8.15618	0	0	7.41625	4.23576	8.76869	3.01205	6.99485	1.73577	0	8.46507	0	7.92796	5.98008	8.47948	6.96249	6.76766	6.50957	4.14831	0	4.90297	0	7.15972	6.91767	0	0	0	0	9.08971	0	0	0	0	0	0	4.06526	0	0	
0	0	0	0	0	0	0	0	0	0	0	0	1.96018	0	0	0	0	0	0.40185	0	0	0	0	0	0	0	0	0	0	0	0	0	0	0	0	0	0	0	0	0	0	0	0	0	0	0	0	8.85166	0	0	2.27941	0	9.17316	0	0	0	0	0	0	5.67194	0	0	0	4.73567	3.36678	5.49214	8.88919	0	10.47645	0	0	7.76495	0	0	0	3.12736	6.34933	8.58488	5.17754	4.01246	0	7.19129	4.60184	2.49852	4.80122	3.4108	7.08643	0	8.39665	0	0	0	0	7.12029	0	0	0	0	0	0	
0	0	0	0	0	0	0	0	0	0	0	0	0	0	0	0	0	0	0	0	0	0	0	0	0	0	0	0	0	0	0	0	9.55097	0	0	0	0	0	0	0	1.19213	0	0	0	0	0	0	0	0	0	0	0	0	0	0	0	7.03284	0	0	0	7.75279	0	0	7.16115	0	8.06406	0	0	6.39965	0	0	0	10.71487	0	0	1.69982	0	0	4.58812	8.49182	5.8659	6.15033	10.33256	0	4.83926	0	1.69982	0	0.71589	2.76175	6.13868	4.92778	5.87291	0	0	0	0	0	0	0	
0	0	0	0	0	0	0	2.07301	0	0	0	0	0	0	0	0	0	0	0	0	0	0	0	0	0	0	0	5.13138	0	0	0	0	0	0	0	0	0	0	0	0	0	0	0	0	0	0	0	0	0	0	0	0	0	0	0	0	0	0.40185	0	0	0	0	0	0	0	0	0	0	0	0	3.77363	3.45093	5.81947	1.69982	0	11.9455	7.13356	0	9.23651	3.97972	0	6.20109	0	7.96738	0.71589	8.09459	0	9.61206	0	0	0	0	0	0	0	10.73105	0	0	0	0	
0	0	0	0	0	0	0	0	0	0	0	0	0	0	0	0	0	0	0	0	5.6756	0	0	0	0	0	0	0	0	0	2.89233	0	0	0	0	0	0	0	0	0	0	0	0	0	0	0	0	0	0	0	0	0	0	0	0	0	0	0	0	11.48406	0	0	0	0	5.24572	9.02179	8.07442	7.34287	0	0	0	0	0	0	0	3.95005	5.33954	1.83588	0	0	3.12252	0	0	0	7.10072	3.79174	7.91453	6.55742	8.0864	0	6.93955	7.13025	13.03826	2.61817	0	6.5717	0	0	0	0	
0	0	0	0	0	0	0	0	0	0	0	0	0	0	0	0	0	0	0	0	0	0	0	0	0	0	0	0	0	0	0	0	0	0	0	0	0	0	0	0	0	0	0	0	0	0	0	0	5.86244	0	0	0	0	0	0	0	0	0	0	0	0	0	0	0	0	0	0	0	0	9.99383	10.16385	6.90129	6.14797	0	9.82885	7.85778	0	11.19619	0.71589	0	0	7.56654	9.42044	0	4.53544	0	7.86177	0	0	5.47004	0	1.819	2.89241	0	4.91802	0	0	0	0	0	
0	0	0	0	0	0	0	0	0	0	0	0	0	0	0	8.272	0	0	0	0	0	0	0	0	0	0	0	0	0	0	0	0	0	0	7.74564	0	0	0	0	0	0	0	0	0	0	0	0	0	0	0	0	0	0	0	0	0	0	0	0	0	0	0	0	0	0	0	0	4.43021	0	0	0	0	0	6.21415	0	0	0	7.14487	0	0	0	1.96018	0	0	5.13676	0	5.35872	3.61928	7.50153	9.81807	10.49101	0	7.31622	0	0	0	0	0	0	0	
0	0	0	0	0	0	0	0	0	0	0	0	0	0	0	0	0	0	0	0	0	0	0	0	0	0	0	0	0	0	0	0	0	0	0	0	0	0	0	0	0	0	0	0	0	0	0	0	6.03492	5.56247	0	0	0	0	0	0	0	0	0	6.46032	0	0	0	0	0	4.51598	0	0	0	0	0	6.84597	0	0	0	0	0	13.75613	0	7.34927	9.72699	0	0	9.41298	0	0	0	0	0	0	0	0	0	0	0	0	0	0	0	0	
0	0	0	0	0	0	0	0	0	0	0	0	0	0	0	0	0	0	0	0	0	0	0	0	0	0	0	0	0	0	0	0	0	0	0	0	0	0	0	0	0	0	0	0	0	0	0	0	0	0	0	0	0	0	0	1.59623	0	0	8.66103	0	0	0	0	0	5.96986	0	0	0	0	0	0	7.65887	0	10.19739	0	0	5.90173	0	0	0	4.49808	5.19251	6.43095	7.5312	0	0	0	6.54713	7.30569	0	7.94122	10.53353	10.28321	0	0	0	0	0	0	0	
0	0	0	0	0	0	0	0	0	0	0	0	0	0	0	0	0	0	0	0	0	0	0	0	0	0	0	0	0	0	0	0	0	0	0	0	0	0	0	0	0	0	0	0	0	0	0	0	0	0	0	0	0	0	0	0	0	0	0	0	0	0	0	0	0	0	0	0	0	0	0	0	0	0	0	0	0	0	0	0	0	0	0	0	0	0	0.40185	0	0	0	0	9.43524	0	0	0	0	0	0	0	0	
0	0	0	0	0	0	0	0	0	0	0	0	0	0	0	0	0	0	0	0	0	0	0	0	0	0	0	0	0	0	0	0	0	0	0	0	0	0	0	0	0	0	0	0	0	0	0	0	0	0	0	0	0	0	0	0	0	0	0	0	0	0	0	0	0	0	0	0	0	0	8.11226	0	0	0	0	0	1.83588	0	0	9.06123	0	0	0	10.85257	0	0	0	4.96329	0	0	3.20174	8.9345	0	0	0	0	0	0	0	0	
0	0	0	0	0	0	0	0	0	0	0	0	0	0	0	0	0	0	0	0	0	0	0	0	0	0	0	0	0	0	0	0	0	0	0	0	0	0	0	0	0	0	0	0	0	0	0	0	0	0	0	0	0	0	0	0	0	0	0	2.07461	0	0	0	0	0	0	0	0	0	0	6.35669	0	0	0	0	0	0	0	0	0	0	0	0	0	0	0	5.5916	0	0	0	0	0	0	0	0	0	0	0	0	0	
0	0	0	0	0	0	0	0	0	0	0	0	0	0	0	0	0	0	0	0	0	0	0	0	0	0	0	0	0	0	0	0	0	0	0	0	0	0	0	0	0	0	0	0	0	0	0	0	0	0	0	0	0	0	0	0	0	0	0	0	0	0	0	0	0	0	0	0	0	8.49755	8.39114	0	0	0	0	0	0	0	8.42119	0	0	0	0	0	0	0	0	0	8.56763	8.5065	0	0	0	0	0	0	0	0	0	0	
0	0	0	0	0	0	0	0	0	0	0	0	0	0	0	0	0	0	0	0	0	0	0	0	0	0	0	0	0	0	0	0	0	0	0	0	0	0	0	0	0	0	0	0	0	0	0	0	0	0	0	0	0	0	0	0	0	0	0	0	0	0	0	0	0	0	0	0	0	0	0	0	0	0	0	0	0	0	0	0	0	0	0	0	0	0	3.68769	0	0	0	0	0	0	0	0	0	0	0	0	0	
0	0	0	0	0	0	0	0	0	0	0	0	0	0	0	0	0	0	0	0	0	0	0	0	0	0	0	0	0	0	0	0	0	0	0	0	0	0	0	0	0	0	0	0	0	0	0	0	0	0	0	0	0	0	0	0	0	0	5.10468	0	0	0	0	0	0	0	0	0	0	0	0	0	0	0	0	6.23275	0	0	0	0	0	0	0	0	0	0	0	0	0	0	0	0	0	0	0	0	0	0	0	0	
0	0	0	0	0	0	0	0	0	0	0	0	0	0	0	0	0	0	0	0	0	0	0	0	0	0	0	0	0	0	0	0	10.0691	0	0	0	0	0	0	0	0	0	0	0	0	0	0	0	0	0	6.87389	0	0	0	0	0	0	0	0	0	0	0	1.83588	0	0	0	0	0	0	0	0	0	0	0	0	4.00881	0	0	0	0	1.96018	0	0	0	0	0	0	0	0	0	0	0	0	0	0	0	0	0	0	0	
0	0	0	0	0	0	0	0	0	0	0	0	0	0	0	0	0	0	0	0	0	0	0	0	0	0	0	0	0	0	0	0	0	0	0	0	0	0	0	0	0	0	0	0	0	0	0	0	0	0	0	0	0	0	0	0	0	0	0	0	0	0	0	0	0	0	0	0	0	0	0	0	0	0	0	0	0	0	0	0	0	0	0	0	0	0	0	0	0	0	0	0	0	0	0	0	0	0	0	0	
0	0	0	0	0	0	0	0	0	0	0	0	0	0	0	0	0	0	0	0	0	0	0	0	0	0	0	0	0	0	0	0	0	0	0	0	0	0	0	0	0	0	0	0	0	0	0	0	0	0	0	0	0	0	0	0	0	0	0	0	0	0	0	0	0	0	0	0	0	0	0	0	0	0	0	0	0	0	0	0	0	0	0	0	0	0	0	0	0	0	0	0	0	0	0	0	0	0	0	0	
0	0	0	0	0	0	0	0	0	0	0	0	0	0	0	0	0	0	0	0	0	0	0	0	0	0	0	0	0	0	0	0	0	0	0	0	0	0	0	0	0	0	0	0	0	0	0	0	0	0	0	0	0	0	0	0	0	0	0	0	0	0	0	0	0	0	0	0	0	0	0	0	0	0	0	0	0	0	0	0	0	0	0	0	0	0	0	0	0	0	0	0	0	0	0	0	0	0	0	0	
0	0	0	0	0	0	0	0	0	0	0	0	0	0	0	0	0	0	0	0	0	0	0	0	0	0	0	0	0	0	0	0	0	0	0	0	0	0	0	0	0	0	0	0	0	0	0	0	0	0	0	0	0	0	0	0	0	0	0	0	0	0	0	0	0	0	0	0	0	0	0	0	0	0	0	0	0	0	0	0	0	0	0	0	0	0	0	0	0	0	0	0	0	0	0	0	0	0	0	0	
0	0	0	0	0	0	0	0	0	0	0	0	0	0	0	0	0	0	0	0	0	0	0	0	0	0	0	0	0	0	0	0	0	0	0	0	0	0	0	0	0	0	0	0	0	0	0	0	0	0	0	0	0	0	0	0	0	0	0	0	0	0	0	0	0	0	0	0	0	0	0	0	0	0	0	0	0	0	0	0	0	0	0	0	0	0	0	0	0	0	0	0	0	0	0	0	0	0	0	0	
0	0	0	0	0	0	0	0	0	0	0	0	0	0	0	0	0	0	0	0	0	0	0	0	0	0	0	0	0	0	0	0	0	0	0	0	0	0	0	0	0	0	0	0	0	0	0	12.11105	0	0	0	0	0	0	0	0	0	0	0	0	0	0	0	0	0	0	0	0	0	0	0	0	0	0	9.79758	0	0	0	0	0	0	0	0	0	0	0	0	0	0	0	0	0	0	0	0	0	0	0	0	0	
