0	0	0	0	0	0	0	0	0	0	0	0	0	0	0	0	0	0	0	0	0	0	0	0	0	0	0	0	0	0	0	0	0	0	0	0	0	0	0	0	0	0	0	0	0	0	0	0	0	0	0	10.772	0	0	0	0	0	0	0	0	0	0	0	0	0	0	0	0	0	0	0	0	0	0	0	0	0	0	0	0	0	0	0	0	0	0	0	0	0	0	0	0	0	0	0	0	0	0	0	0	
0	0	0	0	0	0	0	0	0	0	0	0	0	0	0	0	0	0	0	0	0	0	0	0	0	0	0	0	0	0	0	0	0	0	0	0	0	0	0	0	0	0	0	0	0	0	0	13.82988	0	0	0	0	0	0	0	0	0	0	0	0	0	0	0	13.29413	0	0	0	0	0	0	0	0	0	0	0	0	0	0	0	0	0	0	0	0	0	0	0	0	0	0	0	0	0	0	0	0	0	0	0	0	
0	0	0	0	0	0	0	0	0	0	0	0	0	0	0	0	0	0	0	0	0	0	0	0	0	0	0	0	0	0	0	0	0	0	0	0	0	0	0	0	0	0	0	0	0	0	0	0	0	0	0	0	0	0	11.58381	0	0	0	0	0	0	0	0	0	0	0	0	0	0	0	0	0	0	0	0	0	0	0	0	0	0	0	0	0	0	0	0	0	0	0	0	0	0	0	0	0	0	0	0	0	
0	0	0	0	0	0	0	0	0	0	0	0	0	0	0	0	0	0	0	0	0	0	0	0	0	0	0	0	0	0	0	0	0	0	0	0	0	0	0	0	0	0	0	0	0	0	13.53506	9.03389	0	0	0	0	0	0	0	0	0	0	0	0	0	0	0	0	0	0	0	0	0	0	0	0	0	0	0	0	0	0	0	0	0	0	0	0	0	0	0	0	0	0	0	0	0	0	0	0	0	0	0	0	
0	0	0	0	0	0	0	0	0	0	0	0	0	0	0	0	0	0	0	0	0	0	0	0	0	0	0	0	0	0	0	0	0	0	0	0	0	5.77828	0	0	0	0	0	13.2819	0	0	0	0	0	0	0	0	0	0	0	0	0	0	0	0	0	0	0	0	0	0	0	0	0	0	0	0	0	0	0	0	0	0	0	0	0	0	0	0	0	0	0	0	0	0	0	0	0	0	0	0	0	0	0	0	
0	0	0	0	0	0	0	0	0	0	0	0	0	0	0	0	0	0	0	0	0	0	0	0	0	0	0	0	0	0	0	0	0	0	0	0	0	0	0	0	0	0	0	0	0	0	0	0	0	0	0	0	0	0	0	0	0	0	0	0	0	0	0	0	0	0	0	0	0	0	0	0	8.08114	0	0	0	0	0	0	0	0	0	0	0	0	0	0	0	0	0	0	0	0	0	0	0	0	0	0	0	
0	0	0	0	0	0	0	0	0	0	0	0	0	0	0	0	0	0	0	0	0	0	0	0	0	0	0	0	0	0	0	0	0	0	0	0	0	0	0	0	0	0	0	0	0	0	0	0	0	0	0	0	0	0	0	0	0	0	0	0	0	0	0	0	0	0	0	0	0	0	0	0	0	0	10.80049	0	0	0	0	0	0	0	0	0	0	0	0	0	0	0	0	0	0	0	0	0	0	0	0	0	
0	0	0	0	0	0	0	0	0	0	0	0	0	0	0	0	0	0	0	0	0	0	0	0	0	0	0	0	0	0	0	0	0	0	0	0	0	0	0	0	0	0	0	0	0	0	0	0	0	0	0	8.04397	0	0	0	14.77715	0	0	9.13751	0	0	0	0	0	0	0	0	0	0	0	0	0	0	0	0	0	0	0	0	0	0	0	0	0	0	0	0	0	0	0	0	0	0	0	0	0	0	0	0	0	
0	0	0	0	0	0	0	0	0	0	0	0	0	0	0	0	0	0	0	0	0	0	0	0	0	0	0	0	7.08013	0	0	0	0	0	0	0	0	0	0	0	0	0	0	0	0	0	0	0	0	0	0	0	0	0	0	0	0	0	0	0	0	0	0	0	0	0	0	7.20519	0	0	0	0	0	0	0	0	0	0	0	0	0	0	0	0	0	0	0	0	0	0	0	0	0	0	0	0	0	0	0	0	
0	0	0	0	0	0	0	0	0	0	0	0	0	0	0	0	0	0	0	0	0	0	0	0	0	0	0	0	0	0	0	0	0	0	0	0	0	0	0	0	0	0	0	0	0	0	0	0	0	0	0	0	0	0	0	8.90212	0	0	0	0	0	0	0	0	0	0	0	0	0	0	0	0	0	0	0	0	0	0	0	0	0	0	0	0	0	0	0	0	0	0	0	0	0	0	0	0	0	0	0	0	
0	0	0	0	0	0	0	0	0	0	0	0	0	0	0	0	0	0	0	0	0	0	0	0	0	0	0	0	0	0	0	0	0	0	0	0	0	0	0	0	0	0	0	0	0	0	0	0	0	0	0	0	0	0	0	0	0	0	0	0	0	0	0	0	0	0	0	11.25008	0	0	0	0	0	0	0	0	0	0	0	0	0	0	0	0	0	0	0	0	0	0	0	0	0	0	0	0	0	0	0	0	
0	0	0	0	0	0	0	0	0	0	0	0	0	0	0	0	0	0	0	0	0	0	0	0	0	0	0	0	0	0	0	0	0	0	0	0	0	0	0	0	0	0	0	0	0	0	0	0	0	0	0	0	5.98192	0	0	0	5.02934	0	0	0	0	0	0	0	0	0	0	0	0	0	0	7.80773	0	0	0	0	0	0	0	0	0	0	0	0	0	0	0	0	0	0	0	0	0	0	0	0	0	0	0	0	
0	0	0	0	0	0	0	0	0	0	0	0	0	0	0	0	0	0	0	0	0	0	0	0	0	0	0	0	0	0	0	0	0	0	0	0	0	0	0	0	0	0	0	0	0	0	0	0	12.28914	0	0	0	13.2964	0	0	0	0	0	0	0	0	0	0	0	0	0	0	7.47333	0	0	0	0	0	0	0	0	0	0	0	0	0	0	0	0	0	0	0	0	0	0	0	0	0	0	0	0	0	0	0	0	
0	0	0	0	0	0	0	0	0	0	0	0	0	0	0	0	0	0	0	0	0	0	0	0	0	0	0	0	0	0	11.82959	0	0	0	0	0	0	0	0	13.18568	0	0	0	0	0	0	0	8.28913	0	0	0	0	0	0	0	0	0	7.73447	10.15088	0	8.18888	0	0	12.52552	0	0	0	0	0	0	0	0	0	0	0	0	0	0	0	0	0	0	0	0	0	0	0	0	0	0	0	0	0	0	0	0	0	0	0	0	
0	0	0	0	0	0	0	0	0	0	0	0	0	0	0	0	0	0	0	0	0	0	0	0	0	0	0	0	0	0	0	0	0	0	0	0	0	0	0	0	0	0	0	0	0	0	0	0	0	0	0	0	0	0	5.99553	0	0	0	0	0	0	0	0	0	0	0	0	0	0	0	0	0	0	0	4.65352	0	0	0	0	0	0	0	0	0	0	0	0	0	0	0	0	0	0	0	0	0	0	0	0	0	
0	0	0	0	0	0	0	0	0	0	0	0	0	0	0	0	0	0	0	0	0	0	0	0	0	0	0	0	0	0	0	0	0	0	0	0	0	0	0	0	0	0	15.40278	0	0	0	0	0	0	0	0	0	9.4146	0	0	0	0	0	0	11.54608	0	0	0	0	0	0	0	0	0	0	0	5.19604	0	0	0	0	0	0	0	0	0	0	0	0	0	0	0	0	0	0	0	0	0	0	0	0	0	0	0	0	
0	0	0	0	0	0	0	0	0	0	0	0	0	0	0	0	0	0	0	0	0	0	0	0	0	0	0	0	0	0	0	0	0	0	0	0	0	0	0	0	0	0	0	7.86379	0	0	0	12.85349	0	0	0	7.37542	0	0	0	0	0	0	5.27191	0	0	0	0	0	0	0	0	0	0	0	0	0	0	0	0	0	0	0	0	0	0	0	0	0	0	0	0	0	0	0	0	0	0	0	0	0	0	0	0	0	
0	0	0	0	0	0	0	0	0	0	0	0	0	0	0	0	0	0	0	0	0	0	0	0	0	0	0	0	0	0	0	0	0	0	0	0	0	0	0	0	0	0	10.49224	0	0	0	0	0	0	0	0	0	0	0	0	8.37427	0	0	0	0	0	0	0	0	0	0	1.91587	0	5.13228	0	0	0	0	0	0	0	0	0	0	0	0	0	0	0	0	0	0	0	0	0	0	0	0	0	0	0	0	0	0	0	
0	0	0	0	0	0	0	0	0	0	0	0	0	0	0	0	0	0	0	0	0	0	0	0	0	0	0	0	0	0	0	0	0	0	0	0	0	0	0	0	12.17549	0	0	0	0	0	0	0	0	0	0	0	0	0	0	0	0	0	0	0	0	0	0	0	0	0	0	0	0	0	0	0	0	0	0	0	0	0	0	0	0	0	0	0	0	0	0	0	0	0	0	0	0	0	0	0	0	0	0	0	
0	0	0	0	0	0	0	0	0	0	0	0	0	0	0	0	0	0	0	0	0	0	0	0	0	0	0	0	0	0	0	0	0	0	0	0	0	0	0	0	0	0	0	0	0	0	0	9.17853	0	0	7.15954	0	0	0	0	0	0	0	0	0	0	0	0	0	0	0	0	0	0	0	0	0	0	0	0	0	9.96723	0	0	0	0	0	0	0	0	0	0	0	0	0	0	0	0	0	0	0	0	0	0	0	
0	0	0	0	0	0	0	0	0	0	0	0	0	0	0	0	0	0	0	0	0	0	0	0	0	0	0	0	0	0	0	0	0	0	0	0	0	0	0	0	0	0	0	0	0	0	0	9.7361	0	0	10.65989	10.26816	0	0	0	0	8.29969	0	11.75911	0	8.06415	0	0	0	0	10.08136	0	0	0	0	0	0	0	0	0	0	0	0	0	0	0	0	0	0	0	0	0	0	0	0	0	0	0	0	0	0	0	0	0	0	
0	0	0	0	0	0	0	0	0	0	0	0	0	0	0	0	0	0	0	0	0	0	0	0	0	0	0	0	0	0	0	0	0	0	0	0	0	0	0	0	0	10.17827	0	0	0	0	0	0	0	0	0	0	0	0	0	0	0	0	0	0	0	0	0	0	0	0	0	0	0.48151	0	0	0	0	0	0	0	0	0	0	0	0	0	0	0	0	0	0	0	0	0	0	0	0	0	0	0	0	0	0	0	
0	0	0	0	0	0	0	0	0	0	0	0	0	0	0	0	0	0	0	0	0	0	0	0	0	0	0	0	0	0	0	9.79262	0	0	0	0	0	0	0	0	0	0	0	0	0	0	0	8.32343	0	0	0	0	0	0	0	0	0	0	0	0	0	0	0	5.49114	0	0	0	2.71079	0	0	0	0	0	0	0	0	0	0	0	0	0	0	0	0	0	0	0	0	0	0	0	0	0	0	0	0	0	0	0	0	
0	0	0	0	0	0	0	0	0	0	0	0	0	0	0	0	0	0	0	0	0	0	0	0	0	0	0	0	0	0	0	10.5479	0	0	2.8756	0	0	0	0	0	0	0	0	0	0	0	0	0	0	0	0	0	0	0	0	0	0	0	0	0	0	0	0	0	0	0	0	0	0	0	0	0	0	0	0	0	0	0	0	0	0	0	0	0	0	0	0	0	0	0	0	0	0	0	0	0	0	0	0	0	
0	0	0	0	0	0	0	0	0	0	0	0	0	0	0	0	0	0	0	0	0	0	0	0	0	0	0	0	0	0	0	0	0	0	0	0	0	0	0	0	0	0	0	10.03907	0	0	0	0	0	13.18641	0	0	0	0	7.84798	0	0	0	0	0	0	0	0	0	0	0	0	0	0	0	0	0	0	0	0	0	0	0	0	1.15546	0	0	0	0	0	0	0	0	0	0	0	0	0	0	0	0	0	0	0	0	
0	0	0	0	0	0	0	0	0	0	0	0	0	0	0	0	0	0	0	0	0	0	0	0	0	0	0	0	0	0	0	0	12.03096	0	0	0	0	0	0	0	0	0	0	0	0	0	0	3.49839	0	0	6.69785	9.38422	0	0	0	0	0	0	9.62032	0	0	0	0	0	0	0	0	0	0	0	3.64267	0	0	0	0	0	0	0	0	0	0	0	0	0	0	8.15792	0	0	0	0	0	0	0	0	0	0	0	0	0	0	
0	0	0	0	0	0	0	0	0	0	0	0	0	0	0	0	0	0	0	0	0	0	0	0	0	0	0	0	0	0	0	0	0	0	0	0	0	0	0	11.03539	0	0	0	0	15.0197	0	10.08083	0	0	0	0	0	0	0	0	0	0	0	0	0	0	0	0	0	0	0	0	0	0	4.10803	0	0	0	0	0	0	0	0	0	0	0	0	0	0	0	0	0	0	0	0	0	0	0	0	0	0	0	0	0	0	
0	0	0	0	0	0	0	0	0	0	0	0	0	0	0	0	0	0	0	0	0	0	0	0	0	0	0	0	0	0	0	0	0	0	0	9.54274	0	0	0	0	0	0	0	0	0	0	0	7.65729	0	0	0	0	0	6.86816	0	0	0	0	0	0	9.26003	0	0	0	0	0	0	0	0	0	0	0	0	0	0	0	0	0	0	0	0	0	0	0	0	0	0	0	0	0	0	0	0	0	7.7291	0	0	0	0	0	
0	0	0	0	0	0	0	0	0	0	0	0	0	0	0	0	0	0	0	0	0	0	0	0	0	0	0	0	0	0	0	0	0	0	0	0	0	0	0	0	0	14.04679	0	0	0	0	0	0	0	0	0	0	3.96895	0	0	0	0	0	0	0	0	0	0	0	0	0	0	3.96895	0	0	0	3.59616	0	0	0	0	0	0	0	0	0	0	0	0	0	0	0	0	0	0	0	0	0	0	0	0	0	0	0	0	
0	0	0	0	0	0	0	0	0	0	0	0	0	0	0	0	0	0	0	0	0	0	0	0	0	0	0	0	0	0	0	0	0	0	0	0	0	0	0	0	8.61342	0	0	0	11.2876	0	0	7.78883	0	0	8.15117	12.59757	0	0	0	9.93372	0	0	8.84485	0	7.92291	0	0	0	0	0	0	0	4.23487	0	0	0	0	0	0	0	0	0	0	0	0	0	0	0	0	0	0	0	0	0	0	0	0	0	0	6.55622	0	0	0	0	
0	0	0	0	0	0	0	0	0	0	0	0	0	0	0	0	0	0	0	0	0	0	0	0	0	0	0	0	0	0	0	0	0	0	0	0	0	0	0	0	0	0	0	0	14.78874	0	0	0	0	6.07812	0	0	6.73856	0	0	0	0	7.56372	0	0	0	4.97761	0	0	0	0	0	0	0	0	0	0	0	0	0	0	0	0	0	0	0	0	0	0	0	0	0	0	0	0	0	0	0	0	0	0	0	0	0	0	
0	0	0	0	0	0	0	0	0	0	0	0	0	0	0	0	0	0	0	0	0	0	0	0	0	0	0	0	0	0	0	0	0	0	0	0	0	0	0	0	0	0	0	13.32392	0	0	13.97151	0	0	0	9.21458	0	0	0	0	0	0	0	0	7.85294	0	0	0	0	10.5498	0	0	2.79554	0	0	0	0	9.64552	0	0	0	2.95146	0	0	0	0	0	0	0	0	0	0	0	0	0	0	0	0	0	0	0	0	0	0	0	
0	0	0	0	0	0	0	0	0	0	0	0	0	0	0	0	0	0	0	0	0	0	0	0	0	0	0	0	0	0	0	0	0	0	0	0	0	0	0	0	0	0	0	0	4.83689	1.37005	0	10.97959	0	0	0	12.89511	7.71284	0	0	5.79896	0	0	0	0	0	0	0	0	0	0	1.75583	10.02048	0	0	0	0	0	10.1559	0	0	0	0	0	0	0	0	0	0	0	0	0	0	0	0	0	0	0	0	0	0	0	0	0	0	
0	0	0	0	0	0	0	0	0	0	0	0	0	0	0	0	0	0	0	0	0	0	0	0	0	0	0	0	0	0	0	0	0	0	0	0	0	15.71976	0	0	0	0	0	0	0	0	0	0	8.09165	0	0	8.67516	0	0	2.62073	0	10.50763	0	0	5.30126	0	8.39988	0	0	0	0	0	0	0	0	0	0	0	0	5.99428	3.33807	0	0	0	0	0	0	0	0	0	0	0	0	0	0	0	0	0	0	0	0	0	0	0	0	
0	0	0	0	0	0	0	0	0	0	0	0	0	0	0	0	0	0	0	0	0	0	0	0	0	0	0	0	0	0	0	0	0	0	0	0	0	0	0	0	0	0	14.72611	0	0	10.37962	0	12.08548	0	0	12.3136	0	11.05621	0	9.84514	0	0	0	0	0	0	0	0	9.88135	0	0	0	3.64267	0	0	10.27924	0	0	0	0	0	0	0	2.52467	0	0	0	0	0	0	0	0	0	0	0	0	0	0	0	0	0	0	0	0	0	
0	0	0	0	0	0	0	0	0	0	0	0	0	0	0	0	0	0	0	0	0	0	0	0	0	0	0	0	0	0	0	0	0	0	0	0	0	0	0	0	0	0	0	0	0	0	0	7.0329	9.96551	0	0	10.90195	0	0	0	0	0	0	0	0	0	0	0	0	0.84189	0	0	0	0	0	0	0	0	0	0	0	0	0	0	0	0	0	0	0	0	0	0	0	0	0	8.70393	0	0	0	0	0	0	0	0	0	
0	0	0	0	0	0	0	0	0	0	0	0	0	0	0	0	0	0	0	0	0	0	0	0	0	0	0	0	0	0	0	0	0	0	0	0	0	0	0	0	0	0	0	0	0	0	0	12.59867	0	0	0	0	9.37898	1.13001	0	0	0	0	11.67372	7.7425	0	0	0	0	0	0	0	0	0	0	0	0	0	0	0	0	0	0	0	0	0	0	0	0	0	0	0	0	0	0	0	0	0	0	0	0	0	0	5.18037	0	
0	0	0	0	0	0	0	0	0	0	0	0	0	0	0	0	0	0	0	0	0	0	0	0	0	0	0	0	0	0	0	0	0	0	0	0	0	0	0	0	0	0	8.8853	0	0	0	0	0	0	9.31039	0	8.05773	0	7.85294	0	0	0	0	0	0	0	0	0	0	13.38199	0	0	0	0	0	0	0	0	0	0	0	14.87228	0	0	0	0	0	0	0	0	0	0	0	0	0	0	0	0	0	0	0	0	0	0	0	
0	0	0	0	0	0	0	0	0	0	0	0	11.06237	0	0	0	0	0	0	0	0	0	0	0	0	0	0	0	0	0	9.72534	0	0	0	0	0	0	0	0	0	0	0	8.78203	0	0	0	0	9.64766	0	0	13.22286	0	0	5.14849	1.13001	0	9.43229	0	0	0	0	0	0	9.35212	8.10417	9.23369	0	0	0	0	0	0	0	0	0	0	0	0	0	0	0	0	0	0	0	0	0	0	0	0	0	0	0	0	0	0	0	0	0	0	
0	0	0	0	0	0	0	0	0	0	0	0	0	0	0	0	0	0	0	0	0	0	0	0	0	0	0	0	0	0	0	0	0	0	0	0	0	0	0	0	0	0	0	0	0	10.98796	8.84485	0	2.31092	12.81828	3.33807	8.64406	8.02187	0	11.14091	6.90415	0	0	0	0	11.34278	0	0	0	0	0	0	0	0	4.77596	0	0	0	0	0	0	3.53455	0	0	0	0	0	0	0	0	0	0	0	0	0	0	0	0	0	0	0	0	0	0	0	
0	0	0	0	0	0	0	0	0	0	0	0	0	0	0	8.96181	0	0	0	0	0	0	0	0	0	0	0	0	0	0	0	0	0	0	0	8.13296	11.43939	0	0	0	0	0	0	5.39932	0	10.95705	8.67228	8.37427	4.4064	9.40956	0	0	3.77382	0	11.83852	0	0	0	0	6.6616	0	9.84701	0	6.98407	0	10.49422	0	0	11.25406	0	11.29672	0	0	0	0	10.33329	0	1.5758	0	3.47597	0	0	0	0	0	0	0	0	0	0	9.96036	0	0	0	0	0	0	0	0	0	
0	0	0	0	0	0	0	0	0	0	0	0	0	0	0	0	0	0	0	0	0	0	0	0	0	0	10.20709	0	0	0	0	2.95146	0	0	6.92414	0	0	0	0	0	11.73008	0	0	0	0	0	0	0	10.86481	9.45913	2.79554	10.51038	8.74713	0	9.39944	0	11.02884	0	5.86596	0	0.48151	8.91285	0	0	0	8.49326	0	0	0	0	0	0	0	8.95836	0	0	0	0	0	0	0	0	0	0	0	0	0	0	0	0	0	0	0	0	0	0	2.71079	0	0	0	
0	0	0	0	0	0	0	0	0	0	0	0	0	0	0	0	0	0	0	9.96551	0	0	0	0	0	0	0	0	0	0	0	0	0	0	0	0	0	0	0	0	0	0	0	13.63786	0	0	13.16939	12.84905	11.2202	0	7.47654	8.28892	11.34124	0	0	0	12.9524	0	0	7.50736	6.76839	0	0	11.99051	0	8.6523	0	7.69364	0	0	0	0	0	0	0	0	0	0	0	0	0	0	0	0	0	0	0	0	0	0	7.12218	0	0	0	0	0	0	0	0	0	
0	0	0	0	0	0	0	0	0	0	0	0	8.04696	0	0	0	0	0	0	10.34048	0	0	0	0	0	0	0	0	0	0	0	0	0	6.73712	0	0	0	0	0	0	0	10.42938	13.34264	0	7.91902	0	0	5.21283	7.67138	0	2.62073	9.41578	7.83186	3.32444	9.54113	10.68093	6.95477	5.36855	8.20265	0	0	0	0	0	4.76283	0	0	0	0	0	0	0	0	0	0	0	0	0	9.2758	3.33807	0	0	0	0	0	0	0	0	0	0	0	0	0	0	0	0	0	0	0	0	
0	0	0	0	0	0	0	0	0	0	0	0	0	0	0	0	0	0	0	0	0	0	0	14.73923	0	0	0	0	0	0	0	0	0	0	0	0	0	0	11.79575	0	0	0	8.07314	9.24692	0.48151	0	10.25291	6.18752	0	9.07453	9.61814	7.08936	0	0	0	0	0	6.94097	13.72402	10.8072	12.16619	0	0	0	8.79553	0	6.28285	0	0	0	0	0	0	0	0	0	0	0	0	0	0	0	0	0	0	0	0	0	0	0	0	0	0	0	0	0	0	0	0	0	
0	0	8.89854	0	0	0	0	0	0	0	0	0	0	0	0	0	0	0	0	0	0	0	0	0	0	0	0	0	0	0	0	0	0	0	0	0	0	0	0	0	9.9588	0	0	0	0	9.42461	0	8.01697	9.11295	11.72943	0	8.53854	9.88075	8.78395	1.5758	9.98482	0	0	10.94347	0.48151	9.71981	0	8.76432	9.69601	0	0	0	0	0	0	0	7.89976	0	0	0	0	3.15767	0	0	0	0	0	0	0	0	0	0	0	0	0	0	0	0	0	0	0	0	0	0	0	
0	0	0	0	0	0	0	0	0	0	0	10.33252	0	0	0	0	0	0	0	0	0	0	0	0	0	0	0	0	0	0	0	0	8.09375	0	0	0	0	9.36877	13.46844	6.13616	3.73141	6.32231	0	0	12.10406	7.5624	11.86072	8.99877	10.14989	0	10.9625	0	10.06179	6.13495	0	10.22053	6.02434	9.20646	0	0	0	0	0	0	0	0	0	7.0674	0	0	0	0	7.74517	0	0	10.95331	0	0	10.92595	0	0	0	0	0	0	0	0	0	0	0	0	0	0	0	0	9.13756	0	0	0	0	
0	0	0	0	0	0	0	0	0	0	0	0	0	0	0	0	0	0	0	0	0	0	0	0	0	0	0	0	0	0	0	0	0	0	7.22471	9.36813	0	0	0	5.99093	0	12.55422	0	11.92748	13.54355	9.88329	10.26884	9.16513	7.37146	10.61784	11.52039	10.44586	2.05991	9.25274	0	0	8.79181	0	0	7.04791	9.13141	0	0.48151	0	0	0	0	0	0	0	0	0	0	0	0	0	0	0	5.11589	0	0	0	0	0	0	0	0	9.18346	0	0	0	0	0	0	0	0	0	0	0	0	
0	0	0	0	0	0	0	0	10.10179	0	10.3303	0	0	0	0	0	0	0	0	0	0	0	0	0	0	0	10.47988	0	0	0	0	0	0	0	0	0.84189	0	11.98728	11.23522	0	9.43724	6.9147	0	7.90394	5.24208	11.85294	7.26993	7.80198	9.00298	10.38012	0	8.64463	0.48151	0	0	0	8.9464	4.005	0	0	0	0	3.73141	0	0	0	11.23473	0	0	0	0	0	0	0	0	0	0	0	0	0	0	0	0	0	0	0	0	0	0	0	0	0	0	11.11692	0	0	0	0	0	0	
0	0	0	0	0	0	0	0	0	0	0	12.70428	0	0	13.87939	0	0	0	0	0	0	0	0	0	0	0	0	0	0	0	0	11.20793	0	0	6.97046	0	12.15307	0	0	10.47595	1.75583	0	11.68118	11.03285	10.88593	9.3459	10.83328	10.36338	9.54218	9.38873	6.92198	10.20833	10.02619	8.12495	0	6.78595	10.32329	0	0	9.11088	9.65476	5.26063	0	10.193	0	0	0	0	0	0	0	0	0	1.13001	0	7.05807	0	0	0	0	0	0	0	3.77382	0	0	0	0	0	0	0	0	0	0	0	0	0	0	0	0	
0	0	0	0	0	0	0	0	0	0	0	0	11.85327	0	0	0	0	0	0	0	0	0	0	0	0	0	0	0	0	9.87953	0	0	7.20935	0	8.32165	0	12.18779	0	13.98958	10.18222	10.44293	11.66579	13.0774	11.30345	8.60184	7.8899	9.81198	9.88572	8.69843	9.54706	8.58123	10.8589	10.63134	8.62416	5.96642	9.04507	9.9876	0	0	9.57757	7.47654	0	0	0	0	0	0	0	0	0	0	0	0	9.81801	0	0	0	0	0	0	9.34991	0	0	0	0	0	0	0	0	0	0	0	0	0	0	0	0	0	0	0	
0	0	0	0	0	0	0	13.28035	0	0	0	9.92962	0	0	0	0	0	0	0	0	0	0	0	0	0	0	0	9.25723	0	0	7.23613	0	12.2817	0	0	0	7.85541	8.40664	10.22873	10.8997	10.07523	10.87543	0	11.47659	11.53577	9.54671	9.62978	12.34721	11.3264	10.00221	6.20276	9.55791	11.46124	8.68043	6.61467	6.61241	11.77453	6.04601	9.20769	9.26747	6.66985	12.69215	8.85969	0	9.81055	0	0	0	0	0	0	0	0	9.53429	0	0	0	0	0	0	0	0	0	0	0	0	0	0	0	0	0	0	0	0	0	0	0	0	0	0	
13.52132	0	0	0	0	0	0	0	9.64449	0	0	0	7.09275	0	0	0	0	0	0	0	0	0	0	0	10.29024	0	0	7.828	0	0	0	0	10.4577	0	11.45682	9.47608	0	6.23812	10.64842	6.92948	8.71621	9.58816	10.61061	9.69863	11.82716	10.09964	10.7288	10.13551	8.17731	7.62231	9.58617	5.84022	10.15679	6.53693	11.3153	9.97536	10.66729	6.71964	0	10.08354	2.95146	2.19087	0	6.80916	0	9.39775	0	0	0	0	6.95672	0	0	0	0	0	0	0	0	0	0	0	5.86969	0	0	9.53601	0	0	0	0	0	0	0	0	0	0	0	0	0	0	
0	0	0	11.25827	0	0	0	0	0	0	0	0	0	0	0	0	0	0	8.92817	0	0	10.63817	0	6.59221	11.25576	8.54773	0	0	10.18074	9.13446	11.9808	0	15.61403	0	0	0.48151	0	10.03331	11.50551	8.64155	9.31214	7.24683	11.01521	9.0538	9.73444	9.75652	9.26846	10.64053	10.24066	6.1673	9.91909	8.39358	10.7388	7.26151	8.75248	9.34832	0	5.74971	7.92177	9.11402	1.37005	3.96895	10.45607	0	0	0	0	0	0	5.90769	0	0	5.77828	0	0.84189	6.98858	12.15445	4.16522	0	2.42175	0	0	0	0	0	0	0	0	0	0	0	0	0	0	0	0	0	0	0	0	
9.13141	0	0	0	11.87443	9.68451	0	0	0	0	0	0	0	0	0	0	0	10.80209	0	0	0	0	0	0	9.95806	0	9.96013	9.80835	0	12.78894	9.72814	0	0	0	10.32897	9.42544	6.07741	11.84188	11.12667	9.56829	8.15431	9.70857	8.66618	8.87301	10.73541	9.2776	9.7108	9.60707	8.42543	10.29071	6.62014	9.9464	11.48637	6.90809	9.58433	10.04771	9.40353	3.78982	5.54731	9.62484	12.4898	0	5.97802	10.64461	10.37532	10.44545	10.92294	0	0	0	0	0	0	0	9.74412	0	0	0	0	0	0	0	0	0	0	0	0	0	0	0	0	0	0	0	0	2.31092	0	0	0	0	
0	0	0	0	0	0	0	0	8.24836	0	7.41759	0	0	0	0	0	10.47346	13.17106	9.21842	7.78718	11.57746	9.70283	0	0	0	13.12893	0	9.52345	10.60467	11.08096	0	10.38945	10.76381	8.83362	8.64742	10.9299	7.79814	8.30658	9.79208	9.58388	9.48819	8.48804	8.03306	8.86869	9.73364	8.47253	8.26295	9.64431	8.44477	7.75958	7.76463	11.71865	9.28202	7.73697	6.42834	9.08208	6.02296	8.88409	0	10.95129	6.05356	7.81283	6.24323	0	8.3336	11.71949	5.55332	0	0	0	0	5.88852	0	0	10.22152	0	0	0	9.05287	0	0	0	0	0	0	6.4621	0	0	0	0	0	0	0	0	0	5.8494	0	0	0	0	
0	10.64569	0	0	2.71079	8.34117	0	0	0	0	0	0	0	0	8.94567	10.52325	0	10.72988	10.46089	0	8.31807	0	6.18301	0	0	0	0	0	10.69615	9.57981	8.13539	0	11.86695	5.58578	10.6439	8.62988	9.61381	10.34126	8.62369	10.08649	9.15123	9.16705	8.56482	8.66075	8.84949	8.12422	9.20098	9.04434	8.40023	7.58564	8.10671	8.29283	8.75337	6.90571	8.86704	7.16891	4.04016	8.4091	7.77561	9.97792	0	9.5648	0	11.8012	10.77966	0	6.11912	9.39435	0	0	0	0	0	0	0	2.71079	0	0	0	0	9.15453	0	0	0	0	0	0	0	0	0	0	0	0	0	0	0	0	0	0	0	
0	10.67325	9.49759	0	9.82332	0	0	0	0	0	9.57157	0	0	0	9.37468	11.71695	0	8.79553	0	0	6.71699	7.0759	9.63565	10.20354	11.63969	8.83487	0	4.93688	9.12118	7.80077	12.9317	10.59707	10.3607	10.46072	10.50731	10.18372	8.66717	9.55618	7.83615	8.20581	9.36978	8.38411	8.36064	8.07855	6.99642	6.94257	8.61261	7.80536	9.32489	8.85597	7.63862	9.38638	8.73109	8.42227	7.67805	6.88633	8.19769	5.71897	7.72259	7.3208	0	8.32085	10.832	10.05319	2.81229	10.35256	1.5758	0	0	0	0	9.69458	0	0.84189	9.49284	0	7.45716	0	1.13001	0	0	0	0	4.97437	0	1.39777	0	0	0	0	0	0	0	0	0	0	0	0	0	0	
0	0	0	0	0	0	0	0	7.32793	0	9.65972	12.08102	0	0	0	0	0	0	9.86673	0	13.79998	0	0	0	0	12.64706	10.75243	0	5.97285	8.40832	7.66942	7.99414	9.83266	9.43459	10.74727	9.60224	9.37861	9.50736	9.25794	10.63386	7.07308	8.64715	8.52712	7.78827	8.12174	8.79705	8.58699	8.56109	8.82166	9.33438	8.64759	8.07617	7.89741	8.51508	9.19637	9.0732	8.49029	8.98109	9.48568	7.72085	9.86907	5.52352	9.58734	6.48626	0	9.70211	0	8.51312	0	0	0	0	0	0	0	0	0	0	0	0	0	9.91608	0	0	0	0	0	8.57912	9.11707	6.73856	0	0	0	0	0	0	0	0	0	0	
0	0	0	0	0	0	0	0	12.70591	8.96638	5.02963	1.75583	0	13.35965	0	0	0	9.40282	10.85613	6.28269	0	0	0.48151	8.91113	7.72099	8.64518	9.68771	10.34046	4.6183	9.73335	0	8.15638	5.44196	5.2964	5.89616	8.91208	10.46708	7.62375	9.59145	6.05282	7.07604	8.39245	9.39982	9.90718	6.91154	7.93653	7.8479	8.39423	7.10394	9.26346	8.86757	7.24291	7.5024	8.501	8.55039	7.88328	7.33532	7.81362	9.55647	7.56051	6.73455	9.56977	8.05948	6.46857	5.60167	8.88315	8.94218	0	0	0	0	0	0	8.40495	8.91165	0	0	0	13.3868	0	0	0	0	0	0	0	0	0	7.94395	0	2.19087	0	0	0	0	0	0	0	0	0	
0	0	11.30126	6.82293	0	4.95935	0	2.19087	10.66447	0	0	0	0	0	0	0	0	8.01281	0	0	0	0	0	11.86205	0	10.50881	0	10.39644	8.56444	8.1158	0	9.56832	0	10.68718	8.08799	8.73435	7.10072	7.71893	2.56392	10.6502	9.85999	9.87575	7.60397	9.06476	8.78862	6.88985	6.37445	8.70302	8.29853	7.93167	8.95016	8.36126	8.50499	8.1065	8.48128	6.56982	7.65296	10.25059	8.33628	7.45544	10.34085	9.07312	9.12376	12.34096	6.28882	0	0	5.70715	1.91587	6.88115	5.20528	0	9.97122	0	1.02866	0	6.52179	0	0	0	0	0	4.83887	0	0	0	0	0	0	0	0	0	0	0	0	0	0	0	0	0	
0	0	0	0	0	0	0	0	0.48151	0	11.28073	8.55687	9.19044	0	15.28482	0	0	8.16119	0	6.72241	0	0	0	0	0	0	9.96894	2.42175	7.78417	0	8.21219	8.5821	6.48579	8.61636	6.52024	8.28019	9.63093	8.23998	8.74122	9.18777	8.84319	7.13827	6.43367	7.39104	7.46961	8.1275	6.08625	7.86082	7.88057	5.85832	7.35151	9.48365	9.18317	8.60483	8.5112	7.22173	6.04786	8.94963	8.8992	8.18422	7.84356	7.18563	10.36999	5.75554	10.76085	6.24457	8.11658	5.87775	0	0	8.84981	0	6.65264	3.89469	0	13.89763	0	0	0	0	0	0	0	0	0	0	0	0	6.72642	0	0	0	0	0	0	0	0	0	0	0	
0	0	0	0	0	0	0	0	0	11.12103	0	0	7.99414	0	0	0	0	0	0	0	0	0	0	9.2496	0	0	8.62593	0	0	4.5546	7.01911	0	0	7.48363	6.60401	8.13092	7.0416	0.84189	1.91587	8.83612	6.50967	11.13024	5.80134	7.5839	10.25644	7.9087	6.73051	8.25298	9.26887	5.83216	7.63952	9.04506	7.37067	7.60785	9.93955	8.0186	8.61682	7.12731	5.24952	7.76571	7.28973	7.8288	5.13618	10.77951	7.54182	7.92078	7.88955	7.05885	6.75734	0	0	15.20323	0	5.28669	0	4.65352	8.90332	0	0	0	0	0	0	0	9.08795	0	0	11.58008	0	0	0	8.15318	0	0	0	0	9.14561	0	0	0	
0	0	0	0	0	0	0	0	0	0	0	10.61358	0	0	0	0	0	9.35737	11.38143	0	0	0	0	1.13001	0	0	0	8.23893	0	0	0	0	6.77596	6.33272	8.15424	0	4.77478	7.85596	1.21088	0.87792	6.37767	9.26964	8.11529	2.75817	0	8.06387	7.02237	5.92026	6.99485	7.67002	7.83307	11.13391	8.80365	5.8843	7.5633	6.32656	7.69699	7.72776	8.17292	8.90718	7.28192	7.39017	0	6.98448	9.4515	0	8.1062	6.58627	9.48648	8.62824	0	0	0	7.39059	0	9.88921	0	8.58095	0	0	0	8.91618	0	0	0	0	0	0	0	0	0	0	0	0	0	0	0	0	0	0	
0	0	0	0	6.51931	0	0	0	0	0	9.15566	0	4.63063	0	0	10.29752	0	0	7.99638	0	5.14103	7.65729	0	0	0	9.97236	6.19195	0	0	4.79035	0	8.85571	12.47481	0	0	7.30281	9.25349	6.53172	10.64604	10.66025	4.18995	8.54314	7.42027	8.41671	7.81854	7.47898	12.55953	5.64732	7.23309	7.95086	9.30331	6.15234	8.31391	8.54807	5.84923	8.05681	7.07129	9.10033	6.80027	9.39419	4.89175	7.97659	6.60351	7.06232	8.36809	0	8.7695	10.6528	0	0	8.60512	10.95676	8.07972	11.09168	9.76648	0	4.66853	0	0	0	4.97761	0	0	1.75583	0	2.42175	0	0	0	3.22035	0	0	0	0	0	0	0	0	0	0	
0	0	0	0	0	0	0	0	0	0	0	5.61294	3.83537	0	0	9.02681	0	0	0	2.52467	10.31513	0	0.84189	0	0	0	0	0	0	6.37847	6.53788	6.29012	0	0	0	9.05609	0	0	0	6.56228	6.22389	8.11646	4.35148	5.96209	8.51539	5.77084	6.79207	7.40648	5.92276	6.96307	0	0	7.84844	9.74644	0	8.97844	8.97749	6.43662	6.83429	7.38971	9.16212	7.55953	8.06883	7.57991	8.13399	6.07009	5.63611	8.55674	0.48151	8.69235	0	6.11981	9.20011	10.18074	11.15727	0	7.71284	0	5.98192	0	0	0	0	0	0	0	0	0	0	0	0	0	0	0	0	0	0	0	0	0	
0	0	0	6.79627	0	0	0	0	0	0	0	0	0	0	0	0	0	0	0	0	0	0	10.57025	0	0	0	8.45428	9.32047	8.686	5.49114	0	0	0.48151	0	0	10.36916	0	2.42175	0.48151	1.82734	6.41495	0	6.97046	0	4.73203	11.44739	7.70382	7.0416	5.68989	7.18352	6.8277	6.5738	9.04682	8.93378	8.66602	7.33108	8.82137	5.97462	7.31131	6.48475	7.66462	8.26486	8.89982	7.73442	8.52899	8.59971	6.22073	8.2873	10.96582	8.64765	5.66189	9.64572	5.02326	3.61073	7.33977	0	12.55773	0	7.58585	11.31725	0.48151	3.77382	6.18411	0	0	15.23483	0	0	0	0	0	0	0	0	0	0	0	1.75583	0	11.47857	
0	0	5.86258	0	0	0	0	0	0	0	0	0	0	0	0	0	0	0	0	0	9.65121	0	0	0	0	9.3807	0	8.50361	0	9.72736	0	10.65989	8.45468	0	8.37427	0	0	7.77725	7.26975	0	6.57433	0	0	6.92769	11.36852	9.1913	6.00517	5.12141	5.76783	8.26401	6.44764	10.69651	6.53001	8.24184	6.66581	8.28019	0	6.66854	7.07828	8.69573	3.4711	6.90857	6.4103	1.97705	5.25548	9.3386	5.47962	0	8.16232	5.62039	5.03234	8.70114	5.05823	8.99564	0.48151	0	7.1925	0	1.77775	6.12801	0	6.25988	0	0	0	0	0	0	6.16097	0	0	0	0	0	0	0	4.86443	0	0	0	
0	0	0	0	4.72009	0	0	0	0	0	0	0	9.20492	0	0	0	0	0	0	0	9.84639	6.26809	0	0	0	0	0	7.35876	0	0	0	0	9.2488	0	0	0	5.80919	0	4.92213	7.6287	0	0	5.70724	0	11.90531	0	4.23033	9.33186	0.48151	7.05368	8.37943	8.16905	10.00943	7.53127	8.083	2.69233	0	6.17129	6.86463	7.84046	8.58626	8.99697	8.58714	6.82556	6.12757	10.17392	7.47112	6.70834	7.1134	6.81364	8.39764	0	0	8.46493	0	7.7598	4.73563	5.72802	0	0	0	0	0	0	7.97382	1.13001	0	0	0	0	0	0	0	0	0	0	8.01638	0	0	0	
0	0	0	0	0	0	0	0	4.10803	0	0	0	0.48151	0	0	0	9.53814	3.15767	3.93198	0	0	0	0	0	5.64757	0	0	0	0	0	0	0	0	0	8.42837	9.40198	0	7.49567	0	0	0	0	8.04696	6.98407	0	10.02673	9.70494	8.18299	0	5.84471	0	9.55115	9.50705	8.71095	0	5.34411	0	6.59212	0	5.22735	9.02007	10.50173	5.64339	8.8147	5.88688	6.65453	7.12181	7.28071	8.22562	7.55193	8.41256	2.17014	7.60673	8.30729	8.58427	4.25517	9.36917	9.80226	0	12.66653	6.83183	0	9.33094	0	8.95942	1.5758	7.53318	6.09494	6.71699	0	1.809	0	0	10.31785	0	0	0	0	0	0	
0	0	0	0	0	0	0	0	0	0	0	0	0	0	0	0	0	0	0	0	7.06206	0	0	0	0	0	0	0	0	4.99563	0	0	0	0	6.59812	0	0	0	0	0	8.93869	0	8.38115	8.47088	5.87444	0	0	3.5481	2.42175	6.28605	11.32574	0	0	6.92883	3.17704	9.404	0	0	8.04985	9.07303	10.43599	5.35572	4.69736	5.48271	7.72893	6.84913	3.0091	6.79219	7.62851	6.91818	10.80604	7.95054	5.4374	6.48225	2.68753	13.30496	3.6001	0	7.02145	0	0	0	6.02644	0	0	0	8.36081	0	0	0	0	0	0	0	0	0	0	0	0	0	
0	0	0	0	6.97046	0	0	0	0	0	0	10.59374	0	5.42616	0	0	0	0	0	0	0	0	0	0	0	0	0	0	0	0	0	0	0	0	0	0	0	0	0	7.19304	0	0	7.44737	0	7.58772	0	3.69713	3.5481	0	0	5.43939	0	0	0	9.04315	0	0	0	0	10.20225	7.00581	2.14636	7.83774	7.83423	7.67916	0	1.33619	6.29625	9.48919	7.41648	7.28216	8.54499	9.317	5.90353	0	0	3.68148	6.08655	8.00646	5.63611	3.73141	7.96011	2.79554	0	3.59616	0	6.86653	9.59862	0	5.62819	0	0	0	0	10.9742	0	0	0	0	0	
0	0	0	0	0	0	0	0	0	0	0	0	0	0	0	0	0	6.03264	0	0	0	8.66221	9.89582	0	0	0	8.66503	0	0	0	0	0	0	10.14452	8.10977	0	0	0	0	0	0	0	0	0	0	0	0	0	0	0	2.31092	0	0	0	0	8.97776	10.26825	9.01073	4.58372	5.61294	0	6.10657	8.44391	0	8.05011	8.33689	7.36405	7.95487	5.25098	4.36502	8.9903	6.98554	7.07896	7.17555	8.87945	6.26503	5.76517	0	10.11783	5.05962	0	0	7.07607	0	8.09165	8.48604	2.42175	7.41759	0	10.52568	0	0	0	0	0	0	8.44582	0	0	0	
0	0	0	0	0	0	0	0	7.67254	0	0	3.15767	0	0	0	0	0	0	0	0	0	0	0	0	0	0	0	0	0	2.71079	0	0	0	0	0	0	0	0	0	8.92582	0	0	0	0	0	7.31722	0	8.53392	6.9147	0	0	10.3809	0	0	0	0	0	0	9.54566	0	8.41783	0	7.8718	9.61121	8.07899	4.61323	5.5804	0	0	7.40508	8.74263	6.28285	9.1257	6.7192	8.85479	9.7755	4.99168	0	11.968	6.97159	7.25787	7.55716	9.63189	8.47002	10.92404	0	0	0	0	0	6.17623	0	9.81093	0	0	0	0	0	0	0	
0	0	0	0	0	0	0	0	0	0	0	0	0	7.06313	0	0	0	0	0	2.8756	0	0	0	0	0	2.8712	0	0	0	0	0	0	0	0	6.90996	0	0	7.04766	0	0	10.47988	0	7.73179	10.01552	4.20419	0	0	0	0	0	7.11766	7.68533	0	0	9.9983	0	0	0	0	6.63733	3.75137	0	5.04422	9.00917	6.48781	4.95699	10.28778	7.07166	11.34432	5.45089	6.56664	0	6.9297	6.69041	9.93606	7.24227	4.373	4.76812	7.44059	4.99967	0	6.01308	11.33639	5.31851	2.24326	0	0	3.59616	4.96633	0	9.8606	0	0	7.75314	0	0	0	0	4.93826	0	
0	0	0	0	0	0	0	2.05991	0	0	0	0	0	0	0	0	0	0	0	0	0	0	11.34981	0	0	0	0	0	8.79425	0	0	0	0	0	10.32071	0	0	6.7332	0	0	0	2.04074	0	0	0	0	6.13563	0	0	0	0	0	9.52811	0	0	0	8.38385	3.22035	0	4.64344	7.68085	0	0	7.13931	0	4.72009	0	8.53804	7.51955	10.86381	8.71106	8.52755	8.35695	5.70008	7.73715	7.58892	4.44573	1.75583	7.02528	6.84995	7.71408	8.2745	5.00491	0	7.73339	0	2.62073	5.11089	0	0	7.73836	8.62329	0	0	0	0	9.51801	0	0	0	
0	0	0	0	0	0	0	0	1.75583	0	0	0	0	0	0	0	0	0	0	0	0	0	0	0	0	0	0	0	0	0	0	0	0	0	0	0	0	7.11423	0	0	0	0	0	0	0	0	0	0	0	3.93198	0	5.30084	0	3.79936	0	0	2.52467	7.22743	0	0	3.77382	0	10.17086	12.50738	7.49883	6.98151	0	0	8.02937	7.41499	0	2.71079	5.96963	9.58937	7.86385	7.56186	0	5.28138	5.33025	7.00896	4.03281	9.87101	8.39988	2.31092	0	0	6.81091	0	0	0	0	0	6.11392	7.17828	9.50312	0	0	0	0	0	
0	0	0	0	0	0	0	8.92229	0	0	0	0	0	0	0	0	0	0	0	0	0	0	0	0	0	0	0	0	0	0	0	0	0	0	0	0	0	5.02211	0	7.1899	0	0	0	0	0	0	0	0	0	0	6.10859	0	0	10.72212	10.96371	0	0	7.27748	9.3292	11.44268	0	1.75583	0	7.67548	8.69911	9.82197	0	0	9.07151	4.50676	8.35594	7.38263	6.87409	9.03243	3.64267	7.21709	7.27286	0	8.41345	7.23294	9.72041	10.69341	4.71917	8.36024	5.01518	0	0	1.35558	0	0	4.78373	0	0	0	0	2.32038	0	0	0	0	
0	0	0	0	0	0	0	0	0	0	0	0	0	0	0	0	0	0	0	0	0	0	0	0	0	10.48826	0	0	0	0	0	0	0	0	0	0	0	7.6287	0	0	0	0	0	0	5.28669	0	0	0	9.60572	0	0	0	0	0	0	2.31092	0	0	0	0	0	0	8.66241	0	0	7.92203	5.68182	9.79213	2.71079	6.74171	3.79145	0	9.04225	0	8.6236	5.15408	13.60508	6.6625	6.26493	7.119	5.45485	0	6.94529	0	9.66607	6.74922	0	0	0	0	9.3952	0	0	0	0	0	0	0.48151	0	0	
0	0	0	0	0	0	0	0	0	0	0	0	7.51455	0	0	0	0	0	0	0	0	0	0	0	0	0	0	0	0	0	0	0	0	0	0	0	0	0	0	0	0	0	0	0	0	0	0	9.41292	0	0	2.52467	0	9.87223	0	0	0	0	0	0	5.59578	0	0	0	4.93991	3.15767	6.26066	8.84299	0	10.91118	0	0	7.97609	0	0	0	2.76393	7.47991	8.67902	6.34559	6.06898	0	6.34775	6.33314	3.96167	7.53981	5.42428	6.80103	0	6.77555	0	0	0	0	8.05128	0	0	0	0	0	0	
0	0	0	0	0	0	0	0	0	0	0	0	0	0	0	0	0	0	0	0	0	0	0	0	0	0	0	0	0	0	0	0	10.75524	0	0	0	0	0	0	0	5.51634	0	0	0	0	0	0	0	0	0	0	0	0	0	0	0	7.48996	0	0	0	8.58468	0	0	4.83478	0	8.15919	0	0	7.76235	0	0	0	8.96981	0	0	3.33807	0	0	5.13611	9.58376	7.46386	6.62732	10.25278	0	5.50379	0	1.37005	0	0	3.68772	6.33045	4.30879	6.11611	0	0	0	0	0	0	0	
0	0	0	0	0	0	0	1.47573	0	0	0	0	0	0	0	0	0	0	0	0	0	0	0	0	0	0	0	9.08375	0	0	0	0	0	0	0	0	0	0	0	0	0	0	0	0	0	0	0	0	0	0	0	0	0	0	0	0	0	2.42175	0	0	0	0	0	0	0	0	0	0	0	0	3.48862	6.94367	5.86786	4.58372	0	10.98721	10.05903	0	9.71433	6.01765	0	7.73923	0	6.95672	2.05991	8.31086	0	11.02743	0	3.59616	0	0.48151	0	0	0	10.8815	0	0	0	0	
0	0	0	0	0	0	0	0	0	0	0	0	0	0	0	0	0	0	0	0	7.38376	0	0	0	0	0	0	0	0	0	0	0	0	0	0	0	0	0	0	0	0	0	0	0	0	0	0	0	0	0	0	0	0	0	0	0	0	0	0	11.09305	0	0	0	0	6.21522	8.30186	5.94528	6.16866	0	0	0	0	0	0	0	4.4064	6.13157	3.22035	0	0	2.90968	0	0	0	3.4554	6.16034	7.67507	6.74415	7.92761	0	8.75509	6.94749	11.01205	7.55463	0	6.86653	0	0	0	0	
0	0	0	0	0	0	0	0	0	0	0	0	0	0	0	0	0	0	0	0	0	0	0	0	0	0	0	0	0	0	0	0	0	0	0	0	0	0	0	0	0	0	0	0	0	0	0	0	5.14849	0	0	0	0	0	0	0	0	0	0	0	0	0	0	0	0	0	0	0	0	8.9526	10.40049	8.41838	6.87124	0	10.56233	6.80652	0	8.94567	2.42175	0	0	8.31449	8.79646	0	4.79051	0	4.99563	0	0	6.528	0	2.90317	2.05402	0	2.8756	0	0	0	0	0	
0	0	0	0	0	0	0	0	0	0	0	0	0	0	0	8.39694	0	0	0	0	0	0	0	0	0	0	0	0	0	0	0	0	0	0	7.13403	0	0	0	0	0	0	0	0	0	0	0	0	0	0	0	0	0	0	0	0	0	0	0	0	0	0	0	0	0	0	0	0	4.48508	0	0	0	0	0	9.73543	0	0	0	6.78203	0	0	0	3.28041	0	0	5.85828	0	6.96504	3.54378	7.26986	9.92716	8.6207	0	8.12479	0	0	0	0	0	0	0	
0	0	0	0	0	0	0	0	0	0	0	0	0	0	0	0	0	0	0	0	0	0	0	0	0	0	0	0	0	0	0	0	0	0	0	0	0	0	0	0	0	0	0	0	0	0	0	0	7.68811	1.37005	0	0	0	0	0	0	0	0	0	13.02256	0	0	0	0	0	5.90797	0	0	0	0	0	7.45064	0	0	0	0	0	13.50224	0	7.86044	11.65626	0	0	9.45994	0	0	0	0	0	0	0	0	0	0	0	0	0	0	0	0	
0	0	0	0	0	0	0	0	0	0	0	0	0	0	0	0	0	0	0	0	0	0	0	0	0	0	0	0	0	0	0	0	0	0	0	0	0	0	0	0	0	0	0	0	0	0.84189	0	0	0	0	0	0	0	0	0	2.53211	0	0	12.32267	0	0	0	0	0	8.86705	0	0	0	0	0	0	8.37943	0	10.38561	0	0	7.42426	0	0	0	2.40542	5.47892	5.39083	8.13431	0	0	0	7.91109	9.15677	0	5.18037	13.76041	11.40186	0	0	0	0	0	0	0	
0	0	0	0	0	0	0	0	0	0	0	0	0	0	0	0	0	0	0	0	0	0	0	0	0	0	0	0	0	0	0	0	0	0	0	0	0	0	0	0	0	0	0	0	0	0	0	0	0	0	0	0	0	0	0	0	0	0	0	0	0	0	0	0	0	0	0	0	0	0	0	0	0	0	0	0	0	0	0	0	0	0	0	0	0	0	1.75583	0	0	0	0	9.69325	0	0	0	0	0	0	0	0	
0	0	0	0	0	0	0	0	0	0	0	0	0	0	0	0	0	0	0	0	0	0	0	0	0	0	0	0	0	0	0	0	0	0	0	0	0	0	0	0	0	0	0	0	0	0	0	0	0	0	0	0	0	0	0	0	0	0	0	0	0	0	0	0	0	0	0	0	0	0	8.43806	0	0	0	0	0	0.48151	0	0	9.01245	0	0	0	9.815	0	0	0	5.91718	0	0	3.86831	10.82243	0	0	0	0	0	0	0	0	
0	0	0	0	0	0	0	0	0	0	0	0	0	0	0	0	0	0	0	0	0	0	0	0	0	0	0	0	0	0	0	0	0	0	0	0	0	0	0	0	0	0	0	0	0	0	0	0	0	0	0	0	0	0	0	0	0	0	0	1.91587	0	0	0	0	0	0	0	0	0	0	6.26066	0	0	0	0	0	0	0	0	0	0	0	0	0	0	0	8.88651	0	0	0	0	0	0	0	0	0	0	0	0	0	
0	0	0	0	0	0	0	0	0	0	0	0	0	0	0	0	0	0	0	0	0	0	0	0	0	0	0	0	0	0	0	0	0	0	0	0	0	0	0	0	0	0	0	0	0	0	0	0	0	0	0	0	0	0	0	0	0	0	0	0	0	0	0	0	0	0	0	0	0	9.16266	10.50645	0	0	0	0	0	0	0	10.58892	0	0	0	0	0	0	0	0	0	8.07267	4.20419	0	0	0	0	0	0	0	0	0	0	
0	0	0	0	0	0	0	0	0	0	0	0	0	0	0	0	0	0	0	0	0	0	0	0	0	0	0	0	0	0	0	0	0	0	0	0	0	0	0	0	0	0	0	0	0	0	0	0	0	0	0	0	0	0	0	0	0	0	0	0	0	0	0	0	0	0	0	0	0	0	0	0	0	0	0	0	0	0	0	0	0	0	0	0	0	0	0	0	0	0	0	0	0	0	0	0	0	0	0	0	
0	0	0	0	0	0	0	0	0	0	0	0	0	0	0	0	0	0	0	0	0	0	0	0	0	0	0	0	0	0	0	0	0	0	0	0	0	0	0	0	0	0	0	0	0	0	0	0	0	0	0	0	0	0	0	0	0	0	6.78595	0	0	0	0	0	0	0	0	0	0	0	0	0	0	0	0	6.8567	0	0	0	0	0	0	0	0	0	0	0	0	0	0	0	0	0	0	0	0	0	0	0	0	
0	0	0	0	0	0	0	0	0	0	0	0	0	0	0	0	0	0	0	0	0	0	0	0	0	0	0	0	0	0	0	0	9.12015	0	0	0	0	0	0	0	0	0	0	0	0	0	0	0	0	0	6.88115	0	0	0	0	0	0	0	0	0	0	0	1.5758	0	0	0	0	0	0	0	0	0	0	0	0	7.26243	0	0	0	0	0	0	0	0	0	0	0	0	0	0	0	0	0	0	0	0	0	0	0	0	
0	0	0	0	0	0	0	0	0	0	0	0	0	0	0	0	0	0	0	0	0	0	0	0	0	0	0	0	0	0	0	0	0	0	0	0	0	0	0	0	0	0	0	0	0	0	0	0	0	0	0	0	0	0	0	0	0	0	0	0	0	0	0	0	0	0	0	0	0	0	0	0	0	0	0	0	0	0	0	0	0	0	0	0	0	0	0	0	0	0	0	0	0	0	0	0	0	0	0	0	
0	0	0	0	0	0	0	0	0	0	0	0	0	0	0	0	0	0	0	0	0	0	0	0	0	0	0	0	0	0	0	0	0	0	0	0	0	0	0	0	0	0	0	0	0	0	0	0	0	0	0	0	0	0	0	0	0	0	0	0	0	0	0	0	0	0	0	0	0	0	0	0	0	0	0	0	0	0	0	0	0	0	0	0	0	0	0	0	0	0	0	0	0	0	0	0	0	0	0	0	
0	0	0	0	0	0	0	0	0	0	0	0	0	0	0	0	0	0	0	0	0	0	0	0	0	0	0	0	0	0	0	0	0	0	0	0	0	0	0	0	0	0	0	0	0	0	0	0	0	0	0	0	0	0	0	0	0	0	0	0	0	0	0	0	0	0	0	0	0	0	0	0	0	0	0	0	0	0	0	0	0	0	0	0	0	0	0	0	0	0	0	0	0	0	0	0	0	0	0	0	
0	0	0	0	0	0	0	0	0	0	0	0	0	0	0	0	0	0	0	0	0	0	0	0	0	0	0	0	0	0	0	0	0	0	0	0	0	0	0	0	0	0	0	0	0	0	0	0	0	0	0	0	0	0	0	0	0	0	0	0	0	0	0	0	0	0	0	0	0	0	0	0	0	0	0	0	0	0	0	0	0	0	0	0	0	0	0	0	0	0	0	0	0	0	0	0	0	0	0	0	
0	0	0	0	0	0	0	0	0	0	0	0	0	0	0	0	0	0	0	0	0	0	0	0	0	0	0	0	0	0	0	0	0	0	0	0	0	0	0	0	0	0	0	0	0	0	0	0	0	0	0	0	0	0	0	0	0	0	0	0	0	0	0	0	0	0	0	0	0	0	0	0	0	0	0	0	0	0	0	0	0	3.59616	0	0	0	0	0	0	0	0	0	0	0	0	0	0	0	0	0	0	
0	0	0	0	0	0	0	0	0	0	0	0	0	0	0	0	0	0	0	0	0	0	0	0	0	0	0	0	0	0	0	0	0	0	0	0	0	0	0	0	0	0	0	0	0	0	0	12.07627	0	0	0	0	0	0	0	0	0	0	0	0	0	0	0	0	0	0	0	0	0	0	0	0	0	0	9.31063	0	0	0	0	0	0	0	0	0	0	0	0	0	0	0	0	0	0	0	0	0	0	0	0	0	
