0	0	0	0	0	0	0	0	0	0	0	0	0	0	0	0	0	0	0	0	0	0	0	0	0	0	0	0	0	0	0	0	0	0	0	0	0	0	0	0	0	0	0	0	0	0	0	0	0	0	0	8.15769	0	0	0	0	0	0	0	0	0	0	0	0	0	0	0	0	0	0	0	0	0	0	0	0	0	0	0	0	0	0	0	0	0	0	0	0	0	0	0	0	0	0	0	0	0	0	0	0	
0	0	0	0	0	0	0	0	0	0	0	0	0	0	0	0	0	0	0	0	0	0	0	0	0	0	0	0	0	0	0	0	0	0	0	0	0	0	0	0	0	0	0	0	0	0	0	13.99404	0	0	0	0	0	0	0	0	0	0	0	0	0	0	0	10.76273	0	0	0	0	0	0	0	0	0	0	0	0	0	0	0	0	0	0	0	0	0	0	0	0	0	0	0	0	0	0	0	0	0	0	0	0	
0	0	0	0	0	0	0	0	0	0	0	0	0	0	0	0	0	0	0	0	0	0	0	0	0	0	0	0	0	0	0	0	0	0	0	0	0	0	0	0	0	0	0	0	0	0	0	0	0	0	0	0	0	0	10.99602	0	0	0	0	0	0	0	0	0	0	0	0	0	0	0	0	0	0	0	0	0	0	0	0	0	0	0	0	0	0	0	0	0	0	0	0	0	0	0	0	0	0	0	0	0	
0	0	0	0	0	0	0	0	0	0	0	0	0	0	0	0	0	0	0	0	0	0	0	0	0	0	0	0	0	0	0	0	0	0	0	0	0	0	0	0	0	0	0	0	0	0	12.79255	8.59425	0	0	0	0	0	0	0	0	0	0	0	0	0	0	0	0	0	0	0	0	0	0	0	0	0	0	0	0	0	0	0	0	0	0	0	0	0	0	0	0	0	0	0	0	0	0	0	0	0	0	0	0	
0	0	0	0	0	0	0	0	0	0	0	0	0	0	0	0	0	0	0	0	0	0	0	0	0	0	0	0	0	0	0	0	0	0	0	0	0	6.46004	0	0	0	0	0	14.05045	0	0	0	0	0	0	0	0	0	0	0	0	0	0	0	0	0	0	0	0	0	0	0	0	0	0	0	0	0	0	0	0	0	0	0	0	0	0	0	0	0	0	0	0	0	0	0	0	0	0	0	0	0	0	0	0	
0	0	0	0	0	0	0	0	0	0	0	0	0	0	0	0	0	0	0	0	0	0	0	0	0	0	0	0	0	0	0	0	0	0	0	0	0	0	0	0	0	0	0	0	0	0	0	0	0	0	0	0	0	0	0	0	0	0	0	0	0	0	0	0	0	0	0	0	0	0	0	0	8.32809	0	0	0	0	0	0	0	0	0	0	0	0	0	0	0	0	0	0	0	0	0	0	0	0	0	0	0	
0	0	0	0	0	0	0	0	0	0	0	0	0	0	0	0	0	0	0	0	0	0	0	0	0	0	0	0	0	0	0	0	0	0	0	0	0	0	0	0	0	0	0	0	0	0	0	0	0	0	0	0	0	0	0	0	0	0	0	0	0	0	0	0	0	0	0	0	0	0	0	0	0	0	11.14109	0	0	0	0	0	0	0	0	0	0	0	0	0	0	0	0	0	0	0	0	0	0	0	0	0	
0	0	0	0	0	0	0	0	0	0	0	0	0	0	0	0	0	0	0	0	0	0	0	0	0	0	0	0	0	0	0	0	0	0	0	0	0	0	0	0	0	0	0	0	0	0	0	0	0	0	0	8.26681	0	0	0	14.75607	0	0	8.60692	0	0	0	0	0	0	0	0	0	0	0	0	0	0	0	0	0	0	0	0	0	0	0	0	0	0	0	0	0	0	0	0	0	0	0	0	0	0	0	0	0	
0	0	0	0	0	0	0	0	0	0	0	0	0	0	0	0	0	0	0	0	0	0	0	0	0	0	0	0	10.34061	0	0	0	0	0	0	0	0	0	0	0	0	0	0	0	0	0	0	0	0	0	0	0	0	0	0	0	0	0	0	0	0	0	0	0	0	0	0	7.49097	0	0	0	0	0	0	0	0	0	0	0	0	0	0	0	0	0	0	0	0	0	0	0	0	0	0	0	0	0	0	0	0	
0	0	0	0	0	0	0	0	0	0	0	0	0	0	0	0	0	0	0	0	0	0	0	0	0	0	0	0	0	0	0	0	0	0	0	0	0	0	0	0	0	0	0	0	0	0	0	0	0	0	0	0	0	0	0	9.21333	0	0	0	0	0	0	0	0	0	0	0	0	0	0	0	0	0	0	0	0	0	0	0	0	0	0	0	0	0	0	0	0	0	0	0	0	0	0	0	0	0	0	0	0	
0	0	0	0	0	0	0	0	0	0	0	0	0	0	0	0	0	0	0	0	0	0	0	0	0	0	0	0	0	0	0	0	0	0	0	0	0	0	0	0	0	0	0	0	0	0	0	0	0	0	0	0	0	0	0	0	0	0	0	0	0	0	0	0	0	0	0	11.50479	0	0	0	0	0	0	0	0	0	0	0	0	0	0	0	0	0	0	0	0	0	0	0	0	0	0	0	0	0	0	0	0	
0	0	0	0	0	0	0	0	0	0	0	0	0	0	0	0	0	0	0	0	0	0	0	0	0	0	0	0	0	0	0	0	0	0	0	0	0	0	0	0	0	0	0	0	0	0	0	0	0	0	0	0	5.89826	0	0	0	3.05594	0	0	0	0	0	0	0	0	0	0	0	0	0	0	5.04871	0	0	0	0	0	0	0	0	0	0	0	0	0	0	0	0	0	0	0	0	0	0	0	0	0	0	0	0	
0	0	0	0	0	0	0	0	0	0	0	0	0	0	0	0	0	0	0	0	0	0	0	0	0	0	0	0	0	0	0	0	0	0	0	0	0	0	0	0	0	0	0	0	0	0	0	0	12.12011	0	0	0	11.45109	0	0	0	0	0	0	0	0	0	0	0	0	0	0	3.44314	0	0	0	0	0	0	0	0	0	0	0	0	0	0	0	0	0	0	0	0	0	0	0	0	0	0	0	0	0	0	0	0	
0	0	0	0	0	0	0	0	0	0	0	0	0	0	0	0	0	0	0	0	0	0	0	0	0	0	0	0	0	0	12.49006	0	0	0	0	0	0	0	0	12.63655	0	0	0	0	0	0	0	9.16915	0	0	0	0	0	0	0	0	0	6.82459	7.84169	0	6.51949	0	0	11.80201	0	0	0	0	0	0	0	0	0	0	0	0	0	0	0	0	0	0	0	0	0	0	0	0	0	0	0	0	0	0	0	0	0	0	0	0	
0	0	0	0	0	0	0	0	0	0	0	0	0	0	0	0	0	0	0	0	0	0	0	0	0	0	0	0	0	0	0	0	0	0	0	0	0	0	0	0	0	0	0	0	0	0	0	0	0	0	0	0	0	0	5.57509	0	0	0	0	0	0	0	0	0	0	0	0	0	0	0	0	0	0	0	2.57005	0	0	0	0	0	0	0	0	0	0	0	0	0	0	0	0	0	0	0	0	0	0	0	0	0	
0	0	0	0	0	0	0	0	0	0	0	0	0	0	0	0	0	0	0	0	0	0	0	0	0	0	0	0	0	0	0	0	0	0	0	0	0	0	0	0	0	0	11.83237	0	0	0	0	0	0	0	0	0	9.54434	0	0	0	0	0	0	12.19705	0	0	0	0	0	0	0	0	0	0	0	6.50975	0	0	0	0	0	0	0	0	0	0	0	0	0	0	0	0	0	0	0	0	0	0	0	0	0	0	0	0	
0	0	0	0	0	0	0	0	0	0	0	0	0	0	0	0	0	0	0	0	0	0	0	0	0	0	0	0	0	0	0	0	0	0	0	0	0	0	0	0	0	0	0	7.09568	0	0	0	11.94331	0	0	0	8.91798	0	0	0	0	0	0	5.6261	0	0	0	0	0	0	0	0	0	0	0	0	0	0	0	0	0	0	0	0	0	0	0	0	0	0	0	0	0	0	0	0	0	0	0	0	0	0	0	0	0	
0	0	0	0	0	0	0	0	0	0	0	0	0	0	0	0	0	0	0	0	0	0	0	0	0	0	0	0	0	0	0	0	0	0	0	0	0	0	0	0	0	0	10.60414	0	0	0	0	0	0	0	0	0	0	0	0	8.37176	0	0	0	0	0	0	0	0	0	0	0.69359	0	11.56746	0	0	0	0	0	0	0	0	0	0	0	0	0	0	0	0	0	0	0	0	0	0	0	0	0	0	0	0	0	0	0	
0	0	0	0	0	0	0	0	0	0	0	0	0	0	0	0	0	0	0	0	0	0	0	0	0	0	0	0	0	0	0	0	0	0	0	0	0	0	0	0	12.72825	0	0	0	0	0	0	0	0	0	0	0	0	0	0	0	0	0	0	0	0	0	0	0	0	0	0	0	0	0	0	0	0	0	0	0	0	0	0	0	0	0	0	0	0	0	0	0	0	0	0	0	0	0	0	0	0	0	0	0	
0	0	0	0	0	0	0	0	0	0	0	0	0	0	0	0	0	0	0	0	0	0	0	0	0	0	0	0	0	0	0	0	0	0	0	0	0	0	0	0	0	0	0	0	0	0	0	9.50198	0	0	6.38654	0	0	0	0	0	0	0	0	0	0	0	0	0	0	0	0	0	0	0	0	0	0	0	0	0	9.42634	0	0	0	0	0	0	0	0	0	0	0	0	0	0	0	0	0	0	0	0	0	0	0	
0	0	0	0	0	0	0	0	0	0	0	0	0	0	0	0	0	0	0	0	0	0	0	0	0	0	0	0	0	0	0	0	0	0	0	0	0	0	0	0	0	0	0	0	0	0	0	8.45279	0	0	10.26879	10.21811	0	0	0	0	8.03141	0	12.00176	0	8.5052	0	0	0	0	10.538	0	0	0	0	0	0	0	0	0	0	0	0	0	0	0	0	0	0	0	0	0	0	0	0	0	0	0	0	0	0	0	0	0	0	
0	0	0	0	0	0	0	0	0	0	0	0	0	0	0	0	0	0	0	0	0	0	0	0	0	0	0	0	0	0	0	0	0	0	0	0	0	0	0	0	0	8.76675	0	0	0	0	0	0	0	0	0	0	0	0	0	0	0	0	0	0	0	0	0	0	0	0	0	0	0	0	0	0	0	0	0	0	0	0	0	0	0	0	0	0	0	0	0	0	0	0	0	0	0	0	0	0	0	0	0	0	
0	0	0	0	0	0	0	0	0	0	0	0	0	0	0	0	0	0	0	0	0	0	0	0	0	0	0	0	0	0	0	11.52245	0	0	0	0	0	0	0	0	0	0	0	0	0	0	0	7.8648	0	0	0	0	0	0	0	0	0	0	0	0	0	0	0	2.96164	0	0	0	4.41754	0	0	0	0	0	0	0	0	0	0	0	0	0	0	0	0	0	0	0	0	0	0	0	0	0	0	0	0	0	0	0	0	
0	0	0	0	0	0	0	0	0	0	0	0	0	0	0	0	0	0	0	0	0	0	0	0	0	0	0	0	0	0	0	12.7562	0	0	4.19251	0	0	0	0	0	0	0	0	0	0	0	0	0	0	0	0	0	0	0	0	0	0	0	0	0	0	0	0	0	0	0	0	0	0	0	0	0	0	0	0	0	0	0	0	0	0	0	0	0	0	0	0	0	0	0	0	0	0	0	0	0	0	0	0	0	
0	0	0	0	0	0	0	0	0	0	0	0	0	0	0	0	0	0	0	0	0	0	0	0	0	0	0	0	0	0	0	0	0	0	0	0	0	0	0	0	0	0	0	10.4497	0	0	0	0	0	15.0935	0	0	0	0	9.49213	0	0	0	0	0	0	0	0	0	0	0	0	0	0	0	0	0	0	0	0	0	0	0	0	0.58001	0	0	0	0	0	0	0	0	0	0	0	0	0	0	0	0	0	0	0	0	
0	0	0	0	0	0	0	0	0	0	0	0	0	0	0	0	0	0	0	0	0	0	0	0	0	0	0	0	0	0	0	0	8.14201	0	0	0	0	0	0	0	0	0	0	0	0	0	0	2.4117	0	0	7.36866	12.20421	0	0	0	0	0	0	8.14516	0	0	0	0	0	0	0	0	0	0	0	3.44314	0	0	0	0	0	0	0	0	0	0	0	0	0	0	7.37069	0	0	0	0	0	0	0	0	0	0	0	0	0	0	
0	0	0	0	0	0	0	0	0	0	0	0	0	0	0	0	0	0	0	0	0	0	0	0	0	0	0	0	0	0	0	0	0	0	0	0	0	0	0	11.03177	0	0	0	0	15.66341	0	10.40573	0	0	0	0	0	0	0	0	0	0	0	0	0	0	0	0	0	0	0	0	0	0	0	0	0	0	0	0	0	0	0	0	0	0	0	0	0	0	0	0	0	0	0	0	0	0	0	0	0	0	0	0	0	
0	0	0	0	0	0	0	0	0	0	0	0	0	0	0	0	0	0	0	0	0	0	0	0	0	0	0	0	0	0	0	0	0	0	0	9.56565	0	0	0	0	0	0	0	0	0	0	0	8.05092	0	0	0	0	0	8.08933	0	0	0	0	0	0	8.89013	0	0	0	0	0	0	0	0	0	0	0	0	0	0	0	0	0	0	0	0	0	0	0	0	0	0	0	0	0	0	0	0	0	5.83726	0	0	0	0	0	
0	0	0	0	0	0	0	0	0	0	0	0	0	0	0	0	0	0	0	0	0	0	0	0	0	0	0	0	0	0	0	0	0	0	0	0	0	0	0	0	0	12.50086	0	0	0	0	0	0	0	0	0	0	0.69359	0	0	0	0	0	0	0	0	0	0	0	0	0	0	4.28677	0	0	0	5.83726	0	0	0	0	0	0	0	0	0	0	0	0	0	0	0	0	0	0	0	0	0	0	0	0	0	0	0	0	
0	0	0	0	0	0	0	0	0	0	0	0	0	0	0	0	0	0	0	0	0	0	0	0	0	0	0	0	0	0	0	0	0	0	0	0	0	0	0	0	7.45182	0	0	0	9.99367	0	0	7.58232	0	0	4.14296	11.80873	0	0	0	10.24698	0	0	6.89362	0	8.35282	0	0	0	0	0	0	0	3.26933	0	0	0	0	0	0	0	0	0	0	0	0	0	0	0	0	0	0	0	0	0	0	0	0	0	0	8.93813	0	0	0	0	
0	0	0	0	0	0	0	0	0	0	0	0	0	0	0	0	0	0	0	0	0	0	0	0	0	0	0	0	0	0	0	0	0	0	0	0	0	0	0	0	0	0	0	0	11.34519	0	0	0	0	9.76714	0	0	6.78476	0	0	0	0	7.43648	0	0	0	5.40456	0	0	0	0	0	0	0	0	0	0	0	0	0	0	0	0	0	0	0	0	0	0	0	0	0	0	0	0	0	0	0	0	0	0	0	0	0	0	
0	0	0	0	0	0	0	0	0	0	0	0	0	0	0	0	0	0	0	0	0	0	0	0	0	0	0	0	0	0	0	0	0	0	0	0	0	0	0	0	0	0	0	12.84154	0	0	12.87915	0	0	0	7.98918	0	0	0	0	0	0	0	0	7.0225	0	0	0	0	8.97753	0	0	3.52278	0	0	0	0	10.21736	0	0	0	3.59826	0	0	0	0	0	0	0	0	0	0	0	0	0	0	0	0	0	0	0	0	0	0	0	
0	0	0	0	0	0	0	0	0	0	0	0	0	0	0	0	0	0	0	0	0	0	0	0	0	0	0	0	0	0	0	0	0	0	0	0	0	0	0	0	0	0	0	0	4.45131	1.16002	0	10.58977	0	0	0	13.18365	7.20861	0	0	6.05381	0	0	0	0	0	0	0	0	0	0	1.51192	9.20279	0	0	0	0	0	10.83471	0	0	0	0	0	0	0	0	0	0	0	0	0	0	0	0	0	0	0	0	0	0	0	0	0	0	
0	0	0	0	0	0	0	0	0	0	0	0	0	0	0	0	0	0	0	0	0	0	0	0	0	0	0	0	0	0	0	0	0	0	0	0	0	11.89497	0	0	0	0	0	0	0	0	0	0	9.05993	0	0	7.24203	0	0	0.69359	0	8.76675	0	0	2.96164	0	7.20258	0	0	0	0	0	0	0	0	0	0	0	0	6.64649	3.52278	0	0	0	0	0	0	0	0	0	0	0	0	0	0	0	0	0	0	0	0	0	0	0	0	
0	0	0	0	0	0	0	0	0	0	0	0	0	0	0	0	0	0	0	0	0	0	0	0	0	0	0	0	0	0	0	0	0	0	0	0	0	0	0	0	0	0	14.15256	0	0	10.01878	0	12.84841	0	0	7.83	0	12.08283	0	8.71895	0	0	0	0	0	0	0	0	8.32532	0	0	0	3.80354	0	0	12.95625	0	0	0	0	0	0	0	3.07166	0	0	0	0	0	0	0	0	0	0	0	0	0	0	0	0	0	0	0	0	0	
0	0	0	0	0	0	0	0	0	0	0	0	0	0	0	0	0	0	0	0	0	0	0	0	0	0	0	0	0	0	0	0	0	0	0	0	0	0	0	0	0	0	0	0	0	0	0	7.5358	9.30347	0	0	8.97222	0	0	0	0	0	0	0	0	0	0	0	0	0.69359	0	0	0	0	0	0	0	0	0	0	0	0	0	0	0	0	0	0	0	0	0	0	0	0	0	8.17936	0	0	0	0	0	0	0	0	0	
0	0	0	0	0	0	0	0	0	0	0	0	0	0	0	0	0	0	0	0	0	0	0	0	0	0	0	0	0	0	0	0	0	0	0	0	0	0	0	0	0	0	0	0	0	0	0	13.0886	0	0	0	0	10.10944	0	0	0	0	0	10.98243	10.86654	0	0	0	0	0	0	0	0	0	0	0	0	0	0	0	0	0	0	0	0	0	0	0	0	0	0	0	0	0	0	0	0	0	0	0	0	0	0	4.93685	0	
0	0	0	0	0	0	0	0	0	0	0	0	0	0	0	0	0	0	0	0	0	0	0	0	0	0	0	0	0	0	0	0	0	0	0	0	0	0	0	0	0	0	9.33139	0	0	0	0	0	0	8.97135	0	5.95678	0	6.74379	0	0	0	0	0	0	0	0	0	0	12.52266	0	0	0	0	0	0	0	0	0	0	0	13.20945	0	0	0	0	0	0	0	0	0	0	0	0	0	0	0	0	0	0	0	0	0	0	0	
0	0	0	0	0	0	0	0	0	0	0	0	10.95802	0	0	0	0	0	0	0	0	0	0	0	0	0	0	0	0	0	9.56095	0	0	0	0	0	0	0	0	0	0	0	10.70301	0	0	0	0	10.92863	0	0	13.32816	0	0	4.90748	2.4117	0	9.10208	0	0	0	0	0	0	9.57152	6.49007	8.53191	0	0	0	0	0	0	0	0	0	0	0	0	0	0	0	0	0	0	0	0	0	0	0	0	0	0	0	0	0	0	0	0	0	0	
0	0	0	0	0	0	0	0	0	0	0	0	0	0	0	0	0	0	0	0	0	0	0	0	0	0	0	0	0	0	0	0	0	0	0	0	0	0	0	0	0	0	0	0	0	10.05796	5.44601	0	1.51192	13.43221	3.07166	7.87492	7.65405	0	10.45097	5.85804	0	0	0	0	11.31685	0	0	0	0	0	0	0	0	7.16487	0	0	0	0	0	0	3.40161	0	0	0	0	0	0	0	0	0	0	0	0	0	0	0	0	0	0	0	0	0	0	0	
0	0	0	0	0	0	0	0	0	0	0	0	0	0	0	8.65189	0	0	0	0	0	0	0	0	0	0	0	0	0	0	0	0	0	0	0	4.53743	11.3165	0	0	0	0	0	0	7.487	0	11.0533	8.69666	9.40548	4.93685	9.79347	0	0	3.52278	0	11.8585	0	0	0	0	6.61344	0	8.77694	0	6.90852	0	10.09486	0	0	11.78015	0	10.75399	0	0	0	0	10.78653	0	1.16002	0	2.96164	0	0	0	0	0	0	0	0	0	0	9.33	0	0	0	0	0	0	0	0	0	
0	0	0	0	0	0	0	0	0	0	0	0	0	0	0	0	0	0	0	0	0	0	0	0	0	0	10.59438	0	0	0	0	2.96164	0	0	6.99484	0	0	0	0	0	11.85144	0	0	0	0	0	0	0	9.52909	3.35886	1.51192	10.38657	9.00031	0	10.09405	0	10.92726	0	5.9168	0	0	7.64216	0	0	0	7.17203	0	0	0	0	0	0	0	8.781	0	0	0	0	0	0	0	0	0	0	0	0	0	0	0	0	0	0	0	0	0	0	3.59826	0	0	0	
0	0	0	0	0	0	0	0	0	0	0	0	0	0	0	0	0	0	0	11.29362	0	0	0	0	0	0	0	0	0	0	0	0	0	0	0	0	0	0	0	0	0	0	0	14.2813	0	0	11.20812	12.33633	11.47225	0	7.21462	8.38829	12.16618	0	0	0	13.86825	0	0	7.93823	5.67722	0	0	11.85442	0	9.69699	0	6.77666	0	0	0	0	0	0	0	0	0	0	0	0	0	0	0	0	0	0	0	0	0	0	8.14292	0	0	0	0	0	0	0	0	0	
0	0	0	0	0	0	0	0	0	0	0	0	7.86097	0	0	0	0	0	0	9.73511	0	0	0	0	0	0	0	0	0	0	0	0	0	5.80981	0	0	0	0	0	0	0	10.58107	13.10365	0	7.69887	0	0	5.88871	7.59227	0	4.57528	9.95213	7.47043	4.5072	9.90909	9.37093	8.99307	5.53879	6.90587	0	0	0	0	0	3.17388	0	0	0	0	0	0	0	0	0	0	0	0	0	10.39188	1.16002	0	0	0	0	0	0	0	0	0	0	0	0	0	0	0	0	0	0	0	0	
0	0	0	0	0	0	0	0	0	0	0	0	0	0	0	0	0	0	0	0	0	0	0	15.09658	0	0	0	0	0	0	0	0	0	0	0	0	0	0	10.87984	0	0	0	8.38141	9.6808	2.03083	0	10.8058	5.94165	0	8.52417	9.39362	6.56932	0	0	0	0	0	6.89773	14.52629	10.31357	12.53996	0	0	0	7.27336	0	2.2338	0	0	0	0	0	0	0	0	0	0	0	0	0	0	0	0	0	0	0	0	0	0	0	0	0	0	0	0	0	0	0	0	0	
0	0	7.64661	0	0	0	0	0	0	0	0	0	0	0	0	0	0	0	0	0	0	0	0	0	0	0	0	0	0	0	0	0	0	0	0	0	0	0	0	0	10.42987	0	0	0	0	9.761	0	7.97242	10.71637	12.41818	0	8.45024	10.64476	8.42765	0.69359	7.56431	0	0	13.34118	3.44314	9.547	0	7.51648	10.02905	0	0	0	0	0	0	0	8.61213	0	0	0	0	3.35886	0	0	0	0	0	0	0	0	0	0	0	0	0	0	0	0	0	0	0	0	0	0	0	
0	0	0	0	0	0	0	0	0	0	0	9.6345	0	0	0	0	0	0	0	0	0	0	0	0	0	0	0	0	0	0	0	0	6.79281	0	0	0	0	9.20934	11.9513	5.72388	5.99917	6.51949	0	0	12.02559	7.32618	12.32206	8.35746	10.76563	0	11.44599	0	8.80401	4.88143	0	9.69778	5.36732	11.63897	0	0	0	0	0	0	0	0	0	6.19421	0	0	0	0	7.38945	0	0	5.38338	0	0	11.34245	0	0	0	0	0	0	0	0	0	0	0	0	0	0	0	0	9.53246	0	0	0	0	
0	0	0	0	0	0	0	0	0	0	0	0	0	0	0	0	0	0	0	0	0	0	0	0	0	0	0	0	0	0	0	0	0	0	7.54059	9.42962	0	0	0	6.76851	0	12.25813	0	12.11892	12.7734	10.36492	11.15465	8.63567	6.2042	11.10968	11.5049	11.17075	3.24323	8.92113	0	0	6.90275	0	0	6.58869	9.3133	0	1.16002	0	0	0	0	0	0	0	0	0	0	0	0	0	0	0	3.35886	0	0	0	0	0	0	0	0	10.12787	0	0	0	0	0	0	0	0	0	0	0	0	
0	0	0	0	0	0	0	0	9.56095	0	10.11668	0	0	0	0	0	0	0	0	0	0	0	0	0	0	0	10.0205	0	0	0	0	0	0	0	0	0	0	12.46854	10.88031	0	8.89333	8.45533	0	8.06429	7.06967	11.90635	6.89639	8.30454	9.31983	10.16225	0	7.35698	0	0	0	0	10.31276	4.37525	0	0	0	0	2.71273	0	0	0	10.39849	0	0	0	0	0	0	0	0	0	0	0	0	0	0	0	0	0	0	0	0	0	0	0	0	0	0	5.80576	0	0	0	0	0	0	
0	0	0	0	0	0	0	0	0	0	0	11.35441	0	0	11.08767	0	0	0	0	0	0	0	0	0	0	0	0	0	0	0	0	11.19527	0	0	7.47203	0	12.01881	0	0	11.16963	0.69359	0	11.86183	10.58692	10.33768	9.41958	11.02248	10.30372	7.2122	8.02845	7.09771	10.46276	10.03488	8.1199	0	4.96564	10.3001	0	0	16.03505	8.72106	4.46997	0	11.38136	0	0	0	0	0	0	0	0	0	0	0	7.21162	0	0	0	0	0	0	0	4.49856	0	0	0	0	0	0	0	0	0	0	0	0	0	0	0	0	
0	0	0	0	0	0	0	0	0	0	0	0	9.6808	0	0	0	0	0	0	0	0	0	0	0	0	0	0	0	0	9.66991	0	0	7.44161	0	7.70326	0	13.3045	0	13.9758	10.45668	10.42371	9.41595	12.01584	11.58847	8.22546	6.68383	10.03917	9.74318	9.95382	9.38703	8.37058	10.73896	10.76376	7.07481	5.88869	7.18627	7.96723	0	0	6.63151	7.02934	0	0	0	0	0	0	0	0	0	0	0	0	10.14862	0	0	0	0	0	0	9.93302	0	0	0	0	0	0	0	0	0	0	0	0	0	0	0	0	0	0	0	
0	0	0	0	0	0	0	13.50403	0	0	0	10.78561	0	0	0	0	0	0	0	0	0	0	0	0	0	0	0	8.77084	0	0	6.6225	0	11.03389	0	0	0	5.72388	7.27911	8.87869	10.40353	9.90199	8.7264	0	11.30555	11.84027	9.57567	9.24718	10.99405	11.57693	10.14721	5.81358	9.96725	8.91986	8.67604	8.66196	6.21129	12.23153	6.01578	8.16706	8.59775	5.42187	12.73545	6.97374	0	9.24743	0	0	0	0	0	0	0	0	9.20279	0	0	0	0	0	0	0	0	0	0	0	0	0	0	0	0	0	0	0	0	0	0	0	0	0	0	
11.58698	0	0	0	0	0	0	0	8.84386	0	0	0	8.87883	0	0	0	0	0	0	0	0	0	0	0	12.35107	0	0	8.40367	0	0	0	0	14.6696	0	11.20867	9.17224	0	6.09348	10.64158	6.6206	6.72708	8.64101	8.47708	9.90591	12.04736	10.00642	10.26986	9.7926	8.8758	7.47093	8.95205	6.07525	10.60047	6.58913	12.15569	9.49613	10.03839	5.77142	0	10.65631	4.57528	1.51192	0	6.68181	0	9.37093	0	0	0	0	6.49007	0	0	0	0	0	0	0	0	0	0	0	5.81718	0	0	11.50035	0	0	0	0	0	0	0	0	0	0	0	0	0	0	
0	0	0	10.80217	0	0	0	0	0	0	0	0	0	0	0	0	0	0	8.74409	0	0	9.80745	0	5.04871	11.21234	10.26083	0	0	10.97626	9.28074	11.29672	0	12.28211	0	0	0.69359	0	9.96784	11.51621	8.22901	8.87932	7.39754	10.39327	9.23057	9.51747	9.92291	8.8601	10.72101	9.47516	5.80576	9.84775	7.84102	10.53339	6.75296	7.19912	8.84297	0	4.33825	7.95342	9.01781	0.69359	6.21833	12.29387	0	0	0	0	0	0	5.58236	0	0	5.75719	0	0	6.49007	11.71648	3.68806	0	1.79456	0	0	0	0	0	0	0	0	0	0	0	0	0	0	0	0	0	0	0	0	
8.45279	0	0	0	12.24462	9.86996	0	0	0	0	0	0	0	0	0	0	0	10.36984	0	0	0	0	0	0	10.45795	0	7.7402	10.1614	0	12.42968	9.64069	0	0	0	10.91992	8.99159	6.50411	12.45161	11.41893	9.49601	6.97311	9.65955	9.02956	9.44723	10.33534	9.34487	9.78621	9.22635	8.39183	10.0267	5.62056	9.92694	11.72886	7.76712	9.87727	10.20277	9.18712	4.29793	5.21877	9.41199	12.24627	0	5.52359	8.49783	11.42185	10.78662	9.68804	0	0	0	0	0	0	0	5.20173	0	0	0	0	0	0	0	0	0	0	0	0	0	0	0	0	0	0	0	0	1.51192	0	0	0	0	
0	0	0	0	0	0	0	0	6.98081	0	6.95233	0	0	0	0	0	9.3133	13.80327	9.40154	7.61061	9.25474	9.6523	0	0	0	13.16912	0	8.81303	9.77851	10.84975	0	10.36782	10.78208	8.86523	8.50412	11.78965	7.81767	6.97032	9.2124	9.11067	9.01884	8.29865	7.83498	8.32968	9.79186	8.45373	7.90031	9.66842	8.38561	7.36756	6.50018	11.62303	9.36402	8.54515	6.32892	7.08728	6.51214	9.17379	0	11.07987	5.86949	7.63322	7.96653	0	7.90622	11.48752	5.27256	0	0	0	0	7.82215	0	0	8.67387	0	0	0	9.85631	0	0	0	0	0	0	6.33324	0	0	0	0	0	0	0	0	0	5.75719	0	0	0	0	
0	11.20171	0	0	2.4117	9.13471	0	0	0	0	0	0	0	0	6.89362	11.22533	0	10.89161	10.0974	0	7.90622	0	6.15725	0	0	0	0	0	10.31628	9.1536	7.31125	0	11.56069	5.96485	9.26924	8.41101	9.64323	10.09693	7.89717	10.28286	8.86167	8.74241	9.35759	8.1344	9.03678	8.62883	8.5879	9.15064	8.12083	7.85424	7.76976	8.13684	8.10792	7.52222	8.69153	7.02298	3.07166	8.8692	8.06256	9.19671	0	10.8675	0	11.39267	11.64983	0.69359	6.12248	6.87097	0	0	0	0	0	0	0	3.52278	0	0	0	0	8.93701	0	0	0	0	0	0	0	0	0	0	0	0	0	0	0	0	0	0	0	
0	10.45351	9.24303	0	9.3811	0	0	0	0	0	9.94752	0	0	0	9.02616	10.82296	0	8.49536	0	0	5.8216	4.71746	8.24398	8.62091	11.1983	9.94391	0	4.54457	8.19464	7.89528	11.7236	11.0533	10.46435	10.90262	10.1242	8.90031	8.63995	9.55709	7.69286	8.12478	8.1546	8.06933	8.37361	7.9661	7.18	6.49463	8.18733	7.825	9.2671	8.75308	7.50878	9.10114	8.47316	8.76908	7.48071	6.46104	8.27556	5.5785	7.02637	7.74952	0	7.00425	10.82883	8.79502	2.76275	8.49042	1.16002	0	0	1.79456	0	8.74979	0	2.57005	9.2836	0	6.16968	0	0	0	0	0	0	5.02279	0	1.42127	0	0	0	0	0	0	0	0	0	0	0	0	0	0	
0	0	0	0	0	0	0	0	6.80879	0	9.761	12.66535	0	0	0	0	0	0	10.30233	0	13.78874	0	0	0	0	12.05317	9.81228	0	1.16002	9.55977	7.51169	9.52755	9.84086	8.94989	10.91664	9.28909	9.45624	10.01564	8.87737	10.28246	8.27701	8.77812	8.24068	7.64737	7.9596	8.4119	8.27078	8.98469	8.1228	9.11608	8.45971	7.94951	7.77113	8.55639	8.49044	8.6122	9.06383	8.51003	9.07156	8.37404	9.59645	7.07656	8.91063	6.07528	0	9.56094	0	7.85735	0	0	0	0	0	0	0	0	0	0	0	0	0	8.98633	0	0	0	0	0	8.21476	7.72868	7.00874	0	0	0	0	0	0	0	0	0	0	
0	0	0	0	0	0	0	0	12.81324	8.93631	3.7296	2.4117	0	12.01171	0	0	0	7.487	9.33553	4.13499	0	0	0	7.86899	7.29053	9.74032	8.64078	9.779	4.98214	9.33358	0	7.17496	6.00457	5.0695	5.50332	8.18788	9.50929	7.50046	10.07172	6.24873	6.68646	8.26124	8.80133	8.93639	6.081	7.43833	7.79756	8.18477	7.98934	8.80004	9.3704	7.58347	7.34289	8.80967	8.55276	8.16138	6.6891	11.47631	9.75379	5.67919	6.29885	10.25355	7.95337	4.33169	5.04048	9.83385	9.61305	0	0	0	0	0	0	5.22573	8.95975	0	0	0	12.80542	0	0	0	0	0	0	0	0	0	5.34007	0	2.96164	0	0	0	0	0	0	0	0	0	
0	0	9.34788	7.57628	0	7.37343	0	1.79456	10.11347	0	0	0	0	0	0	0	0	8.11194	0	0	0	0	0	10.49112	0	9.61986	0	9.98784	6.37676	7.46973	0	9.10392	0	10.33923	7.15546	8.36883	6.62379	7.21404	2.38301	11.30029	9.16047	9.05779	7.35522	7.93519	8.45521	6.69866	6.80172	8.3728	8.03617	8.27032	8.44066	8.58299	8.38867	7.91042	7.92769	6.07467	7.64123	9.31627	7.94779	6.58114	9.83993	9.85282	5.93673	12.59224	5.6619	0	0	7.05976	4.41754	5.8216	5.17918	0	7.55487	0	0.3468	0	6.25213	0	0	0	0	0	4.10337	0	0	0	0	0	0	0	0	0	0	0	0	0	0	0	0	0	
0	0	0	0	0	0	0	0	0	0	10.71213	7.04291	7.68648	0	14.04181	0	0	8.96154	0	11.90546	0	0	0	0	0	0	8.85787	4.90748	9.2593	0	8.24247	7.83453	6.17458	8.36103	5.21197	7.9896	9.7028	7.81374	8.75008	8.50805	8.28661	6.59386	6.25941	7.00582	6.92258	8.05247	6.19317	5.87392	8.49811	5.99216	7.00019	9.41091	9.10264	7.88731	8.38351	7.68792	5.95769	8.94335	9.16212	6.7261	7.25271	7.03847	8.24503	6.70916	6.06715	6.37057	7.59227	4.33009	0	0	8.12297	0	8.10213	4.51353	0	14.59462	0	0	0	0	0	0	0	0	0	0	0	0	6.75822	0	0	0	0	0	0	0	0	0	0	0	
0	0	0	0	0	2.03083	0	0	0	10.11427	0	0	8.24247	0	0	0	0	0	0	0	0	0	0	9.01168	0	0	10.82463	0	0	4.32012	6.59997	0	0	7.90282	7.62422	7.80632	5.5447	0	1.16002	8.86552	6.92534	11.45997	5.52986	6.84267	10.33466	8.20667	7.64817	7.45581	9.61806	5.66019	7.40682	9.03399	8.13496	7.42361	9.29049	7.14697	8.39738	7.2444	4.95718	7.16007	7.74915	6.98715	4.88425	8.84932	7.29567	7.7176	7.96443	9.54673	6.76032	0	0	15.59267	0	5.63707	0	3.7383	8.12297	0	0	0	0	0	0	0	11.18879	0	0	12.31464	0	0	0	9.92112	0	0	0	0	7.41054	0	0	0	
0	0	0	0	0	0	0	0	0	0	0	11.3123	0	0	0	0	0	9.25993	11.32277	0	0	0	0	1.79456	0	0	0	7.38945	0	0	0	0	5.98232	6.76543	8.54009	0	5.14302	6.70921	1.72157	1.36221	7.03139	8.78765	7.52589	2.99959	0	7.51412	6.51098	5.15397	6.30358	7.0836	7.11408	10.91036	9.26064	6.0758	7.72078	6.70339	7.62674	7.98812	8.52233	8.34416	6.82154	5.80276	0	6.55039	10.52786	0	5.22676	6.19421	11.02878	7.16044	0	0	4.53743	5.61906	0	9.83599	0	8.06762	0	0	0	11.8459	0	0	0	0	0	0	0	0	0	0	0	0	0	0	0	0	0	0	
0	0	0	0	6.19764	0	0	0	0	0	9.13471	0	5.04871	0	0	10.61156	0	0	7.19652	0	5.82757	8.98984	0	0	0	8.83465	7.19652	0	0	3.83652	0	9.73318	12.12809	0	0	8.17628	10.16247	11.09094	10.92084	10.59778	3.1007	9.0616	6.97864	7.52617	7.3337	8.24638	13.19309	6.25664	7.95456	7.59974	8.66585	6.62693	8.18904	7.30904	5.93822	7.40239	6.64222	8.40794	5.9033	9.42462	5.9509	7.3341	6.57124	6.90202	8.33831	0	8.98822	8.20674	0	0	8.75436	11.79627	7.1322	9.13598	7.96833	0	4.32118	0	0	0	3.07166	0	0	2.03083	0	2.03083	0	0	0	3.07166	0	0	0	0	0	0	0	0	0	0	
0	0	0	0	0	0	0	0	0	0	0	4.96564	2.74315	0	0	10.16091	0	0	0	3.26933	8.11336	0	0	0	0	0	0	0	0	4.3905	3.44314	5.87979	0	0	0	10.00498	0	0	0	5.44601	5.0765	6.31949	4.71761	5.718	6.89697	5.21551	6.316	7.19416	6.55381	6.59986	0	0	7.90379	9.5461	1.16002	9.20373	7.64613	6.69678	6.70404	6.81728	9.35709	7.66693	9.0415	7.99968	6.22386	7.34567	5.74063	8.19912	4.09165	9.56811	0	6.41789	9.14567	10.58803	7.60147	0	8.36097	0	4.8775	0	0	0	0	0	0	0	0	0	0	0	0	0	0	0	0	0	0	0	0	0	
0	0	0	7.42616	0	0	0	0	0	0	0	0	0	0	0	0	0	0	0	0	0	0	9.65342	0	0	0	8.15891	7.53042	7.2676	5.27256	0	0	2.84254	0	0	10.20975	0	4.96564	1.16002	4.35004	6.8301	0	6.29972	0	5.33061	11.5294	8.8698	7.14711	5.96055	7.34518	6.13479	5.92695	8.43324	8.70275	7.86184	7.67617	8.94063	6.45309	5.828	6.44342	7.88563	5.8674	9.00497	8.11578	7.78156	7.79917	6.58813	8.94537	12.03758	8.19476	5.67695	8.00407	4.337	3.56344	7.24677	0	12.79594	0	5.0229	11.22756	1.79456	5.27256	4.53743	0	0	7.34632	0	0	0	0	0	0	0	0	0	0	0	0.69359	0	10.48741	
0	0	5.82648	0	0	0	0	0	0	0	0	0	0	0	0	0	0	0	0	0	9.09455	0	0	0	0	8.13569	0	8.00209	0	10.27312	0	10.90374	10.40967	0	7.22656	0	0	6.74523	7.94299	0	4.8775	0	0	7.58625	11.58843	9.11075	5.69176	2.83025	8.94718	7.0961	6.54908	10.09893	6.27216	7.80024	6.0989	8.78337	0	7.67824	6.92817	8.41352	2.88336	5.71666	5.6491	2.29624	6.20454	6.08826	5.5052	0	7.8255	4.28385	5.041	8.32348	4.87068	7.82546	0.69359	0	7.14057	0	2.08607	5.50603	0	6.48966	0	0	0	0	0	0	5.5447	0	0	0	0	0	0	0	5.56366	0	0	0	
0	0	0	0	3.44314	0	0	0	0	0	0	0	8.40367	0	0	0	0	0	0	0	9.56565	3.35886	0	0	0	0	0	7.05099	0	0	0	7.56431	9.3105	0	0	0	6.02674	0	5.12725	7.66428	0	0	4.39246	0	9.91006	0	4.72567	8.89949	6.19421	5.42605	3.07166	7.03831	9.58085	6.63668	8.16013	0.89728	0	6.40222	5.38523	4.69349	8.35619	7.66128	7.91095	6.59068	5.41465	8.63251	6.17583	6.61483	7.22079	6.43483	8.64184	0	0	8.61521	0	8.10752	4.1939	5.83189	0	0	0	0	0	0	9.71829	0	0	0	0	0	0	0	0	0	0	0	8.25418	0	0	0	
0	0	0	0	0	0	0	0	2.03083	0	0	0	0	0	0	0	7.43648	6.49994	3.35886	0	0	0	0	0	8.46575	0	0	0	0	0	0	0	0	0	10.17254	9.19521	0	8.5534	0	0	0	0	8.89762	10.99034	0	9.6474	9.27213	6.23024	0	4.24332	0	10.74572	10.2315	7.99432	0	5.04871	0	6.76176	0	4.59433	8.35532	8.62733	6.62468	9.48344	5.78162	7.99883	7.16928	9.0342	8.32532	7.46833	8.17493	2.13232	7.1536	9.26346	8.22528	4.77125	9.1991	8.28306	0	2.03083	7.20258	8.06429	9.94859	0	13.34033	0.69359	5.89826	5.5255	5.24933	0	2.64171	0	0	10.19042	0	0	0	0	0	0	
0	0	0	0	0	0	0	0	0	0	0	0	0	0	0	0	0	0	0	0	7.08612	0	0	0	0	0	0	0	0	4.57528	0	0	0	0	5.72388	0	0	0	0	0	9.05491	0	8.23066	8.12935	5.25188	0	0	1.16002	1.16002	5.89486	11.11884	0	0	1.72157	3.28738	8.90293	0	0	8.12012	8.58325	10.94904	5.83337	2.3781	5.38434	7.53734	6.64199	7.32894	7.33386	8.67426	5.85761	10.24456	7.87025	4.72877	5.99544	3.22135	7.58301	3.4437	0	6.45587	0	0	0	5.02155	0	0	0	7.69986	0	0	0	0	0	0	0	0	0	0	0	0	0	
0	0	0	0	9.44945	0	0	0	0	0	0	11.62611	0	3.52278	0	0	0	0	0	0	0	0	0	0	0	0	0	0	0	0	0	0	0	0	0	0	0	0	0	6.60163	0	0	6.33324	0	5.98002	0	4.72146	3.26933	0	0	5.20173	0	0	0	9.35061	0	0	1.79456	0	9.90635	7.66706	1.91046	7.78756	7.94315	7.31258	0	2.14339	5.37405	9.89709	8.0671	7.6393	8.79628	9.71474	6.15402	0	0	3.06067	7.73287	6.24374	5.20173	2.2338	5.68978	1.16002	0	1.79456	0	3.59826	10.31606	0	5.90716	0	0	0	0	11.37902	0	0	0	0	0	
0	0	0	0	0	0	0	0	0	0	0	0	0	0	0	0	0	7.10183	0	0	0	9.70981	8.70407	0	0	0	9.36148	0	0	0	0	0	0	9.40358	8.12597	0	0	0	0	0	0	0	0	0	0	0	0	0	0	0	0	0	0	0	0	8.28751	10.68135	8.79026	3.7383	3.92576	0	6.53992	7.28902	0	7.82933	7.67986	7.45203	8.39342	4.63788	4.65062	7.10692	5.68604	7.18054	8.6021	9.31087	5.77709	5.27115	0	8.99159	6.35521	0	0	7.62071	0	6.6225	8.37281	1.16002	3.80354	0	9.51377	0	0	0	0	0	0	9.11291	0	0	0	
0	0	0	0	0	0	0	0	7.61989	0	0	1.16002	0	0	0	0	0	0	0	0	0	0	0	0	0	0	0	4.61216	0	4.53743	0	0	0	0	0	0	0	0	0	9.23305	0	0	0	0	0	5.68978	0	8.12297	5.97105	0	0	10.48741	0	0	0	0	0	0	8.45813	0	8.08913	0	8.77375	9.95248	8.43817	4.37201	4.76566	0	0	6.67138	8.97798	6.04034	7.83677	6.30548	6.08584	9.67096	5.59982	0	3.35886	8.91987	6.59962	7.81656	10.1492	8.04166	9.48009	0	0	0	0	0	6.93787	0	10.98697	0	0	0	0	0	0	0	
0	0	0	0	0	0	0	0	0	0	0	0	0	6.37676	0	0	0	0	0	4.96564	0	0	0	0	0	2.51248	0	0	0	0	0	0	0	0	6.69306	0	0	6.85589	0	0	9.568	0	5.95678	10.58223	4.19251	0	0	0	0	0	6.06715	7.2384	0	0	11.90754	0	0	0	0	6.71592	5.1804	0	5.40539	8.0874	7.44161	4.82113	10.44008	6.35516	0.69359	5.20799	6.6242	0	5.55216	6.38109	9.55859	7.40559	6.02885	4.83819	6.64499	4.61712	0	7.20346	10.09241	5.69011	4.12341	0	0	5.97105	3.81694	0	9.48965	0	0	7.45182	0	0	0	0	4.92669	0	
0	0	0	0	0	0	0	3.44314	0	0	0	0	0	0	0	0	0	0	0	0	0	0	18.99785	0	0	0	0	0	6.97374	0	0	0	0	0	9.76026	0	0	4.33169	0	0	0	1.33597	0	0	0	0	6.98645	0	0	0	0	0	9.45454	0	0	0	7.50325	2.96164	0	4.8622	8.89004	0	0	5.73967	0	4.49856	0	8.04327	6.95998	12.08549	9.66348	8.35901	7.56901	6.00237	7.74122	6.06016	6.1193	3.44314	6.70132	6.49958	7.79162	6.43511	8.33587	0	6.19379	0	4.33169	6.78281	0	0	8.07754	9.13781	0	0	0	0	9.62438	0	0	0	
0	0	0	0	0	0	0	0	0.69359	0	0	0	0	0	0	0	0	0	0	0	0	0	0	0	0	0	0	0	0	0	0	0	0	0	0	0	0	6.82579	0	0	0	0	0	0	0	0	0	0	0	4.75092	0	4.87293	0	3.40532	0	0	3.86594	5.7331	0	0	5.24933	0	9.65121	13.04164	7.44673	5.02226	0	0	7.67153	8.59917	0	4.41754	5.60819	9.52292	7.26616	8.2378	0	4.9676	5.28878	8.32002	3.90734	9.80646	7.20861	0.69359	0	0	6.95933	0	0	0	0	0	7.06561	9.60006	10.51384	0	0	0	0	0	
0	0	0	0	0	0	0	9.55148	0	0	0	0	0	0	0	0	0	0	0	0	0	0	0	0	0	0	0	0	0	0	0	0	0	0	0	0	0	4.75515	0	7.19043	0	0	0	0	0	0	0	0	0	0	5.61263	0	0	11.53421	10.199	0	0	7.2264	8.66072	9.0978	0	1.51192	0	7.20542	9.66572	10.30936	0	0	9.19303	4.86088	8.34413	6.76997	6.60842	8.35742	5.31792	7.7967	7.1768	0	7.63965	8.16942	8.94553	10.0119	6.638	8.10149	3.68867	0	0	0.90814	0	0	5.29541	0	0	0	0	1.66462	0	0	0	0	
0	0	0	0	0	0	0	0	0	0	0	0	0	0	0	0	0	0	0	0	0	0	0	0	0	10.02221	0	0	0	0	0	0	0	0	0	0	0	8.7951	0	0	0	0	0	0	8.07093	0	0	0	8.93994	0	0	0	0	0	0	1.51192	0	0	0	0	0	0	8.32696	0	0	6.55738	7.04949	10.20666	8.53911	6.33685	3.70681	0	8.38475	0	8.99509	5.65823	10.74416	5.5799	4.86576	6.57154	4.81663	0	5.78542	0	8.95796	8.0883	0	0	0	0	8.22472	0	0	0	0	0	0	1.16002	0	0	
0	0	0	0	0	0	0	0	0	0	0	0	8.38514	0	0	0	0	0	9.1536	0	0	0	0	0	0	0	0	0	0	0	0	0	0	0	0	0	0	0	0	0	0	0	0	0	0	0	0	8.75237	0	0	5.61906	0	11.62583	0	0	0	0	0	0	4.99998	0	0	0	4.95876	4.49856	6.50975	9.57452	0	10.92038	0	0	8.33638	0	0	0	2.92261	7.85374	8.35701	5.87023	5.30385	0	6.10289	5.94797	4.04002	6.96592	3.50871	6.99458	0	6.67574	0	0	0	0	6.14472	0	0	0	0	0	0	
0	0	0	0	0	0	0	0	0	0	0	0	0	0	0	0	0	0	0	0	0	0	0	0	0	0	0	0	0	0	0	0	11.22012	0	0	0	0	0	0	0	3.44314	0	0	0	0	0	0	0	0	0	0	0	0	0	0	0	7.76979	0	0	0	9.48027	0	0	3.01739	0	7.94288	0	0	8.01075	0	0	0	8.70834	0	0	2.96164	0	0	3.99102	10.01137	7.22351	6.35516	10.58398	0	6.84021	0	0.69359	0	0	0.69359	6.62688	4.95189	5.49553	0	0	0	0	0	0	0	
0	0	0	0	0	0	0	1.63467	0	0	0	0	0	0	0	0	0	0	0	0	0	0	0	0	0	0	0	9.27068	0	0	0	0	0	0	0	0	0	0	0	0	0	0	0	0	0	0	0	0	0	0	0	0	0	0	0	0	0	0.69359	0	0	0	0	0	0	0	0	0	0	0	0	4.17037	6.09441	5.76189	4.14296	0	9.20882	11.78798	0	8.88897	7.00181	0	6.9007	0	7.84943	0.69359	9.07111	0	13.44448	0	3.66998	0	0.69359	0	0	0	9.21782	0	0	0	0	
0	0	0	0	0	0	0	0	0	0	0	0	0	0	0	0	0	0	0	0	9.28503	0	0	0	0	0	0	0	0	0	0	0	0	0	0	0	0	0	0	0	0	0	0	0	0	0	0	0	0	0	0	0	0	0	0	0	0	0	0	11.57769	0	0	0	0	6.56723	7.92833	5.61906	3.89539	0	0	0	0	0	0	0	3.7383	5.70791	4.24041	0	0	2.81854	0	0	0	3.91227	7.60147	8.56737	7.62331	9.28788	0	6.98081	7.27336	10.34404	7.83	0	6.57659	0	0	0	0	
0	0	0	0	0	0	0	0	0	0	0	0	0	0	0	0	0	0	0	0	0	0	0	0	0	0	0	0	0	0	0	0	0	0	0	0	0	0	0	0	0	0	0	0	0	0	0	0	5.24933	0	0	0	0	0	0	0	0	0	0	0	0	0	0	0	0	0	0	0	0	9.34651	10.56117	8.5605	7.48148	0	11.57477	6.52917	0	8.18243	5.65486	0	0	7.78225	7.33533	0	4.3563	0	8.28877	0	0	7.83251	0	3.02723	5.7541	0	1.16002	0	0	0	0	0	
0	0	0	0	0	0	0	0	0	0	0	0	0	0	0	7.45928	0	0	0	0	0	0	0	0	0	0	0	0	0	0	0	0	0	0	6.24206	0	0	0	0	0	0	0	0	0	0	0	0	0	0	0	0	0	0	0	0	0	0	0	0	0	0	0	0	0	0	0	0	2.84254	0	0	0	0	0	9.29782	0	0	0	7.85347	0	0	0	3.44314	0	0	3.22439	0	6.43039	3.86147	6.70164	9.86292	7.74537	0	8.98106	0	0	0	0	0	0	0	
0	0	0	0	0	0	0	0	0	0	0	0	0	0	0	0	0	0	0	0	0	0	0	0	0	0	0	0	0	0	0	0	0	0	0	0	0	0	0	0	0	0	0	0	0	0	0	0	8.19464	0	0	0	0	0	0	0	0	0	0	13.04037	0	0	0	0	0	6.27042	0	0	0	0	0	7.79434	0	0	0	0	0	12.305	0	7.95944	11.36153	0	0	10.29242	0	0	0	0	0	0	0	0	0	0	0	0	0	0	0	0	
0	0	0	0	0	0	0	0	0	0	0	0	0	0	0	0	0	0	0	0	0	0	0	0	0	0	0	0	0	0	0	0	0	0	0	0	0	0	0	0	0	0	0	0	0	0	0	0	0	0	0	0	0	0	0	2.84793	0	0	11.46186	0	0	0	0	0	11.26532	0	0	0	0	0	0	6.99484	0	8.12616	0	0	6.10646	0	0	0	2.96876	3.51054	3.34463	7.69831	0	0	0	7.31311	8.67873	0	6.06715	10.51079	10.2411	0	0	0	0	0	0	0	
0	0	0	0	0	0	0	0	0	0	0	0	0	0	0	0	0	0	0	0	0	0	0	0	0	0	0	0	0	0	0	0	0	0	0	0	0	0	0	0	0	0	0	0	0	0	0	0	0	0	0	0	0	0	0	0	0	0	0	0	0	0	0	0	0	0	0	0	0	0	0	0	0	0	0	0	0	0	0	0	0	0	0	0	0	0	2.57005	0	0	0	0	9.35198	0	0	0	0	0	0	0	0	
0	0	0	0	0	0	0	0	0	0	0	0	0	0	0	0	0	0	0	0	0	0	0	0	0	0	0	0	0	0	0	0	0	0	0	0	0	0	0	0	0	0	0	0	0	0	0	0	0	0	0	0	0	0	0	0	0	0	0	0	0	0	0	0	0	0	0	0	0	0	8.07338	0	0	0	0	0	9.42634	0	0	6.83242	0	0	0	8.82093	0	0	0	4.37525	0	0	5.40268	10.62966	0	0	0	0	0	0	0	0	
0	0	0	0	0	0	0	0	0	0	0	0	0	0	0	0	0	0	0	0	0	0	0	0	0	0	0	0	0	0	0	0	0	0	0	0	0	0	0	0	0	0	0	0	0	0	0	0	0	0	0	0	0	0	0	0	0	0	0	2.03083	0	0	0	0	0	0	0	0	0	0	4.41754	0	0	0	0	0	0	0	0	0	0	0	0	0	0	0	7.37343	0	0	0	0	0	0	0	0	0	0	0	0	0	
0	0	0	0	0	0	0	0	0	0	0	0	0	0	0	0	0	0	0	0	0	0	0	0	0	0	0	0	0	0	0	0	0	0	0	0	0	0	0	0	0	0	0	0	0	0	0	0	0	0	0	0	0	0	0	0	0	0	0	0	0	0	0	0	0	0	0	0	0	9.41725	8.89201	0	0	0	0	0	0	0	8.59775	0	0	0	0	0	0	0	0	0	7.72447	5.94237	0	0	0	0	0	0	0	0	0	0	
0	0	0	0	0	0	0	0	0	0	0	0	0	0	0	0	0	0	0	0	0	0	0	0	0	0	0	0	0	0	0	0	0	0	0	0	0	0	0	0	0	0	0	0	0	0	0	0	0	0	0	0	0	0	0	0	0	0	0	0	0	0	0	0	0	0	0	0	0	0	0	0	0	0	0	0	0	0	0	0	0	0	0	0	0	0	6.05381	0	0	0	0	0	0	0	0	0	0	0	0	0	
0	0	0	0	0	0	0	0	0	0	0	0	0	0	0	0	0	0	0	0	0	0	0	0	0	0	0	0	0	0	0	0	0	0	0	0	0	0	0	0	0	0	0	0	0	0	0	0	0	0	0	0	0	0	0	0	0	0	8.24834	0	0	0	0	0	0	0	0	0	0	0	0	0	0	0	0	7.14081	0	0	0	0	0	0	0	0	0	0	0	0	0	0	0	0	0	0	0	0	0	0	0	0	
0	0	0	0	0	0	0	0	0	0	0	0	0	0	0	0	0	0	0	0	0	0	0	0	0	0	0	0	0	0	0	0	9.59589	0	0	0	0	0	0	0	0	0	0	0	0	0	0	0	0	0	5.29541	0	0	0	0	0	0	0	0	0	0	0	8.09067	0	0	0	0	0	0	0	0	0	0	0	0	2.4117	0	0	0	0	0	0	0	0	0	0	0	0	0	0	0	0	0	0	0	0	0	0	0	0	
0	0	0	0	0	0	0	0	0	0	0	0	0	0	0	0	0	0	0	0	0	0	0	0	0	0	0	0	0	0	0	0	0	0	0	0	0	0	0	0	0	0	0	0	0	0	0	0	0	0	0	0	0	0	0	0	0	0	0	0	0	0	0	0	0	0	0	0	0	0	0	0	0	0	0	0	0	0	0	0	0	0	0	0	0	0	0	0	0	0	0	0	0	0	0	0	0	0	0	0	
0	0	0	0	0	0	0	0	0	0	0	0	0	0	0	0	0	0	0	0	0	0	0	0	0	0	0	0	0	0	0	0	0	0	0	0	0	0	0	0	0	0	0	0	0	0	0	0	0	0	0	0	0	0	0	0	0	0	0	0	0	0	0	0	0	0	0	0	0	0	0	0	0	0	0	0	0	0	0	0	0	0	0	0	0	0	0	0	0	0	0	0	0	0	0	0	0	0	0	0	
0	0	0	0	0	0	0	0	0	0	0	0	0	0	0	0	0	0	0	0	0	0	0	0	0	0	0	0	0	0	0	0	0	0	0	0	0	0	0	0	0	0	0	0	0	0	0	0	0	0	0	0	0	0	0	0	0	0	0	0	0	0	0	0	0	0	0	0	0	0	0	0	0	0	0	0	0	0	0	0	0	0	0	0	0	0	0	0	0	0	0	0	0	0	0	0	0	0	0	0	
0	0	0	0	0	0	0	0	0	0	0	0	0	0	0	0	0	0	0	0	0	0	0	0	0	0	0	0	0	0	0	0	0	0	0	0	0	0	0	0	0	0	0	0	0	0	0	0	0	0	0	0	0	0	0	0	0	0	0	0	0	0	0	0	0	0	0	0	0	0	0	0	0	0	0	0	0	0	0	0	0	0	0	0	0	0	0	0	0	0	0	0	0	0	0	0	0	0	0	0	
0	0	0	0	0	0	0	0	0	0	0	0	0	0	0	0	0	0	0	0	0	0	0	0	0	0	0	0	0	0	0	0	0	0	0	0	0	0	0	0	0	0	0	0	0	0	0	0	0	0	0	0	0	0	0	0	0	0	0	0	0	0	0	0	0	0	0	0	0	0	0	0	0	0	0	0	0	0	0	0	0	4.24041	0	0	0	0	0	0	0	0	0	0	0	0	0	0	0	0	0	0	
0	0	0	0	0	0	0	0	0	0	0	0	0	0	0	0	0	0	0	0	0	0	0	0	0	0	0	0	0	0	0	0	0	0	0	0	0	0	0	0	0	0	0	0	0	0	0	11.39068	0	0	0	0	0	0	0	0	0	0	0	0	0	0	0	0	0	0	0	0	0	0	0	0	0	0	7.82403	0	0	0	0	0	0	0	0	0	0	0	0	0	0	0	0	0	0	0	0	0	0	0	0	0	
