0	0	0	0	0	0	0	0	0	0	0	0	0	0	0	0	0	0	0	0	0	0	0	0	0	0	0	0	0	0	0	0	0	0	0	0	0	0	0	0	0	0	0	0	0	0	0	0	0	0	0	11.9732	0	0	0	0	0	0	0	0	0	0	0	0	0	0	0	0	0	0	0	0	0	0	0	0	0	0	0	0	0	0	0	0	0	0	0	0	0	0	0	0	0	0	0	0	0	0	0	0	
0	0	0	0	0	0	0	0	0	0	0	0	0	0	0	0	0	0	0	0	0	0	0	0	0	0	0	0	0	0	0	0	0	0	0	0	0	0	0	0	0	0	0	0	0	0	0	13.25743	0	0	0	0	0	0	0	0	0	0	0	0	0	0	0	9.232	0	0	0	0	0	0	0	0	0	0	0	0	0	0	0	0	0	0	0	0	0	0	0	0	0	0	0	0	0	0	0	0	0	0	0	0	
0	0	0	0	0	0	0	0	0	0	0	0	0	0	0	0	0	0	0	0	0	0	0	0	0	0	0	0	0	0	0	0	0	0	0	0	0	0	0	0	0	0	0	0	0	0	0	0	0	0	0	0	0	0	8.80035	0	0	0	0	0	0	0	0	0	0	0	0	0	0	0	0	0	0	0	0	0	0	0	0	0	0	0	0	0	0	0	0	0	0	0	0	0	0	0	0	0	0	0	0	0	
0	0	0	0	0	0	0	0	0	0	0	0	0	0	0	0	0	0	0	0	0	0	0	0	0	0	0	0	0	0	0	0	0	0	0	0	0	0	0	0	0	0	0	0	0	0	15.57248	10.99868	0	0	0	0	0	0	0	0	0	0	0	0	0	0	0	0	0	0	0	0	0	0	0	0	0	0	0	0	0	0	0	0	0	0	0	0	0	0	0	0	0	0	0	0	0	0	0	0	0	0	0	0	
0	0	0	0	0	0	0	0	0	0	0	0	0	0	0	0	0	0	0	0	0	0	0	0	0	0	0	0	0	0	0	0	0	0	0	0	0	7.11665	0	0	0	0	0	11.34294	0	0	0	0	0	0	0	0	0	0	0	0	0	0	0	0	0	0	0	0	0	0	0	0	0	0	0	0	0	0	0	0	0	0	0	0	0	0	0	0	0	0	0	0	0	0	0	0	0	0	0	0	0	0	0	0	
0	0	0	0	0	0	0	0	0	0	0	0	0	0	0	0	0	0	0	0	0	0	0	0	0	0	0	0	0	0	0	0	0	0	0	0	0	0	0	0	0	0	0	0	0	0	0	0	0	0	0	0	0	0	0	0	0	0	0	0	0	0	0	0	0	0	0	0	0	0	0	0	8.31953	0	0	0	0	0	0	0	0	0	0	0	0	0	0	0	0	0	0	0	0	0	0	0	0	0	0	0	
0	0	0	0	0	0	0	0	0	0	0	0	0	0	0	0	0	0	0	0	0	0	0	0	0	0	0	0	0	0	0	0	0	0	0	0	0	0	0	0	0	0	0	0	0	0	0	0	0	0	0	0	0	0	0	0	0	0	0	0	0	0	0	0	0	0	0	0	0	0	0	0	0	0	11.86926	0	0	0	0	0	0	0	0	0	0	0	0	0	0	0	0	0	0	0	0	0	0	0	0	0	
0	0	0	0	0	0	0	0	0	0	0	0	0	0	0	0	0	0	0	0	0	0	0	0	0	0	0	0	0	0	0	0	0	0	0	0	0	0	0	0	0	0	0	0	0	0	0	0	0	0	0	8.50682	0	0	0	10.88819	0	0	9.21681	0	0	0	0	0	0	0	0	0	0	0	0	0	0	0	0	0	0	0	0	0	0	0	0	0	0	0	0	0	0	0	0	0	0	0	0	0	0	0	0	0	
0	0	0	0	0	0	0	0	0	0	0	0	0	0	0	0	0	0	0	0	0	0	0	0	0	0	0	0	8.2908	0	0	0	0	0	0	0	0	0	0	0	0	0	0	0	0	0	0	0	0	0	0	0	0	0	0	0	0	0	0	0	0	0	0	0	0	0	0	6.08697	0	0	0	0	0	0	0	0	0	0	0	0	0	0	0	0	0	0	0	0	0	0	0	0	0	0	0	0	0	0	0	0	
0	0	0	0	0	0	0	0	0	0	0	0	0	0	0	0	0	0	0	0	0	0	0	0	0	0	0	0	0	0	0	0	0	0	0	0	0	0	0	0	0	0	0	0	0	0	0	0	0	0	0	0	0	0	0	8.60562	0	0	0	0	0	0	0	0	0	0	0	0	0	0	0	0	0	0	0	0	0	0	0	0	0	0	0	0	0	0	0	0	0	0	0	0	0	0	0	0	0	0	0	0	
0	0	0	0	0	0	0	0	0	0	0	0	0	0	0	0	0	0	0	0	0	0	0	0	0	0	0	0	0	0	0	0	0	0	0	0	0	0	0	0	0	0	0	0	0	0	0	0	0	0	0	0	0	0	0	0	0	0	0	0	0	0	0	0	0	0	0	12.32893	0	0	0	0	0	0	0	0	0	0	0	0	0	0	0	0	0	0	0	0	0	0	0	0	0	0	0	0	0	0	0	0	
0	0	0	0	0	0	0	0	0	0	0	0	0	0	0	0	0	0	0	0	0	0	0	0	0	0	0	0	0	0	0	0	0	0	0	0	0	0	0	0	0	0	0	0	0	0	0	0	0	0	0	0	4.91315	0	0	0	1.24467	0	0	0	0	0	0	0	0	0	0	0	0	0	0	6.72936	0	0	0	0	0	0	0	0	0	0	0	0	0	0	0	0	0	0	0	0	0	0	0	0	0	0	0	0	
0	0	0	0	0	0	0	0	0	0	0	0	0	0	0	0	0	0	0	0	0	0	0	0	0	0	0	0	0	0	0	0	0	0	0	0	0	0	0	0	0	0	0	0	0	0	0	0	11.16145	0	0	0	12.60351	0	0	0	0	0	0	0	0	0	0	0	0	0	0	3.76522	0	0	0	0	0	0	0	0	0	0	0	0	0	0	0	0	0	0	0	0	0	0	0	0	0	0	0	0	0	0	0	0	
0	0	0	0	0	0	0	0	0	0	0	0	0	0	0	0	0	0	0	0	0	0	0	0	0	0	0	0	0	0	12.66331	0	0	0	0	0	0	0	0	3.53962	0	0	0	0	0	0	0	9.21107	0	0	0	0	0	0	0	0	0	7.12888	4.25612	0	11.33983	0	0	7.73059	0	0	0	0	0	0	0	0	0	0	0	0	0	0	0	0	0	0	0	0	0	0	0	0	0	0	0	0	0	0	0	0	0	0	0	0	
0	0	0	0	0	0	0	0	0	0	0	0	0	0	0	0	0	0	0	0	0	0	0	0	0	0	0	0	0	0	0	0	0	0	0	0	0	0	0	0	0	0	0	0	0	0	0	0	0	0	0	0	0	0	5.41785	0	0	0	0	0	0	0	0	0	0	0	0	0	0	0	0	0	0	0	0	0	0	0	0	0	0	0	0	0	0	0	0	0	0	0	0	0	0	0	0	0	0	0	0	0	
0	0	0	0	0	0	0	0	0	0	0	0	0	0	0	0	0	0	0	0	0	0	0	0	0	0	0	0	0	0	0	0	0	0	0	0	0	0	0	0	0	0	13.81903	0	0	0	0	0	0	0	0	0	9.11089	0	0	0	0	0	0	9.89612	0	0	0	0	0	0	0	0	0	0	0	7.52395	0	0	0	0	0	0	0	0	0	0	0	0	0	0	0	0	0	0	0	0	0	0	0	0	0	0	0	0	
0	0	0	0	0	0	0	0	0	0	0	0	0	0	0	0	0	0	0	0	0	0	0	0	0	0	0	0	0	0	0	0	0	0	0	0	0	0	0	0	0	0	0	7.68851	0	0	0	10.80191	0	0	0	10.5483	0	0	0	0	0	0	5.0589	0	0	0	0	0	0	0	0	0	0	0	0	0	0	0	0	0	0	0	0	0	0	0	0	0	0	0	0	0	0	0	0	0	0	0	0	0	0	0	0	0	
0	0	0	0	0	0	0	0	0	0	0	0	0	0	0	0	0	0	0	0	0	0	0	0	0	0	0	0	0	0	0	0	0	0	0	0	0	0	0	0	0	0	9.98342	0	0	0	0	0	0	0	0	0	0	0	0	7.34689	0	0	0	0	0	0	0	0	0	0	0	0	3.32971	0	0	0	0	0	0	0	0	0	0	0	0	0	0	0	0	0	0	0	0	0	0	0	0	0	0	0	0	0	0	0	
0	0	0	0	0	0	0	0	0	0	0	0	0	0	0	0	0	0	0	0	0	0	0	0	0	0	0	0	0	0	0	0	0	0	0	0	0	0	0	0	12.34561	0	0	0	0	0	0	0	0	0	0	0	0	0	0	0	0	0	0	0	0	0	0	0	0	0	0	0	0	0	0	0	0	0	0	0	0	0	0	0	0	0	0	0	0	0	0	0	0	0	0	0	0	0	0	0	0	0	0	0	
0	0	0	0	0	0	0	0	0	0	0	0	0	0	0	0	0	0	0	0	0	0	0	0	0	0	0	0	0	0	0	0	0	0	0	0	0	0	0	0	0	0	0	0	0	0	0	8.87362	0	0	9.41352	0	0	0	0	0	0	0	0	0	0	0	0	0	0	0	0	0	0	0	0	0	0	0	0	0	8.56421	0	0	0	0	0	0	0	0	0	0	0	0	0	0	0	0	0	0	0	0	0	0	0	
0	0	0	0	0	0	0	0	0	0	0	0	0	0	0	0	0	0	0	0	0	0	0	0	0	0	0	0	0	0	0	0	0	0	0	0	0	0	0	0	0	0	0	0	0	0	0	7.92773	0	0	9.82339	10.83757	0	0	0	0	8.16141	0	11.67539	0	10.33164	0	0	0	0	9.99905	0	0	0	0	0	0	0	0	0	0	0	0	0	0	0	0	0	0	0	0	0	0	0	0	0	0	0	0	0	0	0	0	0	0	
0	0	0	0	0	0	0	0	0	0	0	0	0	0	0	0	0	0	0	0	0	0	0	0	0	0	0	0	0	0	0	0	0	0	0	0	0	0	0	0	0	9.06603	0	0	0	0	0	0	0	0	0	0	0	0	0	0	0	0	0	0	0	0	0	0	0	0	0	0	1.12499	0	0	0	0	0	0	0	0	0	0	0	0	0	0	0	0	0	0	0	0	0	0	0	0	0	0	0	0	0	0	0	
0	0	0	0	0	0	0	0	0	0	0	0	0	0	0	0	0	0	0	0	0	0	0	0	0	0	0	0	0	0	0	6.40011	2.8676	0	0	0	0	0	0	0	0	0	0	0	0	0	0	11.39596	0	0	0	0	0	0	0	0	0	0	0	0	0	0	0	0.83778	0	0	0	0	0	0	0	0	0	0	0	0	0	0	0	0	0	0	0	0	0	0	0	0	0	0	0	0	0	0	0	0	0	0	0	0	
0	0	0	0	0	0	0	0	0	0	0	0	0	0	0	0	0	0	0	0	0	0	0	0	0	0	0	0	0	0	0	8.60416	0	0	4.34263	0	0	0	0	0	0	0	0	0	0	0	0	0	0	0	0	0	0	0	0	0	0	0	0	0	0	0	0	0	0	0	0	0	0	0	0	0	0	0	0	0	0	0	0	0	0	0	0	0	0	0	0	0	0	0	0	0	0	0	0	0	0	0	0	0	
0	0	0	0	0	0	0	0	0	0	0	0	0	0	0	0	0	0	0	0	0	0	0	0	0	0	0	0	0	0	0	0	0	0	0	0	0	0	0	0	0	0	0	10.78446	0	0	0	0	0	15.03507	0	0	0	0	9.61323	0	0	0	0	0	0	0	0	0	0	0	0	0	0	0	0	0	0	0	0	0	0	0	0	6.06589	0	0	0	0	0	0	0	0	0	0	0	0	0	0	0	0	0	0	0	0	
0	0	0	0	0	0	0	0	0	0	0	0	0	0	0	0	0	0	0	0	0	0	0	0	0	0	0	0	0	0	0	0	7.71986	0	0	0	0	0	0	0	0	0	0	0	0	0	0	4.5508	0	0	7.38225	5.3542	0	0	0	0	0	0	6.85242	0	0	0	0	0	0	0	0	0	0	0	1.74928	0	0	0	0	0	0	0	0	0	0	0	0	0	0	5.65436	0	0	0	0	0	0	0	0	0	0	0	0	0	0	
0	0	0	0	0	0	0	0	0	0	0	0	0	0	0	0	0	0	0	0	0	0	0	0	0	0	0	0	0	0	0	0	0	0	0	0	0	0	0	10.86462	0	0	0	0	16.7694	0	11.2781	0	0	0	0	0	0	0	0	0	0	0	0	0	0	0	0	0	0	0	0	0	0	4.13204	0	0	0	0	0	0	0	0	0	0	0	0	0	0	0	0	0	0	0	0	0	0	0	0	0	0	0	0	0	0	
0	0	0	0	0	0	0	0	0	0	0	0	0	0	0	0	0	0	0	0	0	0	0	0	0	0	0	0	0	0	0	0	0	0	0	9.01645	0	0	0	0	0	0	0	0	0	0	0	8.69192	0	0	0	0	0	8.17494	0	0	0	0	0	0	8.3213	0	0	0	0	0	0	0	0	0	0	0	0	0	0	0	0	0	0	0	0	0	0	0	0	0	0	0	0	0	0	0	0	0	3.43848	0	0	0	0	0	
0	0	0	0	0	0	0	0	0	0	0	0	0	0	0	0	0	0	0	0	0	0	0	0	0	0	0	0	0	0	0	0	0	0	0	0	0	0	0	0	0	15.70548	0	0	0	0	0	0	0	0	0	0	0.47892	0	0	0	0	0	0	0	0	0	0	0	0	0	0	2.61294	0	0	0	4.06576	0	0	0	0	0	0	0	0	0	0	0	0	0	0	0	0	0	0	0	0	0	0	0	0	0	0	0	0	
0	0	0	0	0	0	0	0	0	0	0	0	0	0	0	0	0	0	0	0	0	0	0	0	0	0	0	0	0	0	0	0	0	0	0	0	0	0	0	0	7.42828	0	0	0	9.43353	0	0	5.20406	0	0	4.19542	12.06341	0	0	0	10.58742	0	0	11.81638	0	12.88927	0	0	0	0	0	0	0	2.18361	0	0	0	0	0	0	0	0	0	0	0	0	0	0	0	0	0	0	0	0	0	0	0	0	0	0	5.27765	0	0	0	0	
0	0	0	0	0	0	0	0	0	0	0	0	0	0	0	0	0	0	0	0	0	0	0	0	0	0	0	0	0	0	0	0	0	0	0	0	0	0	0	0	0	0	0	0	13.18843	0	0	0	0	1.74928	0	0	5.85997	0	0	0	0	7.38816	0	0	0	7.88512	0	0	0	0	0	0	0	0	0	0	0	0	0	0	0	0	0	0	0	0	0	0	0	0	0	0	0	0	0	0	0	0	0	0	0	0	0	0	
0	0	0	0	0	0	0	0	0	0	0	0	0	0	0	0	0	0	0	0	0	0	0	0	0	0	0	0	0	0	0	0	0	0	0	0	0	0	0	0	0	0	0	12.18169	0	0	12.4315	0	0	0	10.19782	0	0	0	0	0	0	0	0	6.04337	0	0	0	0	6.4594	0	0	0.47892	0	0	0	0	8.24847	0	0	0	4.16408	0	0	0	0	0	0	0	0	0	0	0	0	0	0	0	0	0	0	0	0	0	0	0	
0	0	0	0	0	0	0	0	0	0	0	0	0	0	0	0	0	0	0	0	0	0	0	0	0	0	0	0	0	0	0	0	0	0	0	0	0	0	0	0	0	0	0	0	3.77562	2.18361	0	11.73941	0	0	0	13.37593	1.90904	0	0	7.26064	0	0	0	0	0	0	0	0	0	0	0.47892	13.37116	0	0	0	0	0	11.71748	0	0	0	0	0	0	0	0	0	0	0	0	0	0	0	0	0	0	0	0	0	0	0	0	0	0	
0	0	0	0	0	0	0	0	0	0	0	0	0	0	0	0	0	0	0	0	0	0	0	0	0	0	0	0	0	0	0	0	0	0	0	0	0	13.55084	0	0	0	0	0	0	0	0	0	0	0.83778	0	0	6.89356	0	0	12.3648	0	6.43335	0	0	9.75602	0	1.74928	0	0	0	0	0	0	0	0	0	0	0	0	7.56735	5.9818	0	0	0	0	0	0	0	0	0	0	0	0	0	0	0	0	0	0	0	0	0	0	0	0	
0	0	0	0	0	0	0	0	0	0	0	0	0	0	0	0	0	0	0	0	0	0	0	0	0	0	0	0	0	0	0	0	0	0	0	0	0	0	0	0	0	0	13.14677	0	0	13.03848	0	12.57318	0	0	7.61077	0	11.59524	0	9.63053	0	0	0	0	0	0	0	0	9.43681	0	0	0	5.63846	0	0	7.79082	0	0	0	0	0	0	0	2.8676	0	0	0	0	0	0	0	0	0	0	0	0	0	0	0	0	0	0	0	0	0	
0	0	0	0	0	0	0	0	0	0	0	0	0	0	0	0	0	0	0	0	0	0	0	0	0	0	0	0	0	0	0	0	0	0	0	0	0	0	0	0	0	0	0	0	0	0	0	10.55495	10.2982	0	0	10.59882	0	0	0	0	0	0	0	0	0	0	0	0	2.18361	0	0	0	0	0	0	0	0	0	0	0	0	0	0	0	0	0	0	0	0	0	0	0	0	0	6.82764	0	0	0	0	0	0	0	0	0	
0	0	0	0	0	0	0	0	0	0	0	0	0	0	0	0	0	0	0	0	0	0	0	0	0	0	0	0	0	0	0	0	0	0	0	0	0	0	0	0	0	0	0	0	0	0	0	11.47808	0	0	0	0	9.96422	5.56838	0	0	0	0	12.10303	5.23304	0	0	0	0	0	0	0	0	0	0	0	0	0	0	0	0	0	0	0	0	0	0	0	0	0	0	0	0	0	0	0	0	0	0	0	0	0	0	8.87845	0	
0	0	0	0	0	0	0	0	0	0	0	0	0	0	0	0	0	0	0	0	0	0	0	0	0	0	0	0	0	0	0	0	0	0	0	0	0	0	0	0	0	0	7.88512	0	0	0	0	0	0	8.91901	0	6.54703	0	10.78027	0	0	0	0	0	0	0	0	0	0	13.43373	0	0	0	0	0	0	0	0	0	0	0	14.18012	0	0	0	0	0	0	0	0	0	0	0	0	0	0	0	0	0	0	0	0	0	0	0	
0	0	0	0	0	0	0	0	0	0	0	0	12.03134	0	0	0	0	0	0	0	0	0	0	0	0	0	0	0	0	0	10.43986	0	0	0	0	0	0	0	0	0	0	0	10.13022	0	0	0	0	8.12168	0	0	11.77728	0	0	7.07096	4.79538	0	10.48628	0	0	0	0	0	0	10.0079	6.28101	11.27924	0	0	0	0	0	0	0	0	0	0	0	0	0	0	0	0	0	0	0	0	0	0	0	0	0	0	0	0	0	0	0	0	0	0	
0	0	0	0	0	0	0	0	0	0	0	0	0	0	0	0	0	0	0	0	0	0	0	0	0	0	0	0	0	0	0	0	0	0	0	0	0	0	0	0	0	0	0	0	0	10.73892	9.84022	0	1.74928	12.04968	0	7.58979	10.78716	0	8.75243	9.64759	0	0	0	0	11.05336	0	0	0	0	0	0	0	0	7.9969	0	0	0	0	0	0	3.08131	0	0	0	0	0	0	0	0	0	0	0	0	0	0	0	0	0	0	0	0	0	0	0	
0	0	0	0	0	0	0	0	0	0	0	0	0	0	0	10.54813	0	0	0	0	0	0	0	0	0	0	0	0	0	0	0	0	0	0	0	7.74655	12.94434	0	0	0	0	0	0	1.56964	0	9.79618	7.95476	7.99383	6.49131	10.14362	0	0	5.21786	0	9.62837	0	0	0	0	6.33828	0	7.89947	0	11.20468	0	10.51708	0	0	11.56463	0	8.77594	0	0	0	0	11.64765	0	1.56964	0	5.46802	0	0	0	0	0	0	0	0	0	0	8.90239	0	0	0	0	0	0	0	0	0	
0	0	0	0	0	0	0	0	0	0	0	0	0	0	0	0	0	0	0	0	0	0	0	0	0	0	11.61782	0	0	0	0	6.13511	0	0	7.96002	0	0	0	0	0	10.55064	0	0	0	0	0	0	0	9.14886	11.87577	4.50151	10.70027	9.1524	0	8.91656	0	13.83773	0	7.17837	0	1.12499	8.96054	0	0	0	9.35938	0	0	0	0	0	0	0	9.05433	0	0	0	0	0	0	0	0	0	0	0	0	0	0	0	0	0	0	0	0	0	0	2.18361	0	0	0	
0	0	0	0	0	0	0	0	0	0	0	0	0	0	0	0	0	0	0	8.83931	0	0	0	0	0	0	0	0	0	0	0	0	0	0	0	0	0	0	0	0	0	0	0	14.0435	0	0	13.98395	12.923	11.30954	0	9.25728	7.72234	10.80238	0	0	0	13.74816	0	0	8.45848	6.59256	0	0	12.30802	0	5.43033	0	4.22608	0	0	0	0	0	0	0	0	0	0	0	0	0	0	0	0	0	0	0	0	0	0	8.14133	0	0	0	0	0	0	0	0	0	
0	0	0	0	0	0	0	0	0	0	0	0	9.29574	0	0	0	0	0	0	8.5687	0	0	0	0	0	0	0	0	0	0	0	0	0	8.25276	0	0	0	0	0	0	0	11.82031	12.88056	0	9.36397	0	0	4.66341	11.54841	0	4.5508	9.19624	7.82394	6.98633	10.10507	8.86998	5.78446	9.65921	8.2363	0	0	0	0	0	3.01539	0	0	0	0	0	0	0	0	0	0	0	0	0	9.54492	0.83778	0	0	0	0	0	0	0	0	0	0	0	0	0	0	0	0	0	0	0	0	
0	0	0	0	0	0	0	0	0	0	0	0	0	0	0	0	0	0	0	0	0	0	0	15.99672	0	0	0	0	0	0	0	0	0	0	0	0	0	0	13.23665	0	0	0	8.04592	8.91185	2.41419	0	9.45465	7.23456	0	9.3375	9.7093	9.23262	0	0	0	0	0	4.6858	15.91439	8.53848	11.02038	0	0	0	7.66774	0	0	0	0	0	0	0	0	0	0	0	0	0	0	0	0	0	0	0	0	0	0	0	0	0	0	0	0	0	0	0	0	0	0	0	
0	0	9.58688	0	0	0	0	0	0	0	0	0	0	0	0	0	0	0	0	0	0	0	0	0	0	0	0	0	0	0	0	0	0	0	0	0	0	0	0	0	10.96264	0	0	0	0	9.03497	0	9.77164	8.86512	11.31703	0	7.39829	8.85043	8.53926	0	12.04337	0	0	5.60385	0.47892	10.45174	0	9.51107	10.57742	0	0	0	0	0	0	0	7.70461	0	0	0	0	0.83778	0	0	0	0	0	0	0	0	0	0	0	0	0	0	0	0	0	0	0	0	0	0	0	
0	0	0	0	0	0	0	0	0	0	0	10.63248	0	0	0	0	0	0	0	0	0	0	0	0	0	0	0	0	0	0	0	0	5.62701	0	0	0	0	9.50413	13.05655	12.16051	6.8376	8.08661	0	0	11.77799	8.66575	10.82174	11.01165	10.63349	0	10.96776	0	2.06602	5.98557	0	12.09874	6.09467	9.92443	0	0	0	0	0	0	0	0	0	7.52395	0	0	0	0	3.48994	0	0	2.7876	0	0	10.17883	0	0	0	0	0	0	0	0	0	0	0	0	0	0	0	0	7.57665	0	0	0	0	
0	0	0	0	0	0	0	0	0	0	0	0	0	0	0	0	0	0	0	0	0	0	0	0	0	0	0	0	0	0	0	0	0	0	8.31775	8.85766	0	0	0	4.57483	0	11.98614	0	10.90919	15.06508	10.01884	7.13906	8.67167	4.53278	10.18567	11.57981	10.19975	2.1584	10.04593	0	0	8.30045	0	0	9.05197	8.37532	0	5.03941	0	0	0	0	0	0	0	0	0	0	0	0	0	0	0	3.14944	0	0	0	0	0	0	0	0	9.26837	0	0	0	0	0	0	0	0	0	0	0	0	
0	0	0	0	0	0	0	0	12.00409	0	12.09244	0	0	0	0	0	0	0	0	0	0	0	0	0	0	0	9.06921	0	0	0	0	0	0	0	1.36435	1.74928	0	13.2246	10.47739	0	9.23247	8.85534	0	7.16098	0	12.12074	6.73116	7.5057	9.27809	8.05877	0	8.49319	0	0	0	0	7.70935	6.6239	0	0	0	0	3.84642	0	0	0	12.41266	0	0	0	0	0	0	0	0	0	0	0	0	0	0	0	0	0	0	0	0	0	0	0	0	0	0	0.47892	0	0	0	0	0	0	
0	0	0	0	0	0	0	0	0	0	0	11.87969	0	0	12.27849	0	0	0	0	0	0	0	0	0	0	0	0	0	0	0	0	10.65132	0	0	7.28633	0	12.4827	0	0	9.86878	12.93364	0	8.74517	9.38412	10.20729	7.28818	11.15583	8.44291	4.43984	9.33729	6.74737	10.39085	10.71488	10.23286	0	9.71404	9.39189	0	0	8.54	13.77271	4.51359	0	9.02846	0	0	0	0	0	0	0	0	0	0	0	6.90582	0	0	0	0	0	0	0	7.32226	0	0	0	0	0	0	0	0	0	0	0	0	0	0	0	0	
0	0	0	0	0	0	0	0	0	0	0	0	14.35082	0	0	0	0	0	0	0	0	0	0	0	0	0	0	0	0	9.47801	0	0	8.24286	0	5.23304	0	12.4021	0	13.84817	10.14663	10.47822	12.00326	8.98489	6.77181	8.72126	5.35002	10.35381	10.13971	5.00445	8.50933	9.58384	12.82129	9.55553	8.51163	6.40288	8.50795	9.54045	0	0	8.76162	5.44343	0	0	0	0	0	0	0	0	0	0	0	0	9.09535	0	0	0	0	0	0	9.70726	0	0	0	0	0	0	0	0	0	0	0	0	0	0	0	0	0	0	0	
0	0	0	0	0	0	0	12.51207	0	0	0	10.45815	0	0	0	0	0	0	0	0	0	0	0	0	0	0	0	8.47125	0	0	4.19542	0	12.51944	0	0	0	3.32971	11.18384	8.13831	11.8739	10.06994	5.56281	0	11.02543	11.0003	9.04856	9.90215	9.06658	10.72363	9.45813	6.54194	9.44362	11.39952	10.14963	8.58388	6.83028	12.61849	5.0563	4.88941	8.3124	5.46144	12.29599	11.71917	0	9.12214	0	0	0	0	0	0	0	0	12.27655	0	0	0	0	0	0	0	0	0	0	0	0	0	0	0	0	0	0	0	0	0	0	0	0	0	0	
9.37315	0	0	0	0	0	0	0	7.5628	0	0	0	9.19469	0	0	0	0	0	0	0	0	0	0	0	12.66217	0	0	8.27805	0	0	0	0	10.64459	0	12.06706	7.86821	0	6.30993	10.34501	6.6974	8.86755	9.84897	5.45895	10.04037	11.91956	9.9756	7.76566	10.55638	5.92941	5.08475	9.37257	6.47988	6.3887	4.56987	11.47996	8.9132	10.9785	6.55772	0	10.08424	0	1.56964	0	7.05052	0	8.82185	0	0	0	0	0.83778	0	0	0	0	0	0	0	0	0	0	0	3.97351	0	0	10.61473	0	0	0	0	0	0	0	0	0	0	0	0	0	0	
0	0	0	10.5054	0	0	0	0	0	0	0	0	0	0	0	0	0	0	7.9804	0	0	10.33076	0	8.66699	11.1013	8.70967	0	0	11.25062	9.30565	11.41408	0	8.7837	0	0	0.47892	0	10.7298	10.38341	8.89749	8.15673	7.08099	8.90352	9.40204	9.7347	9.97266	8.30019	8.94704	9.73099	7.44596	9.91322	8.24131	10.08547	9.24157	7.41159	10.47029	0	4.41418	5.83309	8.16072	1.56964	6.52253	9.63482	0	0	0	0	0	0	6.54095	0	0	7.19626	0	2.41419	8.63877	12.36037	3.74884	0	0.83778	0	0	0	0	0	0	0	0	0	0	0	0	0	0	0	0	0	0	0	0	
8.55367	0	0	0	11.64112	6.86626	0	0	0	0	0	0	0	0	0	0	0	11.16194	0	0	0	0	0	0	10.13607	0	9.09431	8.75956	0	16.40951	10.83298	0	0	0	11.52528	9.62766	6.75968	9.92061	11.75428	8.65256	6.79297	9.00448	9.84965	8.0836	9.04183	8.73805	9.57416	8.54728	8.5191	10.42934	7.23369	10.41835	10.3378	6.56741	9.98773	10.65852	9.46961	3.71826	5.44876	8.72313	13.10638	0	7.38098	12.22813	11.62611	10.02326	9.09556	0	0	0	0	0	0	0	3.43848	0	0	0	0	0	0	0	0	0	0	0	0	0	0	0	0	0	0	0	0	1.90904	0	0	0	0	
0	0	0	0	0	0	0	0	5.9454	0	8.58506	0	0	0	0	0	13.66595	13.58374	11.07063	6.15118	10.84253	10.49919	0	0	0	13.05972	0	9.73752	5.12035	11.54936	0	10.05511	10.97116	8.05085	9.23111	10.45763	7.52318	9.19024	9.67245	8.58337	9.74697	8.11337	5.59029	8.61537	9.67315	7.90649	8.08781	9.04427	8.44255	7.71536	7.53198	11.25927	7.80538	8.86087	6.28895	7.73276	6.14032	8.76554	0	5.50726	6.61149	7.80613	6.76628	0	7.66593	11.48484	11.31824	0	0	0	0	8.18549	0	0	9.10265	0	0	0	10.17393	0	0	0	0	0	0	9.14037	0	0	0	0	0	0	0	0	0	9.1078	0	0	0	0	
0	9.98398	0	0	1.90904	8.14794	0	0	0	0	0	0	0	0	5.41709	11.40562	0	10.95866	10.3607	0	10.98747	0	6.65805	0	0	0	0	0	9.53068	10.75124	7.44956	0	9.60523	7.19242	9.63981	7.78167	9.36848	10.17027	9.51982	8.29742	8.99002	7.68637	8.74884	7.75941	8.27035	8.10439	8.22991	9.55222	8.22978	7.88344	7.66143	8.33543	8.08834	7.58743	9.45845	7.93607	3.67916	6.86356	8.2165	6.67209	0	7.39772	0	11.50725	10.17884	1.90904	4.81464	0.83778	0	0	0	0	0	0	0	2.70292	0	0	0	0	7.80524	0	0	0	0	0	0	0	0	0	0	0	0	0	0	0	0	0	0	0	
0	11.12529	10.69719	0	8.9549	0	0	0	0	0	10.28051	0	0	0	9.03929	7.37795	0	9.59278	0	0	7.26802	6.28101	8.5832	11.18094	7.76494	10.73867	0	5.79736	7.63383	7.1337	14.11474	10.69102	11.16374	10.77435	10.42271	6.00153	7.90992	8.88122	8.88707	8.12729	6.30506	7.97385	7.50202	7.05312	7.07657	7.47133	8.91176	8.27088	8.6451	8.95455	7.97245	9.44067	8.17469	7.6144	7.89104	8.27217	8.2658	6.00217	7.59467	9.21203	0	7.90398	9.32743	10.28528	2.9727	0	1.56964	0	0	0	0	8.15174	0	0	9.52038	0	8.0549	0	2.8676	0	0	0	0	4.60172	0	3.10303	0	0	0	0	0	0	0	0	0	0	0	0	0	0	
0	0	0	0	0	0	0	0	7.43157	0	9.13027	10.04385	0	0	0	0	0	0	10.37548	0	2.05283	0	0	0	0	7.87064	11.03325	0	2.517	10.84067	7.4427	8.14794	8.83559	9.46058	9.96346	9.38051	7.85327	8.39092	8.04414	8.32634	5.94536	8.13344	8.71248	8.60733	7.49507	7.67925	6.49246	7.91907	8.34755	8.82287	8.07399	8.05147	6.12497	8.0346	7.76233	9.65718	9.04431	8.77302	9.15838	6.37843	9.32957	6.5984	8.41895	8.89862	0	9.66034	0	9.44099	0	0	0	0	0	0	0	0	0	0	13.26104	0	0	5.56838	0	0	0	0	0	9.08158	5.9818	9.77948	0	0	0	0	0	0	0	0	0	0	
0	0	0	0	0	0	0	0	11.00195	12.45967	0	3.76522	0	12.03229	0	0	0	2.8676	10.24678	6.27415	0	0	7.15302	9.54626	8.50604	9.95223	8.46162	9.58338	6.41526	10.38909	0	6.48007	6.29086	5.55195	4.31329	9.42628	8.51144	7.11042	10.1925	6.1729	7.99194	8.86363	7.96205	8.5212	6.65011	7.85465	8.93238	7.77403	7.43092	9.51302	8.44354	7.15082	7.5635	6.12514	8.02989	9.09185	6.70234	4.85168	9.66801	8.06037	7.10847	9.94624	11.53071	11.24478	6.01306	10.68976	10.58373	0	0	0	0	0	0	8.26703	10.92195	0	0	0	14.30248	0	0	0	0	0	0	0	0	0	5.90805	0	3.21207	0	0	0	0	0	0	0	0	0	
0	0	10.78704	8.74019	0	7.05392	0	2.05283	3.99629	0	0	0	0	0	0	0	0	6.89729	0	0	0	0	0	11.24525	0	9.51961	0	10.20699	7.63669	8.71476	0	8.95892	0	10.75453	4.88579	8.61495	7.60325	7.50941	3.87984	10.89326	7.6073	9.41859	7.77351	7.6391	8.06101	7.56182	6.04627	7.72727	7.36089	8.1448	7.91945	7.66387	8.42726	8.29146	7.62927	6.29779	7.47856	7.85138	8.15083	7.82301	9.0503	8.08701	3.0953	14.00541	5.20862	0	0	7.6206	4.96862	6.1068	2.45658	0	8.51538	0	2.14277	0	7.73753	0	0	0	0	0	8.45411	0	0	0	0	0	0	0	0	0	0	0	0	0	0	0	0	0	
0	0	0	0	0	0	0	0	0	0	11.04451	8.81556	9.40508	0	11.73225	0	0	7.93703	0	4.28554	0	0	0	0	0	0	7.53318	5.82032	5.4926	0	8.0761	9.34089	6.28561	9.35093	4.67228	7.63708	10.31592	8.40772	6.93282	9.60055	9.16456	5.97627	6.4528	7.17356	7.17582	8.44544	6.24163	8.08553	7.94928	5.8496	6.61947	9.2511	9.13467	7.56171	7.84918	6.51443	7.05161	8.4046	8.69664	7.40171	8.50007	6.58413	7.2898	6.81846	0.47892	6.15284	11.3911	5.27556	0	0	6.47863	0	8.18732	0.98139	0	13.38444	0	0	0	0	0	0	0	0	0	0	0	0	6.91242	0	0	0	0	0	0	0	0	0	0	0	
0	0	0	0	0	2.517	0	0	0	10.96265	0	0	3.01539	0	0	0	0	0	0	0	0	0	0	9.36995	0	0	10.22124	0	0	4.51953	6.91742	0	0	6.98169	8.19715	6.91964	7.05819	3.32971	0.83778	7.94397	4.50958	10.29866	4.78387	6.26476	9.9525	7.85844	6.89354	8.11578	7.95098	4.55519	7.50555	8.83012	7.19985	6.45065	8.70513	6.6414	7.18239	6.79028	4.95824	6.67322	7.88314	5.80798	4.24587	10.82269	7.32244	5.35371	7.41503	10.72262	6.06303	0	0	7.77535	0	5.15549	0	5.60385	8.76554	0	0	0	0	0	0	0	8.19327	0	0	6.13511	0	0	0	11.19575	0	0	0	0	6.70779	0	0	0	
0	0	0	0	0	0	0	0	0	0	0	9.62622	0	0	0	0	0	7.85698	9.5854	0	0	0	0	1.56964	0	0	0	9.374	0	0	0	0	4.39228	5.76251	6.29518	0	5.76695	10.44212	3.59064	7.99109	7.39178	8.95236	8.59264	4.27857	0	9.7461	6.41151	4.29009	7.59133	6.2206	8.83368	10.3692	8.08172	5.86702	7.53606	5.43407	7.38949	7.23525	7.41601	8.92132	7.53268	6.48325	0	7.35739	8.74107	0	11.0709	7.65371	9.33232	8.62447	0	0	5.36292	2.61294	0	11.06082	0	8.9798	0	0	0	5.92207	0	0	0	0	0	0	0	0	0	0	0	0	0	0	0	0	0	0	
0	0	0	0	5.21217	0	0	0	0	0	8.86877	0	6.86709	0	0	9.80637	0	0	7.6844	0	7.64525	4.47621	0	0	0	9.39271	6.35225	0	0	6.95671	0	9.77738	11.48424	0	0	8.82059	9.45392	2.41419	10.76436	10.29799	7.41334	9.34896	6.90473	7.45442	4.55809	5.2183	11.97884	4.09607	7.26445	9.36709	8.6675	7.59878	8.96101	8.34699	6.56042	7.06554	7.58329	7.15445	4.37207	8.97891	6.83147	6.97053	6.59059	4.28833	9.26229	0	7.65834	10.49684	0	1.36435	8.35508	9.04898	8.56348	10.34475	7.54214	0	4.06663	0	0	0	6.05196	0	0	0.83778	0	2.18361	0	0	0	0	0	0	0	0	0	0	0	0	0	0	
0	0	0	0	0	0	0	0	0	0	0	5.61548	2.07904	0	0	11.22641	0	0	0	2.61294	3.21207	0	3.72283	0	0	0	0	0	0	6.0624	3.63413	5.2024	0	0	0	10.53594	0	0	0	4.85547	4.61997	4.71704	5.99074	5.63152	9.39338	3.56069	5.32192	7.9704	6.9851	2.9541	0	0	8.53416	8.54918	1.12499	6.2454	7.87007	8.16806	6.65804	6.93817	8.49516	8.76648	8.02475	8.31116	4.48864	5.64675	3.84642	8.09185	0	9.72248	0	8.23007	6.74275	10.25842	10.17196	0	4.50151	0	6.03474	0	0	0	0	0	0	0	0	0	0	0	0	0	0	0	0	0	0	0	0	0	
0	0	0	9.68121	0	0	0	0	0	0	0	0	0	0	0	0	2.61294	0	0	0	0	0	8.16387	0	0	0	7.46295	6.48435	7.88031	8.49506	0	0	2.517	0	0	12.80372	0	1.90904	0.83778	4.91638	7.5462	0	4.13204	0	4.43278	11.40289	5.45189	7.75183	5.83911	8.57817	6.34253	6.4852	7.23269	9.02979	6.54004	5.91266	9.28454	6.89899	7.34612	6.18328	7.98311	8.12278	8.90002	8.60213	7.13006	7.51309	6.17521	9.98005	8.81105	7.20547	5.65732	9.54498	4.11253	3.72842	8.89317	0	12.44633	0	7.19292	8.86268	3.93263	6.6239	5.23304	0	0	0	0	0	0	0	0	0	0	0	0	0	0	2.61294	0	11.01765	
0	0	5.45776	0	0	0	0	0	0	0	0	0	0	0	0	0	0	0	0	0	8.89882	0	0	0	0	7.86334	0	8.63154	0	9.30025	0	10.5523	10.01286	0	8.6027	0	0	5.35416	7.33079	0	9.07237	0	0	9.25545	10.80651	9.95395	1.02428	7.13827	2.05283	8.79887	9.75366	10.04815	7.5646	8.13847	7.12848	9.87855	0.47892	6.66043	9.03807	6.4715	3.83555	5.99253	6.20198	1.90589	5.83973	5.80475	5.17627	0	8.95989	5.22504	5.12265	7.46237	6.42729	9.63877	1.90904	0	6.49981	0	2.07016	5.00445	0	5.42093	0	0	0	0	0	0	6.55497	0	0	0	0	0	0	0	2.94338	0	0	0	
0	0	0	0	3.58765	0	0	0	0	0	0	0	9.12825	0	0	0	0	0	0	0	4.79538	4.79538	0	0	0	0	0	10.1418	0	0	0	0.47892	9.02846	0	0	0	5.18702	0	5.26293	7.60203	0	0	3.78891	1.36435	6.42676	0	3.60418	8.85289	2.41419	5.18442	8.91185	6.37675	11.04263	3.47746	8.76504	1.58891	0	5.95407	5.08193	2.95968	6.79672	6.44033	9.12287	7.02442	6.11495	8.85165	9.20044	4.83493	7.82398	6.4196	7.7912	0	0	7.62803	0	9.2847	5.85992	6.34457	0	0	0	0	0	0	8.79013	4.59847	0	0	0	0	0	0	0	0	0	0	9.08393	0	0	0	
0	0	0	0	0	0	0	0	1.36435	0	0	0	0	0	0	0	8.14794	1.27566	8.00272	0	0	0	0	0	3.48969	0	0	0	0	0	0	0	0	0	9.16729	9.01535	0	7.94857	0	0	0	0	7.31871	7.79082	0	11.78775	11.34228	9.30115	0	3.49556	0	10.57221	8.48559	8.17406	0	6.1828	0	8.63111	0	5.62286	7.32185	3.27208	5.42824	9.32526	5.94846	6.70521	7.6193	5.96915	10.21894	7.54676	8.12364	4.68948	9.39147	8.77983	7.52391	5.69322	9.8067	11.88601	0	0	8.05917	0	11.05814	0	4.16127	8.30523	6.50388	7.53624	6.83263	0	11.00062	0	0	7.64461	0	0	0	0	0	0	
0	0	0	0	0	0	0	0	0	0	0	0	0	0	0	0	0	0	0	0	4.83545	0	0	0	0	0	0	0	0	7.62235	0	0	0	0	8.67674	0	0	0	0	0	9.00433	0	9.22253	9.00654	7.02931	0	0	3.80639	8.22399	6.19917	5.34905	0	0	7.12816	4.89637	7.38036	0	0	6.02991	8.24969	10.16257	6.32778	3.84338	6.49298	6.17648	8.1683	3.1385	6.03736	8.28226	9.3537	8.60566	7.3621	5.79985	6.38074	4.19906	0	1.5077	0	3.24194	0	0	0	0.47892	0	0	0	9.30225	0	0	0	0	0	0	0	0	0	0	0	0	0	
0	0	0	0	9.48832	0	0	0	0	0	0	5.03941	0	8.33368	0	0	0	0	0	0	0	0	0	0	0	0	0	0	0	0	0	0	0	0	0	0	0	0	0	7.41962	0	0	7.19626	0	6.83428	0	3.06756	5.99966	0	0	1.74928	0	0	0	7.88992	0	0	0	0	10.91931	7.6079	2.24838	6.74218	8.59695	5.92103	0	1.60604	5.63413	9.54963	8.13915	7.22367	9.64681	8.61755	5.88878	0	0	6.37445	6.20606	10.76043	6.04337	3.21207	8.05277	1.12499	0	4.25612	0	5.10688	11.9247	0	5.09395	0	0	0	0	3.88538	0	0	0	0	0	
0	0	0	0	0	0	0	0	0	0	0	0	0	0	0	0	0	5.88574	0	0	0	5.44343	9.18496	0	0	0	8.59685	0	0	0	0	0	0	7.44012	6.80633	0	0	0	0	0	0	0	0	0	0	0	0	0	0.47892	0	0	0	0	0	0	8.57215	9.42973	10.51039	6.54095	3.01539	0	5.85262	7.17951	0	7.45531	9.78167	6.90836	7.37997	6.39011	6.09528	6.74984	6.1047	7.606	5.87533	7.01488	5.6917	5.9393	0	8.74186	7.64308	0	0	7.75549	0	7.13293	9.28719	1.90904	0.47892	0	10.08906	0	0	0	0	0	0	8.42575	0	0	0	
0	0	0	0	0	0	0	0	8.0048	0	0	9.05859	0	0	0	0	0	0	0	0	0	0	0	0	0	0	0	11.16813	0	0	0	0	0	0	0	0	0	0	0	9.6831	0	0	0	0	0	6.54095	0	7.9916	4.52636	0	0	11.43155	0	0	0	0	0	0	7.58984	0	7.39624	0	9.23558	9.20186	7.15367	5.27881	8.08362	0	0	6.53243	7.40373	0.47892	9.59307	8.46899	8.89496	9.46062	2.05653	0	0	8.96306	7.01235	8.45491	9.73685	7.98758	6.76128	0	0	0	0	0	8.72987	0	9.85055	0	0	0	0	0	0	0	
0	0	0	0	0	0	0	0	0	0	0	0	0	9.31281	0	0	0	0	0	9.08079	0	0	0	0	0	3.64365	0	0	0	0	0	0	0	0	7.81624	0	0	6.16154	0	0	10.84469	0	7.308	12.49456	0.47892	0	0	0	0	0	7.12481	6.28829	0	0	8.44216	0	0	0	0	7.10405	6.01684	0	4.93664	9.86479	6.57709	4.85202	9.73739	8.75112	0	5.22039	6.65782	0	7.42414	6.64	10.07472	6.76623	4.00039	5.02767	7.80689	4.20198	0	7.84377	1.74928	4.27152	4.48465	0	0	12.51527	3.39773	0	5.37666	0	0	6.4135	0	0	0	0	5.70427	0	
0	0	0	0	0	0	0	8.91303	0	0	0	0	0	0	0	0	0	0	0	0	0	0	1.90904	0	0	0	0	0	11.35426	0	0	0	0	0	10.62671	0	0	10.09304	0	0	0	3.65568	0	0	0	0	6.06493	0	0	0	0	0	11.54119	0	0	0	5.21011	8.92125	0	6.17177	8.35088	0	0	6.77721	0	3.48994	0	9.67032	7.0324	9.21107	7.8112	7.02369	9.10471	6.78422	5.36292	8.82527	8.3178	0	7.44929	6.08258	6.71431	7.98599	4.61459	0	7.2655	0	5.9454	4.6546	0	0	11.15374	7.35114	0	0	0	0	10.31836	0	0	0	
0	0	0	0	0	0	0	0	0.47892	0	0	0	0	0	0	0	0	0	0	0	0	0	0	0	0	0	0	0	0	0	0	0	0	0	0	0	0	6.41523	0	0	0	0	0	0	0	0	0	0	0	6.55913	0	5.71342	0	4.56316	0	0	7.37453	10.86965	0	0	2.517	0	10.58224	10.99362	5.77955	6.57383	0	0	8.5672	7.77593	0	5.91748	5.79495	10.16524	7.11701	6.98811	0	4.30702	6.62371	6.30262	4.15838	8.70967	5.32091	0.83778	0	0	4.54014	0	0	0	0	0	8.34817	8.73015	6.79732	0	0	0	0	0	
0	0	0	0	0	0	0	8.9999	0	0	0	0	0	0	0	0	0	0	0	0	0	0	0	0	0	0	0	0	0	0	0	0	0	0	0	0	0	8.74196	0	6.79732	0	0	0	0	0	0	0	0	0	0	3.73195	0	0	12.92687	9.02144	0	0	8.01034	9.31727	12.5177	0	3.08398	0	6.93218	9.66529	10.60248	0	0	7.64249	5.0802	7.54521	4.36027	5.03406	7.54238	6.35919	7.08256	6.54664	0	8.35023	9.12212	8.48411	8.46484	5.45457	7.80329	7.70535	0	0	0.83003	0	0	5.45643	0	0	0	0	7.25019	0	0	0	0	
0	0	0	0	0	0	0	0	0	0	0	0	0	0	0	0	0	0	0	0	0	0	0	0	0	10.81284	0	0	0	0	0	0	0	0	0	0	0	7.6281	0	0	0	0	0	0	9.52733	0	0	0	10.20649	0	0	0	0	0	0	0.83778	0	0	0	0	0	0	8.75987	0	0	6.22496	5.61936	6.00403	0	6.95534	3.06351	0	9.45851	0	8.62445	7.50368	2.05283	7.40741	4.67851	7.0224	3.14031	0	7.03949	0	11.31891	6.31917	0	0	0	0	7.91131	0	0	0	0	0	0	3.96026	0	0	
0	0	0	0	0	0	0	0	0	0	0	0	11.62755	0	0	0	0	0	0.47892	0	0	0	0	0	0	0	0	0	0	0	0	0	0	0	0	0	0	0	0	0	0	0	0	0	0	0	0	11.1612	0	0	1.56964	0	9.66241	0	0	0	0	0	0	5.3499	0	0	0	5.35968	3.96026	10.38103	9.16396	0	4.64461	0	0	8.90595	0	0	0	1.81312	6.50431	8.72535	6.3699	4.39293	0	7.12857	6.69877	4.53932	6.64116	5.0669	5.22432	0	7.8779	0	0	0	0	6.92899	0	0	0	0	0	0	
0	0	0	0	0	0	0	0	0	0	0	0	0	0	0	0	0	0	0	0	0	0	0	0	0	0	0	0	0	0	0	0	10.33428	0	0	0	0	0	0	0	3.38511	0	0	0	0	0	0	0	0	0	0	0	0	0	0	0	6.23284	0	0	0	7.31736	0	0	3.50669	0	7.42167	0	0	7.28488	0	0	0	10.35481	0	0	7.11665	0	0	5.93468	7.98835	9.6051	6.34529	9.49385	0	3.48994	0	1.56964	0	0.47892	6.21374	5.80749	6.00603	5.85342	0	0	0	0	0	0	0	
0	0	0	0	0	0	0	1.9587	0	0	0	0	0	0	0	0	0	0	0	0	0	0	0	0	0	0	0	5.7269	0	0	0	0	0	0	0	0	0	0	0	0	0	0	0	0	0	0	0	0	0	0	0	0	0	0	0	0	0	1.74928	0	0	0	0	0	0	0	0	0	0	0	0	3.14024	3.91766	8.40643	0.47892	0	8.01375	9.30565	0	10.55449	8.35465	0	6.34973	0	7.41503	6.46584	9.90949	0	9.41201	0	0	0	8.77724	0	0	0	8.3633	0	0	0	0	
0	0	0	0	0	0	0	0	0	0	0	0	0	0	0	0	0	0	0	0	12.26136	0	0	0	0	0	0	0	0	0	5.66108	0	0	0	0	0	0	0	0	0	0	0	0	0	0	0	0	0	0	0	0	0	0	0	0	0	0	0	0	11.45298	0	0	0	0	6.47225	8.80035	8.55669	7.47581	0	0	0	0	0	0	0	1.56964	6.88847	6.07741	0	0	3.96829	0	0	0	3.89208	4.73268	7.73958	4.69261	11.76542	0	10.70912	7.78825	4.37036	9.23766	0	7.87548	0	0	0	0	
0	0	0	0	0	0	0	0	0	0	0	0	0	0	0	0	0	0	0	0	0	0	0	0	0	0	0	0	0	0	0	0	0	0	0	0	0	0	0	0	0	0	0	0	0	0	0	0	2.18361	0	0	0	0	0	0	0	0	0	0	0	0	0	0	0	0	0	0	0	0	6.59482	11.4882	9.41368	6.9934	0	9.42612	5.99966	0	9.46441	0	0	0	7.8779	7.18068	0	4.31295	0	1.12499	0	0	6.03829	0	4.45218	2.56164	0	4.64461	0	0	0	0	0	
0	0	0	0	0	0	0	0	0	0	0	0	0	0	0	11.15007	0	0	0	0	0	0	0	0	0	0	0	0	0	0	0	0	0	0	7.37453	0	0	0	0	0	0	0	0	0	0	0	0	0	0	0	0	0	0	0	0	0	0	0	0	0	0	0	0	0	0	0	0	4.39756	0	0	0	0	0	8.89047	0	0	0	0.23946	0	0	0	2.61294	0	0	6.62552	0	6.87672	3.9813	8.21637	9.5384	10.98943	0	10.81662	0	0	0	0	0	0	0	
0	0	0	0	0	0	0	0	0	0	0	0	0	0	0	0	0	0	0	0	0	0	0	0	0	0	0	0	0	0	0	0	0	0	0	0	0	0	0	0	0	0	0	0	0	0	0	0	6.26633	5.05657	0	0	0	0	0	0	0	0	0	7.78052	0	0	0	0	0	6.93266	0	0	0	0	0	7.89231	0	0	0	0	0	11.95042	0	6.75737	10.8276	0	0	9.78012	0	0	0	0	0	0	0	0	0	0	0	0	0	0	0	0	
0	0	0	0	0	0	0	0	0	0	0	0	0	0	0	0	0	0	0	0	0	0	0	0	0	0	0	0	0	0	0	0	0	0	0	0	0	0	0	0	0	0	0	0	0	1.74928	0	0	0	0	0	0	0	0	0	2.36375	0	0	13.58618	0	0	0	0	0	8.23911	0	0	0	0	0	0	1.74928	0	1.12499	0	0	7.32934	0	0	0	5.70161	4.60756	5.81106	9.69615	0	0	0	9.04468	8.44903	0	3.9233	8.74848	8.80798	0	0	0	0	0	0	0	
0	0	0	0	0	0	0	0	0	0	0	0	0	0	0	0	0	0	0	0	0	0	0	0	0	0	0	0	0	0	0	0	0	0	0	0	0	0	0	0	0	0	0	0	0	0	0	0	0	0	0	0	0	0	0	0	0	0	0	0	0	0	0	0	0	0	0	0	0	0	0	0	0	0	0	0	0	0	0	0	0	0	0	0	0	0	0.83778	0	0	0	0	9.91507	0	0	0	0	0	0	0	0	
0	0	0	0	0	0	0	0	0	0	0	0	0	0	0	0	0	0	0	0	0	0	0	0	0	0	0	0	0	0	0	0	0	0	0	0	0	0	0	0	0	0	0	0	0	0	0	0	0	0	0	0	0	0	0	0	0	0	0	0	0	0	0	0	0	0	0	0	0	0	9.04783	0	0	0	0	0	0.47892	0	0	7.78738	0	0	0	11.01023	0	0	0	0	0	0	5.42192	10.78124	0	0	0	0	0	0	0	0	
0	0	0	0	0	0	0	0	0	0	0	0	0	0	0	0	0	0	0	0	0	0	0	0	0	0	0	0	0	0	0	0	0	0	0	0	0	0	0	0	0	0	0	0	0	0	0	0	0	0	0	0	0	0	0	0	0	0	0	1.36435	0	0	0	0	0	0	0	0	0	0	9.01973	0	0	0	0	0	0	0	0	0	0	0	0	0	0	0	4.39756	0	0	0	0	0	0	0	0	0	0	0	0	0	
0	0	0	0	0	0	0	0	0	0	0	0	0	0	0	0	0	0	0	0	0	0	0	0	0	0	0	0	0	0	0	0	0	0	0	0	0	0	0	0	0	0	0	0	0	0	0	0	0	0	0	0	0	0	0	0	0	0	0	0	0	0	0	0	0	0	0	0	0	10.78414	0.47892	0	0	0	0	0	0	0	9.46441	0	0	0	0	0	0	0	0	0	7.10019	4.89418	0	0	0	0	0	0	0	0	0	0	
0	0	0	0	0	0	0	0	0	0	0	0	0	0	0	0	0	0	0	0	0	0	0	0	0	0	0	0	0	0	0	0	0	0	0	0	0	0	0	0	0	0	0	0	0	0	0	0	0	0	0	0	0	0	0	0	0	0	0	0	0	0	0	0	0	0	0	0	0	0	0	0	0	0	0	0	0	0	0	0	0	0	0	0	0	0	1.36435	0	0	0	0	0	0	0	0	0	0	0	0	0	
0	0	0	0	0	0	0	0	0	0	0	0	0	0	0	0	0	0	0	0	0	0	0	0	0	0	0	0	0	0	0	0	0	0	0	0	0	0	0	0	0	0	0	0	0	0	0	0	0	0	0	0	0	0	0	0	0	0	9.81269	0	0	0	0	0	0	0	0	0	0	0	0	0	0	0	0	5.89856	0	0	0	0	0	0	0	0	0	0	0	0	0	0	0	0	0	0	0	0	0	0	0	0	
0	0	0	0	0	0	0	0	0	0	0	0	0	0	0	0	0	0	0	0	0	0	0	0	0	0	0	0	0	0	0	0	7.32226	0	0	0	0	0	0	0	0	0	0	0	0	0	0	0	0	0	0.47892	0	0	0	0	0	0	0	0	0	0	0	0.47892	0	0	0	0	0	0	0	0	0	0	0	0	1.74928	0	0	0	0	0.47892	0	0	0	0	0	0	0	0	0	0	0	0	0	0	0	0	0	0	0	
0	0	0	0	0	0	0	0	0	0	0	0	0	0	0	0	0	0	0	0	0	0	0	0	0	0	0	0	0	0	0	0	0	0	0	0	0	0	0	0	0	0	0	0	0	0	0	0	0	0	0	0	0	0	0	0	0	0	0	0	0	0	0	0	0	0	0	0	0	0	0	0	0	0	0	0	0	0	0	0	0	0	0	0	0	0	0	0	0	0	0	0	0	0	0	0	0	0	0	0	
0	0	0	0	0	0	0	0	0	0	0	0	0	0	0	0	0	0	0	0	0	0	0	0	0	0	0	0	0	0	0	0	0	0	0	0	0	0	0	0	0	0	0	0	0	0	0	0	0	0	0	0	0	0	0	0	0	0	0	0	0	0	0	0	0	0	0	0	0	0	0	0	0	0	0	0	0	0	0	0	0	0	0	0	0	0	0	0	0	0	0	0	0	0	0	0	0	0	0	0	
0	0	0	0	0	0	0	0	0	0	0	0	0	0	0	0	0	0	0	0	0	0	0	0	0	0	0	0	0	0	0	0	0	0	0	0	0	0	0	0	0	0	0	0	0	0	0	0	0	0	0	0	0	0	0	0	0	0	0	0	0	0	0	0	0	0	0	0	0	0	0	0	0	0	0	0	0	0	0	0	0	0	0	0	0	0	0	0	0	0	0	0	0	0	0	0	0	0	0	0	
0	0	0	0	0	0	0	0	0	0	0	0	0	0	0	0	0	0	0	0	0	0	0	0	0	0	0	0	0	0	0	0	0	0	0	0	0	0	0	0	0	0	0	0	0	0	0	0	0	0	0	0	0	0	0	0	0	0	0	0	0	0	0	0	0	0	0	0	0	0	0	0	0	0	0	0	0	0	0	0	0	0	0	0	0	0	0	0	0	0	0	0	0	0	0	0	0	0	0	0	
0	0	0	0	0	0	0	0	0	0	0	0	0	0	0	0	0	0	0	0	0	0	0	0	0	0	0	0	0	0	0	0	0	0	0	0	0	0	0	0	0	0	0	0	0	0	0	0	0	0	0	0	0	0	0	0	0	0	0	0	0	0	0	0	0	0	0	0	0	0	0	0	0	0	0	0	0	0	0	0	0	4.13204	0	0	0	0	0	0	0	0	0	0	0	0	0	0	0	0	0	0	
0	0	0	0	0	0	0	0	0	0	0	0	0	0	0	0	0	0	0	0	0	0	0	0	0	0	0	0	0	0	0	0	0	0	0	0	0	0	0	0	0	0	0	0	0	0	0	11.12986	0	0	0	0	0	0	0	0	0	0	0	0	0	0	0	0	0	0	0	0	0	0	0	0	0	0	11.36839	0	0	0	0	0	0	0	0	0	0	0	0	0	0	0	0	0	0	0	0	0	0	0	0	0	
