0	0	0	0	0	0	0	0	0	0	0	0	0	0	0	0	0	0	0	0	0	0	0	0	0	0	0	0	0	0	0	0	0	0	0	0	0	0	0	0	0	0	0	0	0	0	0	0	0	0	0	11.59213	0	0	0	0	0	0	0	0	0	0	0	0	0	0	0	0	0	0	0	0	0	0	0	0	0	0	0	0	0	0	0	0	0	0	0	0	0	0	0	0	0	0	0	0	0	0	0	0	
0	0	0	0	0	0	0	0	0	0	0	0	0	0	0	0	0	0	0	0	0	0	0	0	0	0	0	0	0	0	0	0	0	0	0	0	0	0	0	0	0	0	0	0	0	0	0	13.4577	0	0	0	0	0	0	0	0	0	0	0	0	0	0	0	12.74419	0	0	0	0	0	0	0	0	0	0	0	0	0	0	0	0	0	0	0	0	0	0	0	0	0	0	0	0	0	0	0	0	0	0	0	0	
0	0	0	0	0	0	0	0	0	0	0	0	0	0	0	0	0	0	0	0	0	0	0	0	0	0	0	0	0	0	0	0	0	0	0	0	0	0	0	0	0	0	0	0	0	0	0	0	0	0	0	0	0	0	9.52677	0	0	0	0	0	0	0	0	0	0	0	0	0	0	0	0	0	0	0	0	0	0	0	0	0	0	0	0	0	0	0	0	0	0	0	0	0	0	0	0	0	0	0	0	0	
0	0	0	0	0	0	0	0	0	0	0	0	0	0	0	0	0	0	0	0	0	0	0	0	0	0	0	0	0	0	0	0	0	0	0	0	0	0	0	0	0	0	0	0	0	0	15.25402	10.64745	0	0	0	0	0	0	0	0	0	0	0	0	0	0	0	0	0	0	0	0	0	0	0	0	0	0	0	0	0	0	0	0	0	0	0	0	0	0	0	0	0	0	0	0	0	0	0	0	0	0	0	0	
0	0	0	0	0	0	0	0	0	0	0	0	0	0	0	0	0	0	0	0	0	0	0	0	0	0	0	0	0	0	0	0	0	0	0	0	0	6.31344	0	0	0	0	0	11.61318	0	0	0	0	0	0	0	0	0	0	0	0	0	0	0	0	0	0	0	0	0	0	0	0	0	0	0	0	0	0	0	0	0	0	0	0	0	0	0	0	0	0	0	0	0	0	0	0	0	0	0	0	0	0	0	0	
0	0	0	0	0	0	0	0	0	0	0	0	0	0	0	0	0	0	0	0	0	0	0	0	0	0	0	0	0	0	0	0	0	0	0	0	0	0	0	0	0	0	0	0	0	0	0	0	0	0	0	0	0	0	0	0	0	0	0	0	0	0	0	0	0	0	0	0	0	0	0	0	8.44158	0	0	0	0	0	0	0	0	0	0	0	0	0	0	0	0	0	0	0	0	0	0	0	0	0	0	0	
0	0	0	0	0	0	0	0	0	0	0	0	0	0	0	0	0	0	0	0	0	0	0	0	0	0	0	0	0	0	0	0	0	0	0	0	0	0	0	0	0	0	0	0	0	0	0	0	0	0	0	0	0	0	0	0	0	0	0	0	0	0	0	0	0	0	0	0	0	0	0	0	0	0	11.21144	0	0	0	0	0	0	0	0	0	0	0	0	0	0	0	0	0	0	0	0	0	0	0	0	0	
0	0	0	0	0	0	0	0	0	0	0	0	0	0	0	0	0	0	0	0	0	0	0	0	0	0	0	0	0	0	0	0	0	0	0	0	0	0	0	0	0	0	0	0	0	0	0	0	0	0	0	8.03218	0	0	0	9.2858	0	0	11.77337	0	0	0	0	0	0	0	0	0	0	0	0	0	0	0	0	0	0	0	0	0	0	0	0	0	0	0	0	0	0	0	0	0	0	0	0	0	0	0	0	0	
0	0	0	0	0	0	0	0	0	0	0	0	0	0	0	0	0	0	0	0	0	0	0	0	0	0	0	0	2.97594	0	0	0	0	0	0	0	0	0	0	0	0	0	0	0	0	0	0	0	0	0	0	0	0	0	0	0	0	0	0	0	0	0	0	0	0	0	0	5.18776	0	0	0	0	0	0	0	0	0	0	0	0	0	0	0	0	0	0	0	0	0	0	0	0	0	0	0	0	0	0	0	0	
0	0	0	0	0	0	0	0	0	0	0	0	0	0	0	0	0	0	0	0	0	0	0	0	0	0	0	0	0	0	0	0	0	0	0	0	0	0	0	0	0	0	0	0	0	0	0	0	0	0	0	0	0	0	0	8.22831	0	0	0	0	0	0	0	0	0	0	0	0	0	0	0	0	0	0	0	0	0	0	0	0	0	0	0	0	0	0	0	0	0	0	0	0	0	0	0	0	0	0	0	0	
0	0	0	0	0	0	0	0	0	0	0	0	0	0	0	0	0	0	0	0	0	0	0	0	0	0	0	0	0	0	0	0	0	0	0	0	0	0	0	0	0	0	0	0	0	0	0	0	0	0	0	0	0	0	0	0	0	0	0	0	0	0	0	0	0	0	0	12.93582	0	0	0	0	0	0	0	0	0	0	0	0	0	0	0	0	0	0	0	0	0	0	0	0	0	0	0	0	0	0	0	0	
0	0	0	0	0	0	0	0	0	0	0	0	0	0	0	0	0	0	0	0	0	0	0	0	0	0	0	0	0	0	0	0	0	0	0	0	0	0	0	0	0	0	0	0	0	0	0	0	0	0	0	0	5.72672	0	0	0	1.34179	0	0	0	0	0	0	0	0	0	0	0	0	0	0	3.88121	0	0	0	0	0	0	0	0	0	0	0	0	0	0	0	0	0	0	0	0	0	0	0	0	0	0	0	0	
0	0	0	0	0	0	0	0	0	0	0	0	0	0	0	0	0	0	0	0	0	0	0	0	0	0	0	0	0	0	0	0	0	0	0	0	0	0	0	0	0	0	0	0	0	0	0	0	11.39987	0	0	0	13.65803	0	0	0	0	0	0	0	0	0	0	0	0	0	0	7.33402	0	0	0	0	0	0	0	0	0	0	0	0	0	0	0	0	0	0	0	0	0	0	0	0	0	0	0	0	0	0	0	0	
0	0	0	0	0	0	0	0	0	0	0	0	0	0	0	0	0	0	0	0	0	0	0	0	0	0	0	0	0	0	13.74954	0	0	0	0	0	0	0	0	4.07259	0	0	0	0	0	0	0	8.17863	0	0	0	0	0	0	0	0	0	3.79074	1.8826	0	13.28411	0	0	8.52931	0	0	0	0	0	0	0	0	0	0	0	0	0	0	0	0	0	0	0	0	0	0	0	0	0	0	0	0	0	0	0	0	0	0	0	0	
0	0	0	0	0	0	0	0	0	0	0	0	0	0	0	0	0	0	0	0	0	0	0	0	0	0	0	0	0	0	0	0	0	0	0	0	0	0	0	0	0	0	0	0	0	0	0	0	0	0	0	0	0	0	6.12325	0	0	0	0	0	0	0	0	0	0	0	0	0	0	0	0	0	0	0	0	0	0	0	0	0	0	0	0	0	0	0	0	0	0	0	0	0	0	0	0	0	0	0	0	0	
0	0	0	0	0	0	0	0	0	0	0	0	0	0	0	0	0	0	0	0	0	0	0	0	0	0	0	0	0	0	0	0	0	0	0	0	0	0	0	0	0	0	15.33234	0	0	0	0	0	0	0	0	0	8.98108	0	0	0	0	0	0	9.98136	0	0	0	0	0	0	0	0	0	0	0	3.39987	0	0	0	0	0	0	0	0	0	0	0	0	0	0	0	0	0	0	0	0	0	0	0	0	0	0	0	0	
0	0	0	0	0	0	0	0	0	0	0	0	0	0	0	0	0	0	0	0	0	0	0	0	0	0	0	0	0	0	0	0	0	0	0	0	0	0	0	0	0	0	0	8.37653	0	0	0	10.82752	0	0	0	9.20081	0	0	0	0	0	0	4.39058	0	0	0	0	0	0	0	0	0	0	0	0	0	0	0	0	0	0	0	0	0	0	0	0	0	0	0	0	0	0	0	0	0	0	0	0	0	0	0	0	0	
0	0	0	0	0	0	0	0	0	0	0	0	0	0	0	0	0	0	0	0	0	0	0	0	0	0	0	0	0	0	0	0	0	0	0	0	0	0	0	0	0	0	10.52667	0	0	0	0	0	0	0	0	0	0	0	0	8.00337	0	0	0	0	0	0	0	0	0	0	1.76077	0	6.73746	0	0	0	0	0	0	0	0	0	0	0	0	0	0	0	0	0	0	0	0	0	0	0	0	0	0	0	0	0	0	0	
0	0	0	0	0	0	0	0	0	0	0	0	0	0	0	0	0	0	0	0	0	0	0	0	0	0	0	0	0	0	0	0	0	0	0	0	0	0	0	0	12.14723	0	0	0	0	0	0	0	0	0	0	0	0	0	0	0	0	0	0	0	0	0	0	0	0	0	0	0	0	0	0	0	0	0	0	0	0	0	0	0	0	0	0	0	0	0	0	0	0	0	0	0	0	0	0	0	0	0	0	0	
0	0	0	0	0	0	0	0	0	0	0	0	0	0	0	0	0	0	0	0	0	0	0	0	0	0	0	0	0	0	0	0	0	0	0	0	0	0	0	0	0	0	0	0	0	0	0	7.27405	0	0	8.88579	0	0	0	0	0	0	0	0	0	0	0	0	0	0	0	0	0	0	0	0	0	0	0	0	0	8.34949	0	0	0	0	0	0	0	0	0	0	0	0	0	0	0	0	0	0	0	0	0	0	0	
0	0	0	0	0	0	0	0	0	0	0	0	0	0	0	0	0	0	0	0	0	0	0	0	0	0	0	0	0	0	0	0	0	0	0	0	0	0	0	0	0	0	0	0	0	0	0	8.29841	0	0	9.41384	11.39476	0	0	0	0	7.83811	0	12.50281	0	10.53656	0	0	0	0	9.04364	0	0	0	0	0	0	0	0	0	0	0	0	0	0	0	0	0	0	0	0	0	0	0	0	0	0	0	0	0	0	0	0	0	0	
0	0	0	0	0	0	0	0	0	0	0	0	0	0	0	0	0	0	0	0	0	0	0	0	0	0	0	0	0	0	0	0	0	0	0	0	0	0	0	0	0	11.30958	0	0	0	0	0	0	0	0	0	0	0	0	0	0	0	0	0	0	0	0	0	0	0	0	0	0	0.67554	0	0	0	0	0	0	0	0	0	0	0	0	0	0	0	0	0	0	0	0	0	0	0	0	0	0	0	0	0	0	0	
0	0	0	0	0	0	0	0	0	0	0	0	0	0	0	0	0	0	0	0	0	0	0	0	0	0	0	0	0	0	0	4.9753	0.92281	0	0	0	0	0	0	0	0	0	0	0	0	0	0	10.29325	0	0	0	0	0	0	0	0	0	0	0	0	0	0	0	0.92281	0	0	0	1.8826	0	0	0	0	0	0	0	0	0	0	0	0	0	0	0	0	0	0	0	0	0	0	0	0	0	0	0	0	0	0	0	0	
0	0	0	0	0	0	0	0	0	0	0	0	0	0	0	0	0	0	0	0	0	0	0	0	0	0	0	0	0	0	0	5.88817	0	0	0.37696	0	0	0	0	0	0	0	0	0	0	0	0	0	0	0	0	0	0	0	0	0	0	0	0	0	0	0	0	0	0	0	0	0	0	0	0	0	0	0	0	0	0	0	0	0	0	0	0	0	0	0	0	0	0	0	0	0	0	0	0	0	0	0	0	0	
0	0	0	0	0	0	0	0	0	0	0	0	0	0	0	0	0	0	0	0	0	0	0	0	0	0	0	0	0	0	0	0	0	0	0	0	0	0	0	0	0	0	0	9.96766	0	0	0	0	0	15.09505	0	0	0	0	8.68185	0	0	0	0	0	0	0	0	0	0	0	0	0	0	0	0	0	0	0	0	0	0	0	0	2.45853	0	0	0	0	0	0	0	0	0	0	0	0	0	0	0	0	0	0	0	0	
0	0	0	0	0	0	0	0	0	0	0	0	0	0	0	0	0	0	0	0	0	0	0	0	0	0	0	0	0	0	0	0	6.91573	0	0	0	0	0	0	0	0	0	0	0	0	0	0	4.24152	0	0	7.12087	7.30317	0	0	0	0	0	0	9.32595	0	0	0	0	0	0	0	0	0	0	0	0	0	0	0	0	0	0	0	0	0	0	0	0	0	0	6.22386	0	0	0	0	0	0	0	0	0	0	0	0	0	0	
0	0	0	0	0	0	0	0	0	0	0	0	0	0	0	0	0	0	0	0	0	0	0	0	0	0	0	0	0	0	0	0	0	0	0	0	0	0	0	10.06417	0	0	0	0	16.25954	0	10.17638	0	0	0	0	0	0	0	0	0	0	0	0	0	0	0	0	0	0	0	0	0	0	1.76077	0	0	0	0	0	0	0	0	0	0	0	0	0	0	0	0	0	0	0	0	0	0	0	0	0	0	0	0	0	0	
0	0	0	0	0	0	0	0	0	0	0	0	0	0	0	0	0	0	0	0	0	0	0	0	0	0	0	0	0	0	0	0	0	0	0	7.52621	0	0	0	0	0	0	0	0	0	0	0	7.96078	0	0	0	0	0	8.35992	0	0	0	0	0	0	8.51525	0	0	0	0	0	0	0	0	0	0	0	0	0	0	0	0	0	0	0	0	0	0	0	0	0	0	0	0	0	0	0	0	0	0.67554	0	0	0	0	0	
0	0	0	0	0	0	0	0	0	0	0	0	0	0	0	0	0	0	0	0	0	0	0	0	0	0	0	0	0	0	0	0	0	0	0	0	0	0	0	0	0	17.33437	0	0	0	0	0	0	0	0	0	0	0	0	0	0	0	0	0	0	0	0	0	0	0	0	0	5.73483	0	0	0	1.8826	0	0	0	0	0	0	0	0	0	0	0	0	0	0	0	0	0	0	0	0	0	0	0	0	0	0	0	0	
0	0	0	0	0	0	0	0	0	0	0	0	0	0	0	0	0	0	0	0	0	0	0	0	0	0	0	0	0	0	0	0	0	0	0	0	0	0	0	0	9.13765	0	0	0	9.66372	0	0	4.50608	0	0	3.51739	12.38324	0	0	0	9.68952	0	0	10.96801	0	10.26377	0	0	0	0	0	0	0	4.65457	0	0	0	0	0	0	0	0	0	0	0	0	0	0	0	0	0	0	0	0	0	0	0	0	0	0	3.96636	0	0	0	0	
0	0	0	0	0	0	0	0	0	0	0	0	0	0	0	0	0	0	0	0	0	0	0	0	0	0	0	0	0	0	0	0	0	0	0	0	0	0	0	0	0	0	0	0	15.69133	0	0	0	0	0.67554	0	0	5.82117	0	0	0	0	7.3307	0	0	0	4.43317	0	0	0	0	0	0	0	0	0	0	0	0	0	0	0	0	0	0	0	0	0	0	0	0	0	0	0	0	0	0	0	0	0	0	0	0	0	0	
0	0	0	0	0	0	0	0	0	0	0	0	0	0	0	0	0	0	0	0	0	0	0	0	0	0	0	0	0	0	0	0	0	0	0	0	0	0	0	0	0	0	0	11.02866	0	0	14.0352	0	0	0	10.10503	0	0	0	0	0	0	0	0	8.04474	0	0	0	0	8.62625	0	0	0	0	0	0	0	8.80639	0	0	0	2.80155	0	0	0	0	0	0	0	0	0	0	0	0	0	0	0	0	0	0	0	0	0	0	0	
0	0	0	0	0	0	0	0	0	0	0	0	0	0	0	0	0	0	0	0	0	0	0	0	0	0	0	0	0	0	0	0	0	0	0	0	0	0	0	0	0	0	0	0	0.67554	1.99494	0	12.20485	0	0	0	11.93481	2.67236	0	0	7.39927	0	0	0	0	0	0	0	0	0	0	0.67554	12.93692	0	0	0	0	0	11.72124	0	0	0	0	0	0	0	0	0	0	0	0	0	0	0	0	0	0	0	0	0	0	0	0	0	0	
0	0	0	0	0	0	0	0	0	0	0	0	0	0	0	0	0	0	0	0	0	0	0	0	0	0	0	0	0	0	0	0	0	0	0	0	0	14.96568	0	0	0	0	0	0	0	0	0	0	6.93698	0	0	6.03835	0	0	13.50924	0	7.0583	0	0	8.74044	0	0	0	0	0	0	0	0	0	0	0	0	0	0	5.73356	2.92012	0	0	0	0	0	0	0	0	0	0	0	0	0	0	0	0	0	0	0	0	0	0	0	0	
0	0	0	0	0	0	0	0	0	0	0	0	0	0	0	0	0	0	0	0	0	0	0	0	0	0	0	0	0	0	0	0	0	0	0	0	0	0	0	0	0	0	13.56693	0	0	12.82276	0	12.26833	0	0	10.11788	0	10.86114	0	10.34418	0	0	0	0	0	0	0	0	10.2571	0	0	0	4.94765	0	0	7.93988	0	0	0	0	0	0	0	0.92281	0	0	0	0	0	0	0	0	0	0	0	0	0	0	0	0	0	0	0	0	0	
0	0	0	0	0	0	0	0	0	0	0	0	0	0	0	0	0	0	0	0	0	0	0	0	0	0	0	0	0	0	0	0	0	0	0	0	0	0	0	0	0	0	0	0	0	0	0	10.28084	9.88897	0	0	11.29542	0	0	0	0	0	0	0	0	0	0	0	0	1.13383	0	0	0	0	0	0	0	0	0	0	0	0	0	0	0	0	0	0	0	0	0	0	0	0	0	6.86858	0	0	0	0	0	0	0	0	0	
0	0	0	0	0	0	0	0	0	0	0	0	0	0	0	0	0	0	0	0	0	0	0	0	0	0	0	0	0	0	0	0	0	0	0	0	0	0	0	0	0	0	0	0	0	0	0	10.52725	0	0	0	0	10.66681	4.30827	0	0	0	0	12.58135	6.10395	0	0	0	0	0	0	0	0	0	0	0	0	0	0	0	0	0	0	0	0	0	0	0	0	0	0	0	0	0	0	0	0	0	0	0	0	0	0	7.46901	0	
0	0	0	0	0	0	0	0	0	0	0	0	0	0	0	0	0	0	0	0	0	0	0	0	0	0	0	0	0	0	0	0	0	0	0	0	0	0	0	0	0	0	8.6164	0	0	0	0	0	0	9.69318	0	7.30162	0	12.65303	0	0	0	0	0	0	0	0	0	0	13.31347	0	0	0	0	0	0	0	0	0	0	0	13.11791	0	0	0	0	0	0	0	0	0	0	0	0	0	0	0	0	0	0	0	0	0	0	0	
0	0	0	0	0	0	0	0	0	0	0	0	11.28648	0	0	0	0	0	0	0	0	0	0	0	0	0	0	0	0	0	9.71229	0	0	0	0	0	0	0	0	0	0	0	9.98504	0	0	0	0	8.40773	0	0	11.11451	0	0	2.28741	1.31788	0	10.33533	0	0	0	0	0	0	11.67601	8.47223	11.59282	0	0	0	0	0	0	0	0	0	0	0	0	0	0	0	0	0	0	0	0	0	0	0	0	0	0	0	0	0	0	0	0	0	0	
0	0	0	0	0	0	0	0	0	0	0	0	0	0	0	0	0	0	0	0	0	0	0	0	0	0	0	0	0	0	0	0	0	0	0	0	0	0	0	0	0	0	0	0	0	11.86341	11.20525	0	1.99494	11.52238	0.92281	7.42939	10.11238	0	11.03072	10.66233	0	0	0	0	12.19294	0	0	0	0	0	0	0	0	6.39927	0	0	0	0	0	0	2.52806	0	0	0	0	0	0	0	0	0	0	0	0	0	0	0	0	0	0	0	0	0	0	0	
0	0	0	0	0	0	0	0	0	0	0	0	0	0	0	11.28855	0	0	0	0	0	0	0	0	0	0	0	0	0	0	0	0	0	0	0	7.97111	11.94467	0	0	0	0	0	0	0	0	9.56424	8.43926	6.90498	5.33681	8.7654	0	0	3.82154	0	10.3137	0	0	0	0	7.0223	0	9.98264	0	8.70268	0	10.73184	0	0	11.2707	0	6.80836	0	0	0	0	11.11568	0	0.67554	0	3.87683	0	0	0	0	0	0	0	0	0	0	7.73676	0	0	0	0	0	0	0	0	0	
0	0	0	0	0	0	0	0	0	0	0	0	0	0	0	0	0	0	0	0	0	0	0	0	0	0	10.96349	0	0	0	0	2.97594	0	0	4.73765	0	0	0	0	0	10.48718	0	0	0	0	0	0	0	7.57852	7.45925	2.80155	11.26546	8.76639	0	10.43473	0	12.77808	0	6.95612	0	1.99494	10.73892	0	0	0	9.90163	0	0	0	0	0	0	0	8.17565	0	0	0	0	0	0	0	0	0	0	0	0	0	0	0	0	0	0	0	0	0	0	0.37696	0	0	0	
0	0	0	0	0	0	0	0	0	0	0	0	0	0	0	0	0	0	0	8.22544	0	0	0	0	0	0	0	0	0	0	0	0	0	0	0	0	0	0	0	0	0	0	0	13.64842	0	0	12.6265	13.38645	11.5692	0	6.30257	7.46429	10.04595	0	0	0	13.56892	0	0	8.16004	6.13042	0	0	13.11888	0	3.02968	0	7.76476	0	0	0	0	0	0	0	0	0	0	0	0	0	0	0	0	0	0	0	0	0	0	6.8292	0	0	0	0	0	0	0	0	0	
0	0	0	0	0	0	0	0	0	0	0	0	9.35979	0	0	0	0	0	0	8.0084	0	0	0	0	0	0	0	0	0	0	0	0	0	7.02303	0	0	0	0	0	0	0	10.85231	14.25753	0	8.64488	0	0	3.46021	9.21072	0	2.28741	7.19274	6.81237	3.78043	8.96115	9.19757	5.16541	5.56977	9.47604	0	0	0	0	0	2.19636	0	0	0	0	0	0	0	0	0	0	0	0	0	9.57727	0.37696	0	0	0	0	0	0	0	0	0	0	0	0	0	0	0	0	0	0	0	0	
0	0	0	0	0	0	0	0	0	0	0	0	0	0	0	0	0	0	0	0	0	0	0	15.91661	0	0	0	0	0	0	0	0	0	0	0	0	0	0	12.79084	0	0	0	8.13254	9.15589	2.53045	0	9.29491	7.06651	0	10.35651	9.39668	8.5453	0	0	0	0	0	4.33604	14.65541	9.10907	9.60187	0	0	0	8.56501	0	0	0	0	0	0	0	0	0	0	0	0	0	0	0	0	0	0	0	0	0	0	0	0	0	0	0	0	0	0	0	0	0	0	0	
0	0	9.51445	0	0	0	0	0	0	0	0	0	0	0	0	0	0	0	0	0	0	0	0	0	0	0	0	0	0	0	0	0	0	0	0	0	0	0	0	0	10.31387	0	0	0	0	8.43537	0	9.64902	8.04474	11.47178	0	7.58124	8.2943	8.57871	0	14.68993	0	0	3.82154	0	10.90673	0	9.80863	11.00537	0	0	0	0	0	0	0	7.25121	0	0	0	0	7.68327	0	0	0	0	0	0	0	0	0	0	0	0	0	0	0	0	0	0	0	0	0	0	0	
0	0	0	0	0	0	0	0	0	0	0	11.04628	0	0	0	0	0	0	0	0	0	0	0	0	0	0	0	0	0	0	0	0	7.26007	0	0	0	0	10.23225	16.0236	11.78	6.38735	8.58247	0	0	11.90008	7.87509	10.31651	10.87655	10.74962	0	11.09672	0	0	6.3428	0	11.97502	5.00025	9.08754	0	0	0	0	0	0	0	0	0	7.62335	0	0	0	0	3.31584	0	0	7.72459	0	0	11.63597	0	0	0	0	0	0	0	0	0	0	0	0	0	0	0	0	6.83325	0	0	0	0	
0	0	0	0	0	0	0	0	0	0	0	0	0	0	0	0	0	0	0	0	0	0	0	0	0	0	0	0	0	0	0	0	0	0	6.73342	7.19661	0	0	0	5.75889	0	12.70389	0	10.26376	15.17961	9.85436	6.30515	8.22621	3.03538	10.15764	11.40877	10.12946	0	9.48901	0	0	8.61371	0	0	6.82816	8.36786	0	1.76077	0	0	0	0	0	0	0	0	0	0	0	0	0	0	0	3.59073	0	0	0	0	0	0	0	0	9.16792	0	0	0	0	0	0	0	0	0	0	0	0	
0	0	0	0	0	0	0	0	11.59867	0	11.19242	0	0	0	0	0	0	0	0	0	0	0	0	0	0	0	10.95483	0	0	0	0	0	0	0	0	1.99494	0	12.63072	11.19738	0	8.1638	9.3519	0	5.33681	0	12.38941	5.07486	6.95267	8.55807	7.89769	0	6.33875	0.37696	0	0	0	6.92525	2.97594	0	0	0	0	0	0	0	0	10.48311	0	0	0	0	0	0	0	0	0	0	0	0	0	0	0	0	0	0	0	0	0	0	0	0	0	0	0.67554	0	0	0	0	0	0	
0	0	0	0	0	0	0	0	0	0	0	13.74932	0	0	11.59756	0	0	0	0	0	0	0	0	0	0	0	0	0	0	0	0	10.73816	0	0	7.59912	0	11.74327	0	0	9.12843	12.24729	0	8.6112	8.9657	10.32425	7.42433	10.89987	8.28455	3.1263	9.31783	6.48533	10.03949	10.35289	9.84353	0	9.42453	10.89954	0	0	4.35112	12.29907	4.89294	0	9.77362	0	0	0	0	0	0	0	0	0	0	0	7.20207	0	0	0	0	0	0	0	5.79813	0	0	0	0	0	0	0	0	0	0	0	0	0	0	0	0	
0	0	0	0	0	0	0	0	0	0	0	0	16.82231	0	0	0	0	0	0	0	0	0	0	0	0	0	0	0	0	9.08706	0	0	7.93812	0	8.64143	0	11.8121	0	12.09954	9.98901	9.84126	13.00673	9.18662	6.52694	8.28188	6.08255	10.11771	11.06398	2.80155	8.53854	9.74736	13.1804	10.20805	8.77185	6.17975	8.22211	11.79344	0	0	8.685	7.19393	0	0	0	0	0	0	0	0	0	0	0	0	9.38694	0	0	0	0	0	0	9.13612	0	0	0	0	0	0	0	0	0	0	0	0	0	0	0	0	0	0	0	
0	0	0	0	0	0	0	12.82258	0	0	0	9.56139	0	0	0	0	0	0	0	0	0	0	0	0	0	0	0	8.51171	0	0	5.14317	0	14.50878	0	0	0	2.45389	12.21086	7.23294	11.1228	10.22163	5.63742	0	10.56229	10.10398	8.95766	9.46551	9.29557	10.54388	9.4647	5.35627	9.4343	11.19222	8.08337	8.96551	5.47428	11.95935	5.46191	4.80728	8.78702	6.20208	12.01192	11.36043	0	9.43826	0	0	0	0	0	0	0	0	12.70312	0	0	0	0	0	0	0	0	0	0	0	0	0	0	0	0	0	0	0	0	0	0	0	0	0	0	
10.45728	0	0	0	0	0	0	0	9.01967	0	0	0	7.34466	0	0	0	0	0	0	0	0	0	0	0	13.22193	0	0	7.53553	0	0	0	0	6.53866	0	12.29828	7.39927	0	6.1102	10.56989	6.42798	11.31719	9.78937	5.37326	9.93372	11.51675	10.12444	7.39249	9.75837	5.63851	4.83883	9.76533	5.63494	6.16496	4.27413	11.45231	9.12301	13.11115	6.25	0	9.20457	0.37696	0.37696	0	5.64965	0	10.28637	0	0	0	0	0.67554	0	0	0	0	0	0	0	0	0	0	0	3.22487	0	0	8.39573	0	0	0	0	0	0	0	0	0	0	0	0	0	0	
0	0	0	11.67956	0	0	0	0	0	0	0	0	0	0	0	0	0	0	8.5887	0	0	11.44306	0	8.55359	11.19102	7.81727	0	0	10.1516	7.51448	11.52141	0	10.22506	0	0	1.76077	0	10.16507	9.70362	9.2091	8.53636	5.89951	8.88736	9.08704	10.30577	9.8177	8.23107	8.79196	10.0612	7.20862	10.13776	8.15231	10.50165	9.03113	6.33007	11.30511	0	4.8411	5.42464	8.32448	0.37696	4.63736	8.95093	0	0	0	0	0	0	6.66714	0	0	3.51739	0	1.6277	7.58348	12.85411	4.80083	0	0.37696	0	0	0	0	0	0	0	0	0	0	0	0	0	0	0	0	0	0	0	0	
8.59651	0	0	0	11.73685	6.21708	0	0	0	0	0	0	0	0	0	0	0	9.65573	0	0	0	0	0	0	10.00921	0	8.51049	8.82526	0	15.71493	10.19653	0	0	0	10.5884	9.55224	5.66353	9.36656	10.91679	8.16613	7.20766	8.7529	8.84177	8.42793	9.283	8.47764	9.67352	7.95591	7.61114	10.52377	5.28148	9.80848	11.68559	6.16606	9.74549	10.22121	9.99486	4.0185	5.10947	7.98278	13.02948	0	6.61494	12.20585	10.56129	10.35836	9.64924	0	0	0	0	0	0	0	7.9151	0	0	0	0	0	0	0	0	0	0	0	0	0	0	0	0	0	0	0	0	1.13383	0	0	0	0	
0	0	0	0	0	0	0	0	7.56767	0	8.16218	0	0	0	0	0	13.28363	11.78721	8.70268	6.56164	14.21963	9.79437	0	0	0	14.90989	0	10.37013	5.27751	11.29113	0	9.69888	11.54663	8.12948	8.68825	10.21427	6.59876	9.24628	9.39257	8.73512	9.37686	7.4756	5.23143	7.74713	9.75726	7.40089	7.82633	8.59325	8.47438	7.63573	7.82678	11.28669	7.40975	7.78992	6.10675	6.3757	5.05587	8.44653	0	4.63736	6.20888	7.99832	7.30396	0	7.1661	11.5307	10.92899	0	0	0	0	6.65009	0	0	7.29888	0	0	0	9.49667	0	0	0	0	0	0	9.12073	0	0	0	0	0	0	0	0	0	5.47881	0	0	0	0	
0	10.40359	0	0	0.37696	8.63494	0	0	0	0	0	0	0	0	2.60315	10.36327	0	10.47342	10.71034	0	10.98575	0	6.92284	0	0	0	0	0	9.84805	11.19371	6.99579	0	10.31303	7.23693	8.91122	8.23661	10.12183	10.52307	9.24298	8.59426	9.13289	7.6762	7.89111	8.39899	7.94771	7.32961	8.83617	9.28683	7.96267	6.97832	7.83753	8.44489	8.04105	8.1619	9.79586	7.90266	5.16735	6.75651	7.55438	6.51552	0	7.93988	0	11.73521	9.70162	3.22662	6.5483	2.92012	0	0	0	0	0	0	0	0.37696	0	0	0	0	7.85967	0	0	0	0	0	0	0	0	0	0	0	0	0	0	0	0	0	0	0	
0	11.80874	10.34153	0	9.50485	0	0	0	0	0	9.86792	0	0	0	9.08389	4.26412	0	8.78897	0	0	7.3125	8.27217	8.76847	10.74722	8.08178	8.47707	0	6.46755	7.04205	6.86395	14.42024	10.77132	11.09608	9.94324	10.54544	6.72749	8.20613	8.60217	8.53034	7.3859	7.25055	8.02189	7.72089	6.7756	6.68042	7.67246	8.49914	8.28613	8.31508	8.78318	7.82648	9.40896	8.1129	6.67646	6.98207	8.54452	7.77016	5.44155	7.98271	8.25535	0	7.94233	10.06808	10.27723	2.31868	0	0	0	0	0	0	9.61287	0	0	10.30726	0	9.24946	0	1.76077	0	0	0	0	4.67099	0	1.43103	0	0	0	0	0	0	0	0	0	0	0	0	0	0	
0	0	0	0	0	0	0	0	10.39241	0	9.43391	9.66	0	0	0	0	0	0	9.80285	0	3.39987	0	0	0	0	7.42707	11.36478	0	1.99494	8.75845	5.82878	6.93698	7.49551	9.36173	10.46357	8.52062	8.52573	8.37018	8.10835	8.40234	4.44016	8.20672	8.94604	7.102	7.39877	8.19331	6.06399	7.66098	8.32954	8.72889	7.60903	8.03522	5.99507	7.76108	7.23733	10.08218	8.43507	9.10452	9.87848	7.10818	8.85383	5.32339	11.99691	8.05699	0	9.78815	0	9.4503	0	0	0	0	0	0	0	0	0	0	0.92281	0	0	7.72051	0	0	0	0	0	9.09451	3.62605	10.05771	0	0	0	0	0	0	0	0	0	0	
0	0	0	0	0	0	0	0	11.3476	10.75196	0	1.48109	0	13.15678	0	0	0	3.6942	10.28568	7.47783	0	0	1.31788	8.94868	8.55014	10.52316	7.51448	9.80788	6.31488	9.62705	0	7.01573	5.60772	5.52408	3.86135	8.54253	8.92449	6.62181	10.59526	5.60756	8.67021	8.67471	8.25597	7.80065	6.83581	7.78478	8.73115	7.51653	7.17169	9.78372	7.85432	7.08378	6.27599	5.99962	7.71658	8.32423	5.43922	5.18993	9.60906	8.23558	5.99142	10.52371	10.79856	10.88753	5.81071	9.26964	9.34992	0	0	0	0	0	0	9.63475	10.29119	0	0	0	13.43771	0	0	0	0	0	0	0	0	0	6.95097	0	4.49179	0	0	0	0	0	0	0	0	0	
0	0	12.89546	8.85865	0	6.57526	0	2.19636	2.45389	0	0	0	0	0	0	0	0	7.16625	0	0	0	0	0	12.83572	0	9.22591	0	10.54703	8.58534	8.05127	0	9.43442	0	7.87713	4.72255	8.19099	7.66824	7.03335	3.30405	10.16256	6.79247	9.07826	7.02039	8.09627	6.94703	6.80238	5.6451	7.57835	7.09514	7.45426	7.89639	7.33891	8.04881	8.01524	7.88918	5.79377	7.60049	8.06628	7.31387	7.62418	9.141	8.01253	3.76428	12.66442	4.58197	0	0	7.818	5.05521	3.0339	1.33618	0	10.02211	0	1.45371	0	7.14648	0	0	0	0	0	5.66381	0	0	0	0	0	0	0	0	0	0	0	0	0	0	0	0	0	
0	0	0	0	0	0	0	0	1.13383	0	10.43162	9.54072	9.59213	0	11.08189	0	0	7.07117	0	3.02968	0	0	0	0	0	0	5.86618	4.43317	4.79154	0	7.39927	8.97427	6.26606	8.51226	5.79672	8.48601	10.40832	8.39551	7.26688	9.10915	9.57449	5.79714	6.87126	6.26407	6.94448	8.3143	5.77191	6.57224	7.13795	5.6074	7.03251	9.05694	8.85523	7.58403	7.79713	5.73178	6.59621	7.99836	8.58482	8.11884	8.22039	6.06955	8.20069	5.16454	0	5.99493	10.81692	6.78637	0	0	7.87713	0	7.4364	1.28666	0	14.13488	0	0	0	0	0	0	0	0	0	0	0	0	6.60456	0	0	0	0	0	0	0	0	0	0	0	
0	0	0	0	0	0	0	0	0	11.69485	0	0	4.04675	0	0	0	0	0	0	0	0	0	0	9.56546	0	0	9.1367	0	0	4.32206	7.36034	0	0	6.71078	5.91697	6.53866	8.47949	3.17985	0	8.72728	4.46875	10.45513	4.02985	6.22854	10.26553	9.45588	6.40444	8.16301	8.4318	4.19504	6.76525	9.0035	6.87837	5.94018	8.32985	7.33693	7.12844	6.73687	4.52082	7.18898	7.56686	4.71683	3.84469	10.68164	7.53557	5.60577	9.09732	10.00293	5.30906	0	0	6.72122	0	4.68838	0	9.17017	11.63149	0	0	0	0	0	0	0	5.90264	0	0	0	0	0	0	10.5322	0	0	0	0	8.8198	0	0	0	
0	0	0	0	0	0	0	0	0	0	0	10.29565	0	0	0	0	0	7.72532	8.77527	0	0	0	0	0	0	0	0	7.49073	0	0	0	0	4.82426	5.89829	7.26435	0	6.42707	9.8454	2.60726	6.56954	6.41065	8.9982	9.50889	3.15943	0	9.64309	5.82225	4.83255	7.22475	5.59171	9.29162	11.32056	8.55497	4.7212	6.93332	5.48636	6.28848	6.34974	7.37364	8.6115	6.93694	6.57831	0	8.02251	6.59459	0	9.7102	7.33402	9.13842	9.16452	0	0	0	0.37696	0	10.44249	0	8.27496	0	0	0	4.73175	0	0	0	0	0	0	0	0	0	0	0	0	0	0	0	0	0	0	
0	0	0	0	4.20512	0	0	0	0	0	9.2537	0	5.61689	0	0	10.25745	0	0	8.32686	0	5.46886	5.40956	0	0	0	10.32416	4.72141	0	0	5.80936	0	10.19282	11.57782	0	0	8.52229	8.43163	1.13383	10.96952	10.31779	6.65863	8.21388	5.60506	9.23093	5.30902	6.0021	12.117	3.72403	7.01235	7.94731	8.0912	7.32152	8.73678	8.39458	6.32638	7.15641	7.7933	6.96154	3.99023	6.85375	5.66241	6.80415	5.28046	2.42834	9.23235	0	7.60006	11.8954	0	0.92281	8.46756	8.8425	8.16414	11.58586	9.83676	0	4.13164	0	0	0	7.66003	0	0	0.37696	0	1.6277	0	0	0	0	0	0	0	0	0	0	0	0	0	0	
0	0	0	0	0	0	0	0	0	0	0	7.00228	3.04366	0	0	10.2571	0	0	0	0.67554	4.35112	0	5.21452	0	0	0	0	0	0	7.03255	5.2602	5.33308	0	0	0	9.31855	0	0	0	4.98893	3.47543	4.82592	5.17162	5.70282	8.88166	4.22978	5.47629	8.47696	7.24735	2.50204	0	0	8.03199	8.86166	0	6.94799	7.5902	7.28446	6.38908	6.81372	8.07032	8.67334	7.69714	6.53351	5.19158	4.85948	1.76077	8.20556	0	9.78067	0	7.90869	5.9389	9.08548	10.79066	0	1.8826	0	8.26519	0	0	0	0	0	0	0	0	0	0	0	0	0	0	0	0	0	0	0	0	0	
0	0	0	10.57942	0	0	0	0	0	0	0	0	0	0	0	0	1.31788	0	0	0	0	0	8.21097	0	0	0	7.28552	7.828	8.71196	9.22878	0	0	1.8826	0	0	10.39015	0	0.92281	3.02968	5.56595	6.38714	0	2.09916	0	4.40291	11.92064	5.07389	7.4568	5.32117	6.62951	6.10409	6.44846	8.73138	9.00483	6.75968	6.04209	8.13312	5.89472	7.74933	6.29091	7.96803	8.92334	8.4647	8.65053	7.14388	8.97633	6.96057	6.85376	8.62868	8.1505	5.65615	9.91505	4.33066	4.82242	8.56938	0	12.04431	0.37696	7.33361	10.19964	3.44012	5.0809	1.6277	0	0	0	0	0	0	0	0	0	0	0	0	0	0	1.48109	0	12.28809	
0	0	4.73399	0	0	0	0	0	0	0	0	0	0	0	0	0	0	0	0	0	9.01811	0	0	0	0	10.5043	0	9.32563	0	7.44448	0	10.68341	9.25228	0	8.66178	0	0	7.80374	6.90022	0	7.52621	0	0	9.67493	10.89975	9.42892	0	6.81398	1.48109	10.73872	9.2181	9.47262	7.4588	7.84067	6.69273	8.78544	0.37696	6.36695	8.70637	6.44356	3.35691	6.35805	6.86492	1.91526	4.62119	5.31716	5.34031	0	9.11087	3.92887	4.82923	7.31121	6.27542	8.75376	0.37696	0	6.05391	0	1.89593	3.17985	0	5.53933	0	0	0	0	0	0	4.29911	0	0	0	0	0	0	0	2.28741	0	0	0	
0	0	0	0	4.73765	0	0	0	0	0	0	0	8.42287	0	0	0	0	0	0	0	0.67554	8.78799	0	0	0	0	0	9.47302	0	0	0	0.37696	9.03628	0	0	0	6.19496	0	2.86205	8.36916	0	0	3.77081	0.92281	6.26945	0	2.75702	9.89893	0.67554	5.52511	8.9139	5.66812	10.7853	3.1119	8.60227	1.43595	0	6.34982	4.59862	1.91663	6.72435	5.44538	9.3533	6.84017	5.69001	9.38763	9.54425	4.43796	7.62314	6.02104	7.64714	0	0	8.11077	0	7.71272	6.44094	6.50466	0	0	0	0	0	0	8.40137	0.37696	0	0	0	0	0	0	0	0	0	0	8.38986	0	0	0	
0	0	0	0	0	0	0	0	0.67554	0	0	0	0.37696	0	0	0	8.23118	0	6.88325	0	0	0	0	0	1.52466	0	0	0	0	0	0	0	0	0	8.16218	8.67554	0	9.92752	0	0	0	0	4.68838	6.20083	0	12.70221	11.40782	11.61057	0	3.87441	0	9.88077	8.43786	8.31324	0	7.58124	0	7.28563	0	4.63944	7.36732	0	4.33719	9.02887	4.5076	7.43714	7.83482	4.41796	9.29474	7.06585	8.26467	3.59547	7.35309	6.684	7.19198	4.79724	8.65908	11.02287	0	0	6.52	0	11.57215	0	2.16493	9.36698	7.0871	6.95445	6.86119	0	6.79329	0	0	6.28117	0	0	0	0	0	0	
0	0	0	0	0	0	0	0	0	0	0	0	0	0	0	0	0	0	0	0	3.08578	0	0	0	0	0	0	0	0	6.05943	0	0	0	0	9.20999	0	0	0	0	0	9.40179	0	8.24261	9.61016	7.30716	0	0	2.09916	7.59912	6.14766	7.82489	0	0	1.96575	4.84969	7.18727	0	0	6.29847	8.53738	10.63412	5.57269	2.42927	5.8957	6.29762	6.69332	2.45418	5.92251	8.18671	9.52861	9.7968	7.73579	5.06772	6.11593	4.10158	0	4.62198	0	2.1508	0	0	0	1.13383	0	0	0	9.09216	0	0	0	0	0	0	0	0	0	0	0	0	0	
0	0	0	0	8.35476	0	0	0	0	0	0	4.32986	0	8.39755	0	0	0	0	0	0	0	0	0	0	0	0	0	0	0	0	0	0	0	0	0	0	0	0	0	7.25395	0	0	5.48844	0	5.86419	0	3.76152	5.23754	0	0	0.37696	0	0	0	8.79674	0	0	0	0	9.79899	6.9041	0.67554	6.37469	8.0458	7.17569	0	3.48242	4.35296	8.68624	8.75239	8.23602	10.00423	8.41819	5.76493	0	0	7.2735	4.96154	10.22545	4.37207	2.92012	7.98818	0.92281	0	3.22662	0	5.01581	10.70873	0	5.23784	0	0	0	0	0.92281	0	0	0	0	0	
0	0	0	0	0	0	0	0	0	0	0	0	0	0	0	0	0	6.51434	0	0	0	2.09916	10.09836	0	0	0	7.95905	0	0	0	0	0	0	7.60451	5.21173	0	0	0	0	0	0	0	0	0	0	0	0	0	0	0	0	0	0	0	0	7.79157	9.4235	10.32333	6.62848	3.62605	0	6.65692	6.96675	0	7.7154	8.43452	6.20239	7.18328	5.43406	4.8668	7.34483	5.99136	6.98378	5.64281	7.05636	7.73712	6.81409	0	9.01478	6.73322	0	0	6.76342	0	5.11858	8.85235	1.8826	2.86205	0	10.98327	0	0	0	0	0	0	8.06473	0	0	0	
0	0	0	0	0	0	0	0	7.53119	0	0	8.68185	0	0	0	0	0	0	0	0	0	0	0	0	0	0	0	11.23039	0	0	0	0	0	0	0	0	0	0	0	9.28296	0	0	0	0	0	7.08075	0	7.34995	7.74079	0	0	10.40771	0	0	0	0	0	0	6.83384	0	6.98555	0	8.39528	9.27854	6.6045	4.86454	7.87683	0	0	6.16908	7.88587	2.67236	10.08422	6.78437	4.86126	9.27207	1.33618	0	0	7.66502	7.29993	8.22255	9.77657	8.58219	5.31356	0	0	0	0	0	6.71303	0	9.6934	0	0	0	0	0	0	0	
0	0	0	0	0	0	0	0	0	0	0	0	0	9.95556	0	0	0	0	0	8.96565	0	0	0	0	0	3.59212	0	0	0	0	0	0	0	0	7.66852	0	0	6.03479	0	0	10.60924	0	6.78901	12.13272	3.27192	0	0	0	0	0	7.5944	8.09602	0	0	7.01232	0	0	0	0	6.5841	4.69254	0	3.82297	8.57972	6.83124	3.93043	9.47855	8.31473	0.37696	4.58255	6.83277	0	7.95028	6.31134	10.3372	6.76362	4.49666	4.74595	7.56027	3.5799	0	6.86886	2.09916	4.2426	2.95491	0	0	13.37672	2.48848	0	4.94765	0	0	6.36662	0	0	0	0	4.98942	0	
0	0	0	0	0	0	0	9.29062	0	0	0	0	0	0	0	0	0	0	0	0	0	0	2.67236	0	0	0	0	0	12.63222	0	0	0	0	0	12.41892	0	0	10.82383	0	0	0	1.14371	0	0	0	0	6.40289	0	0	0	0	0	11.99419	0	0	0	3.33444	7.68536	0	5.01583	6.5087	0	0	7.22279	0	4.60232	0	9.59477	6.66644	9.62551	7.09399	6.42385	9.18653	5.83474	4.54811	7.83119	7.90843	0	7.51671	4.99845	7.03996	9.12693	3.44889	0	7.52589	0	5.72672	3.99477	0	0	11.49964	7.73125	0	0	0	0	8.80927	0	0	0	
0	0	0	0	0	0	0	0	0	0	0	0	0	0	0	0	0	0	0	0	0	0	0	0	0	0	0	0	0	0	0	0	0	0	0	0	0	5.72618	0	0	0	0	0	0	0	0	0	0	0	3.96636	0	5.43754	0	3.94211	0	0	6.59767	13.21558	0	0	2.19636	0	9.57896	9.31653	7.93636	6.21539	0	0	7.96291	7.84445	0	4.30827	5.56385	9.97452	7.28105	6.30646	0	3.49384	5.77459	7.06886	2.40421	9.61126	5.82117	0.37696	0	0	3.9404	0	0	0	0	0	6.03764	6.32148	7.42456	0	0	0	0	0	
0	0	0	0	0	0	0	10.75969	0	0	0	0	0	0	0	0	0	0	0	0	0	0	0	0	0	0	0	0	0	0	0	0	0	0	0	0	0	7.62836	0	6.96483	0	0	0	0	0	0	0	0	0	0	3.97642	0	0	10.98915	6.50973	0	0	6.50649	9.74026	13.98529	0	0.37696	0	7.66852	9.89098	9.37738	0	0	7.33522	6.04991	6.62662	4.40853	5.00737	7.60381	1.31788	6.5667	6.68155	0	8.80808	7.87522	8.62415	8.38471	5.05909	4.88682	8.18021	0	0	1.24237	0	0	4.58448	0	0	0	0	8.06844	0	0	0	0	
0	0	0	0	0	0	0	0	0	0	0	0	0	0	0	0	0	0	0	0	0	0	0	0	0	10.19414	0	0	0	0	0	0	0	0	0	0	0	7.94513	0	0	0	0	0	0	9.2761	0	0	0	12.68799	0	0	0	0	0	0	0.67554	0	0	0	0	0	0	8.90602	0	0	6.09667	6.1129	5.58286	0.37696	7.24019	3.11041	0	9.59866	0	8.34552	6.74051	0	8.04522	4.74936	6.68071	1.83113	0	7.08796	0	13.53886	6.97188	0	0	0	0	10.25251	0	0	0	0	0	0	2.80155	0	0	
0	0	0	0	0	0	0	0	0	0	0	0	9.44878	0	0	0	0	0	0	0	0	0	0	0	0	0	0	0	0	0	0	0	0	0	0	0	0	0	0	0	0	0	0	0	0	0	0	10.26342	0	0	3.62605	0	7.51918	0	0	0	0	0	0	4.5777	0	0	0	4.85948	4.39273	7.55169	8.52759	0	0.37696	0	0	8.58197	0	0	0	0.94362	7.0359	9.05368	4.24339	5.26133	0	6.52264	6.36147	3.37091	6.54518	3.68962	2.89638	0	7.35259	0	0	0	0	7.62554	0	0	0	0	0	0	
0	0	0	0	0	0	0	0	0	0	0	0	0	0	0	0	0	0	0	0	0	0	0	0	0	0	0	0	0	0	0	0	10.58756	0	0	0	0	0	0	0	0.37696	0	0	0	0	0	0	0	0	0	0	0	0	0	0	0	4.51598	0	0	0	9.5706	0	0	2.44184	0	8.43412	0	0	7.24366	0	0	0	9.76671	0	0	3.79074	0	0	5.77596	7.53582	9.39306	6.44287	8.95528	0	7.67486	0	0.37696	0	0	1.76077	5.528	3.95725	5.4236	0	0	0	0	0	0	0	
0	0	0	0	0	0	0	1.11993	0	0	0	0	0	0	0	0	0	0	0	0	0	0	0	0	0	0	0	6.26385	0	0	0	0	0	0	0	0	0	0	0	0	0	0	0	0	0	0	0	0	0	0	0	0	0	0	0	0	0	0	0	0	0	0	0	0	0	0	0	0	0	0	2.79423	2.52967	7.33697	0	0	9.68009	10.21567	0	10.57291	7.86978	0	6.139	0	5.82117	4.94765	8.6624	0	9.84838	0	0	0	5.0422	0	0	0	9.46959	0	0	0	0	
0	0	0	0	0	0	0	0	0	0	0	0	0	0	0	0	0	0	0	0	12.43729	0	0	0	0	0	0	0	0	0	5.95219	0	0	0	0	0	0	0	0	0	0	0	0	0	0	0	0	0	0	0	0	0	0	0	0	0	0	0	0	11.25015	0	0	0	0	7.06153	8.0184	6.45274	7.5431	0	0	0	0	0	0	0	2.19636	6.20851	2.37306	0	0	3.77657	0	0	0	3.9411	2.53045	7.5301	3.80054	11.19848	0	11.20907	6.40779	4.02045	9.18726	0	6.99216	0	0	0	0	
0	0	0	0	0	0	0	0	0	0	0	0	0	0	0	0	0	0	0	0	0	0	0	0	0	0	0	0	0	0	0	0	0	0	0	0	0	0	0	0	0	0	0	0	0	0	0	0	3.02968	0	0	0	0	0	0	0	0	0	0	0	0	0	0	0	0	0	0	0	0	3.93853	10.71707	10.78554	6.05108	0	8.44034	6.11642	0	9.51268	0	0	0	8.34949	9.16558	0	4.33935	0	0.67554	0	0	2.70301	0	1.90328	2.95491	0	2.80155	0	0	0	0	0	
0	0	0	0	0	0	0	0	0	0	0	0	0	0	0	8.69021	0	0	0	0	0	0	0	0	0	0	0	0	0	0	0	0	0	0	7.85125	0	0	0	0	0	0	0	0	0	0	0	0	0	0	0	0	0	0	0	0	0	0	0	0	0	0	0	0	0	0	0	0	5.76683	0	0	0	0	0	9.97324	0	0	0	0.46141	0	0	0	3.51739	0	0	8.8383	0	6.31037	3.01338	7.06475	9.74565	10.45236	0	9.53027	0	0	0	0	0	0	0	
0	0	0	0	0	0	0	0	0	0	0	0	0	0	0	0	0	0	0	0	0	0	0	0	0	0	0	0	0	0	0	0	0	0	0	0	0	0	0	0	0	0	0	0	0	0	0	0	5.63434	5.36844	0	0	0	0	0	0	0	0	0	7.66428	0	0	0	0	0	6.09311	0	0	0	0	0	8.82551	0	0	0	0	0	12.29496	0	6.2837	11.45139	0	0	8.69126	0	0	0	0	0	0	0	0	0	0	0	0	0	0	0	0	
0	0	0	0	0	0	0	0	0	0	0	0	0	0	0	0	0	0	0	0	0	0	0	0	0	0	0	0	0	0	0	0	0	0	0	0	0	0	0	0	0	0	0	0	0	0	0	0	0	0	0	0	0	0	0	2.33165	0	0	13.73937	0	0	0	0	0	7.49789	0	0	0	0	0	0	0	0	0.37696	0	0	6.01349	0	0	0	4.19423	3.67264	6.25392	9.85204	0	0	0	9.33599	8.27869	0	2.45389	11.56138	10.03654	0	0	0	0	0	0	0	
0	0	0	0	0	0	0	0	0	0	0	0	0	0	0	0	0	0	0	0	0	0	0	0	0	0	0	0	0	0	0	0	0	0	0	0	0	0	0	0	0	0	0	0	0	0	0	0	0	0	0	0	0	0	0	0	0	0	0	0	0	0	0	0	0	0	0	0	0	0	0	0	0	0	0	0	0	0	0	0	0	0	0	0	0	0	0.37696	0	0	0	0	10.9708	0	0	0	0	0	0	0	0	
0	0	0	0	0	0	0	0	0	0	0	0	0	0	0	0	0	0	0	0	0	0	0	0	0	0	0	0	0	0	0	0	0	0	0	0	0	0	0	0	0	0	0	0	0	0	0	0	0	0	0	0	0	0	0	0	0	0	0	0	0	0	0	0	0	0	0	0	0	0	9.91214	0	0	0	0	0	0.37696	0	0	9.33916	0	0	0	12.11817	0	0	0	0	0	0	4.38315	9.42202	0	0	0	0	0	0	0	0	
0	0	0	0	0	0	0	0	0	0	0	0	0	0	0	0	0	0	0	0	0	0	0	0	0	0	0	0	0	0	0	0	0	0	0	0	0	0	0	0	0	0	0	0	0	0	0	0	0	0	0	0	0	0	0	0	0	0	0	1.6277	0	0	0	0	0	0	0	0	0	0	7.13692	0	0	0	0	0	0	0	0	0	0	0	0	0	0	0	4.84647	0	0	0	0	0	0	0	0	0	0	0	0	0	
0	0	0	0	0	0	0	0	0	0	0	0	0	0	0	0	0	0	0	0	0	0	0	0	0	0	0	0	0	0	0	0	0	0	0	0	0	0	0	0	0	0	0	0	0	0	0	0	0	0	0	0	0	0	0	0	0	0	0	0	0	0	0	0	0	0	0	0	0	9.6434	2.09916	0	0	0	0	0	0	0	7.95384	0	0	0	0	0	0	0	0	0	7.53088	4.1229	0	0	0	0	0	0	0	0	0	0	
0	0	0	0	0	0	0	0	0	0	0	0	0	0	0	0	0	0	0	0	0	0	0	0	0	0	0	0	0	0	0	0	0	0	0	0	0	0	0	0	0	0	0	0	0	0	0	0	0	0	0	0	0	0	0	0	0	0	0	0	0	0	0	0	0	0	0	0	0	0	0	0	0	0	0	0	0	0	0	0	0	0	0	0	0	0	0.67554	0	0	0	0	0	0	0	0	0	0	0	0	0	
0	0	0	0	0	0	0	0	0	0	0	0	0	0	0	0	0	0	0	0	0	0	0	0	0	0	0	0	0	0	0	0	0	0	0	0	0	0	0	0	0	0	0	0	0	0	0	0	0	0	0	0	0	0	0	0	0	0	6.96138	0	0	0	0	0	0	0	0	0	0	0	0	0	0	0	0	5.82877	0	0	0	0	0	0	0	0	0	0	0	0	0	0	0	0	0	0	0	0	0	0	0	0	
0	0	0	0	0	0	0	0	0	0	0	0	0	0	0	0	0	0	0	0	0	0	0	0	0	0	0	0	0	0	0	0	6.17125	0	0	0	0	0	0	0	0	0	0	0	0	0	0	0	0	0	0	0	0	0	0	0	0	0	0	0	0	0	0	0	0	0	0	0	0	0	0	0	0	0	0	0.37696	0	0	0	0	0	0	0	0	0	0	0	0	0	0	0	0	0	0	0	0	0	0	0	0	
0	0	0	0	0	0	0	0	0	0	0	0	0	0	0	0	0	0	0	0	0	0	0	0	0	0	0	0	0	0	0	0	0	0	0	0	0	0	0	0	0	0	0	0	0	0	0	0	0	0	0	0	0	0	0	0	0	0	0	0	0	0	0	0	0	0	0	0	0	0	0	0	0	0	0	0	0	0	0	0	0	0	0	0	0	0	0	0	0	0	0	0	0	0	0	0	0	0	0	0	
0	0	0	0	0	0	0	0	0	0	0	0	0	0	0	0	0	0	0	0	0	0	0	0	0	0	0	0	0	0	0	0	0	0	0	0	0	0	0	0	0	0	0	0	0	0	0	0	0	0	0	0	0	0	0	0	0	0	0	0	0	0	0	0	0	0	0	0	0	0	0	0	0	0	0	0	0	0	0	0	0	0	0	0	0	0	0	0	0	0	0	0	0	0	0	0	0	0	0	0	
0	0	0	0	0	0	0	0	0	0	0	0	0	0	0	0	0	0	0	0	0	0	0	0	0	0	0	0	0	0	0	0	0	0	0	0	0	0	0	0	0	0	0	0	0	0	0	0	0	0	0	0	0	0	0	0	0	0	0	0	0	0	0	0	0	0	0	0	0	0	0	0	0	0	0	0	0	0	0	0	0	0	0	0	0	0	0	0	0	0	0	0	0	0	0	0	0	0	0	0	
0	0	0	0	0	0	0	0	0	0	0	0	0	0	0	0	0	0	0	0	0	0	0	0	0	0	0	0	0	0	0	0	0	0	0	0	0	0	0	0	0	0	0	0	0	0	0	0	0	0	0	0	0	0	0	0	0	0	0	0	0	0	0	0	0	0	0	0	0	0	0	0	0	0	0	0	0	0	0	0	0	0	0	0	0	0	0	0	0	0	0	0	0	0	0	0	0	0	0	0	
0	0	0	0	0	0	0	0	0	0	0	0	0	0	0	0	0	0	0	0	0	0	0	0	0	0	0	0	0	0	0	0	0	0	0	0	0	0	0	0	0	0	0	0	0	0	0	0	0	0	0	0	0	0	0	0	0	0	0	0	0	0	0	0	0	0	0	0	0	0	0	0	0	0	0	0	0	0	0	0	0	3.96636	0	0	0	0	0	0	0	0	0	0	0	0	0	0	0	0	0	0	
0	0	0	0	0	0	0	0	0	0	0	0	0	0	0	0	0	0	0	0	0	0	0	0	0	0	0	0	0	0	0	0	0	0	0	0	0	0	0	0	0	0	0	0	0	0	0	13.32523	0	0	0	0	0	0	0	0	0	0	0	0	0	0	0	0	0	0	0	0	0	0	0	0	0	0	12.53916	0	0	0	0	0	0	0	0	0	0	0	0	0	0	0	0	0	0	0	0	0	0	0	0	0	
