0	0	0	0	0	0	0	0	0	0	0	0	0	0	0	0	0	0	0	0	0	0	0	0	0	0	0	0	0	0	0	0	0	0	0	0	0	0	0	0	0	0	0	0	0	0	0	0	0	0	0	11.69342	0	0	0	0	0	0	0	0	0	0	0	0	0	0	0	0	0	0	0	0	0	0	0	0	0	0	0	0	0	0	0	0	0	0	0	0	0	0	0	0	0	0	0	0	0	0	0	0	
0	0	0	0	0	0	0	0	0	0	0	0	0	0	0	0	0	0	0	0	0	0	0	0	0	0	0	0	0	0	0	0	0	0	0	0	0	0	0	0	0	0	0	0	0	0	0	14.18909	0	0	0	0	0	0	0	0	0	0	0	0	0	0	0	9.48246	0	0	0	0	0	0	0	0	0	0	0	0	0	0	0	0	0	0	0	0	0	0	0	0	0	0	0	0	0	0	0	0	0	0	0	0	
0	0	0	0	0	0	0	0	0	0	0	0	0	0	0	0	0	0	0	0	0	0	0	0	0	0	0	0	0	0	0	0	0	0	0	0	0	0	0	0	0	0	0	0	0	0	0	0	0	0	0	0	0	0	10.10158	0	0	0	0	0	0	0	0	0	0	0	0	0	0	0	0	0	0	0	0	0	0	0	0	0	0	0	0	0	0	0	0	0	0	0	0	0	0	0	0	0	0	0	0	0	
0	0	0	0	0	0	0	0	0	0	0	0	0	0	0	0	0	0	0	0	0	0	0	0	0	0	0	0	0	0	0	0	0	0	0	0	0	0	0	0	0	0	0	0	0	0	12.38955	8.7351	0	0	0	0	0	0	0	0	0	0	0	0	0	0	0	0	0	0	0	0	0	0	0	0	0	0	0	0	0	0	0	0	0	0	0	0	0	0	0	0	0	0	0	0	0	0	0	0	0	0	0	0	
0	0	0	0	0	0	0	0	0	0	0	0	0	0	0	0	0	0	0	0	0	0	0	0	0	0	0	0	0	0	0	0	0	0	0	0	0	6.42643	0	0	0	0	0	13.75929	0	0	0	0	0	0	0	0	0	0	0	0	0	0	0	0	0	0	0	0	0	0	0	0	0	0	0	0	0	0	0	0	0	0	0	0	0	0	0	0	0	0	0	0	0	0	0	0	0	0	0	0	0	0	0	0	
0	0	0	0	0	0	0	0	0	0	0	0	0	0	0	0	0	0	0	0	0	0	0	0	0	0	0	0	0	0	0	0	0	0	0	0	0	0	0	0	0	0	0	0	0	0	0	0	0	0	0	0	0	0	0	0	0	0	0	0	0	0	0	0	0	0	0	0	0	0	0	0	7.65209	0	0	0	0	0	0	0	0	0	0	0	0	0	0	0	0	0	0	0	0	0	0	0	0	0	0	0	
0	0	0	0	0	0	0	0	0	0	0	0	0	0	0	0	0	0	0	0	0	0	0	0	0	0	0	0	0	0	0	0	0	0	0	0	0	0	0	0	0	0	0	0	0	0	0	0	0	0	0	0	0	0	0	0	0	0	0	0	0	0	0	0	0	0	0	0	0	0	0	0	0	0	10.96874	0	0	0	0	0	0	0	0	0	0	0	0	0	0	0	0	0	0	0	0	0	0	0	0	0	
0	0	0	0	0	0	0	0	0	0	0	0	0	0	0	0	0	0	0	0	0	0	0	0	0	0	0	0	0	0	0	0	0	0	0	0	0	0	0	0	0	0	0	0	0	0	0	0	0	0	0	7.05178	0	0	0	12.75436	0	0	7.54777	0	0	0	0	0	0	0	0	0	0	0	0	0	0	0	0	0	0	0	0	0	0	0	0	0	0	0	0	0	0	0	0	0	0	0	0	0	0	0	0	0	
0	0	0	0	0	0	0	0	0	0	0	0	0	0	0	0	0	0	0	0	0	0	0	0	0	0	0	0	0	0	0	0	0	0	0	0	0	0	0	0	0	0	0	0	0	0	0	0	0	0	0	0	0	0	0	0	0	0	0	0	0	0	0	0	0	0	0	6.0249	0	0	0	0	0	0	0	0	0	0	0	0	0	0	0	0	0	0	0	0	0	0	0	0	0	0	0	0	0	0	0	0	
0	0	0	0	0	0	0	0	0	0	0	0	0	0	0	0	0	0	0	0	0	0	0	0	0	0	0	0	0	0	0	0	0	0	0	0	0	0	0	0	0	0	0	0	0	0	0	0	0	0	0	0	0	0	0	9.423	0	0	0	0	0	0	0	0	0	0	0	0	0	0	0	0	0	0	0	0	0	0	0	0	0	0	0	0	0	0	0	0	0	0	0	0	0	0	0	0	0	0	0	0	
0	0	0	0	0	0	0	0	0	0	0	0	0	0	0	0	0	0	0	0	0	0	0	0	0	0	0	0	0	0	0	0	0	0	0	0	0	0	0	0	0	0	0	0	0	0	0	0	0	0	0	0	0	0	0	0	0	0	0	0	0	0	0	0	0	0	0	10.49843	0	0	0	0	0	0	0	0	0	0	0	0	0	0	0	0	0	0	0	0	0	0	0	0	0	0	0	0	0	0	0	0	
0	0	0	0	0	0	0	0	0	0	0	0	0	0	0	0	0	0	0	0	0	0	0	0	0	0	0	0	0	0	0	0	0	0	0	0	0	0	0	0	0	0	0	0	0	0	0	0	0	0	0	0	6.74222	0	0	0	2.04772	0	0	0	0	0	0	0	0	0	0	0	0	0	0	4.40741	0	0	0	0	0	0	0	0	0	0	0	0	0	0	0	0	0	0	0	0	0	0	0	0	0	0	0	0	
0	0	0	0	0	0	0	0	0	0	0	0	0	0	0	0	0	0	0	0	0	0	0	0	0	0	0	0	0	0	0	0	0	0	0	0	0	0	0	0	0	0	0	0	0	0	0	0	7.82483	0	0	0	13.6682	0	0	0	0	0	0	0	0	0	0	0	0	0	0	3.78583	0	0	0	0	0	0	0	0	0	0	0	0	0	0	0	0	0	0	0	0	0	0	0	0	0	0	0	0	0	0	0	0	
0	0	0	0	0	0	0	0	0	0	0	0	0	0	0	0	0	0	0	0	0	0	0	0	0	0	0	0	0	0	12.90347	0	0	0	0	0	0	0	0	1.95929	0	0	0	0	0	0	0	9.3528	0	0	0	0	0	0	0	0	0	4.56662	4.56662	0	10.1377	0	0	6.83379	0	0	0	0	0	0	0	0	0	0	0	0	0	0	0	0	0	0	0	0	0	0	0	0	0	0	0	0	0	0	0	0	0	0	0	0	
0	0	0	0	0	0	0	0	0	0	0	0	0	0	0	0	0	0	0	0	0	0	0	0	0	0	0	0	0	0	0	0	0	0	0	0	0	0	0	0	0	0	0	0	0	0	0	0	0	0	0	0	0	0	4.84181	0	0	0	0	0	0	0	0	0	0	0	0	0	0	0	0	0	0	0	1.16221	0	0	0	0	0	0	0	0	0	0	0	0	0	0	0	0	0	0	0	0	0	0	0	0	0	
0	0	0	0	0	0	0	0	0	0	0	0	0	0	0	0	0	0	0	0	0	0	0	0	0	0	0	0	0	0	0	0	0	0	0	0	0	0	0	0	0	0	12.42506	0	0	0	0	0	0	0	0	0	10.14113	0	0	0	0	0	0	9.73318	0	0	0	0	0	0	0	0	0	0	0	5.08804	0	0	0	0	0	0	0	0	0	0	0	0	0	0	0	0	0	0	0	0	0	0	0	0	0	0	0	0	
0	0	0	0	0	0	0	0	0	0	0	0	0	0	0	0	0	0	0	0	0	0	0	0	0	0	0	0	0	0	0	0	0	0	0	0	0	0	0	0	0	0	0	7.9101	0	0	0	12.02163	0	0	0	8.15982	0	0	0	0	0	0	4.77019	0	0	0	0	0	0	0	0	0	0	0	0	0	0	0	0	0	0	0	0	0	0	0	0	0	0	0	0	0	0	0	0	0	0	0	0	0	0	0	0	0	
0	0	0	0	0	0	0	0	0	0	0	0	0	0	0	0	0	0	0	0	0	0	0	0	0	0	0	0	0	0	0	0	0	0	0	0	0	0	0	0	0	0	8.5582	0	0	0	0	0	0	0	0	0	0	0	0	7.78219	0	0	0	0	0	0	0	0	0	0	4.37907	0	1.95929	0	0	0	0	0	0	0	0	0	0	0	0	0	0	0	0	0	0	0	0	0	0	0	0	0	0	0	0	0	0	0	
0	0	0	0	0	0	0	0	0	0	0	0	0	0	0	0	0	0	0	0	0	0	0	0	0	0	0	0	0	0	0	0	0	0	0	0	0	0	0	0	14.5361	0	0	0	0	0	0	0	0	0	0	0	0	0	0	0	0	0	0	0	0	0	0	0	0	0	0	0	0	0	0	0	0	0	0	0	0	0	0	0	0	0	0	0	0	0	0	0	0	0	0	0	0	0	0	0	0	0	0	0	
0	0	0	0	0	0	0	0	0	0	0	0	0	0	0	0	0	0	0	0	0	0	0	0	0	0	0	0	0	0	0	0	0	0	0	0	0	0	0	0	0	0	0	0	0	0	0	8.85931	0	0	9.5451	0	0	0	0	0	0	0	0	0	0	0	0	0	0	0	0	0	0	0	0	0	0	0	0	0	7.68139	0	0	0	0	0	0	0	0	0	0	0	0	0	0	0	0	0	0	0	0	0	0	0	
0	0	0	0	0	0	0	0	0	0	0	0	0	0	0	0	0	0	0	0	0	0	0	0	0	0	0	0	0	0	0	0	0	0	0	0	0	0	0	0	0	0	0	0	0	0	0	6.94427	0	0	9.64298	10.59011	0	0	0	0	6.79212	0	13.08284	0	8.66619	0	0	0	0	10.01964	0	0	0	0	0	0	0	0	0	0	0	0	0	0	0	0	0	0	0	0	0	0	0	0	0	0	0	0	0	0	0	0	0	0	
0	0	0	0	0	0	0	0	0	0	0	0	0	0	0	0	0	0	0	0	0	0	0	0	0	0	0	0	0	0	0	0	0	0	0	0	0	0	0	0	0	9.59066	0	0	0	0	0	0	0	0	0	0	0	0	0	0	0	0	0	0	0	0	0	0	0	0	0	0	0	0	0	0	0	0	0	0	0	0	0	0	0	0	0	0	0	0	0	0	0	0	0	0	0	0	0	0	0	0	0	0	
0	0	0	0	0	0	0	0	0	0	0	0	0	0	0	0	0	0	0	0	0	0	0	0	0	0	0	0	0	0	0	1.40637	0.49846	0	0	0	0	0	0	0	0	0	0	0	0	0	0	9.05445	0	0	0	0	0	0	0	0	0	0	0	0	0	0	0	4.25983	0	0	0	0	0	0	0	0	0	0	0	0	0	0	0	0	0	0	0	0	0	0	0	0	0	0	0	0	0	0	0	0	0	0	0	0	
0	0	0	0	0	0	0	0	0	0	0	0	0	0	0	0	0	0	0	0	0	0	0	0	0	0	0	0	0	0	0	10.23304	0	0	6.74222	0	0	0	0	0	0	0	0	0	0	0	0	0	0	0	0	0	0	0	0	0	0	0	0	0	0	0	0	0	0	0	0	0	0	0	0	0	0	0	0	0	0	0	0	0	0	0	0	0	0	0	0	0	0	0	0	0	0	0	0	0	0	0	0	0	
0	0	0	0	0	0	0	0	0	0	0	0	0	0	0	0	0	0	0	0	0	0	0	0	0	0	0	0	0	0	0	0	0	0	0	0	0	0	0	0	0	0	0	10.58625	0	0	0	0	0	15.71982	0	0	0	0	9.9193	0	0	0	0	0	0	0	0	0	0	0	0	0	0	0	0	0	0	0	0	0	0	0	0	6.06848	0	0	0	0	0	0	0	0	0	0	0	0	0	0	0	0	0	0	0	0	
0	0	0	0	0	0	0	0	0	0	0	0	0	0	0	0	0	0	0	0	0	0	0	0	0	0	0	0	0	0	0	0	5.70517	0	0	0	0	0	0	0	0	0	0	0	0	0	0	6.11041	0	0	8.55228	8.04192	0	0	0	0	0	0	7.16775	0	0	0	0	0	0	0	0	0	0	0	0.86813	0	0	0	0	0	0	0	0	0	0	0	0	0	0	5.19926	0	0	0	0	0	0	0	0	0	0	0	0	0	0	
0	0	0	0	0	0	0	0	0	0	0	0	0	0	0	0	0	0	0	0	0	0	0	0	0	0	0	0	0	0	0	0	0	0	0	0	0	0	0	10.70691	0	0	0	0	16.01213	0	7.89904	0	0	0	0	0	0	0	0	0	0	0	0	0	0	0	0	0	0	0	0	0	0	0.49846	0	0	0	0	0	0	0	0	0	0	0	0	0	0	0	0	0	0	0	0	0	0	0	0	0	0	0	0	0	0	
0	0	0	0	0	0	0	0	0	0	0	0	0	0	0	0	0	0	0	0	0	0	0	0	0	0	0	0	0	0	0	0	0	0	0	9.0296	0	0	0	0	0	0	0	0	0	0	0	8.01175	0	0	0	0	0	9.97982	0	0	0	0	0	0	8.47196	0	0	0	0	0	0	0	0	0	0	0	0	0	0	0	0	0	0	0	0	0	0	0	0	0	0	0	0	0	0	0	0	0	0.49846	0	0	0	0	0	
0	0	0	0	0	0	0	0	0	0	0	0	0	0	0	0	0	0	0	0	0	0	0	0	0	0	0	0	0	0	0	0	0	0	0	0	0	0	0	0	0	15.17065	0	0	0	0	0	0	0	0	0	0	0	0	0	0	0	0	0	0	0	0	0	0	0	0	0	1.40637	0	0	0	6.14448	0	0	0	0	0	0	0	0	0	0	0	0	0	0	0	0	0	0	0	0	0	0	0	0	0	0	0	0	
0	0	0	0	0	0	0	0	0	0	0	0	0	0	0	0	0	0	0	0	0	0	0	0	0	0	0	0	0	0	0	0	0	0	0	0	0	0	0	0	7.36483	0	0	0	10.02537	0	0	5.21784	0	0	2.57337	11.21927	0	0	0	10.68031	0	0	9.12545	0	10.15478	0	0	0	0	0	0	0	3.69682	0	0	0	0	0	0	0	0	0	0	0	0	0	0	0	0	0	0	0	0	0	0	0	0	0	0	5.70517	0	0	0	0	
0	0	0	0	0	0	0	0	0	0	0	0	0	0	0	0	0	0	0	0	0	0	0	0	0	0	0	0	0	0	0	0	0	0	0	0	0	0	0	0	0	0	0	0	11.91541	0	0	0	0	5.29933	0	0	4.40741	0	0	0	0	6.9491	0	0	0	6.0307	0	0	0	0	0	0	0	0	0	0	0	0	0	0	0	0	0	0	0	0	0	0	0	0	0	0	0	0	0	0	0	0	0	0	0	0	0	0	
0	0	0	0	0	0	0	0	0	0	0	0	0	0	0	0	0	0	0	0	0	0	0	0	0	0	0	0	0	0	0	0	0	0	0	0	0	0	0	0	0	0	0	11.89836	0	0	11.12884	0	0	0	10.50664	0	0	0	0	0	0	0	0	5.37301	0	0	0	0	7.7101	0	0	0.49846	0	0	0	0	8.72506	0	0	0	4.35017	0	0	0	0	0	0	0	0	0	0	0	0	0	0	0	0	0	0	0	0	0	0	0	
0	0	0	0	0	0	0	0	0	0	0	0	0	0	0	0	0	0	0	0	0	0	0	0	0	0	0	0	0	0	0	0	0	0	0	0	0	0	0	0	0	0	0	0	11.50956	3.78583	0	11.75414	0	0	0	10.66206	0.86813	0	0	7.40754	0	0	2.35803	0	0	0	0	0	0	0	0	12.71249	0	0	0	0	0	10.98528	0	0	0	0	0	0	0	0	0	0	0	0	0	0	0	0	0	0	0	0	0	0	0	0	0	0	
0	0	0	0	0	0	0	0	0	0	0	0	0	0	0	0	0	0	0	0	0	0	0	0	0	0	0	0	0	0	0	0	0	0	0	0	0	12.68807	0	0	0	0	0	0	0	0	0	0	1.40637	0	0	5.39096	0	0	11.86683	0	8.21776	0	0	11.39181	0	0	0	0	0	0	0	0	0	0	0	0	0	0	6.68168	1.61509	0	0	0	0	0	0	0	0	0	0	0	0	0	0	0	0	0	0	0	0	0	0	0	0	
0	0	0	0	0	0	0	0	0	0	0	0	0	0	0	0	0	0	0	0	0	0	0	0	0	0	0	0	0	0	0	0	0	0	0	0	0	0	0	0	0	0	15.28272	0	0	12.42202	0	13.42192	0	0	7.94808	0	12.25107	0	10.09561	0	0	0	0	0	0	0	0	9.62575	0	0	0	3.14416	0	0	12.63365	0	0	0	0	0	0	0	1.40637	0	0	0	0	0	0	0	0	0	0	0	0	0	0	0	0	0	0	0	0	0	
0	0	0	0	0	0	0	0	0	0	0	0	0	0	0	0	0	0	0	0	0	0	0	0	0	0	0	0	0	0	0	0	0	0	0	0	0	0	0	0	0	0	0	0	0	0	0	8.78027	9.36368	0	0	8.8708	0	0	0	0	0	0	0	0	0	0	0	0	1.40637	0	0	0	0	0	0	0	0	0	0	0	0	0	0	0	0	0	0	0	0	0	0	0	0	0	6.39847	0	0	0	0	0	0	0	0	0	
0	0	0	0	0	0	0	0	0	0	0	0	0	0	0	0	0	0	0	0	0	0	0	0	0	0	0	0	0	0	0	0	0	0	0	0	0	0	0	0	0	0	0	0	0	0	0	12.33055	0	0	0	0	11.33533	2.76073	0	0	0	0	11.08573	9.717	0	0	0	0	0	0	0	0	0	0	0	0	0	0	0	0	0	0	0	0	0	0	0	0	0	0	0	0	0	0	0	0	0	0	0	0	0	0	7.45242	0	
0	0	0	0	0	0	0	0	0	0	0	0	0	0	0	0	0	0	0	0	0	0	0	0	0	0	0	0	0	0	0	0	0	0	0	0	0	0	0	0	0	0	9.20427	0	0	0	0	0	0	8.9206	0	9.22631	0	10.01217	0	0	0	0	0	0	0	0	0	0	12.58418	0	0	0	0	0	0	0	0	0	0	0	15.91085	0	0	0	0	0	0	0	0	0	0	0	0	0	0	0	0	0	0	0	0	0	0	0	
0	0	0	0	0	0	0	0	0	0	0	0	11.16637	0	0	0	0	0	0	0	0	0	0	0	0	0	0	0	0	0	10.63536	0	0	0	0	0	0	0	0	0	0	0	11.18406	0	0	0	0	6.7198	0	0	12.6328	0	0	5.53007	2.23695	0	9.29647	0	0	0	0	0	0	9.59143	7.48601	10.59512	0	0	0	0	0	0	0	0	0	0	0	0	0	0	0	0	0	0	0	0	0	0	0	0	0	0	0	0	0	0	0	0	0	0	
0	0	0	0	0	0	0	0	0	0	0	0	0	0	0	0	0	0	0	0	0	0	0	0	0	0	0	0	0	0	0	0	0	0	0	0	0	0	0	0	0	0	0	0	0	9.93413	9.4073	0	1.79743	11.83882	6.18595	6.93452	11.54914	0	8.36948	10.30022	0	0	0	0	10.23551	0	0	0	0	0	0	0	0	7.0388	0	0	0	0	0	0	2.82001	0	0	0	0	0	0	0	0	0	0	0	0	0	0	0	0	0	0	0	0	0	0	0	
0	0	0	0	0	0	0	0	0	0	0	0	0	0	0	10.21612	0	0	0	0	0	0	0	0	0	0	0	0	0	0	0	0	0	0	0	7.82483	12.58738	0	0	0	0	0	0	0.49846	0	10.46681	7.17868	8.04143	5.73901	9.76637	0	0	2.57337	0	8.94153	0	0	0	0	9.07115	0	8.4686	0	6.51372	0	9.13819	0	0	12.20251	0	8.57547	0	0	0	0	10.5982	0	1.16221	0	4.18292	0	0	0	0	0	0	0	0	0	0	7.20455	0	0	0	0	0	0	0	0	0	
0	0	0	0	0	0	0	0	0	0	0	0	0	0	0	0	0	0	0	0	0	0	0	0	0	0	11.77756	0	0	0	0	4.1963	0	0	6.0307	0	0	0	0	0	11.20932	0	0	0	0	0	0	0	12.5026	6.35782	4.02404	9.83055	8.80044	0	9.8616	0	16.10273	0	2.73771	0	0.49846	8.32005	0	0	0	9.40027	0	0	0	0	0	0	0	7.7849	0	0	0	0	0	0	0	0	0	0	0	0	0	0	0	0	0	0	0	0	0	0	1.95929	0	0	0	
0	0	0	0	0	0	0	0	0	0	0	0	0	0	0	0	0	0	0	9.42386	0	0	0	0	0	0	0	0	0	0	0	0	0	0	0	0	0	0	0	0	0	0	0	13.57687	0	0	10.72848	11.86108	11.03123	0	8.40855	7.61809	11.69306	0	0	0	14.67912	0	0	7.70733	6.26558	0	0	11.02038	0	9.1329	0	9.2372	0	0	0	0	0	0	0	0	0	0	0	0	0	0	0	0	0	0	0	0	0	0	8.56005	0	0	0	0	0	0	0	0	0	
0	0	0	0	0	0	0	0	0	0	0	0	9.59298	0	0	0	0	0	0	8.77212	0	0	0	0	0	0	0	0	0	0	0	0	0	8.07445	0	0	0	0	0	0	0	13.36027	13.32752	0	9.84575	0	0	4.41831	8.30881	0	0.49846	10.11659	8.79306	3.33382	9.37224	5.52296	6.33822	6.13235	7.99413	0	0	0	0	0	2.46973	0	0	0	0	0	0	0	0	0	0	0	0	0	6.55229	0	0	0	0	0	0	0	0	0	0	0	0	0	0	0	0	0	0	0	0	0	
0	0	0	0	0	0	0	0	0	0	0	0	0	0	0	0	0	0	0	0	0	0	0	14.38326	0	0	0	0	0	0	0	0	0	0	0	0	0	0	11.85273	0	0	0	9.08121	9.18599	0	0	9.34676	5.77874	0	8.62168	9.55865	7.1215	0	0	0	0	0	7.75473	14.60298	8.91464	9.49654	0	0	0	7.58855	0	0	0	0	0	0	0	0	0	0	0	0	0	0	0	0	0	0	0	0	0	0	0	0	0	0	0	0	0	0	0	0	0	0	0	
0	0	7.81957	0	0	0	0	0	0	0	0	0	0	0	0	0	0	0	0	0	0	0	0	0	0	0	0	0	0	0	0	0	0	0	0	0	0	0	0	0	10.95325	0	0	0	0	9.20023	0	10.30495	10.85215	11.37671	0	7.36121	9.58214	7.71455	0.49846	11.92968	0	0	2.23695	0	9.7979	0	8.31069	11.05381	0	0	0	0	0	0	0	6.80615	0	0	0	0	2.76073	0	0	0	0	0	0	0	0	0	0	0	0	0	0	0	0	0	0	0	0	0	0	0	
0	0	0	0	0	0	0	0	0	0	0	9.81675	0	0	0	0	0	0	0	0	0	0	0	0	0	0	0	0	0	0	0	0	5.65879	0	0	0	0	9.55136	13.20702	8.47028	6.47409	5.47022	0	0	12.23004	9.04975	11.13195	6.50266	10.62423	0	11.67187	0	3.1556	7.13908	0	10.85746	6.59969	11.94233	0	0	0	0	0	0	0	0	0	9.07225	0	0	0	0	2.10481	0	0	6.7643	0	0	9.67901	0	0	0	0	0	0	0	0	0	0	0	0	0	0	0	0	6.59433	0	0	0	0	
0	0	0	0	0	0	0	0	0	0	0	0	0	0	0	0	0	0	0	0	0	0	0	0	0	0	0	0	0	0	0	0	0	0	6.60217	8.24435	0	0	0	3.00277	0	12.34172	0	10.91816	14.014	9.08073	7.28979	7.91076	5.00753	10.4388	10.99892	10.71083	0.49846	9.93485	0	0	7.92877	0	0	8.4055	9.3691	0	4.06017	0	0	0	0	0	0	0	0	0	0	0	0	0	0	0	3.98697	0	0	0	0	0	0	0	0	11.45637	0	0	0	0	0	0	0	0	0	0	0	0	
0	0	0	0	0	0	0	0	11.1397	0	10.52048	0	0	0	0	0	0	0	0	0	0	0	0	0	0	0	7.43532	0	0	0	0	0	0	0	9.96886	0	0	12.59327	11.57742	0	7.81874	8.64404	0	6.2342	0	11.88448	6.32028	8.57744	8.60135	8.50555	0	7.60971	0	0	0	0	6.57683	4.66377	0	0	0	0	2.10481	0	0	0	10.97608	0	0	0	0	0	0	0	0	0	0	0	0	0	0	0	0	0	0	0	0	0	0	0	0	0	0	0	0	0	0	0	0	0	
0	0	0	0	0	0	0	0	0	0	0	11.41707	0	0	12.42202	0	0	0	0	0	0	0	0	0	0	0	0	0	0	0	0	11.04059	0	0	4.979	0	11.69826	0	0	10.5364	1.16221	0	9.32894	9.17086	10.02441	7.56358	10.89596	8.44468	3.73634	10.22863	7.37487	10.12235	10.87622	10.80889	0	7.83007	9.49642	0	0	15.83727	6.9297	3.9939	0	7.47267	0	0	0	0	0	0	0	0	0	0	0	7.26469	0	0	0	0	0	0	0	4.66377	0	0	0	0	0	0	0	0	0	0	0	0	0	0	0	0	
0	0	0	0	0	0	0	0	0	0	0	0	14.10052	0	0	0	0	0	0	0	0	0	0	0	0	0	0	0	0	10.04127	0	0	8.06829	0	5.41547	0	12.7116	0	13.67718	10.20052	9.78548	13.46839	10.03624	7.49557	8.63002	4.242	9.81791	10.40921	7.9311	8.83803	9.4663	12.50978	11.50635	9.31439	6.26611	7.88412	10.99476	0	0	10.10266	6.9587	0	0	0	0	0	0	0	0	0	0	0	0	9.89354	0	0	0	0	0	0	9.27325	0	0	0	0	0	0	0	0	0	0	0	0	0	0	0	0	0	0	0	
0	0	0	0	0	0	0	14.13309	0	0	0	10.17191	0	0	0	0	0	0	0	0	0	0	0	0	0	0	0	8.71518	0	0	3.20998	0	12.30337	0	0	0	3.50038	11.05101	7.74082	10.90667	10.0245	5.32468	0	10.75418	10.30755	9.10374	9.99185	8.47125	10.98647	9.65384	6.39383	9.73092	9.91929	8.37307	7.79338	6.76397	12.5925	6.94581	4.51002	8.00944	6.25716	12.58496	8.7474	0	11.18439	0	0	0	0	0	0	0	0	10.08961	0	0	0	0	0	0	0	0	0	0	0	0	0	0	0	0	0	0	0	0	0	0	0	0	0	0	
8.32747	0	0	0	0	0	0	0	8.59178	0	0	0	9.48246	0	0	0	0	0	0	0	0	0	0	0	12.25729	0	0	7.35031	0	0	0	0	8.4103	0	11.90577	8.57703	0	6.37714	11.04539	6.83234	8.41902	9.74581	6.6967	10.39619	11.73161	9.8109	7.52388	10.23138	5.98509	3.49655	9.16526	6.16231	6.95427	4.77702	11.68406	9.70091	9.34275	5.23783	0	9.87487	0	0.49846	0	6.52431	0	8.2994	0	0	0	0	0.86813	0	0	0	0	0	0	0	0	0	0	0	4.00479	0	0	2.51314	0	0	0	0	0	0	0	0	0	0	0	0	0	0	
0	0	0	10.66939	0	0	0	0	0	0	0	0	0	0	0	0	0	0	8.66912	0	0	10.65358	0	8.41554	11.56299	6.19411	0	0	13.7401	7.88147	11.83375	0	7.4592	0	0	1.61509	0	9.95102	9.74699	8.67655	7.84783	5.8893	8.67757	9.1666	8.59748	10.24295	8.09932	8.9946	9.40332	6.34606	10.58822	9.85257	10.5751	8.95961	6.3651	10.20932	0	4.77497	6.8086	8.78943	0.86813	2.35803	10.56557	0	0	0	0	0	0	6.60217	0	0	6.41252	0	0	10.79366	11.79794	3.44187	0	0	0	0	0	0	0	0	0	0	0	0	0	0	0	0	0	0	0	0	0	0	
8.1418	0	0	0	12.00982	6.81796	0	0	0	0	0	0	0	0	0	0	0	10.84376	0	0	0	0	0	0	9.80615	0	8.5413	8.97676	0	12.96388	10.97617	0	0	0	11.83768	9.14977	6.49114	10.4939	11.65977	8.20826	6.19589	9.95301	8.46082	8.52409	8.97526	8.60671	9.45167	8.94212	8.64282	10.04186	5.83248	9.45053	8.01175	7.23649	9.52492	8.74007	9.24958	3.13664	4.92485	8.11196	12.5679	0	7.63536	11.06247	11.83931	12.75952	9.4577	0	0	0	0	0	0	0	5.49683	0	0	0	0	0	0	0	0	0	0	0	0	0	0	0	0	0	0	0	0	0	0	0	0	0	
0	0	0	0	0	0	0	0	5.72782	0	8.8516	0	0	0	0	0	7.68139	13.42406	10.19139	5.71654	11.5137	9.76091	0	0	0	14.04303	0	10.93386	6.43718	10.72109	0	9.89575	12.45368	7.24121	9.54109	11.00998	7.46455	9.14994	9.53128	8.0984	8.71049	7.09915	6.08453	8.67629	9.82726	8.36015	8.18889	8.94132	8.59915	7.11955	6.70089	10.66545	7.22504	8.05378	4.87861	6.83812	5.65194	8.66766	0	6.7643	6.63795	7.06923	7.36267	0	7.00699	10.28216	8.30881	0	0	0	0	8.50838	0	0	9.08984	0	0	0	10.14482	0	0	0	0	0	0	8.20571	0	0	0	0	0	0	0	0	0	5.57385	0	0	0	0	
0	9.98246	0	0	2.23695	8.7653	0	0	0	0	0	0	0	0	4.61601	10.82747	0	10.59628	10.32529	0	7.05587	0	6.32611	0	0	0	0	0	9.49884	10.03277	7.16159	0	8.47531	4.91879	9.04659	8.74382	9.66175	9.77589	8.33678	8.55763	8.6498	8.67636	8.47922	7.40966	8.36689	7.36101	7.9509	8.99416	8.18765	8.05028	7.12457	8.48256	7.49958	8.27403	8.78563	7.76424	4.1963	8.27634	7.61827	4.55733	0	7.658	0	13.80734	10.47067	1.16221	6.28738	0.86813	0	0	0	0	0	0	0	6.60828	0	0	0	0	8.14849	0	0	0	0	0	0	0	0	0	0	0	0	0	0	0	0	0	0	0	
0	11.40241	6.34088	0	8.68971	0	0	0	0	0	8.19965	0	0	0	8.81108	6.93457	0	8.27846	0	0	6.3914	5.9655	7.44269	11.85208	8.43459	9.73807	0	4.84456	6.69703	6.94269	11.53411	10.79533	10.2971	10.61216	9.88195	5.25107	8.09776	8.51449	8.30417	8.60261	5.94195	8.16618	7.56993	7.03331	6.87051	6.93534	8.5085	7.24085	9.43375	9.20712	7.28102	9.57825	7.87173	7.97809	7.26516	8.12116	7.65105	4.50561	7.94995	10.66095	0	7.04092	9.74634	10.43519	2.80544	0	0.49846	0	0	0	0	8.71791	0	0	9.74502	0	6.99182	0	1.61509	0	0	0	0	4.82037	0	2.06492	0	0	0	0	0	0	0	0	0	0	0	0	0	0	
0	0	0	0	0	0	0	0	7.90402	0	9.77591	10.89092	0	0	0	0	0	0	9.92728	0	4.88138	0	0	0	0	6.89009	10.76191	0	3.4468	10.83041	7.07094	7.79028	10.09125	9.8843	9.98249	8.03042	7.97577	9.36091	8.89668	8.67553	4.66444	7.56682	7.90847	7.08621	7.36066	7.67008	6.50863	7.70655	8.06174	8.4684	8.29248	7.31981	6.90951	6.70452	7.6767	9.9143	8.44717	9.78369	11.61701	7.4136	8.91887	5.97655	5.08804	8.24953	0	8.61023	0	10.2717	0	0	0	0	0	0	0	0	0	0	0	0	0	3.14416	0	0	0	0	0	9.2046	3.14416	11.14733	0	0	0	0	0	0	0	0	0	0	
0	0	0	0	0	0	0	0	11.08265	9.49817	0	2.57337	0	11.26062	0	0	0	0.86813	9.54915	4.92214	0	0	4.979	9.1672	8.93668	8.95718	5.29933	9.32824	8.63573	9.52722	0	6.53269	5.17949	4.29399	4.27324	9.3406	7.19382	5.64343	11.35811	5.90877	7.50045	8.83498	7.60203	7.78197	6.93144	7.70598	8.37965	7.65991	7.78325	9.26987	7.98862	6.9718	6.88746	6.7989	7.8641	8.77567	5.71855	4.773	10.04297	8.43927	7.11984	8.06526	10.83939	9.78404	6.66619	10.99966	9.7948	0	0	0	0	0	0	7.71294	11.41685	0	0	0	12.96529	0	0	0	0	0	0	0	0	0	2.10481	0	2.67009	0	0	0	0	0	0	0	0	0	
0	0	9.4833	5.65012	0	5.31437	0	0	5.41547	0	0	0	0	0	0	0	0	7.32423	0	0	0	0	0	11.46567	0	8.36768	0	10.95782	7.80633	7.47065	0	8.40346	0	8.398	5.7069	8.32243	7.14022	5.77308	3.59856	11.38909	6.12574	9.47113	7.57647	7.83792	6.80306	6.52055	6.45756	8.36039	7.39091	7.52441	7.48493	7.44315	8.11444	8.33252	7.39982	6.31752	7.72045	8.21627	7.87406	7.30409	8.93573	8.12819	3.06802	12.16813	4.58246	0	0	8.17464	3.69682	1.40637	4.93681	0	8.98212	0	1.33505	0	6.9314	0	0	0	0	0	4.86089	0	0	0	0	0	0	0	0	0	0	0	0	0	0	0	0	0	
0	0	0	0	0	0	0	0	0	0	9.46235	9.4073	8.48137	0	12.43111	0	0	5.65879	0	5.03455	0	0	0	0	0	0	6.99649	5.53585	4.28852	0	9.33652	8.15412	5.57572	8.88891	4.13045	8.23698	9.36207	7.41304	6.68939	8.14847	8.35208	5.44557	6.15728	7.36059	8.11695	7.36691	6.99675	7.24534	7.31511	5.64092	7.30552	9.09847	9.04099	7.86485	8.88874	6.10903	6.72863	8.60962	8.89729	6.2589	8.91031	5.60351	6.3884	7.77022	0	6.38896	10.61196	3.86925	0	0	6.88002	0	6.32378	0.6833	0	13.82423	0	0	0	0	0	0	0	0	0	0	0	0	6.5603	0	0	0	0	0	0	0	0	0	0	0	
0	0	0	0	0	0	0	0	0	10.90092	0	0	3.60195	0	0	0	0	0	0	0	0	0	0	10.58744	0	0	8.65769	0	0	8.58592	7.29643	0	0	5.69699	8.83865	6.82332	4.35017	0.86813	1.95929	8.42769	4.0012	5.98443	4.39282	5.91933	9.81344	9.02862	7.0311	7.90161	8.22515	4.03295	7.56544	9.23689	7.01987	7.19275	8.36886	6.55356	7.53324	7.13927	4.87234	6.58013	6.89501	5.7986	4.46053	10.77291	6.62559	4.70959	8.03916	9.91253	5.9857	0	0	6.22627	0	3.60195	0	4.75479	10.4058	0	0	0	0	0	0	0	7.39698	0	0	5.78292	0	0	0	11.2521	0	0	0	0	10.12576	0	0	0	
0	0	0	0	0	0	0	0	0	0	0	7.2206	0	0	0	0	0	8.25294	10.23847	0	0	0	0	0.86813	0	0	0	7.04689	0	0	0	0	5.28052	5.87237	5.55401	0	4.88045	9.28419	3.4195	7.31844	7.82647	8.86308	8.49854	2.80195	0	7.51289	5.30975	4.36156	7.32219	6.07338	8.08127	11.49136	7.68184	4.49566	7.57832	5.30658	6.24233	7.00929	7.18856	8.75698	7.2382	6.2592	0	7.48132	9.27134	0	6.31689	8.75706	9.08327	8.11412	0	0	0	0.49846	0	9.9193	0	7.81957	0	0	0	9.64651	0	0	0	0	0	0	0	0	0	0	0	0	0	0	0	0	0	0	
0	0	0	0	5.42823	0	0	0	0	0	10.93872	0	6.839	0	0	10.70691	0	0	8.0369	0	5.51692	7.09559	0	0	0	11.03351	4.71	0	0	5.59679	0	9.95681	9.14557	0	0	8.44146	9.72124	1.79743	12.41659	8.336	7.48464	9.00548	6.32511	7.38634	3.79273	7.53629	11.51532	5.66519	7.11314	8.02737	9.13183	7.14236	9.19206	7.45537	6.09454	6.81582	8.39594	7.30676	3.42411	6.27583	6.00007	7.47643	7.96127	6.7277	9.02506	0	7.47492	11.87345	0	0	8.56488	10.20305	7.9078	10.56789	8.12279	0	5.55764	0	0	0	4.73257	0	0	0	0	0.86813	0	0	0	0	0	0	0	0	0	0	0	0	0	0	
0	0	0	0	0	0	0	0	0	0	0	4.56662	1.84841	0	0	9.69849	0	0	0	1.16221	3.27292	0	0.49846	0	0	0	0	0	0	4.2111	1.40637	4.54069	0	0	0	10.70976	0	0	0	4.56662	2.67555	5.92406	4.92042	5.22406	8.12578	3.85788	3.9364	8.08701	7.54411	2.83149	0	0	8.36379	8.55325	0.86813	6.00739	7.2129	7.51157	6.73564	6.43978	8.09277	8.12819	9.17708	7.33582	4.17203	5.26482	2.67009	8.7855	0	9.86517	0	8.3341	7.94028	9.98481	8.21976	0	8.61092	0	7.03332	0	0	0	0	0	0	0	0	0	0	0	0	0	0	0	0	0	0	0	0	0	
0	0	0	7.32454	0	0	0	0	0	0	0	0	0	0	0	0	1.40637	0	0	0	0	0	4.95999	0	0	0	7.97812	5.75066	9.94731	8.28992	0	0	0.49846	0	0	11.20669	0	4.46245	0.49846	5.15809	5.73739	0	0	0	4.99692	10.59243	5.75632	7.69006	5.58027	9.04135	6.05867	5.2266	7.42193	8.9867	7.28469	7.64442	8.17343	6.31068	6.75743	5.39908	8.54924	7.64729	8.84522	8.24096	5.97548	8.6269	5.61795	6.08433	11.41352	7.10058	4.72176	8.47484	3.44625	3.50373	6.21482	0	11.35388	0	7.71109	8.34954	1.73622	6.69703	5.61087	0	0	0.49846	0	0	0	0	0	0	0	0	0	0	0	5.07042	0	10.86976	
0	0	5.44773	0	0	0	0	0	0	0	0	0	0	0	0	0	0	0	0	0	6.62044	0	0	0	0	8.40504	0	8.89722	0	9.39143	0	10.27305	10.26145	0	7.5058	0	0	5.50706	6.32663	0	8.96435	0	0	8.29869	12.34252	7.76587	1.5376	4.39115	2.35803	8.24725	9.48083	10.19342	7.17358	7.7055	6.28446	8.80061	0	8.01448	8.22735	4.74551	3.11832	4.82556	6.10339	1.30781	5.41491	6.5224	5.45165	0	7.94083	3.84016	4.57361	5.57767	6.89849	8.30143	0	0	5.87027	0	2.25755	5.58629	0	5.86984	0	0	0	0	0	0	6.50116	0	0	0	0	0	0	0	3.50038	0	0	0	
0	0	0	0	3.00277	0	0	0	0	0	0	0	8.68512	0	0	0	0	0	0	0	7.86113	2.67009	0	0	0	0	0	7.73499	0	0	0	0	8.49194	0	0	0	5.50996	0	6.119	6.03977	0	0	4.15619	1.40637	5.64696	0	2.27064	8.12057	5.10544	4.41338	8.45509	4.20689	8.40152	5.41696	7.95303	2.4429	0	5.5917	4.42776	3.22858	8.73854	5.57587	8.84912	6.52717	5.48268	7.76934	6.33389	4.87914	7.3047	6.7511	6.01217	0	0	8.7002	0	9.77227	5.34289	5.70209	0	0	0	0	0	0	8.79375	4.54127	0	0	0	0	0	0	0	0	0	0	9.50476	0	0	0	
0	0	0	0	0	0	0	0	0.49846	0	0	0	0	0	0	0	7.856	4.12984	5.9655	0	0	0	0	0	3.14069	0	0	0	0	0	0	0	0	0	6.46737	7.63422	0	8.10983	0	0	0	0	9.8539	6.68551	0	11.15733	10.34255	9.14767	0	4.97529	0	10.01101	9.26359	7.42467	0	5.7937	0	8.83912	0	7.87562	6.5494	0.49846	5.60265	6.25773	4.89798	9.41136	7.38553	5.51874	9.74918	7.20763	7.74997	2.99708	8.19395	6.63848	7.92669	8.18326	9.38802	8.93303	0	2.46973	7.08685	0	9.83339	0	1.28669	0.86813	8.40328	5.72782	7.20858	0	7.43728	0	0	8.40953	0	0	0	0	0	0	
0	0	0	0	0	0	0	0	0	0	0	0	0	0	0	0	0	0	0	0	4.56391	0	0	0	0	0	0	0	0	5.48359	0	0	0	0	9.43423	0	0	0	0	0	10.24781	0	9.13502	8.91217	5.41242	0	0	0	7.32825	4.84516	1.79743	0	0	7.07288	5.29443	7.35215	0	0	6.50667	8.43126	9.21132	6.3725	2.1187	5.46835	5.90882	7.74336	1.70544	7.71476	7.59127	9.35665	7.89644	7.40173	5.40378	5.6155	4.87384	0	9.32965	0	3.83979	0	0	0	0	0	0	0	6.81149	0	0	0	0	0	0	0	0	0	0	0	0	0	
0	0	0	0	7.2831	0	0	0	0	0	0	4.40741	0	4.43519	0	0	0	0	0	0	0	0	0	0	0	0	0	0	0	0	0	0	0	0	0	0	0	0	0	6.86155	0	0	7.33195	0	5.092	0	2.355	4.29058	0	0	1.61509	0	0	0	9.19211	0	0	0	0	11.51451	6.68161	0.61965	5.91925	8.84205	5.61158	0	1.60499	5.98314	8.98709	8.87981	5.86402	9.75873	8.16469	5.56096	0	0	7.89729	6.32611	9.96353	6.16951	4.51548	6.94427	2.57337	0	6.58367	0	4.29058	10.7168	0	5.60191	0	0	0	0	3.98697	0	0	0	0	0	
0	0	0	0	0	0	0	0	0	0	0	0	0	0	0	0	0	5.58011	0	0	0	7.573	8.46692	0	0	0	8.93546	0	0	0	0	0	0	7.02028	7.13877	0	0	0	0	0	0	0	0	0	0	0	0	0	0	0	8.31256	0	0	0	0	7.90094	9.20507	11.50865	5.07042	2.92651	0	6.87454	6.20766	0	7.03089	8.57239	6.24331	6.84705	6.0939	4.41944	7.50253	6.11542	6.71281	6.02467	6.30416	5.66231	5.05568	0	9.64372	5.04463	0	0	7.90326	0	6.53955	8.7435	7.05587	1.40637	0	9.51575	0	0	0	0	0	0	8.68568	0	0	0	
0	0	0	0	0	0	0	0	6.93331	0	0	8.8708	0	0	0	0	0	0	0	0	0	0	0	0	0	0	0	11.65812	0	4.09543	0	0	0	0	0	0	0	0	0	9.19425	0	0	0	0	0	7.2126	0	5.08804	3.94892	0	0	10.83856	0	0	0	0	0	0	7.9429	0	8.49369	0	9.66947	8.88873	7.07248	3.73866	7.75266	0	0	6.74601	7.19242	1.40637	8.51463	6.3162	8.3769	8.45458	1.80098	0	0	7.7241	7.93591	8.37061	9.98128	10.00738	5.65799	0	0.86813	0	0	0	7.9384	0	11.15303	0	0	0	0	0	0	0	
0	0	0	0	0	0	0	0	0	0	0	0	0	6.7533	0	0	0	0	0	8.74185	0	0	0	0	0	2.97424	0	0	0	0	0	0	0	0	7.10427	0	0	6.37851	0	0	10.01101	0	4.68707	10.46597	0	0	0	0	0	0	5.48757	7.48601	0	0	7.40754	0	0	0	0	8.61374	6.21619	0	4.32476	9.42646	6.0307	5.42718	9.23428	4.43519	1.16221	4.18731	7.21509	0	7.16637	6.23479	10.26048	7.27938	4.22834	5.52369	7.6741	3.42099	0	8.08656	6.9491	3.47428	3.47696	0	0	11.35183	4.3283	0	8.10335	0	0	6.62044	0	0	0	0	5.70425	0	
0	0	0	0	0	0	0	9.95213	0	0	0	0	0	0	0	0	0	0	0	0	0	0	3.20998	0	0	0	0	0	10.25951	0	0	0	0	0	10.94409	0	0	10.5334	0	0	0	2.07431	0	0	0	0	5.05565	0	0	0	0	0	10.06147	0	0	0	2.70774	10.78761	0	3.91567	6.77478	0	0	5.77196	0	3.14416	0	8.42824	6.71954	11.15022	9.26771	6.41006	9.95033	6.48718	7.27927	6.39135	6.61136	0	7.31658	5.64931	6.50204	7.61543	5.04224	0	5.69915	0	2.46973	3.59796	0	0	10.60204	7.20074	0	0	0	0	9.54994	0	0	0	
0	0	0	0	0	0	0	0	5.41547	0	0	0	0	0	0	0	0	0	0	0	0	0	0	0	0	0	0	0	0	0	0	0	0	0	0	0	0	4.91377	0	0	0	0	0	0	0	0	0	0	0	4.48921	0	4.64157	0	3.81546	0	0	4.95999	9.20945	0.86813	0	4.12984	0	10.45625	10.08961	7.47602	5.50066	0	0	8.83943	5.79502	0	9.93216	7.21279	10.13148	6.83837	7.98915	0	3.36115	6.45262	5.38889	1.88039	9.62575	7.42496	0	0	0	3.75617	0	0	0	0	0	8.62298	6.65494	7.37921	0	0	0	0	0	
0	0	0	0	0	0	0	8.25331	0	0	0	0	0	0	0	0	0	0	0	0	0	0	0	0	0	0	0	0	0	0	0	0	0	0	0	0	0	6.11271	0	6.80213	0	0	0	0	0	0	0	0	0	0	3.83503	0	0	12.37584	7.57756	0	0	6.69748	9.04433	11.83247	0	0	0	7.58596	10.63364	10.20457	0	0	6.88955	6.19579	7.12383	4.57084	5.36944	7.22411	6.43334	7.92505	6.11428	0	8.71727	9.14907	8.25757	8.63208	4.39521	5.39956	6.80462	0	0	2.87705	0	0	9.88823	0	0	0	0	7.86998	0	0	0	0	
0	0	0	0	0	0	0	0	0	0	0	0	0	0	0	0	0	0	0	0	0	0	0	0	0	10.82189	0	0	0	0	0	0	0	0	0	0	0	7.91146	0	0	0	0	0	0	6.24209	0	0	0	8.51328	0	0	0	0	0	0	3.00277	0	0	0	0	0	0	8.97957	0	0	4.55807	6.30393	7.55695	0	6.31134	2.44069	0	9.66832	0	7.884	6.87272	3.4468	7.81763	5.18644	7.40821	3.58781	0	6.21999	0	9.26263	6.07514	0	0	0	0	9.13077	0	0	0	0	0	0	2.46973	0	0	
0	0	0	0	0	0	0	0	0	0	0	0	9.73528	0	0	0	0	0	0	0	0	0	0	0	0	0	0	0	0	0	0	0	0	0	0	0	0	0	0	0	0	0	0	0	0	0	0	9.79815	0	0	2.67009	0	10.84925	0	0	0	0	0	0	5.47285	0	0	0	5.32294	2.35803	11.09522	9.24247	0	0.49846	0	0	8.78972	0	0	0	2.40286	5.47356	8.60413	5.8096	4.54129	0	6.84598	5.68613	4.35704	6.92993	4.25164	4.65699	0	7.87388	0	0	0	0	8.40504	0	0	0	0	0	0	
0	0	0	0	0	0	0	0	0	0	0	0	0	0	0	0	0	0	0	0	0	0	0	0	0	0	0	0	0	0	0	0	10.57028	0	0	0	0	0	0	0	0	0	0	0	0	0	0	0	0	0	0	0	0	0	0	0	6.28805	0	0	0	9.75253	0	0	2.2487	0	6.44705	0	0	6.72629	0	0	0	9.72265	0	0	3.14416	0	0	8.97931	6.56347	8.57265	6.13604	8.85417	0	3.14416	0	1.61509	0	0	2.67009	5.46076	6.14319	4.3224	0	0	0	0	0	0	0	
0	0	0	0	0	0	0	0.94835	0	0	0	0	0	0	0	0	0	0	0	0	0	0	0	0	0	0	0	4.43519	0	0	0	0	0	0	0	0	0	0	0	0	0	0	0	0	0	0	0	0	0	0	0	0	0	0	0	0	0	0	0	0	0	0	0	0	0	0	0	0	0	0	3.61809	3.22838	7.68728	0	0	8.24156	12.09571	0	9.28328	5.94632	0	10.13035	0	7.73547	3.20998	9.79981	0	9.35817	0	8.00712	0	10.30257	0	0	0	8.80177	0	0	0	0	
0	0	0	0	0	0	0	0	0	0	0	0	0	0	0	0	0	0	0	0	11.34292	0	0	0	0	0	0	0	0	0	7.30208	0	0	0	0	0	0	0	0	0	0	0	0	0	0	0	0	0	0	0	0	0	0	0	0	0	0	0	0	11.43352	0	0	0	0	5.91706	7.65504	6.16121	8.67326	0	0	0	0	0	0	0	0.86813	5.94918	0.86813	0	0	2.9075	0	0	0	2.1401	3.33324	7.54383	5.7366	4.51548	0	10.88369	7.21661	4.25983	7.20858	0	8.16065	0	0	0	0	
0	0	0	0	0	0	0	0	0	0	0	0	0	0	0	0	0	0	0	0	0	0	0	0	0	0	0	0	0	0	0	0	0	0	0	0	0	0	0	0	0	0	0	0	0	0	0	0	2.35803	0	0	0	0	0	0	0	0	0	0	0	0	0	0	0	0	0	0	0	0	7.58855	9.15081	10.83335	7.23754	0	10.72778	6.16121	0	7.98849	0.49846	0	0	7.74104	6.8951	0	5.10153	0	6.44021	0	0	3.85789	0	2.62787	3.17775	0	4.46245	0	0	0	0	0	
0	0	0	0	0	0	0	0	0	0	0	0	0	0	0	9.29577	0	0	0	0	0	0	0	0	0	0	0	0	0	0	0	0	0	0	8.75431	0	0	0	0	0	0	0	0	0	0	0	0	0	0	0	0	0	0	0	0	0	0	0	0	0	0	0	0	0	0	0	0	6.43334	0	0	0	0	0	7.61309	0	0	0	0.24923	0	0	0	3.20998	0	0	4.04558	0	6.26889	3.23369	9.76089	10.12904	9.01587	0	9.91438	0	0	0	0	0	0	0	
0	0	0	0	0	0	0	0	0	0	0	0	0	0	0	0	0	0	0	0	0	0	0	0	0	0	0	0	0	0	0	0	0	0	0	0	0	0	0	0	0	0	0	0	0	0	0	0	8.75017	1.16221	0	0	0	0	0	0	0	0	0	4.46245	0	0	0	0	0	6.61349	0	0	0	0	0	7.42496	0	0	0	0	0	11.64479	0	6.41846	10.6734	0	0	10.42671	0	0	0	0	0	0	0	0	0	0	0	0	0	0	0	0	
0	0	0	0	0	0	0	0	0	0	0	0	0	0	0	0	0	0	0	0	0	0	0	0	0	0	0	0	0	0	0	0	0	0	0	0	0	0	0	0	0	0	0	0	0	0	0	0	0	0	0	0	0	0	0	2.46298	0	0	11.1307	0	0	0	0	0	9.41865	0	0	0	0	0	0	3.00277	0	4.77667	0	0	6.91003	0	0	0	4.4697	6.32651	3.99976	8.05959	0	0	0	7.64318	8.01283	0	2.46973	7.66974	10.19088	0	0	0	0	0	0	0	
0	0	0	0	0	0	0	0	0	0	0	0	0	0	0	0	0	0	0	0	0	0	0	0	0	0	0	0	0	0	0	0	0	0	0	0	0	0	0	0	0	0	0	0	0	0	0	0	0	0	0	0	0	0	0	0	0	0	0	0	0	0	0	0	0	0	0	0	0	0	0	0	0	0	0	0	0	0	0	0	0	0	0	0	0	0	1.16221	0	0	0	0	9.18292	0	0	0	0	0	0	0	0	
0	0	0	0	0	0	0	0	0	0	0	0	0	0	0	0	0	0	0	0	0	0	0	0	0	0	0	0	0	0	0	0	0	0	0	0	0	0	0	0	0	0	0	0	0	0	0	0	0	0	0	0	0	0	0	0	0	0	0	0	0	0	0	0	0	0	0	0	0	0	8.98971	0	0	0	0	0	0	0	0	10.17906	0	0	0	10.39257	0	0	0	0	0	0	9.53993	10.45201	0	0	0	0	0	0	0	0	
0	0	0	0	0	0	0	0	0	0	0	0	0	0	0	0	0	0	0	0	0	0	0	0	0	0	0	0	0	0	0	0	0	0	0	0	0	0	0	0	0	0	0	0	0	0	0	0	0	0	0	0	0	0	0	0	0	0	0	1.95929	0	0	0	0	0	0	0	0	0	0	6.96824	0	0	0	0	0	0	0	0	0	0	0	0	0	0	0	2.10481	0	0	0	0	0	0	0	0	0	0	0	0	0	
0	0	0	0	0	0	0	0	0	0	0	0	0	0	0	0	0	0	0	0	0	0	0	0	0	0	0	0	0	0	0	0	0	0	0	0	0	0	0	0	0	0	0	0	0	0	0	0	0	0	0	0	0	0	0	0	0	0	0	0	0	0	0	0	0	0	0	0	0	10.52776	2.23695	0	0	0	0	0	0	0	8.49854	0	0	0	0	0	0	0	0	0	5.57385	7.43188	0	0	0	0	0	0	0	0	0	0	
0	0	0	0	0	0	0	0	0	0	0	0	0	0	0	0	0	0	0	0	0	0	0	0	0	0	0	0	0	0	0	0	0	0	0	0	0	0	0	0	0	0	0	0	0	0	0	0	0	0	0	0	0	0	0	0	0	0	0	0	0	0	0	0	0	0	0	0	0	0	0	0	0	0	0	0	0	0	0	0	0	0	0	0	0	0	0.86813	0	0	0	0	0	0	0	0	0	0	0	0	0	
0	0	0	0	0	0	0	0	0	0	0	0	0	0	0	0	0	0	0	0	0	0	0	0	0	0	0	0	0	0	0	0	0	0	0	0	0	0	0	0	0	0	0	0	0	0	0	0	0	0	0	0	0	0	0	0	0	0	9.35644	0	0	0	0	0	0	0	0	0	0	0	0	0	0	0	0	5.58629	0	0	0	0	0	0	0	0	0	0	0	0	0	0	0	0	0	0	0	0	0	0	0	0	
0	0	0	0	0	0	0	0	0	0	0	0	0	0	0	0	0	0	0	0	0	0	0	0	0	0	0	0	0	0	0	0	9.39054	0	0	0	0	0	0	0	0	0	0	0	0	0	0	0	0	0	4.54127	0	0	0	0	0	0	0	0	0	0	0	0	0	0	0	0	0	0	0	0	0	0	0	0	0.49846	0	0	0	0	0.49846	0	0	0	0	0	0	0	0	0	0	0	0	0	0	0	0	0	0	0	
0	0	0	0	0	0	0	0	0	0	0	0	0	0	0	0	0	0	0	0	0	0	0	0	0	0	0	0	0	0	0	0	0	0	0	0	0	0	0	0	0	0	0	0	0	0	0	0	0	0	0	0	0	0	0	0	0	0	0	0	0	0	0	0	0	0	0	0	0	0	0	0	0	0	0	0	0	0	0	0	0	0	0	0	0	0	0	0	0	0	0	0	0	0	0	0	0	0	0	0	
0	0	0	0	0	0	0	0	0	0	0	0	0	0	0	0	0	0	0	0	0	0	0	0	0	0	0	0	0	0	0	0	0	0	0	0	0	0	0	0	0	0	0	0	0	0	0	0	0	0	0	0	0	0	0	0	0	0	0	0	0	0	0	0	0	0	0	0	0	0	0	0	0	0	0	0	0	0	0	0	0	0	0	0	0	0	0	0	0	0	0	0	0	0	0	0	0	0	0	0	
0	0	0	0	0	0	0	0	0	0	0	0	0	0	0	0	0	0	0	0	0	0	0	0	0	0	0	0	0	0	0	0	0	0	0	0	0	0	0	0	0	0	0	0	0	0	0	0	0	0	0	0	0	0	0	0	0	0	0	0	0	0	0	0	0	0	0	0	0	0	0	0	0	0	0	0	0	0	0	0	0	0	0	0	0	0	0	0	0	0	0	0	0	0	0	0	0	0	0	0	
0	0	0	0	0	0	0	0	0	0	0	0	0	0	0	0	0	0	0	0	0	0	0	0	0	0	0	0	0	0	0	0	0	0	0	0	0	0	0	0	0	0	0	0	0	0	0	0	0	0	0	0	0	0	0	0	0	0	0	0	0	0	0	0	0	0	0	0	0	0	0	0	0	0	0	0	0	0	0	0	0	0	0	0	0	0	0	0	0	0	0	0	0	0	0	0	0	0	0	0	
0	0	0	0	0	0	0	0	0	0	0	0	0	0	0	0	0	0	0	0	0	0	0	0	0	0	0	0	0	0	0	0	0	0	0	0	0	0	0	0	0	0	0	0	0	0	0	0	0	0	0	0	0	0	0	0	0	0	0	0	0	0	0	0	0	0	0	0	0	0	0	0	0	0	0	0	0	0	0	0	0	3.00277	0	0	0	0	0	0	0	0	0	0	0	0	0	0	0	0	0	0	
0	0	0	0	0	0	0	0	0	0	0	0	0	0	0	0	0	0	0	0	0	0	0	0	0	0	0	0	0	0	0	0	0	0	0	0	0	0	0	0	0	0	0	0	0	0	0	11.29964	0	0	0	0	0	0	0	0	0	0	0	0	0	0	0	0	0	0	0	0	0	0	0	0	0	0	10.25539	0	0	0	0	0	0	0	0	0	0	0	0	0	0	0	0	0	0	0	0	0	0	0	0	0	
