0	0	0	0	0	0	0	0	0	0	0	0	0	0	0	0	0	0	0	0	0	0	0	0	0	0	0	0	0	0	0	0	0	0	0	0	0	0	0	0	0	0	0	0	0	0	0	0	0	0	0	12.59169	0	0	0	0	0	0	0	0	0	0	0	0	0	0	0	0	0	0	0	0	0	0	0	0	0	0	0	0	0	0	0	0	0	0	0	0	0	0	0	0	0	0	0	0	0	0	0	0	
0	0	0	0	0	0	0	0	0	0	0	0	0	0	0	0	0	0	0	0	0	0	0	0	0	0	0	0	0	0	0	0	0	0	0	0	0	0	0	0	0	0	0	0	0	0	0	13.38762	0	0	0	0	0	0	0	0	0	0	0	0	0	0	0	10.14824	0	0	0	0	0	0	0	0	0	0	0	0	0	0	0	0	0	0	0	0	0	0	0	0	0	0	0	0	0	0	0	0	0	0	0	0	
0	0	0	0	0	0	0	0	0	0	0	0	0	0	0	0	0	0	0	0	0	0	0	0	0	0	0	0	0	0	0	0	0	0	0	0	0	0	0	0	0	0	0	0	0	0	0	0	0	0	0	0	0	0	9.09579	0	0	0	0	0	0	0	0	0	0	0	0	0	0	0	0	0	0	0	0	0	0	0	0	0	0	0	0	0	0	0	0	0	0	0	0	0	0	0	0	0	0	0	0	0	
0	0	0	0	0	0	0	0	0	0	0	0	0	0	0	0	0	0	0	0	0	0	0	0	0	0	0	0	0	0	0	0	0	0	0	0	0	0	0	0	0	0	0	0	0	0	13.03701	9.06687	0	0	0	0	0	0	0	0	0	0	0	0	0	0	0	0	0	0	0	0	0	0	0	0	0	0	0	0	0	0	0	0	0	0	0	0	0	0	0	0	0	0	0	0	0	0	0	0	0	0	0	0	
0	0	0	0	0	0	0	0	0	0	0	0	0	0	0	0	0	0	0	0	0	0	0	0	0	0	0	0	0	0	0	0	0	0	0	0	0	8.08885	0	0	0	0	0	12.47948	0	0	0	0	0	0	0	0	0	0	0	0	0	0	0	0	0	0	0	0	0	0	0	0	0	0	0	0	0	0	0	0	0	0	0	0	0	0	0	0	0	0	0	0	0	0	0	0	0	0	0	0	0	0	0	0	
0	0	0	0	0	0	0	0	0	0	0	0	0	0	0	0	0	0	0	0	0	0	0	0	0	0	0	0	0	0	0	0	0	0	0	0	0	0	0	0	0	0	0	0	0	0	0	0	0	0	0	0	0	0	0	0	0	0	0	0	0	0	0	0	0	0	0	0	0	0	0	0	10.10455	0	0	0	0	0	0	0	0	0	0	0	0	0	0	0	0	0	0	0	0	0	0	0	0	0	0	0	
0	0	0	0	0	0	0	0	0	0	0	0	0	0	0	0	0	0	0	0	0	0	0	0	0	0	0	0	0	0	0	0	0	0	0	0	0	0	0	0	0	0	0	0	0	0	0	0	0	0	0	0	0	0	0	0	0	0	0	0	0	0	0	0	0	0	0	0	0	0	0	0	0	0	10.83834	0	0	0	0	0	0	0	0	0	0	0	0	0	0	0	0	0	0	0	0	0	0	0	0	0	
0	0	0	0	0	0	0	0	0	0	0	0	0	0	0	0	0	0	0	0	0	0	0	0	0	0	0	0	0	0	0	0	0	0	0	0	0	0	0	0	0	0	0	0	0	0	0	0	0	0	0	8.18313	0	0	0	11.71292	0	0	11.05908	0	0	0	0	0	0	0	0	0	0	0	0	0	0	0	0	0	0	0	0	0	0	0	0	0	0	0	0	0	0	0	0	0	0	0	0	0	0	0	0	0	
0	0	0	0	0	0	0	0	0	0	0	0	0	0	0	0	0	0	0	0	0	0	0	0	0	0	0	0	2.21026	0	0	0	0	0	0	0	0	0	0	0	0	0	0	0	0	0	0	0	0	0	0	0	0	0	0	0	0	0	0	0	0	0	0	0	0	0	0	6.71023	0	0	0	0	0	0	0	0	0	0	0	0	0	0	0	0	0	0	0	0	0	0	0	0	0	0	0	0	0	0	0	0	
0	0	0	0	0	0	0	0	0	0	0	0	0	0	0	0	0	0	0	0	0	0	0	0	0	0	0	0	0	0	0	0	0	0	0	0	0	0	0	0	0	0	0	0	0	0	0	0	0	0	0	0	0	0	0	8.28243	0	0	0	0	0	0	0	0	0	0	0	0	0	0	0	0	0	0	0	0	0	0	0	0	0	0	0	0	0	0	0	0	0	0	0	0	0	0	0	0	0	0	0	0	
0	0	0	0	0	0	0	0	0	0	0	0	0	0	0	0	0	0	0	0	0	0	0	0	0	0	0	0	0	0	0	0	0	0	0	0	0	0	0	0	0	0	0	0	0	0	0	0	0	0	0	0	0	0	0	0	0	0	0	0	0	0	0	0	0	0	0	10.1203	0	0	0	0	0	0	0	0	0	0	0	0	0	0	0	0	0	0	0	0	0	0	0	0	0	0	0	0	0	0	0	0	
0	0	0	0	0	0	0	0	0	0	0	0	0	0	0	0	0	0	0	0	0	0	0	0	0	0	0	0	0	0	0	0	0	0	0	0	0	0	0	0	0	0	0	0	0	0	0	0	0	0	0	0	2.44193	0	0	0	0.79615	0	0	0	0	0	0	0	0	0	0	0	0	0	0	11.07561	0	0	0	0	0	0	0	0	0	0	0	0	0	0	0	0	0	0	0	0	0	0	0	0	0	0	0	0	
0	0	0	0	0	0	0	0	0	0	0	0	0	0	0	0	0	0	0	0	0	0	0	0	0	0	0	0	0	0	0	0	0	0	0	0	0	0	0	0	0	0	0	0	0	0	0	0	8.07382	0	0	0	12.71487	0	0	0	0	0	0	0	0	0	0	0	0	0	0	5.6604	0	0	0	0	0	0	0	0	0	0	0	0	0	0	0	0	0	0	0	0	0	0	0	0	0	0	0	0	0	0	0	0	
0	0	0	0	0	0	0	0	0	0	0	0	0	0	0	0	0	0	0	0	0	0	0	0	0	0	0	0	0	0	13.21034	0	0	0	0	0	0	0	0	2.6415	0	0	0	0	0	0	0	9.23451	0	0	0	0	0	0	0	0	0	6.04206	3.66548	0	9.65457	0	0	7.4883	0	0	0	0	0	0	0	0	0	0	0	0	0	0	0	0	0	0	0	0	0	0	0	0	0	0	0	0	0	0	0	0	0	0	0	0	
0	0	0	0	0	0	0	0	0	0	0	0	0	0	0	0	0	0	0	0	0	0	0	0	0	0	0	0	0	0	0	0	0	0	0	0	0	0	0	0	0	0	0	0	0	0	0	0	0	0	0	0	0	0	7.1347	0	0	0	0	0	0	0	0	0	0	0	0	0	0	0	0	0	0	0	0	0	0	0	0	0	0	0	0	0	0	0	0	0	0	0	0	0	0	0	0	0	0	0	0	0	
0	0	0	0	0	0	0	0	0	0	0	0	0	0	0	0	0	0	0	0	0	0	0	0	0	0	0	0	0	0	0	0	0	0	0	0	0	0	0	0	0	0	13.69126	0	0	0	0	0	0	0	0	0	9.23354	0	0	0	0	0	0	13.47005	0	0	0	0	0	0	0	0	0	0	0	5.26622	0	0	0	0	0	0	0	0	0	0	0	0	0	0	0	0	0	0	0	0	0	0	0	0	0	0	0	0	
0	0	0	0	0	0	0	0	0	0	0	0	0	0	0	0	0	0	0	0	0	0	0	0	0	0	0	0	0	0	0	0	0	0	0	0	0	0	0	0	0	0	0	6.13628	0	0	0	10.26953	0	0	0	8.01063	0	0	0	0	0	0	4.55425	0	0	0	0	0	0	0	0	0	0	0	0	0	0	0	0	0	0	0	0	0	0	0	0	0	0	0	0	0	0	0	0	0	0	0	0	0	0	0	0	0	
0	0	0	0	0	0	0	0	0	0	0	0	0	0	0	0	0	0	0	0	0	0	0	0	0	0	0	0	0	0	0	0	0	0	0	0	0	0	0	0	0	0	7.55166	0	0	0	0	0	0	0	0	0	0	0	0	8.23304	0	0	0	0	0	0	0	0	0	0	2.73181	0	8.60119	0	0	0	0	0	0	0	0	0	0	0	0	0	0	0	0	0	0	0	0	0	0	0	0	0	0	0	0	0	0	0	
0	0	0	0	0	0	0	0	0	0	0	0	0	0	0	0	0	0	0	0	0	0	0	0	0	0	0	0	0	0	0	0	0	0	0	0	0	0	0	0	12.73121	0	0	0	0	0	0	0	0	0	0	0	0	0	0	0	0	0	0	0	0	0	0	0	0	0	0	0	0	0	0	0	0	0	0	0	0	0	0	0	0	0	0	0	0	0	0	0	0	0	0	0	0	0	0	0	0	0	0	0	
0	0	0	0	0	0	0	0	0	0	0	0	0	0	0	0	0	0	0	0	0	0	0	0	0	0	0	0	0	0	0	0	0	0	0	0	0	0	0	0	0	0	0	0	0	0	0	9.36634	0	0	8.80324	0	0	0	0	0	0	0	0	0	0	0	0	0	0	0	0	0	0	0	0	0	0	0	0	0	9.17136	0	0	0	0	0	0	0	0	0	0	0	0	0	0	0	0	0	0	0	0	0	0	0	
0	0	0	0	0	0	0	0	0	0	0	0	0	0	0	0	0	0	0	0	0	0	0	0	0	0	0	0	0	0	0	0	0	0	0	0	0	0	0	0	0	0	0	0	0	0	0	6.61674	0	0	10.11507	10.57458	0	0	0	0	6.28477	0	13.54256	0	9.23354	0	0	0	0	10.85288	0	0	0	0	0	0	0	0	0	0	0	0	0	0	0	0	0	0	0	0	0	0	0	0	0	0	0	0	0	0	0	0	0	0	
0	0	0	0	0	0	0	0	0	0	0	0	0	0	0	0	0	0	0	0	0	0	0	0	0	0	0	0	0	0	0	0	0	0	0	0	0	0	0	0	0	7.63593	0	0	0	0	0	0	0	0	0	0	0	0	0	0	0	0	0	0	0	0	0	0	0	0	0	0	1.5923	0	0	0	0	0	0	0	0	0	0	0	0	0	0	0	0	0	0	0	0	0	0	0	0	0	0	0	0	0	0	0	
0	0	0	0	0	0	0	0	0	0	0	0	0	0	0	0	0	0	0	0	0	0	0	0	0	0	0	0	0	0	0	1.77332	0	0	0	0	0	0	0	0	0	0	0	0	0	0	0	8.85835	0	0	0	0	0	0	0	0	0	0	0	0	0	0	0	7.74837	0	0	0	1.14352	0	0	0	0	0	0	0	0	0	0	0	0	0	0	0	0	0	0	0	0	0	0	0	0	0	0	0	0	0	0	0	0	
0	0	0	0	0	0	0	0	0	0	0	0	0	0	0	0	0	0	0	0	0	0	0	0	0	0	0	0	0	0	0	12.2004	0	0	2.21026	0	0	0	0	0	0	0	0	0	0	0	0	0	0	0	0	0	0	0	0	0	0	0	0	0	0	0	0	0	0	0	0	0	0	0	0	0	0	0	0	0	0	0	0	0	0	0	0	0	0	0	0	0	0	0	0	0	0	0	0	0	0	0	0	0	
0	0	0	0	0	0	0	0	0	0	0	0	0	0	0	0	0	0	0	0	0	0	0	0	0	0	0	0	0	0	0	0	0	0	0	0	0	0	0	0	0	0	0	10.627	0	0	0	0	0	16.64455	0	0	0	0	9.15207	0	0	0	0	0	0	0	0	0	0	0	0	0	0	0	0	0	0	0	0	0	0	0	0	4.43702	0	0	0	0	0	0	0	0	0	0	0	0	0	0	0	0	0	0	0	0	
0	0	0	0	0	0	0	0	0	0	0	0	0	0	0	0	0	0	0	0	0	0	0	0	0	0	0	0	0	0	0	0	8.3356	0	0	0	0	0	0	0	0	0	0	0	0	0	0	3.66548	0	0	5.33916	1.14613	0	0	0	0	0	0	8.09949	0	0	0	0	0	0	0	0	0	0	0	3.11407	0	0	0	0	0	0	0	0	0	0	0	0	0	0	6.12073	0	0	0	0	0	0	0	0	0	0	0	0	0	0	
0	0	0	0	0	0	0	0	0	0	0	0	0	0	0	0	0	0	0	0	0	0	0	0	0	0	0	0	0	0	0	0	0	0	0	0	0	0	0	9.73038	0	0	0	0	16.09483	0	6.39285	0	0	0	0	0	0	0	0	0	0	0	0	0	0	0	0	0	0	0	0	0	0	0	0	0	0	0	0	0	0	0	0	0	0	0	0	0	0	0	0	0	0	0	0	0	0	0	0	0	0	0	0	0	
0	0	0	0	0	0	0	0	0	0	0	0	0	0	0	0	0	0	0	0	0	0	0	0	0	0	0	0	0	0	0	0	0	0	0	8.46466	0	0	0	0	0	0	0	0	0	0	0	8.25795	0	0	0	0	0	8.70757	0	0	0	0	0	0	7.73205	0	0	0	0	0	0	0	0	0	0	0	0	0	0	0	0	0	0	0	0	0	0	0	0	0	0	0	0	0	0	0	0	0	1.14352	0	0	0	0	0	
0	0	0	0	0	0	0	0	0	0	0	0	0	0	0	0	0	0	0	0	0	0	0	0	0	0	0	0	0	0	0	0	0	0	0	0	0	0	0	0	0	13.33493	0	0	0	0	0	0	0	0	0	0	0.48862	0	0	0	0	0	0	0	0	0	0	0	0	0	0	3.17972	0	0	0	5.74957	0	0	0	0	0	0	0	0	0	0	0	0	0	0	0	0	0	0	0	0	0	0	0	0	0	0	0	0	
0	0	0	0	0	0	0	0	0	0	0	0	0	0	0	0	0	0	0	0	0	0	0	0	0	0	0	0	0	0	0	0	0	0	0	0	0	0	0	0	7.77516	0	0	0	9.65665	0	0	4.54584	0	0	1.5923	11.96789	0	0	0	10.17666	0	0	5.69449	0	9.62091	0	0	0	0	0	0	0	0	0	0	0	0	0	0	0	0	0	0	0	0	0	0	0	0	0	0	0	0	0	0	0	0	0	0	4.34674	0	0	0	0	
0	0	0	0	0	0	0	0	0	0	0	0	0	0	0	0	0	0	0	0	0	0	0	0	0	0	0	0	0	0	0	0	0	0	0	0	0	0	0	0	0	0	0	0	12.78055	0	0	0	0	1.14352	0	0	6.15245	0	0	0	0	8.04329	0	0	0	6.136	0	0	0	0	0	0	0	0	0	0	0	0	0	0	0	0	0	0	0	0	0	0	0	0	0	0	0	0	0	0	0	0	0	0	0	0	0	0	
0	0	0	0	0	0	0	0	0	0	0	0	0	0	0	0	0	0	0	0	0	0	0	0	0	0	0	0	0	0	0	0	0	0	0	0	0	0	0	0	0	0	0	13.9474	0	0	14.36168	0	0	0	9.13356	0	0	0	0	0	0	0	0	4.55897	0	0	0	0	7.4489	0	0	0	0	0	0	0	7.9334	0	0	0	8.87207	0	0	0	0	0	0	0	0	0	0	0	0	0	0	0	0	0	0	0	0	0	0	0	
0	0	0	0	0	0	0	0	0	0	0	0	0	0	0	0	0	0	0	0	0	0	0	0	0	0	0	0	0	0	0	0	0	0	0	0	0	0	0	0	0	0	0	0	7.23401	0.85288	0	10.71023	0.85288	0	0	8.80998	2.21026	0	0	6.3649	0	0	0	0	0	0	0	0	0	0	0	12.91357	0	0	0	0	0	11.07884	0	0	0	0	0	0	0	0	0	0	0	0	0	0	0	0	0	0	0	0	0	0	0	0	0	0	
0	0	0	0	0	0	0	0	0	0	0	0	0	0	0	0	0	0	0	0	0	0	0	0	0	0	0	0	0	0	0	0	0	0	0	0	0	12.70462	0	0	0	0	0	0	0	0	0	0	4.06346	0	0	6.55191	0	0	11.52582	0	8.05863	0	0	10.7175	0	0.48862	0	0	0	0	0	0	0	0	0	0	0	0	6.00163	0.85288	0	0	0	0	0	0	0	0	0	0	0	0	0	0	0	0	0	0	0	0	0	0	0	0	
0	0	0	0	0	0	0	0	0	0	0	0	0	0	0	0	0	0	0	0	0	0	0	0	0	0	0	0	0	0	0	0	0	0	0	0	0	0	0	0	0	0	14.15683	0	0	10.35818	0	13.23301	0	0	8.10161	0	11.61361	0	9.66813	0	0	0	0	0	0	0	0	8.84197	0	0	0	7.86021	0	0	10.79678	0	0	0	0	0	0	0	2.6415	0	0	0	0	0	0	0	0	0	0	0	0	0	0	0	0	0	0	0	0	0	
0	0	0	0	0	0	0	0	0	0	0	0	0	0	0	0	0	0	0	0	0	0	0	0	0	0	0	0	0	0	0	0	0	0	0	0	0	0	0	0	0	0	0	0	0	0	0	8.10372	9.25559	0	0	10.84373	0	0	0	0	0	0	0	0	0	0	0	0	2.44193	0	0	0	0	0	0	0	0	0	0	0	0	0	0	0	0	0	0	0	0	0	0	0	0	0	7.71278	0	0	0	0	0	0	0	0	0	
0	0	0	0	0	0	0	0	0	0	0	0	0	0	0	0	0	0	0	0	0	0	0	0	0	0	0	0	0	0	0	0	0	0	0	0	0	0	0	0	0	0	0	0	0	0	0	12.10805	0	0	0	0	9.42673	2.33073	0	0	0	0	9.8938	6.41346	0	0	0	0	0	0	0	0	0	0	0	0	0	0	0	0	0	0	0	0	0	0	0	0	0	0	0	0	0	0	0	0	0	0	0	0	0	0	6.61674	0	
0	0	0	0	0	0	0	0	0	0	0	0	0	0	0	0	0	0	0	0	0	0	0	0	0	0	0	0	0	0	0	0	0	0	0	0	0	0	0	0	0	0	8.17587	0	0	0	0	0	0	9.1961	0	8.51956	0	6.78437	0	0	0	0	0	0	0	0	0	0	12.74516	0	0	0	0	0	0	0	0	0	0	0	16.06752	0	0	0	0	0	0	0	0	0	0	0	0	0	0	0	0	0	0	0	0	0	0	0	
0	0	0	0	0	0	0	0	0	0	0	0	11.61583	0	0	0	0	0	0	0	0	0	0	0	0	0	0	0	0	0	10.17867	0	0	0	0	0	0	0	0	0	0	0	12.89517	0	0	0	0	3.75435	0	0	13.18852	0	0	4.82824	2.21026	0	9.88471	0	0	0	0	0	0	7.08774	6.25499	12.08909	0	0	0	0	0	0	0	0	0	0	0	0	0	0	0	0	0	0	0	0	0	0	0	0	0	0	0	0	0	0	0	0	0	0	
0	0	0	0	0	0	0	0	0	0	0	0	0	0	0	0	0	0	0	0	0	0	0	0	0	0	0	0	0	0	0	0	0	0	0	0	0	0	0	0	0	0	0	0	0	11.03614	9.01042	0	3.30267	13.54012	0	8.19382	6.81398	0	9.89272	6.95026	0	0	0	0	10.32138	0	0	0	0	0	0	0	0	7.29896	0	0	0	0	0	0	3.87411	0	0	0	0	0	0	0	0	0	0	0	0	0	0	0	0	0	0	0	0	0	0	0	
0	0	0	0	0	0	0	0	0	0	0	0	0	0	0	9.19636	0	0	0	0	0	0	0	0	0	0	0	0	0	0	0	0	0	0	0	7.23783	11.92576	0	0	0	0	0	0	0	0	12.39076	8.49024	7.9523	3.79681	10.57038	0	0	4.55897	0	9.59783	0	0	0	0	7.662	0	8.7135	0	5.71677	0	8.39208	0	0	11.12851	0	7.06186	0	0	0	0	11.53407	0	1.38532	0	3.36043	0	0	0	0	0	0	0	0	0	0	9.93788	0	0	0	0	0	0	0	0	0	
0	0	0	0	0	0	0	0	0	0	0	0	0	0	0	0	0	0	0	0	0	0	0	0	0	0	12.00231	0	0	0	0	6.0243	0	0	6.30732	0	0	0	0	0	11.15663	0	0	0	0	0	0	0	7.94756	6.7361	2.33073	10.96185	9.27543	0	9.07114	0	15.17622	0	5.99834	0	0	8.86834	0	0	0	7.56707	0	0	0	0	0	0	0	7.54544	0	0	0	0	0	0	0	0	0	0	0	0	0	0	0	0	0	0	0	0	0	0	2.07878	0	0	0	
0	0	0	0	0	0	0	0	0	0	0	0	0	0	0	0	0	0	0	11.51513	0	0	0	0	0	0	0	0	0	0	0	0	0	0	0	0	0	0	0	0	0	0	0	13.02568	0	0	13.45439	12.77931	11.93336	0	7.662	8.21352	11.37086	0	0	0	13.71155	0	0	9.01597	6.18299	0	0	11.87108	0	7.93815	0	6.74154	0	0	0	0	0	0	0	0	0	0	0	0	0	0	0	0	0	0	0	0	0	0	7.52176	0	0	0	0	0	0	0	0	0	
0	0	0	0	0	0	0	0	0	0	0	0	9.29222	0	0	0	0	0	0	9.90854	0	0	0	0	0	0	0	0	0	0	0	0	0	6.76773	0	0	0	0	0	0	0	12.93919	14.57714	0	10.02768	0	0	3.27244	7.55784	0	1.38532	8.54789	8.87366	6.28848	9.84819	6.37194	5.90107	5.34601	7.91373	0	0	0	0	0	5.98811	0	0	0	0	0	0	0	0	0	0	0	0	0	9.77752	0.48862	0	0	0	0	0	0	0	0	0	0	0	0	0	0	0	0	0	0	0	0	
0	0	0	0	0	0	0	0	0	0	0	0	0	0	0	0	0	0	0	0	0	0	0	15.64099	0	0	0	0	0	0	0	0	0	0	0	0	0	0	11.82438	0	0	0	8.82732	8.7423	6.61674	0	7.23599	7.11704	0	9.48933	7.84764	8.66836	0	0	0	0	0	5.48313	16.19465	10.15896	10.23524	0	0	0	7.37726	0	0.48862	0	0	0	0	0	0	0	0	0	0	0	0	0	0	0	0	0	0	0	0	0	0	0	0	0	0	0	0	0	0	0	0	0	
0	0	9.40802	0	0	0	0	0	0	0	0	0	0	0	0	0	0	0	0	0	0	0	0	0	0	0	0	0	0	0	0	0	0	0	0	0	0	0	0	0	10.94977	0	0	0	0	8.40587	0	9.15267	9.97418	11.40575	0	6.54383	9.04386	9.37047	0	8.70098	0	0	2.07878	0	8.20924	0	6.93454	10.20502	0	0	0	0	0	0	0	7.19677	0	0	0	0	1.14352	0	0	0	0	0	0	0	0	0	0	0	0	0	0	0	0	0	0	0	0	0	0	0	
0	0	0	0	0	0	0	0	0	0	0	9.8461	0	0	0	0	0	0	0	0	0	0	0	0	0	0	0	0	0	0	0	0	6.35072	0	0	0	0	10.72087	11.50008	10.38582	8.12262	4.48638	0	0	12.35065	8.173	10.78864	9.10565	10.61598	0	11.31809	0	2.12918	7.82249	0	11.39281	4.22713	11.51954	0	0	0	0	0	0	0	0	0	7.37025	0	0	0	0	4.50877	0	0	1.38532	0	0	7.07486	0	0	0	0	0	0	0	0	0	0	0	0	0	0	0	0	7.16203	0	0	0	0	
0	0	0	0	0	0	0	0	0	0	0	0	0	0	0	0	0	0	0	0	0	0	0	0	0	0	0	0	0	0	0	0	0	0	10.55731	8.77601	0	0	0	5.08963	0	12.63411	0	10.67639	12.76412	9.45088	7.92671	7.50422	5.01439	10.2971	9.68754	10.01634	1.14352	9.70264	0	0	7.48568	0	0	5.56212	8.19187	0	1.14352	0	0	0	0	0	0	0	0	0	0	0	0	0	0	0	5.48973	0	0	0	0	0	0	0	0	9.23161	0	0	0	0	0	0	0	0	0	0	0	0	
0	0	0	0	0	0	0	0	9.90793	0	11.28445	0	0	0	0	0	0	0	0	0	0	0	0	0	0	0	8.29174	0	0	0	0	0	0	0	1.14352	13.50614	0	10.16049	11.18155	0	7.9567	8.73822	0	4.55897	1.14352	12.86016	6.24625	7.81482	9.04033	9.33135	0	7.53323	0	0	0	0	8.91494	4.19627	0	0	0	0	0	0	0	0	12.35327	0	0	0	0	0	0	0	0	0	0	0	0	0	0	0	0	0	0	0	0	0	0	0	0	0	0	0	0	0	0	0	0	0	
0	0	0	0	0	0	0	0	0	0	0	12.14485	0	0	12.54934	0	0	0	0	0	0	0	0	0	0	0	0	0	0	0	0	10.991	0	0	5.12339	0	10.85821	0	0	10.50387	0	0	8.95314	8.24878	10.10074	7.45977	10.96894	8.5622	4.25581	8.45656	7.60642	10.90982	10.57589	10.84762	0	7.72657	9.83352	0	0	14.61795	12.49255	4.32417	0	8.33019	0	0	0	0	0	0	0	0	0	0.85288	0	7.86361	0	0	0	0	0	0	0	6.89111	0	0	0	0	0	0	0	0	0	0	0	0	0	0	0	0	
0	0	0	0	0	0	0	0	0	0	0	0	12.31176	0	0	0	0	0	0	0	0	0	0	0	0	0	0	0	0	9.92239	0	0	7.15457	0	6.11098	0	13.22481	0	14.01552	10.17465	9.8829	12.03953	9.31899	6.96183	8.74491	4.55968	9.92235	10.61452	4.53409	10.34704	8.89867	11.59643	10.36965	9.66385	6.65745	6.71749	8.021	0	0	8.92208	3.91716	0	0	0	0	0	0	0	0	0	0	0	0	9.8343	0	0	0	0	0	0	10.79383	0	0	0	0	0	0	0	0	0	0	0	0	0	0	0	0	0	0	0	
0	0	0	0	0	0	0	14.16261	0	0	0	10.67651	0	0	0	0	0	0	0	0	0	0	0	0	0	0	0	8.94821	0	0	2.44193	0	13.10254	0	0	0	2.73181	13.6402	8.59633	11.19697	9.51639	5.13277	0	10.87666	11.05692	9.01583	9.25619	8.59543	11.35835	9.23193	5.08582	9.11646	10.70327	9.15207	8.55862	5.99431	14.60128	4.50971	2.84725	8.29174	6.77823	12.25816	9.84293	0	8.91607	0	0	0	0	0	0	0	0	11.25048	0	0	0	0	0	0	0	0	0	0	0	0	0	0	0	0	0	0	0	0	0	0	0	0	0	0	
9.20427	0	0	0	0	0	0	0	7.65596	0	0	0	9.7953	0	0	0	0	0	0	0	0	0	0	0	11.26851	0	0	7.04435	0	0	0	0	12.39347	0	12.1227	8.39381	0	7.25696	11.02368	6.13263	6.83109	9.5295	5.29605	10.31786	11.28271	9.38104	7.27029	9.82372	5.86841	2.59464	9.25614	6.03165	6.14812	6.38223	11.23981	10.01148	8.45309	4.66894	0	10.38846	0.48862	0.48862	0	5.09762	0	5.89346	0	0	0	0	0	0	0	0	0	0	0	0	0	0	0	0	4.37616	0	0	4.27528	0	0	0	0	0	0	0	0	0	0	0	0	0	0	
0	0	0	11.31854	0	0	0	0	0	0	0	0	0	0	0	0	0	0	9.12837	0	0	11.55722	0	8.43136	11.56086	7.04874	0	0	10.05293	9.29778	11.58255	0	11.33349	0	0	1.5923	0	10.83966	10.38681	8.43009	7.9582	7.2033	8.38618	8.77973	8.97799	9.87499	8.67606	8.52108	8.97181	6.81017	10.1984	8.40298	10.89571	6.65004	7.67059	10.1601	0	4.1651	5.29638	9.06116	0	3.46944	10.01858	0	0	0	0	0	0	5.3823	0	0	8.3374	0	1.14352	9.58274	11.40407	4.94931	0	0	0	0	0	0	0	0	0	0	0	0	0	0	0	0	0	0	0	0	0	0	
9.14181	0	0	0	12.92961	6.29043	0	0	0	0	0	0	0	0	0	0	0	9.00364	0	0	0	0	0	0	9.42842	0	7.28473	7.44731	0	12.18923	10.87801	0	0	0	10.79776	9.3134	5.87273	11.06044	11.46725	7.94526	6.6591	8.93945	8.47496	8.73565	8.83952	8.84555	9.84721	8.56377	9.83834	9.99731	6.48413	10.17155	10.75567	6.77453	8.53745	9.1753	9.09062	4.30633	6.17167	8.67367	12.29206	0	8.38364	10.90506	10.37491	12.09229	8.98862	0	0	0	0	0	0	0	4.1642	0	0	0	0	0	0	0	0	0	0	0	0	0	0	0	0	0	0	0	0	0.48862	0	0	0	0	
0	0	0	0	0	0	0	0	3.75435	0	8.67845	0	0	0	0	0	10.8846	14.19438	10.59352	5.71677	9.28012	9.48693	0	0	0	13.4273	0	9.49843	6.44325	10.37053	0	9.62828	11.13292	7.49384	9.31855	10.87439	7.44152	9.70959	9.3234	7.7881	9.05088	8.07215	4.99841	8.88066	10.34546	7.8314	7.55674	9.13241	8.83491	7.36168	6.65781	10.76395	7.15804	8.15655	5.77134	6.40876	5.29945	8.24267	0	11.15935	4.89689	8.93876	8.56086	0	9.16813	12.71322	2.21026	0	0	0	0	8.46795	0	0	9.13563	0	0	0	10.14208	0	0	0	0	0	0	7.35967	0	0	0	0	0	0	0	0	0	9.76019	0	0	0	0	
0	10.99214	0	0	1.5923	7.16271	0	0	0	0	0	0	0	0	4.94611	11.58361	0	11.05608	8.61017	0	10.57381	0	4.45676	0	0	0	0	0	9.73128	10.6836	7.24004	0	10.5375	5.1598	10.11664	9.13927	9.2621	10.13596	8.90673	8.89727	9.08132	7.22713	8.33136	8.14882	8.43432	7.42318	7.90016	9.05836	7.92253	7.63936	7.23104	7.67349	7.9974	8.54359	9.07102	6.17963	4.1642	7.38697	6.09864	9.1876	0	9.03944	0	12.1388	10.54805	0.85288	4.99704	2.21026	0	0	0	0	0	0	0	6.30732	0	0	0	0	8.08626	0	0	0	0	0	0	0	0	0	0	0	0	0	0	0	0	0	0	0	
0	10.81723	8.93995	0	10.15734	0	0	0	0	0	9.38124	0	0	0	9.50645	7.35967	0	7.30923	0	0	6.87138	4.74395	7.95367	12.29821	8.57398	10.76739	0	5.78827	6.15245	7.09973	9.81931	10.38886	11.84055	10.53528	10.24431	5.12435	8.19135	7.47581	7.71236	7.14856	6.52349	7.46633	6.94546	7.11728	7.00732	7.01996	9.00047	7.9858	9.42198	7.98892	7.31739	9.3606	8.48462	7.67398	7.33069	6.72346	8.3546	6.01207	8.03327	9.89639	0	6.33105	10.46552	9.1163	3.27812	0.48862	2.33073	0	0	0	0	8.75915	0	0	9.36458	0	4.69988	0	1.38532	0	0	0	0	4.60263	0	1.93908	0	0	0	0	0	0	0	0	0	0	0	0	0	0	
0	0	0	0	0	0	0	0	6.71964	0	10.00959	12.08601	0	0	0	0	0	0	10.13279	0	9.30607	0	0	0	0	10.46817	10.08655	0	4.53409	8.16983	6.48056	7.12571	10.5488	9.0309	10.08576	8.55559	8.38394	11.13426	7.70571	8.46878	5.90048	7.67328	8.15079	8.23012	7.64153	7.32992	6.23371	7.82469	7.91604	7.89017	8.15059	8.20352	6.31798	7.57708	7.943	9.59625	9.32208	8.61465	11.05581	9.88426	9.01473	5.60083	5.32543	8.77567	0	8.22944	0	9.55013	0	0	0	0	0	0	0	0	0	0	2.54518	0	0	4.45676	0	0	0	0	0	10.01128	5.56536	10.68042	0	0	0	0	0	0	0	0	0	0	
0	0	0	0	0	0	0	0	8.24842	10.23041	0	2.73181	0	12.04738	0	0	0	4.13139	11.51234	3.91822	0	0	9.01605	9.04356	7.59741	8.09949	5.85379	9.88166	4.88343	10.0361	0	6.2797	4.79289	3.75733	5.44701	8.31192	7.99249	5.98219	11.36303	6.17621	7.19153	8.17477	8.35094	8.53745	6.67417	8.08743	8.03777	7.61021	7.8304	9.16468	8.40703	6.88743	7.68852	6.897	7.97488	8.42818	6.94643	8.67257	10.14824	8.10733	6.15185	9.14743	9.79793	5.92252	6.06899	10.11237	9.94025	0	0	0	0	0	0	5.86381	10.87503	0	0	0	12.94451	0	0	0	0	0	0	0	0	0	6.51868	0	1.38532	0	0	0	0	0	0	0	0	0	
0	0	8.60568	7.93368	0	5.56536	0	2.33073	6.60484	0	0	0	0	0	0	0	0	6.91657	0	0	0	0	0	10.89807	0	11.7748	0	9.72404	6.93929	7.65924	0	8.50611	0	10.40482	5.53916	8.15624	7.53758	6.26473	1.74759	11.22118	6.52713	9.1594	7.37175	8.0031	7.23196	7.25428	6.35309	8.72759	6.91763	7.38326	7.73024	7.51867	8.5731	7.78374	8.04709	6.39864	7.31468	9.77961	6.84084	6.62322	9.92305	8.3112	4.34914	10.09181	4.94462	0	0	7.75242	7.07486	3.7106	3.86191	0	8.82284	0	1.34944	0	5.94689	0	0	0	0	0	5.30963	0	0	0	0	0	0	0	0	0	0	0	0	0	0	0	0	0	
0	0	0	0	0	0	0	0	0	0	9.9043	8.48752	8.88021	0	14.58488	0	0	6.97208	0	6.01534	0	0	0	0	0	0	5.51538	4.34674	4.71379	0	8.95665	9.72315	5.97535	7.97567	4.14205	8.71754	8.36806	7.17124	7.69239	8.50368	8.5592	5.17894	6.49849	7.39256	7.50062	7.72879	5.51245	5.56289	7.67396	5.89979	6.06505	8.21366	8.75998	7.11154	7.57739	6.63421	6.82413	7.36924	9.24627	6.33055	11.44745	6.49428	6.22107	6.68714	0	5.72326	8.31749	3.22915	0	0	5.61366	0	5.29274	0.96705	0	14.53541	0	0	0	0	0	0	0	0	0	0	0	0	6.77875	0	0	0	0	0	0	0	0	0	0	0	
0	0	0	0	0	0	0	0	0	10.95981	0	0	6.00632	0	0	0	0	0	0	0	0	0	0	10.39035	0	0	7.58442	0	0	5.8719	6.05446	0	0	5.52301	9.54198	6.48662	3.41596	0.48862	0	8.332	3.95064	9.65088	4.8366	4.59852	10.24098	7.19939	7.26033	7.08153	7.87434	4.36209	7.11375	8.79102	6.50158	6.74594	8.77816	7.03747	7.02282	7.81156	5.12965	5.90589	7.24441	5.78502	4.49854	12.10418	6.83685	4.1485	7.49153	7.78311	5.84975	0	0	8.19187	0	5.35415	0	1.38532	7.65047	0	0	0	0	0	0	0	10.78595	0	0	1.38532	0	0	0	12.32746	0	0	0	0	8.30835	0	0	0	
0	0	0	0	0	0	0	0	0	0	0	9.02389	0	0	0	0	0	9.05004	12.78014	0	0	0	0	2.6415	0	0	0	8.67133	0	0	0	0	6.62341	5.84129	5.78787	0	4.5962	7.65681	3.65278	5.8355	7.28666	8.62366	8.69221	2.55331	0	9.20395	4.84292	4.46857	7.23215	6.37916	8.35183	11.56979	7.85125	4.44505	6.85972	4.94524	6.07058	6.68973	7.45418	8.31414	7.3425	5.63465	0	7.4957	10.78617	0	5.26933	7.53294	9.06573	8.35948	0	0	0	2.81678	0	9.92179	0	8.86086	0	0	0	6.68631	0	0	0	0	0	0	0	0	0	0	0	0	0	0	0	0	0	0	
0	0	0	0	6.13638	0	0	0	0	0	9.27355	0	6.94402	0	0	10.53005	0	0	6.82597	0	6.07145	5.84371	0	0	0	12.26349	8.25605	0	0	5.40222	0	8.08386	9.07976	0	0	7.88502	9.96024	2.89705	11.60206	9.50642	7.33977	7.82217	5.97803	7.41863	3.32054	5.84482	11.01339	5.18958	8.38528	8.83411	9.93638	7.52768	9.15784	7.10537	6.08493	6.94482	8.01294	7.31101	4.96077	8.24626	5.72034	7.37233	7.98604	6.65067	8.36279	0	7.10663	10.42526	0	1.38532	8.90381	8.08028	6.96291	12.76418	6.41207	0	5.26661	0	0	0	2.89705	0	0	0.48862	0	1.9341	0	0	0	0	0	0	0	0	0	0	0	0	0	0	
0	0	0	0	0	0	0	0	0	0	0	4.43003	2.27949	0	0	9.04386	0	0	0	0	2.73181	0	0.48862	0	0	0	0	0	0	3.14257	0.48862	4.39429	0	0	0	9.71524	0	0	0	4.72208	3.68186	6.20887	4.45648	5.24715	8.70373	3.35061	4.67185	7.14993	6.88425	7.26692	0	0	7.82437	9.75994	0.48862	6.4311	9.00236	7.88265	5.51899	6.50122	8.54072	7.94345	7.48474	6.88616	5.05519	5.70189	2.33073	8.06691	5.39618	8.69105	0	8.17601	7.53619	9.67526	9.90612	0	3.57079	0	5.86381	0	0	0	0	0	0	0	0	0	0	0	0	0	0	0	0	0	0	0	0	0	
0	0	0	9.92538	0	0	0	0	0	0	0	0	0	0	0	0	0.85288	0	0	0	0	0	7.5044	0	0	0	7.05894	5.49676	8.34099	8.68694	0	0	2.44193	0	0	11.7821	0	3.75435	0	5.56179	5.76531	0	2.54518	0	6.71736	11.32581	7.48174	9.14181	5.00676	5.48234	5.96912	6.40193	8.18857	9.00943	7.99867	6.2746	7.28366	6.57094	7.12579	6.06827	7.38963	7.44035	8.98806	8.28289	7.27192	9.87872	6.2238	7.21843	9.53509	7.61444	4.6182	7.12786	5.69475	4.93064	5.51447	0	11.30459	0	5.27837	8.43975	0.48862	4.58343	3.04529	0	0	0	0	0	0	0	0	0	0	0	0	0	0	3.04529	0	12.02076	
0	0	5.69378	0	0	0	0	0	0	0	0	0	0	0	0	0	0	0	0	0	4.84857	0	0	0	0	9.16124	0	9.51449	0	8.87826	0	9.69644	13.74764	0	8.81253	0	0	7.16621	5.76052	0	5.57759	0	0	8.04573	10.12135	7.59741	0.57176	3.79848	0.85288	6.74854	9.73268	7.30923	6.84824	8.72105	7.00798	8.70902	0.48862	5.81237	7.71402	5.01686	2.73317	4.41119	5.26168	2.13524	5.32944	5.63581	4.66899	0	7.99476	5.01124	4.29307	5.82899	5.35099	9.50831	0.85288	0	6.18657	0	2.042	3.83805	0	5.09471	0	0	0	0	0	0	5.38035	0	0	0	0	0	0	0	0.48862	0	0	0	
0	0	0	0	1.14352	0	0	0	0	0	0	0	9.74672	0	0	0	0	0	0	0	3.11407	2.33073	0	0	0	0	0	7.72586	0	0	0	0	8.7314	0	0	0	8.79431	0	5.99724	7.02662	0	0	4.05944	0.48862	10.49058	0	2.31391	8.97157	6.04206	6.10628	9.37249	5.44188	10.36613	4.28719	8.64889	1.80946	0	5.83085	3.73615	3.54784	7.25222	5.3693	8.39456	6.7314	5.94921	8.09053	5.16872	5.30194	6.91596	6.52155	7.12022	0	0	8.67142	0	9.73569	5.65229	6.29705	0	0	0	0	0	0	8.70934	0	0	0	0	0	0	0	0	0	0	0	9.77354	0	0	0	
0	0	0	0	0	0	0	0	2.07878	0	0	0	0.48862	0	0	0	8.93995	5.5896	6.43378	0	0	0	0	0	6.91942	0	0	0	0	0	0	0	0	0	6.0332	8.37467	0	9.27449	0	0	0	0	8.8979	12.28042	0	10.70098	10.53672	6.11937	0	3.60137	0	10.67971	8.27494	8.32045	0	6.72515	0	7.74834	0	5.18285	7.49113	3.30267	6.15396	8.69958	4.47068	6.81777	6.61726	6.12622	8.75716	7.75005	8.22069	2.47104	8.42396	7.26832	8.09036	6.01297	9.97273	4.72208	0	2.33073	8.09524	5.35415	10.5147	0	1.95858	0.85288	7.95933	7.29078	6.75775	0	8.99535	0	0	5.94277	0	0	0	0	0	0	
0	0	0	0	0	0	0	0	0	0	0	0	0	0	0	0	0	0	0	0	4.4657	0	0	0	0	0	0	0	0	6.0243	0	0	0	0	9.82894	0	0	0	0	0	9.77752	0	8.70656	8.97619	5.48345	0	0	0.85288	7.68196	4.93774	7.95699	0	0	2.83593	5.59459	7.83781	0	0	7.75153	8.12577	9.01941	6.401	1.46583	6.3013	6.46729	7.24229	1.5069	4.61011	7.557	8.03093	9.7535	7.46225	5.46162	5.0608	4.14282	0	6.15526	0	6.74092	0	0	0	1.5923	0	0	0	6.82774	0	0	0	0	0	0	0	0	0	0	0	0	0	
0	0	0	0	5.61366	0	0	0	0	0	0	3.41596	0	3.87816	0	0	0	0	0	0	0	0	0	0	0	0	0	0	0	0	0	0	0	0	0	0	0	0	0	7.23007	0	0	7.69043	0	5.26693	0	1.62125	5.85379	0	0	1.38532	0	0	0	8.83689	0	0	0	0	11.05526	7.52585	8.08635	6.34184	9.38764	6.19117	0	0.57176	7.18042	8.63752	7.06849	4.81919	7.39857	7.87742	6.21532	0	0	7.93468	6.50594	7.74416	8.56787	3.95515	6.37194	1.9341	0	4.09782	0	2.6415	11.03455	0	4.05334	0	0	0	0	6.06829	0	0	0	0	0	
0	0	0	0	0	0	0	0	0	0	0	0	0	0	0	0	0	6.26461	0	0	0	7.69043	8.07382	0	0	0	8.57398	0	0	0	0	0	0	8.10986	8.60823	0	0	0	0	0	0	0	0	0	0	0	0	0	0.48862	0	0.48862	0	0	0	0	7.67427	10.88599	10.47278	6.63441	2.33073	0	5.82337	5.36507	0	7.6535	7.26846	7.88418	6.68034	5.25934	3.27812	8.37655	5.86283	6.67542	6.84742	8.54814	6.98119	7.45943	0	8.72454	4.78674	0	0	8.09466	0	8.08028	9.31188	1.38532	1.14352	0	10.56213	0	0	0	0	0	0	9.47311	0	0	0	
0	0	0	0	0	0	0	0	7.98599	0	0	9.18041	0	0	0	0	0	0	0	0	0	0	0	0	0	0	0	9.63998	0	6.08552	0	0	0	0	0	0	0	0	0	9.41413	0	0	0	0	0	6.17677	0	5.12339	6.19275	0	0	11.05471	0	0	0	0	0	0	8.27876	0	7.47156	0	8.71398	9.43129	7.64773	4.83644	6.55819	0	0	5.66196	8.74678	0.85288	7.43929	8.16939	5.40476	11.70189	1.7605	0	1.5923	8.44328	7.60971	8.24157	9.33066	9.40714	6.39363	0	0	0	0	0	8.92327	0	9.14984	0	0	0	0	0	0	0	
0	0	0	0	0	0	0	0	0	0	0	0	0	6.31465	0	0	0	0	0	10.00507	0	0	0	0	0	2.6681	0	0	0	0	0	0	0	0	7.88502	0	0	6.64734	0	0	10.52532	0	1.9341	10.66975	2.44193	0	0	0	0	0	3.83805	8.56633	0	0	5.62549	0	0	0	0	7.11943	6.99953	0	3.33953	8.28243	6.66338	3.72396	8.91888	3.30267	0	4.92746	7.28199	0	7.65564	6.4475	10.51343	7.28204	4.07956	4.72584	7.29302	4.8423	0	6.64084	5.51538	4.43706	2.20289	0	0	7.48506	3.94577	0	5.05507	0	0	6.64607	0	0	0	0	5.95761	0	
0	0	0	0	0	0	0	10.39276	0	0	0	0	0	0	0	0	0	0	0	0	0	0	1.38532	0	0	0	0	0	9.43851	0	0	0	0	0	10.28034	0	0	9.79071	0	0	0	2.75473	0	0	0	0	3.86876	0	0	0	0	0	9.02501	0	0	0	3.64333	10.76772	0	5.0882	6.86339	0	0	5.59148	0	3.75435	0	6.89255	6.83283	9.88228	8.77179	6.0396	8.94585	6.31031	9.29593	6.21823	5.57336	0.48862	6.17542	4.76791	8.70443	6.61664	6.73838	0	7.15943	0	5.31085	3.84833	0	0	10.1426	6.82685	0	0	0	0	8.96343	0	0	0	
0	0	0	0	0	0	0	0	0	0	0	0	0	0	0	0	0	0	0	0	0	0	0	0	0	0	0	0	0	0	0	0	0	0	0	0	0	4.90243	0	0	0	0	0	0	0	0	0	0	0	8.89668	0	3.85447	0	4.90214	0	0	3.99216	5.5993	0	0	2.07878	0	11.01564	11.28538	4.82824	6.08273	0	0	9.5532	6.02824	0	7.45554	6.06063	10.44902	6.48568	8.86808	0	3.10472	6.02806	7.49282	3.8815	10.19562	5.93207	1.5923	0	0	4.74346	0	0	0	0	0	9.75627	10.66548	6.136	0	0	0	0	0	
0	0	0	0	0	0	0	9.00024	0	0	0	0	0	0	0	0	0	0	0	0	0	0	0	0	0	0	0	0	0	0	0	0	0	0	0	0	0	5.43224	0	7.69605	0	0	0	0	0	0	0	0	0	0	4.22211	0	0	10.06275	7.38135	0	0	8.03581	9.149	10.08004	0	1.5923	0	7.43809	9.57625	10.34438	0	0	8.43103	6.00362	7.93935	3.34683	5.26768	8.50379	7.662	7.32503	7.0704	0	8.25859	7.94219	7.74479	10.19959	5.51959	9.52814	4.37883	0	0	0.8805	0	0	6.46044	0	0	0	0	5.81589	0	0	0	0	
0	0	0	0	0	0	0	0	0	0	0	0	0	0	0	0	0	0	0	0	0	0	0	0	0	9.51203	0	0	0	0	0	0	0	0	0	0	0	8.03	0	0	0	0	0	0	10.97722	0	0	0	6.32194	0	0	0	0	0	0	2.07878	0	0	0	0	0	0	7.68909	0	0	7.05049	6.36335	8.11859	0	6.26787	3.13129	0	10.31648	0	8.44644	6.03251	5.36829	6.73251	5.38643	5.95353	2.47018	0	6.50125	0	9.51203	6.70072	0	0	0	0	8.97157	0	0	0	0	0	0	0	0	0	
0	0	0	0	0	0	0	0	0	0	0	0	5.10661	0	0	0	0	0	0	0	0	0	0	0	0	0	0	0	0	0	0	0	0	0	0	0	0	0	0	0	0	0	0	0	0	0	0	6.84633	0	0	0.48862	0	9.17035	0	0	0	0	0	0	4.78829	0	0	0	4.75777	4.67733	5.93207	8.85806	0	6.26258	0	0	8.91004	0	0	0	4.1458	6.07799	8.67756	6.67507	4.40895	0	6.34324	4.41886	4.2983	7.73944	2.2415	6.7738	0	7.3981	0	0	0	0	7.43888	0	0	0	0	0	0	
0	0	0	0	0	0	0	0	0	0	0	0	0	0	0	0	0	0	0	0	0	0	0	0	0	0	0	0	0	0	0	0	11.21985	0	0	0	0	0	0	0	0.48862	0	0	0	0	0	0	0	0	0	0	0	0	0	0	0	4.22754	0	0	0	9.49949	0	0	4.14745	0	6.24735	0	0	7.4399	0	0	0	9.40888	0	0	2.89705	0	0	4.95039	8.82392	9.18185	6.23968	9.83404	0	0.48862	0	0	0	0	8.6699	6.63705	7.01828	4.27284	0	0	0	0	0	0	0	
0	0	0	0	0	0	0	1.46528	0	0	0	0	0	0	0	0	0	0	0	0	0	0	0	0	0	0	0	5.26622	0	0	0	0	0	0	0	0	0	0	0	0	0	0	0	0	0	0	0	0	0	0	0	0	0	0	0	0	0	0.48862	0	0	0	0	0	0	0	0	0	0	0	0	3.0166	4.26683	7.93161	0	0	9.25083	10.44792	0	8.14505	5.74957	0	5.74599	0	6.84633	1.14352	9.61307	0	8.43975	0	4.37505	0	2.54518	0	0	0	8.61609	0	0	0	0	
0	0	0	0	0	0	0	0	0	0	0	0	0	0	0	0	0	0	0	0	11.59136	0	0	0	0	0	0	0	0	0	8.60717	0	0	0	0	0	0	0	0	0	0	0	0	0	0	0	0	0	0	0	0	0	0	0	0	0	0	0	0	12.26538	0	0	0	0	6.11937	8.43808	5.73872	6.92393	0	0	0	0	0	0	0	3.36043	7.58361	2.97308	0	0	3.07623	0	0	0	2.97759	9.32433	7.30063	4.08212	9.45269	0	8.91004	6.1687	6.37894	8.90883	0	6.20857	0	0	0	0	
0	0	0	0	0	0	0	0	0	0	0	0	0	0	0	0	0	0	0	0	0	0	0	0	0	0	0	0	0	0	0	0	0	0	0	0	0	0	0	0	0	0	0	0	0	0	0	0	3.36043	0	0	0	0	0	0	0	0	0	0	0	0	0	0	0	0	0	0	0	0	8.5571	9.73653	11.53172	8.02405	0	9.81157	5.813	0	8.47123	0	0	0	8.16376	7.55991	0	4.51977	0	2.07878	0	0	3.17775	0	2.53914	2.17337	0	1.5923	0	0	0	0	0	
0	0	0	0	0	0	0	0	0	0	0	0	0	0	0	7.59363	0	0	0	0	0	0	0	0	0	0	0	0	0	0	0	0	0	0	7.4489	0	0	0	0	0	0	0	0	0	0	0	0	0	0	0	0	0	0	0	0	0	0	0	0	0	0	0	0	0	0	0	0	4.76549	0	0	0	0	0	8.793	0	0	0	1.48654	0	0	0	3.36043	0	0	1.2837	0	6.11717	3.0166	8.02107	9.8757	8.27307	0	10.555	0	0	0	0	0	0	0	
0	0	0	0	0	0	0	0	0	0	0	0	0	0	0	0	0	0	0	0	0	0	0	0	0	0	0	0	0	0	0	0	0	0	0	0	0	0	0	0	0	0	0	0	0	0	0	0	9.05374	0	0	0	0	0	0	0	0	0	0	8.67845	0	0	0	0	0	7.76375	0	0	0	0	0	8.30283	0	0	0	0	0	11.54987	0	8.67875	10.57229	0	0	9.27637	0	0	0	0	0	0	0	0	0	0	0	0	0	0	0	0	
0	0	0	0	0	0	0	0	0	0	0	0	0	0	0	0	0	0	0	0	0	0	0	0	0	0	0	0	0	0	0	0	0	0	0	0	0	0	0	0	0	0	0	0	0	0.48862	0	0	0	0	0	0	0	0	0	2.53904	0	0	11.30551	0	0	0	0	0	10.63616	0	0	0	0	0	0	2.89705	0	5.58972	0	0	7.34901	0	0	0	2.84725	8.50034	3.38003	7.42873	0	0	0	8.30835	8.26235	0	4.84857	8.97965	8.92806	0	0	0	0	0	0	0	
0	0	0	0	0	0	0	0	0	0	0	0	0	0	0	0	0	0	0	0	0	0	0	0	0	0	0	0	0	0	0	0	0	0	0	0	0	0	0	0	0	0	0	0	0	0	0	0	0	0	0	0	0	0	0	0	0	0	0	0	0	0	0	0	0	0	0	0	0	0	0	0	0	0	0	0	0	0	0	0	0	0	0	0	0	0	1.14352	0	0	0	0	8.90398	0	0	0	0	0	0	0	0	
0	0	0	0	0	0	0	0	0	0	0	0	0	0	0	0	0	0	0	0	0	0	0	0	0	0	0	0	0	0	0	0	0	0	0	0	0	0	0	0	0	0	0	0	0	0	0	0	0	0	0	0	0	0	0	0	0	0	0	0	0	0	0	0	0	0	0	0	0	0	9.48623	0	0	0	0	0	0	0	0	8.59063	0	0	0	9.16023	0	0	0	0	0	0	8.73722	10.51303	0	0	0	0	0	0	0	0	
0	0	0	0	0	0	0	0	0	0	0	0	0	0	0	0	0	0	0	0	0	0	0	0	0	0	0	0	0	0	0	0	0	0	0	0	0	0	0	0	0	0	0	0	0	0	0	0	0	0	0	0	0	0	0	0	0	0	0	5.05507	0	0	0	0	0	0	0	0	0	0	10.73227	0	0	0	0	0	0	0	0	0	0	0	0	0	0	0	0.85288	0	0	0	0	0	0	0	0	0	0	0	0	0	
0	0	0	0	0	0	0	0	0	0	0	0	0	0	0	0	0	0	0	0	0	0	0	0	0	0	0	0	0	0	0	0	0	0	0	0	0	0	0	0	0	0	0	0	0	0	0	0	0	0	0	0	0	0	0	0	0	0	0	0	0	0	0	0	0	0	0	0	0	9.98283	4.90788	0	0	0	0	0	0	0	7.57319	0	0	0	0	0	0	0	0	0	6.19275	2.21026	0	0	0	0	0	0	0	0	0	0	
0	0	0	0	0	0	0	0	0	0	0	0	0	0	0	0	0	0	0	0	0	0	0	0	0	0	0	0	0	0	0	0	0	0	0	0	0	0	0	0	0	0	0	0	0	0	0	0	0	0	0	0	0	0	0	0	0	0	0	0	0	0	0	0	0	0	0	0	0	0	0	0	0	0	0	0	0	0	0	0	0	0	0	0	0	0	0	0	0	0	0	0	0	0	0	0	0	0	0	0	
0	0	0	0	0	0	0	0	0	0	0	0	0	0	0	0	0	0	0	0	0	0	0	0	0	0	0	0	0	0	0	0	0	0	0	0	0	0	0	0	0	0	0	0	0	0	0	0	0	0	0	0	0	0	0	0	0	0	8.1495	0	0	0	0	0	0	0	0	0	0	0	0	0	0	0	0	7.25696	0	0	0	0	0	0	0	0	0	0	0	0	0	0	0	0	0	0	0	0	0	0	0	0	
0	0	0	0	0	0	0	0	0	0	0	0	0	0	0	0	0	0	0	0	0	0	0	0	0	0	0	0	0	0	0	0	8.04769	0	0	0	0	0	0	0	0	0	0	0	0	0	0	0	0	0	7.03993	0	0	0	0	0	0	0	0	0	0	0	0	0	0	0	0	0	0	0	0	0	0	0	0	0.48862	0	0	0	0	1.77332	0	0	0	0	0	0	0	0	0	0	0	0	0	0	0	0	0	0	0	
0	0	0	0	0	0	0	0	0	0	0	0	0	0	0	0	0	0	0	0	0	0	0	0	0	0	0	0	0	0	0	0	0	0	0	0	0	0	0	0	0	0	0	0	0	0	0	0	0	0	0	0	0	0	0	0	0	0	0	0	0	0	0	0	0	0	0	0	0	0	0	0	0	0	0	0	0	0	0	0	0	0	0	0	0	0	0	0	0	0	0	0	0	0	0	0	0	0	0	0	
0	0	0	0	0	0	0	0	0	0	0	0	0	0	0	0	0	0	0	0	0	0	0	0	0	0	0	0	0	0	0	0	0	0	0	0	0	0	0	0	0	0	0	0	0	0	0	0	0	0	0	0	0	0	0	0	0	0	0	0	0	0	0	0	0	0	0	0	0	0	0	0	0	0	0	0	0	0	0	0	0	0	0	0	0	0	0	0	0	0	0	0	0	0	0	0	0	0	0	0	
0	0	0	0	0	0	0	0	0	0	0	0	0	0	0	0	0	0	0	0	0	0	0	0	0	0	0	0	0	0	0	0	0	0	0	0	0	0	0	0	0	0	0	0	0	0	0	0	0	0	0	0	0	0	0	0	0	0	0	0	0	0	0	0	0	0	0	0	0	0	0	0	0	0	0	0	0	0	0	0	0	0	0	0	0	0	0	0	0	0	0	0	0	0	0	0	0	0	0	0	
0	0	0	0	0	0	0	0	0	0	0	0	0	0	0	0	0	0	0	0	0	0	0	0	0	0	0	0	0	0	0	0	0	0	0	0	0	0	0	0	0	0	0	0	0	0	0	0	0	0	0	0	0	0	0	0	0	0	0	0	0	0	0	0	0	0	0	0	0	0	0	0	0	0	0	0	0	0	0	0	0	0	0	0	0	0	0	0	0	0	0	0	0	0	0	0	0	0	0	0	
0	0	0	0	0	0	0	0	0	0	0	0	0	0	0	0	0	0	0	0	0	0	0	0	0	0	0	0	0	0	0	0	0	0	0	0	0	0	0	0	0	0	0	0	0	0	0	0	0	0	0	0	0	0	0	0	0	0	0	0	0	0	0	0	0	0	0	0	0	0	0	0	0	0	0	0	0	0	0	0	0	6.27765	0	0	0	0	0	0	0	0	0	0	0	0	0	0	0	0	0	0	
0	0	0	0	0	0	0	0	0	0	0	0	0	0	0	0	0	0	0	0	0	0	0	0	0	0	0	0	0	0	0	0	0	0	0	0	0	0	0	0	0	0	0	0	0	0	0	10.98671	0	0	0	0	0	0	0	0	0	0	0	0	0	0	0	0	0	0	0	0	0	0	0	0	0	0	8.76626	0	0	0	0	0	0	0	0	0	0	0	0	0	0	0	0	0	0	0	0	0	0	0	0	0	
