0	0	0	0	0	0	0	0	0	0	0	0	0	0	0	0	0	0	0	0	0	0	0	0	0	0	0	0	0	0	0	0	0	0	0	0	0	0	0	0	0	0	0	0	0	0	0	0	0	0	0	8.90198	0	0	0	0	0	0	0	0	0	0	0	0	0	0	0	0	0	0	0	0	0	0	0	0	0	0	0	0	0	0	0	0	0	0	0	0	0	0	0	0	0	0	0	0	0	0	0	0	
0	0	0	0	0	0	0	0	0	0	0	0	0	0	0	0	0	0	0	0	0	0	0	0	0	0	0	0	0	0	0	0	0	0	0	0	0	0	0	0	0	0	0	0	0	0	0	13.35884	0	0	0	0	0	0	0	0	0	0	0	0	0	0	0	9.89271	0	0	0	0	0	0	0	0	0	0	0	0	0	0	0	0	0	0	0	0	0	0	0	0	0	0	0	0	0	0	0	0	0	0	0	0	
0	0	0	0	0	0	0	0	0	0	0	0	0	0	0	0	0	0	0	0	0	0	0	0	0	0	0	0	0	0	0	0	0	0	0	0	0	0	0	0	0	0	0	0	0	0	0	0	0	0	0	0	0	0	8.50062	0	0	0	0	0	0	0	0	0	0	0	0	0	0	0	0	0	0	0	0	0	0	0	0	0	0	0	0	0	0	0	0	0	0	0	0	0	0	0	0	0	0	0	0	0	
0	0	0	0	0	0	0	0	0	0	0	0	0	0	0	0	0	0	0	0	0	0	0	0	0	0	0	0	0	0	0	0	0	0	0	0	0	0	0	0	0	0	0	0	0	0	13.53008	10.51515	0	0	0	0	0	0	0	0	0	0	0	0	0	0	0	0	0	0	0	0	0	0	0	0	0	0	0	0	0	0	0	0	0	0	0	0	0	0	0	0	0	0	0	0	0	0	0	0	0	0	0	0	
0	0	0	0	0	0	0	0	0	0	0	0	0	0	0	0	0	0	0	0	0	0	0	0	0	0	0	0	0	0	0	0	0	0	0	0	0	9.27094	0	0	0	0	0	11.75616	0	0	0	0	0	0	0	0	0	0	0	0	0	0	0	0	0	0	0	0	0	0	0	0	0	0	0	0	0	0	0	0	0	0	0	0	0	0	0	0	0	0	0	0	0	0	0	0	0	0	0	0	0	0	0	0	
0	0	0	0	0	0	0	0	0	0	0	0	0	0	0	0	0	0	0	0	0	0	0	0	0	0	0	0	0	0	0	0	0	0	0	0	0	0	0	0	0	0	0	0	0	0	0	0	0	0	0	0	0	0	0	0	0	0	0	0	0	0	0	0	0	0	0	0	0	0	0	0	9.44155	0	0	0	0	0	0	0	0	0	0	0	0	0	0	0	0	0	0	0	0	0	0	0	0	0	0	0	
0	0	0	0	0	0	0	0	0	0	0	0	0	0	0	0	0	0	0	0	0	0	0	0	0	0	0	0	0	0	0	0	0	0	0	0	0	0	0	0	0	0	0	0	0	0	0	0	0	0	0	0	0	0	0	0	0	0	0	0	0	0	0	0	0	0	0	0	0	0	0	0	0	0	10.09889	0	0	0	0	0	0	0	0	0	0	0	0	0	0	0	0	0	0	0	0	0	0	0	0	0	
0	0	0	0	0	0	0	0	0	0	0	0	0	0	0	0	0	0	0	0	0	0	0	0	0	0	0	0	0	0	0	0	0	0	0	0	0	0	0	0	0	0	0	0	0	0	0	0	0	0	0	8.35191	0	0	0	11.38847	0	0	8.3217	0	0	0	0	0	0	0	0	0	0	0	0	0	0	0	0	0	0	0	0	0	0	0	0	0	0	0	0	0	0	0	0	0	0	0	0	0	0	0	0	0	
0	0	0	0	0	0	0	0	0	0	0	0	0	0	0	0	0	0	0	0	0	0	0	0	0	0	0	0	0	0	0	0	0	0	0	0	0	0	0	0	0	0	0	0	0	0	0	0	0	0	0	0	0	0	0	0	0	0	0	0	0	0	0	0	0	0	0	4.69274	0	0	0	0	0	0	0	0	0	0	0	0	0	0	0	0	0	0	0	0	0	0	0	0	0	0	0	0	0	0	0	0	
0	0	0	0	0	0	0	0	0	0	0	0	0	0	0	0	0	0	0	0	0	0	0	0	0	0	0	0	0	0	0	0	0	0	0	0	0	0	0	0	0	0	0	0	0	0	0	0	0	0	0	0	0	0	0	6.69481	0	0	0	0	0	0	0	0	0	0	0	0	0	0	0	0	0	0	0	0	0	0	0	0	0	0	0	0	0	0	0	0	0	0	0	0	0	0	0	0	0	0	0	0	
0	0	0	0	0	0	0	0	0	0	0	0	0	0	0	0	0	0	0	0	0	0	0	0	0	0	0	0	0	0	0	0	0	0	0	0	0	0	0	0	0	0	0	0	0	0	0	0	0	0	0	0	0	0	0	0	0	0	0	0	0	0	0	0	0	0	0	7.98621	0	0	0	0	0	0	0	0	0	0	0	0	0	0	0	0	0	0	0	0	0	0	0	0	0	0	0	0	0	0	0	0	
0	0	0	0	0	0	0	0	0	0	0	0	0	0	0	0	0	0	0	0	0	0	0	0	0	0	0	0	0	0	0	0	0	0	0	0	0	0	0	0	0	0	0	0	0	0	0	0	0	0	0	0	4.00787	0	0	0	0.38051	0	0	0	0	0	0	0	0	0	0	0	0	0	0	12.19701	0	0	0	0	0	0	0	0	0	0	0	0	0	0	0	0	0	0	0	0	0	0	0	0	0	0	0	0	
0	0	0	0	0	0	0	0	0	0	0	0	0	0	0	0	0	0	0	0	0	0	0	0	0	0	0	0	0	0	0	0	0	0	0	0	0	0	0	0	0	0	0	0	0	0	0	0	7.51535	0	0	0	13.98702	0	0	0	0	0	0	0	0	0	0	0	0	0	0	3.49307	0	0	0	0	0	0	0	0	0	0	0	0	0	0	0	0	0	0	0	0	0	0	0	0	0	0	0	0	0	0	0	0	
0	0	0	0	0	0	0	0	0	0	0	0	0	0	0	0	0	0	0	0	0	0	0	0	0	0	0	0	0	0	14.14922	0	0	0	0	0	0	0	0	0	0	0	0	0	0	0	0	9.13895	0	0	0	0	0	0	0	0	0	4.97622	2.543	0	8.85301	0	0	6.3868	0	0	0	0	0	0	0	0	0	0	0	0	0	0	0	0	0	0	0	0	0	0	0	0	0	0	0	0	0	0	0	0	0	0	0	0	
0	0	0	0	0	0	0	0	0	0	0	0	0	0	0	0	0	0	0	0	0	0	0	0	0	0	0	0	0	0	0	0	0	0	0	0	0	0	0	0	0	0	0	0	0	0	0	0	0	0	0	0	0	0	5.84544	0	0	0	0	0	0	0	0	0	0	0	0	0	0	0	0	0	0	0	0	0	0	0	0	0	0	0	0	0	0	0	0	0	0	0	0	0	0	0	0	0	0	0	0	0	
0	0	0	0	0	0	0	0	0	0	0	0	0	0	0	0	0	0	0	0	0	0	0	0	0	0	0	0	0	0	0	0	0	0	0	0	0	0	0	0	0	0	11.64338	0	0	0	0	0	0	0	0	0	9.42897	0	0	0	0	0	0	14.51795	0	0	0	0	0	0	0	0	0	0	0	5.60515	0	0	0	0	0	0	0	0	0	0	0	0	0	0	0	0	0	0	0	0	0	0	0	0	0	0	0	0	
0	0	0	0	0	0	0	0	0	0	0	0	0	0	0	0	0	0	0	0	0	0	0	0	0	0	0	0	0	0	0	0	0	0	0	0	0	0	0	0	0	0	0	5.7509	0	0	0	9.56801	0	0	0	8.78693	0	0	0	0	0	0	4.43628	0	0	0	0	0	0	0	0	0	0	0	0	0	0	0	0	0	0	0	0	0	0	0	0	0	0	0	0	0	0	0	0	0	0	0	0	0	0	0	0	0	
0	0	0	0	0	0	0	0	0	0	0	0	0	0	0	0	0	0	0	0	0	0	0	0	0	0	0	0	0	0	0	0	0	0	0	0	0	0	0	0	0	0	7.38338	0	0	0	0	0	0	0	0	0	0	0	0	7.59631	0	0	0	0	0	0	0	0	0	0	0	0	9.64174	0	0	0	0	0	0	0	0	0	0	0	0	0	0	0	0	0	0	0	0	0	0	0	0	0	0	0	0	0	0	0	
0	0	0	0	0	0	0	0	0	0	0	0	0	0	0	0	0	0	0	0	0	0	0	0	0	0	0	0	0	0	0	0	0	0	0	0	0	0	0	0	12.06079	0	0	0	0	0	0	0	0	0	0	0	0	0	0	0	0	0	0	0	0	0	0	0	0	0	0	0	0	0	0	0	0	0	0	0	0	0	0	0	0	0	0	0	0	0	0	0	0	0	0	0	0	0	0	0	0	0	0	0	
0	0	0	0	0	0	0	0	0	0	0	0	0	0	0	0	0	0	0	0	0	0	0	0	0	0	0	0	0	0	0	0	0	0	0	0	0	0	0	0	0	0	0	0	0	0	0	8.05002	0	0	7.3228	0	0	0	0	0	0	0	0	0	0	0	0	0	0	0	0	0	0	0	0	0	0	0	0	0	8.80992	0	0	0	0	0	0	0	0	0	0	0	0	0	0	0	0	0	0	0	0	0	0	0	
0	0	0	0	0	0	0	0	0	0	0	0	0	0	0	0	0	0	0	0	0	0	0	0	0	0	0	0	0	0	0	0	0	0	0	0	0	0	0	0	0	0	0	0	0	0	0	6.73623	0	0	9.24391	10.2873	0	0	0	0	6.06362	0	12.62094	0	8.40369	0	0	0	0	10.51945	0	0	0	0	0	0	0	0	0	0	0	0	0	0	0	0	0	0	0	0	0	0	0	0	0	0	0	0	0	0	0	0	0	0	
0	0	0	0	0	0	0	0	0	0	0	0	0	0	0	0	0	0	0	0	0	0	0	0	0	0	0	0	0	0	0	0	0	0	0	0	0	0	0	0	0	7.09261	0	0	0	0	0	0	0	0	0	0	0	0	0	0	0	0	0	0	0	0	0	0	0	0	0	0	0	0	0	0	0	0	0	0	0	0	0	0	0	0	0	0	0	0	0	0	0	0	0	0	0	0	0	0	0	0	0	0	
0	0	0	0	0	0	0	0	0	0	0	0	0	0	0	0	0	0	0	0	0	0	0	0	0	0	0	0	0	0	0	0.38051	0.38051	0	0	0	0	0	0	0	0	0	0	0	0	0	0	11.25519	0	0	0	0	0	0	0	0	0	0	0	0	0	0	0	8.09051	0	0	0	0	0	0	0	0	0	0	0	0	0	0	0	0	0	0	0	0	0	0	0	0	0	0	0	0	0	0	0	0	0	0	0	0	
0	0	0	0	0	0	0	0	0	0	0	0	0	0	0	0	0	0	0	0	0	0	0	0	0	0	0	0	0	0	0	13.14253	0	0	1.89367	0	0	0	0	0	0	0	0	0	0	0	0	0	0	0	0	0	0	0	0	0	0	0	0	0	0	0	0	0	0	0	0	0	0	0	0	0	0	0	0	0	0	0	0	0	0	0	0	0	0	0	0	0	0	0	0	0	0	0	0	0	0	0	0	0	
0	0	0	0	0	0	0	0	0	0	0	0	0	0	0	0	0	0	0	0	0	0	0	0	0	0	0	0	0	0	0	0	0	0	0	0	0	0	0	0	0	0	0	9.68575	0	0	0	0	0	16.84114	0	0	0	0	9.47252	0	0	0	0	0	0	0	0	0	0	0	0	0	0	0	0	0	0	0	0	0	0	0	0	3.75442	0	0	0	0	0	0	0	0	0	0	0	0	0	0	0	0	0	0	0	0	
0	0	0	0	0	0	0	0	0	0	0	0	0	0	0	0	0	0	0	0	0	0	0	0	0	0	0	0	0	0	0	0	7.92841	0	0	0	0	0	0	0	0	0	0	0	0	0	0	3.70819	0	0	4.27564	3.14199	0	0	0	0	0	0	9.14818	0	0	0	0	0	0	0	0	0	0	0	5.00362	0	0	0	0	0	0	0	0	0	0	0	0	0	0	6.68645	0	0	0	0	0	0	0	0	0	0	0	0	0	0	
0	0	0	0	0	0	0	0	0	0	0	0	0	0	0	0	0	0	0	0	0	0	0	0	0	0	0	0	0	0	0	0	0	0	0	0	0	0	0	8.53036	0	0	0	0	15.1599	0	4.16173	0	0	0	0	0	0	0	0	0	0	0	0	0	0	0	0	0	0	0	0	0	0	0	0	0	0	0	0	0	0	0	0	0	0	0	0	0	0	0	0	0	0	0	0	0	0	0	0	0	0	0	0	0	
0	0	0	0	0	0	0	0	0	0	0	0	0	0	0	0	0	0	0	0	0	0	0	0	0	0	0	0	0	0	0	0	0	0	0	8.0533	0	0	0	0	0	0	0	0	0	0	0	7.72945	0	0	0	0	0	8.33122	0	0	0	0	0	0	7.97587	0	0	0	0	0	0	0	0	0	0	0	0	0	0	0	0	0	0	0	0	0	0	0	0	0	0	0	0	0	0	0	0	0	0.68122	0	0	0	0	0	
0	0	0	0	0	0	0	0	0	0	0	0	0	0	0	0	0	0	0	0	0	0	0	0	0	0	0	0	0	0	0	0	0	0	0	0	0	0	0	0	0	13.80154	0	0	0	0	0	0	0	0	0	0	0	0	0	0	0	0	0	0	0	0	0	0	0	0	0	10.37219	0	0	0	4.3865	0	0	0	0	0	0	0	0	0	0	0	0	0	0	0	0	0	0	0	0	0	0	0	0	0	0	0	0	
0	0	0	0	0	0	0	0	0	0	0	0	0	0	0	0	0	0	0	0	0	0	0	0	0	0	0	0	0	0	0	0	0	0	0	0	0	0	0	0	8.82726	0	0	0	9.83811	0	0	5.59735	0	0	0.68122	12.06221	0	0	0	9.9506	0	0	3.95271	0	11.14358	0	0	0	0	0	0	0	1.327	0	0	0	0	0	0	0	0	0	0	0	0	0	0	0	0	0	0	0	0	0	0	0	0	0	0	6.00148	0	0	0	0	
0	0	0	0	0	0	0	0	0	0	0	0	0	0	0	0	0	0	0	0	0	0	0	0	0	0	0	0	0	0	0	0	0	0	0	0	0	0	0	0	0	0	0	0	10.62107	0	0	0	0	0	0	0	3.98056	0	0	0	0	7.42245	0	0	0	5.90307	0	0	0	0	0	0	0	0	0	0	0	0	0	0	0	0	0	0	0	0	0	0	0	0	0	0	0	0	0	0	0	0	0	0	0	0	0	0	
0	0	0	0	0	0	0	0	0	0	0	0	0	0	0	0	0	0	0	0	0	0	0	0	0	0	0	0	0	0	0	0	0	0	0	0	0	0	0	0	0	0	0	11.32676	0	0	10.6441	0	0	0	7.73763	0	0	0	0	0	0	0	0	5.01712	0	0	0	0	8.17729	0	0	0.38051	0	0	0	0	8.98164	0	0	0	5.99467	0	0	0	0	0	0	0	0	0	0	0	0	0	0	0	0	0	0	0	0	0	0	0	
0	0	0	0	0	0	0	0	0	0	0	0	0	0	0	0	0	0	0	0	0	0	0	0	0	0	0	0	0	0	0	0	0	0	0	0	0	0	0	0	0	0	0	0	4.88015	1.327	0	10.94282	0	0	0	8.49716	2.38529	0	0	7.59181	0	0	0	0	0	0	0	0	0	0	0	12.75053	0	0	0	0	0	10.93839	0	0	0	0	0	0	0	0	0	0	0	0	0	0	0	0	0	0	0	0	0	0	0	0	0	0	
0	0	0	0	0	0	0	0	0	0	0	0	0	0	0	0	0	0	0	0	0	0	0	0	0	0	0	0	0	0	0	0	0	0	0	0	0	11.63588	0	0	0	0	0	0	0	0	0	0	1.77146	0	0	4.07037	0	0	13.00271	0	6.06138	0	0	8.82248	0	1.327	0	0	0	0	0	0	0	0	0	0	0	0	6.56858	4.03468	0	0	0	0	0	0	0	0	0	0	0	0	0	0	0	0	0	0	0	0	0	0	0	0	
0	0	0	0	0	0	0	0	0	0	0	0	0	0	0	0	0	0	0	0	0	0	0	0	0	0	0	0	0	0	0	0	0	0	0	0	0	0	0	0	0	0	13.90962	0	0	11.20757	0	12.25502	0	0	7.41943	0	10.85764	0	9.43276	0	0	0	0	0	0	0	0	7.9776	0	0	0	2.81455	0	0	8.00158	0	0	0	0	0	0	0	4.061	0	0	0	0	0	0	0	0	0	0	0	0	0	0	0	0	0	0	0	0	0	
0	0	0	0	0	0	0	0	0	0	0	0	0	0	0	0	0	0	0	0	0	0	0	0	0	0	0	0	0	0	0	0	0	0	0	0	0	0	0	0	0	0	0	0	0	0	0	10.12603	8.05984	0	0	6.7765	0	0	0	0	0	0	0	0	0	0	0	0	0.68122	0	0	0	0	0	0	0	0	0	0	0	0	0	0	0	0	0	0	0	0	0	0	0	0	0	5.73343	0	0	0	0	0	0	0	0	0	
0	0	0	0	0	0	0	0	0	0	0	0	0	0	0	0	0	0	0	0	0	0	0	0	0	0	0	0	0	0	0	0	0	0	0	0	0	0	0	0	0	0	0	0	0	0	0	12.20662	0	0	0	0	10.58468	2.93329	0	0	0	0	7.81858	4.32267	0	0	0	0	0	0	0	0	0	0	0	0	0	0	0	0	0	0	0	0	0	0	0	0	0	0	0	0	0	0	0	0	0	0	0	0	0	0	7.5201	0	
0	0	0	0	0	0	0	0	0	0	0	0	0	0	0	0	0	0	0	0	0	0	0	0	0	0	0	0	0	0	0	0	0	0	0	0	0	0	0	0	0	0	7.84377	0	0	0	0	0	0	9.37389	0	7.38599	0	4.40717	0	0	0	0	0	0	0	0	0	0	12.13012	0	0	0	0	0	0	0	0	0	0	0	11.10418	0	0	0	0	0	0	0	0	0	0	0	0	0	0	0	0	0	0	0	0	0	0	0	
0	0	0	0	0	0	0	0	0	0	0	0	10.84846	0	0	0	0	0	0	0	0	0	0	0	0	0	0	0	0	0	9.07742	0	0	0	0	0	0	0	0	0	0	0	12.42045	0	0	0	0	4.00787	0	0	12.39096	0	0	4.26723	2.29948	0	9.03663	0	0	0	0	0	0	9.2149	1.89367	12.8353	0	0	0	0	0	0	0	0	0	0	0	0	0	0	0	0	0	0	0	0	0	0	0	0	0	0	0	0	0	0	0	0	0	0	
0	0	0	0	0	0	0	0	0	0	0	0	0	0	0	0	0	0	0	0	0	0	0	0	0	0	0	0	0	0	0	0	0	0	0	0	0	0	0	0	0	0	0	0	0	10.51774	11.00832	0	1.327	14.2651	1.14209	7.39824	9.24032	0	9.88029	7.99487	0	0	0	0	9.73153	0	0	0	0	0	0	0	0	7.44303	0	0	0	0	0	0	3.61891	0	0	0	0	0	0	0	0	0	0	0	0	0	0	0	0	0	0	0	0	0	0	0	
0	0	0	0	0	0	0	0	0	0	0	0	0	0	0	7.02736	0	0	0	0	0	0	0	0	0	0	0	0	0	0	0	0	0	0	0	0.93002	11.91227	0	0	0	0	0	0	3.19335	0	10.63346	8.66721	7.17926	2.1108	9.10298	0	0	4.42754	0	9.46021	0	0	0	0	6.01501	0	6.87992	0	3.09488	0	8.34197	0	0	11.43245	0	6.90919	0	0	0	0	10.73068	0	0.68122	0	5.0655	0	0	0	0	0	0	0	0	0	0	11.27553	0	0	0	0	0	0	0	0	0	
0	0	0	0	0	0	0	0	0	0	0	0	0	0	0	0	0	0	0	0	0	0	0	0	0	0	11.40189	0	0	0	0	6.90919	0	0	6.46773	0	0	0	0	0	10.99396	0	0	0	0	0	0	0	6.35868	6.22745	0.93002	11.0374	9.95368	0	8.81862	0	14.65023	0	2.85904	0	0	8.28182	0	0	0	6.00826	0	0	0	0	0	0	0	9.34845	0	0	0	0	0	0	0	0	0	0	0	0	0	0	0	0	0	0	0	0	0	0	0	0	0	0	
0	0	0	0	0	0	0	0	0	0	0	0	0	0	0	0	0	0	0	11.04998	0	0	0	0	0	0	0	0	0	0	0	0	0	0	0	0	0	0	0	0	0	0	0	12.81759	0	0	14.36852	13.00106	12.62494	0	8.29977	7.2402	11.05265	0	0	0	13.38534	0	0	9.23611	5.68601	0	0	11.74543	0	4.25588	0	6.59477	0	0	0	0	0	0	0	0	0	0	0	0	0	0	0	0	0	0	0	0	0	0	6.4187	0	0	0	0	0	0	0	0	0	
0	0	0	0	0	0	0	0	0	0	0	0	10.04799	0	0	0	0	0	0	8.26622	0	0	0	0	0	0	0	0	0	0	0	0	0	7.02912	0	0	0	0	0	0	0	12.32716	15.43642	0	9.74673	0	0	3.13158	5.79745	0	0	8.50489	6.93118	8.00228	9.40675	4.00787	5.71251	5.24791	7.87817	0	0	0	0	0	3.14494	0	0	0	0	0	0	0	0	0	0	0	0	0	11.24679	0	0	0	0	0	0	0	0	0	0	0	0	0	0	0	0	0	0	0	0	0	
0	0	0	0	0	0	0	0	0	0	0	0	0	0	0	0	0	0	0	0	0	0	0	15.04097	0	0	0	0	0	0	0	0	0	0	0	0	0	0	11.4315	0	0	0	8.08049	8.32306	0	0	8.10171	7.91284	0	8.54672	8.11112	9.69938	0	0	0	0	0	4.64888	14.65223	9.955	11.23149	0	0	0	5.77377	0	0	0	0	0	0	0	0	0	0	0	0	0	0	0	0	0	0	0	0	0	0	0	0	0	0	0	0	0	0	0	0	0	0	0	
0	0	9.62199	0	0	0	0	0	0	0	0	0	0	0	0	0	0	0	0	0	0	0	0	0	0	0	0	0	0	0	0	0	0	0	0	0	0	0	0	0	11.52472	0	0	0	0	8.12523	0	9.48051	9.60978	11.24813	0	6.18619	8.73935	8.41548	0.38051	8.36063	0	0	3.70819	0	7.65953	0	7.62527	10.33829	0	0	0	0	0	0	0	6.72431	0	0	0	0	0	0	0	0	0	0	0	0	0	0	0	0	0	0	0	0	0	0	0	0	0	0	0	0	
0	0	0	0	0	0	0	0	0	0	0	10.22392	0	0	0	0	0	0	0	0	0	0	0	0	0	0	0	0	0	0	0	0	7.60975	0	0	0	0	10.39452	11.85713	9.65584	6.96949	5.22927	0	0	11.81194	8.70474	10.71989	7.17847	10.38399	0	10.54939	0	2.82025	6.46926	0	10.98392	4.5717	10.13628	0	0	0	0	0	0	0	0	0	5.01712	0	0	0	0	4.32267	0	0	0.38051	0	0	6.15599	0	0	0	0	0	0	0	0	0	0	0	0	0	0	0	0	7.50772	0	0	0	0	
0	0	0	0	0	0	0	0	0	0	0	0	0	0	0	0	0	0	0	0	0	0	0	0	0	0	0	0	0	0	0	0	0	0	6.32841	8.02059	0	0	0	5.26367	0	12.39509	0	10.70192	11.91903	9.05554	6.98928	6.33071	2.85324	10.47991	9.69966	9.64935	0	8.9082	0	0	6.24463	0	0	4.79258	8.37513	0	1.49083	0	0	0	0	0	0	0	0	0	0	0	0	0	0	0	5.3083	0	0	0	0	0	0	0	0	8.50062	0	0	0	0	0	0	0	0	0	0	0	0	
0	0	0	0	0	0	0	0	9.84522	0	10.9943	0	0	0	0	0	0	0	0	0	0	0	0	0	0	0	8.22898	0	0	0	0	0	0	0	0	0.38051	0	10.29806	10.69121	0	7.82748	9.22367	0	4.54408	0	12.07989	5.58467	7.35859	8.15055	7.81592	0	5.05296	0.38051	0	0	0	9.05311	3.45389	0	0	0	0	0.38051	0	0	0	12.29044	0	0	0	0	0	0	0	0	0	0	0	0	0	0	0	0	0	0	0	0	0	0	0	0	0	0	0	0	0	0	0	0	0	
0	0	0	0	0	0	0	0	0	0	0	12.33333	0	0	9.47025	0	0	0	0	0	0	0	0	0	0	0	0	0	0	0	0	10.63455	0	0	4.20957	0	9.99309	0	0	9.76212	1.327	0	8.96054	8.97465	10.07584	7.3353	10.69905	7.89432	3.98534	6.98573	7.04196	9.99055	10.14254	8.53017	0	9.01904	10.00089	0	0	14.59216	12.8713	4.65029	0	9.29401	0	0	0	0	0	0	0	0	0	0	0	6.9864	0	0	0	0	0	0	0	7.22944	0	0	0	0	0	0	0	0	0	0	0	0	0	0	0	0	
0	0	0	0	0	0	0	0	0	0	0	0	11.90661	0	0	0	0	0	0	0	0	0	0	0	0	0	0	0	0	9.14049	0	0	7.53426	0	10.07205	0	14.4061	0	13.04479	9.90366	10.0737	12.24793	10.5371	6.92054	8.27084	3.90766	9.80714	10.241	4.63449	9.7121	8.67833	11.90378	10.55461	8.10256	5.86486	6.3304	7.71692	0	0	6.43288	4.46744	0	0	0	0	0	0	0	0	0	0	0	0	9.42588	0	0	0	0	0	0	10.78177	0	0	0	0	0	0	0	0	0	0	0	0	0	0	0	0	0	0	0	
0	0	0	0	0	0	0	13.2721	0	0	0	10.00838	0	0	0	0	0	0	0	0	0	0	0	0	0	0	0	8.38428	0	0	1.327	0	13.39758	0	0	0	3.19335	13.71522	6.4223	11.11304	8.94679	4.90681	0	9.86213	10.12765	8.43194	9.2361	8.22234	11.12965	9.66876	5.2836	8.32048	9.85636	9.45464	8.79643	4.47262	14.99197	4.6101	2.74449	8.41521	5.96996	12.43863	6.86132	0	9.97417	0	0	0	0	0	0	0	0	10.60551	0	0	0	0	0	0	0	0	0	0	0	0	0	0	0	0	0	0	0	0	0	0	0	0	0	0	
7.93909	0	0	0	0	0	0	0	6.4357	0	0	0	7.06686	0	0	0	0	0	0	0	0	0	0	0	11.65976	0	0	7.03734	0	0	0	0	14.10978	0	12.52626	7.30571	0	7.47921	10.12909	5.88727	4.54408	9.87593	4.81516	9.79482	10.80053	8.97623	7.35938	10.22019	5.96828	2.47236	8.3095	5.1633	6.22278	5.8531	11.31947	8.65083	7.53191	4.67964	0	9.79438	0	0	0	4.36537	0	5.57807	0	0	0	0	0	0	0	0	0	0	0	0	0	0	0	0	3.50989	0	0	4.82639	0	0	0	0	0	0	0	0	0	0	0	0	0	0	
0	0	0	12.29	0	0	0	0	0	0	0	0	0	0	0	0	0	0	8.97387	0	0	12.34023	0	7.26667	11.14431	7.58729	0	0	11.70818	9.32489	11.32284	0	9.94399	0	0	0.38051	0	10.51398	10.35173	7.35581	8.69709	6.4993	7.89362	8.97409	8.76655	9.37854	7.74409	9.41994	9.05181	7.25499	10.21066	7.33604	9.78262	6.55574	7.51016	9.54045	0	2.44161	5.43641	9.04127	0	2.29948	9.79759	0	0	0	0	0	0	2.543	0	0	7.67511	0	2.0063	6.95201	11.5194	5.79196	0	0.38051	0	0	0	0	0	0	0	0	0	0	0	0	0	0	0	0	0	0	0	0	
8.64789	0	0	0	12.59366	6.54956	0	0	0	0	0	0	0	0	0	0	0	7.96894	0	0	0	0	0	0	9.89316	0	7.22428	8.29148	0	15.01612	10.44724	0	0	0	10.28416	9.22948	5.67829	10.63923	11.66687	7.7951	8.10262	8.95539	8.3755	8.03534	9.45046	8.64972	9.55433	7.9184	9.01715	9.07396	4.36401	9.25969	12.24084	6.55238	7.46102	8.3146	8.69393	5.70369	2.70861	9.23832	12.80872	0	7.15183	11.1432	10.58042	11.80547	8.60329	0	0	0	0	0	0	0	3.98056	0	0	0	0	0	0	0	0	0	0	0	0	0	0	0	0	0	0	0	0	0	0	0	0	0	
0	0	0	0	0	0	0	0	2.20821	0	8.3339	0	0	0	0	0	9.98581	14.62952	10.64872	6.04828	8.07929	9.1145	0	0	0	13.96563	0	7.60975	5.07327	10.73299	0	10.01218	10.47395	7.19004	8.73061	10.82089	7.33056	9.33478	9.41689	8.03367	9.2761	8.04216	5.704	8.18169	9.84147	7.56413	7.01267	8.46834	8.20565	6.80105	6.41698	10.64237	6.4793	8.94123	4.30307	6.12757	5.01601	8.15608	0	10.13998	4.22959	8.32713	7.84878	0	9.16932	13.18035	0.38051	0	0	0	0	8.65223	0	0	9.09106	0	0	0	9.73715	0	0	0	0	0	0	5.94607	0	0	0	0	0	0	0	0	0	7.44214	0	0	0	0	
0	10.65468	0	0	0	8.70742	0	0	0	0	0	0	0	0	6.35525	11.30008	0	10.63044	7.82759	0	10.99515	0	3.92029	0	0	0	0	0	9.2979	10.47273	7.51915	0	9.8362	7.16063	9.45712	7.54797	8.78561	10.69385	9.1331	9.16931	8.04413	7.09888	7.77101	7.35336	8.40514	6.86429	7.77634	8.45161	7.25227	6.94317	7.00453	7.40209	7.40834	6.91313	9.0605	4.48391	2.75131	9.02847	5.78823	8.05701	0	8.26824	0	11.57282	9.93698	0	4.08407	1.49083	0	0	0	0	0	0	0	4.89075	0	0	0	0	8.32809	0	0	0	0	0	0	0	0	0	0	0	0	0	0	0	0	0	0	0	
0	11.07683	9.75137	0	10.27549	0	0	0	0	0	9.77541	0	0	0	8.95733	2.38529	0	7.15808	0	0	6.83487	3.04299	6.896	10.95514	6.20991	11.15126	0	6.31792	6.08722	6.0586	7.77984	10.75129	11.4819	10.16563	10.80955	5.27003	8.06495	7.22822	7.99219	6.96918	5.84761	8.04042	6.92071	6.79495	6.97085	6.8527	8.61055	8.4176	8.87767	8.0637	7.18617	8.93299	7.97517	7.19385	7.09996	5.52184	8.35303	6.31265	7.59674	9.29955	0	5.27049	10.53772	8.63862	2.37612	0	0.68122	0	0	0	0	9.56364	0	0	10.10088	0	3.14494	0	1.14209	0	0	0	0	4.5298	0	1.62008	0	0	0	0	0	0	0	0	0	0	0	0	0	0	
0	0	0	0	0	0	0	0	5.81302	0	10.95427	11.92397	0	0	0	0	0	0	10.43423	0	7.81313	0	0	0	0	10.71523	9.12429	0	0.68122	7.01395	6.4918	7.19123	9.23383	8.97319	10.39461	8.56084	9.08178	10.36651	7.37524	8.60892	4.2588	7.87332	8.3262	8.19563	7.6891	7.21168	6.33225	7.42786	7.7657	7.45843	7.86453	8.17928	5.47347	7.5813	7.97995	9.29467	8.17117	7.34844	9.55643	9.06088	7.51657	5.04424	3.83562	9.31613	0	8.55719	0	8.16748	0	0	0	0	0	0	0	0	0	0	2.543	0	0	6.67365	0	0	0	0	0	9.81242	5.49363	9.303	0	0	0	0	0	0	0	0	0	0	
0	0	0	0	0	0	0	0	9.32895	9.46822	3.24659	3.41359	0	12.60188	0	0	0	2.29948	11.84936	2.29948	0	0	4.54408	8.60281	6.02172	10.12875	3.92432	10.3187	5.61257	9.70179	0	6.88866	6.00941	3.60501	4.1454	7.53597	7.92521	6.5545	11.91405	6.26171	7.13428	8.61978	8.24317	7.95546	5.99995	7.94405	7.73642	7.31893	7.51284	8.82378	8.06695	6.55694	7.62131	6.16576	7.81525	8.75095	6.56424	6.72182	10.24488	8.31947	6.20524	8.09932	7.69477	5.88845	6.24198	9.64341	9.5136	0	0	0	0	0	0	6.8118	10.89629	0	0	0	12.6351	0	0	0	0	0	0	0	0	0	3.95271	0	0.38051	0	0	0	0	0	0	0	0	0	
0	0	8.14228	6.89874	0	5.95311	0	2.1108	7.65797	0	0	0	0	0	0	0	0	7.69252	0	0	0	0	0	11.00937	0	10.97085	0	9.65893	5.49363	7.32408	0	8.29599	0	12.14471	5.3785	8.6354	6.79444	5.77445	2.16075	10.93233	6.98227	9.12702	7.35213	8.3158	6.61455	7.20884	6.50296	8.30082	6.75592	7.43055	7.75687	7.59786	8.49112	7.46119	7.48538	5.55706	6.89834	8.08933	6.98038	6.18907	10.1963	7.51282	3.05945	9.60084	4.57708	0	0	6.47832	6.26189	5.05625	4.6417	0	11.26743	0	1.00411	0	6.7467	0	0	0	0	0	6.20981	0	0	0	0	0	0	0	0	0	0	0	0	0	0	0	0	0	
0	0	0	0	0	0	0	0	0	0	11.10438	9.46576	7.83885	0	12.30238	0	0	7.49859	0	6.44292	0	0	0	0	0	0	5.0305	2.87515	4.63351	0	7.55986	8.96275	5.70305	7.50082	4.96668	9.17166	7.56345	6.8389	7.63016	8.92675	8.82961	5.59712	5.96261	8.06915	6.65714	9.00129	5.17697	5.80166	8.07069	5.70179	6.37907	7.45296	8.91068	6.86736	7.27002	6.66135	6.02118	7.54416	8.54268	5.21148	10.82828	5.64437	4.65125	6.3875	0	5.31213	8.60605	3.47248	0	0	2.81455	0	4.01866	3.9832	0	14.46247	0	0	0	0	0	0	0	0	0	0	0	0	6.85545	0	0	0	0	0	0	0	0	0	0	0	
0	0	0	0	0	0	0	0	0	10.87975	0	0	6.04169	0	0	0	0	0	0	0	0	0	0	9.64961	0	0	7.89986	0	0	5.0547	4.5777	0	0	5.77501	9.37098	6.88361	7.07979	0.93002	0	8.42411	3.28634	12.06415	4.71186	4.44311	10.16315	5.76807	6.51751	6.9657	8.91412	3.66292	6.63365	8.64122	6.71369	6.06518	7.96849	6.04981	7.38138	6.18819	5.10248	5.43826	7.00894	4.83311	4.34427	9.95768	6.72434	4.18377	8.4776	5.41419	4.90115	0	0	1.14209	0	3.77331	0	0.93002	8.94413	0	0	0	0	0	0	0	10.3302	0	0	1.63798	0	0	0	12.31499	0	0	0	0	7.22363	0	0	0	
0	0	0	0	0	0	0	0	0	0	0	10.87118	0	0	0	0	0	9.22192	12.9741	0	0	0	0	1.63798	0	0	0	9.26388	0	0	0	0	5.78432	6.15893	5.55843	0	5.34915	7.18306	2.18277	4.33764	6.44575	8.98963	8.8052	2.00394	0	7.96132	4.57141	3.68269	6.81007	6.3871	7.23492	13.18047	8.27286	4.63849	6.86464	4.12867	6.41168	6.42447	7.71035	8.4264	7.43512	4.72154	0	7.14924	8.85008	0	6.59142	5.31925	8.84915	7.48938	0	0	0	0	0	10.42254	0	8.30528	0	0	0	7.0411	0	0	0	0	0	0	0	0	0	0	0	0	0	0	0	0	0	0	
0	0	0	0	4.74333	0	0	0	0	0	9.34845	0	6.82722	0	0	11.26193	0	0	6.76454	0	6.91354	4.42754	0	0	0	11.43182	10.0105	0	0	7.1224	0	9.17879	9.43402	0	0	8.27749	10.01303	0.38051	10.82225	9.80018	6.12485	7.98105	6.16387	8.3312	3.1991	5.89187	10.02477	5.40763	9.11222	8.37782	9.92857	7.22984	9.52024	6.74196	5.70756	7.12378	8.12845	6.9897	4.30385	5.87974	5.8991	7.9738	8.13864	6.4305	7.30742	0	6.09947	8.56329	0	0	8.92618	7.91404	5.72124	12.872	5.31871	0	4.87923	0	0	0	0.93002	0	0	3.09488	0	0.68122	0	0	0	0	0	0	0	0	0	0	0	0	0	0	
0	0	0	0	0	0	0	0	0	0	0	6.79622	0	0	0	10.10008	0	0	0	0.93002	2.20821	0	0.38051	0	0	0	0	0	0	3.37826	0	4.53643	0	0	0	9.11166	0	0	0	5.96012	3.88171	5.84968	4.0818	6.37539	8.81928	3.93365	4.46326	5.97463	6.99865	8.04378	0	0	8.2318	9.46908	2.0063	5.98207	7.90821	6.23807	5.63543	6.30159	8.79756	7.74202	7.06305	7.13438	5.92451	4.24581	4.03468	7.67048	6.50175	7.79105	0	6.79026	7.5775	9.52841	8.58919	0	3.19335	0	4.63449	0	0	0	0	0	0	0	0	0	0	0	0	0	0	0	0	0	0	0	0	0	
0	0	0	10.83183	0	0	0	0	0	0	0	0	0	0	0	0	1.77146	0	0	0	0	0	7.59856	0	0	0	7.21064	5.38528	6.78046	8.25344	0	0	0.93002	0	0	12.38527	0	1.89367	0	5.60572	6.7585	0	0	0	7.03159	12.46628	5.65321	9.27797	5.19882	4.73695	5.35793	5.98342	8.62371	10.03913	7.72276	5.88299	6.41874	6.88197	6.63903	5.87619	7.82915	6.8044	7.99431	8.9902	6.72915	9.14601	5.93437	9.12342	10.57973	7.22004	6.95892	6.80934	5.11492	4.50166	7.49109	0	12.17411	0.38051	3.94455	8.85104	0	1.63798	0.38051	0	0	0.38051	0	0	0	0	0	0	0	0	0	0	0	6.16208	0	12.0229	
0	0	5.0582	0	0	0	0	0	0	0	0	0	0	0	0	0	0	0	0	0	6.43791	0	0	0	0	9.51954	0	8.85923	0	7.68783	0	8.90198	12.79047	0	9.26033	0	0	6.55631	5.37843	0	5.2523	0	0	8.32753	10.33054	8.34733	0.19026	2.23368	1.49083	6.33683	10.46139	8.76359	6.11812	9.02033	7.17951	9.58362	0	6.98573	7.83508	3.92745	1.41661	4.50899	4.19531	3.28731	6.51089	4.95851	4.04	0	8.36361	3.4153	4.28679	4.26742	4.37879	7.9403	0.68122	0	6.05992	0	2.2275	3.24016	0	4.9992	0	0	0	0	0	0	2.07505	0	0	0	0	0	0	0	0	0	0	0	
0	0	0	0	0	0	0	0	0	0	0	0	9.50763	0	0	0	0	0	0	0	5.35159	4.5253	0	0	0	0	0	5.39569	0	0	0	0.68122	9.5731	0	0	0	4.61686	0	5.29728	7.84188	0	0	4.04698	0	6.52558	0	0.88573	10.4767	5.80525	4.92138	10.17279	4.71651	9.42644	6.59994	7.61733	2.31758	0	4.72221	3.56948	3.16891	6.57116	4.12252	7.5563	7.17707	6.04435	7.86791	4.71351	5.06146	6.99602	6.38319	6.88958	0	0	8.80635	0	10.52811	4.36592	6.64822	0	0	0	0	0	0	9.3384	0.38051	0	0	0	0	0	0	0	0	0	0	9.97417	0	0	0	
0	0	0	0	0	0	0	0	6.55365	0	0	0	0	0	0	0	9.1838	2.61584	8.7281	0	0	0	0	0	7.06747	0	0	0	0	0	0	0	0	0	3.19335	8.79235	0	9.12186	0	0	0	0	9.63628	12.81804	0	11.72938	10.14614	3.63998	0	4.50579	0	10.1709	8.67797	8.31032	0	8.78448	0	7.25308	0	4.7466	6.69816	1.49083	4.70285	6.71981	3.88041	7.42761	6.84276	6.29064	8.75858	7.44733	7.5161	2.75603	7.36476	7.76791	7.99057	4.52889	8.21716	2.46631	0	0	4.1372	5.34089	11.25001	0	1.30792	1.63798	5.41419	7.87192	4.66913	0	7.52254	0	0	5.53241	0	0	0	0	0	0	
0	0	0	0	0	0	0	0	0	0	0	0	0	0	0	0	0	0	0	0	4.14021	0	0	0	0	0	0	0	0	2.543	0	0	0	0	10.30908	0	0	0	0	0	8.69066	0	8.68009	8.22025	5.07698	0	0	0	10.53156	5.25727	8.80019	0	0	4.11856	5.65413	7.54919	0	0	8.48888	8.17614	9.303	6.06122	1.07599	5.11411	6.40552	6.59441	1.60553	4.38465	8.49123	9.7454	9.21081	7.41751	5.20547	4.54925	2.19471	0	1.23316	0	7.65247	0	0	0	0	0	0	0	6.56451	0	0	0	0	0	0	0	0	0	0	0	0	0	
0	0	0	0	6.19216	0	0	0	0	0	0	3.80481	0	2.0063	0	0	0	0	0	0	0	0	0	0	0	0	0	0	0	0	0	0	0	0	0	0	0	0	0	6.22646	0	0	6.31754	0	5.6512	0	0.81899	6.88729	0	0	0.38051	0	0	0	8.57099	0	0	0	0	11.88652	6.56861	8.18883	6.59402	9.52295	5.48175	0	0.6635	6.42492	8.40364	5.90429	4.77298	6.6935	7.79991	5.13142	0	0	6.94921	3.41359	7.25641	4.40717	1.14209	7.18226	0.68122	0	1.14209	0	0.93002	9.3963	0	3.15628	0	0	0	0	3.98056	0	0	0	0	0	
0	0	0	0	0	0	0	0	0	0	0	0	0	0	0	0	0	5.32808	0	0	0	8.01679	9.70204	0	0	0	8.65978	0	0	0	0	0	0	13.01513	8.24513	0	0	0	0	0	0	0	0	0	0	0	0	0	0	0	2.543	0	0	0	0	7.69854	11.3928	10.69609	4.48699	2.20821	0	7.60233	5.24702	0	6.65621	7.10443	7.79677	6.62873	5.87447	4.11883	6.57145	6.49258	6.66908	7.31698	8.08311	8.05303	4.75459	0	8.0937	2.17648	0	0	7.41849	0	4.08685	9.31072	4.78419	0	0	10.58623	0	0	0	0	0	0	9.06044	0	0	0	
0	0	0	0	0	0	0	0	7.27912	0	0	10.57758	0	0	0	0	0	0	0	0	0	0	0	0	0	0	0	11.44046	0	0	0	0	0	0	0	0	0	0	0	9.42241	0	0	0	0	0	2.46631	0	3.28552	5.90307	0	0	10.93172	0	0	0	0	0	0	8.2876	0	6.52075	0	8.73777	8.54693	7.6681	3.28539	3.78033	0	0	5.59267	8.31439	1.327	6.45591	6.72766	6.65638	12.27662	1.7842	0	0.38051	5.76523	7.20998	7.91996	9.11481	10.41369	4.31799	0	0	0	0	0	8.22317	0	9.75989	0	0	0	0	0	0	0	
0	0	0	0	0	0	0	0	0	0	0	0	0	10.13573	0	0	0	0	0	10.07205	0	0	0	0	0	2.65463	0	0	0	0	0	0	0	0	8.43673	0	0	6.89478	0	0	10.89447	0	2.20821	10.71523	0.38051	0	0	0	0	0	3.28552	7.76591	0	0	4.70295	0	0	0	0	7.25578	7.62288	0	3.64715	8.29006	6.60375	3.08006	8.55286	3.14494	0	4.24173	6.6284	0	6.96217	6.01186	10.02728	6.67345	3.86116	4.50175	6.53683	4.85132	0	6.55363	4.68614	3.59588	0.6635	0	0	6.45786	1.41405	0	0.68122	0	0	7.29466	0	0	0	0	5.37424	0	
0	0	0	0	0	0	0	9.83525	0	0	0	0	0	0	0	0	0	0	0	0	0	0	0	0	0	0	0	0	9.90683	0	0	0	0	0	10.37496	0	0	11.52133	0	0	0	1.78693	0	0	0	0	4.40283	0	0	0	0	0	9.07177	0	0	0	3.01753	10.7447	0	6.75399	6.31635	0	0	5.15759	0	4.54408	0	7.82809	6.53919	9.61701	8.17314	6.22495	9.5547	7.21749	8.82728	7.25833	5.10893	0.93002	6.50946	4.74943	9.14758	5.31416	5.82732	0	6.96878	0	6.58119	2.00535	0	0	13.40538	7.49215	0	0	0	0	8.87349	0	0	0	
0	0	0	0	0	0	0	0	0	0	0	0	0	0	0	0	0	0	0	0	0	0	0	0	0	0	0	0	0	0	0	0	0	0	0	0	0	4.99497	0	0	0	0	0	0	0	0	0	0	0	8.98852	0	4.32385	0	4.7588	0	0	1.49083	4.86448	0	0	3.92432	0	10.87118	11.5476	5.64919	5.55644	0	0	9.34698	6.7038	0	9.58108	5.30684	10.56063	6.35625	8.07354	0	3.90791	5.42054	8.14157	2.97101	9.43653	3.92432	0.38051	0	0	3.11209	0	0	0	0	0	10.09705	7.89698	5.06992	0	0	0	0	0	
0	0	0	0	0	0	0	10.54094	0	0	0	0	0	0	0	0	0	0	0	0	0	0	0	0	0	0	0	0	0	0	0	0	0	0	0	0	0	5.78973	0	7.99135	0	0	0	0	0	0	0	0	0	0	4.19121	0	0	8.75253	6.50655	0	0	8.09213	8.88918	9.63628	0	1.77146	0	7.43361	8.54584	10.56009	0	0	7.12943	6.67699	8.45613	2.3918	5.5444	8.63192	9.63628	7.17234	6.21575	0	8.56004	8.33986	8.07952	9.61701	6.13709	5.33038	7.10303	0	0	0.83223	0	0	8.16217	0	0	0	0	7.17377	0	0	0	0	
0	0	0	0	0	0	0	0	0	0	0	0	0	0	0	0	0	0	0	0	0	0	0	0	0	9.55701	0	0	0	0	0	0	0	0	0	0	0	10.34266	0	0	0	0	0	0	9.88812	0	0	0	6.78836	0	0	0	0	0	0	0	0	0	0	0	0	0	7.87707	0	0	5.95355	5.91805	5.98198	0	7.34611	3.16149	0	10.85381	0	8.55604	6.0133	6.76053	5.77565	3.75047	5.58622	2.07745	0	10.13804	0	11.91374	7.25038	0	0	0	0	9.78777	0	0	0	0	0	0	0	0	0	
0	0	0	0	0	0	0	0	0	0	0	0	3.89535	0	0	0	0	0	0	0	0	0	0	0	0	0	0	0	0	0	0	0	0	0	0	0	0	0	0	0	0	0	0	0	0	0	0	5.39362	0	0	0	0	9.13586	0	0	0	0	0	0	4.55466	0	0	0	5.0603	2.98919	3.67449	9.00083	0	2.20821	0	0	8.08571	0	0	0	1.51469	5.89148	9.09221	8.06692	4.30275	0	4.51646	5.51741	4.13968	7.48666	1.00925	6.80386	0.68122	6.02841	0	0	0	0	7.62747	0	0	0	0	0	0	
0	0	0	0	0	0	0	0	0	0	0	0	0	0	0	0	0	0	0	0	0	0	0	0	0	0	0	0	0	0	0	0	11.07016	0	0	0	0	0	0	0	0.38051	0	0	0	0	0	0	0	0	0	0	0	0	0	0	0	2.97565	0	0	0	9.19069	0	0	3.53572	0	6.93788	0	0	7.08936	0	0	0	7.82853	0	0	4.00787	0	0	4.67391	9.14878	8.37201	6.82722	9.14742	0	2.20821	0	1.77146	0	0.38051	0.68122	6.4622	6.14087	4.36226	0	0	0	0	0	0	0	
0	0	0	0	0	0	0	0.19026	0	0	0	0	0	0	0	0	0	0	0	0	0	0	0	0	0	0	0	5.95311	0	0	0	0	0	0	0	0	0	0	0	0	0	0	0	0	0	0	0	0	0	0	0	0	0	0	0	0	0	0	0	0	0	0	0	0	0	0	0	0	0	0	2.7337	4.04385	8.36856	0	0	8.34063	11.08827	0	7.96294	6.93457	0	6.10357	0	6.32298	2.61584	9.51128	0	8.70408	0	0.68122	0	7.92483	0	0	0	8.53741	0	0	0	0	
0	0	0	0	0	0	0	0	0	0	0	0	0	0	0	0	0	0	0	0	11.6997	0	0	0	0	0	0	0	0	0	10.01303	0	0	0	0	0	0	0	0	0	0	0	0	0	0	0	0	0	0	0	0	0	0	0	0	0	0	0	0	11.01064	0	0	0	0	6.14373	8.50901	4.11224	6.08786	0	0	0	0	0	0	0	3.41359	7.391	0.68122	0	0	3.64872	0	0	0	2.24285	9.83573	7.67454	4.87236	6.75651	0	11.85396	6.90919	3.77331	8.5687	0	5.1579	0	0	0	0	
0	0	0	0	0	0	0	0	0	0	0	0	0	0	0	0	0	0	0	0	0	0	0	0	0	0	0	0	0	0	0	0	0	0	0	0	0	0	0	0	0	0	0	0	0	0	0	0	1.49083	0	0	0	0	0	0	0	0	0	0	0	0	0	0	0	0	0	0	0	0	8.11112	10.33392	11.58804	7.13947	0	9.24391	5.88845	0	8.61385	0	0	0	8.17126	8.82899	0	4.09099	0	0.38051	0	0	3.49509	0	1.65251	2.17999	0	0	0	0	0	0	0	
0	0	0	0	0	0	0	0	0	0	0	0	0	0	0	10.81685	0	0	0	0	0	0	0	0	0	0	0	0	0	0	0	0	0	0	5.61407	0	0	0	0	0	0	0	0	0	0	0	0	0	0	0	0	0	0	0	0	0	0	0	0	0	0	0	0	0	0	0	0	3.83562	0	0	0	0	0	9.66445	0	0	0	0	0	0	0	3.89535	0	0	1.14974	0	6.26353	2.96237	6.11261	9.94083	7.96372	0	10.09133	0	0	0	0	0	0	0	
0	0	0	0	0	0	0	0	0	0	0	0	0	0	0	0	0	0	0	0	0	0	0	0	0	0	0	0	0	0	0	0	0	0	0	0	0	0	0	0	0	0	0	0	0	0	0	0	9.57881	0.38051	0	0	0	0	0	0	0	0	0	2.87515	0	0	0	0	0	8.10394	0	0	0	0	0	8.48248	0	0	0	0	0	11.84995	0	5.36366	11.60253	0	0	9.08305	0	0	0	0	0	0	0	0	0	0	0	0	0	0	0	0	
0	0	0	0	0	0	0	0	0	0	0	0	0	0	0	0	0	0	0	1.77146	0	0	0	0	0	0	0	0	0	0	0	0	0	0	0	0	0	0	0	0	0	0	0	0	0	0	0	0	0	0	0	0	0	0	0	2.5317	0	0	9.66766	0	0	0	0	0	8.71366	0	0	0	0	0	0	4.876	0	5.27496	0	0	6.23325	0	0	0	3.13448	5.69987	5.80172	6.67039	0	0	0	8.76359	8.14856	0	2.29948	5.69192	9.07015	0	0	0	0	0	0	0	
0	0	0	0	0	0	0	0	0	0	0	0	0	0	0	0	0	0	0	0	0	0	0	0	0	0	0	0	0	0	0	0	0	0	0	0	0	0	0	0	0	0	0	0	0	0	0	0	0	0	0	0	0	0	0	0	0	0	0	0	0	0	0	0	0	0	0	0	0	0	0	0	0	0	0	0	0	0	0	0	0	0	0	0	0	0	0.38051	0	0	0	0	9.21856	0	0	0	0	0	0	0	0	
0	0	0	0	0	0	0	0	0	0	0	0	0	0	0	0	0	0	0	0	0	0	0	0	0	0	0	0	0	0	0	0	0	0	0	0	0	0	0	0	0	0	0	0	0	0	0	0	0	0	0	0	0	0	0	0	0	0	0	0	0	0	0	0	0	0	0	0	0	0	9.37929	0	0	0	0	0	0	0	0	6.14901	0	0	0	9.00978	0	0	0	0	0	0	7.61011	8.72296	0	0	0	0	0	0	0	0	
0	0	0	0	0	0	0	0	0	0	0	0	0	0	0	0	0	0	0	0	0	0	0	0	0	0	0	0	0	0	0	0	0	0	0	0	0	0	0	0	0	0	0	0	0	0	0	0	0	0	0	0	0	0	0	0	0	0	0	3.60464	0	0	0	0	0	0	0	0	0	0	10.6422	0	0	0	0	0	0	0	0	0	0	0	0	0	0	0	0	0	0	0	0	0	0	0	0	0	0	0	0	0	
0	0	0	0	0	0	0	0	0	0	0	0	0	0	0	0	0	0	0	0	0	0	0	0	0	0	0	0	0	0	0	0	0	0	0	0	0	0	0	0	0	0	0	0	0	0	0	0	0	0	0	0	0	0	0	0	0	0	0	0	0	0	0	0	0	0	0	0	0	9.86869	0.38051	0	0	0	0	0	0	0	8.51497	0	0	0	0	0	0	0	0	0	5.62293	4.91981	0	0	0	0	0	0	0	0	0	0	
0	0	0	0	0	0	0	0	0	0	0	0	0	0	0	0	0	0	0	0	0	0	0	0	0	0	0	0	0	0	0	0	0	0	0	0	0	0	0	0	0	0	0	0	0	0	0	0	0	0	0	0	0	0	0	0	0	0	0	0	0	0	0	0	0	0	0	0	0	0	0	0	0	0	0	0	0	0	0	0	0	0	0	0	0	0	0	0	0	0	0	0	0	0	0	0	0	0	0	0	
0	0	0	0	0	0	0	0	0	0	0	0	0	0	0	0	0	0	0	0	0	0	0	0	0	0	0	0	0	0	0	0	0	0	0	0	0	0	0	0	0	0	0	0	0	0	0	0	0	0	0	0	0	0	0	0	0	0	8.7646	0	0	0	0	0	0	0	0	0	0	0	0	0	0	0	0	7.14276	0	0	0	0	0	0	0	0	0	0	0	0	0	0	0	0	0	0	0	0	0	0	0	0	
0	0	0	0	0	0	0	0	0	0	0	0	0	0	0	0	0	0	0	0	0	0	0	0	0	0	0	0	0	0	0	0	8.89285	0	0	0	0	0	0	0	0	0	0	0	0	0	0	0	0	0	5.52233	0	0	0	0	0	0	0	0	0	0	0	0	0	0	0	0	0	0	0	0	0	0	0	0	0	0	0	0	0	0	0	0	0	0	0	0	0	0	0	0	0	0	0	0	0	0	0	0	0	
0	0	0	0	0	0	0	0	0	0	0	0	0	0	0	0	0	0	0	0	0	0	0	0	0	0	0	0	0	0	0	0	0	0	0	0	0	0	0	0	0	0	0	0	0	0	0	0	0	0	0	0	0	0	0	0	0	0	0	0	0	0	0	0	0	0	0	0	0	0	0	0	0	0	0	0	0	0	0	0	0	0	0	0	0	0	0	0	0	0	0	0	0	0	0	0	0	0	0	0	
0	0	0	0	0	0	0	0	0	0	0	0	0	0	0	0	0	0	0	0	0	0	0	0	0	0	0	0	0	0	0	0	0	0	0	0	0	0	0	0	0	0	0	0	0	0	0	0	0	0	0	0	0	0	0	0	0	0	0	0	0	0	0	0	0	0	0	0	0	0	0	0	0	0	0	0	0	0	0	0	0	0	0	0	0	0	0	0	0	0	0	0	0	0	0	0	0	0	0	0	
0	0	0	0	0	0	0	0	0	0	0	0	0	0	0	0	0	0	0	0	0	0	0	0	0	0	0	0	0	0	0	0	0	0	0	0	0	0	0	0	0	0	0	0	0	0	0	0	0	0	0	0	0	0	0	0	0	0	0	0	0	0	0	0	0	0	0	0	0	0	0	0	0	0	0	0	0	0	0	0	0	0	0	0	0	0	0	0	0	0	0	0	0	0	0	0	0	0	0	0	
0	0	0	0	0	0	0	0	0	0	0	0	0	0	0	0	0	0	0	0	0	0	0	0	0	0	0	0	0	0	0	0	0	0	0	0	0	0	0	0	0	0	0	0	0	0	0	0	0	0	0	0	0	0	0	0	0	0	0	0	0	0	0	0	0	0	0	0	0	0	0	0	0	0	0	0	0	0	0	0	0	0	0	0	0	0	0	0	0	0	0	0	0	0	0	0	0	0	0	0	
0	0	0	0	0	0	0	0	0	0	0	0	0	0	0	0	0	0	0	0	0	0	0	0	0	0	0	0	0	0	0	0	0	0	0	0	0	0	0	0	0	0	0	0	0	0	0	0	0	0	0	0	0	0	0	0	0	0	0	0	0	0	0	0	0	0	0	0	0	0	0	0	0	0	0	0	0	0	0	0	0	5.0569	0	0	0	0	0	0	0	0	0	0	0	0	0	0	0	0	0	0	
0	0	0	0	0	0	0	0	0	0	0	0	0	0	0	0	0	0	0	0	0	0	0	0	0	0	0	0	0	0	0	0	0	0	0	0	0	0	0	0	0	0	0	0	0	0	0	10.77781	0	0	0	0	0	0	0	0	0	0	0	0	0	0	0	0	0	0	0	0	0	0	0	0	0	0	7.40103	0	0	0	0	0	0	0	0	0	0	0	0	0	0	0	0	0	0	0	0	0	0	0	0	0	
