0	0	0	0	0	0	0	0	0	0	0	0	0	0	0	0	0	0	0	0	0	0	0	0	0	0	0	0	0	0	0	0	0	0	0	0	0	0	0	0	0	0	0	0	0	0	0	0	0	0	0	11.71661	0	0	0	0	0	0	0	0	0	0	0	0	0	0	0	0	0	0	0	0	0	0	0	0	0	0	0	0	0	0	0	0	0	0	0	0	0	0	0	0	0	0	0	0	0	0	0	0	
0	0	0	0	0	0	0	0	0	0	0	0	0	0	0	0	0	0	0	0	0	0	0	0	0	0	0	0	0	0	0	0	0	0	0	0	0	0	0	0	0	0	0	0	0	0	0	13.47124	0	0	0	0	0	0	0	0	0	0	0	0	0	0	0	10.38751	0	0	0	0	0	0	0	0	0	0	0	0	0	0	0	0	0	0	0	0	0	0	0	0	0	0	0	0	0	0	0	0	0	0	0	0	
0	0	0	0	0	0	0	0	0	0	0	0	0	0	0	0	0	0	0	0	0	0	0	0	0	0	0	0	0	0	0	0	0	0	0	0	0	0	0	0	0	0	0	0	0	0	0	0	0	0	0	0	0	0	9.43873	0	0	0	0	0	0	0	0	0	0	0	0	0	0	0	0	0	0	0	0	0	0	0	0	0	0	0	0	0	0	0	0	0	0	0	0	0	0	0	0	0	0	0	0	0	
0	0	0	0	0	0	0	0	0	0	0	0	0	0	0	0	0	0	0	0	0	0	0	0	0	0	0	0	0	0	0	0	0	0	0	0	0	0	0	0	0	0	0	0	0	0	12.23821	10.07363	0	0	0	0	0	0	0	0	0	0	0	0	0	0	0	0	0	0	0	0	0	0	0	0	0	0	0	0	0	0	0	0	0	0	0	0	0	0	0	0	0	0	0	0	0	0	0	0	0	0	0	0	
0	0	0	0	0	0	0	0	0	0	0	0	0	0	0	0	0	0	0	0	0	0	0	0	0	0	0	0	0	0	0	0	0	0	0	0	0	8.17185	0	0	0	0	0	12.22182	0	0	0	0	0	0	0	0	0	0	0	0	0	0	0	0	0	0	0	0	0	0	0	0	0	0	0	0	0	0	0	0	0	0	0	0	0	0	0	0	0	0	0	0	0	0	0	0	0	0	0	0	0	0	0	0	
0	0	0	0	0	0	0	0	0	0	0	0	0	0	0	0	0	0	0	0	0	0	0	0	0	0	0	0	0	0	0	0	0	0	0	0	0	0	0	0	0	0	0	0	0	0	0	0	0	0	0	0	0	0	0	0	0	0	0	0	0	0	0	0	0	0	0	0	0	0	0	0	8.78253	0	0	0	0	0	0	0	0	0	0	0	0	0	0	0	0	0	0	0	0	0	0	0	0	0	0	0	
0	0	0	0	0	0	0	0	0	0	0	0	0	0	0	0	0	0	0	0	0	0	0	0	0	0	0	0	0	0	0	0	0	0	0	0	0	0	0	0	0	0	0	0	0	0	0	0	0	0	0	0	0	0	0	0	0	0	0	0	0	0	0	0	0	0	0	0	0	0	0	0	0	0	10.77152	0	0	0	0	0	0	0	0	0	0	0	0	0	0	0	0	0	0	0	0	0	0	0	0	0	
0	0	0	0	0	0	0	0	0	0	0	0	0	0	0	0	0	0	0	0	0	0	0	0	0	0	0	0	0	0	0	0	0	0	0	0	0	0	0	0	0	0	0	0	0	0	0	0	0	0	0	7.8583	0	0	0	11.75208	0	0	0.40567	0	0	0	0	0	0	0	0	0	0	0	0	0	0	0	0	0	0	0	0	0	0	0	0	0	0	0	0	0	0	0	0	0	0	0	0	0	0	0	0	0	
0	0	0	0	0	0	0	0	0	0	0	0	0	0	0	0	0	0	0	0	0	0	0	0	0	0	0	0	1.39155	0	0	0	0	0	0	0	0	0	0	0	0	0	0	0	0	0	0	0	0	0	0	0	0	0	0	0	0	0	0	0	0	0	0	0	0	0	0	6.24815	0	0	0	0	0	0	0	0	0	0	0	0	0	0	0	0	0	0	0	0	0	0	0	0	0	0	0	0	0	0	0	0	
0	0	0	0	0	0	0	0	0	0	0	0	0	0	0	0	0	0	0	0	0	0	0	0	0	0	0	0	0	0	0	0	0	0	0	0	0	0	0	0	0	0	0	0	0	0	0	0	0	0	0	0	0	0	0	8.85717	0	0	0	0	0	0	0	0	0	0	0	0	0	0	0	0	0	0	0	0	0	0	0	0	0	0	0	0	0	0	0	0	0	0	0	0	0	0	0	0	0	0	0	0	
0	0	0	0	0	0	0	0	0	0	0	0	0	0	0	0	0	0	0	0	0	0	0	0	0	0	0	0	0	0	0	0	0	0	0	0	0	0	0	0	0	0	0	0	0	0	0	0	0	0	0	0	0	0	0	0	0	0	0	0	0	0	0	0	0	0	0	10.65433	0	0	0	0	0	0	0	0	0	0	0	0	0	0	0	0	0	0	0	0	0	0	0	0	0	0	0	0	0	0	0	0	
0	0	0	0	0	0	0	0	0	0	0	0	0	0	0	0	0	0	0	0	0	0	0	0	0	0	0	0	0	0	0	0	0	0	0	0	0	0	0	0	0	0	0	0	0	0	0	0	0	0	0	0	4.48749	0	0	0	2.68868	0	0	0	0	0	0	0	0	0	0	0	0	0	0	11.60884	0	0	0	0	0	0	0	0	0	0	0	0	0	0	0	0	0	0	0	0	0	0	0	0	0	0	0	0	
0	0	0	0	0	0	0	0	0	0	0	0	0	0	0	0	0	0	0	0	0	0	0	0	0	0	0	0	0	0	0	0	0	0	0	0	0	0	0	0	0	0	0	0	0	0	0	0	9.07347	0	0	0	13.15652	0	0	0	0	0	0	0	0	0	0	0	0	0	0	7.42465	0	0	0	0	0	0	0	0	0	0	0	0	0	0	0	0	0	0	0	0	0	0	0	0	0	0	0	0	0	0	0	0	
0	0	0	0	0	0	0	0	0	0	0	0	0	0	0	0	0	0	0	0	0	0	0	0	0	0	0	0	0	0	12.78504	0	0	0	0	0	0	0	0	2.08655	0	0	0	0	0	0	0	9.52837	0	0	0	0	0	0	0	0	0	5.22379	2.19283	0	8.25204	0	0	5.68181	0	0	0	0	0	0	0	0	0	0	0	0	0	0	0	0	0	0	0	0	0	0	0	0	0	0	0	0	0	0	0	0	0	0	0	0	
0	0	0	0	0	0	0	0	0	0	0	0	0	0	0	0	0	0	0	0	0	0	0	0	0	0	0	0	0	0	0	0	0	0	0	0	0	0	0	0	0	0	0	0	0	0	0	0	0	0	0	0	0	0	6.93236	0	0	0	0	0	0	0	0	0	0	0	0	0	0	0	0	0	0	0	0	0	0	0	0	0	0	0	0	0	0	0	0	0	0	0	0	0	0	0	0	0	0	0	0	0	
0	0	0	0	0	0	0	0	0	0	0	0	0	0	0	0	0	0	0	0	0	0	0	0	0	0	0	0	0	0	0	0	0	0	0	0	0	0	0	0	0	0	13.08989	0	0	0	0	0	0	0	0	0	9.62943	0	0	0	0	0	0	13.65594	0	0	0	0	0	0	0	0	0	0	0	6.63507	0	0	0	0	0	0	0	0	0	0	0	0	0	0	0	0	0	0	0	0	0	0	0	0	0	0	0	0	
0	0	0	0	0	0	0	0	0	0	0	0	0	0	0	0	0	0	0	0	0	0	0	0	0	0	0	0	0	0	0	0	0	0	0	0	0	0	0	0	0	0	0	5.62646	0	0	0	9.82151	0	0	0	8.47915	0	0	0	0	0	0	4.75236	0	0	0	0	0	0	0	0	0	0	0	0	0	0	0	0	0	0	0	0	0	0	0	0	0	0	0	0	0	0	0	0	0	0	0	0	0	0	0	0	0	
0	0	0	0	0	0	0	0	0	0	0	0	0	0	0	0	0	0	0	0	0	0	0	0	0	0	0	0	0	0	0	0	0	0	0	0	0	0	0	0	0	0	4.9177	0	0	0	0	0	0	0	0	0	0	0	0	7.98848	0	0	0	0	0	0	0	0	0	0	0.72203	0	9.60858	0	0	0	0	0	0	0	0	0	0	0	0	0	0	0	0	0	0	0	0	0	0	0	0	0	0	0	0	0	0	0	
0	0	0	0	0	0	0	0	0	0	0	0	0	0	0	0	0	0	0	0	0	0	0	0	0	0	0	0	0	0	0	0	0	0	0	0	0	0	0	0	12.84301	0	0	0	0	0	0	0	0	0	0	0	0	0	0	0	0	0	0	0	0	0	0	0	0	0	0	0	0	0	0	0	0	0	0	0	0	0	0	0	0	0	0	0	0	0	0	0	0	0	0	0	0	0	0	0	0	0	0	0	
0	0	0	0	0	0	0	0	0	0	0	0	0	0	0	0	0	0	0	0	0	0	0	0	0	0	0	0	0	0	0	0	0	0	0	0	0	0	0	0	0	0	0	0	0	0	0	8.09512	0	0	7.60527	0	0	0	0	0	0	0	0	0	0	0	0	0	0	0	0	0	0	0	0	0	0	0	0	0	9.25925	0	0	0	0	0	0	0	0	0	0	0	0	0	0	0	0	0	0	0	0	0	0	0	
0	0	0	0	0	0	0	0	0	0	0	0	0	0	0	0	0	0	0	0	0	0	0	0	0	0	0	0	0	0	0	0	0	0	0	0	0	0	0	0	0	0	0	0	0	0	0	7.39434	0	0	9.58437	10.04401	0	0	0	0	4.96501	0	12.40669	0	8.87823	0	0	0	0	10.92879	0	0	0	0	0	0	0	0	0	0	0	0	0	0	0	0	0	0	0	0	0	0	0	0	0	0	0	0	0	0	0	0	0	0	
0	0	0	0	0	0	0	0	0	0	0	0	0	0	0	0	0	0	0	0	0	0	0	0	0	0	0	0	0	0	0	0	0	0	0	0	0	0	0	0	0	7.33173	0	0	0	0	0	0	0	0	0	0	0	0	0	0	0	0	0	0	0	0	0	0	0	0	0	0	1.39155	0	0	0	0	0	0	0	0	0	0	0	0	0	0	0	0	0	0	0	0	0	0	0	0	0	0	0	0	0	0	0	
0	0	0	0	0	0	0	0	0	0	0	0	0	0	0	0	0	0	0	0	0	0	0	0	0	0	0	0	0	0	0	0.98127	2.4715	0	0	0	0	0	0	0	0	0	0	0	0	0	0	9.25848	0	0	0	0	0	0	0	0	0	0	0	0	0	0	0	7.46763	0	0	0	0.98127	0	0	0	0	0	0	0	0	0	0	0	0	0	0	0	0	0	0	0	0	0	0	0	0	0	0	0	0	0	0	0	0	
0	0	0	0	0	0	0	0	0	0	0	0	0	0	0	0	0	0	0	0	0	0	0	0	0	0	0	0	0	0	0	11.76601	0	0	1.20094	0	0	0	0	0	0	0	0	0	0	0	0	0	0	0	0	0	0	0	0	0	0	0	0	0	0	0	0	0	0	0	0	0	0	0	0	0	0	0	0	0	0	0	0	0	0	0	0	0	0	0	0	0	0	0	0	0	0	0	0	0	0	0	0	0	
0	0	0	0	0	0	0	0	0	0	0	0	0	0	0	0	0	0	0	0	0	0	0	0	0	0	0	0	0	0	0	0	0	0	0	0	0	0	0	0	0	0	0	10.04667	0	0	0	0	0	17.11346	0	0	0	0	8.94439	0	0	0	0	0	0	0	0	0	0	0	0	0	0	0	0	0	0	0	0	0	0	0	0	2.97183	0	0	0	0	0	0	0	0	0	0	0	0	0	0	0	0	0	0	0	0	
0	0	0	0	0	0	0	0	0	0	0	0	0	0	0	0	0	0	0	0	0	0	0	0	0	0	0	0	0	0	0	0	4.02345	0	0	0	0	0	0	0	0	0	0	0	0	0	0	4.02345	0	0	3.69137	6.27738	0	0	0	0	0	0	8.76325	0	0	0	0	0	0	0	0	0	0	0	6.14602	0	0	0	0	0	0	0	0	0	0	0	0	0	0	6.84133	0	0	0	0	0	0	0	0	0	0	0	0	0	0	
0	0	0	0	0	0	0	0	0	0	0	0	0	0	0	0	0	0	0	0	0	0	0	0	0	0	0	0	0	0	0	0	0	0	0	0	0	0	0	9.0726	0	0	0	0	15.82127	0	4.18671	0	0	0	0	0	0	0	0	0	0	0	0	0	0	0	0	0	0	0	0	0	0	0.40567	0	0	0	0	0	0	0	0	0	0	0	0	0	0	0	0	0	0	0	0	0	0	0	0	0	0	0	0	0	0	
0	0	0	0	0	0	0	0	0	0	0	0	0	0	0	0	0	0	0	0	0	0	0	0	0	0	0	0	0	0	0	0	0	0	0	8.44888	0	0	0	0	0	0	0	0	0	0	0	8.07441	0	0	0	0	0	8.61088	0	0	0	0	0	0	7.16873	0	0	0	0	0	0	0	0	0	0	0	0	0	0	0	0	0	0	0	0	0	0	0	0	0	0	0	0	0	0	0	0	0	0.40567	0	0	0	0	0	
0	0	0	0	0	0	0	0	0	0	0	0	0	0	0	0	0	0	0	0	0	0	0	0	0	0	0	0	0	0	0	0	0	0	0	0	0	0	0	0	0	14.30296	0	0	0	0	0	0	0	0	0	0	0	0	0	0	0	0	0	0	0	0	0	0	0	0	0	10.22596	0	0	0	4.2122	0	0	0	0	0	0	0	0	0	0	0	0	0	0	0	0	0	0	0	0	0	0	0	0	0	0	0	0	
0	0	0	0	0	0	0	0	0	0	0	0	0	0	0	0	0	0	0	0	0	0	0	0	0	0	0	0	0	0	0	0	0	0	0	0	0	0	0	0	7.77836	0	0	0	9.45951	0	0	5.541	0	0	3.7021	12.20168	0	0	0	10.9791	0	0	6.23578	0	10.60945	0	0	0	0	0	0	0	2.19283	0	0	0	0	0	0	0	0	0	0	0	0	0	0	0	0	0	0	0	0	0	0	0	0	0	0	5.49707	0	0	0	0	
0	0	0	0	0	0	0	0	0	0	0	0	0	0	0	0	0	0	0	0	0	0	0	0	0	0	0	0	0	0	0	0	0	0	0	0	0	0	0	0	0	0	0	0	8.96984	0	0	0	0	0.72203	0	0	6.92065	0	0	0	0	7.89906	0	0	0	6.72639	0	0	0	0	0	0	0	0	0	0	0	0	0	0	0	0	0	0	0	0	0	0	0	0	0	0	0	0	0	0	0	0	0	0	0	0	0	0	
0	0	0	0	0	0	0	0	0	0	0	0	0	0	0	0	0	0	0	0	0	0	0	0	0	0	0	0	0	0	0	0	0	0	0	0	0	0	0	0	0	0	0	13.56528	0	0	12.6575	0	0	0	7.66751	0	0	0	0	0	0	0	0	2.4715	0	0	0	0	7.48342	0	0	1.20094	0	0	0	0	8.30964	0	0	0	10.37698	0	0	0	0	0	0	0	0	0	0	0	0	0	0	0	0	0	0	0	0	0	0	0	
0	0	0	0	0	0	0	0	0	0	0	0	0	0	0	0	0	0	0	0	0	0	0	0	0	0	0	0	0	0	0	0	0	0	0	0	0	0	0	0	0	0	0	0	6.59531	0.98127	0	10.84493	0.72203	0	0	6.12321	1.97181	0	0	8.4327	0	0	0	0	0	0	0	0	0	0	0.40567	12.75147	0	0	0	0	0	10.87767	0	0	0	0	0	0	0	0	0	0	0	0	0	0	0	0	0	0	0	0	0	0	0	0	0	0	
0	0	0	0	0	0	0	0	0	0	0	0	0	0	0	0	0	0	0	0	0	0	0	0	0	0	0	0	0	0	0	0	0	0	0	0	0	11.34617	0	0	0	0	0	0	0	0	0	0	5.14654	0	0	6.46368	0	0	12.75317	0	6.07135	0	0	12.27185	0	1.20094	0	0	0	0	0	0	0	0	0	0	0	0	6.19816	2.38446	0	0	0	0	0	0	0	0	0	0	0	0	0	0	0	0	0	0	0	0	0	0	0	0	
0	0	0	0	0	0	0	0	0	0	0	0	0	0	0	0	0	0	0	0	0	0	0	0	0	0	0	0	0	0	0	0	0	0	0	0	0	0	0	0	0	0	14.26272	0	0	10.01985	0	13.27447	0	0	7.19774	0	11.58235	0	10.02884	0	0	0	0	0	0	0	0	5.83739	0	0	0	3.18875	0	0	9.23923	0	0	0	0	0	0	0	3.55041	0	0	0	0	0	0	0	0	0	0	0	0	0	0	0	0	0	0	0	0	0	
0	0	0	0	0	0	0	0	0	0	0	0	0	0	0	0	0	0	0	0	0	0	0	0	0	0	0	0	0	0	0	0	0	0	0	0	0	0	0	0	0	0	0	0	0	0	0	8.84601	8.26769	0	0	7.87332	0	0	0	0	0	0	0	0	0	0	0	0	1.20094	0	0	0	0	0	0	0	0	0	0	0	0	0	0	0	0	0	0	0	0	0	0	0	0	0	5.80424	0	0	0	0	0	0	0	0	0	
0	0	0	0	0	0	0	0	0	0	0	0	0	0	0	0	0	0	0	0	0	0	0	0	0	0	0	0	0	0	0	0	0	0	0	0	0	0	0	0	0	0	0	0	0	0	0	11.48028	0	0	0	0	10.33878	2.96704	0	0	0	0	9.03351	7.46498	0	0	0	0	0	0	0	0	0	0	0	0	0	0	0	0	0	0	0	0	0	0	0	0	0	0	0	0	0	0	0	0	0	0	0	0	0	0	7.73503	0	
0	0	0	0	0	0	0	0	0	0	0	0	0	0	0	0	0	0	0	0	0	0	0	0	0	0	0	0	0	0	0	0	0	0	0	0	0	0	0	0	0	0	7.60872	0	0	0	0	0	0	8.82998	0	6.86547	0	6.7396	0	0	0	0	0	0	0	0	0	0	12.89024	0	0	0	0	0	0	0	0	0	0	0	14.85279	0	0	0	0	0	0	0	0	0	0	0	0	0	0	0	0	0	0	0	0	0	0	0	
0	0	0	0	0	0	0	0	0	0	0	0	11.21021	0	0	0	0	0	0	0	0	0	0	0	0	0	0	0	0	0	9.71218	0	0	0	0	0	0	0	0	0	0	0	13.03212	0	0	0	0	4.16075	0	0	12.72244	0	0	5.79583	3.3352	0	9.5383	0	0	0	0	0	0	8.67775	7.42192	12.44903	0	0	0	0	0	0	0	0	0	0	0	0	0	0	0	0	0	0	0	0	0	0	0	0	0	0	0	0	0	0	0	0	0	0	
0	0	0	0	0	0	0	0	0	0	0	0	0	0	0	0	0	0	0	0	0	0	0	0	0	0	0	0	0	0	0	0	0	0	0	0	0	0	0	0	0	0	0	0	0	10.92463	10.16402	0	1.97181	13.69306	1.20094	7.70898	9.90659	0	9.85814	9.64299	0	0	0	0	10.64177	0	0	0	0	0	0	0	0	7.38367	0	0	0	0	0	0	2.2789	0	0	0	0	0	0	0	0	0	0	0	0	0	0	0	0	0	0	0	0	0	0	0	
0	0	0	0	0	0	0	0	0	0	0	0	0	0	0	7.91662	0	0	0	0	0	0	0	0	0	0	0	0	0	0	0	0	0	0	0	3.90336	11.72342	0	0	0	0	0	0	0.72203	0	11.51671	7.91641	7.92628	3.73765	11.0295	0	0	5.90149	0	8.71502	0	0	0	0	5.8126	0	5.60689	0	2.29181	0	7.80164	0	0	11.60222	0	7.57717	0	0	0	0	11.54494	0	0.40567	0	4.37436	0	0	0	0	0	0	0	0	0	0	9.80623	0	0	0	0	0	0	0	0	0	
0	0	0	0	0	0	0	0	0	0	0	0	0	0	0	0	0	0	0	0	0	0	0	0	0	0	12.00211	0	0	0	0	7.24792	0	0	6.33196	0	0	0	0	0	11.43991	0	0	0	0	0	0	0	6.41936	6.52237	1.39155	10.93718	9.67999	0	9.39695	0	15.29293	0	7.0248	0	0.40567	8.73935	0	0	0	6.43302	0	0	0	0	0	0	0	8.17347	0	0	0	0	0	0	0	0	0	0	0	0	0	0	0	0	0	0	0	0	0	0	0.98127	0	0	0	
0	0	0	0	0	0	0	0	0	0	0	0	0	0	0	0	0	0	0	11.84403	0	0	0	0	0	0	0	0	0	0	0	0	0	0	0	0	0	0	0	0	0	0	0	13.14479	0	0	14.68451	13.36795	12.18949	0	8.52461	7.84051	11.29451	0	0	0	13.75208	0	0	9.0494	3.50457	0	0	11.70473	0	4.33335	0	5.65417	0	0	0	0	0	0	0	0	0	0	0	0	0	0	0	0	0	0	0	0	0	0	8.30866	0	0	0	0	0	0	0	0	0	
0	0	0	0	0	0	0	0	0	0	0	0	9.86468	0	0	0	0	0	0	8.38725	0	0	0	0	0	0	0	0	0	0	0	0	0	7.25111	0	0	0	0	0	0	0	12.65351	14.92283	0	8.56118	0	0	4.02688	7.56238	0	0	8.7334	8.55911	9.24298	9.47041	0.40567	6.18842	5.05285	6.56425	0	0	0	0	0	3.80623	0	0	0	0	0	0	0	0	0	0	0	0	0	10.14635	0	0	0	0	0	0	0	0	0	0	0	0	0	0	0	0	0	0	0	0	0	
0	0	0	0	0	0	0	0	0	0	0	0	0	0	0	0	0	0	0	0	0	0	0	15.65752	0	0	0	0	0	0	0	0	0	0	0	0	0	0	10.93837	0	0	0	8.80498	8.63479	3.08216	0	9.54494	6.82855	0	8.27273	7.33464	8.37544	0	0	0	0	0	5.9631	16.13609	9.97911	10.10654	0	0	0	7.05001	0	0	0	0	0	0	0	0	0	0	0	0	0	0	0	0	0	0	0	0	0	0	0	0	0	0	0	0	0	0	0	0	0	0	0	
0	0	9.54728	0	0	0	0	0	0	0	0	0	0	0	0	0	0	0	0	0	0	0	0	0	0	0	0	0	0	0	0	0	0	0	0	0	0	0	0	0	11.53105	0	0	0	0	9.02033	0	9.87132	9.9712	11.18501	0	6.32029	9.14556	8.31819	0	7.89119	0	0	2.19283	0	7.91202	0	8.26769	10.76319	0	0	0	0	0	0	0	7.40713	0	0	0	0	0.40567	0	0	0	0	0	0	0	0	0	0	0	0	0	0	0	0	0	0	0	0	0	0	0	
0	0	0	0	0	0	0	0	0	0	0	9.7049	0	0	0	0	0	0	0	0	0	0	0	0	0	0	0	0	0	0	0	0	7.08148	0	0	0	0	10.36832	12.53099	10.28122	7.88129	4.68254	0	0	11.88735	8.66393	11.62677	9.33907	10.68259	0	11.47552	0	4.25976	6.97948	0	11.74288	5.87378	11.48504	0	0	0	0	0	0	0	0	0	6.13272	0	0	0	0	8.76218	0	0	5.13326	0	0	7.98293	0	0	0	0	0	0	0	0	0	0	0	0	0	0	0	0	7.29638	0	0	0	0	
0	0	0	0	0	0	0	0	0	0	0	0	0	0	0	0	0	0	0	0	0	0	0	0	0	0	0	0	0	0	0	0	0	0	6.50184	8.92771	0	0	0	5.64484	0	12.6748	0	10.98034	12.16207	9.44561	7.5003	6.37166	5.17349	10.68449	10.50447	10.25078	2.81357	9.5165	0	0	6.98813	0	0	6.65178	8.3746	0	3.23923	0	0	0	0	0	0	0	0	0	0	0	0	0	0	0	2.63127	0	0	0	0	0	0	0	0	9.60196	0	0	0	0	0	0	0	0	0	0	0	0	
0	0	0	0	0	0	0	0	9.07608	0	11.90222	0	0	0	0	0	0	0	0	0	0	0	0	0	0	0	6.11255	0	0	0	0	0	0	0	2.38446	6.29664	0	10.99134	10.73406	0	7.81362	9.33301	0	5.32075	3.55041	12.55777	6.15782	7.83464	8.56074	8.65811	0	6.6035	0.72203	0	0	0	9.13321	4.3564	0	0	0	0	0.40567	0	0	0	13.00792	0	0	0	0	0	0	0	0	0	0	0	0	0	0	0	0	0	0	0	0	0	0	0	0	0	0	0.40567	0	0	0	0	0	0	
0	0	0	0	0	0	0	0	0	0	0	11.3943	0	0	11.51671	0	0	0	0	0	0	0	0	0	0	0	0	0	0	0	0	11.0524	0	0	3.50986	0	9.89107	0	0	10.53661	2.08655	0	8.82796	8.69479	10.13474	6.97239	10.84289	8.42863	4.97692	8.44987	8.57205	10.35856	10.44783	10.45436	0	7.88129	10.04831	0	0	14.55453	11.58738	4.41379	0	9.33229	0	0	0	0	0	0	0	0	0	0	0	6.86124	0	0	0	0	0	0	0	6.63507	0	0	0	0	0	0	0	0	0	0	0	0	0	0	0	0	
0	0	0	0	0	0	0	0	0	0	0	0	12.13616	0	0	0	0	0	0	0	0	0	0	0	0	0	0	0	0	9.4898	0	0	7.63488	0	7.32591	0	14.73675	0	13.84762	10.09972	10.07722	12.36484	9.92092	8.03763	8.60507	4.2446	10.01352	10.30315	4.66418	10.27013	9.79964	11.84199	10.88239	9.69136	5.23474	6.7697	7.84362	0	0	7.40819	5.09264	0	0	0	0	0	0	0	0	0	0	0	0	9.67916	0	0	0	0	0	0	10.48012	0	0	0	0	0	0	0	0	0	0	0	0	0	0	0	0	0	0	0	
0	0	0	0	0	0	0	14.31702	0	0	0	10.36886	0	0	0	0	0	0	0	0	0	0	0	0	0	0	0	8.65003	0	0	3.28802	0	13.43357	0	0	0	3.28802	13.14311	8.84855	11.56712	9.32806	4.88838	0	10.49499	11.0056	8.57917	9.48649	8.88725	11.34842	9.6967	5.58155	9.13952	9.99748	9.38999	8.86532	5.75996	14.27567	4.82051	3.71117	8.44888	5.81771	12.39873	2.29181	0	8.90877	0	0	0	0	0	0	0	0	10.67883	0	0	0	0	0	0	0	0	0	0	0	0	0	0	0	0	0	0	0	0	0	0	0	0	0	0	
6.29067	0	0	0	0	0	0	0	9.60912	0	0	0	9.32573	0	0	0	0	0	0	0	0	0	0	0	9.85054	0	0	7.08148	0	0	0	0	13.94059	0	12.48251	8.05164	0	7.70391	10.46165	5.14398	5.71786	9.55927	6.12261	10.385	11.07489	9.15053	7.92532	10.21948	6.16744	4.15833	8.79809	5.97925	6.32264	5.94031	11.5	9.29591	7.92435	4.29961	0	9.97456	0.40567	0.72203	0	4.64726	0	5.50741	0	0	0	0	0.40567	0	0	0	0	0	0	0	0	0	0	0	4.2202	0	0	6.16716	0	0	0	0	0	0	0	0	0	0	0	0	0	0	
0	0	0	11.67495	0	0	0	0	0	0	0	0	0	0	0	0	0	0	9.55415	0	0	12.40634	0	8.98008	11.36557	8.33452	0	0	9.7915	8.17023	12.25999	0	5.05085	0	0	0.98127	0	10.88245	9.98658	7.89857	7.79261	7.79725	8.21944	8.94287	9.29155	9.76202	8.1791	9.11758	8.72869	7.10195	10.23242	7.44879	10.30176	7.19079	7.43914	9.6305	0	2.78396	5.62807	8.93572	0	0.72203	10.06865	0	0	0	0	0	0	3.28802	0	0	8.7611	0	3.02574	8.26007	11.88536	6.12597	0	1.20094	0	0	0	0	0	0	0	0	0	0	0	0	0	0	0	0	0	0	0	0	
8.76864	0	0	0	12.5995	6.31831	0	0	0	0	0	0	0	0	0	0	0	8.15716	0	0	0	0	0	0	9.47736	0	6.45445	8.31808	0	14.50478	10.65358	0	0	0	11.18024	8.86824	5.97073	10.43688	11.36831	7.98883	6.84268	8.57452	8.6059	8.48076	8.87906	8.52494	9.80938	8.56689	9.3375	9.47067	4.85908	9.7229	13.00633	7.34226	8.3365	8.07054	8.85228	6.12577	4.54323	9.32577	12.49569	0	7.42173	11.21377	10.32351	11.89203	8.78901	0	0	0	0	0	0	0	2.08655	0	0	0	0	0	0	0	0	0	0	0	0	0	0	0	0	0	0	0	0	2.29181	0	0	0	0	
0	0	0	0	0	0	0	0	3.62825	0	8.37883	0	0	0	0	0	10.47635	13.7216	10.53878	6.02174	8.88716	9.80453	0	0	0	13.27184	0	8.2948	6.70666	10.37133	0	10.03332	10.7116	7.49432	8.69798	10.78982	7.05384	9.2652	9.62651	7.74108	8.94442	8.131	5.35034	8.636	9.92003	7.59546	7.5004	9.28052	8.56752	7.4121	5.74416	10.68477	7.25351	9.51267	4.52813	6.40511	5.83025	8.30224	0	9.34459	5.14247	8.55607	7.18217	0	8.2157	12.78591	0.98127	0	0	0	0	8.60862	0	0	9.38228	0	0	0	9.63768	0	0	0	0	0	0	5.7617	0	0	0	0	0	0	0	0	0	10.12888	0	0	0	0	
0	10.71523	0	0	1.71066	8.37177	0	0	0	0	0	0	0	0	7.51962	11.49869	0	11.17235	9.22572	0	10.13806	0	6.17178	0	0	0	0	0	9.41629	10.92615	7.42451	0	11.33024	6.04786	8.78147	8.28726	8.89164	10.48307	8.96102	9.08817	8.86632	7.34515	8.15472	6.91216	8.31223	6.95531	7.80672	8.9544	7.62114	7.37503	7.36188	7.51539	7.52764	6.67677	9.45667	5.01031	2.90585	8.15455	5.9936	8.09751	0	8.6249	0	11.50273	10.42578	0.72203	4.99779	1.55993	0	0	0	0	0	0	0	5.70893	0	0	0	0	8.252	0	0	0	0	0	0	0	0	0	0	0	0	0	0	0	0	0	0	0	
0	10.26912	8.74372	0	9.76222	0	0	0	0	0	8.75352	0	0	0	8.14893	7.54993	0	7.64896	0	0	7.87132	4.2122	7.36228	10.9807	7.06758	10.39101	0	6.27538	6.05735	6.38151	9.1726	10.76319	11.70579	10.88913	10.61689	5.04494	7.72617	6.95574	7.90705	7.12502	5.87131	7.85354	6.59362	7.04711	6.87335	6.81876	8.86867	7.85371	9.05312	7.859	7.1997	9.09472	8.13876	7.55073	6.87078	5.82059	8.34715	5.92168	8.00912	9.34747	0	5.94966	10.5299	8.94775	2.98891	0	1.39155	0	0	0	0	8.84245	0	0	9.10359	0	3.08216	0	0.98127	0	0	0	0	4.51913	0	2.13095	0	0	0	0	0	0	0	0	0	0	0	0	0	0	
0	0	0	0	0	0	0	0	5.75304	0	10.42139	11.98152	0	0	0	0	0	0	10.2019	0	7.39155	0	0	0	0	8.75894	9.37634	0	4.70067	7.90298	7.21471	5.50741	9.54665	8.46191	10.20724	7.93168	9.15094	10.25332	7.35449	8.49446	6.24918	8.20765	8.00978	7.85954	7.69657	7.35239	6.88826	7.85643	7.78714	8.10183	8.21885	8.04803	5.73216	7.30165	7.95517	9.71824	8.61115	7.78027	9.69702	8.96794	7.02167	5.72499	8.8224	9.29108	0	9.51849	0	8.95543	0	0	0	0	0	0	0	0	0	0	4.07995	0	0	4.02345	0	0	0	0	0	10.26315	6.79549	11.72023	0	0	0	0	0	0	0	0	0	0	
0	0	0	0	0	0	0	0	8.63125	10.20142	4.72479	3.50986	0	12.49284	0	0	0	0	11.54787	2.45437	0	0	4.18671	8.96727	6.75703	9.79362	2.77507	10.02588	5.74427	9.77353	0	6.49555	5.86503	3.08145	4.31691	7.88623	8.01597	6.00004	11.54252	5.71168	6.87884	8.13849	8.11574	7.43786	6.6652	7.60602	7.73737	7.17624	7.28593	8.89675	8.76431	6.59716	7.51105	6.7647	7.92121	8.62868	7.43361	6.38294	9.88663	7.88233	6.24835	9.81626	9.12264	6.29664	6.55616	11.51007	9.13059	0	0	0	0	0	0	6.68145	11.29507	0	0	0	10.90138	0	0	0	0	0	0	0	0	0	2.70496	0	0	0	0	0	0	0	0	0	0	0	
0	0	7.05354	5.98843	0	3.28802	0	2.70496	6.85741	0	0	0	0	0	0	0	0	7.07149	0	0	0	0	0	11.14178	0	11.47288	0	9.65449	5.64484	7.07857	0	7.94656	0	13.0678	5.45453	8.46605	6.10237	6.18568	2.39502	11.19439	6.90155	8.90535	7.58195	7.57326	6.83304	7.68393	6.53735	8.43537	6.76571	7.85891	7.71441	7.58099	8.51361	7.9692	7.68352	5.98096	7.22105	8.16586	6.52944	6.47902	9.98602	7.53577	3.59567	10.15459	5.17766	0	0	8.58879	7.11567	1.55993	4.05438	0	9.18553	0	0.45852	0	7.37545	0	0	0	0	0	5.88848	0	0	0	0	0	0	0	0	0	0	0	0	0	0	0	0	0	
0	0	0	0	0	0	0	0	0.40567	0	10.55786	9.07434	8.25696	0	12.10257	0	0	7.01422	0	6.58715	0	0	0	0	0	0	4.73626	3.62825	4.57251	0	7.74161	9.26759	5.68379	8.12202	5.03068	9.08385	8.00138	7.30297	7.72467	9.19815	8.27398	5.35468	5.99235	7.54681	6.74712	8.12965	5.93182	5.89535	8.01898	6.06698	6.77349	8.07843	9.03114	7.03801	7.73226	6.17923	6.4872	7.65635	8.96343	5.25476	10.94037	5.77193	5.85319	7.18245	0	5.69299	8.88518	3.69208	0	0	5.30898	0	5.00806	2.23323	0	13.81918	0	0	0	0	0	0	0	0	0	0	0	0	6.64938	0	0	0	0	0	0	0	0	0	0	0	
0	0	0	0	0	0.72203	0	0	0	10.79544	0	0	6.10577	0	0	0	0	0	0	0	0	0	0	9.78136	0	0	8.75047	0	0	5.70316	5.01041	0	0	5.63847	9.14969	6.06436	4.90211	0.72203	0	8.60742	3.58782	11.99421	5.53047	4.63045	9.56635	6.71652	6.59147	6.72078	8.59321	3.85543	6.71024	8.54268	6.07718	6.27514	8.3637	6.54161	7.40134	6.86745	5.21501	5.57241	7.40795	5.09914	4.25846	10.42791	6.90421	4.56924	7.64194	7.00695	4.15768	0	0	5.17276	0	4.2861	0	0.40567	8.90974	0	0	0	0	0	0	0	10.89401	0	0	0.40567	0	0	0	13.08251	0	0	0	0	7.30235	0	0	0	
0	0	0	0	0	0	0	0	0	0	0	10.76238	0	0	0	0	0	8.52551	13.01365	0	0	0	0	3.13644	0	0	0	10.514	0	0	0	0	6.18611	5.73046	5.11814	0	5.03579	7.52558	2.70229	3.61118	7.62153	9.0462	8.51739	2.78396	0	7.36655	5.21499	4.26183	7.60183	6.931	7.43316	11.46925	7.90572	4.89549	6.98533	4.35266	6.31613	6.77294	7.48783	8.48686	7.73341	4.75403	0	7.08999	9.92202	0	6.3318	6.507	9.37666	7.23591	0	0	0	0.40567	0	10.3685	0	9.0856	0	0	0	6.41164	0	0	0	0	0	0	0	0	0	0	0	0	0	0	0	0	0	0	
0	0	0	0	5.77622	0	0	0	0	0	9.51178	0	7.33754	0	0	11.06688	0	0	6.86144	0	6.74428	5.46561	0	0	0	10.91745	9.34963	0	0	5.69644	0	8.57865	8.03566	0	0	8.41907	9.71386	0.40567	11.63691	9.43421	6.45636	8.31111	5.63513	7.67211	3.27585	6.39468	10.44846	4.82551	9.32831	8.96215	9.77453	7.84367	9.25587	7.19208	5.98894	7.10541	7.84981	6.95437	4.75409	7.29969	6.2552	7.15041	8.76185	4.28332	7.61091	0	6.28038	9.27996	0	2.63127	8.90275	7.93205	6.18092	12.1808	6.11274	0	4.93552	0	0	0	2.90585	0	0	0.40567	0	1.84711	0	0	0	0	0	0	0	0	0	0	0	0	0	0	
0	0	0	0	0	0	0	0	0	0	0	5.32075	1.42097	0	0	7.76334	0	0	0	0	3.99435	0	3.28802	0	0	0	0	0	0	3.32223	0.40567	4.72917	0	0	0	9.72718	0	0	0	5.15971	4.26055	6.21599	4.09246	6.13034	8.28169	3.7423	4.54216	6.3713	7.54947	7.44613	0	0	8.40278	10.00145	1.55993	6.84353	7.93072	7.44159	5.836	6.68075	9.46704	7.73787	7.37827	7.61404	5.64926	5.45545	3.46814	7.86813	6.42759	9.01423	0	7.97511	7.76362	10.13306	5.3782	0	4.07995	0	4.58831	0	0	0	0	0	0	0	0	0	0	0	0	0	0	0	0	0	0	0	0	0	
0	0	0	11.03062	0	0	0	0	0	0	0	0	0	0	0	0	1.55993	0	0	0	0	0	7.31418	0	0	0	7.29831	5.51901	7.18169	5.10631	0	0	4.05198	0	0	11.57144	0	4.02345	0	5.78514	5.96332	0	0	0	7.26956	12.10417	5.65486	8.79524	5.65331	5.80764	5.75337	5.82108	8.17798	9.32549	7.56481	6.10545	6.20155	7.03033	6.40774	6.1783	7.76054	6.08868	8.3594	8.69543	6.02777	8.78983	5.13095	9.58681	10.13874	7.12705	6.6797	7.1069	4.08989	3.59253	8.0889	0	11.7652	0	5.6419	9.09676	0.23315	3.23923	0.72203	0	0	1.71066	0	0	0	0	0	0	0	0	0	0	0	3.55041	0	12.29552	
0	0	4.96456	0	0	0	0	0	0	0	0	0	0	0	0	0	0	0	0	0	4.78804	0	0	0	0	9.48196	0	9.50498	0	7.89316	0	8.9689	13.67193	0	8.50024	0	0	6.36832	5.47277	0	5.66344	0	0	8.55993	11.51351	8.22135	0.36102	1.47963	3.02574	6.0166	9.78287	8.08135	6.95518	8.67839	7.79603	9.62082	2.29181	6.82165	8.31918	3.22084	1.88485	4.10687	5.38728	2.2484	6.73837	5.27032	4.70813	0	8.07829	3.75789	4.11923	4.63649	4.28052	7.89102	0	0	6.22214	0	3.0321	4.07995	0	6.01763	0	0	0	0	0	0	3.15916	0	0	0	0	0	0	0	1.39155	0	0	0	
0	0	0	0	1.20094	0	0	0	0	0	0	0	10.16606	0	0	0	0	0	0	0	9.46217	0.40567	0	0	0	0	0	9.54761	0	0	0	0	8.83169	0	0	0	8.57462	0	4.78804	7.27539	0	0	4.20963	0	5.84556	0	4.69977	9.76429	2.70496	5.90886	10.12133	2.78989	9.0436	4.24321	8.3848	2.71603	0	3.97405	3.37972	4.30331	6.95093	4.84062	8.00002	6.764	5.61614	7.86952	4.07645	4.89531	6.69482	6.54863	7.07061	0	0	8.64052	0	10.05109	5.10338	6.47835	0	0	0	0	0	0	10.33553	0.98127	0	0	0	0	0	0	0	0	0	0	9.76375	0	0	0	
0	0	0	0	0	0	0	0	6.57737	0	0	0	0	0	0	0	9.17179	5.74161	7.41644	0	0	0	0	0	6.95273	0	0	0	0	0	0	0	0	0	5.55801	8.52715	0	8.5144	0	0	0	0	9.23845	12.5635	0	12.89942	10.59589	4.87043	0	3.01447	0	10.85357	8.70943	8.21961	0	8.49894	0	7.45348	0	5.07297	7.20878	0.98127	5.52881	7.724	4.79748	7.1688	6.79141	7.24808	9.39487	7.4651	8.94517	3.15763	8.7682	7.21991	7.93103	5.13345	10.03597	3.38088	0	0.98127	6.45455	6.82472	11.12826	0	0.20284	6.10577	6.82058	7.4328	4.42344	0	9.16527	0	0	7.35652	0	0	0	0	0	0	
0	0	0	0	0	0	0	0	0	0	0	0	0	0	0	0	0	0	0	0	5.35119	0	0	0	0	0	0	0	0	5.51767	0	0	0	0	9.88663	0	0	0	0	0	9.8151	0	8.40256	8.52969	5.05568	0	0	0.40567	7.24792	5.22322	8.20398	0	0	3.96408	5.8699	8.10643	0	0	7.88385	8.28357	8.85919	6.07612	2.49071	5.49969	7.01026	6.96437	2.33706	6.21219	8.67443	9.81136	8.05473	7.65941	5.39456	4.75634	3.58977	0	4.50349	0	7.48707	0	0	0	1.39155	0	0	0	6.53637	0	0	0	0	0	0	0	0	0	0	0	0	0	
0	0	0	0	4.23727	0	0	0	0	0	0	5.69995	0	1.20094	0	0	0	0	0	0	0	0	0	0	0	0	0	0	0	0	0	0	0	0	0	0	0	0	0	6.16961	0	0	6.21701	0	5.37871	0	1.82337	6.0783	0	0	1.55993	0	0	0	9.004	0	0	0.72203	0	11.71313	6.78207	4.38986	6.41767	9.6179	4.92357	0	1.51287	6.51936	8.5537	6.09656	4.86165	6.98702	7.81006	5.60127	0	0	6.89942	4.85433	6.7653	8.13733	2.19283	6.42214	0	0	1.84711	0	1.71066	10.65766	0	3.87236	0	0	0	0	3.96466	0	0	0	0	0	
0	0	0	0	0	0	0	0	0	0	0	0	0	0	0	0	0	5.90335	0	0	0	8.58197	9.70546	0	0	0	8.67775	0	0	0	0	0	0	11.41744	8.85102	0	0	0	0	0	0	0	0	0	0	0	0	0	0.40567	0	4.23727	0	0	0	0	7.28224	10.60711	10.7937	6.14602	2.19283	0	5.64278	5.07156	0	7.54469	6.22002	8.26955	7.31614	5.82957	3.81122	7.72868	6.1341	6.36522	6.64886	8.54469	7.35578	6.95019	0	8.91945	3.85249	0	0	7.18177	0	4.96346	9.23781	0.72203	0.40567	0	10.75283	0	0	0	0	0	0	9.29248	0	0	0	
0	0	0	0	0	0	0	0	7.99879	0	0	9.54101	0	0	0	0	0	0	0	0	0	0	0	0	0	0	0	11.82207	0	0.40567	0	0	0	0	0	0	0	0	0	10.21732	0	0	0	0	0	3.3352	0	2.96704	4.33335	0	0	10.68168	0	0	0	0	0	0	7.66431	0	7.53468	0	8.72006	9.23472	7.27623	3.67432	6.00319	0	0	6.81798	8.59501	0.98127	7.07925	7.48885	7.01857	12.01514	2.32147	0	1.71066	9.03563	8.16495	7.99516	9.13476	10.18633	4.9414	0	0	0	0	0	7.65362	0	9.6285	0	0	0	0	0	0	0	
0	0	0	0	0	0	0	0	0	0	0	0	0	8.52969	0	0	0	0	0	8.2616	0	0	0	0	0	3.06335	0	0	0	0	0	0	0	0	8.20239	0	0	6.69166	0	0	10.66129	0	0.40567	11.0333	0.40567	0	0	0	0	0	3.66564	8.50927	0	0	6.61609	0	0	0	0	7.39068	7.69895	0	3.87204	8.6628	6.89725	3.66476	8.66657	3.13644	0.72203	5.47188	7.19162	0	7.21116	5.60882	10.0257	6.68956	3.84605	4.65838	6.9589	4.60965	0	8.52391	5.82091	5.0039	2.65417	0	0	7.29938	2.42627	0	4.07995	0	0	6.8039	0	0	0	0	5.25772	0	
0	0	0	0	0	0	0	11.13096	0	0	0	0	0	0	0	0	0	0	0	0	0	0	4.77099	0	0	0	0	0	8.98933	0	0	0	0	0	9.31734	0	0	10.74965	0	0	0	4.93966	0	0	0	0	4.1897	0	0	0	0	0	8.80365	0	0	0	3.41853	9.99939	0	6.01593	7.59755	0	0	4.60578	0	2.55358	0	7.48426	6.57311	9.89354	8.2872	6.52563	8.69707	5.9245	9.6235	6.72773	6.05327	0	6.30781	5.55182	9.02823	5.54467	7.20779	0	8.31569	0	7.05001	3.40319	0	0	11.82763	7.24266	0	0	0	0	9.12305	0	0	0	
0	0	0	0	0	0	0	0	0.40567	0	0	0	0	0	0	0	0	0	0	0	0	0	0	0	0	0	0	0	0	0	0	0	0	0	0	0	0	5.25136	0	0	0	0	0	0	0	0	0	0	0	9.4898	0	4.16315	0	5.33237	0	0	3.7021	7.2875	0	0	5.27309	0	10.98697	11.50918	5.09264	6.46891	0	0	10.04919	6.0724	0	6.51726	5.61431	10.50974	6.88436	8.36608	0	3.64833	6.67317	7.6006	2.66878	8.87623	5.34401	1.55993	0	0	3.37452	0	0	0	0	0	10.11525	9.6207	6.00724	0	0	0	0	0	
0	0	0	0	0	0	0	9.37595	0	0	0	0	0	0	0	0	0	0	0	0	0	0	0	0	0	0	0	0	0	0	0	0	0	0	0	0	0	5.71953	0	7.52979	0	0	0	0	0	0	0	0	0	0	4.40939	0	0	9.92086	7.51011	0	0	8.43944	8.94819	9.80466	0	0.72203	0	7.56799	9.01025	10.81638	0	0	7.92917	6.12071	8.33688	3.46619	5.67245	7.38567	7.4808	7.33358	6.94668	0	8.44814	8.81236	7.85258	9.22834	4.8797	7.30033	8.87863	0	0	1.54199	0	0	7.85523	0	0	0	0	7.43126	0	0	0	0	
0	0	0	0	0	0	0	0	0	0	0	0	0	0	0	0	0	0	0	0	0	0	0	0	0	9.2431	0	0	0	0	0	0	0	0	0	0	0	9.13309	0	0	0	0	0	0	10.88463	0	0	0	6.55761	0	0	0	0	0	0	2.29181	0	0	0	0	0	0	7.99178	0	0	4.27315	5.98023	5.48145	0	7.04385	3.19449	0	10.98278	0	8.28281	6.26387	8.53222	6.40875	4.08854	6.2242	2.06956	0	9.40187	0	10.88858	6.79267	0	0	0	0	9.28801	0	0	0	0	0	0	0.72203	0	0	
0	0	0	0	0	0	0	0	0	0	0	0	7.00331	0	0	0	0	0	0	0	0	0	0	0	0	0	0	0	0	0	0	0	0	0	0	0	0	0	0	0	0	0	0	0	0	0	0	6.40011	0	0	2.38446	0	9.09676	0	0	0	0	0	0	5.08841	0	0	0	6.0024	2.70496	9.48588	9.33634	0	6.95881	0	0	8.99943	0	0	0	2.56775	6.5456	8.61202	7.31227	4.30717	0	5.71807	5.41892	4.75991	7.64346	2.20001	6.6877	0	5.22379	0	0	0	0	8.12898	0	0	0	0	0	0	
0	0	0	0	0	0	0	0	0	0	0	0	0	0	0	0	0	0	0	0	0	0	0	0	0	0	0	0	0	0	0	0	10.31508	0	0	0	0	0	0	0	1.71066	0	0	0	0	0	0	0	0	0	0	0	0	0	0	0	3.87775	0	0	0	9.77099	0	0	4.77105	0	6.13939	0	0	7.49883	0	0	0	8.61819	0	0	5.45497	0	0	5.79587	8.823	8.06809	6.17872	10.03153	0	1.39155	0	0.40567	0	0	2.29181	7.04364	7.38488	4.1648	0	0	0	0	0	0	0	
0	0	0	0	0	0	0	0.69578	0	0	0	0	0	0	0	0	0	0	0	0	0	0	0	0	0	0	0	8.10366	0	0	0	0	0	0	0	0	0	0	0	0	0	0	0	0	0	0	0	0	0	0	0	0	0	0	0	0	0	0.40567	0	0	0	0	0	0	0	0	0	0	0	0	3.06124	4.0736	8.21156	0.72203	0	7.48865	10.84162	0	8.8051	9.2835	0	6.16379	0	7.11567	1.97181	9.97032	0	8.95952	0	0.72203	0	3.3352	0	0	0	8.54357	0	0	0	0	
0	0	0	0	0	0	0	0	0	0	0	0	0	0	0	0	0	0	0	0	10.43938	0	0	0	0	0	0	0	0	0	7.30235	0	0	0	0	0	0	0	0	0	0	0	0	0	0	0	0	0	0	0	0	0	0	0	0	0	0	0	0	11.72217	0	0	0	0	6.29664	8.48985	5.69995	6.9814	0	0	0	0	0	0	0	2.38446	7.54919	0.72203	0	0	3.5921	0	0	0	1.57261	9.12473	7.81483	4.70738	7.29938	0	10.03778	6.6538	3.3352	8.75352	0	5.85368	0	0	0	0	
0	0	0	0	0	0	0	0	0	0	0	0	0	0	0	0	0	0	0	0	0	0	0	0	0	0	0	0	0	0	0	0	0	0	0	0	0	0	0	0	0	0	0	0	0	0	0	0	0.72203	0	0	0	0	0	0	0	0	0	0	0	0	0	0	0	0	0	0	0	0	8.42181	9.62409	11.56064	8.29894	0	9.72442	6.38338	0	8.45823	0	0	0	7.92049	8.17399	0	4.44259	0	2.4715	0	0	3.50635	0	1.64951	1.71259	0	1.55993	0	0	0	0	0	
0	0	0	0	0	0	0	0	0	0	0	0	0	0	0	9.53485	0	0	0	0	0	0	0	0	0	0	0	0	0	0	0	0	0	0	5.96287	0	0	0	0	0	0	0	0	0	0	0	0	0	0	0	0	0	0	0	0	0	0	0	0	0	0	0	0	0	0	0	0	3.73765	0	0	0	0	0	8.86019	0	0	0	3.39775	0	0	0	4.02345	0	0	1.24611	0	7.06904	3.2535	7.19454	9.83496	8.92041	0	10.5188	0	0	0	0	0	0	0	
0	0	0	0	0	0	0	0	0	0	0	0	0	0	0	0	0	0	0	0	0	0	0	0	0	0	0	0	0	0	0	0	0	0	0	0	0	0	0	0	0	0	0	0	0	0	0	0	9.26535	0	0	0	0	0	0	0	0	0	0	1.84711	0	0	0	0	0	8.33213	0	0	0	0	0	7.8369	0	0	0	0	0	11.72147	0	6.40132	11.2277	0	0	9.30884	0	0	0	0	0	0	0	0	0	0	0	0	0	0	0	0	
0	0	0	0	0	0	0	0	0	0	0	0	0	0	0	0	0	0	0	0	0	0	0	0	0	0	0	0	0	0	0	0	0	0	0	0	0	0	0	0	0	0	0	0	0	0	0	0	0	0	0	0	0	0	0	2.46353	0	0	7.57472	0	0	0	0	0	10.21575	0	0	0	0	0	0	2.96704	0	7.08148	0	0	3.73765	0	0	0	2.66169	5.83532	3.05174	7.1144	0	0	0	8.25701	7.17718	0	4.33335	8.19921	9.01491	0	0	0	0	0	0	0	
0	0	0	0	0	0	0	0	0	0	0	0	0	0	0	0	0	0	0	0	0	0	0	0	0	0	0	0	0	0	0	0	0	0	0	0	0	0	0	0	0	0	0	0	0	0	0	0	0	0	0	0	0	0	0	0	0	0	0	0	0	0	0	0	0	0	0	0	0	0	0	0	0	0	0	0	0	0	0	0	0	0	0	0	0	0	0.40567	0	0	0	0	9.58681	0	0	0	0	0	0	0	0	
0	0	0	0	0	0	0	0	0	0	0	0	0	0	0	0	0	0	0	0	0	0	0	0	0	0	0	0	0	0	0	0	0	0	0	0	0	0	0	0	0	0	0	0	0	0	0	0	0	0	0	0	0	0	0	0	0	0	0	0	0	0	0	0	0	0	0	0	0	0	9.47243	0	0	0	0	0	0.40567	0	0	6.89989	0	0	0	9.22834	0	0	0	3.58986	0	0	7.47948	11.0028	0	0	0	0	0	0	0	0	
0	0	0	0	0	0	0	0	0	0	0	0	0	0	0	0	0	0	0	0	0	0	0	0	0	0	0	0	0	0	0	0	0	0	0	0	0	0	0	0	0	0	0	0	0	0	0	0	0	0	0	0	0	0	0	0	0	0	0	3.96466	0	0	0	0	0	0	0	0	0	0	10.42412	0	0	0	0	0	0	0	0	0	0	0	0	0	0	0	0.72203	0	0	0	0	0	0	0	0	0	0	0	0	0	
0	0	0	0	0	0	0	0	0	0	0	0	0	0	0	0	0	0	0	0	0	0	0	0	0	0	0	0	0	0	0	0	0	0	0	0	0	0	0	0	0	0	0	0	0	0	0	0	0	0	0	0	0	0	0	0	0	0	0	0	0	0	0	0	0	0	0	0	0	8.98008	6.63035	0	0	0	0	0	0	0	8.60862	0	0	0	0	0	0	0	0	0	5.42257	3.66564	0	0	0	0	0	0	0	0	0	0	
0	0	0	0	0	0	0	0	0	0	0	0	0	0	0	0	0	0	0	0	0	0	0	0	0	0	0	0	0	0	0	0	0	0	0	0	0	0	0	0	0	0	0	0	0	0	0	0	0	0	0	0	0	0	0	0	0	0	0	0	0	0	0	0	0	0	0	0	0	0	0	0	0	0	0	0	0	0	0	0	0	0	0	0	0	0	0	0	0	0	0	0	0	0	0	0	0	0	0	0	
0	0	0	0	0	0	0	0	0	0	0	0	0	0	0	0	0	0	0	0	0	0	0	0	0	0	0	0	0	0	0	0	0	0	0	0	0	0	0	0	0	0	0	0	0	0	0	0	0	0	0	0	0	0	0	0	0	0	8.89111	0	0	0	0	0	0	0	0	0	0	0	0	0	0	0	0	7.18169	0	0	0	0	0	0	0	0	0	0	0	0	0	0	0	0	0	0	0	0	0	0	0	0	
0	0	0	0	0	0	0	0	0	0	0	0	0	0	0	0	0	0	0	0	0	0	0	0	0	0	0	0	0	0	0	0	7.97178	0	0	0	0	0	0	0	0	0	0	0	0	0	0	0	0	0	5.63544	0	0	0	0	0	0	0	0	0	0	0	2.29181	0	0	0	0	0	0	0	0	0	0	0	0	0.40567	0	0	0	0	0	0	0	0	0	0	0	0	0	0	0	0	0	0	0	0	0	0	0	0	
0	0	0	0	0	0	0	0	0	0	0	0	0	0	0	0	0	0	0	0	0	0	0	0	0	0	0	0	0	0	0	0	0	0	0	0	0	0	0	0	0	0	0	0	0	0	0	0	0	0	0	0	0	0	0	0	0	0	0	0	0	0	0	0	0	0	0	0	0	0	0	0	0	0	0	0	0	0	0	0	0	0	0	0	0	0	0	0	0	0	0	0	0	0	0	0	0	0	0	0	
0	0	0	0	0	0	0	0	0	0	0	0	0	0	0	0	0	0	0	0	0	0	0	0	0	0	0	0	0	0	0	0	0	0	0	0	0	0	0	0	0	0	0	0	0	0	0	0	0	0	0	0	0	0	0	0	0	0	0	0	0	0	0	0	0	0	0	0	0	0	0	0	0	0	0	0	0	0	0	0	0	0	0	0	0	0	0	0	0	0	0	0	0	0	0	0	0	0	0	0	
0	0	0	0	0	0	0	0	0	0	0	0	0	0	0	0	0	0	0	0	0	0	0	0	0	0	0	0	0	0	0	0	0	0	0	0	0	0	0	0	0	0	0	0	0	0	0	0	0	0	0	0	0	0	0	0	0	0	0	0	0	0	0	0	0	0	0	0	0	0	0	0	0	0	0	0	0	0	0	0	0	0	0	0	0	0	0	0	0	0	0	0	0	0	0	0	0	0	0	0	
0	0	0	0	0	0	0	0	0	0	0	0	0	0	0	0	0	0	0	0	0	0	0	0	0	0	0	0	0	0	0	0	0	0	0	0	0	0	0	0	0	0	0	0	0	0	0	0	0	0	0	0	0	0	0	0	0	0	0	0	0	0	0	0	0	0	0	0	0	0	0	0	0	0	0	0	0	0	0	0	0	0	0	0	0	0	0	0	0	0	0	0	0	0	0	0	0	0	0	0	
0	0	0	0	0	0	0	0	0	0	0	0	0	0	0	0	0	0	0	0	0	0	0	0	0	0	0	0	0	0	0	0	0	0	0	0	0	0	0	0	0	0	0	0	0	0	0	0	0	0	0	0	0	0	0	0	0	0	0	0	0	0	0	0	0	0	0	0	0	0	0	0	0	0	0	0	0	0	0	0	0	5.82917	0	0	0	0	0	0	0	0	0	0	0	0	0	0	0	0	0	0	
0	0	0	0	0	0	0	0	0	0	0	0	0	0	0	0	0	0	0	0	0	0	0	0	0	0	0	0	0	0	0	0	0	0	0	0	0	0	0	0	0	0	0	0	0	0	0	11.58555	0	0	0	0	0	0	0	0	0	0	0	0	0	0	0	0	0	0	0	0	0	0	0	0	0	0	7.87695	0	0	0	0	0	0	0	0	0	0	0	0	0	0	0	0	0	0	0	0	0	0	0	0	0	
