0	0	0	0	0	0	0	0	0	0	0	0	0	0	0	0	0	0	0	0	0	0	0	0	0	0	0	0	0	0	0	0	0	0	0	0	0	0	0	0	0	0	0	0	0	0	0	0	0	0	0	11.97356	0	0	0	0	0	0	0	0	0	0	0	0	0	0	0	0	0	0	0	0	0	0	0	0	0	0	0	0	0	0	0	0	0	0	0	0	0	0	0	0	0	0	0	0	0	0	0	0	
0	0	0	0	0	0	0	0	0	0	0	0	0	0	0	0	0	0	0	0	0	0	0	0	0	0	0	0	0	0	0	0	0	0	0	0	0	0	0	0	0	0	0	0	0	0	0	12.95705	0	0	0	0	0	0	0	0	0	0	0	0	0	0	0	10.97879	0	0	0	0	0	0	0	0	0	0	0	0	0	0	0	0	0	0	0	0	0	0	0	0	0	0	0	0	0	0	0	0	0	0	0	0	
0	0	0	0	0	0	0	0	0	0	0	0	0	0	0	0	0	0	0	0	0	0	0	0	0	0	0	0	0	0	0	0	0	0	0	0	0	0	0	0	0	0	0	0	0	0	0	0	0	0	0	0	0	0	9.07808	0	0	0	0	0	0	0	0	0	0	0	0	0	0	0	0	0	0	0	0	0	0	0	0	0	0	0	0	0	0	0	0	0	0	0	0	0	0	0	0	0	0	0	0	0	
0	0	0	0	0	0	0	0	0	0	0	0	0	0	0	0	0	0	0	0	0	0	0	0	0	0	0	0	0	0	0	0	0	0	0	0	0	0	0	0	0	0	0	0	0	0	11.98656	10.00805	0	0	0	0	0	0	0	0	0	0	0	0	0	0	0	0	0	0	0	0	0	0	0	0	0	0	0	0	0	0	0	0	0	0	0	0	0	0	0	0	0	0	0	0	0	0	0	0	0	0	0	0	
0	0	0	0	0	0	0	0	0	0	0	0	0	0	0	0	0	0	0	0	0	0	0	0	0	0	0	0	0	0	0	0	0	0	0	0	0	7.2173	0	0	0	0	0	12.57659	0	0	0	0	0	0	0	0	0	0	0	0	0	0	0	0	0	0	0	0	0	0	0	0	0	0	0	0	0	0	0	0	0	0	0	0	0	0	0	0	0	0	0	0	0	0	0	0	0	0	0	0	0	0	0	0	
0	0	0	0	0	0	0	0	0	0	0	0	0	0	0	0	0	0	0	0	0	0	0	0	0	0	0	0	0	0	0	0	0	0	0	0	0	0	0	0	0	0	0	0	0	0	0	0	0	0	0	0	0	0	0	0	0	0	0	0	0	0	0	0	0	0	0	0	0	0	0	0	8.30138	0	0	0	0	0	0	0	0	0	0	0	0	0	0	0	0	0	0	0	0	0	0	0	0	0	0	0	
0	0	0	0	0	0	0	0	0	0	0	0	0	0	0	0	0	0	0	0	0	0	0	0	0	0	0	0	0	0	0	0	0	0	0	0	0	0	0	0	0	0	0	0	0	0	0	0	0	0	0	0	0	0	0	0	0	0	0	0	0	0	0	0	0	0	0	0	0	0	0	0	0	0	11.29157	0	0	0	0	0	0	0	0	0	0	0	0	0	0	0	0	0	0	0	0	0	0	0	0	0	
0	0	0	0	0	0	0	0	0	0	0	0	0	0	0	0	0	0	0	0	0	0	0	0	0	0	0	0	0	0	0	0	0	0	0	0	0	0	0	0	0	0	0	0	0	0	0	0	0	0	0	7.33847	0	0	0	13.15264	0	0	7.27155	0	0	0	0	0	0	0	0	0	0	0	0	0	0	0	0	0	0	0	0	0	0	0	0	0	0	0	0	0	0	0	0	0	0	0	0	0	0	0	0	0	
0	0	0	0	0	0	0	0	0	0	0	0	0	0	0	0	0	0	0	0	0	0	0	0	0	0	0	0	0	0	0	0	0	0	0	0	0	0	0	0	0	0	0	0	0	0	0	0	0	0	0	0	0	0	0	0	0	0	0	0	0	0	0	0	0	0	0	8.35771	0	0	0	0	0	0	0	0	0	0	0	0	0	0	0	0	0	0	0	0	0	0	0	0	0	0	0	0	0	0	0	0	
0	0	0	0	0	0	0	0	0	0	0	0	0	0	0	0	0	0	0	0	0	0	0	0	0	0	0	0	0	0	0	0	0	0	0	0	0	0	0	0	0	0	0	0	0	0	0	0	0	0	0	0	0	0	0	8.15144	0	0	0	0	0	0	0	0	0	0	0	0	0	0	0	0	0	0	0	0	0	0	0	0	0	0	0	0	0	0	0	0	0	0	0	0	0	0	0	0	0	0	0	0	
0	0	0	0	0	0	0	0	0	0	0	0	0	0	0	0	0	0	0	0	0	0	0	0	0	0	0	0	0	0	0	0	0	0	0	0	0	0	0	0	0	0	0	0	0	0	0	0	0	0	0	0	0	0	0	0	0	0	0	0	0	0	0	0	0	0	0	11.59791	0	0	0	0	0	0	0	0	0	0	0	0	0	0	0	0	0	0	0	0	0	0	0	0	0	0	0	0	0	0	0	0	
0	0	0	0	0	0	0	0	0	0	0	0	0	0	0	0	0	0	0	0	0	0	0	0	0	0	0	0	0	0	0	0	0	0	0	0	0	0	0	0	0	0	0	0	0	0	0	0	0	0	0	0	0.52467	0	0	0	3.15233	0	0	0	0	0	0	0	0	0	0	0	0	0	0	9.01343	0	0	0	0	0	0	0	0	0	0	0	0	0	0	0	0	0	0	0	0	0	0	0	0	0	0	0	0	
0	0	0	0	0	0	0	0	0	0	0	0	0	0	0	0	0	0	0	0	0	0	0	0	0	0	0	0	0	0	0	0	0	0	0	0	0	0	0	0	0	0	0	0	0	0	0	0	6.98229	0	0	0	12.81837	0	0	0	0	0	0	0	0	0	0	0	0	0	0	8.16693	0	0	0	0	0	0	0	0	0	0	0	0	0	0	0	0	0	0	0	0	0	0	0	0	0	0	0	0	0	0	0	0	
0	0	0	0	0	0	0	0	0	0	0	0	0	0	0	0	0	0	0	0	0	0	0	0	0	0	0	0	0	0	12.31458	0	0	0	0	0	0	0	0	1.21151	0	0	0	0	0	0	0	8.83649	0	0	0	0	0	0	0	0	0	4.49129	1.21151	0	10.17433	0	0	4.67589	0	0	0	0	0	0	0	0	0	0	0	0	0	0	0	0	0	0	0	0	0	0	0	0	0	0	0	0	0	0	0	0	0	0	0	0	
0	0	0	0	0	0	0	0	0	0	0	0	0	0	0	0	0	0	0	0	0	0	0	0	0	0	0	0	0	0	0	0	0	0	0	0	0	0	0	0	0	0	0	0	0	0	0	0	0	0	0	0	0	0	5.59739	0	0	0	0	0	0	0	0	0	0	0	0	0	0	0	0	0	0	0	4.06949	0	0	0	0	0	0	0	0	0	0	0	0	0	0	0	0	0	0	0	0	0	0	0	0	0	
0	0	0	0	0	0	0	0	0	0	0	0	0	0	0	0	0	0	0	0	0	0	0	0	0	0	0	0	0	0	0	0	0	0	0	0	0	0	0	0	0	0	9.85418	0	0	0	0	0	0	0	0	0	9.52803	0	0	0	0	0	0	12.34664	0	0	0	0	0	0	0	0	0	0	0	3.95175	0	0	0	0	0	0	0	0	0	0	0	0	0	0	0	0	0	0	0	0	0	0	0	0	0	0	0	0	
0	0	0	0	0	0	0	0	0	0	0	0	0	0	0	0	0	0	0	0	0	0	0	0	0	0	0	0	0	0	0	0	0	0	0	0	0	0	0	0	0	0	0	5.68923	0	0	0	12.4016	0	0	0	8.72492	0	0	0	0	0	0	4.42445	0	0	0	0	0	0	0	0	0	0	0	0	0	0	0	0	0	0	0	0	0	0	0	0	0	0	0	0	0	0	0	0	0	0	0	0	0	0	0	0	0	
0	0	0	0	0	0	0	0	0	0	0	0	0	0	0	0	0	0	0	0	0	0	0	0	0	0	0	0	0	0	0	0	0	0	0	0	0	0	0	0	0	0	5.51528	0	0	0	0	0	0	0	0	0	0	0	0	8.15588	0	0	0	0	0	0	0	0	0	0	0.90858	0	1.86061	0	0	0	0	0	0	0	0	0	0	0	0	0	0	0	0	0	0	0	0	0	0	0	0	0	0	0	0	0	0	0	
0	0	0	0	0	0	0	0	0	0	0	0	0	0	0	0	0	0	0	0	0	0	0	0	0	0	0	0	0	0	0	0	0	0	0	0	0	0	0	0	12.98037	0	0	0	0	0	0	0	0	0	0	0	0	0	0	0	0	0	0	0	0	0	0	0	0	0	0	0	0	0	0	0	0	0	0	0	0	0	0	0	0	0	0	0	0	0	0	0	0	0	0	0	0	0	0	0	0	0	0	0	
0	0	0	0	0	0	0	0	0	0	0	0	0	0	0	0	0	0	0	0	0	0	0	0	0	0	0	0	0	0	0	0	0	0	0	0	0	0	0	0	0	0	0	0	0	0	0	8.54615	0	0	8.26403	0	0	0	0	0	0	0	0	0	0	0	0	0	0	0	0	0	0	0	0	0	0	0	0	0	8.61232	0	0	0	0	0	0	0	0	0	0	0	0	0	0	0	0	0	0	0	0	0	0	0	
0	0	0	0	0	0	0	0	0	0	0	0	0	0	0	0	0	0	0	0	0	0	0	0	0	0	0	0	0	0	0	0	0	0	0	0	0	0	0	0	0	0	0	0	0	0	0	8.25449	0	0	9.50818	10.22949	0	0	0	0	6.4929	0	12.87531	0	8.21883	0	0	0	0	11.6306	0	0	0	0	0	0	0	0	0	0	0	0	0	0	0	0	0	0	0	0	0	0	0	0	0	0	0	0	0	0	0	0	0	0	
0	0	0	0	0	0	0	0	0	0	0	0	0	0	0	0	0	0	0	0	0	0	0	0	0	0	0	0	0	0	0	0	0	0	0	0	0	0	0	0	0	9.94107	0	0	0	0	0	0	0	0	0	0	0	0	0	0	0	0	0	0	0	0	0	0	0	0	0	0	1.21151	0	0	0	0	0	0	0	0	0	0	0	0	0	0	0	0	0	0	0	0	0	0	0	0	0	0	0	0	0	0	0	
0	0	0	0	0	0	0	0	0	0	0	0	0	0	0	0	0	0	0	0	0	0	0	0	0	0	0	0	0	0	0	0.52467	2.42921	0	0	0	0	0	0	0	0	0	0	0	0	0	0	9.288	0	0	0	0	0	0	0	0	0	0	0	0	0	0	0	4.40432	0	0	0	1.46174	0	0	0	0	0	0	0	0	0	0	0	0	0	0	0	0	0	0	0	0	0	0	0	0	0	0	0	0	0	0	0	0	
0	0	0	0	0	0	0	0	0	0	0	0	0	0	0	0	0	0	0	0	0	0	0	0	0	0	0	0	0	0	0	8.23152	0	0	1.46174	0	0	0	0	0	0	0	0	0	0	0	0	0	0	0	0	0	0	0	0	0	0	0	0	0	0	0	0	0	0	0	0	0	0	0	0	0	0	0	0	0	0	0	0	0	0	0	0	0	0	0	0	0	0	0	0	0	0	0	0	0	0	0	0	0	
0	0	0	0	0	0	0	0	0	0	0	0	0	0	0	0	0	0	0	0	0	0	0	0	0	0	0	0	0	0	0	0	0	0	0	0	0	0	0	0	0	0	0	10.09537	0	0	0	0	0	16.59376	0	0	0	0	8.95725	0	0	0	0	0	0	0	0	0	0	0	0	0	0	0	0	0	0	0	0	0	0	0	0	4.60667	0	0	0	0	0	0	0	0	0	0	0	0	0	0	0	0	0	0	0	0	
0	0	0	0	0	0	0	0	0	0	0	0	0	0	0	0	0	0	0	0	0	0	0	0	0	0	0	0	0	0	0	0	5.3073	0	0	0	0	0	0	0	0	0	0	0	0	0	0	3.99207	0	0	6.04391	9.01794	0	0	0	0	0	0	7.97154	0	0	0	0	0	0	0	0	0	0	0	3.41266	0	0	0	0	0	0	0	0	0	0	0	0	0	0	5.97576	0	0	0	0	0	0	0	0	0	0	0	0	0	0	
0	0	0	0	0	0	0	0	0	0	0	0	0	0	0	0	0	0	0	0	0	0	0	0	0	0	0	0	0	0	0	0	0	0	0	0	0	0	0	10.27973	0	0	0	0	16.16803	0	5.08299	0	0	0	0	0	0	0	0	0	0	0	0	0	0	0	0	0	0	0	0	0	0	0.90858	0	0	0	0	0	0	0	0	0	0	0	0	0	0	0	0	0	0	0	0	0	0	0	0	0	0	0	0	0	0	
0	0	0	0	0	0	0	0	0	0	0	0	0	0	0	0	0	0	0	0	0	0	0	0	0	0	0	0	0	0	0	0	0	0	0	8.6107	0	0	0	0	0	0	0	0	0	0	0	7.58008	0	0	0	0	0	9.18196	0	0	0	0	0	0	7.65733	0	0	0	0	0	0	0	0	0	0	0	0	0	0	0	0	0	0	0	0	0	0	0	0	0	0	0	0	0	0	0	0	0	0.90858	0	0	0	0	0	
0	0	0	0	0	0	0	0	0	0	0	0	0	0	0	0	0	0	0	0	0	0	0	0	0	0	0	0	0	0	0	0	0	0	0	0	0	0	0	0	0	14.52817	0	0	0	0	0	0	0	0	0	0	0	0	0	0	0	0	0	0	0	0	0	0	0	0	0	4.17834	0	0	0	3.95175	0	0	0	0	0	0	0	0	0	0	0	0	0	0	0	0	0	0	0	0	0	0	0	0	0	0	0	0	
0	0	0	0	0	0	0	0	0	0	0	0	0	0	0	0	0	0	0	0	0	0	0	0	0	0	0	0	0	0	0	0	0	0	0	0	0	0	0	0	7.76888	0	0	0	9.69611	0	0	5.40954	0	0	0	11.01011	0	0	0	10.43131	0	0	7.42302	0	11.52613	0	0	0	0	0	0	0	0	0	0	0	0	0	0	0	0	0	0	0	0	0	0	0	0	0	0	0	0	0	0	0	0	0	0	2.42921	0	0	0	0	
0	0	0	0	0	0	0	0	0	0	0	0	0	0	0	0	0	0	0	0	0	0	0	0	0	0	0	0	0	0	0	0	0	0	0	0	0	0	0	0	0	0	0	0	8.54446	0	0	0	0	1.21151	0	0	6.95705	0	0	0	0	7.34733	0	0	0	5.54269	0	0	0	0	0	0	0	0	0	0	0	0	0	0	0	0	0	0	0	0	0	0	0	0	0	0	0	0	0	0	0	0	0	0	0	0	0	0	
0	0	0	0	0	0	0	0	0	0	0	0	0	0	0	0	0	0	0	0	0	0	0	0	0	0	0	0	0	0	0	0	0	0	0	0	0	0	0	0	0	0	0	12.75332	0	0	13.66478	0	0	0	7.9071	0	0	0	0	0	0	0	0	4.06949	0	0	0	0	8.30338	0	0	1.67491	0	0	0	0	8.80147	0	0	0	8.63637	0	0	0	0	0	0	0	0	0	0	0	0	0	0	0	0	0	0	0	0	0	0	0	
0	0	0	0	0	0	0	0	0	0	0	0	0	0	0	0	0	0	0	0	0	0	0	0	0	0	0	0	0	0	0	0	0	0	0	0	0	0	0	0	0	0	0	0	7.45918	1.67491	0	11.10595	0.52467	0	0	7.63704	1.67491	0	0	7.92283	0	0	0	0	0	0	0	0	0	0	0	13.38351	0	0	0	0	0	11.24853	0	0	0	0	0	0	0	0	0	0	0	0	0	0	0	0	0	0	0	0	0	0	0	0	0	0	
0	0	0	0	0	0	0	0	0	0	0	0	0	0	0	0	0	0	0	0	0	0	0	0	0	0	0	0	0	0	0	0	0	0	0	0	0	9.61532	0	0	0	0	0	0	0	0	0	0	4.62552	0	0	5.3315	0	0	13.60179	0	5.82532	0	0	11.94496	0	0	0	0	0	0	0	0	0	0	0	0	0	0	6.41665	1.67491	0	0	0	0	0	0	0	0	0	0	0	0	0	0	0	0	0	0	0	0	0	0	0	0	
0	0	0	0	0	0	0	0	0	0	0	0	0	0	0	0	0	0	0	0	0	0	0	0	0	0	0	0	0	0	0	0	0	0	0	0	0	0	0	0	0	0	15.40261	0	0	11.99139	0	13.34868	0	0	3.99207	0	11.97293	0	9.55014	0	0	0	0	0	0	0	0	7.16535	0	0	0	8.91593	0	0	11.46634	0	0	0	0	0	0	0	2.17274	0	0	0	0	0	0	0	0	0	0	0	0	0	0	0	0	0	0	0	0	0	
0	0	0	0	0	0	0	0	0	0	0	0	0	0	0	0	0	0	0	0	0	0	0	0	0	0	0	0	0	0	0	0	0	0	0	0	0	0	0	0	0	0	0	0	0	0	0	8.68945	8.41881	0	0	5.4444	0	0	0	0	0	0	0	0	0	0	0	0	1.46174	0	0	0	0	0	0	0	0	0	0	0	0	0	0	0	0	0	0	0	0	0	0	0	0	0	3.77813	0	0	0	0	0	0	0	0	0	
0	0	0	0	0	0	0	0	0	0	0	0	0	0	0	0	0	0	0	0	0	0	0	0	0	0	0	0	0	0	0	0	0	0	0	0	0	0	0	0	0	0	0	0	0	0	0	11.53041	0	0	0	0	10.48484	2.92199	0	0	0	0	9.2794	10.94163	0	0	0	0	0	0	0	0	0	0	0	0	0	0	0	0	0	0	0	0	0	0	0	0	0	0	0	0	0	0	0	0	0	0	0	0	0	0	7.06967	0	
0	0	0	0	0	0	0	0	0	0	0	0	0	0	0	0	0	0	0	0	0	0	0	0	0	0	0	0	0	0	0	0	0	0	0	0	0	0	0	0	0	0	8.7612	0	0	0	0	0	0	8.82428	0	5.88007	0	5.20808	0	0	0	0	0	0	0	0	0	0	11.80431	0	0	0	0	0	0	0	0	0	0	0	13.43926	0	0	0	0	0	0	0	0	0	0	0	0	0	0	0	0	0	0	0	0	0	0	0	
0	0	0	0	0	0	0	0	0	0	0	0	11.73119	0	0	0	0	0	0	0	0	0	0	0	0	0	0	0	0	0	9.18305	0	0	0	0	0	0	0	0	0	0	0	11.97855	0	0	0	0	4.90436	0	0	13.29951	0	0	5.38507	1.46174	0	8.72776	0	0	0	0	0	0	9.20466	5.91194	12.05284	0	0	0	0	0	0	0	0	0	0	0	0	0	0	0	0	0	0	0	0	0	0	0	0	0	0	0	0	0	0	0	0	0	0	
0	0	0	0	0	0	0	0	0	0	0	0	0	0	0	0	0	0	0	0	0	0	0	0	0	0	0	0	0	0	0	0	0	0	0	0	0	0	0	0	0	0	0	0	0	10.002	11.46141	0	0.52467	12.17089	7.18722	8.71757	11.62226	0	8.74654	10.33121	0	0	0	0	9.69992	0	0	0	0	0	0	0	0	7.07768	0	0	0	0	0	0	2.22083	0	0	0	0	0	0	0	0	0	0	0	0	0	0	0	0	0	0	0	0	0	0	0	
0	0	0	0	0	0	0	0	0	0	0	0	0	0	0	8.01866	0	0	0	0	0	0	0	0	0	0	0	0	0	0	0	0	0	0	0	4.67589	12.23478	0	0	0	0	0	0	0.90858	0	11.29208	6.85126	8.27914	4.10669	10.13643	0	0	4.43389	0	9.62016	0	0	0	0	5.45886	0	7.24676	0	4.72457	0	9.54845	0	0	11.5381	0	7.17851	0	0	0	0	10.85238	0	1.21151	0	5.12548	0	0	0	0	0	0	0	0	0	0	7.56679	0	0	0	0	0	0	0	0	0	
0	0	0	0	0	0	0	0	0	0	0	0	0	0	0	0	0	0	0	0	0	0	0	0	0	0	10.55255	0	0	0	0	4.31176	0	0	5.2251	0	0	0	0	0	11.0903	0	0	0	0	0	0	0	8.53339	9.84939	1.46174	10.55508	8.49796	0	9.71129	0	17.03019	0	5.02217	0	0	8.92507	0	0	0	6.65193	0	0	0	0	0	0	0	7.33954	0	0	0	0	0	0	0	0	0	0	0	0	0	0	0	0	0	0	0	0	0	0	2.92199	0	0	0	
0	0	0	0	0	0	0	0	0	0	0	0	0	0	0	0	0	0	0	10.02485	0	0	0	0	0	0	0	0	0	0	0	0	0	0	0	0	0	0	0	0	0	0	0	13.50101	0	0	12.13195	12.99424	11.72035	0	7.92022	7.48891	11.78076	0	0	0	15.27128	0	0	8.76311	5.44175	0	0	10.21838	0	5.08299	0	7.58668	0	0	0	0	0	0	0	0	0	0	0	0	0	0	0	0	0	0	0	0	0	0	6.89721	0	0	0	0	0	0	0	0	0	
0	0	0	0	0	0	0	0	0	0	0	0	11.0055	0	0	0	0	0	0	8.14251	0	0	0	0	0	0	0	0	0	0	0	0	0	10.34689	0	0	0	0	0	0	0	12.12601	13.98071	0	9.41847	0	0	3.3346	7.83134	0	1.21151	12.5712	7.14102	3.04133	8.85059	5.25855	5.88002	6.97624	6.91678	0	0	0	0	0	4.21287	0	0	0	0	0	0	0	0	0	0	0	0	0	7.54662	0	0	0	0	0	0	0	0	0	0	0	0	0	0	0	0	0	0	0	0	0	
0	0	0	0	0	0	0	0	0	0	0	0	0	0	0	0	0	0	0	0	0	0	0	14.94168	0	0	0	0	0	0	0	0	0	0	0	0	0	0	11.48434	0	0	0	8.36304	8.58786	5.19086	0	8.68761	7.02953	0	7.89384	10.01876	5.98121	0	0	0	0	0	7.95227	15.96813	9.45598	9.05209	0	0	0	5.11985	0	0.52467	0	0	0	0	0	0	0	0	0	0	0	0	0	0	0	0	0	0	0	0	0	0	0	0	0	0	0	0	0	0	0	0	0	
0	0	8.65533	0	0	0	0	0	0	0	0	0	0	0	0	0	0	0	0	0	0	0	0	0	0	0	0	0	0	0	0	0	0	0	0	0	0	0	0	0	10.88256	0	0	0	0	9.3896	0	11.57848	10.07675	11.23465	0	6.86234	9.33969	7.21479	0	8.20388	0	0	1.67491	0	8.79011	0	8.52741	11.07666	0	0	0	0	0	0	0	7.74051	0	0	0	0	1.21151	0	0	0	0	0	0	0	0	0	0	0	0	0	0	0	0	0	0	0	0	0	0	0	
0	0	0	0	0	0	0	0	0	0	0	8.98998	0	0	0	0	0	0	0	0	0	0	0	0	0	0	0	0	0	0	0	0	6.14439	0	0	0	0	10.73624	9.73951	8.45172	4.0313	7.25921	0	0	12.36116	8.60311	11.2914	6.78544	10.74595	0	11.47125	0	2.24565	7.5114	0	11.65584	3.834	11.55035	0	0	0	0	0	0	0	0	0	6.54079	0	0	0	0	3.07999	0	0	2.0251	0	0	6.46403	0	0	0	0	0	0	0	0	0	0	0	0	0	0	0	0	6.48649	0	0	0	0	
0	0	0	0	0	0	0	0	0	0	0	0	0	0	0	0	0	0	0	0	0	0	0	0	0	0	0	0	0	0	0	0	0	0	8.71226	8.47324	0	0	0	5.42979	0	12.36858	0	10.86186	12.01068	8.87541	7.4934	6.92235	6.05122	11.10049	10.74701	10.12457	0	9.67836	0	0	7.01376	0	0	9.60056	8.71978	0	6.65821	0	0	0	0	0	0	0	0	0	0	0	0	0	0	0	2.17274	0	0	0	0	0	0	0	0	10.58751	0	0	0	0	0	0	0	0	0	0	0	0	
0	0	0	0	0	0	0	0	9.04132	0	11.46544	0	0	0	0	0	0	0	0	0	0	0	0	0	0	0	5.33891	0	0	0	0	0	0	0	1.86061	8.06193	0	13.92395	10.91008	0	7.45237	9.45507	0	4.70044	0.52467	12.36617	4.94448	8.06977	7.39871	8.35842	0	7.50346	1.67491	0	0	0	9.17476	2.54216	0	0	0	0	1.46174	0	0	0	8.93142	0	0	0	0	0	0	0	0	0	0	0	0	0	0	0	0	0	0	0	0	0	0	0	0	0	0	0	0	0	0	0	0	0	
0	0	0	0	0	0	0	0	0	0	0	10.25405	0	0	10.3373	0	0	0	0	0	0	0	0	0	0	0	0	0	0	0	0	10.98223	0	0	5.41504	0	10.5871	0	0	10.41952	0	0	8.29344	8.51415	10.21309	7.35954	10.9295	8.9424	4.45139	8.80207	7.09884	10.18676	10.14605	11.57943	0	7.98908	9.55839	0	0	15.99229	10.72508	4.40003	0	9.72107	0	0	0	0	0	0	0	0	0	0	0	7.07009	0	0	0	0	0	0	0	6.05204	0	0	0	0	0	0	0	0	0	0	0	0	0	0	0	0	
0	0	0	0	0	0	0	0	0	0	0	0	11.92817	0	0	0	0	0	0	0	0	0	0	0	0	0	0	0	0	9.43327	0	0	8.08308	0	8.11539	0	13.00019	0	13.96207	9.73078	9.7871	13.64362	10.91027	6.43147	8.62184	3.7107	9.69517	10.19114	6.31304	9.75462	10.03026	11.09587	12.3962	10.4972	6.46314	9.42285	6.93611	0	0	7.26333	7.14314	0	0	0	0	0	0	0	0	0	0	0	0	9.84495	0	0	0	0	0	0	9.52287	0	0	0	0	0	0	0	0	0	0	0	0	0	0	0	0	0	0	0	
0	0	0	0	0	0	0	14.71358	0	0	0	10.05014	0	0	0	0	0	0	0	0	0	0	0	0	0	0	0	8.59606	0	0	2.17274	0	12.49761	0	0	0	2.0251	12.98044	7.86347	10.15715	9.84147	4.71909	0	10.85033	10.25474	8.92487	9.92978	8.64956	11.24758	9.84416	6.09276	9.78261	11.13269	8.22095	8.18442	5.93513	12.91379	6.85532	2.23821	8.16693	6.2587	12.63953	4.94601	0	10.79975	0	0	0	0	0	0	0	0	10.42718	0	0	0	0	0	0	0	0	0	0	0	0	0	0	0	0	0	0	0	0	0	0	0	0	0	0	
8.80713	0	0	0	0	0	0	0	9.86936	0	0	0	9.97353	0	0	0	0	0	0	0	0	0	0	0	9.90126	0	0	8.71677	0	0	0	0	5.50138	0	11.83295	8.36609	0	6.82376	10.98235	6.7284	5.69703	9.4657	5.23969	10.20016	11.37952	9.34657	6.89153	10.40756	5.54141	4.68036	8.42019	5.40783	6.77485	4.72266	12.45678	8.65438	8.06666	4.47927	0	8.46497	0.52467	1.21151	0	4.15967	0	7.81457	0	0	0	0	0	0	0	0	0	0	0	0	0	0	0	0	4.02594	0	0	3.34016	0	0	0	0	0	0	0	0	0	0	0	0	0	0	
0	0	0	11.24332	0	0	0	0	0	0	0	0	0	0	0	0	0	0	9.46853	0	0	12.06116	0	9.09206	11.23248	6.44236	0	0	9.99478	7.92022	12.30733	0	6.12639	0	0	0	0	9.89477	9.78659	7.71274	7.55216	7.28698	7.93882	9.15793	8.2085	9.98971	8.41421	9.10947	8.54233	6.7271	10.48586	8.48672	10.79467	7.06821	7.20412	9.21582	0	4.87648	5.12677	8.77196	1.86061	0.52467	10.17525	0	0	0	0	0	0	5.38507	0	0	5.79145	0	1.86061	8.98749	12.88964	4.46288	0	0	0	0	0	0	0	0	0	0	0	0	0	0	0	0	0	0	0	0	0	0	
8.6443	0	0	0	12.4941	8.90582	0	0	0	0	0	0	0	0	0	0	0	7.57012	0	0	0	0	0	0	9.33186	0	7.32992	8.2363	0	10.14428	10.45136	0	0	0	10.87209	7.94097	6.441	10.3535	11.72072	8.07724	6.55852	8.77735	8.22869	8.51562	9.07751	8.67318	9.50281	8.1304	8.29248	9.17477	5.07691	9.68087	10.69563	7.18592	8.30702	8.5125	9.48883	5.7852	2.0251	8.39369	9.62577	0	8.10323	11.35913	12.42271	11.87323	7.74383	0	0	0	0	0	0	0	6.0897	0	0	0	0	0	0	0	0	0	0	0	0	0	0	0	0	0	0	0	0	0.90858	0	0	0	0	
0	0	0	0	0	0	0	0	3.63268	0	7.98409	0	0	0	0	0	10.09016	14.02757	9.31308	6.38295	8.05004	9.40611	0	0	0	14.58267	0	8.14251	6.23132	10.19482	0	10.52791	11.14224	6.69951	8.14083	10.90763	7.21521	9.52037	9.2406	7.48882	8.68144	6.98906	5.11686	7.52872	9.8236	7.76644	7.91238	8.51419	8.43649	6.7219	5.81648	10.0735	7.04682	8.95593	4.78898	6.36022	6.4985	8.15144	0	7.8805	5.1448	8.63	7.3276	0	6.32604	11.28955	8.61716	0	0	0	0	7.67602	0	0	7.76598	0	0	0	9.86712	0	0	0	0	0	0	8.58786	0	0	0	0	0	0	0	0	0	9.08042	0	0	0	0	
0	9.61613	0	0	2.17274	7.05071	0	0	0	0	0	0	0	0	5.91194	11.17024	0	10.63285	9.39505	0	6.87317	0	4.34328	0	0	0	0	0	9.11345	11.37184	7.22716	0	7.03149	6.31041	8.96107	7.55281	8.8608	9.4314	8.8579	8.36203	8.64077	8.35347	8.09323	6.89844	8.08159	7.2246	7.67139	9.44062	7.46732	7.19445	6.80833	7.68792	8.12638	8.35306	8.70881	5.72801	4.27955	7.00751	6.36954	5.17134	0	8.60141	0	13.04251	10.37331	0	4.99366	0	0	0	0	0	0	0	0	3.77813	0	0	0	0	8.18403	0	0	0	0	0	0	0	0	0	0	0	0	0	0	0	0	0	0	0	
0	9.73524	7.37428	0	9.93016	0	0	0	0	0	8.52225	0	0	0	8.75096	4.79464	0	6.43507	0	0	4.31176	2.17274	7.56354	11.56829	6.94683	8.87474	0	4.89126	5.25855	7.15534	8.40768	10.91041	10.85729	10.44651	9.98442	5.15248	8.28819	7.28163	8.49466	6.95498	5.81538	7.81771	6.8211	6.81707	7.03932	6.97959	8.80952	7.74406	8.81398	8.17418	7.42379	9.35051	7.58867	7.47188	6.48538	6.66087	8.03702	4.31343	8.19861	10.54028	0	6.61284	9.82841	9.12613	2.8237	0	0	0	0	0	0	7.57288	0	0	8.78435	0	4.17834	0	0.90858	0	0	0	0	4.99147	0	1.37228	0	0	0	0	0	0	0	0	0	0	0	0	0	0	
0	0	0	0	0	0	0	0	7.66047	0	10.39559	11.15977	0	0	0	0	0	0	9.15557	0	2.0251	0	0	0	0	7.53302	9.36305	0	9.33284	8.83372	6.27426	5.42979	9.40928	8.67614	10.45274	7.53926	9.15658	9.79198	7.91722	8.80048	4.40404	8.18835	8.00724	6.88762	7.06328	7.68059	5.53542	7.42183	7.82159	7.6385	7.75061	7.12058	6.26119	7.58763	8.08422	9.2741	8.02566	8.39182	9.34262	7.74852	6.76448	5.17386	6.30025	9.26743	0	8.29411	0	8.5595	0	0	0	0	0	0	0	0	0	0	2.74455	0	0	2.17274	0	0	0	0	0	9.02932	1.67491	12.31483	0	0	0	0	0	0	0	0	0	0	
0	0	0	0	0	0	0	0	9.50121	8.91855	2.29898	0.52467	0	12.12601	0	0	0	1.67491	11.05124	1.6689	0	0	2.6469	8.89566	6.73744	9.61452	10.08492	9.46668	5.98078	8.93551	0	7.14391	4.99272	4.74806	2.6713	8.10046	7.56599	5.33968	11.24786	5.59385	7.48346	7.92632	8.12332	7.78282	6.55316	7.677	7.76882	7.27459	7.48722	8.70852	7.88106	6.9565	6.95004	7.3908	7.87855	8.98693	6.98868	3.50355	9.37824	7.5274	5.70314	9.28972	9.53274	11.67385	6.89598	11.18029	9.60154	0	0	0	0	0	0	6.70141	11.56236	0	0	0	12.46104	0	0	0	0	0	0	0	0	0	2.0251	0	1.86061	0	0	0	0	0	0	0	0	0	
0	0	7.14314	9.06608	0	3.58074	0	0.52467	6.05204	0	0	0	0	0	0	0	0	6.43923	0	0	0	0	0	10.96998	0	9.98482	0	10.41829	6.56104	7.17309	0	8.47911	0	8.54784	5.26034	8.23708	6.6612	4.73349	2.55262	11.06072	6.58398	9.70642	7.51931	7.27609	6.43862	6.9778	6.10863	7.92284	6.78505	7.45411	8.62179	7.32029	7.58435	7.77642	7.57798	5.80837	7.24054	8.13169	7.28059	6.75807	9.46795	8.19338	1.73545	11.57237	4.81807	0	0	8.33678	5.50138	3.00315	4.4882	0	9.45146	0	1.01255	0	7.73372	0	0	0	0	0	5.29949	0	0	0	0	0	0	0	0	0	0	0	0	0	0	0	0	0	
0	0	0	0	0	0	0	0	0	0	10.58463	10.06675	7.47856	0	12.5456	0	0	6.49943	0	6.36002	0	0	0	0	0	0	4.98649	4.21287	4.54255	0	8.77055	7.73606	4.93618	8.90355	3.3555	9.18519	8.36882	6.58872	7.92389	9.34148	7.85621	3.94296	6.07375	7.47716	7.51729	8.09821	6.54913	5.64253	7.51772	6.19501	7.33327	7.9564	9.21849	7.16424	7.67163	6.17415	6.26974	8.40502	8.82502	6.2055	9.82132	5.66312	6.55873	7.33493	0	5.59398	9.36582	3.14683	0	0	9.69306	0	4.40432	1.18516	0	13.38386	0	0	0	0	0	0	0	0	0	0	0	0	6.87899	0	0	0	0	0	0	0	0	0	0	0	
0	0	0	0	0	0.52467	0	0	0	10.85955	0	0	4.21287	0	0	0	0	0	0	0	0	0	0	9.65018	0	0	6.7868	0	0	4.69103	6.27363	0	0	6.07701	9.36774	6.88393	6.69532	0.52467	0.52467	8.97748	3.6791	8.46968	4.99468	5.89841	9.27999	7.6183	6.41452	7.73959	8.88797	3.84055	6.87233	8.27514	6.19235	6.97819	7.98915	6.61003	6.99585	6.25923	4.76508	5.93453	6.62518	4.6744	4.67118	11.17604	6.77266	5.81137	8.38135	7.92283	4.62895	0	0	7.43038	0	4.65093	0	1.86061	10.10345	0	0	0	0	0	0	0	6.37534	0	0	2.17274	0	0	0	11.90904	0	0	0	0	7.23	0	0	0	
0	0	0	0	0	0	0	0	0	0	0	9.59583	0	0	0	0	0	9.03826	9.31209	0	0	0	0	1.67491	0	0	0	8.82538	0	0	0	0	6.13297	6.80565	4.44398	0	5.43854	8.76824	2.15588	5.85545	6.23719	9.06989	8.37344	2.40686	0	7.68399	4.18051	4.747	6.65641	6.13331	7.94092	10.74707	7.43795	4.78532	7.17632	4.76761	5.89087	6.39737	6.9932	8.17925	7.49687	5.30937	0	6.84661	9.18902	0	5.55244	6.05204	11.57983	7.85604	0	0	0	0	0	9.32497	0	8.52912	0	0	0	11.48254	0	0	0	0	0	0	0	0	0	0	0	0	0	0	0	0	0	0	
0	0	0	0	5.60876	0	0	0	0	0	9.63057	0	7.05071	0	0	10.71043	0	0	7.53302	0	6.08287	4.06949	0	0	0	11.0649	7.07906	0	0	5.90189	0	8.40933	11.11739	0	0	9.22595	9.18631	1.46174	13.97643	9.38053	6.56046	8.51708	5.60776	7.13865	2.95597	6.97396	10.38095	5.5288	7.97542	7.81505	9.7135	6.83922	8.82735	6.94646	6.24675	6.7694	7.98416	6.83594	3.39984	7.87009	5.16608	6.42858	8.94589	5.24005	7.96118	0	6.71744	9.13916	0	1.67491	8.88313	10.27738	6.74302	11.9181	5.99967	0	5.48179	0	0	0	2.42921	0	0	0	0	5.73316	0	0	0	0	0	0	0	0	0	0	0	0	0	0	
0	0	0	0	0	0	0	0	0	0	0	5.58285	1.64432	0	0	11.72914	0	0	0	1.67491	2.17274	0	2.6469	0	0	0	0	0	0	2.91822	0.52467	4.41775	0	0	0	10.6136	0	0	0	6.03284	3.54324	5.52132	4.18188	5.53269	6.99064	3.86809	3.25493	7.42241	7.52426	4.91632	0	0	8.28622	9.56172	2.17274	5.74978	7.19729	7.02979	5.66738	5.94004	8.44556	7.71096	8.43679	6.1143	5.25446	5.17928	3.00315	8.54325	0	9.19026	0	8.37181	7.95266	10.88453	6.19709	0	5.27498	0	4.14296	0	0	0	0	0	0	0	0	0	0	0	0	0	0	0	0	0	0	0	0	0	
0	0	0	11.00149	0	0	0	0	0	0	0	0	0	0	0	0	1.46174	0	0	0	0	0	7.88586	0	0	0	7.23426	6.23626	7.40073	5.89077	0	0	4.21287	0	0	11.26078	0	5.13793	0	5.62075	6.42831	0	0	0	5.03768	10.71946	6.04296	8.33115	4.38133	10.27992	5.62555	7.06647	7.69781	9.12033	6.75289	6.60345	6.59127	6.58989	6.69204	5.4368	7.90007	5.32687	8.64152	8.27082	6.11214	9.08812	4.80157	6.45684	8.64572	8.60493	4.5109	7.4736	5.6547	4.98464	7.2531	0	11.97104	0	5.04092	9.28698	1.21151	5.33891	0.52467	0	0	0.90858	0	0	0	0	0	0	0	0	0	0	0	6.12639	0	12.35681	
0	0	5.21474	0	0	0	0	0	0	0	0	0	0	0	0	0	0	0	0	0	12.22688	0	0	0	0	8.49796	0	8.32284	0	7.60629	0	9.68386	12.23897	0	7.32382	0	0	4.01237	5.47805	0	8.38514	0	0	9.35977	11.67405	8.34484	0.26234	2.05271	1.86061	6.34001	10.19048	10.46752	6.37129	8.10463	7.19022	9.28843	0	7.09415	8.44797	3.7127	1.9684	3.57097	4.7447	0.96214	5.36478	3.84324	4.56348	0	8.16919	4.75007	4.53851	5.71966	7.62268	8.49727	0	0	5.94638	0	2.60672	5.35446	0	5.21935	0	0	0	0	0	0	2.88992	0	0	0	0	0	0	0	4.98649	0	0	0	
0	0	0	0	1.21151	0	0	0	0	0	0	0	8.86256	0	0	0	0	0	0	0	6.94683	1.46174	0	0	0	0	0	13.23495	0	0	0	0	9.08276	0	0	0	2.0251	0	4.77166	6.33672	0	0	3.38452	0	7.12964	0	1.96867	9.93074	2.836	4.9754	10.09074	2.4162	7.34733	5.35323	7.83516	0.26234	0	4.41974	4.38668	1.56995	8.06636	5.03999	8.26848	6.12405	5.18829	7.643	6.83084	4.59244	6.73092	6.19127	5.52787	0	0	8.9198	0	9.50663	5.02331	5.93619	0	0	0	0	0	0	7.77467	1.46174	0	0	0	0	0	0	0	0	0	0	9.81749	0	0	0	
0	0	0	0	0	0	0	0	4.77166	0	0	0	0	0	0	0	8.22519	5.9998	5.25855	0	0	0	0	0	3.71262	0	0	0	0	0	0	0	0	0	6.99227	8.42435	0	9.25213	0	0	0	0	9.94236	9.72631	0	11.82296	10.14036	4.43389	0	2.62928	0	11.08833	8.38892	7.77615	0	6.08037	0	9.8112	0	7.27299	7.47998	0.52467	4.94666	5.41504	4.3877	9.40342	6.75261	5.96836	9.61774	7.29159	8.6416	4.58137	9.27078	6.9672	7.58199	5.45219	10.04096	4.62552	0	1.46174	5.6474	0	10.56574	0	1.79037	4.17834	7.38567	7.19156	4.54649	0	3.66096	0	0	5.19683	0	0	0	0	0	0	
0	0	0	0	0	0	0	0	0	0	0	0	0	0	0	0	0	0	0	0	4.87669	0	0	0	0	0	0	0	0	6.06155	0	0	0	0	11.59464	0	0	0	0	0	9.76827	0	8.44629	8.09239	5.14622	0	0	0.52467	6.27269	5.01157	8.17133	0	0	1.50158	5.51984	7.78105	0	0	7.42969	8.27442	8.71677	6.69528	1.53606	5.45721	6.97451	7.68685	0.92306	6.44434	7.19991	10.21851	8.03267	7.47182	5.43835	5.60456	3.78564	0	1.97803	0	7.79728	0	0	0	0.52467	0	0	0	6.70754	0	0	0	0	0	0	0	0	0	0	0	0	0	
0	0	0	0	5.47317	0	0	0	0	0	0	5.47317	0	2.17274	0	0	0	0	0	0	0	0	0	0	0	0	0	0	0	0	0	0	0	0	0	0	0	0	0	6.29804	0	0	4.17834	0	4.92126	0	1.27108	5.73316	0	0	1.21151	0	0	0	8.37374	0	0	0	0	8.04526	6.54095	0.52467	6.1905	10.04195	6.62248	0	1.27108	5.93847	8.83932	8.63749	4.72591	8.01187	7.80457	4.83676	0	0	6.91757	7.06967	7.68526	7.30394	2.6469	8.47857	2.17274	0	3.00315	0	1.67491	10.3165	0	4.94888	0	0	0	0	3.15295	0	0	0	0	0	
0	0	0	0	0	0	0	0	0	0	0	0	0	0	0	0	0	7.06333	0	0	0	7.85339	7.93063	0	0	0	8.43353	0	0	0	0	0	0	7.35836	6.9456	0	0	0	0	0	0	0	0	0	0	0	0	0	0	0	6.47829	0	0	0	0	6.62356	10.20499	11.4841	8.35067	1.67491	0	6.86111	5.84665	0	7.39818	6.90816	6.74935	6.01958	6.78414	3.35071	6.64504	5.95169	6.62881	5.46289	7.42218	7.06956	4.99436	0	9.62657	3.90103	0	0	8.34071	0	6.49242	8.89037	3.99207	0	0	8.80248	0	0	0	0	0	0	8.8844	0	0	0	
0	0	0	0	0	0	0	0	6.72319	0	0	9.77551	0	0	0	0	0	0	0	0	0	0	0	0	0	0	0	11.93884	0	2.17274	0	0	0	0	0	0	0	0	0	10.16362	0	0	0	0	0	5.48734	0	2.0251	2.6469	0	0	10.76199	0	0	0	0	0	0	7.00269	0	7.26535	0	9.85791	9.18451	7.10056	4.36951	5.7843	0	0	7.62463	8.16018	0.52467	7.42959	7.12241	5.34049	10.86126	1.57648	0	0.90858	8.1021	7.52525	7.80658	9.17869	9.34103	4.17679	0	0	0	0	0	8.58457	0	11.26961	0	0	0	0	0	0	0	
0	0	0	0	0	0	0	0	0	0	0	0	0	4.43389	0	0	0	0	0	6.36002	0	0	0	0	0	2.61528	0	0	0	0	0	0	0	0	7.44134	0	0	6.25027	0	0	9.99105	0	1.46174	10.22844	0	0	0	0	0	0	3.73126	8.73025	0	0	6.67069	0	0	0	0	7.67988	6.23472	0	3.68289	9.14443	6.52026	3.72675	8.33011	2.836	0.52467	4.52296	7.26962	0	7.18582	5.69709	9.70675	7.14867	4.44993	4.4124	7.01624	4.0441	0	7.84105	6.79556	5.41127	2.23821	0	0	7.58338	4.07745	0	3.22239	0	0	6.82933	0	0	0	0	4.91996	0	
0	0	0	0	0	0	0	10.65264	0	0	0	0	0	0	0	0	0	0	0	0	0	0	0	0	0	0	0	0	8.32722	0	0	0	0	0	9.71269	0	0	11.52312	0	0	0	1.85001	0	0	0	0	3.71519	0	0	0	0	0	8.64746	0	0	0	3.37803	11.34582	0	5.08529	5.57597	0	0	4.47364	0	3.58074	0	7.26177	6.24553	10.804	9.23503	6.84843	8.85301	5.53769	8.01133	5.56652	6.92756	0	7.15846	6.2079	5.41323	5.32493	5.2787	0	6.62838	0	2.6469	1.63461	0	0	8.11082	7.95476	0	0	0	0	9.04132	0	0	0	
0	0	0	0	0	0	0	0	4.06949	0	0	0	0	0	0	0	0	0	0	0	0	0	0	0	0	0	0	0	0	0	0	0	0	0	0	0	0	6.12642	0	0	0	0	0	0	0	0	0	0	0	7.75137	0	5.10245	0	3.59048	0	0	3.63268	8.90315	0	0	4.67589	0	10.32582	11.51493	4.49129	6.25614	0	0	8.76111	7.11128	0	4.59965	5.92407	9.86022	7.64529	7.44839	0	4.11167	6.59381	6.123	1.59785	9.57524	4.86147	0.90858	0	0	3.44619	0	0	0	0	0	8.99334	7.74285	5.58285	0	0	0	0	0	
0	0	0	0	0	0	0	9.18956	0	0	0	0	0	0	0	0	0	0	0	0	0	0	0	0	0	0	0	0	0	0	0	0	0	0	0	0	0	5.9653	0	7.61277	0	0	0	0	0	0	0	0	0	0	3.7915	0	0	13.11876	5.90214	0	0	7.40278	9.67614	9.46406	0	1.21151	0	7.69548	10.40733	10.34541	0	0	6.76733	6.24234	6.98134	2.84571	5.79806	7.56007	6.41296	7.49659	6.96975	0	8.28541	9.43047	8.27778	8.82816	4.9424	6.51309	8.78369	0	0	4.06194	0	0	6.36002	0	0	0	0	9.31854	0	0	0	0	
0	0	0	0	0	0	0	0	0	0	0	0	0	0	0	0	0	0	0	0	0	0	0	0	0	9.84596	0	0	0	0	0	0	0	0	0	0	0	8.14027	0	0	0	0	0	0	9.85487	0	0	0	5.99366	0	0	0	0	0	0	2.0251	0	0	0	0	0	0	8.00717	0	0	6.22721	6.18445	5.09972	0	6.59933	3.01158	0	10.77946	0	8.10623	5.92127	2.0251	6.22193	3.79957	7.01337	5.15489	0	6.5715	0	11.09211	6.64408	0	0	0	0	9.16993	0	0	0	0	0	0	0.52467	0	0	
0	0	0	0	0	0	0	0	0	0	0	0	7.31193	0	0	0	0	0	0	0	0	0	0	0	0	0	0	0	0	0	0	0	0	0	0	0	0	0	0	0	0	0	0	0	0	0	0	6.62654	0	0	1.46174	0	9.47655	0	0	0	0	0	0	4.38126	0	0	0	4.95488	3.15295	12.35391	9.24681	0	0	0	0	9.00484	0	0	0	3.23138	6.37936	8.64373	7.15803	4.59818	0	5.19102	4.82715	4.40865	7.19538	3.28053	3.08403	0	5.33891	0	0	0	0	8.48565	0	0	0	0	0	0	
0	0	0	0	0	0	0	0	0	0	0	0	0	0	0	0	0	0	0	0	0	0	0	0	0	0	0	0	0	0	0	0	10.62044	0	0	0	0	0	0	0	0.52467	0	0	0	0	0	0	0	0	0	0	0	0	0	0	0	4.45909	0	0	0	9.80378	0	0	2.46516	0	6.08037	0	0	7.08891	0	0	0	8.86256	0	0	3.73126	0	0	6.92623	8.50016	8.21556	5.97366	9.64645	0	3.00315	0	1.21151	0	0	3.28864	5.54536	5.55532	4.16174	0	0	0	0	0	0	0	
0	0	0	0	0	0	0	1.21461	0	0	0	0	0	0	0	0	0	0	0	0	0	0	0	0	0	0	0	6.5876	0	0	0	0	0	0	0	0	0	0	0	0	0	0	0	0	0	0	0	0	0	0	0	0	0	0	0	0	0	0	0	0	0	0	0	0	0	0	0	0	0	0	2.74494	3.91109	8.16295	0	0	7.43038	8.75389	0	8.28305	8.01133	0	10.22173	0	7.43404	0.52467	9.29896	0	9.29406	0	2.30667	0	6.581	0	0	0	8.32327	0	0	0	0	
0	0	0	0	0	0	0	0	0	0	0	0	0	0	0	0	0	0	0	0	11.54425	0	0	0	0	0	0	0	0	0	7.51929	0	0	0	0	0	0	0	0	0	0	0	0	0	0	0	0	0	0	0	0	0	0	0	0	0	0	0	0	12.20104	0	0	0	0	6.19709	8.03081	5.02587	7.46746	0	0	0	0	0	0	0	1.67491	6.44635	0	0	0	3.43659	0	0	0	1.18516	8.48918	7.45736	6.34805	5.35446	0	9.51425	6.44962	2.836	7.86158	0	6.32887	0	0	0	0	
0	0	0	0	0	0	0	0	0	0	0	0	0	0	0	0	0	0	0	0	0	0	0	0	0	0	0	0	0	0	0	0	0	0	0	0	0	0	0	0	0	0	0	0	0	0	0	0	0.90858	0	0	0	0	0	0	0	0	0	0	0	0	0	0	0	0	0	0	0	0	7.92283	9.22911	11.3166	6.60025	0	9.93914	6.07099	0	8.90277	0	0	0	7.96649	7.48109	0	5.34839	0	0.52467	0	0	4.17899	0	1.57868	2.17164	0	2.0251	0	0	0	0	0	
0	0	0	0	0	0	0	0	0	0	0	0	0	0	0	9.95049	0	0	0	0	0	0	0	0	0	0	0	0	0	0	0	0	0	0	5.9014	0	0	0	0	0	0	0	0	0	0	0	0	0	0	0	0	0	0	0	0	0	0	0	0	0	0	0	0	0	0	0	0	3.28864	0	0	0	0	0	6.37534	0	0	0	0.26234	0	0	0	4.0313	0	0	1.01255	0	5.64524	2.97157	7.50194	9.99348	8.21031	0	10.00158	0	0	0	0	0	0	0	
0	0	0	0	0	0	0	0	0	0	0	0	0	0	0	0	0	0	0	0	0	0	0	0	0	0	0	0	0	0	0	0	0	0	0	0	0	0	0	0	0	0	0	0	0	0	0	0	8.20603	0	0	0	0	0	0	0	0	0	0	3.41266	0	0	0	0	0	7.54527	0	0	0	0	0	8.06901	0	0	0	0	0	11.29586	0	6.70904	11.36226	0	0	10.15708	0	0	0	0	0	0	0	0	0	0	0	0	0	0	0	0	
0	0	0	0	0	0	0	0	0	0	0	0	0	0	0	0	0	0	0	0	0	0	0	0	0	0	0	0	0	0	0	0	0	0	0	0	0	0	0	0	0	0	0	0	0	0	0	0	0	0	0	0	0	0	0	2.84936	0	0	8.47502	0	0	0	0	0	9.41578	0	0	0	0	0	0	2.30667	0	6.23958	0	0	4.21287	0	0	0	2.64817	6.82278	3.66427	7.68239	0	0	0	7.7187	6.43794	0	3.58074	8.16252	11.36754	0	0	0	0	0	0	0	
0	0	0	0	0	0	0	0	0	0	0	0	0	0	0	0	0	0	0	0	0	0	0	0	0	0	0	0	0	0	0	0	0	0	0	0	0	0	0	0	0	0	0	0	0	0	0	0	0	0	0	0	0	0	0	0	0	0	0	0	0	0	0	0	0	0	0	0	0	0	0	0	0	0	0	0	0	0	0	0	0	0	0	0	0	0	2.0251	0	0	0	0	8.76702	0	0	0	0	0	0	0	0	
0	0	0	0	0	0	0	0	0	0	0	0	0	0	0	0	0	0	0	0	0	0	0	0	0	0	0	0	0	0	0	0	0	0	0	0	0	0	0	0	0	0	0	0	0	0	0	0	0	0	0	0	0	0	0	0	0	0	0	0	0	0	0	0	0	0	0	0	0	0	9.78097	0	0	0	0	0	3.22239	0	0	7.4773	0	0	0	9.07574	0	0	0	0.52467	0	0	5.3841	13.3936	0	0	0	0	0	0	0	0	
0	0	0	0	0	0	0	0	0	0	0	0	0	0	0	0	0	0	0	0	0	0	0	0	0	0	0	0	0	0	0	0	0	0	0	0	0	0	0	0	0	0	0	0	0	0	0	0	0	0	0	0	0	0	0	0	0	0	0	3.22239	0	0	0	0	0	0	0	0	0	0	9.6746	0	0	0	0	0	0	0	0	0	0	0	0	0	0	0	0.52467	0	0	0	0	0	0	0	0	0	0	0	0	0	
0	0	0	0	0	0	0	0	0	0	0	0	0	0	0	0	0	0	0	0	0	0	0	0	0	0	0	0	0	0	0	0	0	0	0	0	0	0	0	0	0	0	0	0	0	0	0	0	0	0	0	0	0	0	0	0	0	0	0	0	0	0	0	0	0	0	0	0	0	9.47744	2.836	0	0	0	0	0	0	0	9.18631	0	0	0	0	0	0	0	0	0	3.58074	2.92199	0	0	0	0	0	0	0	0	0	0	
0	0	0	0	0	0	0	0	0	0	0	0	0	0	0	0	0	0	0	0	0	0	0	0	0	0	0	0	0	0	0	0	0	0	0	0	0	0	0	0	0	0	0	0	0	0	0	0	0	0	0	0	0	0	0	0	0	0	0	0	0	0	0	0	0	0	0	0	0	0	0	0	0	0	0	0	0	0	0	0	0	0	0	0	0	0	0	0	0	0	0	0	0	0	0	0	0	0	0	0	
0	0	0	0	0	0	0	0	0	0	0	0	0	0	0	0	0	0	0	0	0	0	0	0	0	0	0	0	0	0	0	0	0	0	0	0	0	0	0	0	0	0	0	0	0	0	0	0	0	0	0	0	0	0	0	0	0	0	9.11278	0	0	0	0	0	0	0	0	0	0	0	0	0	0	0	0	6.5064	0	0	0	0	0	0	0	0	0	0	0	0	0	0	0	0	0	0	0	0	0	0	0	0	
0	0	0	0	0	0	0	0	0	0	0	0	0	0	0	0	0	0	0	0	0	0	0	0	0	0	0	0	0	0	0	0	7.39698	0	0	0	0	0	0	0	0	0	0	0	0	0	0	0	0	0	4.83954	0	0	0	0	0	0	0	0	0	0	0	0.90858	0	0	0	0	0	0	0	0	0	0	0	0	0.52467	0	0	0	0	0	0	0	0	0	0	0	0	0	0	0	0	0	0	0	0	0	0	0	0	
0	0	0	0	0	0	0	0	0	0	0	0	0	0	0	0	0	0	0	0	0	0	0	0	0	0	0	0	0	0	0	0	0	0	0	0	0	0	0	0	0	0	0	0	0	0	0	0	0	0	0	0	0	0	0	0	0	0	0	0	0	0	0	0	0	0	0	0	0	0	0	0	0	0	0	0	0	0	0	0	0	0	0	0	0	0	0	0	0	0	0	0	0	0	0	0	0	0	0	0	
0	0	0	0	0	0	0	0	0	0	0	0	0	0	0	0	0	0	0	0	0	0	0	0	0	0	0	0	0	0	0	0	0	0	0	0	0	0	0	0	0	0	0	0	0	0	0	0	0	0	0	0	0	0	0	0	0	0	0	0	0	0	0	0	0	0	0	0	0	0	0	0	0	0	0	0	0	0	0	0	0	0	0	0	0	0	0	0	0	0	0	0	0	0	0	0	0	0	0	0	
0	0	0	0	0	0	0	0	0	0	0	0	0	0	0	0	0	0	0	0	0	0	0	0	0	0	0	0	0	0	0	0	0	0	0	0	0	0	0	0	0	0	0	0	0	0	0	0	0	0	0	0	0	0	0	0	0	0	0	0	0	0	0	0	0	0	0	0	0	0	0	0	0	0	0	0	0	0	0	0	0	0	0	0	0	0	0	0	0	0	0	0	0	0	0	0	0	0	0	0	
0	0	0	0	0	0	0	0	0	0	0	0	0	0	0	0	0	0	0	0	0	0	0	0	0	0	0	0	0	0	0	0	0	0	0	0	0	0	0	0	0	0	0	0	0	0	0	0	0	0	0	0	0	0	0	0	0	0	0	0	0	0	0	0	0	0	0	0	0	0	0	0	0	0	0	0	0	0	0	0	0	0	0	0	0	0	0	0	0	0	0	0	0	0	0	0	0	0	0	0	
0	0	0	0	0	0	0	0	0	0	0	0	0	0	0	0	0	0	0	0	0	0	0	0	0	0	0	0	0	0	0	0	0	0	0	0	0	0	0	0	0	0	0	0	0	0	0	0	0	0	0	0	0	0	0	0	0	0	0	0	0	0	0	0	0	0	0	0	0	0	0	0	0	0	0	0	0	0	0	0	0	4.94601	0	0	0	0	0	0	0	0	0	0	0	0	0	0	0	0	0	0	
0	0	0	0	0	0	0	0	0	0	0	0	0	0	0	0	0	0	0	0	0	0	0	0	0	0	0	0	0	0	0	0	0	0	0	0	0	0	0	0	0	0	0	0	0	0	0	11.39529	0	0	0	0	0	0	0	0	0	0	0	0	0	0	0	0	0	0	0	0	0	0	0	0	0	0	6.90885	0	0	0	0	0	0	0	0	0	0	0	0	0	0	0	0	0	0	0	0	0	0	0	0	0	
