0	0	0	0	0	0	0	0	0	0	0	0	0	0	0	0	0	0	0	0	0	0	0	0	0	0	0	0	0	0	0	0	0	0	0	0	0	0	0	0	0	0	0	0	0	0	0	0	0	0	0	12.03023	0	0	0	0	0	0	0	0	0	0	0	0	0	0	0	0	0	0	0	0	0	0	0	0	0	0	0	0	0	0	0	0	0	0	0	0	0	0	0	0	0	0	0	0	0	0	0	0	
0	0	0	0	0	0	0	0	0	0	0	0	0	0	0	0	0	0	0	0	0	0	0	0	0	0	0	0	0	0	0	0	0	0	0	0	0	0	0	0	0	0	0	0	0	0	0	13.28868	0	0	0	0	0	0	0	0	0	0	0	0	0	0	0	11.38221	0	0	0	0	0	0	0	0	0	0	0	0	0	0	0	0	0	0	0	0	0	0	0	0	0	0	0	0	0	0	0	0	0	0	0	0	
0	0	0	0	0	0	0	0	0	0	0	0	0	0	0	0	0	0	0	0	0	0	0	0	0	0	0	0	0	0	0	0	0	0	0	0	0	0	0	0	0	0	0	0	0	0	0	0	0	0	0	0	0	0	9.32213	0	0	0	0	0	0	0	0	0	0	0	0	0	0	0	0	0	0	0	0	0	0	0	0	0	0	0	0	0	0	0	0	0	0	0	0	0	0	0	0	0	0	0	0	0	
0	0	0	0	0	0	0	0	0	0	0	0	0	0	0	0	0	0	0	0	0	0	0	0	0	0	0	0	0	0	0	0	0	0	0	0	0	0	0	0	0	0	0	0	0	0	14.02048	9.58827	0	0	0	0	0	0	0	0	0	0	0	0	0	0	0	0	0	0	0	0	0	0	0	0	0	0	0	0	0	0	0	0	0	0	0	0	0	0	0	0	0	0	0	0	0	0	0	0	0	0	0	0	
0	0	0	0	0	0	0	0	0	0	0	0	0	0	0	0	0	0	0	0	0	0	0	0	0	0	0	0	0	0	0	0	0	0	0	0	0	8.01701	0	0	0	0	0	13.41791	0	0	0	0	0	0	0	0	0	0	0	0	0	0	0	0	0	0	0	0	0	0	0	0	0	0	0	0	0	0	0	0	0	0	0	0	0	0	0	0	0	0	0	0	0	0	0	0	0	0	0	0	0	0	0	0	
0	0	0	0	0	0	0	0	0	0	0	0	0	0	0	0	0	0	0	0	0	0	0	0	0	0	0	0	0	0	0	0	0	0	0	0	0	0	0	0	0	0	0	0	0	0	0	0	0	0	0	0	0	0	0	0	0	0	0	0	0	0	0	0	0	0	0	0	0	0	0	0	8.29614	0	0	0	0	0	0	0	0	0	0	0	0	0	0	0	0	0	0	0	0	0	0	0	0	0	0	0	
0	0	0	0	0	0	0	0	0	0	0	0	0	0	0	0	0	0	0	0	0	0	0	0	0	0	0	0	0	0	0	0	0	0	0	0	0	0	0	0	0	0	0	0	0	0	0	0	0	0	0	0	0	0	0	0	0	0	0	0	0	0	0	0	0	0	0	0	0	0	0	0	0	0	11.01453	0	0	0	0	0	0	0	0	0	0	0	0	0	0	0	0	0	0	0	0	0	0	0	0	0	
0	0	0	0	0	0	0	0	0	0	0	0	0	0	0	0	0	0	0	0	0	0	0	0	0	0	0	0	0	0	0	0	0	0	0	0	0	0	0	0	0	0	0	0	0	0	0	0	0	0	0	8.6298	0	0	0	13.69981	0	0	15.7435	0	0	0	0	0	0	0	0	0	0	0	0	0	0	0	0	0	0	0	0	0	0	0	0	0	0	0	0	0	0	0	0	0	0	0	0	0	0	0	0	0	
0	0	0	0	0	0	0	0	0	0	0	0	0	0	0	0	0	0	0	0	0	0	0	0	0	0	0	0	10.71531	0	0	0	0	0	0	0	0	0	0	0	0	0	0	0	0	0	0	0	0	0	0	0	0	0	0	0	0	0	0	0	0	0	0	0	0	0	0	10.14546	0	0	0	0	0	0	0	0	0	0	0	0	0	0	0	0	0	0	0	0	0	0	0	0	0	0	0	0	0	0	0	0	
0	0	0	0	0	0	0	0	0	0	0	0	0	0	0	0	0	0	0	0	0	0	0	0	0	0	0	0	0	0	0	0	0	0	0	0	0	0	0	0	0	0	0	0	0	0	0	0	0	0	0	0	0	0	0	7.63993	0	0	0	0	0	0	0	0	0	0	0	0	0	0	0	0	0	0	0	0	0	0	0	0	0	0	0	0	0	0	0	0	0	0	0	0	0	0	0	0	0	0	0	0	
0	0	0	0	0	0	0	0	0	0	0	0	0	0	0	0	0	0	0	0	0	0	0	0	0	0	0	0	0	0	0	0	0	0	0	0	0	0	0	0	0	0	0	0	0	0	0	0	0	0	0	0	0	0	0	0	0	0	0	0	0	0	0	0	0	0	0	8.6912	0	0	0	0	0	0	0	0	0	0	0	0	0	0	0	0	0	0	0	0	0	0	0	0	0	0	0	0	0	0	0	0	
0	0	0	0	0	0	0	0	0	0	0	0	0	0	0	0	0	0	0	0	0	0	0	0	0	0	0	0	0	0	0	0	0	0	0	0	0	0	0	0	0	0	0	0	0	0	0	0	0	0	0	0	4.9742	0	0	0	2.99185	0	0	0	0	0	0	0	0	0	0	0	0	0	0	7.63993	0	0	0	0	0	0	0	0	0	0	0	0	0	0	0	0	0	0	0	0	0	0	0	0	0	0	0	0	
0	0	0	0	0	0	0	0	0	0	0	0	0	0	0	0	0	0	0	0	0	0	0	0	0	0	0	0	0	0	0	0	0	0	0	0	0	0	0	0	0	0	0	0	0	0	0	0	11.74113	0	0	0	12.77043	0	0	0	0	0	0	0	0	0	0	0	0	0	0	5.15863	0	0	0	0	0	0	0	0	0	0	0	0	0	0	0	0	0	0	0	0	0	0	0	0	0	0	0	0	0	0	0	0	
0	0	0	0	0	0	0	0	0	0	0	0	0	0	0	0	0	0	0	0	0	0	0	0	0	0	0	0	0	0	12.46095	0	0	0	0	0	0	0	0	4.59372	0	0	0	0	0	0	0	8.45612	0	0	0	0	0	0	0	0	0	5.66452	9.90795	0	11.31341	0	0	10.50588	0	0	0	0	0	0	0	0	0	0	0	0	0	0	0	0	0	0	0	0	0	0	0	0	0	0	0	0	0	0	0	0	0	0	0	0	
0	0	0	0	0	0	0	0	0	0	0	0	0	0	0	0	0	0	0	0	0	0	0	0	0	0	0	0	0	0	0	0	0	0	0	0	0	0	0	0	0	0	0	0	0	0	0	0	0	0	0	0	0	0	6.90918	0	0	0	0	0	0	0	0	0	0	0	0	0	0	0	0	0	0	0	0	0	0	0	0	0	0	0	0	0	0	0	0	0	0	0	0	0	0	0	0	0	0	0	0	0	
0	0	0	0	0	0	0	0	0	0	0	0	0	0	0	0	0	0	0	0	0	0	0	0	0	0	0	0	0	0	0	0	0	0	0	0	0	0	0	0	0	0	13.16525	0	0	0	0	0	0	0	0	0	9.09899	0	0	0	0	0	0	12.69885	0	0	0	0	0	0	0	0	0	0	0	2.71638	0	0	0	0	0	0	0	0	0	0	0	0	0	0	0	0	0	0	0	0	0	0	0	0	0	0	0	0	
0	0	0	0	0	0	0	0	0	0	0	0	0	0	0	0	0	0	0	0	0	0	0	0	0	0	0	0	0	0	0	0	0	0	0	0	0	0	0	0	0	0	0	8.90954	0	0	0	10.13497	0	0	0	9.03656	0	0	0	0	0	0	4.58792	0	0	0	0	0	0	0	0	0	0	0	0	0	0	0	0	0	0	0	0	0	0	0	0	0	0	0	0	0	0	0	0	0	0	0	0	0	0	0	0	0	
0	0	0	0	0	0	0	0	0	0	0	0	0	0	0	0	0	0	0	0	0	0	0	0	0	0	0	0	0	0	0	0	0	0	0	0	0	0	0	0	0	0	9.54545	0	0	0	0	0	0	0	0	0	0	0	0	7.9832	0	0	0	0	0	0	0	0	0	0	3.05082	0	6.58087	0	0	0	0	0	0	0	0	0	0	0	0	0	0	0	0	0	0	0	0	0	0	0	0	0	0	0	0	0	0	0	
0	0	0	0	0	0	0	0	0	0	0	0	0	0	0	0	0	0	0	0	0	0	0	0	0	0	0	0	0	0	0	0	0	0	0	0	0	0	0	0	13.24995	0	0	0	0	0	0	0	0	0	0	0	0	0	0	0	0	0	0	0	0	0	0	0	0	0	0	0	0	0	0	0	0	0	0	0	0	0	0	0	0	0	0	0	0	0	0	0	0	0	0	0	0	0	0	0	0	0	0	0	
0	0	0	0	0	0	0	0	0	0	0	0	0	0	0	0	0	0	0	0	0	0	0	0	0	0	0	0	0	0	0	0	0	0	0	0	0	0	0	0	0	0	0	0	0	0	0	7.78156	0	0	8.70966	0	0	0	0	0	0	0	0	0	0	0	0	0	0	0	0	0	0	0	0	0	0	0	0	0	9.08994	0	0	0	0	0	0	0	0	0	0	0	0	0	0	0	0	0	0	0	0	0	0	0	
0	0	0	0	0	0	0	0	0	0	0	0	0	0	0	0	0	0	0	0	0	0	0	0	0	0	0	0	0	0	0	0	0	0	0	0	0	0	0	0	0	0	0	0	0	0	0	10.30154	0	0	8.95938	10.84301	0	0	0	0	8.17212	0	11.72185	0	8.42946	0	0	0	0	11.25844	0	0	0	0	0	0	0	0	0	0	0	0	0	0	0	0	0	0	0	0	0	0	0	0	0	0	0	0	0	0	0	0	0	0	
0	0	0	0	0	0	0	0	0	0	0	0	0	0	0	0	0	0	0	0	0	0	0	0	0	0	0	0	0	0	0	0	0	0	0	0	0	0	0	0	0	9.18544	0	0	0	0	0	0	0	0	0	0	0	0	0	0	0	0	0	0	0	0	0	0	0	0	0	0	3.74742	0	0	0	0	0	0	0	0	0	0	0	0	0	0	0	0	0	0	0	0	0	0	0	0	0	0	0	0	0	0	0	
0	0	0	0	0	0	0	0	0	0	0	0	0	0	0	0	0	0	0	0	0	0	0	0	0	0	0	0	0	0	0	9.93663	13.73783	0	0	0	0	0	0	0	0	0	0	0	0	0	0	9.24678	0	0	0	0	0	0	0	0	0	0	0	0	0	0	0	3.32212	0	0	0	1.44069	0	0	0	0	0	0	0	0	0	0	0	0	0	0	0	0	0	0	0	0	0	0	0	0	0	0	0	0	0	0	0	0	
0	0	0	0	0	0	0	0	0	0	0	0	0	0	0	0	0	0	0	0	0	0	0	0	0	0	0	0	0	0	0	12.83778	0	0	7.6887	0	0	0	0	0	0	0	0	0	0	0	0	0	0	0	0	0	0	0	0	0	0	0	0	0	0	0	0	0	0	0	0	0	0	0	0	0	0	0	0	0	0	0	0	0	0	0	0	0	0	0	0	0	0	0	0	0	0	0	0	0	0	0	0	0	
0	0	0	0	0	0	0	0	0	0	0	0	0	0	0	0	0	0	0	0	0	0	0	0	0	0	0	0	0	0	0	0	0	0	0	0	0	0	0	0	0	0	0	9.63528	0	0	0	0	0	15.01335	0	0	0	0	10.39222	0	0	0	0	0	0	0	0	0	0	0	0	0	0	0	0	0	0	0	0	0	0	0	0	6.33338	0	0	0	0	0	0	0	0	0	0	0	0	0	0	0	0	0	0	0	0	
0	0	0	0	0	0	0	0	0	0	0	0	0	0	0	0	0	0	0	0	0	0	0	0	0	0	0	0	0	0	0	0	9.89956	0	0	0	0	0	0	0	0	0	0	0	0	0	0	2.80754	0	0	8.67228	11.15338	0	0	0	0	0	0	9.35839	0	0	0	0	0	0	0	0	0	0	0	3.12357	0	0	0	0	0	0	0	0	0	0	0	0	0	0	7.28256	0	0	0	0	0	0	0	0	0	0	0	0	0	0	
0	0	0	0	0	0	0	0	0	0	0	0	0	0	0	0	0	0	0	0	0	0	0	0	0	0	0	0	0	0	0	0	0	0	0	0	0	0	0	9.8495	0	0	0	0	15.44178	0	9.03559	0	0	0	0	0	0	0	0	0	0	0	0	0	0	0	0	0	0	0	0	0	0	0.89321	0	0	0	0	0	0	0	0	0	0	0	0	0	0	0	0	0	0	0	0	0	0	0	0	0	0	0	0	0	0	
0	0	0	0	0	0	0	0	0	0	0	0	0	0	0	0	0	0	0	0	0	0	0	0	0	0	0	0	0	0	0	0	0	0	0	7.98808	0	0	0	0	0	0	0	0	0	0	0	7.48287	0	0	0	0	0	9.01365	0	0	0	0	0	0	8.42047	0	0	0	0	0	0	0	0	0	0	0	0	0	0	0	0	0	0	0	0	0	0	0	0	0	0	0	0	0	0	0	0	0	2.40226	0	0	0	0	0	
0	0	0	0	0	0	0	0	0	0	0	0	0	0	0	0	0	0	0	0	0	0	0	0	0	0	0	0	0	0	0	0	0	0	0	0	0	0	0	0	0	14.28689	0	0	0	0	0	0	0	0	0	0	7.95107	0	0	0	0	0	0	0	0	0	0	0	0	0	0	7.77875	0	0	0	2.00014	0	0	0	0	0	0	0	0	0	0	0	0	0	0	0	0	0	0	0	0	0	0	0	0	0	0	0	0	
0	0	0	0	0	0	0	0	0	0	0	0	0	0	0	0	0	0	0	0	0	0	0	0	0	0	0	0	0	0	0	0	0	0	0	0	0	0	0	0	8.57277	0	0	0	10.16547	0	0	5.34635	0	0	7.02257	11.51492	0	0	0	10.02178	0	0	6.42407	0	12.68886	0	0	0	0	0	0	0	3.60222	0	0	0	0	0	0	0	0	0	0	0	0	0	0	0	0	0	0	0	0	0	0	0	0	0	0	5.36777	0	0	0	0	
0	0	0	0	0	0	0	0	0	0	0	0	0	0	0	0	0	0	0	0	0	0	0	0	0	0	0	0	0	0	0	0	0	0	0	0	0	0	0	0	0	0	0	0	13.38378	0	0	0	0	1.65223	0	0	5.91052	0	0	0	0	7.18951	0	0	0	4.00019	0	0	0	0	0	0	0	0	0	0	0	0	0	0	0	0	0	0	0	0	0	0	0	0	0	0	0	0	0	0	0	0	0	0	0	0	0	0	
0	0	0	0	0	0	0	0	0	0	0	0	0	0	0	0	0	0	0	0	0	0	0	0	0	0	0	0	0	0	0	0	0	0	0	0	0	0	0	0	0	0	0	11.74744	0	0	14.85874	0	0	0	10.30643	0	0	0	0	0	0	0	0	7.93852	0	0	0	0	9.1247	0	0	1.65223	0	0	0	0	9.44345	0	0	0	9.14777	0	0	0	0	0	0	0	0	0	0	0	0	0	0	0	0	0	0	0	0	0	0	0	
0	0	0	0	0	0	0	0	0	0	0	0	0	0	0	0	0	0	0	0	0	0	0	0	0	0	0	0	0	0	0	0	0	0	0	0	0	0	0	0	0	0	0	0	5.65951	4.56788	0	11.19628	0.5146	0	0	12.59815	3.65227	0	0	11.06013	0	0	0	0	0	0	0	0	0	0	5.29088	12.54645	0	0	0	0	0	10.9043	0	0	0	0	0	0	0	0	0	0	0	0	0	0	0	0	0	0	0	0	0	0	0	0	0	0	
0	0	0	0	0	0	0	0	0	0	0	0	0	0	0	0	0	0	0	0	0	0	0	0	0	0	0	0	0	0	0	0	0	0	0	0	0	12.56493	0	0	0	0	0	0	0	0	0	0	5.35272	0	0	8.77131	0	0	14.87233	0	8.508	0	0	8.95191	0	2.00014	0	0	0	0	0	0	0	0	0	0	0	0	6.41607	2.28027	0	0	0	0	0	0	0	0	0	0	0	0	0	0	0	0	0	0	0	0	0	0	0	0	
0	0	0	0	0	0	0	0	0	0	0	0	0	0	0	0	0	0	0	0	0	0	0	0	0	0	0	0	0	0	0	0	0	0	0	0	0	0	0	0	0	0	15.61329	0	0	11.45956	0	13.30781	0	0	12.18007	0	13.55586	0	10.19795	0	0	0	0	0	0	0	0	10.39084	0	0	0	7.88982	0	0	6.88808	0	0	0	0	0	0	0	1.44069	0	0	0	0	0	0	0	0	0	0	0	0	0	0	0	0	0	0	0	0	0	
0	0	0	0	0	0	0	0	0	0	0	0	0	0	0	0	0	0	0	0	0	0	0	0	0	0	0	0	0	0	0	0	0	0	0	0	0	0	0	0	0	0	0	0	0	0	0	8.71935	9.71396	0	0	11.3487	0	0	0	0	0	0	0	0	0	0	0	0	7.45142	0	0	0	0	0	0	0	0	0	0	0	0	0	0	0	0	0	0	0	0	0	0	0	0	0	7.70658	0	0	0	0	0	0	0	0	0	
0	0	0	0	0	0	0	0	0	0	0	0	0	0	0	0	0	0	0	0	0	0	0	0	0	0	0	0	0	0	0	0	0	0	0	0	0	0	0	0	0	0	0	0	0	0	0	10.83219	0	0	0	0	10.05471	11.98152	0	0	0	0	11.29941	5.58945	0	0	0	0	0	0	0	0	0	0	0	0	0	0	0	0	0	0	0	0	0	0	0	0	0	0	0	0	0	0	0	0	0	0	0	0	0	0	7.13683	0	
0	0	0	0	0	0	0	0	0	0	0	0	0	0	0	0	0	0	0	0	0	0	0	0	0	0	0	0	0	0	0	0	0	0	0	0	0	0	0	0	0	0	9.34514	0	0	0	0	0	0	9.41615	0	9.15972	0	5.94104	0	0	0	0	0	0	0	0	0	0	11.68664	0	0	0	0	0	0	0	0	0	0	0	13.06042	0	0	0	0	0	0	0	0	0	0	0	0	0	0	0	0	0	0	0	0	0	0	0	
0	0	0	0	0	0	0	0	0	0	0	0	10.36715	0	0	0	0	0	0	0	0	0	0	0	0	0	0	0	0	0	9.08653	0	0	0	0	0	0	0	0	0	0	0	10.90688	0	0	0	0	5.62748	0	0	11.58905	0	0	2.97418	0.5146	0	10.28593	0	0	0	0	0	0	9.12026	7.834	11.03442	0	0	0	0	0	0	0	0	0	0	0	0	0	0	0	0	0	0	0	0	0	0	0	0	0	0	0	0	0	0	0	0	0	0	
0	0	0	0	0	0	0	0	0	0	0	0	0	0	0	0	0	0	0	0	0	0	0	0	0	0	0	0	0	0	0	0	0	0	0	0	0	0	0	0	0	0	0	0	0	11.36262	8.47883	0	5.49663	12.50577	2.14701	8.35691	11.30574	0	10.42272	11.33556	0	0	0	0	9.77593	0	0	0	0	0	0	0	0	6.59305	0	0	0	0	0	0	3.30428	0	0	0	0	0	0	0	0	0	0	0	0	0	0	0	0	0	0	0	0	0	0	0	
0	0	0	0	0	0	0	0	0	0	0	0	0	0	0	9.99416	0	0	0	0	0	0	0	0	0	0	0	0	0	0	0	0	0	0	0	8.56463	11.94152	0	0	0	0	0	0	5.60224	0	11.21461	9.19708	8.13169	5.45494	8.27033	0	0	3.87933	0	10.57925	0	0	0	0	6.82947	0	9.79485	0	10.1465	0	9.48546	0	0	11.62101	0	7.74744	0	0	0	0	10.57135	0	1.19276	0	4.50418	0	0	0	0	0	0	0	0	0	0	8.06167	0	0	0	0	0	0	0	0	0	
0	0	0	0	0	0	0	0	0	0	0	0	0	0	0	0	0	0	0	0	0	0	0	0	0	0	10.07778	0	0	0	0	1.83665	0	0	6.03834	0	0	0	0	0	10.84728	0	0	0	0	0	0	0	10.01387	8.1514	2.61908	10.55931	8.65331	0	10.08748	0	14.41793	0	4.04883	0	0.5146	9.63685	0	0	0	7.77311	0	0	0	0	0	0	0	7.75318	0	0	0	0	0	0	0	0	0	0	0	0	0	0	0	0	0	0	0	0	0	0	9.91374	0	0	0	
0	0	0	0	0	0	0	0	0	0	0	0	0	0	0	0	0	0	0	8.33112	0	0	0	0	0	0	0	0	0	0	0	0	0	0	0	0	0	0	0	0	0	0	0	12.8316	0	0	13.0143	12.64483	11.7614	0	6.56136	7.95813	10.83117	0	0	0	13.27138	0	0	7.88649	7.61058	0	0	11.71396	0	5.8367	0	7.71249	0	0	0	0	0	0	0	0	0	0	0	0	0	0	0	0	0	0	0	0	0	0	7.09369	0	0	0	0	0	0	0	0	0	
0	0	0	0	0	0	0	0	0	0	0	0	9.9783	0	0	0	0	0	0	8.52321	0	0	0	0	0	0	0	0	0	0	0	0	0	9.558	0	0	0	0	0	0	0	11.93711	13.90671	0	8.2333	0	0	4.02216	8.05471	0	5.15863	11.15252	7.7183	7.00838	9.43005	12.36809	5.90495	11.79203	9.81986	0	0	0	0	0	1.65223	0	0	0	0	0	0	0	0	0	0	0	0	0	10.70015	2.40226	0	0	0	0	0	0	0	0	0	0	0	0	0	0	0	0	0	0	0	0	
0	0	0	0	0	0	0	0	0	0	0	0	0	0	0	0	0	0	0	0	0	0	0	15.05325	0	0	0	0	0	0	0	0	0	0	0	0	0	0	12.57226	0	0	0	8.13972	8.33687	6.08463	0	10.36797	7.78174	0	8.92743	10.37043	7.70324	0	0	0	0	0	6.20327	14.3515	9.87145	9.50432	0	0	0	8.30984	0	0	0	0	0	0	0	0	0	0	0	0	0	0	0	0	0	0	0	0	0	0	0	0	0	0	0	0	0	0	0	0	0	0	0	
0	0	8.33687	0	0	0	0	0	0	0	0	0	0	0	0	0	0	0	0	0	0	0	0	0	0	0	0	0	0	0	0	0	0	0	0	0	0	0	0	0	9.76089	0	0	0	0	7.97585	0	9.98072	10.51309	11.44751	0	7.16726	9.17798	8.42088	1.19276	11.37035	0	0	2.14701	0	9.36552	0	7.67364	11.97508	0	0	0	0	0	0	0	8.00608	0	0	0	0	1.83665	0	0	0	0	0	0	0	0	0	0	0	0	0	0	0	0	0	0	0	0	0	0	0	
0	0	0	0	0	0	0	0	0	0	0	10.24049	0	0	0	0	0	0	0	0	0	0	0	0	0	0	0	0	0	0	0	0	7.39375	0	0	0	0	9.79709	13.07973	6.89848	5.72423	6.76174	0	0	12.28959	8.47988	11.17529	6.74554	10.80681	0	12.3627	0	5.87264	8.29349	0	11.73444	5.48075	11.04766	0	0	0	0	0	0	0	0	0	7.20128	0	0	0	0	7.85285	0	0	3.83669	0	0	11.64438	0	0	0	0	0	0	0	0	0	0	0	0	0	0	0	0	6.89406	0	0	0	0	
0	0	0	0	0	0	0	0	0	0	0	0	0	0	0	0	0	0	0	0	0	0	0	0	0	0	0	0	0	0	0	0	0	0	6.7046	9.23148	0	0	0	5.63993	0	12.2662	0	10.36839	12.87534	9.45025	6.99365	8.15543	6.71439	11.21807	11.6777	10.03304	0.89321	10.15466	0	0	9.28344	0	0	7.2505	8.89459	0	13.72295	0	0	0	0	0	0	0	0	0	0	0	0	0	0	0	2.40226	0	0	0	0	0	0	0	0	11.76318	0	0	0	0	0	0	0	0	0	0	0	0	
0	0	0	0	0	0	0	0	10.06052	0	10.49863	0	0	0	0	0	0	0	0	0	0	0	0	0	0	0	11.45406	0	0	0	0	0	0	0	0.89321	7.56354	0	12.26456	11.22885	0	7.30549	8.52489	0	4.1117	5.49663	12.19656	4.3031	7.83456	7.59759	8.8297	0	8.20449	3.70063	0	0	0	8.52243	2.00014	0	0	0	0	1.65223	0	0	0	11.55876	0	0	0	0	0	0	0	0	0	0	0	0	0	0	0	0	0	0	0	0	0	0	0	0	0	0	0.5146	0	0	0	0	0	0	
0	0	0	0	0	0	0	0	0	0	0	12.91675	0	0	12.75539	0	0	0	0	0	0	0	0	0	0	0	0	0	0	0	0	10.9895	0	0	6.81856	0	11.15864	0	0	9.93962	1.65223	0	9.10715	9.11376	10.8597	7.91261	10.49282	8.75349	4.51662	8.85313	8.51954	10.01124	10.23485	10.94165	0	9.85819	10.22096	0	0	14.35177	11.3284	4.73884	0	9.70213	0	0	0	0	0	0	0	0	0	0.5146	0	7.11091	0	0	0	0	0	0	0	5.39742	0	0	0	0	0	0	0	0	0	0	0	0	0	0	0	0	
0	0	0	0	0	0	0	0	0	0	0	0	13.52938	0	0	0	0	0	0	0	0	0	0	0	0	0	0	0	0	9.13903	0	0	7.84749	0	8.4096	0	13.37908	0	12.76386	9.40474	9.52135	13.4337	11.74064	8.45028	9.27524	4.92806	10.11027	10.76114	4.34259	9.42991	7.64621	12.94283	13.834	9.56356	6.86557	8.96281	11.07066	0	0	8.9998	5.90021	0	0	0	0	0	0	0	0	0	0	0	0	9.41705	0	0	0	0	0	0	10.09824	0	0	0	0	0	0	0	0	0	0	0	0	0	0	0	0	0	0	0	
0	0	0	0	0	0	0	12.89743	0	0	0	9.66453	0	0	0	0	0	0	0	0	0	0	0	0	0	0	0	7.77875	0	0	5.92077	0	12.06413	0	0	0	3.55038	10.62108	9.52532	11.57576	9.514	5.57684	0	11.15651	10.52749	8.66116	9.49261	9.32004	11.45405	9.64053	5.65171	9.63893	10.8477	9.37431	8.54488	6.20027	12.4047	5.94835	4.71971	8.55644	7.18532	11.96212	10.41187	0	9.45495	0	0	0	0	0	0	0	0	10.55233	0	0	0	0	0	0	0	0	0	0	0	0	0	0	0	0	0	0	0	0	0	0	0	0	0	0	
11.68082	0	0	0	0	0	0	0	8.20476	0	0	0	9.81696	0	0	0	0	0	0	0	0	0	0	0	11.24957	0	0	7.18011	0	0	0	0	11.86268	0	11.68221	8.06167	0	5.60224	10.78536	7.02798	8.71788	8.96489	5.74412	9.74166	11.26754	9.82114	7.19192	9.68451	6.00202	9.33437	9.4516	8.11127	8.09105	6.76903	12.34291	9.53341	10.73685	6.93086	0	9.49293	0	0.5146	0	6.12854	0	8.3464	0	0	0	0	1.83665	0	0	0	0	0	0	0	0	0	0	0	4.45114	0	0	8.8149	0	0	0	0	0	0	0	0	0	0	0	0	0	0	
0	0	0	11.64593	0	0	0	0	0	0	0	0	0	0	0	0	0	0	9.28098	0	0	12.42598	0	5.61491	11.14418	7.97093	0	0	10.12894	7.86085	11.57847	0	13.69408	0	0	2.71638	0	9.90681	9.70173	8.39781	8.2914	5.91784	8.49287	8.98827	9.80084	9.88908	8.49269	9.72343	10.15677	7.48574	9.86325	8.65558	11.05599	7.79289	6.86002	10.48238	0	5.05443	5.81589	8.32615	0.5146	5.46897	9.47159	0	0	0	0	0	0	6.92417	0	0	5.08766	0	2.80754	7.17584	12.70061	5.8149	0	8.508	0	0	0	0	0	0	0	0	0	0	0	0	0	0	0	0	0	0	0	0	
9.12359	0	0	0	11.85101	6.59326	0	0	0	0	0	0	0	0	0	0	0	9.3017	0	0	0	0	0	0	9.019	0	7.30611	9.22923	0	13.43057	9.91422	0	0	0	10.22971	9.11358	7.10499	10.78267	11.38753	7.58019	7.24411	8.84327	7.49447	8.8884	9.13865	8.75836	9.58554	8.58104	8.94145	9.36577	7.43171	9.19479	11.09419	8.25603	9.60501	10.21401	9.4487	4.79992	6.40938	8.17141	14.2672	0	7.78666	11.15836	12.21196	12.37031	10.00282	0	0	0	0	0	0	0	8.6927	0	0	0	0	0	0	0	0	0	0	0	0	0	0	0	0	0	0	0	0	2.14701	0	0	0	0	
0	0	0	0	0	0	0	0	5.10573	0	8.10049	0	0	0	0	0	8.58248	12.88187	8.42227	6.0194	11.58584	8.74668	0	0	0	14.36223	0	9.95606	9.97127	10.23023	0	9.96228	11.55308	8.75257	8.2634	10.70523	7.1108	9.07178	8.70523	7.16836	8.76521	7.1831	7.37639	8.25453	9.75331	8.0273	7.71366	9.16475	8.66812	7.12232	6.9162	10.92479	7.82557	8.93092	6.32073	7.93111	9.03817	8.29614	0	9.24474	5.11679	8.38206	9.57025	0	8.62696	11.13985	3.87933	0	0	0	0	8.40595	0	0	7.73298	0	0	0	10.16386	0	0	0	0	0	0	8.47883	0	0	0	0	0	0	0	0	0	8.70312	0	0	0	0	
0	10.62383	0	0	2.00014	8.19637	0	0	0	0	0	0	0	0	2.89327	10.89946	0	9.89827	10.50452	0	7.82857	0	7.33667	0	0	0	0	0	9.31355	10.61163	7.30192	0	9.46985	6.31543	10.7691	8.9754	9.42902	11.66493	8.868	8.8453	8.41556	8.45877	7.91061	7.77144	8.41238	7.90835	8.17119	8.77362	8.02895	7.23482	7.85782	8.31076	8.09144	7.62567	9.1403	7.83687	6.89848	8.1252	7.61793	8.80725	0	9.12737	0	11.71506	10.31695	1.19276	6.17851	0.5146	0	0	0	0	0	0	0	0.5146	0	0	0	0	8.95209	0	0	0	0	0	0	0	0	0	0	0	0	0	0	0	0	0	0	0	
0	12.0518	9.59826	0	9.56608	0	0	0	0	0	9.36121	0	0	0	9.47246	8.33878	0	6.97421	0	0	7.69469	3.96102	8.11433	11.45968	10.66934	9.15104	0	6.08978	5.62748	8.06879	11.51872	10.30007	10.90543	9.68456	10.71519	5.3706	8.02346	8.09972	8.33339	6.97834	5.69088	7.6727	8.00306	7.28029	6.61004	7.50151	8.92333	7.50342	9.24757	8.7381	7.30651	9.72669	8.44753	7.97156	7.64066	7.68731	8.05809	6.71869	8.75268	8.96186	0	8.46219	9.41665	10.04824	2.39265	0.89321	0.5146	0	0	0	0	6.76839	0	0.89321	9.8859	0	7.96351	0	5.25893	0	0	0	0	5.70396	0	0.91833	0	0	0	0	0	0	0	0	0	0	0	0	0	0	
0	0	0	0	0	0	0	0	11.16995	0	9.52964	11.57514	0	0	0	0	0	0	9.83738	0	3.05082	0	0	0	0	9.01781	11.08399	0	1.83665	7.82038	6.55919	7.11022	8.38761	9.38194	10.11715	7.53894	9.09346	10.04557	7.79922	8.54825	6.32116	8.45239	8.98343	7.73145	7.32841	8.2993	7.18304	7.76012	8.21302	8.51021	8.22059	8.14146	7.05223	7.30825	7.1388	9.93249	8.47382	9.07653	9.92523	8.63942	9.25972	7.01586	8.96186	8.70835	0	10.34278	0	9.03208	0	0	0	0	0	0	0	0	0	0	16.33556	0	0	7.57331	0	0	0	0	0	8.516	4.03833	12.27096	0	0	0	0	0	0	0	0	0	0	
0	0	0	0	0	0	0	0	10.4155	7.98808	0	2.89327	0	13.07991	0	0	0	9.03795	11.00282	6.32412	0	0	10.65139	9.19	8.88677	9.77664	8.96558	9.40454	8.28469	8.91996	0	7.37148	5.04204	5.67085	4.40832	7.61896	8.6716	6.40525	11.31914	7.51002	8.58101	8.34696	8.07106	8.60865	6.91883	8.19196	8.64895	7.79034	7.78214	9.29842	8.19399	7.71528	7.01423	7.48863	8.54736	8.5934	6.96047	8.91246	10.13114	9.52291	6.30107	11.22073	10.53181	12.88857	6.48248	9.01384	9.44167	0	0	0	0	0	0	7.92332	11.70046	0	0	0	13.0137	0	0	0	0	0	0	0	0	0	7.71543	0	4.07548	0	0	0	0	0	0	0	0	0	
0	0	10.05239	9.45536	0	6.89848	0	3.25893	6.3426	0	0	0	0	0	0	0	0	6.68755	0	0	0	0	0	10.60688	0	10.2618	0	10.43621	7.65842	7.95043	0	9.59071	0	9.55863	4.96081	8.35829	7.57318	6.487	3.56031	11.09969	7.01823	9.66039	8.16722	8.55374	7.65397	6.25749	5.71954	8.27268	7.04046	7.71864	7.81846	7.63324	8.0232	8.55757	8.22237	6.40136	8.22376	8.40417	8.62894	7.55917	9.34386	7.92556	3.78828	12.02223	5.62269	0	0	8.27135	5.71248	4.82947	3.50171	0	9.56599	0	3.83363	0	8.09048	0	0	0	0	0	5.29366	0	0	0	0	0	0	0	0	0	0	0	0	0	0	0	0	0	
0	0	0	0	0	0	0	0	0	0	11.1091	10.13114	9.84612	0	14.3093	0	0	7.01781	0	5.5504	0	0	0	0	0	0	6.03834	4.7853	6.59193	0	7.71543	8.44786	5.59082	7.82604	5.15987	9.43673	9.1367	7.52253	8.27791	8.97094	9.40815	5.65311	6.31956	7.54215	7.63232	8.53109	5.51546	7.11802	7.61155	6.05367	7.36457	8.57359	8.6918	7.91915	7.97847	6.85654	6.59916	8.27976	9.27479	8.22297	10.47957	7.56058	9.81547	8.54683	0	5.23497	11.93916	3.83539	0	0	9.37525	0	5.07859	2.66001	0	13.87281	0	0	0	0	0	0	0	0	0	0	0	0	6.727	0	0	0	0	0	0	0	0	0	0	0	
0	0	0	0	0	7.17584	0	0	0	10.88285	0	0	5.61491	0	0	0	0	0	0	0	0	0	0	9.46863	0	0	11.25782	0	0	4.09826	9.28012	0	0	6.42787	8.10948	6.77405	6.72812	2.14701	0	8.39497	4.08688	10.25118	7.14935	6.15721	10.2138	8.35631	7.70742	8.56447	8.91817	3.68463	7.45221	9.41814	6.29635	6.5803	9.20858	7.39045	7.33405	7.00137	5.20229	6.56947	8.55851	6.27223	6.11358	11.05333	7.1313	5.40837	9.00101	8.89199	5.54133	0	0	12.00217	0	4.64405	0	5.44077	10.91907	0	0	0	0	0	0	0	10.37695	0	0	7.14559	0	0	0	12.37951	0	0	0	0	9.43185	0	0	0	
0	0	0	0	0	0	0	0	0	0	0	11.47594	0	0	0	0	0	10.05274	10.99375	0	0	0	0	3.12357	0	0	0	7.44433	0	0	0	0	5.4921	6.49364	5.87689	0	5.18138	9.21231	3.21563	8.30814	6.12766	8.81019	9.3556	2.83226	0	8.88646	5.58764	5.39595	8.20762	6.40128	8.12996	11.06508	8.64557	5.56947	7.16058	6.17914	6.71697	6.45212	7.59154	9.27885	7.59431	6.82412	0	7.24136	9.34591	0	6.65731	7.54379	12.97275	8.40278	0	0	0	1.19276	0	10.35209	0	8.65638	0	0	0	10.73783	0	0	0	0	0	0	0	0	0	0	0	0	0	0	0	0	0	0	
0	0	0	0	6.55444	0	0	0	0	0	9.75819	0	5.7589	0	0	11.96103	0	0	7.82312	0	6.54428	6.07549	0	0	0	11.20705	6.65637	0	0	5.90996	0	9.87635	11.50474	0	0	8.37089	8.84031	2.00014	12.4733	10.00032	7.1655	7.59586	5.57738	8.52992	7.17351	6.90886	12.52226	6.03204	8.06995	7.91744	10.03995	6.74999	8.82238	8.01578	6.57091	7.17526	7.82359	7.11346	6.24242	7.73615	5.98834	7.30156	7.10053	4.43447	8.05769	0	7.51162	11.10349	0	2.61908	9.11283	10.47188	6.5504	10.84049	8.12241	0	5.65506	0	0	0	3.44077	0	0	0	0	8.7484	0	0	0	1.19276	0	0	0	0	0	0	0	0	0	0	
0	0	0	0	0	0	0	0	0	0	0	6.00983	3.46573	0	0	9.51619	0	0	0	3.49662	2.51475	0	2.61908	0	0	0	0	0	0	3.36406	0	6.04251	0	0	0	11.24754	0	0	0	5.30659	4.86929	5.33176	6.16378	5.90151	8.09826	3.41924	4.57105	7.96055	7.05011	4.42019	0	0	8.60478	10.15003	0.89321	6.0094	8.68354	7.05482	6.51682	6.68737	9.83543	7.66969	8.30841	7.14959	6.34036	6.31526	6.0002	8.53173	0	8.94331	0	8.14737	6.89263	10.2053	11.84463	0	7.7646	0	7.85819	0	0	0	0	0	0	0	0	0	0	0	0	0	0	0	0	0	0	0	0	0	
0	0	0	11.12137	0	0	0	0	0	0	0	0	0	0	0	0	12.61163	0	0	0	0	0	8.16224	0	0	0	7.99382	7.33851	8.99859	10.93937	0	0	3.12357	0	0	9.67443	0	2.80754	0	5.42436	6.81401	0	2.89327	0	4.96972	11.68289	5.29982	8.39864	5.88443	6.11546	5.55531	6.834	8.55446	8.55022	6.91074	8.60754	7.4863	6.35212	7.68511	5.87834	8.08824	7.73196	9.79051	8.27546	8.56882	9.1908	5.4693	7.82312	9.95575	7.78064	5.9233	8.7605	4.76542	4.95332	7.97615	0	12.64106	1.44069	7.29112	9.88263	0.89321	5.71248	5.78156	0	0	0	0	0	0	0	0	0	0	0	0	0	0	10.03245	0	11.84463	
0	0	5.95402	0	0	0	0	0	0	0	0	0	0	0	0	0	0	0	0	0	7.9832	0	0	0	0	9.26096	0	8.88134	0	8.38945	0	11.06331	10.38252	0	8.60489	0	0	4.76252	6.55115	0	8.89978	0	0	10.50239	10.95814	9.02138	2.0001	5.84079	1.19276	7.65579	8.79046	9.5806	5.94958	7.98151	7.43059	7.92686	5.6887	6.00665	8.88975	5.57542	3.55474	5.40759	6.09594	2.59925	4.61156	6.17218	4.78036	0	8.52862	6.14041	5.53892	6.93722	8.46841	7.77158	0	0	6.15781	0	2.26026	6.30398	0	6.61088	0	0	0	0	0	0	6.4693	0	0	0	0	0	0	0	4.51477	0	0	0	
0	0	0	0	2.00014	0	0	0	0	0	0	0	8.34069	0	0	0	0	0	0	0	7.58945	7.31438	0	0	0	0	0	7.96653	0	0	0	0	9.84008	0	0	0	5.90021	0	5.01302	7.89502	0	0	6.16566	0	9.72569	0	5.39477	9.06244	6.0002	6.30669	10.68708	8.10702	10.18579	4.46494	7.29803	2.25745	0	7.8531	8.03938	6.00111	8.29677	5.03922	9.0229	7.45948	8.47597	8.96372	8.19492	5.7632	7.69922	6.14966	7.813	0	0	8.76522	0	8.67151	6.00259	6.1176	0	0	0	0	0	0	9.89892	5.03205	0	0	0	0	0	0	0	0	0	0	9.07511	0	0	0	
0	0	0	0	0	0	0	0	3.83669	0	0	0	0	0	0	0	8.508	4.82947	6.06629	0	0	0	0	0	5.5129	0	0	0	0	0	0	0	0	0	9.08653	8.34069	0	9.06937	0	0	0	0	8.76555	10.5295	0	11.30826	10.69008	8.54489	0	3.94881	0	11.36332	9.1737	8.22883	0	5.97092	0	6.91862	0	4.48711	8.5844	6.72228	5.10581	6.18153	7.07266	7.43284	7.36011	5.9209	8.74696	8.76578	8.12027	5.45771	8.29627	6.99859	7.46587	6.04262	9.93607	5.86881	0	0.5146	6.94941	4.2803	10.27771	0	2.83833	13.41938	8.90624	5.275	7.50005	0	0.53615	0	0	7.98931	0	0	0	0	0	0	
0	0	0	0	0	0	0	0	0	0	0	0	0	0	0	0	0	0	0	0	5.99101	0	0	0	0	0	0	0	0	5.5504	0	0	0	0	10.32872	0	0	0	0	0	9.00342	0	8.67465	9.00583	5.7484	0	0	1.44069	8.43662	5.35095	9.40291	0	0	6.31443	5.16984	7.25815	0	0	8.38033	8.09907	10.49263	6.08728	3.0736	4.71408	6.2696	9.87155	2.88142	7.2299	8.55005	9.99993	9.27199	7.92014	5.80893	4.89663	6.19982	0.5146	1.85032	0	6.84872	0	0	0	2.00014	0	0	0	9.10237	0	0	0	0	0	0	0	0	0	0	0	0	0	
0	0	0	0	8.10049	0	0	0	0	0	0	5.14121	0	7.275	0	0	0	0	0	0	0	0	0	0	0	0	0	0	0	0	0	0	0	0	0	0	0	0	0	7.36282	0	0	7.73588	0	5.16852	0	0.91833	4.2803	0	0	7.75318	0	0	0	8.74552	0	0	0.5146	0	9.39834	7.55233	2.00014	5.80065	8.07295	7.89009	0	2.98477	4.83259	8.20158	7.34993	6.91963	8.896	7.59231	5.1921	0	0	7.53747	4.2803	9.01673	3.49662	5.84748	6.0002	2.71638	0	11.8934	0	6.97421	9.43904	0	6.50168	0	0	0	0	2.61908	0	0	0	0	0	
0	0	0	0	0	0	0	0	0	0	0	0	0	0	0	0	0	7.50938	0	0	0	8.75271	9.23451	0	0	0	8.24813	0	0	0	0	0	0	9.40624	6.71264	0	0	0	0	0	0	0	0	0	0	0	0	0	0	0	1.65223	0	0	0	0	6.23787	10.44043	10.88022	5.86881	1.65223	0	7.38255	6.44429	0	7.26783	7.19057	8.09522	7.41333	5.54828	3.9047	8.59248	5.56578	7.64848	6.32973	7.50559	7.7506	6.80391	0	8.89199	5.57276	0	0	10.85025	0	7.22214	8.68361	0.5146	4.69269	0	10.05626	0	0	0	0	0	0	8.54663	0	0	0	
0	0	0	0	0	0	0	0	7.79533	0	0	8.66554	0	0	0	0	0	0	0	0	0	0	0	0	0	0	0	11.3903	0	0.5146	0	0	0	0	0	0	0	0	0	9.08441	0	0	0	0	0	4.54157	0	6.00983	7.63683	0	0	11.13711	0	0	0	0	0	0	7.96375	0	7.72543	0	8.00004	9.08983	7.17764	4.8363	7.56185	0	0	6.25822	8.18111	5.20965	8.93074	8.56144	6.95186	10.92059	3.36498	0	0	7.772	8.90967	8.42236	9.54627	9.10471	6.05147	0	0	0	0	0	7.12359	0	9.55656	0	0	0	0	0	0	0	
0	0	0	0	0	0	0	0	0	0	0	0	0	9.09786	0	0	0	0	0	7.04616	0	0	0	0	0	3.16746	0	0	0	0	0	0	0	0	7.50346	0	0	6.74509	0	0	9.52125	0	1.65223	11.98412	0	0	0	0	0	0	4.54184	7.94607	0	0	9.48027	0	0	0	0	7.30067	5.44655	0	3.78297	9.40291	6.0002	5.85484	9.14257	3.74742	0	5.24606	7.02574	0	7.61582	6.49379	9.271	6.83086	5.31865	5.07777	7.07441	3.79577	0	8.274	6.47362	4.86141	2.68389	0	0	7.16296	4.9228	0	10.72776	0	0	7.06013	0	0	0	0	4.49224	0	
0	0	0	0	0	0	0	11.56619	0	0	0	0	0	0	0	0	0	0	0	0	0	0	3.32212	0	0	0	0	0	9.76531	0	0	0	0	0	10.4055	0	0	10.23126	0	0	0	5.25858	0	0	0	0	7.92544	0	0	0	0	0	9.9086	0	0	0	2.74832	9.5725	0	4.73649	7.73735	0	0	5.86512	0	6.37276	0	8.97904	6.78728	12.07521	10.01663	6.53083	9.35178	6.75476	7.65228	5.85624	10.1731	0	6.59867	6.25217	7.44194	6.81523	7.00346	0	7.58706	0	5.20965	5.07052	0	0	12.16534	8.78646	0	0	0	0	8.57277	0	0	0	
0	0	0	0	0	0	0	0	2.89327	0	0	0	0	0	0	0	0	0	0	0	0	0	0	0	0	0	0	0	0	0	0	0	0	0	0	0	0	4.73699	0	0	0	0	0	0	0	0	0	0	0	6.00983	0	5.56118	0	4.0041	0	0	4.85105	11.28219	0	0	2.80754	0	9.25894	11.99112	6.79648	6.62174	0	0	8.91181	7.92764	0	6.17299	5.23903	10.72251	7.77535	8.95829	0	3.95603	7.7657	7.67663	5.90007	10.70052	4.40229	0.5146	0	0	3.13102	0	0	0	0	0	6.91935	7.67626	7.5204	0	0	0	0	0	
0	0	0	0	0	0	0	9.77099	0	0	0	0	0	0	0	0	0	0	0	0	0	0	0	0	0	0	0	0	0	0	0	0	0	0	0	0	0	5.22513	0	7.5204	0	0	0	0	0	0	0	0	0	0	4.53963	0	0	9.39559	5.86488	0	0	8.56508	9.8448	11.10265	0	0	0	8.13547	10.07033	10.94847	0	0	8.26915	7.11367	8.64947	4.06003	5.71704	8.74435	4.31178	7.40204	6.91227	0	8.66646	7.64356	8.76508	9.82244	5.66064	10.48044	7.90033	0	0	4.99331	0	0	6.09371	0	0	0	0	11.11903	0	0	0	0	
0	0	0	0	0	0	0	0	0	0	0	0	0	0	0	0	0	0	0	0	0	0	0	0	0	11.52838	0	0	0	0	0	0	0	0	0	0	0	8.06629	0	0	0	0	0	0	5.32213	0	0	0	6.66858	0	0	0	0	0	0	1.44069	0	0	0	0	0	0	8.58823	0	0	7.99745	6.72775	7.31025	0.5146	6.9792	2.72747	0	11.41767	0	8.63008	6.28999	3.44077	7.46451	5.23889	6.40428	4.62112	0	6.43635	0	11.20023	6.68473	0	0	0	0	10.54738	0	0	0	0	0	0	1.19276	0	0	
0	0	0	0	0	0	0	0	0	0	0	0	9.09334	0	0	0	0	0	0	0	0	0	0	0	0	0	0	0	0	0	0	0	0	0	0	0	0	0	0	0	0	0	0	0	0	0	0	9.1091	0	0	0.89321	0	12.30203	0	0	0	0	0	0	4.76463	0	0	0	6.73106	4.54157	11.90312	8.91066	0	7.75605	0	0	8.57763	0	0	0	2.23487	7.98402	8.27388	6.56667	5.36657	0	6.08393	5.23886	3.62801	7.90278	3.66581	5.70614	0	8.24202	0	0	0	0	7.29088	0	0	0	0	0	0	
0	0	0	0	0	0	0	0	0	0	0	0	0	0	0	0	0	0	0	0	0	0	0	0	0	0	0	0	0	0	0	0	10.95907	0	0	0	0	0	0	0	2.89327	0	0	0	0	0	0	0	0	0	0	0	0	0	0	0	8.26207	0	0	0	12.97101	0	0	3.53691	0	7.6857	0	0	7.27261	0	0	0	8.40778	0	0	2.61908	0	0	6.40157	8.49319	8.1552	4.91394	9.20443	0	5.44077	0	0.89321	0	1.65223	1.19276	6.94883	5.48365	4.81812	0	0	0	0	0	0	0	
0	0	0	0	0	0	0	2.28394	0	0	0	0	0	0	0	0	0	0	0	0	0	0	0	0	0	0	0	4.99375	0	0	0	0	0	0	0	0	0	0	0	0	0	0	0	0	0	0	0	0	0	0	0	0	0	0	0	0	0	0	0	0	0	0	0	0	0	0	0	0	0	0	3.437	4.43282	7.68645	0.5146	0	8.30203	11.30586	0	10.0235	11.41632	0	5.88706	0	6.13829	2.97418	8.8172	0	8.70904	0	5.79276	0	10.76449	0	0	0	9.19602	0	0	0	0	
0	0	0	0	0	0	0	0	0	0	0	0	0	0	0	0	0	0	0	0	11.02019	0	0	0	0	0	0	0	0	0	7.74744	0	0	0	0	0	0	0	0	0	0	0	0	0	0	0	0	0	0	0	0	0	0	0	0	0	0	0	0	11.37664	0	0	0	0	6.67465	7.6306	5.78156	7.50841	0	0	0	0	0	0	0	1.44069	6.57133	3.60222	0	0	3.62549	0	0	0	5.2289	6.9544	7.3374	5.23264	6.61281	0	10.23126	6.41685	6.3426	10.6602	0	6.65023	0	0	0	0	
0	0	0	0	0	0	0	0	0	0	0	0	0	0	0	0	0	0	0	0	0	0	0	0	0	0	0	0	0	0	0	0	0	0	0	0	0	0	0	0	0	0	0	0	0	0	0	0	5.80387	0	0	0	0	0	0	0	0	0	0	0	0	0	0	0	0	0	0	0	0	7.17584	10.31956	10.46358	6.3366	0	9.08767	6.0289	0	8.95565	0	0	0	7.44788	9.22199	0	4.40032	0	0.89321	0	0	5.35452	0	2.96757	3.0969	0	3.12357	0	0	0	0	0	
0	0	0	0	0	0	0	0	0	0	0	0	0	0	0	10.06347	0	0	0	0	0	0	0	0	0	0	0	0	0	0	0	0	0	0	7.40474	0	0	0	0	0	0	0	0	0	0	0	0	0	0	0	0	0	0	0	0	0	0	0	0	0	0	0	0	0	0	0	0	5.29088	0	0	0	0	0	8.67314	0	0	0	0.44661	0	0	0	2.80754	0	0	2.73951	0	6.46875	2.91292	7.32984	10.26611	8.8117	0	9.39834	0	0	0	0	0	0	0	
0	0	0	0	0	0	0	0	0	0	0	0	0	0	0	0	0	0	0	0	0	0	0	0	0	0	0	0	0	0	0	0	0	0	0	0	0	0	0	0	0	0	0	0	0	0	0	0	8.62226	0	0	0	0	0	0	0	0	0	0	13.74987	0	0	0	0	0	7.06594	0	0	0	0	0	7.78718	0	0	0	0	0	11.95139	0	7.64981	11.46439	0	0	10.05297	0	0	0	0	0	0	0	0	0	0	0	0	0	0	0	0	
0	0	0	0	0	0	0	0	0	0	0	0	0	0	0	0	0	0	0	3.65227	0	0	0	0	0	0	0	0	0	0	0	0	0	0	0	0	0	0	0	0	0	0	0	0	0	4.31178	0	0	0	0	0	0	0	0	0	2.8763	0	0	12.5682	0	0	0	0	0	11.03971	0	0	0	0	0	0	7.66757	0	3.44077	0	0	7.32984	0	0	0	2.73449	4.61426	5.5736	8.50332	0	0	0	7.84749	9.53688	0	4.31178	10.61636	11.07368	0	0	0	0	0	0	0	
0	0	0	0	0	0	0	0	0	0	0	0	0	0	0	0	0	0	0	0	0	0	0	0	0	0	0	0	0	0	0	0	0	0	0	0	0	0	0	0	0	0	0	0	0	0	0	0	0	0	0	0	0	0	0	0	0	0	0	0	0	0	0	0	0	0	0	0	0	0	0	0	0	0	0	0	0	0	0	0	0	0	0	0	0	0	1.65223	0	0	0	0	9.66605	0	0	0	0	0	0	0	0	
0	0	0	0	0	0	0	0	0	0	0	0	0	0	0	0	0	0	0	0	0	0	0	0	0	0	0	0	0	0	0	0	0	0	0	0	0	0	0	0	0	0	0	0	0	0	0	0	0	0	0	0	0	0	0	0	0	0	0	0	0	0	0	0	0	0	0	0	0	0	8.97641	0	0	0	0	0	0	0	0	8.92664	0	0	0	9.84413	0	0	0	0	0	0	7.85611	14.36885	0	0	0	0	0	0	0	0	
0	0	0	0	0	0	0	0	0	0	0	0	0	0	0	0	0	0	0	0	0	0	0	0	0	0	0	0	0	0	0	0	0	0	0	0	0	0	0	0	0	0	0	0	0	0	0	0	0	0	0	0	0	0	0	0	0	0	0	3.32212	0	0	0	0	0	0	0	0	0	0	6.75127	0	0	0	0	0	0	0	0	0	0	0	0	0	0	0	3.55038	0	0	0	0	0	0	0	0	0	0	0	0	0	
0	0	0	0	0	0	0	0	0	0	0	0	0	0	0	0	0	0	0	0	0	0	0	0	0	0	0	0	0	0	0	0	0	0	0	0	0	0	0	0	0	0	0	0	0	0	0	0	0	0	0	0	0	0	0	0	0	0	0	0	0	0	0	0	0	0	0	0	0	9.08083	4.2152	0	0	0	0	0	0	0	9.71322	0	0	0	0	0	0	0	0	0	7.66453	3.70063	0	0	0	0	0	0	0	0	0	0	
0	0	0	0	0	0	0	0	0	0	0	0	0	0	0	0	0	0	0	0	0	0	0	0	0	0	0	0	0	0	0	0	0	0	0	0	0	0	0	0	0	0	0	0	0	0	0	0	0	0	0	0	0	0	0	0	0	0	0	0	0	0	0	0	0	0	0	0	0	0	0	0	0	0	0	0	0	0	0	0	0	0	0	0	0	0	0.5146	0	0	0	0	0	0	0	0	0	0	0	0	0	
0	0	0	0	0	0	0	0	0	0	0	0	0	0	0	0	0	0	0	0	0	0	0	0	0	0	0	0	0	0	0	0	0	0	0	0	0	0	0	0	0	0	0	0	0	0	0	0	0	0	0	0	0	0	0	0	0	0	6.66858	0	0	0	0	0	0	0	0	0	0	0	0	0	0	0	0	6.16439	0	0	0	0	0	0	0	0	0	0	0	0	0	0	0	0	0	0	0	0	0	0	0	0	
0	0	0	0	0	0	0	0	0	0	0	0	0	0	0	0	0	0	0	0	0	0	0	0	0	0	0	0	0	0	0	0	6.91907	0	0	0	0	0	0	0	0	0	0	0	0	0	0	0	0	0	4.00019	0	0	0	0	0	0	0	0	0	0	0	3.32212	0	0	0	0	0	0	0	0	0	0	0	0	4.99375	0	0	0	0	0	0	0	0	0	0	0	0	0	0	0	0	0	0	0	0	0	0	0	0	
0	0	0	0	0	0	0	0	0	0	0	0	0	0	0	0	0	0	0	0	0	0	0	0	0	0	0	0	0	0	0	0	0	0	0	0	0	0	0	0	0	0	0	0	0	0	0	0	0	0	0	0	0	0	0	0	0	0	0	0	0	0	0	0	0	0	0	0	0	0	0	0	0	0	0	0	0	0	0	0	0	0	0	0	0	0	0	0	0	0	0	0	0	0	0	0	0	0	0	0	
0	0	0	0	0	0	0	0	0	0	0	0	0	0	0	0	0	0	0	0	0	0	0	0	0	0	0	0	0	0	0	0	0	0	0	0	0	0	0	0	0	0	0	0	0	0	0	0	0	0	0	0	0	0	0	0	0	0	0	0	0	0	0	0	0	0	0	0	0	0	0	0	0	0	0	0	0	0	0	0	0	0	0	0	0	0	0	0	0	0	0	0	0	0	0	0	0	0	0	0	
0	0	0	0	0	0	0	0	0	0	0	0	0	0	0	0	0	0	0	0	0	0	0	0	0	0	0	0	0	0	0	0	0	0	0	0	0	0	0	0	0	0	0	0	0	0	0	0	0	0	0	0	0	0	0	0	0	0	0	0	0	0	0	0	0	0	0	0	0	0	0	0	0	0	0	0	0	0	0	0	0	0	0	0	0	0	0	0	0	0	0	0	0	0	0	0	0	0	0	0	
0	0	0	0	0	0	0	0	0	0	0	0	0	0	0	0	0	0	0	0	0	0	0	0	0	0	0	0	0	0	0	0	0	0	0	0	0	0	0	0	0	0	0	0	0	0	0	0	0	0	0	0	0	0	0	0	0	0	0	0	0	0	0	0	0	0	0	0	0	0	0	0	0	0	0	0	0	0	0	0	0	0	0	0	0	0	0	0	0	0	0	0	0	0	0	0	0	0	0	0	
0	0	0	0	0	0	0	0	0	0	0	0	0	0	0	0	0	0	0	0	0	0	0	0	0	0	0	0	0	0	0	0	0	0	0	0	0	0	0	0	0	0	0	0	0	0	0	0	0	0	0	0	0	0	0	0	0	0	0	0	0	0	0	0	0	0	0	0	0	0	0	0	0	0	0	0	0	0	0	0	0	6.66858	0	0	0	0	0	0	0	0	0	0	0	0	0	0	0	0	0	0	
0	0	0	0	0	0	0	0	0	0	0	0	0	0	0	0	0	0	0	0	0	0	0	0	0	0	0	0	0	0	0	0	0	0	0	0	0	0	0	0	0	0	0	0	0	0	0	11.57412	0	0	0	0	0	0	0	0	0	0	0	0	0	0	0	0	0	0	0	0	0	0	0	0	0	0	8.71464	0	0	0	0	0	0	0	0	0	0	0	0	0	0	0	0	0	0	0	0	0	0	0	0	0	
