0	0	0	0	0	0	0	0	0	0	0	0	0	0	0	0	0	0	0	0	0	0	0	0	0	0	0	0	0	0	0	0	0	0	0	0	0	0	0	0	0	0	0	0	0	0	0	0	0	0	0	12.95124	0	0	0	0	0	0	0	0	0	0	0	0	0	0	0	0	0	0	0	0	0	0	0	0	0	0	0	0	0	0	0	0	0	0	0	0	0	0	0	0	0	0	0	0	0	0	0	0	
0	0	0	0	0	0	0	0	0	0	0	0	0	0	0	0	0	0	0	0	0	0	0	0	0	0	0	0	0	0	0	0	0	0	0	0	0	0	0	0	0	0	0	0	0	0	0	14.36199	0	0	0	0	0	0	0	0	0	0	0	0	0	0	0	9.74707	0	0	0	0	0	0	0	0	0	0	0	0	0	0	0	0	0	0	0	0	0	0	0	0	0	0	0	0	0	0	0	0	0	0	0	0	
0	0	0	0	0	0	0	0	0	0	0	0	0	0	0	0	0	0	0	0	0	0	0	0	0	0	0	0	0	0	0	0	0	0	0	0	0	0	0	0	0	0	0	0	0	0	0	0	0	0	0	0	0	0	9.51619	0	0	0	0	0	0	0	0	0	0	0	0	0	0	0	0	0	0	0	0	0	0	0	0	0	0	0	0	0	0	0	0	0	0	0	0	0	0	0	0	0	0	0	0	0	
0	0	0	0	0	0	0	0	0	0	0	0	0	0	0	0	0	0	0	0	0	0	0	0	0	0	0	0	0	0	0	0	0	0	0	0	0	0	0	0	0	0	0	0	0	0	13.62696	9.80033	0	0	0	0	0	0	0	0	0	0	0	0	0	0	0	0	0	0	0	0	0	0	0	0	0	0	0	0	0	0	0	0	0	0	0	0	0	0	0	0	0	0	0	0	0	0	0	0	0	0	0	0	
0	0	0	0	0	0	0	0	0	0	0	0	0	0	0	0	0	0	0	0	0	0	0	0	0	0	0	0	0	0	0	0	0	0	0	0	0	8.55725	0	0	0	0	0	12.35072	0	0	0	0	0	0	0	0	0	0	0	0	0	0	0	0	0	0	0	0	0	0	0	0	0	0	0	0	0	0	0	0	0	0	0	0	0	0	0	0	0	0	0	0	0	0	0	0	0	0	0	0	0	0	0	0	
0	0	0	0	0	0	0	0	0	0	0	0	0	0	0	0	0	0	0	0	0	0	0	0	0	0	0	0	0	0	0	0	0	0	0	0	0	0	0	0	0	0	0	0	0	0	0	0	0	0	0	0	0	0	0	0	0	0	0	0	0	0	0	0	0	0	0	0	0	0	0	0	9.65252	0	0	0	0	0	0	0	0	0	0	0	0	0	0	0	0	0	0	0	0	0	0	0	0	0	0	0	
0	0	0	0	0	0	0	0	0	0	0	0	0	0	0	0	0	0	0	0	0	0	0	0	0	0	0	0	0	0	0	0	0	0	0	0	0	0	0	0	0	0	0	0	0	0	0	0	0	0	0	0	0	0	0	0	0	0	0	0	0	0	0	0	0	0	0	0	0	0	0	0	0	0	11.31528	0	0	0	0	0	0	0	0	0	0	0	0	0	0	0	0	0	0	0	0	0	0	0	0	0	
0	0	0	0	0	0	0	0	0	0	0	0	0	0	0	0	0	0	0	0	0	0	0	0	0	0	0	0	0	0	0	0	0	0	0	0	0	0	0	0	0	0	0	0	0	0	0	0	0	0	0	8.13317	0	0	0	13.11123	0	0	9.65935	0	0	0	0	0	0	0	0	0	0	0	0	0	0	0	0	0	0	0	0	0	0	0	0	0	0	0	0	0	0	0	0	0	0	0	0	0	0	0	0	0	
0	0	0	0	0	0	0	0	0	0	0	0	0	0	0	0	0	0	0	0	0	0	0	0	0	0	0	0	0.42996	0	0	0	0	0	0	0	0	0	0	0	0	0	0	0	0	0	0	0	0	0	0	0	0	0	0	0	0	0	0	0	0	0	0	0	0	0	0	8.11687	0	0	0	0	0	0	0	0	0	0	0	0	0	0	0	0	0	0	0	0	0	0	0	0	0	0	0	0	0	0	0	0	
0	0	0	0	0	0	0	0	0	0	0	0	0	0	0	0	0	0	0	0	0	0	0	0	0	0	0	0	0	0	0	0	0	0	0	0	0	0	0	0	0	0	0	0	0	0	0	0	0	0	0	0	0	0	0	8.92296	0	0	0	0	0	0	0	0	0	0	0	0	0	0	0	0	0	0	0	0	0	0	0	0	0	0	0	0	0	0	0	0	0	0	0	0	0	0	0	0	0	0	0	0	
0	0	0	0	0	0	0	0	0	0	0	0	0	0	0	0	0	0	0	0	0	0	0	0	0	0	0	0	0	0	0	0	0	0	0	0	0	0	0	0	0	0	0	0	0	0	0	0	0	0	0	0	0	0	0	0	0	0	0	0	0	0	0	0	0	0	0	10.05413	0	0	0	0	0	0	0	0	0	0	0	0	0	0	0	0	0	0	0	0	0	0	0	0	0	0	0	0	0	0	0	0	
0	0	0	0	0	0	0	0	0	0	0	0	0	0	0	0	0	0	0	0	0	0	0	0	0	0	0	0	0	0	0	0	0	0	0	0	0	0	0	0	0	0	0	0	0	0	0	0	0	0	0	0	1.77846	0	0	0	1.29547	0	0	0	0	0	0	0	0	0	0	0	0	0	0	6.51767	0	0	0	0	0	0	0	0	0	0	0	0	0	0	0	0	0	0	0	0	0	0	0	0	0	0	0	0	
0	0	0	0	0	0	0	0	0	0	0	0	0	0	0	0	0	0	0	0	0	0	0	0	0	0	0	0	0	0	0	0	0	0	0	0	0	0	0	0	0	0	0	0	0	0	0	0	8.88001	0	0	0	13.33564	0	0	0	0	0	0	0	0	0	0	0	0	0	0	4.47123	0	0	0	0	0	0	0	0	0	0	0	0	0	0	0	0	0	0	0	0	0	0	0	0	0	0	0	0	0	0	0	0	
0	0	0	0	0	0	0	0	0	0	0	0	0	0	0	0	0	0	0	0	0	0	0	0	0	0	0	0	0	0	12.70357	0	0	0	0	0	0	0	0	0.42996	0	0	0	0	0	0	0	9.5271	0	0	0	0	0	0	0	0	0	4.42533	3.6787	0	7.93328	0	0	5.18653	0	0	0	0	0	0	0	0	0	0	0	0	0	0	0	0	0	0	0	0	0	0	0	0	0	0	0	0	0	0	0	0	0	0	0	0	
0	0	0	0	0	0	0	0	0	0	0	0	0	0	0	0	0	0	0	0	0	0	0	0	0	0	0	0	0	0	0	0	0	0	0	0	0	0	0	0	0	0	0	0	0	0	0	0	0	0	0	0	0	0	5.34789	0	0	0	0	0	0	0	0	0	0	0	0	0	0	0	0	0	0	0	0.76077	0	0	0	0	0	0	0	0	0	0	0	0	0	0	0	0	0	0	0	0	0	0	0	0	0	
0	0	0	0	0	0	0	0	0	0	0	0	0	0	0	0	0	0	0	0	0	0	0	0	0	0	0	0	0	0	0	0	0	0	0	0	0	0	0	0	0	0	12.47893	0	0	0	0	0	0	0	0	0	9.39568	0	0	0	0	0	0	13.75691	0	0	0	0	0	0	0	0	0	0	0	7.28412	0	0	0	0	0	0	0	0	0	0	0	0	0	0	0	0	0	0	0	0	0	0	0	0	0	0	0	0	
0	0	0	0	0	0	0	0	0	0	0	0	0	0	0	0	0	0	0	0	0	0	0	0	0	0	0	0	0	0	0	0	0	0	0	0	0	0	0	0	0	0	0	5.66076	0	0	0	9.97784	0	0	0	9.08591	0	0	0	0	0	0	4.95659	0	0	0	0	0	0	0	0	0	0	0	0	0	0	0	0	0	0	0	0	0	0	0	0	0	0	0	0	0	0	0	0	0	0	0	0	0	0	0	0	0	
0	0	0	0	0	0	0	0	0	0	0	0	0	0	0	0	0	0	0	0	0	0	0	0	0	0	0	0	0	0	0	0	0	0	0	0	0	0	0	0	0	0	6.92876	0	0	0	0	0	0	0	0	0	0	0	0	7.89785	0	0	0	0	0	0	0	0	0	0	1.77846	0	11.25424	0	0	0	0	0	0	0	0	0	0	0	0	0	0	0	0	0	0	0	0	0	0	0	0	0	0	0	0	0	0	0	
0	0	0	0	0	0	0	0	0	0	0	0	0	0	0	0	0	0	0	0	0	0	0	0	0	0	0	0	0	0	0	0	0	0	0	0	0	0	0	0	13.1118	0	0	0	0	0	0	0	0	0	0	0	0	0	0	0	0	0	0	0	0	0	0	0	0	0	0	0	0	0	0	0	0	0	0	0	0	0	0	0	0	0	0	0	0	0	0	0	0	0	0	0	0	0	0	0	0	0	0	0	
0	0	0	0	0	0	0	0	0	0	0	0	0	0	0	0	0	0	0	0	0	0	0	0	0	0	0	0	0	0	0	0	0	0	0	0	0	0	0	0	0	0	0	0	0	0	0	9.84292	0	0	9.15365	0	0	0	0	0	0	0	0	0	0	0	0	0	0	0	0	0	0	0	0	0	0	0	0	0	9.76446	0	0	0	0	0	0	0	0	0	0	0	0	0	0	0	0	0	0	0	0	0	0	0	
0	0	0	0	0	0	0	0	0	0	0	0	0	0	0	0	0	0	0	0	0	0	0	0	0	0	0	0	0	0	0	0	0	0	0	0	0	0	0	0	0	0	0	0	0	0	0	8.96366	0	0	10.156	9.91526	0	0	0	0	5.86431	0	13.20126	0	8.77872	0	0	0	0	11.18965	0	0	0	0	0	0	0	0	0	0	0	0	0	0	0	0	0	0	0	0	0	0	0	0	0	0	0	0	0	0	0	0	0	0	
0	0	0	0	0	0	0	0	0	0	0	0	0	0	0	0	0	0	0	0	0	0	0	0	0	0	0	0	0	0	0	0	0	0	0	0	0	0	0	0	0	8.27302	0	0	0	0	0	0	0	0	0	0	0	0	0	0	0	0	0	0	0	0	0	0	0	0	0	0	1.91755	0	0	0	0	0	0	0	0	0	0	0	0	0	0	0	0	0	0	0	0	0	0	0	0	0	0	0	0	0	0	0	
0	0	0	0	0	0	0	0	0	0	0	0	0	0	0	0	0	0	0	0	0	0	0	0	0	0	0	0	0	0	0	1.02977	0.42996	0	0	0	0	0	0	0	0	0	0	0	0	0	0	9.42002	0	0	0	0	0	0	0	0	0	0	0	0	0	0	0	7.05468	0	0	0	0.42996	0	0	0	0	0	0	0	0	0	0	0	0	0	0	0	0	0	0	0	0	0	0	0	0	0	0	0	0	0	0	0	0	
0	0	0	0	0	0	0	0	0	0	0	0	0	0	0	0	0	0	0	0	0	0	0	0	0	0	0	0	0	0	0	14.0447	0	0	0.42996	0	0	0	0	0	0	0	0	0	0	0	0	0	0	0	0	0	0	0	0	0	0	0	0	0	0	0	0	0	0	0	0	0	0	0	0	0	0	0	0	0	0	0	0	0	0	0	0	0	0	0	0	0	0	0	0	0	0	0	0	0	0	0	0	0	
0	0	0	0	0	0	0	0	0	0	0	0	0	0	0	0	0	0	0	0	0	0	0	0	0	0	0	0	0	0	0	0	0	0	0	0	0	0	0	0	0	0	0	10.54401	0	0	0	0	0	17.19566	0	0	0	0	9.58499	0	0	0	0	0	0	0	0	0	0	0	0	0	0	0	0	0	0	0	0	0	0	0	0	4.85414	0	0	0	0	0	0	0	0	0	0	0	0	0	0	0	0	0	0	0	0	
0	0	0	0	0	0	0	0	0	0	0	0	0	0	0	0	0	0	0	0	0	0	0	0	0	0	0	0	0	0	0	0	5.8823	0	0	0	0	0	0	0	0	0	0	0	0	0	0	2.78718	0	0	5.64829	8.24845	0	0	0	0	0	0	7.45087	0	0	0	0	0	0	0	0	0	0	0	3.32593	0	0	0	0	0	0	0	0	0	0	0	0	0	0	5.4647	0	0	0	0	0	0	0	0	0	0	0	0	0	0	
0	0	0	0	0	0	0	0	0	0	0	0	0	0	0	0	0	0	0	0	0	0	0	0	0	0	0	0	0	0	0	0	0	0	0	0	0	0	0	9.95416	0	0	0	0	16.44183	0	4.14296	0	0	0	0	0	0	0	0	0	0	0	0	0	0	0	0	0	0	0	0	0	0	1.25635	0	0	0	0	0	0	0	0	0	0	0	0	0	0	0	0	0	0	0	0	0	0	0	0	0	0	0	0	0	0	
0	0	0	0	0	0	0	0	0	0	0	0	0	0	0	0	0	0	0	0	0	0	0	0	0	0	0	0	0	0	0	0	0	0	0	8.78781	0	0	0	0	0	0	0	0	0	0	0	8.40005	0	0	0	0	0	8.34586	0	0	0	0	0	0	7.38646	0	0	0	0	0	0	0	0	0	0	0	0	0	0	0	0	0	0	0	0	0	0	0	0	0	0	0	0	0	0	0	0	0	0	0	0	0	0	0	
0	0	0	0	0	0	0	0	0	0	0	0	0	0	0	0	0	0	0	0	0	0	0	0	0	0	0	0	0	0	0	0	0	0	0	0	0	0	0	0	0	14.01693	0	0	0	0	0	0	0	0	0	0	0.42996	0	0	0	0	0	0	0	0	0	0	0	0	0	0	10.69034	0	0	0	4.75711	0	0	0	0	0	0	0	0	0	0	0	0	0	0	0	0	0	0	0	0	0	0	0	0	0	0	0	0	
0	0	0	0	0	0	0	0	0	0	0	0	0	0	0	0	0	0	0	0	0	0	0	0	0	0	0	0	0	0	0	0	0	0	0	0	0	0	0	0	6.59225	0	0	0	8.95157	0	0	5.10095	0	0	5.27974	11.29568	0	0	0	10.71349	0	0	5.15875	0	10.30993	0	0	0	0	0	0	0	1.45212	0	0	0	0	0	0	0	0	0	0	0	0	0	0	0	0	0	0	0	0	0	0	0	0	0	0	4.82937	0	0	0	0	
0	0	0	0	0	0	0	0	0	0	0	0	0	0	0	0	0	0	0	0	0	0	0	0	0	0	0	0	0	0	0	0	0	0	0	0	0	0	0	0	0	0	0	0	11.33809	0	0	0	0	1.25635	0	0	5.73019	0	0	0	0	7.92077	0	0	0	6.65324	0	0	0	0	0	0	0	0	0	0	0	0	0	0	0	0	0	0	0	0	0	0	0	0	0	0	0	0	0	0	0	0	0	0	0	0	0	0	
0	0	0	0	0	0	0	0	0	0	0	0	0	0	0	0	0	0	0	0	0	0	0	0	0	0	0	0	0	0	0	0	0	0	0	0	0	0	0	0	0	0	0	12.48182	0	0	10.64913	0	0	0	9.15945	0	0	0	0	0	0	0	0	4.55884	0	0	0	0	6.85279	0	0	4.17104	0	0	0	0	7.92077	0	0	0	10.38303	0	0	0	0	0	0	0	0	0	0	0	0	0	0	0	0	0	0	0	0	0	0	0	
0	0	0	0	0	0	0	0	0	0	0	0	0	0	0	0	0	0	0	0	0	0	0	0	0	0	0	0	0	0	0	0	0	0	0	0	0	0	0	0	0	0	0	0	3.49541	0	0	9.90013	0	0	0	7.53168	0.42996	0	0	11.22921	0	0	4.17104	0	0	0	0	0	0	0	0	13.94655	0	0	0	0	0	11.27844	0	0	0	0	0	0	0	0	0	0	0	0	0	0	0	0	0	0	0	0	0	0	0	0	0	0	
0	0	0	0	0	0	0	0	0	0	0	0	0	0	0	0	0	0	0	0	0	0	0	0	0	0	0	0	0	0	0	0	0	0	0	0	0	12.10737	0	0	0	0	0	0	0	0	0	0	4.40183	0	0	4.34405	0	0	13.60775	0	7.94333	0	0	9.61405	0	1.02977	0	0	0	0	0	0	0	0	0	0	0	0	6.95332	2.26885	0	0	0	0	0	0	0	0	0	0	0	0	0	0	0	0	0	0	0	0	0	0	0	0	
0	0	0	0	0	0	0	0	0	0	0	0	0	0	0	0	0	0	0	0	0	0	0	0	0	0	0	0	0	0	0	0	0	0	0	0	0	0	0	0	0	0	15.3127	0	0	10.11548	0	13.64532	0	0	8.41039	0	12.32908	0	9.86027	0	0	0	0	0	0	0	0	8.14791	0	0	0	2.6342	0	0	12.82679	0	0	0	0	0	0	0	1.25635	0	0	0	0	0	0	0	0	0	0	0	0	0	0	0	0	0	0	0	0	0	
0	0	0	0	0	0	0	0	0	0	0	0	0	0	0	0	0	0	0	0	0	0	0	0	0	0	0	0	0	0	0	0	0	0	0	0	0	0	0	0	0	0	0	0	0	0	0	9.08485	8.16895	0	0	7.77972	0	0	0	0	0	0	0	0	0	0	0	0	1.02977	0	0	0	0	0	0	0	0	0	0	0	0	0	0	0	0	0	0	0	0	0	0	0	0	0	7.0992	0	0	0	0	0	0	0	0	0	
0	0	0	0	0	0	0	0	0	0	0	0	0	0	0	0	0	0	0	0	0	0	0	0	0	0	0	0	0	0	0	0	0	0	0	0	0	0	0	0	0	0	0	0	0	0	0	12.33015	0	0	0	0	10.10551	1.25635	0	0	0	0	8.30758	6.65324	0	0	0	0	0	0	0	0	0	0	0	0	0	0	0	0	0	0	0	0	0	0	0	0	0	0	0	0	0	0	0	0	0	0	0	0	0	0	7.93721	0	
0	0	0	0	0	0	0	0	0	0	0	0	0	0	0	0	0	0	0	0	0	0	0	0	0	0	0	0	0	0	0	0	0	0	0	0	0	0	0	0	0	0	8.16721	0	0	0	0	0	0	8.24105	0	8.43376	0	4.91488	0	0	0	0	0	0	0	0	0	0	12.63592	0	0	0	0	0	0	0	0	0	0	0	15.56986	0	0	0	0	0	0	0	0	0	0	0	0	0	0	0	0	0	0	0	0	0	0	0	
0	0	0	0	0	0	0	0	0	0	0	0	11.49836	0	0	0	0	0	0	0	0	0	0	0	0	0	0	0	0	0	9.31068	0	0	0	0	0	0	0	0	0	0	0	12.56213	0	0	0	0	2.04439	0	0	13.18376	0	0	5.89919	3.51307	0	8.57621	0	0	0	0	0	0	7.38046	11.40039	11.65289	0	0	0	0	0	0	0	0	0	0	0	0	0	0	0	0	0	0	0	0	0	0	0	0	0	0	0	0	0	0	0	0	0	0	
0	0	0	0	0	0	0	0	0	0	0	0	0	0	0	0	0	0	0	0	0	0	0	0	0	0	0	0	0	0	0	0	0	0	0	0	0	0	0	0	0	0	0	0	0	10.03745	10.58959	0	2.46307	13.50045	0.42996	7.84773	11.44013	0	8.69295	9.94593	0	0	0	0	10.59478	0	0	0	0	0	0	0	0	6.87947	0	0	0	0	0	0	2.68752	0	0	0	0	0	0	0	0	0	0	0	0	0	0	0	0	0	0	0	0	0	0	0	
0	0	0	0	0	0	0	0	0	0	0	0	0	0	0	8.7229	0	0	0	0	0	0	0	0	0	0	0	0	0	0	0	0	0	0	0	6.65821	12.23391	0	0	0	0	0	0	0	0	11.82995	7.63845	8.72172	5.08687	10.6344	0	0	4.62124	0	9.03606	0	0	0	0	7.75442	0	7.29373	0	5.76745	0	9.33337	0	0	11.81599	0	9.98216	0	0	0	0	11.39742	0	0	0	4.98884	0	0	0	0	0	0	0	0	0	0	10.47916	0	0	0	0	0	0	0	0	0	
0	0	0	0	0	0	0	0	0	0	0	0	0	0	0	0	0	0	0	0	0	0	0	0	0	0	11.96977	0	0	0	0	6.59225	0	0	6.40986	0	0	0	0	0	11.30827	0	0	0	0	0	0	0	8.02616	2.57153	2.6342	10.63974	9.32793	0	8.34719	0	15.86558	0	6.58783	0	0	7.74761	0	0	0	8.49474	0	0	0	0	0	0	0	8.4596	0	0	0	0	0	0	0	0	0	0	0	0	0	0	0	0	0	0	0	0	0	0	4.42533	0	0	0	
0	0	0	0	0	0	0	0	0	0	0	0	0	0	0	0	0	0	0	10.89096	0	0	0	0	0	0	0	0	0	0	0	0	0	0	0	0	0	0	0	0	0	0	0	13.38037	0	0	14.87662	12.66452	11.42082	0	8.87682	8.70229	11.91984	0	0	0	14.80731	0	0	8.80961	6.0947	0	0	11.22336	0	6.18046	0	4.82937	0	0	0	0	0	0	0	0	0	0	0	0	0	0	0	0	0	0	0	0	0	0	8.2382	0	0	0	0	0	0	0	0	0	
0	0	0	0	0	0	0	0	0	0	0	0	9.41489	0	0	0	0	0	0	8.58752	0	0	0	0	0	0	0	0	0	0	0	0	0	7.05775	0	0	0	0	0	0	0	13.83024	15.22803	0	9.75872	0	0	4.30842	8.18969	0	0.42996	9.57524	7.9526	7.77716	10.06334	6.96129	6.38874	5.23423	7.53758	0	0	0	0	0	3.32593	0	0	0	0	0	0	0	0	0	0	0	0	0	8.24026	0	0	0	0	0	0	0	0	0	0	0	0	0	0	0	0	0	0	0	0	0	
0	0	0	0	0	0	0	0	0	0	0	0	0	0	0	0	0	0	0	0	0	0	0	16.07491	0	0	0	0	0	0	0	0	0	0	0	0	0	0	10.50076	0	0	0	9.06346	8.75456	2.85798	0	9.7498	6.65772	0	8.60034	8.04546	7.06655	0	0	0	0	0	5.05104	15.99602	9.39196	10.31741	0	0	0	6.83095	0	0	0	0	0	0	0	0	0	0	0	0	0	0	0	0	0	0	0	0	0	0	0	0	0	0	0	0	0	0	0	0	0	0	0	
0	0	8.13014	0	0	0	0	0	0	0	0	0	0	0	0	0	0	0	0	0	0	0	0	0	0	0	0	0	0	0	0	0	0	0	0	0	0	0	0	0	10.72071	0	0	0	0	9.67659	0	8.35323	10.55071	11.64694	0	6.7495	9.33415	8.49764	0.76077	7.36535	0	0	3.11085	0.42996	9.14003	0	7.11374	10.58959	0	0	0	0	0	0	0	7.11123	0	0	0	0	0.42996	0	0	0	0	0	0	0	0	0	0	0	0	0	0	0	0	0	0	0	0	0	0	0	
0	0	0	0	0	0	0	0	0	0	0	8.79008	0	0	0	0	0	0	0	0	0	0	0	0	0	0	0	0	0	0	0	0	5.33042	0	0	0	0	9.67257	12.28557	8.98853	8.74175	3.7173	0	0	12.24233	8.72836	11.3269	9.22085	10.62083	0	11.16696	0	3.84277	6.42202	0	11.39227	5.17416	11.68354	0	0	0	0	0	0	0	0	0	8.34411	0	0	0	0	9.30989	0	0	1.45212	0	0	8.43376	0	0	0	0	0	0	0	0	0	0	0	0	0	0	0	0	7.95699	0	0	0	0	
0	0	0	0	0	0	0	0	0	0	0	0	0	0	0	0	0	0	0	0	0	0	0	0	0	0	0	0	0	0	0	0	0	0	7.70005	9.15255	0	0	0	4.44846	0	12.61187	0	11.29108	12.73134	9.0559	7.9834	7.34816	4.73785	11.11823	10.41249	10.79892	1.62448	9.39843	0	0	7.51164	0	0	5.53514	8.57575	0	7.1912	0	0	0	0	0	0	0	0	0	0	0	0	0	0	0	3.59826	0	0	0	0	0	0	0	0	10.00086	0	0	0	0	0	0	0	0	0	0	0	0	
0	0	0	0	0	0	0	0	9.6723	0	10.77768	0	0	0	0	0	0	0	0	0	0	0	0	0	0	0	7.20484	0	0	0	0	0	0	0	0	3.2751	0	9.56859	10.6366	0	7.9647	8.35639	0	5.59163	0.76077	12.79229	7.17194	8.0599	8.7989	8.60843	0	5.88586	1.02977	0	0	0	9.34306	4.22561	0	0	0	0	1.25635	0	0	0	13.40055	0	0	0	0	0	0	0	0	0	0	0	0	0	0	0	0	0	0	0	0	0	0	0	0	0	0	0	0	0	0	0	0	0	
0	0	0	0	0	0	0	0	0	0	0	11.55639	0	0	12.19683	0	0	0	0	0	0	0	0	0	0	0	0	0	0	0	0	11.46525	0	0	6.40396	0	11.02825	0	0	10.67932	1.45212	0	9.10447	8.9427	9.96269	7.25889	11.03319	8.59272	4.31049	8.49196	7.57552	10.39721	10.23551	11.27985	0	8.55725	9.77822	0	0	17.00611	11.52444	4.17537	0	9.47173	0	0	0	0	0	0	0	0	0	0	0	6.77837	0	0	0	0	0	0	0	6.42743	0	0	0	0	0	0	0	0	0	0	0	0	0	0	0	0	
0	0	0	0	0	0	0	0	0	0	0	0	11.32155	0	0	0	0	0	0	0	0	0	0	0	0	0	0	0	0	9.3641	0	0	7.43648	0	7.36535	0	13.35222	0	14.8022	9.87475	10.14239	12.4969	10.14396	7.80237	9.08815	3.77921	10.72692	10.19381	5.73959	10.22345	10.12524	11.89019	11.61682	9.41356	7.11516	7.98784	8.71335	0	0	9.22202	5.61226	0	0	0	0	0	0	0	0	0	0	0	0	9.36603	0	0	0	0	0	0	10.7354	0	0	0	0	0	0	0	0	0	0	0	0	0	0	0	0	0	0	0	
0	0	0	0	0	0	0	14.24797	0	0	0	9.23122	0	0	0	0	0	0	0	0	0	0	0	0	0	0	0	8.80247	0	0	2.55117	0	12.65725	0	0	0	3.6787	13.35724	8.64932	11.55442	9.39137	4.99749	0	10.88701	11.08051	8.78606	9.83474	9.00985	11.30005	9.92959	5.79097	9.27688	10.48298	9.82811	8.76472	6.67075	13.70113	4.75053	2.21561	7.89574	5.77449	13.22996	8.12297	0	8.23694	0	0	0	0	0	0	0	0	10.93461	0	0	0	0	0	0	0	0	0	0	0	0	0	0	0	0	0	0	0	0	0	0	0	0	0	0	
8.26164	0	0	0	0	0	0	0	7.5717	0	0	0	10.05837	0	0	0	0	0	0	0	0	0	0	0	10.65411	0	0	7.04333	0	0	0	0	14.96989	0	12.11721	8.0699	0	7.86169	10.86642	6.48108	5.5707	9.41579	5.45128	9.96661	11.15577	9.56636	8.18546	10.1095	5.4737	3.73597	8.55907	5.7297	6.78239	5.96946	11.71142	9.29671	8.07362	5.38676	0	9.44568	0	0.76077	0	4.75859	0	5.98868	0	0	0	0	0.76077	0	0	0	0	0	0	0	0	0	0	0	4.07502	0	0	5.21648	0	0	0	0	0	0	0	0	0	0	0	0	0	0	
0	0	0	10.95419	0	0	0	0	0	0	0	0	0	0	0	0	0	0	8.67836	0	0	11.84024	0	7.71444	11.3582	6.0199	0	0	10.18598	8.51543	11.02883	0	9.52913	0	0	1.02977	0	10.68282	10.03337	8.57311	7.90901	7.07802	8.57924	8.92524	9.29075	9.71318	8.10643	9.03102	9.03918	7.0582	10.41698	8.71618	10.12581	6.23881	6.84786	9.14126	0	3.37008	5.79708	8.71627	0	1.25635	10.87104	0	0	0	0	0	0	6.83535	0	0	8.43376	0	1.02977	10.48861	11.79838	5.02005	0	0.42996	0	0	0	0	0	0	0	0	0	0	0	0	0	0	0	0	0	0	0	0	
8.38664	0	0	0	12.73455	6.95668	0	0	0	0	0	0	0	0	0	0	0	10.06773	0	0	0	0	0	0	10.68365	0	7.62555	8.66561	0	10.49035	10.65584	0	0	0	11.02753	8.9546	5.56514	10.70789	12.06041	8.06875	6.39842	9.23482	8.96082	8.75701	9.21114	8.60327	9.53184	8.67586	9.15305	9.86065	5.79653	10.01331	11.83709	6.96662	9.07347	8.55964	7.97457	3.95152	2.96579	8.75975	11.28066	0	6.48739	10.58111	11.20777	11.34562	8.02948	0	0	0	0	0	0	0	5.59163	0	0	0	0	0	0	0	0	0	0	0	0	0	0	0	0	0	0	0	0	2.55117	0	0	0	0	
0	0	0	0	0	0	0	0	3.11085	0	9.43457	0	0	0	0	0	10.25933	14.3856	10.78933	5.22721	8.51679	9.08131	0	0	0	13.46531	0	10.13298	5.4521	9.91888	0	9.95617	10.96976	6.47501	9.18373	10.69708	7.00766	9.54383	9.29536	7.86538	8.88573	7.8695	4.40099	8.55636	10.01535	7.84768	7.74235	9.13048	8.48246	7.5259	6.07125	11.0351	7.19807	8.30206	4.06899	6.12504	5.88447	8.83025	0	11.2179	5.26091	8.20844	7.7368	0	8.80698	13.0583	0	0	0	0	0	8.80583	0	0	9.78675	0	0	0	10.30162	0	0	0	0	0	0	6.52856	0	0	0	0	0	0	0	0	0	11.30224	0	0	0	0	
0	10.64131	0	0	2.04439	8.70501	0	0	0	0	0	0	0	0	5.94056	11.98641	0	11.15602	9.1774	0	11.14102	0	3.32593	0	0	0	0	0	9.78309	10.16867	7.31248	0	8.32237	5.61304	9.80646	8.62732	9.2972	10.27299	8.69182	9.01069	8.81315	7.63889	8.12228	7.21027	8.36776	7.19083	7.80348	9.10641	7.74607	7.91181	7.03301	7.68491	7.79476	6.6488	8.85078	5.92144	2.92547	7.62084	6.54027	7.7683	0	9.17549	0	11.98777	10.31149	0.76077	5.25409	2.78718	0	0	0	0	0	0	0	6.94105	0	0	0	0	7.67685	0	0	0	0	0	0	0	0	0	0	0	0	0	0	0	0	0	0	0	
0	10.2462	8.68689	0	9.55096	0	0	0	0	0	7.91455	0	0	0	8.88426	7.46227	0	7.52345	0	0	6.82213	2.71273	7.66975	10.94941	8.92192	10.84322	0	6.03961	5.67243	5.73812	8.30505	11.49628	11.67076	10.49149	10.67632	5.5804	8.08685	7.93213	7.78285	6.98909	6.04296	7.73204	6.8649	7.13318	6.98172	6.79069	9.00416	7.64069	9.11787	8.0171	7.20121	9.40287	7.97858	7.3443	7.00466	6.65494	8.47987	4.5697	7.68646	9.32089	0	6.53273	9.9104	8.92069	3.45194	0	0.76077	0	0	0	0	7.7071	0	0.76077	8.92605	0	2.78718	0	3.22239	0	0	0	0	4.34769	0	2.49781	0	0	0	0	0	0	0	0	0	0	0	0	0	0	
0	0	0	0	0	0	0	0	9.58172	0	10.54602	12.39269	0	0	0	0	0	0	10.10778	0	7.70005	0	0	0	0	9.05502	10.05395	0	1.45212	8.76266	7.19606	6.56605	9.57188	9.14607	10.13506	8.67803	8.06361	9.80844	8.07564	8.91119	4.92543	7.4726	7.83388	8.0231	7.59896	7.64342	6.65746	7.4257	7.7857	7.56014	8.32131	8.43941	5.95828	7.18641	7.97028	9.83644	8.32331	8.41281	11.0817	9.51713	8.84425	6.56519	6.18046	9.62697	0	8.64467	0	9.71423	0	0	0	0	0	0	0	0	0	0	2.85798	0	0	0.76077	0	0	0	0	0	10.33405	6.05799	12.85459	0	0	0	0	0	0	0	0	0	0	
0	0	0	0	0	0	0	0	9.56595	9.9993	0	2.55117	0	11.44114	0	0	0	1.62448	10.06867	2.62769	0	0	7.89364	9.25903	7.84871	7.89364	2.6342	9.86224	6.96468	9.79483	0	6.89705	5.09084	3.9039	2.68345	8.60514	7.50334	5.87073	11.28384	5.63187	7.48013	8.56366	8.07134	7.73802	6.40937	7.83532	7.67792	7.08329	7.61274	9.01744	8.66477	6.68037	7.66146	6.45683	7.59208	8.86008	8.45623	7.48917	11.03972	7.63693	6.31797	8.45137	9.41062	11.26263	6.49404	11.64602	10.72093	0	0	0	0	0	0	6.72603	11.36892	0	0	0	13.29271	0	0	0	0	0	0	0	0	0	4.60074	0	0	0	0	0	0	0	0	0	0	0	
0	0	7.54239	5.70835	0	3.22239	0	0.76077	8.03785	0	0	0	0	0	0	0	0	7.39754	0	0	0	0	0	10.52917	0	10.63974	0	9.54282	6.71653	7.75541	0	7.7404	0	10.67418	5.7529	7.63101	6.54013	5.9668	3.98494	11.47121	7.88896	9.94044	7.59311	7.68439	6.46998	7.296	6.73058	8.58443	6.82252	7.75066	7.56836	7.79948	8.4404	7.90488	8.44206	6.14996	7.45359	9.45379	7.12387	6.36751	9.5063	7.36722	2.68365	11.46968	4.48582	0	0	8.74074	6.83095	1.91755	3.69023	0	9.28601	0	1.18462	0	7.49224	0	0	0	0	0	5.92357	0	0	0	0	0	0	0	0	0	0	0	0	0	0	0	0	0	
0	0	0	0	0	0	0	0	0	0	10.33652	8.54389	7.38631	0	10.65474	0	0	6.29334	0	5.8566	0	0	0	0	0	0	5.61226	4.62124	6.67643	0	8.21351	8.70986	5.83607	7.62268	4.49507	7.94281	8.10677	6.56217	7.20782	9.57285	8.19733	5.21044	5.82747	7.74121	7.22369	7.26936	5.42515	6.50519	7.48344	6.12073	5.80103	8.43633	8.85373	6.92249	7.51713	6.87464	6.74971	8.2512	9.24869	6.14871	10.42558	5.83929	5.61343	7.34759	0.42996	6.46424	9.73125	2.8556	0	0	4.0851	0	5.62574	1.58385	0	14.09432	0	0	0	0	0	0	0	0	0	0	0	0	6.75479	0	0	0	0	0	0	0	0	0	0	0	
0	0	0	0	0	0	0	0	0	10.44435	0	0	1.77846	0	0	0	0	0	0	0	0	0	0	10.52652	0	0	7.48175	0	0	4.35892	6.65177	0	0	5.47385	10.21282	6.37407	3.46851	0	0	8.14083	3.6534	9.32168	4.74359	5.00708	9.91281	8.07562	6.93451	6.9364	8.58444	4.06517	7.11084	8.5658	6.32988	6.83325	8.2663	7.3698	6.94359	7.77054	5.09337	5.36553	7.93503	5.35808	4.66184	10.08746	7.17584	4.6191	7.1565	8.70381	6.17846	0	0	9.53319	0	5.80377	0	1.45212	8.29551	0	0	0	0	0	0	0	11.60673	0	0	0	0	0	0	12.83463	0	0	0	0	9.09037	0	0	0	
0	0	0	0	0	0	0	0	0	0	0	9.74357	0	0	0	0	0	9.71005	12.87767	0	0	0	0	2.26885	0	0	0	9.19236	0	0	0	0	4.30089	6.61807	5.62809	0	4.31997	7.39585	2.44909	5.70284	7.54443	8.38439	8.41094	1.74642	0	7.03024	4.92168	4.50055	7.72712	7.13138	7.05368	10.72079	7.78801	4.15501	7.19193	4.68988	6.21244	7.00991	7.10159	8.3886	8.00519	5.73682	0	7.51897	9.93843	0	6.94535	8.01092	10.34694	7.56384	0	0	0	2.55117	0	9.50106	0	8.50994	0	0	0	6.62736	0	0	0	0	0	0	0	0	0	0	0	0	0	0	0	0	0	0	
0	0	0	0	5.33477	0	0	0	0	0	9.14005	0	8.06616	0	0	11.16652	0	0	6.18046	0	7.0295	6.05799	0	0	0	11.63284	8.18108	0	0	6.35803	0	8.68553	8.11396	0	0	8.50581	10.57784	1.45212	11.57966	9.38857	6.75746	8.66608	5.72989	5.72072	3.24504	6.71731	10.60607	5.22465	8.92597	8.84252	9.65377	6.57178	8.92108	6.70124	6.8693	7.21385	7.31849	7.05587	4.74181	8.30352	5.81943	6.57443	9.29667	4.30943	7.44052	0	7.73468	10.5276	0	0.76077	8.96708	9.76848	6.55241	10.94666	6.41332	0	5.03974	0	0	0	3.51307	0	0	0	0	3.11085	0	0	0	0	0	0	0	0	0	0	0	0	0	0	
0	0	0	0	0	0	0	0	0	0	0	3.11085	1.79913	0	0	9.57517	0	0	0	0.42996	1.45212	0	2.16098	0	0	0	0	0	0	3.30521	1.45212	4.3313	0	0	0	10.20223	0	0	0	2.16098	4.41874	6.20065	4.24154	4.94653	8.83031	3.67664	4.72749	5.6884	7.24387	6.92542	0	0	7.76166	9.32984	2.6342	5.93851	7.74991	7.23253	5.22603	6.37547	9.42	8.42802	8.0981	6.57062	5.25249	5.04689	2.16098	8.7317	6.95726	8.63102	0	8.00435	6.79848	10.71975	8.76726	0	4.77552	0	5.78573	0	0	0	0	0	0	0	0	0	0	0	0	0	0	0	0	0	0	0	0	0	
0	0	0	10.9859	0	0	0	0	0	0	0	0	0	0	0	0	1.62448	0	0	0	0	0	7.2549	0	0	0	6.87108	5.31506	9.14713	6.96129	0	0	1.02977	0	0	11.91475	0	1.02977	0	5.28382	6.04672	0	1.02977	0	5.38759	11.61282	7.76183	7.18432	5.28873	7.14921	5.70475	6.0338	7.43734	8.51832	7.82653	6.69887	7.17477	7.80181	6.75737	6.23669	7.86843	6.95607	8.89702	9.1782	6.7277	9.03416	6.49882	6.63823	8.48875	6.21945	5.02886	7.41529	5.54949	3.98324	7.51156	0	12.25364	5.24053	5.60168	7.18088	0	5.36729	1.62448	0	0	1.25635	0	0	0	0	0	0	0	0	0	0	0	8.36705	0	11.98221	
0	0	5.19095	0	0	0	0	0	0	0	0	0	0	0	0	0	0	0	0	0	4.57995	0	0	0	0	8.41627	0	9.07488	0	8.45818	0	9.43457	12.57236	0	8.48499	0	0	6.20779	5.51207	0	7.00485	0	0	9.43652	11.73056	7.96554	0.72606	2.56522	1.62448	6.66992	9.28915	8.63743	6.77896	8.50156	7.23746	8.28073	3.37504	6.29875	8.42042	4.1874	2.62536	4.01732	5.05068	2.12649	5.62964	4.50464	4.54016	0	7.9566	3.5812	4.63108	5.48509	4.85369	7.88581	0	0	6.01943	0	2.17679	2.78718	0	5.25496	0	0	0	0	0	0	4.78809	0	0	0	0	0	0	0	1.45212	0	0	0	
0	0	0	0	2.26885	0	0	0	0	0	0	0	10.03898	0	0	0	0	0	0	0	6.26757	1.62448	0	0	0	0	0	9.10671	0	0	0	0	8.11937	0	0	0	7.84218	0	3.2751	5.27974	0	0	4.19105	0	5.97282	0	1.40258	8.45247	3.46851	5.67136	9.44467	3.17315	10.39647	4.39347	8.24206	3.03114	0	5.04749	4.48815	3.1396	7.39308	4.76941	8.01171	6.97168	4.96208	8.04683	5.47729	4.69219	6.75999	6.42606	6.48389	0	0	8.19274	0	11.1983	5.41148	6.31352	0	0	0	0	0	0	10.88276	0.42996	0	0	0	0	0	0	0	0	0	0	10.616	0	0	0	
0	0	0	0	0	0	0	0	6.27405	0	0	0	0	0	0	0	8.46811	4.89195	7.14946	0	0	0	0	0	6.43911	0	0	0	0	0	0	0	0	0	6.03526	8.41186	0	7.74745	0	0	0	0	9.43674	12.62747	0	11.51701	10.11322	4.71958	0	5.21754	0	11.41092	8.61971	7.98369	0	5.89077	0	7.05703	0	5.62111	7.35443	1.02977	5.11001	7.21162	4.80563	7.0517	6.13137	7.09788	9.4682	7.60563	8.23287	2.54803	8.63679	7.76598	7.97257	4.44429	9.83379	4.42533	0	2.55117	8.67223	8.26653	11.04294	0	2.01411	9.05596	8.14437	7.81796	6.90388	0	9.06768	0	0	5.97428	0	0	0	0	0	0	
0	0	0	0	0	0	0	0	0	0	0	0	0	0	0	0	0	0	0	0	5.66706	0	0	0	0	0	0	0	0	6.10969	0	0	0	0	9.83691	0	0	0	0	0	9.25191	0	8.22024	8.29551	5.31093	0	0	0	8.57837	4.92304	8.24687	0	0	5.44368	5.8828	8.00635	0	0	7.64504	8.56329	8.90007	6.57333	2.27498	5.47761	6.2731	7.03495	1.07461	6.78602	7.52441	9.70919	8.59724	7.78044	4.56879	4.02324	5.13443	0	1.81952	0	7.43564	0	0	0	1.45212	0	0	0	6.75314	0	0	0	0	0	0	0	0	0	0	0	0	0	
0	0	0	0	6.78627	0	0	0	0	0	0	4.64145	0	1.77846	0	0	0	0	0	0	0	0	0	0	0	0	0	0	0	0	0	0	0	0	0	0	0	0	0	6.89942	0	0	7.01262	0	5.08526	0	1.0222	8.09576	0	0	3.92942	0	0	0	8.773	0	0	0	0	10.96801	7.41871	2.93795	6.49965	9.7685	5.26557	0	0.21498	5.69308	8.62246	7.83987	4.24296	7.49726	7.85546	5.56944	0	0	7.59394	6.83095	7.68972	4.73847	2.6342	5.1727	1.91755	0	0.42996	0	3.11085	11.63238	0	4.94123	0	0	0	0	1.77846	0	0	0	0	0	
0	0	0	0	0	0	0	0	0	0	0	0	0	0	0	0	0	4.99303	0	0	0	8.09026	8.64995	0	0	0	8.94853	0	0	0	0	0	0	12.29918	8.3103	0	0	0	0	0	0	0	0	0	0	0	0	0	0	0	1.77846	0	0	0	0	7.91217	11.1121	10.56683	2.04439	2.04439	0	5.1341	4.17692	0	6.60038	7.49875	6.23531	6.53998	5.86352	2.79436	7.89109	6.40957	6.51814	6.99239	8.19157	5.7875	7.55443	0	9.30673	4.56015	0	0	7.79232	0	7.61573	9.23672	0.76077	2.36924	0	10.28338	0	0	0	0	0	0	9.33572	0	0	0	
0	0	0	0	0	0	0	0	7.78794	0	0	9.42221	0	0	0	0	0	0	0	0	0	0	0	0	0	0	0	11.73806	0	0	0	0	0	0	0	0	0	0	0	10.34776	0	0	0	0	0	2.55117	0	2.85798	2.71273	0	0	11.06963	0	0	0	0	0	0	7.86621	0	7.63146	0	8.47494	9.53878	6.5272	4.0211	5.58615	0	0	6.46737	8.3281	1.02977	7.06138	7.59023	7.75105	10.97887	2.1391	0	0.76077	8.9828	8.46988	8.30634	9.1915	10.25552	5.78658	0	0	0	0	0	8.81587	0	9.39381	0	0	0	0	0	0	0	
0	0	0	0	0	0	0	0	0	0	0	0	0	5.48382	0	0	0	0	0	8.22024	0	0	0	0	0	2.64462	0	0	0	0	0	0	0	0	7.70246	0	0	6.19158	0	0	9.40384	0	2.78718	11.89624	3.99373	0	0	0	0	0	6.52313	6.85279	0	0	7.44225	0	0	0	0	7.69635	7.81324	0	3.57991	8.83135	5.98077	3.96912	8.85798	3.11085	0	5.32269	6.61891	0	6.75412	6.3898	9.27958	7.24776	3.4495	4.10647	7.2976	4.08716	0	7.91336	5.94056	3.7936	2.92957	0	0	4.70044	4.93602	0	4.40183	0	0	5.98868	0	0	0	0	5.77375	0	
0	0	0	0	0	0	0	11.71426	0	0	0	0	0	0	0	0	0	0	0	0	0	0	1.45212	0	0	0	0	0	7.34701	0	0	0	0	0	9.57173	0	0	10.53594	0	0	0	1.71127	0	0	0	0	4.26195	0	0	0	0	0	8.95359	0	0	0	3.17792	11.33189	0	5.11909	6.24096	0	0	4.59498	0	1.25635	0	7.59601	6.55372	10.2768	9.08041	5.88431	9.75579	6.50977	8.27464	6.83327	5.99898	0.42996	5.5032	6.18162	8.35047	5.32733	6.95944	0	7.66937	0	2.92547	3.36111	0	0	10.25196	7.1464	0	0	0	0	9.72475	0	0	0	
0	0	0	0	0	0	0	0	0	0	0	0	0	0	0	0	0	0	0	0	0	0	0	0	0	0	0	0	0	0	0	0	0	0	0	0	0	4.35137	0	0	0	0	0	0	0	0	0	0	0	9.49205	0	4.36808	0	4.95924	0	0	4.35363	8.0148	0	0	3.11085	0	10.24331	11.43391	3.22239	5.08389	0	0	9.29271	6.44003	0	2.78718	5.6265	10.14038	5.6806	9.02448	0	3.93944	6.47707	6.06546	2.26201	9.64941	5.34281	0.76077	0	0	4.26176	0	0	0	0	0	10.69943	8.86976	7.33154	0	0	0	0	0	
0	0	0	0	0	0	0	7.69523	0	0	0	0	0	0	0	0	0	0	0	0	0	0	0	0	0	0	0	0	0	0	0	0	0	0	0	0	0	4.42674	0	7.01262	0	0	0	0	0	0	0	0	0	0	4.38911	0	0	11.39891	7.52005	0	0	8.65794	8.27625	10.34194	0	1.25635	0	6.99144	9.77846	10.93589	0	0	7.76085	5.74058	8.50746	3.3669	5.11869	7.00859	9.2009	7.29708	6.62277	0	8.56925	9.44974	7.38731	9.26662	4.88725	8.01456	4.60898	0	0	1.71823	0	0	5.99655	0	0	0	0	8.57364	0	0	0	0	
0	0	0	0	0	0	0	0	0	0	0	0	0	0	0	0	0	0	0	0	0	0	0	0	0	9.12756	0	0	0	0	0	0	0	0	0	0	0	9.552	0	0	0	0	0	0	9.56727	0	0	0	4.70044	0	0	0	0	0	0	3.1677	0	0	0	0	0	0	8.14517	0	0	4.6722	5.96217	7.17394	0	6.28446	2.8556	0	10.48504	0	8.88213	6.75123	7.14239	6.58061	4.35317	6.76128	2.6646	0	9.90145	0	10.4483	6.80285	0	0	0	0	8.16895	0	0	0	0	0	0	1.02977	0	0	
0	0	0	0	0	0	0	0	0	0	0	0	6.57659	0	0	0	0	0	0	0	0	0	0	0	0	0	0	0	0	0	0	0	0	0	0	0	0	0	0	0	0	0	0	0	0	0	0	7.33465	0	0	1.25635	0	10.37664	0	0	0	0	0	0	4.12019	0	0	0	5.83426	9.17946	7.33154	9.03674	0	0	0	0	8.86074	0	0	0	1.6214	6.06214	8.63495	6.6689	4.59203	0	6.37964	4.82519	4.55292	7.7078	2.76937	7.30005	1.02977	7.25161	0	0	0	0	8.07733	0	0	0	0	0	0	
0	0	0	0	0	0	0	0	0	0	0	0	0	0	0	0	0	0	0	0	0	0	0	0	0	0	0	0	0	0	0	0	10.95343	0	0	0	0	0	0	0	0.42996	0	0	0	0	0	0	0	0	0	0	0	0	0	0	0	4.52001	0	0	0	9.32143	0	0	3.70452	0	5.94056	0	0	7.03633	0	0	0	8.83793	0	0	3.55629	0	0	6.25496	9.01188	7.81584	5.22721	9.7765	0	0.76077	0	0.76077	0	0	5.96482	6.65336	5.6559	4.33727	0	0	0	0	0	0	0	
0	0	0	0	0	0	0	1.3171	0	0	0	0	0	0	0	0	0	0	0	0	0	0	0	0	0	0	0	7.03189	0	0	0	0	0	0	0	0	0	0	0	0	0	0	0	0	0	0	0	0	0	0	0	0	0	0	0	0	0	0	0	0	0	0	0	0	0	0	0	0	0	0	4.40751	3.69652	8.74394	0	0	8.17763	11.40612	0	8.61796	8.91796	0	6.99092	0	7.38046	1.77846	10.01505	0	7.56108	0	5.10154	0	10.11638	0	0	0	8.45675	0	0	0	0	
0	0	0	0	0	0	0	0	0	0	0	0	0	0	0	0	0	0	0	0	10.86675	0	0	0	0	0	0	0	0	0	8.95056	0	0	0	0	0	0	0	0	0	0	0	0	0	0	0	0	0	0	0	0	0	0	0	0	0	0	0	0	11.61346	0	0	0	0	5.48382	8.20505	6.16658	8.66753	0	0	0	0	0	0	0	3.1677	7.52882	0.42996	0	0	3.77804	0	0	0	1.80468	8.80471	7.72724	4.11792	7.43069	0	11.27521	7.2384	6.89969	9.30593	0	7.448	0	0	0	0	
0	0	0	0	0	0	0	0	0	0	0	0	0	0	0	0	0	0	0	0	0	0	0	0	0	0	0	0	0	0	0	0	0	0	0	0	0	0	0	0	0	0	0	0	0	0	0	0	1.02977	0	0	0	0	0	0	0	0	0	0	0	0	0	0	0	0	0	0	0	0	7.79559	9.73478	11.44473	7.27539	0	10.61152	5.78573	0	8.58099	0	0	0	7.7521	6.43359	0	4.76219	0	1.62448	0	0	4.42526	0	1.61973	2.4657	0	2.36924	0	0	0	0	0	
0	0	0	0	0	0	0	0	0	0	0	0	0	0	0	8.57873	0	0	0	0	0	0	0	0	0	0	0	0	0	0	0	0	0	0	7.91039	0	0	0	0	0	0	0	0	0	0	0	0	0	0	0	0	0	0	0	0	0	0	0	0	0	0	0	0	0	0	0	0	5.13043	0	0	0	0	0	8.69416	0	0	0	0.21498	0	0	0	1.91755	0	0	0.21498	0	6.65242	3.27505	9.04462	10.05246	7.60805	0	10.65474	0	0	0	0	0	0	0	
0	0	0	0	0	0	0	0	0	0	0	0	0	0	0	0	0	0	0	0	0	0	0	0	0	0	0	0	0	0	0	0	0	0	0	0	0	0	0	0	0	0	0	0	0	0	0	0	8.67836	0	0	0	0	0	0	0	0	0	0	8.25509	0	0	0	0	0	7.57576	0	0	0	0	0	7.81129	0	0	0	0	0	12.05712	0	6.80847	10.70542	0	0	9.56264	0	0	0	0	0	0	0	0	0	0	0	0	0	0	0	0	
0	0	0	0	0	0	0	0	0	0	0	0	0	0	0	0	0	0	0	0	0	0	0	0	0	0	0	0	0	0	0	0	0	0	0	0	0	0	0	0	0	0	0	0	0	0	0	0	0	0	0	0	0	0	0	2.36766	0	0	8.93016	0	0	0	0	0	10.94151	0	0	0	0	0	0	3.46851	0	2.36924	0	0	6.01216	0	0	0	2.40582	5.68967	5.17175	7.25644	0	0	0	7.32218	8.0593	0	5.49497	7.55576	8.85318	0	0	0	0	0	0	0	
0	0	0	0	0	0	0	0	0	0	0	0	0	0	0	0	0	0	0	0	0	0	0	0	0	0	0	0	0	0	0	0	0	0	0	0	0	0	0	0	0	0	0	0	0	0	0	0	0	0	0	0	0	0	0	0	0	0	0	0	0	0	0	0	0	0	0	0	0	0	0	0	0	0	0	0	0	0	0	0	0	0	0	0	0	0	1.02977	0	0	0	0	8.85318	0	0	0	0	0	0	0	0	
0	0	0	0	0	0	0	0	0	0	0	0	0	0	0	0	0	0	0	0	0	0	0	0	0	0	0	0	0	0	0	0	0	0	0	0	0	0	0	0	0	0	0	0	0	0	0	0	0	0	0	0	0	0	0	0	0	0	0	0	0	0	0	0	0	0	0	0	0	0	9.41546	0	0	0	0	0	0	0	0	8.96821	0	0	0	8.67713	0	0	0	0	0	0	6.748	11.82513	0	0	0	0	0	0	0	0	
0	0	0	0	0	0	0	0	0	0	0	0	0	0	0	0	0	0	0	0	0	0	0	0	0	0	0	0	0	0	0	0	0	0	0	0	0	0	0	0	0	0	0	0	0	0	0	0	0	0	0	0	0	0	0	0	0	0	0	4.14296	0	0	0	0	0	0	0	0	0	0	10.70781	0	0	0	0	0	0	0	0	0	0	0	0	0	0	0	0	0	0	0	0	0	0	0	0	0	0	0	0	0	
0	0	0	0	0	0	0	0	0	0	0	0	0	0	0	0	0	0	0	0	0	0	0	0	0	0	0	0	0	0	0	0	0	0	0	0	0	0	0	0	0	0	0	0	0	0	0	0	0	0	0	0	0	0	0	0	0	0	0	0	0	0	0	0	0	0	0	0	0	9.97471	4.94772	0	0	0	0	0	0	0	9.86726	0	0	0	0	0	0	0	0	0	5.47258	1.02977	0	0	0	0	0	0	0	0	0	0	
0	0	0	0	0	0	0	0	0	0	0	0	0	0	0	0	0	0	0	0	0	0	0	0	0	0	0	0	0	0	0	0	0	0	0	0	0	0	0	0	0	0	0	0	0	0	0	0	0	0	0	0	0	0	0	0	0	0	0	0	0	0	0	0	0	0	0	0	0	0	0	0	0	0	0	0	0	0	0	0	0	0	0	0	0	0	0.42996	0	0	0	0	0	0	0	0	0	0	0	0	0	
0	0	0	0	0	0	0	0	0	0	0	0	0	0	0	0	0	0	0	0	0	0	0	0	0	0	0	0	0	0	0	0	0	0	0	0	0	0	0	0	0	0	0	0	0	0	0	0	0	0	0	0	0	0	0	0	0	0	8.75224	0	0	0	0	0	0	0	0	0	0	0	0	0	0	0	0	7.11012	0	0	0	0	0	0	0	0	0	0	0	0	0	0	0	0	0	0	0	0	0	0	0	0	
0	0	0	0	0	0	0	0	0	0	0	0	0	0	0	0	0	0	0	0	0	0	0	0	0	0	0	0	0	0	0	0	7.62083	0	0	0	0	0	0	0	0	0	0	0	0	0	0	0	0	0	7.38046	0	0	0	0	0	0	0	0	0	0	0	0	0	0	0	0	0	0	0	0	0	0	0	0	0.42996	0	0	0	0	0	0	0	0	0	0	0	0	0	0	0	0	0	0	0	0	0	0	0	0	
0	0	0	0	0	0	0	0	0	0	0	0	0	0	0	0	0	0	0	0	0	0	0	0	0	0	0	0	0	0	0	0	0	0	0	0	0	0	0	0	0	0	0	0	0	0	0	0	0	0	0	0	0	0	0	0	0	0	0	0	0	0	0	0	0	0	0	0	0	0	0	0	0	0	0	0	0	0	0	0	0	0	0	0	0	0	0	0	0	0	0	0	0	0	0	0	0	0	0	0	
0	0	0	0	0	0	0	0	0	0	0	0	0	0	0	0	0	0	0	0	0	0	0	0	0	0	0	0	0	0	0	0	0	0	0	0	0	0	0	0	0	0	0	0	0	0	0	0	0	0	0	0	0	0	0	0	0	0	0	0	0	0	0	0	0	0	0	0	0	0	0	0	0	0	0	0	0	0	0	0	0	0	0	0	0	0	0	0	0	0	0	0	0	0	0	0	0	0	0	0	
0	0	0	0	0	0	0	0	0	0	0	0	0	0	0	0	0	0	0	0	0	0	0	0	0	0	0	0	0	0	0	0	0	0	0	0	0	0	0	0	0	0	0	0	0	0	0	0	0	0	0	0	0	0	0	0	0	0	0	0	0	0	0	0	0	0	0	0	0	0	0	0	0	0	0	0	0	0	0	0	0	0	0	0	0	0	0	0	0	0	0	0	0	0	0	0	0	0	0	0	
0	0	0	0	0	0	0	0	0	0	0	0	0	0	0	0	0	0	0	0	0	0	0	0	0	0	0	0	0	0	0	0	0	0	0	0	0	0	0	0	0	0	0	0	0	0	0	0	0	0	0	0	0	0	0	0	0	0	0	0	0	0	0	0	0	0	0	0	0	0	0	0	0	0	0	0	0	0	0	0	0	0	0	0	0	0	0	0	0	0	0	0	0	0	0	0	0	0	0	0	
0	0	0	0	0	0	0	0	0	0	0	0	0	0	0	0	0	0	0	0	0	0	0	0	0	0	0	0	0	0	0	0	0	0	0	0	0	0	0	0	0	0	0	0	0	0	0	0	0	0	0	0	0	0	0	0	0	0	0	0	0	0	0	0	0	0	0	0	0	0	0	0	0	0	0	0	0	0	0	0	0	5.71119	0	0	0	0	0	0	0	0	0	0	0	0	0	0	0	0	0	0	
0	0	0	0	0	0	0	0	0	0	0	0	0	0	0	0	0	0	0	0	0	0	0	0	0	0	0	0	0	0	0	0	0	0	0	0	0	0	0	0	0	0	0	0	0	0	0	10.67449	0	0	0	0	0	0	0	0	0	0	0	0	0	0	0	0	0	0	0	0	0	0	0	0	0	0	8.11592	0	0	0	0	0	0	0	0	0	0	0	0	0	0	0	0	0	0	0	0	0	0	0	0	0	
