0	0	0	0	0	0	0	0	0	0	0	0	0	0	0	0	0	0	0	0	0	0	0	0	0	0	0	0	0	0	0	0	0	0	0	0	0	0	0	0	0	0	0	0	0	0	0	0	0	0	0	11.11907	0	0	0	0	0	0	0	0	0	0	0	0	0	0	0	0	0	0	0	0	0	0	0	0	0	0	0	0	0	0	0	0	0	0	0	0	0	0	0	0	0	0	0	0	0	0	0	0	
0	0	0	0	0	0	0	0	0	0	0	0	0	0	0	0	0	0	0	0	0	0	0	0	0	0	0	0	0	0	0	0	0	0	0	0	0	0	0	0	0	0	0	0	0	0	0	12.82855	0	0	0	0	0	0	0	0	0	0	0	0	0	0	0	8.72922	0	0	0	0	0	0	0	0	0	0	0	0	0	0	0	0	0	0	0	0	0	0	0	0	0	0	0	0	0	0	0	0	0	0	0	0	
0	0	0	0	0	0	0	0	0	0	0	0	0	0	0	0	0	0	0	0	0	0	0	0	0	0	0	0	0	0	0	0	0	0	0	0	0	0	0	0	0	0	0	0	0	0	0	0	0	0	0	0	0	0	8.15196	0	0	0	0	0	0	0	0	0	0	0	0	0	0	0	0	0	0	0	0	0	0	0	0	0	0	0	0	0	0	0	0	0	0	0	0	0	0	0	0	0	0	0	0	0	
0	0	0	0	0	0	0	0	0	0	0	0	0	0	0	0	0	0	0	0	0	0	0	0	0	0	0	0	0	0	0	0	0	0	0	0	0	0	0	0	0	0	0	0	0	0	11.27675	10.548	0	0	0	0	0	0	0	0	0	0	0	0	0	0	0	0	0	0	0	0	0	0	0	0	0	0	0	0	0	0	0	0	0	0	0	0	0	0	0	0	0	0	0	0	0	0	0	0	0	0	0	0	
0	0	0	0	0	0	0	0	0	0	0	0	0	0	0	0	0	0	0	0	0	0	0	0	0	0	0	0	0	0	0	0	0	0	0	0	0	9.29486	0	0	0	0	0	12.82902	0	0	0	0	0	0	0	0	0	0	0	0	0	0	0	0	0	0	0	0	0	0	0	0	0	0	0	0	0	0	0	0	0	0	0	0	0	0	0	0	0	0	0	0	0	0	0	0	0	0	0	0	0	0	0	0	
0	0	0	0	0	0	0	0	0	0	0	0	0	0	0	0	0	0	0	0	0	0	0	0	0	0	0	0	0	0	0	0	0	0	0	0	0	0	0	0	0	0	0	0	0	0	0	0	0	0	0	0	0	0	0	0	0	0	0	0	0	0	0	0	0	0	0	0	0	0	0	0	9.25358	0	0	0	0	0	0	0	0	0	0	0	0	0	0	0	0	0	0	0	0	0	0	0	0	0	0	0	
0	0	0	0	0	0	0	0	0	0	0	0	0	0	0	0	0	0	0	0	0	0	0	0	0	0	0	0	0	0	0	0	0	0	0	0	0	0	0	0	0	0	0	0	0	0	0	0	0	0	0	0	0	0	0	0	0	0	0	0	0	0	0	0	0	0	0	0	0	0	0	0	0	0	9.53426	0	0	0	0	0	0	0	0	0	0	0	0	0	0	0	0	0	0	0	0	0	0	0	0	0	
0	0	0	0	0	0	0	0	0	0	0	0	0	0	0	0	0	0	0	0	0	0	0	0	0	0	0	0	0	0	0	0	0	0	0	0	0	0	0	0	0	0	0	0	0	0	0	0	0	0	0	9.75855	0	0	0	15.38893	0	0	13.21366	0	0	0	0	0	0	0	0	0	0	0	0	0	0	0	0	0	0	0	0	0	0	0	0	0	0	0	0	0	0	0	0	0	0	0	0	0	0	0	0	0	
0	0	0	0	0	0	0	0	0	0	0	0	0	0	0	0	0	0	0	0	0	0	0	0	0	0	0	0	0	0	0	0	0	0	0	0	0	0	0	0	0	0	0	0	0	0	0	0	0	0	0	0	0	0	0	0	0	0	0	0	0	0	0	0	0	0	0	11.60103	0	0	0	0	0	0	0	0	0	0	0	0	0	0	0	0	0	0	0	0	0	0	0	0	0	0	0	0	0	0	0	0	
0	0	0	0	0	0	0	0	0	0	0	0	0	0	0	0	0	0	0	0	0	0	0	0	0	0	0	0	0	0	0	0	0	0	0	0	0	0	0	0	0	0	0	0	0	0	0	0	0	0	0	0	0	0	0	5.60969	0	0	0	0	0	0	0	0	0	0	0	0	0	0	0	0	0	0	0	0	0	0	0	0	0	0	0	0	0	0	0	0	0	0	0	0	0	0	0	0	0	0	0	0	
0	0	0	0	0	0	0	0	0	0	0	0	0	0	0	0	0	0	0	0	0	0	0	0	0	0	0	0	0	0	0	0	0	0	0	0	0	0	0	0	0	0	0	0	0	0	0	0	0	0	0	0	0	0	0	0	0	0	0	0	0	0	0	0	0	0	0	13.23038	0	0	0	0	0	0	0	0	0	0	0	0	0	0	0	0	0	0	0	0	0	0	0	0	0	0	0	0	0	0	0	0	
0	0	0	0	0	0	0	0	0	0	0	0	0	0	0	0	0	0	0	0	0	0	0	0	0	0	0	0	0	0	0	0	0	0	0	0	0	0	0	0	0	0	0	0	0	0	0	0	0	0	0	0	5.00004	0	0	0	9.49822	0	0	0	0	0	0	0	0	0	0	0	0	0	0	10.50718	0	0	0	0	0	0	0	0	0	0	0	0	0	0	0	0	0	0	0	0	0	0	0	0	0	0	0	0	
0	0	0	0	0	0	0	0	0	0	0	0	0	0	0	0	0	0	0	0	0	0	0	0	0	0	0	0	0	0	0	0	0	0	0	0	0	0	0	0	0	0	0	0	0	0	0	0	8.46567	0	0	0	11.20765	0	0	0	0	0	0	0	0	0	0	0	0	0	0	2.44061	0	0	0	0	0	0	0	0	0	0	0	0	0	0	0	0	0	0	0	0	0	0	0	0	0	0	0	0	0	0	0	0	
0	0	0	0	0	0	0	0	0	0	0	0	0	0	0	0	0	0	0	0	0	0	0	0	0	0	0	0	0	0	11.35445	0	0	0	0	0	0	0	0	1.87074	0	0	0	0	0	0	0	8.09235	0	0	0	0	0	0	0	0	0	3.16538	0.9151	0	10.84472	0	0	12.52021	0	0	0	0	0	0	0	0	0	0	0	0	0	0	0	0	0	0	0	0	0	0	0	0	0	0	0	0	0	0	0	0	0	0	0	0	
0	0	0	0	0	0	0	0	0	0	0	0	0	0	0	0	0	0	0	0	0	0	0	0	0	0	0	0	0	0	0	0	0	0	0	0	0	0	0	0	0	0	0	0	0	0	0	0	0	0	0	0	0	0	5.13033	0	0	0	0	0	0	0	0	0	0	0	0	0	0	0	0	0	0	0	0	0	0	0	0	0	0	0	0	0	0	0	0	0	0	0	0	0	0	0	0	0	0	0	0	0	
0	0	0	0	0	0	0	0	0	0	0	0	0	0	0	0	0	0	0	0	0	0	0	0	0	0	0	0	0	0	0	0	0	0	0	0	0	0	0	0	0	0	10.95625	0	0	0	0	0	0	0	0	0	9.20461	0	0	0	0	0	0	7.63956	0	0	0	0	0	0	0	0	0	0	0	8.11557	0	0	0	0	0	0	0	0	0	0	0	0	0	0	0	0	0	0	0	0	0	0	0	0	0	0	0	0	
0	0	0	0	0	0	0	0	0	0	0	0	0	0	0	0	0	0	0	0	0	0	0	0	0	0	0	0	0	0	0	0	0	0	0	0	0	0	0	0	0	0	0	9.47133	0	0	0	10.31601	0	0	0	9.9732	0	0	0	0	0	0	11.9026	0	0	0	0	0	0	0	0	0	0	0	0	0	0	0	0	0	0	0	0	0	0	0	0	0	0	0	0	0	0	0	0	0	0	0	0	0	0	0	0	0	
0	0	0	0	0	0	0	0	0	0	0	0	0	0	0	0	0	0	0	0	0	0	0	0	0	0	0	0	0	0	0	0	0	0	0	0	0	0	0	0	0	0	10.02233	0	0	0	0	0	0	0	0	0	0	0	0	8.04958	0	0	0	0	0	0	0	0	0	0	0.9151	0	0	0	0	0	0	0	0	0	0	0	0	0	0	0	0	0	0	0	0	0	0	0	0	0	0	0	0	0	0	0	0	0	
0	0	0	0	0	0	0	0	0	0	0	0	0	0	0	0	0	0	0	0	0	0	0	0	0	0	0	0	0	0	0	0	0	0	0	0	0	0	0	0	13.91756	0	0	0	0	0	0	0	0	0	0	0	0	0	0	0	0	0	0	0	0	0	0	0	0	0	0	0	0	0	0	0	0	0	0	0	0	0	0	0	0	0	0	0	0	0	0	0	0	0	0	0	0	0	0	0	0	0	0	0	
0	0	0	0	0	0	0	0	0	0	0	0	0	0	0	0	0	0	0	0	0	0	0	0	0	0	0	0	0	0	0	0	0	0	0	0	0	0	0	0	0	0	0	0	0	0	0	7.54694	0	0	7.39988	0	0	0	0	0	0	0	0	0	0	0	0	0	0	0	0	0	0	0	0	0	0	0	0	0	7.63314	0	0	0	0	0	0	0	0	0	0	0	0	0	0	0	0	0	0	0	0	0	0	0	
0	0	0	0	0	0	0	0	0	0	0	0	0	0	0	0	0	0	0	0	0	0	0	0	0	0	0	0	0	0	0	0	0	0	0	0	0	0	0	0	0	0	0	0	0	0	0	11.39345	0	0	9.60324	10.59076	0	0	0	0	10.80016	0	9.33498	0	7.48409	0	0	0	0	12.74459	0	0	0	0	0	0	0	0	0	0	0	0	0	0	0	0	0	0	0	0	0	0	0	0	0	0	0	0	0	0	0	0	0	0	
0	0	0	0	0	0	0	0	0	0	0	0	0	0	0	0	0	0	0	0	0	0	0	0	0	0	0	0	0	0	0	0	0	0	0	0	0	0	0	0	0	8.36849	0	0	0	0	0	0	0	0	0	0	0	0	0	0	0	0	0	0	0	0	0	0	0	0	0	0	16.17988	0	0	0	0	0	0	0	0	0	0	0	0	0	0	0	0	0	0	0	0	0	0	0	0	0	0	0	0	0	0	0	
0	0	0	0	0	0	0	0	0	0	0	0	0	0	0	0	0	0	0	0	0	0	0	0	0	0	0	0	0	0	0	4.15616	16.35295	0	0	0	0	0	0	0	0	0	0	0	0	0	0	10.71835	0	0	0	0	0	0	0	0	0	0	0	0	0	0	0	0	0	0	0	1.47067	0	0	0	0	0	0	0	0	0	0	0	0	0	0	0	0	0	0	0	0	0	0	0	0	0	0	0	0	0	0	0	0	
0	0	0	0	0	0	0	0	0	0	0	0	0	0	0	0	0	0	0	0	0	0	0	0	0	0	0	0	0	0	0	7.31784	0	0	11.21412	0	0	0	0	0	0	0	0	0	0	0	0	0	0	0	0	0	0	0	0	0	0	0	0	0	0	0	0	0	0	0	0	0	0	0	0	0	0	0	0	0	0	0	0	0	0	0	0	0	0	0	0	0	0	0	0	0	0	0	0	0	0	0	0	0	
0	0	0	0	0	0	0	0	0	0	0	0	0	0	0	0	0	0	0	0	0	0	0	0	0	0	0	0	0	0	0	0	0	0	0	0	0	0	0	0	0	0	0	10.25345	0	0	0	0	0	17.65721	0	0	0	0	11.1058	0	0	0	0	0	0	0	0	0	0	0	0	0	0	0	0	0	0	0	0	0	0	0	0	12.66998	0	0	0	0	0	0	0	0	0	0	0	0	0	0	0	0	0	0	0	0	
0	0	0	0	0	0	0	0	0	0	0	0	0	0	0	0	0	0	0	0	0	0	0	0	0	0	0	0	0	0	0	0	9.64853	0	0	0	0	0	0	0	0	0	0	0	0	0	0	0	0	0	4.27488	13.11403	0	0	0	0	0	0	9.39695	0	0	0	0	0	0	0	0	0	0	0	0.9151	0	0	0	0	0	0	0	0	0	0	0	0	0	0	7.77941	0	0	0	0	0	0	0	0	0	0	0	0	0	0	
0	0	0	0	0	0	0	0	0	0	0	0	0	0	0	0	0	0	0	0	0	0	0	0	0	0	0	0	0	0	0	0	0	0	0	0	0	0	0	10.51768	0	0	0	0	15.12155	0	9.58838	0	0	0	0	0	0	0	0	0	0	0	0	0	0	0	0	0	0	0	0	0	0	1.47067	0	0	0	0	0	0	0	0	0	0	0	0	0	0	0	0	0	0	0	0	0	0	0	0	0	0	0	0	0	0	
0	0	0	0	0	0	0	0	0	0	0	0	0	0	0	0	0	0	0	0	0	0	0	0	0	0	0	0	0	0	0	0	0	0	0	8.34116	0	0	0	0	0	0	0	0	0	0	0	8.5601	0	0	0	0	0	7.28166	0	0	0	0	0	0	9.58672	0	0	0	0	0	0	0	0	0	0	0	0	0	0	0	0	0	0	0	0	0	0	0	0	0	0	0	0	0	0	0	0	0	9.7544	0	0	0	0	0	
0	0	0	0	0	0	0	0	0	0	0	0	0	0	0	0	0	0	0	0	0	0	0	0	0	0	0	0	0	0	0	0	0	0	0	0	0	0	0	0	0	12.37741	0	0	0	0	0	0	0	0	0	0	1.87074	0	0	0	0	0	0	0	0	0	0	0	0	0	0	14.69821	0	0	0	9.81524	0	0	0	0	0	0	0	0	0	0	0	0	0	0	0	0	0	0	0	0	0	0	0	0	0	0	0	0	
0	0	0	0	0	0	0	0	0	0	0	0	0	0	0	0	0	0	0	0	0	0	0	0	0	0	0	0	0	0	0	0	0	0	0	0	0	0	0	0	5.58328	0	0	0	10.22063	0	0	5.19857	0	0	20.81731	7.29361	0	0	0	9.9774	0	0	6.20223	0	16.32793	0	0	0	0	0	0	0	8.78243	0	0	0	0	0	0	0	0	0	0	0	0	0	0	0	0	0	0	0	0	0	0	0	0	0	0	0	0	0	0	0	
0	0	0	0	0	0	0	0	0	0	0	0	0	0	0	0	0	0	0	0	0	0	0	0	0	0	0	0	0	0	0	0	0	0	0	0	0	0	0	0	0	0	0	0	12.31031	0	0	0	0	0.9151	0	0	4.47624	0	0	0	0	6.42678	0	0	0	5.68614	0	0	0	0	0	0	0	0	0	0	0	0	0	0	0	0	0	0	0	0	0	0	0	0	0	0	0	0	0	0	0	0	0	0	0	0	0	0	
0	0	0	0	0	0	0	0	0	0	0	0	0	0	0	0	0	0	0	0	0	0	0	0	0	0	0	0	0	0	0	0	0	0	0	0	0	0	0	0	0	0	0	11.25495	0	0	13.83112	0	0	0	8.83374	0	0	0	0	0	0	0	0	11.01856	0	0	0	0	7.73862	0	0	0	0	0	0	0	10.05993	0	0	0	13.97273	0	0	0	0	0	0	0	0	0	0	0	0	0	0	0	0	0	0	0	0	0	0	0	
0	0	0	0	0	0	0	0	0	0	0	0	0	0	0	0	0	0	0	0	0	0	0	0	0	0	0	0	0	0	0	0	0	0	0	0	0	0	0	0	0	0	0	0	1.47067	11.03814	0	9.93103	13.18787	0	0	9.30206	2.44061	0	0	9.78224	0	0	0	0	0	0	0	0	0	0	18.12287	14.52697	0	0	0	0	0	10.48328	0	0	0	0	0	0	0	0	0	0	0	0	0	0	0	0	0	0	0	0	0	0	0	0	0	0	
0	0	0	0	0	0	0	0	0	0	0	0	0	0	0	0	0	0	0	0	0	0	0	0	0	0	0	0	0	0	0	0	0	0	0	0	0	11.46164	0	0	0	0	0	0	0	0	0	0	8.08295	0	0	4.8922	0	0	4.47624	0	7.81437	0	0	11.95363	0	4.78514	0	0	0	0	0	0	0	0	0	0	0	0	6.89203	1.47067	0	0	0	0	0	0	0	0	0	0	0	0	0	0	0	0	0	0	0	0	0	0	0	0	
0	0	0	0	0	0	0	0	0	0	0	0	0	0	0	0	0	0	0	0	0	0	0	0	0	0	0	0	0	0	0	0	0	0	0	0	0	0	0	0	0	0	15.33133	0	0	10.74838	0	13.36148	0	0	5.44346	0	15.34312	0	8.44748	0	0	0	0	0	0	0	0	9.56495	0	0	0	2.18365	0	0	17.74053	0	0	0	0	0	0	0	0	0	0	0	0	0	0	0	0	0	0	0	0	0	0	0	0	0	0	0	0	0	
0	0	0	0	0	0	0	0	0	0	0	0	0	0	0	0	0	0	0	0	0	0	0	0	0	0	0	0	0	0	0	0	0	0	0	0	0	0	0	0	0	0	0	0	0	0	0	9.68158	10.85364	0	0	13.5306	0	0	0	0	0	0	0	0	0	0	0	0	17.00967	0	0	0	0	0	0	0	0	0	0	0	0	0	0	0	0	0	0	0	0	0	0	0	0	0	4.47624	0	0	0	0	0	0	0	0	0	
0	0	0	0	0	0	0	0	0	0	0	0	0	0	0	0	0	0	0	0	0	0	0	0	0	0	0	0	0	0	0	0	0	0	0	0	0	0	0	0	0	0	0	0	0	0	0	8.60346	0	0	0	0	9.16286	22.60471	0	0	0	0	9.60585	9.12446	0	0	0	0	0	0	0	0	0	0	0	0	0	0	0	0	0	0	0	0	0	0	0	0	0	0	0	0	0	0	0	0	0	0	0	0	0	0	9.4399	0	
0	0	0	0	0	0	0	0	0	0	0	0	0	0	0	0	0	0	0	0	0	0	0	0	0	0	0	0	0	0	0	0	0	0	0	0	0	0	0	0	0	0	8.75607	0	0	0	0	0	0	8.31988	0	7.62669	0	7.34953	0	0	0	0	0	0	0	0	0	0	12.28083	0	0	0	0	0	0	0	0	0	0	0	18.81077	0	0	0	0	0	0	0	0	0	0	0	0	0	0	0	0	0	0	0	0	0	0	0	
0	0	0	0	0	0	0	0	0	0	0	0	9.89659	0	0	0	0	0	0	0	0	0	0	0	0	0	0	0	0	0	7.35734	0	0	0	0	0	0	0	0	0	0	0	8.36023	0	0	0	0	3.53964	0	0	9.36436	0	0	17.15844	17.53926	0	7.98457	0	0	0	0	0	0	7.34167	4.73803	8.57358	0	0	0	0	0	0	0	0	0	0	0	0	0	0	0	0	0	0	0	0	0	0	0	0	0	0	0	0	0	0	0	0	0	0	
0	0	0	0	0	0	0	0	0	0	0	0	0	0	0	0	0	0	0	0	0	0	0	0	0	0	0	0	0	0	0	0	0	0	0	0	0	0	0	0	0	0	0	0	0	11.74166	12.39721	0	1.47067	8.73823	4.29282	9.33963	8.1309	0	4.53254	5.77733	0	0	0	0	10.44254	0	0	0	0	0	0	0	0	6.07866	0	0	0	0	0	0	9.83848	0	0	0	0	0	0	0	0	0	0	0	0	0	0	0	0	0	0	0	0	0	0	0	
0	0	0	0	0	0	0	0	0	0	0	0	0	0	0	7.60059	0	0	0	0	0	0	0	0	0	0	0	0	0	0	0	0	0	0	0	6.14921	11.87008	0	0	0	0	0	0	0	0	12.58965	7.53847	10.28657	5.25554	9.58173	0	0	12.72679	0	8.86423	0	0	0	0	5.07777	0	8.44014	0	5.78215	0	10.49661	0	0	10.97542	0	7.20977	0	0	0	0	12.94796	0	15.36354	0	7.99247	0	0	0	0	0	0	0	0	0	0	7.5807	0	0	0	0	0	0	0	0	0	
0	0	0	0	0	0	0	0	0	0	0	0	0	0	0	0	0	0	0	0	0	0	0	0	0	0	11.73114	0	0	0	0	4.87498	0	0	5.52897	0	0	0	0	0	11.67686	0	0	0	0	0	0	0	10.00815	9.38744	1.47067	9.36242	7.80868	0	8.93382	0	7.38053	0	1.47524	0	18.48267	9.54798	0	0	0	8.64235	0	0	0	0	0	0	0	5.66111	0	0	0	0	0	0	0	0	0	0	0	0	0	0	0	0	0	0	0	0	0	0	12.03231	0	0	0	
0	0	0	0	0	0	0	0	0	0	0	0	0	0	0	0	0	0	0	7.60059	0	0	0	0	0	0	0	0	0	0	0	0	0	0	0	0	0	0	0	0	0	0	0	13.9822	0	0	17.22917	13.73064	9.17175	0	11.01733	8.17161	11.58614	0	0	0	13.40487	0	0	5.18602	7.415	0	0	11.82817	0	10.02356	0	7.02589	0	0	0	0	0	0	0	0	0	0	0	0	0	0	0	0	0	0	0	0	0	0	6.3529	0	0	0	0	0	0	0	0	0	
0	0	0	0	0	0	0	0	0	0	0	0	7.73862	0	0	0	0	0	0	9.2826	0	0	0	0	0	0	0	0	0	0	0	0	0	14.05988	0	0	0	0	0	0	0	8.37235	11.68493	0	8.83597	0	0	3.95736	9.73654	0	2.84804	8.40016	8.26592	2.6546	9.5687	18.17146	4.43094	13.35891	8.34847	0	0	0	0	0	15.07174	0	0	0	0	0	0	0	0	0	0	0	0	0	14.27134	0	0	0	0	0	0	0	0	0	0	0	0	0	0	0	0	0	0	0	0	0	
0	0	0	0	0	0	0	0	0	0	0	0	0	0	0	0	0	0	0	0	0	0	0	13.95931	0	0	0	0	0	0	0	0	0	0	0	0	0	0	9.66279	0	0	0	6.37722	8.81401	19.30037	0	10.72983	5.67331	0	6.50024	9.57839	5.02269	0	0	0	0	0	10.65157	14.25809	9.41391	7.97027	0	0	0	6.7334	0	0	0	0	0	0	0	0	0	0	0	0	0	0	0	0	0	0	0	0	0	0	0	0	0	0	0	0	0	0	0	0	0	0	0	
0	0	6.38152	0	0	0	0	0	0	0	0	0	0	0	0	0	0	0	0	0	0	0	0	0	0	0	0	0	0	0	0	0	0	0	0	0	0	0	0	0	8.88008	0	0	0	0	9.82795	0	4.5839	11.92006	11.9487	0	7.6137	9.49407	7.443	0	8.98515	0	0	19.03326	0	10.16489	0	7.02589	9.87634	0	0	0	0	0	0	0	5.9089	0	0	0	0	0	0	0	0	0	0	0	0	0	0	0	0	0	0	0	0	0	0	0	0	0	0	0	0	
0	0	0	0	0	0	0	0	0	0	0	8.82532	0	0	0	0	0	0	0	0	0	0	0	0	0	0	0	0	0	0	0	0	7.03566	0	0	0	0	7.57289	10.65392	4.35659	6.54097	5.71075	0	0	10.53688	6.65524	11.79175	10.55747	11.21506	0	12.44612	0	1.71267	7.57326	0	10.13037	9.37798	8.48338	0	0	0	0	0	0	0	0	0	6.90315	0	0	0	0	13.71647	0	0	0	0	0	9.80956	0	0	0	0	0	0	0	0	0	0	0	0	0	0	0	0	5.37538	0	0	0	0	
0	0	0	0	0	0	0	0	0	0	0	0	0	0	0	0	0	0	0	0	0	0	0	0	0	0	0	0	0	0	0	0	0	0	8.03504	11.44166	0	0	0	3.42534	0	12.06995	0	10.90265	15.42069	7.98232	6.5509	7.33116	8.01886	11.24412	11.27556	10.81089	0	9.87299	0	0	6.13098	0	0	9.93921	8.13842	0	15.95376	0	0	0	0	0	0	0	0	0	0	0	0	0	0	0	2.18365	0	0	0	0	0	0	0	0	12.72886	0	0	0	0	0	0	0	0	0	0	0	0	
0	0	0	0	0	0	0	0	9.19156	0	8.17425	0	0	0	0	0	0	0	0	0	0	0	0	0	0	0	10.11857	0	0	0	0	0	0	0	0	18.90827	0	9.87498	10.75357	0	7.90567	9.42696	0	4.29282	0	11.35238	5.50458	8.58183	6.04277	8.04982	0	5.46777	11.29212	0	0	0	7.36303	4.63894	0	0	0	0	0.9151	0	0	0	17.26789	0	0	0	0	0	0	0	0	0	0	0	0	0	0	0	0	0	0	0	0	0	0	0	0	0	0	0	0	0	0	0	0	0	
0	0	0	0	0	0	0	0	0	0	0	10.74466	0	0	16.99683	0	0	0	0	0	0	0	0	0	0	0	0	0	0	0	0	10.47702	0	0	9.13131	0	12.19649	0	0	10.41289	1.47067	0	10.14111	9.3312	10.52157	7.74173	10.75409	9.34274	1.82277	9.69578	12.25875	8.8906	9.72105	7.05372	0	0.9151	8.40312	0	0	11.44615	13.4834	12.85685	0	11.60637	0	0	0	0	0	0	0	0	0	9.63734	0	5.30971	0	0	0	0	0	0	0	5.07777	0	0	0	0	0	0	0	0	0	0	0	0	0	0	0	0	
0	0	0	0	0	0	0	0	0	0	0	0	10.26492	0	0	0	0	0	0	0	0	0	0	0	0	0	0	0	0	9.51867	0	0	7.04537	0	7.94457	0	14.10269	0	12.2157	10.55043	10.36023	9.42882	10.64587	6.79695	7.09122	2.98619	10.94406	10.02612	3.83654	8.54867	7.35438	11.52024	12.5911	9.25871	6.3558	12.38783	7.39766	0	0	8.13842	10.00627	0	0	0	0	12.3588	0	0	0	0	0	0	0	9.97885	0	0	0	0	0	0	10.89516	0	0	0	0	0	0	0	0	0	0	0	0	0	0	0	0	0	0	0	
0	0	0	0	0	0	0	12.09236	0	0	0	9.93495	0	0	0	0	0	0	0	0	0	0	0	0	0	0	0	8.45842	0	0	5.2217	0	10.30284	0	0	0	1.87074	8.03504	6.34803	11.22304	9.37564	4.27561	0	11.12856	9.77838	7.92937	8.97406	9.17716	11.51357	9.0386	5.59178	10.58305	11.69498	7.51934	8.3791	11.68186	7.12991	4.67732	2.20883	8.69572	4.8709	11.99523	8.48363	0	10.53931	0	0	0	0	0	0	0	0	12.71942	0	0	0	0	0	0	0	0	0	0	0	0	0	0	0	0	0	0	0	0	0	0	0	0	0	0	
8.53276	0	0	0	0	0	0	0	4.833	0	0	0	12.92629	0	0	0	0	0	0	0	0	0	0	0	12.20328	0	0	8.10168	0	0	0	0	7.56729	0	9.72966	9.08735	0	4.78514	10.98162	7.05336	8.42906	7.7294	4.33715	9.04671	10.99705	9.38096	6.56746	9.29796	4.43818	3.08178	8.75953	8.06403	9.55897	6.15341	13.53235	12.09939	9.20894	4.28567	0	9.57678	9.85442	0.9151	0	5.07771	0	8.13388	0	0	0	0	9.25358	0	0	0	0	0	0	0	0	0	0	0	4.87575	0	0	16.25145	0	0	0	0	0	0	0	0	0	0	0	0	0	0	
0	0	0	10.98365	0	0	0	0	0	0	0	0	0	0	0	0	0	0	5.03943	0	0	9.48874	0	1.47067	9.14469	5.68614	0	0	9.25358	7.94974	11.38134	0	12.92695	0	0	13.4863	0	8.71321	10.12611	9.34332	7.12542	5.30082	8.52131	9.34546	9.02844	10.11219	7.07026	9.71214	10.04682	8.57484	9.1531	6.18595	11.67905	6.59472	5.58416	9.96845	0	0.73534	6.69966	6.87413	17.50215	7.38053	7.32583	0	0	0	0	0	0	10.10355	0	0	9.98246	0	6.64678	6.68454	11.80192	3.64554	0	14.04179	0	0	0	0	0	0	0	0	0	0	0	0	0	0	0	0	0	0	0	0	
9.54456	0	0	0	10.63322	5.5604	0	0	0	0	0	0	0	0	0	0	0	7.89174	0	0	0	0	0	0	8.66141	0	7.8035	9.35745	0	14.06008	10.46751	0	0	0	10.86739	5.82786	6.65207	10.95095	11.66853	7.47857	5.42395	9.56832	8.50035	8.05631	9.09242	8.35572	9.03824	8.72688	6.86173	9.13598	4.43592	9.65397	16.07097	8.12569	8.88523	7.85121	9.10991	4.92888	1.67786	7.34825	3.01541	0	6.63783	13.71333	14.81338	12.62992	9.70705	0	0	0	0	0	0	0	6.54097	0	0	0	0	0	0	0	0	0	0	0	0	0	0	0	0	0	0	0	0	2.84804	0	0	0	0	
0	0	0	0	0	0	0	0	3.64554	0	8.18746	0	0	0	0	0	6.13109	9.20244	9.09438	6.48501	9.03472	10.34486	0	0	0	13.55278	0	9.6533	6.40586	10.28452	0	9.71693	10.20122	9.27812	7.12461	10.74879	5.82468	9.56441	8.51276	6.84253	8.88895	7.51803	4.27112	7.30006	9.4954	7.38372	7.64642	8.1257	7.52044	6.04119	5.90158	9.17056	6.87363	7.17851	4.36688	5.21342	9.46232	8.66456	0	4.87498	5.183	4.68934	8.51208	0	7.27887	9.89525	0.9151	0	0	0	0	10.7176	0	0	6.608	0	0	0	11.4639	0	0	0	0	0	0	5.11512	0	0	0	0	0	0	0	0	0	6.55463	0	0	0	0	
0	11.50581	0	0	0	8.50137	0	0	0	0	0	0	0	0	3.64554	10.42126	0	10.00129	8.23078	0	2.84804	0	6.03692	0	0	0	0	0	9.09988	9.90594	6.91713	0	8.10632	4.35325	10.85018	7.27246	8.47092	8.94552	7.79552	8.57417	9.02839	7.0021	6.07712	7.75835	7.80187	6.13869	9.02906	8.89235	8.42047	7.11618	6.32675	8.224	9.27528	6.96486	8.27012	7.20853	3.30121	8.05459	7.2107	4.1718	0	10.35256	0	11.52632	11.33747	2.84804	8.4973	3.7442	0	0	0	0	0	0	0	14.23336	0	0	0	0	8.58654	0	0	0	0	0	0	0	0	0	0	0	0	0	0	0	0	0	0	0	
0	12.12305	10.84463	0	9.29833	0	0	0	0	0	9.56495	0	0	0	10.88032	14.18855	0	7.82568	0	0	5.82786	10.64603	8.73388	9.65345	4.78514	9.81524	0	4.40115	5.95689	6.05795	7.90246	9.70013	11.13832	10.3146	10.81114	5.47652	7.7878	7.52238	7.32533	7.3473	5.90895	6.79044	8.12062	6.49566	6.45877	5.89799	8.42666	6.66418	8.38619	8.50982	7.50839	9.30141	7.67593	6.99955	6.84531	5.39069	8.0488	7.23388	8.13834	7.59399	0	7.8114	7.78862	10.24163	3.20593	0	4.00518	0	0	0	0	2.18365	0	16.31584	8.75311	0	9.43806	0	15.37982	0	0	0	0	5.40224	0	1.91827	0	0	0	0	0	0	0	0	0	0	0	0	0	0	
0	0	0	0	0	0	0	0	7.02589	0	6.63397	7.06459	0	0	0	0	0	0	8.886	0	2.44061	0	0	0	0	6.1671	9.98751	0	0.9151	10.15937	3.26163	5.28861	6.11274	9.88405	10.27283	9.13175	7.8645	8.56441	6.61873	8.88865	3.65155	7.21356	8.45451	7.47265	6.72459	7.47561	6.0433	8.09764	7.95115	8.41201	8.07304	6.13743	5.78468	6.18465	7.92848	8.85577	8.50692	8.47573	8.70493	6.63612	9.57971	5.54038	16.18383	6.55441	0	9.36721	0	8.75621	0	0	0	0	0	0	0	0	0	0	0	0	0	5.3835	0	0	0	0	0	5.97943	2.65865	16.53226	0	0	0	0	0	0	0	0	0	0	
0	0	0	0	0	0	0	0	10.60806	8.15147	0.9486	1.47067	0	11.26017	0	0	0	0.9151	5.87217	4.51641	0	0	4.15616	7.1624	7.26897	7.41089	6.11274	9.91208	2.80485	9.14438	0	8.14632	5.13867	3.8699	6.15802	8.91335	7.68145	4.33959	10.57388	5.04894	7.524	6.64794	7.10154	7.50251	7.55224	7.25896	6.97096	7.50582	6.63688	8.84326	7.43083	6.46228	6.214	6.26584	7.51605	6.79174	7.22056	6.25673	8.23489	7.02473	7.84948	8.39954	7.79999	12.60655	5.53737	8.66199	9.83496	0	0	0	0	0	0	7.28544	11.17265	0	0	0	14.83815	0	0	0	0	0	0	0	0	0	5.87217	0	0.9151	0	0	0	0	0	0	0	0	0	
0	0	8.29715	6.11977	0	2.18365	0	0	8.38769	0	0	0	0	0	0	0	0	7.11086	0	0	0	0	0	10.89315	0	11.26641	0	8.57643	7.70839	8.13575	0	9.47419	0	11.7019	4.10376	7.66103	6.61858	4.85781	0.88622	10.50597	6.49616	9.30769	5.84108	8.03579	6.50872	6.59548	5.95135	8.39018	7.15977	7.12261	6.89955	6.99248	7.17341	6.88723	7.96718	6.39292	7.14201	7.7325	8.08591	5.30037	7.36996	9.41744	2.29336	15.01887	7.5645	0	0	6.43332	4.22611	17.82272	6.27266	0	11.00929	0	2.51585	0	9.11411	0	0	0	0	0	7.89854	0	0	0	0	0	0	0	0	0	0	0	0	0	0	0	0	0	
0	0	0	0	0	0	0	0	0	0	11.52502	7.67751	9.25941	0	14.78025	0	0	6.2865	0	7.37284	0	0	0	0	0	0	5.07777	4.08264	2.75052	0	8.50137	6.4571	4.18436	6.66983	4.3257	6.98306	8.0795	7.55987	5.91414	8.02969	8.28364	3.85914	6.46175	6.01209	7.56227	6.9403	5.95732	6.95917	6.42584	5.88132	6.23304	7.90797	8.61399	5.74438	5.30328	6.49307	7.264	8.20101	9.07765	8.72374	5.88084	5.47875	7.64559	8.48682	0	6.29129	11.42307	3.59071	0	0	5.18704	0	5.27647	0	0	12.88483	0	0	0	0	0	0	0	0	0	0	0	0	6.70294	0	0	0	0	0	0	0	0	0	0	0	
0	0	0	0	0	2.65865	0	0	0	11.07592	0	0	12.5433	0	0	0	0	0	0	0	0	0	0	8.19385	0	0	8.51309	0	0	4.50353	5.9652	0	0	8.99348	5.11512	6.09416	6.87076	5.44346	0	7.8313	4.12566	6.27004	4.15185	4.84336	10.57591	6.68556	7.39357	7.43063	8.23612	3.54062	5.95267	7.73508	6.10822	6.95574	8.32297	5.90854	6.72438	6.80854	3.77251	5.98062	8.62481	5.76835	4.45704	7.81542	5.62333	5.95244	6.03692	9.59501	4.2794	0	0	4.08264	0	4.53254	0	3.92332	5.18704	0	0	0	0	0	0	0	6.01733	0	0	0	0	0	0	14.72139	0	0	0	0	9.09672	0	0	0	
0	0	0	0	0	0	0	0	0	0	0	8.48005	0	0	0	0	0	8.97193	10.79443	0	0	0	0	9.41391	0	0	0	7.12076	0	0	0	0	3.79358	7.99822	4.21046	0	3.52269	8.42698	0.73534	7.7029	4.74416	7.94232	7.58715	2.85538	0	8.32612	5.23851	4.74688	6.92099	6.23633	6.37853	11.58861	7.18584	4.23206	6.4452	5.2594	6.04449	6.9	7.16211	8.50108	7.34816	4.95216	0	6.42883	11.58608	0	5.18212	6.41185	14.73476	5.35831	0	0	0	2.84804	0	9.91126	0	8.10632	0	0	0	4.24715	0	0	0	0	0	0	0	0	0	0	0	0	0	0	0	0	0	0	
0	0	0	0	3.4299	0	0	0	0	0	7.66497	0	0	0	0	9.97994	0	0	5.78215	0	3.48658	6.14921	0	0	0	6.45619	4.41765	0	0	4.27496	0	9.29755	9.74103	0	0	9.17397	9.84055	0.9151	14.02487	9.946	3.23536	8.44748	5.32098	5.89382	4.70883	5.29782	12.0622	3.8604	8.49801	7.81183	7.45147	6.52622	7.69929	6.39677	5.4973	7.13919	5.92696	5.9493	5.18547	6.23634	5.11652	5.82586	6.4279	3.40201	8.38356	0	6.20632	11.22582	0	7.42583	9.08051	11.12424	8.89071	9.22259	6.83301	0	5.95691	0	0	0	5.41379	0	0	0	0	13.3859	0	0	0	2.18365	0	0	0	0	0	0	0	0	0	0	
0	0	0	0	0	0	0	0	0	0	0	2.44061	7.81391	0	0	11.67558	0	0	0	0.9151	0	0	0	0	0	0	0	0	0	2.04132	0	4.88924	0	0	0	12.83725	0	0	0	0.9151	3.29803	3.38904	5.82028	4.19711	6.40315	4.80649	3.58717	7.17201	5.79205	2.58941	0	0	6.66634	10.81731	1.87074	5.08259	9.0151	6.42438	5.59243	5.53955	8.05681	8.52663	8.31631	7.13986	4.90441	4.34106	4.73803	7.92324	0	8.84569	0	10.78361	6.81176	8.65825	9.63252	0	1.47067	0	3.7442	0	0	0	0	0	0	0	0	0	0	0	0	0	0	0	0	0	0	0	0	0	
0	0	0	10.55893	0	0	0	0	0	0	0	0	0	0	0	0	0.9151	0	0	0	0	0	4.35659	0	0	0	7.52318	8.03413	7.82004	10.2313	0	0	0.9151	0	0	9.79668	0	2.44061	0	5.5065	3.78612	0	0	0	3.95018	8.71104	7.50382	6.95557	5.68296	4.41789	5.1834	5.22897	6.65387	6.90993	7.26889	7.05281	6.61315	6.2627	5.62981	5.81984	6.70627	7.32991	7.36122	8.32027	8.59291	8.81902	7.56839	4.08264	9.29068	6.22958	5.92764	6.82949	4.21443	5.36128	7.0221	0	11.90781	0	6.62714	6.64678	0	4.68934	4.91788	0	0	0	0	0	0	0	0	0	0	0	0	0	0	2.18365	0	13.2705	
0	0	5.7434	0	0	0	0	0	0	0	0	0	0	0	0	0	0	0	0	0	7.27723	0	0	0	0	6.91378	0	8.57957	0	13.07572	0	10.58162	9.2826	0	7.89174	0	0	5.92311	5.62023	0	9.8475	0	0	8.68305	10.75653	9.89122	2.44801	5.62746	0	6.48495	3.47905	10.07185	5.19001	5.11725	7.75511	8.40287	0	5.61716	7.76296	4.75632	2.78419	4.59316	6.36239	0.30503	3.66906	5.13642	4.99206	0	9.4575	3.74713	3.20097	5.65314	5.39787	9.91747	0.9151	0	5.84266	0	6.10256	4.63894	0	4.37441	0	0	0	0	0	0	4.26916	0	0	0	0	0	0	0	1.87074	0	0	0	
0	0	0	0	2.65865	0	0	0	0	0	0	0	6.76898	0	0	0	0	0	0	0	0	6.42678	0	0	0	0	0	6.16852	0	0	0	3.92332	7.73862	0	0	0	7.79724	0	3.42534	6.63397	0	0	11.25056	0	9.38362	0	4.93252	4.68934	11.62226	6.63459	6.63397	3.37434	10.96267	3.10289	6.0538	1.19289	0	4.98171	8.03792	4.90395	5.93141	7.6864	7.16439	6.24781	4.24623	7.47725	7.54868	1.62672	6.96757	6.20049	4.86527	0	0	7.79336	0	6.43615	12.29541	5.12653	0	0	0	0	0	0	8.08295	0.9151	0	0	0	0	0	0	0	0	0	0	7.27723	0	0	0	
0	0	0	0	0	0	0	0	4.87498	0	0	0	16.87949	0	0	0	7.96004	0	0	0	0	0	0	0	13.47847	0	0	0	0	0	0	0	0	0	8.5601	8.90211	0	5.52897	0	0	0	0	4.91788	9.03472	0	9.95622	8.89139	7.42583	0	4.2087	0	13.49563	10.63804	6.72077	0	2.65865	0	7.19857	0	5.68613	8.62077	1.87074	4.11695	4.53254	3.53431	5.76472	6.07866	5.01178	8.68022	7.85705	9.67123	5.24258	6.87872	9.25568	7.31769	3.13502	8.22856	6.47067	0	0	6.09416	0	7.94591	0	7.10542	16.20516	7.56729	5.35256	5.25554	0	2.27361	0	0	11.88163	0	0	0	0	0	0	
0	0	0	0	0	0	0	0	0	0	0	0	0	0	0	0	0	0	0	0	6.94413	0	0	0	0	0	0	0	0	6.05625	0	0	0	0	8.6988	0	0	0	0	0	8.93643	0	9.50642	10.46079	2.26964	0	0	0	4.91788	4.133	8.30526	0	0	6.12569	2.42063	6.78171	0	0	6.49213	8.16313	8.78243	4.06034	1.19289	4.5925	5.37223	7.97411	2.61523	7.16948	6.44842	12.93881	6.49516	6.99263	4.98116	5.21528	3.77787	0	1.76982	0	10.01568	0	0	0	1.47067	0	0	0	6.16256	0	0	0	0	0	0	0	0	0	0	0	0	0	
0	0	0	0	6.97601	0	0	0	0	0	0	2.84804	0	2.44061	0	0	0	0	0	0	0	0	0	0	0	0	0	0	0	0	0	0	0	0	0	0	0	0	0	9.84515	0	0	10.75653	0	4.01995	0	0.73534	0	0	0	3.01541	0	0	0	8.8697	0	0	0.9151	0	6.05625	7.75343	0	6.00669	5.94376	7.98039	0	1.42402	6.71028	9.07558	5.18738	8.40279	7.04158	5.59846	4.90882	0	0	5.74936	1.47067	5.34603	6.78065	3.42534	5.2217	1.47067	0	1.47067	0	2.18365	9.21497	0	5.36265	0	0	0	0	2.44061	0	0	0	0	0	
0	0	0	0	0	0	0	0	0	0	0	0	0	0	0	0	0	4.31191	0	0	0	3.53964	7.84248	0	0	0	8.30121	0	0	0	0	0	0	4.66353	4.35659	0	0	0	0	0	0	0	0	0	0	0	0	0	0	0	0	0	0	0	0	6.45252	8.79877	6.83869	4.00518	0.9151	0	3.73126	4.32649	0	7.56652	7.54614	6.51594	7.09766	4.9623	3.61227	6.22986	4.69841	7.286	7.80727	8.14142	2.60744	8.24012	0	7.28544	5.38085	0	0	5.93572	0	8.67398	7.51692	0.9151	0.9151	0	8.21741	0	0	0	0	0	0	8.83939	0	0	0	
0	0	0	0	0	0	0	0	7.35022	0	0	0	0	0	0	0	0	0	0	0	0	0	0	0	0	0	0	5.03943	0	0	0	0	0	0	0	0	0	0	0	9.4451	0	0	0	0	0	3.53964	0	4.58672	6.4992	0	0	11.72209	0	0	0	0	0	0	7.37418	0	8.32595	0	9.54248	7.17414	8.18143	3.86902	4.27959	0	0	7.60029	7.81414	5.25554	8.04878	7.72844	6.68112	11.27243	0.73534	0	0	7.66436	6.36687	8.47312	9.02249	6.54097	6.00761	0	0	0	0	0	7.99553	0	9.13659	0	0	0	0	0	0	0	
0	0	0	0	0	0	0	0	0	0	0	0	0	3.42534	0	0	0	0	0	3.30121	0	0	0	0	0	5.79837	0	0	0	0	0	0	0	0	4.58672	0	0	4.39022	0	0	10.1549	0	0	9.68314	4.63894	0	0	0	0	0	9.32506	6.83762	0	0	12.65649	0	0	0	0	5.27634	4.95518	0	5.89951	8.96739	5.50103	3.41795	6.62142	3.30121	0	4.63828	6.2098	0	6.75936	6.7021	7.9131	8.36926	3.56951	3.91569	7.03363	2.81005	0	7.49021	2.44061	6.22797	3.61165	0	0	1.47067	3.63577	0	10.2545	0	0	4.41765	0	0	0	0	5.17474	0	
0	0	0	0	0	0	0	14.02801	0	0	0	0	0	0	0	0	0	0	0	0	0	0	0.9151	0	0	0	0	0	8.87243	0	0	0	0	0	10.17056	0	0	0	0	0	0	6.58892	0	0	0	0	4.67634	0	0	0	0	0	8.54649	0	0	0	5.18186	11.62712	0	3.16811	8.08151	0	0	6.04289	0	5.50103	0	8.04565	6.39811	12.37284	12.45551	4.54758	9.25777	5.62921	5.91515	5.24648	3.10975	2.18365	5.52547	6.66531	6.72706	4.01383	1.58269	0	7.15793	0	1.87074	2.57061	0	0	7.75053	9.70555	0	0	0	0	8.78243	0	0	0	
0	0	0	0	0	0	0	0	0	0	0	0	0	0	0	0	0	0	0	0	0	0	0	0	0	0	0	0	0	0	0	0	0	0	0	0	0	4.17999	0	0	0	0	0	0	0	0	0	0	0	0.9151	0	5.0953	0	1.51085	0	0	4.91788	4.91282	0	0	0.9151	0	9.24519	8.59357	6.1671	6.40146	0	0	6.30049	7.87728	0	7.6137	5.11197	6.41688	7.41039	5.3044	0	3.48762	7.17271	5.72198	3.06367	7.09295	4.41765	0	0	0	2.7069	0	0	0	0	0	6.32772	4.94393	5.03943	0	0	0	0	0	
0	0	0	0	0	0	0	6.05625	0	0	0	0	0	0	0	0	0	0	0	0	0	0	0	0	0	0	0	0	0	0	0	0	0	0	0	0	0	4.43323	0	5.28861	0	0	0	0	0	0	0	0	0	0	5.25765	0	0	12.16205	6.64154	0	0	10.88636	10.25867	10.00751	0	0.9151	0	7.30754	8.04513	11.22377	0	0	6.55899	4.80908	9.14078	3.61187	5.07602	6.99716	0	6.7073	6.08979	0	7.5211	4.17788	7.40974	6.89243	2.10816	4.83611	2.97845	0	0	2.22063	0	0	4.22611	0	0	0	0	5.15322	0	0	0	0	
0	0	0	0	0	0	0	0	0	0	0	0	0	0	0	0	0	0	0	0	0	0	0	0	0	11.42493	0	0	0	0	0	0	0	0	0	0	0	6.25338	0	0	0	0	0	0	8.98767	0	0	0	9.87089	0	0	0	0	0	0	1.87074	0	0	0	0	0	0	7.16162	0	0	7.21176	8.27153	5.84601	0	5.22248	2.29336	0	5.28169	0	8.63915	5.31116	0	6.61191	6.24996	5.68711	2.52601	0	2.75335	0	10.5203	6.7845	0	0	0	0	9.15616	0	0	0	0	0	0	1.87074	0	0	
0	0	0	0	0	0	0	0	0	0	0	0	11.0688	0	0	0	0	0	0.9151	0	0	0	0	0	0	0	0	0	0	0	0	0	0	0	0	0	0	0	0	0	0	0	0	0	0	0	0	9.66594	0	0	0.9151	0	15.57953	0	0	0	0	0	0	4.72517	0	0	0	5.91159	0.9151	12.55779	9.07517	0	5.71075	0	0	10.35256	0	0	0	0.94935	6.56756	8.02435	4.34575	3.75294	0	8.32275	5.91593	3.40798	5.17045	3.29743	4.44008	0	7.62669	0	0	0	0	6.21949	0	0	0	0	0	0	
0	0	0	0	0	0	0	0	0	0	0	0	0	0	0	0	0	0	0	0	0	0	0	0	0	0	0	0	0	0	0	0	9.69552	0	0	0	0	0	0	0	6.35054	0	0	0	0	0	0	0	0	0	0	0	0	0	0	0	1.89893	0	0	0	12.68612	0	0	5.40994	0	3.53964	0	0	6.18846	0	0	0	7.22694	0	0	5.28861	0	0	8.90903	8.92697	6.43943	6.18477	9.41016	0	2.44061	0	0	0	0.9151	1.87074	6.41545	3.30365	4.19322	0	0	0	0	0	0	0	
0	0	0	0	0	0	0	2.60449	0	0	0	0	0	0	0	0	0	0	0	0	0	0	0	0	0	0	0	1.87074	0	0	0	0	0	0	0	0	0	0	0	0	0	0	0	0	0	0	0	0	0	0	0	0	0	0	0	0	0	0	0	0	0	0	0	0	0	0	0	0	0	0	2.69175	3.28425	7.96797	10.32592	0	5.11512	9.32904	0	8.46069	13.60161	0	5.8811	0	7.92367	0	8.16013	0	10.34962	0	0	0	14.06285	0	0	0	9.06367	0	0	0	0	
0	0	0	0	0	0	0	0	0	0	0	0	0	0	0	0	0	0	0	0	10.13798	0	0	0	0	0	0	0	0	0	0	0	0	0	0	0	0	0	0	0	0	0	0	0	0	0	0	0	0	0	0	0	0	0	0	0	0	0	0	10.31593	0	0	0	0	6.68454	8.07823	8.69263	5.93292	0	0	0	0	0	0	0	2.44061	6.50966	0	0	0	2.81782	0	0	0	2.33375	5.95689	7.12536	4.57894	6.09416	0	8.68644	6.2865	11.43096	8.58027	0	7.34167	0	0	0	0	
0	0	0	0	0	0	0	0	0	0	0	0	0	0	0	0	0	0	0	0	0	0	0	0	0	0	0	0	0	0	0	0	0	0	0	0	0	0	0	0	0	0	0	0	0	0	0	0	5.50103	0	0	0	0	0	0	0	0	0	0	0	0	0	0	0	0	0	0	0	0	6.58156	7.99051	8.44014	6.42347	0	9.19156	4.63894	0	9.05888	0	0	0	7.27723	5.93617	0	5.32956	0	1.47067	0	0	3.83876	0	1.53036	2.41538	0	3.30121	0	0	0	0	0	
0	0	0	0	0	0	0	0	0	0	0	0	0	0	0	6.59788	0	0	0	0	0	0	0	0	0	0	0	0	0	0	0	0	0	0	6.91378	0	0	0	0	0	0	0	0	0	0	0	0	0	0	0	0	0	0	0	0	0	0	0	0	0	0	0	0	0	0	0	0	3.64554	0	0	0	0	0	5.68614	0	0	0	0	0	0	0	0.9151	0	0	1.22031	0	6.35818	3.47262	7.37284	10.16493	6.62105	0	10.41753	0	0	0	0	0	0	0	
0	0	0	0	0	0	0	0	0	0	0	0	0	0	0	0	0	0	0	0	0	0	0	0	0	0	0	0	0	0	0	0	0	0	0	0	0	0	0	0	0	0	0	0	0	0	0	0	7.06459	0	0	0	0	0	0	0	0	0	0	7.91839	0	0	0	0	0	4.86313	0	0	0	0	0	6.2865	0	0	0	0	0	14.15238	0	5.95496	9.26401	0	0	10.30991	0	0	0	0	0	0	0	0	0	0	0	0	0	0	0	0	
0	0	0	0	0	0	0	0	0	0	0	0	0	0	0	0	0	0	0	0	0	0	0	0	0	0	0	0	0	0	0	0	0	0	0	0	0	0	0	0	0	0	0	0	0	0	0	0	0	0	0	0	0	0	0	3.7365	0	0	8.89676	0	0	0	0	0	12.48319	0	0	0	0	0	0	0	0	3.53964	0	0	7.51934	0	0	0	3.88347	5.89525	3.26359	6.77138	0	0	0	6.92434	7.16449	0	3.7442	6.94523	12.0909	0	0	0	0	0	0	0	
0	0	0	0	0	0	0	0	0	0	0	0	0	0	0	0	0	0	0	0	0	0	0	0	0	0	0	0	0	0	0	0	0	0	0	0	0	0	0	0	0	0	0	0	0	0	0	0	0	0	0	0	0	0	0	0	0	0	0	0	0	0	0	0	0	0	0	0	0	0	0	0	0	0	0	0	0	0	0	0	0	0	0	0	0	0	0	0	0	0	0	8.29309	0	0	0	0	0	0	0	0	
0	0	0	0	0	0	0	0	0	0	0	0	0	0	0	0	0	0	0	0	0	0	0	0	0	0	0	0	0	0	0	0	0	0	0	0	0	0	0	0	0	0	0	0	0	0	0	0	0	0	0	0	0	0	0	0	0	0	0	0	0	0	0	0	0	0	0	0	0	0	6.30002	0	0	0	0	0	1.87074	0	0	9.73201	0	0	0	8.0055	0	0	0	0	0	0	4.00107	14.21989	0	0	0	0	0	0	0	0	
0	0	0	0	0	0	0	0	0	0	0	0	0	0	0	0	0	0	0	0	0	0	0	0	0	0	0	0	0	0	0	0	0	0	0	0	0	0	0	0	0	0	0	0	0	0	0	0	0	0	0	0	0	0	0	0	0	0	0	0	0	0	0	0	0	0	0	0	0	0	3.42534	0	0	0	0	0	0	0	0	0	0	0	0	0	0	0	0.9151	0	0	0	0	0	0	0	0	0	0	0	0	0	
0	0	0	0	0	0	0	0	0	0	0	0	0	0	0	0	0	0	0	0	0	0	0	0	0	0	0	0	0	0	0	0	0	0	0	0	0	0	0	0	0	0	0	0	0	0	0	0	0	0	0	0	0	0	0	0	0	0	0	0	0	0	0	0	0	0	0	0	0	7.84804	0.9151	0	0	0	0	0	0	0	3.42534	0	0	0	0	0	0	0	0	0	9.58006	2.65865	0	0	0	0	0	0	0	0	0	0	
0	0	0	0	0	0	0	0	0	0	0	0	0	0	0	0	0	0	0	0	0	0	0	0	0	0	0	0	0	0	0	0	0	0	0	0	0	0	0	0	0	0	0	0	0	0	0	0	0	0	0	0	0	0	0	0	0	0	0	0	0	0	0	0	0	0	0	0	0	0	0	0	0	0	0	0	0	0	0	0	0	0	0	0	0	0	0	0	0	0	0	0	0	0	0	0	0	0	0	0	
0	0	0	0	0	0	0	0	0	0	0	0	0	0	0	0	0	0	0	0	0	0	0	0	0	0	0	0	0	0	0	0	0	0	0	0	0	0	0	0	0	0	0	0	0	0	0	0	0	0	0	0	0	0	0	0	0	0	8.40664	0	0	0	0	0	0	0	0	0	0	0	0	0	0	0	0	5.55638	0	0	0	0	0	0	0	0	0	0	0	0	0	0	0	0	0	0	0	0	0	0	0	0	
0	0	0	0	0	0	0	0	0	0	0	0	0	0	0	0	0	0	0	0	0	0	0	0	0	0	0	0	0	0	0	0	5.32094	0	0	0	0	0	0	0	0	0	0	0	0	0	0	0	0	0	0.9151	0	0	0	0	0	0	0	0	0	0	0	2.65865	0	0	0	0	0	0	0	0	0	0	0	0	4.63894	0	0	0	0	0	0	0	0	0	0	0	0	0	0	0	0	0	0	0	0	0	0	0	0	
0	0	0	0	0	0	0	0	0	0	0	0	0	0	0	0	0	0	0	0	0	0	0	0	0	0	0	0	0	0	0	0	0	0	0	0	0	0	0	0	0	0	0	0	0	0	0	0	0	0	0	0	0	0	0	0	0	0	0	0	0	0	0	0	0	0	0	0	0	0	0	0	0	0	0	0	0	0	0	0	0	0	0	0	0	0	0	0	0	0	0	0	0	0	0	0	0	0	0	0	
0	0	0	0	0	0	0	0	0	0	0	0	0	0	0	0	0	0	0	0	0	0	0	0	0	0	0	0	0	0	0	0	0	0	0	0	0	0	0	0	0	0	0	0	0	0	0	0	0	0	0	0	0	0	0	0	0	0	0	0	0	0	0	0	0	0	0	0	0	0	0	0	0	0	0	0	0	0	0	0	0	0	0	0	0	0	0	0	0	0	0	0	0	0	0	0	0	0	0	0	
0	0	0	0	0	0	0	0	0	0	0	0	0	0	0	0	0	0	0	0	0	0	0	0	0	0	0	0	0	0	0	0	0	0	0	0	0	0	0	0	0	0	0	0	0	0	0	0	0	0	0	0	0	0	0	0	0	0	0	0	0	0	0	0	0	0	0	0	0	0	0	0	0	0	0	0	0	0	0	0	0	0	0	0	0	0	0	0	0	0	0	0	0	0	0	0	0	0	0	0	
0	0	0	0	0	0	0	0	0	0	0	0	0	0	0	0	0	0	0	0	0	0	0	0	0	0	0	0	0	0	0	0	0	0	0	0	0	0	0	0	0	0	0	0	0	0	0	0	0	0	0	0	0	0	0	0	0	0	0	0	0	0	0	0	0	0	0	0	0	0	0	0	0	0	0	0	0	0	0	0	0	0	0	0	0	0	0	0	0	0	0	0	0	0	0	0	0	0	0	0	
0	0	0	0	0	0	0	0	0	0	0	0	0	0	0	0	0	0	0	0	0	0	0	0	0	0	0	0	0	0	0	0	0	0	0	0	0	0	0	0	0	0	0	0	0	0	0	0	0	0	0	0	0	0	0	0	0	0	0	0	0	0	0	0	0	0	0	0	0	0	0	0	0	0	0	0	0	0	0	0	0	4.53254	0	0	0	0	0	0	0	0	0	0	0	0	0	0	0	0	0	0	
0	0	0	0	0	0	0	0	0	0	0	0	0	0	0	0	0	0	0	0	0	0	0	0	0	0	0	0	0	0	0	0	0	0	0	0	0	0	0	0	0	0	0	0	0	0	0	9.88312	0	0	0	0	0	0	0	0	0	0	0	0	0	0	0	0	0	0	0	0	0	0	0	0	0	0	7.21833	0	0	0	0	0	0	0	0	0	0	0	0	0	0	0	0	0	0	0	0	0	0	0	0	0	
