0	0	0	0	0	0	0	0	0	0	0	0	0	0	0	0	0	0	0	0	0	0	0	0	0	0	0	0	0	0	0	0	0	0	0	0	0	0	0	0	0	0	0	0	0	0	0	0	0	0	0	11.7897	0	0	0	0	0	0	0	0	0	0	0	0	0	0	0	0	0	0	0	0	0	0	0	0	0	0	0	0	0	0	0	0	0	0	0	0	0	0	0	0	0	0	0	0	0	0	0	0	
0	0	0	0	0	0	0	0	0	0	0	0	0	0	0	0	0	0	0	0	0	0	0	0	0	0	0	0	0	0	0	0	0	0	0	0	0	0	0	0	0	0	0	0	0	0	0	11.61306	0	0	0	0	0	0	0	0	0	0	0	0	0	0	0	10.40393	0	0	0	0	0	0	0	0	0	0	0	0	0	0	0	0	0	0	0	0	0	0	0	0	0	0	0	0	0	0	0	0	0	0	0	0	
0	0	0	0	0	0	0	0	0	0	0	0	0	0	0	0	0	0	0	0	0	0	0	0	0	0	0	0	0	0	0	0	0	0	0	0	0	0	0	0	0	0	0	0	0	0	0	0	0	0	0	0	0	0	8.53955	0	0	0	0	0	0	0	0	0	0	0	0	0	0	0	0	0	0	0	0	0	0	0	0	0	0	0	0	0	0	0	0	0	0	0	0	0	0	0	0	0	0	0	0	0	
0	0	0	0	0	0	0	0	0	0	0	0	0	0	0	0	0	0	0	0	0	0	0	0	0	0	0	0	0	0	0	0	0	0	0	0	0	0	0	0	0	0	0	0	0	0	10.61123	10.16151	0	0	0	0	0	0	0	0	0	0	0	0	0	0	0	0	0	0	0	0	0	0	0	0	0	0	0	0	0	0	0	0	0	0	0	0	0	0	0	0	0	0	0	0	0	0	0	0	0	0	0	0	
0	0	0	0	0	0	0	0	0	0	0	0	0	0	0	0	0	0	0	0	0	0	0	0	0	0	0	0	0	0	0	0	0	0	0	0	0	7.54975	0	0	0	0	0	12.17728	0	0	0	0	0	0	0	0	0	0	0	0	0	0	0	0	0	0	0	0	0	0	0	0	0	0	0	0	0	0	0	0	0	0	0	0	0	0	0	0	0	0	0	0	0	0	0	0	0	0	0	0	0	0	0	0	
0	0	0	0	0	0	0	0	0	0	0	0	0	0	0	0	0	0	0	0	0	0	0	0	0	0	0	0	0	0	0	0	0	0	0	0	0	0	0	0	0	0	0	0	0	0	0	0	0	0	0	0	0	0	0	0	0	0	0	0	0	0	0	0	0	0	0	0	0	0	0	0	8.9009	0	0	0	0	0	0	0	0	0	0	0	0	0	0	0	0	0	0	0	0	0	0	0	0	0	0	0	
0	0	0	0	0	0	0	0	0	0	0	0	0	0	0	0	0	0	0	0	0	0	0	0	0	0	0	0	0	0	0	0	0	0	0	0	0	0	0	0	0	0	0	0	0	0	0	0	0	0	0	0	0	0	0	0	0	0	0	0	0	0	0	0	0	0	0	0	0	0	0	0	0	0	10.31188	0	0	0	0	0	0	0	0	0	0	0	0	0	0	0	0	0	0	0	0	0	0	0	0	0	
0	0	0	0	0	0	0	0	0	0	0	0	0	0	0	0	0	0	0	0	0	0	0	0	0	0	0	0	0	0	0	0	0	0	0	0	0	0	0	0	0	0	0	0	0	0	0	0	0	0	0	9.94622	0	0	0	14.32011	0	0	12.92634	0	0	0	0	0	0	0	0	0	0	0	0	0	0	0	0	0	0	0	0	0	0	0	0	0	0	0	0	0	0	0	0	0	0	0	0	0	0	0	0	0	
0	0	0	0	0	0	0	0	0	0	0	0	0	0	0	0	0	0	0	0	0	0	0	0	0	0	0	0	0	0	0	0	0	0	0	0	0	0	0	0	0	0	0	0	0	0	0	0	0	0	0	0	0	0	0	0	0	0	0	0	0	0	0	0	0	0	0	11.97599	0	0	0	0	0	0	0	0	0	0	0	0	0	0	0	0	0	0	0	0	0	0	0	0	0	0	0	0	0	0	0	0	
0	0	0	0	0	0	0	0	0	0	0	0	0	0	0	0	0	0	0	0	0	0	0	0	0	0	0	0	0	0	0	0	0	0	0	0	0	0	0	0	0	0	0	0	0	0	0	0	0	0	0	0	0	0	0	6.28865	0	0	0	0	0	0	0	0	0	0	0	0	0	0	0	0	0	0	0	0	0	0	0	0	0	0	0	0	0	0	0	0	0	0	0	0	0	0	0	0	0	0	0	0	
0	0	0	0	0	0	0	0	0	0	0	0	0	0	0	0	0	0	0	0	0	0	0	0	0	0	0	0	0	0	0	0	0	0	0	0	0	0	0	0	0	0	0	0	0	0	0	0	0	0	0	0	0	0	0	0	0	0	0	0	0	0	0	0	0	0	0	13.32099	0	0	0	0	0	0	0	0	0	0	0	0	0	0	0	0	0	0	0	0	0	0	0	0	0	0	0	0	0	0	0	0	
0	0	0	0	0	0	0	0	0	0	0	0	0	0	0	0	0	0	0	0	0	0	0	0	0	0	0	0	0	0	0	0	0	0	0	0	0	0	0	0	0	0	0	0	0	0	0	0	0	0	0	0	4.31349	0	0	0	10.31024	0	0	0	0	0	0	0	0	0	0	0	0	0	0	12.00326	0	0	0	0	0	0	0	0	0	0	0	0	0	0	0	0	0	0	0	0	0	0	0	0	0	0	0	0	
0	0	0	0	0	0	0	0	0	0	0	0	0	0	0	0	0	0	0	0	0	0	0	0	0	0	0	0	0	0	0	0	0	0	0	0	0	0	0	0	0	0	0	0	0	0	0	0	8.81935	0	0	0	11.96733	0	0	0	0	0	0	0	0	0	0	0	0	0	0	3.73501	0	0	0	0	0	0	0	0	0	0	0	0	0	0	0	0	0	0	0	0	0	0	0	0	0	0	0	0	0	0	0	0	
0	0	0	0	0	0	0	0	0	0	0	0	0	0	0	0	0	0	0	0	0	0	0	0	0	0	0	0	0	0	11.88579	0	0	0	0	0	0	0	0	3.06853	0	0	0	0	0	0	0	7.59334	0	0	0	0	0	0	0	0	0	2.56708	2.35194	0	11.20492	0	0	13.61637	0	0	0	0	0	0	0	0	0	0	0	0	0	0	0	0	0	0	0	0	0	0	0	0	0	0	0	0	0	0	0	0	0	0	0	0	
0	0	0	0	0	0	0	0	0	0	0	0	0	0	0	0	0	0	0	0	0	0	0	0	0	0	0	0	0	0	0	0	0	0	0	0	0	0	0	0	0	0	0	0	0	0	0	0	0	0	0	0	0	0	6.36175	0	0	0	0	0	0	0	0	0	0	0	0	0	0	0	0	0	0	0	0	0	0	0	0	0	0	0	0	0	0	0	0	0	0	0	0	0	0	0	0	0	0	0	0	0	
0	0	0	0	0	0	0	0	0	0	0	0	0	0	0	0	0	0	0	0	0	0	0	0	0	0	0	0	0	0	0	0	0	0	0	0	0	0	0	0	0	0	12.71394	0	0	0	0	0	0	0	0	0	9.06691	0	0	0	0	0	0	6.27342	0	0	0	0	0	0	0	0	0	0	0	7.55606	0	0	0	0	0	0	0	0	0	0	0	0	0	0	0	0	0	0	0	0	0	0	0	0	0	0	0	0	
0	0	0	0	0	0	0	0	0	0	0	0	0	0	0	0	0	0	0	0	0	0	0	0	0	0	0	0	0	0	0	0	0	0	0	0	0	0	0	0	0	0	0	9.86297	0	0	0	10.42839	0	0	0	9.2633	0	0	0	0	0	0	12.09033	0	0	0	0	0	0	0	0	0	0	0	0	0	0	0	0	0	0	0	0	0	0	0	0	0	0	0	0	0	0	0	0	0	0	0	0	0	0	0	0	0	
0	0	0	0	0	0	0	0	0	0	0	0	0	0	0	0	0	0	0	0	0	0	0	0	0	0	0	0	0	0	0	0	0	0	0	0	0	0	0	0	0	0	10.08968	0	0	0	0	0	0	0	0	0	0	0	0	7.61767	0	0	0	0	0	0	0	0	0	0	2.75427	0	0	0	0	0	0	0	0	0	0	0	0	0	0	0	0	0	0	0	0	0	0	0	0	0	0	0	0	0	0	0	0	0	
0	0	0	0	0	0	0	0	0	0	0	0	0	0	0	0	0	0	0	0	0	0	0	0	0	0	0	0	0	0	0	0	0	0	0	0	0	0	0	0	13.75159	0	0	0	0	0	0	0	0	0	0	0	0	0	0	0	0	0	0	0	0	0	0	0	0	0	0	0	0	0	0	0	0	0	0	0	0	0	0	0	0	0	0	0	0	0	0	0	0	0	0	0	0	0	0	0	0	0	0	0	
0	0	0	0	0	0	0	0	0	0	0	0	0	0	0	0	0	0	0	0	0	0	0	0	0	0	0	0	0	0	0	0	0	0	0	0	0	0	0	0	0	0	0	0	0	0	0	6.21083	0	0	6.9605	0	0	0	0	0	0	0	0	0	0	0	0	0	0	0	0	0	0	0	0	0	0	0	0	0	7.82515	0	0	0	0	0	0	0	0	0	0	0	0	0	0	0	0	0	0	0	0	0	0	0	
0	0	0	0	0	0	0	0	0	0	0	0	0	0	0	0	0	0	0	0	0	0	0	0	0	0	0	0	0	0	0	0	0	0	0	0	0	0	0	0	0	0	0	0	0	0	0	12.1895	0	0	9.77377	11.83935	0	0	0	0	10.07145	0	10.95043	0	8.93033	0	0	0	0	13.02684	0	0	0	0	0	0	0	0	0	0	0	0	0	0	0	0	0	0	0	0	0	0	0	0	0	0	0	0	0	0	0	0	0	0	
0	0	0	0	0	0	0	0	0	0	0	0	0	0	0	0	0	0	0	0	0	0	0	0	0	0	0	0	0	0	0	0	0	0	0	0	0	0	0	0	0	9.61819	0	0	0	0	0	0	0	0	0	0	0	0	0	0	0	0	0	0	0	0	0	0	0	0	0	0	16.23511	0	0	0	0	0	0	0	0	0	0	0	0	0	0	0	0	0	0	0	0	0	0	0	0	0	0	0	0	0	0	0	
0	0	0	0	0	0	0	0	0	0	0	0	0	0	0	0	0	0	0	0	0	0	0	0	0	0	0	0	0	0	0	1.40163	17.20476	0	0	0	0	0	0	0	0	0	0	0	0	0	0	10.09835	0	0	0	0	0	0	0	0	0	0	0	0	0	0	0	0	0	0	0	0	0	0	0	0	0	0	0	0	0	0	0	0	0	0	0	0	0	0	0	0	0	0	0	0	0	0	0	0	0	0	0	0	
0	0	0	0	0	0	0	0	0	0	0	0	0	0	0	0	0	0	0	0	0	0	0	0	0	0	0	0	0	0	0	7.75011	0	0	11.31131	0	0	0	0	0	0	0	0	0	0	0	0	0	0	0	0	0	0	0	0	0	0	0	0	0	0	0	0	0	0	0	0	0	0	0	0	0	0	0	0	0	0	0	0	0	0	0	0	0	0	0	0	0	0	0	0	0	0	0	0	0	0	0	0	0	
0	0	0	0	0	0	0	0	0	0	0	0	0	0	0	0	0	0	0	0	0	0	0	0	0	0	0	0	0	0	0	0	0	0	0	0	0	0	0	0	0	0	0	9.78187	0	0	0	0	0	17.64929	0	0	0	0	9.47906	0	0	0	0	0	0	0	0	0	0	0	0	0	0	0	0	0	0	0	0	0	0	0	0	12.91305	0	0	0	0	0	0	0	0	0	0	0	0	0	0	0	0	0	0	0	0	
0	0	0	0	0	0	0	0	0	0	0	0	0	0	0	0	0	0	0	0	0	0	0	0	0	0	0	0	0	0	0	0	8.55538	0	0	0	0	0	0	0	0	0	0	0	0	0	0	2.91993	0	0	3.66927	11.38841	0	0	0	0	0	0	10.70999	0	0	0	0	0	0	0	0	0	0	0	0	0	0	0	0	0	0	0	0	0	0	0	0	0	0	7.80646	0	0	0	0	0	0	0	0	0	0	0	0	0	0	
0	0	0	0	0	0	0	0	0	0	0	0	0	0	0	0	0	0	0	0	0	0	0	0	0	0	0	0	0	0	0	0	0	0	0	0	0	0	0	9.68591	0	0	0	0	15.06571	0	10.76684	0	0	0	0	0	0	0	0	0	0	0	0	0	0	0	0	0	0	0	0	0	0	2.91993	0	0	0	0	0	0	0	0	0	0	0	0	0	0	0	0	0	0	0	0	0	0	0	0	0	0	0	0	0	0	
0	0	0	0	0	0	0	0	0	0	0	0	0	0	0	0	0	0	0	0	0	0	0	0	0	0	0	0	0	0	0	0	0	0	0	7.35369	0	0	0	0	0	0	0	0	0	0	0	7.9739	0	0	0	0	0	6.9493	0	0	0	0	0	0	10.10266	0	0	0	0	0	0	0	0	0	0	0	0	0	0	0	0	0	0	0	0	0	0	0	0	0	0	0	0	0	0	0	0	0	10.47306	0	0	0	0	0	
0	0	0	0	0	0	0	0	0	0	0	0	0	0	0	0	0	0	0	0	0	0	0	0	0	0	0	0	0	0	0	0	0	0	0	0	0	0	0	0	0	13.50677	0	0	0	0	0	0	0	0	0	0	2.75427	0	0	0	0	0	0	0	0	0	0	0	0	0	0	15.62627	0	0	0	6.71794	0	0	0	0	0	0	0	0	0	0	0	0	0	0	0	0	0	0	0	0	0	0	0	0	0	0	0	0	
0	0	0	0	0	0	0	0	0	0	0	0	0	0	0	0	0	0	0	0	0	0	0	0	0	0	0	0	0	0	0	0	0	0	0	0	0	0	0	0	7.44489	0	0	0	10.92568	0	0	4.32181	0	0	21.1984	7.98797	0	0	0	9.68447	0	0	6.85727	0	16.17383	0	0	0	0	0	0	0	10.41525	0	0	0	0	0	0	0	0	0	0	0	0	0	0	0	0	0	0	0	0	0	0	0	0	0	0	0.86473	0	0	0	0	
0	0	0	0	0	0	0	0	0	0	0	0	0	0	0	0	0	0	0	0	0	0	0	0	0	0	0	0	0	0	0	0	0	0	0	0	0	0	0	0	0	0	0	0	13.98565	0	0	0	0	1.79206	0	0	4.25266	0	0	0	0	6.80526	0	0	0	3.90278	0	0	0	0	0	0	0	0	0	0	0	0	0	0	0	0	0	0	0	0	0	0	0	0	0	0	0	0	0	0	0	0	0	0	0	0	0	0	
0	0	0	0	0	0	0	0	0	0	0	0	0	0	0	0	0	0	0	0	0	0	0	0	0	0	0	0	0	0	0	0	0	0	0	0	0	0	0	0	0	0	0	11.70069	0	0	13.49132	0	0	0	9.52158	0	0	0	0	0	0	0	0	11.68027	0	0	0	0	9.30086	0	0	0	0	0	0	0	10.1166	0	0	0	13.39433	0	0	0	0	0	0	0	0	0	0	0	0	0	0	0	0	0	0	0	0	0	0	0	
0	0	0	0	0	0	0	0	0	0	0	0	0	0	0	0	0	0	0	0	0	0	0	0	0	0	0	0	0	0	0	0	0	0	0	0	0	0	0	0	0	0	0	0	0	10.54062	0	10.26355	12.32379	0	0	10.65512	4.05305	0	0	9.4774	0	0	0	0	0	0	0	0	0	0	16.5718	14.73261	0	0	0	0	0	10.29877	0	0	0	0	0	0	0	0	0	0	0	0	0	0	0	0	0	0	0	0	0	0	0	0	0	0	
0	0	0	0	0	0	0	0	0	0	0	0	0	0	0	0	0	0	0	0	0	0	0	0	0	0	0	0	0	0	0	0	0	0	0	0	0	13.22356	0	0	0	0	0	0	0	0	0	0	8.52354	0	0	4.83426	0	0	6.6488	0	8.79555	0	0	12.32495	0	4.25266	0	0	0	0	0	0	0	0	0	0	0	0	6.84386	2.09899	0	0	0	0	0	0	0	0	0	0	0	0	0	0	0	0	0	0	0	0	0	0	0	0	
0	0	0	0	0	0	0	0	0	0	0	0	0	0	0	0	0	0	0	0	0	0	0	0	0	0	0	0	0	0	0	0	0	0	0	0	0	0	0	0	0	0	15.48935	0	0	11.42337	0	13.32721	0	0	6.57618	0	14.13894	0	8.61096	0	0	0	0	0	0	0	0	9.89442	0	0	0	0.86473	0	0	16.41489	0	0	0	0	0	0	0	0	0	0	0	0	0	0	0	0	0	0	0	0	0	0	0	0	0	0	0	0	0	
0	0	0	0	0	0	0	0	0	0	0	0	0	0	0	0	0	0	0	0	0	0	0	0	0	0	0	0	0	0	0	0	0	0	0	0	0	0	0	0	0	0	0	0	0	0	0	9.06691	11.82832	0	0	14.04207	0	0	0	0	0	0	0	0	0	0	0	0	16.89081	0	0	0	0	0	0	0	0	0	0	0	0	0	0	0	0	0	0	0	0	0	0	0	0	0	5.11527	0	0	0	0	0	0	0	0	0	
0	0	0	0	0	0	0	0	0	0	0	0	0	0	0	0	0	0	0	0	0	0	0	0	0	0	0	0	0	0	0	0	0	0	0	0	0	0	0	0	0	0	0	0	0	0	0	8.40275	0	0	0	0	9.52641	21.25362	0	0	0	0	9.69619	8.9009	0	0	0	0	0	0	0	0	0	0	0	0	0	0	0	0	0	0	0	0	0	0	0	0	0	0	0	0	0	0	0	0	0	0	0	0	0	0	9.53442	0	
0	0	0	0	0	0	0	0	0	0	0	0	0	0	0	0	0	0	0	0	0	0	0	0	0	0	0	0	0	0	0	0	0	0	0	0	0	0	0	0	0	0	9.70448	0	0	0	0	0	0	9.01401	0	7.85103	0	7.91623	0	0	0	0	0	0	0	0	0	0	12.2958	0	0	0	0	0	0	0	0	0	0	0	19.90146	0	0	0	0	0	0	0	0	0	0	0	0	0	0	0	0	0	0	0	0	0	0	0	
0	0	0	0	0	0	0	0	0	0	0	0	9.77648	0	0	0	0	0	0	0	0	0	0	0	0	0	0	0	0	0	8.03388	0	0	0	0	0	0	0	0	0	0	0	8.49553	0	0	0	0	6.77313	0	0	9.51997	0	0	17.7456	17.7822	0	7.71824	0	0	0	0	0	0	7.71671	3.73501	9.63318	0	0	0	0	0	0	0	0	0	0	0	0	0	0	0	0	0	0	0	0	0	0	0	0	0	0	0	0	0	0	0	0	0	0	
0	0	0	0	0	0	0	0	0	0	0	0	0	0	0	0	0	0	0	0	0	0	0	0	0	0	0	0	0	0	0	0	0	0	0	0	0	0	0	0	0	0	0	0	0	12.32502	12.95929	0	0.86473	8.49099	4.89412	9.02873	8.98025	0	5.67475	5.12481	0	0	0	0	10.62929	0	0	0	0	0	0	0	0	6.33191	0	0	0	0	0	0	9.3442	0	0	0	0	0	0	0	0	0	0	0	0	0	0	0	0	0	0	0	0	0	0	0	
0	0	0	0	0	0	0	0	0	0	0	0	0	0	0	8.21221	0	0	0	0	0	0	0	0	0	0	0	0	0	0	0	0	0	0	0	6.53845	12.12996	0	0	0	0	0	0	1.40163	0	12.22556	7.70524	8.40973	5.18205	8.47776	0	0	12.87208	0	9.54714	0	0	0	0	4.53403	0	8.33834	0	5.92918	0	10.58679	0	0	10.83522	0	8.34199	0	0	0	0	12.74354	0	15.13982	0	6.95635	0	0	0	0	0	0	0	0	0	0	5.92918	0	0	0	0	0	0	0	0	0	
0	0	0	0	0	0	0	0	0	0	0	0	0	0	0	0	0	0	0	0	0	0	0	0	0	0	11.25427	0	0	0	0	4.89412	0	0	5.52845	0	0	0	0	0	10.65509	0	0	0	0	0	0	0	8.3605	8.83758	1.40163	9.84762	7.9739	0	9.44378	0	7.20908	0	3.99704	0	19.69483	9.86552	0	0	0	8.64095	0	0	0	0	0	0	0	5.47619	0	0	0	0	0	0	0	0	0	0	0	0	0	0	0	0	0	0	0	0	0	0	12.69513	0	0	0	
0	0	0	0	0	0	0	0	0	0	0	0	0	0	0	0	0	0	0	8.39221	0	0	0	0	0	0	0	0	0	0	0	0	0	0	0	0	0	0	0	0	0	0	0	13.2899	0	0	17.64296	14.05264	9.88443	0	9.81117	8.23844	10.99232	0	0	0	12.83381	0	0	5.82444	8.3884	0	0	12.78598	0	9.46572	0	7.56234	0	0	0	0	0	0	0	0	0	0	0	0	0	0	0	0	0	0	0	0	0	0	6.16821	0	0	0	0	0	0	0	0	0	
0	0	0	0	0	0	0	0	0	0	0	0	8.10013	0	0	0	0	0	0	8.97574	0	0	0	0	0	0	0	0	0	0	0	0	0	14.00275	0	0	0	0	0	0	0	7.42435	10.81957	0	7.87013	0	0	4.44222	8.85304	0	3.20323	8.13032	8.30377	3.8756	8.92966	17.33862	4.62566	13.27155	9.10881	0	0	0	0	0	15.38656	0	0	0	0	0	0	0	0	0	0	0	0	0	13.56999	0.86473	0	0	0	0	0	0	0	0	0	0	0	0	0	0	0	0	0	0	0	0	
0	0	0	0	0	0	0	0	0	0	0	0	0	0	0	0	0	0	0	0	0	0	0	13.36936	0	0	0	0	0	0	0	0	0	0	0	0	0	0	10.61803	0	0	0	6.66081	8.48108	20.33589	0	10.80573	6.24117	0	7.52397	8.81672	6.22163	0	0	0	0	0	11.30795	13.65564	9.19166	8.55222	0	0	0	6.39099	0	0	0	0	0	0	0	0	0	0	0	0	0	0	0	0	0	0	0	0	0	0	0	0	0	0	0	0	0	0	0	0	0	0	0	
0	0	7.62369	0	0	0	0	0	0	0	0	0	0	0	0	0	0	0	0	0	0	0	0	0	0	0	0	0	0	0	0	0	0	0	0	0	0	0	0	0	8.12257	0	0	0	0	9.07132	0	3.87671	11.74347	11.9624	0	7.27939	8.89345	7.5379	0	9.47574	0	0	17.92556	0	9.99264	0	6.92706	10.54221	0	0	0	0	0	0	0	6.85034	0	0	0	0	0.86473	0	0	0	0	0	0	0	0	0	0	0	0	0	0	0	0	0	0	0	0	0	0	0	
0	0	0	0	0	0	0	0	0	0	0	9.06911	0	0	0	0	0	0	0	0	0	0	0	0	0	0	0	0	0	0	0	0	8.93518	0	0	0	0	8.41612	11.7936	5.55388	3.43992	6.90746	0	0	10.97817	6.84044	10.9886	9.59372	11.15947	0	12.39215	0	4.05865	8.51374	0	10.30546	9.94166	8.71115	0	0	0	0	0	0	0	0	0	7.59946	0	0	0	0	14.55219	0	0	0.86473	0	0	10.78239	0	0	0	0	0	0	0	0	0	0	0	0	0	0	0	0	6.17269	0	0	0	0	
0	0	0	0	0	0	0	0	0	0	0	0	0	0	0	0	0	0	0	0	0	0	0	0	0	0	0	0	0	0	0	0	0	0	8.01111	10.78451	0	0	0	5.36562	0	11.91829	0	10.04672	14.8286	8.59678	6.37301	7.1736	6.95863	11.35016	11.04086	10.35864	0.86473	10.01667	0	0	6.37574	0	0	9.57182	7.93086	0	15.01717	0	0	0	0	0	0	0	0	0	0	0	0	0	0	0	3.20323	0	0	0	0	0	0	0	0	11.97647	0	0	0	0	0	0	0	0	0	0	0	0	
0	0	0	0	0	0	0	0	9.30648	0	8.64687	0	0	0	0	0	0	0	0	0	0	0	0	0	0	0	10.56819	0	0	0	0	0	0	0	0	19.57209	0	10.77092	11.42682	0	6.96146	10.34139	0	2.35194	0	11.57755	4.83111	8.1186	6.55871	8.20063	0	6.1488	12.90117	0	0	0	6.99008	4.58427	0	0	0	0	0.86473	0	0	0	18.02636	0	0	0	0	0	0	0	0	0	0	0	0	0	0	0	0	0	0	0	0	0	0	0	0	0	0	0	0	0	0	0	0	0	
0	0	0	0	0	0	0	0	0	0	0	11.82016	0	0	17.58462	0	0	0	0	0	0	0	0	0	0	0	0	0	0	0	0	10.55644	0	0	7.57482	0	12.60636	0	0	10.08573	0	0	9.94545	8.53144	10.7859	7.40875	10.55094	9.23403	2.60716	9.42125	12.53508	8.97935	9.73954	8.74253	0	2.56708	8.52401	0	0	11.71451	13.49922	13.24285	0	11.78903	0	0	0	0	0	0	0	0	0	11.23719	0	5.67533	0	0	0	0	0	0	0	4.93342	0	0	0	0	0	0	0	0	0	0	0	0	0	0	0	0	
0	0	0	0	0	0	0	0	0	0	0	0	11.37914	0	0	0	0	0	0	0	0	0	0	0	0	0	0	0	0	9.15265	0	0	7.06614	0	10.77227	0	13.77679	0	11.34676	11.16732	9.83716	10.24024	11.47656	6.58791	7.0741	3.90276	10.51601	10.34867	3.6432	8.40584	6.27112	12.48908	11.49857	9.22256	5.51063	12.90219	7.46082	0	0	9.0801	10.48054	0	0	0	0	12.05567	0	0	0	0	0	0	0	9.60608	0	0	0	0	0	0	11.18516	0	0	0	0	0	0	0	0	0	0	0	0	0	0	0	0	0	0	0	
0	0	0	0	0	0	0	12.61847	0	0	0	9.4972	0	0	0	0	0	0	0	0	0	0	0	0	0	0	0	8.06518	0	0	5.50255	0	10.76208	0	0	0	1.79206	8.56166	7.10738	11.30502	9.33592	5.33781	0	10.9243	9.06839	8.07234	9.13569	9.32858	11.61926	9.07661	5.69487	10.31953	12.75461	7.63565	8.91336	11.06754	7.8865	5.19235	2.72467	8.71891	5.47341	12.15095	8.33834	0	10.92811	0	0	0	0	0	0	0	0	12.09357	0	0	0	0	0	0	0	0	0	0	0	0	0	0	0	0	0	0	0	0	0	0	0	0	0	0	
9.04016	0	0	0	0	0	0	0	7.54684	0	0	0	12.50098	0	0	0	0	0	0	0	0	0	0	0	10.31188	0	0	8.13426	0	0	0	0	6.99364	0	10.07344	8.37448	0	4.58427	10.22235	7.41609	9.11896	7.75315	5.06747	8.97332	10.76605	9.45666	6.18355	9.59078	4.40463	2.80173	9.50025	8.01048	10.60665	5.72526	13.38496	12.54267	9.89193	5.24234	0	9.30579	7.51132	1.40163	0	5.96527	0	8.22414	0	0	0	0	7.93086	0	0	0	0	0	0	0	0	0	0	0	5.268	0	0	17.50062	0	0	0	0	0	0	0	0	0	0	0	0	0	0	
0	0	0	11.68063	0	0	0	0	0	0	0	0	0	0	0	0	0	0	8.38514	0	0	10.09402	0	3.32642	9.51205	7.5178	0	0	9.23358	7.82515	11.65822	0	13.27787	0	0	18.36486	0	8.66024	9.56825	8.88506	7.67181	5.58015	8.18234	9.30114	9.18441	9.84119	7.16629	9.24713	9.74154	8.30058	9.00898	6.3605	11.73912	6.82631	5.40463	10.56522	0	2.29214	6.43787	7.70353	16.5383	7.11822	7.69401	0	0	0	0	0	0	10.4605	0	0	10.61123	0	14.80022	6.92706	11.60659	4.81217	0	14.50381	0	0	0	0	0	0	0	0	0	0	0	0	0	0	0	0	0	0	0	0	
9.33977	0	0	0	10.86283	5.04103	0	0	0	0	0	0	0	0	0	0	0	7.87141	0	0	0	0	0	0	8.635	0	7.95096	8.98843	0	13.95062	10.22586	0	0	0	10.31746	7.10107	6.79123	10.23226	11.85159	6.78328	7.52529	9.16548	7.73034	8.04967	9.33081	8.31597	9.19887	8.61512	7.14122	9.52363	5.16897	9.2068	16.56785	7.71458	9.229	8.4419	9.29614	3.65508	4.6342	7.43711	1.40163	0	7.13352	13.92769	14.37488	12.51198	9.95011	0	0	0	0	0	0	0	8.00651	0	0	0	0	0	0	0	0	0	0	0	0	0	0	0	0	0	0	0	0	3.06853	0	0	0	0	
0	0	0	0	0	0	0	0	4.72528	0	8.09147	0	0	0	0	0	4.89412	9.04016	8.84533	7.46514	10.79178	10.41259	0	0	0	13.77282	0	10.2674	6.20907	10.29501	0	9.63616	10.31931	9.25052	6.824	10.05009	5.64914	9.25051	8.25331	6.84066	8.97251	7.09162	4.77343	7.51958	9.5376	7.30399	7.5195	8.365	8.23149	6.71133	6.17195	9.68824	6.87362	8.0269	4.60536	5.6237	8.5673	8.29374	0	5.82856	4.73633	4.85373	8.95678	0	7.70502	9.7547	1.40163	0	0	0	0	10.40043	0	0	6.48655	0	0	0	10.99406	0	0	0	0	0	0	6.00491	0	0	0	0	0	0	0	0	0	6.16204	0	0	0	0	
0	10.7682	0	0	1.40163	9.36872	0	0	0	0	0	0	0	0	3.82133	9.5503	0	9.60608	8.95829	0	3.20323	0	6.85727	0	0	0	0	0	9.36522	10.75455	6.01476	0	8.00651	4.92089	9.93734	8.18188	9.05388	9.05866	8.17856	8.5177	8.63219	7.13707	6.38233	8.09402	7.73794	6.20653	9.49586	8.9729	7.75239	6.99414	6.77675	8.55465	8.99548	6.60424	8.86787	7.13524	3.90278	8.67576	7.29953	4.76219	0	10.17514	0	11.45367	10.71233	2.56708	8.20056	3.90278	0	0	0	0	0	0	0	14.03185	0	0	0	0	8.18005	0	0	0	0	0	0	0	0	0	0	0	0	0	0	0	0	0	0	0	
0	13.26048	11.42682	0	9.43769	0	0	0	0	0	10.09402	0	0	0	10.74492	15.91671	0	8.47444	0	0	6.16204	10.9987	9.7343	8.87382	5.39406	9.06027	0	4.66446	5.94849	6.53194	9.15057	9.79926	11.18171	10.46352	10.83121	5.66928	8.48412	7.73116	7.45758	6.88789	5.75515	7.25032	8.3983	6.72902	6.45913	6.29871	8.49329	7.23432	8.15256	8.73692	7.64149	9.42913	8.02898	7.05643	6.98028	5.46301	7.91069	6.89718	8.07649	7.77195	0	7.50102	7.64399	10.9552	3.60854	0	3.6432	0	0	0	0	6.79228	0	17.74883	9.26087	0	9.76699	0	16.5702	0	0	0	0	5.2794	0	1.28354	0	0	0	0	0	0	0	0	0	0	0	0	0	0	
0	0	0	0	0	0	0	0	8.40973	0	7.71107	6.80526	0	0	0	0	0	0	9.46572	0	0.86473	0	0	0	0	6.21083	10.34488	0	0.86473	8.83499	3.03943	4.42797	6.27342	10.05717	10.46011	8.0492	8.29139	8.9519	6.9853	8.74848	3.59506	7.64076	8.54322	7.05927	6.43836	7.68693	5.85475	7.97051	8.12892	8.37928	8.37472	6.08255	5.34726	6.50863	7.83081	8.79269	8.43103	8.35657	9.46237	7.32893	9.76905	4.96376	15.60715	6.75056	0	9.49748	0	9.14718	0	0	0	0	0	0	0	0	0	0	0	0	0	6.51273	0	0	0	0	0	6.2832	3.54513	16.14917	0	0	0	0	0	0	0	0	0	0	
0	0	0	0	0	0	0	0	10.53903	7.61767	0.22946	1.40163	0	12.23812	0	0	0	4.48198	6.56371	6.16867	0	0	4.25266	7.37002	7.53066	7.33913	6.70665	9.55023	3.873	9.20574	0	8.93565	4.55199	4.2847	3.83989	9.04554	7.99411	4.53138	10.88066	5.64697	7.69139	6.74524	7.63444	7.83713	7.26334	7.23818	7.65231	7.67115	6.4125	9.32286	7.41858	6.24945	6.32576	6.7628	7.69997	7.25683	7.51508	7.53336	8.67901	8.48895	6.51603	8.88733	8.12813	12.48185	5.90188	8.50479	9.78724	0	0	0	0	0	0	9.27624	10.33682	0	0	0	14.84075	0	0	0	0	0	0	0	0	0	6.34802	0	0.86473	0	0	0	0	0	0	0	0	0	
0	0	9.26087	6.65419	0	4.58427	0	0.86473	7.98797	0	0	0	0	0	0	0	0	6.82049	0	0	0	0	0	11.17759	0	9.30461	0	9.77789	8.39573	8.13677	0	10.66995	0	10.06113	3.87383	8.09708	7.39454	4.88952	1.06456	10.89886	6.39394	10.0694	5.68024	8.06415	6.78068	6.64485	6.0401	8.16142	6.9731	7.00568	7.04484	6.88047	7.27605	7.14902	8.51691	6.12555	7.00925	7.40151	8.49886	5.50502	8.05763	9.32104	2.44706	15.24599	7.16967	0	0	7.34443	4.18914	17.71927	6.55826	0	11.53695	0	2.88675	0	8.6809	0	0	0	0	0	6.33299	0	0	0	0	0	0	0	0	0	0	0	0	0	0	0	0	0	
0	0	0	0	0	0	0	0	0	0	12.27635	8.22018	8.09879	0	14.88083	0	0	6.61294	0	6.85727	0	0	0	0	0	0	4.81217	3.6432	3.11518	0	7.59334	6.87354	4.76896	6.70828	3.81031	8.37821	8.65124	7.5945	5.9499	8.26436	8.92373	4.08553	6.09813	6.52927	7.5047	7.40273	6.11207	5.3997	6.60999	5.54111	6.39853	7.80738	8.79031	6.13442	5.81065	6.60184	7.31274	8.53152	8.97577	8.26498	5.28076	5.43342	7.47469	8.92552	0	6.97906	11.39638	4.64005	0	0	5.21431	0	5.2294	0	0	12.87854	0	0	0	0	0	0	0	0	0	0	0	0	6.39618	0	0	0	0	0	0	0	0	0	0	0	
0	0	0	0	0	3.54513	0	0	0	11.10899	0	0	12.51805	0	0	0	0	0	0	0	0	0	0	8.59077	0	0	7.6048	0	0	4.37624	6.7083	0	0	9.56887	3.90278	6.00491	7.27939	5.86966	0	8.0019	4.22351	7.03938	4.25847	5.47901	10.6017	6.93794	7.21291	10.10227	8.45445	3.60105	6.03208	8.4309	6.33954	6.98951	8.04664	6.34877	6.94028	6.56819	4.17763	6.56217	8.36696	6.02529	3.7622	8.11921	6.3418	6.42131	9.03791	8.55538	4.32371	0	0	3.90278	0	4.76938	0	4.25266	7.27175	0	0	0	0	0	0	0	5.78626	0	0	0	0	0	0	15.39953	0	0	0	0	10.2722	0	0	0	
0	0	0	0	0	0	0	0	0	0	0	9.08883	0	0	0	0	0	8.91103	10.66328	0	0	0	0	8.9568	0	0	0	6.37681	0	0	0	0	4.34267	6.89353	5.41045	0	4.67831	8.54165	0.43237	6.86688	4.6434	8.53768	7.90794	2.29214	0	8.18324	5.43626	5.72705	6.66145	6.51275	7.19131	13.03371	7.36308	4.59432	6.62023	5.22596	6.33501	6.43939	7.15099	8.86371	7.17774	4.89074	0	6.74943	10.34583	0	6.04339	6.19475	14.56768	6.35977	0	0	0	0	0	10.18127	0	8.40275	0	0	0	4.78066	0	0	0	0	0	0	0	0	0	0	0	0	0	0	0	0	0	0	
0	0	0	0	3.77803	0	0	0	0	0	8.5041	0	0.86473	0	0	10.82154	0	0	6.52565	0	4.22843	6.55113	0	0	0	6.78392	5.11527	0	0	4.63812	0	9.33849	10.21853	0	0	8.71046	8.9663	2.56708	13.63883	10.77143	3.24617	7.64751	5.12156	7.50481	4.89763	5.20007	11.97028	3.96964	8.33338	7.80787	8.63956	6.13633	8.07682	6.87254	5.80302	7.87654	6.20895	6.16221	6.46157	6.27988	4.99504	6.22991	6.81598	3.08664	8.62743	0	6.45309	12.51476	0	6.58854	9.54973	11.11167	8.48735	9.7165	8.24971	0	6.47841	0	0	0	7.0029	0	0	0	0	13.2026	0	0	0	4.67979	0	0	0	0	0	0	0	0	0	0	
0	0	0	0	0	0	0	0	0	0	0	3.90278	8.04836	0	0	12.21015	0	0	0	0.86473	0	0	0	0	0	0	0	0	0	3.90969	1.40163	4.70834	0	0	0	11.45367	0	0	0	2.91993	1.92155	4.35071	6.28785	4.98188	6.35393	5.64744	4.77176	7.03725	5.99253	2.38398	0	0	6.98477	10.99229	0	5.1981	9.83699	5.91913	5.84051	5.95873	8.32016	8.36494	7.90331	6.92379	5.36317	4.27892	6.21083	8.03297	0	8.93707	0	10.43886	6.87736	8.27856	10.26163	0	2.35194	0	5.52845	0	0	0	0	0	0	0	0	0	0	0	0	0	0	0	0	0	0	0	0	0	
0	0	0	12.43364	0	0	0	0	0	0	0	0	0	0	0	0	0	0	0	0	0	0	5.69775	0	0	0	7.55713	8.09692	9.27432	10.06446	0	0	0	0	0	10.12032	0	0.86473	0	5.48944	3.95621	0	0	0	4.88307	10.75181	6.66532	7.32443	5.29301	4.09403	5.51339	5.46106	7.60316	7.01925	7.66019	7.36042	6.13775	6.23327	6.24088	5.53944	6.97231	8.11654	7.96938	8.03636	8.5483	9.1937	6.19674	3.20323	9.35904	7.58275	4.58478	6.68846	4.95394	6.34428	8.07715	0	11.92257	0	7.87678	7.36091	1.96584	3.97987	8.77136	0	0	0	0	0	0	0	0	0	0	0	0	0	0	2.75427	0	13.29247	
0	0	7.05949	0	0	0	0	0	0	0	0	0	0	0	0	0	0	0	0	0	6.63695	0	0	0	0	7.81992	0	9.0175	0	13.93323	0	11.13872	9.21974	0	8.03388	0	0	5.74289	5.77311	0	9.3306	0	0	9.50519	10.93297	9.87941	2.03398	5.25531	0.86473	6.5169	3.90278	10.78843	4.96873	5.11017	7.71009	8.52407	0	6.14086	7.85636	4.9109	2.6413	4.19275	7.24641	0.46721	4.55818	5.83025	4.4377	0	9.27653	3.86188	4.27128	6.22068	5.09592	9.31846	2.75427	0	5.86279	0	5.85846	4.48198	0	5.02166	0	0	0	0	0	0	3.54513	0	0	0	0	0	0	0	0	0	0	0	
0	0	0	0	0.86473	0	0	0	0	0	0	0	6.75131	0	0	0	0	0	0	0	0	10.39692	0	0	0	0	0	5.47672	0	0	0	2.91993	8.28237	0	0	0	8.87591	0	4.05305	7.10107	0	0	10.91872	0	10.15242	0	4.39106	6.36248	10.42734	8.03253	7.03035	3.17873	11.00736	3.53938	6.38519	0.43237	0	5.4155	8.05323	1.86751	6.72121	7.13397	7.94124	7.0413	5.25589	7.90345	7.53132	1.90276	7.33128	6.15286	5.85876	0	0	9.56093	0	6.28584	12.60071	5.15646	0	0	0	0	0	0	7.31702	1.40163	0	0	0	0	0	0	0	0	0	0	7.22501	0	0	0	
0	0	0	0	0	0	0	0	5.04526	0	0	0	17.05263	0	0	0	7.81467	0	0	0	0	0	0	0	12.62166	0	0	0	0	0	0	0	0	0	8.02936	8.74951	0	6.27342	0	0	0	0	4.42797	7.26406	0	11.4374	9.3723	7.77736	0	3.8025	0	12.84561	9.96367	6.85774	0	3.97987	0	6.39625	0	4.78379	9.16694	3.06853	3.8495	5.11527	3.88881	5.25159	6.6113	5.00633	7.95015	8.00744	9.27158	5.84497	7.15163	9.69594	7.3492	4.70373	7.23136	7.41049	0	0	5.94849	0.86473	8.74056	0	7.85093	15.54836	9.03791	5.88977	5.36562	0	0	0	0	11.94691	0	0	0	0	0	0	
0	0	0	0	0	0	0	0	0	0	0	0	0	0	0	0	0	0	0	0	6.38324	0	0	0	0	0	0	0	0	6.87756	0	0	0	0	6.80526	0	0	0	0	0	8.61399	0	9.69165	8.9568	2.08082	0	0	0	5.50255	4.65505	9.53442	0	0	1.45997	2.97147	6.2722	0	0	6.83959	8.24184	10.52623	4.53666	2.17957	5.2817	6.33974	9.18671	3.27286	7.16616	6.81831	12.67173	6.90653	7.06411	5.08351	5.2184	5.07003	0	1.66321	0	8.94563	0	0	0	2.35194	0	0	0	6.43884	0	0	0	0	0	0	0	0	0	0	0	0	0	
0	0	0	0	7.3318	0	0	0	0	0	0	4.93342	0	2.75427	0	0	0	0	0	0	0	0	0	0	0	0	0	0	0	0	0	0	0	0	0	0	0	0	0	9.23638	0	0	10.34322	0	4.34955	0	0.43237	0	0	0	4.31349	0	0	0	8.7161	0	0	0	0	5.74269	8.47185	0	6.10652	6.4392	9.20281	0	2.3399	7.6558	8.50324	5.85924	7.60679	7.37899	6.36778	5.07346	0	0	6.35767	2.35194	5.11961	6.00491	3.73501	5.44933	0	0	9.67435	0	4.37187	9.63312	0	5.47963	0	0	0	0	0.86473	0	0	0	0	0	
0	0	0	0	0	0	0	0	0	0	0	0	0	0	0	0	0	5.44461	0	0	0	4.48198	8.32731	0	0	0	7.65341	0	0	0	0	0	0	5.87836	4.53403	0	0	0	0	0	0	0	0	0	0	0	0	0	0	0	0	0	0	0	0	6.39914	10.25392	8.04938	3.97987	1.40163	0	5.53396	4.33376	0	7.54861	7.32422	6.35023	7.11651	4.96813	4.55163	5.98373	4.78627	7.15311	7.01538	6.68337	4.28207	7.81449	0	7.58719	4.24653	0	0	5.8052	0	8.74123	7.45897	0	0.86473	0	8.87039	0	0	0	0	0	0	8.22347	0	0	0	
0	0	0	0	0	0	0	0	7.60315	0	0	0	0	0	0	0	0	0	0	0	0	0	0	0	0	0	0	3.6432	0	0	0	0	0	0	0	0	0	0	0	9.73181	0	0	0	0	0	3.20323	0	5.21431	8.44415	0	0	11.25378	0	0	0	0	0	0	6.64907	0	8.14718	0	9.03014	8.04102	8.07715	5.34086	5.19046	0	0	7.6454	8.03734	5.65137	8.14533	8.27002	3.82964	11.239	1.28354	0	0	7.00237	7.42617	8.44015	8.92059	7.29501	5.55196	0	0	0	0	0	6.72915	0	9.25888	0	0	0	0	0	0	0	
0	0	0	0	0	0	0	0	0	0	0	0	0	5.60345	0	0	0	0	0	3.6432	0	0	0	0	0	7.36431	0	0	0	0	0	0	0	0	4.48198	0	0	5.56686	0	0	10.13673	0	0.86473	10.14617	4.18914	0	0	0	0	0	8.71046	7.20908	0	0	11.0852	0	0	0	0	6.15366	4.64812	0	5.29113	9.22767	4.72528	2.59864	6.66897	1.40163	0	4.65684	6.42356	0	5.79611	6.78071	8.37804	8.28962	4.79484	4.97109	7.24511	3.56397	0	8.0288	4.12271	6.87695	2.36264	0	0	3.97987	3.80158	0	9.78724	0	0	4.93342	0	0	0	0	5.10918	0	
0	0	0	0	0	0	0	12.65676	0	0	0	0	0	0	0	0	0	0	0	0	0	0	1.79206	0	0	0	0	0	8.74951	0	0	0	0	0	10.53028	0	0	0	0	0	0	6.71843	0	0	0	0	5.58703	0	0	0	0	0	9.28576	0	0	0	5.43967	11.19184	0	2.02062	7.44353	0	0	6.59944	0	7.73906	0	8.33493	6.68424	12.08159	11.97565	5.01119	9.45226	6.05073	6.04134	5.05348	3.38363	0.86473	5.95437	7.21712	7.31568	4.81277	2.4223	0	6.70216	0	1.40163	2.55764	0	0	6.88759	9.50206	0	0	0	0	8.40275	0	0	0	
0	0	0	0	0	0	0	0	0	0	0	0	0	0	0	0	0	0	0	0	0	0	0	0	0	0	0	0	0	0	0	0	0	0	0	0	0	3.83527	0	0	0	0	0	0	0	0	0	0	0	0.86473	0	5.14079	0	2.21274	0	0	4.25266	5.91904	0	0	0.86473	0	10.28934	9.54079	5.08069	7.04089	0	0	7.20505	7.94935	0	9.46739	5.25322	7.39872	7.6932	4.60589	0	3.48774	7.37631	6.05892	2.30529	7.67675	5.04526	0.86473	0	0	3.34189	0	0	0	0	0	5.85669	4.90711	6.40504	0	0	0	0	0	
0	0	0	0	0	0	0	7.24857	0	0	0	0	0	0	0	0	0	0	0	0	0	0	0	0	0	0	0	0	0	0	0	0	0	0	0	0	0	4.63652	0	5.55388	0	0	0	0	0	0	0	0	0	0	5.92399	0	0	10.03991	7.3208	0	0	10.93756	9.65244	10.9366	0	0.86473	0	8.39714	8.50259	10.66839	0	0	6.54171	4.79783	9.73529	3.47146	5.00349	6.83085	1.79206	7.25266	6.07561	0	8.15869	4.82336	7.84549	8.04738	3.00246	5.20719	4.0644	0	0	2.3247	0	0	4.05305	0	0	0	0	3.37647	0	0	0	0	
0	0	0	0	0	0	0	0	0	0	0	0	0	0	0	0	0	0	0	0	0	0	0	0	0	11.75482	0	0	0	0	0	0	0	0	0	0	0	5.44933	0	0	0	0	0	0	8.80882	0	0	0	11.98058	0	0	0	0	0	0	2.75427	0	0	0	0	0	0	7.62189	0	0	7.86086	7.19115	6.32726	0	5.69283	3.23733	0	4.96028	0	9.23948	5.51232	0	6.92302	5.28052	6.00617	2.81497	0	2.71024	0	10.80508	7.02277	0	0	0	0	11.4095	0	0	0	0	0	0	2.09899	0	0	
0	0	0	0	0	0	0	0	0	0	0	0	10.58139	0	0	0	0	0	0	0	0	0	0	0	0	0	0	0	0	0	0	0	0	0	0	0	0	0	0	0	0	0	0	0	0	0	0	9.75333	0	0	0	0	13.53279	0	0	0	0	0	0	4.89475	0	0	0	6.01859	3.20323	11.13819	8.50404	0	5.55388	0	0	9.38298	0	0	0	1.16687	6.63957	7.77901	4.89331	4.31008	0	7.79323	6.47538	2.9349	4.22245	3.02067	3.4499	0	6.81581	0	0	0	0	7.32443	0	0	0	0	0	0	
0	0	0	0	0	0	0	0	0	0	0	0	0	0	0	0	0	0	0	0	0	0	0	0	0	0	0	0	0	0	0	0	9.8256	0	0	0	0	0	0	0	5.72039	0	0	0	0	0	0	0	0	0	0	0	0	0	0	0	3.81752	0	0	0	13.56932	0	0	5.57469	0	3.20323	0	0	6.16545	0	0	0	9.00139	0	0	4.63282	0	0	8.74594	9.11344	7.98996	5.18205	9.43354	0	3.20323	0	0	0	0	3.06853	7.12478	4.31134	4.07395	0	0	0	0	0	0	0	
0	0	0	0	0	0	0	3.02961	0	0	0	0	0	0	0	0	0	0	0	0	0	0	0	0	0	0	0	1.79206	0	0	0	0	0	0	0	0	0	0	0	0	0	0	0	0	0	0	0	0	0	0	0	0	0	0	0	0	0	0.86473	0	0	0	0	0	0	0	0	0	0	0	0	3.23664	3.246	7.25814	11.79571	0	5.69775	9.20978	0	8.91888	13.05258	0	5.2793	0	6.96548	2.09899	7.90281	0	9.79251	0	0	0	13.70463	0	0	0	9.36513	0	0	0	0	
0	0	0	0	0	0	0	0	0	0	0	0	0	0	0	0	0	0	0	0	9.53122	0	0	0	0	0	0	0	0	0	0	0	0	0	0	0	0	0	0	0	0	0	0	0	0	0	0	0	0	0	0	0	0	0	0	0	0	0	0	11.07974	0	0	0	0	6.31864	8.25549	8.57414	7.27603	0	0	0	0	0	0	0	2.56708	6.57944	0	0	0	3.02067	0	0	0	2.61145	5.62761	6.9521	3.64148	7.16849	0	9.57691	5.84925	12.46896	8.2042	0	6.84701	0	0	0	0	
0	0	0	0	0	0	0	0	0	0	0	0	0	0	0	0	0	0	0	0	0	0	0	0	0	0	0	0	0	0	0	0	0	0	0	0	0	0	0	0	0	0	0	0	0	0	0	0	5.36562	0	0	0	0	0	0	0	0	0	0	0	0	0	0	0	0	0	0	0	0	6.17849	8.66741	8.35652	6.32215	0	8.43391	4.42797	0	9.8386	0	0	0	7.33913	7.46326	0	4.82622	0	1.79206	0	0	4.03274	0	0.89603	2.40609	0	3.20323	0	0	0	0	0	
0	0	0	0	0	0	0	0	0	0	0	0	0	0	0	6.39014	0	0	0	0	0	0	0	0	0	0	0	0	0	0	0	0	0	0	6.80526	0	0	0	0	0	0	0	0	0	0	0	0	0	0	0	0	0	0	0	0	0	0	0	0	0	0	0	0	0	0	0	0	4.18914	0	0	0	0	0	5.69775	0	0	0	0.43237	0	0	0	0	0	0	1.13318	0	6.86741	3.23664	7.78275	10.11787	8.02936	0	10.58293	0	0	0	0	0	0	0	
0	0	0	0	0	0	0	0	0	0	0	0	0	0	0	0	0	0	0	0	0	0	0	0	0	0	0	0	0	0	0	0	0	0	0	0	0	0	0	0	0	0	0	0	0	0	0	0	5.30698	0	0	0	0	0	0	0	0	0	0	8.3709	0	0	0	0	0	5.06885	0	0	0	0	0	7.3318	0	0	0	0	0	14.03037	0	4.93825	9.92032	0	0	10.32024	0	0	0	0	0	0	0	0	0	0	0	0	0	0	0	0	
0	0	0	0	0	0	0	0	0	0	0	0	0	0	0	0	0	0	0	0	0	0	0	0	0	0	0	0	0	0	0	0	0	0	0	0	0	0	0	0	0	0	0	0	0	0	0	0	0	0	0	0	0	0	0	4.00113	0	0	8.72732	0	0	0	0	0	11.97853	0	0	0	0	0	0	0	0	1.79206	0	0	5.27675	0	0	0	3.21244	5.38697	4.04271	7.67374	0	0	0	7.3681	6.71689	0	4.97167	7.99727	12.59147	0	0	0	0	0	0	0	
0	0	0	0	0	0	0	0	0	0	0	0	0	0	0	0	0	0	0	0	0	0	0	0	0	0	0	0	0	0	0	0	0	0	0	0	0	0	0	0	0	0	0	0	0	0	0	0	0	0	0	0	0	0	0	0	0	0	0	0	0	0	0	0	0	0	0	0	0	0	0	0	0	0	0	0	0	0	0	0	0	0	0	0	0	0	0	0	0	0	0	8.84275	0	0	0	0	0	0	0	0	
0	0	0	0	0	0	0	0	0	0	0	0	0	0	0	0	0	0	0	0	0	0	0	0	0	0	0	0	0	0	0	0	0	0	0	0	0	0	0	0	0	0	0	0	0	0	0	0	0	0	0	0	0	0	0	0	0	0	0	0	0	0	0	0	0	0	0	0	0	0	6.87826	0	0	0	0	0	0	0	0	10.66764	0	0	0	8.8324	0	0	0	0	0	0	5.0889	14.69586	0	0	0	0	0	0	0	0	
0	0	0	0	0	0	0	0	0	0	0	0	0	0	0	0	0	0	0	0	0	0	0	0	0	0	0	0	0	0	0	0	0	0	0	0	0	0	0	0	0	0	0	0	0	0	0	0	0	0	0	0	0	0	0	0	0	0	0	0	0	0	0	0	0	0	0	0	0	0	4.18914	0	0	0	0	0	0	0	0	0	0	0	0	0	0	0	3.06853	0	0	0	0	0	0	0	0	0	0	0	0	0	
0	0	0	0	0	0	0	0	0	0	0	0	0	0	0	0	0	0	0	0	0	0	0	0	0	0	0	0	0	0	0	0	0	0	0	0	0	0	0	0	0	0	0	0	0	0	0	0	0	0	0	0	0	0	0	0	0	0	0	0	0	0	0	0	0	0	0	0	0	7.94535	1.79206	0	0	0	0	0	0	0	4.12271	0	0	0	0	0	0	0	0	0	8.78216	1.79206	0	0	0	0	0	0	0	0	0	0	
0	0	0	0	0	0	0	0	0	0	0	0	0	0	0	0	0	0	0	0	0	0	0	0	0	0	0	0	0	0	0	0	0	0	0	0	0	0	0	0	0	0	0	0	0	0	0	0	0	0	0	0	0	0	0	0	0	0	0	0	0	0	0	0	0	0	0	0	0	0	0	0	0	0	0	0	0	0	0	0	0	0	0	0	0	0	0	0	0	0	0	0	0	0	0	0	0	0	0	0	
0	0	0	0	0	0	0	0	0	0	0	0	0	0	0	0	0	0	0	0	0	0	0	0	0	0	0	0	0	0	0	0	0	0	0	0	0	0	0	0	0	0	0	0	0	0	0	0	0	0	0	0	0	0	0	0	0	0	7.99727	0	0	0	0	0	0	0	0	0	0	0	0	0	0	0	0	6.21083	0	0	0	0	0	0	0	0	0	0	0	0	0	0	0	0	0	0	0	0	0	0	0	0	
0	0	0	0	0	0	0	0	0	0	0	0	0	0	0	0	0	0	0	0	0	0	0	0	0	0	0	0	0	0	0	0	4.85373	0	0	0	0	0	0	0	0	0	0	0	0	0	0	0	0	0	0.86473	0	0	0	0	0	0	0	0	0	0	0	3.82133	0	0	0	0	0	0	0	0	0	0	0	0	4.58427	0	0	0	0	0	0	0	0	0	0	0	0	0	0	0	0	0	0	0	0	0	0	0	0	
0	0	0	0	0	0	0	0	0	0	0	0	0	0	0	0	0	0	0	0	0	0	0	0	0	0	0	0	0	0	0	0	0	0	0	0	0	0	0	0	0	0	0	0	0	0	0	0	0	0	0	0	0	0	0	0	0	0	0	0	0	0	0	0	0	0	0	0	0	0	0	0	0	0	0	0	0	0	0	0	0	0	0	0	0	0	0	0	0	0	0	0	0	0	0	0	0	0	0	0	
0	0	0	0	0	0	0	0	0	0	0	0	0	0	0	0	0	0	0	0	0	0	0	0	0	0	0	0	0	0	0	0	0	0	0	0	0	0	0	0	0	0	0	0	0	0	0	0	0	0	0	0	0	0	0	0	0	0	0	0	0	0	0	0	0	0	0	0	0	0	0	0	0	0	0	0	0	0	0	0	0	0	0	0	0	0	0	0	0	0	0	0	0	0	0	0	0	0	0	0	
0	0	0	0	0	0	0	0	0	0	0	0	0	0	0	0	0	0	0	0	0	0	0	0	0	0	0	0	0	0	0	0	0	0	0	0	0	0	0	0	0	0	0	0	0	0	0	0	0	0	0	0	0	0	0	0	0	0	0	0	0	0	0	0	0	0	0	0	0	0	0	0	0	0	0	0	0	0	0	0	0	0	0	0	0	0	0	0	0	0	0	0	0	0	0	0	0	0	0	0	
0	0	0	0	0	0	0	0	0	0	0	0	0	0	0	0	0	0	0	0	0	0	0	0	0	0	0	0	0	0	0	0	0	0	0	0	0	0	0	0	0	0	0	0	0	0	0	0	0	0	0	0	0	0	0	0	0	0	0	0	0	0	0	0	0	0	0	0	0	0	0	0	0	0	0	0	0	0	0	0	0	0	0	0	0	0	0	0	0	0	0	0	0	0	0	0	0	0	0	0	
0	0	0	0	0	0	0	0	0	0	0	0	0	0	0	0	0	0	0	0	0	0	0	0	0	0	0	0	0	0	0	0	0	0	0	0	0	0	0	0	0	0	0	0	0	0	0	0	0	0	0	0	0	0	0	0	0	0	0	0	0	0	0	0	0	0	0	0	0	0	0	0	0	0	0	0	0	0	0	0	0	4.12271	0	0	0	0	0	0	0	0	0	0	0	0	0	0	0	0	0	0	
0	0	0	0	0	0	0	0	0	0	0	0	0	0	0	0	0	0	0	0	0	0	0	0	0	0	0	0	0	0	0	0	0	0	0	0	0	0	0	0	0	0	0	0	0	0	0	12.42634	0	0	0	0	0	0	0	0	0	0	0	0	0	0	0	0	0	0	0	0	0	0	0	0	0	0	8.56429	0	0	0	0	0	0	0	0	0	0	0	0	0	0	0	0	0	0	0	0	0	0	0	0	0	
