0	0	0	0	0	0	0	0	0	0	0	0	0	0	0	0	0	0	0	0	0	0	0	0	0	0	0	0	0	0	0	0	0	0	0	0	0	0	0	0	0	0	0	0	0	0	0	0	0	0	0	9.61455	0	0	0	0	0	0	0	0	0	0	0	0	0	0	0	0	0	0	0	0	0	0	0	0	0	0	0	0	0	0	0	0	0	0	0	0	0	0	0	0	0	0	0	0	0	0	0	0	
0	0	0	0	0	0	0	0	0	0	0	0	0	0	0	0	0	0	0	0	0	0	0	0	0	0	0	0	0	0	0	0	0	0	0	0	0	0	0	0	0	0	0	0	0	0	0	12.83901	0	0	0	0	0	0	0	0	0	0	0	0	0	0	0	7.15301	0	0	0	0	0	0	0	0	0	0	0	0	0	0	0	0	0	0	0	0	0	0	0	0	0	0	0	0	0	0	0	0	0	0	0	0	
0	0	0	0	0	0	0	0	0	0	0	0	0	0	0	0	0	0	0	0	0	0	0	0	0	0	0	0	0	0	0	0	0	0	0	0	0	0	0	0	0	0	0	0	0	0	0	0	0	0	0	0	0	0	8.60946	0	0	0	0	0	0	0	0	0	0	0	0	0	0	0	0	0	0	0	0	0	0	0	0	0	0	0	0	0	0	0	0	0	0	0	0	0	0	0	0	0	0	0	0	0	
0	0	0	0	0	0	0	0	0	0	0	0	0	0	0	0	0	0	0	0	0	0	0	0	0	0	0	0	0	0	0	0	0	0	0	0	0	0	0	0	0	0	0	0	0	0	11.33059	10.28658	0	0	0	0	0	0	0	0	0	0	0	0	0	0	0	0	0	0	0	0	0	0	0	0	0	0	0	0	0	0	0	0	0	0	0	0	0	0	0	0	0	0	0	0	0	0	0	0	0	0	0	0	
0	0	0	0	0	0	0	0	0	0	0	0	0	0	0	0	0	0	0	0	0	0	0	0	0	0	0	0	0	0	0	0	0	0	0	0	0	6.6803	0	0	0	0	0	12.84295	0	0	0	0	0	0	0	0	0	0	0	0	0	0	0	0	0	0	0	0	0	0	0	0	0	0	0	0	0	0	0	0	0	0	0	0	0	0	0	0	0	0	0	0	0	0	0	0	0	0	0	0	0	0	0	0	
0	0	0	0	0	0	0	0	0	0	0	0	0	0	0	0	0	0	0	0	0	0	0	0	0	0	0	0	0	0	0	0	0	0	0	0	0	0	0	0	0	0	0	0	0	0	0	0	0	0	0	0	0	0	0	0	0	0	0	0	0	0	0	0	0	0	0	0	0	0	0	0	7.45646	0	0	0	0	0	0	0	0	0	0	0	0	0	0	0	0	0	0	0	0	0	0	0	0	0	0	0	
0	0	0	0	0	0	0	0	0	0	0	0	0	0	0	0	0	0	0	0	0	0	0	0	0	0	0	0	0	0	0	0	0	0	0	0	0	0	0	0	0	0	0	0	0	0	0	0	0	0	0	0	0	0	0	0	0	0	0	0	0	0	0	0	0	0	0	0	0	0	0	0	0	0	10.10453	0	0	0	0	0	0	0	0	0	0	0	0	0	0	0	0	0	0	0	0	0	0	0	0	0	
0	0	0	0	0	0	0	0	0	0	0	0	0	0	0	0	0	0	0	0	0	0	0	0	0	0	0	0	0	0	0	0	0	0	0	0	0	0	0	0	0	0	0	0	0	0	0	0	0	0	0	9.02036	0	0	0	14.14528	0	0	3.41579	0	0	0	0	0	0	0	0	0	0	0	0	0	0	0	0	0	0	0	0	0	0	0	0	0	0	0	0	0	0	0	0	0	0	0	0	0	0	0	0	0	
0	0	0	0	0	0	0	0	0	0	0	0	0	0	0	0	0	0	0	0	0	0	0	0	0	0	0	0	0.6204	0	0	0	0	0	0	0	0	0	0	0	0	0	0	0	0	0	0	0	0	0	0	0	0	0	0	0	0	0	0	0	0	0	0	0	0	0	0	8.89158	0	0	0	0	0	0	0	0	0	0	0	0	0	0	0	0	0	0	0	0	0	0	0	0	0	0	0	0	0	0	0	0	
0	0	0	0	0	0	0	0	0	0	0	0	0	0	0	0	0	0	0	0	0	0	0	0	0	0	0	0	0	0	0	0	0	0	0	0	0	0	0	0	0	0	0	0	0	0	0	0	0	0	0	0	0	0	0	5.18843	0	0	0	0	0	0	0	0	0	0	0	0	0	0	0	0	0	0	0	0	0	0	0	0	0	0	0	0	0	0	0	0	0	0	0	0	0	0	0	0	0	0	0	0	
0	0	0	0	0	0	0	0	0	0	0	0	0	0	0	0	0	0	0	0	0	0	0	0	0	0	0	0	0	0	0	0	0	0	0	0	0	0	0	0	0	0	0	0	0	0	0	0	0	0	0	0	0	0	0	0	0	0	0	0	0	0	0	0	0	0	0	13.37377	0	0	0	0	0	0	0	0	0	0	0	0	0	0	0	0	0	0	0	0	0	0	0	0	0	0	0	0	0	0	0	0	
0	0	0	0	0	0	0	0	0	0	0	0	0	0	0	0	0	0	0	0	0	0	0	0	0	0	0	0	0	0	0	0	0	0	0	0	0	0	0	0	0	0	0	0	0	0	0	0	0	0	0	0	5.67166	0	0	0	10.47189	0	0	0	0	0	0	0	0	0	0	0	0	0	0	12.82778	0	0	0	0	0	0	0	0	0	0	0	0	0	0	0	0	0	0	0	0	0	0	0	0	0	0	0	0	
0	0	0	0	0	0	0	0	0	0	0	0	0	0	0	0	0	0	0	0	0	0	0	0	0	0	0	0	0	0	0	0	0	0	0	0	0	0	0	0	0	0	0	0	0	0	0	0	0.6204	0	0	0	9.99939	0	0	0	0	0	0	0	0	0	0	0	0	0	0	1.88233	0	0	0	0	0	0	0	0	0	0	0	0	0	0	0	0	0	0	0	0	0	0	0	0	0	0	0	0	0	0	0	0	
0	0	0	0	0	0	0	0	0	0	0	0	0	0	0	0	0	0	0	0	0	0	0	0	0	0	0	0	0	0	12.29249	0	0	0	0	0	0	0	0	3.55421	0	0	0	0	0	0	0	10.11085	0	0	0	0	0	0	0	0	0	5.52785	1.38515	0	11.01756	0	0	11.9934	0	0	0	0	0	0	0	0	0	0	0	0	0	0	0	0	0	0	0	0	0	0	0	0	0	0	0	0	0	0	0	0	0	0	0	0	
0	0	0	0	0	0	0	0	0	0	0	0	0	0	0	0	0	0	0	0	0	0	0	0	0	0	0	0	0	0	0	0	0	0	0	0	0	0	0	0	0	0	0	0	0	0	0	0	0	0	0	0	0	0	4.09474	0	0	0	0	0	0	0	0	0	0	0	0	0	0	0	0	0	0	0	0	0	0	0	0	0	0	0	0	0	0	0	0	0	0	0	0	0	0	0	0	0	0	0	0	0	
0	0	0	0	0	0	0	0	0	0	0	0	0	0	0	0	0	0	0	0	0	0	0	0	0	0	0	0	0	0	0	0	0	0	0	0	0	0	0	0	0	0	11.4348	0	0	0	0	0	0	0	0	0	9.52374	0	0	0	0	0	0	7.72546	0	0	0	0	0	0	0	0	0	0	0	8.06352	0	0	0	0	0	0	0	0	0	0	0	0	0	0	0	0	0	0	0	0	0	0	0	0	0	0	0	0	
0	0	0	0	0	0	0	0	0	0	0	0	0	0	0	0	0	0	0	0	0	0	0	0	0	0	0	0	0	0	0	0	0	0	0	0	0	0	0	0	0	0	0	8.26944	0	0	0	9.46409	0	0	0	9.09747	0	0	0	0	0	0	9.7028	0	0	0	0	0	0	0	0	0	0	0	0	0	0	0	0	0	0	0	0	0	0	0	0	0	0	0	0	0	0	0	0	0	0	0	0	0	0	0	0	0	
0	0	0	0	0	0	0	0	0	0	0	0	0	0	0	0	0	0	0	0	0	0	0	0	0	0	0	0	0	0	0	0	0	0	0	0	0	0	0	0	0	0	6.35053	0	0	0	0	0	0	0	0	0	0	0	0	8.28845	0	0	0	0	0	0	0	0	0	0	1.0529	0	0	0	0	0	0	0	0	0	0	0	0	0	0	0	0	0	0	0	0	0	0	0	0	0	0	0	0	0	0	0	0	0	
0	0	0	0	0	0	0	0	0	0	0	0	0	0	0	0	0	0	0	0	0	0	0	0	0	0	0	0	0	0	0	0	0	0	0	0	0	0	0	0	14.91092	0	0	0	0	0	0	0	0	0	0	0	0	0	0	0	0	0	0	0	0	0	0	0	0	0	0	0	0	0	0	0	0	0	0	0	0	0	0	0	0	0	0	0	0	0	0	0	0	0	0	0	0	0	0	0	0	0	0	0	
0	0	0	0	0	0	0	0	0	0	0	0	0	0	0	0	0	0	0	0	0	0	0	0	0	0	0	0	0	0	0	0	0	0	0	0	0	0	0	0	0	0	0	0	0	0	0	8.79193	0	0	6.26054	0	0	0	0	0	0	0	0	0	0	0	0	0	0	0	0	0	0	0	0	0	0	0	0	0	7.5254	0	0	0	0	0	0	0	0	0	0	0	0	0	0	0	0	0	0	0	0	0	0	0	
0	0	0	0	0	0	0	0	0	0	0	0	0	0	0	0	0	0	0	0	0	0	0	0	0	0	0	0	0	0	0	0	0	0	0	0	0	0	0	0	0	0	0	0	0	0	0	13.13156	0	0	9.09808	12.76824	0	0	0	0	8.18166	0	9.41096	0	9.1752	0	0	0	0	13.67128	0	0	0	0	0	0	0	0	0	0	0	0	0	0	0	0	0	0	0	0	0	0	0	0	0	0	0	0	0	0	0	0	0	0	
0	0	0	0	0	0	0	0	0	0	0	0	0	0	0	0	0	0	0	0	0	0	0	0	0	0	0	0	0	0	0	0	0	0	0	0	0	0	0	0	0	8.35152	0	0	0	0	0	0	0	0	0	0	0	0	0	0	0	0	0	0	0	0	0	0	0	0	0	0	14.13996	0	0	0	0	0	0	0	0	0	0	0	0	0	0	0	0	0	0	0	0	0	0	0	0	0	0	0	0	0	0	0	
0	0	0	0	0	0	0	0	0	0	0	0	0	0	0	0	0	0	0	0	0	0	0	0	0	0	0	0	0	0	0	2.78885	14.78263	0	0	0	0	0	0	0	0	0	0	0	0	0	0	9.1752	0	0	0	0	0	0	0	0	0	0	0	0	0	0	0	0	0	0	0	0	0	0	0	0	0	0	0	0	0	0	0	0	0	0	0	0	0	0	0	0	0	0	0	0	0	0	0	0	0	0	0	0	
0	0	0	0	0	0	0	0	0	0	0	0	0	0	0	0	0	0	0	0	0	0	0	0	0	0	0	0	0	0	0	5.49385	0	0	10.18265	0	0	0	0	0	0	0	0	0	0	0	0	0	0	0	0	0	0	0	0	0	0	0	0	0	0	0	0	0	0	0	0	0	0	0	0	0	0	0	0	0	0	0	0	0	0	0	0	0	0	0	0	0	0	0	0	0	0	0	0	0	0	0	0	0	
0	0	0	0	0	0	0	0	0	0	0	0	0	0	0	0	0	0	0	0	0	0	0	0	0	0	0	0	0	0	0	0	0	0	0	0	0	0	0	0	0	0	0	9.44362	0	0	0	0	0	15.81275	0	0	0	0	8.53199	0	0	0	0	0	0	0	0	0	0	0	0	0	0	0	0	0	0	0	0	0	0	0	0	10.48315	0	0	0	0	0	0	0	0	0	0	0	0	0	0	0	0	0	0	0	0	
0	0	0	0	0	0	0	0	0	0	0	0	0	0	0	0	0	0	0	0	0	0	0	0	0	0	0	0	0	0	0	0	6.41554	0	0	0	0	0	0	0	0	0	0	0	0	0	0	3.55421	0	0	3.86281	11.72662	0	0	0	0	0	0	9.73315	0	0	0	0	0	0	0	0	0	0	0	4.95844	0	0	0	0	0	0	0	0	0	0	0	0	0	0	8.13504	0	0	0	0	0	0	0	0	0	0	0	0	0	0	
0	0	0	0	0	0	0	0	0	0	0	0	0	0	0	0	0	0	0	0	0	0	0	0	0	0	0	0	0	0	0	0	0	0	0	0	0	0	0	9.08386	0	0	0	0	16.28936	0	6.39727	0	0	0	0	0	0	0	0	0	0	0	0	0	0	0	0	0	0	0	0	0	0	0	0	0	0	0	0	0	0	0	0	0	0	0	0	0	0	0	0	0	0	0	0	0	0	0	0	0	0	0	0	0	
0	0	0	0	0	0	0	0	0	0	0	0	0	0	0	0	0	0	0	0	0	0	0	0	0	0	0	0	0	0	0	0	0	0	0	8.43453	0	0	0	0	0	0	0	0	0	0	0	7.77231	0	0	0	0	0	5.70724	0	0	0	0	0	0	7.3127	0	0	0	0	0	0	0	0	0	0	0	0	0	0	0	0	0	0	0	0	0	0	0	0	0	0	0	0	0	0	0	0	0	9.03001	0	0	0	0	0	
0	0	0	0	0	0	0	0	0	0	0	0	0	0	0	0	0	0	0	0	0	0	0	0	0	0	0	0	0	0	0	0	0	0	0	0	0	0	0	0	0	13.76246	0	0	0	0	0	0	0	0	0	0	1.0529	0	0	0	0	0	0	0	0	0	0	0	0	0	0	11.00813	0	0	0	5.76015	0	0	0	0	0	0	0	0	0	0	0	0	0	0	0	0	0	0	0	0	0	0	0	0	0	0	0	0	
0	0	0	0	0	0	0	0	0	0	0	0	0	0	0	0	0	0	0	0	0	0	0	0	0	0	0	0	0	0	0	0	0	0	0	0	0	0	0	0	7.59522	0	0	0	10.48214	0	0	3.55553	0	0	17.79198	8.26092	0	0	0	10.50952	0	0	7.92685	0	13.81262	0	0	0	0	0	0	0	6.37875	0	0	0	0	0	0	0	0	0	0	0	0	0	0	0	0	0	0	0	0	0	0	0	0	0	0	3.95497	0	0	0	0	
0	0	0	0	0	0	0	0	0	0	0	0	0	0	0	0	0	0	0	0	0	0	0	0	0	0	0	0	0	0	0	0	0	0	0	0	0	0	0	0	0	0	0	0	11.60448	0	0	0	0	0.6204	0	0	1.65508	0	0	0	0	6.37875	0	0	0	3.79663	0	0	0	0	0	0	0	0	0	0	0	0	0	0	0	0	0	0	0	0	0	0	0	0	0	0	0	0	0	0	0	0	0	0	0	0	0	0	
0	0	0	0	0	0	0	0	0	0	0	0	0	0	0	0	0	0	0	0	0	0	0	0	0	0	0	0	0	0	0	0	0	0	0	0	0	0	0	0	0	0	0	10.21562	0	0	10.8373	0	0	0	7.99224	0	0	0	0	0	0	0	0	9.45802	0	0	0	0	9.26614	0	0	6.03302	0	0	0	0	8.58947	0	0	0	12.21797	0	0	0	0	0	0	0	0	0	0	0	0	0	0	0	0	0	0	0	0	0	0	0	
0	0	0	0	0	0	0	0	0	0	0	0	0	0	0	0	0	0	0	0	0	0	0	0	0	0	0	0	0	0	0	0	0	0	0	0	0	0	0	0	0	0	0	0	0	1.38515	0	9.852	9.81719	0	0	9.04604	0	0	0	11.06351	0	0	17.04165	0	0	0	0	0	0	0	15.50123	14.08994	0	0	0	0	0	9.71942	0	0	0	0	0	0	0	0	0	0	0	0	0	0	0	0	0	0	0	0	0	0	0	0	0	0	
0	0	0	0	0	0	0	0	0	0	0	0	0	0	0	0	0	0	0	0	0	0	0	0	0	0	0	0	0	0	0	0	0	0	0	0	0	11.84704	0	0	0	0	0	0	0	0	0	0	0	0	0	4.71706	0	0	2.40567	0	5.82995	0	0	11.36127	0	0	0	0	0	0	0	0	0	0	0	0	0	0	6.63796	0.6204	0	0	0	0	0	0	0	0	0	0	0	0	0	0	0	0	0	0	0	0	0	0	0	0	
0	0	0	0	0	0	0	0	0	0	0	0	0	0	0	0	0	0	0	0	0	0	0	0	0	0	0	0	0	0	0	0	0	0	0	0	0	0	0	0	0	0	15.66759	0	0	10.00845	0	12.53023	0	0	6.56221	0	12.99759	0	8.74933	0	0	0	0	0	0	0	0	5.5774	0	0	0	0.6204	0	0	16.73627	0	0	0	0	0	0	0	0	0	0	0	0	0	0	0	0	0	0	0	0	0	0	0	0	0	0	0	0	0	
0	0	0	0	0	0	0	0	0	0	0	0	0	0	0	0	0	0	0	0	0	0	0	0	0	0	0	0	0	0	0	0	0	0	0	0	0	0	0	0	0	0	0	0	0	0	0	7.93637	10.46085	0	0	10.32784	0	0	0	0	0	0	0	0	0	0	0	0	16.07146	0	0	0	0	0	0	0	0	0	0	0	0	0	0	0	0	0	0	0	0	0	0	0	0	0	3.09133	0	0	0	0	0	0	0	0	0	
0	0	0	0	0	0	0	0	0	0	0	0	0	0	0	0	0	0	0	0	0	0	0	0	0	0	0	0	0	0	0	0	0	0	0	0	0	0	0	0	0	0	0	0	0	0	0	9.48748	0	0	0	0	9.08672	19.75074	0	0	0	0	8.92434	10.437	0	0	0	0	0	0	0	0	0	0	0	0	0	0	0	0	0	0	0	0	0	0	0	0	0	0	0	0	0	0	0	0	0	0	0	0	0	0	8.06062	0	
0	0	0	0	0	0	0	0	0	0	0	0	0	0	0	0	0	0	0	0	0	0	0	0	0	0	0	0	0	0	0	0	0	0	0	0	0	0	0	0	0	0	10.41502	0	0	0	0	0	0	8.61864	0	6.73227	0	8.68674	0	0	0	0	0	0	0	0	0	0	9.26362	0	0	0	0	0	0	0	0	0	0	0	17.32904	0	0	0	0	0	0	0	0	0	0	0	0	0	0	0	0	0	0	0	0	0	0	0	
0	0	0	0	0	0	0	0	0	0	0	0	10.36064	0	0	0	0	0	0	0	0	0	0	0	0	0	0	0	0	0	8.26092	0	0	0	0	0	0	0	0	0	0	0	6.50455	0	0	0	0	8.43004	0	0	9.52268	0	0	15.31731	13.94159	0	8.23818	0	0	0	0	0	0	7.82112	7.23763	8.46994	0	0	0	0	0	0	0	0	0	0	0	0	0	0	0	0	0	0	0	0	0	0	0	0	0	0	0	0	0	0	0	0	0	0	
0	0	0	0	0	0	0	0	0	0	0	0	0	0	0	0	0	0	0	0	0	0	0	0	0	0	0	0	0	0	0	0	0	0	0	0	0	0	0	0	0	0	0	0	0	11.75314	11.60846	0	0.6204	9.18589	4.52552	9.02413	8.11111	0	9.78064	5.83932	0	0	0	0	9.99636	0	0	0	0	0	0	0	0	5.49815	0	0	0	0	0	0	8.05621	0	0	0	0	0	0	0	0	0	0	0	0	0	0	0	0	0	0	0	0	0	0	0	
0	0	0	0	0	0	0	0	0	0	0	0	0	0	0	9.11635	0	0	0	0	0	0	0	0	0	0	0	0	0	0	0	0	0	0	0	4.14223	13.00421	0	0	0	0	0	0	2.78885	0	11.60274	7.08648	8.70729	2.40567	9.57647	0	0	12.01285	0	10.80213	0	0	0	0	4.45658	0	6.58662	0	4.05163	0	10.84996	0	0	10.60519	0	5.05488	0	0	0	0	11.5561	0	15.15996	0	7.33894	0	0	0	0	0	0	0	0	0	0	7.98614	0	0	0	0	0	0	0	0	0	
0	0	0	0	0	0	0	0	0	0	0	0	0	0	0	0	0	0	0	0	0	0	0	0	0	0	11.18835	0	0	0	0	4.22746	0	0	5.70177	0	0	0	0	0	11.66675	0	0	0	0	0	0	0	6.08738	2.82977	1.88233	9.97341	9.07095	0	10.21301	0	7.98614	0	2.28836	0	12.33872	8.29343	0	0	0	7.42071	0	0	0	0	0	0	0	7.87825	0	0	0	0	0	0	0	0	0	0	0	0	0	0	0	0	0	0	0	0	0	0	5.25084	0	0	0	
0	0	0	0	0	0	0	0	0	0	0	0	0	0	0	0	0	0	0	11.48164	0	0	0	0	0	0	0	0	0	0	0	0	0	0	0	0	0	0	0	0	0	0	0	13.35681	0	0	15.47285	12.65261	8.7814	0	8.35389	7.22813	10.20843	0	0	0	13.469	0	0	6.77299	7.32129	0	0	10.93597	0	9.35642	0	3.61874	0	0	0	0	0	0	0	0	0	0	0	0	0	0	0	0	0	0	0	0	0	0	4.04067	0	0	0	0	0	0	0	0	0	
0	0	0	0	0	0	0	0	0	0	0	0	10.31207	0	0	0	0	0	0	9.62735	0	0	0	0	0	0	0	0	0	0	0	0	0	12.74004	0	0	0	0	0	0	0	9.04623	9.93986	0	8.07658	0	0	3.7053	9.56628	0	1.65508	8.27657	7.95377	1.87814	8.45393	16.57247	4.67859	12.7838	6.60805	0	0	0	0	0	14.1932	0	0	0	0	0	0	0	0	0	0	0	0	0	15.26808	0	0	0	0	0	0	0	0	0	0	0	0	0	0	0	0	0	0	0	0	0	
0	0	0	0	0	0	0	0	0	0	0	0	0	0	0	0	0	0	0	0	0	0	0	14.04336	0	0	0	0	0	0	0	0	0	0	0	0	0	0	11.47811	0	0	0	7.90746	8.97715	17.77051	0	10.77237	4.90126	0	7.2017	8.65248	5.53994	0	0	0	0	0	10.82814	13.98273	10.6522	7.99832	0	0	0	7.30781	0	0	0	0	0	0	0	0	0	0	0	0	0	0	0	0	0	0	0	0	0	0	0	0	0	0	0	0	0	0	0	0	0	0	0	
0	0	8.12868	0	0	0	0	0	0	0	0	0	0	0	0	0	0	0	0	0	0	0	0	0	0	0	0	0	0	0	0	0	0	0	0	0	0	0	0	0	10.22042	0	0	0	0	9.00759	0	5.47112	11.93124	11.08274	0	8.81621	10.39155	6.59702	0	10.18131	0	0	15.95251	0	10.02336	0	6.18991	10.18398	0	0	0	0	0	0	0	6.04894	0	0	0	0	0.6204	0	0	0	0	0	0	0	0	0	0	0	0	0	0	0	0	0	0	0	0	0	0	0	
0	0	0	0	0	0	0	0	0	0	0	7.93003	0	0	0	0	0	0	0	0	0	0	0	0	0	0	0	0	0	0	0	0	7.7218	0	0	0	0	8.80218	12.04315	7.34643	7.75447	7.49134	0	0	11.43983	6.25755	12.0524	7.18782	11.10364	0	12.75754	0	0.83665	7.15965	0	10.20055	8.9629	8.46767	0	0	0	0	0	0	0	0	0	5.88346	0	0	0	0	14.81378	0	0	6.18991	0	0	11.65488	0	0	0	0	0	0	0	0	0	0	0	0	0	0	0	0	4.201	0	0	0	0	
0	0	0	0	0	0	0	0	0	0	0	0	0	0	0	0	0	0	0	0	0	0	0	0	0	0	0	0	0	0	0	0	0	0	4.55879	8.9168	0	0	0	3.73973	0	12.46393	0	10.82975	15.90298	9.4905	6.76978	7.28497	8.74716	11.95657	10.39698	10.86666	0.6204	9.59128	0	0	6.41725	0	0	9.23861	7.69586	0	16.08796	0	0	0	0	0	0	0	0	0	0	0	0	0	0	0	1.0529	0	0	0	0	0	0	0	0	12.07004	0	0	0	0	0	0	0	0	0	0	0	0	
0	0	0	0	0	0	0	0	8.49594	0	6.61061	0	0	0	0	0	0	0	0	0	0	0	0	0	0	0	4.65424	0	0	0	0	0	0	0	0.6204	16.64496	0	9.6086	11.92865	0	9.11721	10.58161	0	7.28314	0.6204	11.04329	6.9468	7.67991	7.571	8.21257	0	4.84728	7.27815	0	0	0	4.89478	3.73973	0	0	0	0	0	0	0	0	15.2089	0	0	0	0	0	0	0	0	0	0	0	0	0	0	0	0	0	0	0	0	0	0	0	0	0	0	4.14223	0	0	0	0	0	0	
0	0	0	0	0	0	0	0	0	0	0	11.81534	0	0	15.34899	0	0	0	0	0	0	0	0	0	0	0	0	0	0	0	0	11.15338	0	0	4.38417	0	11.22509	0	0	10.34887	0	0	9.33248	7.72703	10.36607	7.50391	11.04869	8.95578	2.19209	9.03744	11.61373	10.86228	9.10919	7.91844	0	5.38675	9.7859	0	0	7.79343	13.58363	12.30815	0	11.82392	0	0	0	0	0	0	0	0	0	0	0	4.30694	0	0	0	0	0	0	0	5.14527	0	0	0	0	0	0	0	0	0	0	0	0	0	0	0	0	
0	0	0	0	0	0	0	0	0	0	0	0	13.54712	0	0	0	0	0	0	0	0	0	0	0	0	0	0	0	0	10.0353	0	0	7.78994	0	9.4064	0	12.98301	0	13.104	10.19989	10.53177	10.05656	10.33809	6.87455	7.45479	6.02521	10.36854	10.29441	3.17954	8.86717	8.79465	11.53825	11.4244	9.60303	4.94419	12.74613	8.93715	0	0	7.63086	11.11195	0	0	0	0	11.23798	0	0	0	0	0	0	0	9.93195	0	0	0	0	0	0	11.37932	0	0	0	0	0	0	0	0	0	0	0	0	0	0	0	0	0	0	0	
0	0	0	0	0	0	0	12.39406	0	0	0	13.75765	0	0	0	0	0	0	0	0	0	0	0	0	0	0	0	8.74392	0	0	3.09133	0	11.87125	0	0	0	2.78885	7.97386	9.83077	10.28269	9.56138	4.45206	0	10.50241	9.78836	9.55515	8.27607	8.83462	11.31477	9.19794	5.26602	9.17165	11.33327	6.7028	8.12999	9.98215	7.33207	5.44916	5.23239	9.18855	5.08563	10.72911	5.33006	0	9.1563	0	0	0	0	0	0	0	0	12.55705	0	0	0	0	0	0	0	0	0	0	0	0	0	0	0	0	0	0	0	0	0	0	0	0	0	0	
8.30325	0	0	0	0	0	0	0	9.56642	0	0	0	11.3363	0	0	0	0	0	0	0	0	0	0	0	12.06027	0	0	9.16982	0	0	0	0	3.9041	0	9.86698	8.77433	0	5.42334	10.60306	5.87325	7.87825	8.58836	5.1198	9.32717	12.04755	10.15609	7.6153	9.13533	6.06178	2.04882	9.32736	7.73159	10.14836	4.92865	13.31617	10.58233	8.93184	4.10604	0	11.55957	5.99705	1.65508	0	4.26631	0	7.69212	0	0	0	0	7.89789	0	0	0	0	0	0	0	0	0	0	0	4.51701	0	0	14.82344	0	0	0	0	0	0	0	0	0	0	0	0	0	0	
0	0	0	10.1564	0	0	0	0	0	0	0	0	0	0	0	0	0	0	8.12868	0	0	10.32844	0	5.56107	9.30788	7.02791	0	0	9.19914	7.25296	11.06924	0	5.1232	0	0	6.87119	0	8.92807	10.7581	9.7324	7.58426	5.52257	8.64878	9.20516	9.6163	9.88912	8.22758	9.20746	9.83773	8.23843	9.31984	5.29591	11.46416	6.53717	5.35661	8.97254	0	1.80937	10.56345	6.93126	17.55109	1.88233	8.46775	0	0	0	0	0	0	5.25084	0	0	5.94767	0	7.64642	8.66399	12.71089	1.77997	0	13.35946	0	0	0	0	0	0	0	0	0	0	0	0	0	0	0	0	0	0	0	0	
8.87518	0	0	0	10.91444	7.0397	0	0	0	0	0	0	0	0	0	0	0	7.32242	0	0	0	0	0	0	10.02566	0	8.80182	8.20418	0	10.91524	10.9781	0	0	0	11.62598	6.88437	7.06909	11.60961	11.6102	8.29831	6.91424	9.28401	9.75205	9.23918	9.49596	8.83193	9.5591	8.63145	6.78433	9.61224	3.68622	9.14118	13.54504	7.54327	8.50522	8.2081	8.73059	2.50987	3.07878	9.04068	8.10071	0	7.92771	11.89567	14.3246	12.27695	8.80933	0	0	0	0	0	0	0	7.23249	0	0	0	0	0	0	0	0	0	0	0	0	0	0	0	0	0	0	0	0	0	0	0	0	0	
0	0	0	0	0	0	0	0	7.57909	0	7.38868	0	0	0	0	0	6.341	10.25485	10.12272	7.46964	10.93952	6.15964	0	0	0	14.21354	0	8.66208	6.78977	10.57197	0	10.08468	10.22083	7.6547	7.32766	10.56395	6.32949	9.99424	9.42337	8.76233	8.82142	6.8264	5.8716	7.39408	9.83467	7.53561	8.53134	8.42669	8.42055	5.8498	6.91702	10.01206	6.58986	6.91264	5.53384	5.36961	7.91146	9.43692	0	4.14223	6.16918	1.38515	8.55391	0	6.0956	10.21431	0	0	0	0	0	9.37055	0	0	5.10078	0	0	0	11.01376	0	0	0	0	0	0	7.49993	0	0	0	0	0	0	0	0	0	1.38515	0	0	0	0	
0	9.62342	0	0	3.48666	7.30291	0	0	0	0	0	0	0	0	3.55421	10.38635	0	10.46305	8.91196	0	1.38515	0	3.95497	0	0	0	0	0	8.71964	11.1469	7.30577	0	8.1452	3.11967	8.51937	7.66255	8.15566	7.25182	8.37429	8.37041	8.68991	6.83256	6.87957	7.85367	8.24816	6.16667	8.43644	9.11499	7.73765	7.17569	7.05135	8.25653	7.9701	5.4296	7.88804	5.00515	1.0529	6.37035	7.23541	3.24688	0	10.87568	0	12.1678	10.31577	0.6204	4.93523	8.5278	0	0	0	0	0	0	0	8.32759	0	0	0	0	8.61518	0	0	0	0	0	0	0	0	0	0	0	0	0	0	0	0	0	0	0	
0	11.07793	6.00914	0	8.0822	0	0	0	0	0	8.2199	0	0	0	11.00474	11.11545	0	7.88483	0	0	4.62312	10.21039	8.75285	7.09044	7.77231	8.75831	0	3.88726	6.28245	7.06781	11.03202	10.21105	10.25774	11.06495	10.46166	5.6644	8.19539	7.94255	7.28643	8.44757	6.44083	7.21096	8.41112	6.56036	6.71508	6.2463	7.83278	7.5806	7.6678	8.39875	7.48834	8.95105	7.98441	6.81016	6.25596	6.11779	7.35242	7.62195	6.96707	7.26813	0	6.63649	6.76514	10.25424	3.2852	0	1.88233	0	0	0	0	10.09587	0	15.81751	8.74572	0	8.20422	0	10.24018	0	0	0	0	5.16783	0	2.02582	0	0	0	0	0	0	0	0	0	0	0	0	0	0	
0	0	0	0	0	0	0	0	7.13658	0	7.71074	2.67209	0	0	0	0	0	0	10.65316	0	2.07864	0	0	0	0	5.10078	9.82202	0	0.6204	9.77976	2.3982	4.09764	5.33006	8.5427	10.69393	8.84868	7.87212	9.78533	7.69937	8.43436	3.97157	7.37072	8.35345	8.34062	6.19949	8.33087	6.21132	7.27474	8.13691	8.75078	8.046	6.80996	5.07921	6.27047	7.70068	8.95913	8.15503	5.71182	8.07219	5.70288	9.05402	5.04295	9.3972	7.66852	0	7.71818	0	8.11828	0	0	0	0	0	0	0	0	0	0	0	0	0	1.0529	0	0	0	0	0	4.731	0.6204	15.39761	0	0	0	0	0	0	0	0	0	0	
0	0	0	0	0	0	0	0	10.90719	8.95389	0	1.0529	0	11.23606	0	0	0	0	4.77241	3.95655	0	0	1.88233	8.00464	6.0565	3.17954	4.34656	9.56826	1.44844	9.94131	0	6.68842	5.01397	3.68405	3.15988	8.75039	7.64885	5.82423	10.91141	5.23593	8.78445	6.67601	6.66036	8.86982	6.65311	6.19509	7.15448	7.79477	6.50607	8.29743	7.64181	5.77742	6.21106	6.22009	7.6646	8.35931	7.63373	7.52516	9.25603	5.53058	6.72582	8.07828	7.12056	10.81682	5.82322	7.64658	9.53527	0	0	0	0	0	0	6.57039	8.53826	0	0	0	14.19457	0	0	0	0	0	0	0	0	0	6.28245	0	3.09133	0	0	0	0	0	0	0	0	0	
0	0	8.83331	4.75286	0	2.89687	0	0.6204	9.40869	0	0	0	0	0	0	0	0	8.55265	0	0	0	0	0	11.16963	0	5.74577	0	9.48775	6.56221	7.81421	0	8.31635	0	9.70649	4.69945	8.52322	6.43416	5.50017	2.37475	9.39561	6.68662	8.90511	5.52516	7.48774	6.55106	6.74284	6.84611	8.09486	8.04453	6.98753	6.20417	7.44001	7.11374	6.48024	7.23177	6.16396	7.17551	6.95742	7.78732	6.11088	7.23425	8.91521	2.51569	11.42299	3.9531	0	0	6.77622	2.07864	17.48281	5.5555	0	11.26343	0	1.7079	0	7.61143	0	0	0	0	0	3.8288	0	0	0	0	0	0	0	0	0	0	0	0	0	0	0	0	0	
0	0	0	0	0	0	0	0	0	0	11.822	7.67325	7.94194	0	11.56485	0	0	4.30795	0	6.78945	0	0	0	0	0	0	4.59131	5.38675	4.5083	0	8.58593	7.43511	4.97383	6.11627	4.81861	8.40799	8.82277	6.27262	5.82709	7.62844	8.60136	5.57515	5.65531	5.4471	6.58897	7.26611	6.06623	6.7001	6.38513	5.86996	6.86511	8.5777	9.12146	7.03974	4.49564	6.13179	6.46126	7.35751	8.85689	6.04964	9.06185	4.95131	8.36758	6.86349	0	5.29327	11.29987	4.93128	0	0	5.291	0	4.40682	0	0	12.12018	0	0	0	0	0	0	0	0	0	0	0	0	6.50586	0	0	0	0	0	0	0	0	0	0	0	
0	0	0	0	0	0	0	0	0	11.24439	0	0	10.36182	0	0	0	0	0	0	0	0	0	0	9.35083	0	0	8.67417	0	0	4.9206	5.65949	0	0	8.01894	5.64092	6.3314	4.88163	1.88233	1.0529	8.711	3.47113	2.99738	2.7288	5.50179	10.34506	7.12762	5.82539	10.34559	7.28001	5.21524	6.53137	8.00766	5.66189	6.07327	7.67574	6.01652	6.68813	5.97058	3.69805	5.03749	6.94259	5.7673	3.66438	4.41061	5.82706	3.11994	9.51317	6.61852	3.67094	0	0	0.6204	0	1.88233	0	5.54456	7.96768	0	0	0	0	0	0	0	4.52552	0	0	0	0	0	0	11.7052	0	0	0	0	6.57853	0	0	0	
0	0	0	0	0	0	0	0	0	0	0	5.80243	0	0	0	0	0	7.72057	7.80388	0	0	0	0	8.99853	0	0	0	7.96768	0	0	0	0	5.25529	8.12167	4.01268	0	3.52281	8.78591	1.21903	6.86834	4.5926	8.71603	6.29392	2.31156	0	7.51936	4.02702	5.32638	6.87478	5.75631	7.72287	11.64941	7.5208	4.59595	6.35844	6.79265	6.2108	7.06446	6.73952	7.30226	5.42958	4.68671	0	6.16165	9.25491	0	4.71734	5.05488	11.99112	6.99322	0	0	0	0.6204	0	9.91679	0	4.88163	0	0	0	5.39255	0	0	0	0	0	0	0	0	0	0	0	0	0	0	0	0	0	0	
0	0	0	0	5.13451	0	0	0	0	0	8.6015	0	1.65508	0	0	10.77319	0	0	4.65424	0	4.42227	7.15301	0	0	0	4.18548	5.03137	0	0	5.83778	0	8.86331	8.85691	0	0	5.74577	9.11216	0	14.02645	10.74495	3.70657	8.84515	4.75825	8.65632	5.04852	5.26844	10.53743	4.59831	8.62605	7.84531	6.70431	4.6823	7.40271	6.27002	4.37672	6.65597	5.64691	5.97501	5.33571	4.77323	4.32301	5.42298	5.05971	1.21903	7.70904	0	7.34495	10.32812	0	6.16851	6.85686	9.8478	8.83472	9.29584	7.43353	0	7.10157	0	0	0	2.89687	0	0	0	0	13.65562	0	0	0	0	0	0	0	0	0	0	0	0	0	0	
0	0	0	0	0	0	0	0	0	0	0	3.55421	6.72598	0	0	11.34735	0	0	0	0	0.6204	0	3.09133	0	0	0	0	0	0	3.44219	0.6204	3.66734	0	0	0	11.14929	0	0	0	1.0529	1.59813	2.04655	5.13164	4.57702	5.3674	5.55062	4.02105	7.7878	5.55483	3.11223	0	0	7.0589	11.67827	1.0529	5.20241	7.7076	4.49772	5.22815	4.92627	7.59182	7.77121	7.94225	4.88233	4.0431	5.12814	7.57909	6.95765	0.6204	8.43146	0	10.01398	5.9995	7.22732	6.71022	0	1.65508	0	4.93329	0	0	0	0	0	0	0	0	0	0	0	0	0	0	0	0	0	0	0	0	0	
0	0	0	7.72912	0	0	0	0	0	0	0	0	0	0	0	0	1.38515	0	0	0	0	0	4.52552	0	0	0	6.80881	4.05208	7.46964	7.3979	0	0	0	0	0	10.73579	0	0.6204	0	5.57584	4.49231	0	0	0	0.82754	10.89747	5.47312	4.85509	5.0228	4.83038	4.63053	5.08902	7.72355	7.99727	5.58823	7.38126	8.28528	5.39609	4.97347	6.35867	6.88069	6.38601	6.8287	8.48103	7.42355	9.45484	5.70497	2.67209	9.51821	8.76029	3.44442	7.69065	1.28058	5.50779	7.06764	0	12.12627	0.6204	5.9457	8.52148	0	3.34126	0	0	0	0	0	0	0	0	0	0	0	0	0	0	0	8.26596	0	12.13094	
0	0	5.43042	0	0	0	0	0	0	0	0	0	0	0	0	0	0	0	0	0	5.70177	0	0	0	0	8.10071	0	8.47154	0	10.66514	0	9.49931	10.07824	0	9.4799	0	0	6.4442	5.78516	0	9.48423	0	0	8.89894	10.58363	9.85032	0	3.00567	0	7.88614	5.16269	9.24202	7.21494	5.8539	7.83093	7.05432	2.40567	4.22955	7.89054	5.55615	2.09862	5.56653	5.37399	1.77831	2.48025	5.16367	4.63977	0	9.7633	3.1379	3.39472	5.73941	4.68703	8.9921	1.0529	0	5.73041	0	7.72292	7.44315	0	4.90871	0	0	0	0	0	0	3.95047	0	0	0	0	0	0	0	2.78885	0	0	0	
0	0	0	0	3.09133	0	0	0	0	0	0	0	7.59522	0	0	0	0	0	0	0	0	4.09764	0	0	0	0	0	3.34507	0	0	0	5.94767	8.58342	0	0	0	2.67209	0	3.85136	6.26239	0	0	11.96024	0	3.79663	0	4.95235	5.00746	9.26614	5.10916	4.85509	2.1502	7.70332	3.89545	6.72373	5.72546	0	5.62408	6.81098	2.1263	5.69175	7.06532	6.99446	4.4935	5.11164	7.46321	6.27535	1.16936	5.62598	6.42734	5.13159	0	0	8.92777	0	6.74558	12.8465	5.55013	0	0	0	0	0	0	6.74677	5.45902	0	0	0	0	0	0	0	0	0	0	7.25804	0	0	0	
0	0	0	0	0	0	0	0	0	0	0	0	11.60174	0	0	0	7.58314	0.6204	1.38515	0	0	0	0	0	8.21048	0	0	0	0	0	0	0	0	0	6.43359	8.07219	0	2.40567	0	0	0	0	0	6.57853	0	9.85511	8.389	8.57124	0	3.23562	0	11.55664	10.05073	7.92635	0	0	0	7.22349	0	4.82293	7.45448	0	4.92529	5.16702	3.93111	5.25245	5.85005	6.1269	10.05365	7.57199	9.35865	0.82754	9.42379	5.54456	7.6147	3.01651	6.53598	9.5673	0	0	4.85509	2.99738	7.57649	0	7.10424	12.65032	6.79644	4.74376	3.79663	0	2.14675	0	0	9.98229	0	0	0	0	0	0	
0	0	0	0	0	0	0	0	0	0	0	0	0	0	0	0	0	0	0	0	7.05691	0	0	0	0	0	0	0	0	4.00411	0	0	0	0	9.31807	0	0	0	0	0	9.93353	0	9.67744	9.16982	4.56746	0	0	6.56221	4.26826	4.58765	9.9649	0	0	6.03807	3.45694	6.10395	0	0	6.73499	8.55321	9.28117	5.16129	1.80889	5.04961	6.1246	7.18081	2.66613	6.58838	6.9397	9.84608	6.65289	7.29034	4.51352	4.42342	2.45385	0	0.82754	0	4.41495	0	0	0	0.6204	0	0	0	6.79238	0	0	0	0	0	0	0	0	0	0	0	0	0	
0	0	0	0	7.47836	0	0	0	0	0	0	11.98214	0	5.00746	0	0	0	0	0	0	0	0	0	0	0	0	0	0	0	0	0	0	0	0	0	0	0	0	0	8.44673	0	0	6.17925	0	5.14163	0	2.76405	0	0	0	0	0	0	0	10.20646	0	0	0	0	4.6847	6.06403	0.55866	5.62044	6.39319	5.50161	0	0.83665	6.44077	8.72683	5.62693	8.35644	7.80215	5.85538	4.47535	0	0	4.502	1.88233	7.98135	5.18843	2.40567	4.65424	2.67209	0	9.27367	0	4.05163	9.34944	0	4.75222	0	0	0	0	1.38515	0	0	0	0	0	
0	0	0	0	0	0	0	0	0	0	0	0	0	0	0	0	0	4.5125	0	0	0	1.65508	7.02791	0	0	0	8.84009	0	0	0	0	0	0	4.66207	5.47654	0	0	0	0	0	0	0	0	0	0	0	0	0	0	0	0	0	0	0	0	8.29326	7.26656	7.28298	3.85136	4.71453	0	4.59888	4.76968	0	7.53985	7.66615	5.84297	7.12804	4.70611	3.98759	5.19049	5.00681	6.02736	5.9321	7.1892	5.2507	7.5651	0	6.46903	4.50398	0	0	6.47723	0	6.84445	6.93868	0	1.88233	0	9.00011	0	0	0	0	0	0	9.76379	0	0	0	
0	0	0	0	0	0	0	0	7.72843	0	0	0	0	0	0	0	0	0	0	0	0	0	0	0	0	0	0	2.07864	0	1.0529	0	0	0	0	0	0	0	0	0	10.89952	0	0	0	0	0	6.46903	0	2.78885	4.52552	0	0	9.62931	0	0	0	0	0	0	6.21634	0	9.15221	0	8.53107	9.39913	6.4283	6.52292	4.80699	0	0	5.82833	7.03032	0.6204	9.02469	6.84986	7.48304	10.8311	1.44844	0	0	8.58688	5.00405	7.2725	9.72126	4.45658	4.84918	0	0	0	0	0	3.41579	0	8.36731	0	0	0	0	0	0	0	
0	0	0	0	0	0	0	0	0	0	0	0	0	2.40567	0	0	0	0	0	0.6204	0	0	0	0	0	2.53846	0	0	0	0	0	0	0	0	5.10078	0	0	5.33429	0	0	9.77268	0	2.07864	9.1344	5.52785	0	0	0	0	0	6.82407	7.16926	0	0	11.37418	0	0	0	0	6.26629	5.58665	0	6.00148	8.95545	4.49146	4.41048	6.79443	5.42334	0	4.75512	7.19241	0	5.77409	6.18281	7.92366	8.98499	4.7583	5.04815	6.82943	2.18436	0	7.71534	0	6.10828	0	0	0	9.25349	3.00173	0	1.0529	0	0	6.03302	0	0	0	0	5.12388	0	
0	0	0	0	0	0	0	14.6546	0	0	0	0	0	0	0	0	0	0	0	0	0	0	2.89687	0	0	0	0	0	9.68405	0	0	0	0	0	10.78943	0	0	0	0	0	0	4.80925	0	0	0	0	4.62928	0	0	0	0	0	10.62791	0	0	0	4.41869	10.93002	0	4.33725	6.70732	0	0	6.20768	0	8.14794	0	7.43083	6.37911	11.42158	10.66311	4.77627	8.77963	5.57115	5.5774	5.49966	5.41399	1.65508	6.06389	6.22264	6.48094	6.62481	0	0	6.33098	0	0	1.98049	0	0	7.7218	7.56035	0	0	0	0	9.72401	0	0	0	
0	0	0	0	0	0	0	0	0.6204	0	0	0	0	0	0	0	0	0	0	0	0	0	0	0	0	0	0	0	0	0	0	0	0	0	0	0	0	5.34803	0	0	0	0	0	0	0	0	0	0	0	2.25139	0	5.25605	0	2.09291	0	0	2.40567	5.77427	0	0	1.0529	0	7.94269	9.88926	4.85509	5.22965	0	0	7.45651	8.54257	0	0.6204	4.92107	7.71917	8.4719	5.33865	0	3.30829	6.62736	3.73772	1.74717	7.57096	4.05163	0	0	0	4.01416	0	0	0	0	0	5.27437	5.4253	8.49164	0	0	0	0	0	
0	0	0	0	0	0	0	5.90949	0	0	0	0	0	0	0	0	0	0	0	0	0	0	0	0	0	0	0	0	0	0	0	0	0	0	0	0	0	3.67797	0	3.73973	0	0	0	0	0	0	0	0	0	0	5.14591	0	0	11.31972	5.5774	0	0	11.47533	10.30167	11.07254	0	0	0	7.66593	9.35178	10.11015	0	0	5.63283	5.19004	7.82706	3.63427	5.02685	4.20214	1.65508	6.09258	4.52787	0	8.08433	4.19293	6.5945	8.34914	1.7079	5.15206	2.02582	0	0	2.85782	0	0	5.73125	0	0	0	0	8.3163	0	0	0	0	
0	0	0	0	0	0	0	0	0	0	0	0	0	0	0	0	0	0	0	0	0	0	0	0	0	11.7527	0	0	0	0	0	0	0	0	0	0	0	7.8108	0	0	0	0	0	0	10.49938	0	0	0	9.93433	0	0	0	0	0	0	1.38515	0	0	0	0	0	0	7.61764	0	0	6.17476	6.14131	4.46554	0	6.14023	2.99425	0	5.62886	0	7.82455	5.02034	0	6.62252	5.86641	6.58554	2.62205	0	1.25137	0	9.95009	6.3437	0	0	0	0	11.83288	0	0	0	0	0	0	1.0529	0	0	
0	0	0	0	0	0	0	0	0	0	0	0	8.87188	0	0	0	0	0	0.6204	0	0	0	0	0	0	0	0	0	0	0	0	0	0	0	0	0	0	0	0	0	0	0	0	0	0	0	0	8.91105	0	0	2.40567	0	13.72551	0	0	0	0	0	0	3.5752	0	0	0	4.65672	1.0529	12.31061	9.78283	0	0.6204	0	0	10.22731	0	0	0	0.69288	5.31455	8.29214	4.67317	4.52793	0	4.35639	4.44467	1.93753	5.42647	2.17328	3.08814	0	4.38417	0	0	0	0	5.65638	0	0	0	0	0	0	
0	0	0	0	0	0	0	0	0	0	0	0	0	0	0	0	0	0	0	0	0	0	0	0	0	0	0	0	0	0	0	0	9.99636	0	0	0	0	0	0	0	9.27242	0	0	0	0	0	0	0	0	0	0	0	0	0	0	0	4.96732	0	0	0	12.44686	0	0	5.88056	0	2.545	0	0	5.03511	0	0	0	7.99832	0	0	5.92233	0	0	7.49622	9.91295	5.25489	5.25084	10.00619	0	3.41579	0	0.6204	0	0	0.6204	5.08219	4.13855	3.96563	0	0	0	0	0	0	0	
0	0	0	0	0	0	0	3.45358	0	0	0	0	0	0	0	0	0	0	0	0	0	0	0	0	0	0	0	3.9041	0	0	0	0	0	0	0	0	0	0	0	0	0	0	0	0	0	0	0	0	0	0	0	0	0	0	0	0	0	0.6204	0	0	0	0	0	0	0	0	0	0	0	0	2.34235	2.57135	8.10936	11.86856	0	8.5278	6.5206	0	8.22389	12.96684	0	6.19205	0	7.68083	1.65508	7.92377	0	12.27367	0	0	0	11.89037	0	0	0	8.47213	0	0	0	0	
0	0	0	0	0	0	0	0	0	0	0	0	0	0	0	0	0	0	0	0	7.06312	0	0	0	0	0	0	0	0	0	0.6204	0	0	0	0	0	0	0	0	0	0	0	0	0	0	0	0	0	0	0	0	0	0	0	0	0	0	0	0	7.45646	0	0	0	0	6.27245	7.63086	7.87825	5.51085	0	0	0	0	0	0	0	0	7.07302	0	0	0	3.737	0	0	0	1.72887	0.6204	7.62693	2.54812	5.03137	0	8.31304	5.27106	7.84492	3.17954	0	6.10235	0	0	0	0	
0	0	0	0	0	0	0	0	0	0	0	0	0	0	0	0	0	0	0	0	0	0	0	0	0	0	0	0	0	0	0	0	0	0	0	0	0	0	0	0	0	0	0	0	0	0	0	0	11.06206	0	0	0	0	0	0	0	0	0	0	0	0	0	0	0	0	0	0	0	0	6.61061	8.55072	9.24713	5.88403	0	8.50023	6.51213	0	8.98176	0.6204	0	0	8.28597	8.00437	0	3.17527	0	0	0	0	3.06546	0	0.69258	2.3982	0	1.38515	0	0	0	0	0	
0	0	0	0	0	0	0	0	0	0	0	0	0	0	0	7.2775	0	0	0	0	0	0	0	0	0	0	0	0	0	0	0	0	0	0	5.65638	0	0	0	0	0	0	0	0	0	0	0	0	0	0	0	0	0	0	0	0	0	0	0	0	0	0	0	0	0	0	0	0	3.26266	0	0	0	0	0	6.51213	0	0	0	0	0	0	0	0	0	0	4.68655	0	5.94861	3.22518	6.36941	11.14411	8.49594	0	10.19593	0	0	0	0	0	0	0	
0	0	0	0	0	0	0	0	0	0	0	0	0	0	0	0	0	0	0	0	0	0	0	0	0	0	0	0	0	0	0	0	0	0	0	0	0	0	0	0	0	0	0	0	0	0	0	0	4.71453	0	0	0	0	0	0	0	0	0	0	1.38515	0	0	0	0	0	3.77581	0	0	0	0	0	4.52552	0	0	0	0	0	12.84769	0	5.22378	9.42231	0	0	11.66063	0	0	0	0	0	0	0	0	0	0	0	0	0	0	0	0	
0	0	0	0	0	0	0	0	0	0	0	0	0	0	0	0	0	0	0	0	0	0	0	0	0	0	0	0	0	0	0	0	0	0	0	0	0	0	0	0	0	0	0	0	0	0	0	0	0	0	0	0	0	0	0	2.60886	0	0	7.93637	0	0	0	0	0	11.31698	0	0	0	0	0	0	0	0	1.38515	0	0	6.22142	0	0	0	2.53901	5.97817	4.31632	7.92558	0	0	0	7.22732	4.38182	0	1.0529	5.77438	13.49475	0	0	0	0	0	0	0	
0	0	0	0	0	0	0	0	0	0	0	0	0	0	0	0	0	0	0	0	0	0	0	0	0	0	0	0	0	0	0	0	0	0	0	0	0	0	0	0	0	0	0	0	0	0	0	0	0	0	0	0	0	0	0	0	0	0	0	0	0	0	0	0	0	0	0	0	0	0	0	0	0	0	0	0	0	0	0	0	0	0	0	0	0	0	0	0	0	0	0	8.81277	0	0	0	0	0	0	0	0	
0	0	0	0	0	0	0	0	0	0	0	0	0	0	0	0	0	0	0	0	0	0	0	0	0	0	0	0	0	0	0	0	0	0	0	0	0	0	0	0	0	0	0	0	0	0	0	0	0	0	0	0	0	0	0	0	0	0	0	0	0	0	0	0	0	0	0	0	0	0	6.24798	0	0	0	0	0	0	0	0	8.26815	0	0	0	9.76022	0	0	0	0	0	0	3.71012	12.74291	0	0	0	0	0	0	0	0	
0	0	0	0	0	0	0	0	0	0	0	0	0	0	0	0	0	0	0	0	0	0	0	0	0	0	0	0	0	0	0	0	0	0	0	0	0	0	0	0	0	0	0	0	0	0	0	0	0	0	0	0	0	0	0	0	0	0	0	1.88233	0	0	0	0	0	0	0	0	0	0	4.38417	0	0	0	0	0	0	0	0	0	0	0	0	0	0	0	0	0	0	0	0	0	0	0	0	0	0	0	0	0	
0	0	0	0	0	0	0	0	0	0	0	0	0	0	0	0	0	0	0	0	0	0	0	0	0	0	0	0	0	0	0	0	0	0	0	0	0	0	0	0	0	0	0	0	0	0	0	0	0	0	0	0	0	0	0	0	0	0	0	0	0	0	0	0	0	0	0	0	0	6.72496	0	0	0	0	0	0	0	0	3.85136	0	0	0	0	0	0	0	0	0	8.01639	0.6204	0	0	0	0	0	0	0	0	0	0	
0	0	0	0	0	0	0	0	0	0	0	0	0	0	0	0	0	0	0	0	0	0	0	0	0	0	0	0	0	0	0	0	0	0	0	0	0	0	0	0	0	0	0	0	0	0	0	0	0	0	0	0	0	0	0	0	0	0	0	0	0	0	0	0	0	0	0	0	0	0	0	0	0	0	0	0	0	0	0	0	0	0	0	0	0	0	1.0529	0	0	0	0	0	0	0	0	0	0	0	0	0	
0	0	0	0	0	0	0	0	0	0	0	0	0	0	0	0	0	0	0	0	0	0	0	0	0	0	0	0	0	0	0	0	0	0	0	0	0	0	0	0	0	0	0	0	0	0	0	0	0	0	0	0	0	0	0	0	0	0	6.81032	0	0	0	0	0	0	0	0	0	0	0	0	0	0	0	0	2.99738	0	0	0	0	0	0	0	0	0	0	0	0	0	0	0	0	0	0	0	0	0	0	0	0	
0	0	0	0	0	0	0	0	0	0	0	0	0	0	0	0	0	0	0	0	0	0	0	0	0	0	0	0	0	0	0	0	3.41579	0	0	0	0	0	0	0	0	0	0	0	0	0	0	0	0	0	0.6204	0	0	0	0	0	0	0	0	0	0	0	0	0	0	0	0	0	0	0	0	0	0	0	0	2.78885	0	0	0	0	0	0	0	0	0	0	0	0	0	0	0	0	0	0	0	0	0	0	0	0	
0	0	0	0	0	0	0	0	0	0	0	0	0	0	0	0	0	0	0	0	0	0	0	0	0	0	0	0	0	0	0	0	0	0	0	0	0	0	0	0	0	0	0	0	0	0	0	0	0	0	0	0	0	0	0	0	0	0	0	0	0	0	0	0	0	0	0	0	0	0	0	0	0	0	0	0	0	0	0	0	0	0	0	0	0	0	0	0	0	0	0	0	0	0	0	0	0	0	0	0	
0	0	0	0	0	0	0	0	0	0	0	0	0	0	0	0	0	0	0	0	0	0	0	0	0	0	0	0	0	0	0	0	0	0	0	0	0	0	0	0	0	0	0	0	0	0	0	0	0	0	0	0	0	0	0	0	0	0	0	0	0	0	0	0	0	0	0	0	0	0	0	0	0	0	0	0	0	0	0	0	0	0	0	0	0	0	0	0	0	0	0	0	0	0	0	0	0	0	0	0	
0	0	0	0	0	0	0	0	0	0	0	0	0	0	0	0	0	0	0	0	0	0	0	0	0	0	0	0	0	0	0	0	0	0	0	0	0	0	0	0	0	0	0	0	0	0	0	0	0	0	0	0	0	0	0	0	0	0	0	0	0	0	0	0	0	0	0	0	0	0	0	0	0	0	0	0	0	0	0	0	0	0	0	0	0	0	0	0	0	0	0	0	0	0	0	0	0	0	0	0	
0	0	0	0	0	0	0	0	0	0	0	0	0	0	0	0	0	0	0	0	0	0	0	0	0	0	0	0	0	0	0	0	0	0	0	0	0	0	0	0	0	0	0	0	0	0	0	0	0	0	0	0	0	0	0	0	0	0	0	0	0	0	0	0	0	0	0	0	0	0	0	0	0	0	0	0	0	0	0	0	0	0	0	0	0	0	0	0	0	0	0	0	0	0	0	0	0	0	0	0	
0	0	0	0	0	0	0	0	0	0	0	0	0	0	0	0	0	0	0	0	0	0	0	0	0	0	0	0	0	0	0	0	0	0	0	0	0	0	0	0	0	0	0	0	0	0	0	0	0	0	0	0	0	0	0	0	0	0	0	0	0	0	0	0	0	0	0	0	0	0	0	0	0	0	0	0	0	0	0	0	0	0	0	0	0	0	0	0	0	0	0	0	0	0	0	0	0	0	0	0	
0	0	0	0	0	0	0	0	0	0	0	0	0	0	0	0	0	0	0	0	0	0	0	0	0	0	0	0	0	0	0	0	0	0	0	0	0	0	0	0	0	0	0	0	0	0	0	12.22024	0	0	0	0	0	0	0	0	0	0	0	0	0	0	0	0	0	0	0	0	0	0	0	0	0	0	9.87014	0	0	0	0	0	0	0	0	0	0	0	0	0	0	0	0	0	0	0	0	0	0	0	0	0	
