0	0	0	0	0	0	0	0	0	0	0	0	0	0	0	0	0	0	0	0	0	0	0	0	0	0	0	0	0	0	0	0	0	0	0	0	0	0	0	0	0	0	0	0	0	0	0	0	0	0	0	9.21113	0	0	0	0	0	0	0	0	0	0	0	0	0	0	0	0	0	0	0	0	0	0	0	0	0	0	0	0	0	0	0	0	0	0	0	0	0	0	0	0	0	0	0	0	0	0	0	0	
0	0	0	0	0	0	0	0	0	0	0	0	0	0	0	0	0	0	0	0	0	0	0	0	0	0	0	0	0	0	0	0	0	0	0	0	0	0	0	0	0	0	0	0	0	0	0	12.18317	0	0	0	0	0	0	0	0	0	0	0	0	0	0	0	5.08381	0	0	0	0	0	0	0	0	0	0	0	0	0	0	0	0	0	0	0	0	0	0	0	0	0	0	0	0	0	0	0	0	0	0	0	0	
0	0	0	0	0	0	0	0	0	0	0	0	0	0	0	0	0	0	0	0	0	0	0	0	0	0	0	0	0	0	0	0	0	0	0	0	0	0	0	0	0	0	0	0	0	0	0	0	0	0	0	0	0	0	8.76235	0	0	0	0	0	0	0	0	0	0	0	0	0	0	0	0	0	0	0	0	0	0	0	0	0	0	0	0	0	0	0	0	0	0	0	0	0	0	0	0	0	0	0	0	0	
0	0	0	0	0	0	0	0	0	0	0	0	0	0	0	0	0	0	0	0	0	0	0	0	0	0	0	0	0	0	0	0	0	0	0	0	0	0	0	0	0	0	0	0	0	0	10.94321	9.65681	0	0	0	0	0	0	0	0	0	0	0	0	0	0	0	0	0	0	0	0	0	0	0	0	0	0	0	0	0	0	0	0	0	0	0	0	0	0	0	0	0	0	0	0	0	0	0	0	0	0	0	0	
0	0	0	0	0	0	0	0	0	0	0	0	0	0	0	0	0	0	0	0	0	0	0	0	0	0	0	0	0	0	0	0	0	0	0	0	0	7.67131	0	0	0	0	0	13.49312	0	0	0	0	0	0	0	0	0	0	0	0	0	0	0	0	0	0	0	0	0	0	0	0	0	0	0	0	0	0	0	0	0	0	0	0	0	0	0	0	0	0	0	0	0	0	0	0	0	0	0	0	0	0	0	0	
0	0	0	0	0	0	0	0	0	0	0	0	0	0	0	0	0	0	0	0	0	0	0	0	0	0	0	0	0	0	0	0	0	0	0	0	0	0	0	0	0	0	0	0	0	0	0	0	0	0	0	0	0	0	0	0	0	0	0	0	0	0	0	0	0	0	0	0	0	0	0	0	8.4764	0	0	0	0	0	0	0	0	0	0	0	0	0	0	0	0	0	0	0	0	0	0	0	0	0	0	0	
0	0	0	0	0	0	0	0	0	0	0	0	0	0	0	0	0	0	0	0	0	0	0	0	0	0	0	0	0	0	0	0	0	0	0	0	0	0	0	0	0	0	0	0	0	0	0	0	0	0	0	0	0	0	0	0	0	0	0	0	0	0	0	0	0	0	0	0	0	0	0	0	0	0	9.48982	0	0	0	0	0	0	0	0	0	0	0	0	0	0	0	0	0	0	0	0	0	0	0	0	0	
0	0	0	0	0	0	0	0	0	0	0	0	0	0	0	0	0	0	0	0	0	0	0	0	0	0	0	0	0	0	0	0	0	0	0	0	0	0	0	0	0	0	0	0	0	0	0	0	0	0	0	10.27647	0	0	0	14.99036	0	0	6.30515	0	0	0	0	0	0	0	0	0	0	0	0	0	0	0	0	0	0	0	0	0	0	0	0	0	0	0	0	0	0	0	0	0	0	0	0	0	0	0	0	0	
0	0	0	0	0	0	0	0	0	0	0	0	0	0	0	0	0	0	0	0	0	0	0	0	0	0	0	0	0	0	0	0	0	0	0	0	0	0	0	0	0	0	0	0	0	0	0	0	0	0	0	0	0	0	0	0	0	0	0	0	0	0	0	0	0	0	0	7.32105	0	0	0	0	0	0	0	0	0	0	0	0	0	0	0	0	0	0	0	0	0	0	0	0	0	0	0	0	0	0	0	0	
0	0	0	0	0	0	0	0	0	0	0	0	0	0	0	0	0	0	0	0	0	0	0	0	0	0	0	0	0	0	0	0	0	0	0	0	0	0	0	0	0	0	0	0	0	0	0	0	0	0	0	0	0	0	0	3.80864	0	0	0	0	0	0	0	0	0	0	0	0	0	0	0	0	0	0	0	0	0	0	0	0	0	0	0	0	0	0	0	0	0	0	0	0	0	0	0	0	0	0	0	0	
0	0	0	0	0	0	0	0	0	0	0	0	0	0	0	0	0	0	0	0	0	0	0	0	0	0	0	0	0	0	0	0	0	0	0	0	0	0	0	0	0	0	0	0	0	0	0	0	0	0	0	0	0	0	0	0	0	0	0	0	0	0	0	0	0	0	0	13.37106	0	0	0	0	0	0	0	0	0	0	0	0	0	0	0	0	0	0	0	0	0	0	0	0	0	0	0	0	0	0	0	0	
0	0	0	0	0	0	0	0	0	0	0	0	0	0	0	0	0	0	0	0	0	0	0	0	0	0	0	0	0	0	0	0	0	0	0	0	0	0	0	0	0	0	0	0	0	0	0	0	0	0	0	0	4.33171	0	0	0	10.6925	0	0	0	0	0	0	0	0	0	0	0	0	0	0	4.33171	0	0	0	0	0	0	0	0	0	0	0	0	0	0	0	0	0	0	0	0	0	0	0	0	0	0	0	0	
0	0	0	0	0	0	0	0	0	0	0	0	0	0	0	0	0	0	0	0	0	0	0	0	0	0	0	0	0	0	0	0	0	0	0	0	0	0	0	0	0	0	0	0	0	0	0	0	4.62811	0	0	0	9.10483	0	0	0	0	0	0	0	0	0	0	0	0	0	0	0	0	0	0	0	0	0	0	0	0	0	0	0	0	0	0	0	0	0	0	0	0	0	0	0	0	0	0	0	0	0	0	0	
0	0	0	0	0	0	0	0	0	0	0	0	0	0	0	0	0	0	0	0	0	0	0	0	0	0	0	0	0	0	10.7348	0	0	0	0	0	0	0	0	1.72085	0	0	0	0	0	0	0	10.03675	0	0	0	0	0	0	0	0	0	2.48354	0	0	10.44609	0	0	12.17596	0	0	0	0	0	0	0	0	0	0	0	0	0	0	0	0	0	0	0	0	0	0	0	0	0	0	0	0	0	0	0	0	0	0	0	0	
0	0	0	0	0	0	0	0	0	0	0	0	0	0	0	0	0	0	0	0	0	0	0	0	0	0	0	0	0	0	0	0	0	0	0	0	0	0	0	0	0	0	0	0	0	0	0	0	0	0	0	0	0	0	5.95096	0	0	0	0	0	0	0	0	0	0	0	0	0	0	0	0	0	0	0	0	0	0	0	0	0	0	0	0	0	0	0	0	0	0	0	0	0	0	0	0	0	0	0	0	0	
0	0	0	0	0	0	0	0	0	0	0	0	0	0	0	0	0	0	0	0	0	0	0	0	0	0	0	0	0	0	0	0	0	0	0	0	0	0	0	0	0	0	8.95267	0	0	0	0	0	0	0	0	0	10.09849	0	0	0	0	0	0	4.21763	0	0	0	0	0	0	0	0	0	0	0	9.1791	0	0	0	0	0	0	0	0	0	0	0	0	0	0	0	0	0	0	0	0	0	0	0	0	0	0	0	0	
0	0	0	0	0	0	0	0	0	0	0	0	0	0	0	0	0	0	0	0	0	0	0	0	0	0	0	0	0	0	0	0	0	0	0	0	0	0	0	0	0	0	0	7.31727	0	0	0	10.58147	0	0	0	10.88817	0	0	0	0	0	0	12.142	0	0	0	0	0	0	0	0	0	0	0	0	0	0	0	0	0	0	0	0	0	0	0	0	0	0	0	0	0	0	0	0	0	0	0	0	0	0	0	0	0	
0	0	0	0	0	0	0	0	0	0	0	0	0	0	0	0	0	0	0	0	0	0	0	0	0	0	0	0	0	0	0	0	0	0	0	0	0	0	0	0	0	0	6.53688	0	0	0	0	0	0	0	0	0	0	0	0	8.4733	0	0	0	0	0	0	0	0	0	0	1.33965	0	0	0	0	0	0	0	0	0	0	0	0	0	0	0	0	0	0	0	0	0	0	0	0	0	0	0	0	0	0	0	0	0	
0	0	0	0	0	0	0	0	0	0	0	0	0	0	0	0	0	0	0	0	0	0	0	0	0	0	0	0	0	0	0	0	0	0	0	0	0	0	0	0	13.37501	0	0	0	0	0	0	0	0	0	0	0	0	0	0	0	0	0	0	0	0	0	0	0	0	0	0	0	0	0	0	0	0	0	0	0	0	0	0	0	0	0	0	0	0	0	0	0	0	0	0	0	0	0	0	0	0	0	0	0	
0	0	0	0	0	0	0	0	0	0	0	0	0	0	0	0	0	0	0	0	0	0	0	0	0	0	0	0	0	0	0	0	0	0	0	0	0	0	0	0	0	0	0	0	0	0	0	8.54896	0	0	7.81314	0	0	0	0	0	0	0	0	0	0	0	0	0	0	0	0	0	0	0	0	0	0	0	0	0	7.07631	0	0	0	0	0	0	0	0	0	0	0	0	0	0	0	0	0	0	0	0	0	0	0	
0	0	0	0	0	0	0	0	0	0	0	0	0	0	0	0	0	0	0	0	0	0	0	0	0	0	0	0	0	0	0	0	0	0	0	0	0	0	0	0	0	0	0	0	0	0	0	11.23884	0	0	9.09072	10.30113	0	0	0	0	11.25825	0	10.36365	0	8.73928	0	0	0	0	11.48446	0	0	0	0	0	0	0	0	0	0	0	0	0	0	0	0	0	0	0	0	0	0	0	0	0	0	0	0	0	0	0	0	0	0	
0	0	0	0	0	0	0	0	0	0	0	0	0	0	0	0	0	0	0	0	0	0	0	0	0	0	0	0	0	0	0	0	0	0	0	0	0	0	0	0	0	7.13248	0	0	0	0	0	0	0	0	0	0	0	0	0	0	0	0	0	0	0	0	0	0	0	0	0	0	16.44581	0	0	0	0	0	0	0	0	0	0	0	0	0	0	0	0	0	0	0	0	0	0	0	0	0	0	0	0	0	0	0	
0	0	0	0	0	0	0	0	0	0	0	0	0	0	0	0	0	0	0	0	0	0	0	0	0	0	0	0	0	0	0	0.82	15.89883	0	0	0	0	0	0	0	0	0	0	0	0	0	0	9.52921	0	0	0	0	0	0	0	0	0	0	0	0	0	0	0	2.02212	0	0	0	2.02212	0	0	0	0	0	0	0	0	0	0	0	0	0	0	0	0	0	0	0	0	0	0	0	0	0	0	0	0	0	0	0	0	
0	0	0	0	0	0	0	0	0	0	0	0	0	0	0	0	0	0	0	0	0	0	0	0	0	0	0	0	0	0	0	8.0037	0	0	5.68704	0	0	0	0	0	0	0	0	0	0	0	0	0	0	0	0	0	0	0	0	0	0	0	0	0	0	0	0	0	0	0	0	0	0	0	0	0	0	0	0	0	0	0	0	0	0	0	0	0	0	0	0	0	0	0	0	0	0	0	0	0	0	0	0	0	
0	0	0	0	0	0	0	0	0	0	0	0	0	0	0	0	0	0	0	0	0	0	0	0	0	0	0	0	0	0	0	0	0	0	0	0	0	0	0	0	0	0	0	10.50714	0	0	0	0	0	17.36668	0	0	0	0	10.41146	0	0	0	0	0	0	0	0	0	0	0	0	0	0	0	0	0	0	0	0	0	0	0	0	12.26851	0	0	0	0	0	0	0	0	0	0	0	0	0	0	0	0	0	0	0	0	
0	0	0	0	0	0	0	0	0	0	0	0	0	0	0	0	0	0	0	0	0	0	0	0	0	0	0	0	0	0	0	0	8.99007	0	0	0	0	0	0	0	0	0	0	0	0	0	0	2.48354	0	0	3.78496	13.99614	0	0	0	0	0	0	8.46395	0	0	0	0	0	0	0	0	0	0	0	1.33965	0	0	0	0	0	0	0	0	0	0	0	0	0	0	7.75724	0	0	0	0	0	0	0	0	0	0	0	0	0	0	
0	0	0	0	0	0	0	0	0	0	0	0	0	0	0	0	0	0	0	0	0	0	0	0	0	0	0	0	0	0	0	0	0	0	0	0	0	0	0	10.47181	0	0	0	0	15.79232	0	5.55233	0	0	0	0	0	0	0	0	0	0	0	0	0	0	0	0	0	0	0	0	0	0	3.55043	0	0	0	0	0	0	0	0	0	0	0	0	0	0	0	0	0	0	0	0	0	0	0	0	0	0	0	0	0	0	
0	0	0	0	0	0	0	0	0	0	0	0	0	0	0	0	0	0	0	0	0	0	0	0	0	0	0	0	0	0	0	0	0	0	0	8.84632	0	0	0	0	0	0	0	0	0	0	0	9.03707	0	0	0	0	0	5.13598	0	0	0	0	0	0	8.27723	0	0	0	0	0	0	0	0	0	0	0	0	0	0	0	0	0	0	0	0	0	0	0	0	0	0	0	0	0	0	0	0	0	10.99445	0	0	0	0	0	
0	0	0	0	0	0	0	0	0	0	0	0	0	0	0	0	0	0	0	0	0	0	0	0	0	0	0	0	0	0	0	0	0	0	0	0	0	0	0	0	0	11.71447	0	0	0	0	0	0	0	0	0	0	2.83259	0	0	0	0	0	0	0	0	0	0	0	0	0	0	14.18365	0	0	0	9.2278	0	0	0	0	0	0	0	0	0	0	0	0	0	0	0	0	0	0	0	0	0	0	0	0	0	0	0	0	
0	0	0	0	0	0	0	0	0	0	0	0	0	0	0	0	0	0	0	0	0	0	0	0	0	0	0	0	0	0	0	0	0	0	0	0	0	0	0	0	4.48751	0	0	0	10.60398	0	0	0.82	0	0	20.12817	6.21883	0	0	0	10.74578	0	0	5.66544	0	15.37712	0	0	0	0	0	0	0	7.58192	0	0	0	0	0	0	0	0	0	0	0	0	0	0	0	0	0	0	0	0	0	0	0	0	0	0	5.26703	0	0	0	0	
0	0	0	0	0	0	0	0	0	0	0	0	0	0	0	0	0	0	0	0	0	0	0	0	0	0	0	0	0	0	0	0	0	0	0	0	0	0	0	0	0	0	0	0	8.76489	0	0	0	0	0	0	0	3.95823	0	0	0	0	6.35996	0	0	0	5.14751	0	0	0	0	0	0	0	0	0	0	0	0	0	0	0	0	0	0	0	0	0	0	0	0	0	0	0	0	0	0	0	0	0	0	0	0	0	0	
0	0	0	0	0	0	0	0	0	0	0	0	0	0	0	0	0	0	0	0	0	0	0	0	0	0	0	0	0	0	0	0	0	0	0	0	0	0	0	0	0	0	0	12.36765	0	0	9.3814	0	0	0	6.9118	0	0	0	0	0	0	0	0	12.10404	0	0	0	0	7.19411	0	0	0	0	0	0	0	10.11252	0	0	0	15.06197	0	0	0	0	0	0	0	0	0	0	0	0	0	0	0	0	0	0	0	0	0	0	0	
0	0	0	0	0	0	0	0	0	0	0	0	0	0	0	0	0	0	0	0	0	0	0	0	0	0	0	0	0	0	0	0	0	0	0	0	0	0	0	0	0	0	0	0	0	6.17365	0	10.0357	9.54851	0	0	8.66869	2.48354	0	0	9.14244	0	0	2.02212	0	0	0	0	0	0	0	18.83259	14.83875	0	0	0	0	0	11.08162	0	0	0	0	0	0	0	0	0	0	0	0	0	0	0	0	0	0	0	0	0	0	0	0	0	0	
0	0	0	0	0	0	0	0	0	0	0	0	0	0	0	0	0	0	0	0	0	0	0	0	0	0	0	0	0	0	0	0	0	0	0	0	0	8.66505	0	0	0	0	0	0	0	0	0	0	10.46869	0	0	4.90204	0	0	0	0	5.08381	0	0	11.72527	0	1.72085	0	0	0	0	0	0	0	0	0	0	0	0	7.18127	0	0	0	0	0	0	0	0	0	0	0	0	0	0	0	0	0	0	0	0	0	0	0	0	0	
0	0	0	0	0	0	0	0	0	0	0	0	0	0	0	0	0	0	0	0	0	0	0	0	0	0	0	0	0	0	0	0	0	0	0	0	0	0	0	0	0	0	14.17489	0	0	10.80685	0	13.15797	0	0	6.52493	0	14.4744	0	6.89334	0	0	0	0	0	0	0	0	3.23571	0	0	0	0	0	0	17.49021	0	0	0	0	0	0	0	1.72085	0	0	0	0	0	0	0	0	0	0	0	0	0	0	0	0	0	0	0	0	0	
0	0	0	0	0	0	0	0	0	0	0	0	0	0	0	0	0	0	0	0	0	0	0	0	0	0	0	0	0	0	0	0	0	0	0	0	0	0	0	0	0	0	0	0	0	0	0	8.56363	10.06795	0	0	9.70488	0	0	0	0	0	0	0	0	0	0	0	0	17.33105	0	0	0	0	0	0	0	0	0	0	0	0	0	0	0	0	0	0	0	0	0	0	0	0	0	0.82	0	0	0	0	0	0	0	0	0	
0	0	0	0	0	0	0	0	0	0	0	0	0	0	0	0	0	0	0	0	0	0	0	0	0	0	0	0	0	0	0	0	0	0	0	0	0	0	0	0	0	0	0	0	0	0	0	9.84835	0	0	0	0	9.3136	21.59415	0	0	0	0	6.73793	11.25836	0	0	0	0	0	0	0	0	0	0	0	0	0	0	0	0	0	0	0	0	0	0	0	0	0	0	0	0	0	0	0	0	0	0	0	0	0	0	8.66232	0	
0	0	0	0	0	0	0	0	0	0	0	0	0	0	0	0	0	0	0	0	0	0	0	0	0	0	0	0	0	0	0	0	0	0	0	0	0	0	0	0	0	0	8.18158	0	0	0	0	0	0	6.63259	0	7.54691	0	5.8681	0	0	0	0	0	0	0	0	0	0	9.26057	0	0	0	0	0	0	0	0	0	0	0	18.76076	0	0	0	0	0	0	0	0	0	0	0	0	0	0	0	0	0	0	0	0	0	0	0	
0	0	0	0	0	0	0	0	0	0	0	0	10.9814	0	0	0	0	0	0	0	0	0	0	0	0	0	0	0	0	0	7.8779	0	0	0	0	0	0	0	0	0	0	0	6.1931	0	0	0	0	8.73151	0	0	8.07505	0	0	15.68054	17.98407	0	7.3892	0	0	0	0	0	0	6.43845	6.56047	6.80721	0	0	0	0	0	0	0	0	0	0	0	0	0	0	0	0	0	0	0	0	0	0	0	0	0	0	0	0	0	0	0	0	0	0	
0	0	0	0	0	0	0	0	0	0	0	0	0	0	0	0	0	0	0	0	0	0	0	0	0	0	0	0	0	0	0	0	0	0	0	0	0	0	0	0	0	0	0	0	0	11.08026	11.10887	0	0	5.08381	5.11601	8.88421	8.51907	0	3.34842	5.69957	0	0	0	0	8.90969	0	0	0	0	0	0	0	0	3.91036	0	0	0	0	0	0	9.71631	0	0	0	0	0	0	0	0	0	0	0	0	0	0	0	0	0	0	0	0	0	0	0	
0	0	0	0	0	0	0	0	0	0	0	0	0	0	0	8.48567	0	0	0	0	0	0	0	0	0	0	0	0	0	0	0	0	0	0	0	5.50448	13.08519	0	0	0	0	0	0	0	0	11.21906	5.45944	10.16733	5.3506	9.65918	0	0	13.57403	0	10.0782	0	0	0	0	4.33171	0	6.58368	0	0.82	0	8.66505	0	0	11.01701	0	6.37334	0	0	0	0	11.51459	0	15.10598	0	7.67639	0	0	0	0	0	0	0	0	0	0	8.43871	0	0	0	0	0	0	0	0	0	
0	0	0	0	0	0	0	0	0	0	0	0	0	0	0	0	0	0	0	0	0	0	0	0	0	0	10.91375	0	0	0	0	5.94181	0	0	7.26043	0	0	0	0	0	11.86729	0	0	0	0	0	0	0	8.11914	10.40822	1.33965	9.45877	8.4	0	9.16185	0	6.24818	0	1.73088	0	15.24051	8.96819	0	0	0	7.83502	0	0	0	0	0	0	0	7.5231	0	0	0	0	0	0	0	0	0	0	0	0	0	0	0	0	0	0	0	0	0	0	0	0	0	0	
0	0	0	0	0	0	0	0	0	0	0	0	0	0	0	0	0	0	0	7.05155	0	0	0	0	0	0	0	0	0	0	0	0	0	0	0	0	0	0	0	0	0	0	0	13.47062	0	0	16.93763	12.21505	8.05858	0	10.90398	8.06915	12.15214	0	0	0	13.76929	0	0	5.30844	8.39492	0	0	10.83976	0	10.0833	0	2.97984	0	0	0	0	0	0	0	0	0	0	0	0	0	0	0	0	0	0	0	0	0	0	6.1303	0	0	0	0	0	0	0	0	0	
0	0	0	0	0	0	0	0	0	0	0	0	8.85589	0	0	0	0	0	0	10.50486	0	0	0	0	0	0	0	0	0	0	0	0	0	14.48756	0	0	0	0	0	0	0	9.64958	9.29965	0	8.8118	0	0	3.47913	11.13464	0	1.33965	10.5158	7.66449	0	9.65463	15.58218	4.60477	12.56588	6.52319	0	0	0	0	0	15.56723	0	0	0	0	0	0	0	0	0	0	0	0	0	8.79005	0	0	0	0	0	0	0	0	0	0	0	0	0	0	0	0	0	0	0	0	0	
0	0	0	0	0	0	0	0	0	0	0	0	0	0	0	0	0	0	0	0	0	0	0	13.51403	0	0	0	0	0	0	0	0	0	0	0	0	0	0	8.60392	0	0	0	7.67182	9.2891	17.70951	0	11.28425	5.92264	0	7.73306	9.79962	5.03018	0	0	0	0	0	10.5282	15.60802	9.89201	8.73151	0	0	0	7.54691	0	0	0	0	0	0	0	0	0	0	0	0	0	0	0	0	0	0	0	0	0	0	0	0	0	0	0	0	0	0	0	0	0	0	0	
0	0	5.42959	0	0	0	0	0	0	0	0	0	0	0	0	0	0	0	0	0	0	0	0	0	0	0	0	0	0	0	0	0	0	0	0	0	0	0	0	0	10.8731	0	0	0	0	10.15866	0	5.32276	13.0341	11.26064	0	7.89191	10.244	6.80781	0	9.75047	0	0	18.82361	2.02212	9.64221	0	6.12701	10.50029	0	0	0	0	0	0	0	5.19882	0	0	0	0	0.82	0	0	0	0	0	0	0	0	0	0	0	0	0	0	0	0	0	0	0	0	0	0	0	
0	0	0	0	0	0	0	0	0	0	0	6.39974	0	0	0	0	0	0	0	0	0	0	0	0	0	0	0	0	0	0	0	0	2.6686	0	0	0	0	6.11939	10.42516	4.2758	9.39295	5.08381	0	0	10.31038	7.48427	11.98629	6.87725	11.0504	0	12.1326	0	4.89609	6.4336	0	10.16087	9.46952	7.19545	0	0	0	0	0	0	0	0	0	5.72928	0	0	0	0	13.33357	0	0	0.82	0	0	9.28556	0	0	0	0	0	0	0	0	0	0	0	0	0	0	0	0	5.45056	0	0	0	0	
0	0	0	0	0	0	0	0	0	0	0	0	0	0	0	0	0	0	0	0	0	0	0	0	0	0	0	0	0	0	0	0	0	0	7.0432	9.82812	0	0	0	4.21763	0	11.71644	0	11.09424	15.49143	9.13428	6.69327	6.50455	7.27095	11.49903	10.80046	10.84096	2.6686	9.47589	0	0	5.45463	0	0	10.38592	8.37028	0	16.17525	0	0	0	0	0	0	0	0	0	0	0	0	0	0	0	1.33965	0	0	0	0	0	0	0	0	12.30683	0	0	0	0	0	0	0	0	0	0	0	0	
0	0	0	0	0	0	0	0	9.25336	0	6.87464	0	0	0	0	0	0	0	0	0	0	0	0	0	0	0	5.42959	0	0	0	0	0	0	0	0	16.34101	0	10.0628	10.84337	0	8.89915	8.26292	0	5.68704	0	11.14072	7.1896	8.29583	6.19252	7.92721	0	5.99406	9.28379	0	0	0	5.62193	3.34842	0	0	0	0	0	0	0	0	16.44199	0	0	0	0	0	0	0	0	0	0	0	0	0	0	0	0	0	0	0	0	0	0	0	0	0	0	0.82	0	0	0	0	0	0	
0	0	0	0	0	0	0	0	0	0	0	9.65096	0	0	16.14805	0	0	0	0	0	0	0	0	0	0	0	0	0	0	0	0	11.10787	0	0	9.63716	0	11.67009	0	0	10.58208	0	0	9.51865	8.86702	10.17823	7.52121	10.96731	8.90943	4.03136	8.89082	12.68589	10.04753	10.13081	6.37905	0	1.72085	8.9761	0	0	11.46623	11.949	11.45573	0	10.17308	0	0	0	0	0	0	0	0	0	0	0	4.52941	0	0	0	0	0	0	0	3.23571	0	0	0	0	0	0	0	0	0	0	0	0	0	0	0	0	
0	0	0	0	0	0	0	0	0	0	0	0	10.42679	0	0	0	0	0	0	0	0	0	0	0	0	0	0	0	0	9.36976	0	0	8.28079	0	6.60653	0	14.11895	0	13.86557	10.35103	10.62486	9.29965	10.47235	6.26262	8.70423	3.82909	10.73562	9.7818	6.12701	8.53848	9.0499	10.73091	13.55461	8.79424	6.097	12.16612	9.69562	0	0	6.31905	9.14439	0	0	0	0	10.042	0	0	0	0	0	0	0	10.16637	0	0	0	0	0	0	10.89693	0	0	0	0	0	0	0	0	0	0	0	0	0	0	0	0	0	0	0	
0	0	0	0	0	0	0	13.17402	0	0	0	10.1769	0	0	0	0	0	0	0	0	0	0	0	0	0	0	0	8.20048	0	0	0	0	8.76996	0	0	0	3.55043	8.07914	11.03402	10.85306	9.82681	3.6123	0	9.73563	9.72897	8.62836	9.29418	9.63136	11.39691	9.15225	5.92479	9.06593	8.09134	7.84945	8.31844	11.32745	6.41276	5.61484	2.35739	8.2117	4.40729	12.358	5.23807	0	10.14604	0	0	0	0	0	0	0	0	12.00784	0	0	0	0	0	0	0	0	0	0	0	0	0	0	0	0	0	0	0	0	0	0	0	0	0	0	
6.60653	0	0	0	0	0	0	0	5.99108	0	0	0	12.08764	0	0	0	0	0	0	0	0	0	0	0	13.95347	0	0	9.24428	0	0	0	0	4.21763	0	9.52688	7.83017	0	6.35996	11.20748	5.73298	6.43845	7.10565	5.11877	8.98198	11.30673	9.75088	7.48674	8.28483	4.4075	3.03119	7.21684	7.71373	7.06035	5.4975	12.64775	11.9053	6.77732	4.57169	0	9.97705	10.84397	3.23571	0	2.86207	0	8.2302	0	0	0	0	8.36693	0	0	0	0	0	0	0	0	0	0	0	4.38779	0	0	14.59615	0	0	0	0	0	0	0	0	0	0	0	0	0	0	
0	0	0	9.89317	0	0	0	0	0	0	0	0	0	0	0	0	0	0	8.23754	0	0	8.52518	0	2.48354	8.2974	4.2758	0	0	8.48875	6.76722	10.24641	0	5.62125	0	0	12.01453	0	8.93561	10.18261	9.52723	6.79717	4.62967	8.59458	9.3596	8.28346	10.10477	7.54522	9.65586	8.68125	8.95348	9.4935	7.39003	10.71555	7.75281	4.73278	9.28823	0	0.86043	5.49343	6.58689	16.63846	2.02212	8.70529	0	0	0	0	0	0	5.94181	0	0	6.09506	0	11.91366	7.6273	11.50778	3.34842	0	15.43375	0	0	0	0	0	0	0	0	0	0	0	0	0	0	0	0	0	0	0	0	
8.11144	0	0	0	11.37812	7.78755	0	0	0	0	0	0	0	0	0	0	0	7.5991	0	0	0	0	0	0	9.54112	0	8.14763	10.68648	0	9.62042	9.72474	0	0	0	11.54706	4.79652	7.45654	11.41601	12.62285	8.07331	5.03078	9.87345	9.42155	7.52446	8.77304	8.58161	9.40415	9.62713	5.49622	9.08667	4.2417	9.29797	14.5718	7.33289	9.00487	7.22516	8.89652	4.31548	1.96672	7.56574	10.46557	0	6.15737	12.59206	14.23334	11.83876	9.13221	0	0	0	0	0	0	0	6.85569	0	0	0	0	0	0	0	0	0	0	0	0	0	0	0	0	0	0	0	0	2.02212	0	0	0	0	
0	0	0	0	0	0	0	0	4.2758	0	7.70345	0	0	0	0	0	5.70831	8.67319	10.52673	5.08381	8.21913	10.39971	0	0	0	12.50355	0	8.42271	7.69325	10.39434	0	10.21828	9.72981	7.22545	6.78832	10.77161	6.80616	9.41913	8.90367	7.96362	8.93564	7.91858	3.27101	7.1286	9.12412	7.99903	7.91566	7.63103	7.43163	5.91054	8.39113	9.04797	7.69282	7.26585	4.284	4.76413	7.40751	9.20926	0	3.34842	5.96897	2.02212	8.4634	0	7.81025	9.58778	1.72085	0	0	0	0	9.959	0	0	5.79042	0	0	0	12.07285	0	0	0	0	0	0	5.42959	0	0	0	0	0	0	0	0	0	1.72085	0	0	0	0	
0	11.36478	0	0	0.82	11.59211	0	0	0	0	0	0	0	0	2.27119	12.69173	0	9.89896	7.90613	0	4.67209	0	4.58275	0	0	0	0	0	8.46839	10.2043	7.0319	0	8.36693	2.62272	10.69138	6.54651	7.97216	7.0606	8.13248	8.12892	9.02565	6.61077	6.17676	7.42473	7.55481	5.67685	8.31109	8.43206	7.80927	7.22432	6.31719	7.90557	8.81141	4.59061	7.95598	6.08034	0.82	7.52027	7.31627	1.97949	0	10.39598	0	11.2186	11.80862	0.82	7.30552	6.35996	0	0	0	0	0	0	0	8.0461	0	0	0	0	7.26276	0	0	0	0	0	0	0	0	0	0	0	0	0	0	0	0	0	0	0	
0	11.50702	7.00071	0	7.72369	0	0	0	0	0	6.70507	0	0	0	9.04755	12.5584	0	10.20055	0	0	2.48354	9.67277	7.32741	7.64768	8.77501	10.7477	0	3.36968	5.74995	6.56512	8.15083	10.80314	10.19039	10.86854	10.69632	5.41504	8.04547	7.71797	6.89458	8.22143	5.82585	6.86784	8.02674	6.07294	6.28929	5.86401	8.26549	6.42494	7.61854	7.92296	7.39953	8.39117	7.21045	6.84954	6.84624	5.39236	7.24088	8.62544	7.28424	8.53414	0	7.49182	8.19597	9.49865	3.61198	0	3.34842	0	0	0	0	3.55043	0	14.1068	7.91039	0	10.47414	0	13.25589	0	0	0	0	5.58263	0	2.37689	0	0	0	0	0	0	0	0	0	0	0	0	0	0	
0	0	0	0	0	0	0	0	5.66544	0	5.57568	2.97984	0	0	0	0	0	0	9.73241	0	0.82	0	0	0	0	4.98266	10.26885	0	0	10.40496	2.55189	2.6686	5.47995	9.44761	9.56075	7.83847	6.46931	7.40761	6.30459	8.9816	4.43518	6.43673	7.63906	7.01151	5.87927	7.98404	6.08081	8.32776	8.02076	9.47491	7.87737	6.56589	4.65939	6.33602	8.38548	8.59885	8.40556	7.11546	7.83017	4.90597	9.4193	4.61664	6.43845	6.69376	0	8.78274	0	8.0869	0	0	0	0	0	0	0	0	0	0	0	0	0	1.33965	0	0	0	0	0	3.80864	2.6686	17.95234	0	0	0	0	0	0	0	0	0	0	
0	0	0	0	0	0	0	0	9.4572	9.10081	3.05485	2.27119	0	10.39434	0	0	0	1.33965	2.02212	4.77738	0	0	3.34842	7.01228	5.52861	10.04931	0	10.1372	4.27889	8.92084	0	8.39376	7.73456	3.40224	1.01917	8.3628	6.37771	4.24662	11.10631	4.79567	7.55752	6.30805	7.17463	8.22585	6.48604	6.29245	6.96474	7.27076	5.96688	7.67566	7.60543	6.124	6.84265	5.94202	6.86572	7.34037	5.55295	6.73033	10.74706	4.45334	6.76443	6.77698	8.20172	12.45264	5.58167	10.70306	10.43159	0	0	0	0	0	0	1.72085	10.80314	0	0	0	14.33756	0	0	0	0	0	0	0	0	0	3.23571	0	0.82	0	0	0	0	0	0	0	0	0	
0	0	7.26043	3.34405	0	2.48354	0	0	9.60915	0	0	0	0	0	0	0	0	6.94201	0	0	0	0	0	10.39269	0	9.33085	0	8.72685	5.74995	8.92135	0	8.48781	0	7.48662	3.92736	7.68883	5.50972	4.63552	0.9442	11.52026	6.15688	8.89961	4.96541	6.83912	6.80829	6.98589	6.54493	8.6541	6.92157	7.9994	6.38924	7.16291	6.81857	6.33913	7.06083	6.14962	7.83767	8.98096	6.86426	5.07482	7.70603	10.13088	1.01106	12.06023	6.41857	0	0	6.25629	4.33171	14.38072	5.90259	0	8.501	0	0	0	6.66316	0	0	0	0	0	3.73713	0	0	0	0	0	0	0	0	0	0	0	0	0	0	0	0	0	
0	0	0	0	0	0	0	0	0	0	9.87799	6.50075	8.39832	0	9.04127	0	0	5.17833	0	5.66544	0	0	0	0	0	0	3.80864	3.23571	7.08561	0	9.81441	7.80936	3.69764	5.29689	4.79751	6.77892	7.65335	6.36448	5.86648	8.47848	7.43588	5.0021	5.97372	5.98608	7.00232	7.18842	4.72796	5.61054	5.81972	5.93933	5.16626	8.40029	8.92055	5.64426	5.37892	6.54792	6.48404	7.12093	9.19722	7.17409	5.12205	4.8414	8.86913	7.44077	0	5.64255	12.04123	2.7275	0	0	3.55043	0	5.71697	0.66983	0	12.05791	0	0	0	0	0	0	0	0	0	0	0	0	6.36591	0	0	0	0	0	0	0	0	0	0	0	
0	0	0	0	0	0	0	0	0	10.9874	0	0	11.86238	0	0	0	0	0	0	0	0	0	0	8.57693	0	0	9.40754	0	0	4.78655	5.49482	0	0	7.72724	5.01717	7.10065	2.48354	3.45295	0	7.86848	4.56186	3.7276	2.09776	5.93855	10.09581	6.03648	6.3075	7.61431	7.55778	3.9185	6.59816	6.92817	5.64194	7.52574	7.18752	5.24943	5.6258	6.03017	3.70096	5.38802	7.35732	5.6967	4.87735	3.64827	5.04858	4.97252	4.98266	9.20178	4.72384	0	0	3.23571	0	4.9473	0	5.62125	6.01194	0	0	0	0	0	0	0	6.59515	0	0	1.33965	0	0	0	13.44709	0	0	0	0	6.51289	0	0	0	
0	0	0	0	0	0	0	0	0	0	0	8.85827	0	0	0	0	0	7.21116	10.22383	0	0	0	0	9.02652	0	0	0	4.53592	0	0	0	0	1.01106	6.87872	4.00328	0	3.97556	8.42957	0	6.58547	3.70298	8.15742	6.14418	6.12339	0	7.30496	5.04951	2.63207	6.1779	5.99628	6.70877	12.10404	6.88866	4.44728	5.99084	5.77833	6.74401	6.9126	6.82133	7.75831	7.26396	4.93202	0	6.1631	11.86086	0	5.04835	4.87388	14.1339	5.22337	0	0	0	0	0	8.63758	0	8.4764	0	0	0	4.76461	0	0	0	0	0	0	0	0	0	0	0	0	0	0	0	0	0	0	
0	0	0	0	2.45688	0	0	0	0	0	8.58966	0	0	0	0	9.19048	0	0	5.64352	0	4.05859	2.83259	0	0	0	5.52861	6.15827	0	0	5.75526	0	8.02775	6.23358	0	0	9.3462	9.06621	1.72085	14.25038	8.56053	0.86043	9.05171	5.0861	4.62811	4.81511	3.04441	11.69428	3.321	7.03762	8.07773	6.78192	7.00111	6.93367	5.79236	4.28039	6.51096	5.70748	6.56835	5.17953	4.47957	5.18076	5.442	7.83899	3.2865	7.40446	0	7.51299	9.47788	0	5.57568	8.9251	12.14118	8.55333	7.59893	6.41446	0	6.34599	0	0	0	3.23571	0	0	0.82	0	11.94816	0	0	0	4.62811	0	0	0	0	0	0	0	0	0	0	
0	0	0	0	0	0	0	0	0	0	0	2.27119	7.81164	0	0	13.16575	0	0	0	1.33965	0	0	3.34842	0	0	0	0	0	0	3.65151	1.72085	3.62075	0	0	0	11.28294	0	0	0	0	5.48562	1.4311	5.33992	3.69342	5.2888	5.06917	4.04346	6.57765	5.46793	3.37155	0	0	6.02005	10.06613	2.48354	4.57227	8.72823	5.71096	4.16622	5.1587	6.06605	7.51528	7.57318	4.60624	3.843	4.64264	8.07914	7.35953	0	8.69956	0	10.69923	7.93039	8.38687	5.55233	0	2.83259	0	1.33965	0	0	0	0	0	0	0	0	0	0	0	0	0	0	0	0	0	0	0	0	0	
0	0	0	8.42592	0	0	0	0	0	0	0	0	0	0	0	0	0	0	0	0	0	0	2.83259	0	0	0	7.29369	3.58544	6.4885	5.37742	0	0	0	0	0	10.27567	0	1.72085	0	4.95237	3.17698	0	0	0	5.56575	10.04723	9.46233	7.26761	5.24202	3.89731	4.01277	3.63927	6.09422	7.86895	6.73995	5.97621	7.50796	5.4744	5.06569	7.97975	5.31975	7.0696	6.79953	8.63924	6.4237	8.65206	6.68901	1.72085	13.04487	5.3247	6.3324	7.61404	1.91614	5.48849	5.83946	0	12.38034	0	4.92837	8.5519	0	5.74995	11.06934	0	0	0.82	0	0	0	0	0	0	0	0	0	0	0	6.77732	0	11.53743	
0	0	5.59195	0	0	0	0	0	0	0	0	0	0	0	0	0	0	0	0	0	7.50497	0	0	0	0	6.67297	0	8.17304	0	11.64583	0	9.91163	11.39667	0	9.3257	0	0	5.09858	5.37955	0	9.48057	0	0	8.94243	11.56722	9.181	0.66983	2.19277	1.72085	5.95276	1.72085	10.59615	7.45178	4.70806	7.73205	8.20381	0	5.64782	7.78495	4.39074	2.35352	4.42063	4.97613	0.84695	3.95159	2.65549	5.05131	0	8.24605	4.54095	4.53174	4.53537	5.08463	9.83941	0	0	5.85753	0	8.57799	6.97461	0	4.08575	0	0	0	0	0	0	6.00301	0	0	0	0	0	0	0	6.8652	0	0	0	
0	0	0	0	2.27119	0	0	0	0	0	0	0	7.33756	0	0	0	0	0	0	0	0	5.88688	0	0	0	0	0	3.7276	0	0	0	6.30515	7.38458	0	0	0	8.59252	0	3.23571	6.24818	0	0	9.1217	0	2.83259	0	4.52238	2.48354	10.83553	6.85377	3.11343	2.19166	7.14813	2.97133	5.78472	0.41	0	4.95132	8.69997	5.57273	4.80703	6.82572	6.80278	4.20271	4.21027	6.87064	6.09363	2.01161	5.67975	6.33894	4.25782	0	0	9.12689	0	8.84203	11.55745	4.71556	0	0	0	0	0	0	9.12672	1.33965	0	0	0	0	0	0	0	0	0	0	8.79255	0	0	0	
0	0	0	0	0	0	0	0	0	0	0	0	13.70399	0	0	0	7.41077	0	0	0	0	0	0	0	15.80878	0	0	0	0	0	0	0	0	0	7.53505	8.05027	0	5.3506	0	0	0	0	6.9658	11.45997	0	9.60612	7.72449	7.77578	0	1.8638	0	12.44692	9.96895	6.88912	0	2.27119	0	6.41392	0	5.1717	7.94388	6.3866	4.41839	6.78736	3.88408	5.44812	5.97689	5.80583	9.63854	8.19583	9.06165	1.7443	6.26523	1.33965	6.70673	3.42207	8.68612	11.48253	0	0	6.34645	0	7.39459	0	7.67153	15.37621	5.50448	4.9473	3.55043	0	2.95442	0	0	11.55652	0	0	0	0	0	0	
0	0	0	0	0	0	0	0	0	0	0	0	0	0	0	0	0	0	0	0	6.93056	0	0	0	0	0	0	0	0	5.57568	0	0	0	0	9.71017	0	0	0	0	0	9.99516	0	8.28434	9.35297	1.75261	0	0	5.29543	2.27119	3.29395	8.58103	0	0	3.01699	3.96319	7.00803	0	0	5.02507	8.13698	8.05858	7.47129	0.41	4.55442	5.39084	7.15277	1.34253	7.59794	4.81496	11.00271	8.09808	6.96775	5.13557	5.18468	3.5623	0	4.04971	0	9.35153	0	0	0	2.83259	0	0	0	6.12435	0	0	0	0	0	0	0	0	0	0	0	0	0	
0	0	0	0	6.61781	0	0	0	0	0	0	1.33965	0	3.88538	0	0	0	0	0	0	0	0	0	0	0	0	0	0	0	0	0	0	0	0	0	0	0	0	0	9.66405	0	0	8.57236	0	4.32133	0	0.66983	0	0	0	5.23807	0	0	0	9.68355	0	0	0	0	5.45499	9.004	0	5.62935	7.01664	7.47584	0	0.41	6.19971	10.31428	3.49683	3.50036	7.30718	5.01113	3.95446	0	0	4.73609	1.33965	5.66273	8.7289	1.72085	5.57568	0.82	0	2.48354	0	4.75622	12.97307	0	4.99701	0	0	0	0	0	0	0	0	0	0	
0	0	0	0	0	0	0	0	0	0	0	0	0	0	0	0	0	3.83797	0	0	0	6.21883	7.28896	0	0	0	8.80247	0	0	0	0	0	0	4.80801	6.80188	0	0	0	0	0	0	0	0	0	0	0	0	0	0	0	0	0	0	0	0	6.60524	8.20806	6.11646	2.48354	1.72085	0	3.38361	4.24141	0	7.26269	8.20623	6.70533	6.5961	4.71334	3.87077	4.24116	4.58978	7.15513	6.6611	8.72108	1.72648	8.23401	0	5.68704	7.3724	0	0	6.02753	0	6.42566	7.00966	5.14751	2.27119	0	7.02144	0	0	0	0	0	0	10.07937	0	0	0	
0	0	0	0	0	0	0	0	6.65396	0	0	0.82	0	0	0	0	0	0	0	0	0	0	0	0	0	0	0	0	0	0	0	0	0	0	0	0	0	0	0	10.5492	0	0	0	0	0	6.6621	0	2.02212	5.20851	0	0	11.56284	0	0	0	0	0	0	7.44492	0	7.46678	0	10.38068	8.34566	9.6145	5.32052	4.90873	0	0	5.49165	7.38575	2.02212	8.21214	8.15391	7.47148	10.5734	1.7443	0	2.02212	7.63334	5.53239	7.87542	10.00594	5.83172	5.7007	0	0	0	0	0	7.70874	0	6.16304	0	0	0	0	0	0	0	
0	0	0	0	0	0	0	0	0	0	0	0	0	3.34842	0	0	0	0	0	2.02212	0	0	0	0	0	2.29759	0	0	0	0	0	0	0	0	3.80864	0	0	4.68016	0	0	8.9234	0	0	6.97461	1.33965	0	0	0	0	0	7.51708	3.55043	0	0	13.12578	0	0	0	0	5.16671	5.88453	0	5.35328	10.06486	4.15702	2.67604	6.43591	2.97984	0	5.24089	5.20489	0	4.66434	6.50185	7.21655	8.08018	3.58998	4.30541	6.63949	2.82036	0	7.50018	2.02212	5.76248	3.52511	0	0	5.94181	2.6808	0	1.33965	0	0	4.9473	0	0	0	0	5.44996	0	
0	0	0	0	0	0	0	13.85689	0	0	0	0	0	0	0	0	0	0	0	0	0	0	2.6686	0	0	0	0	0	7.09258	0	0	0	0	0	8.57441	0	0	0	0	0	0	6.96929	0	0	0	0	5.90806	0	0	0	0	0	8.11543	0	0	0	2.78784	10.18451	0	3.27941	5.87749	0	0	4.68489	0	4.83572	0	8.05372	5.76086	11.86683	13.1114	4.00466	9.13657	5.00382	7.61609	4.99942	7.40461	9.05587	5.00889	7.17904	3.36228	5.53246	3.98883	0	5.64314	0	0.82	1.9116	0	0	7.4365	8.34054	0	0	0	0	11.22461	0	0	0	
0	0	0	0	0	0	0	0	3.23571	0	0	0	0	0	0	0	0	0	0	0	0	0	0	0	0	0	0	0	0	0	0	0	0	0	0	0	0	3.90101	0	0	0	0	0	0	0	0	0	0	0	2.97984	0	4.22539	0	0.71988	0	0	4.21763	5.43652	0	0	0.82	0	4.75622	9.56318	5.3506	4.96446	0	0	6.00547	8.80098	0	5.08381	5.07319	6.26257	8.03341	4.96776	0	4.43931	7.27762	2.59344	2.24711	6.20393	3.23571	0	0	0	2.6753	0	0	0	0	0	6.0712	3.21638	3.88538	0	0	0	0	0	
0	0	0	0	0	0	0	2.97984	0	0	0	0	0	0	0	0	0	0	0	0	0	0	0	0	0	0	0	0	0	0	0	0	0	0	0	0	0	4.14066	0	3.45295	0	0	0	0	0	0	0	0	0	0	5.94807	0	0	12.23167	8.67888	0	0	9.9344	9.32398	9.67412	0	3.80864	0	5.85361	7.51006	11.40484	0	0	5.9533	4.40987	5.94934	3.39513	5.74964	5.91305	0	6.87954	7.03463	0	7.09576	4.35604	6.21373	8.19295	3.43454	5.08395	2.88365	0	0	4.38335	0	0	8.23754	0	0	0	0	4.94375	0	0	0	0	
0	0	0	0	0	0	0	0	0	0	0	0	0	0	0	0	0	0	0	0	0	0	0	0	0	10.18641	0	0	0	0	0	0	0	0	0	0	0	4.79652	0	0	0	0	0	0	8.79005	0	0	0	8.27723	0	0	0	0	0	0	0.82	0	0	0	0	0	0	7.53271	0	0	5.28408	7.11201	5.81903	0	5.73536	3.43454	0	4.84151	0	8.54601	5.11853	0	6.54151	5.97069	5.45	2.76459	0	1.90432	0	7.48662	6.02332	0	0	0	0	8.80495	0	0	0	0	0	0	2.83259	0	0	
0	0	0	0	0	0	0	0	0	0	0	0	11.02126	0	0	0	0	0	0	0	0	0	0	0	0	0	0	0	0	0	0	0	0	0	0	0	0	0	0	0	0	0	0	0	0	0	0	10.48881	0	0	0.82	0	15.67196	0	0	0	0	0	0	2.336	0	0	0	6.30286	2.02212	12.71524	10.40363	0	0.82	0	0	11.2825	0	0	0	0.75706	5.49221	7.97852	4.23103	3.56958	0	6.42597	5.82641	3.17071	5.20595	2.61904	3.4722	0	5.82978	0	0	0	0	3.55043	0	0	0	0	0	0	
0	0	0	0	0	0	0	0	0	0	0	0	0	0	0	0	0	0	0	0	0	0	0	0	0	0	0	0	0	0	0	0	8.79255	0	0	0	0	0	0	0	5.8681	0	0	0	0	0	0	0	0	0	0	0	0	0	0	0	1.39075	0	0	0	11.25468	0	0	4.86048	0	1.33965	0	0	4.99376	0	0	0	7.56452	0	0	7.26043	0	0	8.279	9.26932	5.02725	6.18887	9.75175	0	4.2758	0	0	0	0	2.6686	6.22908	3.56791	3.62371	0	0	0	0	0	0	0	
0	0	0	0	0	0	0	4.39554	0	0	0	0	0	0	0	0	0	0	0	0	0	0	0	0	0	0	0	1.72085	0	0	0	0	0	0	0	0	0	0	0	0	0	0	0	0	0	0	0	0	0	0	0	0	0	0	0	0	0	0	0	0	0	0	0	0	0	0	0	0	0	0	3.08683	2.3928	8.12426	7.62171	0	4.75622	9.91392	0	8.20572	14.09492	0	6.08027	0	8.6596	0	7.93535	0	12.00302	0	0	0	14.13254	0	0	0	9.86857	0	0	0	0	
0	0	0	0	0	0	0	0	0	0	0	0	0	0	0	0	0	0	0	0	9.47593	0	0	0	0	0	0	0	0	0	0	0	0	0	0	0	0	0	0	0	0	0	0	0	0	0	0	0	0	0	0	0	0	0	0	0	0	0	0	9.05587	0	0	0	0	6.17365	7.5991	11.64238	4.34126	0	0	0	0	0	0	0	1.33965	8.23365	0	0	0	2.92454	0	0	0	0.9442	0	7.13169	3.27979	4.33171	0	7.38458	7.82531	9.36139	3.45295	0	7.63288	0	0	0	0	
0	0	0	0	0	0	0	0	0	0	0	0	0	0	0	0	0	0	0	0	0	0	0	0	0	0	0	0	0	0	0	0	0	0	0	0	0	0	0	0	0	0	0	0	0	0	0	0	0.82	0	0	0	0	0	0	0	0	0	0	0	0	0	0	0	0	0	0	0	0	8.24484	6.47615	8.99224	6.75851	0	10.39761	5.29543	0	8.82456	0	0	0	6.23358	5.95362	0	4.79533	0	0.82	0	0	2.41786	0	0.41	2.73754	0	1.72085	0	0	0	0	0	
0	0	0	0	0	0	0	0	0	0	0	0	0	0	0	2.6686	0	0	0	0	0	0	0	0	0	0	0	0	0	0	0	0	0	0	5.92373	0	0	0	0	0	0	0	0	0	0	0	0	0	0	0	0	0	0	0	0	0	0	0	0	0	0	0	0	0	0	0	0	2.48354	0	0	0	0	0	3.11343	0	0	0	1.3343	0	0	0	0	0	0	2.02786	0	6.30585	3.8749	6.95694	9.16426	7.02635	0	10.0177	0	0	0	0	0	0	0	
0	0	0	0	0	0	0	0	0	0	0	0	0	0	0	0	0	0	0	0	0	0	0	0	0	0	0	0	0	0	0	0	0	0	0	0	0	0	0	0	0	0	0	0	0	0	0	0	6.8268	0	0	0	0	0	0	0	0	0	0	1.33965	0	0	0	0	0	3.69271	0	0	0	0	0	7.75548	0	0	0	0	0	10.98249	0	6.21726	8.48259	0	0	11.3652	0	0	0	0	0	0	0	0	0	0	0	0	0	0	0	0	
0	0	0	0	0	0	0	0	0	0	0	0	0	0	0	0	0	0	0	0	0	0	0	0	0	0	0	0	0	0	0	0	0	0	0	0	0	0	0	0	0	0	0	0	0	0	0	0	0	0	0	0	0	0	0	1.36458	0	0	8.34672	0	0	0	0	0	11.59318	0	0	0	0	0	0	0	0	0.82	0	0	5.3506	0	0	0	3.70923	5.69288	3.69229	5.02325	0	0	0	5.90542	9.47505	0	2.48354	5.20851	10.71391	0	0	0	0	0	0	0	
0	0	0	0	0	0	0	0	0	0	0	0	0	0	0	0	0	0	0	0	0	0	0	0	0	0	0	0	0	0	0	0	0	0	0	0	0	0	0	0	0	0	0	0	0	0	0	0	0	0	0	0	0	0	0	0	0	0	0	0	0	0	0	0	0	0	0	0	0	0	0	0	0	0	0	0	0	0	0	0	0	0	0	0	0	0	0	0	0	0	0	7.541	0	0	0	0	0	0	0	0	
0	0	0	0	0	0	0	0	0	0	0	0	0	0	0	0	0	0	0	0	0	0	0	0	0	0	0	0	0	0	0	0	0	0	0	0	0	0	0	0	0	0	0	0	0	0	0	0	0	0	0	0	0	0	0	0	0	0	0	0	0	0	0	0	0	0	0	0	0	0	4.65071	5.23807	0	0	0	0	0.82	0	0	8.46388	0	0	0	9.96011	0	0	0	0	0	0	2.27672	13.23988	0	0	0	0	0	0	0	0	
0	0	0	0	0	0	0	0	0	0	0	0	0	0	0	0	0	0	0	0	0	0	0	0	0	0	0	0	0	0	0	0	0	0	0	0	0	0	0	0	0	0	0	0	0	0	0	0	0	0	0	0	0	0	0	0	0	0	0	0	0	0	0	0	0	0	0	0	0	0	5.81023	0	0	0	0	0	0	0	0	0	0	0	0	0	0	0	0	0	0	0	0	0	0	0	0	0	0	0	0	0	
0	0	0	0	0	0	0	0	0	0	0	0	0	0	0	0	0	0	0	0	0	0	0	0	0	0	0	0	0	0	0	0	0	0	0	0	0	0	0	0	0	0	0	0	0	0	0	0	0	0	0	0	0	0	0	0	0	0	0	0	0	0	0	0	0	0	0	0	0	6.69445	0	0	0	0	0	0	0	0	1.72085	0	0	0	0	0	0	0	0	0	8.2914	2.02212	0	0	0	0	0	0	0	0	0	0	
0	0	0	0	0	0	0	0	0	0	0	0	0	0	0	0	0	0	0	0	0	0	0	0	0	0	0	0	0	0	0	0	0	0	0	0	0	0	0	0	0	0	0	0	0	0	0	0	0	0	0	0	0	0	0	0	0	0	0	0	0	0	0	0	0	0	0	0	0	0	0	0	0	0	0	0	0	0	0	0	0	0	0	0	0	0	0.82	0	0	0	0	0	0	0	0	0	0	0	0	0	
0	0	0	0	0	0	0	0	0	0	0	0	0	0	0	0	0	0	0	0	0	0	0	0	0	0	0	0	0	0	0	0	0	0	0	0	0	0	0	0	0	0	0	0	0	0	0	0	0	0	0	0	0	0	0	0	0	0	7.94217	0	0	0	0	0	0	0	0	0	0	0	0	0	0	0	0	5.3506	0	0	0	0	0	0	0	0	0	0	0	0	0	0	0	0	0	0	0	0	0	0	0	0	
0	0	0	0	0	0	0	0	0	0	0	0	0	0	0	0	0	0	0	0	0	0	0	0	0	0	0	0	0	0	0	0	0.82	0	0	0	0	0	0	0	0	0	0	0	0	0	0	0	0	0	0	0	0	0	0	0	0	0	0	0	0	0	0	0	0	0	0	0	0	0	0	0	0	0	0	4.48751	0	0	0	0	0.82	0	0	0	0	0	0	0	0	0	0	0	0	0	0	0	0	0	0	0	
0	0	0	0	0	0	0	0	0	0	0	0	0	0	0	0	0	0	0	0	0	0	0	0	0	0	0	0	0	0	0	0	0	0	0	0	0	0	0	0	0	0	0	0	0	0	0	0	0	0	0	0	0	0	0	0	0	0	0	0	0	0	0	0	0	0	0	0	0	0	0	0	0	0	0	0	0	0	0	0	0	0	0	0	0	0	0	0	0	0	0	0	0	0	0	0	0	0	0	0	
0	0	0	0	0	0	0	0	0	0	0	0	0	0	0	0	0	0	0	0	0	0	0	0	0	0	0	0	0	0	0	0	0	0	0	0	0	0	0	0	0	0	0	0	0	0	0	0	0	0	0	0	0	0	0	0	0	0	0	0	0	0	0	0	0	0	0	0	0	0	0	0	0	0	0	0	0	0	0	0	0	0	0	0	0	0	0	0	0	0	0	0	0	0	0	0	0	0	0	0	
0	0	0	0	0	0	0	0	0	0	0	0	0	0	0	0	0	0	0	0	0	0	0	0	0	0	0	0	0	0	0	0	0	0	0	0	0	0	0	0	0	0	0	0	0	0	0	0	0	0	0	0	0	0	0	0	0	0	0	0	0	0	0	0	0	0	0	0	0	0	0	0	0	0	0	0	0	0	0	0	0	0	0	0	0	0	0	0	0	0	0	0	0	0	0	0	0	0	0	0	
0	0	0	0	0	0	0	0	0	0	0	0	0	0	0	0	0	0	0	0	0	0	0	0	0	0	0	0	0	0	0	0	0	0	0	0	0	0	0	0	0	0	0	0	0	0	0	0	0	0	0	0	0	0	0	0	0	0	0	0	0	0	0	0	0	0	0	0	0	0	0	0	0	0	0	0	0	0	0	0	0	0	0	0	0	0	0	0	0	0	0	0	0	0	0	0	0	0	0	0	
0	0	0	0	0	0	0	0	0	0	0	0	0	0	0	0	0	0	0	0	0	0	0	0	0	0	0	0	0	0	0	0	0	0	0	0	0	0	0	0	0	0	0	0	0	0	0	0	0	0	0	0	0	0	0	0	0	0	0	0	0	0	0	0	0	0	0	0	0	0	0	0	0	0	0	0	0	0	0	0	0	0	0	0	0	0	0	0	0	0	0	0	0	0	0	0	0	0	0	0	
0	0	0	0	0	0	0	0	0	0	0	0	0	0	0	0	0	0	0	0	0	0	0	0	0	0	0	0	0	0	0	0	0	0	0	0	0	0	0	0	0	0	0	0	0	0	0	11.22737	0	0	0	0	0	0	0	0	0	0	0	0	0	0	0	0	0	0	0	0	0	0	0	0	0	0	7.73332	0	0	0	0	0	0	0	0	0	0	0	0	0	0	0	0	0	0	0	0	0	0	0	0	0	
