0	0	0	0	0	0	0	0	0	0	0	0	0	0	0	0	0	0	0	0	0	0	0	0	0	0	0	0	0	0	0	0	0	0	0	0	0	0	0	0	0	0	0	0	0	0	0	0	0	0	0	8.52825	0	0	0	0	0	0	0	0	0	0	0	0	0	0	0	0	0	0	0	0	0	0	0	0	0	0	0	0	0	0	0	0	0	0	0	0	0	0	0	0	0	0	0	0	0	0	0	0	
0	0	0	0	0	0	0	0	0	0	0	0	0	0	0	0	0	0	0	0	0	0	0	0	0	0	0	0	0	0	0	0	0	0	0	0	0	0	0	0	0	0	0	0	0	0	0	12.7733	0	0	0	0	0	0	0	0	0	0	0	0	0	0	0	8.17961	0	0	0	0	0	0	0	0	0	0	0	0	0	0	0	0	0	0	0	0	0	0	0	0	0	0	0	0	0	0	0	0	0	0	0	0	
0	0	0	0	0	0	0	0	0	0	0	0	0	0	0	0	0	0	0	0	0	0	0	0	0	0	0	0	0	0	0	0	0	0	0	0	0	0	0	0	0	0	0	0	0	0	0	0	0	0	0	0	0	0	9.01591	0	0	0	0	0	0	0	0	0	0	0	0	0	0	0	0	0	0	0	0	0	0	0	0	0	0	0	0	0	0	0	0	0	0	0	0	0	0	0	0	0	0	0	0	0	
0	0	0	0	0	0	0	0	0	0	0	0	0	0	0	0	0	0	0	0	0	0	0	0	0	0	0	0	0	0	0	0	0	0	0	0	0	0	0	0	0	0	0	0	0	0	10.26208	9.95819	0	0	0	0	0	0	0	0	0	0	0	0	0	0	0	0	0	0	0	0	0	0	0	0	0	0	0	0	0	0	0	0	0	0	0	0	0	0	0	0	0	0	0	0	0	0	0	0	0	0	0	0	
0	0	0	0	0	0	0	0	0	0	0	0	0	0	0	0	0	0	0	0	0	0	0	0	0	0	0	0	0	0	0	0	0	0	0	0	0	6.91155	0	0	0	0	0	13.58766	0	0	0	0	0	0	0	0	0	0	0	0	0	0	0	0	0	0	0	0	0	0	0	0	0	0	0	0	0	0	0	0	0	0	0	0	0	0	0	0	0	0	0	0	0	0	0	0	0	0	0	0	0	0	0	0	
0	0	0	0	0	0	0	0	0	0	0	0	0	0	0	0	0	0	0	0	0	0	0	0	0	0	0	0	0	0	0	0	0	0	0	0	0	0	0	0	0	0	0	0	0	0	0	0	0	0	0	0	0	0	0	0	0	0	0	0	0	0	0	0	0	0	0	0	0	0	0	0	8.75288	0	0	0	0	0	0	0	0	0	0	0	0	0	0	0	0	0	0	0	0	0	0	0	0	0	0	0	
0	0	0	0	0	0	0	0	0	0	0	0	0	0	0	0	0	0	0	0	0	0	0	0	0	0	0	0	0	0	0	0	0	0	0	0	0	0	0	0	0	0	0	0	0	0	0	0	0	0	0	0	0	0	0	0	0	0	0	0	0	0	0	0	0	0	0	0	0	0	0	0	0	0	12.03191	0	0	0	0	0	0	0	0	0	0	0	0	0	0	0	0	0	0	0	0	0	0	0	0	0	
0	0	0	0	0	0	0	0	0	0	0	0	0	0	0	0	0	0	0	0	0	0	0	0	0	0	0	0	0	0	0	0	0	0	0	0	0	0	0	0	0	0	0	0	0	0	0	0	0	0	0	8.93059	0	0	0	15.45742	0	0	11.13976	0	0	0	0	0	0	0	0	0	0	0	0	0	0	0	0	0	0	0	0	0	0	0	0	0	0	0	0	0	0	0	0	0	0	0	0	0	0	0	0	0	
0	0	0	0	0	0	0	0	0	0	0	0	0	0	0	0	0	0	0	0	0	0	0	0	0	0	0	0	1.00238	0	0	0	0	0	0	0	0	0	0	0	0	0	0	0	0	0	0	0	0	0	0	0	0	0	0	0	0	0	0	0	0	0	0	0	0	0	0	4.73827	0	0	0	0	0	0	0	0	0	0	0	0	0	0	0	0	0	0	0	0	0	0	0	0	0	0	0	0	0	0	0	0	
0	0	0	0	0	0	0	0	0	0	0	0	0	0	0	0	0	0	0	0	0	0	0	0	0	0	0	0	0	0	0	0	0	0	0	0	0	0	0	0	0	0	0	0	0	0	0	0	0	0	0	0	0	0	0	4.0044	0	0	0	0	0	0	0	0	0	0	0	0	0	0	0	0	0	0	0	0	0	0	0	0	0	0	0	0	0	0	0	0	0	0	0	0	0	0	0	0	0	0	0	0	
0	0	0	0	0	0	0	0	0	0	0	0	0	0	0	0	0	0	0	0	0	0	0	0	0	0	0	0	0	0	0	0	0	0	0	0	0	0	0	0	0	0	0	0	0	0	0	0	0	0	0	0	0	0	0	0	0	0	0	0	0	0	0	0	0	0	0	14.23689	0	0	0	0	0	0	0	0	0	0	0	0	0	0	0	0	0	0	0	0	0	0	0	0	0	0	0	0	0	0	0	0	
0	0	0	0	0	0	0	0	0	0	0	0	0	0	0	0	0	0	0	0	0	0	0	0	0	0	0	0	0	0	0	0	0	0	0	0	0	0	0	0	0	0	0	0	0	0	0	0	0	0	0	0	5.04895	0	0	0	10.25985	0	0	0	0	0	0	0	0	0	0	0	0	0	0	6.02699	0	0	0	0	0	0	0	0	0	0	0	0	0	0	0	0	0	0	0	0	0	0	0	0	0	0	0	0	
0	0	0	0	0	0	0	0	0	0	0	0	0	0	0	0	0	0	0	0	0	0	0	0	0	0	0	0	0	0	0	0	0	0	0	0	0	0	0	0	0	0	0	0	0	0	0	0	8.57454	0	0	0	9.60088	0	0	0	0	0	0	0	0	0	0	0	0	0	0	0	0	0	0	0	0	0	0	0	0	0	0	0	0	0	0	0	0	0	0	0	0	0	0	0	0	0	0	0	0	0	0	0	
0	0	0	0	0	0	0	0	0	0	0	0	0	0	0	0	0	0	0	0	0	0	0	0	0	0	0	0	0	0	10.72665	0	0	0	0	0	0	0	0	3.00411	0	0	0	0	0	0	0	8.94427	0	0	0	0	0	0	0	0	0	3.00411	1.00238	0	9.26443	0	0	9.29701	0	0	0	0	0	0	0	0	0	0	0	0	0	0	0	0	0	0	0	0	0	0	0	0	0	0	0	0	0	0	0	0	0	0	0	0	
0	0	0	0	0	0	0	0	0	0	0	0	0	0	0	0	0	0	0	0	0	0	0	0	0	0	0	0	0	0	0	0	0	0	0	0	0	0	0	0	0	0	0	0	0	0	0	0	0	0	0	0	0	0	4.28347	0	0	0	0	0	0	0	0	0	0	0	0	0	0	0	0	0	0	0	0	0	0	0	0	0	0	0	0	0	0	0	0	0	0	0	0	0	0	0	0	0	0	0	0	0	
0	0	0	0	0	0	0	0	0	0	0	0	0	0	0	0	0	0	0	0	0	0	0	0	0	0	0	0	0	0	0	0	0	0	0	0	0	0	0	0	0	0	10.20191	0	0	0	0	0	0	0	0	0	9.72579	0	0	0	0	0	0	5.3969	0	0	0	0	0	0	0	0	0	0	0	7.41406	0	0	0	0	0	0	0	0	0	0	0	0	0	0	0	0	0	0	0	0	0	0	0	0	0	0	0	0	
0	0	0	0	0	0	0	0	0	0	0	0	0	0	0	0	0	0	0	0	0	0	0	0	0	0	0	0	0	0	0	0	0	0	0	0	0	0	0	0	0	0	0	7.19083	0	0	0	10.20489	0	0	0	10.50541	0	0	0	0	0	0	12.413	0	0	0	0	0	0	0	0	0	0	0	0	0	0	0	0	0	0	0	0	0	0	0	0	0	0	0	0	0	0	0	0	0	0	0	0	0	0	0	0	0	
0	0	0	0	0	0	0	0	0	0	0	0	0	0	0	0	0	0	0	0	0	0	0	0	0	0	0	0	0	0	0	0	0	0	0	0	0	0	0	0	0	0	8.18459	0	0	0	0	0	0	0	0	0	0	0	0	8.57074	0	0	0	0	0	0	0	0	0	0	0	0	4.46392	0	0	0	0	0	0	0	0	0	0	0	0	0	0	0	0	0	0	0	0	0	0	0	0	0	0	0	0	0	0	0	
0	0	0	0	0	0	0	0	0	0	0	0	0	0	0	0	0	0	0	0	0	0	0	0	0	0	0	0	0	0	0	0	0	0	0	0	0	0	0	0	12.86215	0	0	0	0	0	0	0	0	0	0	0	0	0	0	0	0	0	0	0	0	0	0	0	0	0	0	0	0	0	0	0	0	0	0	0	0	0	0	0	0	0	0	0	0	0	0	0	0	0	0	0	0	0	0	0	0	0	0	0	
0	0	0	0	0	0	0	0	0	0	0	0	0	0	0	0	0	0	0	0	0	0	0	0	0	0	0	0	0	0	0	0	0	0	0	0	0	0	0	0	0	0	0	0	0	0	0	9.0215	0	0	7.47067	0	0	0	0	0	0	0	0	0	0	0	0	0	0	0	0	0	0	0	0	0	0	0	0	0	8.26207	0	0	0	0	0	0	0	0	0	0	0	0	0	0	0	0	0	0	0	0	0	0	0	
0	0	0	0	0	0	0	0	0	0	0	0	0	0	0	0	0	0	0	0	0	0	0	0	0	0	0	0	0	0	0	0	0	0	0	0	0	0	0	0	0	0	0	0	0	0	0	11.48093	0	0	8.68064	12.16835	0	0	0	0	12.04414	0	8.6629	0	7.84388	0	0	0	0	10.74363	0	0	0	0	0	0	0	0	0	0	0	0	0	0	0	0	0	0	0	0	0	0	0	0	0	0	0	0	0	0	0	0	0	0	
0	0	0	0	0	0	0	0	0	0	0	0	0	0	0	0	0	0	0	0	0	0	0	0	0	0	0	0	0	0	0	0	0	0	0	0	0	0	0	0	0	7.63403	0	0	0	0	0	0	0	0	0	0	0	0	0	0	0	0	0	0	0	0	0	0	0	0	0	0	16.91853	0	0	0	0	0	0	0	0	0	0	0	0	0	0	0	0	0	0	0	0	0	0	0	0	0	0	0	0	0	0	0	
0	0	0	0	0	0	0	0	0	0	0	0	0	0	0	0	0	0	0	0	0	0	0	0	0	0	0	0	0	0	0	1.58808	15.34444	0	0	0	0	0	0	0	0	0	0	0	0	0	0	9.90707	0	0	0	0	0	0	0	0	0	0	0	0	0	0	0	0	0	0	0	0	0	0	0	0	0	0	0	0	0	0	0	0	0	0	0	0	0	0	0	0	0	0	0	0	0	0	0	0	0	0	0	0	
0	0	0	0	0	0	0	0	0	0	0	0	0	0	0	0	0	0	0	0	0	0	0	0	0	0	0	0	0	0	0	6.52821	0	0	11.87699	0	0	0	0	0	0	0	0	0	0	0	0	0	0	0	0	0	0	0	0	0	0	0	0	0	0	0	0	0	0	0	0	0	0	0	0	0	0	0	0	0	0	0	0	0	0	0	0	0	0	0	0	0	0	0	0	0	0	0	0	0	0	0	0	0	
0	0	0	0	0	0	0	0	0	0	0	0	0	0	0	0	0	0	0	0	0	0	0	0	0	0	0	0	0	0	0	0	0	0	0	0	0	0	0	0	0	0	0	10.46822	0	0	0	0	0	16.32469	0	0	0	0	10.98911	0	0	0	0	0	0	0	0	0	0	0	0	0	0	0	0	0	0	0	0	0	0	0	0	12.56985	0	0	0	0	0	0	0	0	0	0	0	0	0	0	0	0	0	0	0	0	
0	0	0	0	0	0	0	0	0	0	0	0	0	0	0	0	0	0	0	0	0	0	0	0	0	0	0	0	0	0	0	0	6.7189	0	0	0	0	0	0	0	0	0	0	0	0	0	0	2.58888	0	0	5.25549	14.1527	0	0	0	0	0	0	7.60459	0	0	0	0	0	0	0	0	0	0	0	5.17449	0	0	0	0	0	0	0	0	0	0	0	0	0	0	7.32104	0	0	0	0	0	0	0	0	0	0	0	0	0	0	
0	0	0	0	0	0	0	0	0	0	0	0	0	0	0	0	0	0	0	0	0	0	0	0	0	0	0	0	0	0	0	0	0	0	0	0	0	0	0	11.38678	0	0	0	0	16.23682	0	8.12362	0	0	0	0	0	0	0	0	0	0	0	0	0	0	0	0	0	0	0	0	0	0	3.32615	0	0	0	0	0	0	0	0	0	0	0	0	0	0	0	0	0	0	0	0	0	0	0	0	0	0	0	0	0	0	
0	0	0	0	0	0	0	0	0	0	0	0	0	0	0	0	0	0	0	0	0	0	0	0	0	0	0	0	0	0	0	0	0	0	0	8.33111	0	0	0	0	0	0	0	0	0	0	0	8.08149	0	0	0	0	0	6.04031	0	0	0	0	0	0	8.24785	0	0	0	0	0	0	0	0	0	0	0	0	0	0	0	0	0	0	0	0	0	0	0	0	0	0	0	0	0	0	0	0	0	10.76458	0	0	0	0	0	
0	0	0	0	0	0	0	0	0	0	0	0	0	0	0	0	0	0	0	0	0	0	0	0	0	0	0	0	0	0	0	0	0	0	0	0	0	0	0	0	0	12.05726	0	0	0	0	0	0	0	0	0	0	1.58808	0	0	0	0	0	0	0	0	0	0	0	0	0	0	12.81487	0	0	0	10.5351	0	0	0	0	0	0	0	0	0	0	0	0	0	0	0	0	0	0	0	0	0	0	0	0	0	0	0	0	
0	0	0	0	0	0	0	0	0	0	0	0	0	0	0	0	0	0	0	0	0	0	0	0	0	0	0	0	0	0	0	0	0	0	0	0	0	0	0	0	4.86252	0	0	0	9.57644	0	0	3.86136	0	0	19.76852	6.13391	0	0	0	11.21232	0	0	6.48038	0	17.24927	0	0	0	0	0	0	0	7.94719	0	0	0	0	0	0	0	0	0	0	0	0	0	0	0	0	0	0	0	0	0	0	0	0	0	0	2.58888	0	0	0	0	
0	0	0	0	0	0	0	0	0	0	0	0	0	0	0	0	0	0	0	0	0	0	0	0	0	0	0	0	0	0	0	0	0	0	0	0	0	0	0	0	0	0	0	0	10.53021	0	0	0	0	1.00238	0	0	4.64837	0	0	0	0	5.32651	0	0	0	5.21402	0	0	0	0	0	0	0	0	0	0	0	0	0	0	0	0	0	0	0	0	0	0	0	0	0	0	0	0	0	0	0	0	0	0	0	0	0	0	
0	0	0	0	0	0	0	0	0	0	0	0	0	0	0	0	0	0	0	0	0	0	0	0	0	0	0	0	0	0	0	0	0	0	0	0	0	0	0	0	0	0	0	12.14361	0	0	7.66288	0	0	0	6.11315	0	0	0	0	0	0	0	0	10.66736	0	0	0	0	5.00455	0	0	0	0	0	0	0	10.4414	0	0	0	15.2116	0	0	0	0	0	0	0	0	0	0	0	0	0	0	0	0	0	0	0	0	0	0	0	
0	0	0	0	0	0	0	0	0	0	0	0	0	0	0	0	0	0	0	0	0	0	0	0	0	0	0	0	0	0	0	0	0	0	0	0	0	0	0	0	0	0	0	0	0	6.81201	0	10.27031	12.55808	0	0	8.78667	0	0	0	10.08418	0	0	0	0	0	0	0	0	0	0	18.07497	14.49404	0	0	0	0	0	11.08084	0	0	0	0	0	0	0	0	0	0	0	0	0	0	0	0	0	0	0	0	0	0	0	0	0	0	
0	0	0	0	0	0	0	0	0	0	0	0	0	0	0	0	0	0	0	0	0	0	0	0	0	0	0	0	0	0	0	0	0	0	0	0	0	10.91158	0	0	0	0	0	0	0	0	0	0	1.58808	0	0	3.37977	0	0	0	0	5.43085	0	0	13.31573	0	0	0	0	0	0	0	0	0	0	0	0	0	0	7.462	1.00238	0	0	0	0	0	0	0	0	0	0	0	0	0	0	0	0	0	0	0	0	0	0	0	0	
0	0	0	0	0	0	0	0	0	0	0	0	0	0	0	0	0	0	0	0	0	0	0	0	0	0	0	0	0	0	0	0	0	0	0	0	0	0	0	0	0	0	13.34064	0	0	11.8619	0	13.26758	0	0	3.4637	0	15.34207	0	7.72577	0	0	0	0	0	0	0	0	7.07075	0	0	0	1.00238	0	0	19.6998	0	0	0	0	0	0	0	0	0	0	0	0	0	0	0	0	0	0	0	0	0	0	0	0	0	0	0	0	0	
0	0	0	0	0	0	0	0	0	0	0	0	0	0	0	0	0	0	0	0	0	0	0	0	0	0	0	0	0	0	0	0	0	0	0	0	0	0	0	0	0	0	0	0	0	0	0	8.11842	9.44763	0	0	12.39191	0	0	0	0	0	0	0	0	0	0	0	0	17.68483	0	0	0	0	0	0	0	0	0	0	0	0	0	0	0	0	0	0	0	0	0	0	0	0	0	3.4637	0	0	0	0	0	0	0	0	0	
0	0	0	0	0	0	0	0	0	0	0	0	0	0	0	0	0	0	0	0	0	0	0	0	0	0	0	0	0	0	0	0	0	0	0	0	0	0	0	0	0	0	0	0	0	0	0	9.60646	0	0	0	0	9.20926	22.09829	0	0	0	0	7.2752	9.98911	0	0	0	0	0	0	0	0	0	0	0	0	0	0	0	0	0	0	0	0	0	0	0	0	0	0	0	0	0	0	0	0	0	0	0	0	0	0	6.39696	0	
0	0	0	0	0	0	0	0	0	0	0	0	0	0	0	0	0	0	0	0	0	0	0	0	0	0	0	0	0	0	0	0	0	0	0	0	0	0	0	0	0	0	9.05726	0	0	0	0	0	0	7.06922	0	4.86252	0	6.25256	0	0	0	0	0	0	0	0	0	0	11.78851	0	0	0	0	0	0	0	0	0	0	0	19.64361	0	0	0	0	0	0	0	0	0	0	0	0	0	0	0	0	0	0	0	0	0	0	0	
0	0	0	0	0	0	0	0	0	0	0	0	10.06809	0	0	0	0	0	0	0	0	0	0	0	0	0	0	0	0	0	8.56693	0	0	0	0	0	0	0	0	0	0	0	5.25212	0	0	0	0	5.21402	0	0	9.42465	0	0	16.08193	17.63782	0	7.34994	0	0	0	0	0	0	7.13395	3.91127	6.27142	0	0	0	0	0	0	0	0	0	0	0	0	0	0	0	0	0	0	0	0	0	0	0	0	0	0	0	0	0	0	0	0	0	0	
0	0	0	0	0	0	0	0	0	0	0	0	0	0	0	0	0	0	0	0	0	0	0	0	0	0	0	0	0	0	0	0	0	0	0	0	0	0	0	0	0	0	0	0	0	10.8175	10.58023	0	2.00353	7.69816	4.58946	8.52208	9.01544	0	4.17436	5.78381	0	0	0	0	10.4013	0	0	0	0	0	0	0	0	3.85602	0	0	0	0	0	0	8.69777	0	0	0	0	0	0	0	0	0	0	0	0	0	0	0	0	0	0	0	0	0	0	0	
0	0	0	0	0	0	0	0	0	0	0	0	0	0	0	7.62672	0	0	0	0	0	0	0	0	0	0	0	0	0	0	0	0	0	0	0	5.52816	12.04396	0	0	0	0	0	0	6.97044	0	12.21841	6.21016	10.42571	5.8626	10.0948	0	0	13.93321	0	10.08151	0	0	0	0	3.81172	0	5.13385	0	3.70477	0	9.18211	0	0	11.16897	0	7.61938	0	0	0	0	12.39513	0	15.38106	0	8.85718	0	0	0	0	0	0	0	0	0	0	7.59713	0	0	0	0	0	0	0	0	0	
0	0	0	0	0	0	0	0	0	0	0	0	0	0	0	0	0	0	0	0	0	0	0	0	0	0	11.34955	0	0	0	0	5.04895	0	0	4.86252	0	0	0	0	0	11.96184	0	0	0	0	0	0	0	9.49631	6.55923	2.00353	9.23831	7.94719	0	10.47433	0	6.25256	0	2.32567	0	18.76777	9.16708	0	0	0	8.65932	0	0	0	0	0	0	0	7.24307	0	0	0	0	0	0	0	0	0	0	0	0	0	0	0	0	0	0	0	0	0	0	0	0	0	0	
0	0	0	0	0	0	0	0	0	0	0	0	0	0	0	0	0	0	0	8.90253	0	0	0	0	0	0	0	0	0	0	0	0	0	0	0	0	0	0	0	0	0	0	0	14.27212	0	0	16.36462	11.65575	8.83758	0	11.36554	7.97077	11.41462	0	0	0	13.68736	0	0	5.38506	6.99521	0	0	11.93691	0	9.18956	0	3.4637	0	0	0	0	0	0	0	0	0	0	0	0	0	0	0	0	0	0	0	0	0	0	5.11162	0	0	0	0	0	0	0	0	0	
0	0	0	0	0	0	0	0	0	0	0	0	7.90554	0	0	0	0	0	0	9.82007	0	0	0	0	0	0	0	0	0	0	0	0	0	14.5621	0	0	0	0	0	0	0	6.46408	9.46412	0	8.77731	0	0	3.32099	11.79627	0	0	8.87146	6.74538	2.40708	10.21794	16.193	5.83083	13.11967	6.00862	0	0	0	0	0	14.77091	0	0	0	0	0	0	0	0	0	0	0	0	0	14.67762	0	0	0	0	0	0	0	0	0	0	0	0	0	0	0	0	0	0	0	0	0	
0	0	0	0	0	0	0	0	0	0	0	0	0	0	0	0	0	0	0	0	0	0	0	13.99027	0	0	0	0	0	0	0	0	0	0	0	0	0	0	8.50453	0	0	0	7.59496	9.17461	18.1344	0	11.36761	4.53388	0	7.40158	10.5115	5.22827	0	0	0	0	0	9.92121	14.85927	8.86577	8.6046	0	0	0	6.55923	0	0	0	0	0	0	0	0	0	0	0	0	0	0	0	0	0	0	0	0	0	0	0	0	0	0	0	0	0	0	0	0	0	0	0	
0	0	3.58927	0	0	0	0	0	0	0	0	0	0	0	0	0	0	0	0	0	0	0	0	0	0	0	0	0	0	0	0	0	0	0	0	0	0	0	0	0	10.38746	0	0	0	0	10.3884	0	3.44482	12.08684	11.22012	0	8.29008	10.93469	6.75465	0	8.93838	0	0	19.41204	0	9.2764	0	6.86264	10.44036	0	0	0	0	0	0	0	5.25873	0	0	0	0	0	0	0	0	0	0	0	0	0	0	0	0	0	0	0	0	0	0	0	0	0	0	0	0	
0	0	0	0	0	0	0	0	0	0	0	6.58961	0	0	0	0	0	0	0	0	0	0	0	0	0	0	0	0	0	0	0	0	4.64837	0	0	0	0	6.22178	11.94861	5.91151	2.81139	3.32615	0	0	10.02357	6.81941	11.96385	5.90884	11.15465	0	12.17837	0	4.36665	6.82788	0	9.80291	9.70022	6.35463	0	0	0	0	0	0	0	0	0	5.17449	0	0	0	0	14.1674	0	0	0	0	0	8.45589	0	0	0	0	0	0	0	0	0	0	0	0	0	0	0	0	4.36153	0	0	0	0	
0	0	0	0	0	0	0	0	0	0	0	0	0	0	0	0	0	0	0	0	0	0	0	0	0	0	0	0	0	0	0	0	0	0	8.14423	8.82089	0	0	0	2.00353	0	11.69775	0	11.29564	15.79051	8.82581	6.60864	6.34061	9.42895	11.03066	11.69847	10.88963	6.73257	9.63402	0	0	6.26544	0	0	11.0998	8.93838	0	14.61595	0	0	0	0	0	0	0	0	0	0	0	0	0	0	0	1.00238	0	0	0	0	0	0	0	0	11.2437	0	0	0	0	0	0	0	0	0	0	0	0	
0	0	0	0	0	0	0	0	8.35783	0	8.21413	0	0	0	0	0	0	0	0	0	0	0	0	0	0	0	7.05994	0	0	0	0	0	0	0	0	17.33982	0	10.79178	10.54773	0	8.5486	8.67002	0	6.63401	2.00353	11.10205	7.11041	9.16456	6.72067	8.60745	0	5.02974	9.03259	0	0	0	4.93086	3.70477	0	0	0	0	0	0	0	0	17.36978	0	0	0	0	0	0	0	0	0	0	0	0	0	0	0	0	0	0	0	0	0	0	0	0	0	0	1.00238	0	0	0	0	0	0	
0	0	0	0	0	0	0	0	0	0	0	9.49454	0	0	16.28078	0	0	0	0	0	0	0	0	0	0	0	0	0	0	0	0	11.20682	0	0	7.27145	0	11.784	0	0	11.14167	1.58808	0	9.70619	10.03597	9.28556	7.42078	10.65387	8.76771	2.32419	9.3567	11.54865	8.17848	9.07919	7.20384	0	1.00238	8.28432	0	0	7.80558	11.87275	11.46884	0	10.64584	0	0	0	0	0	0	0	0	0	6.87502	0	5.17193	0	0	0	0	0	0	0	4.09189	0	0	0	0	0	0	0	0	0	0	0	0	0	0	0	0	
0	0	0	0	0	0	0	0	0	0	0	0	10.57929	0	0	0	0	0	0	0	0	0	0	0	0	0	0	0	0	9.74278	0	0	7.54383	0	6.55923	0	13.0419	0	13.27046	10.80236	10.62082	7.66288	8.81085	7.65644	7.57061	4.23741	10.27381	9.90042	7.6413	8.32763	7.09361	10.88044	14.52893	7.92726	6.61096	12.30687	7.15701	0	0	5.91151	7.94719	0	0	0	0	10.1314	0	0	0	0	0	0	0	9.82503	0	0	0	0	0	0	9.4723	0	0	0	0	0	0	0	0	0	0	0	0	0	0	0	0	0	0	0	
0	0	0	0	0	0	0	12.81607	0	0	0	8.96758	0	0	0	0	0	0	0	0	0	0	0	0	0	0	0	8.4885	0	0	2.32567	0	7.1236	0	0	0	1.58808	7.34452	5.95281	11.45967	9.71309	3.63737	0	10.32545	9.66131	9.19968	8.95505	8.47579	11.12088	8.90277	5.69781	9.88351	10.33112	8.40129	7.52306	13.31504	7.14421	5.70172	3.40771	8.49252	4.44454	13.48271	8.98483	0	9.00187	0	0	0	0	0	0	0	0	11.67977	0	0	0	0	0	0	0	0	0	0	0	0	0	0	0	0	0	0	0	0	0	0	0	0	0	0	
8.22385	0	0	0	0	0	0	0	0	0	0	0	12.51867	0	0	0	0	0	0	0	0	0	0	0	11.04772	0	0	8.97335	0	0	0	0	6.07072	0	9.23743	9.17461	0	6.44759	11.04785	5.77876	7.32659	7.7631	4.48387	10.10905	11.22743	9.67038	7.95959	8.64278	6.05	1.4057	9.30196	8.31113	11.78076	5.40562	12.71815	10.27929	7.98196	4.12106	0	10.40643	9.33561	2.81139	0	3.95783	0	9.31757	0	0	0	0	9.55351	0	0	0	0	0	0	0	0	0	0	0	4.61094	0	0	14.63943	0	0	0	0	0	0	0	0	0	0	0	0	0	0	
0	0	0	8.82167	0	0	0	0	0	0	0	0	0	0	0	0	0	0	6.95886	0	0	9.68593	0	2.58888	9.23042	4.17436	0	0	9.1106	7.58963	11.49735	0	9.90254	0	0	10.51348	0	9.32167	9.72132	9.45571	6.61927	5.31533	8.46909	9.55145	8.70092	9.80623	7.48028	8.33901	9.22362	8.58468	9.51225	5.17447	10.95452	5.81336	5.06543	8.54082	0	1.58705	4.79951	5.9088	17.12092	6.79907	9.94867	0	0	0	0	0	0	8.61201	0	0	7.70511	0	12.45382	6.75954	8.61571	4.0044	0	12.22689	0	0	0	0	0	0	0	0	0	0	0	0	0	0	0	0	0	0	0	0	
8.43931	0	0	0	12.15856	7.70802	0	0	0	0	0	0	0	0	0	0	0	8.16455	0	0	0	0	0	0	10.30046	0	8.50138	9.63876	0	12.80943	9.75516	0	0	0	11.46413	5.7595	7.51175	10.28826	12.21719	8.48974	5.32269	9.75569	9.39608	7.64538	9.0396	8.25699	8.80527	9.15616	6.69338	9.03632	3.60682	9.65203	16.72192	7.60464	8.18703	6.86324	8.23317	3.75473	2.66484	7.54724	8.95888	0	6.0618	12.21932	13.99382	10.97911	9.3427	0	0	0	0	0	0	0	5.55919	0	0	0	0	0	0	0	0	0	0	0	0	0	0	0	0	0	0	0	0	1.00238	0	0	0	0	
0	0	0	0	0	0	0	0	5.67703	0	7.29007	0	0	0	0	0	5.81197	9.42675	10.539	5.52816	8.80559	9.49789	0	0	0	12.96633	0	8.3356	6.61735	9.99196	0	11.06065	10.30505	6.88278	6.61659	10.90926	5.87895	9.39462	8.85231	8.44369	8.44183	7.78432	3.2918	6.77505	9.33527	7.61082	7.96754	7.24413	6.81527	5.10163	8.10003	9.11587	7.46821	7.16885	3.68664	4.87494	9.48932	8.58211	0	3.32615	5.94677	1.58808	8.98823	0	7.19433	8.86887	0	0	0	0	0	9.23591	0	0	5.13385	0	0	0	11.71162	0	0	0	0	0	0	4.91143	0	0	0	0	0	0	0	0	0	0	0	0	0	0	
0	11.11648	0	0	0	8.10797	0	0	0	0	0	0	0	0	1.58808	11.51645	0	9.80235	8.80499	0	2.32567	0	3.58927	0	0	0	0	0	9.31257	9.48649	6.51354	0	8.53996	3.44046	10.96831	7.41417	7.60947	7.5464	7.11439	8.30007	8.87724	6.71916	6.32672	6.9305	7.45505	5.88944	8.48524	8.84198	8.21506	7.27221	6.49332	7.7877	8.00554	5.66076	7.26182	6.27623	1.58808	6.87023	7.45423	2.92127	0	10.49354	0	10.62308	11.65528	3.4637	5.75944	6.04902	0	0	0	0	0	0	0	9.62124	0	0	0	0	7.76485	0	0	0	0	0	0	0	0	0	0	0	0	0	0	0	0	0	0	0	
0	10.36992	6.66286	0	7.56804	0	0	0	0	0	8.3356	0	0	0	9.3512	13.57372	0	9.52236	0	0	3.91127	9.84861	7.99069	7.83132	6.83754	10.7554	0	2.47118	5.8626	5.76656	8.75623	10.37756	10.36211	11.07432	10.23798	5.04142	7.94025	7.47939	7.04832	7.72969	5.51583	6.78036	7.02828	6.34035	6.42194	6.04139	7.80186	8.00795	8.0659	8.25686	7.14749	8.57002	7.43802	6.82312	6.23675	5.11829	7.0838	9.30837	6.99048	8.29008	0	7.02451	6.74137	9.36278	3.33143	0	2.00353	0	0	0	0	1.58808	0	12.08418	6.75954	0	9.61756	0	11.00117	0	0	0	0	5.04475	0	2.53619	0	0	0	0	0	0	0	0	0	0	0	0	0	0	
0	0	0	0	0	0	0	0	6.04902	0	5.00455	4.0044	0	0	0	0	0	0	9.29009	0	1.00238	0	0	0	0	9.98054	10.38968	0	2.00353	10.48144	3.85429	3.32615	6.54381	9.44705	10.0555	8.28596	7.53712	7.90206	7.06349	9.10082	3.91522	6.7062	7.456	7.55793	5.57398	7.84062	6.4266	8.29935	7.72978	8.75216	7.74642	6.40594	4.93552	6.24105	8.13925	8.16208	8.67745	7.13727	7.10269	4.80867	10.54972	4.8539	14.21229	6.01441	0	9.34894	0	8.14041	0	0	0	0	0	0	0	0	0	0	0	0	0	4.25238	0	0	0	0	0	4.36832	4.09189	16.83143	0	0	0	0	0	0	0	0	0	0	
0	0	0	0	0	0	0	0	10.65754	6.51244	0	1.58808	0	10.49655	0	0	0	1.00238	1.58808	3.73378	0	0	0	7.61408	5.67703	13.28938	2.32567	9.97235	1.73185	9.0295	0	6.3614	4.73001	3.66026	3.6462	8.50004	6.84078	4.25696	8.62315	4.39681	6.50731	6.59714	7.05513	8.42493	6.47214	5.77966	6.1724	7.63461	6.95105	8.22239	7.18637	5.87358	6.72637	5.89465	6.88079	7.00091	6.08118	7.00334	8.22385	5.07435	8.06198	6.54303	7.9486	12.19483	5.59695	10.34794	10.68329	0	0	0	0	0	0	5.36213	10.11322	0	0	0	14.18484	0	0	0	0	0	0	0	0	0	5.32651	0	2.00353	0	0	0	0	0	0	0	0	0	
0	0	7.50452	4.74418	0	7.15441	0	0	8.57833	0	0	0	0	0	0	0	0	6.33901	0	0	0	0	0	10.90178	0	9.77453	0	8.23355	6.60456	7.70659	0	7.99171	0	10.31075	4.52124	8.18579	4.85731	4.87013	0.77522	10.55508	6.29253	9.17995	5.13671	6.53225	6.86844	7.26693	6.03954	8.16175	7.21166	7.66112	6.74667	6.99711	7.28282	6.82432	7.07957	5.79642	6.90033	8.9002	7.50919	5.22468	7.43494	10.48874	1.16284	13.61353	7.4236	0	0	7.36816	0	11.98376	7.60555	0	9.64132	0	1.58705	0	7.37802	0	0	0	0	0	4.71035	0	0	0	0	0	0	0	0	0	0	0	0	0	0	0	0	0	
0	0	0	0	0	0	0	0	1.00238	0	10.43515	5.81197	7.57141	0	11.88963	0	0	6.23345	0	4.86252	0	0	0	0	0	0	4.09189	3.91127	2.9574	0	8.70512	7.76045	4.21164	5.68267	4.9184	6.69575	8.65533	7.31372	5.39317	8.38719	6.67458	5.21586	4.43883	6.82848	7.14852	6.91071	4.94571	5.72048	7.27675	6.49522	5.74271	8.91323	8.38311	5.33785	4.63001	6.35945	6.38188	7.87339	9.02796	8.10796	3.81549	4.75733	9.92908	7.65038	0	5.54578	6.39696	2.12619	0	0	6.7189	0	5.65421	0	0	12.05011	0	0	0	0	0	0	0	0	0	0	0	0	6.12571	0	0	0	0	0	0	0	0	0	0	0	
0	0	0	0	0	0	0	0	0	10.68417	0	0	12.10371	0	0	0	0	0	0	0	0	0	0	8.88341	0	0	8.61806	0	0	4.60451	6.2821	0	0	7.8743	6.02699	7.17459	4.32639	1.58808	0	7.39699	4.2558	7.15441	2.01384	5.07618	9.60697	6.17026	7.05358	7.43729	7.20453	4.45006	6.09465	7.42876	6.18891	7.62242	8.29441	5.64227	5.56266	6.58436	3.47369	5.11182	7.06421	6.06529	5.02255	6.31171	5.38713	4.82611	4.25238	8.44347	5.34859	0	0	3.32615	0	5.64846	0	5.00455	7.04905	0	0	0	0	0	0	0	6.70509	0	0	1.00238	0	0	0	13.77443	0	0	0	0	5.8375	0	0	0	
0	0	0	0	0	0	0	0	0	0	0	5.32651	0	0	0	0	0	8.27363	9.93838	0	0	0	0	9.67535	0	0	0	6.21409	0	0	0	0	1.4057	6.44289	5.64246	0	3.31085	8.38642	0.79404	5.54368	4.99724	7.879	6.43842	1.16284	0	7.01232	5.01686	4.55335	6.67954	5.745	6.72439	10.86943	7.04859	4.32338	6.13009	5.08946	6.09571	6.85406	6.43493	7.08255	5.99057	5.22674	0	6.55676	12.72634	0	4.88561	4.91143	14.42261	4.53213	0	0	0	0	0	9.4077	0	7.71203	0	0	0	5.55124	0	0	0	0	0	0	0	0	0	0	0	0	0	0	0	0	0	0	
0	0	0	0	2.80966	0	0	0	0	0	8.02705	0	0	0	0	9.84861	0	0	6.02699	0	5.9282	3.1741	0	0	0	5.55919	3.32615	0	0	4.24425	0	8.14394	10.15062	0	0	7.37971	10.25617	1.00238	13.98671	9.2151	3.06877	9.86112	6.37096	3.91127	4.94443	3.3835	11.592	3.39251	6.52566	8.3372	7.10725	6.81662	7.35959	5.23896	5.01177	6.87668	4.8229	5.91676	5.33341	5.14834	4.77357	5.38778	8.73392	2.75364	7.82813	0	6.77514	10.3217	0	7.83757	9.87454	10.8712	9.00945	7.76911	5.14855	0	5.83813	0	0	0	4.52805	0	0	2.00353	0	12.38759	0	0	0	1.58808	0	0	0	0	0	0	0	0	0	0	
0	0	0	0	0	0	0	0	0	0	0	2.32567	7.77133	0	0	13.20222	0	0	0	1.00238	0	0	0	0	0	0	0	0	0	2.86627	3.1741	4.30402	0	0	0	12.18554	0	0	0	1.00238	1.9206	2.58785	5.75089	4.78903	5.71017	4.30311	4.85575	6.18875	5.70712	3.27999	0	0	6.06227	10.14277	2.58888	5.81384	7.95754	4.39901	4.91626	4.53267	6.35747	6.8722	8.24448	5.72449	5.57367	4.15463	7.95304	7.81019	1.00238	9.23539	0	10.21594	6.38488	8.93246	9.65215	0	2.00353	0	1.58808	0	0	0	0	0	0	0	0	0	0	0	0	0	0	0	0	0	0	0	0	0	
0	0	0	10.1633	0	0	0	0	0	0	0	0	0	0	0	0	0	0	0	0	0	0	3.00411	0	0	0	7.09621	6.28719	6.39696	11.4236	0	0	1.00238	0	0	11.04149	0	1.00238	0	4.83856	3.7423	0	1.00238	0	5.77511	10.60646	6.68012	7.28079	4.30601	4.31088	3.59522	4.06395	5.50163	6.50342	7.15961	6.69467	7.6514	5.18847	5.56572	5.69279	6.36906	5.80257	6.02531	8.23116	7.5109	8.4433	6.72175	3.4637	10.93219	5.17756	6.46005	7.53639	2.46566	4.61106	6.43282	0	11.98662	0	5.88472	6.66286	0	4.52805	10.27616	0	0	0	0	0	0	0	0	0	0	0	0	0	0	2.58888	0	11.19081	
0	0	6.52535	0	0	0	0	0	0	0	0	0	0	0	0	0	0	0	0	0	5.09202	0	0	0	0	5.8375	0	8.80248	0	12.84291	0	9.95014	10.05726	0	6.75954	0	0	4.08676	5.49259	0	10.63132	0	0	8.23477	11.5351	9.67535	0.50119	3.33143	0	5.99468	2.00353	10.45693	6.15764	4.75393	7.88813	9.36886	0	4.04898	7.22225	4.49083	2.19517	4.68346	4.74808	0.66784	3.45958	4.32952	4.36473	0	8.28504	2.78674	3.3543	5.3564	5.54859	9.65774	5.81197	0	5.60787	0	5.6909	2.32567	0	4.24293	0	0	0	0	0	0	3.82097	0	0	0	0	0	0	0	3.4637	0	0	0	
0	0	0	0	3.70477	0	0	0	0	0	0	0	7.86886	0	0	0	0	0	0	0	0	6.19446	0	0	0	0	0	6.27142	0	0	0	5.17449	8.2335	0	0	0	7.97046	0	4.25238	5.73253	0	0	6.7527	0	5.13385	0	5.45789	2.58888	12.33365	5.45868	7.34452	2.18914	9.28546	2.92759	6.41433	3.26527	0	4.09389	7.55338	5.34591	4.64623	7.89162	6.67813	4.8537	2.0307	7.31218	7.15614	1.31141	6.855	6.30201	4.63813	0	0	7.98943	0	6.92689	12.33533	4.43475	0	0	0	0	0	0	8.13396	1.00238	0	0	0	0	0	0	0	0	0	0	8.36663	0	0	0	
0	0	0	0	0	0	0	0	1.00238	0	0	0	17.03456	0	0	0	7.32659	1.00238	0	0	0	0	0	0	13.65206	0	0	0	0	0	0	0	0	0	7.73259	7.77286	0	2.58888	0	0	0	0	1.58808	9.38407	0	9.94712	6.37968	7.14421	0	2.04595	0	12.20283	8.48042	6.0086	0	4.58946	0	7.31124	0	4.22795	7.8036	0	5.46347	4.86252	3.4884	4.80674	5.55169	5.69204	8.76291	7.66407	10.44764	1.00177	8.3452	8.80559	6.62793	3.9577	8.97697	13.214	0	0	5.46402	0	6.80309	0	7.17486	14.18468	5.36213	4.25238	3.4637	0	1.68581	0	0	11.41812	0	0	0	0	0	0	
0	0	0	0	0	0	0	0	0	0	0	0	0	0	0	0	0	0	0	0	7.25352	0	0	0	0	0	0	0	0	6.09209	0	0	0	0	7.82485	0	0	0	0	0	8.64493	0	9.25262	8.83123	1.89332	0	0	5.04895	4.64837	3.38419	7.97622	0	0	2.82591	2.54601	6.75979	0	0	6.1818	7.80678	8.57454	4.23803	0.50119	4.76511	5.11759	7.53164	3.35786	7.81807	3.97243	11.73666	9.77366	6.7494	4.76819	4.65132	3.07302	0	1.00177	0	8.82875	0	0	0	4.32639	0	0	0	5.62972	0	0	0	0	0	0	0	0	0	0	0	0	0	
0	0	0	0	6.34449	0	0	0	0	0	0	1.58808	0	0	0	0	0	0	0	0	0	0	0	0	0	0	0	0	0	0	0	0	0	0	0	0	0	0	0	9.45032	0	0	10.4236	0	3.5618	0	0.79404	0	0	0	2.00353	0	0	0	8.85331	0	0	0	0	6.30842	7.88055	0	6.25962	5.99911	7.97579	0	0.50119	5.63934	11.1771	4.17401	7.1797	6.83348	5.45586	5.3888	0	0	3.54416	2.58888	6.18463	5.93536	0	5.3969	0	0	0	0	4.09189	12.52195	0	4.24403	0	0	0	0	2.32567	0	0	0	0	0	
0	0	0	0	0	0	0	0	0	0	0	0	0	0	0	0	0	3.86665	0	0	0	5.64846	8.87813	0	0	0	9.00187	0	0	0	0	0	0	4.93211	5.04895	0	0	0	0	0	0	0	0	0	0	0	0	0	0	0	0	0	0	0	0	6.49505	7.65956	6.2197	2.58888	1.58808	0	3.2238	4.0363	0	6.92923	8.74215	5.34834	6.4554	4.8957	3.62825	4.21929	5.19448	6.90805	5.92959	8.13479	1.66403	5.12659	0	5.46402	5.06447	0	0	6.81788	0	7.11319	6.16158	0	1.58808	0	7.35336	0	0	0	0	0	0	9.04927	0	0	0	
0	0	0	0	0	0	0	0	5.87221	0	0	0	0	0	0	0	0	0	0	0	0	0	0	0	0	0	0	0	0	0	0	0	0	0	0	0	0	0	0	10.42359	0	0	0	0	0	5.04895	0	2.58888	5.32651	0	0	12.71959	0	0	0	0	0	0	6.43165	0	8.63105	0	8.69132	7.95326	7.1413	7.68635	6.03178	0	0	5.92604	7.37204	2.32567	8.45684	8.08559	7.01354	10.22337	2.79478	0	0	7.60753	6.33868	8.70972	9.43095	4.64837	4.81729	0	0	0	0	0	4.39679	0	9.14959	0	0	0	0	0	0	0	
0	0	0	0	0	0	0	0	0	0	0	0	0	3.1741	0	0	0	0	0	0	0	0	0	0	0	3.7957	0	0	0	0	0	0	0	0	3.32615	0	0	4.7204	0	0	8.62674	0	0	6.86264	8.36663	0	0	0	0	0	9.82806	4.46392	0	0	12.10634	0	0	0	0	6.61528	4.96651	0	5.72868	10.98126	3.81172	2.80487	6.81137	3.91127	0	4.22832	7.07577	0	4.40012	6.30221	7.79909	7.7363	2.08718	3.94737	6.58961	1.94288	0	7.60149	0	5.68903	3.75016	0	0	5.93536	2.03222	0	9.91758	0	0	6.13391	0	0	0	0	5.85679	0	
0	0	0	0	0	0	0	12.35839	0	0	0	0	0	0	0	0	0	0	0	0	0	0	2.58888	0	0	0	0	0	8.41407	0	0	0	0	0	9.37906	0	0	0	0	0	0	6.22667	0	0	0	0	4.38312	0	0	0	0	0	7.02703	0	0	0	3.81901	10.04498	0	2.83444	6.94944	0	0	5.19537	0	5.32651	0	7.17773	5.61346	12.63587	12.67135	5.45446	11.3451	5.46276	5.09202	5.39885	4.74438	0	4.64501	6.03686	6.06137	5.5837	2.85253	0	5.98385	0	1.00238	2.29621	0	0	7.25676	8.20328	0	0	0	0	9.84861	0	0	0	
0	0	0	0	0	0	0	0	2.32567	0	0	0	0	0	0	0	0	0	0	0	0	0	0	0	0	0	0	0	0	0	0	0	0	0	0	0	0	3.93195	0	0	0	0	0	0	0	0	0	0	0	4.46392	0	5.00519	0	0.66825	0	0	4.25238	4.60707	0	0	1.00238	0	8.83123	9.79585	7.3534	5.15726	0	0	6.97205	8.8742	0	6.92352	5.15489	6.69432	5.81936	5.27639	0	3.86175	7.91342	3.60441	1.9529	6.63401	3.32615	0	0	0	2.0022	0	0	0	0	0	5.56374	3.59796	3.91127	0	0	0	0	0	
0	0	0	0	0	0	0	2.32567	0	0	0	0	0	0	0	0	0	0	0	0	0	0	0	0	0	0	0	0	0	0	0	0	0	0	0	0	0	5.02082	0	2.81139	0	0	0	0	0	0	0	0	0	0	4.59179	0	0	11.7086	6.43091	0	0	9.8684	9.35563	10.17712	0	3.1741	0	7.28626	7.59194	11.54966	0	0	6.58155	3.59515	7.44049	4.37192	4.82186	3.97065	3.00411	5.67588	4.6576	0	5.99982	5.04292	7.05957	7.4393	2.2961	4.38974	2.86627	0	0	3.63747	0	0	4.0044	0	0	0	0	2.93226	0	0	0	0	
0	0	0	0	0	0	0	0	0	0	0	0	0	0	0	0	0	0	0	0	0	0	0	0	0	9.49454	0	0	0	0	0	0	0	0	0	0	0	6.36219	0	0	0	0	0	0	8.15443	0	0	0	10.82248	0	0	0	0	0	0	1.58808	0	0	0	0	0	0	7.21258	0	0	6.13633	7.83502	3.58925	0	5.30054	2.00325	0	5.15828	0	7.39699	6.49187	2.00353	6.17913	4.44569	5.915	2.4318	0	1.58705	0	7.91157	6.21927	0	0	0	0	7.41406	0	0	0	0	0	0	1.58808	0	0	
0	0	0	0	0	0	0	0	0	0	0	0	11.77618	0	0	0	0	0	0	0	0	0	0	0	0	0	0	0	0	0	0	0	0	0	0	0	0	0	0	0	0	0	0	0	0	0	0	10.84547	0	0	0	0	15.33628	0	0	0	0	0	0	3.58738	0	0	0	4.91597	2.32567	11.97768	10.79644	0	2.32567	0	0	9.65035	0	0	0	0.77522	4.62113	7.48368	4.48007	3.9724	0	7.99701	5.31299	3.37861	3.8616	2.43126	3.06877	0	4.86252	0	0	0	0	4.39679	0	0	0	0	0	0	
0	0	0	0	0	0	0	0	0	0	0	0	0	0	0	0	0	0	0	0	0	0	0	0	0	0	0	0	0	0	0	0	9.55351	0	0	0	0	0	0	0	3.91127	0	0	0	0	0	0	0	0	0	0	0	0	0	0	0	3.10918	0	0	0	9.04834	0	0	5.01368	0	2.32567	0	0	5.322	0	0	0	8.41831	0	0	2.81139	0	0	9.61144	8.81233	5.92099	5.28998	10.84861	0	2.32567	0	0	0	1.00238	0	6.63825	3.35105	3.84667	0	0	0	0	0	0	0	
0	0	0	0	0	0	0	3.9767	0	0	0	0	0	0	0	0	0	0	0	0	0	0	0	0	0	0	0	3.81172	0	0	0	0	0	0	0	0	0	0	0	0	0	0	0	0	0	0	0	0	0	0	0	0	0	0	0	0	0	0	0	0	0	0	0	0	0	0	0	0	0	0	3.82955	1.8782	8.50898	5.3969	0	3.1741	9.55351	0	9.23625	13.76812	0	5.23449	0	9.96034	1.00238	8.81396	0	5.04895	0	0	0	15.09419	0	0	0	8.68064	0	0	0	0	
0	0	0	0	0	0	0	0	0	0	0	0	0	0	0	0	0	0	0	0	9.53217	0	0	0	0	0	0	0	0	0	1.00238	0	0	0	0	0	0	0	0	0	0	0	0	0	0	0	0	0	0	0	0	0	0	0	0	0	0	0	0	8.71549	0	0	0	0	6.27142	7.47228	10.47535	5.03348	0	0	0	0	0	0	0	0	4.79733	0	0	0	2.60701	0	0	0	2.71369	0	6.68542	4.32925	4.81188	0	8.26678	9.13139	9.87814	5.21402	0	7.08148	0	0	0	0	
0	0	0	0	0	0	0	0	0	0	0	0	0	0	0	0	0	0	0	0	0	0	0	0	0	0	0	0	0	0	0	0	0	0	0	0	0	0	0	0	0	0	0	0	0	0	0	0	3.58927	0	0	0	0	0	0	0	0	0	0	0	0	0	0	0	0	0	0	0	0	7.40555	8.29008	7.73938	6.77205	0	10.84783	5.17449	0	8.7394	0	0	0	7.09212	5.10217	0	4.59597	0	0	0	0	6.06239	0	1.00238	1.73185	0	2.32567	0	0	0	0	0	
0	0	0	0	0	0	0	0	0	0	0	0	0	0	0	4.39679	0	0	0	0	0	0	0	0	0	0	0	0	0	0	0	0	0	0	5.00455	0	0	0	0	0	0	0	0	0	0	0	0	0	0	0	0	0	0	0	0	0	0	0	0	0	0	0	0	0	0	0	0	0	0	0	0	0	0	5.00455	0	0	0	3.93906	0	0	0	0	0	0	1.90586	0	7.24581	3.76019	6.92352	9.43271	8.03258	0	10.01172	0	0	0	0	0	0	0	
0	0	0	0	0	0	0	0	0	0	0	0	0	0	0	0	0	0	0	0	0	0	0	0	0	0	0	0	0	0	0	0	0	0	0	0	0	0	0	0	0	0	0	0	0	0	0	0	9.31075	1.58808	0	0	0	0	0	0	0	0	0	4.0044	0	0	0	0	0	3.36629	0	0	0	0	0	4.52805	0	0	0	0	0	10.96759	0	6.56025	8.22868	0	0	11.2305	0	0	0	0	0	0	0	0	0	0	0	0	0	0	0	0	
0	0	0	0	0	0	0	0	0	0	0	0	0	0	0	0	0	0	0	0	0	0	0	0	0	0	0	0	0	0	0	0	0	0	0	0	0	0	0	0	0	0	0	0	0	0	0	0	0	0	0	0	0	0	0	1.9385	0	0	9.10798	0	0	0	0	0	11.77618	0	0	0	0	0	0	0	0	3.32615	0	0	4.70495	0	0	0	3.02567	6.08487	3.85429	5.9903	0	0	0	5.8375	6.13974	0	1.58808	6.89948	11.32493	0	0	0	0	0	0	0	
0	0	0	0	0	0	0	0	0	0	0	0	0	0	0	0	0	0	0	0	0	0	0	0	0	0	0	0	0	0	0	0	0	0	0	0	0	0	0	0	0	0	0	0	0	0	0	0	0	0	0	0	0	0	0	0	0	0	0	0	0	0	0	0	0	0	0	0	0	0	0	0	0	0	0	0	0	0	0	0	0	0	0	0	0	0	0	0	0	0	0	7.28079	0	0	0	0	0	0	0	0	
0	0	0	0	0	0	0	0	0	0	0	0	0	0	0	0	0	0	0	0	0	0	0	0	0	0	0	0	0	0	0	0	0	0	0	0	0	0	0	0	0	0	0	0	0	0	0	0	0	0	0	0	0	0	0	0	0	0	0	0	0	0	0	0	0	0	0	0	0	0	4.39679	0	0	0	0	0	1.00238	0	0	7.40555	0	0	0	10.65575	0	0	0	0	0	0	1.50296	12.632	0	0	0	0	0	0	0	0	
0	0	0	0	0	0	0	0	0	0	0	0	0	0	0	0	0	0	0	0	0	0	0	0	0	0	0	0	0	0	0	0	0	0	0	0	0	0	0	0	0	0	0	0	0	0	0	0	0	0	0	0	0	0	0	0	0	0	0	2.32567	0	0	0	0	0	0	0	0	0	0	3.4637	0	0	0	0	0	0	0	0	0	0	0	0	0	0	0	0	0	0	0	0	0	0	0	0	0	0	0	0	0	
0	0	0	0	0	0	0	0	0	0	0	0	0	0	0	0	0	0	0	0	0	0	0	0	0	0	0	0	0	0	0	0	0	0	0	0	0	0	0	0	0	0	0	0	0	0	0	0	0	0	0	0	0	0	0	0	0	0	0	0	0	0	0	0	0	0	0	0	0	7.86886	0	0	0	0	0	0	0	0	2.32567	0	0	0	0	0	0	0	0	0	8.82805	0	0	0	0	0	0	0	0	0	0	0	
0	0	0	0	0	0	0	0	0	0	0	0	0	0	0	0	0	0	0	0	0	0	0	0	0	0	0	0	0	0	0	0	0	0	0	0	0	0	0	0	0	0	0	0	0	0	0	0	0	0	0	0	0	0	0	0	0	0	0	0	0	0	0	0	0	0	0	0	0	0	0	0	0	0	0	0	0	0	0	0	0	0	0	0	0	0	2.00353	0	0	0	0	0	0	0	0	0	0	0	0	0	
0	0	0	0	0	0	0	0	0	0	0	0	0	0	0	0	0	0	0	0	0	0	0	0	0	0	0	0	0	0	0	0	0	0	0	0	0	0	0	0	0	0	0	0	0	0	0	0	0	0	0	0	0	0	0	0	0	0	9.51644	0	0	0	0	0	0	0	0	0	0	0	0	0	0	0	0	4.86252	0	0	0	0	0	0	0	0	0	0	0	0	0	0	0	0	0	0	0	0	0	0	0	0	
0	0	0	0	0	0	0	0	0	0	0	0	0	0	0	0	0	0	0	0	0	0	0	0	0	0	0	0	0	0	0	0	3.58927	0	0	0	0	0	0	0	0	0	0	0	0	0	0	0	0	0	0	0	0	0	0	0	0	0	0	0	0	0	6.51244	0	0	0	0	0	0	0	0	0	0	0	0	1.58808	0	0	0	0	0	0	0	0	0	0	0	0	0	0	0	0	0	0	0	0	0	0	0	0	
0	0	0	0	0	0	0	0	0	0	0	0	0	0	0	0	0	0	0	0	0	0	0	0	0	0	0	0	0	0	0	0	0	0	0	0	0	0	0	0	0	0	0	0	0	0	0	0	0	0	0	0	0	0	0	0	0	0	0	0	0	0	0	0	0	0	0	0	0	0	0	0	0	0	0	0	0	0	0	0	0	0	0	0	0	0	0	0	0	0	0	0	0	0	0	0	0	0	0	0	
0	0	0	0	0	0	0	0	0	0	0	0	0	0	0	0	0	0	0	0	0	0	0	0	0	0	0	0	0	0	0	0	0	0	0	0	0	0	0	0	0	0	0	0	0	0	0	0	0	0	0	0	0	0	0	0	0	0	0	0	0	0	0	0	0	0	0	0	0	0	0	0	0	0	0	0	0	0	0	0	0	0	0	0	0	0	0	0	0	0	0	0	0	0	0	0	0	0	0	0	
0	0	0	0	0	0	0	0	0	0	0	0	0	0	0	0	0	0	0	0	0	0	0	0	0	0	0	0	0	0	0	0	0	0	0	0	0	0	0	0	0	0	0	0	0	0	0	0	0	0	0	0	0	0	0	0	0	0	0	0	0	0	0	0	0	0	0	0	0	0	0	0	0	0	0	0	0	0	0	0	0	0	0	0	0	0	0	0	0	0	0	0	0	0	0	0	0	0	0	0	
0	0	0	0	0	0	0	0	0	0	0	0	0	0	0	0	0	0	0	0	0	0	0	0	0	0	0	0	0	0	0	0	0	0	0	0	0	0	0	0	0	0	0	0	0	0	0	0	0	0	0	0	0	0	0	0	0	0	0	0	0	0	0	0	0	0	0	0	0	0	0	0	0	0	0	0	0	0	0	0	0	0	0	0	0	0	0	0	0	0	0	0	0	0	0	0	0	0	0	0	
0	0	0	0	0	0	0	0	0	0	0	0	0	0	0	0	0	0	0	0	0	0	0	0	0	0	0	0	0	0	0	0	0	0	0	0	0	0	0	0	0	0	0	0	0	0	0	0	0	0	0	0	0	0	0	0	0	0	0	0	0	0	0	0	0	0	0	0	0	0	0	0	0	0	0	0	0	0	0	0	0	2.32567	0	0	0	0	0	0	0	0	0	0	0	0	0	0	0	0	0	0	
0	0	0	0	0	0	0	0	0	0	0	0	0	0	0	0	0	0	0	0	0	0	0	0	0	0	0	0	0	0	0	0	0	0	0	0	0	0	0	0	0	0	0	0	0	0	0	12.06607	0	0	0	0	0	0	0	0	0	0	0	0	0	0	0	0	0	0	0	0	0	0	0	0	0	0	7.8056	0	0	0	0	0	0	0	0	0	0	0	0	0	0	0	0	0	0	0	0	0	0	0	0	0	
