0	0	0	0	0	0	0	0	0	0	0	0	0	0	0	0	0	0	0	0	0	0	0	0	0	0	0	0	0	0	0	0	0	0	0	0	0	0	0	0	0	0	0	0	0	0	0	0	0	0	0	11.87734	0	0	0	0	0	0	0	0	0	0	0	0	0	0	0	0	0	0	0	0	0	0	0	0	0	0	0	0	0	0	0	0	0	0	0	0	0	0	0	0	0	0	0	0	0	0	0	0	
0	0	0	0	0	0	0	0	0	0	0	0	0	0	0	0	0	0	0	0	0	0	0	0	0	0	0	0	0	0	0	0	0	0	0	0	0	0	0	0	0	0	0	0	0	0	0	11.8706	0	0	0	0	0	0	0	0	0	0	0	0	0	0	0	9.99437	0	0	0	0	0	0	0	0	0	0	0	0	0	0	0	0	0	0	0	0	0	0	0	0	0	0	0	0	0	0	0	0	0	0	0	0	
0	0	0	0	0	0	0	0	0	0	0	0	0	0	0	0	0	0	0	0	0	0	0	0	0	0	0	0	0	0	0	0	0	0	0	0	0	0	0	0	0	0	0	0	0	0	0	0	0	0	0	0	0	0	8.59292	0	0	0	0	0	0	0	0	0	0	0	0	0	0	0	0	0	0	0	0	0	0	0	0	0	0	0	0	0	0	0	0	0	0	0	0	0	0	0	0	0	0	0	0	0	
0	0	0	0	0	0	0	0	0	0	0	0	0	0	0	0	0	0	0	0	0	0	0	0	0	0	0	0	0	0	0	0	0	0	0	0	0	0	0	0	0	0	0	0	0	0	10.79794	10.45878	0	0	0	0	0	0	0	0	0	0	0	0	0	0	0	0	0	0	0	0	0	0	0	0	0	0	0	0	0	0	0	0	0	0	0	0	0	0	0	0	0	0	0	0	0	0	0	0	0	0	0	0	
0	0	0	0	0	0	0	0	0	0	0	0	0	0	0	0	0	0	0	0	0	0	0	0	0	0	0	0	0	0	0	0	0	0	0	0	0	10.22206	0	0	0	0	0	12.53299	0	0	0	0	0	0	0	0	0	0	0	0	0	0	0	0	0	0	0	0	0	0	0	0	0	0	0	0	0	0	0	0	0	0	0	0	0	0	0	0	0	0	0	0	0	0	0	0	0	0	0	0	0	0	0	0	
0	0	0	0	0	0	0	0	0	0	0	0	0	0	0	0	0	0	0	0	0	0	0	0	0	0	0	0	0	0	0	0	0	0	0	0	0	0	0	0	0	0	0	0	0	0	0	0	0	0	0	0	0	0	0	0	0	0	0	0	0	0	0	0	0	0	0	0	0	0	0	0	8.63251	0	0	0	0	0	0	0	0	0	0	0	0	0	0	0	0	0	0	0	0	0	0	0	0	0	0	0	
0	0	0	0	0	0	0	0	0	0	0	0	0	0	0	0	0	0	0	0	0	0	0	0	0	0	0	0	0	0	0	0	0	0	0	0	0	0	0	0	0	0	0	0	0	0	0	0	0	0	0	0	0	0	0	0	0	0	0	0	0	0	0	0	0	0	0	0	0	0	0	0	0	0	9.45836	0	0	0	0	0	0	0	0	0	0	0	0	0	0	0	0	0	0	0	0	0	0	0	0	0	
0	0	0	0	0	0	0	0	0	0	0	0	0	0	0	0	0	0	0	0	0	0	0	0	0	0	0	0	0	0	0	0	0	0	0	0	0	0	0	0	0	0	0	0	0	0	0	0	0	0	0	9.99414	0	0	0	15.20639	0	0	13.23825	0	0	0	0	0	0	0	0	0	0	0	0	0	0	0	0	0	0	0	0	0	0	0	0	0	0	0	0	0	0	0	0	0	0	0	0	0	0	0	0	0	
0	0	0	0	0	0	0	0	0	0	0	0	0	0	0	0	0	0	0	0	0	0	0	0	0	0	0	0	0	0	0	0	0	0	0	0	0	0	0	0	0	0	0	0	0	0	0	0	0	0	0	0	0	0	0	0	0	0	0	0	0	0	0	0	0	0	0	12.6373	0	0	0	0	0	0	0	0	0	0	0	0	0	0	0	0	0	0	0	0	0	0	0	0	0	0	0	0	0	0	0	0	
0	0	0	0	0	0	0	0	0	0	0	0	0	0	0	0	0	0	0	0	0	0	0	0	0	0	0	0	0	0	0	0	0	0	0	0	0	0	0	0	0	0	0	0	0	0	0	0	0	0	0	0	0	0	0	6.53505	0	0	0	0	0	0	0	0	0	0	0	0	0	0	0	0	0	0	0	0	0	0	0	0	0	0	0	0	0	0	0	0	0	0	0	0	0	0	0	0	0	0	0	0	
0	0	0	0	0	0	0	0	0	0	0	0	0	0	0	0	0	0	0	0	0	0	0	0	0	0	0	0	0	0	0	0	0	0	0	0	0	0	0	0	0	0	0	0	0	0	0	0	0	0	0	0	0	0	0	0	0	0	0	0	0	0	0	0	0	0	0	13.74434	0	0	0	0	0	0	0	0	0	0	0	0	0	0	0	0	0	0	0	0	0	0	0	0	0	0	0	0	0	0	0	0	
0	0	0	0	0	0	0	0	0	0	0	0	0	0	0	0	0	0	0	0	0	0	0	0	0	0	0	0	0	0	0	0	0	0	0	0	0	0	0	0	0	0	0	0	0	0	0	0	0	0	0	0	4.82134	0	0	0	10.14093	0	0	0	0	0	0	0	0	0	0	0	0	0	0	11.58577	0	0	0	0	0	0	0	0	0	0	0	0	0	0	0	0	0	0	0	0	0	0	0	0	0	0	0	0	
0	0	0	0	0	0	0	0	0	0	0	0	0	0	0	0	0	0	0	0	0	0	0	0	0	0	0	0	0	0	0	0	0	0	0	0	0	0	0	0	0	0	0	0	0	0	0	0	8.88539	0	0	0	11.68398	0	0	0	0	0	0	0	0	0	0	0	0	0	0	4.49106	0	0	0	0	0	0	0	0	0	0	0	0	0	0	0	0	0	0	0	0	0	0	0	0	0	0	0	0	0	0	0	0	
0	0	0	0	0	0	0	0	0	0	0	0	0	0	0	0	0	0	0	0	0	0	0	0	0	0	0	0	0	0	12.01507	0	0	0	0	0	0	0	0	2.76237	0	0	0	0	0	0	0	7.4338	0	0	0	0	0	0	0	0	0	3.21171	1.40757	0	12.04949	0	0	12.73556	0	0	0	0	0	0	0	0	0	0	0	0	0	0	0	0	0	0	0	0	0	0	0	0	0	0	0	0	0	0	0	0	0	0	0	0	
0	0	0	0	0	0	0	0	0	0	0	0	0	0	0	0	0	0	0	0	0	0	0	0	0	0	0	0	0	0	0	0	0	0	0	0	0	0	0	0	0	0	0	0	0	0	0	0	0	0	0	0	0	0	5.44391	0	0	0	0	0	0	0	0	0	0	0	0	0	0	0	0	0	0	0	0	0	0	0	0	0	0	0	0	0	0	0	0	0	0	0	0	0	0	0	0	0	0	0	0	0	
0	0	0	0	0	0	0	0	0	0	0	0	0	0	0	0	0	0	0	0	0	0	0	0	0	0	0	0	0	0	0	0	0	0	0	0	0	0	0	0	0	0	11.1696	0	0	0	0	0	0	0	0	0	8.90294	0	0	0	0	0	0	7.25801	0	0	0	0	0	0	0	0	0	0	0	4.98087	0	0	0	0	0	0	0	0	0	0	0	0	0	0	0	0	0	0	0	0	0	0	0	0	0	0	0	0	
0	0	0	0	0	0	0	0	0	0	0	0	0	0	0	0	0	0	0	0	0	0	0	0	0	0	0	0	0	0	0	0	0	0	0	0	0	0	0	0	0	0	0	10.51979	0	0	0	10.58553	0	0	0	8.95995	0	0	0	0	0	0	12.30095	0	0	0	0	0	0	0	0	0	0	0	0	0	0	0	0	0	0	0	0	0	0	0	0	0	0	0	0	0	0	0	0	0	0	0	0	0	0	0	0	0	
0	0	0	0	0	0	0	0	0	0	0	0	0	0	0	0	0	0	0	0	0	0	0	0	0	0	0	0	0	0	0	0	0	0	0	0	0	0	0	0	0	0	8.20965	0	0	0	0	0	0	0	0	0	0	0	0	7.89095	0	0	0	0	0	0	0	0	0	0	2.9282	0	0	0	0	0	0	0	0	0	0	0	0	0	0	0	0	0	0	0	0	0	0	0	0	0	0	0	0	0	0	0	0	0	
0	0	0	0	0	0	0	0	0	0	0	0	0	0	0	0	0	0	0	0	0	0	0	0	0	0	0	0	0	0	0	0	0	0	0	0	0	0	0	0	13.89978	0	0	0	0	0	0	0	0	0	0	0	0	0	0	0	0	0	0	0	0	0	0	0	0	0	0	0	0	0	0	0	0	0	0	0	0	0	0	0	0	0	0	0	0	0	0	0	0	0	0	0	0	0	0	0	0	0	0	0	
0	0	0	0	0	0	0	0	0	0	0	0	0	0	0	0	0	0	0	0	0	0	0	0	0	0	0	0	0	0	0	0	0	0	0	0	0	0	0	0	0	0	0	0	0	0	0	6.81468	0	0	7.62463	0	0	0	0	0	0	0	0	0	0	0	0	0	0	0	0	0	0	0	0	0	0	0	0	0	8.3768	0	0	0	0	0	0	0	0	0	0	0	0	0	0	0	0	0	0	0	0	0	0	0	
0	0	0	0	0	0	0	0	0	0	0	0	0	0	0	0	0	0	0	0	0	0	0	0	0	0	0	0	0	0	0	0	0	0	0	0	0	0	0	0	0	0	0	0	0	0	0	12.32309	0	0	9.84809	10.82185	0	0	0	0	10.1979	0	11.01801	0	7.15302	0	0	0	0	13.39689	0	0	0	0	0	0	0	0	0	0	0	0	0	0	0	0	0	0	0	0	0	0	0	0	0	0	0	0	0	0	0	0	0	0	
0	0	0	0	0	0	0	0	0	0	0	0	0	0	0	0	0	0	0	0	0	0	0	0	0	0	0	0	0	0	0	0	0	0	0	0	0	0	0	0	0	9.25288	0	0	0	0	0	0	0	0	0	0	0	0	0	0	0	0	0	0	0	0	0	0	0	0	0	0	16.21874	0	0	0	0	0	0	0	0	0	0	0	0	0	0	0	0	0	0	0	0	0	0	0	0	0	0	0	0	0	0	0	
0	0	0	0	0	0	0	0	0	0	0	0	0	0	0	0	0	0	0	0	0	0	0	0	0	0	0	0	0	0	0	1.7988	17.39405	0	0	0	0	0	0	0	0	0	0	0	0	0	0	10.20801	0	0	0	0	0	0	0	0	0	0	0	0	0	0	0	0	0	0	0	0	0	0	0	0	0	0	0	0	0	0	0	0	0	0	0	0	0	0	0	0	0	0	0	0	0	0	0	0	0	0	0	0	
0	0	0	0	0	0	0	0	0	0	0	0	0	0	0	0	0	0	0	0	0	0	0	0	0	0	0	0	0	0	0	7.71487	0	0	10.92234	0	0	0	0	0	0	0	0	0	0	0	0	0	0	0	0	0	0	0	0	0	0	0	0	0	0	0	0	0	0	0	0	0	0	0	0	0	0	0	0	0	0	0	0	0	0	0	0	0	0	0	0	0	0	0	0	0	0	0	0	0	0	0	0	0	
0	0	0	0	0	0	0	0	0	0	0	0	0	0	0	0	0	0	0	0	0	0	0	0	0	0	0	0	0	0	0	0	0	0	0	0	0	0	0	0	0	0	0	9.65308	0	0	0	0	0	17.66602	0	0	0	0	10.31109	0	0	0	0	0	0	0	0	0	0	0	0	0	0	0	0	0	0	0	0	0	0	0	0	13.1073	0	0	0	0	0	0	0	0	0	0	0	0	0	0	0	0	0	0	0	0	
0	0	0	0	0	0	0	0	0	0	0	0	0	0	0	0	0	0	0	0	0	0	0	0	0	0	0	0	0	0	0	0	11.65581	0	0	0	0	0	0	0	0	0	0	0	0	0	0	2.10628	0	0	3.06067	11.73925	0	0	0	0	0	0	10.98427	0	0	0	0	0	0	0	0	0	0	0	0.869	0	0	0	0	0	0	0	0	0	0	0	0	0	0	7.87949	0	0	0	0	0	0	0	0	0	0	0	0	0	0	
0	0	0	0	0	0	0	0	0	0	0	0	0	0	0	0	0	0	0	0	0	0	0	0	0	0	0	0	0	0	0	0	0	0	0	0	0	0	0	9.93957	0	0	0	0	15.57841	0	10.07837	0	0	0	0	0	0	0	0	0	0	0	0	0	0	0	0	0	0	0	0	0	0	3.33498	0	0	0	0	0	0	0	0	0	0	0	0	0	0	0	0	0	0	0	0	0	0	0	0	0	0	0	0	0	0	
0	0	0	0	0	0	0	0	0	0	0	0	0	0	0	0	0	0	0	0	0	0	0	0	0	0	0	0	0	0	0	0	0	0	0	7.52077	0	0	0	0	0	0	0	0	0	0	0	8.06578	0	0	0	0	0	6.97656	0	0	0	0	0	0	9.96723	0	0	0	0	0	0	0	0	0	0	0	0	0	0	0	0	0	0	0	0	0	0	0	0	0	0	0	0	0	0	0	0	0	9.63969	0	0	0	0	0	
0	0	0	0	0	0	0	0	0	0	0	0	0	0	0	0	0	0	0	0	0	0	0	0	0	0	0	0	0	0	0	0	0	0	0	0	0	0	0	0	0	12.69604	0	0	0	0	0	0	0	0	0	0	0	0	0	0	0	0	0	0	0	0	0	0	0	0	0	15.39006	0	0	0	7.91091	0	0	0	0	0	0	0	0	0	0	0	0	0	0	0	0	0	0	0	0	0	0	0	0	0	0	0	0	
0	0	0	0	0	0	0	0	0	0	0	0	0	0	0	0	0	0	0	0	0	0	0	0	0	0	0	0	0	0	0	0	0	0	0	0	0	0	0	0	7.15302	0	0	0	10.90876	0	0	4.11249	0	0	21.33414	7.36314	0	0	0	9.58796	0	0	6.23611	0	15.94108	0	0	0	0	0	0	0	10.40378	0	0	0	0	0	0	0	0	0	0	0	0	0	0	0	0	0	0	0	0	0	0	0	0	0	0	0.869	0	0	0	0	
0	0	0	0	0	0	0	0	0	0	0	0	0	0	0	0	0	0	0	0	0	0	0	0	0	0	0	0	0	0	0	0	0	0	0	0	0	0	0	0	0	0	0	0	12.96567	0	0	0	0	1.7988	0	0	4.19813	0	0	0	0	6.68163	0	0	0	2.35958	0	0	0	0	0	0	0	0	0	0	0	0	0	0	0	0	0	0	0	0	0	0	0	0	0	0	0	0	0	0	0	0	0	0	0	0	0	0	
0	0	0	0	0	0	0	0	0	0	0	0	0	0	0	0	0	0	0	0	0	0	0	0	0	0	0	0	0	0	0	0	0	0	0	0	0	0	0	0	0	0	0	11.94543	0	0	12.10307	0	0	0	9.71113	0	0	0	0	0	0	0	0	11.09797	0	0	0	0	9.06975	0	0	0	0	0	0	0	10.33621	0	0	0	13.25677	0	0	0	0	0	0	0	0	0	0	0	0	0	0	0	0	0	0	0	0	0	0	0	
0	0	0	0	0	0	0	0	0	0	0	0	0	0	0	0	0	0	0	0	0	0	0	0	0	0	0	0	0	0	0	0	0	0	0	0	0	0	0	0	0	0	0	0	0	11.38597	0	9.38179	14.39389	0	0	7.61301	1.40757	0	0	8.80504	0	0	1.40757	0	0	0	0	0	0	0	17.07687	15.02653	0	0	0	0	0	10.56357	0	0	0	0	0	0	0	0	0	0	0	0	0	0	0	0	0	0	0	0	0	0	0	0	0	0	
0	0	0	0	0	0	0	0	0	0	0	0	0	0	0	0	0	0	0	0	0	0	0	0	0	0	0	0	0	0	0	0	0	0	0	0	0	11.7547	0	0	0	0	0	0	0	0	0	0	8.31449	0	0	4.70994	0	0	5.01814	0	9.00625	0	0	11.61686	0	4.82134	0	0	0	0	0	0	0	0	0	0	0	0	6.57748	0	0	0	0	0	0	0	0	0	0	0	0	0	0	0	0	0	0	0	0	0	0	0	0	0	
0	0	0	0	0	0	0	0	0	0	0	0	0	0	0	0	0	0	0	0	0	0	0	0	0	0	0	0	0	0	0	0	0	0	0	0	0	0	0	0	0	0	15.60247	0	0	10.8602	0	13.54492	0	0	5.95784	0	14.86379	0	8.70287	0	0	0	0	0	0	0	0	8.88287	0	0	0	1.7988	0	0	16.50383	0	0	0	0	0	0	0	0.869	0	0	0	0	0	0	0	0	0	0	0	0	0	0	0	0	0	0	0	0	0	
0	0	0	0	0	0	0	0	0	0	0	0	0	0	0	0	0	0	0	0	0	0	0	0	0	0	0	0	0	0	0	0	0	0	0	0	0	0	0	0	0	0	0	0	0	0	0	9.04062	11.25355	0	0	13.31045	0	0	0	0	0	0	0	0	0	0	0	0	16.67448	0	0	0	0	0	0	0	0	0	0	0	0	0	0	0	0	0	0	0	0	0	0	0	0	0	5.08992	0	0	0	0	0	0	0	0	0	
0	0	0	0	0	0	0	0	0	0	0	0	0	0	0	0	0	0	0	0	0	0	0	0	0	0	0	0	0	0	0	0	0	0	0	0	0	0	0	0	0	0	0	0	0	0	0	8.1225	0	0	0	0	9.10699	20.99639	0	0	0	0	9.67301	9.66488	0	0	0	0	0	0	0	0	0	0	0	0	0	0	0	0	0	0	0	0	0	0	0	0	0	0	0	0	0	0	0	0	0	0	0	0	0	0	9.35473	0	
0	0	0	0	0	0	0	0	0	0	0	0	0	0	0	0	0	0	0	0	0	0	0	0	0	0	0	0	0	0	0	0	0	0	0	0	0	0	0	0	0	0	9.54071	0	0	0	0	0	0	8.96736	0	9.11991	0	5.56319	0	0	0	0	0	0	0	0	0	0	12.04331	0	0	0	0	0	0	0	0	0	0	0	20.12276	0	0	0	0	0	0	0	0	0	0	0	0	0	0	0	0	0	0	0	0	0	0	0	
0	0	0	0	0	0	0	0	0	0	0	0	10.18259	0	0	0	0	0	0	0	0	0	0	0	0	0	0	0	0	0	6.84611	0	0	0	0	0	0	0	0	0	0	0	8.07893	0	0	0	0	2.76237	0	0	9.49683	0	0	17.57663	17.86792	0	8.13567	0	0	0	0	0	0	7.8605	5.91896	8.80504	0	0	0	0	0	0	0	0	0	0	0	0	0	0	0	0	0	0	0	0	0	0	0	0	0	0	0	0	0	0	0	0	0	0	
0	0	0	0	0	0	0	0	0	0	0	0	0	0	0	0	0	0	0	0	0	0	0	0	0	0	0	0	0	0	0	0	0	0	0	0	0	0	0	0	0	0	0	0	0	12.24525	13.0288	0	0.869	7.59048	4.77854	9.3135	7.31823	0	5.66069	5.13061	0	0	0	0	10.24385	0	0	0	0	0	0	0	0	5.14181	0	0	0	0	0	0	9.66909	0	0	0	0	0	0	0	0	0	0	0	0	0	0	0	0	0	0	0	0	0	0	0	
0	0	0	0	0	0	0	0	0	0	0	0	0	0	0	6.53505	0	0	0	0	0	0	0	0	0	0	0	0	0	0	0	0	0	0	0	5.93854	12.41416	0	0	0	0	0	0	0	0	12.50435	7.5392	8.95432	4.86291	8.90294	0	0	12.97577	0	10.05838	0	0	0	0	5.45862	0	9.21124	0	5.05448	0	11.2628	0	0	10.97482	0	9.33456	0	0	0	0	12.4773	0	15.27355	0	7.67715	0	0	0	0	0	0	0	0	0	0	6.70468	0	0	0	0	0	0	0	0	0	
0	0	0	0	0	0	0	0	0	0	0	0	0	0	0	0	0	0	0	0	0	0	0	0	0	0	11.38642	0	0	0	0	4.64194	0	0	3.33498	0	0	0	0	0	10.97945	0	0	0	0	0	0	0	9.03264	8.3768	1.40757	10.05278	7.12766	0	9.29714	0	7.03069	0	1.8427	0	19.97071	10.31858	0	0	0	8.38038	0	0	0	0	0	0	0	5.12451	0	0	0	0	0	0	0	0	0	0	0	0	0	0	0	0	0	0	0	0	0	0	13.36707	0	0	0	
0	0	0	0	0	0	0	0	0	0	0	0	0	0	0	0	0	0	0	6.74969	0	0	0	0	0	0	0	0	0	0	0	0	0	0	0	0	0	0	0	0	0	0	0	13.04816	0	0	17.51792	14.46536	9.49021	0	9.02468	7.90511	11.09525	0	0	0	12.8665	0	0	5.37547	7.17257	0	0	12.34159	0	10.60932	0	5.9769	0	0	0	0	0	0	0	0	0	0	0	0	0	0	0	0	0	0	0	0	0	0	6.47205	0	0	0	0	0	0	0	0	0	
0	0	0	0	0	0	0	0	0	0	0	0	7.95001	0	0	0	0	0	0	9.7281	0	0	0	0	0	0	0	0	0	0	0	0	0	14.27142	0	0	0	0	0	0	0	7.79221	11.50603	0	8.69724	0	0	3.96111	9.92124	0	2.35958	8.99013	7.8973	1.86576	9.15011	17.96827	5.39157	13.41985	9.63736	0	0	0	0	0	15.76576	0	0	0	0	0	0	0	0	0	0	0	0	0	11.17837	0.869	0	0	0	0	0	0	0	0	0	0	0	0	0	0	0	0	0	0	0	0	
0	0	0	0	0	0	0	0	0	0	0	0	0	0	0	0	0	0	0	0	0	0	0	13.7763	0	0	0	0	0	0	0	0	0	0	0	0	0	0	10.50324	0	0	0	6.7763	8.24545	20.35049	0	10.86721	4.92728	0	6.63931	9.3253	5.76751	0	0	0	0	0	11.09448	13.27227	9.65752	8.66519	0	0	0	6.74969	0	0	0	0	0	0	0	0	0	0	0	0	0	0	0	0	0	0	0	0	0	0	0	0	0	0	0	0	0	0	0	0	0	0	0	
0	0	6.65821	0	0	0	0	0	0	0	0	0	0	0	0	0	0	0	0	0	0	0	0	0	0	0	0	0	0	0	0	0	0	0	0	0	0	0	0	0	8.2647	0	0	0	0	8.87781	0	4.03317	11.44575	11.97788	0	7.34125	9.61558	7.13085	0	10.01525	0	0	17.96337	0	10.47614	0	7.46788	10.31765	0	0	0	0	0	0	0	6.42798	0	0	0	0	0	0	0	0	0	0	0	0	0	0	0	0	0	0	0	0	0	0	0	0	0	0	0	0	
0	0	0	0	0	0	0	0	0	0	0	8.59908	0	0	0	0	0	0	0	0	0	0	0	0	0	0	0	0	0	0	0	0	8.28422	0	0	0	0	8.63502	11.42913	3.83016	3.55383	6.6932	0	0	10.98013	6.55987	11.15417	10.44479	11.24117	0	12.43907	0	1.82597	8.1276	0	9.9699	9.47527	8.78329	0	0	0	0	0	0	0	0	0	7.52725	0	0	0	0	14.12382	0	0	2.35958	0	0	10.69884	0	0	0	0	0	0	0	0	0	0	0	0	0	0	0	0	5.39094	0	0	0	0	
0	0	0	0	0	0	0	0	0	0	0	0	0	0	0	0	0	0	0	0	0	0	0	0	0	0	0	0	0	0	0	0	0	0	9.25678	11.1169	0	0	0	4.73443	0	12.04303	0	9.85429	14.67173	8.15424	6.2292	7.2722	9.04398	11.30684	11.24146	10.26629	0.869	10.08116	0	0	6.23185	0	0	9.44563	8.42269	0	16.24865	0	0	0	0	0	0	0	0	0	0	0	0	0	0	0	2.575	0	0	0	0	0	0	0	0	12.92117	0	0	0	0	0	0	0	0	0	0	0	0	
0	0	0	0	0	0	0	0	9.44303	0	8.41223	0	0	0	0	0	0	0	0	0	0	0	0	0	0	0	9.72247	0	0	0	0	0	0	0	0	19.8018	0	9.97317	11.41465	0	7.18422	10.33067	0	2.35958	0	11.43283	4.71872	7.81675	5.49541	8.15638	0	5.36369	11.77763	0	0	0	7.04687	2.76237	0	0	0	0	0.869	0	0	0	18.23256	0	0	0	0	0	0	0	0	0	0	0	0	0	0	0	0	0	0	0	0	0	0	0	0	0	0	0	0	0	0	0	0	0	
0	0	0	0	0	0	0	0	0	0	0	11.93846	0	0	17.54454	0	0	0	0	0	0	0	0	0	0	0	0	0	0	0	0	10.93153	0	0	7.73739	0	12.04867	0	0	10.318	0	0	9.82123	8.62089	11.02126	7.60761	10.59098	9.37546	2.83035	9.48802	12.6319	9.39323	9.73483	8.02971	0	1.40757	8.75419	0	0	12.6723	13.29274	13.15052	0	12.05064	0	0	0	0	0	0	0	0	0	9.96126	0	5.93856	0	0	0	0	0	0	0	4.98087	0	0	0	0	0	0	0	0	0	0	0	0	0	0	0	0	
0	0	0	0	0	0	0	0	0	0	0	0	11.26668	0	0	0	0	0	0	0	0	0	0	0	0	0	0	0	0	9.17251	0	0	7.28884	0	10.33529	0	14.15937	0	11.0134	10.98662	9.92599	10.78516	11.4985	6.43318	7.12631	3.27736	10.84341	10.46993	4.19813	8.37782	6.55141	12.14553	12.59905	9.17984	5.90965	13.08201	6.79855	0	0	9.37463	10.04603	0	0	0	0	11.88871	0	0	0	0	0	0	0	9.60367	0	0	0	0	0	0	11.33888	0	0	0	0	0	0	0	0	0	0	0	0	0	0	0	0	0	0	0	
0	0	0	0	0	0	0	12.80501	0	0	0	10.12289	0	0	0	0	0	0	0	0	0	0	0	0	0	0	0	8.03883	0	0	5.66069	0	11.1419	0	0	0	0.869	9.67221	6.61867	11.38784	9.63166	4.19212	0	10.64829	9.2838	8.13411	9.2773	9.51084	11.72338	9.02527	6.725	10.19008	11.98685	6.12091	9.00806	11.12497	7.25801	4.8412	1.95583	9.0178	5.76768	12.17394	8.93008	0	10.03129	0	0	0	0	0	0	0	0	12.44742	0	0	0	0	0	0	0	0	0	0	0	0	0	0	0	0	0	0	0	0	0	0	0	0	0	0	
8.14373	0	0	0	0	0	0	0	5.64814	0	0	0	13.08957	0	0	0	0	0	0	0	0	0	0	0	12.27507	0	0	7.77053	0	0	0	0	7.87581	0	9.21198	8.70573	0	4.32253	10.2002	7.61968	8.568	7.71767	4.78852	9.05415	10.81178	9.45593	6.32521	8.90694	5.22461	1.2875	9.15593	7.86922	10.13823	5.94545	13.4058	12.63822	9.87501	4.69215	0	9.27095	8.00674	2.10628	0	4.01496	0	7.80826	0	0	0	0	7.09315	0	0	0	0	0	0	0	0	0	0	0	5.30586	0	0	17.53245	0	0	0	0	0	0	0	0	0	0	0	0	0	0	
0	0	0	11.40852	0	0	0	0	0	0	0	0	0	0	0	0	0	0	8.30321	0	0	10.19485	0	3.55383	8.99302	5.99571	0	0	9.12419	8.27655	11.64993	0	13.08161	0	0	19.59555	0	8.66769	9.28494	9.1321	7.43054	4.65976	8.7219	9.20393	9.03887	9.84573	6.97378	10.00565	9.7093	8.28519	9.47004	6.17104	11.7827	7.022	5.25929	9.95455	0	1.05314	6.79834	7.43108	16.68037	5.05448	7.74853	0	0	0	0	0	0	11.0865	0	0	9.07197	0	14.27304	6.0507	12.06184	2.54466	0	14.11403	0	0	0	0	0	0	0	0	0	0	0	0	0	0	0	0	0	0	0	0	
9.54869	0	0	0	11.15503	5.73799	0	0	0	0	0	0	0	0	0	0	0	7.47459	0	0	0	0	0	0	8.76174	0	7.48959	9.34452	0	13.16926	9.86212	0	0	0	10.25365	6.95583	6.98148	10.44244	11.90061	7.01971	6.39757	8.81318	8.31254	7.9381	9.1868	8.21009	9.09991	8.58879	6.59985	9.45329	4.43373	9.94915	16.84859	7.71508	9.1145	7.53799	9.7159	4.29029	3.57165	6.69735	0.869	0	7.23097	13.92015	14.38439	13.05817	9.54355	0	0	0	0	0	0	0	9.09831	0	0	0	0	0	0	0	0	0	0	0	0	0	0	0	0	0	0	0	0	1.40757	0	0	0	0	
0	0	0	0	0	0	0	0	4.19813	0	7.83461	0	0	0	0	0	5.08992	8.52333	7.9644	7.41994	10.53573	10.62835	0	0	0	14.10127	0	10.42908	6.30059	10.07063	0	9.76967	10.31203	8.45151	6.46675	9.82957	5.52032	9.21423	8.70281	6.68508	8.90773	6.79677	4.66293	7.46918	9.27988	7.33095	7.70926	7.73479	7.85886	6.44876	6.05645	9.56087	6.85487	7.76461	3.93179	5.41862	9.59188	8.20158	0	6.57312	4.93763	3.65194	7.82376	0	7.67628	9.45667	0	0	0	0	0	10.58314	0	0	6.72736	0	0	0	11.31708	0	0	0	0	0	0	4.90331	0	0	0	0	0	0	0	0	0	7.20243	0	0	0	0	
0	11.56152	0	0	0.869	9.87246	0	0	0	0	0	0	0	0	3.74381	9.86481	0	9.59876	8.98679	0	2.35958	0	6.73857	0	0	0	0	0	9.337	10.08717	6.22234	0	8.89043	3.97984	10.67059	7.10983	8.70746	9.19823	8.08356	8.63616	8.53545	6.48441	5.99619	8.15922	7.39754	6.02515	9.36686	8.99761	7.90004	7.43289	6.67163	8.20583	8.21614	6.46215	8.39905	6.97587	5.12451	8.57425	7.154	4.48445	0	9.84939	0	11.92932	10.69312	2.10628	8.59805	4.77854	0	0	0	0	0	0	0	13.87198	0	0	0	0	8.69292	0	0	0	0	0	0	0	0	0	0	0	0	0	0	0	0	0	0	0	
0	13.05594	10.82448	0	9.09895	0	0	0	0	0	9.70543	0	0	0	10.75166	15.61965	0	8.19752	0	0	5.9769	11.15032	8.88714	7.756	4.59338	9.10699	0	4.36365	4.77854	6.03803	7.72053	9.61101	10.88586	10.18134	10.99041	6.11445	7.68611	7.26485	6.85343	6.71062	5.14818	6.82293	8.00405	6.47719	6.10739	6.02026	8.3535	6.60742	8.18603	8.59127	7.79244	9.29194	8.042	6.7656	6.95601	4.81704	7.2428	6.61883	7.93417	7.74853	0	7.80756	7.80714	10.76177	3.44349	0	4.32253	0	0	0	0	4.77854	0	17.899	9.16214	0	9.5926	0	16.67577	0	0	0	0	5.36363	0	0.8994	0	0	0	0	0	0	0	0	0	0	0	0	0	0	
0	0	0	0	0	0	0	0	5.91896	0	7.15302	7.54651	0	0	0	0	0	0	9.1475	0	0.869	0	0	0	0	7.26578	10.63559	0	0	9.02239	2.50526	4.82134	5.25513	9.68415	10.65972	8.16787	7.70618	8.80968	6.58406	8.69288	3.70613	7.02229	8.40883	6.62605	7.16756	7.49126	6.04331	7.90132	8.07415	8.07304	8.24938	6.30487	5.34619	6.08943	7.71425	8.57547	7.47018	8.36576	9.11131	7.63681	10.5117	4.90914	15.45811	5.74054	0	9.63656	0	9.49489	0	0	0	0	0	0	0	0	0	0	0	0	0	7.19431	0	0	0	0	0	6.03299	1.40757	16.25467	0	0	0	0	0	0	0	0	0	0	
0	0	0	0	0	0	0	0	10.83431	7.87581	0	1.40757	0	11.29732	0	0	0	2.9282	6.34279	3.84519	0	0	3.65194	6.9633	7.71487	7.31153	6.12091	9.67394	4.21139	9.34278	0	8.91072	4.60763	3.7195	3.9833	8.82361	8.22811	4.19842	11.60893	5.12829	7.36634	6.35201	7.61126	8.43029	7.15968	7.08374	7.31553	7.37893	6.33366	9.16812	7.29134	6.10966	6.23267	6.65836	7.37463	7.12231	7.92121	5.9596	9.18075	8.33534	6.63363	7.87488	8.19312	12.2911	5.5699	8.55181	10.20801	0	0	0	0	0	0	8.82094	10.09264	0	0	0	15.06395	0	0	0	0	0	0	0	0	0	6.48268	0	1.7988	0	0	0	0	0	0	0	0	0	
0	0	8.78626	6.36682	0	4.38092	0	1.7988	7.2502	0	0	0	0	0	0	0	0	6.75501	0	0	0	0	0	10.8963	0	9.17664	0	8.03987	8.38395	8.29302	0	10.05746	0	10.65589	4.13925	7.79069	6.2506	4.01328	1.47901	10.48411	6.9176	10.08449	6.35189	8.16214	6.55769	5.96039	5.70626	8.33503	6.82354	6.81334	6.60012	6.53936	6.92776	6.89063	8.22246	5.78547	7.19279	7.16467	8.08373	4.97025	8.39776	9.21758	1.2875	14.77829	7.48951	0	0	6.75984	3.98878	19.24915	6.61683	0	11.01744	0	3.00255	0	8.70465	0	0	0	0	0	6.26003	0	0	0	0	0	0	0	0	0	0	0	0	0	0	0	0	0	
0	0	0	0	0	0	0	0	0	0	12.45296	8.13527	9.36699	0	13.41086	0	0	6.63441	0	6.72736	0	0	0	0	0	0	4.68893	3.55383	2.50907	0	8.00209	6.64826	4.01548	5.95289	2.83035	7.93629	7.62321	7.20722	6.02193	8.46461	8.63119	4.07001	5.94687	6.03519	7.40785	7.29262	5.64262	6.16749	6.46271	5.191	6.21078	7.66665	8.37665	5.65134	5.73891	6.6258	7.25067	8.0925	9.4142	8.58284	5.53362	5.45361	7.85714	8.20023	0	6.23233	11.02432	3.15544	0	0	5.12451	0	5.0308	0.4345	0	13.09394	0	0	0	0	0	0	0	0	0	0	0	0	6.49396	0	0	0	0	0	0	0	0	0	0	0	
0	0	0	0	0	2.10628	0	0	0	11.48788	0	0	11.98862	0	0	0	0	0	0	0	0	0	0	8.95751	0	0	8.12175	0	0	4.34082	6.47157	0	0	9.35348	4.54312	6.73857	6.81468	3.21171	0	7.96917	5.24903	6.12091	4.20649	5.44973	10.45403	7.10348	6.85783	9.27841	7.97605	3.44762	5.53283	8.35616	6.19965	7.13672	7.78124	6.33393	6.61621	6.79116	3.9929	5.98916	8.67837	5.53803	4.90616	7.49955	5.59604	6.26962	8.47724	8.35147	2.95499	0	0	4.19813	0	3.21171	0	3.74381	7.11051	0	0	0	0	0	0	0	6.06858	0	0	0	0	0	0	14.99723	0	0	0	0	11.54805	0	0	0	
0	0	0	0	0	0	0	0	0	0	0	8.49387	0	0	0	0	0	8.32513	10.495	0	0	0	0	8.49056	0	0	0	5.7956	0	0	0	0	3.40377	6.48185	3.42036	0	4.49575	8.09235	0.4345	5.84164	4.84451	8.32329	7.78744	2.13084	0	8.58161	4.90056	5.91789	6.97478	6.52068	7.08091	12.34404	7.00112	4.24702	6.20981	5.09729	5.77608	6.53973	6.71786	8.15242	6.73487	5.66529	0	6.41434	11.30467	0	5.88285	5.28601	15.12831	6.50779	0	0	0	2.575	0	10.13248	0	8.22169	0	0	0	5.332	0	0	0	0	0	0	0	0	0	0	0	0	0	0	0	0	0	0	
0	0	0	0	2.96927	0	0	0	0	0	7.77598	0	0	0	0	10.15775	0	0	6.94619	0	3.38984	7.36314	0	0	0	6.0326	4.06199	0	0	3.34082	0	8.94943	9.80609	0	0	8.81036	9.08081	0	13.72404	10.44397	4.10662	7.63315	4.77078	7.49457	4.87175	5.12653	12.07765	4.10945	8.34048	6.93815	6.84487	6.48435	7.39167	6.82248	5.16753	7.79635	6.01875	6.46348	5.9883	6.1129	4.82498	5.6454	6.48663	2.71824	8.05301	0	6.27579	12.01679	0	5.61276	9.48928	11.21745	8.66229	10.04776	8.60356	0	6.87936	0	0	0	5.25513	0	0	0	0	13.49444	0	0	0	4.13166	0	0	0	0	0	0	0	0	0	0	
0	0	0	0	0	0	0	0	0	0	0	4.26167	7.1559	0	0	11.78069	0	0	0	1.40757	0	0	0	0	0	0	0	0	0	3.35345	1.7988	4.38673	0	0	0	11.68977	0	0	0	3.0769	1.76868	3.3674	6.27456	4.71676	5.51177	5.49288	3.42661	7.24215	5.78556	2.22332	0	0	6.57369	11.14371	0	5.28587	8.81405	5.47788	5.09345	5.45529	8.27312	8.29234	8.07652	6.83332	4.94969	3.89043	5.8169	7.71148	0	8.20751	0	10.65671	6.67622	8.53945	10.27016	0	1.40757	0	5.7956	0	0	0	0	0	0	0	0	0	0	0	0	0	0	0	0	0	0	0	0	0	
0	0	0	12.16436	0	0	0	0	0	0	0	0	0	0	0	0	0.869	0	0	0	0	0	3.98878	0	0	0	7.77524	7.80505	9.31971	9.84031	0	0	0.869	0	0	9.15914	0	1.7988	0	5.4333	4.29718	0	0	0	4.68983	8.2727	6.96477	6.37188	5.2417	3.99404	5.56202	5.009	7.6095	6.90289	7.40695	8.10921	6.45868	6.1306	5.6338	5.71485	6.99957	8.35248	7.36723	7.9623	8.63397	9.45041	5.96375	3.21171	10.90404	6.95037	5.47623	6.52855	3.4683	6.25449	7.09283	0	12.32216	0	7.88171	6.92673	1.72857	3.55383	3.98878	0	0	0	0	0	0	0	0	0	0	0	0	0	0	7.05779	0	13.49836	
0	0	6.72448	0	0	0	0	0	0	0	0	0	0	0	0	0	0	0	0	0	8.18118	0	0	0	0	8.3331	0	9.06873	0	13.61014	0	10.67643	9.15379	0	8.00674	0	0	5.46613	6.1077	0	9.51812	0	0	8.81972	11.16701	9.87246	0.4345	5.65432	0	6.163	2.43869	10.562	4.61768	5.18006	7.1043	7.78203	0	6.03462	7.44215	4.23442	2.92209	4.14631	6.01807	0.75886	3.8546	5.39546	4.25635	0	8.9737	3.54998	4.6569	6.28368	4.80011	9.97891	0.869	0	5.63371	0	6.37725	2.575	0	4.84518	0	0	0	0	0	0	3.82176	0	0	0	0	0	0	0	1.7988	0	0	0	
0	0	0	0	2.575	0	0	0	0	0	0	0	6.42834	0	0	0	0	0	0	0	0	11.10935	0	0	0	0	0	4.41597	0	0	0	3.44856	7.95482	0	0	0	7.88087	0	4.26167	6.89702	0	0	10.47218	0	8.7396	0	5.15855	5.8169	10.76406	6.97026	7.11911	3.46506	11.16025	3.55544	6.09619	1.48764	0	5.22717	7.71354	4.01108	6.22028	7.31446	7.31239	6.46392	5.41341	7.38729	7.71443	1.35316	6.92674	6.22266	5.0294	0	0	8.5664	0	6.62527	12.59836	5.232	0	0	0	0	0	0	7.13616	5.01814	0	0	0	0	0	0	0	0	0	0	6.58558	0	0	0	
0	0	0	0	0	0	0	0	5.93854	0	0	0	18.06687	0	0	0	7.87072	0	0	0	0	0	0	0	14.15199	0	0	0	0	0	0	0	0	0	7.77053	8.41921	0	6.25184	0	0	0	0	4.26167	7.11051	0	10.09749	8.86764	6.63441	0	4.44217	0	12.84397	9.64566	7.18164	0	3.44856	0	6.62161	0	5.66482	8.76966	2.76237	4.3038	5.15828	3.46318	5.48429	6.03984	5.055	8.35147	8.08694	8.83965	5.43911	7.46332	7.6028	6.7326	4.39735	6.85888	9.89393	0	0	5.99571	0	7.94687	0	8.28935	15.31172	8.88287	4.94261	5.51185	0	0	0	0	12.46564	0	0	0	0	0	0	
0	0	0	0	0	0	0	0	0	0	0	0	0	0	0	0	0	0	0	0	6.34124	0	0	0	0	0	0	0	0	5.8379	0	0	0	0	8.87527	0	0	0	0	0	9.13695	0	8.73401	9.90018	2.24253	0	0	0	5.68407	4.01527	9.55188	0	0	4.07126	3.0941	6.5922	0	0	6.56717	8.23149	9.1787	4.77195	1.81569	5.15782	6.0536	8.86922	2.42152	7.18938	6.32568	11.7916	6.83505	7.15668	4.83331	4.84496	5.11599	0	2.16127	0	9.84049	0	0	0	1.40757	0	0	0	6.51328	0	0	0	0	0	0	0	0	0	0	0	0	0	
0	0	0	0	6.3862	0	0	0	0	0	0	5.25513	0	1.40757	0	0	0	0	0	0	0	0	0	0	0	0	0	0	0	0	0	0	0	0	0	0	0	0	0	9.35863	0	0	9.77785	0	4.13635	0	0.44746	0	0	0	3.21171	0	0	0	9.02468	0	0	0	0	5.7956	8.9149	0	6.19867	5.76626	9.10662	0	2.16127	7.03333	8.22212	4.75426	7.60604	6.66146	5.61954	4.73088	0	0	7.03866	1.7988	4.83033	4.49106	3.44856	4.68893	0	0	8.06132	0	2.575	9.05443	0	5.40996	0	0	0	0	2.575	0	0	0	0	0	
0	0	0	0	0	0	0	0	0	0	0	0	0	0	0	0	0	4.73625	0	0	0	5.12451	8.3294	0	0	0	7.62108	0	0	0	0	0	0	5.38255	4.49106	0	0	0	0	0	0	0	0	0	0	0	0	0	0.869	0	0	0	0	0	0	6.45516	10.09095	6.91823	3.74381	1.7988	0	4.95993	3.77448	0	7.23364	6.94588	6.44818	7.28087	5.22083	3.48634	5.85075	4.74809	7.16342	7.7123	7.45129	4.21291	8.06543	0	7.60892	4.61089	0	0	5.61098	0	8.40169	7.37219	1.40757	2.35958	0	8.14386	0	0	0	0	0	0	8.4466	0	0	0	
0	0	0	0	0	0	0	0	7.16526	0	0	0	0	0	0	0	0	0	0	0	0	0	0	0	0	0	0	4.59338	0	0	0	0	0	0	0	0	0	0	0	9.92476	0	0	0	0	0	2.76237	0	4.26167	7.59048	0	0	11.0226	0	0	0	0	0	0	6.60864	0	8.24286	0	8.62679	6.82001	7.8044	4.93336	4.63258	0	0	7.74909	8.33307	5.08992	8.0816	7.97542	5.327	11.37506	1.17979	0	0	7.25198	6.63126	9.01118	9.15588	6.94087	4.80353	0	0	0	0	0	9.09614	0	9.39409	0	0	0	0	0	0	0	
0	0	0	0	0	0	0	0	0	0	0	0	0	3.55383	0	0	0	0	0	2.10628	0	0	0	0	0	6.70875	0	0	0	0	0	0	0	0	5.51185	0	0	5.28292	0	0	10.46579	0	0	10.6055	4.77854	0	0	0	0	0	8.20562	7.41994	0	0	12.61111	0	0	0	0	5.05875	4.42113	0	4.51126	8.2727	4.64194	2.96644	6.85297	0	0	4.22078	6.14254	0	6.53233	6.84832	7.80293	8.71536	4.16844	4.27934	7.1012	2.45827	0	7.91313	4.32253	7.08868	1.53845	0	0	3.44856	3.25786	0	10.0233	0	0	5.12451	0	0	0	0	4.86704	0	
0	0	0	0	0	0	0	13.89853	0	0	0	0	0	0	0	0	0	0	0	0	0	0	4.06199	0	0	0	0	0	8.87273	0	0	0	0	0	10.55071	0	0	0	0	0	0	5.86815	0	0	0	0	4.66265	0	0	0	0	0	8.31449	0	0	0	4.3619	11.82835	0	1.76929	8.88324	0	0	6.27199	0	7.64511	0	8.51315	6.34496	12.52634	12.00374	4.14949	9.32157	6.05195	6.17142	4.09747	4.47877	4.26167	5.55374	6.18481	6.63028	4.20697	4.13828	0	6.15591	0	2.10628	2.50033	0	0	7.81357	9.32016	0	0	0	0	7.90097	0	0	0	
0	0	0	0	0	0	0	0	0	0	0	0	0	0	0	0	0	0	0	0	0	0	0	0	0	0	0	0	0	0	0	0	0	0	0	0	0	3.54328	0	0	0	0	0	0	0	0	0	0	0	0.869	0	4.84862	0	1.67271	0	0	3.65194	5.7401	0	0	0.869	0	8.5298	8.72277	5.879	6.31191	0	0	6.98013	8.34247	0	5.08992	5.332	5.84736	7.00526	4.74012	0	3.28175	7.09664	5.86519	2.36454	7.51427	6.34279	0	0	0	3.61326	0	0	0	0	0	5.7336	5.64116	5.95784	0	0	0	0	0	
0	0	0	0	0	0	0	6.83571	0	0	0	0	0	0	0	0	0	0	0	0	0	0	0	0	0	0	0	0	0	0	0	0	0	0	0	0	0	4.81861	0	4.13166	0	0	0	0	0	0	0	0	0	0	5.57575	0	0	10.68225	6.74991	0	0	10.80677	9.69252	10.28553	0	1.40757	0	7.3198	8.28014	10.67861	0	0	6.36267	5.03221	9.27941	3.63473	5.46628	6.92676	1.7988	6.65584	5.63902	0	7.97979	2.77897	7.49029	8.07907	2.95948	5.17087	3.05184	0	0	1.78669	0	0	5.05448	0	0	0	0	4.56813	0	0	0	0	
0	0	0	0	0	0	0	0	0	0	0	0	0	0	0	0	0	0	0	0	0	0	0	0	0	11.68471	0	0	0	0	0	0	0	0	0	0	0	6.71606	0	0	0	0	0	0	9.95286	0	0	0	10.28744	0	0	0	0	0	0	3.21171	0	0	0	0	0	0	7.08053	0	0	7.24751	6.99839	6.06015	0	5.76565	2.85523	0	4.68552	0	8.6856	5.00883	0	7.32379	6.19501	5.89611	2.47517	0	3.13159	0	10.44883	6.82309	0	0	0	0	11.13609	0	0	0	0	0	0	1.7988	0	0	
0	0	0	0	0	0	0	0	0	0	0	0	11.77627	0	0	0	0	0	0	0	0	0	0	0	0	0	0	0	0	0	0	0	0	0	0	0	0	0	0	0	0	0	0	0	0	0	0	8.80504	0	0	3.83016	0	14.74168	0	0	0	0	0	0	4.6396	0	0	0	5.45152	1.40757	11.98891	8.36591	0	5.19129	0	0	9.49352	0	0	0	0.46919	6.65299	7.61993	4.26912	3.28136	0	9.75724	5.94669	2.94238	4.63552	3.10207	3.03024	0	7.31902	0	0	0	0	8.31449	0	0	0	0	0	0	
0	0	0	0	0	0	0	0	0	0	0	0	0	0	0	0	0	0	0	0	0	0	0	0	0	0	0	0	0	0	0	0	9.50997	0	0	0	0	0	0	0	5.68407	0	0	0	0	0	0	0	0	0	0	0	0	0	0	0	2.55692	0	0	0	13.87993	0	0	5.15217	0	2.76237	0	0	5.93475	0	0	0	7.56552	0	0	2.35958	0	0	8.7397	8.60218	6.83104	5.72972	8.67397	0	4.90331	0	0	0	0	1.7988	6.5832	3.52415	3.69938	0	0	0	0	0	0	0	
0	0	0	0	0	0	0	2.34447	0	0	0	0	0	0	0	0	0	0	0	0	0	0	0	0	0	0	0	2.35958	0	0	0	0	0	0	0	0	0	0	0	0	0	0	0	0	0	0	0	0	0	0	0	0	0	0	0	0	0	0	0	0	0	0	0	0	0	0	0	0	0	0	3.0163	2.69797	7.24752	11.15556	0	4.64194	8.62951	0	8.06871	11.89028	0	5.4467	0	7.14462	0	7.63041	0	6.54785	0	0	0	13.79714	0	0	0	9.16214	0	0	0	0	
0	0	0	0	0	0	0	0	0	0	0	0	0	0	0	0	0	0	0	0	9.92001	0	0	0	0	0	0	0	0	0	0	0	0	0	0	0	0	0	0	0	0	0	0	0	0	0	0	0	0	0	0	0	0	0	0	0	0	0	0	11.03573	0	0	0	0	5.77397	7.86562	9.17044	7.48814	0	0	0	0	0	0	0	0	5.53671	0	0	0	4.27595	0	0	0	2.21024	4.43704	6.98829	3.93882	5.08992	0	8.34048	5.28601	14.06951	8.59908	0	7.22651	0	0	0	0	
0	0	0	0	0	0	0	0	0	0	0	0	0	0	0	0	0	0	0	0	0	0	0	0	0	0	0	0	0	0	0	0	0	0	0	0	0	0	0	0	0	0	0	0	0	0	0	0	5.01814	0	0	0	0	0	0	0	0	0	0	0	0	0	0	0	0	0	0	0	0	6.22021	8.25329	9.00161	5.43964	0	8.82094	4.68893	0	9.53751	0	0	0	7.16968	7.33388	0	4.84048	0	0.869	0	0	3.89726	0	0.869	2.56226	0	1.40757	0	0	0	0	0	
0	0	0	0	0	0	0	0	0	0	0	0	0	0	0	5.2059	0	0	0	0	0	0	0	0	0	0	0	0	0	0	0	0	0	0	6.85644	0	0	0	0	0	0	0	0	0	0	0	0	0	0	0	0	0	0	0	0	0	0	0	0	0	0	0	0	0	0	0	0	4.32253	0	0	0	0	0	3.91165	0	0	0	1.17979	0	0	0	0	0	0	0.70379	0	6.60253	3.24798	7.24235	10.3063	6.48268	0	10.38339	0	0	0	0	0	0	0	
0	0	0	0	0	0	0	0	0	0	0	0	0	0	0	0	0	0	0	0	0	0	0	0	0	0	0	0	0	0	0	0	0	0	0	0	0	0	0	0	0	0	0	0	0	0	0	0	6.08623	0	0	0	0	0	0	0	0	0	0	7.07558	0	0	0	0	0	5.02454	0	0	0	0	0	6.58558	0	0	0	0	0	14.47052	0	4.71474	9.7642	0	0	10.20801	0	0	0	0	0	0	0	0	0	0	0	0	0	0	0	0	
0	0	0	0	0	0	0	0	0	0	0	0	0	0	0	0	0	0	0	0	0	0	0	0	0	0	0	0	0	0	0	0	0	0	0	0	0	0	0	0	0	0	0	0	0	0	0	0	0	0	0	0	0	0	0	4.29814	0	0	7.54012	0	0	0	0	0	12.1355	0	0	0	0	0	0	0	0	3.21171	0	0	6.93649	0	0	0	2.42889	4.55989	3.36368	7.25201	0	0	0	6.64636	5.83112	0	2.575	7.66287	12.38392	0	0	0	0	0	0	0	
0	0	0	0	0	0	0	0	0	0	0	0	0	0	0	0	0	0	0	0	0	0	0	0	0	0	0	0	0	0	0	0	0	0	0	0	0	0	0	0	0	0	0	0	0	0	0	0	0	0	0	0	0	0	0	0	0	0	0	0	0	0	0	0	0	0	0	0	0	0	0	0	0	0	0	0	0	0	0	0	0	0	0	0	0	0	0	0	0	0	0	8.84448	0	0	0	0	0	0	0	0	
0	0	0	0	0	0	0	0	0	0	0	0	0	0	0	0	0	0	0	0	0	0	0	0	0	0	0	0	0	0	0	0	0	0	0	0	0	0	0	0	0	0	0	0	0	0	0	0	0	0	0	0	0	0	0	0	0	0	0	0	0	0	0	0	0	0	0	0	0	0	6.26741	0	0	0	0	0	0	0	0	10.86014	0	0	0	8.29185	0	0	0	0	0	0	5.7252	15.1201	0	0	0	0	0	0	0	0	
0	0	0	0	0	0	0	0	0	0	0	0	0	0	0	0	0	0	0	0	0	0	0	0	0	0	0	0	0	0	0	0	0	0	0	0	0	0	0	0	0	0	0	0	0	0	0	0	0	0	0	0	0	0	0	0	0	0	0	1.40757	0	0	0	0	0	0	0	0	0	0	3.21171	0	0	0	0	0	0	0	0	0	0	0	0	0	0	0	1.40757	0	0	0	0	0	0	0	0	0	0	0	0	0	
0	0	0	0	0	0	0	0	0	0	0	0	0	0	0	0	0	0	0	0	0	0	0	0	0	0	0	0	0	0	0	0	0	0	0	0	0	0	0	0	0	0	0	0	0	0	0	0	0	0	0	0	0	0	0	0	0	0	0	0	0	0	0	0	0	0	0	0	0	7.14462	0.869	0	0	0	0	0	0	0	3.0769	0	0	0	0	0	0	0	0	0	9.82724	1.40757	0	0	0	0	0	0	0	0	0	0	
0	0	0	0	0	0	0	0	0	0	0	0	0	0	0	0	0	0	0	0	0	0	0	0	0	0	0	0	0	0	0	0	0	0	0	0	0	0	0	0	0	0	0	0	0	0	0	0	0	0	0	0	0	0	0	0	0	0	0	0	0	0	0	0	0	0	0	0	0	0	0	0	0	0	0	0	0	0	0	0	0	0	0	0	0	0	0	0	0	0	0	0	0	0	0	0	0	0	0	0	
0	0	0	0	0	0	0	0	0	0	0	0	0	0	0	0	0	0	0	0	0	0	0	0	0	0	0	0	0	0	0	0	0	0	0	0	0	0	0	0	0	0	0	0	0	0	0	0	0	0	0	0	0	0	0	0	0	0	8.5774	0	0	0	0	0	0	0	0	0	0	0	0	0	0	0	0	5.31625	0	0	0	0	0	0	0	0	0	0	0	0	0	0	0	0	0	0	0	0	0	0	0	0	
0	0	0	0	0	0	0	0	0	0	0	0	0	0	0	0	0	0	0	0	0	0	0	0	0	0	0	0	0	0	0	0	5.45862	0	0	0	0	0	0	0	0	0	0	0	0	0	0	0	0	0	0	0	0	0	0	0	0	0	0	0	0	0	3.65194	0	0	0	0	0	0	0	0	0	0	0	0	5.56319	0	0	0	0	0	0	0	0	0	0	0	0	0	0	0	0	0	0	0	0	0	0	0	0	
0	0	0	0	0	0	0	0	0	0	0	0	0	0	0	0	0	0	0	0	0	0	0	0	0	0	0	0	0	0	0	0	0	0	0	0	0	0	0	0	0	0	0	0	0	0	0	0	0	0	0	0	0	0	0	0	0	0	0	0	0	0	0	0	0	0	0	0	0	0	0	0	0	0	0	0	0	0	0	0	0	0	0	0	0	0	0	0	0	0	0	0	0	0	0	0	0	0	0	0	
0	0	0	0	0	0	0	0	0	0	0	0	0	0	0	0	0	0	0	0	0	0	0	0	0	0	0	0	0	0	0	0	0	0	0	0	0	0	0	0	0	0	0	0	0	0	0	0	0	0	0	0	0	0	0	0	0	0	0	0	0	0	0	0	0	0	0	0	0	0	0	0	0	0	0	0	0	0	0	0	0	0	0	0	0	0	0	0	0	0	0	0	0	0	0	0	0	0	0	0	
0	0	0	0	0	0	0	0	0	0	0	0	0	0	0	0	0	0	0	0	0	0	0	0	0	0	0	0	0	0	0	0	0	0	0	0	0	0	0	0	0	0	0	0	0	0	0	0	0	0	0	0	0	0	0	0	0	0	0	0	0	0	0	0	0	0	0	0	0	0	0	0	0	0	0	0	0	0	0	0	0	0	0	0	0	0	0	0	0	0	0	0	0	0	0	0	0	0	0	0	
0	0	0	0	0	0	0	0	0	0	0	0	0	0	0	0	0	0	0	0	0	0	0	0	0	0	0	0	0	0	0	0	0	0	0	0	0	0	0	0	0	0	0	0	0	0	0	0	0	0	0	0	0	0	0	0	0	0	0	0	0	0	0	0	0	0	0	0	0	0	0	0	0	0	0	0	0	0	0	0	0	0	0	0	0	0	0	0	0	0	0	0	0	0	0	0	0	0	0	0	
0	0	0	0	0	0	0	0	0	0	0	0	0	0	0	0	0	0	0	0	0	0	0	0	0	0	0	0	0	0	0	0	0	0	0	0	0	0	0	0	0	0	0	0	0	0	0	0	0	0	0	0	0	0	0	0	0	0	0	0	0	0	0	0	0	0	0	0	0	0	0	0	0	0	0	0	0	0	0	0	0	4.19813	0	0	0	0	0	0	0	0	0	0	0	0	0	0	0	0	0	0	
0	0	0	0	0	0	0	0	0	0	0	0	0	0	0	0	0	0	0	0	0	0	0	0	0	0	0	0	0	0	0	0	0	0	0	0	0	0	0	0	0	0	0	0	0	0	0	10.00948	0	0	0	0	0	0	0	0	0	0	0	0	0	0	0	0	0	0	0	0	0	0	0	0	0	0	7.9533	0	0	0	0	0	0	0	0	0	0	0	0	0	0	0	0	0	0	0	0	0	0	0	0	0	
