0	0	0	0	0	0	0	0	0	0	0	0	0	0	0	0	0	0	0	0	0	0	0	0	0	0	0	0	0	0	0	0	0	0	0	0	0	0	0	0	0	0	0	0	0	0	0	0	0	0	0	11.87509	0	0	0	0	0	0	0	0	0	0	0	0	0	0	0	0	0	0	0	0	0	0	0	0	0	0	0	0	0	0	0	0	0	0	0	0	0	0	0	0	0	0	0	0	0	0	0	0	
0	0	0	0	0	0	0	0	0	0	0	0	0	0	0	0	0	0	0	0	0	0	0	0	0	0	0	0	0	0	0	0	0	0	0	0	0	0	0	0	0	0	0	0	0	0	0	14.45564	0	0	0	0	0	0	0	0	0	0	0	0	0	0	0	10.03174	0	0	0	0	0	0	0	0	0	0	0	0	0	0	0	0	0	0	0	0	0	0	0	0	0	0	0	0	0	0	0	0	0	0	0	0	
0	0	0	0	0	0	0	0	0	0	0	0	0	0	0	0	0	0	0	0	0	0	0	0	0	0	0	0	0	0	0	0	0	0	0	0	0	0	0	0	0	0	0	0	0	0	0	0	0	0	0	0	0	0	8.93273	0	0	0	0	0	0	0	0	0	0	0	0	0	0	0	0	0	0	0	0	0	0	0	0	0	0	0	0	0	0	0	0	0	0	0	0	0	0	0	0	0	0	0	0	0	
0	0	0	0	0	0	0	0	0	0	0	0	0	0	0	0	0	0	0	0	0	0	0	0	0	0	0	0	0	0	0	0	0	0	0	0	0	0	0	0	0	0	0	0	0	0	9.84827	8.52309	0	0	0	0	0	0	0	0	0	0	0	0	0	0	0	0	0	0	0	0	0	0	0	0	0	0	0	0	0	0	0	0	0	0	0	0	0	0	0	0	0	0	0	0	0	0	0	0	0	0	0	0	
0	0	0	0	0	0	0	0	0	0	0	0	0	0	0	0	0	0	0	0	0	0	0	0	0	0	0	0	0	0	0	0	0	0	0	0	0	7.63069	0	0	0	0	0	12.23366	0	0	0	0	0	0	0	0	0	0	0	0	0	0	0	0	0	0	0	0	0	0	0	0	0	0	0	0	0	0	0	0	0	0	0	0	0	0	0	0	0	0	0	0	0	0	0	0	0	0	0	0	0	0	0	0	
0	0	0	0	0	0	0	0	0	0	0	0	0	0	0	0	0	0	0	0	0	0	0	0	0	0	0	0	0	0	0	0	0	0	0	0	0	0	0	0	0	0	0	0	0	0	0	0	0	0	0	0	0	0	0	0	0	0	0	0	0	0	0	0	0	0	0	0	0	0	0	0	8.57804	0	0	0	0	0	0	0	0	0	0	0	0	0	0	0	0	0	0	0	0	0	0	0	0	0	0	0	
0	0	0	0	0	0	0	0	0	0	0	0	0	0	0	0	0	0	0	0	0	0	0	0	0	0	0	0	0	0	0	0	0	0	0	0	0	0	0	0	0	0	0	0	0	0	0	0	0	0	0	0	0	0	0	0	0	0	0	0	0	0	0	0	0	0	0	0	0	0	0	0	0	0	11.14029	0	0	0	0	0	0	0	0	0	0	0	0	0	0	0	0	0	0	0	0	0	0	0	0	0	
0	0	0	0	0	0	0	0	0	0	0	0	0	0	0	0	0	0	0	0	0	0	0	0	0	0	0	0	0	0	0	0	0	0	0	0	0	0	0	0	0	0	0	0	0	0	0	0	0	0	0	8.24615	0	0	0	10.41049	0	0	8.75895	0	0	0	0	0	0	0	0	0	0	0	0	0	0	0	0	0	0	0	0	0	0	0	0	0	0	0	0	0	0	0	0	0	0	0	0	0	0	0	0	0	
0	0	0	0	0	0	0	0	0	0	0	0	0	0	0	0	0	0	0	0	0	0	0	0	0	0	0	0	4.46772	0	0	0	0	0	0	0	0	0	0	0	0	0	0	0	0	0	0	0	0	0	0	0	0	0	0	0	0	0	0	0	0	0	0	0	0	0	0	7.23685	0	0	0	0	0	0	0	0	0	0	0	0	0	0	0	0	0	0	0	0	0	0	0	0	0	0	0	0	0	0	0	0	
0	0	0	0	0	0	0	0	0	0	0	0	0	0	0	0	0	0	0	0	0	0	0	0	0	0	0	0	0	0	0	0	0	0	0	0	0	0	0	0	0	0	0	0	0	0	0	0	0	0	0	0	0	0	0	5.17837	0	0	0	0	0	0	0	0	0	0	0	0	0	0	0	0	0	0	0	0	0	0	0	0	0	0	0	0	0	0	0	0	0	0	0	0	0	0	0	0	0	0	0	0	
0	0	0	0	0	0	0	0	0	0	0	0	0	0	0	0	0	0	0	0	0	0	0	0	0	0	0	0	0	0	0	0	0	0	0	0	0	0	0	0	0	0	0	0	0	0	0	0	0	0	0	0	0	0	0	0	0	0	0	0	0	0	0	0	0	0	0	9.32013	0	0	0	0	0	0	0	0	0	0	0	0	0	0	0	0	0	0	0	0	0	0	0	0	0	0	0	0	0	0	0	0	
0	0	0	0	0	0	0	0	0	0	0	0	0	0	0	0	0	0	0	0	0	0	0	0	0	0	0	0	0	0	0	0	0	0	0	0	0	0	0	0	0	0	0	0	0	0	0	0	0	0	0	0	0	0	0	0	1.38761	0	0	0	0	0	0	0	0	0	0	0	0	0	0	1.46498	0	0	0	0	0	0	0	0	0	0	0	0	0	0	0	0	0	0	0	0	0	0	0	0	0	0	0	0	
0	0	0	0	0	0	0	0	0	0	0	0	0	0	0	0	0	0	0	0	0	0	0	0	0	0	0	0	0	0	0	0	0	0	0	0	0	0	0	0	0	0	0	0	0	0	0	0	8.6991	0	0	0	10.15493	0	0	0	0	0	0	0	0	0	0	0	0	0	0	2.65116	0	0	0	0	0	0	0	0	0	0	0	0	0	0	0	0	0	0	0	0	0	0	0	0	0	0	0	0	0	0	0	0	
0	0	0	0	0	0	0	0	0	0	0	0	0	0	0	0	0	0	0	0	0	0	0	0	0	0	0	0	0	0	11.38975	0	0	0	0	0	0	0	0	2.43333	0	0	0	0	0	0	0	10.18032	0	0	0	0	0	0	0	0	0	6.24458	9.23839	0	7.87747	0	0	12.15732	0	0	0	0	0	0	0	0	0	0	0	0	0	0	0	0	0	0	0	0	0	0	0	0	0	0	0	0	0	0	0	0	0	0	0	0	
0	0	0	0	0	0	0	0	0	0	0	0	0	0	0	0	0	0	0	0	0	0	0	0	0	0	0	0	0	0	0	0	0	0	0	0	0	0	0	0	0	0	0	0	0	0	0	0	0	0	0	0	0	0	3.72319	0	0	0	0	0	0	0	0	0	0	0	0	0	0	0	0	0	0	0	0	0	0	0	0	0	0	0	0	0	0	0	0	0	0	0	0	0	0	0	0	0	0	0	0	0	
0	0	0	0	0	0	0	0	0	0	0	0	0	0	0	0	0	0	0	0	0	0	0	0	0	0	0	0	0	0	0	0	0	0	0	0	0	0	0	0	0	0	13.39065	0	0	0	0	0	0	0	0	0	8.86626	0	0	0	0	0	0	12.13292	0	0	0	0	0	0	0	0	0	0	0	7.01704	0	0	0	0	0	0	0	0	0	0	0	0	0	0	0	0	0	0	0	0	0	0	0	0	0	0	0	0	
0	0	0	0	0	0	0	0	0	0	0	0	0	0	0	0	0	0	0	0	0	0	0	0	0	0	0	0	0	0	0	0	0	0	0	0	0	0	0	0	0	0	0	6.59808	0	0	0	10.88732	0	0	0	8.19106	0	0	0	0	0	0	4.53333	0	0	0	0	0	0	0	0	0	0	0	0	0	0	0	0	0	0	0	0	0	0	0	0	0	0	0	0	0	0	0	0	0	0	0	0	0	0	0	0	0	
0	0	0	0	0	0	0	0	0	0	0	0	0	0	0	0	0	0	0	0	0	0	0	0	0	0	0	0	0	0	0	0	0	0	0	0	0	0	0	0	0	0	9.11097	0	0	0	0	0	0	0	0	0	0	0	0	8.8744	0	0	0	0	0	0	0	0	0	0	0.91096	0	9.70499	0	0	0	0	0	0	0	0	0	0	0	0	0	0	0	0	0	0	0	0	0	0	0	0	0	0	0	0	0	0	0	
0	0	0	0	0	0	0	0	0	0	0	0	0	0	0	0	0	0	0	0	0	0	0	0	0	0	0	0	0	0	0	0	0	0	0	0	0	0	0	0	14.39536	0	0	0	0	0	0	0	0	0	0	0	0	0	0	0	0	0	0	0	0	0	0	0	0	0	0	0	0	0	0	0	0	0	0	0	0	0	0	0	0	0	0	0	0	0	0	0	0	0	0	0	0	0	0	0	0	0	0	0	
0	0	0	0	0	0	0	0	0	0	0	0	0	0	0	0	0	0	0	0	0	0	0	0	0	0	0	0	0	0	0	0	0	0	0	0	0	0	0	0	0	0	0	0	0	0	0	10.7977	0	0	7.76066	0	0	0	0	0	0	0	0	0	0	0	0	0	0	0	0	0	0	0	0	0	0	0	0	0	6.96717	0	0	0	0	0	0	0	0	0	0	0	0	0	0	0	0	0	0	0	0	0	0	0	
0	0	0	0	0	0	0	0	0	0	0	0	0	0	0	0	0	0	0	0	0	0	0	0	0	0	0	0	0	0	0	0	0	0	0	0	0	0	0	0	0	0	0	0	0	0	0	9.41248	0	0	10.07476	9.43834	0	0	0	0	5.45349	0	10.88154	0	9.00867	0	0	0	0	9.29407	0	0	0	0	0	0	0	0	0	0	0	0	0	0	0	0	0	0	0	0	0	0	0	0	0	0	0	0	0	0	0	0	0	0	
0	0	0	0	0	0	0	0	0	0	0	0	0	0	0	0	0	0	0	0	0	0	0	0	0	0	0	0	0	0	0	0	0	0	0	0	0	0	0	0	0	7.59172	0	0	0	0	0	0	0	0	0	0	0	0	0	0	0	0	0	0	0	0	0	0	0	0	0	0	1.86426	0	0	0	0	0	0	0	0	0	0	0	0	0	0	0	0	0	0	0	0	0	0	0	0	0	0	0	0	0	0	0	
0	0	0	0	0	0	0	0	0	0	0	0	0	0	0	0	0	0	0	0	0	0	0	0	0	0	0	0	0	0	0	6.15831	0.91096	0	0	0	0	0	0	0	0	0	0	0	0	0	0	6.7125	0	0	0	0	0	0	0	0	0	0	0	0	0	0	0	4.07426	0	0	0	0.91096	0	0	0	0	0	0	0	0	0	0	0	0	0	0	0	0	0	0	0	0	0	0	0	0	0	0	0	0	0	0	0	0	
0	0	0	0	0	0	0	0	0	0	0	0	0	0	0	0	0	0	0	0	0	0	0	0	0	0	0	0	0	0	0	12.74421	0	0	0	0	0	0	0	0	0	0	0	0	0	0	0	0	0	0	0	0	0	0	0	0	0	0	0	0	0	0	0	0	0	0	0	0	0	0	0	0	0	0	0	0	0	0	0	0	0	0	0	0	0	0	0	0	0	0	0	0	0	0	0	0	0	0	0	0	
0	0	0	0	0	0	0	0	0	0	0	0	0	0	0	0	0	0	0	0	0	0	0	0	0	0	0	0	0	0	0	0	0	0	0	0	0	0	0	0	0	0	0	10.72978	0	0	0	0	0	10.10967	0	0	0	0	9.46014	0	0	0	0	0	0	0	0	0	0	0	0	0	0	0	0	0	0	0	0	0	0	0	0	1.82083	0	0	0	0	0	0	0	0	0	0	0	0	0	0	0	0	0	0	0	0	
0	0	0	0	0	0	0	0	0	0	0	0	0	0	0	0	0	0	0	0	0	0	0	0	0	0	0	0	0	0	0	0	9.80349	0	0	0	0	0	0	0	0	0	0	0	0	0	0	5.46381	0	0	7.09485	0	0	0	0	0	0	0	8.31244	0	0	0	0	0	0	0	0	0	0	0	3.73594	0	0	0	0	0	0	0	0	0	0	0	0	0	0	5.37428	0	0	0	0	0	0	0	0	0	0	0	0	0	0	
0	0	0	0	0	0	0	0	0	0	0	0	0	0	0	0	0	0	0	0	0	0	0	0	0	0	0	0	0	0	0	0	0	0	0	0	0	0	0	11.85397	0	0	0	0	15.68156	0	4.524	0	0	0	0	0	0	0	0	0	0	0	0	0	0	0	0	0	0	0	0	0	0	0	0	0	0	0	0	0	0	0	0	0	0	0	0	0	0	0	0	0	0	0	0	0	0	0	0	0	0	0	0	0	
0	0	0	0	0	0	0	0	0	0	0	0	0	0	0	0	0	0	0	0	0	0	0	0	0	0	0	0	0	0	0	0	0	0	0	10.67723	0	0	0	0	0	0	0	0	0	0	0	10.32198	0	0	0	0	0	8.45039	0	0	0	0	0	0	11.52216	0	0	0	0	0	0	0	0	0	0	0	0	0	0	0	0	0	0	0	0	0	0	0	0	0	0	0	0	0	0	0	0	0	3.73594	0	0	0	0	0	
0	0	0	0	0	0	0	0	0	0	0	0	0	0	0	0	0	0	0	0	0	0	0	0	0	0	0	0	0	0	0	0	0	0	0	0	0	0	0	0	0	13.23865	0	0	0	0	0	0	0	0	0	0	0	0	0	0	0	0	0	0	0	0	0	0	0	0	0	2.65116	0	0	0	9.34573	0	0	0	0	0	0	0	0	0	0	0	0	0	0	0	0	0	0	0	0	0	0	0	0	0	0	0	0	
0	0	0	0	0	0	0	0	0	0	0	0	0	0	0	0	0	0	0	0	0	0	0	0	0	0	0	0	0	0	0	0	0	0	0	0	0	0	0	0	7.94602	0	0	0	10.73947	0	0	3.99841	0	0	7.56514	10.63313	0	0	0	11.91378	0	0	6.65065	0	8.12044	0	0	0	0	0	0	0	0.91096	0	0	0	0	0	0	0	0	0	0	0	0	0	0	0	0	0	0	0	0	0	0	0	0	0	0	0	0	0	0	0	
0	0	0	0	0	0	0	0	0	0	0	0	0	0	0	0	0	0	0	0	0	0	0	0	0	0	0	0	0	0	0	0	0	0	0	0	0	0	0	0	0	0	0	0	13.54397	0	0	0	0	2.43333	0	0	8.36346	0	0	0	0	6.9155	0	0	0	7.16597	0	0	0	0	0	0	0	0	0	0	0	0	0	0	0	0	0	0	0	0	0	0	0	0	0	0	0	0	0	0	0	0	0	0	0	0	0	0	
0	0	0	0	0	0	0	0	0	0	0	0	0	0	0	0	0	0	0	0	0	0	0	0	0	0	0	0	0	0	0	0	0	0	0	0	0	0	0	0	0	0	0	10.83085	0	0	11.03044	0	0	0	8.81923	0	0	0	0	0	0	0	0	4.82215	0	0	0	0	8.64302	0	0	2.43333	0	0	0	0	9.07375	0	0	0	3.15745	0	0	0	0	0	0	0	0	0	0	0	0	0	0	0	0	0	0	0	0	0	0	0	
0	0	0	0	0	0	0	0	0	0	0	0	0	0	0	0	0	0	0	0	0	0	0	0	0	0	0	0	0	0	0	0	0	0	0	0	0	0	0	0	0	0	0	0	0	1.46498	0	10.23719	0	0	0	9.02075	7.26837	0	0	5.62689	0	0	0	0	0	0	0	0	0	0	0	8.25954	0	0	0	0	0	11.04253	0	0	0	0	0	0	0	0	0	0	0	0	0	0	0	0	0	0	0	0	0	0	0	0	0	0	
0	0	0	0	0	0	0	0	0	0	0	0	0	0	0	0	0	0	0	0	0	0	0	0	0	0	0	0	0	0	0	0	0	0	0	0	0	14.24506	0	0	0	0	0	0	0	0	0	0	8.25539	0	0	6.36711	0	0	4.28436	0	13.17937	0	0	1.46498	0	0	0	0	0	0	0	0	0	0	0	0	0	0	5.73129	0	0	0	0	0	0	0	0	0	0	0	0	0	0	0	0	0	0	0	0	0	0	0	0	0	
0	0	0	0	0	0	0	0	0	0	0	0	0	0	0	0	0	0	0	0	0	0	0	0	0	0	0	0	0	0	0	0	0	0	0	0	0	0	0	0	0	0	13.56833	0	0	10.50353	0	12.45304	0	0	6.15831	0	11.06464	0	9.24677	0	0	0	0	0	0	0	0	7.0072	0	0	0	4.40915	0	0	10.85916	0	0	0	0	0	0	0	6.29397	0	0	0	0	0	0	0	0	0	0	0	0	0	0	0	0	0	0	0	0	0	
0	0	0	0	0	0	0	0	0	0	0	0	0	0	0	0	0	0	0	0	0	0	0	0	0	0	0	0	0	0	0	0	0	0	0	0	0	0	0	0	0	0	0	0	0	0	0	6.57274	8.95338	0	0	10.1527	0	0	0	0	0	0	0	0	0	0	0	0	1.86426	0	0	0	0	0	0	0	0	0	0	0	0	0	0	0	0	0	0	0	0	0	0	0	0	0	10.89228	0	0	0	0	0	0	0	0	0	
0	0	0	0	0	0	0	0	0	0	0	0	0	0	0	0	0	0	0	0	0	0	0	0	0	0	0	0	0	0	0	0	0	0	0	0	0	0	0	0	0	0	0	0	0	0	0	12.33546	0	0	0	0	7.2518	0.91096	0	0	0	0	13.30914	12.63205	0	0	0	0	0	0	0	0	0	0	0	0	0	0	0	0	0	0	0	0	0	0	0	0	0	0	0	0	0	0	0	0	0	0	0	0	0	0	5.03078	0	
0	0	0	0	0	0	0	0	0	0	0	0	0	0	0	0	0	0	0	0	0	0	0	0	0	0	0	0	0	0	0	0	0	0	0	0	0	0	0	0	0	0	6.98732	0	0	0	0	0	0	8.13175	0	8.62705	0	6.06654	0	0	0	0	0	0	0	0	0	0	12.52321	0	0	0	0	0	0	0	0	0	0	0	16.28636	0	0	0	0	0	0	0	0	0	0	0	0	0	0	0	0	0	0	0	0	0	0	0	
0	0	0	0	0	0	0	0	0	0	0	0	11.85432	0	0	0	0	0	0	0	0	0	0	0	0	0	0	0	0	0	8.26368	0	0	0	0	0	0	0	0	0	0	0	10.1154	0	0	0	0	7.20092	0	0	13.58113	0	0	6.9155	11.53805	0	8.21847	0	0	0	0	0	0	7.37932	7.09343	7.50349	0	0	0	0	0	0	0	0	0	0	0	0	0	0	0	0	0	0	0	0	0	0	0	0	0	0	0	0	0	0	0	0	0	0	
0	0	0	0	0	0	0	0	0	0	0	0	0	0	0	0	0	0	0	0	0	0	0	0	0	0	0	0	0	0	0	0	0	0	0	0	0	0	0	0	0	0	0	0	0	11.77855	2.17667	0	2.43333	12.17225	0	7.67505	6.0396	0	7.69951	5.94748	0	0	0	0	11.15318	0	0	0	0	0	0	0	0	5.26325	0	0	0	0	0	0	3.74	0	0	0	0	0	0	0	0	0	0	0	0	0	0	0	0	0	0	0	0	0	0	0	
0	0	0	0	0	0	0	0	0	0	0	0	0	0	0	7.71168	0	0	0	0	0	0	0	0	0	0	0	0	0	0	0	0	0	0	0	3.15745	10.30702	0	0	0	0	0	0	4.82215	0	10.48504	6.6929	8.30442	3.91499	7.87206	0	0	3.15745	0	12.47137	0	0	0	0	7.0841	0	8.77643	0	4.21767	0	6.44737	0	0	11.79515	0	9.93386	0	0	0	0	10.53929	0	4.68077	0	4.14775	0	0	0	0	0	0	0	0	0	0	5.57455	0	0	0	0	0	0	0	0	0	
0	0	0	0	0	0	0	0	0	0	0	0	0	0	0	0	0	0	0	0	0	0	0	0	0	0	11.70293	0	0	0	0	5.14286	0	0	4.46772	0	0	0	0	0	11.74564	0	0	0	0	0	0	0	9.73315	0	0.91096	8.81923	8.33227	0	10.51225	0	7.0841	0	2.19065	0	1.97823	6.79487	0	0	0	6.94672	0	0	0	0	0	0	0	9.05953	0	0	0	0	0	0	0	0	0	0	0	0	0	0	0	0	0	0	0	0	0	0	3.73594	0	0	0	
0	0	0	0	0	0	0	0	0	0	0	0	0	0	0	0	0	0	0	12.30366	0	0	0	0	0	0	0	0	0	0	0	0	0	0	0	0	0	0	0	0	0	0	0	13.44251	0	0	12.13151	13.23483	10.15604	0	9.18702	7.48671	11.13861	0	0	0	14.15506	0	0	8.35728	6.63018	0	0	11.56764	0	7.13919	0	4.3481	0	0	0	0	0	0	0	0	0	0	0	0	0	0	0	0	0	0	0	0	0	0	8.84576	0	0	0	0	0	0	0	0	0	
0	0	0	0	0	0	0	0	0	0	0	0	6.87279	0	0	0	0	0	0	10.45731	0	0	0	0	0	0	0	0	0	0	0	0	0	6.6721	0	0	0	0	0	0	0	8.00159	12.43743	0	9.33608	0	0	2.31625	10.76596	0	0.91096	7.89701	7.73948	6.74578	8.69329	6.81757	5.60761	4.3526	6.8214	0	0	0	0	0	4.86636	0	0	0	0	0	0	0	0	0	0	0	0	0	7.90422	0	0	0	0	0	0	0	0	0	0	0	0	0	0	0	0	0	0	0	0	0	
0	0	0	0	0	0	0	0	0	0	0	0	0	0	0	0	0	0	0	0	0	0	0	14.5645	0	0	0	0	0	0	0	0	0	0	0	0	0	0	10.63313	0	0	0	8.2025	9.57115	17.44085	0	10.72779	6.85374	0	7.42843	7.75348	6.64185	0	0	0	0	0	8.43384	14.88532	11.27143	11.77681	0	0	0	6.66323	0	0	0	0	0	0	0	0	0	0	0	0	0	0	0	0	0	0	0	0	0	0	0	0	0	0	0	0	0	0	0	0	0	0	0	
0	0	6.95698	0	0	0	0	0	0	0	0	0	0	0	0	0	0	0	0	0	0	0	0	0	0	0	0	0	0	0	0	0	0	0	0	0	0	0	0	0	9.74503	0	0	0	0	10.30602	0	5.71086	9.44017	11.3811	0	9.68507	10.93052	9.18315	0	9.06666	0	0	11.7564	8.61089	6.5987	0	6.78339	8.48894	0	0	0	0	0	0	0	6.38105	0	0	0	0	0	0	0	0	0	0	0	0	0	0	0	0	0	0	0	0	0	0	0	0	0	0	0	0	
0	0	0	0	0	0	0	0	0	0	0	8.06935	0	0	0	0	0	0	0	0	0	0	0	0	0	0	0	0	0	0	0	0	7.91479	0	0	0	0	8.33708	11.40765	3.99682	3.63734	6.58602	0	0	12.26959	7.54398	12.12425	5.83001	10.89073	0	10.45097	0	2.03421	3.75814	0	10.16646	5.74321	8.08432	0	0	0	0	0	0	0	0	0	7.98163	0	0	0	0	2.84036	0	0	3.63734	0	0	10.00603	0	0	0	0	0	0	0	0	0	0	0	0	0	0	0	0	8.82271	0	0	0	0	
0	0	0	0	0	0	0	0	0	0	0	0	0	0	0	0	0	0	0	0	0	0	0	0	0	0	0	0	0	0	0	0	0	0	3.15745	8.87365	0	0	0	2.84036	0	12.81905	0	9.75727	13.89212	10.2784	7.37611	7.59326	7.26857	10.82911	10.77957	10.10967	0	8.3472	0	0	6.83632	0	0	5.25967	7.55842	0	1.86426	0	0	0	0	0	0	0	0	0	0	0	0	0	0	0	0.91096	0	0	0	0	0	0	0	0	9.32608	0	0	0	0	0	0	0	0	0	0	0	0	
0	0	0	0	0	0	0	0	8.88518	0	8.70519	0	0	0	0	0	0	0	0	0	0	0	0	0	0	0	8.85258	0	0	0	0	0	0	0	0	10.94025	0	9.89437	11.97406	0	9.83642	8.40151	0	10.72303	0	11.23008	9.40799	7.79074	9.38443	8.87629	0	7.52946	0	0	0	0	7.55095	4.21767	0	0	0	0	2.17667	0	0	0	11.3288	0	0	0	0	0	0	0	0	0	0	0	0	0	0	0	0	0	0	0	0	0	0	0	0	0	0	0.91096	0	0	0	0	0	0	
0	0	0	0	0	0	0	0	0	0	0	9.95448	0	0	10.469	0	0	0	0	0	0	0	0	0	0	0	0	0	0	0	0	11.20789	0	0	5.17837	0	11.23396	0	0	11.22785	0.91096	0	9.70601	10.51808	10.86519	7.8592	11.2476	9.66663	2.07388	11.98892	6.36035	10.42505	9.95064	8.40283	0	3.73594	9.56821	0	0	8.70519	12.18921	5.05717	0	7.64345	0	0	0	0	0	0	0	0	0	0	0	6.05898	0	0	0	0	0	0	0	7.52433	0	0	0	0	0	0	0	0	0	0	0	0	0	0	0	0	
0	0	0	0	0	0	0	0	0	0	0	0	12.00095	0	0	0	0	0	0	0	0	0	0	0	0	0	0	0	0	10.23087	0	0	7.48942	0	1.46498	0	12.31193	0	13.59146	11.33967	11.01401	8.60764	10.49592	6.09655	8.27888	4.61208	10.1579	10.6099	3.63734	9.00664	9.4714	10.03416	10.1336	5.28933	4.77033	10.95656	8.28399	0	0	7.13919	6.94672	0	0	0	0	0	0	0	0	0	0	0	0	10.69592	0	0	0	0	0	0	10.12038	0	0	0	0	0	0	0	0	0	0	0	0	0	0	0	0	0	0	0	
0	0	0	0	0	0	0	12.35789	0	0	0	11.01395	0	0	0	0	0	0	0	0	0	0	0	0	0	0	0	9.39561	0	0	7.72974	0	11.59581	0	0	0	8.69604	8.34795	9.30841	9.88217	9.68386	4.26586	0	10.49354	9.60321	10.20623	9.05703	9.39286	10.82273	10.19909	4.59257	9.66402	8.11555	8.8798	6.78828	6.30746	9.35933	4.57921	2.60651	8.95338	5.84744	12.48274	5.62689	0	9.93386	0	0	0	0	0	0	0	0	9.91688	0	0	0	0	0	0	0	0	0	0	0	0	0	0	0	0	0	0	0	0	0	0	0	0	0	0	
9.28799	0	0	0	0	0	0	0	7.56138	0	0	0	8.05031	0	0	0	0	0	0	0	0	0	0	0	12.31392	0	0	9.10175	0	0	0	0	11.25905	0	9.84239	9.16728	0	7.50349	10.48216	7.29764	6.55934	8.98603	6.18921	9.86308	11.72239	9.44043	8.39709	9.36334	5.56625	3.76057	9.79775	6.3994	6.91775	4.68177	11.00137	9.47815	8.70519	3.31898	0	11.65814	0	2.65116	0	5.26786	0	6.19344	0	0	0	0	0	0	0	0	0	0	0	0	0	0	0	0	4.22406	0	0	15.2973	0	0	0	0	0	0	0	0	0	0	0	0	0	0	
0	0	0	10.70488	0	0	0	0	0	0	0	0	0	0	0	0	0	0	7.1571	0	0	10.74614	0	0.91096	11.37197	4.28436	0	0	10.68496	11.09978	12.44235	0	10.56686	0	0	0.91096	0	9.15833	11.6385	9.56198	8.06973	5.67204	9.82651	9.65862	9.51805	9.97322	8.29875	8.31921	9.76095	6.54167	9.12813	6.22269	9.55974	6.15199	4.41527	8.27126	0	1.50381	4.0625	8.09509	0	0	10.57104	0	0	0	0	0	0	4.82215	0	0	6.95698	0	3.53149	8.89054	9.46733	2.58496	0	0	0	0	0	0	0	0	0	0	0	0	0	0	0	0	0	0	0	0	0	0	
8.43492	0	0	0	10.9102	7.96012	0	0	0	0	0	0	0	0	0	0	0	8.25123	0	0	0	0	0	0	9.64756	0	9.7104	7.12794	0	12.16812	10.78032	0	0	0	11.81115	7.26837	6.68291	11.12807	12.43995	10.57338	8.10434	9.47735	11.23972	9.93718	8.3544	8.71231	9.86475	9.0209	7.23722	10.18226	4.07407	10.58877	13.88835	7.21963	8.51936	8.51086	7.96613	3.21691	6.51192	10.42623	10.09232	0	5.3435	7.16597	11.50653	10.25808	8.26326	0	0	0	0	0	0	0	5.03078	0	0	0	0	0	0	0	0	0	0	0	0	0	0	0	0	0	0	0	0	0	0	0	0	0	
0	0	0	0	0	0	0	0	7.46806	0	7.41696	0	0	0	0	0	7.30095	14.42822	9.97356	6.82879	9.45472	7.14365	0	0	0	13.218	0	9.04037	5.87998	10.95951	0	10.45641	12.17032	6.90777	10.51611	11.22955	7.22932	7.28228	10.83527	10.23975	9.7876	9.09029	4.92134	8.76819	9.73058	8.40589	8.49304	8.70999	8.68408	6.89376	8.54343	10.18648	6.5009	8.41992	4.38574	6.64861	4.87501	9.24886	0	9.76752	4.89245	9.62039	6.64068	0	7.31693	9.01113	3.00761	0	0	0	0	5.702	0	0	6.88359	0	0	0	9.87015	0	0	0	0	0	0	8.43859	0	0	0	0	0	0	0	0	0	2.65116	0	0	0	0	
0	10.33089	0	0	3.99682	10.77324	0	0	0	0	0	0	0	0	6.32599	11.05631	0	10.54237	8.72356	0	4.82215	0	2.17667	0	0	0	0	0	10.92014	10.36788	7.80086	0	10.65456	4.67391	10.022	7.64108	9.52968	8.04544	8.47659	9.15989	8.84002	7.37228	8.52611	8.41769	8.97868	7.09832	9.12169	9.97648	8.51113	8.64849	6.54561	8.06106	7.2091	5.63235	7.5897	6.98624	3.63734	6.28216	8.29383	4.2838	0	8.65567	0	10.71701	10.21697	3.99682	4.46841	15.76817	0	0	0	0	0	0	0	5.3748	0	0	0	0	8.30969	0	0	0	0	0	0	0	0	0	0	0	0	0	0	0	0	0	0	0	
0	9.8715	6.9973	0	7.80622	0	0	0	0	0	5.88505	0	0	0	7.84469	12.46645	0	7.67486	0	0	5.14286	5.06912	7.97969	8.28011	8.52387	9.32608	0	5.46813	9.71106	7.48164	11.5764	10.43179	9.52781	11.5737	11.35767	5.0508	8.52826	8.87016	7.44986	8.82085	7.63687	7.9146	7.40469	7.00221	8.16842	6.46443	8.16369	7.66679	9.08976	7.9263	7.37431	7.59368	8.29981	7.31215	7.04002	5.83794	7.52962	3.90455	6.19332	7.07471	0	5.34425	9.59951	9.01204	2.45463	0	2.43333	0	0	0	0	3.82825	0	11.98381	8.17858	0	5.65237	0	0	0	0	0	0	4.9193	0	1.50381	0	0	0	0	0	0	0	0	0	0	0	0	0	0	
0	0	0	0	0	0	0	0	7.20952	0	8.11587	12.43147	0	0	0	0	0	0	10.16602	0	2.17667	0	0	0	0	10.64745	9.81011	0	3.41726	10.69419	6.90239	7.79981	7.48942	8.60713	8.71434	10.88164	7.3978	7.70755	8.79339	8.44293	6.52878	7.13505	8.37937	7.48321	8.44133	7.30932	6.67956	7.68861	9.01228	8.74881	8.46133	8.27272	7.14253	6.89609	7.40751	8.35406	8.52978	7.06593	9.03553	8.02569	8.92822	5.61833	5.8634	6.07965	0	7.16177	0	8.22351	0	0	0	0	0	0	0	0	0	0	0	0	0	4.82215	0	0	0	0	0	5.79878	3.91499	4.72945	0	0	0	0	0	0	0	0	0	0	
0	0	0	0	0	0	0	0	8.09279	9.62361	0	3.29319	0	11.54784	0	0	0	0.91096	8.03586	3.71386	0	0	0.91096	8.4979	7.22658	5.65237	2.43333	9.24787	3.79334	9.68077	0	6.12776	5.22139	4.58954	5.0224	8.36763	7.75744	5.86387	9.28171	5.69194	6.99386	8.30892	7.83825	10.24363	6.34024	8.00457	7.13347	8.56637	6.61097	8.29125	7.91133	6.47802	7.95311	5.24877	7.52001	7.93842	6.21865	12.61608	6.80627	5.18427	6.99561	7.14511	8.34662	4.28436	1.6466	8.99595	9.34378	0	0	0	0	0	0	5.52025	8.53418	0	0	0	13.7603	0	0	0	0	0	0	0	0	0	6.17598	0	2.84036	0	0	0	0	0	0	0	0	0	
0	0	7.75348	9.55172	0	2.17667	0	2.17667	2.17667	0	0	0	0	0	0	0	0	8.03961	0	0	0	0	0	10.76377	0	8.57138	0	9.96149	6.34173	7.58264	0	7.03389	0	8.01638	5.70553	9.19684	8.01309	5.78352	3.03898	8.81188	7.37252	8.43576	5.66896	7.85603	8.10929	9.18205	6.09301	9.50665	7.98535	7.56363	6.73681	7.67395	8.24634	7.51188	8.15744	6.15128	7.46646	7.27188	7.17001	7.65038	11.29941	8.33352	3.42548	10.40862	2.91867	0	0	6.21546	4.90926	4.524	4.20585	0	5.34386	0	1.21667	0	5.72496	0	0	0	0	0	5.34937	0	0	0	0	0	0	0	0	0	0	0	0	0	0	0	0	0	
0	0	0	0	0	0	0	0	1.46498	0	8.81078	5.31224	8.33822	0	11.79908	0	0	8.54101	0	4.82215	0	0	0	0	0	0	5.74999	5.17837	7.62737	0	8.94309	8.40903	7.43803	6.48741	5.65126	9.6503	8.01312	7.7794	7.0207	7.96482	8.4571	5.46839	4.57112	7.41689	6.56381	8.81284	5.77584	6.0424	6.88423	6.52014	6.29124	9.40635	9.63452	6.84744	6.81	7.20106	5.61311	7.00165	9.28484	5.74027	6.51573	4.99994	5.06621	7.75141	0	5.00715	6.50444	2.27415	0	0	8.58467	0	6.15917	0.45548	0	11.15763	0	0	0	0	0	0	0	0	0	0	0	0	6.37617	0	0	0	0	0	0	0	0	0	0	0	
0	0	0	0	0	0	0	0	0	9.90501	0	0	10.57936	0	0	0	0	0	0	0	0	0	0	9.19348	0	0	6.60352	0	0	5.01843	6.44119	0	0	5.73269	9.95192	8.34405	3.91499	0	0	8.56133	3.9807	11.46939	4.89202	5.70605	9.42154	8.40918	7.74495	5.971	9.01389	7.33404	6.28397	7.57016	6.66596	6.82964	6.67825	6.87137	7.01029	6.861	3.92164	5.18634	6.26223	6.49446	2.89018	6.94852	6.28293	4.7879	6.67571	9.24468	6.82321	0	0	9.16285	0	5.34386	0	0	7.89358	0	0	0	0	0	0	0	11.3601	0	0	0.91096	0	0	0	6.86192	0	0	0	0	8.7851	0	0	0	
0	0	0	0	0	0	0	0	0	0	0	11.31794	0	0	0	0	0	4.69774	12.16259	0	0	0	0	0	0	0	0	5.65237	0	0	0	0	5.52149	6.59284	4.85821	0	3.36826	8.31277	0.73249	3.07431	7.97989	9.66489	7.06902	2.851	0	9.77425	5.39889	4.58228	8.0051	5.86216	7.72422	10.44021	7.16759	4.61786	6.712	5.94385	6.16671	7.44675	6.63979	7.05216	5.31607	4.86714	0	4.86586	8.38803	0	6.42202	6.37271	9.13376	7.31087	0	0	0	2.17667	0	9.8917	0	8.75013	0	0	0	6.89048	0	0	0	0	0	0	0	0	0	0	0	0	0	0	0	0	0	0	
0	0	0	0	6.40939	0	0	0	0	0	9.9786	0	4.07426	0	0	9.11556	0	0	7.63708	0	6.82544	7.19226	0	0	0	6.38796	5.65237	0	0	4.66185	0	7.27776	8.75895	0	0	7.14817	10.30602	9.20865	12.82326	8.68366	5.19795	10.00726	6.03733	8.196	4.81865	6.36428	12.44997	4.67237	8.16954	8.65778	9.34729	4.77879	7.7187	7.34322	5.66301	7.39489	5.89011	7.23409	4.30894	8.16754	5.56405	7.64604	5.45338	4.41761	7.5335	0	7.80158	9.2949	0	0	10.07309	8.27192	7.27553	9.62922	7.39738	0	4.6103	0	0	0	5.7734	0	0	3.00761	0	1.46498	0	0	0	0.91096	0	0	0	0	0	0	0	0	0	0	
0	0	0	0	0	0	0	0	0	0	0	7.85021	0.73249	0	0	10.98792	0	0	0	2.84036	3.73594	0	0.91096	0	0	0	0	0	0	4.03231	2.43333	4.79436	0	0	0	9.35546	0	0	0	1.46498	2.56149	3.59746	3.66085	5.77248	6.98681	3.28758	4.92105	6.13269	6.16391	7.11953	0	0	8.10283	10.25308	2.43333	5.73073	7.18126	6.36775	5.77912	6.02329	8.55425	5.24607	8.9501	6.71877	4.73212	5.96751	9.09712	7.80262	5.3748	8.39629	0	5.97093	8.15399	9.54928	9.3241	0	2.17667	0	5.40508	0	0	0	0	0	0	0	0	0	0	0	0	0	0	0	0	0	0	0	0	0	
0	0	0	6.31007	0	0	0	0	0	0	0	0	0	0	0	0	0.91096	0	0	0	0	0	4.77655	0	0	0	7.42372	6.05723	7.8557	7.0841	0	0	0	0	0	12.35953	0	0	4.28436	0	3.89002	0	0	0	3.96342	9.52708	8.43911	6.10395	6.35933	5.52147	6.20041	5.70127	7.78733	8.33057	5.77352	7.77327	8.60799	5.41914	6.56879	7.27641	7.58934	7.27213	7.88877	8.49482	6.98743	8.4473	6.00834	6.90494	8.58701	8.41035	3.13456	8.82308	5.56274	2.02846	5.58621	0	11.01395	0	4.64499	10.11311	0.91096	5.46381	8.69297	0	0	0	0	0	0	0	0	0	0	0	0	0	0	6.63795	0	9.44382	
0	0	7.86199	0	0	0	0	0	0	0	0	0	0	0	0	0	0	0	0	0	5.49231	0	0	0	0	8.59456	0	7.86238	0	9.3241	0	10.08766	9.21507	0	4.28436	0	0	6.00756	6.55565	0	8.15649	0	0	6.84088	11.52776	8.38261	0	3.09722	9.51498	5.58428	9.17742	8.35572	8.00882	7.81664	6.01075	7.89137	0	5.62902	6.70673	6.69448	2.30248	6.1677	5.55413	1.62396	3.97657	7.78964	4.87425	0	7.60077	4.51656	5.07397	7.57427	5.63437	7.51169	1.86426	0	5.33943	0	1.44481	7.23504	0	4.53232	0	0	0	0	0	0	5.04663	0	0	0	0	0	0	0	5.702	0	0	0	
0	0	0	0	2.17667	0	0	0	0	0	0	0	10.1016	0	0	0	0	0	0	0	4.3481	0.91096	0	0	0	0	0	6.48373	0	0	0	0	10.13925	0	0	0	9.05238	0	0.91096	7.6561	0	0	4.02276	0.91096	6.43275	0	4.25075	2.43333	2.84036	4.49319	8.55796	4.15288	7.96139	4.51155	8.18049	0.93213	0	5.96805	3.85783	0.73249	7.00158	6.99174	7.09101	5.2508	5.79877	7.674	6.96296	2.06352	5.91005	6.58451	6.02364	0	0	9.63144	0	9.95359	8.73324	6.21095	0	0	0	0	0	0	5.52025	5.17837	0	0	0	0	0	0	0	0	0	0	8.45315	0	0	0	
0	0	0	0	0	0	0	0	5.54765	0	0	0	1.29942	0	0	0	9.06429	0.91096	2.43333	0	0	0	0	0	9.03508	0	0	0	0	0	0	0	0	0	7.02682	7.98664	0	8.38261	0	0	0	0	7.89358	12.09801	0	8.37639	8.24287	6.68808	0	2.65612	0	9.34963	10.33187	8.26776	0	5.21302	0	6.18564	0	5.91322	7.75082	0	6.18284	6.92598	4.3605	5.5653	7.02177	5.49553	11.10786	5.63269	8.1739	1.50381	6.1374	7.68107	7.48047	2.43318	8.33771	7.40951	0	0	8.45677	11.74941	9.2512	0	4.85955	0	6.29397	10.1268	4.07426	0	8.13126	0	0	10.0446	0	0	0	0	0	0	
0	0	0	0	0	0	0	0	0	0	0	0	0	0	0	0	0	0	0	0	5.98274	0	0	0	0	0	0	0	0	5.03078	0	0	0	0	2.17667	0	0	0	0	0	10.16933	0	7.51742	8.72933	3.67487	0	0	0.91096	4.82215	4.89393	9.13827	0	0	3.12077	1.40138	5.45358	0	0	4.93796	8.7301	9.19571	5.28473	2.20458	6.66665	6.85049	7.3726	6.41226	4.34241	4.74946	5.36667	9.29606	6.75191	4.72559	4.68102	4.28656	0	2.52936	0	2.03421	0	0	0	0.91096	0	0	0	7.22722	0	0	0	0	0	0	0	0	0	0	0	0	0	
0	0	0	0	8.12044	0	0	0	0	0	0	2.65116	0	3.15745	0	0	0	0	0	0	0	0	0	0	0	0	0	0	0	0	0	0	0	0	0	0	0	0	0	7.37794	0	0	4.28436	0	5.08429	0	0.93213	4.46772	0	0	6.15831	0	0	0	10.2797	0	0	0	0	6.1223	6.694	5.16356	6.0106	6.9355	6.37116	0	1.50381	3.93951	10.18006	5.3437	7.34501	8.90535	8.59824	4.38066	0	0	5.17333	3.29319	5.75706	5.10646	3.41726	6.32599	3.00761	0	0	0	4.57817	10.26324	0	5.48687	0	0	0	0	11.05452	0	0	0	0	0	
0	0	0	0	0	0	0	0	0	0	0	0	0	0	0	0	0	5.93484	0	0	0	8.02127	7.38692	0	0	0	10.05699	0	0	0	0	0	0	4.57901	7.48681	0	0	0	0	0	0	0	0	0	0	0	0	0	0	0	0.91096	0	0	0	0	9.21979	8.73978	9.21872	3.00761	6.67571	0	4.95361	3.44113	0	8.50943	6.5354	5.17098	6.87101	5.00148	2.94253	7.12379	5.51069	5.50104	4.8408	9.55689	6.37764	6.96491	0	7.98163	7.88841	0	0	8.55539	0	4.82215	9.07268	0	2.84036	0	9.55164	0	0	0	0	0	0	8.74712	0	0	0	
0	0	0	0	0	0	0	0	5.80502	0	0	0	0	0	0	0	0	0	0	0	0	0	0	0	0	0	0	0	0	9.85788	0	0	0	0	0	0	0	0	0	10.37631	0	0	0	0	0	4.40915	0	3.15745	6.63795	0	0	8.12954	0	0	0	0	0	0	7.90388	0	9.223	0	8.73657	8.72482	9.28768	6.25203	4.74318	0	0	5.48213	7.71128	1.46498	8.03633	8.61484	7.37808	10.69173	2.43318	0	0	8.64926	5.49803	7.24402	10.81049	7.34466	8.05671	0	0	0	0	0	3.63734	0	9.14895	0	0	0	0	0	0	0	
0	0	0	0	0	0	0	0	0	0	0	0	0	7.23504	0	0	0	0	0	2.43333	0	0	0	0	0	3.04701	0	0	0	0	0	0	0	0	8.06935	0	0	6.18368	0	0	9.67267	0	1.86426	9.11784	0	0	0	0	0	0	2.43333	5.03078	0	0	6.86192	0	0	0	0	5.87333	4.36857	0	5.3161	8.68064	6.47619	3.79131	8.3671	7.26837	0	4.54037	7.16268	0	6.02768	5.94233	8.02127	8.29619	4.21419	5.43872	6.38968	4.12867	0	6.58954	6.29397	4.2671	4.31514	0	0	5.21302	2.9213	0	7.13919	0	0	6.17598	0	0	0	0	4.83496	0	
0	0	0	0	0	0	0	10.85505	0	0	0	0	0	0	0	0	0	0	0	0	0	0	5.06912	0	0	0	0	0	7.20952	0	0	0	0	0	8.52602	0	0	0	0	0	0	0.93213	0	0	0	0	4.3996	0	0	0	0	0	7.93568	0	0	0	6.27211	2.84036	0	4.72794	6.43301	0	0	5.9125	0	0.91096	0	7.71792	6.44945	10.01342	8.78161	6.51306	7.51742	4.17586	9.0062	6.77925	5.5938	0	5.75616	6.43373	7.73299	7.07283	4.93345	0	4.58093	0	0	2.68934	0	0	8.42017	7.57236	0	0	0	0	8.54782	0	0	0	
0	0	0	0	0	0	0	0	0	0	0	0	0	0	0	0	0	0	0	0	0	0	0	0	0	0	0	0	0	0	0	0	0	0	0	0	0	5.53881	0	0	0	0	0	0	0	0	0	0	0	10.29494	0	3.51262	0	3.24246	0	0	3.82825	6.39856	2.84036	0	7.20952	0	8.82485	12.32807	7.77102	5.24932	0	0	8.31004	6.43843	0	3.15745	5.37135	9.3926	7.1153	7.51573	0	2.88364	4.15674	8.0545	2.73937	8.43859	2.17667	0	0	0	3.75543	0	0	0	0	0	6.6198	8.57695	10.39548	0	0	0	0	0	
0	0	0	0	0	0	0	6.37271	0	0	0	0	0	0	0	0	0	0	0	0	0	0	0	0	0	0	0	0	0	0	0	0	0	0	0	0	0	3.9164	0	3.73594	0	0	0	0	0	0	0	0	0	0	3.16426	0	0	8.66821	8.66493	0	0	6.52706	9.40313	9.3728	0	1.46498	0	7.99159	7.93546	10.08532	0	0	7.41552	5.00365	7.54059	3.89733	4.88943	6.09243	4.3481	7.27018	4.80513	0	7.92318	5.98265	5.96174	10.92857	3.54347	2.93094	4.87163	0	0	0.30365	0	0	5.27992	0	0	0	0	1.6638	0	0	0	0	
0	0	0	0	0	0	0	0	0	0	0	0	0	0	0	0	0	0	0	0	0	0	0	0	0	10.74761	0	0	0	0	0	0	0	0	0	0	0	10.79556	0	0	0	0	0	0	8.74125	0	0	0	7.30095	0	0	0	0	0	0	1.86426	0	0	0	0	0	0	6.94325	0	0	4.78455	4.99628	4.20094	0	7.45089	2.305	0	5.6756	0	8.05509	5.31198	4.524	5.84221	6.25424	4.58638	5.13386	0	5.37472	0	7.66864	6.16642	0	0	0	0	7.34066	0	0	0	0	0	0	4.524	0	0	
0	0	0	0	0	0	0	0	0	0	0	0	4.9914	0	0	0	0	0	0	0	0	0	0	0	0	0	0	0	0	0	0	0	0	0	0	0	0	0	0	0	0	0	0	0	0	0	0	8.68682	0	0	1.46498	0	9.18266	0	0	0	0	0	0	3.62288	0	0	0	3.87549	3.99682	11.82276	9.76416	0	9.78346	0	0	9.55098	0	0	0	6.02928	5.48718	8.461	9.22251	4.10726	0	5.75846	4.85322	4.94904	4.81937	3.18636	8.09947	6.76015	7.46806	0	0	0	0	4.86636	0	0	0	0	0	0	
0	0	0	0	0	0	0	0	0	0	0	0	0	0	0	0	0	0	0	0	0	0	0	0	0	0	0	0	0	0	0	0	9.31216	0	0	0	0	0	0	0	5.9274	0	0	0	0	0	0	0	0	0	0	0	0	0	0	0	5.2081	0	0	0	8.32655	0	0	3.19345	0	4.72945	0	0	5.2037	0	0	0	9.87015	0	0	4.57817	0	0	4.66182	9.08445	5.79435	7.34066	10.0546	0	1.46498	0	0	0	0	0	6.02839	6.4519	4.37301	0	0	0	0	0	0	0	
0	0	0	0	0	0	0	1.17555	0	0	0	0	0	0	0	0	0	0	0	0	0	0	0	0	0	0	0	9.42916	0	0	0	0	0	0	0	0	0	0	0	0	0	0	0	0	0	0	0	0	0	0	0	0	0	0	0	0	0	0	0	0	0	0	0	0	0	0	0	0	0	0	2.63996	3.24706	6.78908	0.91096	0	9.88902	4.86636	0	9.14321	5.14286	0	5.47508	0	8.77353	2.43333	9.26497	0	11.36728	0	0	0	3.53149	0	0	0	8.86353	0	0	0	0	
0	0	0	0	0	0	0	0	0	0	0	0	0	0	0	0	0	0	0	0	8.39398	0	0	0	0	0	0	0	0	0	0	0	0	0	0	0	0	0	0	0	0	0	0	0	0	0	0	0	0	0	0	0	0	0	0	0	0	0	0	12.12726	0	0	0	0	7.48234	8.4783	5.8191	5.90576	0	0	0	0	0	0	0	0	4.2976	0	0	0	3.88551	0	0	0	3.02235	8.00653	7.20992	6.39093	6.21069	0	6.96717	4.77655	4.524	2.17667	0	6.08537	0	0	0	0	
0	0	0	0	0	0	0	0	0	0	0	0	0	0	0	0	0	0	0	0	0	0	0	0	0	0	0	0	0	0	0	0	0	0	0	0	0	0	0	0	0	0	0	0	0	0	0	0	3.29319	0	0	0	0	0	0	0	0	0	0	0	0	0	0	0	0	0	0	0	0	8.4854	10.51833	9.27575	5.44057	0	9.07375	8.73828	0	7.12106	0.91096	0	0	8.44589	7.17478	0	6.48716	0	0.91096	0	0	5.00528	0	1.52939	7.31889	0	3.41726	0	0	0	0	0	
0	0	0	0	0	0	0	0	0	0	0	0	0	0	0	7.48992	0	0	0	0	0	0	0	0	0	0	0	0	0	0	0	0	0	0	7.05574	0	0	0	0	0	0	0	0	0	0	0	0	0	0	0	0	0	0	0	0	0	0	0	0	0	0	0	0	0	0	0	0	3.99682	0	0	0	0	0	3.82825	0	0	0	0	0	0	0	2.65116	0	0	0.73249	0	5.80521	3.4144	8.03102	10.3857	10.1016	0	9.14052	0	0	0	0	0	0	0	
0	0	0	0	0	0	0	0	0	0	0	0	0	0	0	0	0	0	0	0	0	0	0	0	0	0	0	0	0	0	0	0	0	0	0	0	0	0	0	0	0	0	0	0	0	0	0	0	7.7941	4.28436	0	0	0	0	0	0	0	0	0	2.43333	0	0	0	0	0	4.93818	0	0	0	0	0	1.46498	0	0	0	0	0	12.56656	0	4.94133	10.71927	0	0	10.20528	0	0	0	0	0	0	0	0	0	0	0	0	0	0	0	0	
0	0	0	0	0	0	0	0	0	0	0	0	0	0	0	0	0	0	0	0	0	0	0	0	0	0	0	0	0	0	0	0	0	0	0	0	0	0	0	0	0	0	0	0	0	0	0	0	0	0	0	0	0	0	0	2.433	0	0	10.63393	0	0	0	0	0	6.41797	0	0	0	0	0	0	0.91096	0	3.15745	0	0	5.14286	0	0	0	4.88732	3.73439	3.9086	7.09882	0	0	0	6.78339	5.88242	0	3.91499	9.20865	6.9973	0	0	0	0	0	0	0	
0	0	0	0	0	0	0	0	0	0	0	0	0	0	0	0	0	0	0	0	0	0	0	0	0	0	0	0	0	0	0	0	0	0	0	0	0	0	0	0	0	0	0	0	0	0	0	0	0	0	0	0	0	0	0	0	0	0	0	0	0	0	0	0	0	0	0	0	0	0	0	0	0	0	0	0	0	0	0	0	0	0	0	0	0	0	0	0	0	0	0	9.39372	0	0	0	0	0	0	0	0	
0	0	0	0	0	0	0	0	0	0	0	0	0	0	0	0	0	0	0	0	0	0	0	0	0	0	0	0	0	0	0	0	0	0	0	0	0	0	0	0	0	0	0	0	0	0	0	0	0	0	0	0	0	0	0	0	0	0	0	0	0	0	0	0	0	0	0	0	0	0	8.50291	2.17667	0	0	0	0	1.86426	0	0	7.87601	0	0	0	10.15604	0	0	0	0	0	0	4.93818	8.41273	0	0	0	0	0	0	0	0	
0	0	0	0	0	0	0	0	0	0	0	0	0	0	0	0	0	0	0	0	0	0	0	0	0	0	0	0	0	0	0	0	0	0	0	0	0	0	0	0	0	0	0	0	0	0	0	0	0	0	0	0	0	0	0	0	0	0	0	6.31007	0	0	0	0	0	0	0	0	0	0	7.28475	0	0	0	0	0	0	0	0	0	0	0	0	0	0	0	1.86426	0	0	0	0	0	0	0	0	0	0	0	0	0	
0	0	0	0	0	0	0	0	0	0	0	0	0	0	0	0	0	0	0	0	0	0	0	0	0	0	0	0	0	0	0	0	0	0	0	0	0	0	0	0	0	0	0	0	0	0	0	0	0	0	0	0	0	0	0	0	0	0	0	0	0	0	0	0	0	0	0	0	0	7.36398	0	0	0	0	0	0	0	0	5.06912	0	0	0	0	0	0	0	0	0	5.21302	1.46498	0	0	0	0	0	0	0	0	0	0	
0	0	0	0	0	0	0	0	0	0	0	0	0	0	0	0	0	0	0	0	0	0	0	0	0	0	0	0	0	0	0	0	0	0	0	0	0	0	0	0	0	0	0	0	0	0	0	0	0	0	0	0	0	0	0	0	0	0	0	0	0	0	0	0	0	0	0	0	0	0	0	0	0	0	0	0	0	0	0	0	0	0	0	0	0	0	6.8943	0	0	0	0	0	0	0	0	0	0	0	0	0	
0	0	0	0	0	0	0	0	0	0	0	0	0	0	0	0	0	0	0	0	0	0	0	0	0	0	0	0	0	0	0	0	0	0	0	0	0	0	0	0	0	0	0	0	0	0	0	0	0	0	0	0	0	0	0	0	0	0	7.8168	0	0	0	0	0	0	0	0	0	0	0	0	0	0	0	0	2.65116	0	0	0	0	0	0	0	0	0	0	0	0	0	0	0	0	0	0	0	0	0	0	0	0	
0	0	0	0	0	0	0	0	0	0	0	0	0	0	0	0	0	0	0	0	0	0	0	0	0	0	0	0	0	0	0	0	6.76015	0	0	0	0	0	0	0	0	0	0	0	0	0	0	0	0	0	0	0	0	0	0	0	0	0	0	0	0	0	0	0	0	0	0	0	0	0	0	0	0	0	0	4.9914	0	0	0	0	2.17667	0	0	0	0	0	0	0	0	0	0	0	0	0	0	0	0	0	0	0	
0	0	0	0	0	0	0	0	0	0	0	0	0	0	0	0	0	0	0	0	0	0	0	0	0	0	0	0	0	0	0	0	0	0	0	0	0	0	0	0	0	0	0	0	0	0	0	0	0	0	0	0	0	0	0	0	0	0	0	0	0	0	0	0	0	0	0	0	0	0	0	0	0	0	0	0	0	0	0	0	0	0	0	0	0	0	0	0	0	0	0	0	0	0	0	0	0	0	0	0	
0	0	0	0	0	0	0	0	0	0	0	0	0	0	0	0	0	0	0	0	0	0	0	0	0	0	0	0	0	0	0	0	0	0	0	0	0	0	0	0	0	0	0	0	0	0	0	0	0	0	0	0	0	0	0	0	0	0	0	0	0	0	0	0	0	0	0	0	0	0	0	0	0	0	0	0	0	0	0	0	0	0	0	0	0	0	0	0	0	0	0	0	0	0	0	0	0	0	0	0	
0	0	0	0	0	0	0	0	0	0	0	0	0	0	0	0	0	0	0	0	0	0	0	0	0	0	0	0	0	0	0	0	0	0	0	0	0	0	0	0	0	0	0	0	0	0	0	0	0	0	0	0	0	0	0	0	0	0	0	0	0	0	0	0	0	0	0	0	0	0	0	0	0	0	0	0	0	0	0	0	0	0	0	0	0	0	0	0	0	0	0	0	0	0	0	0	0	0	0	0	
0	0	0	0	0	0	0	0	0	0	0	0	0	0	0	0	0	0	0	0	0	0	0	0	0	0	0	0	0	0	0	0	0	0	0	0	0	0	0	0	0	0	0	0	0	0	0	0	0	0	0	0	0	0	0	0	0	0	0	0	0	0	0	0	0	0	0	0	0	0	0	0	0	0	0	0	0	0	0	0	0	0	0	0	0	0	0	0	0	0	0	0	0	0	0	0	0	0	0	0	
0	0	0	0	0	0	0	0	0	0	0	0	0	0	0	0	0	0	0	0	0	0	0	0	0	0	0	0	0	0	0	0	0	0	0	0	0	0	0	0	0	0	0	0	0	0	0	0	0	0	0	0	0	0	0	0	0	0	0	0	0	0	0	0	0	0	0	0	0	0	0	0	0	0	0	0	0	0	0	0	0	0	0	0	0	0	0	0	0	0	0	0	0	0	0	0	0	0	0	0	
0	0	0	0	0	0	0	0	0	0	0	0	0	0	0	0	0	0	0	0	0	0	0	0	0	0	0	0	0	0	0	0	0	0	0	0	0	0	0	0	0	0	0	0	0	0	0	9.77624	0	0	0	0	0	0	0	0	0	0	0	0	0	0	0	0	0	0	0	0	0	0	0	0	0	0	7.85322	0	0	0	0	0	0	0	0	0	0	0	0	0	0	0	0	0	0	0	0	0	0	0	0	0	
