0	0	0	0	0	0	0	0	0	0	0	0	0	0	0	0	0	0	0	0	0	0	0	0	0	0	0	0	0	0	0	0	0	0	0	0	0	0	0	0	0	0	0	0	0	0	0	0	0	0	0	10.57079	0	0	0	0	0	0	0	0	0	0	0	0	0	0	0	0	0	0	0	0	0	0	0	0	0	0	0	0	0	0	0	0	0	0	0	0	0	0	0	0	0	0	0	0	0	0	0	0	
0	0	0	0	0	0	0	0	0	0	0	0	0	0	0	0	0	0	0	0	0	0	0	0	0	0	0	0	0	0	0	0	0	0	0	0	0	0	0	0	0	0	0	0	0	0	0	14.82852	0	0	0	0	0	0	0	0	0	0	0	0	0	0	0	12.34124	0	0	0	0	0	0	0	0	0	0	0	0	0	0	0	0	0	0	0	0	0	0	0	0	0	0	0	0	0	0	0	0	0	0	0	0	
0	0	0	0	0	0	0	0	0	0	0	0	0	0	0	0	0	0	0	0	0	0	0	0	0	0	0	0	0	0	0	0	0	0	0	0	0	0	0	0	0	0	0	0	0	0	0	0	0	0	0	0	0	0	10.29659	0	0	0	0	0	0	0	0	0	0	0	0	0	0	0	0	0	0	0	0	0	0	0	0	0	0	0	0	0	0	0	0	0	0	0	0	0	0	0	0	0	0	0	0	0	
0	0	0	0	0	0	0	0	0	0	0	0	0	0	0	0	0	0	0	0	0	0	0	0	0	0	0	0	0	0	0	0	0	0	0	0	0	0	0	0	0	0	0	0	0	0	14.91365	8.5964	0	0	0	0	0	0	0	0	0	0	0	0	0	0	0	0	0	0	0	0	0	0	0	0	0	0	0	0	0	0	0	0	0	0	0	0	0	0	0	0	0	0	0	0	0	0	0	0	0	0	0	0	
0	0	0	0	0	0	0	0	0	0	0	0	0	0	0	0	0	0	0	0	0	0	0	0	0	0	0	0	0	0	0	0	0	0	0	0	0	7.02908	0	0	0	0	0	12.47293	0	0	0	0	0	0	0	0	0	0	0	0	0	0	0	0	0	0	0	0	0	0	0	0	0	0	0	0	0	0	0	0	0	0	0	0	0	0	0	0	0	0	0	0	0	0	0	0	0	0	0	0	0	0	0	0	
0	0	0	0	0	0	0	0	0	0	0	0	0	0	0	0	0	0	0	0	0	0	0	0	0	0	0	0	0	0	0	0	0	0	0	0	0	0	0	0	0	0	0	0	0	0	0	0	0	0	0	0	0	0	0	0	0	0	0	0	0	0	0	0	0	0	0	0	0	0	0	0	8.41537	0	0	0	0	0	0	0	0	0	0	0	0	0	0	0	0	0	0	0	0	0	0	0	0	0	0	0	
0	0	0	0	0	0	0	0	0	0	0	0	0	0	0	0	0	0	0	0	0	0	0	0	0	0	0	0	0	0	0	0	0	0	0	0	0	0	0	0	0	0	0	0	0	0	0	0	0	0	0	0	0	0	0	0	0	0	0	0	0	0	0	0	0	0	0	0	0	0	0	0	0	0	10.17246	0	0	0	0	0	0	0	0	0	0	0	0	0	0	0	0	0	0	0	0	0	0	0	0	0	
0	0	0	0	0	0	0	0	0	0	0	0	0	0	0	0	0	0	0	0	0	0	0	0	0	0	0	0	0	0	0	0	0	0	0	0	0	0	0	0	0	0	0	0	0	0	0	0	0	0	0	9.51235	0	0	0	12.57349	0	0	11.30833	0	0	0	0	0	0	0	0	0	0	0	0	0	0	0	0	0	0	0	0	0	0	0	0	0	0	0	0	0	0	0	0	0	0	0	0	0	0	0	0	0	
0	0	0	0	0	0	0	0	0	0	0	0	0	0	0	0	0	0	0	0	0	0	0	0	0	0	0	0	7.76439	0	0	0	0	0	0	0	0	0	0	0	0	0	0	0	0	0	0	0	0	0	0	0	0	0	0	0	0	0	0	0	0	0	0	0	0	0	0	6.96476	0	0	0	0	0	0	0	0	0	0	0	0	0	0	0	0	0	0	0	0	0	0	0	0	0	0	0	0	0	0	0	0	
0	0	0	0	0	0	0	0	0	0	0	0	0	0	0	0	0	0	0	0	0	0	0	0	0	0	0	0	0	0	0	0	0	0	0	0	0	0	0	0	0	0	0	0	0	0	0	0	0	0	0	0	0	0	0	8.83791	0	0	0	0	0	0	0	0	0	0	0	0	0	0	0	0	0	0	0	0	0	0	0	0	0	0	0	0	0	0	0	0	0	0	0	0	0	0	0	0	0	0	0	0	
0	0	0	0	0	0	0	0	0	0	0	0	0	0	0	0	0	0	0	0	0	0	0	0	0	0	0	0	0	0	0	0	0	0	0	0	0	0	0	0	0	0	0	0	0	0	0	0	0	0	0	0	0	0	0	0	0	0	0	0	0	0	0	0	0	0	0	9.13577	0	0	0	0	0	0	0	0	0	0	0	0	0	0	0	0	0	0	0	0	0	0	0	0	0	0	0	0	0	0	0	0	
0	0	0	0	0	0	0	0	0	0	0	0	0	0	0	0	0	0	0	0	0	0	0	0	0	0	0	0	0	0	0	0	0	0	0	0	0	0	0	0	0	0	0	0	0	0	0	0	0	0	0	0	5.52268	0	0	0	3.33119	0	0	0	0	0	0	0	0	0	0	0	0	0	0	8.85261	0	0	0	0	0	0	0	0	0	0	0	0	0	0	0	0	0	0	0	0	0	0	0	0	0	0	0	0	
0	0	0	0	0	0	0	0	0	0	0	0	0	0	0	0	0	0	0	0	0	0	0	0	0	0	0	0	0	0	0	0	0	0	0	0	0	0	0	0	0	0	0	0	0	0	0	0	12.35154	0	0	0	13.26511	0	0	0	0	0	0	0	0	0	0	0	0	0	0	5.79028	0	0	0	0	0	0	0	0	0	0	0	0	0	0	0	0	0	0	0	0	0	0	0	0	0	0	0	0	0	0	0	0	
0	0	0	0	0	0	0	0	0	0	0	0	0	0	0	0	0	0	0	0	0	0	0	0	0	0	0	0	0	0	12.03261	0	0	0	0	0	0	0	0	9.5744	0	0	0	0	0	0	0	9.40663	0	0	0	0	0	0	0	0	0	7.90637	7.21342	0	11.26652	0	0	11.94081	0	0	0	0	0	0	0	0	0	0	0	0	0	0	0	0	0	0	0	0	0	0	0	0	0	0	0	0	0	0	0	0	0	0	0	0	
0	0	0	0	0	0	0	0	0	0	0	0	0	0	0	0	0	0	0	0	0	0	0	0	0	0	0	0	0	0	0	0	0	0	0	0	0	0	0	0	0	0	0	0	0	0	0	0	0	0	0	0	0	0	7.13079	0	0	0	0	0	0	0	0	0	0	0	0	0	0	0	0	0	0	0	0.70008	0	0	0	0	0	0	0	0	0	0	0	0	0	0	0	0	0	0	0	0	0	0	0	0	0	
0	0	0	0	0	0	0	0	0	0	0	0	0	0	0	0	0	0	0	0	0	0	0	0	0	0	0	0	0	0	0	0	0	0	0	0	0	0	0	0	0	0	16.12064	0	0	0	0	0	0	0	0	0	8.65217	0	0	0	0	0	0	13.1095	0	0	0	0	0	0	0	0	0	0	0	6.50194	0	0	0	0	0	0	0	0	0	0	0	0	0	0	0	0	0	0	0	0	0	0	0	0	0	0	0	0	
0	0	0	0	0	0	0	0	0	0	0	0	0	0	0	0	0	0	0	0	0	0	0	0	0	0	0	0	0	0	0	0	0	0	0	0	0	0	0	0	0	0	0	8.42123	0	0	0	10.19121	0	0	0	7.76565	0	0	0	0	0	0	5.11606	0	0	0	0	0	0	0	0	0	0	0	0	0	0	0	0	0	0	0	0	0	0	0	0	0	0	0	0	0	0	0	0	0	0	0	0	0	0	0	0	0	
0	0	0	0	0	0	0	0	0	0	0	0	0	0	0	0	0	0	0	0	0	0	0	0	0	0	0	0	0	0	0	0	0	0	0	0	0	0	0	0	0	0	10.13128	0	0	0	0	0	0	0	0	0	0	0	0	8.12225	0	0	0	0	0	0	0	0	0	0	1.16941	0	8.11089	0	0	0	0	0	0	0	0	0	0	0	0	0	0	0	0	0	0	0	0	0	0	0	0	0	0	0	0	0	0	0	
0	0	0	0	0	0	0	0	0	0	0	0	0	0	0	0	0	0	0	0	0	0	0	0	0	0	0	0	0	0	0	0	0	0	0	0	0	0	0	0	12.97707	0	0	0	0	0	0	0	0	0	0	0	0	0	0	0	0	0	0	0	0	0	0	0	0	0	0	0	0	0	0	0	0	0	0	0	0	0	0	0	0	0	0	0	0	0	0	0	0	0	0	0	0	0	0	0	0	0	0	0	
0	0	0	0	0	0	0	0	0	0	0	0	0	0	0	0	0	0	0	0	0	0	0	0	0	0	0	0	0	0	0	0	0	0	0	0	0	0	0	0	0	0	0	0	0	0	0	10.8735	0	0	8.80775	0	0	0	0	0	0	0	0	0	0	0	0	0	0	0	0	0	0	0	0	0	0	0	0	0	8.17465	0	0	0	0	0	0	0	0	0	0	0	0	0	0	0	0	0	0	0	0	0	0	0	
0	0	0	0	0	0	0	0	0	0	0	0	0	0	0	0	0	0	0	0	0	0	0	0	0	0	0	0	0	0	0	0	0	0	0	0	0	0	0	0	0	0	0	0	0	0	0	9.21978	0	0	10.74209	10.70398	0	0	0	0	7.23826	0	9.12451	0	10.69666	0	0	0	0	9.18614	0	0	0	0	0	0	0	0	0	0	0	0	0	0	0	0	0	0	0	0	0	0	0	0	0	0	0	0	0	0	0	0	0	0	
0	0	0	0	0	0	0	0	0	0	0	0	0	0	0	0	0	0	0	0	0	0	0	0	0	0	0	0	0	0	0	0	0	0	0	0	0	0	0	0	0	12.28439	0	0	0	0	0	0	0	0	0	0	0	0	0	0	0	0	0	0	0	0	0	0	0	0	0	0	0.3921	0	0	0	0	0	0	0	0	0	0	0	0	0	0	0	0	0	0	0	0	0	0	0	0	0	0	0	0	0	0	0	
0	0	0	0	0	0	0	0	0	0	0	0	0	0	0	0	0	0	0	0	0	0	0	0	0	0	0	0	0	0	0	9.08275	0	0	0	0	0	0	0	0	0	0	0	0	0	0	0	10.50937	0	0	0	0	0	0	0	0	0	0	0	0	0	0	0	2.14906	0	0	0	4.47487	0	0	0	0	0	0	0	0	0	0	0	0	0	0	0	0	0	0	0	0	0	0	0	0	0	0	0	0	0	0	0	0	
0	0	0	0	0	0	0	0	0	0	0	0	0	0	0	0	0	0	0	0	0	0	0	0	0	0	0	0	0	0	0	12.11435	0	0	1.16941	0	0	0	0	0	0	0	0	0	0	0	0	0	0	0	0	0	0	0	0	0	0	0	0	0	0	0	0	0	0	0	0	0	0	0	0	0	0	0	0	0	0	0	0	0	0	0	0	0	0	0	0	0	0	0	0	0	0	0	0	0	0	0	0	0	
0	0	0	0	0	0	0	0	0	0	0	0	0	0	0	0	0	0	0	0	0	0	0	0	0	0	0	0	0	0	0	0	0	0	0	0	0	0	0	0	0	0	0	10.01634	0	0	0	0	0	11.8815	0	0	0	0	9.38186	0	0	0	0	0	0	0	0	0	0	0	0	0	0	0	0	0	0	0	0	0	0	0	0	3.03538	0	0	0	0	0	0	0	0	0	0	0	0	0	0	0	0	0	0	0	0	
0	0	0	0	0	0	0	0	0	0	0	0	0	0	0	0	0	0	0	0	0	0	0	0	0	0	0	0	0	0	0	0	7.99734	0	0	0	0	0	0	0	0	0	0	0	0	0	0	4.62849	0	0	8.71245	0.50121	0	0	0	0	0	0	8.27842	0	0	0	0	0	0	0	0	0	0	0	4.02706	0	0	0	0	0	0	0	0	0	0	0	0	0	0	6.60921	0	0	0	0	0	0	0	0	0	0	0	0	0	0	
0	0	0	0	0	0	0	0	0	0	0	0	0	0	0	0	0	0	0	0	0	0	0	0	0	0	0	0	0	0	0	0	0	0	0	0	0	0	0	12.52271	0	0	0	0	16.51309	0	5.97353	0	0	0	0	0	0	0	0	0	0	0	0	0	0	0	0	0	0	0	0	0	0	1.93006	0	0	0	0	0	0	0	0	0	0	0	0	0	0	0	0	0	0	0	0	0	0	0	0	0	0	0	0	0	0	
0	0	0	0	0	0	0	0	0	0	0	0	0	0	0	0	0	0	0	0	0	0	0	0	0	0	0	0	0	0	0	0	0	0	0	10.7897	0	0	0	0	0	0	0	0	0	0	0	8.59855	0	0	0	0	0	8.25281	0	0	0	0	0	0	10.40258	0	0	0	0	0	0	0	0	0	0	0	0	0	0	0	0	0	0	0	0	0	0	0	0	0	0	0	0	0	0	0	0	0	7.23153	0	0	0	0	0	
0	0	0	0	0	0	0	0	0	0	0	0	0	0	0	0	0	0	0	0	0	0	0	0	0	0	0	0	0	0	0	0	0	0	0	0	0	0	0	0	0	15.31254	0	0	0	0	0	0	0	0	0	0	0	0	0	0	0	0	0	0	0	0	0	0	0	0	0	2.50706	0	0	0	1.52296	0	0	0	0	0	0	0	0	0	0	0	0	0	0	0	0	0	0	0	0	0	0	0	0	0	0	0	0	
0	0	0	0	0	0	0	0	0	0	0	0	0	0	0	0	0	0	0	0	0	0	0	0	0	0	0	0	0	0	0	0	0	0	0	0	0	0	0	0	8.79798	0	0	0	10.30765	0	0	6.4612	0	0	9.60886	13.45831	0	0	0	10.66455	0	0	8.13032	0	7.88175	0	0	0	0	0	0	0	2.50706	0	0	0	0	0	0	0	0	0	0	0	0	0	0	0	0	0	0	0	0	0	0	0	0	0	0	3.41703	0	0	0	0	
0	0	0	0	0	0	0	0	0	0	0	0	0	0	0	0	0	0	0	0	0	0	0	0	0	0	0	0	0	0	0	0	0	0	0	0	0	0	0	0	0	0	0	0	16.45613	0	0	0	0	2.24723	0	0	6.24704	0	0	0	0	8.54522	0	0	0	11.42172	0	0	0	0	0	0	0	0	0	0	0	0	0	0	0	0	0	0	0	0	0	0	0	0	0	0	0	0	0	0	0	0	0	0	0	0	0	0	
0	0	0	0	0	0	0	0	0	0	0	0	0	0	0	0	0	0	0	0	0	0	0	0	0	0	0	0	0	0	0	0	0	0	0	0	0	0	0	0	0	0	0	11.95994	0	0	13.35545	0	0	0	11.49427	0	0	0	0	0	0	0	0	7.92873	0	0	0	0	8.78271	0	0	10.41451	0	0	0	0	9.10664	0	0	0	2.91808	0	0	0	0	0	0	0	0	0	0	0	0	0	0	0	0	0	0	0	0	0	0	0	
0	0	0	0	0	0	0	0	0	0	0	0	0	0	0	0	0	0	0	0	0	0	0	0	0	0	0	0	0	0	0	0	0	0	0	0	0	0	0	0	0	0	0	0	2.26888	0.3921	0	11.97075	0	0	0	10.68519	8.33951	0	0	7.24049	0	0	0	0	0	0	0	0	0	0	0	10.1748	0	0	0	0	0	11.49941	0	0	0	0	0	0	0	0	0	0	0	0	0	0	0	0	0	0	0	0	0	0	0	0	0	0	
0	0	0	0	0	0	0	0	0	0	0	0	0	0	0	0	0	0	0	0	0	0	0	0	0	0	0	0	0	0	0	0	0	0	0	0	0	17.56736	0	0	0	0	0	0	0	0	0	0	7.37414	0	0	7.5158	0	0	8.48619	0	9.84665	0	0	3.3301	0	2.04369	0	0	0	0	0	0	0	0	0	0	0	0	5.61449	1.52296	0	0	0	0	0	0	0	0	0	0	0	0	0	0	0	0	0	0	0	0	0	0	0	0	
0	0	0	0	0	0	0	0	0	0	0	0	0	0	0	0	0	0	0	0	0	0	0	0	0	0	0	0	0	0	0	0	0	0	0	0	0	0	0	0	0	0	16.05529	0	0	11.04558	0	12.86369	0	0	12.24818	0	10.87686	0	9.71077	0	0	0	0	0	0	0	0	9.3134	0	0	0	3.61389	0	0	10.62857	0	0	0	0	0	0	0	1.93006	0	0	0	0	0	0	0	0	0	0	0	0	0	0	0	0	0	0	0	0	0	
0	0	0	0	0	0	0	0	0	0	0	0	0	0	0	0	0	0	0	0	0	0	0	0	0	0	0	0	0	0	0	0	0	0	0	0	0	0	0	0	0	0	0	0	0	0	0	10.04988	11.67103	0	0	12.09274	0	0	0	0	0	0	0	0	0	0	0	0	1.52296	0	0	0	0	0	0	0	0	0	0	0	0	0	0	0	0	0	0	0	0	0	0	0	0	0	7.83515	0	0	0	0	0	0	0	0	0	
0	0	0	0	0	0	0	0	0	0	0	0	0	0	0	0	0	0	0	0	0	0	0	0	0	0	0	0	0	0	0	0	0	0	0	0	0	0	0	0	0	0	0	0	0	0	0	12.22201	0	0	0	0	7.82327	0.70008	0	0	0	0	12.38755	10.85489	0	0	0	0	0	0	0	0	0	0	0	0	0	0	0	0	0	0	0	0	0	0	0	0	0	0	0	0	0	0	0	0	0	0	0	0	0	0	6.14886	0	
0	0	0	0	0	0	0	0	0	0	0	0	0	0	0	0	0	0	0	0	0	0	0	0	0	0	0	0	0	0	0	0	0	0	0	0	0	0	0	0	0	0	8.00613	0	0	0	0	0	0	8.91233	0	9.37509	0	9.86174	0	0	0	0	0	0	0	0	0	0	14.01917	0	0	0	0	0	0	0	0	0	0	0	14.2381	0	0	0	0	0	0	0	0	0	0	0	0	0	0	0	0	0	0	0	0	0	0	0	
0	0	0	0	0	0	0	0	0	0	0	0	12.68292	0	0	0	0	0	0	0	0	0	0	0	0	0	0	0	0	0	10.96358	0	0	0	0	0	0	0	0	0	0	0	10.55628	0	0	0	0	8.17621	0	0	13.45165	0	0	6.37198	2.14906	0	9.82704	0	0	0	0	0	0	9.19616	10.37875	9.55117	0	0	0	0	0	0	0	0	0	0	0	0	0	0	0	0	0	0	0	0	0	0	0	0	0	0	0	0	0	0	0	0	0	0	
0	0	0	0	0	0	0	0	0	0	0	0	0	0	0	0	0	0	0	0	0	0	0	0	0	0	0	0	0	0	0	0	0	0	0	0	0	0	0	0	0	0	0	0	0	11.62005	5.36763	0	3.03263	12.45787	1.16941	8.4678	7.57903	0	12.823	7.15102	0	0	0	0	11.53447	0	0	0	0	0	0	0	0	6.43997	0	0	0	0	0	0	4.78773	0	0	0	0	0	0	0	0	0	0	0	0	0	0	0	0	0	0	0	0	0	0	0	
0	0	0	0	0	0	0	0	0	0	0	0	0	0	0	10.03579	0	0	0	0	0	0	0	0	0	0	0	0	0	0	0	0	0	0	0	9.58969	12.59949	0	0	0	0	0	0	4.57279	0	10.26031	8.13468	8.17153	4.92394	7.9471	0	0	2.50706	0	11.82102	0	0	0	0	8.60087	0	9.47154	0	6.64836	0	8.9396	0	0	11.04771	0	8.42064	0	0	0	0	10.16593	0	7.76646	0	1.16941	0	0	0	0	0	0	0	0	0	0	7.97602	0	0	0	0	0	0	0	0	0	
0	0	0	0	0	0	0	0	0	0	0	0	0	0	0	0	0	0	0	0	0	0	0	0	0	0	12.43381	0	0	0	0	3.49903	0	0	6.60736	0	0	0	0	0	11.36275	0	0	0	0	0	0	0	10.66667	5.68036	5.50294	9.60249	9.88908	0	10.39691	0	6.95112	0	5.27885	0	6.61658	9.22807	0	0	0	9.16903	0	0	0	0	0	0	0	9.87954	0	0	0	0	0	0	0	0	0	0	0	0	0	0	0	0	0	0	0	0	0	0	4.27992	0	0	0	
0	0	0	0	0	0	0	0	0	0	0	0	0	0	0	0	0	0	0	12.90524	0	0	0	0	0	0	0	0	0	0	0	0	0	0	0	0	0	0	0	0	0	0	0	13.38518	0	0	13.03593	12.72085	10.73074	0	6.85709	8.75467	11.78023	0	0	0	13.98373	0	0	8.47325	5.75794	0	0	13.15314	0	8.30145	0	7.52609	0	0	0	0	0	0	0	0	0	0	0	0	0	0	0	0	0	0	0	0	0	0	9.40708	0	0	0	0	0	0	0	0	0	
0	0	0	0	0	0	0	0	0	0	0	0	7.85475	0	0	0	0	0	0	9.42903	0	0	0	0	0	0	0	0	0	0	0	0	0	8.58134	0	0	0	0	0	0	0	10.3048	13.11662	0	9.30682	0	0	4.33964	10.77897	0	4.34787	8.30477	7.65495	4.98055	10.32693	10.56842	5.18873	5.40232	8.76292	0	0	0	0	0	4.39146	0	0	0	0	0	0	0	0	0	0	0	0	0	10.30302	3.75405	0	0	0	0	0	0	0	0	0	0	0	0	0	0	0	0	0	0	0	0	
0	0	0	0	0	0	0	0	0	0	0	0	0	0	0	0	0	0	0	0	0	0	0	15.67693	0	0	0	0	0	0	0	0	0	0	0	0	0	0	12.77367	0	0	0	8.53669	9.68855	6.98352	0	9.62311	5.41642	0	7.41701	9.81498	9.28973	0	0	0	0	0	5.44997	15.49172	11.31418	12.08882	0	0	0	9.4639	0	0	0	0	0	0	0	0	0	0	0	0	0	0	0	0	0	0	0	0	0	0	0	0	0	0	0	0	0	0	0	0	0	0	0	
0	0	9.78772	0	0	0	0	0	0	0	0	0	0	0	0	0	0	0	0	0	0	0	0	0	0	0	0	0	0	0	0	0	0	0	0	0	0	0	0	0	10.20747	0	0	0	0	9.69835	0	7.00841	8.93316	11.5031	0	8.42064	9.20611	9.94512	10.31156	11.21038	0	0	4.41277	4.51484	9.00235	0	9.56313	10.30267	0	0	0	0	0	0	0	7.369	0	0	0	0	8.94601	0	0	0	0	0	0	0	0	0	0	0	0	0	0	0	0	0	0	0	0	0	0	0	
0	0	0	0	0	0	0	0	0	0	0	11.42566	0	0	0	0	0	0	0	0	0	0	0	0	0	0	0	0	0	0	0	0	8.14153	0	0	0	0	9.31268	13.92736	6.02978	5.15647	7.21948	0	0	12.38065	7.79881	11.30877	8.58984	10.84441	0	11.01652	0	6.50767	6.3687	0	10.82057	4.77058	10.42587	0	0	0	0	0	0	0	0	0	8.55489	0	0	0	0	7.91386	0	0	10.38516	0	0	11.02627	0	0	0	0	0	0	0	0	0	0	0	0	0	0	0	0	7.64942	0	0	0	0	
0	0	0	0	0	0	0	0	0	0	0	0	0	0	0	0	0	0	0	0	0	0	0	0	0	0	0	0	0	0	0	0	0	0	2.14906	8.55545	0	0	0	7.16715	0	13.49678	0	11.62072	15.33452	10.35585	7.19647	9.33316	6.07717	10.48125	11.23413	10.41352	1.40201	9.12048	0	0	10.00509	0	0	7.01556	9.23556	0	2.04369	0	0	0	0	0	0	0	0	0	0	0	0	0	0	0	3.91205	0	0	0	0	0	0	0	0	9.23706	0	0	0	0	0	0	0	0	0	0	0	0	
0	0	0	0	0	0	0	0	11.71699	0	9.7337	0	0	0	0	0	0	0	0	0	0	0	0	0	0	0	9.91451	0	0	0	0	0	0	0	0.3921	1.8067	0	11.38614	11.68163	0	10.17279	7.89506	0	10.16267	1.52296	12.30662	9.14597	7.33749	10.20553	9.62835	0	8.35403	0	0	0	0	10.19122	2.91808	0	0	0	0	1.35699	0	0	0	12.38904	0	0	0	0	0	0	0	0	0	0	0	0	0	0	0	0	0	0	0	0	0	0	0	0	0	0	2.33914	0	0	0	0	0	0	
0	0	0	0	0	0	0	0	0	0	0	12.2907	0	0	12.95369	0	0	0	0	0	0	0	0	0	0	0	0	0	0	0	0	10.86676	0	0	7.20123	0	12.18813	0	0	10.26725	1.16941	0	9.87183	11.22678	10.48792	8.11464	11.40473	8.94113	4.22077	10.52073	6.73432	11.38553	10.45922	8.93783	0	4.9678	10.92105	0	0	11.6946	11.08925	4.97613	0	8.72105	0	0	0	0	0	0	0	0	0	4.71681	0	8.86301	0	0	0	0	0	0	0	5.64478	0	0	0	0	0	0	0	0	0	0	0	0	0	0	0	0	
0	0	0	0	0	0	0	0	0	0	0	0	14.45251	0	0	0	0	0	0	0	0	0	0	0	0	0	0	0	0	10.28255	0	0	7.73931	0	5.41063	0	13.58449	0	12.81446	10.35142	10.67456	11.3562	9.35403	8.69367	9.14466	3.75393	10.3059	11.01606	3.28459	9.47168	10.25184	11.99668	9.68198	5.7912	6.57545	9.82342	12.02952	0	0	10.62229	5.07861	0	0	0	0	0	0	0	0	0	0	0	0	9.52555	0	0	0	0	0	0	11.19373	0	0	0	0	0	0	0	0	0	0	0	0	0	0	0	0	0	0	0	
0	0	0	0	0	0	0	13.71546	0	0	0	9.87667	0	0	0	0	0	0	0	0	0	0	0	0	0	0	0	9.01469	0	0	5.98068	0	13.18885	0	0	0	7.18893	11.22833	9.49801	11.05538	10.25127	6.10864	0	10.33256	11.15916	10.23641	9.44915	9.8435	11.02449	9.76715	5.96655	9.25532	11.01129	8.6777	10.23512	7.74879	15.6349	5.11493	7.82805	8.84577	6.76115	12.33803	9.03201	0	12.34011	0	0	0	0	0	0	0	0	11.11406	0	0	0	0	0	0	0	0	0	0	0	0	0	0	0	0	0	0	0	0	0	0	0	0	0	0	
11.73956	0	0	0	0	0	0	0	8.4113	0	0	0	8.2609	0	0	0	0	0	0	0	0	0	0	0	11.16773	0	0	8.25943	0	0	0	0	14.56372	0	12.05785	9.43945	0	5.99488	10.91961	8.13843	9.36829	10.23741	6.35134	9.68104	12.12179	10.52432	9.53347	10.38953	7.38029	6.23889	10.33822	6.57222	9.50272	7.56743	10.16764	9.61045	11.04345	5.94782	0	10.26814	0.3921	1.35699	0	6.53168	0	8.51603	0	0	0	0	2.42554	0	0	0	0	0	0	0	0	0	0	0	4.49231	0	0	10.50756	0	0	0	0	0	0	0	0	0	0	0	0	0	0	
0	0	0	10.97235	0	0	0	0	0	0	0	0	0	0	0	0	0	0	8.41141	0	0	11.03725	0	5.89242	11.36417	9.41524	0	0	10.53571	8.18243	12.94629	0	13.13241	0	0	0.3921	0	10.55221	12.37062	9.30018	9.01025	7.49023	9.61631	9.63273	9.73837	9.92364	9.18461	9.27939	10.37846	6.77073	10.29628	9.55167	10.18283	7.4604	6.12101	9.85841	0	6.28197	5.27676	9.10247	0.70008	1.93006	9.12047	0	0	0	0	0	0	6.89922	0	0	5.36763	0	2.14906	10.1662	12.14938	3.45163	0	1.35699	0	0	0	0	0	0	0	0	0	0	0	0	0	0	0	0	0	0	0	0	
9.0576	0	0	0	12.43625	7.7905	0	0	0	0	0	0	0	0	0	0	0	11.35689	0	0	0	0	0	0	10.59255	0	10.64773	8.98257	0	13.96911	11.18193	0	0	0	10.96064	10.15676	5.81541	11.88043	11.36801	10.35824	8.28238	9.75185	10.60588	10.06201	9.89995	9.71152	9.92301	9.59518	9.30251	11.11994	5.82959	11.0025	11.62754	7.02809	10.39059	9.51511	9.81575	4.02538	7.67655	10.09362	8.4272	0	7.03258	10.4552	9.8867	10.16031	8.71979	0	0	0	0	0	0	0	9.3063	0	0	0	0	0	0	0	0	0	0	0	0	0	0	0	0	0	0	0	0	3.3301	0	0	0	0	
0	0	0	0	0	0	0	0	8.30431	0	9.32679	0	0	0	0	0	9.57912	14.31598	10.2782	7.31312	12.65315	6.28816	0	0	0	13.91136	0	10.44618	6.58149	11.14483	0	10.53024	13.61044	8.28026	9.68086	10.17068	9.34571	7.6019	10.54135	10.49089	10.44495	8.85902	5.68777	8.39115	10.35701	9.32782	8.88938	9.59557	9.6823	7.39313	8.03002	11.64987	7.5542	7.77433	6.57194	6.99615	5.65378	8.95783	0	12.52829	5.87302	7.3605	7.90966	0	9.41979	12.06104	0.95375	0	0	0	0	4.51484	0	0	9.11072	0	0	0	8.97046	0	0	0	0	0	0	6.95112	0	0	0	0	0	0	0	0	0	1.8067	0	0	0	0	
0	10.69856	0	0	3.99915	9.28768	0	0	0	0	0	0	0	0	3.81934	10.68303	0	10.78613	10.43127	0	5.9878	0	5.13034	0	0	0	0	0	11.04266	9.89382	8.61823	0	11.72353	4.64222	10.29695	8.24057	9.98525	10.37754	9.37517	9.69614	9.20681	8.76911	8.55699	8.85085	9.32285	7.98163	8.90881	9.9327	9.05365	7.98441	7.83466	8.73722	8.06748	7.69406	9.51486	8.35243	7.23452	7.79944	8.3994	8.39001	0	8.37322	0	12.66173	11.11706	1.35699	6.70049	5.09188	0	0	0	0	0	0	0	3.75405	0	0	0	0	9.53946	0	0	0	0	0	0	0	0	0	0	0	0	0	0	0	0	0	0	0	
0	11.42517	8.9174	0	9.72574	0	0	0	0	0	9.5803	0	0	0	9.30274	8.91274	0	9.14057	0	0	7.24644	7.98138	9.12826	10.62122	11.05239	10.31262	0	6.09368	10.23959	7.74939	12.70346	10.37807	10.63841	10.9936	10.61027	5.69643	8.71125	9.63956	8.3815	8.50071	8.96788	8.94035	7.75564	7.81007	7.66215	7.56235	8.98136	8.06253	9.49522	8.72584	7.7207	9.58986	8.55174	8.49338	7.15497	6.60594	7.89494	6.91531	7.32118	10.98196	0	8.11227	9.78159	11.62672	2.06679	2.14906	0.3921	0	0	0	0	7.32328	0	1.16941	10.0006	0	7.26413	0	0	0	0	0	0	4.8872	0	1.25353	0	0	0	0	0	0	0	0	0	0	0	0	0	0	
0	0	0	0	0	0	0	0	9.17839	0	8.71034	12.45547	0	0	0	0	0	0	10.3559	0	13.08451	0	0	0	0	11.05366	10.77086	0	6.67947	9.24895	7.84045	9.27828	8.00963	9.42229	10.10424	10.09021	8.41807	8.28346	9.50684	9.66645	7.0676	8.1839	9.14036	8.5784	7.58054	8.60087	7.14856	7.77701	8.9401	9.01105	9.10288	8.49283	8.10853	7.62055	7.37953	9.29569	8.36044	8.54081	11.36323	11.13773	10.95391	6.52869	9.24004	6.46213	0	8.85245	0	9.32384	0	0	0	0	0	0	0	0	0	0	0	0	0	10.15558	0	0	0	0	0	8.99928	8.07291	6.58407	0	0	0	0	0	0	0	0	0	0	
0	0	0	0	0	0	0	0	10.57523	8.9892	6.06116	4.02706	0	13.22228	0	0	0	6.1615	10.21668	6.22346	0	0	0.3921	9.41786	9.53971	11.02216	7.61381	9.5305	6.57897	10.56072	0	8.56733	6.22089	5.36525	6.57003	9.54115	10.13427	6.53155	8.48473	5.70325	8.04527	9.48615	8.48861	9.90007	7.40413	8.2177	7.99113	8.5347	7.51631	9.59139	8.65184	8.06601	7.48141	6.15778	8.25194	8.68803	5.36013	10.08657	10.44198	6.1926	5.92939	9.34533	10.52865	6.61198	0.78076	10.90135	10.60012	0	0	0	0	0	0	9.61001	9.05252	0	0	0	13.54379	0	0	0	0	0	0	0	0	0	9.91917	0	1.93006	0	0	0	0	0	0	0	0	0	
0	0	10.84047	8.95237	0	2.79365	0	2.91808	9.73052	0	0	0	0	0	0	0	0	8.73208	0	0	0	0	0	13.11026	0	9.6543	0	9.78512	10.198	8.42851	0	9.55085	0	10.50348	6.02178	8.95845	8.23322	7.05804	4.31343	9.85848	8.92585	9.47053	6.3415	8.54122	7.98021	8.20981	6.29873	9.39918	8.45093	8.76211	8.42804	8.21196	8.40849	8.38748	8.76751	7.18896	8.27765	8.32342	8.47865	7.55538	9.99251	7.88324	6.08042	10.65228	5.18948	0	0	7.37611	3.61389	3.05177	4.17805	0	13.18996	0	1.79056	0	6.39045	0	0	0	0	0	5.61182	0	0	0	0	0	0	0	0	0	0	0	0	0	0	0	0	0	
0	0	0	0	0	0	0	0	1.35699	0	9.06182	10.03708	8.69105	0	13.06387	0	0	8.2986	0	7.32722	0	0	0	0	0	0	7.45597	6.21707	5.38935	0	8.20551	8.47289	7.48634	7.9742	4.80663	8.53234	8.75158	7.90334	7.94779	8.62695	9.13809	6.81092	6.28785	7.51978	7.53388	9.27689	6.04621	6.82322	7.10356	6.1348	7.9741	10.16887	9.55368	7.46434	7.62624	7.04597	6.8551	8.513	9.51275	7.55853	7.35077	6.09373	8.17177	5.97119	0	6.1257	7.87024	4.60545	0	0	7.67462	0	5.91574	1.59451	0	14.58837	0	0	0.3921	0	0	0	0	0	0	0	0	0	6.3415	0	0	0	0	0	0	0	0	0	0	0	
0	0	0	0	0	0	0	0	0	10.41517	0	0	8.65887	0	0	0	0	0	0	0	0	0	0	9.71546	0	0	7.33173	0	0	4.82475	7.3168	0	0	7.17511	8.14312	7.70732	7.41167	0.70008	0	8.38469	4.5418	10.0098	3.86302	6.9462	9.36198	9.95987	6.88099	8.0961	8.40194	7.62051	7.75975	9.53355	8.28267	6.63689	9.64112	8.11782	7.93343	6.8796	4.92077	6.58037	7.00469	8.22857	4.28631	9.86787	7.187	5.49838	8.00613	9.03716	8.93352	0	0	11.50283	0	5.30062	0	2.04369	11.39453	0	0	0	0	0	0	0	9.83978	0	0	4.30293	0	0	0	11.16793	0	0	0	0	10.51554	0	0	0	
0	0	0	0	0	0	0	0	0	0	0	9.32609	0	0	0	0	0	7.41674	12.66818	0	0	0	0	1.35699	0	0	0	9.59843	0	0	0	0	6.06403	6.89286	7.09955	0	5.14362	9.2427	0.35004	5.13618	7.38207	9.21095	8.28947	3.57829	0	8.89643	6.40972	5.35292	7.92909	6.43231	8.06179	11.05001	8.20761	4.92955	6.88979	6.20623	6.90779	7.28163	7.4186	8.82543	7.59577	5.17963	0	6.50067	8.52017	0	5.96731	8.72319	11.38597	8.85203	0	0	0.3921	3.68567	0	10.28074	0	9.83436	0	0	0	7.33748	0	0	0	0	0	0	0	0	0	0	0	0	0	0	0	0	0	0	
0	0	0	0	6.85592	0	0	0	0	0	9.33867	0	3.13875	0	0	10.44489	0	0	7.36324	0	5.53413	8.27115	0	0	0	9.09021	7.0598	0	0	6.75283	0	9.19899	11.04345	0	0	6.19878	9.9042	10.3939	9.9089	9.5396	4.04681	8.52829	6.97832	8.89202	4.48538	6.75199	11.81566	5.78315	7.46414	9.41484	9.11151	6.36327	8.62058	7.93843	6.68954	8.26016	6.82818	10.32688	3.87349	8.40635	5.32278	9.18781	5.32171	4.94778	8.40219	0	8.98568	11.3146	0	0	8.71082	8.26823	7.29003	11.61207	10.3316	0	7.23499	0	0	0	7.37142	0	0	0	0	2.50706	0	0	0	3.81934	0	0	0	0	0	0	0	0	0	0	
0	0	0	0	0	0	0	0	0	0	0	6.00193	2.2755	0	0	8.53073	0	0	0	2.91808	2.42554	0	0	0	0	0	0	0	0	5.30223	3.08666	5.19755	0	0	0	8.21312	0	0	0	6.82565	4.01229	6.31164	5.09576	5.71953	9.12377	4.61789	5.85505	8.15407	7.21067	7.3167	0	0	8.16331	9.84124	1.52296	6.54638	7.95848	7.01556	6.62102	6.50992	9.38493	8.65637	8.61269	8.31375	7.10213	5.78982	6.42012	8.78367	0.3921	10.34615	0	6.98233	8.71552	9.46454	11.76684	0	3.45862	0	8.18553	0	0	0	0	0	0	0	0	0	0	0	0	0	0	0	0	0	0	0	0	0	
0	0	0	8.5368	0	0	0	0	0	0	0	0	0	0	0	0	0.95375	0	0	0	0	0	9.76925	0	0	0	6.25197	7.88933	10.61456	8.11739	0	0	0.70008	0	0	11.39624	0	0.70008	7.34673	0.19605	7.44039	0	0	0	2.47273	10.92678	9.22987	6.09055	6.03211	6.63716	6.87086	7.11764	8.47633	9.03289	8.65583	8.2938	8.43642	6.64897	7.62372	8.03885	8.0929	9.66606	8.49363	8.37371	7.86383	9.53138	5.51205	6.7185	8.9602	9.20957	4.06931	10.52478	6.48276	4.2445	7.22631	0	12.37302	0	6.84724	9.54092	1.8067	6.84929	8.80907	0	0	0	0	0	0	0	0	0	0	0	0	0	0	1.16941	0	11.59252	
0	0	5.56273	0	0	0	0	0	0	0	0	0	0	0	0	0	0	0	0	0	6.95112	0	0	0	0	10.81918	0	9.60679	0	11.63932	0	9.98512	10.88832	0	7.68997	0	0	8.99496	6.68388	0	8.29286	0	0	7.64835	11.61553	8.49745	0.54609	6.57059	6.28798	8.41138	7.3266	7.94162	8.17717	7.3052	6.16088	8.46714	0	6.42104	7.16657	9.34921	3.34146	8.2173	7.17127	3.29955	5.06278	9.5916	5.76162	0	8.57719	5.91787	5.53456	7.54788	6.00122	9.08356	1.67179	0	6.29136	0	2.56445	5.74058	0	5.54879	0	0	0	0	0	0	7.13225	0	0	0	0	0	0	0	2.91808	0	0	0	
0	0	0	0	2.14906	0	0	0	0	0	0	0	9.39262	0	0	0	0	0	0	0	6.36653	5.11806	0	0	0	0	0	7.15822	0	0	0	0	9.81298	0	0	0	7.08657	0	5.6175	8.01138	0	0	3.82955	0	8.20245	0	4.67645	9.36488	4.90902	6.99559	8.08623	5.6112	9.48669	4.80077	9.53828	1.74952	0	6.51488	5.83101	2.14608	7.09534	8.15764	9.20625	7.56761	7.02588	9.31499	7.56861	4.1881	7.31587	6.55702	7.95394	0	0	9.32538	0	8.62005	6.93166	7.24815	0	0	0	0	0	0	7.44308	0	0	0	0	0	0	0	0	0	0	0	8.86522	0	0	0	
0	0	0	0	0	0	0	0	6.07057	0	0	0	3.85091	0	0	0	8.78578	9.5102	2.8572	0	0	0	0	0	5.56157	0	0	0	0	0	0	0	0	0	8.17153	7.9991	0	7.32441	0	0	0	0	5.07861	10.52291	0	10.05477	10.3151	9.49982	0	6.05778	0	9.36761	10.57788	8.34133	0	5.46264	0	5.89289	0	4.84209	7.94405	8.26969	6.28087	10.78384	5.68366	7.02825	7.2812	6.23284	9.44399	7.39183	8.43005	5.4132	7.42167	10.4568	8.39529	5.24584	9.90461	10.34935	0	0	12.43885	8.77142	10.63662	0	4.50407	0.3921	9.29487	4.51484	8.457	0	2.78385	0	0	10.69632	0	0	0	0	0	0	
0	0	0	0	0	0	0	0	0	0	0	0	0	0	0	0	0	0	0	0	6.4633	0	0	0	0	0	0	0	0	7.25531	0	0	0	0	4.66447	0	0	0	0	0	9.23032	0	8.95874	8.73593	4.54416	0	0	3.18902	8.06115	5.79768	9.11154	0	0	2.62115	3.59647	7.11894	0	0	7.29335	8.68815	9.73529	6.14264	4.26862	7.57897	7.21348	7.81182	3.59657	5.7524	6.79078	6.42089	9.11267	7.51964	4.27626	6.08054	5.32012	0	3.66287	0	5.08525	0	0	0	1.8067	0	0	0	7.72411	0	0	0	0	0	0	0	0	0	0	0	0	0	
0	0	0	0	8.02355	0	0	0	0	0	0	4.05443	0	6.46161	0	0	0	0	0	0	0	0	0	0	0	0	0	0	0	0	0	0	0	0	0	0	0	0	0	8.23871	0	0	7.24644	0	5.00793	0	3.43492	0	0	0	3.41703	0	0	0	9.5891	0	0	0.70008	0	12.2862	6.62243	4.4298	6.35168	8.34908	7.65075	0	1.87682	5.15269	9.18112	7.80128	8.63708	9.28863	8.83485	5.84922	0	0	7.93218	5.59903	8.02761	7.00473	7.32441	8.55249	3.65022	0	2.58422	0	7.33561	11.71248	0	6.38649	0	0	0	0	7.76231	0	0	0	0	0	
0	0	0	0	0	0	0	0	0	0	0	0	0	0	0	0	0	6.84517	0	0	0	8.46339	8.79291	0	0	0	8.81508	0	0	0	0	0	0	6.94414	7.21682	0	0	0	0	0	0	0	0	0	0	0	0	0	0.3921	0	0	0	0	0	0	9.69276	10.29422	9.75885	6.95476	7.02563	0	7.64432	5.67498	0	7.93307	7.60542	6.79643	7.87657	5.76166	5.10038	9.49123	6.12193	6.5875	7.48575	8.16409	7.32519	4.5009	0	10.56575	9.50364	0	0	7.55377	0	7.72447	8.99378	0.3921	10.19877	0	10.81611	0	0	0	0	0	0	8.73396	0	0	0	
0	0	0	0	0	0	0	0	7.39055	0	0	0	0	0	0	0	0	0	0	0	0	0	0	0	0	0	0	0	0	14.30892	0	0	0	0	0	0	0	0	0	9.47175	0	0	0	0	0	4.75068	0	7.70948	8.85747	0	0	9.3289	0	0	0	0	0	0	7.8768	0	8.77323	0	8.30064	9.29047	10.87386	9.0645	5.94318	0	0	6.03482	8.98657	2.97649	9.44818	7.00719	5.26963	9.34661	1.56281	0	0	7.8719	6.10122	8.36869	10.13208	10.49041	7.97494	0	0.70008	0	0	0	5.68036	0	9.24215	0	0	0	0	0	0	0	
0	0	0	0	0	0	0	0	0	0	0	0	0	9.87283	0	0	0	0	0	2.58422	0	0	0	0	0	3.55888	0	0	0	0	0	0	0	0	7.28161	0	0	6.80245	0	0	9.96091	0	2.65746	10.32426	0	0	0	0	0	0	7.41271	7.08988	0	0	4.87871	0	0	0	0	7.38756	4.38782	0	6.55612	8.6799	6.78946	4.20264	8.5775	8.72638	0	4.9242	6.96444	0	7.11689	6.61437	11.22532	7.0886	4.99986	6.39379	7.84835	4.48814	0	6.84747	9.94956	5.87377	3.01844	0	0	10.06553	5.92868	0	12.51202	0	0	6.60273	0	0	0	0	5.95067	0	
0	0	0	0	0	0	0	0.95375	0	0	0	0	0	0	0	0	0	0	0	0	0	0	5.89242	0	0	0	0	0	10.69259	0	0	0	0	0	10.746	0	0	0.3921	0	0	0	1.23836	0	0	0	0	5.08556	0	0	0	0	0	10.4155	0	0	0	5.1264	6.50194	0	6.36048	8.45752	0	0	7.13562	0	5.3233	0	9.18037	6.95109	9.57853	7.23685	6.77707	9.4892	4.35421	6.78946	7.00179	7.82928	0.3921	6.85943	5.14578	8.604	8.89149	6.95402	0	6.39011	0	1.16941	6.98729	0	0	11.03789	6.8069	0	0	0	0	8.77759	0	0	0	
0	0	0	0	0	0	0	0	0	0	0	0	0	0	0	0	0	0	0	0	0	0	0	0	0	0	0	0	0	0	0	0	0	0	0	0	0	6.72495	0	0	0	0	0	0	0	0	0	0	0	3.13875	0	4.46122	0	4.65457	0	0	4.86331	7.00281	0.95375	0	2.79365	0	9.39798	11.40038	7.0699	6.18114	0	0	10.39819	6.15045	0	3.45862	6.13606	9.92139	7.22376	6.32999	0	4.17572	5.07412	8.4956	3.21765	10.00191	6.00894	0	0	0	5.65165	0	0	0	0	0	7.66845	9.91145	11.69948	0	0	0	0	0	
0	0	0	0	0	0	0	9.00683	0	0	0	0	0	0	0	0	0	0	0	0	0	0	0	0	0	0	0	0	0	0	0	0	0	0	0	0	0	7.1716	0	7.65015	0	0	0	0	0	0	0	0	0	0	4.94448	0	0	9.88337	7.47509	0	0	6.84708	9.30843	12.28231	0	3.41703	0	7.99804	9.63674	9.46071	0	0	8.55081	5.59759	8.71298	4.71194	5.49524	7.87331	5.69782	8.03668	6.07201	0	8.59023	6.48424	8.49337	9.24153	3.01392	5.37493	6.49858	0	0	1.61048	0	0	4.62849	0	0	0	0	2.19781	0	0	0	0	
0	0	0	0	0	0	0	0	0	0	0	0	0	0	0	0	0	0	0	0	0	0	0	0	0	9.53729	0	0	0	0	0	0	0	0	0	0	0	8.22822	0	0	0	0	0	0	11.00954	0	0	0	8.40078	0	0	0	0	0	0	4.02706	0	0	0	0	0	0	8.87367	0	0	5.47873	6.6315	7.00585	0	6.9548	2.34962	0	6.66687	0	8.50987	6.23685	8.12225	7.55217	7.59666	6.74322	3.59573	0	7.22403	0	8.43243	7.73014	0	0	0	0	10.94815	0	0	0	0	0	0	1.8067	0	0	
0	0	0	0	0	0	0	0	0	0	0	0	4.83202	0	0	0	0	0	0	0	0	0	0	0	0	0	0	0	0	0	0	0	0	0	0	0	0	0	0	0	0	0	0	0	0	0	0	9.92289	0	0	1.93006	0	8.72957	0	0	0	0	0	0	5.08041	0	0	0	4.85984	3.08666	6.78538	9.13123	0	9.18305	0	0	9.347	0	0	0	7.60159	6.93112	8.75681	7.46033	5.11239	0	7.02965	5.5481	3.41733	5.57873	3.69114	5.72376	1.8067	8.91834	0	0	0	0	8.06452	0	0	0	0	0	0	
0	0	0	0	0	0	0	0	0	0	0	0	0	0	0	0	0	0	0	0	0	0	0	0	0	0	0	0	0	0	0	0	10.1037	0	0	0	0	0	0	0	4.45447	0	0	0	0	0	0	0	0	0	0	0	0	0	0	0	6.28697	0	0	0	7.7449	0	0	3.2946	0	6.9728	0	0	6.66088	0	0	0	10.45872	0	0	2.72716	0	0	5.17153	9.31611	6.8109	6.62116	10.11024	0	4.71681	0	2.79365	0	0.3921	1.16941	6.491	4.97553	5.75444	0	0	0	0	0	0	0	
0	0	0	0	0	0	0	1.97084	0	0	0	0	0	0	0	0	0	0	0	0	0	0	0	0	0	0	0	7.15139	0	0	0	0	0	0	0	0	0	0	0	0	0	0	0	0	0	0	0	0	0	0	0	0	0	0	0	0	0	6.55561	0	0	0	0	0	0	0	0	0	0	0	0	4.43694	4.48062	6.29566	1.16941	0	11.09976	10.06089	0	9.95005	3.49903	0	6.08249	0	7.69651	3.18902	8.83103	0	9.81898	0	0.70008	0	0	0	0	0	9.68144	0	0	0	0	
0	0	0	0	0	0	0	0	0	0	0	0	0	0	0	0	0	0	0	0	8.94052	0	0	0	0	0	0	0	0	0	3.23759	0	0	0	0	0	0	0	0	0	0	0	0	0	0	0	0	0	0	0	0	0	0	0	0	0	0	0	0	12.72944	0	0	0	0	5.55179	8.3657	8.6239	8.98607	0	0	0	0	0	0	0	2.24723	7.39847	0	0	0	3.60367	0	0	0	6.09788	6.41485	7.55606	5.4956	9.54394	0	8.81808	7.09648	9.16511	4.71681	0	7.68341	0	0	0	0	
0	0	0	0	0	0	0	0	0	0	0	0	0	0	0	0	0	0	0	0	0	0	0	0	0	0	0	0	0	0	0	0	0	0	0	0	0	0	0	0	0	0	0	0	0	0	0	0	5.74058	0	0	0	0	0	0	0	0	0	0	0	0	0	0	0	0	0	0	0	0	7.94528	11.71659	8.27987	6.82359	0	9.16981	8.05777	0	10.64076	0	0	0	7.84302	8.66864	0	4.61554	0	1.35699	0	0	4.86933	0	2.44107	4.05239	0	4.98212	0	0	0	0	0	
0	0	0	0	0	0	0	0	0	0	0	0	0	0	0	7.33463	0	0	0	0	0	0	0	0	0	0	0	0	0	0	0	0	0	0	8.4912	0	0	0	0	0	0	0	0	0	0	0	0	0	0	0	0	0	0	0	0	0	0	0	0	0	0	0	0	0	0	0	0	5.60829	0	0	0	0	0	8.57511	0	0	0	3.17503	0	0	0	2.24723	0	0	3.38617	0	6.56572	3.43628	8.83495	10.10279	10.10534	0	9.02251	0	0	0	0	0	0	0	
0	0	0	0	0	0	0	0	0	0	0	0	0	0	0	0	0	0	0	0	0	0	0	0	0	0	0	0	0	0	0	0	0	0	0	0	0	0	0	0	0	0	0	0	0	0	0	0	6.99417	0	0	0	0	0	0	0	0	0	0	6.09714	0	0	0	0	0	6.31712	0	0	0	0	0	6.77718	0	0	0	0	0	11.90437	0	7.22645	10.2163	0	0	6.95112	0	0	0	0	0	0	0	0	0	0	0	0	0	0	0	0	
0	0	0	0	0	0	0	0	0	0	0	0	0	0	0	0	0	0	0	0	0	0	0	0	0	0	0	0	0	0	0	0	0	0	0	0	0	0	0	0	0	0	0	0	0	0.3921	0	0	0	0	0	0	0	0	0	2.19428	0	0	11.62996	0	0	0	0	0	5.64478	0	0	0	0	0	0	2.58422	0	4.49499	0	0	8.68538	0	0	0	5.85066	6.6769	5.61965	7.98932	0	0	0	7.47888	6.6629	0	7.67902	11.51889	10.4234	0	0	0	0	0	0	0	
0	0	0	0	0	0	0	0	0	0	0	0	0	0	0	0	0	0	0	0	0	0	0	0	0	0	0	0	0	0	0	0	0	0	0	0	0	0	0	0	0	0	0	0	0	0	0	0	0	0	0	0	0	0	0	0	0	0	0	0	0	0	0	0	0	0	0	0	0	0	0	0	0	0	0	0	0	0	0	0	0	0	0	0	0	0	1.8067	0	0	0	0	9.83535	0	0	0	0	0	0	0	0	
0	0	0	0	0	0	0	0	0	0	0	0	0	0	0	0	0	0	0	0	0	0	0	0	0	0	0	0	0	0	0	0	0	0	0	0	0	0	0	0	0	0	0	0	0	0	0	0	0	0	0	0	0	0	0	0	0	0	0	0	0	0	0	0	0	0	0	0	0	0	9.28323	0	0	0	0	0	0.70008	0	0	10.00376	0	0	0	10.66232	0	0	0	0	0	0	8.17904	7.55991	0	0	0	0	0	0	0	0	
0	0	0	0	0	0	0	0	0	0	0	0	0	0	0	0	0	0	0	0	0	0	0	0	0	0	0	0	0	0	0	0	0	0	0	0	0	0	0	0	0	0	0	0	0	0	0	0	0	0	0	0	0	0	0	0	0	0	0	2.24723	0	0	0	0	0	0	0	0	0	0	5.98068	0	0	0	0	0	0	0	0	0	0	0	0	0	0	0	5.06521	0	0	0	0	0	0	0	0	0	0	0	0	0	
0	0	0	0	0	0	0	0	0	0	0	0	0	0	0	0	0	0	0	0	0	0	0	0	0	0	0	0	0	0	0	0	0	0	0	0	0	0	0	0	0	0	0	0	0	0	0	0	0	0	0	0	0	0	0	0	0	0	0	0	0	0	0	0	0	0	0	0	0	11.18157	2.91808	0	0	0	0	0	0	0	8.09779	0	0	0	0	0	0	0	0	0	8.28421	7.08988	0	0	0	0	0	0	0	0	0	0	
0	0	0	0	0	0	0	0	0	0	0	0	0	0	0	0	0	0	0	0	0	0	0	0	0	0	0	0	0	0	0	0	0	0	0	0	0	0	0	0	0	0	0	0	0	0	0	0	0	0	0	0	0	0	0	0	0	0	0	0	0	0	0	0	0	0	0	0	0	0	0	0	0	0	0	0	0	0	0	0	0	0	0	0	0	0	1.16941	0	0	0	0	0	0	0	0	0	0	0	0	0	
0	0	0	0	0	0	0	0	0	0	0	0	0	0	0	0	0	0	0	0	0	0	0	0	0	0	0	0	0	0	0	0	0	0	0	0	0	0	0	0	0	0	0	0	0	0	0	0	0	0	0	0	0	0	0	0	0	0	7.67462	0	0	0	0	0	0	0	0	0	0	0	0	0	0	0	0	6.54117	0	0	0	0	0	0	0	0	0	0	0	0	0	0	0	0	0	0	0	0	0	0	0	0	
0	0	0	0	0	0	0	0	0	0	0	0	0	0	0	0	0	0	0	0	0	0	0	0	0	0	0	0	0	0	0	0	8.24614	0	0	0	0	0	0	0	0	0	0	0	0	0	0	0	0	0	0.3921	0	0	0	0	0	0	0	0	0	0	0	0	0	0	0	0	0	0	0	0	0	0	0	0	5.13098	0	0	0	0	0	0	0	0	0	0	0	0	0	0	0	0	0	0	0	0	0	0	0	0	
0	0	0	0	0	0	0	0	0	0	0	0	0	0	0	0	0	0	0	0	0	0	0	0	0	0	0	0	0	0	0	0	0	0	0	0	0	0	0	0	0	0	0	0	0	0	0	0	0	0	0	0	0	0	0	0	0	0	0	0	0	0	0	0	0	0	0	0	0	0	0	0	0	0	0	0	0	0	0	0	0	0	0	0	0	0	0	0	0	0	0	0	0	0	0	0	0	0	0	0	
0	0	0	0	0	0	0	0	0	0	0	0	0	0	0	0	0	0	0	0	0	0	0	0	0	0	0	0	0	0	0	0	0	0	0	0	0	0	0	0	0	0	0	0	0	0	0	0	0	0	0	0	0	0	0	0	0	0	0	0	0	0	0	0	0	0	0	0	0	0	0	0	0	0	0	0	0	0	0	0	0	0	0	0	0	0	0	0	0	0	0	0	0	0	0	0	0	0	0	0	
0	0	0	0	0	0	0	0	0	0	0	0	0	0	0	0	0	0	0	0	0	0	0	0	0	0	0	0	0	0	0	0	0	0	0	0	0	0	0	0	0	0	0	0	0	0	0	0	0	0	0	0	0	0	0	0	0	0	0	0	0	0	0	0	0	0	0	0	0	0	0	0	0	0	0	0	0	0	0	0	0	0	0	0	0	0	0	0	0	0	0	0	0	0	0	0	0	0	0	0	
0	0	0	0	0	0	0	0	0	0	0	0	0	0	0	0	0	0	0	0	0	0	0	0	0	0	0	0	0	0	0	0	0	0	0	0	0	0	0	0	0	0	0	0	0	0	0	0	0	0	0	0	0	0	0	0	0	0	0	0	0	0	0	0	0	0	0	0	0	0	0	0	0	0	0	0	0	0	0	0	0	0	0	0	0	0	0	0	0	0	0	0	0	0	0	0	0	0	0	0	
0	0	0	0	0	0	0	0	0	0	0	0	0	0	0	0	0	0	0	0	0	0	0	0	0	0	0	0	0	0	0	0	0	0	0	0	0	0	0	0	0	0	0	0	0	0	0	0	0	0	0	0	0	0	0	0	0	0	0	0	0	0	0	0	0	0	0	0	0	0	0	0	0	0	0	0	0	0	0	0	0	1.93006	0	0	0	0	0	0	0	0	0	0	0	0	0	0	0	0	0	0	
0	0	0	0	0	0	0	0	0	0	0	0	0	0	0	0	0	0	0	0	0	0	0	0	0	0	0	0	0	0	0	0	0	0	0	0	0	0	0	0	0	0	0	0	0	0	0	11.76426	0	0	0	0	0	0	0	0	0	0	0	0	0	0	0	0	0	0	0	0	0	0	0	0	0	0	11.62751	0	0	0	0	0	0	0	0	0	0	0	0	0	0	0	0	0	0	0	0	0	0	0	0	0	
