0	0	0	0	0	0	0	0	0	0	0	0	0	0	0	0	0	0	0	0	0	0	0	0	0	0	0	0	0	0	0	0	0	0	0	0	0	0	0	0	0	0	0	0	0	0	0	0	0	0	0	9.16516	0	0	0	0	0	0	0	0	0	0	0	0	0	0	0	0	0	0	0	0	0	0	0	0	0	0	0	0	0	0	0	0	0	0	0	0	0	0	0	0	0	0	0	0	0	0	0	0	
0	0	0	0	0	0	0	0	0	0	0	0	0	0	0	0	0	0	0	0	0	0	0	0	0	0	0	0	0	0	0	0	0	0	0	0	0	0	0	0	0	0	0	0	0	0	0	13.42861	0	0	0	0	0	0	0	0	0	0	0	0	0	0	0	8.6941	0	0	0	0	0	0	0	0	0	0	0	0	0	0	0	0	0	0	0	0	0	0	0	0	0	0	0	0	0	0	0	0	0	0	0	0	
0	0	0	0	0	0	0	0	0	0	0	0	0	0	0	0	0	0	0	0	0	0	0	0	0	0	0	0	0	0	0	0	0	0	0	0	0	0	0	0	0	0	0	0	0	0	0	0	0	0	0	0	0	0	8.92995	0	0	0	0	0	0	0	0	0	0	0	0	0	0	0	0	0	0	0	0	0	0	0	0	0	0	0	0	0	0	0	0	0	0	0	0	0	0	0	0	0	0	0	0	0	
0	0	0	0	0	0	0	0	0	0	0	0	0	0	0	0	0	0	0	0	0	0	0	0	0	0	0	0	0	0	0	0	0	0	0	0	0	0	0	0	0	0	0	0	0	0	12.1679	8.19179	0	0	0	0	0	0	0	0	0	0	0	0	0	0	0	0	0	0	0	0	0	0	0	0	0	0	0	0	0	0	0	0	0	0	0	0	0	0	0	0	0	0	0	0	0	0	0	0	0	0	0	0	
0	0	0	0	0	0	0	0	0	0	0	0	0	0	0	0	0	0	0	0	0	0	0	0	0	0	0	0	0	0	0	0	0	0	0	0	0	10.81649	0	0	0	0	0	12.25571	0	0	0	0	0	0	0	0	0	0	0	0	0	0	0	0	0	0	0	0	0	0	0	0	0	0	0	0	0	0	0	0	0	0	0	0	0	0	0	0	0	0	0	0	0	0	0	0	0	0	0	0	0	0	0	0	
0	0	0	0	0	0	0	0	0	0	0	0	0	0	0	0	0	0	0	0	0	0	0	0	0	0	0	0	0	0	0	0	0	0	0	0	0	0	0	0	0	0	0	0	0	0	0	0	0	0	0	0	0	0	0	0	0	0	0	0	0	0	0	0	0	0	0	0	0	0	0	0	8.76377	0	0	0	0	0	0	0	0	0	0	0	0	0	0	0	0	0	0	0	0	0	0	0	0	0	0	0	
0	0	0	0	0	0	0	0	0	0	0	0	0	0	0	0	0	0	0	0	0	0	0	0	0	0	0	0	0	0	0	0	0	0	0	0	0	0	0	0	0	0	0	0	0	0	0	0	0	0	0	0	0	0	0	0	0	0	0	0	0	0	0	0	0	0	0	0	0	0	0	0	0	0	11.17062	0	0	0	0	0	0	0	0	0	0	0	0	0	0	0	0	0	0	0	0	0	0	0	0	0	
0	0	0	0	0	0	0	0	0	0	0	0	0	0	0	0	0	0	0	0	0	0	0	0	0	0	0	0	0	0	0	0	0	0	0	0	0	0	0	0	0	0	0	0	0	0	0	0	0	0	0	9.81249	0	0	0	13.24532	0	0	8.76134	0	0	0	0	0	0	0	0	0	0	0	0	0	0	0	0	0	0	0	0	0	0	0	0	0	0	0	0	0	0	0	0	0	0	0	0	0	0	0	0	0	
0	0	0	0	0	0	0	0	0	0	0	0	0	0	0	0	0	0	0	0	0	0	0	0	0	0	0	0	8.32083	0	0	0	0	0	0	0	0	0	0	0	0	0	0	0	0	0	0	0	0	0	0	0	0	0	0	0	0	0	0	0	0	0	0	0	0	0	0	6.05444	0	0	0	0	0	0	0	0	0	0	0	0	0	0	0	0	0	0	0	0	0	0	0	0	0	0	0	0	0	0	0	0	
0	0	0	0	0	0	0	0	0	0	0	0	0	0	0	0	0	0	0	0	0	0	0	0	0	0	0	0	0	0	0	0	0	0	0	0	0	0	0	0	0	0	0	0	0	0	0	0	0	0	0	0	0	0	0	8.39171	0	0	0	0	0	0	0	0	0	0	0	0	0	0	0	0	0	0	0	0	0	0	0	0	0	0	0	0	0	0	0	0	0	0	0	0	0	0	0	0	0	0	0	0	
0	0	0	0	0	0	0	0	0	0	0	0	0	0	0	0	0	0	0	0	0	0	0	0	0	0	0	0	0	0	0	0	0	0	0	0	0	0	0	0	0	0	0	0	0	0	0	0	0	0	0	0	0	0	0	0	0	0	0	0	0	0	0	0	0	0	0	9.0303	0	0	0	0	0	0	0	0	0	0	0	0	0	0	0	0	0	0	0	0	0	0	0	0	0	0	0	0	0	0	0	0	
0	0	0	0	0	0	0	0	0	0	0	0	0	0	0	0	0	0	0	0	0	0	0	0	0	0	0	0	0	0	0	0	0	0	0	0	0	0	0	0	0	0	0	0	0	0	0	0	0	0	0	0	2.77724	0	0	0	6.44931	0	0	0	0	0	0	0	0	0	0	0	0	0	0	2.43071	0	0	0	0	0	0	0	0	0	0	0	0	0	0	0	0	0	0	0	0	0	0	0	0	0	0	0	0	
0	0	0	0	0	0	0	0	0	0	0	0	0	0	0	0	0	0	0	0	0	0	0	0	0	0	0	0	0	0	0	0	0	0	0	0	0	0	0	0	0	0	0	0	0	0	0	0	8.71812	0	0	0	11.18271	0	0	0	0	0	0	0	0	0	0	0	0	0	0	1.30094	0	0	0	0	0	0	0	0	0	0	0	0	0	0	0	0	0	0	0	0	0	0	0	0	0	0	0	0	0	0	0	0	
0	0	0	0	0	0	0	0	0	0	0	0	0	0	0	0	0	0	0	0	0	0	0	0	0	0	0	0	0	0	11.7408	0	0	0	0	0	0	0	0	7.5032	0	0	0	0	0	0	0	10.0455	0	0	0	0	0	0	0	0	0	7.6912	6.72337	0	7.34417	0	0	11.68288	0	0	0	0	0	0	0	0	0	0	0	0	0	0	0	0	0	0	0	0	0	0	0	0	0	0	0	0	0	0	0	0	0	0	0	0	
0	0	0	0	0	0	0	0	0	0	0	0	0	0	0	0	0	0	0	0	0	0	0	0	0	0	0	0	0	0	0	0	0	0	0	0	0	0	0	0	0	0	0	0	0	0	0	0	0	0	0	0	0	0	6.41685	0	0	0	0	0	0	0	0	0	0	0	0	0	0	0	0	0	0	0	0.44996	0	0	0	0	0	0	0	0	0	0	0	0	0	0	0	0	0	0	0	0	0	0	0	0	0	
0	0	0	0	0	0	0	0	0	0	0	0	0	0	0	0	0	0	0	0	0	0	0	0	0	0	0	0	0	0	0	0	0	0	0	0	0	0	0	0	0	0	12.03154	0	0	0	0	0	0	0	0	0	9.16792	0	0	0	0	0	0	14.07661	0	0	0	0	0	0	0	0	0	0	0	10.36626	0	0	0	0	0	0	0	0	0	0	0	0	0	0	0	0	0	0	0	0	0	0	0	0	0	0	0	0	
0	0	0	0	0	0	0	0	0	0	0	0	0	0	0	0	0	0	0	0	0	0	0	0	0	0	0	0	0	0	0	0	0	0	0	0	0	0	0	0	0	0	0	5.85504	0	0	0	10.33782	0	0	0	10.63489	0	0	0	0	0	0	5.12765	0	0	0	0	0	0	0	0	0	0	0	0	0	0	0	0	0	0	0	0	0	0	0	0	0	0	0	0	0	0	0	0	0	0	0	0	0	0	0	0	0	
0	0	0	0	0	0	0	0	0	0	0	0	0	0	0	0	0	0	0	0	0	0	0	0	0	0	0	0	0	0	0	0	0	0	0	0	0	0	0	0	0	0	10.254	0	0	0	0	0	0	0	0	0	0	0	0	9.43832	0	0	0	0	0	0	0	0	0	0	0	0	6.82931	0	0	0	0	0	0	0	0	0	0	0	0	0	0	0	0	0	0	0	0	0	0	0	0	0	0	0	0	0	0	0	
0	0	0	0	0	0	0	0	0	0	0	0	0	0	0	0	0	0	0	0	0	0	0	0	0	0	0	0	0	0	0	0	0	0	0	0	0	0	0	0	11.55501	0	0	0	0	0	0	0	0	0	0	0	0	0	0	0	0	0	0	0	0	0	0	0	0	0	0	0	0	0	0	0	0	0	0	0	0	0	0	0	0	0	0	0	0	0	0	0	0	0	0	0	0	0	0	0	0	0	0	0	
0	0	0	0	0	0	0	0	0	0	0	0	0	0	0	0	0	0	0	0	0	0	0	0	0	0	0	0	0	0	0	0	0	0	0	0	0	0	0	0	0	0	0	0	0	0	0	8.97261	0	0	8.43806	0	0	0	0	0	0	0	0	0	0	0	0	0	0	0	0	0	0	0	0	0	0	0	0	0	8.71812	0	0	0	0	0	0	0	0	0	0	0	0	0	0	0	0	0	0	0	0	0	0	0	
0	0	0	0	0	0	0	0	0	0	0	0	0	0	0	0	0	0	0	0	0	0	0	0	0	0	0	0	0	0	0	0	0	0	0	0	0	0	0	0	0	0	0	0	0	0	0	6.98329	0	0	10.60158	10.2265	0	0	0	0	7.42523	0	10.39163	0	10.71554	0	0	0	0	6.75304	0	0	0	0	0	0	0	0	0	0	0	0	0	0	0	0	0	0	0	0	0	0	0	0	0	0	0	0	0	0	0	0	0	0	
0	0	0	0	0	0	0	0	0	0	0	0	0	0	0	0	0	0	0	0	0	0	0	0	0	0	0	0	0	0	0	0	0	0	0	0	0	0	0	0	0	8.51373	0	0	0	0	0	0	0	0	0	0	0	0	0	0	0	0	0	0	0	0	0	0	0	0	0	0	0	0	0	0	0	0	0	0	0	0	0	0	0	0	0	0	0	0	0	0	0	0	0	0	0	0	0	0	0	0	0	0	
0	0	0	0	0	0	0	0	0	0	0	0	0	0	0	0	0	0	0	0	0	0	0	0	0	0	0	0	0	0	0	11.00066	0	0	0	0	0	0	0	0	0	0	0	0	0	0	0	9.86364	0	0	0	0	0	0	0	0	0	0	0	0	0	0	0	0.44996	0	0	0	2.10222	0	0	0	0	0	0	0	0	0	0	0	0	0	0	0	0	0	0	0	0	0	0	0	0	0	0	0	0	0	0	0	0	
0	0	0	0	0	0	0	0	0	0	0	0	0	0	0	0	0	0	0	0	0	0	0	0	0	0	0	0	0	0	0	12.136	0	0	1.5007	0	0	0	0	0	0	0	0	0	0	0	0	0	0	0	0	0	0	0	0	0	0	0	0	0	0	0	0	0	0	0	0	0	0	0	0	0	0	0	0	0	0	0	0	0	0	0	0	0	0	0	0	0	0	0	0	0	0	0	0	0	0	0	0	0	
0	0	0	0	0	0	0	0	0	0	0	0	0	0	0	0	0	0	0	0	0	0	0	0	0	0	0	0	0	0	0	0	0	0	0	0	0	0	0	0	0	0	0	9.64104	0	0	0	0	0	12.87035	0	0	0	0	10.58929	0	0	0	0	0	0	0	0	0	0	0	0	0	0	0	0	0	0	0	0	0	0	0	0	6.04274	0	0	0	0	0	0	0	0	0	0	0	0	0	0	0	0	0	0	0	0	
0	0	0	0	0	0	0	0	0	0	0	0	0	0	0	0	0	0	0	0	0	0	0	0	0	0	0	0	0	0	0	0	7.84608	0	0	0	0	0	0	0	0	0	0	0	0	0	0	6.07124	0	0	8.37759	2.5581	0	0	0	0	0	0	7.96072	0	0	0	0	0	0	0	0	0	0	0	1.30094	0	0	0	0	0	0	0	0	0	0	0	0	0	0	5.84253	0	0	0	0	0	0	0	0	0	0	0	0	0	0	
0	0	0	0	0	0	0	0	0	0	0	0	0	0	0	0	0	0	0	0	0	0	0	0	0	0	0	0	0	0	0	0	0	0	0	0	0	0	0	11.54479	0	0	0	0	14.98848	0	2.99155	0	0	0	0	0	0	0	0	0	0	0	0	0	0	0	0	0	0	0	0	0	0	1.06895	0	0	0	0	0	0	0	0	0	0	0	0	0	0	0	0	0	0	0	0	0	0	0	0	0	0	0	0	0	0	
0	0	0	0	0	0	0	0	0	0	0	0	0	0	0	0	0	0	0	0	0	0	0	0	0	0	0	0	0	0	0	0	0	0	0	9.77603	0	0	0	0	0	0	0	0	0	0	0	9.17524	0	0	0	0	0	7.33295	0	0	0	0	0	0	9.87718	0	0	0	0	0	0	0	0	0	0	0	0	0	0	0	0	0	0	0	0	0	0	0	0	0	0	0	0	0	0	0	0	0	4.37588	0	0	0	0	0	
0	0	0	0	0	0	0	0	0	0	0	0	0	0	0	0	0	0	0	0	0	0	0	0	0	0	0	0	0	0	0	0	0	0	0	0	0	0	0	0	0	12.28826	0	0	0	0	0	0	0	0	0	0	1.06895	0	0	0	0	0	0	0	0	0	0	0	0	0	0	1.97368	0	0	0	6.63582	0	0	0	0	0	0	0	0	0	0	0	0	0	0	0	0	0	0	0	0	0	0	0	0	0	0	0	0	
0	0	0	0	0	0	0	0	0	0	0	0	0	0	0	0	0	0	0	0	0	0	0	0	0	0	0	0	0	0	0	0	0	0	0	0	0	0	0	0	6.7814	0	0	0	10.26905	0	0	4.51677	0	0	11.77223	11.87926	0	0	0	11.97062	0	0	6.35541	0	7.78993	0	0	0	0	0	0	0	2.10222	0	0	0	0	0	0	0	0	0	0	0	0	0	0	0	0	0	0	0	0	0	0	0	0	0	0	2.77724	0	0	0	0	
0	0	0	0	0	0	0	0	0	0	0	0	0	0	0	0	0	0	0	0	0	0	0	0	0	0	0	0	0	0	0	0	0	0	0	0	0	0	0	0	0	0	0	0	12.24269	0	0	0	0	3.11858	0	0	9.34316	0	0	0	0	8.8314	0	0	0	10.3343	0	0	0	0	0	0	0	0	0	0	0	0	0	0	0	0	0	0	0	0	0	0	0	0	0	0	0	0	0	0	0	0	0	0	0	0	0	0	
0	0	0	0	0	0	0	0	0	0	0	0	0	0	0	0	0	0	0	0	0	0	0	0	0	0	0	0	0	0	0	0	0	0	0	0	0	0	0	0	0	0	0	11.12974	0	0	10.50533	0	0	0	9.75541	0	0	0	0	0	0	0	0	6.73333	0	0	0	0	8.73804	0	0	8.23406	0	0	0	0	10.73271	0	0	0	3.78752	0	0	0	0	0	0	0	0	0	0	0	0	0	0	0	0	0	0	0	0	0	0	0	
0	0	0	0	0	0	0	0	0	0	0	0	0	0	0	0	0	0	0	0	0	0	0	0	0	0	0	0	0	0	0	0	0	0	0	0	0	0	0	0	0	0	0	0	1.21711	0	0	11.86461	0	0	0	8.83699	6.12519	0	0	8.42588	0	0	0	0	0	0	0	0	0	0	0	8.39798	0	0	0	0	0	12.04272	0	0	0	0	0	0	0	0	0	0	0	0	0	0	0	0	0	0	0	0	0	0	0	0	0	0	
0	0	0	0	0	0	0	0	0	0	0	0	0	0	0	0	0	0	0	0	0	0	0	0	0	0	0	0	0	0	0	0	0	0	0	0	0	12.84589	0	0	0	0	0	0	0	0	0	0	9.97275	0	0	5.82661	0	0	9.4153	0	10.11237	0	0	2.61436	0	2.92361	0	0	0	0	0	0	0	0	0	0	0	0	6.83392	2.22024	0	0	0	0	0	0	0	0	0	0	0	0	0	0	0	0	0	0	0	0	0	0	0	0	
0	0	0	0	0	0	0	0	0	0	0	0	0	0	0	0	0	0	0	0	0	0	0	0	0	0	0	0	0	0	0	0	0	0	0	0	0	0	0	0	0	0	13.90243	0	0	10.24271	0	13.40673	0	0	6.29617	0	10.40064	0	9.62106	0	0	0	0	0	0	0	0	11.76709	0	0	0	4.40109	0	0	10.99937	0	0	0	0	0	0	0	5.11557	0	0	0	0	0	0	0	0	0	0	0	0	0	0	0	0	0	0	0	0	0	
0	0	0	0	0	0	0	0	0	0	0	0	0	0	0	0	0	0	0	0	0	0	0	0	0	0	0	0	0	0	0	0	0	0	0	0	0	0	0	0	0	0	0	0	0	0	0	8.1267	9.31277	0	0	8.75891	0	0	0	0	0	0	0	0	0	0	0	0	0.79236	0	0	0	0	0	0	0	0	0	0	0	0	0	0	0	0	0	0	0	0	0	0	0	0	0	8.94503	0	0	0	0	0	0	0	0	0	
0	0	0	0	0	0	0	0	0	0	0	0	0	0	0	0	0	0	0	0	0	0	0	0	0	0	0	0	0	0	0	0	0	0	0	0	0	0	0	0	0	0	0	0	0	0	0	13.1713	0	0	0	0	9.7916	6.16252	0	0	0	0	10.73788	12.70386	0	0	0	0	0	0	0	0	0	0	0	0	0	0	0	0	0	0	0	0	0	0	0	0	0	0	0	0	0	0	0	0	0	0	0	0	0	0	7.11481	0	
0	0	0	0	0	0	0	0	0	0	0	0	0	0	0	0	0	0	0	0	0	0	0	0	0	0	0	0	0	0	0	0	0	0	0	0	0	0	0	0	0	0	8.38225	0	0	0	0	0	0	8.46996	0	7.81594	0	4.6101	0	0	0	0	0	0	0	0	0	0	13.47708	0	0	0	0	0	0	0	0	0	0	0	12.40501	0	0	0	0	0	0	0	0	0	0	0	0	0	0	0	0	0	0	0	0	0	0	0	
0	0	0	0	0	0	0	0	0	0	0	0	11.66152	0	0	0	0	0	0	0	0	0	0	0	0	0	0	0	0	0	8.76983	0	0	0	0	0	0	0	0	0	0	0	11.04793	0	0	0	0	4.75401	0	0	13.49937	0	0	7.70138	6.28268	0	9.26496	0	0	0	0	0	0	6.9665	11.43523	9.14665	0	0	0	0	0	0	0	0	0	0	0	0	0	0	0	0	0	0	0	0	0	0	0	0	0	0	0	0	0	0	0	0	0	0	
0	0	0	0	0	0	0	0	0	0	0	0	0	0	0	0	0	0	0	0	0	0	0	0	0	0	0	0	0	0	0	0	0	0	0	0	0	0	0	0	0	0	0	0	0	11.247	2.3293	0	4.03303	13.65289	0	7.33736	7.74809	0	8.54092	7.10962	0	0	0	0	12.38393	0	0	0	0	0	0	0	0	6.84181	0	0	0	0	0	0	6.87983	0	0	0	0	0	0	0	0	0	0	0	0	0	0	0	0	0	0	0	0	0	0	0	
0	0	0	0	0	0	0	0	0	0	0	0	0	0	0	7.45586	0	0	0	0	0	0	0	0	0	0	0	0	0	0	0	0	0	0	0	6.5651	11.26847	0	0	0	0	0	0	3.39439	0	9.38562	6.85944	9.39976	5.85111	9.65092	0	0	5.6763	0	10.41618	0	0	0	0	8.86349	0	7.68608	0	6.75304	0	6.66213	0	0	11.69057	0	8.23581	0	0	0	0	11.28118	0	9.5671	0	3.86202	0	0	0	0	0	0	0	0	0	0	9.4781	0	0	0	0	0	0	0	0	0	
0	0	0	0	0	0	0	0	0	0	0	0	0	0	0	0	0	0	0	0	0	0	0	0	0	0	11.59002	0	0	0	0	7.95222	0	0	6.36184	0	0	0	0	0	10.52662	0	0	0	0	0	0	0	11.97368	2.89763	4.47418	9.7382	9.68852	0	9.93172	0	4.63155	0	4.23214	0	6.60903	8.21824	0	0	0	8.36793	0	0	0	0	0	0	0	8.78188	0	0	0	0	0	0	0	0	0	0	0	0	0	0	0	0	0	0	0	0	0	0	2.61436	0	0	0	
0	0	0	0	0	0	0	0	0	0	0	0	0	0	0	0	0	0	0	12.1832	0	0	0	0	0	0	0	0	0	0	0	0	0	0	0	0	0	0	0	0	0	0	0	13.08857	0	0	11.75492	12.90167	11.04881	0	9.85055	8.60777	11.74834	0	0	0	14.52743	0	0	9.40823	7.26856	0	0	12.18297	0	7.3691	0	4.95462	0	0	0	0	0	0	0	0	0	0	0	0	0	0	0	0	0	0	0	0	0	0	9.64205	0	0	0	0	0	0	0	0	0	
0	0	0	0	0	0	0	0	0	0	0	0	6.90615	0	0	0	0	0	0	11.00478	0	0	0	0	0	0	0	0	0	0	0	0	0	7.25392	0	0	0	0	0	0	0	9.524	14.23375	0	8.39747	0	0	3.40583	11.1589	0	2.85228	9.2606	6.65147	2.18815	10.35398	8.52094	5.16664	4.65846	7.12645	0	0	0	0	0	8.23931	0	0	0	0	0	0	0	0	0	0	0	0	0	10.95272	0.79236	0	0	0	0	0	0	0	0	0	0	0	0	0	0	0	0	0	0	0	0	
0	0	0	0	0	0	0	0	0	0	0	0	0	0	0	0	0	0	0	0	0	0	0	15.70916	0	0	0	0	0	0	0	0	0	0	0	0	0	0	9.90828	0	0	0	7.38593	8.63821	4.97155	0	8.42823	7.2904	0	8.95713	9.01405	8.48445	0	0	0	0	0	6.75627	15.53491	10.18492	11.17017	0	0	0	7.43466	0	0	0	0	0	0	0	0	0	0	0	0	0	0	0	0	0	0	0	0	0	0	0	0	0	0	0	0	0	0	0	0	0	0	0	
0	0	6.70324	0	0	0	0	0	0	0	0	0	0	0	0	0	0	0	0	0	0	0	0	0	0	0	0	0	0	0	0	0	0	0	0	0	0	0	0	0	9.65218	0	0	0	0	8.75035	0	5.18394	8.61551	11.84491	0	4.79262	10.2609	9.11309	5.11557	8.02902	0	0	3.11858	3.05646	6.31175	0	8.95251	8.10577	0	0	0	0	0	0	0	8.07017	0	0	0	0	0.44996	0	0	0	0	0	0	0	0	0	0	0	0	0	0	0	0	0	0	0	0	0	0	0	
0	0	0	0	0	0	0	0	0	0	0	10.25745	0	0	0	0	0	0	0	0	0	0	0	0	0	0	0	0	0	0	0	0	7.77313	0	0	0	0	8.16266	13.04313	2.43071	10.04849	6.9172	0	0	11.44403	8.47332	11.52363	9.75769	10.75915	0	11.46654	0	2.09295	4.5108	0	9.9675	6.35449	10.66875	0	0	0	0	0	0	0	0	0	7.91333	0	0	0	0	7.35305	0	0	6.67768	0	0	9.46322	0	0	0	0	0	0	0	0	0	0	0	0	0	0	0	0	10.68186	0	0	0	0	
0	0	0	0	0	0	0	0	0	0	0	0	0	0	0	0	0	0	0	0	0	0	0	0	0	0	0	0	0	0	0	0	0	0	3.34328	8.18517	0	0	0	7.66543	0	12.96306	0	9.75027	13.77573	10.03323	7.42401	8.49169	5.96881	10.53303	10.62683	9.79517	2.69811	8.38873	0	0	7.81398	0	0	6.84067	9.88334	0	2.10222	0	0	0	0	0	0	0	0	0	0	0	0	0	0	0	7.01221	0	0	0	0	0	0	0	0	9.01507	0	0	0	0	0	0	0	0	0	0	0	0	
0	0	0	0	0	0	0	0	10.81414	0	9.9738	0	0	0	0	0	0	0	0	0	0	0	0	0	0	0	9.3777	0	0	0	0	0	0	0	0	6.1917	0	10.51222	12.21697	0	8.83514	4.84867	0	7.38498	0	11.85939	7.83114	7.71132	11.50574	8.0064	0	9.18497	0.44996	0	0	0	8.74015	3.17811	0	0	0	0	0.79236	0	0	0	12.97821	0	0	0	0	0	0	0	0	0	0	0	0	0	0	0	0	0	0	0	0	0	0	0	0	0	0	2.69811	0	0	0	0	0	0	
0	0	0	0	0	0	0	0	0	0	0	10.4663	0	0	10.99162	0	0	0	0	0	0	0	0	0	0	0	0	0	0	0	0	10.94524	0	0	6.84776	0	12.82151	0	0	10.47949	4.90262	0	9.67954	9.15187	9.95733	7.49496	10.96818	8.54304	2.92097	8.95041	6.31535	9.50977	10.78022	8.93665	0	0.79236	7.82133	0	0	14.98697	10.49768	4.87897	0	9.68916	0	0	0	0	0	0	0	0	0	0	0	6.77428	0	0	0	0	0	0	0	7.42854	0	0	0	0	0	0	0	0	0	0	0	0	0	0	0	0	
0	0	0	0	0	0	0	0	0	0	0	0	10.78541	0	0	0	0	0	0	0	0	0	0	0	0	0	0	0	0	9.71891	0	0	9.39741	0	2.43071	0	13.59301	0	13.7034	9.81172	10.50731	8.87478	10.6194	8.5116	9.12669	3.53725	9.41258	10.19964	6.94952	9.54487	7.94917	10.99653	9.97538	5.54071	7.283	8.77685	9.74076	0	0	9.30194	7.00811	0	0	0	0	0	0	0	0	0	0	0	0	9.11773	0	0	0	0	0	0	10.84719	0	0	0	0	0	0	0	0	0	0	0	0	0	0	0	0	0	0	0	
0	0	0	0	0	0	0	14.01741	0	0	0	9.4512	0	0	0	0	0	0	0	0	0	0	0	0	0	0	0	7.84148	0	0	6.25529	0	11.94139	0	0	0	6.20608	9.79636	9.67002	10.24613	10.43874	4.13869	0	10.16412	9.9513	8.6561	9.14036	9.44207	10.39428	9.98106	5.74435	8.6562	7.75858	9.3227	7.41341	8.71558	12.82625	5.23357	4.16089	7.98385	6.34619	12.85867	7.71903	0	10.58655	0	0	0	0	0	0	0	0	9.85626	0	0	0	0	0	0	0	0	0	0	0	0	0	0	0	0	0	0	0	0	0	0	0	0	0	0	
9.90278	0	0	0	0	0	0	0	8.39698	0	0	0	10.39673	0	0	0	0	0	0	0	0	0	0	0	11.71888	0	0	7.68095	0	0	0	0	13.4937	0	9.95127	6.97072	0	7.21772	10.19526	7.29692	6.99161	9.5178	6.71901	10.07921	11.01439	9.68849	7.74659	9.54039	5.52821	4.23445	9.15602	8.06256	6.51491	6.65908	10.34773	9.78401	8.28742	5.69367	0	10.80047	0	3.05646	0	6.0686	0	6.60361	0	0	0	0	0.44996	0	0	0	0	0	0	0	0	0	0	0	5.05563	0	0	13.05743	0	0	0	0	0	0	0	0	0	0	0	0	0	0	
0	0	0	10.16804	0	0	0	0	0	0	0	0	0	0	0	0	0	0	7.38498	0	0	12.38905	0	7.47082	11.35411	4.92016	0	0	10.74014	8.35348	11.8942	0	10.22341	0	0	0.79236	0	9.86561	10.59574	9.35941	9.30865	7.55732	8.76176	9.70489	8.06824	9.93962	7.81284	7.81676	9.12082	7.84109	9.97217	8.14604	8.89582	6.34137	5.02627	8.37694	0	3.76501	5.5348	8.61103	0	2.22024	10.38572	0	0	0	0	0	0	5.05332	0	0	8.061	0	3.78752	10.12708	10.25184	6.44237	0	3.62584	0	0	0	0	0	0	0	0	0	0	0	0	0	0	0	0	0	0	0	0	
7.8957	0	0	0	10.94872	10.13519	0	0	0	0	0	0	0	0	0	0	0	9.93009	0	0	0	0	0	0	9.32187	0	8.34047	7.4857	0	12.00866	10.71393	0	0	0	11.54585	9.84539	6.11011	11.13934	11.71354	9.32296	7.81518	9.04913	8.48938	8.86728	8.25123	8.36782	9.62607	8.61456	7.85452	10.95034	5.07474	9.91924	8.9169	8.33144	10.15327	8.96359	9.02869	3.04043	6.39874	8.57123	5.34071	0	7.13847	9.30194	10.10088	9.20238	10.00613	0	0	0	0	0	0	0	5.36654	0	0	0	0	0	0	0	0	0	0	0	0	0	0	0	0	0	0	0	0	0	0	0	0	0	
0	0	0	0	0	0	0	0	7.32038	0	8.84639	0	0	0	0	0	8.61281	14.97661	11.9635	6.875	9.26294	6.60728	0	0	0	13.14962	0	10.65658	4.48788	10.11856	0	10.4369	11.9798	6.42548	8.81808	9.17298	7.11569	6.01978	9.74856	8.36893	9.49465	8.12688	5.20195	8.03744	9.83678	7.97686	8.75979	8.94519	8.26098	6.95441	6.70901	10.7166	7.3417	9.24672	5.9398	5.93652	5.30693	7.84148	0	9.02727	4.71705	8.66317	8.66421	0	7.81729	10.84145	1.30094	0	0	0	0	6.49658	0	0	8.94824	0	0	0	9.93118	0	0	0	0	0	0	5.36654	0	0	0	0	0	0	0	0	0	4.58831	0	0	0	0	
0	10.85462	0	0	4.71433	9.52185	0	0	0	0	0	0	0	0	6.14023	11.07376	0	11.06097	10.09731	0	9.9225	0	4.45022	0	0	0	0	0	9.95855	9.65551	8.83745	0	12.0411	6.20405	9.81816	8.31748	9.65003	9.27546	8.58798	8.65979	8.99242	7.5862	7.96581	7.25608	8.50735	7.85702	7.50477	9.19676	7.86709	8.23376	7.42082	7.97208	7.33566	7.22174	8.46393	7.74435	7.13374	7.55103	8.79078	6.6119	0	7.01629	0	11.28358	10.06924	1.5007	5.32449	11.31708	0	0	0	0	0	0	0	3.89789	0	0	0	0	8.86917	0	0	0	0	0	0	0	0	0	0	0	0	0	0	0	0	0	0	0	
0	12.57394	6.42465	0	9.702	0	0	0	0	0	8.79976	0	0	0	8.13799	9.90057	0	8.37272	0	0	6.61443	4.06493	8.5666	11.2259	10.18583	11.59754	0	5.25058	6.52553	7.6158	10.8492	10.05992	10.76087	11.19904	9.35521	4.77409	8.43587	8.26593	7.75561	8.14156	7.14795	7.89953	7.39467	7.67339	7.08177	6.51418	8.66395	7.43633	9.30508	8.08136	7.37684	8.42953	8.40643	8.50346	6.72411	5.56875	8.2347	8.9555	5.84615	9.5974	0	6.5002	9.93336	10.38915	2.26046	0	0.44996	0	0	0.44996	0	7.26286	0	7.15612	9.15686	0	4.90262	0	0.44996	0	0	0	0	4.6671	0	2.0783	0	0	0	0	0	0	0	0	0	0	0	0	0	0	
0	0	0	0	0	0	0	0	8.28234	0	8.38856	13.09822	0	0	0	0	0	0	9.81348	0	7.84837	0	0	0	0	10.61308	10.25845	0	3.49147	8.82559	8.72492	8.26528	9.1513	9.00278	9.5022	8.95579	7.23979	8.322	8.8399	9.6938	7.83512	7.48536	8.9541	7.09341	6.613	7.5048	7.04841	8.82277	8.14386	8.73043	8.95734	7.85927	7.31707	7.64846	7.90519	8.76165	8.15958	7.98424	11.56654	8.6247	10.71745	5.20446	12.36694	6.96528	0	8.17209	0	8.68766	0	0	0	0	0	0	0	0	0	0	0	0	0	4.12668	0	0	0	0	0	9.43241	8.45326	2.22024	0	0	0	0	0	0	0	0	0	0	
0	0	0	0	0	0	0	0	10.9122	11.4394	6.36537	4.95462	0	12.98992	0	0	0	4.06493	12.84495	4.23102	0	0	7.8957	9.94086	8.52237	8.47419	4.21461	9.03883	4.70729	10.38152	0	7.42127	4.28589	4.62724	5.44483	8.48279	8.84512	5.95895	8.28858	6.29654	6.99536	9.41239	8.19805	8.73245	6.75765	7.58617	7.41385	7.90502	7.16582	8.37059	8.74248	6.89394	8.27358	5.44803	7.74029	8.92607	5.05107	12.36516	10.45732	5.9039	6.39518	8.77329	10.54898	6.10231	1.34906	10.65656	10.94578	0	0	0	0	0	0	5.56918	8.97471	0	0	0	13.40312	0	0	0	0	0	0	0	0	0	10.71931	0	1.83261	0	0	0	0	0	0	0	0	0	
0	0	7.86659	8.11001	0	1.5007	0	1.30094	5.72702	0	0	0	0	0	0	0	0	7.98154	0	0	0	0	0	10.55846	0	9.69171	0	10.55228	8.03507	6.80647	0	8.56355	0	7.96284	6.21387	8.95663	6.64043	6.66773	2.53762	11.04221	8.87004	9.25231	6.84624	7.26804	7.25319	8.31696	6.8368	9.58935	7.70104	7.96462	7.44797	7.4389	8.18628	8.07025	8.37675	6.40606	7.45564	7.94739	8.19854	7.21416	11.59711	8.43368	4.76854	9.01201	6.4311	0	0	5.62863	4.37588	5.85038	3.44422	0	8.85667	0	1.57404	0	5.89222	0	0	0	0	0	6.18669	0	0	0	0	0	0	0	0	0	0	0	0	0	0	0	0	0	
0	0	0	0	0	0	0	0	0.44996	0	9.50596	7.56026	6.68331	0	11.75385	0	0	8.90484	0	5.68659	0	0	0	0	0	0	7.44984	5.44135	8.33536	0	8.33013	9.06574	7.48385	7.8449	4.39115	8.63231	7.91091	7.99282	8.01992	8.28986	8.07322	6.72616	6.82818	7.89732	6.97971	8.68312	5.78032	5.66294	7.4551	6.44747	6.27814	8.94414	8.67443	7.49608	6.95568	6.459	6.89143	8.31326	9.08905	6.0316	7.4176	5.93547	7.68974	6.5747	0	6.33439	8.1436	3.66212	0	0	7.111	0	6.87887	3.11033	0	13.41767	0	0	0	0	0	0	0	0	0	0	0	0	6.35686	0	0	0	0	0	0	0	0	0	0	0	
0	0	0	0	0	0	0	0	0	10.14771	0	0	4.03303	0	0	0	0	0	0	0	0	0	0	10.90312	0	0	10.51291	0	0	4.78955	6.3242	0	0	8.22536	11.04557	8.66967	4.24278	1.06895	0.44996	8.91033	3.88697	8.82792	4.88877	5.75836	9.60025	8.28574	7.60602	6.57458	9.49583	7.80734	6.63262	9.25937	7.19188	6.21135	8.3436	7.08317	7.93696	6.71155	5.15568	6.85202	7.63539	7.96548	3.94803	7.85141	7.3922	5.75048	6.90615	10.01419	8.44085	0	0	10.61679	0	6.86598	0	5.78563	9.4021	0	0	0	0	0	0	0	11.40304	0	0	5.02117	0	0	0	8.76741	0	0	0	0	8.35992	0	0	0	
0	0	0	0	0	0	0	0	0	0	0	10.0274	0	0	0	0	0	6.99222	12.34234	0	0	0	0	2.52544	0	0	0	4.98828	0	0	0	0	6.15473	6.83003	6.45184	0	3.15144	8.82566	0	3.8242	8.30822	9.97142	7.53985	5.38836	0	6.36932	6.73921	4.27575	7.98897	7.28792	7.4449	10.41174	8.30329	5.23745	7.50369	5.70764	7.18396	6.90864	7.27708	8.00426	6.7685	5.64278	0	5.3004	9.8167	0	6.90491	8.13048	10.66669	8.1201	0	0	0	0.44996	0	10.02386	0	8.56203	0	0	0	7.10941	0	0	0	0	0	0	0	0	0	0	0	0	0	0	0	0	0	0	
0	0	0	0	4.96995	0	0	0	0	0	11.0925	0	1.67618	0	0	10.54191	0	0	7.74879	0	7.68707	7.12997	0	0	0	9.30361	7.00401	0	0	7.74925	0	9.9178	9.63773	0	0	8.32412	10.49293	9.11272	11.61565	9.75471	6.05737	9.39427	6.57102	7.47676	3.16413	6.55144	12.54349	4.16884	8.1899	10.44794	9.41236	5.43307	8.75702	6.57831	6.71696	7.15201	6.4092	6.72321	4.42709	7.58952	5.62534	9.14949	4.97503	7.2171	7.42741	0	8.54452	8.92968	0	0	9.21098	9.17524	6.97618	9.02663	7.50911	0	7.17753	0	0	0	6.82466	0	0	0	0	3.39439	0	0	0	1.06895	0	0	0	0	0	0	0	0	0	0	
0	0	0	0	0	0	0	0	0	0	0	5.70695	4.33022	0	0	10.94229	0	0	0	4.47418	8.07282	0	0.79236	0	0	0	0	0	0	3.43572	2.3293	6.23304	0	0	0	8.87141	0	0	0	4.73431	4.73964	4.89967	4.25768	5.92465	8.94277	4.34804	6.4909	6.8301	6.78775	7.74167	0	0	7.91114	7.44599	6.1176	5.92698	7.15452	7.4631	7.02844	6.5055	8.43332	8.22432	9.31848	8.94382	4.53392	5.68492	8.68	9.67626	6.20608	8.05573	0	6.14771	7.85967	10.96122	9.30778	0	4.45022	0	5.72702	0	0	0	0	0	0	0	0	0	0	0	0	0	0	0	0	0	0	0	0	0	
0	0	0	8.62757	0	0	0	0	0	0	0	0	0	0	0	0	0.44996	0	0	0	0	0	6.10998	0	0	0	7.06173	5.57112	9.17159	8.20751	0	0	0.44996	0	0	12.94062	0	0.79236	6.34895	0.75946	7.93348	0	2.69811	0	6.64559	10.92854	9.45237	8.17682	6.36849	6.54709	7.09358	6.11474	7.01244	9.26225	7.22464	7.93549	7.29426	7.06217	7.84041	5.79998	8.56055	7.27266	8.65833	9.70992	8.86855	8.21926	8.20508	11.72887	11.40441	7.05488	2.74983	10.17879	5.48625	2.60609	6.51356	0	11.28295	0	4.87666	8.58696	0	7.19627	9.11938	0	0	0	0	0	0	0	0	0	0	0	0	0	0	5.68659	0	10.6854	
0	0	3.85069	0	0	0	0	0	0	0	0	0	0	0	0	0	0	0	0	0	6.1176	0	0	0	0	11.06171	0	9.47189	0	10.65265	0	11.51569	11.13374	0	7.86885	0	0	5.23428	6.34038	0	9.13637	0	0	7.77665	12.32072	9.38325	1.18495	4.49844	10.33553	6.50492	8.36629	11.65679	7.08251	8.45133	6.84798	8.92959	0	6.69883	7.75407	6.74421	4.51084	4.74444	5.72004	3.05413	5.01193	7.02164	5.49104	0	9.17201	4.1298	6.17142	8.48506	6.03949	7.98869	0.79236	0	5.49185	0	2.35532	6.28944	0	5.81361	0	0	0	0	0	0	6.97559	0	0	0	0	0	0	0	4.03303	0	0	0	
0	0	0	0	2.3293	0	0	0	0	0	0	0	9.94517	0	0	0	0	0	0	0	6.12519	0	0	0	0	0	0	6.5521	0	0	0	1.5007	10.82902	0	0	0	8.40579	0	4.3241	7.92858	0	0	3.37887	0.79236	7.25966	0	4.60721	9.28087	6.51402	4.38719	7.80181	3.69641	6.39986	5.11639	8.14376	0.97533	0	5.19473	4.01958	2.22387	7.81961	6.46148	7.7885	7.57171	6.64762	7.66387	5.85043	3.03417	6.31308	6.10763	6.96317	0	0	9.3233	0	10.25241	5.75954	6.28582	0	0	0	0	0	0	9.97747	4.35023	0	0	0	0	0	0	0	0	0	0	10.77128	0	0	0	
0	0	0	0	0	0	0	0	7.04456	0	0	0	6.39359	0	0	0	8.45326	5.66594	6.36184	0	0	0	0	0	7.08109	0	0	0	0	0	0	0	0	0	7.52055	7.97548	0	8.36473	0	0	0	0	7.46187	11.14637	0	8.0435	9.25691	6.39986	0	4.51249	0	11.3713	10.39673	7.99919	0	8.40579	0	5.57785	0	5.22598	7.90833	0	8.06001	7.7947	8.37308	7.30934	7.52304	6.44369	10.51258	6.78016	8.34718	3.33556	7.25226	8.06889	7.88761	4.58726	8.75736	6.40609	0	0	11.24864	12.35529	10.3493	0	4.46768	1.97368	7.44075	4.2975	6.2344	0	8.74582	0	0	10.11373	0	0	0	0	0	0	
0	0	0	0	0	0	0	0	0	0	0	0	0	0	0	0	0	0	0	0	6.73498	0	0	0	0	0	0	0	0	7.24233	0	0	0	0	4.49773	0	0	0	0	0	9.36895	0	7.45586	6.74322	2.82847	0	0	3.66799	9.56988	5.80597	9.5404	0	0	2.22511	3.31088	7.30571	0	0	7.20089	8.21692	10.31122	6.13025	2.80453	6.43098	7.88433	7.62359	6.30951	5.22199	6.19588	6.24571	8.64554	7.34775	3.82036	5.99566	7.55367	0	3.37115	0	5.60991	0	0	0	5.11557	0	0	0	7.93417	0	0	0	0	0	0	0	0	0	0	0	0	0	
0	0	0	0	7.19627	0	0	0	0	0	0	4.35023	0	3.82525	0	0	0	0	0	0	0	0	0	0	0	0	0	0	0	0	0	0	0	0	0	0	0	0	0	7.56787	0	0	5.58025	0	4.18274	0	1.06307	8.99555	0	0	3.78752	0	0	0	10.07076	0	0	0	0	8.32248	6.85075	1.90064	6.80044	7.60203	7.41629	0	0.22498	5.93762	8.9474	5.17019	6.60956	8.64136	8.44525	5.89169	0	0	7.20037	6.99576	5.65902	5.77602	6.3228	8.061	2.43071	0	0	0	3.53767	12.26118	0	6.55485	0	0	0	0	6.36184	0	0	0	0	0	
0	0	0	0	0	0	0	0	0	0	0	0	0	0	0	0	0	6.88322	0	0	0	7.95435	7.99009	0	0	0	10.02335	0	0	0	0	0	0	6.40955	9.81549	0	0	0	0	0	0	0	0	0	0	0	0	0	4.6527	0	7.66282	0	0	0	0	7.53942	9.44065	10.98582	2.92361	3.53767	0	6.55919	3.85408	0	8.36444	7.6774	5.04409	7.01601	5.70694	3.65319	7.32397	5.11454	6.48927	6.96935	9.61505	7.35476	5.19193	0	9.32928	8.50532	0	0	9.04944	0	6.38098	9.69755	1.67618	4.98828	0	10.42025	0	0	0	0	0	0	9.78092	0	0	0	
0	0	0	0	0	0	0	0	7.14922	0	0	0.79236	0	0	0	0	0	0	0	0	0	0	0	0	0	0	0	2.3293	0	14.11983	0	0	0	0	0	0	0	0	0	10.38078	0	0	0	0	0	6.14023	0	6.10998	4.6527	0	0	10.86088	0	0	0	0	0	0	8.04156	0	7.22122	0	8.83268	9.53181	11.35864	5.82973	4.99835	0	0	6.29705	7.41399	2.10222	8.12237	7.86444	5.7111	8.46668	2.18794	0	0	7.17387	6.75954	7.96155	10.65393	12.7186	6.62798	0	3.82525	0	0	0	8.11723	0	8.1671	0	0	0	0	0	0	0	
0	0	0	0	0	0	0	0	0	0	0	0	0	8.17134	0	0	0	0	0	6.34246	0	0	0	0	0	3.1019	0	0	0	0	0	0	0	0	7.43466	0	0	7.22776	0	0	9.36094	0	2.92361	8.40267	0	0	0	0	0	0	5.9738	4.63155	0	0	5.21842	0	0	0	0	5.20723	8.36395	0	7.16234	9.57681	7.32698	4.88231	10.12213	4.71433	0	5.408	6.06775	0	7.5009	6.32963	9.01098	7.60601	5.47229	5.79623	7.44872	4.47905	0	7.79979	7.25621	5.06441	4.86193	0	0	5.36654	4.07152	0	8.08453	0	0	7.16718	0	0	0	0	5.28443	0	
0	0	0	0	0	0	0	5.98217	0	0	0	0	0	0	0	0	0	0	0	0	0	0	6.50823	0	0	0	0	0	10.90478	0	0	0	0	0	8.66626	0	0	0	0	0	0	1.5063	0	0	0	0	3.62117	0	0	0	0	0	10.59066	0	0	0	5.04852	6.34895	0	4.66291	9.48892	0	0	5.35927	0	5.90498	0	7.72492	7.27746	10.60768	8.1816	5.38958	8.65009	4.36122	8.69701	7.33069	7.18949	0	5.81885	3.9135	8.53371	6.80389	6.52091	0	5.49908	0	2.43071	5.14299	0	0	10.40649	7.93999	0	0	0	0	9.29859	0	0	0	
0	0	0	0	0	0	0	0	0	0	0	0	0	0	0	0	0	0	0	0	0	0	0	0	0	0	0	0	0	0	0	0	0	0	0	0	0	5.3419	0	0	0	0	0	0	0	0	0	0	0	7.80889	0	4.34659	0	5.54348	0	0	5.75662	5.86232	0.44996	0	6.5539	0	7.15241	13.72995	7.52055	4.11238	0	0	8.14451	6.367	0	8.20214	5.5417	9.96412	7.62873	6.67571	0	3.78301	4.79032	6.82835	5.40541	8.96207	7.76345	1.06895	0	0	6.41486	0	0	0	0	0	6.41381	10.74241	12.0558	0	0	0	0	0	
0	0	0	0	0	0	0	8.97051	0	0	0	0	0	0	0	0	0	0	0	0	0	0	0	0	0	0	0	0	0	0	0	0	0	0	0	0	0	3.97066	0	7.33354	0	0	0	0	0	0	0	0	0	0	4.51578	0	0	9.87999	8.98546	0	0	7.96788	8.47122	11.30357	0	3.82525	0	6.92859	8.23251	10.16206	0	0	7.83874	6.30832	8.69169	4.23364	5.19733	6.25818	7.65236	8.3091	6.32498	0	8.27133	5.0512	7.59303	10.26434	4.72322	4.24633	2.84732	0	0	0.99718	0	0	5.92249	0	0	0	0	2.38217	0	0	0	0	
0	0	0	0	0	0	0	0	0	0	0	0	0	0	0	0	0	0	0	0	0	0	0	0	0	9.00586	0	0	0	0	0	0	0	0	0	0	0	7.99424	0	0	0	0	0	0	7.97548	0	0	0	8.2992	0	0	0	0	0	0	3.29031	0	0	0	0	0	0	8.46094	0	0	6.02477	6.68561	9.28305	0.44996	8.04423	2.58215	0	6.26318	0	9.81406	6.31341	7.72653	6.37943	5.05959	5.77971	4.99768	0	7.03651	0	6.30288	5.83286	0	0	0	0	7.12241	0	0	0	0	0	0	1.06895	0	0	
0	0	0	0	0	0	0	0	0	0	0	0	10.27844	0	0	0	0	0	0.44996	0	0	0	0	0	0	0	0	0	0	0	0	0	0	0	0	0	0	0	0	0	0	0	0	0	0	0	0	8.9169	0	0	2.10222	0	8.95889	0	0	0	0	0	0	4.36893	0	0	0	5.93611	6.79644	9.12695	10.04462	0	10.6188	0	0	9.03131	0	0	0	6.94914	5.64286	8.31219	9.30991	4.20932	0	7.55295	6.63666	5.93897	6.25058	3.76172	8.38985	2.61436	7.8957	0	0	0	0	6.10231	0	0	0	0	0	0	
0	0	0	0	0	0	0	0	0	0	0	0	0	0	0	0	0	0	0	0	0	0	0	0	0	0	0	0	0	0	0	0	8.83256	0	0	0	0	0	0	0	5.9569	0	0	0	0	0	0	0	0	0	0	0	0	0	0	0	9.60147	0	0	0	8.07262	0	0	3.75112	0	7.09564	0	0	7.68244	0	0	0	10.27971	0	0	5.9738	0	0	3.70927	10.08807	5.76189	6.95378	10.86173	0	3.53767	0	1.06895	0	0.79236	0	7.11127	7.13515	4.77353	0	0	0	0	0	0	0	
0	0	0	0	0	0	0	1.74574	0	0	0	0	0	0	0	0	0	0	0	0	0	0	0	0	0	0	0	5.93117	0	0	0	0	0	0	0	0	0	0	0	0	0	0	0	0	0	0	0	0	0	0	0	0	0	0	0	0	0	2.61436	0	0	0	0	0	0	0	0	0	0	0	0	7.10817	5.20146	5.9041	1.30094	0	8.03507	11.95076	0	9.88529	4.47418	0	6.2909	0	7.25621	1.83261	10.03354	0	9.97766	0	0	0	4.98828	0	0	0	8.68	0	0	0	0	
0	0	0	0	0	0	0	0	0	0	0	0	0	0	0	0	0	0	0	0	10.43079	0	0	0	0	0	0	0	0	0	8.94503	0	0	0	0	0	0	0	0	0	0	0	0	0	0	0	0	0	0	0	0	0	0	0	0	0	0	0	0	13.5644	0	0	0	0	7.08401	9.8693	8.07673	7.68879	0	0	0	0	0	0	0	1.97368	4.99969	1.97368	0	0	3.51424	0	0	0	4.08188	4.90262	7.33902	7.09629	8.36313	0	7.82295	7.43466	7.09177	3.82525	0	7.52055	0	0	0	0	
0	0	0	0	0	0	0	0	0	0	0	0	0	0	0	0	0	0	0	0	0	0	0	0	0	0	0	0	0	0	0	0	0	0	0	0	0	0	0	0	0	0	0	0	0	0	0	0	4.24278	0	0	0	0	0	0	0	0	0	0	0	0	0	0	0	0	0	0	0	0	9.35692	10.03748	8.49629	6.87805	0	9.01405	6.69817	0	9.33665	0	0	0	8.25149	6.31937	0	3.59272	0	8.6182	0	0	4.51178	0	2.75294	6.07461	0	5.26035	0	0	0	0	0	
0	0	0	0	0	0	0	0	0	0	0	0	0	0	0	5.13282	0	0	0	0	0	0	0	0	0	0	0	0	0	0	0	0	0	0	7.49151	0	0	0	0	0	0	0	0	0	0	0	0	0	0	0	0	0	0	0	0	0	0	0	0	0	0	0	0	0	0	0	0	4.86687	0	0	0	0	0	9.36174	0	0	0	0.83809	0	0	0	1.06895	0	0	3.08582	0	6.55224	3.75305	8.96207	8.80563	8.82443	0	10.20071	0	0	0	0	0	0	0	
0	0	0	0	0	0	0	0	0	0	0	0	0	0	0	0	0	0	0	0	0	0	0	0	0	0	0	0	0	0	0	0	0	0	0	0	0	0	0	0	0	0	0	0	0	0	0	0	8.90373	0	0	0	0	0	0	0	0	0	0	2.92361	0	0	0	0	0	7.98779	0	0	0	0	0	8.36473	0	0	0	0	0	10.27247	0	5.16455	10.2886	0	0	9.57957	0	0	0	0	0	0	0	0	0	0	0	0	0	0	0	0	
0	0	0	0	0	0	0	0	0	0	0	0	0	0	0	0	0	0	0	4.79262	0	0	0	0	0	0	0	0	0	0	0	0	0	0	0	0	0	0	0	0	0	0	0	0	0	0	0	0	0	0	0	0	0	0	0	3.04619	0	0	10.60869	0	0	0	0	0	8.96629	0	0	0	0	0	0	6.73828	0	5.6763	0	0	6.43689	0	0	0	3.61056	8.06078	7.96625	8.43881	0	0	0	7.19627	7.70918	0	4.6527	8.80803	8.896	0	0	0	0	0	0	0	
0	0	0	0	0	0	0	0	0	0	0	0	0	0	0	0	0	0	0	0	0	0	0	0	0	0	0	0	0	0	0	0	0	0	0	0	0	0	0	0	0	0	0	0	0	0	0	0	0	0	0	0	0	0	0	0	0	0	0	0	0	0	0	0	0	0	0	0	0	0	0	0	0	0	0	0	0	0	0	0	0	0	0	0	0	0	4.79262	0	0	0	0	9.7164	0	0	0	0	0	0	0	0	
0	0	0	0	0	0	0	0	0	0	0	0	0	0	0	0	0	0	0	0	0	0	0	0	0	0	0	0	0	0	0	0	0	0	0	0	0	0	0	0	0	0	0	0	0	0	0	0	0	0	0	0	0	0	0	0	0	0	0	0	0	0	0	0	0	0	0	0	0	0	9.46575	0	0	0	0	0	0.79236	0	0	8.63087	0	0	0	10.29912	0	0	0	0	0	0	6.218	9.78563	0	0	0	0	0	0	0	0	
0	0	0	0	0	0	0	0	0	0	0	0	0	0	0	0	0	0	0	0	0	0	0	0	0	0	0	0	0	0	0	0	0	0	0	0	0	0	0	0	0	0	0	0	0	0	0	0	0	0	0	0	0	0	0	0	0	0	0	3.82525	0	0	0	0	0	0	0	0	0	0	8.51373	0	0	0	0	0	0	0	0	0	0	0	0	0	0	0	4.03303	0	0	0	0	0	0	0	0	0	0	0	0	0	
0	0	0	0	0	0	0	0	0	0	0	0	0	0	0	0	0	0	0	0	0	0	0	0	0	0	0	0	0	0	0	0	0	0	0	0	0	0	0	0	0	0	0	0	0	0	0	0	0	0	0	0	0	0	0	0	0	0	0	0	0	0	0	0	0	0	0	0	0	8.89267	0.44996	0	0	0	0	0	0	0	4.73431	0	0	0	0	0	0	0	0	0	8.11151	5.85111	0	0	0	0	0	0	0	0	0	0	
0	0	0	0	0	0	0	0	0	0	0	0	0	0	0	0	0	0	0	0	0	0	0	0	0	0	0	0	0	0	0	0	0	0	0	0	0	0	0	0	0	0	0	0	0	0	0	0	0	0	0	0	0	0	0	0	0	0	0	0	0	0	0	0	0	0	0	0	0	0	0	0	0	0	0	0	0	0	0	0	0	0	0	0	0	0	2.85228	0	0	0	0	0	0	0	0	0	0	0	0	0	
0	0	0	0	0	0	0	0	0	0	0	0	0	0	0	0	0	0	0	0	0	0	0	0	0	0	0	0	0	0	0	0	0	0	0	0	0	0	0	0	0	0	0	0	0	0	0	0	0	0	0	0	0	0	0	0	0	0	9.72016	0	0	0	0	0	0	0	0	0	0	0	0	0	0	0	0	7.76102	0	0	0	0	0	0	0	0	0	0	0	0	0	0	0	0	0	0	0	0	0	0	0	0	
0	0	0	0	0	0	0	0	0	0	0	0	0	0	0	0	0	0	0	0	0	0	0	0	0	0	0	0	0	0	0	0	10.10376	0	0	0	0	0	0	0	0	0	0	0	0	0	0	0	0	0	3.66799	0	0	0	0	0	0	0	0	0	0	0	1.30094	0	0	0	0	0	0	0	0	0	0	0	0	2.43071	0	0	0	0	0.44996	0	0	0	0	0	0	0	0	0	0	0	0	0	0	0	0	0	0	0	
0	0	0	0	0	0	0	0	0	0	0	0	0	0	0	0	0	0	0	0	0	0	0	0	0	0	0	0	0	0	0	0	0	0	0	0	0	0	0	0	0	0	0	0	0	0	0	0	0	0	0	0	0	0	0	0	0	0	0	0	0	0	0	0	0	0	0	0	0	0	0	0	0	0	0	0	0	0	0	0	0	0	0	0	0	0	0	0	0	0	0	0	0	0	0	0	0	0	0	0	
0	0	0	0	0	0	0	0	0	0	0	0	0	0	0	0	0	0	0	0	0	0	0	0	0	0	0	0	0	0	0	0	0	0	0	0	0	0	0	0	0	0	0	0	0	0	0	0	0	0	0	0	0	0	0	0	0	0	0	0	0	0	0	0	0	0	0	0	0	0	0	0	0	0	0	0	0	0	0	0	0	0	0	0	0	0	0	0	0	0	0	0	0	0	0	0	0	0	0	0	
0	0	0	0	0	0	0	0	0	0	0	0	0	0	0	0	0	0	0	0	0	0	0	0	0	0	0	0	0	0	0	0	0	0	0	0	0	0	0	0	0	0	0	0	0	0	0	0	0	0	0	0	0	0	0	0	0	0	0	0	0	0	0	0	0	0	0	0	0	0	0	0	0	0	0	0	0	0	0	0	0	0	0	0	0	0	0	0	0	0	0	0	0	0	0	0	0	0	0	0	
0	0	0	0	0	0	0	0	0	0	0	0	0	0	0	0	0	0	0	0	0	0	0	0	0	0	0	0	0	0	0	0	0	0	0	0	0	0	0	0	0	0	0	0	0	0	0	0	0	0	0	0	0	0	0	0	0	0	0	0	0	0	0	0	0	0	0	0	0	0	0	0	0	0	0	0	0	0	0	0	0	0	0	0	0	0	0	0	0	0	0	0	0	0	0	0	0	0	0	0	
0	0	0	0	0	0	0	0	0	0	0	0	0	0	0	0	0	0	0	0	0	0	0	0	0	0	0	0	0	0	0	0	0	0	0	0	0	0	0	0	0	0	0	0	0	0	0	0	0	0	0	0	0	0	0	0	0	0	0	0	0	0	0	0	0	0	0	0	0	0	0	0	0	0	0	0	0	0	0	0	0	0	0	0	0	0	0	0	0	0	0	0	0	0	0	0	0	0	0	0	
0	0	0	0	0	0	0	0	0	0	0	0	0	0	0	0	0	0	0	0	0	0	0	0	0	0	0	0	0	0	0	0	0	0	0	0	0	0	0	0	0	0	0	0	0	0	0	10.1285	0	0	0	0	0	0	0	0	0	0	0	0	0	0	0	0	0	0	0	0	0	0	0	0	0	0	7.32361	0	0	0	0	0	0	0	0	0	0	0	0	0	0	0	0	0	0	0	0	0	0	0	0	0	
