0	0	0	0	0	0	0	0	0	0	0	0	0	0	0	0	0	0	0	0	0	0	0	0	0	0	0	0	0	0	0	0	0	0	0	0	0	0	0	0	0	0	0	0	0	0	0	0	0	0	0	10.48884	0	0	0	0	0	0	0	0	0	0	0	0	0	0	0	0	0	0	0	0	0	0	0	0	0	0	0	0	0	0	0	0	0	0	0	0	0	0	0	0	0	0	0	0	0	0	0	0	
0	0	0	0	0	0	0	0	0	0	0	0	0	0	0	0	0	0	0	0	0	0	0	0	0	0	0	0	0	0	0	0	0	0	0	0	0	0	0	0	0	0	0	0	0	0	0	13.73029	0	0	0	0	0	0	0	0	0	0	0	0	0	0	0	8.5544	0	0	0	0	0	0	0	0	0	0	0	0	0	0	0	0	0	0	0	0	0	0	0	0	0	0	0	0	0	0	0	0	0	0	0	0	
0	0	0	0	0	0	0	0	0	0	0	0	0	0	0	0	0	0	0	0	0	0	0	0	0	0	0	0	0	0	0	0	0	0	0	0	0	0	0	0	0	0	0	0	0	0	0	0	0	0	0	0	0	0	9.68678	0	0	0	0	0	0	0	0	0	0	0	0	0	0	0	0	0	0	0	0	0	0	0	0	0	0	0	0	0	0	0	0	0	0	0	0	0	0	0	0	0	0	0	0	0	
0	0	0	0	0	0	0	0	0	0	0	0	0	0	0	0	0	0	0	0	0	0	0	0	0	0	0	0	0	0	0	0	0	0	0	0	0	0	0	0	0	0	0	0	0	0	12.88573	10.19798	0	0	0	0	0	0	0	0	0	0	0	0	0	0	0	0	0	0	0	0	0	0	0	0	0	0	0	0	0	0	0	0	0	0	0	0	0	0	0	0	0	0	0	0	0	0	0	0	0	0	0	0	
0	0	0	0	0	0	0	0	0	0	0	0	0	0	0	0	0	0	0	0	0	0	0	0	0	0	0	0	0	0	0	0	0	0	0	0	0	8.66492	0	0	0	0	0	12.08221	0	0	0	0	0	0	0	0	0	0	0	0	0	0	0	0	0	0	0	0	0	0	0	0	0	0	0	0	0	0	0	0	0	0	0	0	0	0	0	0	0	0	0	0	0	0	0	0	0	0	0	0	0	0	0	0	
0	0	0	0	0	0	0	0	0	0	0	0	0	0	0	0	0	0	0	0	0	0	0	0	0	0	0	0	0	0	0	0	0	0	0	0	0	0	0	0	0	0	0	0	0	0	0	0	0	0	0	0	0	0	0	0	0	0	0	0	0	0	0	0	0	0	0	0	0	0	0	0	8.95785	0	0	0	0	0	0	0	0	0	0	0	0	0	0	0	0	0	0	0	0	0	0	0	0	0	0	0	
0	0	0	0	0	0	0	0	0	0	0	0	0	0	0	0	0	0	0	0	0	0	0	0	0	0	0	0	0	0	0	0	0	0	0	0	0	0	0	0	0	0	0	0	0	0	0	0	0	0	0	0	0	0	0	0	0	0	0	0	0	0	0	0	0	0	0	0	0	0	0	0	0	0	10.72906	0	0	0	0	0	0	0	0	0	0	0	0	0	0	0	0	0	0	0	0	0	0	0	0	0	
0	0	0	0	0	0	0	0	0	0	0	0	0	0	0	0	0	0	0	0	0	0	0	0	0	0	0	0	0	0	0	0	0	0	0	0	0	0	0	0	0	0	0	0	0	0	0	0	0	0	0	8.27322	0	0	0	12.55864	0	0	11.70398	0	0	0	0	0	0	0	0	0	0	0	0	0	0	0	0	0	0	0	0	0	0	0	0	0	0	0	0	0	0	0	0	0	0	0	0	0	0	0	0	0	
0	0	0	0	0	0	0	0	0	0	0	0	0	0	0	0	0	0	0	0	0	0	0	0	0	0	0	0	8.18036	0	0	0	0	0	0	0	0	0	0	0	0	0	0	0	0	0	0	0	0	0	0	0	0	0	0	0	0	0	0	0	0	0	0	0	0	0	0	6.76386	0	0	0	0	0	0	0	0	0	0	0	0	0	0	0	0	0	0	0	0	0	0	0	0	0	0	0	0	0	0	0	0	
0	0	0	0	0	0	0	0	0	0	0	0	0	0	0	0	0	0	0	0	0	0	0	0	0	0	0	0	0	0	0	0	0	0	0	0	0	0	0	0	0	0	0	0	0	0	0	0	0	0	0	0	0	0	0	8.5544	0	0	0	0	0	0	0	0	0	0	0	0	0	0	0	0	0	0	0	0	0	0	0	0	0	0	0	0	0	0	0	0	0	0	0	0	0	0	0	0	0	0	0	0	
0	0	0	0	0	0	0	0	0	0	0	0	0	0	0	0	0	0	0	0	0	0	0	0	0	0	0	0	0	0	0	0	0	0	0	0	0	0	0	0	0	0	0	0	0	0	0	0	0	0	0	0	0	0	0	0	0	0	0	0	0	0	0	0	0	0	0	10.04297	0	0	0	0	0	0	0	0	0	0	0	0	0	0	0	0	0	0	0	0	0	0	0	0	0	0	0	0	0	0	0	0	
0	0	0	0	0	0	0	0	0	0	0	0	0	0	0	0	0	0	0	0	0	0	0	0	0	0	0	0	0	0	0	0	0	0	0	0	0	0	0	0	0	0	0	0	0	0	0	0	0	0	0	0	4.64531	0	0	0	3.85063	0	0	0	0	0	0	0	0	0	0	0	0	0	0	6.65314	0	0	0	0	0	0	0	0	0	0	0	0	0	0	0	0	0	0	0	0	0	0	0	0	0	0	0	0	
0	0	0	0	0	0	0	0	0	0	0	0	0	0	0	0	0	0	0	0	0	0	0	0	0	0	0	0	0	0	0	0	0	0	0	0	0	0	0	0	0	0	0	0	0	0	0	0	12.62418	0	0	0	13.27479	0	0	0	0	0	0	0	0	0	0	0	0	0	0	3.96095	0	0	0	0	0	0	0	0	0	0	0	0	0	0	0	0	0	0	0	0	0	0	0	0	0	0	0	0	0	0	0	0	
0	0	0	0	0	0	0	0	0	0	0	0	0	0	0	0	0	0	0	0	0	0	0	0	0	0	0	0	0	0	12.81321	0	0	0	0	0	0	0	0	8.37947	0	0	0	0	0	0	0	8.67608	0	0	0	0	0	0	0	0	0	7.31944	7.22004	0	10.63569	0	0	12.79877	0	0	0	0	0	0	0	0	0	0	0	0	0	0	0	0	0	0	0	0	0	0	0	0	0	0	0	0	0	0	0	0	0	0	0	0	
0	0	0	0	0	0	0	0	0	0	0	0	0	0	0	0	0	0	0	0	0	0	0	0	0	0	0	0	0	0	0	0	0	0	0	0	0	0	0	0	0	0	0	0	0	0	0	0	0	0	0	0	0	0	6.59353	0	0	0	0	0	0	0	0	0	0	0	0	0	0	0	0	0	0	0	0	0	0	0	0	0	0	0	0	0	0	0	0	0	0	0	0	0	0	0	0	0	0	0	0	0	
0	0	0	0	0	0	0	0	0	0	0	0	0	0	0	0	0	0	0	0	0	0	0	0	0	0	0	0	0	0	0	0	0	0	0	0	0	0	0	0	0	0	13.16561	0	0	0	0	0	0	0	0	0	9.16605	0	0	0	0	0	0	11.90582	0	0	0	0	0	0	0	0	0	0	0	7.39902	0	0	0	0	0	0	0	0	0	0	0	0	0	0	0	0	0	0	0	0	0	0	0	0	0	0	0	0	
0	0	0	0	0	0	0	0	0	0	0	0	0	0	0	0	0	0	0	0	0	0	0	0	0	0	0	0	0	0	0	0	0	0	0	0	0	0	0	0	0	0	0	9.45558	0	0	0	11.04726	0	0	0	8.95403	0	0	0	0	0	0	4.71549	0	0	0	0	0	0	0	0	0	0	0	0	0	0	0	0	0	0	0	0	0	0	0	0	0	0	0	0	0	0	0	0	0	0	0	0	0	0	0	0	0	
0	0	0	0	0	0	0	0	0	0	0	0	0	0	0	0	0	0	0	0	0	0	0	0	0	0	0	0	0	0	0	0	0	0	0	0	0	0	0	0	0	0	10.8793	0	0	0	0	0	0	0	0	0	0	0	0	7.98562	0	0	0	0	0	0	0	0	0	0	4.87566	0	12.1347	0	0	0	0	0	0	0	0	0	0	0	0	0	0	0	0	0	0	0	0	0	0	0	0	0	0	0	0	0	0	0	
0	0	0	0	0	0	0	0	0	0	0	0	0	0	0	0	0	0	0	0	0	0	0	0	0	0	0	0	0	0	0	0	0	0	0	0	0	0	0	0	11.76468	0	0	0	0	0	0	0	0	0	0	0	0	0	0	0	0	0	0	0	0	0	0	0	0	0	0	0	0	0	0	0	0	0	0	0	0	0	0	0	0	0	0	0	0	0	0	0	0	0	0	0	0	0	0	0	0	0	0	0	
0	0	0	0	0	0	0	0	0	0	0	0	0	0	0	0	0	0	0	0	0	0	0	0	0	0	0	0	0	0	0	0	0	0	0	0	0	0	0	0	0	0	0	0	0	0	0	7.22384	0	0	8.64793	0	0	0	0	0	0	0	0	0	0	0	0	0	0	0	0	0	0	0	0	0	0	0	0	0	9.11162	0	0	0	0	0	0	0	0	0	0	0	0	0	0	0	0	0	0	0	0	0	0	0	
0	0	0	0	0	0	0	0	0	0	0	0	0	0	0	0	0	0	0	0	0	0	0	0	0	0	0	0	0	0	0	0	0	0	0	0	0	0	0	0	0	0	0	0	0	0	0	7.57024	0	0	10.53668	11.15198	0	0	0	0	9.11083	0	10.4613	0	9.72354	0	0	0	0	9.21754	0	0	0	0	0	0	0	0	0	0	0	0	0	0	0	0	0	0	0	0	0	0	0	0	0	0	0	0	0	0	0	0	0	0	
0	0	0	0	0	0	0	0	0	0	0	0	0	0	0	0	0	0	0	0	0	0	0	0	0	0	0	0	0	0	0	0	0	0	0	0	0	0	0	0	0	10.95996	0	0	0	0	0	0	0	0	0	0	0	0	0	0	0	0	0	0	0	0	0	0	0	0	0	0	0	0	0	0	0	0	0	0	0	0	0	0	0	0	0	0	0	0	0	0	0	0	0	0	0	0	0	0	0	0	0	0	
0	0	0	0	0	0	0	0	0	0	0	0	0	0	0	0	0	0	0	0	0	0	0	0	0	0	0	0	0	0	0	10.78745	3.27274	0	0	0	0	0	0	0	0	0	0	0	0	0	0	9.5913	0	0	0	0	0	0	0	0	0	0	0	0	0	0	0	2.61356	0	0	0	4.73339	0	0	0	0	0	0	0	0	0	0	0	0	0	0	0	0	0	0	0	0	0	0	0	0	0	0	0	0	0	0	0	0	
0	0	0	0	0	0	0	0	0	0	0	0	0	0	0	0	0	0	0	0	0	0	0	0	0	0	0	0	0	0	0	12.12545	0	0	0	0	0	0	0	0	0	0	0	0	0	0	0	0	0	0	0	0	0	0	0	0	0	0	0	0	0	0	0	0	0	0	0	0	0	0	0	0	0	0	0	0	0	0	0	0	0	0	0	0	0	0	0	0	0	0	0	0	0	0	0	0	0	0	0	0	
0	0	0	0	0	0	0	0	0	0	0	0	0	0	0	0	0	0	0	0	0	0	0	0	0	0	0	0	0	0	0	0	0	0	0	0	0	0	0	0	0	0	0	9.93218	0	0	0	0	0	13.02864	0	0	0	0	9.36701	0	0	0	0	0	0	0	0	0	0	0	0	0	0	0	0	0	0	0	0	0	0	0	0	5.80122	0	0	0	0	0	0	0	0	0	0	0	0	0	0	0	0	0	0	0	0	
0	0	0	0	0	0	0	0	0	0	0	0	0	0	0	0	0	0	0	0	0	0	0	0	0	0	0	0	0	0	0	0	10.9988	0	0	0	0	0	0	0	0	0	0	0	0	0	0	4.19611	0	0	10.13955	0	0	0	0	0	0	0	7.62883	0	0	0	0	0	0	0	0	0	0	0	1.12539	0	0	0	0	0	0	0	0	0	0	0	0	0	0	7.05621	0	0	0	0	0	0	0	0	0	0	0	0	0	0	
0	0	0	0	0	0	0	0	0	0	0	0	0	0	0	0	0	0	0	0	0	0	0	0	0	0	0	0	0	0	0	0	0	0	0	0	0	0	0	11.03174	0	0	0	0	14.02556	0	6.23723	0	0	0	0	0	0	0	0	0	0	0	0	0	0	0	0	0	0	0	0	0	0	2.41479	0	0	0	0	0	0	0	0	0	0	0	0	0	0	0	0	0	0	0	0	0	0	0	0	0	0	0	0	0	0	
0	0	0	0	0	0	0	0	0	0	0	0	0	0	0	0	0	0	0	0	0	0	0	0	0	0	0	0	0	0	0	0	0	0	0	8.35885	0	0	0	0	0	0	0	0	0	0	0	8.19594	0	0	0	0	0	9.08382	0	0	0	0	0	0	10.52284	0	0	0	0	0	0	0	0	0	0	0	0	0	0	0	0	0	0	0	0	0	0	0	0	0	0	0	0	0	0	0	0	0	10.0392	0	0	0	0	0	
0	0	0	0	0	0	0	0	0	0	0	0	0	0	0	0	0	0	0	0	0	0	0	0	0	0	0	0	0	0	0	0	0	0	0	0	0	0	0	0	0	13.99912	0	0	0	0	0	0	0	0	0	0	1.3648	0	0	0	0	0	0	0	0	0	0	0	0	0	0	8.24546	0	0	0	3.54029	0	0	0	0	0	0	0	0	0	0	0	0	0	0	0	0	0	0	0	0	0	0	0	0	0	0	0	0	
0	0	0	0	0	0	0	0	0	0	0	0	0	0	0	0	0	0	0	0	0	0	0	0	0	0	0	0	0	0	0	0	0	0	0	0	0	0	0	0	8.20174	0	0	0	9.88908	0	0	5.3418	0	0	9.40522	12.10147	0	0	0	10.23106	0	0	5.23376	0	8.6565	0	0	0	0	0	0	0	4.69002	0	0	0	0	0	0	0	0	0	0	0	0	0	0	0	0	0	0	0	0	0	0	0	0	0	0	2.05339	0	0	0	0	
0	0	0	0	0	0	0	0	0	0	0	0	0	0	0	0	0	0	0	0	0	0	0	0	0	0	0	0	0	0	0	0	0	0	0	0	0	0	0	0	0	0	0	0	11.77038	0	0	0	0	1.90958	0	0	6.86782	0	0	0	0	8.36747	0	0	0	14.78711	0	0	0	0	0	0	0	0	0	0	0	0	0	0	0	0	0	0	0	0	0	0	0	0	0	0	0	0	0	0	0	0	0	0	0	0	0	0	
0	0	0	0	0	0	0	0	0	0	0	0	0	0	0	0	0	0	0	0	0	0	0	0	0	0	0	0	0	0	0	0	0	0	0	0	0	0	0	0	0	0	0	12.51591	0	0	12.92943	0	0	0	11.67941	0	0	0	0	0	0	0	0	10.25265	0	0	0	0	8.6565	0	0	6.95283	0	0	0	0	9.90161	0	0	0	2.41479	0	0	0	0	0	0	0	0	0	0	0	0	0	0	0	0	0	0	0	0	0	0	0	
0	0	0	0	0	0	0	0	0	0	0	0	0	0	0	0	0	0	0	0	0	0	0	0	0	0	0	0	0	0	0	0	0	0	0	0	0	0	0	0	0	0	0	0	1.12539	1.12539	0	11.53351	0	0	0	13.20292	6.77229	0	0	6.93901	0	0	0	0	0	0	0	0	0	0	0	9.4359	0	0	0	0	0	11.96856	0	0	0	0	0	0	0	0	0	0	0	0	0	0	0	0	0	0	0	0	0	0	0	0	0	0	
0	0	0	0	0	0	0	0	0	0	0	0	0	0	0	0	0	0	0	0	0	0	0	0	0	0	0	0	0	0	0	0	0	0	0	0	0	11.95703	0	0	0	0	0	0	0	0	0	0	10.48409	0	0	5.98958	0	0	9.38157	0	9.77438	0	0	2.5176	0	5.90877	0	0	0	0	0	0	0	0	0	0	0	0	6.29554	2.61356	0	0	0	0	0	0	0	0	0	0	0	0	0	0	0	0	0	0	0	0	0	0	0	0	
0	0	0	0	0	0	0	0	0	0	0	0	0	0	0	0	0	0	0	0	0	0	0	0	0	0	0	0	0	0	0	0	0	0	0	0	0	0	0	0	0	0	14.82076	0	0	12.23264	0	13.34705	0	0	10.43445	0	10.83021	0	9.89387	0	0	0	0	0	0	0	0	10.27941	0	0	0	3.33037	0	0	12.26174	0	0	0	0	0	0	0	5.79057	0	0	0	0	0	0	0	0	0	0	0	0	0	0	0	0	0	0	0	0	0	
0	0	0	0	0	0	0	0	0	0	0	0	0	0	0	0	0	0	0	0	0	0	0	0	0	0	0	0	0	0	0	0	0	0	0	0	0	0	0	0	0	0	0	0	0	0	0	9.68678	10.58705	0	0	10.53515	0	0	0	0	0	0	0	0	0	0	0	0	1.74979	0	0	0	0	0	0	0	0	0	0	0	0	0	0	0	0	0	0	0	0	0	0	0	0	0	8.03195	0	0	0	0	0	0	0	0	0	
0	0	0	0	0	0	0	0	0	0	0	0	0	0	0	0	0	0	0	0	0	0	0	0	0	0	0	0	0	0	0	0	0	0	0	0	0	0	0	0	0	0	0	0	0	0	0	12.9432	0	0	0	0	10.45402	1.12539	0	0	0	0	11.01078	11.84116	0	0	0	0	0	0	0	0	0	0	0	0	0	0	0	0	0	0	0	0	0	0	0	0	0	0	0	0	0	0	0	0	0	0	0	0	0	0	8.40316	0	
0	0	0	0	0	0	0	0	0	0	0	0	0	0	0	0	0	0	0	0	0	0	0	0	0	0	0	0	0	0	0	0	0	0	0	0	0	0	0	0	0	0	8.84623	0	0	0	0	0	0	9.7016	0	11.13641	0	7.3684	0	0	0	0	0	0	0	0	0	0	11.78398	0	0	0	0	0	0	0	0	0	0	0	14.30229	0	0	0	0	0	0	0	0	0	0	0	0	0	0	0	0	0	0	0	0	0	0	0	
0	0	0	0	0	0	0	0	0	0	0	0	11.08999	0	0	0	0	0	0	0	0	0	0	0	0	0	0	0	0	0	9.21563	0	0	0	0	0	0	0	0	0	0	0	11.33329	0	0	0	0	9.35404	0	0	13.20176	0	0	6.19907	3.43914	0	9.56443	0	0	0	0	0	0	9.93798	8.34668	10.0521	0	0	0	0	0	0	0	0	0	0	0	0	0	0	0	0	0	0	0	0	0	0	0	0	0	0	0	0	0	0	0	0	0	0	
0	0	0	0	0	0	0	0	0	0	0	0	0	0	0	0	0	0	0	0	0	0	0	0	0	0	0	0	0	0	0	0	0	0	0	0	0	0	0	0	0	0	0	0	0	11.66797	8.23796	0	3.92399	11.62576	1.74979	7.27478	7.53311	0	9.46514	7.17159	0	0	0	0	10.21394	0	0	0	0	0	0	0	0	6.369	0	0	0	0	0	0	5.54588	0	0	0	0	0	0	0	0	0	0	0	0	0	0	0	0	0	0	0	0	0	0	0	
0	0	0	0	0	0	0	0	0	0	0	0	0	0	0	9.58909	0	0	0	0	0	0	0	0	0	0	0	0	0	0	0	0	0	0	0	9.5854	11.77071	0	0	0	0	0	0	3.58832	0	10.76868	8.7383	7.64311	5.9182	8.64944	0	0	4.73339	0	12.33154	0	0	0	0	8.76758	0	10.16281	0	5.65053	0	8.89836	0	0	11.56498	0	10.11596	0	0	0	0	10.01403	0	11.60347	0	3.59821	0	0	0	0	0	0	0	0	0	0	9.31265	0	0	0	0	0	0	0	0	0	
0	0	0	0	0	0	0	0	0	0	0	0	0	0	0	0	0	0	0	0	0	0	0	0	0	0	10.97556	0	0	0	0	6.75134	0	0	7.18922	0	0	0	0	0	10.83882	0	0	0	0	0	0	0	11.60645	11.47842	3.58832	10.19613	8.79598	0	11.39732	0	8.86219	0	8.0416	0	7.33712	9.73958	0	0	0	10.19758	0	0	0	0	0	0	0	7.60568	0	0	0	0	0	0	0	0	0	0	0	0	0	0	0	0	0	0	0	0	0	0	2.86823	0	0	0	
0	0	0	0	0	0	0	0	0	0	0	0	0	0	0	0	0	0	0	9.91227	0	0	0	0	0	0	0	0	0	0	0	0	0	0	0	0	0	0	0	0	0	0	0	13.27079	0	0	13.82815	13.62847	11.99789	0	7.96758	8.34335	12.04464	0	0	0	14.15146	0	0	8.55614	5.60044	0	0	11.7925	0	6.3178	0	8.10806	0	0	0	0	0	0	0	0	0	0	0	0	0	0	0	0	0	0	0	0	0	0	9.77382	0	0	0	0	0	0	0	0	0	
0	0	0	0	0	0	0	0	0	0	0	0	8.62806	0	0	0	0	0	0	8.7104	0	0	0	0	0	0	0	0	0	0	0	0	0	8.50136	0	0	0	0	0	0	0	10.58741	13.63528	0	8.72519	0	0	5.51755	8.93714	0	4.71187	9.82011	6.88304	5.48266	9.8396	13.45287	5.82054	6.2242	9.7168	0	0	0	0	0	3.08463	0	0	0	0	0	0	0	0	0	0	0	0	0	10.31865	2.3041	0	0	0	0	0	0	0	0	0	0	0	0	0	0	0	0	0	0	0	0	
0	0	0	0	0	0	0	0	0	0	0	0	0	0	0	0	0	0	0	0	0	0	0	13.93167	0	0	0	0	0	0	0	0	0	0	0	0	0	0	11.11531	0	0	0	7.70587	8.82884	8.70768	0	10.05127	6.83507	0	8.24868	9.02046	7.59765	0	0	0	0	0	5.29706	14.88684	9.34184	10.52747	0	0	0	9.09405	0	0	0	0	0	0	0	0	0	0	0	0	0	0	0	0	0	0	0	0	0	0	0	0	0	0	0	0	0	0	0	0	0	0	0	
0	0	8.20752	0	0	0	0	0	0	0	0	0	0	0	0	0	0	0	0	0	0	0	0	0	0	0	0	0	0	0	0	0	0	0	0	0	0	0	0	0	9.98322	0	0	0	0	8.88521	0	8.00006	9.35665	11.97223	0	6.20679	8.73994	10.38585	5.85088	10.70066	0	0	4.47691	13.51389	10.07218	0	8.31134	10.34685	0	0	0	0	0	0	0	7.80849	0	0	0	0	1.74979	0	0	0	0	0	0	0	0	0	0	0	0	0	0	0	0	0	0	0	0	0	0	0	
0	0	0	0	0	0	0	0	0	0	0	11.24505	0	0	0	0	0	0	0	0	0	0	0	0	0	0	0	0	0	0	0	0	7.46161	0	0	0	0	9.72335	12.36455	5.53273	6.22968	6.96721	0	0	11.90171	8.06663	11.39877	6.88679	10.88812	0	11.1058	0	4.48625	4.67392	0	10.58791	5.97374	9.29862	0	0	0	0	0	0	0	0	0	9.20604	0	0	0	0	5.23376	0	0	8.79214	0	0	10.21967	0	0	0	0	0	0	0	0	0	0	0	0	0	0	0	0	8.25389	0	0	0	0	
0	0	0	0	0	0	0	0	0	0	0	0	0	0	0	0	0	0	0	0	0	0	0	0	0	0	0	0	0	0	0	0	0	0	4.37106	8.56602	0	0	0	8.68439	0	12.86584	0	11.13172	14.49471	9.63161	7.31142	9.35861	5.39912	10.14187	11.7972	9.92693	0.47913	9.58524	0	0	8.0352	0	0	7.77455	9.58095	0	2.3041	0	0	0	0	0	0	0	0	0	0	0	0	0	0	0	4.8164	0	0	0	0	0	0	0	0	9.57872	0	0	0	0	0	0	0	0	0	0	0	0	
0	0	0	0	0	0	0	0	10.83395	0	10.09013	0	0	0	0	0	0	0	0	0	0	0	0	0	0	0	12.31379	0	0	0	0	0	0	0	0	1.12539	0	12.84367	10.95424	0	7.80885	7.88104	0	5.65053	3.99698	12.25509	6.05659	7.23855	9.78068	8.1978	0	10.25684	1.74979	0	0	0	9.72157	3.33037	0	0	0	0	2.94402	0	0	0	11.10602	0	0	0	0	0	0	0	0	0	0	0	0	0	0	0	0	0	0	0	0	0	0	0	0	0	0	1.12539	0	0	0	0	0	0	
0	0	0	0	0	0	0	0	0	0	0	13.23013	0	0	12.77472	0	0	0	0	0	0	0	0	0	0	0	0	0	0	0	0	10.4365	0	0	8.32203	0	13.98601	0	0	9.4558	4.45117	0	10.27178	9.01645	9.83787	7.63151	10.5854	9.54455	4.53814	9.45141	6.93327	10.43852	10.58818	9.6844	0	4.37106	9.36263	0	0	14.5522	12.33209	5.32527	0	10.45078	0	0	0	0	0	0	0	0	0	4.31507	0	6.94226	0	0	0	0	0	0	0	8.02105	0	0	0	0	0	0	0	0	0	0	0	0	0	0	0	0	
0	0	0	0	0	0	0	0	0	0	0	0	12.34285	0	0	0	0	0	0	0	0	0	0	0	0	0	0	0	0	9.20989	0	0	8.03412	0	6.17568	0	14.02242	0	12.45275	9.92401	10.29368	11.81617	8.67969	8.81154	8.44405	5.29976	9.4304	10.07011	6.17568	9.04357	7.23697	12.66824	10.51121	6.83994	7.32158	9.5947	13.24354	0	0	10.66155	6.6418	0	0	0	0	0	0	0	0	0	0	0	0	9.37978	0	0	0	0	0	0	9.59351	0	0	0	0	0	0	0	0	0	0	0	0	0	0	0	0	0	0	0	
0	0	0	0	0	0	0	14.36823	0	0	0	10.18933	0	0	0	0	0	0	0	0	0	0	0	0	0	0	0	8.71175	0	0	7.1377	0	11.91321	0	0	0	7.5185	13.26142	7.89375	10.4324	10.27964	5.58814	0	10.18918	10.42799	8.60644	9.31554	9.111	10.58275	10.01144	6.10547	9.26214	11.03362	9.25522	8.00495	7.60584	12.66605	5.56055	7.63425	8.95785	7.26876	12.97566	10.32353	0	9.87402	0	0	0	0	0	0	0	0	9.61396	0	0	0	0	0	0	0	0	0	0	0	0	0	0	0	0	0	0	0	0	0	0	0	0	0	0	
12.56146	0	0	0	0	0	0	0	5.55611	0	0	0	9.15313	0	0	0	0	0	0	0	0	0	0	0	12.8563	0	0	7.06742	0	0	0	0	12.36467	0	11.08957	8.19981	0	5.95531	10.20223	7.13314	10.3685	9.1575	5.80545	9.70267	10.89038	10.19859	7.76363	10.12897	6.12701	6.52298	9.16947	6.90285	6.36242	7.28783	11.09173	9.87175	10.11237	7.21631	0	11.15423	0	2.41479	0	8.35701	0	9.93682	0	0	0	0	3.99698	0	0	0	0	0	0	0	0	0	0	0	5.19171	0	0	11.22433	0	0	0	0	0	0	0	0	0	0	0	0	0	0	
0	0	0	11.234	0	0	0	0	0	0	0	0	0	0	0	0	0	0	7.99456	0	0	11.58084	0	6.74075	11.19899	9.84775	0	0	11.63847	8.63236	11.39445	0	14.1204	0	0	0.47913	0	10.36349	9.94411	9.17613	8.86114	6.44653	8.9414	9.33793	9.07072	9.79744	8.51154	8.19574	10.25638	5.65998	10.09649	9.29369	10.6051	8.78784	6.74686	8.45959	0	6.32506	5.95131	8.30568	0	4.42496	9.8001	0	0	0	0	0	0	7.66568	0	0	5.63918	0	1.74979	11.73881	11.96302	4.60805	0	2.05339	0	0	0	0	0	0	0	0	0	0	0	0	0	0	0	0	0	0	0	0	
8.86707	0	0	0	12.52143	8.87087	0	0	0	0	0	0	0	0	0	0	0	12.83686	0	0	0	0	0	0	9.38921	0	8.47483	9.39655	0	13.02626	10.45591	0	0	0	10.61231	9.47155	6.917	10.51061	10.66925	8.52767	7.23172	8.71025	8.75035	9.71114	8.94996	8.85422	9.456	8.81124	8.83098	10.82505	5.98391	9.67539	10.84974	7.84326	10.37684	9.66143	10.08929	3.4393	7.45309	7.91393	8.15467	0	7.25154	11.22121	11.01151	10.25869	9.27481	0	0	0	0	0	0	0	7.8345	0	0	0	0	0	0	0	0	0	0	0	0	0	0	0	0	0	0	0	0	4.09998	0	0	0	0	
0	0	0	0	0	0	0	0	6.37368	0	10.5424	0	0	0	0	0	7.484	14.27638	9.10441	6.18352	12.99347	7.224	0	0	0	14.5271	0	10.93783	4.85264	10.78584	0	9.34184	12.70674	8.60677	9.12723	10.72989	8.3894	7.15405	9.29558	7.72749	9.35869	7.73692	6.51812	8.44245	9.83391	8.28622	8.02635	9.26532	8.59704	7.01527	7.11695	11.2084	7.5297	8.83133	7.11365	6.89124	7.27469	8.68577	0	9.62191	5.74968	9.30638	8.4621	0	9.82219	11.41532	1.74979	0	0	0	0	7.5969	0	0	9.75281	0	0	0	9.28922	0	0	0	0	0	0	7.16962	0	0	0	0	0	0	0	0	0	7.69339	0	0	0	0	
0	10.26101	0	0	4.62243	9.21276	0	0	0	0	0	0	0	0	5.43104	9.8109	0	10.60138	12.02369	0	6.84822	0	6.24475	0	0	0	0	0	10.10746	9.10544	8.74133	0	11.31608	5.32108	10.77518	8.62007	10.1656	10.35756	8.71736	8.56862	8.57684	8.27174	8.0842	8.59474	8.36253	7.98184	9.04415	9.19527	8.16014	7.87106	7.34998	8.77202	8.49483	6.92312	9.7276	8.9183	7.82451	7.82401	9.02943	8.40669	0	8.54226	0	13.09138	10.23936	2.18419	6.57996	9.73692	0	0	0	0	0	0	0	2.41479	0	0	0	0	9.03521	0	0	0	0	0	0	0	0	0	0	0	0	0	0	0	0	0	0	0	
0	11.02794	10.38048	0	10.24834	0	0	0	0	0	9.96893	0	0	0	10.10568	9.08466	0	8.3998	0	0	8.50364	8.18622	9.51177	11.74882	9.68471	9.86735	0	6.18863	6.92036	6.86093	11.80303	9.78408	11.3642	9.67205	10.6279	5.88998	8.11542	9.09212	7.95906	7.7979	8.1158	8.27856	7.47435	7.68189	7.03532	7.20345	8.89479	8.32277	9.7822	8.87778	7.46456	9.28929	8.99751	8.23907	7.43298	6.5215	8.65987	6.663	7.89896	9.76266	0	8.34983	9.74128	9.81344	2.21248	4.42496	1.12539	0	0	0	0	8.61049	0	1.74979	9.87584	0	8.31848	0	1.3648	0	0	0	0	4.9064	0	2.01607	0	0	0	0	0	0	0	0	0	0	0	0	0	0	
0	0	0	0	0	0	0	0	8.89	0	9.84898	11.49032	0	0	0	0	0	0	9.59645	0	6.41422	0	0	0	0	11.30489	10.83913	0	8.87314	8.05563	7.68218	7.55823	8.98165	10.83261	10.6457	9.00097	9.10439	9.10401	8.84367	10.00479	6.88385	8.64419	9.43397	8.23639	7.10839	8.63183	6.31082	8.25789	8.32825	9.0595	8.73423	7.7108	7.0125	7.77991	7.28268	9.46519	8.2988	9.25079	12.00868	9.97909	9.73328	5.57939	9.34566	6.35597	0	10.38241	0	9.8015	0	0	0	0	0	0	0	0	0	0	0	0	0	7.53391	0	0	0	0	0	8.49844	9.62767	7.16567	0	0	0	0	0	0	0	0	0	0	
0	0	0	0	0	0	0	0	11.88569	8.49737	9.26601	3.27274	0	13.7887	0	0	0	7.49664	11.47303	7.52999	0	0	3.54029	10.31589	9.84343	10.98063	9.04434	9.66301	5.39353	10.05611	0	9.21964	5.25229	5.99821	5.89294	9.65373	9.29323	6.22939	9.10431	5.72081	8.08016	8.93095	8.34866	8.9897	7.18947	8.40723	8.15719	7.78925	7.27121	9.38049	8.45939	7.77467	7.3878	7.07304	8.29492	8.63914	6.87013	11.46222	8.68439	8.25816	6.79216	9.39409	10.60066	7.15773	2.1337	10.34434	10.6675	0	0	0	0	0	0	7.20471	9.87826	0	0	0	13.10014	0	0	0	0	0	0	0	0	0	7.9447	0	4.25681	0	0	0	0	0	0	0	0	0	
0	0	11.24481	8.96049	0	3.54029	0	2.3041	8.0276	0	0	0	0	0	0	0	0	7.05205	0	0	0	0	0	11.2834	0	10.46974	0	10.69261	10.273	7.96366	0	10.0197	0	10.25078	5.59908	9.79875	8.16279	7.13731	1.49204	10.33499	9.8487	9.62901	6.12759	8.88083	7.83181	7.40702	5.74619	8.97593	7.29655	8.14468	8.22923	7.69263	8.31932	8.73483	9.61789	7.46024	8.24198	8.69669	8.87328	8.03863	10.85183	9.04137	4.2913	11.11812	6.80153	0	0	8.30147	6.99799	4.0695	4.53184	0	9.2204	0	2.19907	0	5.90617	0	0	0	0	0	5.27466	0	0	0	0	0	0	0	0	0	0	0	0	0	0	0	0	0	
0	0	0	0	0	0	0	0	1.12539	0	10.16479	9.73558	9.2673	0	13.76523	0	0	8.84376	0	7.08426	0	0	0	0	0	0	7.30154	5.89928	4.50749	0	7.52468	8.89993	6.57021	8.43777	4.92062	8.31574	8.97699	8.1114	7.83318	8.59634	9.43622	6.64376	6.68115	7.76468	7.74257	7.41807	6.19838	6.7621	7.33013	5.99889	8.02762	9.40591	8.80435	7.6843	7.3966	6.75567	6.73285	8.69949	8.85774	8.14981	7.0196	7.06328	9.7118	6.02381	0	6.81327	9.15413	4.48922	0	0	7.92379	0	5.45331	3.21953	0	13.78617	0	0	0	0	0	0	0	0	0	0	0	0	7.03168	0	0	0	0	0	0	0	0	0	0	0	
0	0	0	0	0	0.8381	0	0	0	9.99756	0	0	6.13583	0	0	0	0	0	0	0	0	0	0	9.79826	0	0	7.78527	0	0	4.3766	8.07546	0	0	6.51348	7.71789	6.88715	7.23143	0.8381	0	7.96758	5.44838	11.87317	5.30564	7.09772	9.95201	10.35209	7.72283	7.59862	9.74134	6.4862	6.86088	9.38398	7.25449	6.14078	9.29607	8.33026	8.32885	7.07236	5.00869	6.51308	7.81902	8.73715	3.82775	11.21696	8.60722	6.21672	8.19012	10.14134	7.86303	0	0	10.39448	0	5.15621	0	1.57012	12.15104	0	0	0	0	0	0	0	10.31553	0	0	6.94824	0	0	0	10.62532	0	0	0	0	12.2743	0	0	0	
0	0	0	0	0	0	0	0	0	0	0	10.80883	0	0	0	0	0	6.13956	12.34438	0	0	0	0	1.3648	0	0	0	8.55742	0	0	0	0	6.8359	7.3359	7.04719	0	5.39487	9.87375	0.78506	5.42256	7.29182	8.83648	8.25206	4.47607	0	8.93728	6.62871	5.23823	7.8468	6.70081	9.22337	11.41667	7.92345	5.82319	7.51154	7.63645	6.76381	6.96698	7.57083	9.89149	8.34396	4.87229	0	6.82471	8.78634	0	5.48241	8.43962	13.19759	8.25401	0	0	0	2.5176	0	11.56667	0	10.03324	0	0	0	6.9972	0	0	0	0	0	0	0	0	0	0	0	0	0	0	0	0	0	0	
0	0	0	0	4.99674	0	0	0	0	0	10.21872	0	0.8381	0	0	10.56208	0	0	8.20174	0	7.91919	9.12084	0	0	0	8.85239	7.71519	0	0	5.69712	0	9.20714	13.35426	0	0	7.76567	9.71342	7.73666	10.28032	10.49548	4.24384	8.38117	6.65431	8.59904	7.22627	6.43576	13.18874	4.18258	8.0647	8.6131	9.23151	7.03152	8.76909	8.04637	6.40096	7.8842	6.75982	10.07538	4.42647	7.99403	5.45772	9.09296	5.25685	5.78537	8.2918	0	8.2505	10.61955	0	0	8.26365	8.68715	7.77859	9.96828	9.96157	0	7.45001	0	0	0	4.06645	0	0	2.41479	0	3.54029	0	0	0	3.49061	0	0	0	0	0	0	0	0	0	0	
0	0	0	0	0	0	0	0	0	0	0	6.96653	3.96534	0	0	9.12593	0	0	0	3.27274	4.87566	0	1.12539	0	0	0	0	0	0	7.56927	2.94402	5.01957	0	0	0	9.74356	0	0	0	6.51707	4.23259	6.30831	5.00766	5.75368	9.59924	3.94708	6.45295	8.69708	6.91752	8.25551	0	0	8.0747	9.34013	2.3041	7.38118	7.87053	7.58599	6.94985	7.51758	9.33932	8.7103	8.96665	8.68591	4.68022	5.23656	6.58966	9.17534	2.86823	9.50469	0	7.09493	7.70669	9.90042	10.68556	0	3.38578	0	8.30596	0	0	0	0	0	0	0	0	0	0	0	0	0	0	0	0	0	0	0	0	0	
0	0	0	10.62496	0	0	0	0	0	0	0	0	0	0	0	0	1.57012	0	0	0	0	0	8.58875	0	0	0	7.36934	7.04769	10.94879	8.74126	0	0	1.90958	0	0	11.65388	0	6.89672	9.20508	0.47913	7.39881	0	0.47913	0	6.21211	11.5747	8.13636	8.57093	7.39171	8.96642	7.64526	7.54878	8.11992	8.95314	8.21259	8.33209	7.44586	6.89158	8.39168	6.42242	7.9831	7.80432	7.8762	8.92756	8.98523	8.42324	6.29208	7.33007	10.05419	7.98039	4.4374	9.01388	5.55084	1.81905	7.91802	0	12.48789	0	7.34344	10.16776	4.21887	6.23723	7.04177	0	0	0.8381	0	0	0	0	0	0	0	0	0	0	0	6.48571	0	12.52654	
0	0	6.569	0	0	0	0	0	0	0	0	0	0	0	0	0	0	0	0	0	8.13863	0	0	0	0	10.48805	0	9.41849	0	9.84281	0	10.77161	9.37216	0	10.95596	0	0	6.64485	6.53978	0	6.19132	0	0	7.50874	12.06255	9.41108	1.29395	7.59355	6.19132	10.10729	8.85677	9.08152	7.04611	6.72179	6.59241	8.56867	0	6.26826	8.12776	8.89197	4.39387	5.38094	7.62678	4.32782	5.22862	9.63023	5.75458	0	9.62584	4.69521	5.85077	7.92379	6.66374	8.67869	1.12539	0	6.34032	0	2.20993	7.56124	0	6.83167	0	0	0	0	0	0	7.1784	0	0	0	0	0	0	0	3.49061	0	0	0	
0	0	0	0	3.99698	0	0	0	0	0	0	0	8.10394	0	0	0	0	0	0	0	7.09677	3.27274	0	0	0	0	0	6.94271	0	0	0	0	9.07521	0	0	0	7.87863	0	2.3041	8.39305	0	0	3.58504	0.47913	10.84635	0	5.59312	8.5453	5.05729	6.94422	10.20915	5.92362	8.32558	5.08306	8.63666	3.43185	0	6.43984	4.70731	1.93219	7.94927	6.00095	9.55356	7.80057	6.61159	8.74634	7.64257	3.55249	7.28729	6.5495	8.44252	0	0	8.72107	0	8.18256	7.77997	6.83948	0	0	0	0	0	0	10.19176	5.15621	0	0	0	0	0	0	0	0	0	0	8.52539	0	0	0	
0	0	0	0	0	0	0	0	8.94753	0	0	0	6.12773	0	0	0	8.33792	5.12398	2.3041	0	0	0	0	0	8.1255	0	0	0	0	0	0	0	0	0	9.12999	8.74657	0	8.35538	0	0	0	0	7.78125	10.69587	0	10.95162	10.69724	9.90221	0	6.66353	0	9.99867	9.62623	7.68012	0	5.65053	0	7.29207	0	7.1902	8.96162	2.86823	5.32497	7.59396	6.56849	6.29101	7.69669	6.32077	8.13054	7.43815	7.81991	3.56382	8.15221	6.28173	8.03497	5.40855	10.28556	8.66912	0	0	8.30596	10.77745	11.52792	0	6.85572	1.12539	9.63769	5.86069	7.60859	0	4.39556	0	0	10.03631	0	0	0	0	0	0	
0	0	0	0	0	0	0	0	0	0	0	0	0	0	0	0	0	0	0	0	5.95607	0	0	0	0	0	0	0	0	7.26136	0	0	0	0	6.49204	0	0	0	0	0	8.89598	0	8.95327	9.09509	4.16769	0	0	0.8381	6.23723	6.25821	8.787	0	0	3.80593	3.52983	6.85644	0	0	6.57625	8.27156	11.06368	5.86225	3.29771	5.74147	7.23502	7.43868	4.24634	7.28401	7.15783	6.38087	7.86584	8.0519	3.93973	6.21617	6.81594	0	4.44784	0	6.43742	0	0	0	9.28832	0	0	0	8.88144	0	0	0	0	0	0	0	0	0	0	0	0	0	
0	0	0	0	9.71139	0	0	0	0	0	0	11.75468	0	8.5917	0	0	0	0	0	0	0	0	0	0	0	0	0	0	0	0	0	0	0	0	0	0	0	0	0	7.61015	0	0	6.02677	0	5.04364	0	3.79505	2.41479	0	0	8.16658	0	0	0	8.61941	0	0	0.47913	0	8.3167	7.716	6.58877	6.68847	7.8033	6.5587	0	1.90475	5.25742	8.49307	7.36225	7.32909	8.85168	8.47936	6.50054	0	0	8.02596	4.52706	7.7042	4.09998	5.52041	9.24308	3.01603	0	1.90958	0	5.44415	10.87466	0	7.02006	0	0	0	0	7.86894	0	0	0	0	0	
0	0	0	0	0	0	0	0	0	0	0	0	0	0	0	0	0	8.37257	0	0	0	8.09565	10.65839	0	0	0	8.59317	0	0	0	0	0	0	9.09951	6.95535	0	0	0	0	0	0	0	0	0	0	0	0	0	0.47913	0	0	0	0	0	0	8.32058	10.75711	10.59477	7.66288	3.7235	0	7.24007	6.29054	0	7.75679	8.4612	6.64428	7.76209	5.42038	6.01902	8.25387	6.24395	7.52928	6.98005	7.70381	7.51334	4.68552	0	11.54382	9.07771	0	0	7.46569	0	8.87556	9.84995	4.52706	7.44866	0	10.4171	0	0	0	0	0	0	7.85153	0	0	0	
0	0	0	0	0	0	0	0	7.14534	0	0	0	0	0	0	0	0	0	0	0	0	0	0	0	0	0	0	2.94402	0	18.36702	0	0	0	0	0	0	0	0	0	10.20346	0	0	0	0	0	5.96443	0	6.33901	9.93682	0	0	9.65753	0	0	0	0	0	0	7.80122	0	7.29294	0	8.7599	9.07335	13.06428	6.42638	6.83833	0	0	7.00868	8.60669	2.3041	9.74858	7.10737	4.64771	10.2265	1.90159	0	0	6.49951	7.989	8.69828	9.62263	8.97782	7.1501	0	0.47913	0	0	0	7.09677	0	9.12065	0	0	0	0	0	0	0	
0	0	0	0	0	0	0	0	0	0	0	0	0	9.00727	0	0	0	0	0	5.07425	0	0	0	0	0	3.70831	0	0	0	0	0	0	0	0	8.39136	0	0	6.69825	0	0	10.20723	0	1.90958	11.31094	0	0	0	0	0	0	7.5969	6.9801	0	0	4.16477	0	0	0	0	5.59662	5.90878	0	6.33546	9.22135	6.20679	3.62529	9.48965	3.8471	0	5.45239	6.97098	0	7.75722	7.72698	9.98303	7.43008	5.83853	5.98862	7.81984	5.13986	0	7.72363	10.33282	5.37974	3.86632	0	0	6.79293	5.75475	0	10.24564	0	0	6.33197	0	0	0	0	6.21748	0	
0	0	0	0	0	0	0	5.75944	0	0	0	0	0	0	0	0	0	0	0	0	0	0	6.76708	0	0	0	0	0	11.56498	0	0	0	0	0	11.33166	0	0	0	0	0	0	1.86948	0	0	0	0	6.68352	0	0	0	0	0	10.10774	0	0	0	2.82527	7.83699	0	5.05424	8.6256	0	0	8.51136	0	3.43914	0	8.64595	7.13938	10.13579	8.33681	7.02341	9.53037	5.2711	9.44327	6.43742	10.18953	0.8381	6.94019	5.98605	7.98476	8.13815	8.49149	0	5.8064	0	5.72762	6.69943	0	0	13.14512	8.34639	0	0	0	0	8.86097	0	0	0	
0	0	0	0	0	0	0	0	0	0	0	0	0	0	0	0	0	0	0	0	0	0	0	0	0	0	0	0	0	0	0	0	0	0	0	0	0	6.34305	0	0	0	0	0	0	0	0	0	0	0	9.74422	0	5.15391	0	4.54852	0	0	6.05268	8.56846	0.47913	0	4.45117	0	9.12593	11.30354	8.68301	6.23915	0	0	10.16643	6.72304	0	4.87566	6.45543	10.27458	7.78139	6.24242	0	5.35569	5.34954	8.06674	4.77581	10.80946	6.07813	0	0	0	6.40764	0	0	0	0	0	6.49758	8.63606	9.56978	0	0	0	0	0	
0	0	0	0	0	0	0	9.33481	0	0	0	0	0	0	0	0	0	0	0	0	0	0	0	0	0	0	0	0	0	0	0	0	0	0	0	0	0	4.94236	0	7.5969	0	0	0	0	0	0	0	0	0	0	5.70197	0	0	11.64363	7.57871	0	0	7.23784	9.78215	12.17483	0	5.54496	0	7.57526	9.84243	8.28608	0	0	7.98429	5.67752	8.90848	4.87931	4.39514	7.87496	4.16477	8.57985	6.91771	0	9.84364	7.06488	9.02699	8.94983	4.88554	6.89844	5.79114	0	0	2.95622	0	0	5.95531	0	0	0	0	2.42883	0	0	0	0	
0	0	0	0	0	0	0	0	0	0	0	0	0	0	0	0	0	0	0	0	0	0	0	0	0	10.79066	0	0	0	0	0	0	0	0	0	0	0	7.34762	0	0	0	0	0	0	7.47445	0	0	0	8.04707	0	0	0	0	0	0	6.11958	0	0	0	0	0	0	8.60053	0	0	9.72766	6.25669	8.7044	0	6.88601	3.78542	0	6.19868	0	8.72792	6.37563	7.95847	8.59896	7.51772	7.10865	5.03226	0	6.39329	0	11.78897	6.73488	0	0	0	0	9.14913	0	0	0	0	0	0	3.27274	0	0	
0	0	0	0	0	0	0	0	0	0	0	0	6.11958	0	0	0	0	0	0.47913	0	0	0	0	0	0	0	0	0	0	0	0	0	0	0	0	0	0	0	0	0	0	0	0	0	0	0	0	10.76998	0	0	2.41479	0	9.78794	0	0	0	0	0	0	5.82908	0	0	0	4.49605	3.7235	8.23796	8.71259	0	9.56379	0	0	8.42316	0	0	0	7.68914	7.01473	8.89966	8.24033	5.09961	0	8.11056	7.92493	6.16803	5.81751	5.07314	8.60301	0	9.95583	0	0	0	0	10.36247	0	0	0	0	0	0	
0	0	0	0	0	0	0	0	0	0	0	0	0	0	0	0	0	0	0	0	0	0	0	0	0	0	0	0	0	0	0	0	11.02821	0	0	0	0	0	0	0	4.37106	0	0	0	0	0	0	0	0	0	0	0	0	0	0	0	7.37361	0	0	0	8.79272	0	0	4.32318	0	6.91567	0	0	7.72162	0	0	0	9.61903	0	0	4.34333	0	0	4.15119	8.91677	7.38996	6.70308	8.55742	0	4.75459	0	1.74979	0	1.12539	5.18773	7.82308	5.85712	5.22509	0	0	0	0	0	0	0	
0	0	0	0	0	0	0	4.05451	0	0	0	0	0	0	0	0	0	0	0	0	0	0	0	0	0	0	0	6.76708	0	0	0	0	0	0	0	0	0	0	0	0	0	0	0	0	0	0	0	0	0	0	0	0	0	0	0	0	0	1.90958	0	0	0	0	0	0	0	0	0	0	0	0	6.01278	6.29056	5.70016	0.47913	0	10.62748	9.21563	0	10.67533	5.04012	0	6.57421	0	6.71935	4.03214	8.74956	0	10.6253	0	0.47913	0	0	0	0	0	9.09197	0	0	0	0	
0	0	0	0	0	0	0	0	0	0	0	0	0	0	0	0	0	0	0	0	11.13212	0	0	0	0	0	0	0	0	0	2.41479	0	0	0	0	0	0	0	0	0	0	0	0	0	0	0	0	0	0	0	0	0	0	0	0	0	0	0	0	12.82602	0	0	0	0	6.98907	8.29696	8.42316	9.96731	0	0	0	0	0	0	0	4.85618	6.45631	0.8381	0	0	3.56047	0	0	0	4.09547	6.75661	7.24091	7.60177	10.28716	0	10.21442	7.50605	9.87402	5.40446	0	9.42767	0	0	0	0	
0	0	0	0	0	0	0	0	0	0	0	0	0	0	0	0	0	0	0	0	0	0	0	0	0	0	0	0	0	0	0	0	0	0	0	0	0	0	0	0	0	0	0	0	0	0	0	0	7.36496	0	0	0	0	0	0	0	0	0	0	0	0	0	0	0	0	0	0	0	0	7.44214	10.27621	9.22421	7.28638	0	9.15413	6.07813	0	9.39175	0	0	0	8.33968	7.93709	0	8.27311	0	5.82104	0	0	6.478	0	3.1649	5.07183	0	3.96095	0	0	0	0	0	
0	0	0	0	0	0	0	0	0	0	0	0	0	0	0	8.21257	0	0	0	0	0	0	0	0	0	0	0	0	0	0	0	0	0	0	9.75215	0	0	0	0	0	0	0	0	0	0	0	0	0	0	0	0	0	0	0	0	0	0	0	0	0	0	0	0	0	0	0	0	6.25222	0	0	0	0	0	9.13808	0	0	0	1.15205	0	0	0	2.41479	0	0	2.7271	0	7.96221	3.32939	10.25683	9.77238	8.91847	0	8.71175	0	0	0	0	0	0	0	
0	0	0	0	0	0	0	0	0	0	0	0	0	0	0	0	0	0	0	0	0	0	0	0	0	0	0	0	0	0	0	0	0	0	0	0	0	0	0	0	0	0	0	0	0	0	0	0	8.20752	0	0	0	0	0	0	0	0	0	0	5.85088	0	0	0	0	0	7.18706	0	0	0	0	0	7.64595	0	0	0	0	0	11.7601	0	6.18745	10.42291	0	0	7.49349	0	0	0	0	0	0	0	0	0	0	0	0	0	0	0	0	
0	0	0	0	0	0	0	0	0	0	0	0	0	0	0	0	0	0	0	0	0	0	0	0	0	0	0	0	0	0	0	0	0	0	0	0	0	0	0	0	0	0	0	0	0	0	0	0	0	0	0	0	0	0	0	2.89834	0	0	12.17888	0	0	0	0	0	8.09149	0	0	0	0	0	0	1.12539	0	2.41479	0	0	9.67083	0	0	0	4.5818	6.63245	6.78636	8.56051	0	0	0	8.63665	8.75038	0	10.7374	9.78021	10.43896	0	0	0	0	0	0	0	
0	0	0	0	0	0	0	0	0	0	0	0	0	0	0	0	0	0	0	0	0	0	0	0	0	0	0	0	0	0	0	0	0	0	0	0	0	0	0	0	0	0	0	0	0	0	0	0	0	0	0	0	0	0	0	0	0	0	0	0	0	0	0	0	0	0	0	0	0	0	0	0	0	0	0	0	0	0	0	0	0	0	0	0	0	0	2.5176	0	0	0	0	10.14285	0	0	0	0	0	0	0	0	
0	0	0	0	0	0	0	0	0	0	0	0	0	0	0	0	0	0	0	0	0	0	0	0	0	0	0	0	0	0	0	0	0	0	0	0	0	0	0	0	0	0	0	0	0	0	0	0	0	0	0	0	0	0	0	0	0	0	0	0	0	0	0	0	0	0	0	0	0	0	9.40865	0	0	0	0	0	2.41479	0	0	11.77719	0	0	0	10.70339	0	0	0	0	0	0	5.78628	8.5858	0	0	0	0	0	0	0	0	
0	0	0	0	0	0	0	0	0	0	0	0	0	0	0	0	0	0	0	0	0	0	0	0	0	0	0	0	0	0	0	0	0	0	0	0	0	0	0	0	0	0	0	0	0	0	0	0	0	0	0	0	0	0	0	0	0	0	0	2.05339	0	0	0	0	0	0	0	0	0	0	6.7878	0	0	0	0	0	0	0	0	0	0	0	0	0	0	0	4.06645	0	0	0	0	0	0	0	0	0	0	0	0	0	
0	0	0	0	0	0	0	0	0	0	0	0	0	0	0	0	0	0	0	0	0	0	0	0	0	0	0	0	0	0	0	0	0	0	0	0	0	0	0	0	0	0	0	0	0	0	0	0	0	0	0	0	0	0	0	0	0	0	0	0	0	0	0	0	0	0	0	0	0	10.3715	2.41479	0	0	0	0	0	0	0	7.58511	0	0	0	0	0	0	0	0	0	9.9345	4.66784	0	0	0	0	0	0	0	0	0	0	
0	0	0	0	0	0	0	0	0	0	0	0	0	0	0	0	0	0	0	0	0	0	0	0	0	0	0	0	0	0	0	0	0	0	0	0	0	0	0	0	0	0	0	0	0	0	0	0	0	0	0	0	0	0	0	0	0	0	0	0	0	0	0	0	0	0	0	0	0	0	0	0	0	0	0	0	0	0	0	0	0	0	0	0	0	0	1.74979	0	0	0	0	0	0	0	0	0	0	0	0	0	
0	0	0	0	0	0	0	0	0	0	0	0	0	0	0	0	0	0	0	0	0	0	0	0	0	0	0	0	0	0	0	0	0	0	0	0	0	0	0	0	0	0	0	0	0	0	0	0	0	0	0	0	0	0	0	0	0	0	8.91847	0	0	0	0	0	0	0	0	0	0	0	0	0	0	0	0	6.74075	0	0	0	0	0	0	0	0	0	0	0	0	0	0	0	0	0	0	0	0	0	0	0	0	
0	0	0	0	0	0	0	0	0	0	0	0	0	0	0	0	0	0	0	0	0	0	0	0	0	0	0	0	0	0	0	0	9.07942	0	0	0	0	0	0	0	0	0	0	0	0	0	0	0	0	0	1.3648	0	0	0	0	0	0	0	0	0	0	0	0.8381	0	0	0	0	0	0	0	0	0	0	0	0	3.27274	0	0	0	0	0	0	0	0	0	0	0	0	0	0	0	0	0	0	0	0	0	0	0	0	
0	0	0	0	0	0	0	0	0	0	0	0	0	0	0	0	0	0	0	0	0	0	0	0	0	0	0	0	0	0	0	0	0	0	0	0	0	0	0	0	0	0	0	0	0	0	0	0	0	0	0	0	0	0	0	0	0	0	0	0	0	0	0	0	0	0	0	0	0	0	0	0	0	0	0	0	0	0	0	0	0	0	0	0	0	0	0	0	0	0	0	0	0	0	0	0	0	0	0	0	
0	0	0	0	0	0	0	0	0	0	0	0	0	0	0	0	0	0	0	0	0	0	0	0	0	0	0	0	0	0	0	0	0	0	0	0	0	0	0	0	0	0	0	0	0	0	0	0	0	0	0	0	0	0	0	0	0	0	0	0	0	0	0	0	0	0	0	0	0	0	0	0	0	0	0	0	0	0	0	0	0	0	0	0	0	0	0	0	0	0	0	0	0	0	0	0	0	0	0	0	
0	0	0	0	0	0	0	0	0	0	0	0	0	0	0	0	0	0	0	0	0	0	0	0	0	0	0	0	0	0	0	0	0	0	0	0	0	0	0	0	0	0	0	0	0	0	0	0	0	0	0	0	0	0	0	0	0	0	0	0	0	0	0	0	0	0	0	0	0	0	0	0	0	0	0	0	0	0	0	0	0	0	0	0	0	0	0	0	0	0	0	0	0	0	0	0	0	0	0	0	
0	0	0	0	0	0	0	0	0	0	0	0	0	0	0	0	0	0	0	0	0	0	0	0	0	0	0	0	0	0	0	0	0	0	0	0	0	0	0	0	0	0	0	0	0	0	0	0	0	0	0	0	0	0	0	0	0	0	0	0	0	0	0	0	0	0	0	0	0	0	0	0	0	0	0	0	0	0	0	0	0	0	0	0	0	0	0	0	0	0	0	0	0	0	0	0	0	0	0	0	
0	0	0	0	0	0	0	0	0	0	0	0	0	0	0	0	0	0	0	0	0	0	0	0	0	0	0	0	0	0	0	0	0	0	0	0	0	0	0	0	0	0	0	0	0	0	0	0	0	0	0	0	0	0	0	0	0	0	0	0	0	0	0	0	0	0	0	0	0	0	0	0	0	0	0	0	0	0	0	0	0	2.5176	0	0	0	0	0	0	0	0	0	0	0	0	0	0	0	0	0	0	
0	0	0	0	0	0	0	0	0	0	0	0	0	0	0	0	0	0	0	0	0	0	0	0	0	0	0	0	0	0	0	0	0	0	0	0	0	0	0	0	0	0	0	0	0	0	0	12.19533	0	0	0	0	0	0	0	0	0	0	0	0	0	0	0	0	0	0	0	0	0	0	0	0	0	0	9.24641	0	0	0	0	0	0	0	0	0	0	0	0	0	0	0	0	0	0	0	0	0	0	0	0	0	
