0	0	0	0	0	0	0	0	0	0	0	0	0	0	0	0	0	0	0	0	0	0	0	0	0	0	0	0	0	0	0	0	0	0	0	0	0	0	0	0	0	0	0	0	0	0	0	0	0	0	0	9.72886	0	0	0	0	0	0	0	0	0	0	0	0	0	0	0	0	0	0	0	0	0	0	0	0	0	0	0	0	0	0	0	0	0	0	0	0	0	0	0	0	0	0	0	0	0	0	0	0	
0	0	0	0	0	0	0	0	0	0	0	0	0	0	0	0	0	0	0	0	0	0	0	0	0	0	0	0	0	0	0	0	0	0	0	0	0	0	0	0	0	0	0	0	0	0	0	13.84519	0	0	0	0	0	0	0	0	0	0	0	0	0	0	0	10.81167	0	0	0	0	0	0	0	0	0	0	0	0	0	0	0	0	0	0	0	0	0	0	0	0	0	0	0	0	0	0	0	0	0	0	0	0	
0	0	0	0	0	0	0	0	0	0	0	0	0	0	0	0	0	0	0	0	0	0	0	0	0	0	0	0	0	0	0	0	0	0	0	0	0	0	0	0	0	0	0	0	0	0	0	0	0	0	0	0	0	0	8.43723	0	0	0	0	0	0	0	0	0	0	0	0	0	0	0	0	0	0	0	0	0	0	0	0	0	0	0	0	0	0	0	0	0	0	0	0	0	0	0	0	0	0	0	0	0	
0	0	0	0	0	0	0	0	0	0	0	0	0	0	0	0	0	0	0	0	0	0	0	0	0	0	0	0	0	0	0	0	0	0	0	0	0	0	0	0	0	0	0	0	0	0	14.95344	7.08588	0	0	0	0	0	0	0	0	0	0	0	0	0	0	0	0	0	0	0	0	0	0	0	0	0	0	0	0	0	0	0	0	0	0	0	0	0	0	0	0	0	0	0	0	0	0	0	0	0	0	0	0	
0	0	0	0	0	0	0	0	0	0	0	0	0	0	0	0	0	0	0	0	0	0	0	0	0	0	0	0	0	0	0	0	0	0	0	0	0	8.5318	0	0	0	0	0	12.60118	0	0	0	0	0	0	0	0	0	0	0	0	0	0	0	0	0	0	0	0	0	0	0	0	0	0	0	0	0	0	0	0	0	0	0	0	0	0	0	0	0	0	0	0	0	0	0	0	0	0	0	0	0	0	0	0	
0	0	0	0	0	0	0	0	0	0	0	0	0	0	0	0	0	0	0	0	0	0	0	0	0	0	0	0	0	0	0	0	0	0	0	0	0	0	0	0	0	0	0	0	0	0	0	0	0	0	0	0	0	0	0	0	0	0	0	0	0	0	0	0	0	0	0	0	0	0	0	0	8.99717	0	0	0	0	0	0	0	0	0	0	0	0	0	0	0	0	0	0	0	0	0	0	0	0	0	0	0	
0	0	0	0	0	0	0	0	0	0	0	0	0	0	0	0	0	0	0	0	0	0	0	0	0	0	0	0	0	0	0	0	0	0	0	0	0	0	0	0	0	0	0	0	0	0	0	0	0	0	0	0	0	0	0	0	0	0	0	0	0	0	0	0	0	0	0	0	0	0	0	0	0	0	10.26889	0	0	0	0	0	0	0	0	0	0	0	0	0	0	0	0	0	0	0	0	0	0	0	0	0	
0	0	0	0	0	0	0	0	0	0	0	0	0	0	0	0	0	0	0	0	0	0	0	0	0	0	0	0	0	0	0	0	0	0	0	0	0	0	0	0	0	0	0	0	0	0	0	0	0	0	0	7.80024	0	0	0	13.7995	0	0	9.25455	0	0	0	0	0	0	0	0	0	0	0	0	0	0	0	0	0	0	0	0	0	0	0	0	0	0	0	0	0	0	0	0	0	0	0	0	0	0	0	0	0	
0	0	0	0	0	0	0	0	0	0	0	0	0	0	0	0	0	0	0	0	0	0	0	0	0	0	0	0	7.12609	0	0	0	0	0	0	0	0	0	0	0	0	0	0	0	0	0	0	0	0	0	0	0	0	0	0	0	0	0	0	0	0	0	0	0	0	0	0	6.67311	0	0	0	0	0	0	0	0	0	0	0	0	0	0	0	0	0	0	0	0	0	0	0	0	0	0	0	0	0	0	0	0	
0	0	0	0	0	0	0	0	0	0	0	0	0	0	0	0	0	0	0	0	0	0	0	0	0	0	0	0	0	0	0	0	0	0	0	0	0	0	0	0	0	0	0	0	0	0	0	0	0	0	0	0	0	0	0	8.32286	0	0	0	0	0	0	0	0	0	0	0	0	0	0	0	0	0	0	0	0	0	0	0	0	0	0	0	0	0	0	0	0	0	0	0	0	0	0	0	0	0	0	0	0	
0	0	0	0	0	0	0	0	0	0	0	0	0	0	0	0	0	0	0	0	0	0	0	0	0	0	0	0	0	0	0	0	0	0	0	0	0	0	0	0	0	0	0	0	0	0	0	0	0	0	0	0	0	0	0	0	0	0	0	0	0	0	0	0	0	0	0	9.58602	0	0	0	0	0	0	0	0	0	0	0	0	0	0	0	0	0	0	0	0	0	0	0	0	0	0	0	0	0	0	0	0	
0	0	0	0	0	0	0	0	0	0	0	0	0	0	0	0	0	0	0	0	0	0	0	0	0	0	0	0	0	0	0	0	0	0	0	0	0	0	0	0	0	0	0	0	0	0	0	0	0	0	0	0	5.02475	0	0	0	2.14439	0	0	0	0	0	0	0	0	0	0	0	0	0	0	2.78042	0	0	0	0	0	0	0	0	0	0	0	0	0	0	0	0	0	0	0	0	0	0	0	0	0	0	0	0	
0	0	0	0	0	0	0	0	0	0	0	0	0	0	0	0	0	0	0	0	0	0	0	0	0	0	0	0	0	0	0	0	0	0	0	0	0	0	0	0	0	0	0	0	0	0	0	0	12.60628	0	0	0	11.48435	0	0	0	0	0	0	0	0	0	0	0	0	0	0	3.1814	0	0	0	0	0	0	0	0	0	0	0	0	0	0	0	0	0	0	0	0	0	0	0	0	0	0	0	0	0	0	0	0	
0	0	0	0	0	0	0	0	0	0	0	0	0	0	0	0	0	0	0	0	0	0	0	0	0	0	0	0	0	0	13.82336	0	0	0	0	0	0	0	0	7.74015	0	0	0	0	0	0	0	8.83045	0	0	0	0	0	0	0	0	0	8.81643	7.3041	0	8.85398	0	0	10.73734	0	0	0	0	0	0	0	0	0	0	0	0	0	0	0	0	0	0	0	0	0	0	0	0	0	0	0	0	0	0	0	0	0	0	0	0	
0	0	0	0	0	0	0	0	0	0	0	0	0	0	0	0	0	0	0	0	0	0	0	0	0	0	0	0	0	0	0	0	0	0	0	0	0	0	0	0	0	0	0	0	0	0	0	0	0	0	0	0	0	0	5.31708	0	0	0	0	0	0	0	0	0	0	0	0	0	0	0	0	0	0	0	0	0	0	0	0	0	0	0	0	0	0	0	0	0	0	0	0	0	0	0	0	0	0	0	0	0	
0	0	0	0	0	0	0	0	0	0	0	0	0	0	0	0	0	0	0	0	0	0	0	0	0	0	0	0	0	0	0	0	0	0	0	0	0	0	0	0	0	0	13.81428	0	0	0	0	0	0	0	0	0	8.92278	0	0	0	0	0	0	14.24905	0	0	0	0	0	0	0	0	0	0	0	4.32762	0	0	0	0	0	0	0	0	0	0	0	0	0	0	0	0	0	0	0	0	0	0	0	0	0	0	0	0	
0	0	0	0	0	0	0	0	0	0	0	0	0	0	0	0	0	0	0	0	0	0	0	0	0	0	0	0	0	0	0	0	0	0	0	0	0	0	0	0	0	0	0	6.26971	0	0	0	10.35234	0	0	0	9.91004	0	0	0	0	0	0	4.4871	0	0	0	0	0	0	0	0	0	0	0	0	0	0	0	0	0	0	0	0	0	0	0	0	0	0	0	0	0	0	0	0	0	0	0	0	0	0	0	0	0	
0	0	0	0	0	0	0	0	0	0	0	0	0	0	0	0	0	0	0	0	0	0	0	0	0	0	0	0	0	0	0	0	0	0	0	0	0	0	0	0	0	0	8.98678	0	0	0	0	0	0	0	0	0	0	0	0	9.68065	0	0	0	0	0	0	0	0	0	0	0.79394	0	6.25894	0	0	0	0	0	0	0	0	0	0	0	0	0	0	0	0	0	0	0	0	0	0	0	0	0	0	0	0	0	0	0	
0	0	0	0	0	0	0	0	0	0	0	0	0	0	0	0	0	0	0	0	0	0	0	0	0	0	0	0	0	0	0	0	0	0	0	0	0	0	0	0	12.12816	0	0	0	0	0	0	0	0	0	0	0	0	0	0	0	0	0	0	0	0	0	0	0	0	0	0	0	0	0	0	0	0	0	0	0	0	0	0	0	0	0	0	0	0	0	0	0	0	0	0	0	0	0	0	0	0	0	0	0	
0	0	0	0	0	0	0	0	0	0	0	0	0	0	0	0	0	0	0	0	0	0	0	0	0	0	0	0	0	0	0	0	0	0	0	0	0	0	0	0	0	0	0	0	0	0	0	9.78153	0	0	8.98726	0	0	0	0	0	0	0	0	0	0	0	0	0	0	0	0	0	0	0	0	0	0	0	0	0	9.02386	0	0	0	0	0	0	0	0	0	0	0	0	0	0	0	0	0	0	0	0	0	0	0	
0	0	0	0	0	0	0	0	0	0	0	0	0	0	0	0	0	0	0	0	0	0	0	0	0	0	0	0	0	0	0	0	0	0	0	0	0	0	0	0	0	0	0	0	0	0	0	10.1065	0	0	9.77309	10.72175	0	0	0	0	7.90535	0	9.21946	0	9.87582	0	0	0	0	10.05568	0	0	0	0	0	0	0	0	0	0	0	0	0	0	0	0	0	0	0	0	0	0	0	0	0	0	0	0	0	0	0	0	0	0	
0	0	0	0	0	0	0	0	0	0	0	0	0	0	0	0	0	0	0	0	0	0	0	0	0	0	0	0	0	0	0	0	0	0	0	0	0	0	0	0	0	11.50817	0	0	0	0	0	0	0	0	0	0	0	0	0	0	0	0	0	0	0	0	0	0	0	0	0	0	0	0	0	0	0	0	0	0	0	0	0	0	0	0	0	0	0	0	0	0	0	0	0	0	0	0	0	0	0	0	0	0	
0	0	0	0	0	0	0	0	0	0	0	0	0	0	0	0	0	0	0	0	0	0	0	0	0	0	0	0	0	0	0	10.20126	0	0	0	0	0	0	0	0	0	0	0	0	0	0	0	9.46091	0	0	0	0	0	0	0	0	0	0	0	0	0	0	0	5.1493	0	0	0	0.79394	0	0	0	0	0	0	0	0	0	0	0	0	0	0	0	0	0	0	0	0	0	0	0	0	0	0	0	0	0	0	0	0	
0	0	0	0	0	0	0	0	0	0	0	0	0	0	0	0	0	0	0	0	0	0	0	0	0	0	0	0	0	0	0	10.74167	0	0	0	0	0	0	0	0	0	0	0	0	0	0	0	0	0	0	0	0	0	0	0	0	0	0	0	0	0	0	0	0	0	0	0	0	0	0	0	0	0	0	0	0	0	0	0	0	0	0	0	0	0	0	0	0	0	0	0	0	0	0	0	0	0	0	0	0	
0	0	0	0	0	0	0	0	0	0	0	0	0	0	0	0	0	0	0	0	0	0	0	0	0	0	0	0	0	0	0	0	0	0	0	0	0	0	0	0	0	0	0	10.64977	0	0	0	0	0	12.51119	0	0	0	0	9.70749	0	0	0	0	0	0	0	0	0	0	0	0	0	0	0	0	0	0	0	0	0	0	0	0	0.39697	0	0	0	0	0	0	0	0	0	0	0	0	0	0	0	0	0	0	0	0	
0	0	0	0	0	0	0	0	0	0	0	0	0	0	0	0	0	0	0	0	0	0	0	0	0	0	0	0	0	0	0	0	6.96594	0	0	0	0	0	0	0	0	0	0	0	0	0	0	4.4294	0	0	8.15771	0	0	0	0	0	0	0	8.50291	0	0	0	0	0	0	0	0	0	0	0	0	0	0	0	0	0	0	0	0	0	0	0	0	0	0	5.1237	0	0	0	0	0	0	0	0	0	0	0	0	0	0	
0	0	0	0	0	0	0	0	0	0	0	0	0	0	0	0	0	0	0	0	0	0	0	0	0	0	0	0	0	0	0	0	0	0	0	0	0	0	0	10.72488	0	0	0	0	15.66847	0	4.56974	0	0	0	0	0	0	0	0	0	0	0	0	0	0	0	0	0	0	0	0	0	0	0	0	0	0	0	0	0	0	0	0	0	0	0	0	0	0	0	0	0	0	0	0	0	0	0	0	0	0	0	0	0	
0	0	0	0	0	0	0	0	0	0	0	0	0	0	0	0	0	0	0	0	0	0	0	0	0	0	0	0	0	0	0	0	0	0	0	10.47633	0	0	0	0	0	0	0	0	0	0	0	8.58515	0	0	0	0	0	6.0821	0	0	0	0	0	0	10.54384	0	0	0	0	0	0	0	0	0	0	0	0	0	0	0	0	0	0	0	0	0	0	0	0	0	0	0	0	0	0	0	0	0	1.97644	0	0	0	0	0	
0	0	0	0	0	0	0	0	0	0	0	0	0	0	0	0	0	0	0	0	0	0	0	0	0	0	0	0	0	0	0	0	0	0	0	0	0	0	0	0	0	14.51014	0	0	0	0	0	0	0	0	0	0	0	0	0	0	0	0	0	0	0	0	0	0	0	0	0	4.81511	0	0	0	2.61746	0	0	0	0	0	0	0	0	0	0	0	0	0	0	0	0	0	0	0	0	0	0	0	0	0	0	0	0	
0	0	0	0	0	0	0	0	0	0	0	0	0	0	0	0	0	0	0	0	0	0	0	0	0	0	0	0	0	0	0	0	0	0	0	0	0	0	0	0	7.76956	0	0	0	9.79589	0	0	3.56808	0	0	5.86387	12.74814	0	0	0	9.93	0	0	7.40749	0	8.64983	0	0	0	0	0	0	0	0	0	0	0	0	0	0	0	0	0	0	0	0	0	0	0	0	0	0	0	0	0	0	0	0	0	0	5.31802	0	0	0	0	
0	0	0	0	0	0	0	0	0	0	0	0	0	0	0	0	0	0	0	0	0	0	0	0	0	0	0	0	0	0	0	0	0	0	0	0	0	0	0	0	0	0	0	0	14.59048	0	0	0	0	3.1814	0	0	5.71058	0	0	0	0	8.61245	0	0	0	7.39497	0	0	0	0	0	0	0	0	0	0	0	0	0	0	0	0	0	0	0	0	0	0	0	0	0	0	0	0	0	0	0	0	0	0	0	0	0	0	
0	0	0	0	0	0	0	0	0	0	0	0	0	0	0	0	0	0	0	0	0	0	0	0	0	0	0	0	0	0	0	0	0	0	0	0	0	0	0	0	0	0	0	12.0869	0	0	13.16604	0	0	0	9.89707	0	0	0	0	0	0	0	0	6.88764	0	0	0	0	9.16333	0	0	11.12872	0	0	0	0	9.19799	0	0	0	2.61746	0	0	0	0	0	0	0	0	0	0	0	0	0	0	0	0	0	0	0	0	0	0	0	
0	0	0	0	0	0	0	0	0	0	0	0	0	0	0	0	0	0	0	0	0	0	0	0	0	0	0	0	0	0	0	0	0	0	0	0	0	0	0	0	0	0	0	0	0	0.79394	0	9.85539	0.79394	0	0	8.02764	8.18416	0	0	7.24949	0	0	0	0	0	0	0	0	0	0	0	9.48031	0	0	0	0	0	11.87579	0	0	0	0	0	0	0	0	0	0	0	0	0	0	0	0	0	0	0	0	0	0	0	0	0	0	
0	0	0	0	0	0	0	0	0	0	0	0	0	0	0	0	0	0	0	0	0	0	0	0	0	0	0	0	0	0	0	0	0	0	0	0	0	14.97269	0	0	0	0	0	0	0	0	0	0	5.78926	0	0	8.19048	0	0	11.27431	0	8.12471	0	0	2.43373	0	0.79394	0	0	0	0	0	0	0	0	0	0	0	0	4.57918	0	0	0	0	0	0	0	0	0	0	0	0	0	0	0	0	0	0	0	0	0	0	0	0	0	
0	0	0	0	0	0	0	0	0	0	0	0	0	0	0	0	0	0	0	0	0	0	0	0	0	0	0	0	0	0	0	0	0	0	0	0	0	0	0	0	0	0	14.21617	0	0	9.55399	0	12.69516	0	0	8.78076	0	11.7603	0	8.69906	0	0	0	0	0	0	0	0	8.59065	0	0	0	0.79394	0	0	10.44021	0	0	0	0	0	0	0	2.22314	0	0	0	0	0	0	0	0	0	0	0	0	0	0	0	0	0	0	0	0	0	
0	0	0	0	0	0	0	0	0	0	0	0	0	0	0	0	0	0	0	0	0	0	0	0	0	0	0	0	0	0	0	0	0	0	0	0	0	0	0	0	0	0	0	0	0	0	0	7.98126	11.30266	0	0	10.06954	0	0	0	0	0	0	0	0	0	0	0	0	0	0	0	0	0	0	0	0	0	0	0	0	0	0	0	0	0	0	0	0	0	0	0	0	0	0	4.73787	0	0	0	0	0	0	0	0	0	
0	0	0	0	0	0	0	0	0	0	0	0	0	0	0	0	0	0	0	0	0	0	0	0	0	0	0	0	0	0	0	0	0	0	0	0	0	0	0	0	0	0	0	0	0	0	0	14.16896	0	0	0	0	8.12471	3.82869	0	0	0	0	12.71094	10.33759	0	0	0	0	0	0	0	0	0	0	0	0	0	0	0	0	0	0	0	0	0	0	0	0	0	0	0	0	0	0	0	0	0	0	0	0	0	0	5.08837	0	
0	0	0	0	0	0	0	0	0	0	0	0	0	0	0	0	0	0	0	0	0	0	0	0	0	0	0	0	0	0	0	0	0	0	0	0	0	0	0	0	0	0	6.98278	0	0	0	0	0	0	8.72091	0	7.11849	0	5.86387	0	0	0	0	0	0	0	0	0	0	13.81259	0	0	0	0	0	0	0	0	0	0	0	11.23926	0	0	0	0	0	0	0	0	0	0	0	0	0	0	0	0	0	0	0	0	0	0	0	
0	0	0	0	0	0	0	0	0	0	0	0	13.10463	0	0	0	0	0	0	0	0	0	0	0	0	0	0	0	0	0	9.81835	0	0	0	0	0	0	0	0	0	0	0	10.31683	0	0	0	0	6.3132	0	0	14.13229	0	0	3.29362	1.6787	0	9.31864	0	0	0	0	0	0	7.41991	11.49025	8.54603	0	0	0	0	0	0	0	0	0	0	0	0	0	0	0	0	0	0	0	0	0	0	0	0	0	0	0	0	0	0	0	0	0	0	
0	0	0	0	0	0	0	0	0	0	0	0	0	0	0	0	0	0	0	0	0	0	0	0	0	0	0	0	0	0	0	0	0	0	0	0	0	0	0	0	0	0	0	0	0	10.64992	4.21811	0	1.6787	13.14738	0	7.68982	7.14958	0	11.33212	6.91133	0	0	0	0	10.89075	0	0	0	0	0	0	0	0	6.56222	0	0	0	0	0	0	4.9741	0	0	0	0	0	0	0	0	0	0	0	0	0	0	0	0	0	0	0	0	0	0	0	
0	0	0	0	0	0	0	0	0	0	0	0	0	0	0	8.55731	0	0	0	0	0	0	0	0	0	0	0	0	0	0	0	0	0	0	0	7.20713	11.459	0	0	0	0	0	0	0.79394	0	11.58634	7.25938	9.70369	6.05113	8.13605	0	0	1.6787	0	10.30867	0	0	0	0	8.36842	0	7.29739	0	6.08272	0	6.17352	0	0	11.07575	0	7.54988	0	0	0	0	11.89654	0	5.29124	0	1.30311	0	0	0	0	0	0	0	0	0	0	11.41935	0	0	0	0	0	0	0	0	0	
0	0	0	0	0	0	0	0	0	0	0	0	0	0	0	0	0	0	0	0	0	0	0	0	0	0	11.49356	0	0	0	0	3.05972	0	0	3.39773	0	0	0	0	0	10.88222	0	0	0	0	0	0	0	9.49191	2.40204	4.37941	9.63345	9.12592	0	11.60549	0	6.01885	0	3.20571	0	7.11085	8.35232	0	0	0	8.63659	0	0	0	0	0	0	0	8.62859	0	0	0	0	0	0	0	0	0	0	0	0	0	0	0	0	0	0	0	0	0	0	3.49484	0	0	0	
0	0	0	0	0	0	0	0	0	0	0	0	0	0	0	0	0	0	0	14.23655	0	0	0	0	0	0	0	0	0	0	0	0	0	0	0	0	0	0	0	0	0	0	0	14.17719	0	0	11.42206	13.23058	10.80931	0	5.49277	7.68888	12.90488	0	0	0	14.71474	0	0	8.76008	5.96754	0	0	12.17447	0	7.97707	0	6.41596	0	0	0	0	0	0	0	0	0	0	0	0	0	0	0	0	0	0	0	0	0	0	8.92414	0	0	0	0	0	0	0	0	0	
0	0	0	0	0	0	0	0	0	0	0	0	8.77353	0	0	0	0	0	0	9.64275	0	0	0	0	0	0	0	0	0	0	0	0	0	6.36583	0	0	0	0	0	0	0	11.56763	13.88064	0	9.71516	0	0	3.33908	11.2296	0	4.21811	7.41712	7.48361	5.22994	11.17437	7.78884	5.77771	5.05373	7.19461	0	0	0	0	0	6.64478	0	0	0	0	0	0	0	0	0	0	0	0	0	12.30823	2.92682	0	0	0	0	0	0	0	0	0	0	0	0	0	0	0	0	0	0	0	0	
0	0	0	0	0	0	0	0	0	0	0	0	0	0	0	0	0	0	0	0	0	0	0	15.58275	0	0	0	0	0	0	0	0	0	0	0	0	0	0	12.14275	0	0	0	8.47459	9.67289	1.97644	0	8.17946	6.09369	0	7.22997	9.41668	6.19903	0	0	0	0	0	5.59943	16.48107	11.56937	12.82047	0	0	0	8.40324	0	0	0	0	0	0	0	0	0	0	0	0	0	0	0	0	0	0	0	0	0	0	0	0	0	0	0	0	0	0	0	0	0	0	0	
0	0	7.33722	0	0	0	0	0	0	0	0	0	0	0	0	0	0	0	0	0	0	0	0	0	0	0	0	0	0	0	0	0	0	0	0	0	0	0	0	0	10.99332	0	0	0	0	9.2752	0	5.24725	9.43362	11.71842	0	6.47666	10.77891	9.38193	6.09825	8.54886	0	0	2.61746	11.89482	6.99849	0	8.34582	7.73519	0	0	0	0	0	0	0	7.874	0	0	0	0	1.97644	0	0	0	0	0	0	0	0	0	0	0	0	0	0	0	0	0	0	0	0	0	0	0	
0	0	0	0	0	0	0	0	0	0	0	11.09475	0	0	0	0	0	0	0	0	0	0	0	0	0	0	0	0	0	0	0	0	6.41596	0	0	0	0	8.51418	11.01216	3.1814	10.49332	7.19995	0	0	13.07375	6.19499	12.03913	5.93124	11.4796	0	11.90286	0	0.65156	3.64294	0	10.21415	4.02249	10.91135	0	0	0	0	0	0	0	0	0	6.65533	0	0	0	0	6.05113	0	0	8.88072	0	0	10.02349	0	0	0	0	0	0	0	0	0	0	0	0	0	0	0	0	8.80727	0	0	0	0	
0	0	0	0	0	0	0	0	0	0	0	0	0	0	0	0	0	0	0	0	0	0	0	0	0	0	0	0	0	0	0	0	0	0	3.9705	7.35736	0	0	0	7.28387	0	13.3993	0	11.43137	14.9917	10.20282	7.97574	9.76661	6.24602	10.34736	10.6874	10.63653	1.30311	8.78404	0	0	9.40345	0	0	6.40627	9.98849	0	0.79394	0	0	0	0	0	0	0	0	0	0	0	0	0	0	0	2.78042	0	0	0	0	0	0	0	0	8.38752	0	0	0	0	0	0	0	0	0	0	0	0	
0	0	0	0	0	0	0	0	11.26056	0	9.07579	0	0	0	0	0	0	0	0	0	0	0	0	0	0	0	9.57635	0	0	0	0	0	0	0	0	2.61746	0	11.59355	11.84331	0	9.19994	7.07204	0	10.71042	1.30311	12.79224	8.18038	7.46878	10.0261	9.12687	0	7.98124	0	0	0	0	8.91479	1.97644	0	0	0	0	0.79394	0	0	0	12.51608	0	0	0	0	0	0	0	0	0	0	0	0	0	0	0	0	0	0	0	0	0	0	0	0	0	0	1.97644	0	0	0	0	0	0	
0	0	0	0	0	0	0	0	0	0	0	12.2304	0	0	12.20887	0	0	0	0	0	0	0	0	0	0	0	0	0	0	0	0	10.28426	0	0	5.23613	0	13.876	0	0	12.11891	0	0	9.23852	10.36243	10.33215	7.94462	11.50514	9.46472	2.50603	9.89057	6.40634	10.8441	11.57264	8.99558	0	2.43373	8.29718	0	0	9.71002	8.37482	5.51356	0	9.70876	0	0	0	0	0	0	0	0	0	0	0	6.97639	0	0	0	0	0	0	0	5.1493	0	0	0	0	0	0	0	0	0	0	0	0	0	0	0	0	
0	0	0	0	0	0	0	0	0	0	0	0	11.23926	0	0	0	0	0	0	0	0	0	0	0	0	0	0	0	0	10.96941	0	0	7.08769	0	2.22314	0	14.26253	0	14.25242	10.52097	10.96267	8.5318	10.1801	9.06212	8.36604	2.82155	10.66907	10.5872	6.37828	9.22004	9.02613	11.44502	10.81226	5.63888	6.5736	7.99657	9.35664	0	0	9.26319	1.6787	0	0	0	0	0	0	0	0	0	0	0	0	11.3378	0	0	0	0	0	0	11.17524	0	0	0	0	0	0	0	0	0	0	0	0	0	0	0	0	0	0	0	
0	0	0	0	0	0	0	13.13613	0	0	0	12.95387	0	0	0	0	0	0	0	0	0	0	0	0	0	0	0	8.6914	0	0	3.9705	0	12.3504	0	0	0	6.18811	6.97439	10.2066	10.20333	10.65523	5.22046	0	10.01517	10.63778	10.07637	9.85413	9.36165	10.89068	9.44859	5.3158	8.94535	9.31563	7.84056	7.78471	8.76809	13.21741	5.52279	2.42612	9.4877	5.99316	13.59363	6.2727	0	9.92674	0	0	0	0	0	0	0	0	10.60289	0	0	0	0	0	0	0	0	0	0	0	0	0	0	0	0	0	0	0	0	0	0	0	0	0	0	
9.85425	0	0	0	0	0	0	0	9.05759	0	0	0	9.34197	0	0	0	0	0	0	0	0	0	0	0	12.38367	0	0	8.14729	0	0	0	0	13.55589	0	9.88274	9.31729	0	5.73065	11.30148	6.88285	7.16349	8.71462	6.54607	10.85927	12.1833	9.73459	8.58622	10.06513	5.24765	3.86931	9.48605	7.80141	6.35033	6.53887	10.96518	10.06281	9.17253	6.27922	0	12.45294	0	1.30311	0	5.87003	0	5.88193	0	0	0	0	0.79394	0	0	0	0	0	0	0	0	0	0	0	4.20079	0	0	14.36217	0	0	0	0	0	0	0	0	0	0	0	0	0	0	
0	0	0	9.59973	0	0	0	0	0	0	0	0	0	0	0	0	0	0	7.22139	0	0	11.55079	0	2.22314	10.26069	8.03472	0	0	11.93187	9.84161	12.60408	0	12.70741	0	0	0	0	9.54193	11.19062	9.85977	9.05311	5.59265	9.09271	9.73626	8.55637	10.15559	8.72159	8.07346	9.90317	7.74329	8.97291	9.05764	10.69554	6.39031	5.85242	9.44419	0	4.79929	5.6465	8.93844	0	1.6787	9.60246	0	0	0	0	0	0	6.06701	0	0	4.0365	0	2.22314	8.33603	12.29713	4.27391	0	1.97644	0	0	0	0	0	0	0	0	0	0	0	0	0	0	0	0	0	0	0	0	
9.31563	0	0	0	11.69666	8.12756	0	0	0	0	0	0	0	0	0	0	0	13.78172	0	0	0	0	0	0	10.6733	0	8.8395	7.70101	0	13.14971	10.89565	0	0	0	10.33268	9.73508	6.98759	11.51143	11.47099	9.63449	7.726	9.48747	10.02858	9.95267	9.46008	9.15556	9.64969	9.15381	8.57409	11.5313	4.33684	11.37903	8.84664	7.32024	10.22518	8.61735	9.0134	2.7082	6.322	7.94968	5.31802	0	7.22235	9.0914	11.48324	10.83504	8.42497	0	0	0	0	0	0	0	5.71058	0	0	0	0	0	0	0	0	0	0	0	0	0	0	0	0	0	0	0	0	0	0	0	0	0	
0	0	0	0	0	0	0	0	7.58339	0	8.38435	0	0	0	0	0	7.49812	15.91457	8.7442	7.43222	9.18895	7.91243	0	0	0	12.17057	0	9.6858	4.66936	11.90728	0	10.36514	12.96252	7.0645	9.82389	11.49788	8.51214	7.43618	9.35412	9.16951	9.82062	8.13657	5.42756	8.46039	10.32983	8.32268	8.89613	8.77785	8.97342	5.98266	7.05559	11.60168	7.13461	8.90458	5.70166	6.16213	4.78188	9.96219	0	9.98849	5.21169	8.81643	7.56266	0	6.97714	12.94101	0	0	0	0	0	3.75219	0	0	8.84664	0	0	0	10.44402	0	0	0	0	0	0	5.62736	0	0	0	0	0	0	0	0	0	4.27391	0	0	0	0	
0	10.27403	0	0	2.22314	7.65867	0	0	0	0	0	0	0	0	7.40749	10.48891	0	10.86316	10.21062	0	7.92139	0	3.05972	0	0	0	0	0	9.94633	9.20876	10.01949	0	12.13477	5.37907	10.85804	8.92467	9.7648	9.84236	8.58105	9.00316	8.5485	7.90681	8.36476	7.38635	8.70758	6.91678	8.03489	9.51415	8.28493	8.00823	7.22232	8.3835	7.46453	6.39882	7.8976	7.49018	7.88154	6.56175	8.80558	6.02915	0	9.03399	0	12.02804	11.07892	0	6.1669	11.37061	0	0	0	0	0	0	0	3.67141	0	0	0	0	9.65555	0	0	0	0	0	0	0	0	0	0	0	0	0	0	0	0	0	0	0	
0	10.23152	6.78578	0	8.12077	0	0	0	0	0	10.33021	0	0	0	9.65986	8.36522	0	8.66295	0	0	9.69349	4.52446	7.92064	12.76914	9.85425	10.61374	0	4.48606	9.01979	7.23705	11.55043	10.62853	11.54588	10.61985	9.86571	5.28805	8.35189	8.81823	7.01134	8.09179	7.24077	8.64815	7.1076	7.0369	7.10302	7.06588	8.91195	7.1327	9.26753	8.19291	7.12435	8.34632	6.99199	7.66255	7.33101	5.37391	7.57854	4.78059	6.36667	11.98481	0	7.74291	12.03482	10.88799	2.75805	1.97644	0	0	0	0	0	5.60578	0	0.79394	8.89858	0	4.85224	0	0	0	0	0	0	5.21897	0	0.65156	0	0	0	0	0	0	0	0	0	0	0	0	0	0	
0	0	0	0	0	0	0	0	7.56114	0	8.55168	12.51879	0	0	0	0	0	0	11.26358	0	7.35672	0	0	0	0	10.72488	9.22647	0	4.37941	9.81483	7.2411	7.7744	8.8558	9.79475	10.18138	10.19191	7.02814	7.54441	9.60191	8.97117	7.64223	8.0738	8.27017	7.27285	7.77153	6.45706	6.91372	7.41188	7.99885	8.41354	8.94078	7.88537	6.85634	6.70907	8.18658	8.68295	8.45877	7.76461	10.96094	9.5963	11.48162	5.97433	9.62803	5.4974	0	7.52005	0	8.94578	0	0	0	0	0	0	0	0	0	0	0	0	0	6.88764	0	0	0	0	0	7.25641	8.42804	9.5694	0	0	0	0	0	0	0	0	0	0	
0	0	0	0	0	0	0	0	9.08946	10.42102	3.24978	2.78042	0	10.63321	0	0	0	1.97644	9.04806	2.79002	0	0	0	8.77734	7.94306	8.15845	2.92682	8.42672	5.33171	10.52172	0	6.3926	4.44818	4.68961	6.83102	8.79698	8.94516	6.42915	6.73098	5.80461	6.53012	8.23547	8.06722	9.44533	7.68851	7.81953	7.01706	8.33874	6.50101	7.99438	8.18292	6.6299	7.0121	5.46762	7.95935	8.25598	6.92322	12.58322	10.70219	4.97606	5.88938	10.57147	10.1884	5.46907	1.11157	11.58163	10.14253	0	0	0	0	0	0	6.78578	8.52031	0	0	0	13.95891	0	0	0	0	0	0	0	0	0	7.89494	0	1.30311	0	0	0	0	0	0	0	0	0	
0	0	8.57685	6.29717	0	2.43373	0	0	6.85143	0	0	0	0	0	0	0	0	7.80614	0	0	0	0	0	10.25856	0	7.85891	0	9.15486	9.24934	7.65445	0	9.94505	0	7.56114	5.79215	9.02239	7.40729	6.89781	1.91682	10.63039	9.56671	8.74238	4.6853	7.08872	7.52533	6.614	5.76456	9.02489	7.76873	7.43269	7.35225	7.77684	7.96686	8.22788	8.30086	6.87265	8.06776	8.70302	8.37246	6.5655	11.81928	7.90389	4.78604	9.42902	5.29736	0	0	6.16388	3.9705	0	4.54764	0	10.36755	0	2.84511	0	5.15014	0	0	0	0	0	6.17673	0	0	0	0	0	0	0	0	0	0	0	0	0	0	0	0	0	
0	0	0	0	0	0	0	0	1.6787	0	8.79514	8.62859	7.84843	0	10.49992	0	0	8.39383	0	3.82869	0	0	0	0	0	0	5.53904	5.29124	7.80407	0	8.69396	8.45981	6.80733	6.73341	3.18914	7.26402	7.65467	7.27806	8.1539	8.26667	7.56302	5.95016	5.52082	6.91728	7.14291	6.72692	4.6778	5.28056	6.76386	6.64755	6.84697	9.25733	8.60094	6.21876	6.83565	6.84657	6.32236	8.41615	9.77055	6.75051	8.62067	5.33357	7.26401	5.69145	0	5.99974	6.61269	3.72964	0	0	5.17883	0	7.61896	0.65156	0	14.60215	0	0	0	0	0	0	0	0	0	0	0	0	5.81476	0	0	0	0	0	0	0	0	0	0	0	
0	0	0	0	0	0	0	0	0	10.36273	0	0	2.92682	0	0	0	0	0	0	0	0	0	0	8.086	0	0	7.44772	0	0	4.39924	6.3797	0	0	5.90694	9.57496	8.22719	4.77701	1.30311	0	8.33603	3.89919	9.99161	3.38868	5.48223	8.3286	9.66895	7.57369	5.87733	8.69629	7.55861	6.7742	8.73258	6.81267	6.14596	8.72212	7.05276	7.69215	7.0111	4.36912	6.31283	7.15283	8.3999	4.07503	8.78348	6.53514	4.66578	7.01588	10.41795	6.43174	0	0	10.77951	0	7.25643	0	6.66579	9.01774	0	0	0	0	0	0	0	10.96518	0	0	2.61746	0	0	0	8.84203	0	0	0	0	8.06271	0	0	0	
0	0	0	0	0	0	0	0	0	0	0	6.54628	0	0	0	0	0	4.16839	13.99761	0	0	0	0	0	0	0	0	4.47771	0	0	0	0	5.82089	4.80789	6.68912	0	3.19548	9.12437	0.39697	4.81849	7.49672	9.07296	7.98605	2.76591	0	6.93047	5.99879	3.97445	7.31048	6.3054	6.55557	10.28031	7.47744	4.51003	6.96306	5.81747	6.08295	7.23276	7.42486	8.9682	5.75462	4.21215	0	5.08201	9.65547	0	6.16015	7.32406	10.95135	6.70608	0	0	0	1.97644	0	11.59115	0	9.53556	0	0	0	6.38425	0	0	0	0	0	0	0	0	0	0	0	0	0	0	0	0	0	0	
0	0	0	0	4.41871	0	0	0	0	0	10.99765	0	0.79394	0	0	7.43222	0	0	8.3393	0	4.12731	8.80227	0	0	0	9.56382	7.62152	0	0	4.32524	0	8.0876	9.80184	0	0	8.39067	10.56356	10.15094	11.45712	8.76054	5.89044	9.87919	6.84505	6.39095	5.59239	6.64942	13.02406	4.66835	8.75082	8.69337	8.34441	4.53256	7.88839	6.20301	5.73138	7.32522	5.49909	6.56102	2.62084	6.63471	5.49593	8.13701	4.79131	8.06561	7.23895	0	9.68003	8.31341	0	0	8.69851	9.73135	7.56136	12.31755	7.74865	0	5.35677	0	0	0	5.66957	0	0	0	0	3.49484	0	0	0	4.21811	0	0	0	0	0	0	0	0	0	0	
0	0	0	0	0	0	0	0	0	0	0	4.27391	1.64681	0	0	10.37235	0	0	0	3.39773	6.41596	0	0	0	0	0	0	0	0	4.24412	5.66957	6.32078	0	0	0	9.85081	0	0	0	5.95201	3.67979	5.49768	3.61439	5.71636	6.9349	2.5734	5.14295	7.49863	7.22841	5.91659	0	0	7.44127	9.98616	1.30311	6.16529	7.34327	7.03053	6.13426	6.77432	8.48277	7.51621	8.75262	8.03089	6.55638	5.47766	3.1814	6.95185	7.14865	9.11823	0	5.63936	6.76575	10.19496	9.42748	0	1.6787	0	6.69674	0	0	0	0	0	0	0	0	0	0	0	0	0	0	0	0	0	0	0	0	0	
0	0	0	4.0365	0	0	0	0	0	0	0	0	0	0	0	0	0	0	0	0	0	0	8.48529	0	0	0	5.24327	6.43246	8.76625	6.74688	0	0	1.6787	0	0	10.09025	0	0	6.25894	0	7.87862	0	1.30311	0	3.14336	9.74375	7.52319	7.71518	6.36054	5.78416	6.81369	5.99936	7.93897	7.82456	8.03221	7.31147	8.43173	5.94246	6.55557	6.03393	7.70587	8.47458	9.0106	8.80223	7.66636	8.85246	6.56039	8.66034	9.05994	8.3749	2.16234	7.86339	4.76036	3.73724	4.8122	0	12.54966	0	5.51744	8.05078	0.79394	6.74688	9.42594	0	0	0	0	0	0	0	0	0	0	0	0	0	0	2.78042	0	11.06294	
0	0	4.91093	0	0	0	0	0	0	0	0	0	0	0	0	0	0	0	0	0	3.58583	0	0	0	0	9.6858	0	11.42865	0	10.98621	0	10.92545	11.62908	0	8.74913	0	0	6.18104	6.66567	0	6.99113	0	0	7.15023	12.43676	8.59613	0.39697	3.53655	8.90522	8.16426	7.90673	8.28263	7.59029	6.75272	5.69257	7.93948	0	6.8655	6.24416	6.82299	4.94287	5.1954	5.3537	1.78337	4.37608	7.97738	4.69206	0	8.13647	5.11763	5.91679	7.43433	7.97687	7.29159	0.79394	0	5.84324	0	1.76381	7.49225	0	5.16908	0	0	0	0	0	0	6.74135	0	0	0	0	0	0	0	1.6787	0	0	0	
0	0	0	0	0	0	0	0	0	0	0	0	8.30289	0	0	0	0	0	0	0	3.67141	1.30311	0	0	0	0	0	6.80967	0	0	0	0	9.15034	0	0	0	7.35025	0	4.56974	8.64455	0	0	3.31709	0	7.18548	0	4.7769	7.40749	9.31729	3.99065	8.96999	3.78998	7.93009	4.21423	8.52912	1.74742	0	6.33677	5.43482	1.30873	6.91182	6.92827	8.05164	6.33712	6.02374	8.22328	7.46888	2.41474	5.96373	5.71153	6.67355	0	0	10.00041	0	7.46914	5.01728	5.74779	0	0	0	0	0	0	8.98678	0.79394	0	0	0	0	0	0	0	0	0	0	9.07186	0	0	0	
0	0	0	0	0	0	0	0	6.66579	0	0	0	5.26395	0	0	0	7.94306	5.02475	0	0	0	0	0	0	7.00666	0	0	0	0	0	0	0	0	0	6.93167	7.62152	0	9.30396	0	0	0	0	6.08272	12.56197	0	7.76446	8.32946	6.72703	0	4.97661	0	10.22976	8.48824	8.10063	0	7.87704	0	6.84873	0	6.85087	7.51696	1.6787	6.50105	8.19142	5.35978	5.95315	7.19966	5.7008	9.72386	6.659	8.86469	3.67188	8.19922	8.57685	7.8639	5.00302	9.85384	6.28633	0	0	10.69006	12.89588	9.34054	0	4.1915	0	7.36317	3.29362	6.37828	0	4.74854	0	0	10.4229	0	0	0	0	0	0	
0	0	0	0	0	0	0	0	0	0	0	0	0	0	0	0	0	0	0	0	6.55118	0	0	0	0	0	0	0	0	5.98582	0	0	0	0	7.22139	0	0	0	0	0	8.07454	0	9.76094	8.6914	3.4793	0	0	1.6787	4.88843	5.69739	9.67419	0	0	1.52986	2.15248	7.62258	0	0	5.26537	8.55668	9.43515	6.05023	2.90449	4.99247	6.89101	7.12354	4.63949	5.59076	5.91221	6.63067	8.19951	6.81633	3.22579	4.82146	5.26395	0	4.17225	0	4.99152	0	0	0	5.58388	0	0	0	6.6243	0	0	0	0	0	0	0	0	0	0	0	0	0	
0	0	0	0	5.64862	0	0	0	0	0	0	5.96901	0	3.58583	0	0	0	0	0	0	0	0	0	0	0	0	0	0	0	0	0	0	0	0	0	0	0	0	0	7.98897	0	0	3.67141	0	4.03727	0	2.25669	0	0	0	5.11916	0	0	0	9.65855	0	0	1.6787	0	8.50291	7.80304	4.51292	5.23119	7.92715	6.82898	0	0.39697	4.76873	9.48584	6.11284	6.93468	9.82625	8.53841	5.1549	0	0	6.8265	3.67141	5.6499	6.03508	4.65625	7.02404	2.92682	0	0.79394	0	4.27391	11.52706	0	5.7386	0	0	0	0	6.32646	0	0	0	0	0	
0	0	0	0	0	0	0	0	0	0	0	0	0	0	0	0	0	7.05192	0	0	0	10.80043	7.17818	0	0	0	8.9951	0	0	0	0	0	0	5.89814	6.20256	0	0	0	0	0	0	0	0	0	0	0	0	0	4.47771	0	0	0	0	0	0	9.48746	9.39685	9.24161	3.9705	4.65625	0	6.78185	4.17456	0	8.25456	6.57219	4.75483	7.38302	5.42997	2.36894	7.74145	5.39254	6.02125	7.92232	9.79305	6.47785	5.61734	0	7.93443	9.80457	0	0	10.00816	0	7.71013	9.97233	0.79394	5.73065	0	9.63947	0	0	0	0	0	0	8.59687	0	0	0	
0	0	0	0	0	0	0	0	5.88353	0	0	0	0	0	0	0	0	0	0	0	0	0	0	0	0	0	0	1.30311	0	7.90381	0	0	0	0	0	0	0	0	0	9.80462	0	0	0	0	0	3.58583	0	4.61364	6.60183	0	0	9.15963	0	0	0	0	0	0	7.21984	0	8.68581	0	9.44794	8.74444	10.26258	7.35577	4.556	0	0	5.32075	8.64089	1.30311	7.42166	8.63899	5.71529	6.83604	1.21687	0	0	7.39833	5.92149	8.29021	11.23663	11.09821	7.77272	0	0	0	0	0	8.13605	0	10.33958	0	0	0	0	0	0	0	
0	0	0	0	0	0	0	0	0	0	0	0	0	9.13536	0	0	0	0	0	2.22314	0	0	0	0	0	2.80345	0	0	0	0	0	0	0	0	7.22847	0	0	6.85839	0	0	9.55117	0	2.78042	10.1132	0	0	0	0	0	0	4.09962	6.69674	0	0	2.61746	0	0	0	0	6.53858	5.53231	0	7.19756	8.20224	6.77616	4.39937	8.33664	6.21686	0	4.70706	5.42632	0	5.81411	6.29084	11.03899	7.03893	4.77991	5.80977	6.68659	2.99344	0	5.9305	8.1398	5.6813	3.62822	0	0	6.83298	4.31992	0	9.53984	0	0	5.73065	0	0	0	0	5.16427	0	
0	0	0	0	0	0	0	1.97644	0	0	0	0	0	0	0	0	0	0	0	0	0	0	3.05972	0	0	0	0	0	9.58602	0	0	0	0	0	9.60549	0	0	0	0	0	0	0.83935	0	0	0	0	3.76068	0	0	0	0	0	7.13365	0	0	0	4.19142	6.08272	0	5.02199	7.49156	0	0	5.8028	0	3.29362	0	7.83881	6.33946	11.9801	8.69013	5.39454	7.6639	4.36771	8.06271	6.51081	4.22226	0	6.22725	4.00036	8.8313	7.4253	7.45953	0	3.97273	0	3.9705	6.96278	0	0	9.09721	6.45188	0	0	0	0	8.73677	0	0	0	
0	0	0	0	0	0	0	0	0	0	0	0	0	0	0	0	0	0	0	0	0	0	0	0	0	0	0	0	0	0	0	0	0	0	0	0	0	6.86259	0	0	0	0	0	0	0	0	0	0	0	7.12609	0	4.12375	0	4.81511	0	0	5.11916	4.83737	0	0	0.79394	0	8.28603	11.5784	7.16349	4.96627	0	0	7.40825	5.33859	0	8.64455	6.20437	8.80624	7.50187	7.60772	0	3.15264	5.02626	6.83472	6.99007	9.60518	7.04022	0	0	0	4.11129	0	0	0	0	0	5.8939	8.30458	10.80695	0	0	0	0	0	
0	0	0	0	0	0	0	7.82663	0	0	0	0	0	0	0	0	0	0	0	0	0	0	0	0	0	0	0	0	0	0	0	0	0	0	0	0	0	8.48762	0	6.99113	0	0	0	0	0	0	0	0	0	0	4.44873	0	0	9.37104	6.12034	0	0	5.95133	8.77836	11.48546	0	7.90823	0	7.59335	8.39542	10.09879	0	0	8.49901	5.28564	8.03843	4.40139	4.92418	6.3605	6.37828	7.55601	5.39635	0	8.0059	5.10601	7.05493	9.80065	4.43934	3.91129	2.51808	0	0	0.26465	0	0	7.93875	0	0	0	0	2.15881	0	0	0	0	
0	0	0	0	0	0	0	0	0	0	0	0	0	0	0	0	0	0	0	0	0	0	0	0	0	9.04205	0	0	0	0	0	0	0	0	0	0	0	5.51609	0	0	0	0	0	0	10.97626	0	0	0	10.20575	0	0	0	0	0	0	1.6787	0	0	0	0	0	0	7.74423	0	0	5.47633	4.64019	5.66108	0.79394	6.58016	2.38851	0	6.97981	0	9.57079	6.31588	8.59886	6.68685	5.68305	6.26706	2.14726	0	6.18097	0	7.10317	5.5858	0	0	0	0	8.8558	0	0	0	0	0	0	2.92682	0	0	
0	0	0	0	0	0	0	0	0	0	0	0	2.43373	0	0	0	0	0	0.79394	0	0	0	0	0	0	0	0	0	0	0	0	0	0	0	0	0	0	0	0	0	0	0	0	0	0	0	0	9.5694	0	0	1.30311	0	10.10361	0	0	0	0	0	0	3.14499	0	0	0	4.08382	3.49484	8.86718	9.89066	0	10.21647	0	0	8.9951	0	0	0	6.64044	5.15838	8.0358	6.27586	3.87209	0	7.74078	4.92068	4.78207	4.91461	3.43029	7.06703	0	7.90381	0	0	0	0	6.50024	0	0	0	0	0	0	
0	0	0	0	0	0	0	0	0	0	0	0	0	0	0	0	0	0	0	0	0	0	0	0	0	0	0	0	0	0	0	0	10.26718	0	0	0	0	0	0	0	4.85224	0	0	0	0	0	0	0	0	0	0	0	0	0	0	0	6.53517	0	0	0	8.1184	0	0	3.57735	0	6.94891	0	0	5.44073	0	0	0	9.16702	0	0	1.97644	0	0	4.15973	8.67835	6.389	6.3526	11.31352	0	1.30311	0	1.6787	0	0	0	6.7945	4.89062	3.94501	0	0	0	0	0	0	0	
0	0	0	0	0	0	0	1.17033	0	0	0	0	0	0	0	0	0	0	0	0	0	0	0	0	0	0	0	5.84558	0	0	0	0	0	0	0	0	0	0	0	0	0	0	0	0	0	0	0	0	0	0	0	0	0	0	0	0	0	0.79394	0	0	0	0	0	0	0	0	0	0	0	0	2.68508	4.49629	5.99631	0	0	9.48918	11.19795	0	11.0179	4.85224	0	6.11066	0	8.59065	0	9.62794	0	10.34249	0	0	0	3.9705	0	0	0	9.49359	0	0	0	0	
0	0	0	0	0	0	0	0	0	0	0	0	0	0	0	0	0	0	0	0	10.65504	0	0	0	0	0	0	0	0	0	0	0	0	0	0	0	0	0	0	0	0	0	0	0	0	0	0	0	0	0	0	0	0	0	0	0	0	0	0	13.25407	0	0	0	0	6.60183	8.52606	7.16349	6.40935	0	0	0	0	0	0	0	0	5.37347	0	0	0	2.99291	0	0	0	3.37424	3.75219	7.90899	6.66586	9.74868	0	9.11259	6.17352	9.07383	2.22314	0	7.92139	0	0	0	0	
0	0	0	0	0	0	0	0	0	0	0	0	0	0	0	0	0	0	0	0	0	0	0	0	0	0	0	0	0	0	0	0	0	0	0	0	0	0	0	0	0	0	0	0	0	0	0	0	2.43373	0	0	0	0	0	0	0	0	0	0	0	0	0	0	0	0	0	0	0	0	8.45845	9.91363	9.05803	6.13345	0	10.06658	8.57685	0	9.62409	0	0	0	6.60183	7.14117	0	6.07759	0	1.30311	0	0	4.29161	0	1.30311	5.53062	0	4.99186	0	0	0	0	0	
0	0	0	0	0	0	0	0	0	0	0	0	0	0	0	5.50681	0	0	0	0	0	0	0	0	0	0	0	0	0	0	0	0	0	0	8.20941	0	0	0	0	0	0	0	0	0	0	0	0	0	0	0	0	0	0	0	0	0	0	0	0	0	0	0	0	0	0	0	0	4.65625	0	0	0	0	0	5.1493	0	0	0	0.98822	0	0	0	1.30311	0	0	1.39021	0	6.7795	4.05856	7.78884	10.09604	9.00131	0	9.53984	0	0	0	0	0	0	0	
0	0	0	0	0	0	0	0	0	0	0	0	0	0	0	0	0	0	0	0	0	0	0	0	0	0	0	0	0	0	0	0	0	0	0	0	0	0	0	0	0	0	0	0	0	0	0	0	7.83593	0	0	0	0	0	0	0	0	0	0	1.97644	0	0	0	0	0	6.82193	0	0	0	0	0	4.27391	0	0	0	0	0	10.8034	0	6.0008	8.59339	0	0	9.64407	0	0	0	0	0	0	0	0	0	0	0	0	0	0	0	0	
0	0	0	0	0	0	0	0	0	0	0	0	0	0	0	0	0	0	0	0	0	0	0	0	0	0	0	0	0	0	0	0	0	0	0	0	0	0	0	0	0	0	0	0	0	0	0	0	0	0	0	0	0	0	0	2.37712	0	0	12.85331	0	0	0	0	0	5.71058	0	0	0	0	0	0	1.30311	0	5.53904	0	0	6.97439	0	0	0	4.50176	4.78777	7.31193	7.81117	0	0	0	8.11329	8.60589	0	6.15878	10.20216	9.61331	0	0	0	0	0	0	0	
0	0	0	0	0	0	0	0	0	0	0	0	0	0	0	0	0	0	0	0	0	0	0	0	0	0	0	0	0	0	0	0	0	0	0	0	0	0	0	0	0	0	0	0	0	0	0	0	0	0	0	0	0	0	0	0	0	0	0	0	0	0	0	0	0	0	0	0	0	0	0	0	0	0	0	0	0	0	0	0	0	0	0	0	0	0	4.77701	0	0	0	0	9.93108	0	0	0	0	0	0	0	0	
0	0	0	0	0	0	0	0	0	0	0	0	0	0	0	0	0	0	0	0	0	0	0	0	0	0	0	0	0	0	0	0	0	0	0	0	0	0	0	0	0	0	0	0	0	0	0	0	0	0	0	0	0	0	0	0	0	0	0	0	0	0	0	0	0	0	0	0	0	0	6.87633	0	0	0	0	0	0	0	0	8.07454	0	0	0	9.06595	0	0	0	0	0	0	3.4461	8.06667	0	0	0	0	0	0	0	0	
0	0	0	0	0	0	0	0	0	0	0	0	0	0	0	0	0	0	0	0	0	0	0	0	0	0	0	0	0	0	0	0	0	0	0	0	0	0	0	0	0	0	0	0	0	0	0	0	0	0	0	0	0	0	0	0	0	0	0	4.37941	0	0	0	0	0	0	0	0	0	0	3.82869	0	0	0	0	0	0	0	0	0	0	0	0	0	0	0	2.92682	0	0	0	0	0	0	0	0	0	0	0	0	0	
0	0	0	0	0	0	0	0	0	0	0	0	0	0	0	0	0	0	0	0	0	0	0	0	0	0	0	0	0	0	0	0	0	0	0	0	0	0	0	0	0	0	0	0	0	0	0	0	0	0	0	0	0	0	0	0	0	0	0	0	0	0	0	0	0	0	0	0	0	9.45187	0	0	0	0	0	0	0	0	5.69022	0	0	0	0	0	0	0	0	0	5.53904	8.41879	0	0	0	0	0	0	0	0	0	0	
0	0	0	0	0	0	0	0	0	0	0	0	0	0	0	0	0	0	0	0	0	0	0	0	0	0	0	0	0	0	0	0	0	0	0	0	0	0	0	0	0	0	0	0	0	0	0	0	0	0	0	0	0	0	0	0	0	0	0	0	0	0	0	0	0	0	0	0	0	0	0	0	0	0	0	0	0	0	0	0	0	0	0	0	0	0	0	0	0	0	0	0	0	0	0	0	0	0	0	0	
0	0	0	0	0	0	0	0	0	0	0	0	0	0	0	0	0	0	0	0	0	0	0	0	0	0	0	0	0	0	0	0	0	0	0	0	0	0	0	0	0	0	0	0	0	0	0	0	0	0	0	0	0	0	0	0	0	0	5.86387	0	0	0	0	0	0	0	0	0	0	0	0	0	0	0	0	8.44028	0	0	0	0	0	0	0	0	0	0	0	0	0	0	0	0	0	0	0	0	0	0	0	0	
0	0	0	0	0	0	0	0	0	0	0	0	0	0	0	0	0	0	0	0	0	0	0	0	0	0	0	0	0	0	0	0	8.20583	0	0	0	0	0	0	0	0	0	0	0	0	0	0	0	0	0	0.79394	0	0	0	0	0	0	0	0	0	0	0	0	0	0	0	0	0	0	0	0	0	0	0	0	2.22314	0	0	0	0	0	0	0	0	0	0	0	0	0	0	0	0	0	0	0	0	0	0	0	0	
0	0	0	0	0	0	0	0	0	0	0	0	0	0	0	0	0	0	0	0	0	0	0	0	0	0	0	0	0	0	0	0	0	0	0	0	0	0	0	0	0	0	0	0	0	0	0	0	0	0	0	0	0	0	0	0	0	0	0	0	0	0	0	0	0	0	0	0	0	0	0	0	0	0	0	0	0	0	0	0	0	0	0	0	0	0	0	0	0	0	0	0	0	0	0	0	0	0	0	0	
0	0	0	0	0	0	0	0	0	0	0	0	0	0	0	0	0	0	0	0	0	0	0	0	0	0	0	0	0	0	0	0	0	0	0	0	0	0	0	0	0	0	0	0	0	0	0	0	0	0	0	0	0	0	0	0	0	0	0	0	0	0	0	0	0	0	0	0	0	0	0	0	0	0	0	0	0	0	0	0	0	0	0	0	0	0	0	0	0	0	0	0	0	0	0	0	0	0	0	0	
0	0	0	0	0	0	0	0	0	0	0	0	0	0	0	0	0	0	0	0	0	0	0	0	0	0	0	0	0	0	0	0	0	0	0	0	0	0	0	0	0	0	0	0	0	0	0	0	0	0	0	0	0	0	0	0	0	0	0	0	0	0	0	0	0	0	0	0	0	0	0	0	0	0	0	0	0	0	0	0	0	0	0	0	0	0	0	0	0	0	0	0	0	0	0	0	0	0	0	0	
0	0	0	0	0	0	0	0	0	0	0	0	0	0	0	0	0	0	0	0	0	0	0	0	0	0	0	0	0	0	0	0	0	0	0	0	0	0	0	0	0	0	0	0	0	0	0	0	0	0	0	0	0	0	0	0	0	0	0	0	0	0	0	0	0	0	0	0	0	0	0	0	0	0	0	0	0	0	0	0	0	0	0	0	0	0	0	0	0	0	0	0	0	0	0	0	0	0	0	0	
0	0	0	0	0	0	0	0	0	0	0	0	0	0	0	0	0	0	0	0	0	0	0	0	0	0	0	0	0	0	0	0	0	0	0	0	0	0	0	0	0	0	0	0	0	0	0	0	0	0	0	0	0	0	0	0	0	0	0	0	0	0	0	0	0	0	0	0	0	0	0	0	0	0	0	0	0	0	0	0	0	0.79394	0	0	0	0	0	0	0	0	0	0	0	0	0	0	0	0	0	0	
0	0	0	0	0	0	0	0	0	0	0	0	0	0	0	0	0	0	0	0	0	0	0	0	0	0	0	0	0	0	0	0	0	0	0	0	0	0	0	0	0	0	0	0	0	0	0	9.7388	0	0	0	0	0	0	0	0	0	0	0	0	0	0	0	0	0	0	0	0	0	0	0	0	0	0	8.58919	0	0	0	0	0	0	0	0	0	0	0	0	0	0	0	0	0	0	0	0	0	0	0	0	0	
