0	0	0	0	0	0	0	0	0	0	0	0	0	0	0	0	0	0	0	0	0	0	0	0	0	0	0	0	0	0	0	0	0	0	0	0	0	0	0	0	0	0	0	0	0	0	0	0	0	0	0	11.22676	0	0	0	0	0	0	0	0	0	0	0	0	0	0	0	0	0	0	0	0	0	0	0	0	0	0	0	0	0	0	0	0	0	0	0	0	0	0	0	0	0	0	0	0	0	0	0	0	
0	0	0	0	0	0	0	0	0	0	0	0	0	0	0	0	0	0	0	0	0	0	0	0	0	0	0	0	0	0	0	0	0	0	0	0	0	0	0	0	0	0	0	0	0	0	0	13.95409	0	0	0	0	0	0	0	0	0	0	0	0	0	0	0	9.66045	0	0	0	0	0	0	0	0	0	0	0	0	0	0	0	0	0	0	0	0	0	0	0	0	0	0	0	0	0	0	0	0	0	0	0	0	
0	0	0	0	0	0	0	0	0	0	0	0	0	0	0	0	0	0	0	0	0	0	0	0	0	0	0	0	0	0	0	0	0	0	0	0	0	0	0	0	0	0	0	0	0	0	0	0	0	0	0	0	0	0	10.12708	0	0	0	0	0	0	0	0	0	0	0	0	0	0	0	0	0	0	0	0	0	0	0	0	0	0	0	0	0	0	0	0	0	0	0	0	0	0	0	0	0	0	0	0	0	
0	0	0	0	0	0	0	0	0	0	0	0	0	0	0	0	0	0	0	0	0	0	0	0	0	0	0	0	0	0	0	0	0	0	0	0	0	0	0	0	0	0	0	0	0	0	13.09299	10.1777	0	0	0	0	0	0	0	0	0	0	0	0	0	0	0	0	0	0	0	0	0	0	0	0	0	0	0	0	0	0	0	0	0	0	0	0	0	0	0	0	0	0	0	0	0	0	0	0	0	0	0	0	
0	0	0	0	0	0	0	0	0	0	0	0	0	0	0	0	0	0	0	0	0	0	0	0	0	0	0	0	0	0	0	0	0	0	0	0	0	7.90109	0	0	0	0	0	12.61623	0	0	0	0	0	0	0	0	0	0	0	0	0	0	0	0	0	0	0	0	0	0	0	0	0	0	0	0	0	0	0	0	0	0	0	0	0	0	0	0	0	0	0	0	0	0	0	0	0	0	0	0	0	0	0	0	
0	0	0	0	0	0	0	0	0	0	0	0	0	0	0	0	0	0	0	0	0	0	0	0	0	0	0	0	0	0	0	0	0	0	0	0	0	0	0	0	0	0	0	0	0	0	0	0	0	0	0	0	0	0	0	0	0	0	0	0	0	0	0	0	0	0	0	0	0	0	0	0	9.33388	0	0	0	0	0	0	0	0	0	0	0	0	0	0	0	0	0	0	0	0	0	0	0	0	0	0	0	
0	0	0	0	0	0	0	0	0	0	0	0	0	0	0	0	0	0	0	0	0	0	0	0	0	0	0	0	0	0	0	0	0	0	0	0	0	0	0	0	0	0	0	0	0	0	0	0	0	0	0	0	0	0	0	0	0	0	0	0	0	0	0	0	0	0	0	0	0	0	0	0	0	0	11.48348	0	0	0	0	0	0	0	0	0	0	0	0	0	0	0	0	0	0	0	0	0	0	0	0	0	
0	0	0	0	0	0	0	0	0	0	0	0	0	0	0	0	0	0	0	0	0	0	0	0	0	0	0	0	0	0	0	0	0	0	0	0	0	0	0	0	0	0	0	0	0	0	0	0	0	0	0	8.55417	0	0	0	12.80688	0	0	13.06316	0	0	0	0	0	0	0	0	0	0	0	0	0	0	0	0	0	0	0	0	0	0	0	0	0	0	0	0	0	0	0	0	0	0	0	0	0	0	0	0	0	
0	0	0	0	0	0	0	0	0	0	0	0	0	0	0	0	0	0	0	0	0	0	0	0	0	0	0	0	9.29196	0	0	0	0	0	0	0	0	0	0	0	0	0	0	0	0	0	0	0	0	0	0	0	0	0	0	0	0	0	0	0	0	0	0	0	0	0	0	6.716	0	0	0	0	0	0	0	0	0	0	0	0	0	0	0	0	0	0	0	0	0	0	0	0	0	0	0	0	0	0	0	0	
0	0	0	0	0	0	0	0	0	0	0	0	0	0	0	0	0	0	0	0	0	0	0	0	0	0	0	0	0	0	0	0	0	0	0	0	0	0	0	0	0	0	0	0	0	0	0	0	0	0	0	0	0	0	0	9.34887	0	0	0	0	0	0	0	0	0	0	0	0	0	0	0	0	0	0	0	0	0	0	0	0	0	0	0	0	0	0	0	0	0	0	0	0	0	0	0	0	0	0	0	0	
0	0	0	0	0	0	0	0	0	0	0	0	0	0	0	0	0	0	0	0	0	0	0	0	0	0	0	0	0	0	0	0	0	0	0	0	0	0	0	0	0	0	0	0	0	0	0	0	0	0	0	0	0	0	0	0	0	0	0	0	0	0	0	0	0	0	0	9.90126	0	0	0	0	0	0	0	0	0	0	0	0	0	0	0	0	0	0	0	0	0	0	0	0	0	0	0	0	0	0	0	0	
0	0	0	0	0	0	0	0	0	0	0	0	0	0	0	0	0	0	0	0	0	0	0	0	0	0	0	0	0	0	0	0	0	0	0	0	0	0	0	0	0	0	0	0	0	0	0	0	0	0	0	0	5.96967	0	0	0	5.20905	0	0	0	0	0	0	0	0	0	0	0	0	0	0	7.38374	0	0	0	0	0	0	0	0	0	0	0	0	0	0	0	0	0	0	0	0	0	0	0	0	0	0	0	0	
0	0	0	0	0	0	0	0	0	0	0	0	0	0	0	0	0	0	0	0	0	0	0	0	0	0	0	0	0	0	0	0	0	0	0	0	0	0	0	0	0	0	0	0	0	0	0	0	12.73394	0	0	0	13.76179	0	0	0	0	0	0	0	0	0	0	0	0	0	0	4.46431	0	0	0	0	0	0	0	0	0	0	0	0	0	0	0	0	0	0	0	0	0	0	0	0	0	0	0	0	0	0	0	0	
0	0	0	0	0	0	0	0	0	0	0	0	0	0	0	0	0	0	0	0	0	0	0	0	0	0	0	0	0	0	12.6783	0	0	0	0	0	0	0	0	6.58767	0	0	0	0	0	0	0	8.62894	0	0	0	0	0	0	0	0	0	6.6974	7.7191	0	10.72061	0	0	12.61615	0	0	0	0	0	0	0	0	0	0	0	0	0	0	0	0	0	0	0	0	0	0	0	0	0	0	0	0	0	0	0	0	0	0	0	0	
0	0	0	0	0	0	0	0	0	0	0	0	0	0	0	0	0	0	0	0	0	0	0	0	0	0	0	0	0	0	0	0	0	0	0	0	0	0	0	0	0	0	0	0	0	0	0	0	0	0	0	0	0	0	6.04197	0	0	0	0	0	0	0	0	0	0	0	0	0	0	0	0	0	0	0	0	0	0	0	0	0	0	0	0	0	0	0	0	0	0	0	0	0	0	0	0	0	0	0	0	0	
0	0	0	0	0	0	0	0	0	0	0	0	0	0	0	0	0	0	0	0	0	0	0	0	0	0	0	0	0	0	0	0	0	0	0	0	0	0	0	0	0	0	14.20225	0	0	0	0	0	0	0	0	0	9.52866	0	0	0	0	0	0	12.36258	0	0	0	0	0	0	0	0	0	0	0	6.22754	0	0	0	0	0	0	0	0	0	0	0	0	0	0	0	0	0	0	0	0	0	0	0	0	0	0	0	0	
0	0	0	0	0	0	0	0	0	0	0	0	0	0	0	0	0	0	0	0	0	0	0	0	0	0	0	0	0	0	0	0	0	0	0	0	0	0	0	0	0	0	0	8.60088	0	0	0	10.49	0	0	0	8.6273	0	0	0	0	0	0	5.2446	0	0	0	0	0	0	0	0	0	0	0	0	0	0	0	0	0	0	0	0	0	0	0	0	0	0	0	0	0	0	0	0	0	0	0	0	0	0	0	0	0	
0	0	0	0	0	0	0	0	0	0	0	0	0	0	0	0	0	0	0	0	0	0	0	0	0	0	0	0	0	0	0	0	0	0	0	0	0	0	0	0	0	0	11.5459	0	0	0	0	0	0	0	0	0	0	0	0	8.04392	0	0	0	0	0	0	0	0	0	0	5.10178	0	12.53146	0	0	0	0	0	0	0	0	0	0	0	0	0	0	0	0	0	0	0	0	0	0	0	0	0	0	0	0	0	0	0	
0	0	0	0	0	0	0	0	0	0	0	0	0	0	0	0	0	0	0	0	0	0	0	0	0	0	0	0	0	0	0	0	0	0	0	0	0	0	0	0	11.09146	0	0	0	0	0	0	0	0	0	0	0	0	0	0	0	0	0	0	0	0	0	0	0	0	0	0	0	0	0	0	0	0	0	0	0	0	0	0	0	0	0	0	0	0	0	0	0	0	0	0	0	0	0	0	0	0	0	0	0	
0	0	0	0	0	0	0	0	0	0	0	0	0	0	0	0	0	0	0	0	0	0	0	0	0	0	0	0	0	0	0	0	0	0	0	0	0	0	0	0	0	0	0	0	0	0	0	8.65514	0	0	8.68747	0	0	0	0	0	0	0	0	0	0	0	0	0	0	0	0	0	0	0	0	0	0	0	0	0	9.67333	0	0	0	0	0	0	0	0	0	0	0	0	0	0	0	0	0	0	0	0	0	0	0	
0	0	0	0	0	0	0	0	0	0	0	0	0	0	0	0	0	0	0	0	0	0	0	0	0	0	0	0	0	0	0	0	0	0	0	0	0	0	0	0	0	0	0	0	0	0	0	7.81186	0	0	10.58608	11.7743	0	0	0	0	9.07561	0	9.90204	0	9.8365	0	0	0	0	8.92601	0	0	0	0	0	0	0	0	0	0	0	0	0	0	0	0	0	0	0	0	0	0	0	0	0	0	0	0	0	0	0	0	0	0	
0	0	0	0	0	0	0	0	0	0	0	0	0	0	0	0	0	0	0	0	0	0	0	0	0	0	0	0	0	0	0	0	0	0	0	0	0	0	0	0	0	10.62416	0	0	0	0	0	0	0	0	0	0	0	0	0	0	0	0	0	0	0	0	0	0	0	0	0	0	0.42814	0	0	0	0	0	0	0	0	0	0	0	0	0	0	0	0	0	0	0	0	0	0	0	0	0	0	0	0	0	0	0	
0	0	0	0	0	0	0	0	0	0	0	0	0	0	0	0	0	0	0	0	0	0	0	0	0	0	0	0	0	0	0	11.22249	0.89817	0	0	0	0	0	0	0	0	0	0	0	0	0	0	10.7333	0	0	0	0	0	0	0	0	0	0	0	0	0	0	0	0.75788	0	0	0	4.25835	0	0	0	0	0	0	0	0	0	0	0	0	0	0	0	0	0	0	0	0	0	0	0	0	0	0	0	0	0	0	0	0	
0	0	0	0	0	0	0	0	0	0	0	0	0	0	0	0	0	0	0	0	0	0	0	0	0	0	0	0	0	0	0	12.49056	0	0	0.42814	0	0	0	0	0	0	0	0	0	0	0	0	0	0	0	0	0	0	0	0	0	0	0	0	0	0	0	0	0	0	0	0	0	0	0	0	0	0	0	0	0	0	0	0	0	0	0	0	0	0	0	0	0	0	0	0	0	0	0	0	0	0	0	0	0	
0	0	0	0	0	0	0	0	0	0	0	0	0	0	0	0	0	0	0	0	0	0	0	0	0	0	0	0	0	0	0	0	0	0	0	0	0	0	0	0	0	0	0	9.95146	0	0	0	0	0	13.22214	0	0	0	0	9.83595	0	0	0	0	0	0	0	0	0	0	0	0	0	0	0	0	0	0	0	0	0	0	0	0	4.83688	0	0	0	0	0	0	0	0	0	0	0	0	0	0	0	0	0	0	0	0	
0	0	0	0	0	0	0	0	0	0	0	0	0	0	0	0	0	0	0	0	0	0	0	0	0	0	0	0	0	0	0	0	9.06836	0	0	0	0	0	0	0	0	0	0	0	0	0	0	4.35894	0	0	9.33471	0	0	0	0	0	0	0	7.8716	0	0	0	0	0	0	0	0	0	0	0	0.22983	0	0	0	0	0	0	0	0	0	0	0	0	0	0	6.97076	0	0	0	0	0	0	0	0	0	0	0	0	0	0	
0	0	0	0	0	0	0	0	0	0	0	0	0	0	0	0	0	0	0	0	0	0	0	0	0	0	0	0	0	0	0	0	0	0	0	0	0	0	0	11.77181	0	0	0	0	14.4943	0	6.16292	0	0	0	0	0	0	0	0	0	0	0	0	0	0	0	0	0	0	0	0	0	0	1.14352	0	0	0	0	0	0	0	0	0	0	0	0	0	0	0	0	0	0	0	0	0	0	0	0	0	0	0	0	0	0	
0	0	0	0	0	0	0	0	0	0	0	0	0	0	0	0	0	0	0	0	0	0	0	0	0	0	0	0	0	0	0	0	0	0	0	8.83235	0	0	0	0	0	0	0	0	0	0	0	8.04108	0	0	0	0	0	8.69486	0	0	0	0	0	0	10.29021	0	0	0	0	0	0	0	0	0	0	0	0	0	0	0	0	0	0	0	0	0	0	0	0	0	0	0	0	0	0	0	0	0	9.99216	0	0	0	0	0	
0	0	0	0	0	0	0	0	0	0	0	0	0	0	0	0	0	0	0	0	0	0	0	0	0	0	0	0	0	0	0	0	0	0	0	0	0	0	0	0	0	14.8396	0	0	0	0	0	0	0	0	0	0	1.25211	0	0	0	0	0	0	0	0	0	0	0	0	0	0	7.671	0	0	0	1.35315	0	0	0	0	0	0	0	0	0	0	0	0	0	0	0	0	0	0	0	0	0	0	0	0	0	0	0	0	
0	0	0	0	0	0	0	0	0	0	0	0	0	0	0	0	0	0	0	0	0	0	0	0	0	0	0	0	0	0	0	0	0	0	0	0	0	0	0	0	8.19613	0	0	0	9.30895	0	0	5.2596	0	0	6.6974	12.28291	0	0	0	10.42248	0	0	7.0456	0	9.79418	0	0	0	0	0	0	0	5.19317	0	0	0	0	0	0	0	0	0	0	0	0	0	0	0	0	0	0	0	0	0	0	0	0	0	0	2.62812	0	0	0	0	
0	0	0	0	0	0	0	0	0	0	0	0	0	0	0	0	0	0	0	0	0	0	0	0	0	0	0	0	0	0	0	0	0	0	0	0	0	0	0	0	0	0	0	0	13.53766	0	0	0	0	1.69849	0	0	7.14579	0	0	0	0	8.71923	0	0	0	15.15558	0	0	0	0	0	0	0	0	0	0	0	0	0	0	0	0	0	0	0	0	0	0	0	0	0	0	0	0	0	0	0	0	0	0	0	0	0	0	
0	0	0	0	0	0	0	0	0	0	0	0	0	0	0	0	0	0	0	0	0	0	0	0	0	0	0	0	0	0	0	0	0	0	0	0	0	0	0	0	0	0	0	12.23558	0	0	12.54853	0	0	0	12.01303	0	0	0	0	0	0	0	0	10.34105	0	0	0	0	9.29712	0	0	3.63237	0	0	0	0	10.01087	0	0	0	1.91223	0	0	0	0	0	0	0	0	0	0	0	0	0	0	0	0	0	0	0	0	0	0	0	
0	0	0	0	0	0	0	0	0	0	0	0	0	0	0	0	0	0	0	0	0	0	0	0	0	0	0	0	0	0	0	0	0	0	0	0	0	0	0	0	0	0	0	0	1.64773	0.60236	0	11.60422	0	0	0	13.17043	6.42897	0	0	6.86711	0	0	0	0	0	0	0	0	0	0	0.89817	9.81619	0	0	0	0	0	11.58893	0	0	0	0	0	0	0	0	0	0	0	0	0	0	0	0	0	0	0	0	0	0	0	0	0	0	
0	0	0	0	0	0	0	0	0	0	0	0	0	0	0	0	0	0	0	0	0	0	0	0	0	0	0	0	0	0	0	0	0	0	0	0	0	13.28379	0	0	0	0	0	0	0	0	0	0	9.68549	0	0	5.95076	0	0	9.19961	0	8.52724	0	0	4.27132	0	6.10254	0	0	0	0	0	0	0	0	0	0	0	0	6.22546	1.97695	0	0	0	0	0	0	0	0	0	0	0	0	0	0	0	0	0	0	0	0	0	0	0	0	
0	0	0	0	0	0	0	0	0	0	0	0	0	0	0	0	0	0	0	0	0	0	0	0	0	0	0	0	0	0	0	0	0	0	0	0	0	0	0	0	0	0	15.41553	0	0	12.54741	0	13.7922	0	0	11.68425	0	10.67306	0	10.36165	0	0	0	0	0	0	0	0	10.46876	0	0	0	4.13613	0	0	12.08317	0	0	0	0	0	0	0	3.98694	0	0	0	0	0	0	0	0	0	0	0	0	0	0	0	0	0	0	0	0	0	
0	0	0	0	0	0	0	0	0	0	0	0	0	0	0	0	0	0	0	0	0	0	0	0	0	0	0	0	0	0	0	0	0	0	0	0	0	0	0	0	0	0	0	0	0	0	0	10.91297	12.14786	0	0	11.45046	0	0	0	0	0	0	0	0	0	0	0	0	1.25211	0	0	0	0	0	0	0	0	0	0	0	0	0	0	0	0	0	0	0	0	0	0	0	0	0	7.98611	0	0	0	0	0	0	0	0	0	
0	0	0	0	0	0	0	0	0	0	0	0	0	0	0	0	0	0	0	0	0	0	0	0	0	0	0	0	0	0	0	0	0	0	0	0	0	0	0	0	0	0	0	0	0	0	0	13.03104	0	0	0	0	10.19838	3.65234	0	0	0	0	11.23207	11.68106	0	0	0	0	0	0	0	0	0	0	0	0	0	0	0	0	0	0	0	0	0	0	0	0	0	0	0	0	0	0	0	0	0	0	0	0	0	0	8.19613	0	
0	0	0	0	0	0	0	0	0	0	0	0	0	0	0	0	0	0	0	0	0	0	0	0	0	0	0	0	0	0	0	0	0	0	0	0	0	0	0	0	0	0	8.64148	0	0	0	0	0	0	9.985	0	10.914	0	7.32589	0	0	0	0	0	0	0	0	0	0	12.36367	0	0	0	0	0	0	0	0	0	0	0	15.31989	0	0	0	0	0	0	0	0	0	0	0	0	0	0	0	0	0	0	0	0	0	0	0	
0	0	0	0	0	0	0	0	0	0	0	0	12.77818	0	0	0	0	0	0	0	0	0	0	0	0	0	0	0	0	0	10.5199	0	0	0	0	0	0	0	0	0	0	0	11.99343	0	0	0	0	10.12931	0	0	13.2444	0	0	6.87299	3.41596	0	9.93677	0	0	0	0	0	0	10.24944	9.28078	9.98283	0	0	0	0	0	0	0	0	0	0	0	0	0	0	0	0	0	0	0	0	0	0	0	0	0	0	0	0	0	0	0	0	0	0	
0	0	0	0	0	0	0	0	0	0	0	0	0	0	0	0	0	0	0	0	0	0	0	0	0	0	0	0	0	0	0	0	0	0	0	0	0	0	0	0	0	0	0	0	0	11.48986	9.29077	0	4.89955	12.16554	1.6196	7.83222	8.78974	0	9.23726	7.24591	0	0	0	0	10.22653	0	0	0	0	0	0	0	0	6.41235	0	0	0	0	0	0	4.94807	0	0	0	0	0	0	0	0	0	0	0	0	0	0	0	0	0	0	0	0	0	0	0	
0	0	0	0	0	0	0	0	0	0	0	0	0	0	0	11.28405	0	0	0	0	0	0	0	0	0	0	0	0	0	0	0	0	0	0	0	9.88237	12.29168	0	0	0	0	0	0	6.79937	0	10.48936	8.8222	8.05614	7.03993	8.04297	0	0	4.89118	0	12.63398	0	0	0	0	9.56892	0	10.0116	0	6.91333	0	7.97625	0	0	11.85677	0	11.39657	0	0	0	0	10.34791	0	7.12094	0	2.58724	0	0	0	0	0	0	0	0	0	0	9.25532	0	0	0	0	0	0	0	0	0	
0	0	0	0	0	0	0	0	0	0	0	0	0	0	0	0	0	0	0	0	0	0	0	0	0	0	10.6571	0	0	0	0	4.29691	0	0	7.42783	0	0	0	0	0	10.66195	0	0	0	0	0	0	0	11.66528	12.12895	4.94071	10.45462	9.20722	0	12.44019	0	8.96493	0	7.3235	0	7.83278	10.8575	0	0	0	10.31253	0	0	0	0	0	0	0	8.60674	0	0	0	0	0	0	0	0	0	0	0	0	0	0	0	0	0	0	0	0	0	0	1.25211	0	0	0	
0	0	0	0	0	0	0	0	0	0	0	0	0	0	0	0	0	0	0	9.88475	0	0	0	0	0	0	0	0	0	0	0	0	0	0	0	0	0	0	0	0	0	0	0	13.12146	0	0	15.0641	13.70466	12.28989	0	7.33054	8.98815	11.80916	0	0	0	14.07401	0	0	8.33869	6.55343	0	0	12.45992	0	7.14227	0	8.90693	0	0	0	0	0	0	0	0	0	0	0	0	0	0	0	0	0	0	0	0	0	0	9.79059	0	0	0	0	0	0	0	0	0	
0	0	0	0	0	0	0	0	0	0	0	0	8.40684	0	0	0	0	0	0	8.82797	0	0	0	0	0	0	0	0	0	0	0	0	0	9.28431	0	0	0	0	0	0	0	11.34011	13.73568	0	8.33146	0	0	5.48557	11.06994	0	5.50445	9.06048	7.61454	4.98254	9.95764	13.14024	5.63794	5.40925	9.62377	0	0	0	0	0	3.63237	0	0	0	0	0	0	0	0	0	0	0	0	0	9.50964	2.31415	0	0	0	0	0	0	0	0	0	0	0	0	0	0	0	0	0	0	0	0	
0	0	0	0	0	0	0	0	0	0	0	0	0	0	0	0	0	0	0	0	0	0	0	14.29362	0	0	0	0	0	0	0	0	0	0	0	0	0	0	10.86887	0	0	0	8.28503	8.50546	6.94199	0	8.98252	5.68518	0	8.34947	10.20177	8.22051	0	0	0	0	0	5.91272	15.86176	9.13725	11.28005	0	0	0	9.2418	0	0.22983	0	0	0	0	0	0	0	0	0	0	0	0	0	0	0	0	0	0	0	0	0	0	0	0	0	0	0	0	0	0	0	0	0	
0	0	7.68439	0	0	0	0	0	0	0	0	0	0	0	0	0	0	0	0	0	0	0	0	0	0	0	0	0	0	0	0	0	0	0	0	0	0	0	0	0	10.45575	0	0	0	0	8.4896	0	6.67577	9.45955	12.30796	0	6.64856	9.02548	9.96908	2.85174	10.69216	0	0	4.1075	14.2199	9.39108	0	8.89651	10.55709	0	0	0	0	0	0	0	7.46124	0	0	0	0	2.58724	0	0	0	0	0	0	0	0	0	0	0	0	0	0	0	0	0	0	0	0	0	0	0	
0	0	0	0	0	0	0	0	0	0	0	10.93159	0	0	0	0	0	0	0	0	0	0	0	0	0	0	0	0	0	0	0	0	7.12987	0	0	0	0	9.68552	13.38778	5.52082	7.11016	7.11612	0	0	11.74674	8.15777	11.4906	6.6634	10.78634	0	11.3859	0	6.82802	4.98681	0	10.84088	7.10246	9.89282	0	0	0	0	0	0	0	0	0	10.33373	0	0	0	0	7.16676	0	0	5.06503	0	0	11.4502	0	0	0	0	0	0	0	0	0	0	0	0	0	0	0	0	8.47244	0	0	0	0	
0	0	0	0	0	0	0	0	0	0	0	0	0	0	0	0	0	0	0	0	0	0	0	0	0	0	0	0	0	0	0	0	0	0	5.27911	8.37437	0	0	0	7.98119	0	13.0895	0	11.45512	15.1431	9.73158	7.05376	9.03	4.27634	10.26091	12.21332	9.60585	1.02602	9.70843	0	0	8.24093	0	0	8.56659	10.16795	0	3.88941	0	0	0	0	0	0	0	0	0	0	0	0	0	0	0	5.17259	0	0	0	0	0	0	0	0	9.69093	0	0	0	0	0	0	0	0	0	0	0	0	
0	0	0	0	0	0	0	0	11.73624	0	10.87592	0	0	0	0	0	0	0	0	0	0	0	0	0	0	0	12.39977	0	0	0	0	0	0	0	0.22983	2.15536	0	13.48136	11.14636	0	8.29148	7.82511	0	6.22087	3.43913	12.53265	6.40337	7.39861	9.74961	9.14636	0	10.28411	2.15536	0	0	0	9.78539	3.54967	0	0	0	0	7.78386	0	0	0	11.50223	0	0	0	0	0	0	0	0	0	0	0	0	0	0	0	0	0	0	0	0	0	0	0	0	0	0	1.69849	0	0	0	0	0	0	
0	0	0	0	0	0	0	0	0	0	0	13.81793	0	0	13.17013	0	0	0	0	0	0	0	0	0	0	0	0	0	0	0	0	10.85144	0	0	8.47567	0	12.97165	0	0	9.8298	2.41102	0	10.42979	9.82818	9.6868	7.49543	10.42942	8.78582	4.73466	10.10299	7.25278	10.40543	11.37741	9.03184	0	4.1075	9.34849	0	0	14.56107	11.57984	5.44621	0	10.07535	0	0	0	0	0	0	0	0	0	4.07829	0	7.19107	0	0	0	0	0	0	0	7.7816	0	0	0	0	0	0	0	0	0	0	0	0	0	0	0	0	
0	0	0	0	0	0	0	0	0	0	0	0	13.20102	0	0	0	0	0	0	0	0	0	0	0	0	0	0	0	0	9.07207	0	0	8.67966	0	6.06953	0	13.48031	0	11.93625	9.87523	9.42507	11.76867	8.44418	8.7731	8.732	6.28452	9.36787	10.26113	5.9129	8.76934	7.94392	12.92621	11.13433	6.18589	8.01465	9.51997	13.94832	0	0	11.17833	6.54294	0	0	0	0	0	0	0	0	0	0	0	0	8.91933	0	0	0	0	0	0	9.03502	0	0	0	0	0	0	0	0	0	0	0	0	0	0	0	0	0	0	0	
0	0	0	0	0	0	0	15.42099	0	0	0	9.73048	0	0	0	0	0	0	0	0	0	0	0	0	0	0	0	8.10674	0	0	7.27048	0	12.125	0	0	0	6.83036	12.16831	7.79829	10.86414	10.53233	6.15767	0	10.46688	10.69476	8.6557	9.25643	9.75784	10.78043	9.93928	6.31557	9.20047	10.3709	9.56333	8.01983	7.48738	13.62854	6.01854	8.01511	8.50271	7.8443	13.41055	10.34967	0	9.97863	0	0	0	0	0	0	0	0	9.14871	0	0	0	0	0	0	0	0	0	0	0	0	0	0	0	0	0	0	0	0	0	0	0	0	0	0	
13.46761	0	0	0	0	0	0	0	7.22789	0	0	0	10.73066	0	0	0	0	0	0	0	0	0	0	0	13.71441	0	0	7.73088	0	0	0	0	12.9837	0	11.80839	7.38672	0	6.55093	10.08425	7.8128	10.52937	9.67763	6.4223	9.53618	11.02336	10.48482	8.40275	10.71131	7.10215	7.54041	9.60448	6.83083	6.34884	7.32497	10.81472	9.4609	10.20916	6.59199	0	11.10958	0.75788	1.84443	0	8.25444	0	10.47683	0	0	0	0	2.74427	0	0	0	0	0	0	0	0	0	0	0	4.70578	0	0	9.45057	0	0	0	0	0	0	0	0	0	0	0	0	0	0	
0	0	0	11.2955	0	0	0	0	0	0	0	0	0	0	0	0	0	0	8.39357	0	0	10.9266	0	5.9375	11.39137	9.60201	0	0	12.26793	8.50065	11.51912	0	14.69791	0	0	2.74427	0	11.01926	10.06358	9.7632	8.95813	6.80087	9.3953	9.29878	9.44042	9.7002	8.38853	9.21238	10.16292	5.93562	10.51622	9.45576	10.17041	9.26079	5.9768	8.598	0	7.17612	6.57086	8.65589	2.95176	4.45297	9.76955	0	0	0	0	0	0	9.02453	0	0	5.34191	0	2.58724	11.70507	12.21424	6.68776	0	2.21026	0	0	0	0	0	0	0	0	0	0	0	0	0	0	0	0	0	0	0	0	
8.4017	0	0	0	13.15665	8.67783	0	0	0	0	0	0	0	0	0	0	0	13.08521	0	0	0	0	0	0	10.42828	0	8.89417	9.18651	0	13.69569	9.96478	0	0	0	11.38702	10.5632	6.82801	10.54855	11.25711	8.99322	7.3725	9.10297	8.67117	9.58553	9.51037	8.81351	9.33834	9.13438	9.09999	11.00133	6.33519	10.04867	12.05703	7.32433	10.87674	10.42258	9.96448	3.54672	6.49656	8.12707	7.32745	0	7.28844	11.11277	10.67793	10.31956	9.00979	0	0	0	0	0	0	0	8.06826	0	0	0	0	0	0	0	0	0	0	0	0	0	0	0	0	0	0	0	0	5.43125	0	0	0	0	
0	0	0	0	0	0	0	0	7.08285	0	10.54397	0	0	0	0	0	7.22789	14.76176	8.67966	6.8016	13.29278	7.34356	0	0	0	14.85276	0	11.23257	5.14113	10.4911	0	9.96448	13.99384	8.55623	8.97798	10.5808	7.87918	7.19247	9.82216	8.56336	9.79373	8.18158	5.85132	8.37702	10.08251	8.41573	8.14525	9.32258	8.64413	6.9983	7.69694	11.01757	8.47982	8.80127	7.38581	7.1202	7.84092	8.76176	0	10.32307	6.10026	8.0729	8.13928	0	9.64622	11.88354	1.35315	0	0	0	0	7.32589	0	0	8.96892	0	0	0	9.49556	0	0	0	0	0	0	6.97604	0	0	0	0	0	0	0	0	0	3.46192	0	0	0	0	
0	10.66556	0	0	4.30953	10.1562	0	0	0	0	0	0	0	0	4.35894	10.27077	0	10.38756	12.32072	0	6.36691	0	6.67545	0	0	0	0	0	10.33287	9.18341	8.30646	0	10.93694	5.85171	10.68764	8.12408	10.57797	10.10809	8.74856	8.89407	8.81506	8.45315	8.17864	8.09069	8.23528	7.94951	8.95134	9.38607	8.35915	8.03476	7.62531	8.56812	8.54894	6.79436	9.94059	9.06786	7.92795	8.00076	9.3431	8.38018	0	8.58203	0	12.94501	10.22466	2.81678	7.48059	6.27979	0	0	0	0	0	0	0	1.97695	0	0	0	0	9.22935	0	0	0	0	0	0	0	0	0	0	0	0	0	0	0	0	0	0	0	
0	10.82915	10.06585	0	10.09766	0	0	0	0	0	9.67912	0	0	0	9.91294	9.05764	0	8.60482	0	0	7.64135	6.77227	9.18967	11.08224	10.17335	10.19626	0	6.9956	6.8862	7.06757	12.31964	10.32151	11.12817	10.49598	10.5607	5.66208	8.28928	9.61609	8.04154	8.25603	8.11751	8.00843	7.91246	7.94007	6.73844	7.45142	8.76364	8.04809	9.8767	8.97693	7.55759	9.29024	8.758	7.9964	7.57403	6.77128	8.62617	5.86615	7.97939	9.75463	0	8.22339	9.63131	10.53955	2.19152	4.94071	0.22983	0	0	0.22983	0	8.37853	0	1.6196	9.71781	0	8.52926	0	0.22983	0	0	0	0	5.06854	0	1.59442	0	0	0	0	0	0	0	0	0	0	0	0	0	0	
0	0	0	0	0	0	0	0	9.09367	0	8.96094	11.87095	0	0	0	0	0	0	9.84492	0	6.17332	0	0	0	0	10.49611	11.48443	0	5.92115	8.43951	8.30337	7.77592	9.02213	10.52363	10.85282	8.90757	9.4461	8.53655	9.12626	10.09073	6.77345	8.30268	9.60668	8.04534	7.45856	8.78951	7.1866	8.04619	8.44739	9.37105	9.0307	7.94502	6.95146	7.58207	7.07747	9.70653	8.17587	9.69589	12.49687	10.00799	10.30785	5.74521	9.6403	6.62356	0	10.88845	0	10.16222	0	0	0	0	0	0	0	0	0	0	0	0	0	6.89041	0	0	0	0	0	9.40597	9.95447	6.99766	0	0	0	0	0	0	0	0	0	0	
0	0	0	0	0	0	0	0	12.30957	8.70914	9.15815	3.36849	0	13.39251	0	0	0	6.98983	11.11164	8.02598	0	0	0.75788	10.58628	10.35539	10.41355	8.95191	9.599	6.87164	10.28576	0	10.08689	6.14904	6.28854	7.29415	9.47556	9.21279	6.60493	9.27056	5.60247	7.99016	9.54195	8.03456	9.06728	7.34031	8.40333	8.21588	7.89083	7.11229	9.58344	8.81193	8.04173	7.22526	6.54578	7.94177	8.78981	6.4398	9.97823	9.44496	8.05081	6.31459	9.16378	10.81292	6.19048	1.80536	10.71552	11.20127	0	0	0	0	0	0	8.4431	9.57612	0	0	0	14.41501	0	0	0	0	0	0	0	0	0	6.73532	0	4.21875	0	0	0	0	0	0	0	0	0	
0	0	11.17208	7.95193	0	4.78671	0	2.81678	7.80296	0	0	0	0	0	0	0	0	7.86855	0	0	0	0	0	11.44645	0	10.20832	0	10.76345	9.98725	8.11761	0	9.82747	0	10.84685	6.0744	9.43341	8.03073	7.31294	1.90216	10.4471	10.05534	10.41093	6.30219	9.03843	7.33197	7.68924	5.84073	8.99486	7.44878	8.33184	8.25136	7.70219	8.53949	8.61373	9.33262	7.67575	8.53134	8.67981	9.01309	8.07484	10.95463	7.92801	3.38339	11.30813	6.60277	0	0	7.65771	4.573	3.50141	3.81252	0	8.37867	0	3.00727	0	5.88047	0	0	0	0	0	5.75512	0	0	0	0	0	0	0	0	0	0	0	0	0	0	0	0	0	
0	0	0	0	0	0	0	0	0.22983	0	9.9902	9.93398	9.01634	0	13.2308	0	0	7.44366	0	5.95769	0	0	0	0	0	0	7.35053	6.38194	4.42987	0	7.36118	8.82185	7.16645	8.39095	5.49022	8.38203	9.39219	8.41212	7.77286	8.41692	9.38575	6.02287	6.8111	8.3123	7.69298	7.30284	6.16069	7.70914	7.19112	5.83164	8.25762	9.72382	8.92144	7.9637	7.4417	7.04719	6.95722	8.91173	8.9269	8.11529	5.43026	7.3736	10.71878	5.4897	0.42814	6.81016	9.1257	4.16617	0	0	7.36572	0	5.73971	2.95975	0	13.69008	0	0	0	0	0	0	0	0	0	0	0	0	6.84448	0	0	0	0	0	0	0	0	0	0	0	
0	0	0	0	0	0.22983	0	0	0	9.79446	0	0	4.89118	0	0	0	0	0	0	0	0	0	0	10.66717	0	0	7.8548	0	0	4.13466	8.2202	0	0	7.49362	7.95331	7.6187	7.75761	0.89817	1.14352	8.52183	6.45782	11.43596	5.33018	7.39798	10.03661	10.64753	7.30039	7.87805	9.91313	7.1447	7.33066	9.76612	7.86355	6.41783	9.35121	8.63456	8.24847	7.38849	5.02726	7.14397	7.76662	8.61031	4.33699	10.85433	8.09529	6.53197	8.60482	10.13552	7.60529	0	0	8.42871	0	4.49778	0	2.26312	12.60807	0	0	0	0	0	0	0	10.47017	0	0	7.1352	0	0	0	10.43765	0	0	0	0	12.70922	0	0	0	
0	0	0	0	0	0	0	0	0	0	0	11.12922	0	0	0	0	0	6.65899	11.93154	0	0	0	0	1.53615	0	0	0	8.43808	0	0	0	0	7.49082	6.35047	7.60416	0	4.96339	10.0793	0.4161	6.0104	6.9462	8.81342	8.83412	4.82498	0	8.97002	7.04848	5.03939	8.13782	6.60746	9.21593	11.60645	8.54974	5.80959	7.0545	7.43474	6.91606	7.07499	7.73529	9.55292	8.28659	4.62899	0	6.82736	8.8617	0	6.42191	9.13237	12.76539	8.37795	0	0	2.66789	8.71152	0	11.06355	0	9.37575	0	0	0	6.17567	0	0	0	0	0	0	0	0	0	0	0	0	0	0	0	0	0	0	
0	0	0	0	5.35842	0	0	0	0	0	10.57223	0	0.75788	0	0	10.89985	0	0	7.22789	0	7.52764	9.27516	0	0	0	8.34534	7.66118	0	0	5.98504	0	9.39645	12.74473	0	0	7.94827	10.35957	6.92363	10.21379	10.44259	4.37689	8.42653	6.91474	8.73276	4.70286	6.78482	13.2673	3.69196	7.80326	8.89999	9.20098	7.12218	8.7789	7.93521	6.7283	8.04379	6.57404	9.29763	4.88912	7.87548	5.71683	8.59228	5.49034	6.33768	8.62252	0	8.77497	11.45705	0	1.25211	8.17462	10.37448	7.65102	9.93291	10.70776	0	7.27836	0	0	0	4.76854	0	0	0.42814	0	2.21026	0	0	0	2.91919	0	0	0	0	0	0	0	0	0	0	
0	0	0	0	0	0	0	0	0	0	0	6.02812	3.45574	0	0	9.44853	0	0	0	1.91223	3.7106	0	0.75788	0	0	0	0	0	0	8.08324	1.53615	5.0179	0	0	0	9.52663	0	0	0	6.97009	3.04454	6.33266	5.81603	5.27456	9.65986	3.45379	6.43253	8.42166	6.85199	7.73179	0	0	8.30724	8.6426	1.02602	7.8922	7.25701	7.03368	7.48664	7.34529	9.92148	9.00858	8.98651	8.78423	4.85216	5.19098	6.57988	9.89233	3.48436	9.37826	0	6.78078	7.82217	10.35938	11.51277	0	3.2425	0	8.55864	0	0	0	0	0	0	0	0	0	0	0	0	0	0	0	0	0	0	0	0	0	
0	0	0	10.76027	0	0	0	0	0	0	0	0	0	0	0	0	1.25211	0	0	0	0	0	8.5626	0	0	0	7.71485	7.59402	11.70261	9.84682	0	0	1.6196	0	0	11.37301	0	2.78098	9.75145	0.11492	7.39343	0	0.42814	0	3.99705	12.54161	7.90404	7.83387	7.32602	6.28062	7.68223	7.69141	8.58199	9.33431	8.52139	8.01717	7.87348	6.48503	8.71489	6.56707	8.13507	8.74328	8.1375	8.88287	8.52869	8.04452	6.66198	7.51216	11.11631	7.60202	4.24405	8.60333	5.35418	1.5725	8.40997	0	13.09396	0	8.5219	9.99802	3.51564	7.95632	5.01965	0	0	0.89817	0	0	0	0	0	0	0	0	0	0	0	1.91223	0	12.79406	
0	0	5.60388	0	0	0	0	0	0	0	0	0	0	0	0	0	0	0	0	0	8.34611	0	0	0	0	10.17119	0	9.76075	0	10.31076	0	11.18123	9.69694	0	9.67028	0	0	7.1433	6.75416	0	7.05125	0	0	7.75424	12.72208	9.07669	1.55422	7.88109	4.99642	10.39342	7.45419	9.53875	7.09466	6.51535	6.32785	8.59888	0	7.04666	8.39266	9.03576	4.4326	6.67442	7.92737	3.901	5.12219	10.19268	6.29637	0	9.06988	4.67972	5.16463	8.1549	7.32252	8.44456	0	0	6.10015	0	2.72546	5.23347	0	6.55898	0	0	0	0	0	0	7.86824	0	0	0	0	0	0	0	4.6445	0	0	0	
0	0	0	0	2.3634	0	0	0	0	0	0	0	8.35831	0	0	0	0	0	0	0	6.8607	4.9488	0	0	0	0	0	7.18718	0	0	0	0.60236	8.90796	0	0	0	7.94423	0	2.09832	7.85016	0	0	3.16011	0	9.27757	0	5.4566	8.78341	3.04529	7.30436	10.35177	6.00016	10.08296	4.70392	8.97432	2.92779	0	6.65815	4.53219	2.48533	7.90126	6.7598	9.35906	8.2108	6.1772	9.23638	8.54082	3.86069	7.45484	6.75304	8.48172	0	0	8.80306	0	8.34317	6.98507	7.12169	0	0	0	0	0	0	10.65199	3.78481	0	0	0	0	0	0	0	0	0	0	8.93367	0	0	0	
0	0	0	0	0	0	0	0	8.46018	0	0	0	5.05006	0	0	0	7.80519	5.21218	0.75788	0	0	0	0	0	7.47463	0	0	0	0	0	0	0	0	0	8.29307	8.10674	0	8.12203	0	0	0	0	7.75761	11.08677	0	11.09367	10.90011	9.61859	0	5.33477	0	9.99044	9.66414	7.95796	0	6.36086	0	7.27121	0	5.29198	8.63091	2.66789	5.86413	8.21218	6.34942	6.79358	7.70697	7.85451	8.46865	6.91058	7.46246	4.66525	7.90971	6.18021	8.15584	5.56444	10.35768	8.89389	0	0	9.30068	10.75379	11.9692	0	5.80478	2.09832	10.11836	6.00114	8.74501	0	3.24329	0	0	10.07127	0	0	0	0	0	0	
0	0	0	0	0	0	0	0	0	0	0	0	0	0	0	0	0	0	0	0	6.59531	0	0	0	0	0	0	0	0	7.26563	0	0	0	0	6.598	0	0	0	0	0	8.69718	0	8.17731	8.53734	4.29158	0	0	1.14352	6.87987	6.27157	8.62579	0	0	7.05263	3.77405	6.79807	0	0	6.20831	7.78431	11.20465	5.62866	3.62104	3.95475	6.84093	7.12503	4.02482	7.50933	7.07601	6.20887	8.86349	8.11631	4.12677	6.39234	5.78821	0	4.36519	0	5.53297	0	0	0	7.44366	0	0	0	8.76281	0	0	0	0	0	0	0	0	0	0	0	0	0	
0	0	0	0	9.28957	0	0	0	0	0	0	7.38821	0	8.14246	0	0	0	0	0	0	0	0	0	0	0	0	0	0	0	0	0	0	0	0	0	0	0	0	0	8.18163	0	0	6.12771	0	4.52836	0	2.0617	0.60236	0	0	6.89041	0	0	0	8.55002	0	0	0	0	9.37162	7.93962	4.75106	6.67163	7.92269	7.17948	0	1.88615	5.171	8.39333	6.79196	9.301	9.4523	8.80588	6.53156	0	0	8.40396	4.65442	7.38861	4.28417	6.78362	8.85459	3.16126	0	3.93899	0	7.06992	12.78517	0	7.07389	0	0	0	0	7.80741	0	0	0	0	0	
0	0	0	0	0	0	0	0	0	0	0	0	0	0	0	0	0	8.28384	0	0	0	8.09403	10.76515	0	0	0	8.99553	0	0	0	0	0	0	10.04286	7.19934	0	0	0	0	0	0	0	0	0	0	0	0	0	0.89817	0	0.42814	0	0	0	0	8.50072	10.95388	11.64822	7.2162	3.97113	0	7.49621	5.91966	0	7.41535	9.06608	6.57735	7.99582	5.26126	4.41517	8.71282	6.14045	7.56642	7.30634	7.62542	7.31553	7.63516	0	11.6472	9.16399	0	0	7.47309	0	7.64633	9.77071	4.55191	8.67966	0	10.20243	0	0	0	0	0	0	8.36821	0	0	0	
0	0	0	0	0	0	0	0	6.94558	0	0	0.22983	0	0	0	0	0	0	0	0	0	0	0	0	0	0	0	2.85174	0	18.57976	0	0	0	0	0	0	0	0	0	10.32713	0	0	0	0	0	5.63555	0	6.9541	7.91665	0	0	10.43837	0	0	0	0	0	0	7.78451	0	7.49274	0	8.29563	9.02804	12.84233	4.87255	7.66576	0	0	7.23412	8.76857	1.77332	9.71613	6.37367	8.38211	10.2396	2.45715	0	0	6.08525	7.91968	8.59279	9.50862	9.00767	7.43022	0	0.60236	0	0	0	7.44652	0	9.62615	0	0	0	0	0	0	0	
0	0	0	0	0	0	0	0	0	0	0	0	0	10.76629	0	0	0	0	0	5.42547	0	0	0	0	0	4.36401	0	0	0	0	0	0	0	0	7.41036	0	0	6.62879	0	0	9.53573	0	1.69849	11.71074	1.25211	0	0	0	0	0	8.56589	6.9359	0	0	4.573	0	0	0	0	5.94955	5.30591	0	6.02345	9.33002	6.08797	4.53354	9.59716	4.61429	0	5.0803	6.76726	0	8.14972	7.33686	10.44964	7.21944	7.03828	5.47828	7.95846	4.92232	0	7.71158	10.40089	6.58262	3.6334	0	0	6.05461	6.22881	0	11.79528	0	0	5.45417	0	0	0	0	5.11445	0	
0	0	0	0	0	0	0	2.66789	0	0	0	0	0	0	0	0	0	0	0	0	0	0	4.45297	0	0	0	0	0	10.73256	0	0	0	0	0	11.54709	0	0	0.75788	0	0	0	1.82122	0	0	0	0	5.79	0	0	0	0	0	10.08043	0	0	0	2.97172	7.67222	0	4.94458	8.99521	0	0	9.15409	0	2.41102	0	8.53179	6.98305	10.101	7.82836	6.58059	10.31937	5.48666	7.71318	6.74285	10.52698	1.6196	6.60997	5.94629	7.49502	8.31677	6.13433	0	6.5079	0	4.38303	7.55065	0	0	13.87354	7.96451	0	0	0	0	9.15965	0	0	0	
0	0	0	0	0	0	0	0	0	0	0	0	0	0	0	0	0	0	0	0	0	0	0	0	0	0	0	0	0	0	0	0	0	0	0	0	0	5.80372	0	0	0	0	0	0	0	0	0	0	0	8.35146	0	4.97711	0	4.7319	0	0	7.01703	8.68521	0	0	3.07517	0	10.01498	11.45615	8.54069	6.01247	0	0	9.5242	6.50552	0	4.73149	6.11819	10.33301	7.78468	5.64628	0	5.11518	5.52437	7.70387	4.36868	10.78929	5.93343	0	0	0	7.07445	0	0	0	0	0	7.39493	8.09994	8.75197	0	0	0	0	0	
0	0	0	0	0	0	0	9.72106	0	0	0	0	0	0	0	0	0	0	0	0	0	0	0	0	0	0	0	0	0	0	0	0	0	0	0	0	0	5.77185	0	7.49568	0	0	0	0	0	0	0	0	0	0	5.24721	0	0	11.4056	7.28157	0	0	7.06204	9.02165	12.57042	0	2.95176	0	7.92715	9.75019	8.69778	0	0	8.15416	5.46939	9.38817	5.12925	4.92139	8.12145	3.16126	8.89531	6.89423	0	9.82821	7.31754	9.3024	9.06882	4.07617	4.81847	6.65411	0	0	2.51905	0	0	6.78362	0	0	0	0	2.2	0	0	0	0	
0	0	0	0	0	0	0	0	0	0	0	0	0	0	0	0	0	0	0	0	0	0	0	0	0	10.06213	0	0	0	0	0	0	0	0	0	0	0	7.6856	0	0	0	0	0	0	10.88081	0	0	0	7.39415	0	0	0	0	0	0	5.83208	0	0	0	0	0	0	9.09336	0	0	9.05758	6.49135	8.52022	0.75788	6.47959	3.51063	0	6.18027	0	9.44461	6.77764	8.20291	8.77918	6.69473	7.60604	4.21129	0	6.97338	0	11.86888	6.95691	0	0	0	0	9.10004	0	0	0	0	0	0	1.91223	0	0	
0	0	0	0	0	0	0	0	0	0	0	0	5.99724	0	0	0	0	0	0.60236	0	0	0	0	0	0	0	0	0	0	0	0	0	0	0	0	0	0	0	0	0	0	0	0	0	0	0	0	11.8758	0	0	3.18884	0	9.72607	0	0	0	0	0	0	6.50602	0	0	0	4.94549	3.2686	8.86104	8.78883	0	9.06789	0	0	7.86306	0	0	0	7.87909	6.87401	8.82118	7.84541	5.22912	0	8.32424	7.86509	5.79625	5.42793	4.75323	7.85019	0	9.94944	0	0	0	0	9.94692	0	0	0	0	0	0	
0	0	0	0	0	0	0	0	0	0	0	0	0	0	0	0	0	0	0	0	0	0	0	0	0	0	0	0	0	0	0	0	11.0156	0	0	0	0	0	0	0	4.90788	0	0	0	0	0	0	0	0	0	0	0	0	0	0	0	7.43122	0	0	0	8.96184	0	0	3.8918	0	6.57466	0	0	7.50119	0	0	0	10.83448	0	0	4.03333	0	0	5.06998	8.77366	7.56348	5.90043	9.164	0	5.57933	0	1.6196	0	0	6.63859	7.59381	5.0023	5.48135	0	0	0	0	0	0	0	
0	0	0	0	0	0	0	3.73241	0	0	0	0	0	0	0	0	0	0	0	0	0	0	0	0	0	0	0	8.6371	0	0	0	0	0	0	0	0	0	0	0	0	0	0	0	0	0	0	0	0	0	0	0	0	0	0	0	0	0	0	0	0	0	0	0	0	0	0	0	0	0	0	6.7576	5.68966	5.56986	0.22983	0	9.50141	8.78962	0	10.98627	5.21346	0	6.7917	0	7.21285	4.95685	8.94963	0	10.59139	0	1.35315	0	0.89817	0	0	0	9.01492	0	0	0	0	
0	0	0	0	0	0	0	0	0	0	0	0	0	0	0	0	0	0	0	0	10.84007	0	0	0	0	0	0	0	0	0	1.77332	0	0	0	0	0	0	0	0	0	0	0	0	0	0	0	0	0	0	0	0	0	0	0	0	0	0	0	0	13.42804	0	0	0	0	6.65599	8.08671	10.22382	9.96445	0	0	0	0	0	0	0	3.54967	5.98212	0.22983	0	0	2.8302	0	0	0	4.66404	6.18364	7.34676	6.68066	11.53023	0	11.0975	8.35451	9.37124	4.46431	0	8.97041	0	0	0	0	
0	0	0	0	0	0	0	0	0	0	0	0	0	0	0	0	0	0	0	0	0	0	0	0	0	0	0	0	0	0	0	0	0	0	0	0	0	0	0	0	0	0	0	0	0	0	0	0	6.92363	0	0	0	0	0	0	0	0	0	0	0	0	0	0	0	0	0	0	0	0	7.66487	9.70443	8.95341	6.85504	0	9.39179	6.47452	0	10.19626	0.22983	0	0	7.92488	7.98543	0	6.45946	0	4.84857	0	0	6.03607	0	3.97287	4.10207	0	5.1587	0	0	0	0	0	
0	0	0	0	0	0	0	0	0	0	0	0	0	0	0	8.10752	0	0	0	0	0	0	0	0	0	0	0	0	0	0	0	0	0	0	9.22023	0	0	0	0	0	0	0	0	0	0	0	0	0	0	0	0	0	0	0	0	0	0	0	0	0	0	0	0	0	0	0	0	6.66338	0	0	0	0	0	8.14422	0	0	0	1.58063	0	0	0	2.95176	0	0	2.58675	0	7.55424	3.43782	9.84979	9.41696	9.86698	0	9.25817	0	0	0	0	0	0	0	
0	0	0	0	0	0	0	0	0	0	0	0	0	0	0	0	0	0	0	0	0	0	0	0	0	0	0	0	0	0	0	0	0	0	0	0	0	0	0	0	0	0	0	0	0	0	0	0	8.33612	0	0	0	0	0	0	0	0	0	0	7.18742	0	0	0	0	0	6.4821	0	0	0	0	0	7.8185	0	0	0	0	0	11.81388	0	6.13814	11.18712	0	0	8.64023	0	0	0	0	0	0	0	0	0	0	0	0	0	0	0	0	
0	0	0	0	0	0	0	0	0	0	0	0	0	0	0	0	0	0	0	6.73766	0	0	0	0	0	0	0	0	0	0	0	0	0	0	0	0	0	0	0	0	0	0	0	0	0	0.75788	0	0	0	0	0	0	0	0	0	2.96194	0	0	12.92406	0	0	0	0	0	8.25033	0	0	0	0	0	0	2.45715	0	2.21026	0	0	9.08773	0	0	0	4.74895	5.92681	6.59166	8.90339	0	0	0	8.54269	9.06639	0	6.80607	11.23733	9.36973	0	0	0	0	0	0	0	
0	0	0	0	0	0	0	0	0	0	0	0	0	0	0	0	0	0	0	0	0	0	0	0	0	0	0	0	0	0	0	0	0	0	0	0	0	0	0	0	0	0	0	0	0	0	0	0	0	0	0	0	0	0	0	0	0	0	0	0	0	0	0	0	0	0	0	0	0	0	0	0	0	0	0	0	0	0	0	0	0	0	0	0	0	0	1.97695	0	0	0	0	9.8963	0	0	0	0	0	0	0	0	
0	0	0	0	0	0	0	0	0	0	0	0	0	0	0	0	0	0	0	0	0	0	0	0	0	0	0	0	0	0	0	0	0	0	0	0	0	0	0	0	0	0	0	0	0	0	0	0	0	0	0	0	0	0	0	0	0	0	0	0	0	0	0	0	0	0	0	0	0	0	8.94283	0	0	0	0	0	0	0	0	11.68401	0	0	0	11.13964	0	0	0	0.75788	0	0	5.64668	8.6827	0	0	0	0	0	0	0	0	
0	0	0	0	0	0	0	0	0	0	0	0	0	0	0	0	0	0	0	0	0	0	0	0	0	0	0	0	0	0	0	0	0	0	0	0	0	0	0	0	0	0	0	0	0	0	0	0	0	0	0	0	0	0	0	0	0	0	0	1.53615	0	0	0	0	0	0	0	0	0	0	6.92158	0	0	0	0	0	0	0	0	0	0	0	0	0	0	0	5.61027	0	0	0	0	0	0	0	0	0	0	0	0	0	
0	0	0	0	0	0	0	0	0	0	0	0	0	0	0	0	0	0	0	0	0	0	0	0	0	0	0	0	0	0	0	0	0	0	0	0	0	0	0	0	0	0	0	0	0	0	0	0	0	0	0	0	0	0	0	0	0	0	0	0	0	0	0	0	0	0	0	0	0	11.2711	1.53615	0	0	0	0	0	0	0	7.74373	0	0	0	0	0	0	0	0	0	9.9181	4.63449	0	0	0	0	0	0	0	0	0	0	
0	0	0	0	0	0	0	0	0	0	0	0	0	0	0	0	0	0	0	0	0	0	0	0	0	0	0	0	0	0	0	0	0	0	0	0	0	0	0	0	0	0	0	0	0	0	0	0	0	0	0	0	0	0	0	0	0	0	0	0	0	0	0	0	0	0	0	0	0	0	0	0	0	0	0	0	0	0	0	0	0	0	0	0	0	0	2.26312	0	0	0	0	0	0	0	0	0	0	0	0	0	
0	0	0	0	0	0	0	0	0	0	0	0	0	0	0	0	0	0	0	0	0	0	0	0	0	0	0	0	0	0	0	0	0	0	0	0	0	0	0	0	0	0	0	0	0	0	0	0	0	0	0	0	0	0	0	0	0	0	7.671	0	0	0	0	0	0	0	0	0	0	0	0	0	0	0	0	6.598	0	0	0	0	0	0	0	0	0	0	0	0	0	0	0	0	0	0	0	0	0	0	0	0	
0	0	0	0	0	0	0	0	0	0	0	0	0	0	0	0	0	0	0	0	0	0	0	0	0	0	0	0	0	0	0	0	9.53942	0	0	0	0	0	0	0	0	0	0	0	0	0	0	0	0	0	1.25211	0	0	0	0	0	0	0	0	0	0	0	1.02602	0	0	0	0	0	0	0	0	0	0	0	0	4.17803	0	0	0	0	0	0	0	0	0	0	0	0	0	0	0	0	0	0	0	0	0	0	0	0	
0	0	0	0	0	0	0	0	0	0	0	0	0	0	0	0	0	0	0	0	0	0	0	0	0	0	0	0	0	0	0	0	0	0	0	0	0	0	0	0	0	0	0	0	0	0	0	0	0	0	0	0	0	0	0	0	0	0	0	0	0	0	0	0	0	0	0	0	0	0	0	0	0	0	0	0	0	0	0	0	0	0	0	0	0	0	0	0	0	0	0	0	0	0	0	0	0	0	0	0	
0	0	0	0	0	0	0	0	0	0	0	0	0	0	0	0	0	0	0	0	0	0	0	0	0	0	0	0	0	0	0	0	0	0	0	0	0	0	0	0	0	0	0	0	0	0	0	0	0	0	0	0	0	0	0	0	0	0	0	0	0	0	0	0	0	0	0	0	0	0	0	0	0	0	0	0	0	0	0	0	0	0	0	0	0	0	0	0	0	0	0	0	0	0	0	0	0	0	0	0	
0	0	0	0	0	0	0	0	0	0	0	0	0	0	0	0	0	0	0	0	0	0	0	0	0	0	0	0	0	0	0	0	0	0	0	0	0	0	0	0	0	0	0	0	0	0	0	0	0	0	0	0	0	0	0	0	0	0	0	0	0	0	0	0	0	0	0	0	0	0	0	0	0	0	0	0	0	0	0	0	0	0	0	0	0	0	0	0	0	0	0	0	0	0	0	0	0	0	0	0	
0	0	0	0	0	0	0	0	0	0	0	0	0	0	0	0	0	0	0	0	0	0	0	0	0	0	0	0	0	0	0	0	0	0	0	0	0	0	0	0	0	0	0	0	0	0	0	0	0	0	0	0	0	0	0	0	0	0	0	0	0	0	0	0	0	0	0	0	0	0	0	0	0	0	0	0	0	0	0	0	0	0	0	0	0	0	0	0	0	0	0	0	0	0	0	0	0	0	0	0	
0	0	0	0	0	0	0	0	0	0	0	0	0	0	0	0	0	0	0	0	0	0	0	0	0	0	0	0	0	0	0	0	0	0	0	0	0	0	0	0	0	0	0	0	0	0	0	0	0	0	0	0	0	0	0	0	0	0	0	0	0	0	0	0	0	0	0	0	0	0	0	0	0	0	0	0	0	0	0	0	0	2.03889	0	0	0	0	0	0	0	0	0	0	0	0	0	0	0	0	0	0	
0	0	0	0	0	0	0	0	0	0	0	0	0	0	0	0	0	0	0	0	0	0	0	0	0	0	0	0	0	0	0	0	0	0	0	0	0	0	0	0	0	0	0	0	0	0	0	12.68913	0	0	0	0	0	0	0	0	0	0	0	0	0	0	0	0	0	0	0	0	0	0	0	0	0	0	9.87805	0	0	0	0	0	0	0	0	0	0	0	0	0	0	0	0	0	0	0	0	0	0	0	0	0	
