0	0	0	0	0	0	0	0	0	0	0	0	0	0	0	0	0	0	0	0	0	0	0	0	0	0	0	0	0	0	0	0	0	0	0	0	0	0	0	0	0	0	0	0	0	0	0	0	0	0	0	10.18704	0	0	0	0	0	0	0	0	0	0	0	0	0	0	0	0	0	0	0	0	0	0	0	0	0	0	0	0	0	0	0	0	0	0	0	0	0	0	0	0	0	0	0	0	0	0	0	0	
0	0	0	0	0	0	0	0	0	0	0	0	0	0	0	0	0	0	0	0	0	0	0	0	0	0	0	0	0	0	0	0	0	0	0	0	0	0	0	0	0	0	0	0	0	0	0	14.17613	0	0	0	0	0	0	0	0	0	0	0	0	0	0	0	11.26433	0	0	0	0	0	0	0	0	0	0	0	0	0	0	0	0	0	0	0	0	0	0	0	0	0	0	0	0	0	0	0	0	0	0	0	0	
0	0	0	0	0	0	0	0	0	0	0	0	0	0	0	0	0	0	0	0	0	0	0	0	0	0	0	0	0	0	0	0	0	0	0	0	0	0	0	0	0	0	0	0	0	0	0	0	0	0	0	0	0	0	11.78946	0	0	0	0	0	0	0	0	0	0	0	0	0	0	0	0	0	0	0	0	0	0	0	0	0	0	0	0	0	0	0	0	0	0	0	0	0	0	0	0	0	0	0	0	0	
0	0	0	0	0	0	0	0	0	0	0	0	0	0	0	0	0	0	0	0	0	0	0	0	0	0	0	0	0	0	0	0	0	0	0	0	0	0	0	0	0	0	0	0	0	0	15.80255	8.23671	0	0	0	0	0	0	0	0	0	0	0	0	0	0	0	0	0	0	0	0	0	0	0	0	0	0	0	0	0	0	0	0	0	0	0	0	0	0	0	0	0	0	0	0	0	0	0	0	0	0	0	0	
0	0	0	0	0	0	0	0	0	0	0	0	0	0	0	0	0	0	0	0	0	0	0	0	0	0	0	0	0	0	0	0	0	0	0	0	0	6.47785	0	0	0	0	0	13.24803	0	0	0	0	0	0	0	0	0	0	0	0	0	0	0	0	0	0	0	0	0	0	0	0	0	0	0	0	0	0	0	0	0	0	0	0	0	0	0	0	0	0	0	0	0	0	0	0	0	0	0	0	0	0	0	0	
0	0	0	0	0	0	0	0	0	0	0	0	0	0	0	0	0	0	0	0	0	0	0	0	0	0	0	0	0	0	0	0	0	0	0	0	0	0	0	0	0	0	0	0	0	0	0	0	0	0	0	0	0	0	0	0	0	0	0	0	0	0	0	0	0	0	0	0	0	0	0	0	7.45582	0	0	0	0	0	0	0	0	0	0	0	0	0	0	0	0	0	0	0	0	0	0	0	0	0	0	0	
0	0	0	0	0	0	0	0	0	0	0	0	0	0	0	0	0	0	0	0	0	0	0	0	0	0	0	0	0	0	0	0	0	0	0	0	0	0	0	0	0	0	0	0	0	0	0	0	0	0	0	0	0	0	0	0	0	0	0	0	0	0	0	0	0	0	0	0	0	0	0	0	0	0	9.87047	0	0	0	0	0	0	0	0	0	0	0	0	0	0	0	0	0	0	0	0	0	0	0	0	0	
0	0	0	0	0	0	0	0	0	0	0	0	0	0	0	0	0	0	0	0	0	0	0	0	0	0	0	0	0	0	0	0	0	0	0	0	0	0	0	0	0	0	0	0	0	0	0	0	0	0	0	8.38059	0	0	0	14.96198	0	0	10.96266	0	0	0	0	0	0	0	0	0	0	0	0	0	0	0	0	0	0	0	0	0	0	0	0	0	0	0	0	0	0	0	0	0	0	0	0	0	0	0	0	0	
0	0	0	0	0	0	0	0	0	0	0	0	0	0	0	0	0	0	0	0	0	0	0	0	0	0	0	0	7.67343	0	0	0	0	0	0	0	0	0	0	0	0	0	0	0	0	0	0	0	0	0	0	0	0	0	0	0	0	0	0	0	0	0	0	0	0	0	0	7.581	0	0	0	0	0	0	0	0	0	0	0	0	0	0	0	0	0	0	0	0	0	0	0	0	0	0	0	0	0	0	0	0	
0	0	0	0	0	0	0	0	0	0	0	0	0	0	0	0	0	0	0	0	0	0	0	0	0	0	0	0	0	0	0	0	0	0	0	0	0	0	0	0	0	0	0	0	0	0	0	0	0	0	0	0	0	0	0	8.78231	0	0	0	0	0	0	0	0	0	0	0	0	0	0	0	0	0	0	0	0	0	0	0	0	0	0	0	0	0	0	0	0	0	0	0	0	0	0	0	0	0	0	0	0	
0	0	0	0	0	0	0	0	0	0	0	0	0	0	0	0	0	0	0	0	0	0	0	0	0	0	0	0	0	0	0	0	0	0	0	0	0	0	0	0	0	0	0	0	0	0	0	0	0	0	0	0	0	0	0	0	0	0	0	0	0	0	0	0	0	0	0	10.72348	0	0	0	0	0	0	0	0	0	0	0	0	0	0	0	0	0	0	0	0	0	0	0	0	0	0	0	0	0	0	0	0	
0	0	0	0	0	0	0	0	0	0	0	0	0	0	0	0	0	0	0	0	0	0	0	0	0	0	0	0	0	0	0	0	0	0	0	0	0	0	0	0	0	0	0	0	0	0	0	0	0	0	0	0	4.59326	0	0	0	2.74035	0	0	0	0	0	0	0	0	0	0	0	0	0	0	3.08508	0	0	0	0	0	0	0	0	0	0	0	0	0	0	0	0	0	0	0	0	0	0	0	0	0	0	0	0	
0	0	0	0	0	0	0	0	0	0	0	0	0	0	0	0	0	0	0	0	0	0	0	0	0	0	0	0	0	0	0	0	0	0	0	0	0	0	0	0	0	0	0	0	0	0	0	0	11.21582	0	0	0	11.76273	0	0	0	0	0	0	0	0	0	0	0	0	0	0	10.355	0	0	0	0	0	0	0	0	0	0	0	0	0	0	0	0	0	0	0	0	0	0	0	0	0	0	0	0	0	0	0	0	
0	0	0	0	0	0	0	0	0	0	0	0	0	0	0	0	0	0	0	0	0	0	0	0	0	0	0	0	0	0	11.35483	0	0	0	0	0	0	0	0	13.66294	0	0	0	0	0	0	0	8.66869	0	0	0	0	0	0	0	0	0	8.76097	6.80204	0	9.72897	0	0	12.26354	0	0	0	0	0	0	0	0	0	0	0	0	0	0	0	0	0	0	0	0	0	0	0	0	0	0	0	0	0	0	0	0	0	0	0	0	
0	0	0	0	0	0	0	0	0	0	0	0	0	0	0	0	0	0	0	0	0	0	0	0	0	0	0	0	0	0	0	0	0	0	0	0	0	0	0	0	0	0	0	0	0	0	0	0	0	0	0	0	0	0	4.72672	0	0	0	0	0	0	0	0	0	0	0	0	0	0	0	0	0	0	0	1.23946	0	0	0	0	0	0	0	0	0	0	0	0	0	0	0	0	0	0	0	0	0	0	0	0	0	
0	0	0	0	0	0	0	0	0	0	0	0	0	0	0	0	0	0	0	0	0	0	0	0	0	0	0	0	0	0	0	0	0	0	0	0	0	0	0	0	0	0	15.59808	0	0	0	0	0	0	0	0	0	8.4918	0	0	0	0	0	0	12.87501	0	0	0	0	0	0	0	0	0	0	0	6.36326	0	0	0	0	0	0	0	0	0	0	0	0	0	0	0	0	0	0	0	0	0	0	0	0	0	0	0	0	
0	0	0	0	0	0	0	0	0	0	0	0	0	0	0	0	0	0	0	0	0	0	0	0	0	0	0	0	0	0	0	0	0	0	0	0	0	0	0	0	0	0	0	8.31411	0	0	0	10.60248	0	0	0	7.17206	0	0	0	0	0	0	4.55591	0	0	0	0	0	0	0	0	0	0	0	0	0	0	0	0	0	0	0	0	0	0	0	0	0	0	0	0	0	0	0	0	0	0	0	0	0	0	0	0	0	
0	0	0	0	0	0	0	0	0	0	0	0	0	0	0	0	0	0	0	0	0	0	0	0	0	0	0	0	0	0	0	0	0	0	0	0	0	0	0	0	0	0	10.38762	0	0	0	0	0	0	0	0	0	0	0	0	8.30265	0	0	0	0	0	0	0	0	0	0	0.42256	0	9.62401	0	0	0	0	0	0	0	0	0	0	0	0	0	0	0	0	0	0	0	0	0	0	0	0	0	0	0	0	0	0	0	
0	0	0	0	0	0	0	0	0	0	0	0	0	0	0	0	0	0	0	0	0	0	0	0	0	0	0	0	0	0	0	0	0	0	0	0	0	0	0	0	13.94877	0	0	0	0	0	0	0	0	0	0	0	0	0	0	0	0	0	0	0	0	0	0	0	0	0	0	0	0	0	0	0	0	0	0	0	0	0	0	0	0	0	0	0	0	0	0	0	0	0	0	0	0	0	0	0	0	0	0	0	
0	0	0	0	0	0	0	0	0	0	0	0	0	0	0	0	0	0	0	0	0	0	0	0	0	0	0	0	0	0	0	0	0	0	0	0	0	0	0	0	0	0	0	0	0	0	0	10.91972	0	0	7.5671	0	0	0	0	0	0	0	0	0	0	0	0	0	0	0	0	0	0	0	0	0	0	0	0	0	8.6517	0	0	0	0	0	0	0	0	0	0	0	0	0	0	0	0	0	0	0	0	0	0	0	
0	0	0	0	0	0	0	0	0	0	0	0	0	0	0	0	0	0	0	0	0	0	0	0	0	0	0	0	0	0	0	0	0	0	0	0	0	0	0	0	0	0	0	0	0	0	0	9.96387	0	0	10.3535	10.12597	0	0	0	0	6.7947	0	11.47748	0	8.87619	0	0	0	0	11.55507	0	0	0	0	0	0	0	0	0	0	0	0	0	0	0	0	0	0	0	0	0	0	0	0	0	0	0	0	0	0	0	0	0	0	
0	0	0	0	0	0	0	0	0	0	0	0	0	0	0	0	0	0	0	0	0	0	0	0	0	0	0	0	0	0	0	0	0	0	0	0	0	0	0	0	0	10.72435	0	0	0	0	0	0	0	0	0	0	0	0	0	0	0	0	0	0	0	0	0	0	0	0	0	0	0	0	0	0	0	0	0	0	0	0	0	0	0	0	0	0	0	0	0	0	0	0	0	0	0	0	0	0	0	0	0	0	
0	0	0	0	0	0	0	0	0	0	0	0	0	0	0	0	0	0	0	0	0	0	0	0	0	0	0	0	0	0	0	9.30269	0	0	0	0	0	0	0	0	0	0	0	0	0	0	0	7.53736	0	0	0	0	0	0	0	0	0	0	0	0	0	0	0	4.61346	0	0	0	3.3487	0	0	0	0	0	0	0	0	0	0	0	0	0	0	0	0	0	0	0	0	0	0	0	0	0	0	0	0	0	0	0	0	
0	0	0	0	0	0	0	0	0	0	0	0	0	0	0	0	0	0	0	0	0	0	0	0	0	0	0	0	0	0	0	9.89542	0	0	1.89616	0	0	0	0	0	0	0	0	0	0	0	0	0	0	0	0	0	0	0	0	0	0	0	0	0	0	0	0	0	0	0	0	0	0	0	0	0	0	0	0	0	0	0	0	0	0	0	0	0	0	0	0	0	0	0	0	0	0	0	0	0	0	0	0	0	
0	0	0	0	0	0	0	0	0	0	0	0	0	0	0	0	0	0	0	0	0	0	0	0	0	0	0	0	0	0	0	0	0	0	0	0	0	0	0	0	0	0	0	10.95724	0	0	0	0	0	12.92289	0	0	0	0	7.87926	0	0	0	0	0	0	0	0	0	0	0	0	0	0	0	0	0	0	0	0	0	0	0	0	2.24421	0	0	0	0	0	0	0	0	0	0	0	0	0	0	0	0	0	0	0	0	
0	0	0	0	0	0	0	0	0	0	0	0	0	0	0	0	0	0	0	0	0	0	0	0	0	0	0	0	0	0	0	0	8.77224	0	0	0	0	0	0	0	0	0	0	0	0	0	0	3.76448	0	0	8.67492	3.56821	0	0	0	0	0	0	8.32272	0	0	0	0	0	0	0	0	0	0	0	1.75783	0	0	0	0	0	0	0	0	0	0	0	0	0	0	7.23419	0	0	0	0	0	0	0	0	0	0	0	0	0	0	
0	0	0	0	0	0	0	0	0	0	0	0	0	0	0	0	0	0	0	0	0	0	0	0	0	0	0	0	0	0	0	0	0	0	0	0	0	0	0	12.05	0	0	0	0	17.02106	0	6.57887	0	0	0	0	0	0	0	0	0	0	0	0	0	0	0	0	0	0	0	0	0	0	0.42256	0	0	0	0	0	0	0	0	0	0	0	0	0	0	0	0	0	0	0	0	0	0	0	0	0	0	0	0	0	0	
0	0	0	0	0	0	0	0	0	0	0	0	0	0	0	0	0	0	0	0	0	0	0	0	0	0	0	0	0	0	0	0	0	0	0	10.36918	0	0	0	0	0	0	0	0	0	0	0	9.7762	0	0	0	0	0	7.60888	0	0	0	0	0	0	9.86363	0	0	0	0	0	0	0	0	0	0	0	0	0	0	0	0	0	0	0	0	0	0	0	0	0	0	0	0	0	0	0	0	0	9.55063	0	0	0	0	0	
0	0	0	0	0	0	0	0	0	0	0	0	0	0	0	0	0	0	0	0	0	0	0	0	0	0	0	0	0	0	0	0	0	0	0	0	0	0	0	0	0	15.23723	0	0	0	0	0	0	0	0	0	0	0	0	0	0	0	0	0	0	0	0	0	0	0	0	0	6.00653	0	0	0	2.90018	0	0	0	0	0	0	0	0	0	0	0	0	0	0	0	0	0	0	0	0	0	0	0	0	0	0	0	0	
0	0	0	0	0	0	0	0	0	0	0	0	0	0	0	0	0	0	0	0	0	0	0	0	0	0	0	0	0	0	0	0	0	0	0	0	0	0	0	0	8.66748	0	0	0	11.68002	0	0	6.03878	0	0	11.02288	12.35755	0	0	0	10.33728	0	0	11.01697	0	7.75068	0	0	0	0	0	0	0	0	0	0	0	0	0	0	0	0	0	0	0	0	0	0	0	0	0	0	0	0	0	0	0	0	0	0	3.52962	0	0	0	0	
0	0	0	0	0	0	0	0	0	0	0	0	0	0	0	0	0	0	0	0	0	0	0	0	0	0	0	0	0	0	0	0	0	0	0	0	0	0	0	0	0	0	0	0	16.47264	0	0	0	0	2.02233	0	0	7.88134	0	0	0	0	6.30236	0	0	0	9.98292	0	0	0	0	0	0	0	0	0	0	0	0	0	0	0	0	0	0	0	0	0	0	0	0	0	0	0	0	0	0	0	0	0	0	0	0	0	0	
0	0	0	0	0	0	0	0	0	0	0	0	0	0	0	0	0	0	0	0	0	0	0	0	0	0	0	0	0	0	0	0	0	0	0	0	0	0	0	0	0	0	0	12.71183	0	0	12.92138	0	0	0	9.1641	0	0	0	0	0	0	0	0	7.21934	0	0	0	0	9.12066	0	0	10.9856	0	0	0	0	9.32965	0	0	0	6.2059	0	0	0	0	0	0	0	0	0	0	0	0	0	0	0	0	0	0	0	0	0	0	0	
0	0	0	0	0	0	0	0	0	0	0	0	0	0	0	0	0	0	0	0	0	0	0	0	0	0	0	0	0	0	0	0	0	0	0	0	0	0	0	0	0	0	0	0	3.39471	2.13839	0	10.97369	0.42256	0	0	9.08653	7.28692	0	0	4.1435	0	0	0	0	0	0	0	0	0	0	0	9.19709	0	0	0	0	0	11.11452	0	0	0	0	0	0	0	0	0	0	0	0	0	0	0	0	0	0	0	0	0	0	0	0	0	0	
0	0	0	0	0	0	0	0	0	0	0	0	0	0	0	0	0	0	0	0	0	0	0	0	0	0	0	0	0	0	0	0	0	0	0	0	0	16.37383	0	0	0	0	0	0	0	0	0	0	7.22264	0	0	7.82482	0	0	6.77988	0	9.54472	0	0	2.96447	0	1.43371	0	0	0	0	0	0	0	0	0	0	0	0	5.44411	1.01493	0	0	0	0	0	0	0	0	0	0	0	0	0	0	0	0	0	0	0	0	0	0	0	0	
0	0	0	0	0	0	0	0	0	0	0	0	0	0	0	0	0	0	0	0	0	0	0	0	0	0	0	0	0	0	0	0	0	0	0	0	0	0	0	0	0	0	15.6694	0	0	9.55846	0	12.62666	0	0	9.56819	0	10.96413	0	10.80284	0	0	0	0	0	0	0	0	9.09845	0	0	0	0.74889	0	0	11.32682	0	0	0	0	0	0	0	2.43922	0	0	0	0	0	0	0	0	0	0	0	0	0	0	0	0	0	0	0	0	0	
0	0	0	0	0	0	0	0	0	0	0	0	0	0	0	0	0	0	0	0	0	0	0	0	0	0	0	0	0	0	0	0	0	0	0	0	0	0	0	0	0	0	0	0	0	0	0	7.22264	10.97539	0	0	12.16841	0	0	0	0	0	0	0	0	0	0	0	0	0.42256	0	0	0	0	0	0	0	0	0	0	0	0	0	0	0	0	0	0	0	0	0	0	0	0	0	8.50402	0	0	0	0	0	0	0	0	0	
0	0	0	0	0	0	0	0	0	0	0	0	0	0	0	0	0	0	0	0	0	0	0	0	0	0	0	0	0	0	0	0	0	0	0	0	0	0	0	0	0	0	0	0	0	0	0	12.21356	0	0	0	0	7.53736	0	0	0	0	0	10.9388	8.5957	0	0	0	0	0	0	0	0	0	0	0	0	0	0	0	0	0	0	0	0	0	0	0	0	0	0	0	0	0	0	0	0	0	0	0	0	0	0	4.99841	0	
0	0	0	0	0	0	0	0	0	0	0	0	0	0	0	0	0	0	0	0	0	0	0	0	0	0	0	0	0	0	0	0	0	0	0	0	0	0	0	0	0	0	9.12331	0	0	0	0	0	0	8.78503	0	9.15293	0	10.6624	0	0	0	0	0	0	0	0	0	0	13.05734	0	0	0	0	0	0	0	0	0	0	0	13.37554	0	0	0	0	0	0	0	0	0	0	0	0	0	0	0	0	0	0	0	0	0	0	0	
0	0	0	0	0	0	0	0	0	0	0	0	12.48889	0	0	0	0	0	0	0	0	0	0	0	0	0	0	0	0	0	10.10517	0	0	0	0	0	0	0	0	0	0	0	9.21465	0	0	0	0	7.64918	0	0	14.83193	0	0	4.46577	1.60483	0	10.78232	0	0	0	0	0	0	8.83271	12.06038	9.28628	0	0	0	0	0	0	0	0	0	0	0	0	0	0	0	0	0	0	0	0	0	0	0	0	0	0	0	0	0	0	0	0	0	0	
0	0	0	0	0	0	0	0	0	0	0	0	0	0	0	0	0	0	0	0	0	0	0	0	0	0	0	0	0	0	0	0	0	0	0	0	0	0	0	0	0	0	0	0	0	11.11442	5.37477	0	1.60483	13.13322	0.42256	7.39432	6.71825	0	11.44087	6.54338	0	0	0	0	11.18727	0	0	0	0	0	0	0	0	6.07593	0	0	0	0	0	0	3.66801	0	0	0	0	0	0	0	0	0	0	0	0	0	0	0	0	0	0	0	0	0	0	0	
0	0	0	0	0	0	0	0	0	0	0	0	0	0	0	10.20004	0	0	0	0	0	0	0	0	0	0	0	0	0	0	0	0	0	0	0	6.60936	11.34599	0	0	0	0	0	0	3.02604	0	10.7313	8.52788	8.49588	3.2997	8.57396	0	0	2.34577	0	12.71651	0	0	0	0	6.66847	0	8.09391	0	6.17226	0	8.53876	0	0	11.44122	0	7.53736	0	0	0	0	10.58376	0	7.94647	0	1.60483	0	0	0	0	0	0	0	0	0	0	11.24666	0	0	0	0	0	0	0	0	0	
0	0	0	0	0	0	0	0	0	0	0	0	0	0	0	0	0	0	0	0	0	0	0	0	0	0	11.49034	0	0	0	0	4.19801	0	0	5.55264	0	0	0	0	0	11.81358	0	0	0	0	0	0	0	10.31668	5.80177	2.60978	10.28315	8.84557	0	9.48501	0	8.97022	0	4.35402	0	7.1205	7.29319	0	0	0	8.51882	0	0	0	0	0	0	0	9.30812	0	0	0	0	0	0	0	0	0	0	0	0	0	0	0	0	0	0	0	0	0	0	4.76558	0	0	0	
0	0	0	0	0	0	0	0	0	0	0	0	0	0	0	0	0	0	0	11.77693	0	0	0	0	0	0	0	0	0	0	0	0	0	0	0	0	0	0	0	0	0	0	0	13.15432	0	0	12.44185	12.59379	11.20713	0	7.16223	8.12252	11.27803	0	0	0	13.43982	0	0	8.82147	5.70307	0	0	12.37022	0	8.49724	0	5.90369	0	0	0	0	0	0	0	0	0	0	0	0	0	0	0	0	0	0	0	0	0	0	7.62491	0	0	0	0	0	0	0	0	0	
0	0	0	0	0	0	0	0	0	0	0	0	7.47801	0	0	0	0	0	0	9.31969	0	0	0	0	0	0	0	0	0	0	0	0	0	7.07472	0	0	0	0	0	0	0	9.54275	13.58299	0	8.56661	0	0	4.71481	8.90002	0	3.24896	8.37163	8.98219	3.77025	10.77418	7.79335	6.0587	4.7631	8.54013	0	0	0	0	0	3.80015	0	0	0	0	0	0	0	0	0	0	0	0	0	12.80903	4.39753	0	0	0	0	0	0	0	0	0	0	0	0	0	0	0	0	0	0	0	0	
0	0	0	0	0	0	0	0	0	0	0	0	0	0	0	0	0	0	0	0	0	0	0	15.47934	0	0	0	0	0	0	0	0	0	0	0	0	0	0	12.18485	0	0	0	8.48897	10.26451	7.07753	0	9.71168	5.67628	0	7.89183	10.12333	6.8383	0	0	0	0	0	5.20181	15.90659	10.86996	12.58167	0	0	0	8.40757	0	3.9664	0	0	0	0	0	0	0	0	0	0	0	0	0	0	0	0	0	0	0	0	0	0	0	0	0	0	0	0	0	0	0	0	0	
0	0	8.7324	0	0	0	0	0	0	0	0	0	0	0	0	0	0	0	0	0	0	0	0	0	0	0	0	0	0	0	0	0	0	0	0	0	0	0	0	0	10.69108	0	0	0	0	10.17605	0	6.06429	9.22689	11.74362	0	9.27046	10.4605	9.21994	4.22451	10.35987	0	0	7.627	10.24887	8.77896	0	9.03154	10.34673	0	0	0	0	0	0	0	7.22024	0	0	0	0	6.85389	0	0	0	0	0	0	0	0	0	0	0	0	0	0	0	0	0	0	0	0	0	0	0	
0	0	0	0	0	0	0	0	0	0	0	9.87675	0	0	0	0	0	0	0	0	0	0	0	0	0	0	0	0	0	0	0	0	7.67102	0	0	0	0	9.7664	13.71375	4.83603	4.61346	7.34242	0	0	13.17048	6.81349	12.83041	9.70162	10.5041	0	11.83814	0	9.05126	7.8445	0	10.85586	4.68618	11.0456	0	0	0	0	0	0	0	0	0	7.36344	0	0	0	0	6.90803	0	0	10.9126	0	0	10.02734	0	0	0	0	0	0	0	0	0	0	0	0	0	0	0	0	8.59498	0	0	0	0	
0	0	0	0	0	0	0	0	0	0	0	0	0	0	0	0	0	0	0	0	0	0	0	0	0	0	0	0	0	0	0	0	0	0	4.08685	8.05005	0	0	0	9.30192	0	13.56855	0	12.64042	14.58461	10.639	8.16381	8.67454	7.81692	10.43577	10.76772	11.16264	2.76226	9.20965	0	0	9.60801	0	0	5.6082	9.0259	0	1.23946	0	0	0	0	0	0	0	0	0	0	0	0	0	0	0	7.71841	0	0	0	0	0	0	0	0	8.67471	0	0	0	0	0	0	0	0	0	0	0	0	
0	0	0	0	0	0	0	0	10.6897	0	10.51015	0	0	0	0	0	0	0	0	0	0	0	0	0	0	0	8.3945	0	0	0	0	0	0	0	0	2.2458	0	11.59735	11.65268	0	9.40681	7.15879	0	9.78458	5.77513	11.75393	9.15166	7.95983	9.40641	11.26705	0	7.22647	2.02233	0	0	0	9.23952	2.68802	0	0	0	0	0.42256	0	0	0	11.21915	0	0	0	0	0	0	0	0	0	0	0	0	0	0	0	0	0	0	0	0	0	0	0	0	0	0	3.90218	0	0	0	0	0	0	
0	0	0	0	0	0	0	0	0	0	0	11.2121	0	0	14.31187	0	0	0	0	0	0	0	0	0	0	0	0	0	0	0	0	11.79652	0	0	6.43877	0	13.08782	0	0	11.27939	1.43371	0	10.2589	10.98157	11.34652	9.29727	11.32471	9.46732	8.52132	11.11655	6.72766	11.23185	10.82927	8.60236	0	8.36204	11.27442	0	0	11.01056	10.55032	4.85926	0	8.0145	0	0	0	0	0	0	0	0	0	0.74889	0	6.88067	0	0	0	0	0	0	0	4.08685	0	0	0	0	0	0	0	0	0	0	0	0	0	0	0	0	
0	0	0	0	0	0	0	0	0	0	0	0	14.36239	0	0	0	0	0	0	0	0	0	0	0	0	0	0	0	0	10.96708	0	0	6.85389	0	1.89616	0	12.66362	0	15.34915	10.99549	10.66495	10.76413	10.40024	11.23925	9.7701	4.36191	10.49715	10.68689	6.55818	9.45925	10.39782	10.81216	11.14778	7.80606	5.19623	10.45122	11.02523	0	0	9.08314	3.65182	0	0	0	0	0	0	0	0	0	0	0	0	10.24463	0	0	0	0	0	0	9.59193	0	0	0	0	0	0	0	0	0	0	0	0	0	0	0	0	0	0	0	
0	0	0	0	0	0	0	14.27767	0	0	0	12.69365	0	0	0	0	0	0	0	0	0	0	0	0	0	0	0	8.49044	0	0	7.37236	0	12.4817	0	0	0	4.50953	10.10651	9.92293	10.63091	10.46106	10.1413	0	10.93269	11.70938	10.29468	10.25703	11.10833	11.85914	9.84367	6.47611	9.58158	11.2092	7.31801	9.83257	6.51686	12.60344	4.87852	10.8435	9.92198	5.76035	12.61921	10.61623	0	11.029	0	0	0	0	0	0	0	0	11.0629	0	0	0	0	0	0	0	0	0	0	0	0	0	0	0	0	0	0	0	0	0	0	0	0	0	0	
12.56167	0	0	0	0	0	0	0	7.94357	0	0	0	7.49444	0	0	0	0	0	0	0	0	0	0	0	11.33063	0	0	8.34704	0	0	0	0	15.14882	0	11.7125	9.49729	0	5.8621	11.64781	7.02394	9.15637	9.83239	6.25063	10.4087	12.42302	10.42801	10.5079	10.12296	7.72837	5.06722	10.30794	6.42752	9.42779	7.00677	10.3074	10.4558	9.69798	5.96754	0	11.02155	2.60978	0.74889	0	5.70709	0	7.79998	0	0	0	0	2.83287	0	0	0	0	0	0	0	0	0	0	0	5.66679	0	0	10.28841	0	0	0	0	0	0	0	0	0	0	0	0	0	0	
0	0	0	11.19168	0	0	0	0	0	0	0	0	0	0	0	0	0	0	8.50267	0	0	10.83813	0	4.9195	12.00103	6.89159	0	0	10.0231	9.12066	12.48504	0	12.79431	0	0	0	0	9.69668	11.48978	9.31493	9.3227	6.95038	10.18633	9.36249	9.25457	10.27648	9.88585	9.24637	10.62886	6.03565	10.1136	8.9102	11.04768	6.93762	5.80416	8.88662	0	3.51624	8.01249	9.3508	1.43371	2.76226	9.39381	0	0	0	0	0	0	4.57278	0	0	4.2761	0	3.93465	9.39381	11.11097	3.81837	0	2.52702	0	0	0	0	0	0	0	0	0	0	0	0	0	0	0	0	0	0	0	0	
9.60648	0	0	0	12.46834	9.31262	0	0	0	0	0	0	0	0	0	0	0	9.80995	0	0	0	0	0	0	11.47903	0	10.46891	8.09732	0	13.43774	10.67701	0	0	0	10.79872	10.08136	7.14312	11.93402	12.58774	10.57137	8.68795	8.9174	10.41641	9.66916	9.77055	9.38733	10.31964	10.17788	8.85225	11.19771	6.10818	10.26253	11.64458	6.82777	9.56281	8.84228	10.20875	2.83961	5.13331	9.77696	13.45091	0	6.85849	9.40616	10.81597	10.81815	9.02912	0	0	0	0	0	0	0	8.13988	0	0	0	0	0	0	0	0	0	0	0	0	0	0	0	0	0	0	0	0	0.74889	0	0	0	0	
0	0	0	0	0	0	0	0	7.24222	0	7.69964	0	0	0	0	0	10.31086	14.19332	10.1701	8.82948	11.94709	7.00063	0	0	0	13.03083	0	9.39089	8.41074	10.70801	0	10.49799	13.48736	7.71306	10.05113	10.06988	8.73141	7.27796	10.12851	10.98013	9.74423	9.15193	5.8189	9.20813	10.05455	8.78788	9.20097	9.61972	8.70254	6.83133	8.4386	11.73601	7.64864	7.94169	5.87119	7.62396	5.09029	9.71619	0	12.15846	5.45251	10.19418	7.40468	0	9.4376	11.45929	0.42256	0	0	0	0	5.28948	0	0	9.27997	0	0	0	9.98776	0	0	0	0	0	0	5.99888	0	0	0	0	0	0	0	0	0	7.11697	0	0	0	0	
0	10.49866	0	0	1.23946	8.04827	0	0	0	0	0	0	0	0	6.7391	10.86917	0	11.3293	11.06734	0	5.1304	0	4.08685	0	0	0	0	0	10.35588	11.20754	8.33541	0	11.70508	3.92876	10.36211	8.19522	10.08411	10.63897	8.75769	9.50706	9.12473	8.16986	9.32702	8.19887	9.16446	8.79179	8.835	9.43853	9.15326	7.74157	8.02878	8.58731	7.91239	5.79758	8.14058	7.04963	4.63337	7.73022	8.32418	8.96489	0	8.38865	0	12.35998	10.67667	2.34577	5.0952	8.88868	0	0	0	0	0	0	0	4.99841	0	0	0	0	9.43399	0	0	0	0	0	0	0	0	0	0	0	0	0	0	0	0	0	0	0	
0	10.78236	8.7901	0	9.08686	0	0	0	0	0	9.10381	0	0	0	8.19453	8.02396	0	8.22929	0	0	6.96808	7.55312	8.76767	11.32264	9.74221	8.44044	0	5.41777	10.48366	7.07681	12.38038	10.97588	10.82299	11.32944	10.32603	5.14824	8.89789	9.93725	8.41443	8.36265	8.86141	9.05826	7.83569	7.11359	7.14149	6.90735	9.10048	7.5384	9.62892	8.54532	7.71593	9.32594	8.35973	7.92943	7.47693	6.20452	8.11813	4.99766	7.594	10.09219	0	7.91751	11.78399	10.04737	1.57091	10.66814	0.74889	0	0	0	0	8.60539	0	1.23946	9.39381	0	7.49716	0	2.52702	0	0	0	0	4.82679	0	1.48224	0	0	0	0	0	0	0	0	0	0	0	0	0	0	
0	0	0	0	0	0	0	0	8.50807	0	9.26169	12.25422	0	0	0	0	0	0	10.76046	0	13.6175	0	0	0	0	12.97315	10.60556	0	8.07946	11.07478	7.34568	7.58671	7.9838	9.25514	9.68265	10.1478	7.59294	8.02118	9.7919	10.14424	8.50467	8.25422	8.99931	7.74614	8.31882	7.62615	8.41386	8.25721	8.9402	8.80729	8.55566	7.96766	8.1564	7.56213	7.30578	8.80003	8.25134	9.34985	9.83328	9.29025	10.92924	5.59435	7.81313	6.59459	0	8.89527	0	8.63627	0	0	0	0	0	0	0	0	0	0	0	0	0	11.19859	0	0	0	0	0	8.08199	7.99731	5.26416	0	0	0	0	0	0	0	0	0	0	
0	0	0	0	0	0	0	0	10.34372	9.12066	3.89494	4.19801	0	12.13475	0	0	0	10.34786	11.68211	3.34876	0	0	1.01493	8.05599	7.23572	7.95441	6.2059	9.72158	7.53927	10.31509	0	7.83342	8.99248	6.25235	4.76006	10.03689	9.4286	8.85738	7.28096	5.54219	7.8747	8.69803	8.42768	9.8001	7.1812	7.50469	8.29769	8.82771	6.76017	9.28679	8.55911	7.15523	7.22258	5.7499	8.28099	7.48192	4.97599	9.31936	9.57529	6.29565	6.18533	8.94339	9.41227	5.70157	0.37445	11.02289	9.12419	0	0	0	0	0	0	7.36939	8.66264	0	0	0	13.18148	0	0	0	0	0	0	0	0	0	9.16067	0	0.42256	0	0	0	0	0	0	0	0	0	
0	0	10.88431	8.89312	0	5.11632	0	1.01493	9.97367	0	0	0	0	0	0	0	0	8.69672	0	0	0	0	0	12.54205	0	8.26644	0	10.55786	7.65406	8.51933	0	9.70419	0	10.31008	6.91501	8.53479	8.34157	7.18596	3.29392	8.90203	9.14719	9.14626	6.3105	8.38956	8.13148	7.27466	5.97308	9.52913	8.21656	8.84357	7.27827	8.62572	8.40781	8.50909	8.47546	6.9889	7.86916	9.49864	7.98553	7.13241	8.92114	10.27827	8.07677	9.97367	5.43553	0	0	6.62021	4.1435	3.80754	4.49387	0	8.02207	0	1.91749	0	7.0163	0	0	0	0	0	4.60604	0	0	0	0	0	0	0	0	0	0	0	0	0	0	0	0	0	
0	0	0	0	0	0	0	0	2.43922	0	9.27918	8.63574	8.83676	0	12.15567	0	0	7.56094	0	7.36642	0	0	0	0	0	0	8.77449	6.52125	8.24801	0	8.21615	8.99425	6.4925	8.015	4.88444	8.04475	9.16046	8.36714	8.6091	10.10085	8.81837	7.08923	5.95037	6.6104	6.87011	8.01582	6.79012	7.91891	7.28182	7.31356	8.03654	9.61304	9.31149	7.97696	7.93991	7.40649	5.96943	7.9636	9.41067	7.06585	8.91333	6.79964	8.22146	6.58453	4.76558	6.98814	8.62832	3.88467	0	0	9.98146	0	6.85593	1.1229	0	13.34718	0	0	0.74889	0	0	0	0	0	0	0	0	0	6.38576	0	0	0	0	0	0	0	0	0	0	0	
0	0	0	0	0	0	0	0	0	10.01553	0	0	6.23226	0	0	0	0	0	0	0	0	0	0	9.19916	0	0	7.72043	0	0	4.75922	6.99339	0	0	8.63941	6.584	8.47396	6.94436	0	6.48334	9.38796	4.75956	9.39527	4.05635	6.88245	9.14677	9.55667	7.34572	7.32812	9.34653	7.16739	7.75641	8.38592	7.00965	6.69923	9.67584	7.63616	7.91692	6.66054	5.01705	7.21867	7.07452	8.25755	3.53339	10.1875	7.19495	5.66698	7.43043	8.57911	7.24614	0	0	13.09872	0	7.39878	0	1.43371	10.76526	0	0	0	0	0	0	0	10.86101	0	0	3.14181	0	0	0	10.91972	0	0	0	0	9.89181	0	0	0	
0	0	0	0	0	0	0	0	0	0	0	9.92299	0	0	0	0	0	7.71642	12.45143	0	0	0	0	1.23946	0	0	0	6.02173	0	0	0	0	6.82239	6.63988	6.9034	0	5.53991	9.32663	2.65463	6.32695	7.56814	9.17176	6.80886	1.67435	0	8.41739	6.12023	5.25075	7.78582	5.88809	8.0974	10.34182	7.58149	5.21168	7.47039	6.21032	6.6542	7.70472	7.29946	8.25282	6.98182	5.54178	0	6.74315	8.76032	0	5.98841	6.96808	10.60776	8.33099	0	0	8.76887	4.25054	0	10.40836	0	7.8667	0	0	0	6.5458	0	0	0	0	0	0	0	0	0	0	0	0	0	0	0	0	0	0	
0	0	0	0	6.81836	0	0	0	0	0	8.17258	0	4.08685	0	0	9.69739	0	0	7.57131	0	5.58399	9.72839	0	0	0	9.57013	4.88669	0	0	5.24405	0	9.17424	10.61935	0	0	6.8282	9.31199	5.32666	10.90801	9.79463	5.78101	9.01645	6.36129	7.23572	6.63682	5.81024	11.81585	5.19812	7.8336	8.41476	9.59199	6.15679	8.05144	7.44796	6.03719	7.50115	6.37871	9.80987	4.69286	8.26917	5.58254	8.3998	5.96505	5.72213	7.33204	0	10.17035	10.5309	0	1.01493	8.6181	8.37983	8.42637	11.96833	11.16445	0	5.34289	0	0	0	7.09918	0	0	0.42256	0	1.60483	0	0	0	9.40327	0	0	0	0	0	0	0	0	0	0	
0	0	0	0	0	0	0	0	0	0	0	5.37477	2.19448	0	0	6.92429	0	0	0	3.9664	2.68802	0	1.23946	0	0	0	0	0	0	5.37935	6.35128	5.86802	0	0	0	9.73417	0	0	0	5.8621	6.16567	6.37982	4.75755	5.15318	8.28614	3.48916	5.68843	7.48116	7.09152	6.0094	0	0	7.63163	9.00084	1.60483	8.4699	8.76688	6.40757	6.45835	7.15922	8.98522	7.80737	8.5657	7.30507	7.26104	6.61047	4.93563	8.27011	1.01493	8.81167	0	6.47659	9.42602	10.30272	10.84829	0	2.2458	0	6.06636	0	0	0	0	0	0	0	0	0	0	0	0	0	0	0	0	0	0	0	0	0	
0	0	0	6.8411	0	0	0	0	0	0	0	0	0	0	0	0	4.76558	0	0	0	0	0	8.62335	0	0	0	7.36376	8.09901	8.90618	8.12237	0	0	1.43371	0	0	9.98312	0	2.13839	8.04642	0.61973	7.79498	0	2.52702	0	5.08386	11.75394	7.87434	7.03699	5.8737	6.37085	5.25656	6.41724	8.62302	8.32208	7.27424	7.75486	8.97034	7.1439	7.08814	8.3085	7.6754	8.38025	8.74062	8.04794	8.17126	8.30385	6.34862	6.13782	9.66999	8.4449	3.89021	9.89017	6.08959	3.05846	6.08059	0	12.61264	0	5.70578	9.24318	1.43189	4.88669	8.03897	0	0	6.21914	0	0	0	0	0	0	0	0	0	0	0	1.23946	0	10.94782	
0	0	4.31824	0	0	0	0	0	0	0	0	0	0	0	0	0	0	0	0	0	8.43903	0	0	0	0	9.89284	0	9.08303	0	10.72985	0	9.89697	10.79153	0	8.65779	0	0	9.52737	6.49369	0	7.34544	0	0	7.25118	11.74953	8.24556	0.58573	5.52586	8.47534	7.10955	5.55024	8.72081	7.36119	8.15507	6.37932	8.54634	0	7.15203	6.60131	8.30915	2.85641	9.02871	6.47758	2.58053	5.49652	9.73542	5.73484	0	7.98227	4.22564	5.10712	7.09634	7.43646	8.47373	2.02233	0	7.05884	0	2.39387	3.69036	0	6.14457	0	0	0	0	0	0	5.94778	0	0	0	0	0	0	0	7.21605	0	0	0	
0	0	0	0	1.75783	0	0	0	0	0	0	0	9.94058	0	0	0	0	0	0	0	11.36956	3.65182	0	0	0	0	0	10.71315	0	0	0	0.42256	9.26967	0	0	0	7.49444	0	4.98297	6.83251	0	0	3.55316	0.42256	10.18536	0	8.17718	7.95045	2.76226	5.66356	7.78001	6.14011	9.47469	6.76435	8.66905	1.7243	0	6.13617	6.63785	2.80272	6.28672	7.80919	8.79234	6.9376	6.44912	9.75982	7.34109	5.41218	6.80083	6.76214	7.34966	0	0	8.47713	0	7.54942	6.48141	5.64029	0	0	0	0	0	0	9.08946	1.01493	0	0	0	0	0	0	0	0	0	0	8.39595	0	0	0	
0	0	0	0	0	0	0	0	6.57887	0	0	0	5.1021	0	0	0	9.19206	3.48648	6.43877	0	0	0	0	0	6.34525	0	0	0	0	0	0	0	0	0	7.88758	8.36353	0	5.19883	0	0	0	0	6.66847	11.66301	0	8.95549	10.2677	8.76323	0	4.39499	0	9.50271	9.53152	8.3742	0	4.22451	0	8.21566	0	5.16536	7.96515	8.66989	6.17037	7.79556	6.43227	6.32843	7.40978	5.07438	8.63698	7.12353	8.50466	4.40228	8.96978	10.1495	7.82604	5.43193	9.17404	9.62649	0	1.75783	8.46843	8.89591	10.0991	0	3.84663	0	8.31965	4.02788	4.63337	0	1.84788	0	0	9.34481	0	0	0	0	0	0	
0	0	0	0	0	0	0	0	0	0	0	0	0	0	0	0	0	0	0	0	6.08797	0	0	0	0	0	0	0	0	5.81927	0	0	0	0	6.6924	0	0	0	0	0	9.34935	0	9.2776	9.2162	5.84094	0	0	7.32722	5.52092	6.29848	11.67912	0	0	6.49088	3.36777	7.42911	0	0	7.09114	8.93892	8.58295	6.00338	3.16977	5.77626	7.21737	7.15307	4.49904	4.28034	6.48532	6.49974	8.87829	7.46344	4.23834	6.80706	4.39949	0	4.4169	0	4.55183	0	0	0	6.52125	0	0	0	6.70761	0	0	0	0	0	0	0	0	0	0	0	0	0	
0	0	0	0	8.24879	0	0	0	0	0	0	15.12515	0	5.4553	0	0	0	0	0	0	0	0	0	0	0	0	0	0	0	0	0	0	0	0	0	0	0	0	0	7.27682	0	0	5.51019	0	5.58708	0	3.26611	4.93563	0	0	5.04376	0	0	0	9.73762	0	0	0.42256	0	8.31503	7.32887	4.97144	7.46561	8.24327	6.55315	0	1.01117	5.2646	9.88571	6.46169	8.29114	9.3424	9.45852	5.53227	0	0	6.40031	8.74504	6.42099	5.51019	2.90018	8.60959	1.60483	0	0.74889	0	3.57152	11.77425	0	5.36114	0	0	0	0	9.63701	0	0	0	0	0	
0	0	0	0	0	0	0	0	0	0	0	0	0	0	0	0	0	6.96173	0	0	0	7.67583	8.18106	0	0	0	9.32583	0	0	0	0	0	0	9.24634	7.42238	0	0	0	0	0	0	0	0	0	0	0	0	0	0.42256	0	1.75783	0	0	0	0	9.22239	9.75801	9.44995	6.43877	6.64903	0	6.21148	5.90107	0	8.36806	7.4175	6.42659	7.83131	4.89112	4.02154	7.73978	5.91034	6.46004	4.82395	7.34514	5.91315	8.7197	0	9.10292	7.9796	0	0	7.29758	0	6.80643	8.89322	1.23946	5.33883	0	10.86717	0	0	0	0	0	0	8.55182	0	0	0	
0	0	0	0	0	0	0	0	6.83539	0	0	0	0	0	0	0	0	0	0	0	0	0	0	0	0	0	0	0.74889	0	12.33663	0	0	0	0	0	0	0	0	0	9.76182	0	0	0	0	0	6.83251	0	9.08314	8.25844	0	0	8.7812	0	0	0	0	0	0	8.43802	0	9.94468	0	8.95699	10.39459	11.41726	6.11831	6.24682	0	0	7.92603	8.69362	2.13839	9.40227	7.26965	8.58823	9.28779	1.0692	0	3.90218	9.67821	5.8255	7.81643	10.49527	9.28924	9.07002	0	0	0	0	0	6.45004	0	10.06995	0	0	0	0	0	0	0	
0	0	0	0	0	0	0	0	0	0	0	0	0	8.99545	0	0	0	0	0	1.89616	0	0	0	0	0	3.10672	0	0	0	0	0	0	0	0	7.99346	0	0	6.98037	0	0	11.02383	0	6.17226	9.42557	7.28692	0	0	0	0	0	6.09537	6.44442	0	0	2.60978	0	0	0	0	5.73001	4.89533	0	7.38646	7.51606	7.48899	4.34433	9.04781	7.90611	2.52702	5.00846	6.53272	0	7.71612	6.22769	9.85146	7.18321	4.62087	6.40367	7.32067	5.14386	0	6.45183	10.63888	4.46778	2.95081	0	0	10.27604	4.00124	0	8.71732	0	0	7.30566	0	0	0	0	4.98359	0	
0	0	0	0	0	0	0	2.43922	0	0	0	0	0	0	0	0	0	0	0	0	0	0	0.74889	0	0	0	0	0	9.55259	0	0	0	0	0	10.61258	0	0	1.43371	0	0	0	1.30988	0	0	0	0	4.74456	0	0	0	0	0	10.44227	0	0	0	7.9145	4.30121	0	4.97569	7.76375	0	0	6.62569	0	1.23946	0	7.00065	6.83272	10.22445	8.14414	8.09659	9.01361	4.90999	8.46333	6.93812	5.38381	0.74889	6.28203	3.22853	8.65951	8.43273	5.56279	0	4.37077	0	3.83497	4.02693	0	0	9.51013	7.95038	0	0	0	0	8.47396	0	0	0	
0	0	0	0	0	0	0	0	0	0	0	0	0	0	0	0	0	0	0	0	0	0	0	0	0	0	0	0	0	0	0	0	0	0	0	0	0	5.57173	0	0	0	0	0	0	0	0	0	0	0	6.21914	0	4.40328	0	3.5444	0	0	3.14181	7.0274	1.01493	0	5.4553	0	8.36651	11.8056	8.38718	5.61404	0	0	8.41381	5.53999	0	1.43371	6.52216	9.32113	8.38708	7.00555	0	4.43213	4.63002	7.27519	3.7585	9.44612	5.63398	0	0	0	6.14963	0	0	0	0	0	7.85905	9.58518	8.73931	0	0	0	0	0	
0	0	0	0	0	0	0	8.0371	0	0	0	0	0	0	0	0	0	0	0	0	0	0	0	0	0	0	0	0	0	0	0	0	0	0	0	0	0	4.1621	0	6.85389	0	0	0	0	0	0	0	0	0	0	5.30638	0	0	9.99355	9.05919	0	0	6.30976	10.07135	11.66905	0	2.83287	0	7.9458	8.93007	9.34784	0	0	9.02402	4.55235	8.12306	6.73353	6.10234	7.96649	3.08508	7.69353	5.05634	0	8.58632	5.71645	8.25327	10.61404	5.67949	5.75048	5.13488	0	0	0.7268	0	0	4.78352	0	0	0	0	1.76316	0	0	0	0	
0	0	0	0	0	0	0	0	0	0	0	0	0	0	0	0	0	0	0	0	0	0	0	0	0	9.36507	0	0	0	0	0	0	0	0	0	0	0	6.57373	0	0	0	0	0	0	8.14683	0	0	0	9.80557	0	0	0	0	0	0	1.75783	0	0	0	0	0	0	8.48263	0	0	7.21682	4.63377	7.95472	0	7.14772	1.54254	0	6.71622	0	8.66143	5.56538	6.84964	7.67134	6.42453	6.82007	4.65456	0	5.93434	0	8.0867	7.5424	0	0	0	0	9.13121	0	0	0	0	0	0	3.442	0	0	
0	0	0	0	0	0	0	0	0	0	0	0	5.14435	0	0	0	0	0	0	0	0	0	0	0	0	0	0	0	0	0	0	0	0	0	0	0	0	0	0	0	0	0	0	0	0	0	0	10.76949	0	0	2.52702	0	9.84347	0	0	0	0	0	0	5.88094	0	0	0	4.575	5.35091	6.67809	9.61346	0	10.45492	0	0	8.7812	0	0	0	7.46852	6.76219	9.11138	6.45621	4.55472	0	7.03522	4.82365	4.04136	5.91146	3.24386	8.18969	0.42256	7.69964	0	0	0	0	7.17926	0	0	0	0	0	0	
0	0	0	0	0	0	0	0	0	0	0	0	0	0	0	0	0	0	0	0	0	0	0	0	0	0	0	0	0	0	0	0	10.06861	0	0	0	0	0	0	0	3.08508	0	0	0	0	0	0	0	0	0	0	0	0	0	0	0	6.44742	0	0	0	7.69818	0	0	5.57988	0	7.97992	0	0	7.12308	0	0	0	10.70006	0	0	2.02233	0	0	5.34933	8.66507	6.53405	7.24222	10.4152	0	6.33313	0	2.34577	0	0.42256	0.74889	6.26729	4.16273	5.21999	0	0	0	0	0	0	0	
0	0	0	0	0	0	0	3.41439	0	0	0	0	0	0	0	0	0	0	0	0	0	0	0	0	0	0	0	5.43275	0	0	0	0	0	0	0	0	0	0	0	0	0	0	0	0	0	0	0	0	0	0	0	0	0	0	0	0	0	0.42256	0	0	0	0	0	0	0	0	0	0	0	0	5.50599	5.06683	5.68638	1.23946	0	11.20255	8.33036	0	10.30117	4.3259	0	6.18952	0	7.05186	2.60978	8.98035	0	11.57206	0	0	0	2.2458	0	0	0	10.63518	0	0	0	0	
0	0	0	0	0	0	0	0	0	0	0	0	0	0	0	0	0	0	0	0	7.7484	0	0	0	0	0	0	0	0	0	2.2458	0	0	0	0	0	0	0	0	0	0	0	0	0	0	0	0	0	0	0	0	0	0	0	0	0	0	0	0	12.03627	0	0	0	0	5.90369	8.42481	6.41019	8.02891	0	0	0	0	0	0	0	0.74889	5.25879	5.92	0	0	3.58529	0	0	0	4.66471	5.07322	7.53031	6.18868	7.96034	0	7.77554	5.84512	12.55083	2.34577	0	7.18939	0	0	0	0	
0	0	0	0	0	0	0	0	0	0	0	0	0	0	0	0	0	0	0	0	0	0	0	0	0	0	0	0	0	0	0	0	0	0	0	0	0	0	0	0	0	0	0	0	0	0	0	0	4.39753	0	0	0	0	0	0	0	0	0	0	0	0	0	0	0	0	0	0	0	0	8.07036	9.52953	9.89129	7.06826	0	10.24118	7.48077	0	8.52683	0	0	0	7.43043	7.67102	0	5.81542	0	6.59927	0	0	4.51104	0	2.2424	3.96074	0	1.89616	0	0	0	0	0	
0	0	0	0	0	0	0	0	0	0	0	0	0	0	0	8.06079	0	0	0	0	0	0	0	0	0	0	0	0	0	0	0	0	0	0	7.47526	0	0	0	0	0	0	0	0	0	0	0	0	0	0	0	0	0	0	0	0	0	0	0	0	0	0	0	0	0	0	0	0	4.42064	0	0	0	0	0	5.70157	0	0	0	5.64469	0	0	0	1.75783	0	0	3.54993	0	5.38011	3.58453	8.04456	10.2622	9.21207	0	9.34256	0	0	0	0	0	0	0	
0	0	0	0	0	0	0	0	0	0	0	0	0	0	0	0	0	0	0	0	0	0	0	0	0	0	0	0	0	0	0	0	0	0	0	0	0	0	0	0	0	0	0	0	0	0	0	0	6.09537	8.36204	0	0	0	0	0	0	0	0	0	4.02788	0	0	0	0	0	5.88312	0	0	0	0	0	6.16544	0	0	0	0	0	12.50122	0	5.9016	9.89439	0	0	10.71416	0	0	0	0	0	0	0	0	0	0	0	0	0	0	0	0	
0	0	0	0	0	0	0	0	0	0	0	0	0	0	0	0	0	0	0	0	0	0	0	0	0	0	0	0	0	0	0	0	0	0	0	0	0	0	0	0	0	0	0	0	0	0	0	0	0	0	0	0	0	0	0	2.83861	0	0	10.89415	0	0	0	0	0	7.72307	0	0	0	0	0	0	1.01493	0	9.98001	0	0	5.43275	0	0	0	4.11609	5.47644	6.3431	7.78217	0	0	0	7.37236	7.94538	0	6.54773	11.42006	8.95744	0	0	0	0	0	0	0	
0	0	0	0	0	0	0	0	0	0	0	0	0	0	0	0	0	0	0	0	0	0	0	0	0	0	0	0	0	0	0	0	0	0	0	0	0	0	0	0	0	0	0	0	0	0	0	0	0	0	0	0	0	0	0	0	0	0	0	0	0	0	0	0	0	0	0	0	0	0	0	0	0	0	0	0	0	0	0	0	0	0	0	0	0	0	0	0	0	0	0	9.34029	0	0	0	0	0	0	0	0	
0	0	0	0	0	0	0	0	0	0	0	0	0	0	0	0	0	0	0	0	0	0	0	0	0	0	0	0	0	0	0	0	0	0	0	0	0	0	0	0	0	0	0	0	0	0	0	0	0	0	0	0	0	0	0	0	0	0	0	0	0	0	0	0	0	0	0	0	0	0	8.72065	6.30857	0	0	0	0	0.42256	0	0	8.75178	0	0	0	10.42666	0	0	0	1.43371	0	0	5.71539	10.27208	0	0	0	0	0	0	0	0	
0	0	0	0	0	0	0	0	0	0	0	0	0	0	0	0	0	0	0	0	0	0	0	0	0	0	0	0	0	0	0	0	0	0	0	0	0	0	0	0	0	0	0	0	0	0	0	0	0	0	0	0	0	0	0	0	0	0	0	2.02233	0	0	0	0	0	0	0	0	0	0	7.28377	0	0	0	0	0	0	0	0	0	0	0	0	0	0	0	2.90018	0	0	0	0	0	0	0	0	0	0	0	0	0	
0	0	0	0	0	0	0	0	0	0	0	0	0	0	0	0	0	0	0	0	0	0	0	0	0	0	0	0	0	0	0	0	0	0	0	0	0	0	0	0	0	0	0	0	0	0	0	0	0	0	0	0	0	0	0	0	0	0	0	0	0	0	0	0	0	0	0	0	0	9.38503	6.12381	0	0	0	0	0	0	0	6.86657	0	0	0	0	0	0	0	0	0	8.00306	7.38709	0	0	0	0	0	0	0	0	0	0	
0	0	0	0	0	0	0	0	0	0	0	0	0	0	0	0	0	0	0	0	0	0	0	0	0	0	0	0	0	0	0	0	0	0	0	0	0	0	0	0	0	0	0	0	0	0	0	0	0	0	0	0	0	0	0	0	0	0	0	0	0	0	0	0	0	0	0	0	0	0	0	0	0	0	0	0	0	0	0	0	0	0	0	0	0	0	2.13839	0	0	0	0	0	0	0	0	0	0	0	0	0	
0	0	0	0	0	0	0	0	0	0	0	0	0	0	0	0	0	0	0	0	0	0	0	0	0	0	0	0	0	0	0	0	0	0	0	0	0	0	0	0	0	0	0	0	0	0	0	0	0	0	0	0	0	0	0	0	0	0	6.54247	0	0	0	0	0	0	0	0	0	0	0	0	0	0	0	0	6.88745	0	0	0	0	0	0	0	0	0	0	0	0	0	0	0	0	0	0	0	0	0	0	0	0	
0	0	0	0	0	0	0	0	0	0	0	0	0	0	0	0	0	0	0	0	0	0	0	0	0	0	0	0	0	0	0	0	8.68667	0	0	0	0	0	0	0	0	0	0	0	0	0	0	0	0	0	7.26155	0	0	0	0	0	0	0	0	0	0	0	0.42256	0	0	0	0	0	0	0	0	0	0	0	0	5.87051	0	0	0	0	0	0	0	0	0	0	0	0	0	0	0	0	0	0	0	0	0	0	0	0	
0	0	0	0	0	0	0	0	0	0	0	0	0	0	0	0	0	0	0	0	0	0	0	0	0	0	0	0	0	0	0	0	0	0	0	0	0	0	0	0	0	0	0	0	0	0	0	0	0	0	0	0	0	0	0	0	0	0	0	0	0	0	0	0	0	0	0	0	0	0	0	0	0	0	0	0	0	0	0	0	0	0	0	0	0	0	0	0	0	0	0	0	0	0	0	0	0	0	0	0	
0	0	0	0	0	0	0	0	0	0	0	0	0	0	0	0	0	0	0	0	0	0	0	0	0	0	0	0	0	0	0	0	0	0	0	0	0	0	0	0	0	0	0	0	0	0	0	0	0	0	0	0	0	0	0	0	0	0	0	0	0	0	0	0	0	0	0	0	0	0	0	0	0	0	0	0	0	0	0	0	0	0	0	0	0	0	0	0	0	0	0	0	0	0	0	0	0	0	0	0	
0	0	0	0	0	0	0	0	0	0	0	0	0	0	0	0	0	0	0	0	0	0	0	0	0	0	0	0	0	0	0	0	0	0	0	0	0	0	0	0	0	0	0	0	0	0	0	0	0	0	0	0	0	0	0	0	0	0	0	0	0	0	0	0	0	0	0	0	0	0	0	0	0	0	0	0	0	0	0	0	0	0	0	0	0	0	0	0	0	0	0	0	0	0	0	0	0	0	0	0	
0	0	0	0	0	0	0	0	0	0	0	0	0	0	0	0	0	0	0	0	0	0	0	0	0	0	0	0	0	0	0	0	0	0	0	0	0	0	0	0	0	0	0	0	0	0	0	0	0	0	0	0	0	0	0	0	0	0	0	0	0	0	0	0	0	0	0	0	0	0	0	0	0	0	0	0	0	0	0	0	0	0	0	0	0	0	0	0	0	0	0	0	0	0	0	0	0	0	0	0	
0	0	0	0	0	0	0	0	0	0	0	0	0	0	0	0	0	0	0	0	0	0	0	0	0	0	0	0	0	0	0	0	0	0	0	0	0	0	0	0	0	0	0	0	0	0	0	0	0	0	0	0	0	0	0	0	0	0	0	0	0	0	0	0	0	0	0	0	0	0	0	0	0	0	0	0	0	0	0	0	0	0.42256	0	0	0	0	0	0	0	0	0	0	0	0	0	0	0	0	0	0	
0	0	0	0	0	0	0	0	0	0	0	0	0	0	0	0	0	0	0	0	0	0	0	0	0	0	0	0	0	0	0	0	0	0	0	0	0	0	0	0	0	0	0	0	0	0	0	11.773	0	0	0	0	0	0	0	0	0	0	0	0	0	0	0	0	0	0	0	0	0	0	0	0	0	0	10.05146	0	0	0	0	0	0	0	0	0	0	0	0	0	0	0	0	0	0	0	0	0	0	0	0	0	
