0	0	0	0	0	0	0	0	0	0	0	0	0	0	0	0	0	0	0	0	0	0	0	0	0	0	0	0	0	0	0	0	0	0	0	0	0	0	0	0	0	0	0	0	0	0	0	0	0	0	0	10.90586	0	0	0	0	0	0	0	0	0	0	0	0	0	0	0	0	0	0	0	0	0	0	0	0	0	0	0	0	0	0	0	0	0	0	0	0	0	0	0	0	0	0	0	0	0	0	0	0	
0	0	0	0	0	0	0	0	0	0	0	0	0	0	0	0	0	0	0	0	0	0	0	0	0	0	0	0	0	0	0	0	0	0	0	0	0	0	0	0	0	0	0	0	0	0	0	13.69847	0	0	0	0	0	0	0	0	0	0	0	0	0	0	0	9.73802	0	0	0	0	0	0	0	0	0	0	0	0	0	0	0	0	0	0	0	0	0	0	0	0	0	0	0	0	0	0	0	0	0	0	0	0	
0	0	0	0	0	0	0	0	0	0	0	0	0	0	0	0	0	0	0	0	0	0	0	0	0	0	0	0	0	0	0	0	0	0	0	0	0	0	0	0	0	0	0	0	0	0	0	0	0	0	0	0	0	0	9.56985	0	0	0	0	0	0	0	0	0	0	0	0	0	0	0	0	0	0	0	0	0	0	0	0	0	0	0	0	0	0	0	0	0	0	0	0	0	0	0	0	0	0	0	0	0	
0	0	0	0	0	0	0	0	0	0	0	0	0	0	0	0	0	0	0	0	0	0	0	0	0	0	0	0	0	0	0	0	0	0	0	0	0	0	0	0	0	0	0	0	0	0	12.517	10.03665	0	0	0	0	0	0	0	0	0	0	0	0	0	0	0	0	0	0	0	0	0	0	0	0	0	0	0	0	0	0	0	0	0	0	0	0	0	0	0	0	0	0	0	0	0	0	0	0	0	0	0	0	
0	0	0	0	0	0	0	0	0	0	0	0	0	0	0	0	0	0	0	0	0	0	0	0	0	0	0	0	0	0	0	0	0	0	0	0	0	8.27484	0	0	0	0	0	12.59519	0	0	0	0	0	0	0	0	0	0	0	0	0	0	0	0	0	0	0	0	0	0	0	0	0	0	0	0	0	0	0	0	0	0	0	0	0	0	0	0	0	0	0	0	0	0	0	0	0	0	0	0	0	0	0	0	
0	0	0	0	0	0	0	0	0	0	0	0	0	0	0	0	0	0	0	0	0	0	0	0	0	0	0	0	0	0	0	0	0	0	0	0	0	0	0	0	0	0	0	0	0	0	0	0	0	0	0	0	0	0	0	0	0	0	0	0	0	0	0	0	0	0	0	0	0	0	0	0	9.05146	0	0	0	0	0	0	0	0	0	0	0	0	0	0	0	0	0	0	0	0	0	0	0	0	0	0	0	
0	0	0	0	0	0	0	0	0	0	0	0	0	0	0	0	0	0	0	0	0	0	0	0	0	0	0	0	0	0	0	0	0	0	0	0	0	0	0	0	0	0	0	0	0	0	0	0	0	0	0	0	0	0	0	0	0	0	0	0	0	0	0	0	0	0	0	0	0	0	0	0	0	0	11.09077	0	0	0	0	0	0	0	0	0	0	0	0	0	0	0	0	0	0	0	0	0	0	0	0	0	
0	0	0	0	0	0	0	0	0	0	0	0	0	0	0	0	0	0	0	0	0	0	0	0	0	0	0	0	0	0	0	0	0	0	0	0	0	0	0	0	0	0	0	0	0	0	0	0	0	0	0	8.25678	0	0	0	12.7927	0	0	12.67461	0	0	0	0	0	0	0	0	0	0	0	0	0	0	0	0	0	0	0	0	0	0	0	0	0	0	0	0	0	0	0	0	0	0	0	0	0	0	0	0	0	
0	0	0	0	0	0	0	0	0	0	0	0	0	0	0	0	0	0	0	0	0	0	0	0	0	0	0	0	8.87147	0	0	0	0	0	0	0	0	0	0	0	0	0	0	0	0	0	0	0	0	0	0	0	0	0	0	0	0	0	0	0	0	0	0	0	0	0	0	6.74635	0	0	0	0	0	0	0	0	0	0	0	0	0	0	0	0	0	0	0	0	0	0	0	0	0	0	0	0	0	0	0	0	
0	0	0	0	0	0	0	0	0	0	0	0	0	0	0	0	0	0	0	0	0	0	0	0	0	0	0	0	0	0	0	0	0	0	0	0	0	0	0	0	0	0	0	0	0	0	0	0	0	0	0	0	0	0	0	9.11792	0	0	0	0	0	0	0	0	0	0	0	0	0	0	0	0	0	0	0	0	0	0	0	0	0	0	0	0	0	0	0	0	0	0	0	0	0	0	0	0	0	0	0	0	
0	0	0	0	0	0	0	0	0	0	0	0	0	0	0	0	0	0	0	0	0	0	0	0	0	0	0	0	0	0	0	0	0	0	0	0	0	0	0	0	0	0	0	0	0	0	0	0	0	0	0	0	0	0	0	0	0	0	0	0	0	0	0	0	0	0	0	9.5465	0	0	0	0	0	0	0	0	0	0	0	0	0	0	0	0	0	0	0	0	0	0	0	0	0	0	0	0	0	0	0	0	
0	0	0	0	0	0	0	0	0	0	0	0	0	0	0	0	0	0	0	0	0	0	0	0	0	0	0	0	0	0	0	0	0	0	0	0	0	0	0	0	0	0	0	0	0	0	0	0	0	0	0	0	5.56589	0	0	0	3.93948	0	0	0	0	0	0	0	0	0	0	0	0	0	0	6.01018	0	0	0	0	0	0	0	0	0	0	0	0	0	0	0	0	0	0	0	0	0	0	0	0	0	0	0	0	
0	0	0	0	0	0	0	0	0	0	0	0	0	0	0	0	0	0	0	0	0	0	0	0	0	0	0	0	0	0	0	0	0	0	0	0	0	0	0	0	0	0	0	0	0	0	0	0	12.66922	0	0	0	12.95292	0	0	0	0	0	0	0	0	0	0	0	0	0	0	4.83065	0	0	0	0	0	0	0	0	0	0	0	0	0	0	0	0	0	0	0	0	0	0	0	0	0	0	0	0	0	0	0	0	
0	0	0	0	0	0	0	0	0	0	0	0	0	0	0	0	0	0	0	0	0	0	0	0	0	0	0	0	0	0	13.19714	0	0	0	0	0	0	0	0	7.92974	0	0	0	0	0	0	0	8.96427	0	0	0	0	0	0	0	0	0	6.79211	7.53814	0	9.95343	0	0	12.88647	0	0	0	0	0	0	0	0	0	0	0	0	0	0	0	0	0	0	0	0	0	0	0	0	0	0	0	0	0	0	0	0	0	0	0	0	
0	0	0	0	0	0	0	0	0	0	0	0	0	0	0	0	0	0	0	0	0	0	0	0	0	0	0	0	0	0	0	0	0	0	0	0	0	0	0	0	0	0	0	0	0	0	0	0	0	0	0	0	0	0	6.73867	0	0	0	0	0	0	0	0	0	0	0	0	0	0	0	0	0	0	0	0.68715	0	0	0	0	0	0	0	0	0	0	0	0	0	0	0	0	0	0	0	0	0	0	0	0	0	
0	0	0	0	0	0	0	0	0	0	0	0	0	0	0	0	0	0	0	0	0	0	0	0	0	0	0	0	0	0	0	0	0	0	0	0	0	0	0	0	0	0	13.90509	0	0	0	0	0	0	0	0	0	9.2923	0	0	0	0	0	0	12.18685	0	0	0	0	0	0	0	0	0	0	0	6.55059	0	0	0	0	0	0	0	0	0	0	0	0	0	0	0	0	0	0	0	0	0	0	0	0	0	0	0	0	
0	0	0	0	0	0	0	0	0	0	0	0	0	0	0	0	0	0	0	0	0	0	0	0	0	0	0	0	0	0	0	0	0	0	0	0	0	0	0	0	0	0	0	8.90237	0	0	0	10.85488	0	0	0	8.93415	0	0	0	0	0	0	4.86695	0	0	0	0	0	0	0	0	0	0	0	0	0	0	0	0	0	0	0	0	0	0	0	0	0	0	0	0	0	0	0	0	0	0	0	0	0	0	0	0	0	
0	0	0	0	0	0	0	0	0	0	0	0	0	0	0	0	0	0	0	0	0	0	0	0	0	0	0	0	0	0	0	0	0	0	0	0	0	0	0	0	0	0	11.3933	0	0	0	0	0	0	0	0	0	0	0	0	8.22276	0	0	0	0	0	0	0	0	0	0	4.17661	0	10.43607	0	0	0	0	0	0	0	0	0	0	0	0	0	0	0	0	0	0	0	0	0	0	0	0	0	0	0	0	0	0	0	
0	0	0	0	0	0	0	0	0	0	0	0	0	0	0	0	0	0	0	0	0	0	0	0	0	0	0	0	0	0	0	0	0	0	0	0	0	0	0	0	11.48121	0	0	0	0	0	0	0	0	0	0	0	0	0	0	0	0	0	0	0	0	0	0	0	0	0	0	0	0	0	0	0	0	0	0	0	0	0	0	0	0	0	0	0	0	0	0	0	0	0	0	0	0	0	0	0	0	0	0	0	
0	0	0	0	0	0	0	0	0	0	0	0	0	0	0	0	0	0	0	0	0	0	0	0	0	0	0	0	0	0	0	0	0	0	0	0	0	0	0	0	0	0	0	0	0	0	0	8.25769	0	0	9.6641	0	0	0	0	0	0	0	0	0	0	0	0	0	0	0	0	0	0	0	0	0	0	0	0	0	9.01789	0	0	0	0	0	0	0	0	0	0	0	0	0	0	0	0	0	0	0	0	0	0	0	
0	0	0	0	0	0	0	0	0	0	0	0	0	0	0	0	0	0	0	0	0	0	0	0	0	0	0	0	0	0	0	0	0	0	0	0	0	0	0	0	0	0	0	0	0	0	0	7.87829	0	0	11.09117	11.02512	0	0	0	0	9.13767	0	10.05507	0	10.15958	0	0	0	0	9.17233	0	0	0	0	0	0	0	0	0	0	0	0	0	0	0	0	0	0	0	0	0	0	0	0	0	0	0	0	0	0	0	0	0	0	
0	0	0	0	0	0	0	0	0	0	0	0	0	0	0	0	0	0	0	0	0	0	0	0	0	0	0	0	0	0	0	0	0	0	0	0	0	0	0	0	0	10.50795	0	0	0	0	0	0	0	0	0	0	0	0	0	0	0	0	0	0	0	0	0	0	0	0	0	0	0	0	0	0	0	0	0	0	0	0	0	0	0	0	0	0	0	0	0	0	0	0	0	0	0	0	0	0	0	0	0	0	
0	0	0	0	0	0	0	0	0	0	0	0	0	0	0	0	0	0	0	0	0	0	0	0	0	0	0	0	0	0	0	10.34493	1.15075	0	0	0	0	0	0	0	0	0	0	0	0	0	0	9.16468	0	0	0	0	0	0	0	0	0	0	0	0	0	0	0	1.50101	0	0	0	3.91005	0	0	0	0	0	0	0	0	0	0	0	0	0	0	0	0	0	0	0	0	0	0	0	0	0	0	0	0	0	0	0	0	
0	0	0	0	0	0	0	0	0	0	0	0	0	0	0	0	0	0	0	0	0	0	0	0	0	0	0	0	0	0	0	11.87698	0	0	0	0	0	0	0	0	0	0	0	0	0	0	0	0	0	0	0	0	0	0	0	0	0	0	0	0	0	0	0	0	0	0	0	0	0	0	0	0	0	0	0	0	0	0	0	0	0	0	0	0	0	0	0	0	0	0	0	0	0	0	0	0	0	0	0	0	
0	0	0	0	0	0	0	0	0	0	0	0	0	0	0	0	0	0	0	0	0	0	0	0	0	0	0	0	0	0	0	0	0	0	0	0	0	0	0	0	0	0	0	10.34222	0	0	0	0	0	13.95904	0	0	0	0	9.97687	0	0	0	0	0	0	0	0	0	0	0	0	0	0	0	0	0	0	0	0	0	0	0	0	5.115	0	0	0	0	0	0	0	0	0	0	0	0	0	0	0	0	0	0	0	0	
0	0	0	0	0	0	0	0	0	0	0	0	0	0	0	0	0	0	0	0	0	0	0	0	0	0	0	0	0	0	0	0	12.27545	0	0	0	0	0	0	0	0	0	0	0	0	0	0	4.86126	0	0	11.14636	1.43419	0	0	0	0	0	0	7.84422	0	0	0	0	0	0	0	0	0	0	0	1.15075	0	0	0	0	0	0	0	0	0	0	0	0	0	0	6.84543	0	0	0	0	0	0	0	0	0	0	0	0	0	0	
0	0	0	0	0	0	0	0	0	0	0	0	0	0	0	0	0	0	0	0	0	0	0	0	0	0	0	0	0	0	0	0	0	0	0	0	0	0	0	11.46853	0	0	0	0	14.32746	0	5.89657	0	0	0	0	0	0	0	0	0	0	0	0	0	0	0	0	0	0	0	0	0	0	3.15893	0	0	0	0	0	0	0	0	0	0	0	0	0	0	0	0	0	0	0	0	0	0	0	0	0	0	0	0	0	0	
0	0	0	0	0	0	0	0	0	0	0	0	0	0	0	0	0	0	0	0	0	0	0	0	0	0	0	0	0	0	0	0	0	0	0	8.75405	0	0	0	0	0	0	0	0	0	0	0	8.14404	0	0	0	0	0	9.41101	0	0	0	0	0	0	10.87198	0	0	0	0	0	0	0	0	0	0	0	0	0	0	0	0	0	0	0	0	0	0	0	0	0	0	0	0	0	0	0	0	0	9.2394	0	0	0	0	0	
0	0	0	0	0	0	0	0	0	0	0	0	0	0	0	0	0	0	0	0	0	0	0	0	0	0	0	0	0	0	0	0	0	0	0	0	0	0	0	0	0	14.36511	0	0	0	0	0	0	0	0	0	0	2.01814	0	0	0	0	0	0	0	0	0	0	0	0	0	0	7.4653	0	0	0	4.02265	0	0	0	0	0	0	0	0	0	0	0	0	0	0	0	0	0	0	0	0	0	0	0	0	0	0	0	0	
0	0	0	0	0	0	0	0	0	0	0	0	0	0	0	0	0	0	0	0	0	0	0	0	0	0	0	0	0	0	0	0	0	0	0	0	0	0	0	0	8.15025	0	0	0	9.60871	0	0	6.51474	0	0	9.40695	11.8265	0	0	0	10.08617	0	0	6.32763	0	9.04314	0	0	0	0	0	0	0	4.70129	0	0	0	0	0	0	0	0	0	0	0	0	0	0	0	0	0	0	0	0	0	0	0	0	0	0	1.50101	0	0	0	0	
0	0	0	0	0	0	0	0	0	0	0	0	0	0	0	0	0	0	0	0	0	0	0	0	0	0	0	0	0	0	0	0	0	0	0	0	0	0	0	0	0	0	0	0	13.8894	0	0	0	0	1.78262	0	0	6.2488	0	0	0	0	8.36837	0	0	0	14.30101	0	0	0	0	0	0	0	0	0	0	0	0	0	0	0	0	0	0	0	0	0	0	0	0	0	0	0	0	0	0	0	0	0	0	0	0	0	0	
0	0	0	0	0	0	0	0	0	0	0	0	0	0	0	0	0	0	0	0	0	0	0	0	0	0	0	0	0	0	0	0	0	0	0	0	0	0	0	0	0	0	0	13.36489	0	0	14.08285	0	0	0	12.29695	0	0	0	0	0	0	0	0	10.49337	0	0	0	0	9.01108	0	0	6.56924	0	0	0	0	9.76052	0	0	0	2.01814	0	0	0	0	0	0	0	0	0	0	0	0	0	0	0	0	0	0	0	0	0	0	0	
0	0	0	0	0	0	0	0	0	0	0	0	0	0	0	0	0	0	0	0	0	0	0	0	0	0	0	0	0	0	0	0	0	0	0	0	0	0	0	0	0	0	0	0	1.15075	0.68715	0	11.18678	0	0	0	13.36602	8.06078	0	0	6.32763	0	0	0	0	0	0	0	0	0	0	0	10.4348	0	0	0	0	0	11.63664	0	0	0	0	0	0	0	0	0	0	0	0	0	0	0	0	0	0	0	0	0	0	0	0	0	0	
0	0	0	0	0	0	0	0	0	0	0	0	0	0	0	0	0	0	0	0	0	0	0	0	0	0	0	0	0	0	0	0	0	0	0	0	0	13.84744	0	0	0	0	0	0	0	0	0	0	10.42714	0	0	6.25369	0	0	9.59055	0	9.76761	0	0	3.05684	0	4.44257	0	0	0	0	0	0	0	0	0	0	0	0	6.47953	2.01814	0	0	0	0	0	0	0	0	0	0	0	0	0	0	0	0	0	0	0	0	0	0	0	0	
0	0	0	0	0	0	0	0	0	0	0	0	0	0	0	0	0	0	0	0	0	0	0	0	0	0	0	0	0	0	0	0	0	0	0	0	0	0	0	0	0	0	15.22579	0	0	11.79365	0	13.53404	0	0	11.52846	0	10.93942	0	9.36084	0	0	0	0	0	0	0	0	10.40329	0	0	0	2.69849	0	0	12.75856	0	0	0	0	0	0	0	5.34548	0	0	0	0	0	0	0	0	0	0	0	0	0	0	0	0	0	0	0	0	0	
0	0	0	0	0	0	0	0	0	0	0	0	0	0	0	0	0	0	0	0	0	0	0	0	0	0	0	0	0	0	0	0	0	0	0	0	0	0	0	0	0	0	0	0	0	0	0	9.53824	11.3933	0	0	10.5561	0	0	0	0	0	0	0	0	0	0	0	0	0.68715	0	0	0	0	0	0	0	0	0	0	0	0	0	0	0	0	0	0	0	0	0	0	0	0	0	8.01388	0	0	0	0	0	0	0	0	0	
0	0	0	0	0	0	0	0	0	0	0	0	0	0	0	0	0	0	0	0	0	0	0	0	0	0	0	0	0	0	0	0	0	0	0	0	0	0	0	0	0	0	0	0	0	0	0	12.99547	0	0	0	0	9.73596	1.50101	0	0	0	0	11.20825	11.75877	0	0	0	0	0	0	0	0	0	0	0	0	0	0	0	0	0	0	0	0	0	0	0	0	0	0	0	0	0	0	0	0	0	0	0	0	0	0	9.15081	0	
0	0	0	0	0	0	0	0	0	0	0	0	0	0	0	0	0	0	0	0	0	0	0	0	0	0	0	0	0	0	0	0	0	0	0	0	0	0	0	0	0	0	9.03309	0	0	0	0	0	0	9.73498	0	11.70547	0	7.18587	0	0	0	0	0	0	0	0	0	0	12.31053	0	0	0	0	0	0	0	0	0	0	0	14.85474	0	0	0	0	0	0	0	0	0	0	0	0	0	0	0	0	0	0	0	0	0	0	0	
0	0	0	0	0	0	0	0	0	0	0	0	12.17814	0	0	0	0	0	0	0	0	0	0	0	0	0	0	0	0	0	10.08536	0	0	0	0	0	0	0	0	0	0	0	11.7445	0	0	0	0	10.68306	0	0	12.83198	0	0	7.35133	2.82808	0	9.37887	0	0	0	0	0	0	9.57794	9.16621	9.56056	0	0	0	0	0	0	0	0	0	0	0	0	0	0	0	0	0	0	0	0	0	0	0	0	0	0	0	0	0	0	0	0	0	0	
0	0	0	0	0	0	0	0	0	0	0	0	0	0	0	0	0	0	0	0	0	0	0	0	0	0	0	0	0	0	0	0	0	0	0	0	0	0	0	0	0	0	0	0	0	11.26461	6.95705	0	4.52134	11.58772	1.79788	7.49955	8.41256	0	8.86959	7.89226	0	0	0	0	10.25343	0	0	0	0	0	0	0	0	6.85384	0	0	0	0	0	0	6.31497	0	0	0	0	0	0	0	0	0	0	0	0	0	0	0	0	0	0	0	0	0	0	0	
0	0	0	0	0	0	0	0	0	0	0	0	0	0	0	9.0875	0	0	0	0	0	0	0	0	0	0	0	0	0	0	0	0	0	0	0	10.49337	11.91304	0	0	0	0	0	0	4.1271	0	10.98226	8.41208	8.25193	7.4351	8.57637	0	0	4.48249	0	13.05119	0	0	0	0	9.24231	0	11.27574	0	7.42489	0	9.36218	0	0	11.52399	0	11.17845	0	0	0	0	10.58348	0	11.21149	0	2.22058	0	0	0	0	0	0	0	0	0	0	9.10679	0	0	0	0	0	0	0	0	0	
0	0	0	0	0	0	0	0	0	0	0	0	0	0	0	0	0	0	0	0	0	0	0	0	0	0	10.70221	0	0	0	0	5.78924	0	0	7.05298	0	0	0	0	0	10.60591	0	0	0	0	0	0	0	12.03761	12.46159	6.10275	10.0625	9.186	0	11.07453	0	8.82176	0	7.0418	0	7.5334	9.68019	0	0	0	10.77635	0	0	0	0	0	0	0	8.04087	0	0	0	0	0	0	0	0	0	0	0	0	0	0	0	0	0	0	0	0	0	0	2.55606	0	0	0	
0	0	0	0	0	0	0	0	0	0	0	0	0	0	0	0	0	0	0	10.24837	0	0	0	0	0	0	0	0	0	0	0	0	0	0	0	0	0	0	0	0	0	0	0	14.09052	0	0	13.72693	13.87113	11.75393	0	8.08368	8.79817	12.30271	0	0	0	14.64149	0	0	8.36295	6.05802	0	0	11.6383	0	7.16148	0	7.91523	0	0	0	0	0	0	0	0	0	0	0	0	0	0	0	0	0	0	0	0	0	0	9.43663	0	0	0	0	0	0	0	0	0	
0	0	0	0	0	0	0	0	0	0	0	0	9.15391	0	0	0	0	0	0	9.22917	0	0	0	0	0	0	0	0	0	0	0	0	0	8.68999	0	0	0	0	0	0	0	10.9568	13.05967	0	9.29956	0	0	5.43836	9.02973	0	4.35925	9.71848	7.37702	5.62702	10.31704	13.27983	5.99283	5.19315	9.74792	0	0	0	0	0	3.34368	0	0	0	0	0	0	0	0	0	0	0	0	0	10.3537	1.15075	0	0	0	0	0	0	0	0	0	0	0	0	0	0	0	0	0	0	0	0	
0	0	0	0	0	0	0	0	0	0	0	0	0	0	0	0	0	0	0	0	0	0	0	13.90159	0	0	0	0	0	0	0	0	0	0	0	0	0	0	11.29514	0	0	0	8.06966	8.74382	9.18297	0	9.5124	6.69979	0	7.60817	9.45791	7.69385	0	0	0	0	0	4.91474	15.34377	9.35682	11.08955	0	0	0	8.74588	0	0	0	0	0	0	0	0	0	0	0	0	0	0	0	0	0	0	0	0	0	0	0	0	0	0	0	0	0	0	0	0	0	0	0	
0	0	8.3002	0	0	0	0	0	0	0	0	0	0	0	0	0	0	0	0	0	0	0	0	0	0	0	0	0	0	0	0	0	0	0	0	0	0	0	0	0	10.12615	0	0	0	0	9.00767	0	7.15428	9.40436	12.05039	0	6.78415	9.16775	10.28979	5.75705	9.4962	0	0	4.92059	15.03505	10.07142	0	8.812	10.02243	0	0	0	0	0	0	0	7.63142	0	0	0	0	1.50101	0	0	0	0	0	0	0	0	0	0	0	0	0	0	0	0	0	0	0	0	0	0	0	
0	0	0	0	0	0	0	0	0	0	0	10.85734	0	0	0	0	0	0	0	0	0	0	0	0	0	0	0	0	0	0	0	0	7.52386	0	0	0	0	9.78721	12.4848	4.07581	6.65908	6.92843	0	0	11.97483	8.06865	11.23524	6.92477	11.47905	0	11.1124	0	4.63222	4.63108	0	11.12431	5.63588	10.42937	0	0	0	0	0	0	0	0	0	9.65748	0	0	0	0	6.14067	0	0	8.33877	0	0	10.09264	0	0	0	0	0	0	0	0	0	0	0	0	0	0	0	0	8.35976	0	0	0	0	
0	0	0	0	0	0	0	0	0	0	0	0	0	0	0	0	0	0	0	0	0	0	0	0	0	0	0	0	0	0	0	0	0	0	4.17661	8.25815	0	0	0	7.91887	0	12.92071	0	10.90437	14.4644	9.57263	7.26954	9.54826	5.68468	10.14883	12.06381	10.48233	0.68715	9.6445	0	0	9.94509	0	0	8.88756	9.88304	0	3.72275	0	0	0	0	0	0	0	0	0	0	0	0	0	0	0	6.22546	0	0	0	0	0	0	0	0	9.85004	0	0	0	0	0	0	0	0	0	0	0	0	
0	0	0	0	0	0	0	0	11.27999	0	10.27774	0	0	0	0	0	0	0	0	0	0	0	0	0	0	0	11.48091	0	0	0	0	0	0	0	0.68715	3.72275	0	13.33146	10.97964	0	7.88216	6.84667	0	5.67329	2.39805	12.34894	5.96443	7.32826	10.00932	9.13439	0	10.3986	0	0	0	0	9.7871	3.15893	0	0	0	0	3.65448	0	0	0	11.63689	0	0	0	0	0	0	0	0	0	0	0	0	0	0	0	0	0	0	0	0	0	0	0	0	0	0	1.15075	0	0	0	0	0	0	
0	0	0	0	0	0	0	0	0	0	0	12.89274	0	0	13.68202	0	0	0	0	0	0	0	0	0	0	0	0	0	0	0	0	10.43797	0	0	8.47859	0	13.24525	0	0	9.731	5.16097	0	10.07604	9.92667	10.07883	7.63805	10.84956	9.56081	4.58533	9.60763	6.87424	10.38445	11.17181	9.34639	0	3.58283	9.45424	0	0	13.97945	11.97667	5.56087	0	10.06085	0	0	0	0	0	0	0	0	0	3.15893	0	6.76865	0	0	0	0	0	0	0	7.38331	0	0	0	0	0	0	0	0	0	0	0	0	0	0	0	0	
0	0	0	0	0	0	0	0	0	0	0	0	11.32598	0	0	0	0	0	0	0	0	0	0	0	0	0	0	0	0	9.55706	0	0	8.11893	0	4.44257	0	13.68771	0	12.59987	10.22135	10.25597	11.56233	8.26765	8.96723	8.67158	5.05541	9.38518	9.97936	5.50904	8.90474	8.0341	12.02309	10.67015	6.85237	7.93452	9.62238	12.68285	0	0	11.34674	6.31663	0	0	0	0	0	0	0	0	0	0	0	0	9.38317	0	0	0	0	0	0	9.90156	0	0	0	0	0	0	0	0	0	0	0	0	0	0	0	0	0	0	0	
0	0	0	0	0	0	0	14.15348	0	0	0	9.61321	0	0	0	0	0	0	0	0	0	0	0	0	0	0	0	8.65053	0	0	7.79355	0	11.33214	0	0	0	6.86188	13.75585	9.37583	10.74418	10.37139	5.67476	0	10.87255	10.85353	8.64029	9.48749	9.42279	10.64446	9.8236	6.00232	9.09751	9.98031	9.48764	8.12813	8.85574	12.52583	6.22133	6.80878	8.92315	8.13932	13.57299	8.95897	0	9.66509	0	0	0	0	0	0	0	0	9.35816	0	0	0	0	0	0	0	0	0	0	0	0	0	0	0	0	0	0	0	0	0	0	0	0	0	0	
13.14455	0	0	0	0	0	0	0	4.97757	0	0	0	10.47369	0	0	0	0	0	0	0	0	0	0	0	13.09682	0	0	7.37273	0	0	0	0	12.42923	0	10.76624	8.13154	0	6.1155	10.52456	7.27928	9.92981	8.8059	5.87836	9.60113	11.16863	10.28217	8.30819	10.25608	6.94679	7.08521	9.38784	7.89561	6.62964	7.53491	11.01497	9.87583	10.05176	7.71936	0	11.41304	0	2.82808	0	8.82197	0	9.39	0	0	0	0	3.42789	0	0	0	0	0	0	0	0	0	0	0	5.09796	0	0	10.14513	0	0	0	0	0	0	0	0	0	0	0	0	0	0	
0	0	0	10.68627	0	0	0	0	0	0	0	0	0	0	0	0	0	0	8.20795	0	0	11.13762	0	7.20389	11.08139	8.81591	0	0	11.72874	8.2946	11.31432	0	15.03576	0	0	1.15075	0	10.52406	10.45496	9.59695	8.777	6.69618	9.30622	9.28299	9.0159	9.75998	8.91716	9.064	9.9978	6.01036	10.2145	9.90754	10.28534	8.12293	6.17212	8.73414	0	6.61511	6.38786	8.40225	0	5.16097	9.9522	0	0	0	0	0	0	9.00424	0	0	4.48249	0	2.94699	11.31807	12.20784	5.94023	0	3.15893	0	0	0	0	0	0	0	0	0	0	0	0	0	0	0	0	0	0	0	0	
8.9783	0	0	0	12.67084	8.43845	0	0	0	0	0	0	0	0	0	0	0	12.70433	0	0	0	0	0	0	9.75951	0	7.94492	9.00245	0	12.72969	10.5133	0	0	0	10.83342	9.66183	6.72507	10.46985	10.79083	8.59044	7.515	8.9132	8.70519	9.68239	9.14546	8.94266	9.27441	9.02911	8.87627	11.17142	6.48203	10.31395	11.42726	8.27182	10.62857	9.74495	9.62207	3.82818	6.27066	7.79443	7.38858	0	6.87657	11.13136	11.34978	10.19606	9.51585	0	0	0	0	0	0	0	8.6329	0	0	0	0	0	0	0	0	0	0	0	0	0	0	0	0	0	0	0	0	0.68715	0	0	0	0	
0	0	0	0	0	0	0	0	5.72413	0	10.36509	0	0	0	0	0	7.26812	14.47282	9.27109	6.92843	12.45643	8.20287	0	0	0	13.70343	0	11.4279	5.63026	10.9109	0	9.5465	12.92275	8.18489	9.34366	10.7548	8.61338	6.75349	9.48347	7.95798	9.42228	7.91765	6.15291	8.6648	9.76374	8.13544	8.06831	9.13958	8.52149	7.03976	6.83462	11.03926	8.42596	8.37762	7.0515	7.2689	7.36751	9.17538	0	9.76356	6.40992	8.82758	8.64581	0	10.26024	11.30665	3.58283	0	0	0	0	7.72031	0	0	9.19953	0	0	0	9.50349	0	0	0	0	0	0	7.41976	0	0	0	0	0	0	0	0	0	5.89657	0	0	0	0	
0	10.21765	0	0	4.89122	9.5512	0	0	0	0	0	0	0	0	4.86126	10.34154	0	10.56426	12.06212	0	6.29437	0	5.95449	0	0	0	0	0	10.05689	8.90123	8.81253	0	10.90127	5.57499	10.73769	8.52945	10.24475	10.48451	8.79208	8.65607	8.80513	8.05589	8.21214	8.91321	8.60924	7.99989	9.18857	9.31045	8.42614	8.10896	7.31975	8.74934	8.5376	6.71261	9.44763	9.24163	8.36571	8.08863	9.1922	8.6205	0	8.80217	0	12.67918	10.2637	2.69849	6.31354	9.26251	0	0	0	0	0	0	0	3.25426	0	0	0	0	9.089	0	0	0	0	0	0	0	0	0	0	0	0	0	0	0	0	0	0	0	
0	11.11041	10.14255	0	10.05813	0	0	0	0	0	10.13239	0	0	0	9.92801	9.60419	0	8.64394	0	0	8.55313	7.41976	9.30015	12.07526	9.69088	10.50432	0	6.65161	6.56924	7.1377	10.6852	10.33679	11.26902	10.37681	10.32232	6.00691	8.09218	9.59529	7.82939	8.06058	7.43348	8.27833	7.74859	8.08675	7.08316	7.60341	8.86268	7.96005	9.70624	8.82072	7.45398	9.41065	8.41636	8.13754	7.47952	6.94051	8.54181	6.67729	8.05172	9.93252	0	8.35081	9.84901	10.30409	2.35065	4.40151	0.68715	0	0	0	0	5.8945	0	1.15075	9.69513	0	7.85946	0	0.68715	0	0	0	0	4.96355	0	2.01133	0	0	0	0	0	0	0	0	0	0	0	0	0	0	
0	0	0	0	0	0	0	0	10.26206	0	9.17842	11.38707	0	0	0	0	0	0	9.92529	0	6.65908	0	0	0	0	10.95724	10.72845	0	8.812	8.72938	7.85739	7.49488	9.65311	11.25446	10.53438	8.93075	8.94563	9.16605	8.75581	9.90629	7.15141	8.36374	9.5175	7.88663	7.23689	8.46536	6.66713	8.25975	8.36993	9.21873	8.89524	7.74501	7.12923	7.4573	7.51327	9.6257	8.15907	9.40948	12.93303	9.6532	9.7042	6.39368	8.70546	6.56898	0	10.68895	0	9.97387	0	0	0	0	0	0	0	0	0	0	0	0	0	7.40944	0	0	0	0	0	8.07782	9.65092	6.31663	0	0	0	0	0	0	0	0	0	0	
0	0	0	0	0	0	0	0	11.65149	8.5295	9.40799	5.56589	0	12.84484	0	0	0	8.15952	11.16471	7.47544	0	0	1.15075	10.26141	10.07398	11.9287	7.97592	9.49814	6.07616	10.10689	0	8.731	5.82698	6.30291	6.15747	9.63796	9.28693	6.30107	9.15288	6.2062	7.95067	9.12186	8.06043	9.22904	7.48897	8.7974	8.20258	7.86896	7.20056	9.38342	8.65016	7.963	7.3155	6.99443	8.24986	8.4691	6.60219	10.57441	8.82564	8.12264	6.39946	9.35509	10.68893	7.94768	2.39805	11.11019	10.55317	0	0	0	0	0	0	7.24509	10.59589	0	0	0	13.5549	0	0	0	0	0	0	0	0	0	7.55696	0	3.50744	0	0	0	0	0	0	0	0	0	
0	0	10.68894	7.65806	0	3.34368	0	2.69849	7.13041	0	0	0	0	0	0	0	0	7.33828	0	0	0	0	0	11.05605	0	9.91074	0	10.37655	10.28411	8.16242	0	9.9293	0	10.69903	5.63694	9.16995	8.72425	7.29203	2.07852	10.39426	9.70226	10.07118	5.94028	9.14611	8.14363	7.20313	5.90094	8.99234	7.188	8.19985	8.48481	7.75701	8.31007	8.96968	9.57881	7.30573	8.47786	9.20692	9.23368	7.86514	10.70257	8.29161	3.58523	10.55668	6.78106	0	0	8.1782	5.99646	4.31571	4.16073	0	8.83531	0	2.28932	0	5.93344	0	0	0	0	0	5.01249	0	0	0	0	0	0	0	0	0	0	0	0	0	0	0	0	0	
0	0	0	0	0	0	0	0	0.68715	0	9.95752	9.19353	9.8009	0	15.61774	0	0	8.14715	0	5.65594	0	0	0	0	0	0	7.49975	6.90659	4.56133	0	8.11893	8.49273	6.96769	8.39328	5.14682	8.21168	8.87185	8.16969	7.94078	7.77186	9.3561	7.25666	6.53235	7.93799	8.5804	8.30972	6.39136	7.34531	7.67542	5.97938	8.0192	9.36395	8.82682	7.42686	7.54555	6.86163	7.2215	8.84933	9.08107	8.4194	7.35477	7.37803	9.65291	6.11262	0.68715	6.50587	9.76154	3.90328	0	0	9.14305	0	6.37959	3.76913	0	14.15425	0	0	0	0	0	0	0	0	0	0	0	0	6.77454	0	0	0	0	0	0	0	0	0	0	0	
0	0	0	0	0	0	0	0	0	9.77366	0	0	4.97757	0	0	0	0	0	0	0	0	0	0	10.1108	0	0	7.57292	0	0	4.30166	8.03139	0	0	6.86611	7.57554	7.39904	6.98512	0	1.15075	8.00019	6.20394	10.94345	5.05739	7.21503	9.77717	11.01574	8.16104	7.22822	9.48376	6.49026	7.21332	9.56621	7.04331	6.50515	9.36019	8.60563	8.11602	7.08586	5.09617	7.14148	7.95738	8.96061	4.4917	11.63565	8.5796	6.661	8.23157	11.21668	7.54593	0	0	10.84448	0	5.36697	0	2.55606	11.14658	0	0	0	0	0	0	0	10.22135	0	0	5.99646	0	0	0	11.43268	0	0	0	0	12.74823	0	0	0	
0	0	0	0	0	0	0	0	0	0	0	9.97599	0	0	0	0	0	5.99645	12.37326	0	0	0	0	0.68715	0	0	0	9.09235	0	0	0	0	7.14961	7.20568	6.67226	0	5.12877	9.58825	0.57538	6.45511	6.96537	8.75854	7.86288	4.32307	0	8.99246	6.99498	5.30584	7.63765	6.7638	8.83239	11.87263	8.08926	5.30969	7.45317	7.32619	7.15965	6.87057	7.81368	10.11939	8.1721	4.6272	0	7.18863	9.75748	0	6.12736	9.35144	13.11002	8.24828	0	0	2.01814	4.86126	0	11.58829	0	10.16342	0	0	0	6.94058	0	0	0	0	0	0	0	0	0	0	0	0	0	0	0	0	0	0	
0	0	0	0	4.91175	0	0	0	0	0	10.0886	0	0.68715	0	0	9.99596	0	0	8.5947	0	7.01288	9.04147	0	0	0	8.13781	7.4553	0	0	6.67435	0	9.13785	12.75296	0	0	7.71193	10.1938	7.54287	10.55727	9.68737	4.12803	8.89939	6.94106	8.70849	3.8787	6.5358	13.25861	4.3843	7.86981	8.6781	9.16855	6.92554	8.60702	7.91738	6.25057	8.05905	6.86283	9.34082	4.5531	7.94585	6.09491	8.94202	5.28844	5.20282	8.59536	0	8.46529	11.37542	0	0	8.16955	9.5512	7.47415	9.86647	10.09961	0	7.09607	0	0	0	6.0769	0	0	0.68715	0	3.91005	0	0	0	3.72275	0	0	0	0	0	0	0	0	0	0	
0	0	0	0	0	0	0	0	0	0	0	6.86188	3.57032	0	0	9.59852	0	0	0	5.91127	4.22448	0	0	0	0	0	0	0	0	6.59858	3.15893	5.14296	0	0	0	10.07561	0	0	0	6.75184	3.81175	6.2085	5.40231	5.63299	9.65543	3.27694	6.36075	8.28314	6.8814	7.88367	0	0	8.1095	9.50473	2.01814	7.66682	7.98333	7.61006	7.22945	7.43052	9.41254	9.12092	9.3758	9.07301	4.63476	5.17211	6.59679	9.67417	1.78262	9.49087	0	7.16023	7.46435	10.08049	10.66257	0	2.94699	0	8.95543	0	0	0	0	0	0	0	0	0	0	0	0	0	0	0	0	0	0	0	0	0	
0	0	0	10.01989	0	0	0	0	0	0	0	0	0	0	0	0	0	0	0	0	0	0	7.87079	0	0	0	7.11028	7.25661	10.99611	8.18394	0	0	1.50101	0	0	11.98199	0	3.91005	8.67011	0.34358	7.2154	0	0.68715	0	4.38976	11.64409	8.51492	7.69928	7.97227	8.23095	7.85876	7.75225	8.26681	9.37823	8.30744	8.0222	7.66412	6.97398	8.33784	6.34338	8.13705	8.7096	7.86838	9.12068	9.25042	8.37169	6.79333	7.85567	11.25723	7.83357	4.9372	9.21511	5.87184	1.63041	7.68862	0	12.75754	0	7.92474	9.33654	2.33314	7.58474	11.43555	0	0	0	0	0	0	0	0	0	0	0	0	0	0	3.65448	0	13.05285	
0	0	6.42036	0	0	0	0	0	0	0	0	0	0	0	0	0	0	0	0	0	8.5578	0	0	0	0	9.94239	0	9.75738	0	10.37374	0	10.88786	9.85289	0	11.51439	0	0	7.72097	6.63527	0	7.12411	0	0	7.69837	12.22853	8.93579	1.27803	7.64652	5.69043	9.65223	8.49771	8.79624	7.30654	6.65337	6.12111	8.25307	0	6.55323	8.01551	9.10205	4.46051	5.48082	7.15059	4.65755	4.79485	9.80619	6.00976	0	9.37075	4.21471	6.4749	7.98174	7.59951	8.6701	0.68715	0	6.24499	0	2.92248	5.82073	0	6.70925	0	0	0	0	0	0	9.06449	0	0	0	0	0	0	0	3.96745	0	0	0	
0	0	0	0	3.85028	0	0	0	0	0	0	0	7.74103	0	0	0	0	0	0	0	7.00581	3.58283	0	0	0	0	0	7.6689	0	0	0	0	8.61729	0	0	0	8.20795	0	2.39805	8.3869	0	0	3.39495	0	11.55825	0	5.32366	8.00019	4.73473	6.55378	9.59511	6.19212	9.34333	4.70468	8.61996	3.32082	0	7.20807	4.81809	2.62316	7.74947	6.13077	9.0074	8.1874	6.05655	8.93764	7.93608	4.01945	7.39705	6.65807	7.95412	0	0	8.98721	0	8.62161	7.07944	6.82703	0	0	0	0	0	0	10.15186	2.39805	0	0	0	0	0	0	0	0	0	0	8.87897	0	0	0	
0	0	0	0	0	0	0	0	8.28617	0	0	0	5.67329	0	0	0	7.99675	4.02265	2.22058	0	0	0	0	0	8.26994	0	0	0	0	0	0	0	0	0	8.28334	8.26629	0	7.54758	0	0	0	0	8.69581	11.15007	0	10.32189	10.46687	9.14149	0	5.37959	0	10.11345	9.83662	7.57952	0	5.54719	0	6.77707	0	6.83887	8.25444	2.82808	5.84099	7.99675	7.59416	6.59579	7.47617	7.39219	8.16872	6.94306	7.96976	4.67908	7.49349	6.55059	8.06324	5.79246	10.00968	8.18394	0	0	9.74008	11.65341	11.05757	0	5.84418	2.22058	9.16775	5.34548	8.53663	0	4.54378	0	0	9.64296	0	0	0	0	0	0	
0	0	0	0	0	0	0	0	0	0	0	0	0	0	0	0	0	0	0	0	6.45899	0	0	0	0	0	0	0	0	7.91523	0	0	0	0	6.30554	0	0	0	0	0	9.34604	0	9.06138	9.85385	4.2429	0	0	0	5.98261	6.10197	8.67011	0	0	7.18029	3.86847	6.83033	0	0	6.33564	8.40061	11.34065	5.85982	4.272	5.13819	6.82725	7.67034	5.22358	6.74461	6.89647	6.08924	8.41689	7.83745	4.0404	6.82659	8.77181	0	4.25335	0	7.12798	0	0	0	8.19599	0	0	0	8.69022	0	0	0	0	0	0	0	0	0	0	0	0	0	
0	0	0	0	8.88456	0	0	0	0	0	0	9.79462	0	8.19299	0	0	0	0	0	0	0	0	0	0	0	0	0	0	0	0	0	0	0	0	0	0	0	0	0	8.36536	0	0	6.36014	0	4.96691	0	2.81406	0	0	0	6.90659	0	0	0	8.51994	0	0	0.68715	0	9.30627	7.59952	5.74052	6.83597	7.95665	6.70487	0	1.46669	5.48873	8.66251	7.55203	8.70793	9.17449	8.44877	5.80027	0	0	8.51115	5.58436	7.68665	6.65908	7.03966	9.13054	4.44257	0	3.50744	0	8.22864	12.42863	0	7.19915	0	0	0	0	7.36207	0	0	0	0	0	
0	0	0	0	0	0	0	0	0	0	0	0	0	0	0	0	0	8.41447	0	0	0	8.42837	9.74111	0	0	0	8.74792	0	0	0	0	0	0	8.20356	6.77742	0	0	0	0	0	0	0	0	0	0	0	0	0	0.68715	0	0.68715	0	0	0	0	9.17261	11.86256	10.82672	7.665	2.82808	0	8.02392	6.14209	0	7.87204	8.82002	6.84761	8.03181	4.94085	5.09314	8.96861	6.28875	7.85548	7.38795	7.88824	7.83904	5.0687	0	11.13645	9.418	0	0	8.06142	0	9.96986	10.03023	2.39805	9.06959	0	9.76507	0	0	0	0	0	0	7.96634	0	0	0	
0	0	0	0	0	0	0	0	6.97971	0	0	0	0	0	0	0	0	0	0	0	0	0	0	0	0	0	0	0.68715	0	19.33746	0	0	0	0	0	0	0	0	0	9.97827	0	0	0	0	0	6.23717	0	6.4635	9.05311	0	0	9.72352	0	0	0	0	0	0	8.09886	0	7.45665	0	8.91332	9.00643	13.01426	5.54599	6.15198	0	0	6.9687	8.61273	1.78262	9.40317	6.73303	8.61746	9.77537	1.85341	0	0	6.78515	7.37658	9.20813	10.07316	9.52603	8.00431	0	0	0	0	0	7.8054	0	9.16811	0	0	0	0	0	0	0	
0	0	0	0	0	0	0	0	0	0	0	0	0	9.71097	0	0	0	0	0	4.79938	0	0	0	0	0	4.25883	0	0	0	0	0	0	0	0	7.93334	0	0	6.53567	0	0	9.66725	0	2.22058	11.70968	0	0	0	0	0	0	7.71918	7.48999	0	0	4.1271	0	0	0	0	5.90647	5.77524	0	6.55801	9.68019	6.34938	4.52094	9.47123	4.1271	0	5.47094	6.82851	0	7.53521	7.55551	9.86238	7.60844	5.29512	5.91956	8.04205	4.92288	0	7.46827	10.13161	5.93069	4.5565	0	0	5.62059	6.90726	0	10.97877	0	0	6.68498	0	0	0	0	5.95792	0	
0	0	0	0	0	0	0	4.27081	0	0	0	0	0	0	0	0	0	0	0	0	0	0	5.36697	0	0	0	0	0	10.50432	0	0	0	0	0	10.82436	0	0	0.68715	0	0	0	1.92304	0	0	0	0	5.51299	0	0	0	0	0	9.82114	0	0	0	2.91811	7.60748	0	5.37082	8.94425	0	0	7.99562	0	3.15893	0	8.9637	7.25055	10.27063	8.417	6.25209	9.11157	5.20089	8.09338	6.17792	9.51773	0	6.75877	5.95631	7.00109	8.2081	7.5133	0	6.48177	0	5.0324	6.7181	0	0	12.47695	7.76922	0	0	0	0	9.25533	0	0	0	
0	0	0	0	0	0	0	0	0	0	0	0	0	0	0	0	0	0	0	0	0	0	0	0	0	0	0	0	0	0	0	0	0	0	0	0	0	5.814	0	0	0	0	0	0	0	0	0	0	0	8.91041	0	4.99365	0	4.43453	0	0	6.66777	8.97323	0	0	3.42789	0	9.03309	10.96958	8.42581	5.82277	0	0	9.35764	7.21335	0	4.59603	6.45493	9.66372	7.90201	5.74849	0	4.91342	5.47517	7.34514	4.12229	10.65985	6.64156	0.68715	0	0	6.69689	0	0	0	0	0	6.77961	9.42892	8.30299	0	0	0	0	0	
0	0	0	0	0	0	0	8.95543	0	0	0	0	0	0	0	0	0	0	0	0	0	0	0	0	0	0	0	0	0	0	0	0	0	0	0	0	0	5.58819	0	7.43	0	0	0	0	0	0	0	0	0	0	5.47489	0	0	11.46947	8.07368	0	0	7.62994	9.37284	11.60167	0	4.48249	0	7.88068	9.52135	8.51994	0	0	8.4575	5.41435	9.0892	4.88191	4.81505	8.29513	7.00581	8.73177	6.58717	0	9.52941	7.20266	8.77896	8.624	4.72662	7.1513	5.76278	0	0	2.52272	0	0	6.60585	0	0	0	0	2.34626	0	0	0	0	
0	0	0	0	0	0	0	0	0	0	0	0	0	0	0	0	0	0	0	0	0	0	0	0	0	10.50976	0	0	0	0	0	0	0	0	0	0	0	8.0308	0	0	0	0	0	0	10.04511	0	0	0	7.39382	0	0	0	0	0	0	5.25617	0	0	0	0	0	0	8.5246	0	0	9.47719	5.80951	8.18088	1.50101	6.64051	2.78295	0	5.53948	0	9.49498	7.04495	7.71613	8.42878	7.47084	7.28062	5.32448	0	6.78118	0	10.41752	6.89914	0	0	0	0	9.16775	0	0	0	0	0	0	3.42789	0	0	
0	0	0	0	0	0	0	0	0	0	0	0	4.27081	0	0	0	0	0	0	0	0	0	0	0	0	0	0	0	0	0	0	0	0	0	0	0	0	0	0	0	0	0	0	0	0	0	0	10.86066	0	0	2.55606	0	10.16266	0	0	0	0	0	0	5.25846	0	0	0	5.0687	4.97757	8.84874	8.49657	0	9.06959	0	0	8.75201	0	0	0	8.10971	6.9662	8.69342	8.23037	5.1342	0	8.81244	7.85895	6.40381	5.87118	4.54487	7.76466	0	10.383	0	0	0	0	8.67442	0	0	0	0	0	0	
0	0	0	0	0	0	0	0	0	0	0	0	0	0	0	0	0	0	0	0	0	0	0	0	0	0	0	0	0	0	0	0	10.38892	0	0	0	0	0	0	0	4.76742	0	0	0	0	0	0	0	0	0	0	0	0	0	0	0	6.79057	0	0	0	8.75161	0	0	3.9817	0	7.20389	0	0	7.36641	0	0	0	10.50916	0	0	3.91005	0	0	5.01496	9.05972	7.29268	5.95449	8.90123	0	3.85028	0	3.25426	0	0.68715	5.99646	7.41569	5.34708	5.13592	0	0	0	0	0	0	0	
0	0	0	0	0	0	0	3.33743	0	0	0	0	0	0	0	0	0	0	0	0	0	0	0	0	0	0	0	7.87829	0	0	0	0	0	0	0	0	0	0	0	0	0	0	0	0	0	0	0	0	0	0	0	0	0	0	0	0	0	0.68715	0	0	0	0	0	0	0	0	0	0	0	0	5.82839	6.29041	5.46481	2.22058	0	10.67339	9.98991	0	11.13458	5.38814	0	6.92595	0	6.79211	3.42789	9.10845	0	10.48533	0	1.15075	0	1.50101	0	0	0	9.15081	0	0	0	0	
0	0	0	0	0	0	0	0	0	0	0	0	0	0	0	0	0	0	0	0	10.48664	0	0	0	0	0	0	0	0	0	0.68715	0	0	0	0	0	0	0	0	0	0	0	0	0	0	0	0	0	0	0	0	0	0	0	0	0	0	0	0	13.12152	0	0	0	0	6.77614	8.27768	8.22276	9.70979	0	0	0	0	0	0	0	2.01814	6.24666	0	0	0	4.08871	0	0	0	5.58862	6.68498	7.35202	6.8708	9.59739	0	10.15881	7.97592	9.97599	5.44986	0	9.60645	0	0	0	0	
0	0	0	0	0	0	0	0	0	0	0	0	0	0	0	0	0	0	0	0	0	0	0	0	0	0	0	0	0	0	0	0	0	0	0	0	0	0	0	0	0	0	0	0	0	0	0	0	6.41274	0	0	0	0	0	0	0	0	0	0	0	0	0	0	0	0	0	0	0	0	7.96539	10.14099	8.90674	7.25729	0	10.02666	6.31663	0	9.19654	0	0	0	8.27484	8.07064	0	7.8355	0	4.27081	0	0	6.49882	0	3.22752	4.35553	0	5.48958	0	0	0	0	0	
0	0	0	0	0	0	0	0	0	0	0	0	0	0	0	7.87158	0	0	0	0	0	0	0	0	0	0	0	0	0	0	0	0	0	0	10.69691	0	0	0	0	0	0	0	0	0	0	0	0	0	0	0	0	0	0	0	0	0	0	0	0	0	0	0	0	0	0	0	0	7.30755	0	0	0	0	0	7.72863	0	0	0	0.57538	0	0	0	2.82808	0	0	2.50052	0	7.4862	3.7154	10.45438	10.00974	9.49863	0	9.41471	0	0	0	0	0	0	0	
0	0	0	0	0	0	0	0	0	0	0	0	0	0	0	0	0	0	0	0	0	0	0	0	0	0	0	0	0	0	0	0	0	0	0	0	0	0	0	0	0	0	0	0	0	0	0	0	8.19899	0.68715	0	0	0	0	0	0	0	0	0	7.27949	0	0	0	0	0	6.52417	0	0	0	0	0	6.72713	0	0	0	0	0	12.0524	0	5.76407	9.99682	0	0	7.69504	0	0	0	0	0	0	0	0	0	0	0	0	0	0	0	0	
0	0	0	0	0	0	0	0	0	0	0	0	0	0	0	0	0	0	0	0	0	0	0	0	0	0	0	0	0	0	0	0	0	0	0	0	0	0	0	0	0	0	0	0	0	0	0	0	0	0	0	0	0	0	0	3.29863	0	0	13.26756	0	0	0	0	0	7.86702	0	0	0	0	0	0	1.78262	0	1.78262	0	0	11.49317	0	0	0	5.26876	5.78359	6.97391	8.52527	0	0	0	8.60604	8.35523	0	10.07724	10.97964	9.9522	0	0	0	0	0	0	0	
0	0	0	0	0	0	0	0	0	0	0	0	0	0	0	0	0	0	0	0	0	0	0	0	0	0	0	0	0	0	0	0	0	0	0	0	0	0	0	0	0	0	0	0	0	0	0	0	0	0	0	0	0	0	0	0	0	0	0	0	0	0	0	0	0	0	0	0	0	0	0	0	0	0	0	0	0	0	0	0	0	0	0	0	0	0	0	0	0	0	0	9.54885	0	0	0	0	0	0	0	0	
0	0	0	0	0	0	0	0	0	0	0	0	0	0	0	0	0	0	0	0	0	0	0	0	0	0	0	0	0	0	0	0	0	0	0	0	0	0	0	0	0	0	0	0	0	0	0	0	0	0	0	0	0	0	0	0	0	0	0	0	0	0	0	0	0	0	0	0	0	0	9.19793	0.68715	0	0	0	0	2.94699	0	0	11.48334	0	0	0	10.00198	0	0	0	0	0	0	5.2441	8.77027	0	0	0	0	0	0	0	0	
0	0	0	0	0	0	0	0	0	0	0	0	0	0	0	0	0	0	0	0	0	0	0	0	0	0	0	0	0	0	0	0	0	0	0	0	0	0	0	0	0	0	0	0	0	0	0	0	0	0	0	0	0	0	0	0	0	0	0	2.39805	0	0	0	0	0	0	0	0	0	0	7.27949	0	0	0	0	0	0	0	0	0	0	0	0	0	0	0	5.50904	0	0	0	0	0	0	0	0	0	0	0	0	0	
0	0	0	0	0	0	0	0	0	0	0	0	0	0	0	0	0	0	0	0	0	0	0	0	0	0	0	0	0	0	0	0	0	0	0	0	0	0	0	0	0	0	0	0	0	0	0	0	0	0	0	0	0	0	0	0	0	0	0	0	0	0	0	0	0	0	0	0	0	10.58905	1.15075	0	0	0	0	0	0	0	7.34051	0	0	0	0	0	0	0	0	0	9.47903	4.1271	0	0	0	0	0	0	0	0	0	0	
0	0	0	0	0	0	0	0	0	0	0	0	0	0	0	0	0	0	0	0	0	0	0	0	0	0	0	0	0	0	0	0	0	0	0	0	0	0	0	0	0	0	0	0	0	0	0	0	0	0	0	0	0	0	0	0	0	0	0	0	0	0	0	0	0	0	0	0	0	0	0	0	0	0	0	0	0	0	0	0	0	0	0	0	0	0	2.22058	0	0	0	0	0	0	0	0	0	0	0	0	0	
0	0	0	0	0	0	0	0	0	0	0	0	0	0	0	0	0	0	0	0	0	0	0	0	0	0	0	0	0	0	0	0	0	0	0	0	0	0	0	0	0	0	0	0	0	0	0	0	0	0	0	0	0	0	0	0	0	0	8.76623	0	0	0	0	0	0	0	0	0	0	0	0	0	0	0	0	6.8543	0	0	0	0	0	0	0	0	0	0	0	0	0	0	0	0	0	0	0	0	0	0	0	0	
0	0	0	0	0	0	0	0	0	0	0	0	0	0	0	0	0	0	0	0	0	0	0	0	0	0	0	0	0	0	0	0	8.79822	0	0	0	0	0	0	0	0	0	0	0	0	0	0	0	0	0	0	0	0	0	0	0	0	0	0	0	0	0	1.50101	0	0	0	0	0	0	0	0	0	0	0	0	4.40151	0	0	0	0	0	0	0	0	0	0	0	0	0	0	0	0	0	0	0	0	0	0	0	0	
0	0	0	0	0	0	0	0	0	0	0	0	0	0	0	0	0	0	0	0	0	0	0	0	0	0	0	0	0	0	0	0	0	0	0	0	0	0	0	0	0	0	0	0	0	0	0	0	0	0	0	0	0	0	0	0	0	0	0	0	0	0	0	0	0	0	0	0	0	0	0	0	0	0	0	0	0	0	0	0	0	0	0	0	0	0	0	0	0	0	0	0	0	0	0	0	0	0	0	0	
0	0	0	0	0	0	0	0	0	0	0	0	0	0	0	0	0	0	0	0	0	0	0	0	0	0	0	0	0	0	0	0	0	0	0	0	0	0	0	0	0	0	0	0	0	0	0	0	0	0	0	0	0	0	0	0	0	0	0	0	0	0	0	0	0	0	0	0	0	0	0	0	0	0	0	0	0	0	0	0	0	0	0	0	0	0	0	0	0	0	0	0	0	0	0	0	0	0	0	0	
0	0	0	0	0	0	0	0	0	0	0	0	0	0	0	0	0	0	0	0	0	0	0	0	0	0	0	0	0	0	0	0	0	0	0	0	0	0	0	0	0	0	0	0	0	0	0	0	0	0	0	0	0	0	0	0	0	0	0	0	0	0	0	0	0	0	0	0	0	0	0	0	0	0	0	0	0	0	0	0	0	0	0	0	0	0	0	0	0	0	0	0	0	0	0	0	0	0	0	0	
0	0	0	0	0	0	0	0	0	0	0	0	0	0	0	0	0	0	0	0	0	0	0	0	0	0	0	0	0	0	0	0	0	0	0	0	0	0	0	0	0	0	0	0	0	0	0	0	0	0	0	0	0	0	0	0	0	0	0	0	0	0	0	0	0	0	0	0	0	0	0	0	0	0	0	0	0	0	0	0	0	0	0	0	0	0	0	0	0	0	0	0	0	0	0	0	0	0	0	0	
0	0	0	0	0	0	0	0	0	0	0	0	0	0	0	0	0	0	0	0	0	0	0	0	0	0	0	0	0	0	0	0	0	0	0	0	0	0	0	0	0	0	0	0	0	0	0	0	0	0	0	0	0	0	0	0	0	0	0	0	0	0	0	0	0	0	0	0	0	0	0	0	0	0	0	0	0	0	0	0	0	2.01814	0	0	0	0	0	0	0	0	0	0	0	0	0	0	0	0	0	0	
0	0	0	0	0	0	0	0	0	0	0	0	0	0	0	0	0	0	0	0	0	0	0	0	0	0	0	0	0	0	0	0	0	0	0	0	0	0	0	0	0	0	0	0	0	0	0	11.55825	0	0	0	0	0	0	0	0	0	0	0	0	0	0	0	0	0	0	0	0	0	0	0	0	0	0	9.09299	0	0	0	0	0	0	0	0	0	0	0	0	0	0	0	0	0	0	0	0	0	0	0	0	0	
