0	0	0	0	0	0	0	0	0	0	0	0	0	0	0	0	0	0	0	0	0	0	0	0	0	0	0	0	0	0	0	0	0	0	0	0	0	0	0	0	0	0	0	0	0	0	0	0	0	0	0	7.91051	0	0	0	0	0	0	0	0	0	0	0	0	0	0	0	0	0	0	0	0	0	0	0	0	0	0	0	0	0	0	0	0	0	0	0	0	0	0	0	0	0	0	0	0	0	0	0	0	
0	0	0	0	0	0	0	0	0	0	0	0	0	0	0	0	0	0	0	0	0	0	0	0	0	0	0	0	0	0	0	0	0	0	0	0	0	0	0	0	0	0	0	0	0	0	0	14.98587	0	0	0	0	0	0	0	0	0	0	0	0	0	0	0	14.5565	0	0	0	0	0	0	0	0	0	0	0	0	0	0	0	0	0	0	0	0	0	0	0	0	0	0	0	0	0	0	0	0	0	0	0	0	
0	0	0	0	0	0	0	0	0	0	0	0	0	0	0	0	0	0	0	0	0	0	0	0	0	0	0	0	0	0	0	0	0	0	0	0	0	0	0	0	0	0	0	0	0	0	0	0	0	0	0	0	0	0	10.24618	0	0	0	0	0	0	0	0	0	0	0	0	0	0	0	0	0	0	0	0	0	0	0	0	0	0	0	0	0	0	0	0	0	0	0	0	0	0	0	0	0	0	0	0	0	
0	0	0	0	0	0	0	0	0	0	0	0	0	0	0	0	0	0	0	0	0	0	0	0	0	0	0	0	0	0	0	0	0	0	0	0	0	0	0	0	0	0	0	0	0	0	13.43533	6.43867	0	0	0	0	0	0	0	0	0	0	0	0	0	0	0	0	0	0	0	0	0	0	0	0	0	0	0	0	0	0	0	0	0	0	0	0	0	0	0	0	0	0	0	0	0	0	0	0	0	0	0	0	
0	0	0	0	0	0	0	0	0	0	0	0	0	0	0	0	0	0	0	0	0	0	0	0	0	0	0	0	0	0	0	0	0	0	0	0	0	3.27654	0	0	0	0	0	12.5489	0	0	0	0	0	0	0	0	0	0	0	0	0	0	0	0	0	0	0	0	0	0	0	0	0	0	0	0	0	0	0	0	0	0	0	0	0	0	0	0	0	0	0	0	0	0	0	0	0	0	0	0	0	0	0	0	
0	0	0	0	0	0	0	0	0	0	0	0	0	0	0	0	0	0	0	0	0	0	0	0	0	0	0	0	0	0	0	0	0	0	0	0	0	0	0	0	0	0	0	0	0	0	0	0	0	0	0	0	0	0	0	0	0	0	0	0	0	0	0	0	0	0	0	0	0	0	0	0	7.70698	0	0	0	0	0	0	0	0	0	0	0	0	0	0	0	0	0	0	0	0	0	0	0	0	0	0	0	
0	0	0	0	0	0	0	0	0	0	0	0	0	0	0	0	0	0	0	0	0	0	0	0	0	0	0	0	0	0	0	0	0	0	0	0	0	0	0	0	0	0	0	0	0	0	0	0	0	0	0	0	0	0	0	0	0	0	0	0	0	0	0	0	0	0	0	0	0	0	0	0	0	0	9.79143	0	0	0	0	0	0	0	0	0	0	0	0	0	0	0	0	0	0	0	0	0	0	0	0	0	
0	0	0	0	0	0	0	0	0	0	0	0	0	0	0	0	0	0	0	0	0	0	0	0	0	0	0	0	0	0	0	0	0	0	0	0	0	0	0	0	0	0	0	0	0	0	0	0	0	0	0	8.39236	0	0	0	14.39176	0	0	6.06172	0	0	0	0	0	0	0	0	0	0	0	0	0	0	0	0	0	0	0	0	0	0	0	0	0	0	0	0	0	0	0	0	0	0	0	0	0	0	0	0	0	
0	0	0	0	0	0	0	0	0	0	0	0	0	0	0	0	0	0	0	0	0	0	0	0	0	0	0	0	8.29107	0	0	0	0	0	0	0	0	0	0	0	0	0	0	0	0	0	0	0	0	0	0	0	0	0	0	0	0	0	0	0	0	0	0	0	0	0	0	7.01657	0	0	0	0	0	0	0	0	0	0	0	0	0	0	0	0	0	0	0	0	0	0	0	0	0	0	0	0	0	0	0	0	
0	0	0	0	0	0	0	0	0	0	0	0	0	0	0	0	0	0	0	0	0	0	0	0	0	0	0	0	0	0	0	0	0	0	0	0	0	0	0	0	0	0	0	0	0	0	0	0	0	0	0	0	0	0	0	8.9624	0	0	0	0	0	0	0	0	0	0	0	0	0	0	0	0	0	0	0	0	0	0	0	0	0	0	0	0	0	0	0	0	0	0	0	0	0	0	0	0	0	0	0	0	
0	0	0	0	0	0	0	0	0	0	0	0	0	0	0	0	0	0	0	0	0	0	0	0	0	0	0	0	0	0	0	0	0	0	0	0	0	0	0	0	0	0	0	0	0	0	0	0	0	0	0	0	0	0	0	0	0	0	0	0	0	0	0	0	0	0	0	8.87354	0	0	0	0	0	0	0	0	0	0	0	0	0	0	0	0	0	0	0	0	0	0	0	0	0	0	0	0	0	0	0	0	
0	0	0	0	0	0	0	0	0	0	0	0	0	0	0	0	0	0	0	0	0	0	0	0	0	0	0	0	0	0	0	0	0	0	0	0	0	0	0	0	0	0	0	0	0	0	0	0	0	0	0	0	2.84946	0	0	0	5.79178	0	0	0	0	0	0	0	0	0	0	0	0	0	0	4.91525	0	0	0	0	0	0	0	0	0	0	0	0	0	0	0	0	0	0	0	0	0	0	0	0	0	0	0	0	
0	0	0	0	0	0	0	0	0	0	0	0	0	0	0	0	0	0	0	0	0	0	0	0	0	0	0	0	0	0	0	0	0	0	0	0	0	0	0	0	0	0	0	0	0	0	0	0	10.97676	0	0	0	13.59886	0	0	0	0	0	0	0	0	0	0	0	0	0	0	4.15054	0	0	0	0	0	0	0	0	0	0	0	0	0	0	0	0	0	0	0	0	0	0	0	0	0	0	0	0	0	0	0	0	
0	0	0	0	0	0	0	0	0	0	0	0	0	0	0	0	0	0	0	0	0	0	0	0	0	0	0	0	0	0	11.13287	0	0	0	0	0	0	0	0	13.49013	0	0	0	0	0	0	0	9.20475	0	0	0	0	0	0	0	0	0	8.69274	4.61987	0	8.2548	0	0	10.16036	0	0	0	0	0	0	0	0	0	0	0	0	0	0	0	0	0	0	0	0	0	0	0	0	0	0	0	0	0	0	0	0	0	0	0	0	
0	0	0	0	0	0	0	0	0	0	0	0	0	0	0	0	0	0	0	0	0	0	0	0	0	0	0	0	0	0	0	0	0	0	0	0	0	0	0	0	0	0	0	0	0	0	0	0	0	0	0	0	0	0	6.01419	0	0	0	0	0	0	0	0	0	0	0	0	0	0	0	0	0	0	0	0	0	0	0	0	0	0	0	0	0	0	0	0	0	0	0	0	0	0	0	0	0	0	0	0	0	
0	0	0	0	0	0	0	0	0	0	0	0	0	0	0	0	0	0	0	0	0	0	0	0	0	0	0	0	0	0	0	0	0	0	0	0	0	0	0	0	0	0	16.32833	0	0	0	0	0	0	0	0	0	8.20568	0	0	0	0	0	0	11.44442	0	0	0	0	0	0	0	0	0	0	0	4.85464	0	0	0	0	0	0	0	0	0	0	0	0	0	0	0	0	0	0	0	0	0	0	0	0	0	0	0	0	
0	0	0	0	0	0	0	0	0	0	0	0	0	0	0	0	0	0	0	0	0	0	0	0	0	0	0	0	0	0	0	0	0	0	0	0	0	0	0	0	0	0	0	6.77289	0	0	0	10.22224	0	0	0	7.22248	0	0	0	0	0	0	4.15829	0	0	0	0	0	0	0	0	0	0	0	0	0	0	0	0	0	0	0	0	0	0	0	0	0	0	0	0	0	0	0	0	0	0	0	0	0	0	0	0	0	
0	0	0	0	0	0	0	0	0	0	0	0	0	0	0	0	0	0	0	0	0	0	0	0	0	0	0	0	0	0	0	0	0	0	0	0	0	0	0	0	0	0	9.93282	0	0	0	0	0	0	0	0	0	0	0	0	8.58726	0	0	0	0	0	0	0	0	0	0	0.69662	0	12.59594	0	0	0	0	0	0	0	0	0	0	0	0	0	0	0	0	0	0	0	0	0	0	0	0	0	0	0	0	0	0	0	
0	0	0	0	0	0	0	0	0	0	0	0	0	0	0	0	0	0	0	0	0	0	0	0	0	0	0	0	0	0	0	0	0	0	0	0	0	0	0	0	12.62813	0	0	0	0	0	0	0	0	0	0	0	0	0	0	0	0	0	0	0	0	0	0	0	0	0	0	0	0	0	0	0	0	0	0	0	0	0	0	0	0	0	0	0	0	0	0	0	0	0	0	0	0	0	0	0	0	0	0	0	
0	0	0	0	0	0	0	0	0	0	0	0	0	0	0	0	0	0	0	0	0	0	0	0	0	0	0	0	0	0	0	0	0	0	0	0	0	0	0	0	0	0	0	0	0	0	0	11.82543	0	0	7.40727	0	0	0	0	0	0	0	0	0	0	0	0	0	0	0	0	0	0	0	0	0	0	0	0	0	7.8993	0	0	0	0	0	0	0	0	0	0	0	0	0	0	0	0	0	0	0	0	0	0	0	
0	0	0	0	0	0	0	0	0	0	0	0	0	0	0	0	0	0	0	0	0	0	0	0	0	0	0	0	0	0	0	0	0	0	0	0	0	0	0	0	0	0	0	0	0	0	0	9.64476	0	0	9.3668	8.96598	0	0	0	0	5.15798	0	9.84402	0	8.60347	0	0	0	0	8.35264	0	0	0	0	0	0	0	0	0	0	0	0	0	0	0	0	0	0	0	0	0	0	0	0	0	0	0	0	0	0	0	0	0	0	
0	0	0	0	0	0	0	0	0	0	0	0	0	0	0	0	0	0	0	0	0	0	0	0	0	0	0	0	0	0	0	0	0	0	0	0	0	0	0	0	0	9.95825	0	0	0	0	0	0	0	0	0	0	0	0	0	0	0	0	0	0	0	0	0	0	0	0	0	0	0.69662	0	0	0	0	0	0	0	0	0	0	0	0	0	0	0	0	0	0	0	0	0	0	0	0	0	0	0	0	0	0	0	
0	0	0	0	0	0	0	0	0	0	0	0	0	0	0	0	0	0	0	0	0	0	0	0	0	0	0	0	0	0	0	7.9617	0	0	0	0	0	0	0	0	0	0	0	0	0	0	0	7.14879	0	0	0	0	0	0	0	0	0	0	0	0	0	0	0	4.2944	0	0	0	0.69662	0	0	0	0	0	0	0	0	0	0	0	0	0	0	0	0	0	0	0	0	0	0	0	0	0	0	0	0	0	0	0	0	
0	0	0	0	0	0	0	0	0	0	0	0	0	0	0	0	0	0	0	0	0	0	0	0	0	0	0	0	0	0	0	11.18418	0	0	0	0	0	0	0	0	0	0	0	0	0	0	0	0	0	0	0	0	0	0	0	0	0	0	0	0	0	0	0	0	0	0	0	0	0	0	0	0	0	0	0	0	0	0	0	0	0	0	0	0	0	0	0	0	0	0	0	0	0	0	0	0	0	0	0	0	
0	0	0	0	0	0	0	0	0	0	0	0	0	0	0	0	0	0	0	0	0	0	0	0	0	0	0	0	0	0	0	0	0	0	0	0	0	0	0	0	0	0	0	10.49915	0	0	0	0	0	9.26276	0	0	0	0	9.18643	0	0	0	0	0	0	0	0	0	0	0	0	0	0	0	0	0	0	0	0	0	0	0	0	0	0	0	0	0	0	0	0	0	0	0	0	0	0	0	0	0	0	0	0	0	
0	0	0	0	0	0	0	0	0	0	0	0	0	0	0	0	0	0	0	0	0	0	0	0	0	0	0	0	0	0	0	0	7.12974	0	0	0	0	0	0	0	0	0	0	0	0	0	0	5.71482	0	0	7.76597	0	0	0	0	0	0	0	8.00068	0	0	0	0	0	0	0	0	0	0	0	6.93124	0	0	0	0	0	0	0	0	0	0	0	0	0	0	6.28152	0	0	0	0	0	0	0	0	0	0	0	0	0	0	
0	0	0	0	0	0	0	0	0	0	0	0	0	0	0	0	0	0	0	0	0	0	0	0	0	0	0	0	0	0	0	0	0	0	0	0	0	0	0	11.50976	0	0	0	0	15.87892	0	11.18033	0	0	0	0	0	0	0	0	0	0	0	0	0	0	0	0	0	0	0	0	0	0	0	0	0	0	0	0	0	0	0	0	0	0	0	0	0	0	0	0	0	0	0	0	0	0	0	0	0	0	0	0	0	
0	0	0	0	0	0	0	0	0	0	0	0	0	0	0	0	0	0	0	0	0	0	0	0	0	0	0	0	0	0	0	0	0	0	0	10.89823	0	0	0	0	0	0	0	0	0	0	0	9.3129	0	0	0	0	0	4.61224	0	0	0	0	0	0	8.40905	0	0	0	0	0	0	0	0	0	0	0	0	0	0	0	0	0	0	0	0	0	0	0	0	0	0	0	0	0	0	0	0	0	5.64495	0	0	0	0	0	
0	0	0	0	0	0	0	0	0	0	0	0	0	0	0	0	0	0	0	0	0	0	0	0	0	0	0	0	0	0	0	0	0	0	0	0	0	0	0	0	0	15.10909	0	0	0	0	0	0	0	0	0	0	1.16446	0	0	0	0	0	0	0	0	0	0	0	0	0	0	0	0	0	0	5.00165	0	0	0	0	0	0	0	0	0	0	0	0	0	0	0	0	0	0	0	0	0	0	0	0	0	0	0	0	
0	0	0	0	0	0	0	0	0	0	0	0	0	0	0	0	0	0	0	0	0	0	0	0	0	0	0	0	0	0	0	0	0	0	0	0	0	0	0	0	9.07128	0	0	0	11.62255	0	0	6.18955	0	0	3.60564	12.07393	0	0	0	10.83051	0	0	8.91865	0	7.18001	0	0	0	0	0	0	0	0	0	0	0	0	0	0	0	0	0	0	0	0	0	0	0	0	0	0	0	0	0	0	0	0	0	0	5.20955	0	0	0	0	
0	0	0	0	0	0	0	0	0	0	0	0	0	0	0	0	0	0	0	0	0	0	0	0	0	0	0	0	0	0	0	0	0	0	0	0	0	0	0	0	0	0	0	0	16.72819	0	0	0	0	2.41822	0	0	6.98172	0	0	0	0	5.76508	0	0	0	6.95309	0	0	0	0	0	0	0	0	0	0	0	0	0	0	0	0	0	0	0	0	0	0	0	0	0	0	0	0	0	0	0	0	0	0	0	0	0	0	
0	0	0	0	0	0	0	0	0	0	0	0	0	0	0	0	0	0	0	0	0	0	0	0	0	0	0	0	0	0	0	0	0	0	0	0	0	0	0	0	0	0	0	12.7461	0	0	12.83335	0	0	0	8.9552	0	0	0	0	0	0	0	0	7.68539	0	0	0	0	9.7337	0	0	9.41875	0	0	0	0	10.5862	0	0	0	2.84946	0	0	0	0	0	0	0	0	0	0	0	0	0	0	0	0	0	0	0	0	0	0	0	
0	0	0	0	0	0	0	0	0	0	0	0	0	0	0	0	0	0	0	0	0	0	0	0	0	0	0	0	0	0	0	0	0	0	0	0	0	0	0	0	0	0	0	0	0	0	0	10.96651	0	0	0	10.5323	5.08316	0	0	3.18102	0	0	0	0	0	0	0	0	0	0	0	9.18796	0	0	0	0	0	8.19655	0	0	0	0	0	0	0	0	0	0	0	0	0	0	0	0	0	0	0	0	0	0	0	0	0	0	
0	0	0	0	0	0	0	0	0	0	0	0	0	0	0	0	0	0	0	0	0	0	0	0	0	0	0	0	0	0	0	0	0	0	0	0	0	17.16251	0	0	0	0	0	0	0	0	0	0	0	0	0	9.92266	0	0	0	0	10.77843	0	0	2.41822	0	0.69662	0	0	0	0	0	0	0	0	0	0	0	0	6.38466	0	0	0	0	0	0	0	0	0	0	0	0	0	0	0	0	0	0	0	0	0	0	0	0	0	
0	0	0	0	0	0	0	0	0	0	0	0	0	0	0	0	0	0	0	0	0	0	0	0	0	0	0	0	0	0	0	0	0	0	0	0	0	0	0	0	0	0	13.96285	0	0	10.41966	0	12.13063	0	0	7.73247	0	10.82311	0	9.90601	0	0	0	0	0	0	0	0	9.3297	0	0	0	7.11689	0	0	7.65461	0	0	0	0	0	0	0	0	0	0	0	0	0	0	0	0	0	0	0	0	0	0	0	0	0	0	0	0	0	
0	0	0	0	0	0	0	0	0	0	0	0	0	0	0	0	0	0	0	0	0	0	0	0	0	0	0	0	0	0	0	0	0	0	0	0	0	0	0	0	0	0	0	0	0	0	0	7.36521	10.147	0	0	11.26755	0	0	0	0	0	0	0	0	0	0	0	0	0	0	0	0	0	0	0	0	0	0	0	0	0	0	0	0	0	0	0	0	0	0	0	0	0	0	9.09112	0	0	0	0	0	0	0	0	0	
0	0	0	0	0	0	0	0	0	0	0	0	0	0	0	0	0	0	0	0	0	0	0	0	0	0	0	0	0	0	0	0	0	0	0	0	0	0	0	0	0	0	0	0	0	0	0	11.92781	0	0	0	0	9.20172	0	0	0	0	0	9.2578	3.53013	0	0	0	0	0	0	0	0	0	0	0	0	0	0	0	0	0	0	0	0	0	0	0	0	0	0	0	0	0	0	0	0	0	0	0	0	0	0	4.2944	0	
0	0	0	0	0	0	0	0	0	0	0	0	0	0	0	0	0	0	0	0	0	0	0	0	0	0	0	0	0	0	0	0	0	0	0	0	0	0	0	0	0	0	9.18181	0	0	0	0	0	0	8.28617	0	7.52933	0	6.30765	0	0	0	0	0	0	0	0	0	0	12.03006	0	0	0	0	0	0	0	0	0	0	0	12.28854	0	0	0	0	0	0	0	0	0	0	0	0	0	0	0	0	0	0	0	0	0	0	0	
0	0	0	0	0	0	0	0	0	0	0	0	11.67415	0	0	0	0	0	0	0	0	0	0	0	0	0	0	0	0	0	10.61845	0	0	0	0	0	0	0	0	0	0	0	8.84717	0	0	0	0	9.44597	0	0	13.92529	0	0	3.87343	0.69662	0	11.56227	0	0	0	0	0	0	9.22585	11.2419	9.46257	0	0	0	0	0	0	0	0	0	0	0	0	0	0	0	0	0	0	0	0	0	0	0	0	0	0	0	0	0	0	0	0	0	0	
0	0	0	0	0	0	0	0	0	0	0	0	0	0	0	0	0	0	0	0	0	0	0	0	0	0	0	0	0	0	0	0	0	0	0	0	0	0	0	0	0	0	0	0	0	11.15023	2.24013	0	2.71953	14.28698	0.69662	8.44788	6.39302	0	11.5557	5.46644	0	0	0	0	12.73103	0	0	0	0	0	0	0	0	6.91534	0	0	0	0	0	0	2.75184	0	0	0	0	0	0	0	0	0	0	0	0	0	0	0	0	0	0	0	0	0	0	0	
0	0	0	0	0	0	0	0	0	0	0	0	0	0	0	8.0522	0	0	0	0	0	0	0	0	0	0	0	0	0	0	0	0	0	0	0	5.34791	10.63093	0	0	0	0	0	0	2.84946	0	9.48648	7.12525	8.9019	3.99074	9.26567	0	0	3.99074	0	14.62001	0	0	0	0	5.86065	0	7.14879	0	4.61987	0	8.91123	0	0	11.01188	0	6.50789	0	0	0	0	10.72913	0	2.03693	0	0.69662	0	0	0	0	0	0	0	0	0	0	10.6977	0	0	0	0	0	0	0	0	0	
0	0	0	0	0	0	0	0	0	0	0	0	0	0	0	0	0	0	0	0	0	0	0	0	0	0	10.57802	0	0	0	0	4.91525	0	0	8.64209	0	0	0	0	0	11.82316	0	0	0	0	0	0	0	9.50196	0	3.27654	8.78089	9.74835	0	9.87582	0	8.62631	0	3.32022	0	1.51712	5.71482	0	0	0	6.84039	0	0	0	0	0	0	0	10.58969	0	0	0	0	0	0	0	0	0	0	0	0	0	0	0	0	0	0	0	0	0	0	4.09921	0	0	0	
0	0	0	0	0	0	0	0	0	0	0	0	0	0	0	0	0	0	0	12.44175	0	0	0	0	0	0	0	0	0	0	0	0	0	0	0	0	0	0	0	0	0	0	0	13.0821	0	0	11.92965	9.72949	10.17902	0	8.44547	8.15105	9.95374	0	0	0	12.11347	0	0	8.18958	6.57953	0	0	13.60836	0	7.68539	0	7.17382	0	0	0	0	0	0	0	0	0	0	0	0	0	0	0	0	0	0	0	0	0	0	7.73571	0	0	0	0	0	0	0	0	0	
0	0	0	0	0	0	0	0	0	0	0	0	7.19231	0	0	0	0	0	0	9.58072	0	0	0	0	0	0	0	0	0	0	0	0	0	6.51283	0	0	0	0	0	0	0	11.15973	13.14598	0	8.35638	0	0	5.68569	9.58888	0	3.60564	7.00905	8.23017	8.36056	9.52333	4.2001	5.06054	4.52559	6.95732	0	0	0	0	0	7.29852	0	0	0	0	0	0	0	0	0	0	0	0	0	14.27876	1.51712	0	0	0	0	0	0	0	0	0	0	0	0	0	0	0	0	0	0	0	0	
0	0	0	0	0	0	0	0	0	0	0	0	0	0	0	0	0	0	0	0	0	0	0	15.6257	0	0	0	0	0	0	0	0	0	0	0	0	0	0	12.28316	0	0	0	8.78757	9.98854	0	0	8.26638	5.53046	0	7.26826	10.39593	6.53251	0	0	0	0	0	5.45387	13.43168	11.31261	12.15726	0	0	0	8.93155	0	0	0	0	0	0	0	0	0	0	0	0	0	0	0	0	0	0	0	0	0	0	0	0	0	0	0	0	0	0	0	0	0	0	0	
0	0	8.40641	0	0	0	0	0	0	0	0	0	0	0	0	0	0	0	0	0	0	0	0	0	0	0	0	0	0	0	0	0	0	0	0	0	0	0	0	0	10.66897	0	0	0	0	9.32273	0	4.9345	9.02046	10.90161	0	8.68841	10.28546	8.86411	1.80029	8.32777	0	0	0.69662	6.60308	5.99891	0	8.01806	8.30246	0	0	0	0	0	0	0	7.48497	0	0	0	0	6.62139	0	0	0	0	0	0	0	0	0	0	0	0	0	0	0	0	0	0	0	0	0	0	0	
0	0	0	0	0	0	0	0	0	0	0	10.24323	0	0	0	0	0	0	0	0	0	0	0	0	0	0	0	0	0	0	0	0	7.68539	0	0	0	0	8.72599	13.77128	4.24802	4.09921	8.17503	0	0	13.0101	7.46107	12.27366	10.11329	10.02898	0	10.05739	0	6.67217	6.83294	0	10.11548	4.71627	8.85789	0	0	0	0	0	0	0	0	0	6.03466	0	0	0	0	6.46799	0	0	10.20277	0	0	7.21056	0	0	0	0	0	0	0	0	0	0	0	0	0	0	0	0	9.46197	0	0	0	0	
0	0	0	0	0	0	0	0	0	0	0	0	0	0	0	0	0	0	0	0	0	0	0	0	0	0	0	0	0	0	0	0	0	0	4.3829	6.50393	0	0	0	10.20657	0	13.7651	0	10.32756	14.42982	10.38554	7.52099	7.72212	4.89116	10.67517	9.87195	10.63206	5.86065	9.14022	0	0	10.39874	0	0	5.56356	8.29678	0	0	0	0	0	0	0	0	0	0	0	0	0	0	0	0	0	2.41822	0	0	0	0	0	0	0	0	8.32498	0	0	0	0	0	0	0	0	0	0	0	0	
0	0	0	0	0	0	0	0	10.86693	0	9.8025	0	0	0	0	0	0	0	0	0	0	0	0	0	0	0	10.40124	0	0	0	0	0	0	0	0	0	0	11.54255	12.39546	0	9.61675	5.49416	0	10.12391	1.16446	10.92347	9.60539	7.42485	9.8757	10.21156	0	5.88442	0	0	0	0	8.88239	3.53013	0	0	0	0	0	0	0	0	10.08051	0	0	0	0	0	0	0	0	0	0	0	0	0	0	0	0	0	0	0	0	0	0	0	0	0	0	7.43415	0	0	0	0	0	0	
0	0	0	0	0	0	0	0	0	0	0	10.36774	0	0	12.61377	0	0	0	0	0	0	0	0	0	0	0	0	0	0	0	0	11.21125	0	0	6.4165	0	10.67323	0	0	11.44731	0	0	11.02118	11.20638	11.08826	9.63557	11.36934	8.57155	6.11037	9.03194	6.50087	10.6704	9.76235	7.92465	0	5.97896	11.39512	0	0	6.4165	8.66433	5.35769	0	9.49271	0	0	0	0	0	0	0	0	0	0	0	7.14584	0	0	0	0	0	0	0	3.53013	0	0	0	0	0	0	0	0	0	0	0	0	0	0	0	0	
0	0	0	0	0	0	0	0	0	0	0	0	13.12799	0	0	0	0	0	0	0	0	0	0	0	0	0	0	0	0	10.21789	0	0	7.66347	0	5.23355	0	11.61143	0	13.96072	11.00493	11.12517	9.94559	10.60779	10.30944	9.36669	3.82173	9.9566	10.36185	6.2963	8.5962	11.29235	10.73338	10.56802	7.0891	4.94892	6.99316	7.86605	0	0	8.23867	2.03693	0	0	0	0	0	0	0	0	0	0	0	0	10.18087	0	0	0	0	0	0	9.81449	0	0	0	0	0	0	0	0	0	0	0	0	0	0	0	0	0	0	0	
0	0	0	0	0	0	0	13.39649	0	0	0	9.25399	0	0	0	0	0	0	0	0	0	0	0	0	0	0	0	8.22975	0	0	8.0522	0	13.05579	0	0	0	7.35977	5.32575	9.42058	9.82318	9.72424	6.89134	0	10.9369	10.42946	10.34927	9.31672	10.49245	10.77649	10.6397	6.69414	9.33369	9.86721	8.74168	6.9871	6.86494	13.48029	4.33096	10.44472	9.79647	5.91402	11.97907	5.96469	0	11.2478	0	0	0	0	0	0	0	0	9.24664	0	0	0	0	0	0	0	0	0	0	0	0	0	0	0	0	0	0	0	0	0	0	0	0	0	0	
13.08504	0	0	0	0	0	0	0	10.10822	0	0	0	7.84969	0	0	0	0	0	0	0	0	0	0	0	10.08651	0	0	8.63084	0	0	0	0	15.23821	0	10.95234	7.74922	0	6.66617	11.11228	7.56341	9.80551	10.9139	5.88401	9.96774	12.06978	10.35239	10.24035	9.67189	7.14259	4.67722	9.89715	6.45467	6.17778	5.57673	10.36057	8.83133	10.17902	5.37262	0	9.88923	8.48849	0.69662	0	8.1248	0	6.77648	0	0	0	0	8.26511	0	0	0	0	0	0	0	0	0	0	0	6.20235	0	0	5.66662	0	0	0	0	0	0	0	0	0	0	0	0	0	0	
0	0	0	10.23434	0	0	0	0	0	0	0	0	0	0	0	0	0	0	9.42788	0	0	10.28259	0	3.87343	11.98056	9.05285	0	0	9.5271	9.63353	12.64962	0	12.66954	0	0	0	0	10.49184	12.23089	9.54792	10.28082	7.72337	9.83472	9.1025	8.7902	9.80438	9.3477	9.5793	10.36056	7.2754	9.64226	8.59521	9.99653	6.91079	6.07476	8.83513	0	2.54887	7.72768	9.12655	0	6.87894	10.11586	0	0	0	0	0	0	4.15054	0	0	3.67738	0	3.811	8.17192	11.49339	2.39627	0	0	0	0	0	0	0	0	0	0	0	0	0	0	0	0	0	0	0	0	0	0	
9.75562	0	0	0	12.1777	10.04445	0	0	0	0	0	0	0	0	0	0	0	9.00311	0	0	0	0	0	0	11.88109	0	10.0792	8.44595	0	13.78642	10.39031	0	0	0	10.62414	10.30683	6.25103	12.51707	10.97587	11.24988	8.75903	9.27196	10.71496	9.39742	8.87262	10.49594	9.55137	9.62194	8.66929	11.52285	4.6482	10.20913	10.29903	6.99399	9.60988	9.62445	10.12681	2.59944	6.49387	9.88414	11.14478	0	4.99901	10.12551	10.9494	10.82903	8.3968	0	0	0	0	0	0	0	6.6837	0	0	0	0	0	0	0	0	0	0	0	0	0	0	0	0	0	0	0	0	0	0	0	0	0	
0	0	0	0	0	0	0	0	10.46788	0	8.53027	0	0	0	0	0	5.84516	13.449	11.04107	9.80951	9.58772	6.40252	0	0	0	12.97944	0	8.98908	3.65223	11.96144	0	10.99179	11.70023	7.11871	9.73803	10.24505	6.46347	7.6065	10.05346	11.47697	9.69259	10.0546	5.40341	9.17592	9.74434	9.21096	9.65177	8.79213	8.79273	7.60486	10.67984	10.87949	7.6163	7.98008	5.16554	6.68139	5.25307	9.68775	0	10.62527	4.99383	9.54998	7.97276	0	9.13421	11.38672	0.69662	0	0	0	0	4.50625	0	0	6.93124	0	0	0	8.29678	0	0	0	0	0	0	8.84656	0	0	0	0	0	0	0	0	0	9.80751	0	0	0	0	
0	9.2902	0	0	0	7.2045	0	0	0	0	0	0	0	0	7.02361	11.12246	0	11.51619	9.96895	0	8.56615	0	4.15054	0	0	0	0	0	10.75044	10.4973	9.04136	0	11.59936	5.02179	9.872	8.72872	9.81405	11.29461	9.42346	9.73822	9.0164	8.50335	8.23197	7.65909	9.68772	7.71217	8.10959	9.39736	9.08039	7.92955	7.39807	8.18909	7.50481	6.47453	8.3043	7.35288	5.43329	7.91263	7.80411	8.66879	0	7.85744	0	11.17917	10.06129	1.51712	4.30704	6.08829	0	0	0	0	0	0	0	1.51712	0	0	0	0	9.12728	0	0	0	0	0	0	0	0	0	0	0	0	0	0	0	0	0	0	0	
0	12.36963	7.39212	0	9.26285	0	0	0	0	0	8.22377	0	0	0	8.04882	9.14115	0	7.51471	0	0	9.49147	3.87343	7.8831	7.83317	9.3668	9.36	0	5.09985	10.56566	7.94461	12.17286	10.59433	10.89273	10.93931	10.99241	5.02575	8.75365	9.28969	8.20377	7.89348	8.68896	8.96181	7.25699	7.54301	7.51418	7.09402	9.24204	8.29453	8.5692	8.07864	7.68651	8.9034	8.00006	6.65422	7.38062	6.15189	8.27435	4.02722	6.59202	8.51076	0	7.49789	10.86635	9.87444	1.01847	6.4165	1.16446	0	0	1.80029	0	11.01347	0	0	7.92163	0	5.25716	0	2.84946	0	0	0	0	5.15412	0	1.35977	0	0	0	0	0	0	0	0	0	0	0	0	0	0	
0	0	0	0	0	0	0	0	6.76004	0	10.69338	12.6705	0	0	0	0	0	0	10.05655	0	10.8698	0	0	0	0	12.87221	10.83705	0	3.07875	11.50637	6.6082	8.52542	6.30765	8.83258	9.19119	9.78499	9.17793	8.80597	9.79785	9.5897	8.84353	8.55989	8.76768	7.69338	7.51682	7.30367	8.3725	8.13121	8.89728	9.18313	8.75846	8.05574	8.03234	8.49344	6.20903	8.39302	7.55669	8.84432	8.62858	9.27623	10.89756	4.23145	8.95603	6.11018	0	7.97677	0	7.99914	0	0	0	0	0	0	0	0	0	0	0	0	0	10.91038	0	0	0	0	0	9.82132	2.41822	5.30325	0	0	0	0	0	0	0	0	0	0	
0	0	0	0	0	0	0	0	11.10914	7.43322	0	3.60564	0	12.45377	0	0	0	10.43008	11.59762	3.73832	0	0	0	8.12984	7.3378	10.01128	2.24013	9.71553	6.23026	9.57586	0	8.18154	9.70913	4.31362	5.60502	7.9453	8.89437	7.35092	6.09468	5.7721	6.72561	8.73414	8.47933	9.64269	7.38216	7.11118	7.5083	8.36733	6.54945	9.03319	8.45394	7.67006	7.04118	6.57597	8.28518	8.16501	6.72051	8.51756	10.33484	5.16468	6.55797	8.74707	9.4004	3.93327	2.47232	8.34035	8.22676	0	0	0	0	0	0	8.99084	8.42738	0	0	0	12.18233	0	0	0	0	0	0	0	0	0	8.89063	0	1.51712	0	0	0	0	0	0	0	0	0	
0	0	10.50348	9.12458	0	4.94463	0	1.80029	9.08289	0	0	0	0	0	0	0	0	9.05843	0	0	0	0	0	11.98505	0	8.00068	0	9.68356	7.80234	8.10206	0	8.46492	0	8.59886	7.5279	8.52266	8.66343	7.40406	3.14254	8.93184	10.07359	8.52261	7.3497	7.764	8.03927	7.8763	6.61101	8.51938	8.34757	8.58244	6.28615	8.42839	8.46149	7.41473	7.74224	6.31526	7.44274	7.47937	7.59359	6.27587	10.14278	7.73196	7.87943	10.05234	4.78596	0	0	6.08234	1.16446	7.24662	4.12818	0	6.7096	0	1.12007	0	7.96775	0	0	0	0	0	4.30633	0	0	0	0	0	0	0	0	0	0	0	0	0	0	0	0	0	
0	0	0	0	0	0	0	0	10.16271	0	10.44622	9.43048	7.61164	0	10.7079	0	0	9.30443	0	3.45045	0	0	0	0	0	0	10.40916	6.43731	4.90923	0	9.35454	7.58399	7.25993	8.77206	5.12928	8.54648	7.67574	8.17465	8.34881	10.45002	8.64722	7.10578	6.11523	7.26923	6.33805	8.78636	5.06805	7.66475	6.97649	6.74443	7.30168	9.58616	9.38726	7.73003	6.96653	7.17144	6.059	7.73554	9.35327	6.26729	7.2051	5.04912	8.59173	7.17211	5.92101	7.50944	7.38142	3.38276	0	0	7.929	0	6.42985	0.69662	0	12.22766	0	0	1.51712	0	0	0	0	0	0	0	0	0	5.97709	0	0	0	0	0	0	0	0	0	0	0	
0	0	0	0	0	0	0	0	0	9.44469	0	0	2.03693	0	0	0	0	0	0	0	0	0	0	9.83009	0	0	8.19226	0	0	4.68901	6.67687	0	0	7.25173	5.74852	8.63535	5.90616	0	0	10.53037	4.87196	10.96023	4.23841	6.77554	8.34877	8.5881	7.42378	9.04949	8.82258	6.76685	6.84154	9.22344	7.4475	6.75026	9.44477	7.23948	8.32895	6.41259	5.13135	7.28809	6.28943	5.40769	4.44021	9.18196	6.91443	5.36864	7.4496	8.64656	7.1906	0	0	6.2963	0	6.16518	0	0.69662	8.14687	0	0	0	0	0	0	0	9.96633	0	0	2.03693	0	0	0	8.00766	0	0	0	0	6.42694	0	0	0	
0	0	0	0	0	0	0	0	0	0	0	10.66553	0	0	0	0	0	6.42152	12.77922	0	0	0	0	0.69662	0	0	0	6.26171	0	0	0	0	4.41195	6.0322	8.31182	0	4.41448	9.08779	4.38534	3.14343	7.30743	9.77522	6.85364	2.79095	0	8.66877	6.51958	5.53386	6.81073	6.43455	8.29672	8.91826	7.76031	5.90269	6.54138	5.20177	6.74544	6.85629	7.03954	7.39517	6.82134	5.77055	0	5.52227	7.24619	0	5.34289	6.08829	6.93856	8.61494	0	0	0	1.16446	0	9.94469	0	8.73539	0	0	0	5.44817	0	0	0	0	0	0	0	0	0	0	0	0	0	0	0	0	0	0	
0	0	0	0	6.96337	0	0	0	0	0	8.12136	0	0.69662	0	0	7.34883	0	0	5.23355	0	5.74402	11.62878	0	0	0	8.98024	7.21056	0	0	5.69639	0	9.23705	10.73863	0	0	8.9019	8.55667	2.57674	11.72478	9.30102	6.31759	9.74835	7.98194	7.2226	5.60401	6.25965	11.55182	5.22466	8.06893	8.81081	9.42446	6.32364	7.94114	7.06844	6.27976	7.81566	6.37669	8.55028	3.96597	8.14649	4.93135	8.59984	6.18448	4.99411	6.96654	0	7.44605	9.25252	0	0	9.47802	7.79832	7.66417	11.73717	10.31392	0	5.17071	0	0	0	6.64843	0	0	5.79765	0	0.69662	0	0	0	2.84946	0	0	0	0	0	0	0	0	0	0	
0	0	0	0	0	0	0	0	0	0	0	7.30419	2.83536	0	0	4.15054	0	0	0	4.69094	4.54513	0	0	0	0	0	0	0	0	5.56986	5.36973	6.09831	0	0	0	7.83015	0	0	0	3.45045	5.91157	6.15486	4.979	5.23229	8.41835	4.1164	5.2506	6.02512	6.55141	3.18283	0	0	7.94546	9.19029	0	8.88333	7.49603	6.65346	6.58658	6.7066	8.40698	7.76115	8.14392	7.05207	7.03505	5.58473	8.34439	7.9386	5.92101	8.34824	0	5.46046	9.26204	8.99084	11.95626	0	2.96866	0	5.78146	0	0	0	0	0	0	0	0	0	0	0	0	0	0	0	0	0	0	0	0	0	
0	0	0	8.84851	0	0	0	0	0	0	0	0	0	0	0	0	4.09921	0	0	0	0	0	9.91901	0	0	0	8.06863	6.76409	7.97244	6.84039	0	0	1.16446	0	0	10.82613	0	6.30765	6.9603	1.35977	8.63468	0	0.69662	0	3.02416	10.72123	6.50345	6.04826	5.91652	5.45005	6.1935	4.93563	8.1288	8.06904	7.61809	7.20093	9.16731	6.6043	6.72236	8.53003	7.2924	8.45542	7.72936	7.75539	8.04518	9.13818	6.00597	9.80651	10.75536	8.91169	1.89024	8.75402	6.39262	2.64544	5.57289	0	11.12767	0	5.75994	8.75832	0	5.51389	8.60577	0	0	10.89353	0	0	0	0	0	0	0	0	0	0	0	0	0	11.60971	
0	0	4.53562	0	0	0	0	0	0	0	0	0	0	0	0	0	0	0	0	0	9.99382	0	0	0	0	7.82621	0	9.9397	0	9.87487	0	10.16972	10.69716	0	4.3829	0	0	8.05898	6.96059	0	9.16475	0	0	6.70081	11.35767	9.91066	3.24901	3.58735	10.23953	4.99279	4.46629	10.97721	7.91311	8.41449	7.17329	8.87403	0	4.95779	6.8957	7.3011	2.85485	6.63901	5.99894	0.67898	5.70143	9.33788	4.5195	0	7.8738	5.03945	5.37848	6.44379	7.79807	7.29778	0	0	6.20891	0	3.39778	7.5196	0	5.20938	0	0	0	0	0	0	6.9244	0	0	0	0	0	0	0	3.93327	0	0	0	
0	0	0	0	0.69662	0	0	0	0	0	0	0	10.55974	0	0	0	0	0	0	0	10.80019	5.23355	0	0	0	0	0	7.93344	0	0	0	2.03693	10.10858	0	0	0	5.16032	0	6.52744	8.41431	0	0	4.60492	0	6.67496	0	9.33793	8.48849	7.15509	4.42072	5.0565	5.3194	9.8313	6.55215	8.26095	1.01847	0	5.63934	5.12503	1.6007	6.24303	7.71809	8.5528	6.08719	6.52796	9.74069	6.01911	3.81051	6.32554	6.64688	6.91762	0	0	9.0796	0	8.51469	4.79908	7.08109	0	0	0	0	0	0	6.80078	0	0	0	0	0	0	0	0	0	0	0	9.22734	0	0	0	
0	0	0	0	0	0	0	0	7.93998	0	0	0	0	0	0	0	9.43566	7.06044	6.85593	0	0	0	0	0	4.41617	0	0	0	0	0	0	0	0	0	8.95339	9.1107	0	7.25227	0	0	0	0	8.39316	9.72102	0	7.18728	9.9465	6.90159	0	4.45219	0	8.85045	9.07461	8.99637	0	5.6087	0	6.71637	0	4.88159	7.63606	9.5912	6.30916	11.30909	5.40151	6.69455	6.60426	5.66124	9.86434	7.21545	8.40994	2.86678	7.41134	10.24545	6.77112	4.19653	8.88885	10.10858	0	3.87343	9.08124	1.51712	8.8898	0	3.35878	0	6.63046	4.09921	5.16032	0	0.72404	0	0	9.38781	0	0	0	0	0	0	
0	0	0	0	0	0	0	0	0	0	0	0	0	0	0	0	0	0	0	0	5.4616	0	0	0	0	0	0	0	0	5.23355	0	0	0	0	9.07627	0	0	0	0	0	8.825	0	9.17563	7.97955	3.91874	0	0	8.71636	5.45386	5.82343	10.62584	0	0	3.8298	1.85633	6.89301	0	0	5.24071	9.41888	8.30812	5.02378	5.31388	7.47226	7.39832	6.98484	3.42061	3.74308	5.1986	5.3418	9.18677	6.51515	3.25942	5.99127	4.93853	0	4.66486	0	5.48829	0	0	0	9.67246	0	0	0	6.5125	0	0	0	0	0	0	0	0	0	0	0	0	0	
0	0	0	0	9.70179	0	0	0	0	0	0	8.9019	0	3.18102	0	0	0	0	0	0	0	0	0	0	0	0	0	0	0	0	0	0	0	0	0	0	0	0	0	6.817	0	0	5.34791	0	7.13922	0	2.85716	1.80029	0	0	2.41822	0	0	0	10.11101	0	0	0	0	9.03077	5.73115	2.07779	8.29565	8.74619	8.53579	0	0.58223	4.86312	10.00993	5.3725	9.13079	9.66781	9.32635	5.02967	0	0	3.51837	7.80634	6.90907	5.47415	3.27654	7.89554	1.16446	0	4.04599	0	4.61987	9.91236	0	5.05477	0	0	0	0	3.811	0	0	0	0	0	
0	0	0	0	0	0	0	0	0	0	0	0	0	0	0	0	0	4.98292	0	0	0	5.16032	8.94796	0	0	0	9.26858	0	0	0	0	0	0	7.89759	9.31652	0	0	0	0	0	0	0	0	0	0	0	0	0	1.16446	0	0	0	0	0	0	9.51537	8.49254	9.35789	3.45045	7.46995	0	5.52226	6.05392	0	8.21962	6.07666	7.74562	7.40663	4.91243	4.04968	8.33868	6.1693	5.74378	8.11697	6.79224	6.8454	8.18719	0	7.22859	5.39144	0	0	6.86079	0	6.33009	8.44094	0	5.32575	0	9.70621	0	0	0	0	0	0	8.77861	0	0	0	
0	0	0	0	0	0	0	0	7.62418	0	0	0	0	0	0	0	0	0	0	0	0	0	0	0	0	0	0	0	0	2.57674	0	0	0	0	0	0	0	0	0	8.68138	0	0	0	0	0	5.96469	0	6.77648	8.76451	0	0	7.5196	0	0	0	0	0	0	9.3109	0	8.57949	0	8.14159	10.36214	6.47322	7.05088	4.52915	0	0	6.11459	8.57381	0.69662	8.60069	7.77906	7.19276	5.56454	0.58223	0	3.27654	9.53175	5.82803	6.73987	10.99881	10.11633	8.53808	0	0	0	0	0	4.79137	0	9.54785	0	0	0	0	0	0	0	
0	0	0	0	0	0	0	0	0	0	0	0	0	9.84109	0	0	0	0	0	1.51712	0	0	0	0	0	3.01129	0	0	0	0	0	0	0	0	8.44032	0	0	6.81402	0	0	10.9975	0	8.06228	8.62177	7.28709	0	0	0	0	0	4.2944	6.85593	0	0	2.71953	0	0	0	0	6.78042	4.78761	0	6.69903	8.67094	7.84969	3.35409	9.59755	8.07894	5.20955	6.00873	5.29576	0	7.38269	5.31569	9.74731	7.21832	4.17726	8.3682	7.79901	4.54399	0	7.89825	11.78438	4.02296	2.94483	0	0	4.4252	3.59027	0	10.71751	0	0	7.60488	0	0	0	0	5.14159	0	
0	0	0	0	0	0	0	0	0	0	0	0	0	0	0	0	0	0	0	0	0	0	5.08316	0	0	0	0	0	9.28159	0	0	0	0	0	8.98705	0	0	0	0	0	0	0.58223	0	0	0	0	4.18585	0	0	0	0	0	10.894	0	0	0	8.27325	1.51712	0	5.9366	6.00504	0	0	6.43808	0	5.66274	0	7.28258	6.33472	9.74627	8.23705	8.31535	8.35537	4.20924	5.79765	7.33814	3.234	0	5.94662	3.71743	8.9336	7.42715	3.66354	0	4.10955	0	3.67738	3.08306	0	0	9.13797	6.81598	0	0	0	0	8.00766	0	0	0	
0	0	0	0	0	0	0	0	0	0	0	0	0	0	0	0	0	0	0	0	0	0	0	0	0	0	0	0	0	0	0	0	0	0	0	0	0	4.99548	0	0	0	0	0	0	0	0	0	0	0	1.80029	0	6.17127	0	4.01238	0	0	2.96866	4.78889	1.80029	0	2.41822	0	9.26567	12.38394	6.43731	6.87818	0	0	8.35216	5.9578	0	2.03693	6.63257	8.0686	6.2722	6.69143	0	3.68494	4.03295	6.28022	3.83952	9.72526	8.27381	0	0	0	4.73052	0	0	0	0	0	6.57713	7.81835	6.63046	0	0	0	0	0	
0	0	0	0	0	0	0	8.67094	0	0	0	0	0	0	0	0	0	0	0	0	0	0	0	0	0	0	0	0	0	0	0	0	0	0	0	0	0	4.55789	0	8.13417	0	0	0	0	0	0	0	0	0	0	4.52548	0	0	10.40256	9.88253	0	0	5.97097	9.75458	10.2969	0	0	0	7.10689	8.89869	9.74835	0	0	8.88119	3.92335	7.13154	4.64454	4.90418	8.87649	5.74852	7.1739	6.30558	0	7.8406	5.85859	7.64002	12.74727	4.69551	3.45825	3.12381	0	0	0.23221	0	0	5.6087	0	0	0	0	1.15015	0	0	0	0	
0	0	0	0	0	0	0	0	0	0	0	0	0	0	0	0	0	0	0	0	0	0	0	0	0	8.31658	0	0	0	0	0	0	0	0	0	0	0	3.18102	0	0	0	0	0	0	9.08784	0	0	0	5.36973	0	0	0	0	0	0	0	0	0	0	0	0	0	8.29446	0	0	5.53442	3.7265	7.84425	0	7.44533	1.80282	0	8.20445	0	8.84462	5.74206	0.69662	6.44993	5.47693	6.42758	1.96371	0	5.96377	0	5.92101	6.85843	0	0	0	0	9.51369	0	0	0	0	0	0	3.18102	0	0	
0	0	0	0	0	0	0	0	0	0	0	0	7.38142	0	0	0	0	0	0	0	0	0	0	0	0	0	0	0	0	0	0	0	0	0	0	0	0	0	0	0	0	0	0	0	0	0	0	9.33109	0	0	0	0	9.46257	0	0	0	0	0	0	3.92063	0	0	0	4.59799	8.23867	8.68624	9.12895	0	11.73952	0	0	9.52224	0	0	0	4.84705	7.56024	9.88424	6.8586	2.90332	0	5.54707	3.65093	4.21593	5.80945	3.3548	6.54658	0	8.21475	0	0	0	0	5.64495	0	0	0	0	0	0	
0	0	0	0	0	0	0	0	0	0	0	0	0	0	0	0	0	0	0	0	0	0	0	0	0	0	0	0	0	0	0	0	9.51124	0	0	0	0	0	0	0	3.53013	0	0	0	0	0	0	0	0	0	0	0	0	0	0	0	5.21066	0	0	0	7.45915	0	0	5.96549	0	8.06563	0	0	6.52918	0	0	0	9.02734	0	0	3.811	0	0	5.94503	9.65263	6.63606	7.96887	10.59664	0	6.70102	0	0	0	0	0.69662	5.22037	4.94031	5.30788	0	0	0	0	0	0	0	
0	0	0	0	0	0	0	6.15968	0	0	0	0	0	0	0	0	0	0	0	0	0	0	0	0	0	0	0	6.40597	0	0	0	0	0	0	0	0	0	0	0	0	0	0	0	0	0	0	0	0	0	0	0	0	0	0	0	0	0	2.03693	0	0	0	0	0	0	0	0	0	0	0	0	2.41168	3.75606	6.04515	0	0	11.75799	4.3829	0	9.72885	5.36973	0	5.18833	0	8.51321	2.03693	9.34554	0	8.71636	0	0	0	3.60564	0	0	0	10.46598	0	0	0	0	
0	0	0	0	0	0	0	0	0	0	0	0	0	0	0	0	0	0	0	0	5.69767	0	0	0	0	0	0	0	0	0	0.69662	0	0	0	0	0	0	0	0	0	0	0	0	0	0	0	0	0	0	0	0	0	0	0	0	0	0	0	0	11.42631	0	0	0	0	5.49416	9.13956	5.0565	5.8312	0	0	0	0	0	0	0	0.69662	4.16741	1.16446	0	0	4.16528	0	0	0	5.26847	4.09921	8.51035	8.65651	9.03589	0	5.55257	5.82949	11.13326	0	0	5.82949	0	0	0	0	
0	0	0	0	0	0	0	0	0	0	0	0	0	0	0	0	0	0	0	0	0	0	0	0	0	0	0	0	0	0	0	0	0	0	0	0	0	0	0	0	0	0	0	0	0	0	0	0	4.24802	0	0	0	0	0	0	0	0	0	0	0	0	0	0	0	0	0	0	0	0	6.7096	9.74313	7.84969	6.77819	0	8.98555	9.26422	0	8.55191	0	0	0	7.78214	8.10109	0	4.14554	0	5.57152	0	0	6.29758	0	3.27229	1.35977	0	2.84946	0	0	0	0	0	
0	0	0	0	0	0	0	0	0	0	0	0	0	0	0	8.36847	0	0	0	0	0	0	0	0	0	0	0	0	0	0	0	0	0	0	7.00978	0	0	0	0	0	0	0	0	0	0	0	0	0	0	0	0	0	0	0	0	0	0	0	0	0	0	0	0	0	0	0	0	3.93327	0	0	0	0	0	7.86129	0	0	0	5.62145	0	0	0	0.69662	0	0	2.70297	0	4.76263	3.7695	6.93856	9.9252	10.04388	0	8.40377	0	0	0	0	0	0	0	
0	0	0	0	0	0	0	0	0	0	0	0	0	0	0	0	0	0	0	0	0	0	0	0	0	0	0	0	0	0	0	0	0	0	0	0	0	0	0	0	0	0	0	0	0	0	0	0	7.02361	0	0	0	0	0	0	0	0	0	0	4.82335	0	0	0	0	0	6.37575	0	0	0	0	0	4.91525	0	0	0	0	0	12.65601	0	6.95665	10.28403	0	0	10.17825	0	0	0	0	0	0	0	0	0	0	0	0	0	0	0	0	
0	0	0	0	0	0	0	0	0	0	0	0	0	0	0	0	0	0	0	0	0	0	0	0	0	0	0	0	0	0	0	0	0	0	0	0	0	0	0	0	0	0	0	0	0	0	0	0	0	0	0	0	0	0	0	1.40892	0	0	9.75872	0	0	0	0	0	5.00165	0	0	0	0	0	0	1.51712	0	9.68013	0	0	5.59023	0	0	0	4.28511	5.40036	4.75613	8.30195	0	0	0	7.48002	7.49373	0	3.27654	11.34774	7.62316	0	0	0	0	0	0	0	
0	0	0	0	0	0	0	0	0	0	0	0	0	0	0	0	0	0	0	0	0	0	0	0	0	0	0	0	0	0	0	0	0	0	0	0	0	0	0	0	0	0	0	0	0	0	0	0	0	0	0	0	0	0	0	0	0	0	0	0	0	0	0	0	0	0	0	0	0	0	0	0	0	0	0	0	0	0	0	0	0	0	0	0	0	0	3.67738	0	0	0	0	9.26858	0	0	0	0	0	0	0	0	
0	0	0	0	0	0	0	0	0	0	0	0	0	0	0	0	0	0	0	0	0	0	0	0	0	0	0	0	0	0	0	0	0	0	0	0	0	0	0	0	0	0	0	0	0	0	0	0	0	0	0	0	0	0	0	0	0	0	0	0	0	0	0	0	0	0	0	0	0	0	8.91976	0	0	0	0	0	5.79765	0	0	7.05089	0	0	0	9.38164	0	0	0	0	0	0	6.32437	9.90694	0	0	0	0	0	0	0	0	
0	0	0	0	0	0	0	0	0	0	0	0	0	0	0	0	0	0	0	0	0	0	0	0	0	0	0	0	0	0	0	0	0	0	0	0	0	0	0	0	0	0	0	0	0	0	0	0	0	0	0	0	0	0	0	0	0	0	0	2.71953	0	0	0	0	0	0	0	0	0	0	5.53336	0	0	0	0	0	0	0	0	0	0	0	0	0	0	0	3.27654	0	0	0	0	0	0	0	0	0	0	0	0	0	
0	0	0	0	0	0	0	0	0	0	0	0	0	0	0	0	0	0	0	0	0	0	0	0	0	0	0	0	0	0	0	0	0	0	0	0	0	0	0	0	0	0	0	0	0	0	0	0	0	0	0	0	0	0	0	0	0	0	0	0	0	0	0	0	0	0	0	0	0	9.15849	8.12136	0	0	0	0	0	0	0	7.93998	0	0	0	0	0	0	0	0	0	6.74342	9.34906	0	0	0	0	0	0	0	0	0	0	
0	0	0	0	0	0	0	0	0	0	0	0	0	0	0	0	0	0	0	0	0	0	0	0	0	0	0	0	0	0	0	0	0	0	0	0	0	0	0	0	0	0	0	0	0	0	0	0	0	0	0	0	0	0	0	0	0	0	0	0	0	0	0	0	0	0	0	0	0	0	0	0	0	0	0	0	0	0	0	0	0	0	0	0	0	0	5.74852	0	0	0	0	0	0	0	0	0	0	0	0	0	
0	0	0	0	0	0	0	0	0	0	0	0	0	0	0	0	0	0	0	0	0	0	0	0	0	0	0	0	0	0	0	0	0	0	0	0	0	0	0	0	0	0	0	0	0	0	0	0	0	0	0	0	0	0	0	0	0	0	6.52744	0	0	0	0	0	0	0	0	0	0	0	0	0	0	0	0	6.18992	0	0	0	0	0	0	0	0	0	0	0	0	0	0	0	0	0	0	0	0	0	0	0	0	
0	0	0	0	0	0	0	0	0	0	0	0	0	0	0	0	0	0	0	0	0	0	0	0	0	0	0	0	0	0	0	0	8.89439	0	0	0	0	0	0	0	0	0	0	0	0	0	0	0	0	0	4.54513	0	0	0	0	0	0	0	0	0	0	0	0	0	0	0	0	0	0	0	0	0	0	0	0	6.10139	0	0	0	0	0	0	0	0	0	0	0	0	0	0	0	0	0	0	0	0	0	0	0	0	
0	0	0	0	0	0	0	0	0	0	0	0	0	0	0	0	0	0	0	0	0	0	0	0	0	0	0	0	0	0	0	0	0	0	0	0	0	0	0	0	0	0	0	0	0	0	0	0	0	0	0	0	0	0	0	0	0	0	0	0	0	0	0	0	0	0	0	0	0	0	0	0	0	0	0	0	0	0	0	0	0	0	0	0	0	0	0	0	0	0	0	0	0	0	0	0	0	0	0	0	
0	0	0	0	0	0	0	0	0	0	0	0	0	0	0	0	0	0	0	0	0	0	0	0	0	0	0	0	0	0	0	0	0	0	0	0	0	0	0	0	0	0	0	0	0	0	0	0	0	0	0	0	0	0	0	0	0	0	0	0	0	0	0	0	0	0	0	0	0	0	0	0	0	0	0	0	0	0	0	0	0	0	0	0	0	0	0	0	0	0	0	0	0	0	0	0	0	0	0	0	
0	0	0	0	0	0	0	0	0	0	0	0	0	0	0	0	0	0	0	0	0	0	0	0	0	0	0	0	0	0	0	0	0	0	0	0	0	0	0	0	0	0	0	0	0	0	0	0	0	0	0	0	0	0	0	0	0	0	0	0	0	0	0	0	0	0	0	0	0	0	0	0	0	0	0	0	0	0	0	0	0	0	0	0	0	0	0	0	0	0	0	0	0	0	0	0	0	0	0	0	
0	0	0	0	0	0	0	0	0	0	0	0	0	0	0	0	0	0	0	0	0	0	0	0	0	0	0	0	0	0	0	0	0	0	0	0	0	0	0	0	0	0	0	0	0	0	0	0	0	0	0	0	0	0	0	0	0	0	0	0	0	0	0	0	0	0	0	0	0	0	0	0	0	0	0	0	0	0	0	0	0	0	0	0	0	0	0	0	0	0	0	0	0	0	0	0	0	0	0	0	
0	0	0	0	0	0	0	0	0	0	0	0	0	0	0	0	0	0	0	0	0	0	0	0	0	0	0	0	0	0	0	0	0	0	0	0	0	0	0	0	0	0	0	0	0	0	0	0	0	0	0	0	0	0	0	0	0	0	0	0	0	0	0	0	0	0	0	0	0	0	0	0	0	0	0	0	0	0	0	0	0	0	0	0	0	0	0	0	0	0	0	0	0	0	0	0	0	0	0	0	
0	0	0	0	0	0	0	0	0	0	0	0	0	0	0	0	0	0	0	0	0	0	0	0	0	0	0	0	0	0	0	0	0	0	0	0	0	0	0	0	0	0	0	0	0	0	0	10.14304	0	0	0	0	0	0	0	0	0	0	0	0	0	0	0	0	0	0	0	0	0	0	0	0	0	0	9.62533	0	0	0	0	0	0	0	0	0	0	0	0	0	0	0	0	0	0	0	0	0	0	0	0	0	
