0	0	0	0	0	0	0	0	0	0	0	0	0	0	0	0	0	0	0	0	0	0	0	0	0	0	0	0	0	0	0	0	0	0	0	0	0	0	0	0	0	0	0	0	0	0	0	0	0	0	0	11.24815	0	0	0	0	0	0	0	0	0	0	0	0	0	0	0	0	0	0	0	0	0	0	0	0	0	0	0	0	0	0	0	0	0	0	0	0	0	0	0	0	0	0	0	0	0	0	0	0	
0	0	0	0	0	0	0	0	0	0	0	0	0	0	0	0	0	0	0	0	0	0	0	0	0	0	0	0	0	0	0	0	0	0	0	0	0	0	0	0	0	0	0	0	0	0	0	14.89027	0	0	0	0	0	0	0	0	0	0	0	0	0	0	0	7.48158	0	0	0	0	0	0	0	0	0	0	0	0	0	0	0	0	0	0	0	0	0	0	0	0	0	0	0	0	0	0	0	0	0	0	0	0	
0	0	0	0	0	0	0	0	0	0	0	0	0	0	0	0	0	0	0	0	0	0	0	0	0	0	0	0	0	0	0	0	0	0	0	0	0	0	0	0	0	0	0	0	0	0	0	0	0	0	0	0	0	0	11.53062	0	0	0	0	0	0	0	0	0	0	0	0	0	0	0	0	0	0	0	0	0	0	0	0	0	0	0	0	0	0	0	0	0	0	0	0	0	0	0	0	0	0	0	0	0	
0	0	0	0	0	0	0	0	0	0	0	0	0	0	0	0	0	0	0	0	0	0	0	0	0	0	0	0	0	0	0	0	0	0	0	0	0	0	0	0	0	0	0	0	0	0	13.57415	7.29017	0	0	0	0	0	0	0	0	0	0	0	0	0	0	0	0	0	0	0	0	0	0	0	0	0	0	0	0	0	0	0	0	0	0	0	0	0	0	0	0	0	0	0	0	0	0	0	0	0	0	0	0	
0	0	0	0	0	0	0	0	0	0	0	0	0	0	0	0	0	0	0	0	0	0	0	0	0	0	0	0	0	0	0	0	0	0	0	0	0	3.61637	0	0	0	0	0	13.78126	0	0	0	0	0	0	0	0	0	0	0	0	0	0	0	0	0	0	0	0	0	0	0	0	0	0	0	0	0	0	0	0	0	0	0	0	0	0	0	0	0	0	0	0	0	0	0	0	0	0	0	0	0	0	0	0	
0	0	0	0	0	0	0	0	0	0	0	0	0	0	0	0	0	0	0	0	0	0	0	0	0	0	0	0	0	0	0	0	0	0	0	0	0	0	0	0	0	0	0	0	0	0	0	0	0	0	0	0	0	0	0	0	0	0	0	0	0	0	0	0	0	0	0	0	0	0	0	0	5.68593	0	0	0	0	0	0	0	0	0	0	0	0	0	0	0	0	0	0	0	0	0	0	0	0	0	0	0	
0	0	0	0	0	0	0	0	0	0	0	0	0	0	0	0	0	0	0	0	0	0	0	0	0	0	0	0	0	0	0	0	0	0	0	0	0	0	0	0	0	0	0	0	0	0	0	0	0	0	0	0	0	0	0	0	0	0	0	0	0	0	0	0	0	0	0	0	0	0	0	0	0	0	9.09346	0	0	0	0	0	0	0	0	0	0	0	0	0	0	0	0	0	0	0	0	0	0	0	0	0	
0	0	0	0	0	0	0	0	0	0	0	0	0	0	0	0	0	0	0	0	0	0	0	0	0	0	0	0	0	0	0	0	0	0	0	0	0	0	0	0	0	0	0	0	0	0	0	0	0	0	0	7.60231	0	0	0	14.39305	0	0	5.43082	0	0	0	0	0	0	0	0	0	0	0	0	0	0	0	0	0	0	0	0	0	0	0	0	0	0	0	0	0	0	0	0	0	0	0	0	0	0	0	0	0	
0	0	0	0	0	0	0	0	0	0	0	0	0	0	0	0	0	0	0	0	0	0	0	0	0	0	0	0	4.67887	0	0	0	0	0	0	0	0	0	0	0	0	0	0	0	0	0	0	0	0	0	0	0	0	0	0	0	0	0	0	0	0	0	0	0	0	0	0	5.9057	0	0	0	0	0	0	0	0	0	0	0	0	0	0	0	0	0	0	0	0	0	0	0	0	0	0	0	0	0	0	0	0	
0	0	0	0	0	0	0	0	0	0	0	0	0	0	0	0	0	0	0	0	0	0	0	0	0	0	0	0	0	0	0	0	0	0	0	0	0	0	0	0	0	0	0	0	0	0	0	0	0	0	0	0	0	0	0	9.38028	0	0	0	0	0	0	0	0	0	0	0	0	0	0	0	0	0	0	0	0	0	0	0	0	0	0	0	0	0	0	0	0	0	0	0	0	0	0	0	0	0	0	0	0	
0	0	0	0	0	0	0	0	0	0	0	0	0	0	0	0	0	0	0	0	0	0	0	0	0	0	0	0	0	0	0	0	0	0	0	0	0	0	0	0	0	0	0	0	0	0	0	0	0	0	0	0	0	0	0	0	0	0	0	0	0	0	0	0	0	0	0	9.46192	0	0	0	0	0	0	0	0	0	0	0	0	0	0	0	0	0	0	0	0	0	0	0	0	0	0	0	0	0	0	0	0	
0	0	0	0	0	0	0	0	0	0	0	0	0	0	0	0	0	0	0	0	0	0	0	0	0	0	0	0	0	0	0	0	0	0	0	0	0	0	0	0	0	0	0	0	0	0	0	0	0	0	0	0	0.50304	0	0	0	3.60745	0	0	0	0	0	0	0	0	0	0	0	0	0	0	2.58648	0	0	0	0	0	0	0	0	0	0	0	0	0	0	0	0	0	0	0	0	0	0	0	0	0	0	0	0	
0	0	0	0	0	0	0	0	0	0	0	0	0	0	0	0	0	0	0	0	0	0	0	0	0	0	0	0	0	0	0	0	0	0	0	0	0	0	0	0	0	0	0	0	0	0	0	0	9.2947	0	0	0	8.58645	0	0	0	0	0	0	0	0	0	0	0	0	0	0	11.18182	0	0	0	0	0	0	0	0	0	0	0	0	0	0	0	0	0	0	0	0	0	0	0	0	0	0	0	0	0	0	0	0	
0	0	0	0	0	0	0	0	0	0	0	0	0	0	0	0	0	0	0	0	0	0	0	0	0	0	0	0	0	0	11.8581	0	0	0	0	0	0	0	0	14.51261	0	0	0	0	0	0	0	9.40179	0	0	0	0	0	0	0	0	0	9.01186	8.1908	0	7.06721	0	0	10.58872	0	0	0	0	0	0	0	0	0	0	0	0	0	0	0	0	0	0	0	0	0	0	0	0	0	0	0	0	0	0	0	0	0	0	0	0	
0	0	0	0	0	0	0	0	0	0	0	0	0	0	0	0	0	0	0	0	0	0	0	0	0	0	0	0	0	0	0	0	0	0	0	0	0	0	0	0	0	0	0	0	0	0	0	0	0	0	0	0	0	0	7.11045	0	0	0	0	0	0	0	0	0	0	0	0	0	0	0	0	0	0	0	3.15811	0	0	0	0	0	0	0	0	0	0	0	0	0	0	0	0	0	0	0	0	0	0	0	0	0	
0	0	0	0	0	0	0	0	0	0	0	0	0	0	0	0	0	0	0	0	0	0	0	0	0	0	0	0	0	0	0	0	0	0	0	0	0	0	0	0	0	0	10.33235	0	0	0	0	0	0	0	0	0	8.77411	0	0	0	0	0	0	11.5812	0	0	0	0	0	0	0	0	0	0	0	6.96469	0	0	0	0	0	0	0	0	0	0	0	0	0	0	0	0	0	0	0	0	0	0	0	0	0	0	0	0	
0	0	0	0	0	0	0	0	0	0	0	0	0	0	0	0	0	0	0	0	0	0	0	0	0	0	0	0	0	0	0	0	0	0	0	0	0	0	0	0	0	0	0	5.93508	0	0	0	11.26414	0	0	0	8.21587	0	0	0	0	0	0	4.7919	0	0	0	0	0	0	0	0	0	0	0	0	0	0	0	0	0	0	0	0	0	0	0	0	0	0	0	0	0	0	0	0	0	0	0	0	0	0	0	0	0	
0	0	0	0	0	0	0	0	0	0	0	0	0	0	0	0	0	0	0	0	0	0	0	0	0	0	0	0	0	0	0	0	0	0	0	0	0	0	0	0	0	0	4.3055	0	0	0	0	0	0	0	0	0	0	0	0	9.21186	0	0	0	0	0	0	0	0	0	0	1.41619	0	4.45018	0	0	0	0	0	0	0	0	0	0	0	0	0	0	0	0	0	0	0	0	0	0	0	0	0	0	0	0	0	0	0	
0	0	0	0	0	0	0	0	0	0	0	0	0	0	0	0	0	0	0	0	0	0	0	0	0	0	0	0	0	0	0	0	0	0	0	0	0	0	0	0	13.01718	0	0	0	0	0	0	0	0	0	0	0	0	0	0	0	0	0	0	0	0	0	0	0	0	0	0	0	0	0	0	0	0	0	0	0	0	0	0	0	0	0	0	0	0	0	0	0	0	0	0	0	0	0	0	0	0	0	0	0	
0	0	0	0	0	0	0	0	0	0	0	0	0	0	0	0	0	0	0	0	0	0	0	0	0	0	0	0	0	0	0	0	0	0	0	0	0	0	0	0	0	0	0	0	0	0	0	12.85531	0	0	5.24023	0	0	0	0	0	0	0	0	0	0	0	0	0	0	0	0	0	0	0	0	0	0	0	0	0	9.92203	0	0	0	0	0	0	0	0	0	0	0	0	0	0	0	0	0	0	0	0	0	0	0	
0	0	0	0	0	0	0	0	0	0	0	0	0	0	0	0	0	0	0	0	0	0	0	0	0	0	0	0	0	0	0	0	0	0	0	0	0	0	0	0	0	0	0	0	0	0	0	10.61582	0	0	9.71562	8.38874	0	0	0	0	7.06491	0	10.98087	0	7.61036	0	0	0	0	11.83291	0	0	0	0	0	0	0	0	0	0	0	0	0	0	0	0	0	0	0	0	0	0	0	0	0	0	0	0	0	0	0	0	0	0	
0	0	0	0	0	0	0	0	0	0	0	0	0	0	0	0	0	0	0	0	0	0	0	0	0	0	0	0	0	0	0	0	0	0	0	0	0	0	0	0	0	8.07728	0	0	0	0	0	0	0	0	0	0	0	0	0	0	0	0	0	0	0	0	0	0	0	0	0	0	0	0	0	0	0	0	0	0	0	0	0	0	0	0	0	0	0	0	0	0	0	0	0	0	0	0	0	0	0	0	0	0	
0	0	0	0	0	0	0	0	0	0	0	0	0	0	0	0	0	0	0	0	0	0	0	0	0	0	0	0	0	0	0	7.48494	0.50304	0	0	0	0	0	0	0	0	0	0	0	0	0	0	4.55632	0	0	0	0	0	0	0	0	0	0	0	0	0	0	0	5.81982	0	0	0	1.41619	0	0	0	0	0	0	0	0	0	0	0	0	0	0	0	0	0	0	0	0	0	0	0	0	0	0	0	0	0	0	0	0	
0	0	0	0	0	0	0	0	0	0	0	0	0	0	0	0	0	0	0	0	0	0	0	0	0	0	0	0	0	0	0	10.84088	0	0	2.77412	0	0	0	0	0	0	0	0	0	0	0	0	0	0	0	0	0	0	0	0	0	0	0	0	0	0	0	0	0	0	0	0	0	0	0	0	0	0	0	0	0	0	0	0	0	0	0	0	0	0	0	0	0	0	0	0	0	0	0	0	0	0	0	0	0	
0	0	0	0	0	0	0	0	0	0	0	0	0	0	0	0	0	0	0	0	0	0	0	0	0	0	0	0	0	0	0	0	0	0	0	0	0	0	0	0	0	0	0	13.63829	0	0	0	0	0	10.33235	0	0	0	0	8.55958	0	0	0	0	0	0	0	0	0	0	0	0	0	0	0	0	0	0	0	0	0	0	0	0	0.25152	0	0	0	0	0	0	0	0	0	0	0	0	0	0	0	0	0	0	0	0	
0	0	0	0	0	0	0	0	0	0	0	0	0	0	0	0	0	0	0	0	0	0	0	0	0	0	0	0	0	0	0	0	6.02784	0	0	0	0	0	0	0	0	0	0	0	0	0	0	2.68334	0	0	5.50676	3.02912	0	0	0	0	0	0	6.3564	0	0	0	0	0	0	0	0	0	0	0	6.24178	0	0	0	0	0	0	0	0	0	0	0	0	0	0	6.43867	0	0	0	0	0	0	0	0	0	0	0	0	0	0	
0	0	0	0	0	0	0	0	0	0	0	0	0	0	0	0	0	0	0	0	0	0	0	0	0	0	0	0	0	0	0	0	0	0	0	0	0	0	0	10.72119	0	0	0	0	17.12018	0	7.13279	0	0	0	0	0	0	0	0	0	0	0	0	0	0	0	0	0	0	0	0	0	0	0	0	0	0	0	0	0	0	0	0	0	0	0	0	0	0	0	0	0	0	0	0	0	0	0	0	0	0	0	0	0	
0	0	0	0	0	0	0	0	0	0	0	0	0	0	0	0	0	0	0	0	0	0	0	0	0	0	0	0	0	0	0	0	0	0	0	11.49687	0	0	0	0	0	0	0	0	0	0	0	10.77336	0	0	0	0	0	6.87362	0	0	0	0	0	0	9.06565	0	0	0	0	0	0	0	0	0	0	0	0	0	0	0	0	0	0	0	0	0	0	0	0	0	0	0	0	0	0	0	0	0	10.52357	0	0	0	0	0	
0	0	0	0	0	0	0	0	0	0	0	0	0	0	0	0	0	0	0	0	0	0	0	0	0	0	0	0	0	0	0	0	0	0	0	0	0	0	0	0	0	10.83562	0	0	0	0	0	0	0	0	0	0	1.17095	0	0	0	0	0	0	0	0	0	0	0	0	0	0	2.11686	0	0	0	5.94233	0	0	0	0	0	0	0	0	0	0	0	0	0	0	0	0	0	0	0	0	0	0	0	0	0	0	0	0	
0	0	0	0	0	0	0	0	0	0	0	0	0	0	0	0	0	0	0	0	0	0	0	0	0	0	0	0	0	0	0	0	0	0	0	0	0	0	0	0	8.86728	0	0	0	12.54304	0	0	4.4909	0	0	10.88801	9.83245	0	0	0	10.0319	0	0	9.6079	0	8.6266	0	0	0	0	0	0	0	0	0	0	0	0	0	0	0	0	0	0	0	0	0	0	0	0	0	0	0	0	0	0	0	0	0	0	4.79181	0	0	0	0	
0	0	0	0	0	0	0	0	0	0	0	0	0	0	0	0	0	0	0	0	0	0	0	0	0	0	0	0	0	0	0	0	0	0	0	0	0	0	0	0	0	0	0	0	10.17361	0	0	0	0	2.68334	0	0	9.38208	0	0	0	0	6.59922	0	0	0	7.40552	0	0	0	0	0	0	0	0	0	0	0	0	0	0	0	0	0	0	0	0	0	0	0	0	0	0	0	0	0	0	0	0	0	0	0	0	0	0	
0	0	0	0	0	0	0	0	0	0	0	0	0	0	0	0	0	0	0	0	0	0	0	0	0	0	0	0	0	0	0	0	0	0	0	0	0	0	0	0	0	0	0	10.8896	0	0	11.56202	0	0	0	5.72059	0	0	0	0	0	0	0	0	8.62964	0	0	0	0	7.06698	0	0	6.30404	0	0	0	0	8.58488	0	0	0	5.65043	0	0	0	0	0	0	0	0	0	0	0	0	0	0	0	0	0	0	0	0	0	0	0	
0	0	0	0	0	0	0	0	0	0	0	0	0	0	0	0	0	0	0	0	0	0	0	0	0	0	0	0	0	0	0	0	0	0	0	0	0	0	0	0	0	0	0	0	4.03879	0	0	8.92538	0	0	0	12.03858	5.12069	0	0	6.06427	0	0	0	0	0	0	0	0	0	0	0	7.38045	0	0	0	0	0	9.4525	0	0	0	0	0	0	0	0	0	0	0	0	0	0	0	0	0	0	0	0	0	0	0	0	0	0	
0	0	0	0	0	0	0	0	0	0	0	0	0	0	0	0	0	0	0	0	0	0	0	0	0	0	0	0	0	0	0	0	0	0	0	0	0	10.17204	0	0	0	0	0	0	0	0	0	0	6.61158	0	0	6.64633	0	0	5.25284	0	7.9271	0	0	0.50304	0	0	0	0	0	0	0	0	0	0	0	0	0	0	7.10412	2.11686	0	0	0	0	0	0	0	0	0	0	0	0	0	0	0	0	0	0	0	0	0	0	0	0	
0	0	0	0	0	0	0	0	0	0	0	0	0	0	0	0	0	0	0	0	0	0	0	0	0	0	0	0	0	0	0	0	0	0	0	0	0	0	0	0	0	0	14.26641	0	0	7.21206	0	11.21031	0	0	3.66463	0	12.0994	0	9.90078	0	0	0	0	0	0	0	0	6.17671	0	0	0	1.41619	0	0	8.69063	0	0	0	0	0	0	0	3.3474	0	0	0	0	0	0	0	0	0	0	0	0	0	0	0	0	0	0	0	0	0	
0	0	0	0	0	0	0	0	0	0	0	0	0	0	0	0	0	0	0	0	0	0	0	0	0	0	0	0	0	0	0	0	0	0	0	0	0	0	0	0	0	0	0	0	0	0	0	5.62626	8.80539	0	0	9.29278	0	0	0	0	0	0	0	0	0	0	0	0	0	0	0	0	0	0	0	0	0	0	0	0	0	0	0	0	0	0	0	0	0	0	0	0	0	0	5.99046	0	0	0	0	0	0	0	0	0	
0	0	0	0	0	0	0	0	0	0	0	0	0	0	0	0	0	0	0	0	0	0	0	0	0	0	0	0	0	0	0	0	0	0	0	0	0	0	0	0	0	0	0	0	0	0	0	12.6599	0	0	0	0	6.19325	0	0	0	0	0	9.73635	7.91219	0	0	0	0	0	0	0	0	0	0	0	0	0	0	0	0	0	0	0	0	0	0	0	0	0	0	0	0	0	0	0	0	0	0	0	0	0	0	4.79181	0	
0	0	0	0	0	0	0	0	0	0	0	0	0	0	0	0	0	0	0	0	0	0	0	0	0	0	0	0	0	0	0	0	0	0	0	0	0	0	0	0	0	0	9.05437	0	0	0	0	0	0	8.44896	0	4.33562	0	6.34163	0	0	0	0	0	0	0	0	0	0	10.36512	0	0	0	0	0	0	0	0	0	0	0	10.84775	0	0	0	0	0	0	0	0	0	0	0	0	0	0	0	0	0	0	0	0	0	0	0	
0	0	0	0	0	0	0	0	0	0	0	0	11.3485	0	0	0	0	0	0	0	0	0	0	0	0	0	0	0	0	0	7.87165	0	0	0	0	0	0	0	0	0	0	0	7.51506	0	0	0	0	5.12069	0	0	15.33246	0	0	3.01653	1.80863	0	8.91069	0	0	0	0	0	0	7.01209	7.47144	8.65673	0	0	0	0	0	0	0	0	0	0	0	0	0	0	0	0	0	0	0	0	0	0	0	0	0	0	0	0	0	0	0	0	0	0	
0	0	0	0	0	0	0	0	0	0	0	0	0	0	0	0	0	0	0	0	0	0	0	0	0	0	0	0	0	0	0	0	0	0	0	0	0	0	0	0	0	0	0	0	0	9.54858	2.24935	0	0.87531	12.51966	0.50304	8.54531	7.50295	0	10.03878	5.43091	0	0	0	0	9.96662	0	0	0	0	0	0	0	0	5.63561	0	0	0	0	0	0	1.8401	0	0	0	0	0	0	0	0	0	0	0	0	0	0	0	0	0	0	0	0	0	0	0	
0	0	0	0	0	0	0	0	0	0	0	0	0	0	0	8.09279	0	0	0	0	0	0	0	0	0	0	0	0	0	0	0	0	0	0	0	1.80863	10.88864	0	0	0	0	0	0	2.77412	0	10.9188	8.1115	9.94481	5.56401	10.35688	0	0	1.97096	0	13.64008	0	0	0	0	4.17829	0	7.14984	0	1.41619	0	7.11987	0	0	11.64517	0	7.81397	0	0	0	0	10.93497	0	4.42238	0	2.89718	0	0	0	0	0	0	0	0	0	0	11.9251	0	0	0	0	0	0	0	0	0	
0	0	0	0	0	0	0	0	0	0	0	0	0	0	0	0	0	0	0	0	0	0	0	0	0	0	11.3042	0	0	0	0	2.68334	0	0	7.19983	0	0	0	0	0	11.7808	0	0	0	0	0	0	0	6.73035	3.46107	1.97096	9.48646	9.59317	0	8.72518	0	9.91145	0	8.29032	0	6.36373	8.02046	0	0	0	6.20145	0	0	0	0	0	0	0	9.38928	0	0	0	0	0	0	0	0	0	0	0	0	0	0	0	0	0	0	0	0	0	0	1.80863	0	0	0	
0	0	0	0	0	0	0	0	0	0	0	0	0	0	0	0	0	0	0	11.87053	0	0	0	0	0	0	0	0	0	0	0	0	0	0	0	0	0	0	0	0	0	0	0	14.77276	0	0	9.12614	11.6605	8.97047	0	7.95648	6.80363	11.82713	0	0	0	12.57051	0	0	8.31598	7.00589	0	0	11.12042	0	5.38834	0	0.87531	0	0	0	0	0	0	0	0	0	0	0	0	0	0	0	0	0	0	0	0	0	0	6.02234	0	0	0	0	0	0	0	0	0	
0	0	0	0	0	0	0	0	0	0	0	0	6.84414	0	0	0	0	0	0	9.9442	0	0	0	0	0	0	0	0	0	0	0	0	0	5.69261	0	0	0	0	0	0	0	10.28296	12.2652	0	8.78813	0	0	4.09545	9.53837	0	1.62569	6.98007	7.88475	0	9.50146	3.08906	6.35643	5.10392	5.09141	0	0	0	0	0	6.27324	0	0	0	0	0	0	0	0	0	0	0	0	0	13.68052	0.87531	0	0	0	0	0	0	0	0	0	0	0	0	0	0	0	0	0	0	0	0	
0	0	0	0	0	0	0	0	0	0	0	0	0	0	0	0	0	0	0	0	0	0	0	15.35249	0	0	0	0	0	0	0	0	0	0	0	0	0	0	10.79994	0	0	0	9.2432	11.45203	6.04617	0	9.3009	5.47704	0	7.10871	9.9393	6.2021	0	0	0	0	0	6.05265	14.46287	10.23832	12.58528	0	0	0	8.88393	0	0.50304	0	0	0	0	0	0	0	0	0	0	0	0	0	0	0	0	0	0	0	0	0	0	0	0	0	0	0	0	0	0	0	0	0	
0	0	7.69992	0	0	0	0	0	0	0	0	0	0	0	0	0	0	0	0	0	0	0	0	0	0	0	0	0	0	0	0	0	0	0	0	0	0	0	0	0	11.43405	0	0	0	0	11.47293	0	6.89419	10.48209	11.61092	0	10.77439	12.25193	7.42514	2.58648	6.89053	0	0	3.61637	8.08616	7.94343	0	10.10093	8.22137	0	0	0	0	0	0	0	7.02965	0	0	0	0	5.6742	0	0	0	0	0	0	0	0	0	0	0	0	0	0	0	0	0	0	0	0	0	0	0	
0	0	0	0	0	0	0	0	0	0	0	10.21723	0	0	0	0	0	0	0	0	0	0	0	0	0	0	0	0	0	0	0	0	5.94233	0	0	0	0	9.43842	8.92174	6.84937	4.42238	5.55123	0	0	13.87093	6.74377	12.82632	10.29532	10.04073	0	12.07533	0	7.99609	5.06835	0	8.9597	5.62166	10.23595	0	0	0	0	0	0	0	0	0	4.67887	0	0	0	0	0.87531	0	0	6.84414	0	0	7.32897	0	0	0	0	0	0	0	0	0	0	0	0	0	0	0	0	9.27826	0	0	0	0	
0	0	0	0	0	0	0	0	0	0	0	0	0	0	0	0	0	0	0	0	0	0	0	0	0	0	0	0	0	0	0	0	0	0	4.00169	6.7556	0	0	0	8.10377	0	12.96356	0	12.72102	12.27478	9.4037	8.80491	8.21987	8.02358	10.65505	10.02796	12.87002	4.45018	8.6851	0	0	6.984	0	0	4.78513	8.15746	0	2.11686	0	0	0	0	0	0	0	0	0	0	0	0	0	0	0	8.26507	0	0	0	0	0	0	0	0	8.78234	0	0	0	0	0	0	0	0	0	0	0	0	
0	0	0	0	0	0	0	0	10.11185	0	7.8665	0	0	0	0	0	0	0	0	0	0	0	0	0	0	0	4.36512	0	0	0	0	0	0	0	0	3.22401	0	9.52127	12.42608	0	9.4611	5.25284	0	11.24716	5.13789	10.50556	10.71734	8.83275	10.57119	11.11459	0	7.14391	2.37069	0	0	0	9.52431	3.96362	0	0	0	0	0	0	0	0	9.22299	0	0	0	0	0	0	0	0	0	0	0	0	0	0	0	0	0	0	0	0	0	0	0	0	0	0	3.96362	0	0	0	0	0	0	
0	0	0	0	0	0	0	0	0	0	0	7.4475	0	0	11.32523	0	0	0	0	0	0	0	0	0	0	0	0	0	0	0	0	11.5122	0	0	7.27947	0	12.8558	0	0	11.01833	3.08906	0	9.56039	10.81326	10.77566	9.47169	11.95751	10.07121	7.21212	9.13718	5.84236	11.002	9.84387	7.15178	0	3.56644	11.05044	0	0	9.34462	8.82278	3.81588	0	8.00414	0	0	0	0	0	0	0	0	0	0	0	8.40724	0	0	0	0	0	0	0	4.33562	0	0	0	0	0	0	0	0	0	0	0	0	0	0	0	0	
0	0	0	0	0	0	0	0	0	0	0	0	11.55223	0	0	0	0	0	0	0	0	0	0	0	0	0	0	0	0	11.89444	0	0	6.62993	0	0	0	11.27171	0	14.08072	11.45332	12.26118	6.48291	9.50667	10.64687	10.00042	6.81736	11.11289	10.23056	8.44681	8.08456	10.62148	8.25722	10.23032	9.05818	4.77048	8.43856	6.99744	0	0	5.34458	2.11686	0	0	0	0	0	0	0	0	0	0	0	0	11.24243	0	0	0	0	0	0	9.62172	0	0	0	0	0	0	0	0	0	0	0	0	0	0	0	0	0	0	0	
0	0	0	0	0	0	0	12.48301	0	0	0	14.10558	0	0	0	0	0	0	0	0	0	0	0	0	0	0	0	9.82384	0	0	10.96018	0	11.79259	0	0	0	7.62263	9.34462	11.44463	9.1524	9.11014	7.91475	0	10.82187	10.90828	11.06506	9.51888	10.42581	11.23249	10.37369	7.73555	9.91405	8.71088	6.45574	7.05325	6.56169	10.85589	4.32912	6.18386	11.53509	5.16201	11.59993	6.03704	0	9.56166	0	0	0	0	0	0	0	0	11.79378	0	0	0	0	0	0	0	0	0	0	0	0	0	0	0	0	0	0	0	0	0	0	0	0	0	0	
12.34765	0	0	0	0	0	0	0	4.39518	0	0	0	7.58237	0	0	0	0	0	0	0	0	0	0	0	10.52928	0	0	9.21693	0	0	0	0	14.96282	0	9.41476	10.28344	0	6.59922	11.19487	6.88741	6.77438	9.69603	6.02707	10.47092	12.68022	10.33093	10.80545	9.05457	7.60649	2.52852	7.67049	6.55749	9.98508	7.40092	11.11794	10.76756	8.94749	5.91517	0	11.8591	8.77136	1.97096	0	4.33917	0	5.47208	0	0	0	0	5.90264	0	0	0	0	0	0	0	0	0	0	0	5.16212	0	0	7.63809	0	0	0	0	0	0	0	0	0	0	0	0	0	0	
0	0	0	8.61743	0	0	0	0	0	0	0	0	0	0	0	0	0	0	9.6354	0	0	9.89447	0	2.77412	11.6018	5.17168	0	0	10.29547	9.10334	11.85646	0	10.84938	0	0	1.62569	0	9.95479	11.98582	9.32809	8.78477	7.39006	10.24154	9.31436	8.91888	10.41675	10.10974	9.28434	9.91017	6.9744	9.54166	8.51541	10.76181	5.47309	5.78928	10.02438	0	5.14521	5.2597	9.17131	5.28407	4.11022	10.05131	0	0	0	0	0	0	2.77412	0	0	4.3055	0	4.07494	4.76993	10.05867	1.29878	0	3.01653	0	0	0	0	0	0	0	0	0	0	0	0	0	0	0	0	0	0	0	0	
11.72486	0	0	0	10.65181	8.30316	0	0	0	0	0	0	0	0	0	0	0	10.47238	0	0	0	0	0	0	12.52794	0	11.02515	9.41319	0	8.94383	11.13584	0	0	0	12.06904	9.96422	7.46243	12.14388	12.2952	10.87108	7.17974	9.65613	9.79425	8.87577	9.68304	9.78596	10.10582	10.07851	8.41483	10.9576	5.90519	9.59671	7.71719	6.42504	8.32757	8.2193	9.91223	3.39277	3.31722	9.25738	11.71361	0	8.08581	9.24398	12.095	10.47026	6.52757	0	0	0	0	0	0	0	2.11686	0	0	0	0	0	0	0	0	0	0	0	0	0	0	0	0	0	0	0	0	1.17095	0	0	0	0	
0	0	0	0	0	0	0	0	10.04677	0	5.49895	0	0	0	0	0	9.72062	15.0783	11.26243	8.80405	6.95502	6.01001	0	0	0	11.61517	0	6.65403	8.47422	12.59329	0	10.5305	10.95745	5.56951	11.3194	11.20216	9.35512	7.78396	9.4773	11.07981	9.64944	9.6221	5.22503	9.39709	9.6303	8.7221	8.88144	9.21791	8.32185	6.30738	8.6333	10.91072	6.07502	8.99335	5.63794	6.92179	4.30433	11.90295	0	10.83034	5.76394	10.86754	5.64906	0	7.20969	11.09203	0	0	0	0	0	4.72511	0	0	9.35385	0	0	0	9.28315	0	0	0	0	0	0	8.06834	0	0	0	0	0	0	0	0	0	7.32522	0	0	0	0	
0	9.54886	0	0	5.04978	7.89459	0	0	0	0	0	0	0	0	7.8113	10.79486	0	11.69884	8.98534	0	5.88238	0	6.13449	0	0	0	0	0	10.22423	10.59184	9.03397	0	10.14146	5.36592	10.40206	7.46809	8.95194	10.46599	7.96386	9.54779	9.40683	7.9183	8.75263	9.00769	9.35521	8.25405	8.35035	9.81442	8.25163	8.06405	7.82099	8.16133	7.42083	7.67496	7.6934	5.0011	2.24935	7.28677	7.09703	6.5323	0	8.47076	0	10.26106	11.58595	0.50304	5.2324	6.3564	0	0	0	0	0	0	0	2.77412	0	0	0	0	7.50754	0	0	0	0	0	0	0	0	0	0	0	0	0	0	0	0	0	0	0	
0	11.88014	7.79242	0	8.28558	0	0	0	0	0	9.89889	0	0	0	7.17088	6.2338	0	10.09434	0	0	5.89254	2.85953	7.88091	9.15407	7.4475	9.29566	0	5.02366	10.6829	7.01582	13.14547	12.1385	11.90522	10.33379	10.4119	5.58427	8.55765	8.99264	7.41583	9.13581	8.99623	8.3517	6.80992	7.51856	7.50819	6.55178	8.80981	8.10495	9.23196	8.12386	7.79822	8.92943	7.76856	7.5868	7.53871	7.15313	7.93925	4.68525	7.46175	9.8696	0	5.47768	11.85707	8.67791	2.08915	7.75111	0.87531	0	0	0	0	9.07892	0	1.80863	8.34868	0	6.15997	0	1.80863	0	0	0	0	6.77732	0	3.30271	0	0	0	0	0	0	0	0	0	0	0	0	0	0	
0	0	0	0	0	0	0	0	4.00169	0	10.9456	12.38931	0	0	0	0	0	0	10.81137	0	10.58285	0	0	0	0	14.60202	8.82065	0	5.17168	13.03557	5.69719	8.78097	9.67644	7.83036	9.74908	10.97182	7.90507	8.63847	9.48523	9.62976	8.77462	8.0689	8.00856	8.37195	7.34165	6.55687	9.15709	8.15827	8.70836	8.50656	8.7755	7.75125	8.3982	7.50415	7.61678	7.49098	9.29049	9.28664	7.7057	8.66539	9.26199	5.28826	5.23697	5.91123	0	6.49527	0	6.89133	0	0	0	0	0	0	0	0	0	0	0	0	0	5.68593	0	0	0	0	0	8.22604	5.48558	3.01653	0	0	0	0	0	0	0	0	0	0	
0	0	0	0	0	0	0	0	8.97645	9.63843	0	1.62569	0	9.99167	0	0	0	7.78152	9.40446	1.29324	0	0	0.50304	7.69065	5.68593	9.94481	7.63479	9.70076	5.00822	10.58491	0	7.79089	6.70955	4.13531	4.67428	9.07707	8.66343	7.85783	7.45344	5.19115	8.2493	7.86752	7.86935	10.32224	6.09038	6.6495	7.44026	8.42288	7.37491	8.47136	7.8791	6.68321	7.19838	6.68464	8.42646	7.66631	5.91746	8.94485	8.75474	4.66508	6.72542	7.58917	6.88189	3.22401	1.237	8.86419	6.20961	0	0	0	0	0	0	4.14466	8.87755	0	0	0	12.76334	0	0	0	0	0	0	0	0	0	7.52143	0	0.50304	0	0	0	0	0	0	0	0	0	
0	0	10.61198	7.53176	0	2.58648	0	2.77412	8.75334	0	0	0	0	0	0	0	0	7.97317	0	0	0	0	0	11.2412	0	10.04904	0	10.11038	7.81931	8.10047	0	9.14572	0	11.17376	6.22057	8.36532	7.5865	6.94007	2.8022	7.59826	7.79469	8.55014	6.81124	7.18232	8.01146	8.48531	6.48873	8.85215	8.87694	8.52131	6.01372	8.70543	7.69595	7.93243	7.49381	6.73022	7.20297	10.3256	6.75577	6.14053	9.77917	11.17863	6.7099	5.12069	4.60644	0	0	6.88623	5.89254	5.31464	4.26203	0	4.36512	0	2.05556	0	5.85912	0	0	0	0	0	2.95634	0	0	0	0	0	0	0	0	0	0	0	0	0	0	0	0	0	
0	0	0	0	0	0	0	0	2.37069	0	7.11987	7.2402	7.46311	0	12.48186	0	0	7.2678	0	6.45574	0	0	0	0	0	0	9.32786	4.76993	7.74214	0	9.65718	9.00677	6.36143	7.26847	4.14898	7.22736	8.7789	7.4969	6.6812	11.0796	7.63484	7.85388	6.39701	6.71974	5.8623	7.99473	5.31883	7.97069	6.74794	8.66194	7.08073	9.31038	9.18885	8.00702	7.9871	7.6401	5.06288	8.04112	9.20197	4.94398	6.88569	5.75224	8.01384	6.48613	6.93056	6.56353	9.64971	3.56895	0	0	7.1583	0	6.86412	3.40734	0	12.38728	0	0	6.95016	0	0	0	0	0	0	0	0	0	6.80496	0	0	0	0	0	0	0	0	0	0	0	
0	0	0	0	0	0	0	0	0	10.74137	0	0	4.67887	0	0	0	0	0	0	0	0	0	0	8.27402	0	0	9.0503	0	0	4.92564	4.8768	0	0	8.7183	6.52273	8.07281	4.76993	1.17095	7.61036	9.76833	4.42326	9.76003	3.55341	6.61352	8.27461	8.38499	6.23804	6.93462	8.70293	7.57103	7.13311	7.3029	6.94749	6.75961	8.70387	6.47815	9.00885	7.09986	4.73683	6.22745	6.38328	7.14538	4.53531	6.42332	5.86644	6.99206	6.26544	6.91568	5.7275	0	0	11.88588	0	7.72574	0	4.17829	6.20145	0	0	0	0	0	0	0	8.66862	0	0	6.27324	0	0	0	6.42805	0	0	0	0	2.77412	0	0	0	
0	0	0	0	0	0	0	0	0	0	0	9.73975	0	0	0	0	0	6.55056	12.51494	0	0	0	0	0.87531	0	0	0	7.39125	0	0	0	0	5.80611	8.35542	7.97853	0	5.56068	10.24578	2.70132	4.59958	6.48944	9.83253	5.89645	3.207	0	8.26538	7.16573	4.39765	6.54478	6.14192	6.06842	8.04542	7.32525	5.60547	7.50307	5.06856	6.54719	8.38829	7.40795	7.85701	7.17901	5.46325	0	5.81413	8.08921	0	5.09174	3.56644	7.43712	7.53054	0	0	10.68692	1.17095	0	10.85199	0	7.71719	0	0	0	8.57964	0	0	0	0	0	0	0	0	0	0	0	0	0	0	0	0	0	0	
0	0	0	0	5.67893	0	0	0	0	0	6.95016	0	6.64805	0	0	5.4168	0	0	6.71259	0	4.97846	11.49102	0	0	0	9.18005	5.0315	0	0	5.28501	0	8.79716	9.80311	0	0	7.48494	9.1602	3.22401	10.78091	9.98851	5.30436	10.67519	7.22589	4.95594	7.78738	7.79133	11.79225	5.13451	7.43771	8.48685	9.18586	5.75518	8.06828	5.95601	5.9963	6.69091	6.82805	8.46506	4.58745	7.77784	5.62262	7.32894	6.57413	6.61955	6.68541	0	9.77811	6.185	0	0.50304	8.36797	8.51091	7.82446	10.91601	8.43549	0	3.70089	0	0	0	3.22401	0	0	0	0	2.24935	0	0	0	8.34128	0	0	0	0	0	0	0	0	0	0	
0	0	0	0	0	0	0	0	0	0	0	4.63109	1.34167	0	0	5.60168	0	0	0	4.11022	7.88698	0	1.41619	0	0	0	0	0	0	2.70984	8.21935	5.61124	0	0	0	9.92575	0	0	0	6.46258	5.72847	5.12426	4.78077	5.46685	6.94637	6.29507	5.30141	7.29761	6.476	6.09914	0	0	6.50387	8.97349	1.80863	6.983	7.9113	5.36855	5.80438	6.60331	7.77387	7.78462	8.84956	6.19278	7.08487	6.45918	7.5474	5.79649	6.40692	7.98051	0	6.23716	9.63055	9.93439	6.08215	0	3.28703	0	1.97096	0	0	0	0	0	0	0	0	0	0	0	0	0	0	0	0	0	0	0	0	0	
0	0	0	5.45846	0	0	0	0	0	0	0	0	0	0	0	0	9.92699	0	0	0	0	0	5.87214	0	0	0	6.26032	4.18435	4.50423	3.51472	0	0	0	0	0	9.67571	0	0	5.4168	2.97117	5.81066	0	5.34458	0	2.92764	10.49215	6.2202	7.7897	5.11688	5.06391	5.93068	6.44877	7.15094	7.58819	6.10289	6.23927	8.88981	7.10723	6.40251	8.6366	6.08474	4.90484	9.18536	7.73787	6.55881	8.50222	7.17273	7.06698	9.71235	8.32926	2.14688	8.2543	5.47753	2.99221	7.20851	0	11.74271	0	3.49303	8.90543	0.50304	2.58648	5.77656	0	0	7.5474	0	0	0	0	0	0	0	0	0	0	0	1.62569	0	9.95939	
0	0	4.1089	0	0	0	0	0	0	0	0	0	0	0	0	0	0	0	0	0	8.87371	0	0	0	0	8.58801	0	7.63221	0	10.30454	0	9.61636	9.1842	0	8.0343	0	0	9.77881	6.77348	0	5.57668	0	0	5.92723	10.94682	8.86728	0.90432	2.66168	8.29028	4.26093	8.97195	9.70412	6.66488	8.71579	6.54018	9.54882	0	7.41595	6.30082	6.69942	2.83291	8.23547	5.56086	2.51166	6.70313	6.75186	6.20657	0	7.61296	4.89516	4.63808	6.47622	4.51095	7.66681	9.0746	0	6.86051	0	2.40205	8.99663	0	5.22135	0	0	0	0	0	0	7.70408	0	0	0	0	0	0	0	4.55632	0	0	0	
0	0	0	0	0.50304	0	0	0	0	0	0	0	8.3959	0	0	0	0	0	0	0	11.4706	0	0	0	0	0	0	8.7172	0	0	0	7.59487	8.07505	0	0	0	7.08483	0	5.66236	7.94187	0	0	4.26637	0.50304	8.36703	0	3.87891	7.22015	5.86183	5.46384	4.70218	5.76325	6.30404	6.52297	7.99809	0.837	0	5.42062	6.54431	2.22067	6.31784	8.15583	7.52444	6.35061	6.07835	9.05953	6.06837	7.25975	6.81653	7.19236	7.27177	0	0	10.14744	0	8.38334	4.21181	5.42125	0	0	0	0	0	0	9.33998	0.87531	0	0	0	0	0	0	0	0	0	0	9.66684	0	0	0	
0	0	0	0	0	0	0	0	2.11686	0	0	0	4.14466	0	0	0	9.34554	1.41619	7.91967	0	0	0	0	0	5.97228	0	0	0	0	0	0	0	0	0	8.08616	7.98527	0	4.9752	0	0	0	0	8.94505	11.11744	0	5.59957	9.82052	4.60659	0	4.29088	0	8.68626	9.0304	7.25625	0	4.67887	0	10.35787	0	4.8312	7.83603	8.79459	7.52342	8.2414	5.54743	5.41962	6.87843	6.38563	10.26007	7.10963	9.11077	5.52544	8.65794	8.48259	7.64025	5.26327	10.49201	5.10329	0	0.87531	7.02601	9.03155	7.77307	0	1.48979	0.50304	3.3474	3.15811	2.11686	0	4.75551	0	0	9.26589	0	0	0	0	0	0	
0	0	0	0	0	0	0	0	0	0	0	0	0	0	0	0	0	0	0	0	5.32738	0	0	0	0	0	0	0	0	4.65517	0	0	0	0	5.17168	0	0	0	0	0	10.17048	0	8.64475	8.80808	4.65718	0	0	8.5786	6.56784	3.91905	11.03207	0	0	6.15114	2.23612	8.2472	0	0	5.89629	9.97532	7.53772	5.42269	2.07233	6.57273	7.32363	7.38686	4.014	4.54879	6.47647	5.48175	7.56617	6.87031	3.17871	5.69649	1.89066	0	4.77974	0	6.02943	0	0	0	1.97096	0	0	0	8.25249	0	0	0	0	0	0	0	0	0	0	0	0	0	
0	0	0	0	7.18749	0	0	0	0	0	0	13.5637	0	2.85953	0	0	0	0	0	0	0	0	0	0	0	0	0	0	0	0	0	0	0	0	0	0	0	0	0	7.38605	0	0	5.47208	0	6.28825	0	2.11044	7.17921	0	0	3.28703	0	0	0	10.26742	0	0	0.87531	0	9.57513	7.736	3.34682	6.98102	8.9079	7.23032	0	1.54476	5.67505	10.95201	5.78863	4.74333	9.78509	9.80959	4.6738	0	0	3.83782	9.47466	5.84435	6.71832	0.87531	5.57668	0	0	1.97096	0	1.41619	9.69967	0	3.7634	0	0	0	0	8.86985	0	0	0	0	0	
0	0	0	0	0	0	0	0	0	0	0	0	0	0	0	0	0	6.67677	0	0	0	7.59798	6.86494	0	0	0	9.53594	0	0	0	0	0	0	8.93933	6.96083	0	0	0	0	0	0	0	0	0	0	0	0	0	6.66594	0	8.71232	0	0	0	0	10.10018	8.95276	7.37379	4.39403	6.70107	0	4.37733	4.27796	0	8.08163	5.93383	8.28541	7.36603	5.35446	2.81313	5.79266	6.08963	6.02816	5.822	8.45811	3.66833	6.24584	0	7.3984	3.76183	0	0	7.88254	0	3.08906	8.01371	2.85953	1.62569	0	10.06438	0	0	0	0	0	0	8.40344	0	0	0	
0	0	0	0	0	0	0	0	6.72844	0	0	2.77412	0	0	0	0	0	0	0	0	0	0	0	0	0	0	0	4.81338	0	10.47238	0	0	0	0	0	0	0	0	0	7.81013	0	0	0	0	0	6.8701	0	9.75167	3.61637	0	0	7.75668	0	0	0	0	0	0	7.23988	0	10.55867	0	9.433	10.02299	11.02479	6.6987	4.2459	0	0	7.51853	9.3417	7.76777	6.90369	8.77148	9.21072	8.46764	1.73054	0	2.11686	9.12048	4.80478	6.76381	11.27778	10.127	7.90453	0	0.87531	0	0	0	6.69527	0	9.03349	0	0	0	0	0	0	0	
0	0	0	0	0	0	0	0	0	0	0	0	0	2.68334	0	0	0	0	0	2.11686	0	0	0	0	0	1.84428	0	0	0	0	0	0	0	0	7.42316	0	0	6.37113	0	0	10.39314	0	9.60944	8.35237	2.48262	0	0	0	0	0	4.42238	7.81397	0	0	4.45018	0	0	0	0	6.44729	6.59833	0	7.37889	7.65583	6.26544	5.05008	10.06111	8.11684	3.46107	5.48319	6.93513	0	5.90425	5.46501	8.5043	6.76789	4.33115	6.60099	6.54082	5.13519	0	5.35959	10.03247	3.86995	3.9383	0	0	5.75443	1.7194	0	4.53051	0	0	7.48829	0	0	0	0	6.31645	0	
0	0	0	0	0	0	0	1.80863	0	0	0	0	0	0	0	0	0	0	0	0	0	0	1.17095	0	0	0	0	0	7.33644	0	0	0	0	0	7.86723	0	0	4.81338	0	0	0	4.39713	0	0	0	0	2.55165	0	0	0	0	0	10.47745	0	0	0	7.28337	2.85953	0	5.25756	7.36369	0	0	5.30253	0	0.50304	0	6.63887	6.1001	10.58911	9.30803	7.62	7.57922	5.18356	5.80913	7.39449	3.12832	0	6.08865	3.41415	8.44046	6.65053	5.93584	0	4.87075	0	5.04978	3.02069	0	0	5.83044	8.20526	0	0	0	0	8.90166	0	0	0	
0	0	0	0	0	0	0	0	0.50304	0	0	0	0	0	0	0	0	0	0	0	0	0	0	0	0	0	0	0	0	0	0	0	0	0	0	0	0	5.60829	0	0	0	0	0	0	0	0	0	0	0	3.88432	0	4.53302	0	6.3042	0	0	0.50304	3.893	3.15811	0	4.39403	0	7.42316	11.15065	8.51256	7.11725	0	0	7.30079	5.29705	0	0	6.89737	8.02922	7.92652	5.91998	0	3.80181	5.2258	7.15549	2.77094	8.13194	4.79181	0	0	0	4.05873	0	0	0	0	0	5.31806	8.00319	8.67305	0	0	0	0	0	
0	0	0	0	0	0	0	5.04978	0	0	0	0	0	0	0	0	0	0	0	0	0	0	0	0	0	0	0	0	0	0	0	0	0	0	0	0	0	3.53644	0	3.92452	0	0	0	0	0	0	0	0	0	0	4.83057	0	0	8.79323	10.19675	0	0	6.32617	10.95715	8.18874	0	3.3474	0	7.24134	8.15509	10.09764	0	0	7.71752	4.81585	7.18887	6.99279	6.26625	8.17104	8.46226	7.08034	3.72566	0	6.83093	6.64079	7.39483	11.40286	2.87576	5.19208	5.1063	0	0	0.60288	0	0	5.72059	0	0	0	0	1.60285	0	0	0	0	
0	0	0	0	0	0	0	0	0	0	0	0	0	0	0	0	0	0	0	0	0	0	0	0	0	7.62872	0	0	0	0	0	0	0	0	0	0	0	3.08906	0	0	0	0	0	0	6.02784	0	0	0	9.20168	0	0	0	0	0	0	0	0	0	0	0	0	0	7.2864	0	0	5.87159	4.0626	9.03932	0	7.52356	1.57096	0	6.89191	0	8.28064	5.28324	6.78533	4.94162	4.33611	6.45343	3.15977	0	4.61508	0	6.281	6.0707	0	0	0	0	6.82303	0	0	0	0	0	0	1.17095	0	0	
0	0	0	0	0	0	0	0	0	0	0	0	6.39981	0	0	0	0	0	0	0	0	0	0	0	0	0	0	0	0	0	0	0	0	0	0	0	0	0	0	0	0	0	0	0	0	0	0	8.51914	0	0	1.17095	0	11.7213	0	0	0	0	0	0	5.27913	0	0	0	3.88425	5.76554	6.03704	10.95762	0	10.66928	0	0	12.30499	0	0	0	6.89503	6.61713	8.49526	5.50177	4.5383	0	5.64095	4.52282	3.53073	5.79372	1.18535	4.80312	0	4.87621	0	0	0	0	4.47746	0	0	0	0	0	0	
0	0	0	0	0	0	0	0	0	0	0	0	0	0	0	0	0	0	0	0	0	0	0	0	0	0	0	0	0	0	0	0	9.49816	0	0	0	0	0	0	0	2.24935	0	0	0	0	0	0	0	0	0	0	0	0	0	0	0	6.95953	0	0	0	6.4554	0	0	4.87423	0	7.88953	0	0	7.01882	0	0	0	8.4119	0	0	2.11686	0	0	5.58238	9.90971	7.47836	9.13687	10.60272	0	7.25209	0	0	0	1.17095	1.62569	5.84075	5.1587	5.29915	0	0	0	0	0	0	0	
0	0	0	0	0	0	0	6.57305	0	0	0	0	0	0	0	0	0	0	0	0	0	0	0	0	0	0	0	5.98096	0	0	0	0	0	0	0	0	0	0	0	0	0	0	0	0	0	0	0	0	0	0	0	0	0	0	0	0	0	2.24935	0	0	0	0	0	0	0	0	0	0	0	0	2.68754	4.76469	5.8169	0	0	13.33108	5.91267	0	7.88396	6.11726	0	7.05362	0	9.85016	0.87531	10.16001	0	11.30254	0	4.2433	0	2.77412	0	0	0	10.4149	0	0	0	0	
0	0	0	0	0	0	0	0	0	0	0	0	0	0	0	0	0	0	0	0	7.5634	0	0	0	0	0	0	0	0	0	6.17671	0	0	0	0	0	0	0	0	0	0	0	0	0	0	0	0	0	0	0	0	0	0	0	0	0	0	0	0	10.34859	0	0	0	0	6.74662	9.37937	4.63109	3.22312	0	0	0	0	0	0	0	2.24935	5.43646	4.3055	0	0	3.7063	0	0	0	1.95412	5.38834	7.92347	6.42785	9.34369	0	5.73196	6.44196	9.25683	3.80041	0	4.83463	0	0	0	0	
0	0	0	0	0	0	0	0	0	0	0	0	0	0	0	0	0	0	0	0	0	0	0	0	0	0	0	0	0	0	0	0	0	0	0	0	0	0	0	0	0	0	0	0	0	0	0	0	3.92452	0	0	0	0	0	0	0	0	0	0	0	0	0	0	0	0	0	0	0	0	8.79595	8.65076	9.03385	8.45653	0	9.82981	9.1175	0	7.32147	0	0	0	8.21935	6.71832	0	5.18507	0	10.91382	0	0	6.07153	0	2.85992	3.09698	0	1.41619	0	0	0	0	0	
0	0	0	0	0	0	0	0	0	0	0	0	0	0	0	8.51355	0	0	0	0	0	0	0	0	0	0	0	0	0	0	0	0	0	0	5.06784	0	0	0	0	0	0	0	0	0	0	0	0	0	0	0	0	0	0	0	0	0	0	0	0	0	0	0	0	0	0	0	0	0.87531	0	0	0	0	0	6.42805	0	0	0	4.08242	0	0	0	2.58648	0	0	1.63858	0	5.24877	4.66159	6.91068	9.642	7.1456	0	9.49065	0	0	0	0	0	0	0	
0	0	0	0	0	0	0	0	0	0	0	0	0	0	0	0	0	0	0	0	0	0	0	0	0	0	0	0	0	0	0	0	0	0	0	0	0	0	0	0	0	0	0	0	0	0	0	0	6.44196	9.13044	0	0	0	0	0	0	0	0	0	3.46107	0	0	0	0	0	5.27537	0	0	0	0	0	6.30404	0	0	0	0	0	12.95585	0	5.02304	11.43821	0	0	8.82941	0	0	0	0	0	0	0	0	0	0	0	0	0	0	0	0	
0	0	0	0	0	0	0	0	0	0	0	0	0	0	0	0	0	0	0	0	0	0	0	0	0	0	0	0	0	0	0	0	0	0	0	0	0	0	0	0	0	0	0	0	0	0	0	0	0	0	0	0	0	0	0	1.66474	0	0	7.62263	0	0	0	0	0	7.73707	0	0	0	0	0	0	6.68361	0	9.96542	0	0	6.09981	0	0	0	1.6737	5.45516	5.64724	6.1817	0	0	0	6.89053	7.37833	0	6.56784	6.8701	8.01582	0	0	0	0	0	0	0	
0	0	0	0	0	0	0	0	0	0	0	0	0	0	0	0	0	0	0	0	0	0	0	0	0	0	0	0	0	0	0	0	0	0	0	0	0	0	0	0	0	0	0	0	0	0	0	0	0	0	0	0	0	0	0	0	0	0	0	0	0	0	0	0	0	0	0	0	0	0	0	0	0	0	0	0	0	0	0	0	0	0	0	0	0	0	1.17095	0	0	0	0	9.71275	0	0	0	0	0	0	0	0	
0	0	0	0	0	0	0	0	0	0	0	0	0	0	0	0	0	0	0	0	0	0	0	0	0	0	0	0	0	0	0	0	0	0	0	0	0	0	0	0	0	0	0	0	0	0	0	0	0	0	0	0	0	0	0	0	0	0	0	0	0	0	0	0	0	0	0	0	0	0	7.80278	3.80041	0	0	0	0	5.04978	0	0	5.13789	0	0	0	8.16167	0	0	0	0	0	0	6.11409	8.61743	0	0	0	0	0	0	0	0	
0	0	0	0	0	0	0	0	0	0	0	0	0	0	0	0	0	0	0	0	0	0	0	0	0	0	0	0	0	0	0	0	0	0	0	0	0	0	0	0	0	0	0	0	0	0	0	0	0	0	0	0	0	0	0	0	0	0	0	4.07494	0	0	0	0	0	0	0	0	0	0	5.86183	0	0	0	0	0	0	0	0	0	0	0	0	0	0	0	3.96362	0	0	0	0	0	0	0	0	0	0	0	0	0	
0	0	0	0	0	0	0	0	0	0	0	0	0	0	0	0	0	0	0	0	0	0	0	0	0	0	0	0	0	0	0	0	0	0	0	0	0	0	0	0	0	0	0	0	0	0	0	0	0	0	0	0	0	0	0	0	0	0	0	0	0	0	0	0	0	0	0	0	0	7.1625	4.2433	0	0	0	0	0	0	0	2.94017	0	0	0	0	0	0	0	0	0	5.70913	5.66236	0	0	0	0	0	0	0	0	0	0	
0	0	0	0	0	0	0	0	0	0	0	0	0	0	0	0	0	0	0	0	0	0	0	0	0	0	0	0	0	0	0	0	0	0	0	0	0	0	0	0	0	0	0	0	0	0	0	0	0	0	0	0	0	0	0	0	0	0	0	0	0	0	0	0	0	0	0	0	1.97096	0	0	0	0	0	0	0	0	0	0	0	0	0	0	0	0	0	6.31164	0	0	0	0	0	0	0	0	0	0	0	0	0	
0	0	0	0	0	0	0	0	0	0	0	0	0	0	0	0	0	0	0	0	0	0	0	0	0	0	0	0	0	0	0	0	0	0	0	0	0	0	0	0	0	0	0	0	0	0	0	0	0	0	0	0	0	0	0	0	0	0	7.84048	0	0	0	0	0	0	0	0	0	0	0	0	0	0	0	0	1.97096	0	0	0	0	0	0	0	0	0	0	0	0	0	0	0	0	0	0	0	0	0	0	0	0	
0	0	0	0	0	0	0	0	0	0	0	0	0	0	0	0	0	0	0	0	0	0	0	0	0	0	0	0	0	0	0	0	5.86183	0	0	0	0	0	0	0	0	0	0	0	0	0	0	0	0	0	8.65225	0	0	0	0	0	0	0	0	0	0	0	0	0	0	0	0	0	0	0	0	0	0	0	0	1.41619	0	0	0	0	2.58648	0	0	0	0	0	0	0	0	0	0	0	0	0	0	0	0	0	0	0	
0	0	0	0	0	0	0	0	0	0	0	0	0	0	0	0	0	0	0	0	0	0	0	0	0	0	0	0	0	0	0	0	0	0	0	0	0	0	0	0	0	0	0	0	0	0	0	0	0	0	0	0	0	0	0	0	0	0	0	0	0	0	0	0	0	0	0	0	0	0	0	0	0	0	0	0	0	0	0	0	0	0	0	0	0	0	0	0	0	0	0	0	0	0	0	0	0	0	0	0	
0	0	0	0	0	0	0	0	0	0	0	0	0	0	0	0	0	0	0	0	0	0	0	0	0	0	0	0	0	0	0	0	0	0	0	0	0	0	0	0	0	0	0	0	0	0	0	0	0	0	0	0	0	0	0	0	0	0	0	0	0	0	0	0	0	0	0	0	0	0	0	0	0	0	0	0	0	0	0	0	0	0	0	0	0	0	0	0	0	0	0	0	0	0	0	0	0	0	0	0	
0	0	0	0	0	0	0	0	0	0	0	0	0	0	0	0	0	0	0	0	0	0	0	0	0	0	0	0	0	0	0	0	0	0	0	0	0	0	0	0	0	0	0	0	0	0	0	0	0	0	0	0	0	0	0	0	0	0	0	0	0	0	0	0	0	0	0	0	0	0	0	0	0	0	0	0	0	0	0	0	0	0	0	0	0	0	0	0	0	0	0	0	0	0	0	0	0	0	0	0	
0	0	0	0	0	0	0	0	0	0	0	0	0	0	0	0	0	0	0	0	0	0	0	0	0	0	0	0	0	0	0	0	0	0	0	0	0	0	0	0	0	0	0	0	0	0	0	0	0	0	0	0	0	0	0	0	0	0	0	0	0	0	0	0	0	0	0	0	0	0	0	0	0	0	0	0	0	0	0	0	0	0	0	0	0	0	0	0	0	0	0	0	0	0	0	0	0	0	0	0	
0	0	0	0	0	0	0	0	0	0	0	0	0	0	0	0	0	0	0	0	0	0	0	0	0	0	0	0	0	0	0	0	0	0	0	0	0	0	0	0	0	0	0	0	0	0	0	0	0	0	0	0	0	0	0	0	0	0	0	0	0	0	0	0	0	0	0	0	0	0	0	0	0	0	0	0	0	0	0	0	0	0.87531	0	0	0	0	0	0	0	0	0	0	0	0	0	0	0	0	0	0	
0	0	0	0	0	0	0	0	0	0	0	0	0	0	0	0	0	0	0	0	0	0	0	0	0	0	0	0	0	0	0	0	0	0	0	0	0	0	0	0	0	0	0	0	0	0	0	9.16755	0	0	0	0	0	0	0	0	0	0	0	0	0	0	0	0	0	0	0	0	0	0	0	0	0	0	5.88575	0	0	0	0	0	0	0	0	0	0	0	0	0	0	0	0	0	0	0	0	0	0	0	0	0	
