0	0	0	0	0	0	0	0	0	0	0	0	0	0	0	0	0	0	0	0	0	0	0	0	0	0	0	0	0	0	0	0	0	0	0	0	0	0	0	0	0	0	0	0	0	0	0	0	0	0	0	9.8642	0	0	0	0	0	0	0	0	0	0	0	0	0	0	0	0	0	0	0	0	0	0	0	0	0	0	0	0	0	0	0	0	0	0	0	0	0	0	0	0	0	0	0	0	0	0	0	0	
0	0	0	0	0	0	0	0	0	0	0	0	0	0	0	0	0	0	0	0	0	0	0	0	0	0	0	0	0	0	0	0	0	0	0	0	0	0	0	0	0	0	0	0	0	0	0	13.92896	0	0	0	0	0	0	0	0	0	0	0	0	0	0	0	11.50447	0	0	0	0	0	0	0	0	0	0	0	0	0	0	0	0	0	0	0	0	0	0	0	0	0	0	0	0	0	0	0	0	0	0	0	0	
0	0	0	0	0	0	0	0	0	0	0	0	0	0	0	0	0	0	0	0	0	0	0	0	0	0	0	0	0	0	0	0	0	0	0	0	0	0	0	0	0	0	0	0	0	0	0	0	0	0	0	0	0	0	11.51287	0	0	0	0	0	0	0	0	0	0	0	0	0	0	0	0	0	0	0	0	0	0	0	0	0	0	0	0	0	0	0	0	0	0	0	0	0	0	0	0	0	0	0	0	0	
0	0	0	0	0	0	0	0	0	0	0	0	0	0	0	0	0	0	0	0	0	0	0	0	0	0	0	0	0	0	0	0	0	0	0	0	0	0	0	0	0	0	0	0	0	0	15.3728	7.71551	0	0	0	0	0	0	0	0	0	0	0	0	0	0	0	0	0	0	0	0	0	0	0	0	0	0	0	0	0	0	0	0	0	0	0	0	0	0	0	0	0	0	0	0	0	0	0	0	0	0	0	0	
0	0	0	0	0	0	0	0	0	0	0	0	0	0	0	0	0	0	0	0	0	0	0	0	0	0	0	0	0	0	0	0	0	0	0	0	0	9.88545	0	0	0	0	0	12.20616	0	0	0	0	0	0	0	0	0	0	0	0	0	0	0	0	0	0	0	0	0	0	0	0	0	0	0	0	0	0	0	0	0	0	0	0	0	0	0	0	0	0	0	0	0	0	0	0	0	0	0	0	0	0	0	0	
0	0	0	0	0	0	0	0	0	0	0	0	0	0	0	0	0	0	0	0	0	0	0	0	0	0	0	0	0	0	0	0	0	0	0	0	0	0	0	0	0	0	0	0	0	0	0	0	0	0	0	0	0	0	0	0	0	0	0	0	0	0	0	0	0	0	0	0	0	0	0	0	7.89097	0	0	0	0	0	0	0	0	0	0	0	0	0	0	0	0	0	0	0	0	0	0	0	0	0	0	0	
0	0	0	0	0	0	0	0	0	0	0	0	0	0	0	0	0	0	0	0	0	0	0	0	0	0	0	0	0	0	0	0	0	0	0	0	0	0	0	0	0	0	0	0	0	0	0	0	0	0	0	0	0	0	0	0	0	0	0	0	0	0	0	0	0	0	0	0	0	0	0	0	0	0	10.4548	0	0	0	0	0	0	0	0	0	0	0	0	0	0	0	0	0	0	0	0	0	0	0	0	0	
0	0	0	0	0	0	0	0	0	0	0	0	0	0	0	0	0	0	0	0	0	0	0	0	0	0	0	0	0	0	0	0	0	0	0	0	0	0	0	0	0	0	0	0	0	0	0	0	0	0	0	8.24964	0	0	0	14.46093	0	0	10.6942	0	0	0	0	0	0	0	0	0	0	0	0	0	0	0	0	0	0	0	0	0	0	0	0	0	0	0	0	0	0	0	0	0	0	0	0	0	0	0	0	0	
0	0	0	0	0	0	0	0	0	0	0	0	0	0	0	0	0	0	0	0	0	0	0	0	0	0	0	0	7.59984	0	0	0	0	0	0	0	0	0	0	0	0	0	0	0	0	0	0	0	0	0	0	0	0	0	0	0	0	0	0	0	0	0	0	0	0	0	0	6.32548	0	0	0	0	0	0	0	0	0	0	0	0	0	0	0	0	0	0	0	0	0	0	0	0	0	0	0	0	0	0	0	0	
0	0	0	0	0	0	0	0	0	0	0	0	0	0	0	0	0	0	0	0	0	0	0	0	0	0	0	0	0	0	0	0	0	0	0	0	0	0	0	0	0	0	0	0	0	0	0	0	0	0	0	0	0	0	0	8.83529	0	0	0	0	0	0	0	0	0	0	0	0	0	0	0	0	0	0	0	0	0	0	0	0	0	0	0	0	0	0	0	0	0	0	0	0	0	0	0	0	0	0	0	0	
0	0	0	0	0	0	0	0	0	0	0	0	0	0	0	0	0	0	0	0	0	0	0	0	0	0	0	0	0	0	0	0	0	0	0	0	0	0	0	0	0	0	0	0	0	0	0	0	0	0	0	0	0	0	0	0	0	0	0	0	0	0	0	0	0	0	0	9.4706	0	0	0	0	0	0	0	0	0	0	0	0	0	0	0	0	0	0	0	0	0	0	0	0	0	0	0	0	0	0	0	0	
0	0	0	0	0	0	0	0	0	0	0	0	0	0	0	0	0	0	0	0	0	0	0	0	0	0	0	0	0	0	0	0	0	0	0	0	0	0	0	0	0	0	0	0	0	0	0	0	0	0	0	0	3.3826	0	0	0	3.72716	0	0	0	0	0	0	0	0	0	0	0	0	0	0	4.96229	0	0	0	0	0	0	0	0	0	0	0	0	0	0	0	0	0	0	0	0	0	0	0	0	0	0	0	0	
0	0	0	0	0	0	0	0	0	0	0	0	0	0	0	0	0	0	0	0	0	0	0	0	0	0	0	0	0	0	0	0	0	0	0	0	0	0	0	0	0	0	0	0	0	0	0	0	10.22404	0	0	0	12.01583	0	0	0	0	0	0	0	0	0	0	0	0	0	0	7.83646	0	0	0	0	0	0	0	0	0	0	0	0	0	0	0	0	0	0	0	0	0	0	0	0	0	0	0	0	0	0	0	0	
0	0	0	0	0	0	0	0	0	0	0	0	0	0	0	0	0	0	0	0	0	0	0	0	0	0	0	0	0	0	13.2668	0	0	0	0	0	0	0	0	11.58077	0	0	0	0	0	0	0	9.19694	0	0	0	0	0	0	0	0	0	9.08115	8.55331	0	8.89675	0	0	12.02195	0	0	0	0	0	0	0	0	0	0	0	0	0	0	0	0	0	0	0	0	0	0	0	0	0	0	0	0	0	0	0	0	0	0	0	0	
0	0	0	0	0	0	0	0	0	0	0	0	0	0	0	0	0	0	0	0	0	0	0	0	0	0	0	0	0	0	0	0	0	0	0	0	0	0	0	0	0	0	0	0	0	0	0	0	0	0	0	0	0	0	6.66346	0	0	0	0	0	0	0	0	0	0	0	0	0	0	0	0	0	0	0	4.9329	0	0	0	0	0	0	0	0	0	0	0	0	0	0	0	0	0	0	0	0	0	0	0	0	0	
0	0	0	0	0	0	0	0	0	0	0	0	0	0	0	0	0	0	0	0	0	0	0	0	0	0	0	0	0	0	0	0	0	0	0	0	0	0	0	0	0	0	14.93266	0	0	0	0	0	0	0	0	0	8.88025	0	0	0	0	0	0	12.13777	0	0	0	0	0	0	0	0	0	0	0	8.66029	0	0	0	0	0	0	0	0	0	0	0	0	0	0	0	0	0	0	0	0	0	0	0	0	0	0	0	0	
0	0	0	0	0	0	0	0	0	0	0	0	0	0	0	0	0	0	0	0	0	0	0	0	0	0	0	0	0	0	0	0	0	0	0	0	0	0	0	0	0	0	0	7.11991	0	0	0	11.91677	0	0	0	8.72874	0	0	0	0	0	0	4.67744	0	0	0	0	0	0	0	0	0	0	0	0	0	0	0	0	0	0	0	0	0	0	0	0	0	0	0	0	0	0	0	0	0	0	0	0	0	0	0	0	0	
0	0	0	0	0	0	0	0	0	0	0	0	0	0	0	0	0	0	0	0	0	0	0	0	0	0	0	0	0	0	0	0	0	0	0	0	0	0	0	0	0	0	10.7013	0	0	0	0	0	0	0	0	0	0	0	0	8.05341	0	0	0	0	0	0	0	0	0	0	3.69422	0	9.45905	0	0	0	0	0	0	0	0	0	0	0	0	0	0	0	0	0	0	0	0	0	0	0	0	0	0	0	0	0	0	0	
0	0	0	0	0	0	0	0	0	0	0	0	0	0	0	0	0	0	0	0	0	0	0	0	0	0	0	0	0	0	0	0	0	0	0	0	0	0	0	0	12.28913	0	0	0	0	0	0	0	0	0	0	0	0	0	0	0	0	0	0	0	0	0	0	0	0	0	0	0	0	0	0	0	0	0	0	0	0	0	0	0	0	0	0	0	0	0	0	0	0	0	0	0	0	0	0	0	0	0	0	0	
0	0	0	0	0	0	0	0	0	0	0	0	0	0	0	0	0	0	0	0	0	0	0	0	0	0	0	0	0	0	0	0	0	0	0	0	0	0	0	0	0	0	0	0	0	0	0	9.20003	0	0	9.21494	0	0	0	0	0	0	0	0	0	0	0	0	0	0	0	0	0	0	0	0	0	0	0	0	0	8.80925	0	0	0	0	0	0	0	0	0	0	0	0	0	0	0	0	0	0	0	0	0	0	0	
0	0	0	0	0	0	0	0	0	0	0	0	0	0	0	0	0	0	0	0	0	0	0	0	0	0	0	0	0	0	0	0	0	0	0	0	0	0	0	0	0	0	0	0	0	0	0	9.56462	0	0	10.29145	11.24751	0	0	0	0	7.91542	0	9.2678	0	10.0519	0	0	0	0	8.94241	0	0	0	0	0	0	0	0	0	0	0	0	0	0	0	0	0	0	0	0	0	0	0	0	0	0	0	0	0	0	0	0	0	0	
0	0	0	0	0	0	0	0	0	0	0	0	0	0	0	0	0	0	0	0	0	0	0	0	0	0	0	0	0	0	0	0	0	0	0	0	0	0	0	0	0	9.81873	0	0	0	0	0	0	0	0	0	0	0	0	0	0	0	0	0	0	0	0	0	0	0	0	0	0	0	0	0	0	0	0	0	0	0	0	0	0	0	0	0	0	0	0	0	0	0	0	0	0	0	0	0	0	0	0	0	0	
0	0	0	0	0	0	0	0	0	0	0	0	0	0	0	0	0	0	0	0	0	0	0	0	0	0	0	0	0	0	0	8.72602	2.05075	0	0	0	0	0	0	0	0	0	0	0	0	0	0	8.03624	0	0	0	0	0	0	0	0	0	0	0	0	0	0	0	6.53575	0	0	0	5.32104	0	0	0	0	0	0	0	0	0	0	0	0	0	0	0	0	0	0	0	0	0	0	0	0	0	0	0	0	0	0	0	0	
0	0	0	0	0	0	0	0	0	0	0	0	0	0	0	0	0	0	0	0	0	0	0	0	0	0	0	0	0	0	0	10.06126	0	0	4.63738	0	0	0	0	0	0	0	0	0	0	0	0	0	0	0	0	0	0	0	0	0	0	0	0	0	0	0	0	0	0	0	0	0	0	0	0	0	0	0	0	0	0	0	0	0	0	0	0	0	0	0	0	0	0	0	0	0	0	0	0	0	0	0	0	0	
0	0	0	0	0	0	0	0	0	0	0	0	0	0	0	0	0	0	0	0	0	0	0	0	0	0	0	0	0	0	0	0	0	0	0	0	0	0	0	0	0	0	0	10.96583	0	0	0	0	0	13.94532	0	0	0	0	9.66634	0	0	0	0	0	0	0	0	0	0	0	0	0	0	0	0	0	0	0	0	0	0	0	0	2.57571	0	0	0	0	0	0	0	0	0	0	0	0	0	0	0	0	0	0	0	0	
0	0	0	0	0	0	0	0	0	0	0	0	0	0	0	0	0	0	0	0	0	0	0	0	0	0	0	0	0	0	0	0	10.26737	0	0	0	0	0	0	0	0	0	0	0	0	0	0	5.2029	0	0	9.90871	0	0	0	0	0	0	0	7.61842	0	0	0	0	0	0	0	0	0	0	0	3.46703	0	0	0	0	0	0	0	0	0	0	0	0	0	0	7.78295	0	0	0	0	0	0	0	0	0	0	0	0	0	0	
0	0	0	0	0	0	0	0	0	0	0	0	0	0	0	0	0	0	0	0	0	0	0	0	0	0	0	0	0	0	0	0	0	0	0	0	0	0	0	11.73586	0	0	0	0	15.24528	0	8.18076	0	0	0	0	0	0	0	0	0	0	0	0	0	0	0	0	0	0	0	0	0	0	2.59194	0	0	0	0	0	0	0	0	0	0	0	0	0	0	0	0	0	0	0	0	0	0	0	0	0	0	0	0	0	0	
0	0	0	0	0	0	0	0	0	0	0	0	0	0	0	0	0	0	0	0	0	0	0	0	0	0	0	0	0	0	0	0	0	0	0	9.54411	0	0	0	0	0	0	0	0	0	0	0	9.08783	0	0	0	0	0	5.72959	0	0	0	0	0	0	9.26633	0	0	0	0	0	0	0	0	0	0	0	0	0	0	0	0	0	0	0	0	0	0	0	0	0	0	0	0	0	0	0	0	0	8.96618	0	0	0	0	0	
0	0	0	0	0	0	0	0	0	0	0	0	0	0	0	0	0	0	0	0	0	0	0	0	0	0	0	0	0	0	0	0	0	0	0	0	0	0	0	0	0	14.47366	0	0	0	0	0	0	0	0	0	0	0	0	0	0	0	0	0	0	0	0	0	0	0	0	0	9.46932	0	0	0	6.37021	0	0	0	0	0	0	0	0	0	0	0	0	0	0	0	0	0	0	0	0	0	0	0	0	0	0	0	0	
0	0	0	0	0	0	0	0	0	0	0	0	0	0	0	0	0	0	0	0	0	0	0	0	0	0	0	0	0	0	0	0	0	0	0	0	0	0	0	0	9.28825	0	0	0	10.57382	0	0	6.53614	0	0	8.17136	11.73798	0	0	0	11.31528	0	0	9.95654	0	7.29371	0	0	0	0	0	0	0	0	0	0	0	0	0	0	0	0	0	0	0	0	0	0	0	0	0	0	0	0	0	0	0	0	0	0	2.98459	0	0	0	0	
0	0	0	0	0	0	0	0	0	0	0	0	0	0	0	0	0	0	0	0	0	0	0	0	0	0	0	0	0	0	0	0	0	0	0	0	0	0	0	0	0	0	0	0	15.63271	0	0	0	0	2.05075	0	0	7.30523	0	0	0	0	7.38335	0	0	0	7.06223	0	0	0	0	0	0	0	0	0	0	0	0	0	0	0	0	0	0	0	0	0	0	0	0	0	0	0	0	0	0	0	0	0	0	0	0	0	0	
0	0	0	0	0	0	0	0	0	0	0	0	0	0	0	0	0	0	0	0	0	0	0	0	0	0	0	0	0	0	0	0	0	0	0	0	0	0	0	0	0	0	0	12.59687	0	0	12.35363	0	0	0	12.02195	0	0	0	0	0	0	0	0	7.32233	0	0	0	0	8.69791	0	0	8.43251	0	0	0	0	10.33703	0	0	0	4.9911	0	0	0	0	0	0	0	0	0	0	0	0	0	0	0	0	0	0	0	0	0	0	0	
0	0	0	0	0	0	0	0	0	0	0	0	0	0	0	0	0	0	0	0	0	0	0	0	0	0	0	0	0	0	0	0	0	0	0	0	0	0	0	0	0	0	0	0	2.25453	0.70363	0	10.91975	0	0	0	11.60416	6.47588	0	0	4.9029	0	0	0	0	0	0	0	0	0	0	0	10.14375	0	0	0	0	0	11.17836	0	0	0	0	0	0	0	0	0	0	0	0	0	0	0	0	0	0	0	0	0	0	0	0	0	0	
0	0	0	0	0	0	0	0	0	0	0	0	0	0	0	0	0	0	0	0	0	0	0	0	0	0	0	0	0	0	0	0	0	0	0	0	0	15.51621	0	0	0	0	0	0	0	0	0	0	7.47796	0	0	7.12866	0	0	4.16777	0	11.23364	0	0	3.19727	0	0.70363	0	0	0	0	0	0	0	0	0	0	0	0	6.85351	2.86519	0	0	0	0	0	0	0	0	0	0	0	0	0	0	0	0	0	0	0	0	0	0	0	0	
0	0	0	0	0	0	0	0	0	0	0	0	0	0	0	0	0	0	0	0	0	0	0	0	0	0	0	0	0	0	0	0	0	0	0	0	0	0	0	0	0	0	14.71344	0	0	10.08651	0	13.10379	0	0	9.5966	0	11.38	0	9.28825	0	0	0	0	0	0	0	0	9.14822	0	0	0	4.70849	0	0	10.61892	0	0	0	0	0	0	0	7.35039	0	0	0	0	0	0	0	0	0	0	0	0	0	0	0	0	0	0	0	0	0	
0	0	0	0	0	0	0	0	0	0	0	0	0	0	0	0	0	0	0	0	0	0	0	0	0	0	0	0	0	0	0	0	0	0	0	0	0	0	0	0	0	0	0	0	0	0	0	7.57628	10.48232	0	0	13.2621	0	0	0	0	0	0	0	0	0	0	0	0	0	0	0	0	0	0	0	0	0	0	0	0	0	0	0	0	0	0	0	0	0	0	0	0	0	0	7.78394	0	0	0	0	0	0	0	0	0	
0	0	0	0	0	0	0	0	0	0	0	0	0	0	0	0	0	0	0	0	0	0	0	0	0	0	0	0	0	0	0	0	0	0	0	0	0	0	0	0	0	0	0	0	0	0	0	11.94606	0	0	0	0	7.14145	2.05075	0	0	0	0	11.04775	9.49594	0	0	0	0	0	0	0	0	0	0	0	0	0	0	0	0	0	0	0	0	0	0	0	0	0	0	0	0	0	0	0	0	0	0	0	0	0	0	8.27746	0	
0	0	0	0	0	0	0	0	0	0	0	0	0	0	0	0	0	0	0	0	0	0	0	0	0	0	0	0	0	0	0	0	0	0	0	0	0	0	0	0	0	0	9.00199	0	0	0	0	0	0	8.82059	0	9.91299	0	7.43143	0	0	0	0	0	0	0	0	0	0	13.09988	0	0	0	0	0	0	0	0	0	0	0	14.1105	0	0	0	0	0	0	0	0	0	0	0	0	0	0	0	0	0	0	0	0	0	0	0	
0	0	0	0	0	0	0	0	0	0	0	0	12.0423	0	0	0	0	0	0	0	0	0	0	0	0	0	0	0	0	0	10.4274	0	0	0	0	0	0	0	0	0	0	0	10.08424	0	0	0	0	8.76407	0	0	13.86323	0	0	7.97267	3.29291	0	10.07764	0	0	0	0	0	0	8.89747	11.32733	9.33534	0	0	0	0	0	0	0	0	0	0	0	0	0	0	0	0	0	0	0	0	0	0	0	0	0	0	0	0	0	0	0	0	0	0	
0	0	0	0	0	0	0	0	0	0	0	0	0	0	0	0	0	0	0	0	0	0	0	0	0	0	0	0	0	0	0	0	0	0	0	0	0	0	0	0	0	0	0	0	0	10.64991	4.9329	0	4.31172	12.85906	2.05075	7.28164	8.78705	0	9.96564	7.8254	0	0	0	0	11.7765	0	0	0	0	0	0	0	0	7.47692	0	0	0	0	0	0	5.02801	0	0	0	0	0	0	0	0	0	0	0	0	0	0	0	0	0	0	0	0	0	0	0	
0	0	0	0	0	0	0	0	0	0	0	0	0	0	0	8.77239	0	0	0	0	0	0	0	0	0	0	0	0	0	0	0	0	0	0	0	7.65037	11.68883	0	0	0	0	0	0	6.74469	0	10.56965	8.63769	8.8153	6.95666	8.79298	0	0	3.82795	0	13.0019	0	0	0	0	8.26867	0	10.14054	0	6.01105	0	8.82333	0	0	11.12414	0	7.65488	0	0	0	0	10.41952	0	1.1746	0	2.43307	0	0	0	0	0	0	0	0	0	0	9.11098	0	0	0	0	0	0	0	0	0	
0	0	0	0	0	0	0	0	0	0	0	0	0	0	0	0	0	0	0	0	0	0	0	0	0	0	10.82094	0	0	0	0	8.47391	0	0	7.4419	0	0	0	0	0	11.29906	0	0	0	0	0	0	0	12.06368	5.43024	5.76643	9.43436	9.08617	0	10.24512	0	8.73456	0	4.28917	0	2.33041	8.0432	0	0	0	9.97558	0	0	0	0	0	0	0	9.74666	0	0	0	0	0	0	0	0	0	0	0	0	0	0	0	0	0	0	0	0	0	0	2.25453	0	0	0	
0	0	0	0	0	0	0	0	0	0	0	0	0	0	0	0	0	0	0	11.00386	0	0	0	0	0	0	0	0	0	0	0	0	0	0	0	0	0	0	0	0	0	0	0	13.59513	0	0	12.78312	12.37667	10.89234	0	9.09283	9.02182	11.26899	0	0	0	13.04718	0	0	9.98978	6.42024	0	0	12.2119	0	7.04859	0	6.76984	0	0	0	0	0	0	0	0	0	0	0	0	0	0	0	0	0	0	0	0	0	0	9.93254	0	0	0	0	0	0	0	0	0	
0	0	0	0	0	0	0	0	0	0	0	0	8.48913	0	0	0	0	0	0	9.25004	0	0	0	0	0	0	0	0	0	0	0	0	0	7.11587	0	0	0	0	0	0	0	10.87264	13.68038	0	9.87632	0	0	4.98256	9.81772	0	4.35669	9.08915	8.28541	6.93926	9.36977	9.88832	5.76604	4.8519	8.14268	0	0	0	0	0	5.34355	0	0	0	0	0	0	0	0	0	0	0	0	0	11.69075	2.05075	0	0	0	0	0	0	0	0	0	0	0	0	0	0	0	0	0	0	0	0	
0	0	0	0	0	0	0	0	0	0	0	0	0	0	0	0	0	0	0	0	0	0	0	14.24461	0	0	0	0	0	0	0	0	0	0	0	0	0	0	12.00506	0	0	0	7.91671	9.82574	4.40029	0	9.0451	6.46957	0	7.89789	9.23356	7.28568	0	0	0	0	0	5.35087	14.67437	9.80662	12.26814	0	0	0	7.79214	0	0	0	0	0	0	0	0	0	0	0	0	0	0	0	0	0	0	0	0	0	0	0	0	0	0	0	0	0	0	0	0	0	0	0	
0	0	8.52896	0	0	0	0	0	0	0	0	0	0	0	0	0	0	0	0	0	0	0	0	0	0	0	0	0	0	0	0	0	0	0	0	0	0	0	0	0	10.40351	0	0	0	0	9.85835	0	6.01976	9.06261	11.48744	0	8.84912	10.16048	10.29372	0.70363	10.06719	0	0	9.10111	10.23236	8.83184	0	8.45336	9.68629	0	0	0	0	0	0	0	8.12048	0	0	0	0	2.73502	0	0	0	0	0	0	0	0	0	0	0	0	0	0	0	0	0	0	0	0	0	0	0	
0	0	0	0	0	0	0	0	0	0	0	9.05411	0	0	0	0	0	0	0	0	0	0	0	0	0	0	0	0	0	0	0	0	7.6992	0	0	0	0	9.48263	13.33547	10.14935	7.28211	6.39413	0	0	12.51012	8.4024	11.00154	9.8364	11.36972	0	10.29722	0	9.64917	5.26028	0	10.81788	5.63761	10.43214	0	0	0	0	0	0	0	0	0	9.4119	0	0	0	0	7.95451	0	0	10.3655	0	0	9.1923	0	0	0	0	0	0	0	0	0	0	0	0	0	0	0	0	9.16938	0	0	0	0	
0	0	0	0	0	0	0	0	0	0	0	0	0	0	0	0	0	0	0	0	0	0	0	0	0	0	0	0	0	0	0	0	0	0	4.44261	8.96689	0	0	0	6.31432	0	12.72564	0	11.14751	14.29835	10.19888	7.28872	9.1824	7.7225	10.3702	10.37256	10.22404	2.43307	9.31115	0	0	10.9517	0	0	7.97804	8.68254	0	1.1746	0	0	0	0	0	0	0	0	0	0	0	0	0	0	0	4.63738	0	0	0	0	0	0	0	0	7.84043	0	0	0	0	0	0	0	0	0	0	0	0	
0	0	0	0	0	0	0	0	10.87361	0	9.76762	0	0	0	0	0	0	0	0	0	0	0	0	0	0	0	9.90071	0	0	0	0	0	0	0	0.70363	1.1746	0	11.64448	11.99287	0	9.115	7.71223	0	9.61638	3.62239	11.74422	8.73368	7.66998	9.8565	11.36459	0	9.69346	0.70363	0	0	0	9.19947	6.31432	0	0	0	0	1.1746	0	0	0	13.11595	0	0	0	0	0	0	0	0	0	0	0	0	0	0	0	0	0	0	0	0	0	0	0	0	0	0	7.39956	0	0	0	0	0	0	
0	0	0	0	0	0	0	0	0	0	0	11.25458	0	0	13.37093	0	0	0	0	0	0	0	0	0	0	0	0	0	0	0	0	10.57976	0	0	9.36453	0	13.06051	0	0	10.59402	1.81332	0	10.01411	10.90893	10.30183	8.88813	11.06801	9.82189	7.61245	9.72865	6.79449	10.23957	11.06575	9.16968	0	4.74276	10.37999	0	0	13.20754	8.97341	5.43811	0	8.93872	0	0	0	0	0	0	0	0	0	2.43307	0	7.20617	0	0	0	0	0	0	0	6.62115	0	0	0	0	0	0	0	0	0	0	0	0	0	0	0	0	
0	0	0	0	0	0	0	0	0	0	0	0	12.34651	0	0	0	0	0	0	0	0	0	0	0	0	0	0	0	0	10.87361	0	0	7.97988	0	3.09484	0	12.16863	0	13.66391	10.084	10.64061	9.64044	11.43137	10.78784	10.09315	6.49515	9.91386	10.43032	6.41341	9.88751	9.04727	11.23703	10.35238	8.78243	7.65703	8.82178	10.28962	0	0	10.30154	5.15279	0	0	0	0	0	0	0	0	0	0	0	0	9.44848	0	0	0	0	0	0	9.59308	0	0	0	0	0	0	0	0	0	0	0	0	0	0	0	0	0	0	0	
0	0	0	0	0	0	0	13.05017	0	0	0	9.73606	0	0	0	0	0	0	0	0	0	0	0	0	0	0	0	9.0895	0	0	6.33694	0	11.4206	0	0	0	8.53631	8.36259	9.76524	10.08556	10.17368	10.21089	0	11.08793	10.99765	9.81298	9.71159	11.47215	10.78108	10.08363	5.93353	9.42494	9.23506	9.95197	8.15033	8.84312	11.11844	6.63544	9.13542	9.23205	6.65136	12.8246	6.89704	0	10.84579	0	0	0	0	0	0	0	0	10.7474	0	0	0	0	0	0	0	0	0	0	0	0	0	0	0	0	0	0	0	0	0	0	0	0	0	0	
12.61115	0	0	0	0	0	0	0	7.21251	0	0	0	7.74219	0	0	0	0	0	0	0	0	0	0	0	15.00191	0	0	7.96543	0	0	0	0	13.33544	0	10.84663	9.07444	0	6.81081	10.95804	8.43066	8.14597	9.36522	6.82036	10.11803	11.94402	10.43227	10.20029	9.69643	8.03797	5.8998	10.18984	7.35366	8.22194	6.68412	10.31341	9.67115	9.94647	7.89099	0	10.8499	2.05075	1.52902	0	7.18532	0	7.91372	0	0	0	0	6.22014	0	0	0	0	0	0	0	0	0	0	0	5.9865	0	0	11.93138	0	0	0	0	0	0	0	0	0	0	0	0	0	0	
0	0	0	10.32223	0	0	0	0	0	0	0	0	0	0	0	0	0	0	8.54847	0	0	10.39947	0	5.04703	11.91338	7.02789	0	0	10.6503	10.28055	11.68613	0	13.11253	0	0	0.70363	0	10.35907	11.39653	10.17607	9.71407	7.94486	10.40681	9.59523	9.41413	9.89313	9.47614	9.36065	10.11125	6.8615	9.81839	9.37086	10.08959	6.78899	7.79856	9.45688	0	4.22503	6.87896	9.5163	0	5.17806	9.52701	0	0	0	0	0	0	7.79214	0	0	6.39197	0	1.52902	10.95536	11.74275	6.52476	0	1.1746	0	0	0	0	0	0	0	0	0	0	0	0	0	0	0	0	0	0	0	0	
9.1657	0	0	0	11.60746	9.44404	0	0	0	0	0	0	0	0	0	0	0	10.84431	0	0	0	0	0	0	11.34765	0	9.90755	8.98665	0	13.60078	10.33459	0	0	0	10.75372	9.69726	6.53914	10.86052	11.45428	9.6353	8.67267	9.63706	9.86951	9.54665	10.42952	9.28112	9.7574	9.91738	8.81963	10.99636	5.95821	10.18433	11.22154	9.51836	10.84613	10.29857	8.81154	2.57362	5.32544	9.89631	10.38733	0	6.36952	10.37099	10.63897	9.59777	9.01147	0	0	0	0	0	0	0	6.85848	0	0	0	0	0	0	0	0	0	0	0	0	0	0	0	0	0	0	0	0	2.98459	0	0	0	0	
0	0	0	0	0	0	0	0	8.49165	0	9.97378	0	0	0	0	0	10.9843	13.39962	10.51305	7.86786	10.94527	8.8608	0	0	0	12.15894	0	11.59168	7.86432	11.24789	0	10.52787	12.29257	8.21373	10.41239	11.04778	10.11874	7.14615	10.63408	9.24384	9.76286	9.21781	7.09781	9.22444	9.82405	8.70739	9.43962	9.62583	8.83551	8.11943	9.1821	11.55789	9.5522	8.84613	6.0185	6.03787	4.6602	8.94241	0	10.59508	6.14666	10.16523	8.0139	0	10.26603	11.51752	4.16777	0	0	0	0	7.24073	0	0	9.26043	0	0	0	9.70923	0	0	0	0	0	0	7.86786	0	0	0	0	0	0	0	0	0	10.07478	0	0	0	0	
0	10.22556	0	0	4.9911	8.62856	0	0	0	0	0	0	0	0	7.92868	10.46766	0	10.95946	10.32005	0	7.77982	0	5.60811	0	0	0	0	0	10.47695	9.52824	7.94975	0	11.14671	4.52824	11.12251	8.34033	10.11318	10.07683	9.05351	9.73913	8.81668	8.63586	9.41207	8.2629	9.51214	9.0618	8.72602	9.34191	8.74242	8.57874	8.36629	9.14726	8.32085	7.35276	9.12842	8.54866	8.23595	7.47876	9.27605	7.63807	0	8.32065	0	11.63396	10.33747	3.46703	5.52672	9.77178	0	0	0	0	0	0	0	5.34355	0	0	0	0	9.33033	0	0	0	0	0	0	0	0	0	0	0	0	0	0	0	0	0	0	0	
0	10.69366	8.6008	0	9.86431	0	0	0	0	0	8.60779	0	0	0	9.54654	9.62674	0	8.05682	0	0	8.25389	6.27972	9.4537	12.69643	10.25554	9.76032	0	5.6617	8.70878	7.71059	13.1664	11.09167	11.11953	11.09376	10.74254	5.63724	8.53307	9.88421	8.29236	8.20447	8.98313	8.62799	8.10344	7.91477	7.75795	7.88812	9.05144	8.02596	9.82212	8.68112	7.76168	9.51361	8.4834	8.71142	7.87864	7.09232	8.27771	5.7206	7.51026	9.32407	0	7.80816	9.90673	10.50689	2.62566	8.33477	0	0	0	0	0	8.9182	0	0.70363	9.69069	0	6.54549	0	0	0	0	0	0	4.81509	0	2.38812	0	0	0	0	0	0	0	0	0	0	0	0	0	0	
0	0	0	0	0	0	0	0	10.15493	0	9.98098	12.47791	0	0	0	0	0	0	10.07226	0	8.9949	0	0	0	0	11.71443	10.53347	0	7.23472	10.38868	7.77622	9.39314	8.63542	10.56721	9.27389	10.02919	8.38399	9.43689	9.2286	10.31655	7.91722	8.5005	8.76087	8.25877	7.83967	8.0743	8.09803	7.93563	8.72561	9.16638	8.96715	7.90579	8.11521	8.00576	7.71697	9.70604	8.58568	9.70153	11.55538	8.85255	10.01566	5.31205	7.54262	6.8626	0	8.89499	0	9.78716	0	0	0	0	0	0	0	0	0	0	0	0	0	7.92122	0	0	0	0	0	7.56293	8.51167	6.10628	0	0	0	0	0	0	0	0	0	0	
0	0	0	0	0	0	0	0	9.97107	8.77446	0.82122	6.96395	0	12.40487	0	0	0	7.00689	9.41456	5.7536	0	0	0.70363	9.55291	10.37372	7.2043	5.22731	9.92575	6.56029	10.16629	0	8.02097	6.33299	5.15663	6.8094	9.55178	9.85057	7.68914	8.26556	6.39204	7.84643	9.07125	8.86501	9.94992	7.05003	8.81207	8.33808	8.41662	7.09373	9.47656	8.81717	7.44648	7.94198	6.54943	8.68172	8.74159	7.33019	9.75867	9.0895	6.60353	6.35291	8.2889	10.18857	7.72085	1.4326	9.79182	10.82094	0	0	0	0	0	0	7.86008	9.22752	0	0	0	12.59629	0	0	0	0	0	0	0	0	0	7.64132	0	1.52902	0	0	0	0	0	0	0	0	0	
0	0	10.80278	8.28233	0	4.67337	0	3.19727	8.91261	0	0	0	0	0	0	0	0	7.99322	0	0	0	0	0	11.38848	0	10.53033	0	10.85443	8.34596	8.2424	0	8.8545	0	11.47705	6.86466	8.70535	8.40076	8.062	3.35213	10.63508	7.90515	9.16739	6.03824	8.63995	9.1667	8.41935	6.44152	9.47114	8.64691	7.88793	8.51911	8.76122	8.80963	8.891	9.05324	6.95663	8.01946	10.08516	8.92172	8.19016	10.22556	9.19018	5.81434	10.06719	6.0248	0	0	7.53882	7.21654	6.12615	4.32678	0	7.69044	0	1.95481	0	6.07404	0	0	0	0	0	4.66697	0	0	0	0	0	0	0	0	0	0	0	0	0	0	0	0	0	
0	0	0	0	0	0	0	0	0	0	10.12194	7.51314	9.08627	0	12.84372	0	0	8.8153	0	4.96229	0	0	0	0	0	0	8.79502	8.21779	6.96117	0	8.3665	9.00896	7.19346	8.17237	6.12941	8.97117	8.602	8.8091	8.0339	10.00671	9.37372	8.50637	6.45217	7.17156	7.8416	7.9688	6.01227	6.50828	8.63032	6.67632	7.178	9.95248	9.2605	7.83609	8.63136	7.68997	7.14447	8.61357	9.34331	7.62358	8.0523	5.82399	8.4235	8.17542	5.51201	6.78675	7.05543	5.15521	0	0	9.07948	0	8.1038	2.13472	0	13.44717	0	0	0	0	0	0	0	0	0	0	0	0	7.01877	0	0	0	0	0	0	0	0	0	0	0	
0	0	0	0	0	0	0	0	0	10.27324	0	0	6.06623	0	0	0	0	0	0	0	0	0	0	10.50275	0	0	7.87684	0	0	5.33804	7.32067	0	0	7.06291	9.32407	8.03278	5.99692	0.70363	4.40029	8.66923	5.01316	9.68078	5.31239	7.6721	9.9213	9.92227	8.40805	7.23762	9.58146	6.86681	7.74673	9.43513	8.02224	6.83142	9.6814	8.09689	8.49637	6.68736	5.46459	8.03737	7.86512	8.29322	4.85206	9.85732	8.64401	5.11034	7.86008	10.96537	8.28799	0	0	15.42397	0	6.91969	0	3.3826	9.24107	0	0	0	0	0	0	0	10.34682	0	0	4.9329	0	0	0	9.43304	0	0	0	0	8.6513	0	0	0	
0	0	0	0	0	0	0	0	0	0	0	9.79135	0	0	0	0	0	7.32985	12.03216	0	0	0	0	3.3826	0	0	0	6.05263	0	0	0	0	4.97558	7.81031	7.1072	0	4.45766	8.81525	1.81332	4.73626	7.21627	9.09419	7.55718	3.36384	0	8.14747	8.30451	5.60268	8.14657	6.99821	8.22954	10.97637	8.09168	5.07191	8.04599	6.87059	7.76847	7.68412	7.75526	8.96896	7.41091	6.24932	0	7.3129	9.16556	0	6.9489	8.08381	8.8841	8.44118	0	0	9.35625	7.069	0	9.95837	0	8.49668	0	0	0	8.29198	0	0	0	0	0	0	0	0	0	0	0	0	0	0	0	0	0	0	
0	0	0	0	6.9652	0	0	0	0	0	9.15301	0	5.22731	0	0	10.30298	0	0	6.97119	0	7.32333	9.42779	0	0	0	9.53436	6.25618	0	0	7.81517	0	9.37708	10.24437	0	0	6.85848	10.75372	8.07375	10.04333	9.22964	6.24122	8.96618	7.90724	8.21779	8.29113	7.47384	11.80466	5.75803	8.68119	8.88457	9.84956	6.39467	8.95533	7.34074	5.93461	7.90795	6.51802	9.6853	4.609	8.28194	6.04696	8.09031	6.27464	7.00093	8.22106	0	9.01326	11.15111	0	0	9.21611	7.77568	8.32099	10.63891	10.39316	0	6.67094	0	0	0	6.91218	0	0	4.44261	0	3.76264	0	0	0	5.87859	0	0	0	0	0	0	0	0	0	0	
0	0	0	0	0	0	0	0	0	0	0	7.72085	3.00553	0	0	7.88331	0	0	0	7.51809	5.90909	0	0	0	0	0	0	0	0	6.09605	6.85848	6.85986	0	0	0	9.5872	0	0	0	5.29817	5.79968	6.36417	5.29836	5.76728	8.28231	5.32796	6.12516	7.89174	6.61737	7.72732	0	0	8.14723	9.57057	2.43307	9.10794	8.24023	7.69665	7.52108	7.39451	8.45323	7.20261	8.79173	9.09571	6.60325	6.78418	5.68063	9.84524	5.43024	8.53164	0	7.23194	9.36137	9.62099	11.11966	0	6.05263	0	9.11098	0	0	0	0	0	0	0	0	0	0	0	0	0	0	0	0	0	0	0	0	0	
0	0	0	7.17948	0	0	0	0	0	0	0	0	0	0	0	0	2.98459	0	0	0	0	0	9.36315	0	0	0	7.75523	8.17609	10.30082	8.08047	0	0	3.09484	0	0	13.27521	0	0	6.82687	0.35182	7.57454	0	2.05075	0	6.90492	11.23364	9.0684	6.91969	6.73948	7.5719	7.32611	6.99145	8.11495	9.34357	8.258	8.64513	8.48106	7.18816	7.74349	8.25994	8.33048	9.16975	9.06762	8.51082	7.71151	8.267	6.65495	9.8642	11.54556	8.63878	4.29129	9.51238	7.21964	3.79573	6.84348	0	11.92078	0	7.08582	9.87196	0	7.59046	12.37769	0	0	3.54681	0	0	0	0	0	0	0	0	0	0	0	9.42251	0	9.95745	
0	0	7.77994	0	0	0	0	0	0	0	0	0	0	0	0	0	0	0	0	0	8.25092	0	0	0	0	9.61175	0	9.77288	0	10.44572	0	11.20704	10.05957	0	7.55714	0	0	7.38343	6.93195	0	8.8706	0	0	7.21806	12.03864	9.42647	1.4923	5.94884	8.11031	7.46634	8.1066	9.33534	8.32679	7.95249	6.45661	8.67457	0	5.94552	7.49164	8.26269	3.79696	6.85786	6.86266	2.44303	5.59988	8.29837	5.87095	0	8.82625	4.41506	6.90339	8.01922	8.09174	8.71633	0	0	7.27554	0	2.58298	8.02235	0	6.36366	0	0	0	0	0	0	10.05394	0	0	0	0	0	0	0	4.84096	0	0	0	
0	0	0	0	2.25453	0	0	0	0	0	0	0	8.84124	0	0	0	0	0	0	0	8.78889	4.9911	0	0	0	0	0	8.08665	0	0	0	1.1746	9.32972	0	0	0	6.98558	0	4.48373	8.08715	0	0	4.38722	0	8.61937	0	8.70355	7.05543	4.00784	6.04569	8.26278	6.64525	9.55501	7.98356	9.41279	5.29925	0	6.77406	6.43413	3.01252	7.85907	7.48458	8.59545	7.66345	7.00525	9.66368	7.37376	6.52142	6.99219	7.3561	7.89286	0	0	8.89854	0	9.18717	6.05112	7.86997	0	0	0	0	0	0	6.27972	4.67337	0	0	0	0	0	0	0	0	0	0	8.77239	0	0	0	
0	0	0	0	0	0	0	0	7.23472	0	0	0	0.99964	0	0	0	8.51415	2.25453	2.59194	0	0	0	0	0	9.12969	0	0	0	0	0	0	0	0	0	8.35707	8.45077	0	9.01958	0	0	0	0	6.94934	10.41017	0	9.27338	10.29794	7.60451	0	5.78679	0	9.31982	10.13651	8.1058	0	7.96906	0	7.19567	0	7.52646	8.39591	8.479	7.56494	9.12729	6.79927	6.62664	7.51781	7.45923	8.97521	7.51463	7.82824	5.4845	7.70632	6.6026	8.35289	6.0318	8.33584	9.98814	0	0	10.06635	9.91299	8.89131	0	4.37544	0	7.97267	5.34355	7.56674	0	7.18784	0	0	9.53198	0	0	0	0	0	0	
0	0	0	0	0	0	0	0	0	0	0	0	0	0	0	0	0	0	0	0	5.59125	0	0	0	0	0	0	0	0	7.82851	0	0	0	0	6.11938	0	0	0	0	0	9.31413	0	8.69134	9.5429	5.28755	0	0	7.28211	5.25132	5.84223	10.52357	0	0	3.0978	3.34063	7.02955	0	0	7.4754	8.63913	10.39409	6.02745	5.26567	6.58297	8.04957	8.29807	6.28117	5.63922	6.15431	6.43607	9.33656	7.18147	5.14089	7.09019	8.0217	0.70363	5.02899	0	6.00315	0	0	0	9.03695	0	0	0	7.91646	0	0	0	0	0	0	0	0	0	0	0	0	0	
0	0	0	0	9.29693	0	0	0	0	0	0	8.49919	0	5.07421	0	0	0	0	0	0	0	0	0	0	0	0	0	0	0	0	0	0	0	0	0	0	0	0	0	8.37571	0	0	7.59516	0	5.96308	0	3.85109	4.87226	0	0	8.66477	0	0	0	9.43697	0	0	0.70363	0	9.0845	7.38528	7.08892	7.77164	7.7173	7.29066	0	1.71457	4.88162	9.65626	6.5091	8.77696	10.01787	8.97204	5.33161	0	0	6.49453	7.16692	7.70383	5.51201	7.57628	8.70227	2.73502	0	0.70363	0	4.16777	11.60008	0	5.19439	0	0	0	0	8.46623	0	0	0	0	0	
0	0	0	0	0	0	0	0	0	0	0	0	0	0	0	0	0	6.89551	0	0	0	8.25092	9.23205	0	0	0	9.57298	0	0	0	0	0	0	9.36041	7.68124	0	0	0	0	0	0	0	0	0	0	0	0	0	2.05075	0	4.77624	0	0	0	0	9.64619	9.98775	8.94639	4.77624	6.22014	0	6.15416	6.95294	0	8.38075	8.61656	6.20161	8.09436	4.72619	5.7981	8.75792	7.32948	6.81534	5.91501	8.22191	6.0798	7.70365	0	10.24437	9.04063	0	0	8.32698	0	7.33362	9.72665	0.70363	6.43453	0	10.21075	0	0	0	0	0	0	8.78501	0	0	0	
0	0	0	0	0	0	0	0	6.67955	0	0	1.1746	0	0	0	0	0	0	0	0	0	0	0	0	0	0	0	6.68424	0	6.61191	0	0	0	0	0	0	0	0	0	9.37283	0	0	0	0	0	5.2029	0	6.268	8.58435	0	0	10.00059	0	0	0	0	0	0	8.42254	0	7.68485	0	8.60782	10.04027	8.26175	6.69384	5.71512	0	0	8.19085	8.45748	2.86519	8.81534	8.39982	5.91925	8.97389	1.6913	0	2.43307	7.25139	7.30549	8.29766	10.61025	9.59325	10.37987	0	0.70363	0	0	0	6.55517	0	9.95458	0	0	0	0	0	0	0	
0	0	0	0	0	0	0	0	0	0	0	0	0	8.64225	0	0	0	0	0	5.04703	0	0	0	0	0	4.3118	0	0	0	0	0	0	0	0	8.7536	0	0	6.71447	0	0	10.3293	0	8.46367	8.6513	7.02092	0	0	0	0	0	6.89704	6.51607	0	0	5.04703	0	0	0	0	7.12046	6.24457	0	6.37588	9.61175	6.9784	4.38127	10.21897	7.58102	0.70363	6.42082	6.86358	0	7.42986	7.0534	9.4513	8.09702	4.10265	5.7615	8.53376	5.35924	0	7.44606	9.57417	3.79396	4.61382	0	0	7.75903	5.38549	0	10.92536	0	0	7.50317	0	0	0	0	6.25113	0	
0	0	0	0	0	0	0	5.10088	0	0	0	0	0	0	0	0	0	0	0	0	0	0	7.4523	0	0	0	0	0	8.88793	0	0	0	0	0	9.97087	0	0	0	0	0	0	1.73352	0	0	0	0	4.52192	0	0	0	0	0	10.29217	0	0	0	6.05135	9.39718	0	5.0717	9.07354	0	0	7.15788	0	4.87226	0	8.49637	7.3299	9.63361	9.51216	7.74058	9.22903	6.30927	9.74894	7.55068	4.25371	0.70363	6.90497	5.1162	8.2065	8.3129	8.04935	0	6.16785	0	6.0797	5.76253	0	0	11.16302	8.76612	0	0	0	0	10.11459	0	0	0	
0	0	0	0	0	0	0	0	0.70363	0	0	0	0	0	0	0	0	0	0	0	0	0	0	0	0	0	0	0	0	0	0	0	0	0	0	0	0	5.99477	0	0	0	0	0	0	0	0	0	0	0	10.56127	0	5.23866	0	3.38262	0	0	6.32567	7.11639	0	0	5.32104	0	9.37686	11.88574	7.66385	6.20652	0	0	9.62533	7.03728	0	4.80897	7.93747	9.28875	7.76588	8.43407	0	5.39755	4.59125	6.74594	3.53122	9.64611	6.85848	0	0	0	6.9075	0	0	0	0	0	6.68131	9.07009	10.43069	0	0	0	0	0	
0	0	0	0	0	0	0	8.34875	0	0	0	0	0	0	0	0	0	0	0	0	0	0	0	0	0	0	0	0	0	0	0	0	0	0	0	0	0	3.98866	0	7.43668	0	0	0	0	0	0	0	0	0	0	4.58384	0	0	10.62008	9.48007	0	0	8.8968	9.47188	11.62221	0	4.5237	0	7.59428	9.16026	9.63132	0	0	8.6337	5.78092	8.40864	5.87418	6.17379	8.37255	6.49611	7.61588	6.17046	0	8.59078	7.02505	8.02925	9.32265	6.99547	7.7893	4.69769	0	0	0.46909	0	0	6.40273	0	0	0	0	3.13166	0	0	0	0	
0	0	0	0	0	0	0	0	0	0	0	0	0	0	0	0	0	0	0	0	0	0	0	0	0	10.35029	0	0	0	0	0	0	0	0	0	0	0	6.98558	0	0	0	0	0	0	7.77154	0	0	0	8.7991	0	0	0	0	0	0	3.46703	0	0	0	0	0	0	8.286	0	0	7.37564	5.68578	8.4759	0	6.7354	3.42986	0	8.8985	0	9.40656	6.3777	8.41401	6.77134	7.159	6.88979	7.08023	0	7.1392	0	8.21779	6.41117	0	0	0	0	9.21689	0	0	0	0	0	0	4.21737	0	0	
0	0	0	0	0	0	0	0	0	0	0	0	7.45747	0	0	0	0	0	1.52902	0	0	0	0	0	0	0	0	0	0	0	0	0	0	0	0	0	0	0	0	0	0	0	0	0	0	0	0	9.51714	0	0	3.3826	0	8.99134	0	0	0	0	0	0	4.7946	0	0	0	6.23412	4.40029	8.39528	9.67408	0	9.71139	0	0	8.48407	0	0	0	5.51818	6.89003	9.05434	9.30431	5.30467	0	7.85717	6.34765	6.77477	7.65459	5.6038	10.44613	0	11.55115	0	0	0	0	6.86627	0	0	0	0	0	0	
0	0	0	0	0	0	0	0	0	0	0	0	0	0	0	0	0	0	0	0	0	0	0	0	0	0	0	0	0	0	0	0	9.55862	0	0	0	0	0	0	0	2.43307	0	0	0	0	0	0	0	0	0	0	0	0	0	0	0	6.9642	0	0	0	6.53046	0	0	4.01562	0	8.38988	0	0	8.16986	0	0	0	10.96446	0	0	3.62239	0	0	7.13188	9.07004	7.72655	6.79456	10.43855	0	5.98265	0	3.09484	0	0	0.70363	7.03556	5.71415	5.58724	0	0	0	0	0	0	0	
0	0	0	0	0	0	0	1.48132	0	0	0	0	0	0	0	0	0	0	0	0	0	0	0	0	0	0	0	6.58382	0	0	0	0	0	0	0	0	0	0	0	0	0	0	0	0	0	0	0	0	0	0	0	0	0	0	0	0	0	2.05075	0	0	0	0	0	0	0	0	0	0	0	0	5.37245	5.8785	6.44367	2.98459	0	12.12605	6.93459	0	9.93098	5.81557	0	5.64251	0	7.33923	2.05075	9.12155	0	8.98599	0	0.70363	0	3.54681	0	0	0	10.5291	0	0	0	0	
0	0	0	0	0	0	0	0	0	0	0	0	0	0	0	0	0	0	0	0	7.19813	0	0	0	0	0	0	0	0	0	2.25453	0	0	0	0	0	0	0	0	0	0	0	0	0	0	0	0	0	0	0	0	0	0	0	0	0	0	0	0	12.22333	0	0	0	0	6.44498	9.25153	9.10111	8.18276	0	0	0	0	0	0	0	4.5237	5.91277	1.52902	0	0	3.60827	0	0	0	6.30506	5.51201	7.65226	6.64038	9.41589	0	7.29371	7.80842	12.13535	3.76264	0	8.23896	0	0	0	0	
0	0	0	0	0	0	0	0	0	0	0	0	0	0	0	0	0	0	0	0	0	0	0	0	0	0	0	0	0	0	0	0	0	0	0	0	0	0	0	0	0	0	0	0	0	0	0	0	5.74968	0	0	0	0	0	0	0	0	0	0	0	0	0	0	0	0	0	0	0	0	9.30412	10.29289	9.07612	7.48147	0	9.74877	7.29948	0	9.30412	0	0	0	8.68914	7.45747	0	7.92477	0	6.1956	0	0	5.54374	0	4.10012	4.60482	0	6.18317	0	0	0	0	0	
0	0	0	0	0	0	0	0	0	0	0	0	0	0	0	8.05658	0	0	0	0	0	0	0	0	0	0	0	0	0	0	0	0	0	0	9.34931	0	0	0	0	0	0	0	0	0	0	0	0	0	0	0	0	0	0	0	0	0	0	0	0	0	0	0	0	0	0	0	0	7.93611	0	0	0	0	0	7.65037	0	0	0	7.25061	0	0	0	2.25453	0	0	3.10926	0	7.56294	3.88293	10.5087	10.01157	10.66266	0	8.49417	0	0	0	0	0	0	0	
0	0	0	0	0	0	0	0	0	0	0	0	0	0	0	0	0	0	0	0	0	0	0	0	0	0	0	0	0	0	0	0	0	0	0	0	0	0	0	0	0	0	0	0	0	0	0	0	8.63314	1.1746	0	0	0	0	0	0	0	0	0	5.27494	0	0	0	0	0	7.37808	0	0	0	0	0	7.6322	0	0	0	0	0	12.82585	0	6.39302	9.76345	0	0	9.4513	0	0	0	0	0	0	0	0	0	0	0	0	0	0	0	0	
0	0	0	0	0	0	0	0	0	0	0	0	0	0	0	0	0	0	0	3.82795	0	0	0	0	0	0	0	0	0	0	0	0	0	0	0	0	0	0	0	0	0	0	0	0	0	0	0	0	0	0	0	0	0	0	0	3.15363	0	0	12.3921	0	0	0	0	0	6.93459	0	0	0	0	0	0	7.4881	0	9.11753	0	0	9.62444	0	0	0	5.45549	7.50645	5.95946	7.94363	0	0	0	8.00833	7.66302	0	8.01536	11.4133	9.49594	0	0	0	0	0	0	0	
0	0	0	0	0	0	0	0	0	0	0	0	0	0	0	0	0	0	0	0	0	0	0	0	0	0	0	0	0	0	0	0	0	0	0	0	0	0	0	0	0	0	0	0	0	0	0	0	0	0	0	0	0	0	0	0	0	0	0	0	0	0	0	0	0	0	0	0	0	0	0	0	0	0	0	0	0	0	0	0	0	0	0	0	0	0	1.52902	0	0	0	0	9.7318	0	0	0	0	0	0	0	0	
0	0	0	0	0	0	0	0	0	0	0	0	0	0	0	0	0	0	0	0	0	0	0	0	0	0	0	0	0	0	0	0	0	0	0	0	0	0	0	0	0	0	0	0	0	0	0	0	0	0	0	0	0	0	0	0	0	0	0	0	0	0	0	0	0	0	0	0	0	0	9.16352	0	0	0	0	0	1.81332	0	0	8.92555	0	0	0	10.47405	0	0	0	4.48373	0	0	4.21177	8.92011	0	0	0	0	0	0	0	0	
0	0	0	0	0	0	0	0	0	0	0	0	0	0	0	0	0	0	0	0	0	0	0	0	0	0	0	0	0	0	0	0	0	0	0	0	0	0	0	0	0	0	0	0	0	0	0	0	0	0	0	0	0	0	0	0	0	0	0	4.67337	0	0	0	0	0	0	0	0	0	0	6.43453	0	0	0	0	0	0	0	0	0	0	0	0	0	0	0	5.98265	0	0	0	0	0	0	0	0	0	0	0	0	0	
0	0	0	0	0	0	0	0	0	0	0	0	0	0	0	0	0	0	0	0	0	0	0	0	0	0	0	0	0	0	0	0	0	0	0	0	0	0	0	0	0	0	0	0	0	0	0	0	0	0	0	0	0	0	0	0	0	0	0	0	0	0	0	0	0	0	0	0	0	10.18484	9.93354	0	0	0	0	0	0	0	7.73795	0	0	0	0	0	0	0	0	0	7.83249	5.60811	0	0	0	0	0	0	0	0	0	0	
0	0	0	0	0	0	0	0	0	0	0	0	0	0	0	0	0	0	0	0	0	0	0	0	0	0	0	0	0	0	0	0	0	0	0	0	0	0	0	0	0	0	0	0	0	0	0	0	0	0	0	0	0	0	0	0	0	0	0	0	0	0	0	0	0	0	0	0	0	0	0	0	0	0	0	0	0	0	0	0	0	0	0	0	0	0	5.36571	0	0	0	0	0	0	0	0	0	0	0	0	0	
0	0	0	0	0	0	0	0	0	0	0	0	0	0	0	0	0	0	0	0	0	0	0	0	0	0	0	0	0	0	0	0	0	0	0	0	0	0	0	0	0	0	0	0	0	0	0	0	0	0	0	0	0	0	0	0	0	0	8.40601	0	0	0	0	0	0	0	0	0	0	0	0	0	0	0	0	5.83159	0	0	0	0	0	0	0	0	0	0	0	0	0	0	0	0	0	0	0	0	0	0	0	0	
0	0	0	0	0	0	0	0	0	0	0	0	0	0	0	0	0	0	0	0	0	0	0	0	0	0	0	0	0	0	0	0	8.62397	0	0	0	0	0	0	0	0	0	0	0	0	0	0	0	0	0	5.6982	0	0	0	0	0	0	0	0	0	0	0	3.19727	0	0	0	0	0	0	0	0	0	0	0	0	8.74939	0	0	0	0	1.1746	0	0	0	0	0	0	0	0	0	0	0	0	0	0	0	0	0	0	0	
0	0	0	0	0	0	0	0	0	0	0	0	0	0	0	0	0	0	0	0	0	0	0	0	0	0	0	0	0	0	0	0	0	0	0	0	0	0	0	0	0	0	0	0	0	0	0	0	0	0	0	0	0	0	0	0	0	0	0	0	0	0	0	0	0	0	0	0	0	0	0	0	0	0	0	0	0	0	0	0	0	0	0	0	0	0	0	0	0	0	0	0	0	0	0	0	0	0	0	0	
0	0	0	0	0	0	0	0	0	0	0	0	0	0	0	0	0	0	0	0	0	0	0	0	0	0	0	0	0	0	0	0	0	0	0	0	0	0	0	0	0	0	0	0	0	0	0	0	0	0	0	0	0	0	0	0	0	0	0	0	0	0	0	0	0	0	0	0	0	0	0	0	0	0	0	0	0	0	0	0	0	0	0	0	0	0	0	0	0	0	0	0	0	0	0	0	0	0	0	0	
0	0	0	0	0	0	0	0	0	0	0	0	0	0	0	0	0	0	0	0	0	0	0	0	0	0	0	0	0	0	0	0	0	0	0	0	0	0	0	0	0	0	0	0	0	0	0	0	0	0	0	0	0	0	0	0	0	0	0	0	0	0	0	0	0	0	0	0	0	0	0	0	0	0	0	0	0	0	0	0	0	0	0	0	0	0	0	0	0	0	0	0	0	0	0	0	0	0	0	0	
0	0	0	0	0	0	0	0	0	0	0	0	0	0	0	0	0	0	0	0	0	0	0	0	0	0	0	0	0	0	0	0	0	0	0	0	0	0	0	0	0	0	0	0	0	0	0	0	0	0	0	0	0	0	0	0	0	0	0	0	0	0	0	0	0	0	0	0	0	0	0	0	0	0	0	0	0	0	0	0	0	0	0	0	0	0	0	0	0	0	0	0	0	0	0	0	0	0	0	0	
0	0	0	0	0	0	0	0	0	0	0	0	0	0	0	0	0	0	0	0	0	0	0	0	0	0	0	0	0	0	0	0	0	0	0	0	0	0	0	0	0	0	0	0	0	0	0	0	0	0	0	0	0	0	0	0	0	0	0	0	0	0	0	0	0	0	0	0	0	0	0	0	0	0	0	0	0	0	0	0	0	0	0	0	0	0	0	0	0	0	0	0	0	0	0	0	0	0	0	0	
0	0	0	0	0	0	0	0	0	0	0	0	0	0	0	0	0	0	0	0	0	0	0	0	0	0	0	0	0	0	0	0	0	0	0	0	0	0	0	0	0	0	0	0	0	0	0	11.0699	0	0	0	0	0	0	0	0	0	0	0	0	0	0	0	0	0	0	0	0	0	0	0	0	0	0	9.8348	0	0	0	0	0	0	0	0	0	0	0	0	0	0	0	0	0	0	0	0	0	0	0	0	0	
