0	0	0	0	0	0	0	0	0	0	0	0	0	0	0	0	0	0	0	0	0	0	0	0	0	0	0	0	0	0	0	0	0	0	0	0	0	0	0	0	0	0	0	0	0	0	0	0	0	0	0	8.56357	0	0	0	0	0	0	0	0	0	0	0	0	0	0	0	0	0	0	0	0	0	0	0	0	0	0	0	0	0	0	0	0	0	0	0	0	0	0	0	0	0	0	0	0	0	0	0	0	
0	0	0	0	0	0	0	0	0	0	0	0	0	0	0	0	0	0	0	0	0	0	0	0	0	0	0	0	0	0	0	0	0	0	0	0	0	0	0	0	0	0	0	0	0	0	0	14.77291	0	0	0	0	0	0	0	0	0	0	0	0	0	0	0	11.28454	0	0	0	0	0	0	0	0	0	0	0	0	0	0	0	0	0	0	0	0	0	0	0	0	0	0	0	0	0	0	0	0	0	0	0	0	
0	0	0	0	0	0	0	0	0	0	0	0	0	0	0	0	0	0	0	0	0	0	0	0	0	0	0	0	0	0	0	0	0	0	0	0	0	0	0	0	0	0	0	0	0	0	0	0	0	0	0	0	0	0	10.46048	0	0	0	0	0	0	0	0	0	0	0	0	0	0	0	0	0	0	0	0	0	0	0	0	0	0	0	0	0	0	0	0	0	0	0	0	0	0	0	0	0	0	0	0	0	
0	0	0	0	0	0	0	0	0	0	0	0	0	0	0	0	0	0	0	0	0	0	0	0	0	0	0	0	0	0	0	0	0	0	0	0	0	0	0	0	0	0	0	0	0	0	13.94867	6.55702	0	0	0	0	0	0	0	0	0	0	0	0	0	0	0	0	0	0	0	0	0	0	0	0	0	0	0	0	0	0	0	0	0	0	0	0	0	0	0	0	0	0	0	0	0	0	0	0	0	0	0	0	
0	0	0	0	0	0	0	0	0	0	0	0	0	0	0	0	0	0	0	0	0	0	0	0	0	0	0	0	0	0	0	0	0	0	0	0	0	5.41657	0	0	0	0	0	12.51396	0	0	0	0	0	0	0	0	0	0	0	0	0	0	0	0	0	0	0	0	0	0	0	0	0	0	0	0	0	0	0	0	0	0	0	0	0	0	0	0	0	0	0	0	0	0	0	0	0	0	0	0	0	0	0	0	
0	0	0	0	0	0	0	0	0	0	0	0	0	0	0	0	0	0	0	0	0	0	0	0	0	0	0	0	0	0	0	0	0	0	0	0	0	0	0	0	0	0	0	0	0	0	0	0	0	0	0	0	0	0	0	0	0	0	0	0	0	0	0	0	0	0	0	0	0	0	0	0	7.68426	0	0	0	0	0	0	0	0	0	0	0	0	0	0	0	0	0	0	0	0	0	0	0	0	0	0	0	
0	0	0	0	0	0	0	0	0	0	0	0	0	0	0	0	0	0	0	0	0	0	0	0	0	0	0	0	0	0	0	0	0	0	0	0	0	0	0	0	0	0	0	0	0	0	0	0	0	0	0	0	0	0	0	0	0	0	0	0	0	0	0	0	0	0	0	0	0	0	0	0	0	0	9.99715	0	0	0	0	0	0	0	0	0	0	0	0	0	0	0	0	0	0	0	0	0	0	0	0	0	
0	0	0	0	0	0	0	0	0	0	0	0	0	0	0	0	0	0	0	0	0	0	0	0	0	0	0	0	0	0	0	0	0	0	0	0	0	0	0	0	0	0	0	0	0	0	0	0	0	0	0	8.91632	0	0	0	12.79179	0	0	9.06995	0	0	0	0	0	0	0	0	0	0	0	0	0	0	0	0	0	0	0	0	0	0	0	0	0	0	0	0	0	0	0	0	0	0	0	0	0	0	0	0	0	
0	0	0	0	0	0	0	0	0	0	0	0	0	0	0	0	0	0	0	0	0	0	0	0	0	0	0	0	6.04425	0	0	0	0	0	0	0	0	0	0	0	0	0	0	0	0	0	0	0	0	0	0	0	0	0	0	0	0	0	0	0	0	0	0	0	0	0	0	7.14634	0	0	0	0	0	0	0	0	0	0	0	0	0	0	0	0	0	0	0	0	0	0	0	0	0	0	0	0	0	0	0	0	
0	0	0	0	0	0	0	0	0	0	0	0	0	0	0	0	0	0	0	0	0	0	0	0	0	0	0	0	0	0	0	0	0	0	0	0	0	0	0	0	0	0	0	0	0	0	0	0	0	0	0	0	0	0	0	7.87518	0	0	0	0	0	0	0	0	0	0	0	0	0	0	0	0	0	0	0	0	0	0	0	0	0	0	0	0	0	0	0	0	0	0	0	0	0	0	0	0	0	0	0	0	
0	0	0	0	0	0	0	0	0	0	0	0	0	0	0	0	0	0	0	0	0	0	0	0	0	0	0	0	0	0	0	0	0	0	0	0	0	0	0	0	0	0	0	0	0	0	0	0	0	0	0	0	0	0	0	0	0	0	0	0	0	0	0	0	0	0	0	10.19218	0	0	0	0	0	0	0	0	0	0	0	0	0	0	0	0	0	0	0	0	0	0	0	0	0	0	0	0	0	0	0	0	
0	0	0	0	0	0	0	0	0	0	0	0	0	0	0	0	0	0	0	0	0	0	0	0	0	0	0	0	0	0	0	0	0	0	0	0	0	0	0	0	0	0	0	0	0	0	0	0	0	0	0	0	0.9782	0	0	0	3.12209	0	0	0	0	0	0	0	0	0	0	0	0	0	0	3.131	0	0	0	0	0	0	0	0	0	0	0	0	0	0	0	0	0	0	0	0	0	0	0	0	0	0	0	0	
0	0	0	0	0	0	0	0	0	0	0	0	0	0	0	0	0	0	0	0	0	0	0	0	0	0	0	0	0	0	0	0	0	0	0	0	0	0	0	0	0	0	0	0	0	0	0	0	8.58924	0	0	0	11.62813	0	0	0	0	0	0	0	0	0	0	0	0	0	0	2.96168	0	0	0	0	0	0	0	0	0	0	0	0	0	0	0	0	0	0	0	0	0	0	0	0	0	0	0	0	0	0	0	0	
0	0	0	0	0	0	0	0	0	0	0	0	0	0	0	0	0	0	0	0	0	0	0	0	0	0	0	0	0	0	11.4505	0	0	0	0	0	0	0	0	12.53404	0	0	0	0	0	0	0	9.9827	0	0	0	0	0	0	0	0	0	8.00069	9.14232	0	7.78922	0	0	10.81375	0	0	0	0	0	0	0	0	0	0	0	0	0	0	0	0	0	0	0	0	0	0	0	0	0	0	0	0	0	0	0	0	0	0	0	0	
0	0	0	0	0	0	0	0	0	0	0	0	0	0	0	0	0	0	0	0	0	0	0	0	0	0	0	0	0	0	0	0	0	0	0	0	0	0	0	0	0	0	0	0	0	0	0	0	0	0	0	0	0	0	6.53936	0	0	0	0	0	0	0	0	0	0	0	0	0	0	0	0	0	0	0	2.54849	0	0	0	0	0	0	0	0	0	0	0	0	0	0	0	0	0	0	0	0	0	0	0	0	0	
0	0	0	0	0	0	0	0	0	0	0	0	0	0	0	0	0	0	0	0	0	0	0	0	0	0	0	0	0	0	0	0	0	0	0	0	0	0	0	0	0	0	13.81654	0	0	0	0	0	0	0	0	0	9.33449	0	0	0	0	0	0	11.17864	0	0	0	0	0	0	0	0	0	0	0	9.36027	0	0	0	0	0	0	0	0	0	0	0	0	0	0	0	0	0	0	0	0	0	0	0	0	0	0	0	0	
0	0	0	0	0	0	0	0	0	0	0	0	0	0	0	0	0	0	0	0	0	0	0	0	0	0	0	0	0	0	0	0	0	0	0	0	0	0	0	0	0	0	0	5.9805	0	0	0	11.55479	0	0	0	7.85706	0	0	0	0	0	0	4.64076	0	0	0	0	0	0	0	0	0	0	0	0	0	0	0	0	0	0	0	0	0	0	0	0	0	0	0	0	0	0	0	0	0	0	0	0	0	0	0	0	0	
0	0	0	0	0	0	0	0	0	0	0	0	0	0	0	0	0	0	0	0	0	0	0	0	0	0	0	0	0	0	0	0	0	0	0	0	0	0	0	0	0	0	9.14356	0	0	0	0	0	0	0	0	0	0	0	0	8.20183	0	0	0	0	0	0	0	0	0	0	1.29578	0	8.39089	0	0	0	0	0	0	0	0	0	0	0	0	0	0	0	0	0	0	0	0	0	0	0	0	0	0	0	0	0	0	0	
0	0	0	0	0	0	0	0	0	0	0	0	0	0	0	0	0	0	0	0	0	0	0	0	0	0	0	0	0	0	0	0	0	0	0	0	0	0	0	0	13.36897	0	0	0	0	0	0	0	0	0	0	0	0	0	0	0	0	0	0	0	0	0	0	0	0	0	0	0	0	0	0	0	0	0	0	0	0	0	0	0	0	0	0	0	0	0	0	0	0	0	0	0	0	0	0	0	0	0	0	0	
0	0	0	0	0	0	0	0	0	0	0	0	0	0	0	0	0	0	0	0	0	0	0	0	0	0	0	0	0	0	0	0	0	0	0	0	0	0	0	0	0	0	0	0	0	0	0	13.17523	0	0	8.60008	0	0	0	0	0	0	0	0	0	0	0	0	0	0	0	0	0	0	0	0	0	0	0	0	0	7.59298	0	0	0	0	0	0	0	0	0	0	0	0	0	0	0	0	0	0	0	0	0	0	0	
0	0	0	0	0	0	0	0	0	0	0	0	0	0	0	0	0	0	0	0	0	0	0	0	0	0	0	0	0	0	0	0	0	0	0	0	0	0	0	0	0	0	0	0	0	0	0	11.79653	0	0	8.89139	10.12985	0	0	0	0	7.78598	0	9.71107	0	9.48757	0	0	0	0	7.16588	0	0	0	0	0	0	0	0	0	0	0	0	0	0	0	0	0	0	0	0	0	0	0	0	0	0	0	0	0	0	0	0	0	0	
0	0	0	0	0	0	0	0	0	0	0	0	0	0	0	0	0	0	0	0	0	0	0	0	0	0	0	0	0	0	0	0	0	0	0	0	0	0	0	0	0	8.76197	0	0	0	0	0	0	0	0	0	0	0	0	0	0	0	0	0	0	0	0	0	0	0	0	0	0	0	0	0	0	0	0	0	0	0	0	0	0	0	0	0	0	0	0	0	0	0	0	0	0	0	0	0	0	0	0	0	0	
0	0	0	0	0	0	0	0	0	0	0	0	0	0	0	0	0	0	0	0	0	0	0	0	0	0	0	0	0	0	0	7.66715	0	0	0	0	0	0	0	0	0	0	0	0	0	0	0	7.65678	0	0	0	0	0	0	0	0	0	0	0	0	0	0	0	3.71431	0	0	0	2.66341	0	0	0	0	0	0	0	0	0	0	0	0	0	0	0	0	0	0	0	0	0	0	0	0	0	0	0	0	0	0	0	0	
0	0	0	0	0	0	0	0	0	0	0	0	0	0	0	0	0	0	0	0	0	0	0	0	0	0	0	0	0	0	0	10.60945	0	0	4.81565	0	0	0	0	0	0	0	0	0	0	0	0	0	0	0	0	0	0	0	0	0	0	0	0	0	0	0	0	0	0	0	0	0	0	0	0	0	0	0	0	0	0	0	0	0	0	0	0	0	0	0	0	0	0	0	0	0	0	0	0	0	0	0	0	0	
0	0	0	0	0	0	0	0	0	0	0	0	0	0	0	0	0	0	0	0	0	0	0	0	0	0	0	0	0	0	0	0	0	0	0	0	0	0	0	0	0	0	0	12.26689	0	0	0	0	0	9.72354	0	0	0	0	9.35921	0	0	0	0	0	0	0	0	0	0	0	0	0	0	0	0	0	0	0	0	0	0	0	0	1.06797	0	0	0	0	0	0	0	0	0	0	0	0	0	0	0	0	0	0	0	0	
0	0	0	0	0	0	0	0	0	0	0	0	0	0	0	0	0	0	0	0	0	0	0	0	0	0	0	0	0	0	0	0	6.20464	0	0	0	0	0	0	0	0	0	0	0	0	0	0	3.65999	0	0	7.86947	0	0	0	0	0	0	0	7.43211	0	0	0	0	0	0	0	0	0	0	0	2.66341	0	0	0	0	0	0	0	0	0	0	0	0	0	0	7.2082	0	0	0	0	0	0	0	0	0	0	0	0	0	0	
0	0	0	0	0	0	0	0	0	0	0	0	0	0	0	0	0	0	0	0	0	0	0	0	0	0	0	0	0	0	0	0	0	0	0	0	0	0	0	12.63243	0	0	0	0	17.18094	0	9.12988	0	0	0	0	0	0	0	0	0	0	0	0	0	0	0	0	0	0	0	0	0	0	0	0	0	0	0	0	0	0	0	0	0	0	0	0	0	0	0	0	0	0	0	0	0	0	0	0	0	0	0	0	0	
0	0	0	0	0	0	0	0	0	0	0	0	0	0	0	0	0	0	0	0	0	0	0	0	0	0	0	0	0	0	0	0	0	0	0	11.92786	0	0	0	0	0	0	0	0	0	0	0	10.17109	0	0	0	0	0	7.03307	0	0	0	0	0	0	8.25089	0	0	0	0	0	0	0	0	0	0	0	0	0	0	0	0	0	0	0	0	0	0	0	0	0	0	0	0	0	0	0	0	0	11.13139	0	0	0	0	0	
0	0	0	0	0	0	0	0	0	0	0	0	0	0	0	0	0	0	0	0	0	0	0	0	0	0	0	0	0	0	0	0	0	0	0	0	0	0	0	0	0	13.30673	0	0	0	0	0	0	0	0	0	0	5.0449	0	0	0	0	0	0	0	0	0	0	0	0	0	0	1.55587	0	0	0	6.44848	0	0	0	0	0	0	0	0	0	0	0	0	0	0	0	0	0	0	0	0	0	0	0	0	0	0	0	0	
0	0	0	0	0	0	0	0	0	0	0	0	0	0	0	0	0	0	0	0	0	0	0	0	0	0	0	0	0	0	0	0	0	0	0	0	0	0	0	0	8.11616	0	0	0	10.3071	0	0	5.84939	0	0	8.57463	10.47629	0	0	0	11.4535	0	0	8.87955	0	8.76358	0	0	0	0	0	0	0	0	0	0	0	0	0	0	0	0	0	0	0	0	0	0	0	0	0	0	0	0	0	0	0	0	0	0	1.55587	0	0	0	0	
0	0	0	0	0	0	0	0	0	0	0	0	0	0	0	0	0	0	0	0	0	0	0	0	0	0	0	0	0	0	0	0	0	0	0	0	0	0	0	0	0	0	0	0	13.94969	0	0	0	0	0	0	0	9.12613	0	0	0	0	6.02288	0	0	0	9.28263	0	0	0	0	0	0	0	0	0	0	0	0	0	0	0	0	0	0	0	0	0	0	0	0	0	0	0	0	0	0	0	0	0	0	0	0	0	0	
0	0	0	0	0	0	0	0	0	0	0	0	0	0	0	0	0	0	0	0	0	0	0	0	0	0	0	0	0	0	0	0	0	0	0	0	0	0	0	0	0	0	0	11.2097	0	0	11.80398	0	0	0	9.5919	0	0	0	0	0	0	0	0	6.86939	0	0	0	0	6.14657	0	0	9.09448	0	0	0	0	9.51557	0	0	0	2.13593	0	0	0	0	0	0	0	0	0	0	0	0	0	0	0	0	0	0	0	0	0	0	0	
0	0	0	0	0	0	0	0	0	0	0	0	0	0	0	0	0	0	0	0	0	0	0	0	0	0	0	0	0	0	0	0	0	0	0	0	0	0	0	0	0	0	0	0	0.9782	0.9782	0	10.18378	0	0	0	7.37416	2.42363	0	0	5.41657	0	0	0	0	0	0	0	0	0	0	0	10.8739	0	0	0	0	0	9.99646	0	0	0	0	0	0	0	0	0	0	0	0	0	0	0	0	0	0	0	0	0	0	0	0	0	0	
0	0	0	0	0	0	0	0	0	0	0	0	0	0	0	0	0	0	0	0	0	0	0	0	0	0	0	0	0	0	0	0	0	0	0	0	0	14.60923	0	0	0	0	0	0	0	0	0	0	9.87355	0	0	6.26429	0	0	4.51261	0	8.33997	0	0	2.42363	0	0.57046	0	0	0	0	0	0	0	0	0	0	0	0	6.10907	2.13593	0	0	0	0	0	0	0	0	0	0	0	0	0	0	0	0	0	0	0	0	0	0	0	0	
0	0	0	0	0	0	0	0	0	0	0	0	0	0	0	0	0	0	0	0	0	0	0	0	0	0	0	0	0	0	0	0	0	0	0	0	0	0	0	0	0	0	13.90341	0	0	9.39395	0	11.36504	0	0	6.74444	0	11.67361	0	10.52696	0	0	0	0	0	0	0	0	8.12119	0	0	0	3.54479	0	0	10.18799	0	0	0	0	0	0	0	3.65999	0	0	0	0	0	0	0	0	0	0	0	0	0	0	0	0	0	0	0	0	0	
0	0	0	0	0	0	0	0	0	0	0	0	0	0	0	0	0	0	0	0	0	0	0	0	0	0	0	0	0	0	0	0	0	0	0	0	0	0	0	0	0	0	0	0	0	0	0	6.87536	10.67255	0	0	12.59932	0	0	0	0	0	0	0	0	0	0	0	0	0	0	0	0	0	0	0	0	0	0	0	0	0	0	0	0	0	0	0	0	0	0	0	0	0	0	7.26929	0	0	0	0	0	0	0	0	0	
0	0	0	0	0	0	0	0	0	0	0	0	0	0	0	0	0	0	0	0	0	0	0	0	0	0	0	0	0	0	0	0	0	0	0	0	0	0	0	0	0	0	0	0	0	0	0	11.13014	0	0	0	0	6.33171	0.9782	0	0	0	0	8.98861	7.43211	0	0	0	0	0	0	0	0	0	0	0	0	0	0	0	0	0	0	0	0	0	0	0	0	0	0	0	0	0	0	0	0	0	0	0	0	0	0	5.83953	0	
0	0	0	0	0	0	0	0	0	0	0	0	0	0	0	0	0	0	0	0	0	0	0	0	0	0	0	0	0	0	0	0	0	0	0	0	0	0	0	0	0	0	7.84202	0	0	0	0	0	0	8.1317	0	7.04392	0	5.08669	0	0	0	0	0	0	0	0	0	0	13.27171	0	0	0	0	0	0	0	0	0	0	0	12.15918	0	0	0	0	0	0	0	0	0	0	0	0	0	0	0	0	0	0	0	0	0	0	0	
0	0	0	0	0	0	0	0	0	0	0	0	13.17636	0	0	0	0	0	0	0	0	0	0	0	0	0	0	0	0	0	10.81957	0	0	0	0	0	0	0	0	0	0	0	8.40365	0	0	0	0	6.66392	0	0	14.74143	0	0	6.7767	4.28028	0	9.44426	0	0	0	0	0	0	8.08815	9.35173	8.84801	0	0	0	0	0	0	0	0	0	0	0	0	0	0	0	0	0	0	0	0	0	0	0	0	0	0	0	0	0	0	0	0	0	0	
0	0	0	0	0	0	0	0	0	0	0	0	0	0	0	0	0	0	0	0	0	0	0	0	0	0	0	0	0	0	0	0	0	0	0	0	0	0	0	0	0	0	0	0	0	9.28733	4.00322	0	2.42363	14.11533	0	8.25543	8.45968	0	10.57958	6.71846	0	0	0	0	10.98578	0	0	0	0	0	0	0	0	6.75995	0	0	0	0	0	0	4.43524	0	0	0	0	0	0	0	0	0	0	0	0	0	0	0	0	0	0	0	0	0	0	0	
0	0	0	0	0	0	0	0	0	0	0	0	0	0	0	7.14626	0	0	0	0	0	0	0	0	0	0	0	0	0	0	0	0	0	0	0	5.95683	10.94484	0	0	0	0	0	0	5.8876	0	11.10621	7.78685	9.64269	5.81488	10.48461	0	0	2.96168	0	13.93337	0	0	0	0	5.95683	0	6.69801	0	5.4649	0	6.30541	0	0	11.06924	0	9.30271	0	0	0	0	10.40716	0	4.51261	0	2.28694	0	0	0	0	0	0	0	0	0	0	10.51458	0	0	0	0	0	0	0	0	0	
0	0	0	0	0	0	0	0	0	0	0	0	0	0	0	0	0	0	0	0	0	0	0	0	0	0	11.02258	0	0	0	0	4.51261	0	0	8.88696	0	0	0	0	0	12.43025	0	0	0	0	0	0	0	10.95597	6.26957	3.95891	8.67048	10.0067	0	8.71446	0	9.07774	0	6.19789	0	1.29578	6.95648	0	0	0	8.5204	0	0	0	0	0	0	0	9.95758	0	0	0	0	0	0	0	0	0	0	0	0	0	0	0	0	0	0	0	0	0	0	5.36657	0	0	0	
0	0	0	0	0	0	0	0	0	0	0	0	0	0	0	0	0	0	0	14.72514	0	0	0	0	0	0	0	0	0	0	0	0	0	0	0	0	0	0	0	0	0	0	0	14.09747	0	0	11.54369	12.04311	10.14969	0	9.59914	7.57878	11.95931	0	0	0	13.2393	0	0	9.06706	7.99965	0	0	11.81412	0	4.41758	0	5.83953	0	0	0	0	0	0	0	0	0	0	0	0	0	0	0	0	0	0	0	0	0	0	8.19406	0	0	0	0	0	0	0	0	0	
0	0	0	0	0	0	0	0	0	0	0	0	7.63934	0	0	0	0	0	0	9.01421	0	0	0	0	0	0	0	0	0	0	0	0	0	6.62327	0	0	0	0	0	0	0	10.07381	12.00105	0	8.62255	0	0	3.3077	10.27188	0	3.20874	8.40148	8.69654	5.06803	9.82585	8.59829	6.462	4.70628	6.19149	0	0	0	0	0	7.31834	0	0	0	0	0	0	0	0	0	0	0	0	0	14.19521	1.77615	0	0	0	0	0	0	0	0	0	0	0	0	0	0	0	0	0	0	0	0	
0	0	0	0	0	0	0	0	0	0	0	0	0	0	0	0	0	0	0	0	0	0	0	14.19446	0	0	0	0	0	0	0	0	0	0	0	0	0	0	10.91253	0	0	0	7.89089	10.94838	0.57046	0	8.25563	4.73693	0	7.89036	10.17715	7.00346	0	0	0	0	0	6.91075	15.18309	10.66179	13.67504	0	0	0	8.08815	0	0	0	0	0	0	0	0	0	0	0	0	0	0	0	0	0	0	0	0	0	0	0	0	0	0	0	0	0	0	0	0	0	0	0	
0	0	8.4561	0	0	0	0	0	0	0	0	0	0	0	0	0	0	0	0	0	0	0	0	0	0	0	0	0	0	0	0	0	0	0	0	0	0	0	0	0	11.47568	0	0	0	0	11.42375	0	5.47266	11.17077	11.70923	0	9.10214	10.27188	9.07849	2.13593	6.97328	0	0	8.18269	8.65494	7.67034	0	10.16866	9.0595	0	0	0	0	0	0	0	7.23853	0	0	0	0	6.38291	0	0	0	0	0	0	0	0	0	0	0	0	0	0	0	0	0	0	0	0	0	0	0	
0	0	0	0	0	0	0	0	0	0	0	9.97507	0	0	0	0	0	0	0	0	0	0	0	0	0	0	0	0	0	0	0	0	5.93412	0	0	0	0	8.75693	11.86257	8.76519	6.02288	4.44996	0	0	12.73187	7.49916	11.93625	7.51957	10.00072	0	11.93896	0	5.94167	5.11602	0	10.73872	6.20731	10.37868	0	0	0	0	0	0	0	0	0	8.39713	0	0	0	0	6.27861	0	0	8.33564	0	0	6.80827	0	0	0	0	0	0	0	0	0	0	0	0	0	0	0	0	9.52351	0	0	0	0	
0	0	0	0	0	0	0	0	0	0	0	0	0	0	0	0	0	0	0	0	0	0	0	0	0	0	0	0	0	0	0	0	0	0	7.69443	8.59548	0	0	0	8.80954	0	12.25463	0	11.83526	14.49595	10.39472	7.76181	8.9795	8.93199	10.38858	10.51164	11.23576	7.50253	9.74601	0	0	9.0168	0	0	6.96617	9.04765	0	1.77615	0	0	0	0	0	0	0	0	0	0	0	0	0	0	0	5.60088	0	0	0	0	0	0	0	0	8.97858	0	0	0	0	0	0	0	0	0	0	0	0	
0	0	0	0	0	0	0	0	10.79615	0	10.02495	0	0	0	0	0	0	0	0	0	0	0	0	0	0	0	9.76996	0	0	0	0	0	0	0	0	0.57046	0	11.44424	11.92157	0	10.38411	5.7771	0	12.40245	2.42363	11.28993	11.16225	8.80755	10.30655	10.46833	0	8.48436	1.96721	0	0	0	8.22369	7.76046	0	0	0	0	1.29578	0	0	0	11.52125	0	0	0	0	0	0	0	0	0	0	0	0	0	0	0	0	0	0	0	0	0	0	0	0	0	0	4.76507	0	0	0	0	0	0	
0	0	0	0	0	0	0	0	0	0	0	9.07904	0	0	13.2175	0	0	0	0	0	0	0	0	0	0	0	0	0	0	0	0	11.88336	0	0	9.87056	0	13.15987	0	0	11.74936	2.28694	0	10.30089	11.14054	10.71667	7.45746	11.30372	9.48657	4.87814	9.50002	6.62945	10.32729	10.23199	8.43699	0	5.7771	8.95931	0	0	8.12119	13.73744	5.03506	0	7.54508	0	0	0	0	0	0	0	0	0	0.9782	0	8.0985	0	0	0	0	0	0	0	6.0653	0	0	0	0	0	0	0	0	0	0	0	0	0	0	0	0	
0	0	0	0	0	0	0	0	0	0	0	0	11.38738	0	0	0	0	0	0	0	0	0	0	0	0	0	0	0	0	10.93594	0	0	7.26475	0	1.77615	0	12.27129	0	15.63933	15.06814	12.25809	9.07645	9.6316	10.28743	9.5783	6.54552	10.86071	10.25171	6.58594	8.36036	9.63808	10.43493	9.87056	7.71796	5.84933	7.3795	7.43916	0	0	8.0411	0.9782	0	0	0	0	0	0	0	0	0	0	0	0	9.41075	0	0	0	0	0	0	10.30046	0	0	0	0	0	0	0	0	0	0	0	0	0	0	0	0	0	0	0	
0	0	0	0	0	0	0	12.7643	0	0	0	10.13918	0	0	0	0	0	0	0	0	0	0	0	0	0	0	0	8.70107	0	0	9.20532	0	10.90489	0	0	0	4.71267	10.00466	9.15711	9.99197	10.04443	6.43974	0	11.11688	11.33251	9.99878	9.63943	9.24917	10.68337	10.01333	6.98573	9.83355	10.00466	9.61529	6.45989	8.40772	10.40376	5.14477	10.20252	9.83039	5.34551	12.71029	7.43211	0	9.9827	0	0	0	0	0	0	0	0	9.22182	0	0	0	0	0	0	0	0	0	0	0	0	0	0	0	0	0	0	0	0	0	0	0	0	0	0	
11.96439	0	0	0	0	0	0	0	5.37215	0	0	0	9.44604	0	0	0	0	0	0	0	0	0	0	0	12.42934	0	0	10.03232	0	0	0	0	14.70909	0	11.03526	8.64624	0	5.99023	10.62268	7.22115	7.26929	9.95092	6.825	10.7141	12.34071	10.12362	10.39021	9.92732	6.84833	3.84159	9.96593	7.06826	5.99914	6.14448	11.1473	10.35231	9.87056	5.40881	0	11.43757	4.84028	0.57046	0	6.00045	0	6.51119	0	0	0	0	0.9782	0	0	0	0	0	0	0	0	0	0	0	6.25339	0	0	9.32354	0	0	0	0	0	0	0	0	0	0	0	0	0	0	
0	0	0	9.32906	0	0	0	0	0	0	0	0	0	0	0	0	0	0	9.30935	0	0	10.29267	0	2.86894	12.34129	5.0449	0	0	10.78469	10.51267	11.93221	0	12.48593	0	0	0	0	9.66047	12.19746	9.24639	9.20094	8.05561	10.11478	9.44027	8.66473	9.84434	9.58587	8.78395	9.94167	7.36493	9.77409	8.10561	10.1702	5.62865	5.46772	9.89964	0	2.93188	6.20287	9.00147	2.54849	7.4076	9.6824	0	0	0	0	0	0	5.65743	0	0	7.1011	0	6.67765	9.72602	11.5982	3.52305	0	1.29578	0	0	0	0	0	0	0	0	0	0	0	0	0	0	0	0	0	0	0	0	
9.97368	0	0	0	11.27582	9.02938	0	0	0	0	0	0	0	0	0	0	0	11.01752	0	0	0	0	0	0	11.64745	0	11.01663	8.90364	0	13.11372	11.02411	0	0	0	11.63628	9.56167	7.33538	11.64085	12.27129	11.57352	8.27155	9.50121	10.61247	9.60025	9.68138	9.18431	9.8467	10.24329	8.85735	10.43062	5.76622	10.28309	10.13172	8.15385	9.60052	9.11094	8.74134	2.98634	2.85328	10.11176	8.99239	0	6.88865	7.80495	10.54347	10.92698	8.49738	0	0	0	0	0	0	0	4.73911	0	0	0	0	0	0	0	0	0	0	0	0	0	0	0	0	0	0	0	0	1.29578	0	0	0	0	
0	0	0	0	0	0	0	0	7.48775	0	7.74749	0	0	0	0	0	12.11664	14.58218	11.30377	7.47993	7.08057	6.30345	0	0	0	11.14844	0	12.04592	7.83678	11.76872	0	10.7202	11.30847	7.8107	10.38798	10.49302	7.31148	7.97856	10.01228	10.71381	9.78259	9.01513	4.85078	9.38696	9.87404	8.6958	8.93384	9.37081	9.30902	6.7723	10.2959	11.17957	9.59388	8.8187	6.06066	7.70889	5.92359	10.47383	0	9.7449	5.42774	11.7471	6.67227	0	9.39406	10.89169	1.96721	0	0	0	0	6.10651	0	0	7.84506	0	0	0	9.8434	0	0	0	0	0	0	6.70474	0	0	0	0	0	0	0	0	0	8.73595	0	0	0	0	
0	10.11604	0	0	8.41364	9.11103	0	0	0	0	0	0	0	0	7.8692	11.01347	0	10.58779	10.61163	0	5.26104	0	3.35269	0	0	0	0	0	10.01227	10.39183	9.48796	0	10.95227	4.55369	10.83612	7.24771	9.57812	9.63725	9.14512	9.67363	8.88548	7.9613	8.44655	8.51162	9.29612	9.06749	7.88075	9.76223	8.52139	8.3287	8.0133	8.44831	7.52735	7.62248	8.13403	7.62434	3.60355	7.19055	8.66065	6.97775	0	7.68426	0	11.22469	11.43581	4.28028	3.26923	8.72607	0	0	0	0	0	0	0	2.54849	0	0	0	0	7.69251	0	0	0	0	0	0	0	0	0	0	0	0	0	0	0	0	0	0	0	
0	8.778	8.25089	0	8.16522	0	0	0	0	0	7.50326	0	0	0	9.46597	9.81027	0	9.69512	0	0	5.8517	3.95891	8.77485	9.99328	8.73102	10.6764	0	5.08431	10.48998	8.6079	12.39025	11.19903	11.92524	11.9878	10.27852	5.11119	8.61229	9.86432	8.51763	9.28105	7.73237	8.35471	7.41317	7.33495	8.18439	6.69219	8.85246	8.13845	9.6772	8.13048	8.27932	9.26599	7.80339	7.70312	8.02782	8.01509	8.21635	5.67735	7.30599	9.5079	0	6.59498	10.52245	9.56244	3.07329	2.86894	0.9782	0	0	0	0	10.5706	0	0.57046	7.55255	0	5.69843	0	1.77615	0	0	0	0	4.85379	0	3.02472	0	0	0	0	0	0	0	0	0	0	0	0	0	0	
0	0	0	0	0	0	0	0	7.79868	0	9.9625	11.17077	0	0	0	0	0	0	10.88837	0	10.52412	0	0	0	0	12.01785	9.61373	0	4.60177	10.61972	7.9279	9.09832	9.86232	9.09115	9.0525	11.11435	7.57055	9.55973	9.12767	10.20784	9.05765	8.7427	8.47523	7.90509	7.98953	7.69665	8.70845	8.18998	8.80905	8.75606	8.69094	8.23836	8.46726	7.74983	6.95129	8.31426	8.68282	9.3986	9.21947	6.7643	10.18964	5.62548	5.20523	7.00817	0	7.88404	0	8.56868	0	0	0	0	0	0	0	0	0	0	0	0	0	9.74	0	0	0	0	0	9.04931	6.36605	3.2825	0	0	0	0	0	0	0	0	0	0	
0	0	0	0	0	0	0	0	10.45551	10.38295	4.02402	3.95891	0	10.76633	0	0	0	3.54479	9.52415	2.12191	0	0	0	10.12643	8.14611	8.02507	5.76428	10.04626	6.28279	10.75457	0	6.1489	10.03474	6.63301	6.52547	9.39384	8.59946	7.5451	6.97282	5.48399	8.26961	9.11631	7.91733	9.82315	6.68562	7.69229	8.12747	8.14071	6.81081	9.15978	8.52544	6.39717	7.51918	6.50268	8.21451	7.92631	6.17446	7.96367	10.27471	5.43407	7.62119	8.32449	9.46461	6.90486	1.7197	9.8479	9.77396	0	0	0	0	0	0	6.86339	8.88696	0	0	0	13.60763	0	0	0	0	0	0	0	0	0	7.13635	0	3.54479	0	0	0	0	0	0	0	0	0	
0	0	9.14727	6.59614	0	4.71267	0	2.96168	7.85416	0	0	0	0	0	0	0	0	7.99741	0	0	0	0	0	10.58415	0	8.03311	0	10.20003	7.67402	8.47797	0	8.37518	0	10.34472	6.03618	9.43358	7.48595	7.1945	3.46264	9.40576	8.76245	8.84301	7.38752	7.50964	8.17677	7.44746	7.0539	9.14011	8.51212	8.40519	7.23083	8.58022	8.75676	8.38411	7.94394	6.47044	7.75556	8.23386	8.19199	6.94145	9.78282	10.56129	6.36709	9.12363	4.58466	0	0	7.48111	2.28694	5.24894	4.24674	0	5.71184	0	2.21339	0	5.52375	0	0	0	0	0	5.78261	0	0	0	0	0	0	0	0	0	0	0	0	0	0	0	0	0	
0	0	0	0	0	0	0	0	2.13593	0	8.92489	7.9076	8.59995	0	10.28316	0	0	8.34643	0	8.30278	0	0	0	0	0	0	6.2421	6.85737	8.40795	0	8.07523	8.28185	7.17249	8.57735	5.34329	8.23713	9.92887	8.25363	6.75954	8.87469	8.61759	7.41516	7.94051	7.07067	6.78454	7.85307	5.62893	7.52201	7.59255	7.20934	7.33336	9.81751	8.8752	8.36612	8.67432	7.70035	6.70909	8.43196	9.32043	6.23889	7.78701	7.00372	7.09799	6.69854	6.62191	7.87401	7.38265	3.49711	0	0	7.13136	0	7.78691	5.34753	0	11.62348	0	0	0.9782	0	0	0	0	0	0	0	0	0	6.74698	0	0	0	0	0	0	0	0	0	0	0	
0	0	0	0	0	0	0	0	0	11.11665	0	0	3.2825	0	0	0	0	0	0	0	0	0	0	9.39492	0	0	9.31069	0	0	5.25618	6.88782	0	0	8.46552	9.94982	9.16322	5.20181	0	7.84202	9.45604	4.85131	9.2183	4.65848	7.95846	9.58399	9.90303	7.42605	6.51339	9.22348	8.18325	7.54888	8.4219	7.23166	7.42729	9.07748	6.87519	7.47707	7.24894	5.24971	6.68563	6.27925	7.72256	4.50995	8.61579	7.24791	6.05892	5.83953	10.64484	7.29262	0	0	8.00887	0	8.6001	0	5.02355	8.47392	0	0	0	0	0	0	0	8.35073	0	0	3.131	0	0	0	7.65331	0	0	0	0	8.31382	0	0	0	
0	0	0	0	0	0	0	0	0	0	0	9.3624	0	0	0	0	0	5.76281	12.61089	0	0	0	0	2.28694	0	0	0	4.81565	0	0	0	0	6.57138	8.66719	8.88857	0	5.40267	8.88097	2.66777	5.14666	7.48602	10.60339	7.09998	4.81032	0	8.308	8.36181	5.64181	6.47186	7.02664	7.20127	9.07485	8.0095	5.89177	8.03681	6.09844	7.23646	7.84114	7.48421	8.18203	6.42966	6.20127	0	5.16837	8.79254	0	6.43573	6.65005	8.85407	7.58224	0	0	12.13527	2.76984	0	10.77554	0	9.33449	0	0	0	7.8691	0	0	0	0	0	0	0	0	0	0	0	0	0	0	0	0	0	0	
0	0	0	0	5.92183	0	0	0	0	0	7.57474	0	6.71143	0	0	8.50314	0	0	7.00086	0	5.41122	12.06532	0	0	0	9.31924	6.39959	0	0	10.60056	0	9.32343	10.43695	0	0	8.29389	10.52269	5.6435	11.08993	9.79696	6.99807	9.59009	7.72879	5.8876	5.57565	7.19189	11.33227	5.21016	7.87109	9.46459	9.48173	7.08068	8.37394	7.09445	5.99327	7.11975	6.26274	8.55954	3.91252	8.38299	6.17946	7.87127	6.15547	8.17746	8.03434	0	9.84612	9.56645	0	0	9.03509	8.29834	7.96333	11.01892	8.38914	0	4.64298	0	0	0	5.80239	0	0	1.77615	0	1.55587	0	0	0	1.77615	0	0	0	0	0	0	0	0	0	0	
0	0	0	0	0	0	0	0	0	0	0	5.16679	2.084	0	0	5.76428	0	0	0	4.35057	7.62523	0	0	0	0	0	0	0	0	4.73753	5.36657	5.51778	0	0	0	9.18262	0	0	0	5.67123	4.40294	5.04786	5.53484	5.63519	7.80872	5.34972	6.07619	6.72303	6.86768	4.82744	0	0	8.20958	9.18103	2.66341	8.18654	6.84889	6.73008	7.13335	6.6888	7.63694	6.49528	8.75317	7.35497	5.29245	7.90493	3.04883	8.79301	5.93412	9.0358	0	6.04096	9.15233	10.15154	10.18619	0	3.9132	0	5.48066	0	0	0	0	0	0	0	0	0	0	0	0	0	0	0	0	0	0	0	0	0	
0	0	0	4.97987	0	0	0	0	0	0	0	0	0	0	0	0	2.96168	0	0	0	0	0	8.8404	0	0	0	6.5221	7.22857	7.72452	6.5035	0	0	1.29578	0	0	11.6136	0	1.96721	8.11868	0	6.75636	0	2.76984	0	3.24185	9.83729	7.59021	8.2827	5.72018	7.45152	6.16091	6.52074	6.40875	7.8463	7.31337	8.09309	9.34563	7.92751	7.48127	8.30329	7.63531	7.78566	8.83153	7.75468	6.82121	7.81648	6.09055	8.62335	11.36597	8.42203	4.19886	8.80046	6.96619	4.64516	7.80525	0	12.80691	0	6.1624	9.51843	5.02355	6.31423	10.55281	0	0	8.7907	0	0	0	0	0	0	0	0	0	0	0	5.18614	0	9.44504	
0	0	4.09375	0	0	0	0	0	0	0	0	0	0	0	0	0	0	0	0	0	6.68447	0	0	0	0	7.77969	0	7.91672	0	9.40534	0	9.66871	8.65494	0	7.67744	0	0	9.50854	7.06232	0	11.29711	0	0	6.15174	11.19694	8.79228	1.7724	4.43852	9.82577	5.3602	5.86868	8.2113	8.61238	8.56246	7.59047	8.92136	0	7.0117	6.6542	7.51435	5.54742	6.58626	6.1098	2.84225	6.75694	9.49599	5.81949	0	8.28309	4.66246	5.16943	7.89405	7.20539	8.53551	3.20874	0	6.33743	0	3.6125	8.25319	0	6.05482	0	0	0	0	0	0	7.1813	0	0	0	0	0	0	0	5.0449	0	0	0	
0	0	0	0	1.29578	0	0	0	0	0	0	0	9.62861	0	0	0	0	0	0	0	10.45351	2.13593	0	0	0	0	0	8.08225	0	0	0	8.91912	8.5487	0	0	0	7.12135	0	2.13593	7.86321	0	0	4.31502	1.55587	7.61456	0	7.51639	7.23254	6.83303	5.03951	5.55696	5.45828	8.92056	5.396	9.0339	1.48084	0	5.09396	6.28437	1.48084	7.04883	7.54622	8.46925	6.65744	6.3504	8.83879	7.31053	8.03144	6.93051	7.51884	7.35493	0	0	9.59974	0	9.06156	6.38966	6.3179	0	0	0	0	0	0	9.29382	0.57046	0	0	0	0	0	0	0	0	0	0	9.32033	0	0	0	
0	0	0	0	0	0	0	0	10.17534	0	0	0	2.42363	0	0	0	7.99247	4.8645	7.77969	0	0	0	0	0	5.23194	0	0	0	0	0	0	0	0	0	5.72513	7.69781	0	3.65999	0	0	0	0	8.75713	10.70937	0	7.25905	9.50501	6.75095	0	4.3525	0	8.69939	9.01691	7.3485	0	6.0012	0	7.93673	0	4.23499	8.51533	6.73132	7.82559	8.81731	5.20585	6.95547	7.1284	5.23347	10.86342	6.08735	9.41195	4.41297	7.58941	7.80181	7.93081	4.72959	11.24044	8.09328	0	5.82726	8.63748	6.51884	9.18134	0	4.04454	1.55587	6.0653	5.18614	5.54202	0	7.71769	0	0	8.61946	0	0	0	0	0	0	
0	0	0	0	0	0	0	0	0	0	0	0	0	0	0	0	0	0	0	0	6.48174	0	0	0	0	0	0	0	0	6.5565	0	0	0	0	5.27917	0	0	0	0	0	9.71607	0	10.17413	9.47779	6.22901	0	0	1.96721	7.28732	4.95181	10.47383	0	0	6.55673	5.14926	7.68612	0	0	6.72589	9.07102	8.99924	5.68475	4.48738	5.99931	7.21178	7.75821	3.85571	6.52532	5.34046	5.72765	9.0558	6.8481	4.15256	6.08134	5.17373	0	4.25813	0	6.49698	0	0	0	10.71355	0	0	0	6.8837	0	0	0	0	0	0	0	0	0	0	0	0	0	
0	0	0	0	10.96528	0	0	0	0	0	0	8.68075	0	3.95891	0	0	0	0	0	0	0	0	0	0	0	0	0	0	0	0	0	0	0	0	0	0	0	0	0	7.57238	0	0	7.04921	0	4.21295	0	3.18734	6.90486	0	0	3.60355	0	0	0	8.56911	0	0	2.54849	0	9.61172	7.81802	2.44435	7.34104	8.25912	7.36729	0	0.64789	5.25529	10.95636	5.14232	8.76996	9.22752	9.37973	5.43568	0	0	4.8748	10.40169	5.62814	4.97987	3.35269	8.48568	0.9782	0	1.55587	0	2.96168	11.15277	0	5.16313	0	0	0	0	6.9621	0	0	0	0	0	
0	0	0	0	0	0	0	0	0	0	0	0	0	0	0	0	0	5.53108	0	0	0	6.60043	7.10619	0	0	0	10.98095	0	0	0	0	0	0	7.04002	8.92677	0	0	0	0	0	0	0	0	0	0	0	0	0	3.60355	0	6.68447	0	0	0	0	10.04172	9.7156	8.95781	6.39959	5.7771	0	5.11097	5.6075	0	7.4809	8.0309	9.80881	6.91579	5.79859	3.18896	6.61892	6.38608	6.43277	5.18885	7.43791	4.78283	8.0516	0	9.3258	6.86966	0	0	6.93999	0	7.5966	9.62696	3.41961	5.34951	0	9.91464	0	0	0	0	0	0	9.25433	0	0	0	
0	0	0	0	0	0	0	0	7.46622	0	0	0	0	0	0	0	0	0	0	0	0	0	0	0	0	0	0	6.49577	0	10.25021	0	0	0	0	0	0	0	0	0	10.75714	0	0	0	0	0	7.34441	0	7.43616	5.18614	0	0	9.39499	0	0	0	0	0	0	9.13339	0	11.03029	0	9.00536	10.38448	10.14146	7.45063	4.81315	0	0	8.36729	7.78157	4.28028	7.50994	7.01334	10.36945	7.16069	2.75584	0	3.54479	8.60751	6.3123	7.07996	10.12421	9.22121	7.95815	0	0	0	0	0	5.31477	0	9.68549	0	0	0	0	0	0	0	
0	0	0	0	0	0	0	0	0	0	0	0	0	6.62191	0	0	0	0	0	1.96721	0	0	0	0	0	2.94097	0	0	0	0	0	0	0	0	8.91912	0	0	5.8184	0	0	10.86829	0	8.00615	7.70117	5.22408	0	0	0	0	0	6.76388	5.80239	0	0	6.38291	0	0	0	0	6.71043	6.14134	0	7.25098	8.86011	7.02792	4.58241	10.15388	8.12621	1.29578	5.99028	7.80104	0	7.00353	6.46477	10.0443	7.41318	4.69578	6.07844	7.65891	4.92248	0	6.64218	8.72276	4.80797	5.49136	0	0	5.00187	4.93289	0	9.12488	0	0	6.38291	0	0	0	0	5.87596	0	
0	0	0	0	0	0	0	1.77615	0	0	0	0	0	0	0	0	0	0	0	0	0	0	4.38446	0	0	0	0	0	7.89589	0	0	0	0	0	8.28394	0	0	0	0	0	0	2.13035	0	0	0	0	3.26323	0	0	0	0	0	8.03578	0	0	0	6.30221	3.95891	0	4.88356	8.11502	0	0	6.90828	0	2.86894	0	6.85844	6.85486	10.01213	9.35105	7.91766	9.29605	6.49912	6.97328	7.85767	5.82329	0	6.02734	2.87724	8.71303	8.15999	6.2656	0	4.70261	0	5.06595	4.09812	0	0	9.44905	8.75167	0	0	0	0	9.80088	0	0	0	
0	0	0	0	0	0	0	0	0	0	0	0	0	0	0	0	0	0	0	0	0	0	0	0	0	0	0	0	0	0	0	0	0	0	0	0	0	7.37876	0	0	0	0	0	0	0	0	0	0	0	4.57266	0	5.40951	0	4.30309	0	0	5.0449	4.55552	4.57266	0	7.161	0	8.68586	12.31025	8.06743	5.34897	0	0	8.09289	5.16476	0	5.02355	7.29438	8.75198	8.76127	6.70387	0	4.26531	4.64206	7.1695	3.03791	8.35073	4.8645	0	0	0	5.31074	0	0	0	0	0	7.3885	8.14661	8.80954	0	0	0	0	0	
0	0	0	0	0	0	0	5.26104	0	0	0	0	0	0	0	0	0	0	0	0	0	0	0	0	0	0	0	0	0	0	0	0	0	0	0	0	0	4.05393	0	5.12729	0	0	0	0	0	0	0	0	0	0	5.44055	0	0	11.0333	10.37145	0	0	8.58981	10.02428	10.73546	0	1.29578	0	7.33699	8.18873	9.32361	0	0	8.84284	5.2963	7.91969	6.42795	5.56931	8.28805	9.00197	7.45327	5.53011	0	7.87574	6.53995	7.70615	8.28045	2.93188	4.25618	2.20879	0	0	0.19015	0	0	7.161	0	0	0	0	1.48332	0	0	0	0	
0	0	0	0	0	0	0	0	0	0	0	0	0	0	0	0	0	0	0	0	0	0	0	0	0	9.42584	0	0	0	0	0	0	0	0	0	0	0	5.69843	0	0	0	0	0	0	8.4561	0	0	0	7.25562	0	0	0	0	0	0	2.76984	0	0	0	0	0	0	8.15475	0	0	6.45238	4.48863	7.81925	0	7.47613	3.55968	0	7.56899	0	9.57365	5.67308	5.12729	5.11581	5.11988	7.4745	5.23385	0	5.75447	0	7.25104	5.64548	0	0	0	0	6.04425	0	0	0	0	0	0	5.8876	0	0	
0	0	0	0	0	0	0	0	0	0	0	0	9.277	0	0	0	0	0	0	0	0	0	0	0	0	0	0	0	0	0	0	0	0	0	0	0	0	0	0	0	0	0	0	0	0	0	0	11.29154	0	0	3.81718	0	11.88965	0	0	0	0	0	0	5.51728	0	0	0	6.89529	6.2421	5.87573	9.47797	0	11.27751	0	0	10.32358	0	0	0	7.10909	5.52155	9.07128	5.98273	4.02209	0	7.47788	5.34649	4.71205	7.40055	3.7497	6.60071	0.9782	8.27368	0	0	0	0	5.36657	0	0	0	0	0	0	
0	0	0	0	0	0	0	0	0	0	0	0	0	0	0	0	0	0	0	0	0	0	0	0	0	0	0	0	0	0	0	0	9.76031	0	0	0	0	0	0	0	0.57046	0	0	0	0	0	0	0	0	0	0	0	0	0	0	0	7.50375	0	0	0	5.74301	0	0	4.67741	0	8.46603	0	0	7.49251	0	0	0	11.9837	0	0	4.54295	0	0	5.00015	9.37259	8.87584	6.46442	10.78786	0	6.20464	0	2.28694	0	2.66341	0	5.4408	6.47059	5.99782	0	0	0	0	0	0	0	
0	0	0	0	0	0	0	5.48546	0	0	0	0	0	0	0	0	0	0	0	0	0	0	0	0	0	0	0	6.39959	0	0	0	0	0	0	0	0	0	0	0	0	0	0	0	0	0	0	0	0	0	0	0	0	0	0	0	0	0	0	0	0	0	0	0	0	0	0	0	0	0	0	4.45747	4.7087	7.18296	1.29578	0	11.6387	6.92227	0	8.58284	4.54295	0	6.03512	0	9.42685	1.55587	9.59744	0	11.40426	0	0	0	8.37411	0	0	0	10.63344	0	0	0	0	
0	0	0	0	0	0	0	0	0	0	0	0	0	0	0	0	0	0	0	0	6.33171	0	0	0	0	0	0	0	0	0	4.97987	0	0	0	0	0	0	0	0	0	0	0	0	0	0	0	0	0	0	0	0	0	0	0	0	0	0	0	0	10.23925	0	0	0	0	5.75135	9.39395	5.81488	7.41335	0	0	0	0	0	0	0	2.13593	3.90949	1.77615	0	0	5.19352	0	0	0	4.59966	6.86939	7.67894	7.04992	6.71809	0	6.89313	7.24643	7.90176	0	0	7.86321	0	0	0	0	
0	0	0	0	0	0	0	0	0	0	0	0	0	0	0	0	0	0	0	0	0	0	0	0	0	0	0	0	0	0	0	0	0	0	0	0	0	0	0	0	0	0	0	0	0	0	0	0	5.86376	0	0	0	0	0	0	0	0	0	0	0	0	0	0	0	0	0	0	0	0	8.02776	10.22588	9.36453	7.43181	0	11.35943	8.01969	0	8.0622	0	0	0	9.16566	6.56392	0	4.29643	0	10.69256	0	0	7.36605	0	3.3782	2.50094	0	5.16679	0	0	0	0	0	
0	0	0	0	0	0	0	0	0	0	0	0	0	0	0	8.60208	0	0	0	0	0	0	0	0	0	0	0	0	0	0	0	0	0	0	8.80485	0	0	0	0	0	0	0	0	0	0	0	0	0	0	0	0	0	0	0	0	0	0	0	0	0	0	0	0	0	0	0	0	3.76666	0	0	0	0	0	7.15611	0	0	0	4.56369	0	0	0	1.55587	0	0	2.16545	0	6.20439	4.5488	8.49735	10.01229	9.23697	0	10.61079	0	0	0	0	0	0	0	
0	0	0	0	0	0	0	0	0	0	0	0	0	0	0	0	0	0	0	0	0	0	0	0	0	0	0	0	0	0	0	0	0	0	0	0	0	0	0	0	0	0	0	0	0	0	0	0	7.3007	8.03311	0	0	0	0	0	0	0	0	0	9.56259	0	0	0	0	0	4.74616	0	0	0	0	0	6.16619	0	0	0	0	0	12.27652	0	5.26246	10.07576	0	0	10.154	0	0	0	0	0	0	0	0	0	0	0	0	0	0	0	0	
0	0	0	0	0	0	0	0	0	0	0	0	0	0	0	0	0	0	0	0	0	0	0	0	0	0	0	0	0	0	0	0	0	0	0	0	0	0	0	0	0	0	0	0	0	0.9782	0	0	0	0	0	0	0	0	0	2.40623	0	0	10.20647	0	0	0	0	0	8.70443	0	0	0	0	0	0	6.49577	0	6.95083	0	0	7.58207	0	0	0	5.29866	6.75657	4.38999	6.14455	0	0	0	8.04905	6.91749	0	5.08669	10.09124	7.40347	0	0	0	0	0	0	0	
0	0	0	0	0	0	0	0	0	0	0	0	0	0	0	0	0	0	0	0	0	0	0	0	0	0	0	0	0	0	0	0	0	0	0	0	0	0	0	0	0	0	0	0	0	0	0	0	0	0	0	0	0	0	0	0	0	0	0	0	0	0	0	0	0	0	0	0	0	0	0	0	0	0	0	0	0	0	0	0	0	0	0	0	0	0	1.77615	0	0	0	0	10.1367	0	0	0	0	0	0	0	0	
0	0	0	0	0	0	0	0	0	0	0	0	0	0	0	0	0	0	0	0	0	0	0	0	0	0	0	0	0	0	0	0	0	0	0	0	0	0	0	0	0	0	0	0	0	0	0	0	0	0	0	0	0	0	0	0	0	0	0	0	0	0	0	0	0	0	0	0	0	0	8.41224	2.13593	0	0	0	0	4.71267	0	0	7.53001	0	0	0	9.93774	0	0	0	5.86376	0	0	4.82222	9.57641	0	0	0	0	0	0	0	0	
0	0	0	0	0	0	0	0	0	0	0	0	0	0	0	0	0	0	0	0	0	0	0	0	0	0	0	0	0	0	0	0	0	0	0	0	0	0	0	0	0	0	0	0	0	0	0	0	0	0	0	0	0	0	0	0	0	0	0	7.67059	0	0	0	0	0	0	0	0	0	0	8.04641	0	0	0	0	0	0	0	0	0	0	0	0	0	0	0	6.82688	0	0	0	0	0	0	0	0	0	0	0	0	0	
0	0	0	0	0	0	0	0	0	0	0	0	0	0	0	0	0	0	0	0	0	0	0	0	0	0	0	0	0	0	0	0	0	0	0	0	0	0	0	0	0	0	0	0	0	0	0	0	0	0	0	0	0	0	0	0	0	0	0	0	0	0	0	0	0	0	0	0	0	8.91912	5.4001	0	0	0	0	0	0	0	7.11126	0	0	0	0	0	0	0	0	0	7.49165	4.24381	0	0	0	0	0	0	0	0	0	0	
0	0	0	0	0	0	0	0	0	0	0	0	0	0	0	0	0	0	0	0	0	0	0	0	0	0	0	0	0	0	0	0	0	0	0	0	0	0	0	0	0	0	0	0	0	0	0	0	0	0	0	0	0	0	0	0	0	0	0	0	0	0	0	0	0	0	0	0	0	0	0	0	0	0	0	0	0	0	0	0	0	0	0	0	0	0	0.57046	0	0	0	0	0	0	0	0	0	0	0	0	0	
0	0	0	0	0	0	0	0	0	0	0	0	0	0	0	0	0	0	0	0	0	0	0	0	0	0	0	0	0	0	0	0	0	0	0	0	0	0	0	0	0	0	0	0	0	0	0	0	0	0	0	0	0	0	0	0	0	0	8.10857	0	0	0	0	0	0	0	0	0	0	0	0	0	0	0	0	7.59298	0	0	0	0	0	0	0	0	0	0	0	0	0	0	0	0	0	0	0	0	0	0	0	0	
0	0	0	0	0	0	0	0	0	0	0	0	0	0	0	0	0	0	0	0	0	0	0	0	0	0	0	0	0	0	0	0	8.55802	0	0	0	0	0	0	0	0	0	0	0	0	0	0	0	0	0	7.19005	0	0	0	0	0	0	0	0	0	0	0	5.51167	0	0	0	0	0	0	0	0	0	0	0	0	4.31586	0	0	0	0	3.41961	0	0	0	0	0	0	0	0	0	0	0	0	0	0	0	0	0	0	0	
0	0	0	0	0	0	0	0	0	0	0	0	0	0	0	0	0	0	0	0	0	0	0	0	0	0	0	0	0	0	0	0	0	0	0	0	0	0	0	0	0	0	0	0	0	0	0	0	0	0	0	0	0	0	0	0	0	0	0	0	0	0	0	0	0	0	0	0	0	0	0	0	0	0	0	0	0	0	0	0	0	0	0	0	0	0	0	0	0	0	0	0	0	0	0	0	0	0	0	0	
0	0	0	0	0	0	0	0	0	0	0	0	0	0	0	0	0	0	0	0	0	0	0	0	0	0	0	0	0	0	0	0	0	0	0	0	0	0	0	0	0	0	0	0	0	0	0	0	0	0	0	0	0	0	0	0	0	0	0	0	0	0	0	0	0	0	0	0	0	0	0	0	0	0	0	0	0	0	0	0	0	0	0	0	0	0	0	0	0	0	0	0	0	0	0	0	0	0	0	0	
0	0	0	0	0	0	0	0	0	0	0	0	0	0	0	0	0	0	0	0	0	0	0	0	0	0	0	0	0	0	0	0	0	0	0	0	0	0	0	0	0	0	0	0	0	0	0	0	0	0	0	0	0	0	0	0	0	0	0	0	0	0	0	0	0	0	0	0	0	0	0	0	0	0	0	0	0	0	0	0	0	0	0	0	0	0	0	0	0	0	0	0	0	0	0	0	0	0	0	0	
0	0	0	0	0	0	0	0	0	0	0	0	0	0	0	0	0	0	0	0	0	0	0	0	0	0	0	0	0	0	0	0	0	0	0	0	0	0	0	0	0	0	0	0	0	0	0	0	0	0	0	0	0	0	0	0	0	0	0	0	0	0	0	0	0	0	0	0	0	0	0	0	0	0	0	0	0	0	0	0	0	0	0	0	0	0	0	0	0	0	0	0	0	0	0	0	0	0	0	0	
0	0	0	0	0	0	0	0	0	0	0	0	0	0	0	0	0	0	0	0	0	0	0	0	0	0	0	0	0	0	0	0	0	0	0	0	0	0	0	0	0	0	0	0	0	0	0	0	0	0	0	0	0	0	0	0	0	0	0	0	0	0	0	0	0	0	0	0	0	0	0	0	0	0	0	0	0	0	0	0	0	0	0	0	0	0	0	0	0	0	0	0	0	0	0	0	0	0	0	0	
0	0	0	0	0	0	0	0	0	0	0	0	0	0	0	0	0	0	0	0	0	0	0	0	0	0	0	0	0	0	0	0	0	0	0	0	0	0	0	0	0	0	0	0	0	0	0	9.9653	0	0	0	0	0	0	0	0	0	0	0	0	0	0	0	0	0	0	0	0	0	0	0	0	0	0	8.82991	0	0	0	0	0	0	0	0	0	0	0	0	0	0	0	0	0	0	0	0	0	0	0	0	0	
