0	0	0	0	0	0	0	0	0	0	0	0	0	0	0	0	0	0	0	0	0	0	0	0	0	0	0	0	0	0	0	0	0	0	0	0	0	0	0	0	0	0	0	0	0	0	0	0	0	0	0	8.60421	0	0	0	0	0	0	0	0	0	0	0	0	0	0	0	0	0	0	0	0	0	0	0	0	0	0	0	0	0	0	0	0	0	0	0	0	0	0	0	0	0	0	0	0	0	0	0	0	
0	0	0	0	0	0	0	0	0	0	0	0	0	0	0	0	0	0	0	0	0	0	0	0	0	0	0	0	0	0	0	0	0	0	0	0	0	0	0	0	0	0	0	0	0	0	0	12.92959	0	0	0	0	0	0	0	0	0	0	0	0	0	0	0	11.68009	0	0	0	0	0	0	0	0	0	0	0	0	0	0	0	0	0	0	0	0	0	0	0	0	0	0	0	0	0	0	0	0	0	0	0	0	
0	0	0	0	0	0	0	0	0	0	0	0	0	0	0	0	0	0	0	0	0	0	0	0	0	0	0	0	0	0	0	0	0	0	0	0	0	0	0	0	0	0	0	0	0	0	0	0	0	0	0	0	0	0	8.57023	0	0	0	0	0	0	0	0	0	0	0	0	0	0	0	0	0	0	0	0	0	0	0	0	0	0	0	0	0	0	0	0	0	0	0	0	0	0	0	0	0	0	0	0	0	
0	0	0	0	0	0	0	0	0	0	0	0	0	0	0	0	0	0	0	0	0	0	0	0	0	0	0	0	0	0	0	0	0	0	0	0	0	0	0	0	0	0	0	0	0	0	12.78668	9.05173	0	0	0	0	0	0	0	0	0	0	0	0	0	0	0	0	0	0	0	0	0	0	0	0	0	0	0	0	0	0	0	0	0	0	0	0	0	0	0	0	0	0	0	0	0	0	0	0	0	0	0	0	
0	0	0	0	0	0	0	0	0	0	0	0	0	0	0	0	0	0	0	0	0	0	0	0	0	0	0	0	0	0	0	0	0	0	0	0	0	5.97877	0	0	0	0	0	11.89371	0	0	0	0	0	0	0	0	0	0	0	0	0	0	0	0	0	0	0	0	0	0	0	0	0	0	0	0	0	0	0	0	0	0	0	0	0	0	0	0	0	0	0	0	0	0	0	0	0	0	0	0	0	0	0	0	
0	0	0	0	0	0	0	0	0	0	0	0	0	0	0	0	0	0	0	0	0	0	0	0	0	0	0	0	0	0	0	0	0	0	0	0	0	0	0	0	0	0	0	0	0	0	0	0	0	0	0	0	0	0	0	0	0	0	0	0	0	0	0	0	0	0	0	0	0	0	0	0	6.12463	0	0	0	0	0	0	0	0	0	0	0	0	0	0	0	0	0	0	0	0	0	0	0	0	0	0	0	
0	0	0	0	0	0	0	0	0	0	0	0	0	0	0	0	0	0	0	0	0	0	0	0	0	0	0	0	0	0	0	0	0	0	0	0	0	0	0	0	0	0	0	0	0	0	0	0	0	0	0	0	0	0	0	0	0	0	0	0	0	0	0	0	0	0	0	0	0	0	0	0	0	0	10.76222	0	0	0	0	0	0	0	0	0	0	0	0	0	0	0	0	0	0	0	0	0	0	0	0	0	
0	0	0	0	0	0	0	0	0	0	0	0	0	0	0	0	0	0	0	0	0	0	0	0	0	0	0	0	0	0	0	0	0	0	0	0	0	0	0	0	0	0	0	0	0	0	0	0	0	0	0	8.81803	0	0	0	10.54164	0	0	11.23429	0	0	0	0	0	0	0	0	0	0	0	0	0	0	0	0	0	0	0	0	0	0	0	0	0	0	0	0	0	0	0	0	0	0	0	0	0	0	0	0	0	
0	0	0	0	0	0	0	0	0	0	0	0	0	0	0	0	0	0	0	0	0	0	0	0	0	0	0	0	4.40117	0	0	0	0	0	0	0	0	0	0	0	0	0	0	0	0	0	0	0	0	0	0	0	0	0	0	0	0	0	0	0	0	0	0	0	0	0	0	6.97676	0	0	0	0	0	0	0	0	0	0	0	0	0	0	0	0	0	0	0	0	0	0	0	0	0	0	0	0	0	0	0	0	
0	0	0	0	0	0	0	0	0	0	0	0	0	0	0	0	0	0	0	0	0	0	0	0	0	0	0	0	0	0	0	0	0	0	0	0	0	0	0	0	0	0	0	0	0	0	0	0	0	0	0	0	0	0	0	7.34015	0	0	0	0	0	0	0	0	0	0	0	0	0	0	0	0	0	0	0	0	0	0	0	0	0	0	0	0	0	0	0	0	0	0	0	0	0	0	0	0	0	0	0	0	
0	0	0	0	0	0	0	0	0	0	0	0	0	0	0	0	0	0	0	0	0	0	0	0	0	0	0	0	0	0	0	0	0	0	0	0	0	0	0	0	0	0	0	0	0	0	0	0	0	0	0	0	0	0	0	0	0	0	0	0	0	0	0	0	0	0	0	10.96032	0	0	0	0	0	0	0	0	0	0	0	0	0	0	0	0	0	0	0	0	0	0	0	0	0	0	0	0	0	0	0	0	
0	0	0	0	0	0	0	0	0	0	0	0	0	0	0	0	0	0	0	0	0	0	0	0	0	0	0	0	0	0	0	0	0	0	0	0	0	0	0	0	0	0	0	0	0	0	0	0	0	0	0	0	3.91556	0	0	0	6.41052	0	0	0	0	0	0	0	0	0	0	0	0	0	0	6.07524	0	0	0	0	0	0	0	0	0	0	0	0	0	0	0	0	0	0	0	0	0	0	0	0	0	0	0	0	
0	0	0	0	0	0	0	0	0	0	0	0	0	0	0	0	0	0	0	0	0	0	0	0	0	0	0	0	0	0	0	0	0	0	0	0	0	0	0	0	0	0	0	0	0	0	0	0	10.92192	0	0	0	12.7616	0	0	0	0	0	0	0	0	0	0	0	0	0	0	4.23119	0	0	0	0	0	0	0	0	0	0	0	0	0	0	0	0	0	0	0	0	0	0	0	0	0	0	0	0	0	0	0	0	
0	0	0	0	0	0	0	0	0	0	0	0	0	0	0	0	0	0	0	0	0	0	0	0	0	0	0	0	0	0	11.94935	0	0	0	0	0	0	0	0	8.53413	0	0	0	0	0	0	0	9.40445	0	0	0	0	0	0	0	0	0	5.70027	13.61044	0	10.22326	0	0	10.28385	0	0	0	0	0	0	0	0	0	0	0	0	0	0	0	0	0	0	0	0	0	0	0	0	0	0	0	0	0	0	0	0	0	0	0	0	
0	0	0	0	0	0	0	0	0	0	0	0	0	0	0	0	0	0	0	0	0	0	0	0	0	0	0	0	0	0	0	0	0	0	0	0	0	0	0	0	0	0	0	0	0	0	0	0	0	0	0	0	0	0	5.56286	0	0	0	0	0	0	0	0	0	0	0	0	0	0	0	0	0	0	0	13.28211	0	0	0	0	0	0	0	0	0	0	0	0	0	0	0	0	0	0	0	0	0	0	0	0	0	
0	0	0	0	0	0	0	0	0	0	0	0	0	0	0	0	0	0	0	0	0	0	0	0	0	0	0	0	0	0	0	0	0	0	0	0	0	0	0	0	0	0	14.11942	0	0	0	0	0	0	0	0	0	8.6981	0	0	0	0	0	0	13.30352	0	0	0	0	0	0	0	0	0	0	0	5.13831	0	0	0	0	0	0	0	0	0	0	0	0	0	0	0	0	0	0	0	0	0	0	0	0	0	0	0	0	
0	0	0	0	0	0	0	0	0	0	0	0	0	0	0	0	0	0	0	0	0	0	0	0	0	0	0	0	0	0	0	0	0	0	0	0	0	0	0	0	0	0	0	6.03183	0	0	0	12.64902	0	0	0	7.62508	0	0	0	0	0	0	4.29577	0	0	0	0	0	0	0	0	0	0	0	0	0	0	0	0	0	0	0	0	0	0	0	0	0	0	0	0	0	0	0	0	0	0	0	0	0	0	0	0	0	
0	0	0	0	0	0	0	0	0	0	0	0	0	0	0	0	0	0	0	0	0	0	0	0	0	0	0	0	0	0	0	0	0	0	0	0	0	0	0	0	0	0	10.67787	0	0	0	0	0	0	0	0	0	0	0	0	8.61165	0	0	0	0	0	0	0	0	0	0	2.22968	0	0.74071	0	0	0	0	0	0	0	0	0	0	0	0	0	0	0	0	0	0	0	0	0	0	0	0	0	0	0	0	0	0	0	
0	0	0	0	0	0	0	0	0	0	0	0	0	0	0	0	0	0	0	0	0	0	0	0	0	0	0	0	0	0	0	0	0	0	0	0	0	0	0	0	13.93685	0	0	0	0	0	0	0	0	0	0	0	0	0	0	0	0	0	0	0	0	0	0	0	0	0	0	0	0	0	0	0	0	0	0	0	0	0	0	0	0	0	0	0	0	0	0	0	0	0	0	0	0	0	0	0	0	0	0	0	
0	0	0	0	0	0	0	0	0	0	0	0	0	0	0	0	0	0	0	0	0	0	0	0	0	0	0	0	0	0	0	0	0	0	0	0	0	0	0	0	0	0	0	0	0	0	0	8.68757	0	0	7.64339	0	0	0	0	0	0	0	0	0	0	0	0	0	0	0	0	0	0	0	0	0	0	0	0	0	8.74961	0	0	0	0	0	0	0	0	0	0	0	0	0	0	0	0	0	0	0	0	0	0	0	
0	0	0	0	0	0	0	0	0	0	0	0	0	0	0	0	0	0	0	0	0	0	0	0	0	0	0	0	0	0	0	0	0	0	0	0	0	0	0	0	0	0	0	0	0	0	0	7.58415	0	0	8.00925	11.45929	0	0	0	0	7.24607	0	8.54194	0	10.04408	0	0	0	0	9.71893	0	0	0	0	0	0	0	0	0	0	0	0	0	0	0	0	0	0	0	0	0	0	0	0	0	0	0	0	0	0	0	0	0	0	
0	0	0	0	0	0	0	0	0	0	0	0	0	0	0	0	0	0	0	0	0	0	0	0	0	0	0	0	0	0	0	0	0	0	0	0	0	0	0	0	0	9.54973	0	0	0	0	0	0	0	0	0	0	0	0	0	0	0	0	0	0	0	0	0	0	0	0	0	0	0	0	0	0	0	0	0	0	0	0	0	0	0	0	0	0	0	0	0	0	0	0	0	0	0	0	0	0	0	0	0	0	
0	0	0	0	0	0	0	0	0	0	0	0	0	0	0	0	0	0	0	0	0	0	0	0	0	0	0	0	0	0	0	4.53245	0	0	0	0	0	0	0	0	0	0	0	0	0	0	0	8.92016	0	0	0	0	0	0	0	0	0	0	0	0	0	0	0	4.91587	0	0	0	5.87538	0	0	0	0	0	0	0	0	0	0	0	0	0	0	0	0	0	0	0	0	0	0	0	0	0	0	0	0	0	0	0	0	
0	0	0	0	0	0	0	0	0	0	0	0	0	0	0	0	0	0	0	0	0	0	0	0	0	0	0	0	0	0	0	8.49576	0	0	0	0	0	0	0	0	0	0	0	0	0	0	0	0	0	0	0	0	0	0	0	0	0	0	0	0	0	0	0	0	0	0	0	0	0	0	0	0	0	0	0	0	0	0	0	0	0	0	0	0	0	0	0	0	0	0	0	0	0	0	0	0	0	0	0	0	
0	0	0	0	0	0	0	0	0	0	0	0	0	0	0	0	0	0	0	0	0	0	0	0	0	0	0	0	0	0	0	0	0	0	0	0	0	0	0	0	0	0	0	10.05777	0	0	0	0	0	11.60454	0	0	0	0	8.69693	0	0	0	0	0	0	0	0	0	0	0	0	0	0	0	0	0	0	0	0	0	0	0	0	0.41738	0	0	0	0	0	0	0	0	0	0	0	0	0	0	0	0	0	0	0	0	
0	0	0	0	0	0	0	0	0	0	0	0	0	0	0	0	0	0	0	0	0	0	0	0	0	0	0	0	0	0	0	0	9.34466	0	0	0	0	0	0	0	0	0	0	0	0	0	0	3.74556	0	0	6.90238	0	0	0	0	0	0	0	8.31304	0	0	0	0	0	0	0	0	0	0	0	7.82516	0	0	0	0	0	0	0	0	0	0	0	0	0	0	6.96224	0	0	0	0	0	0	0	0	0	0	0	0	0	0	
0	0	0	0	0	0	0	0	0	0	0	0	0	0	0	0	0	0	0	0	0	0	0	0	0	0	0	0	0	0	0	0	0	0	0	0	0	0	0	10.90258	0	0	0	0	14.80519	0	7.61657	0	0	0	0	0	0	0	0	0	0	0	0	0	0	0	0	0	0	0	0	0	0	0.41738	0	0	0	0	0	0	0	0	0	0	0	0	0	0	0	0	0	0	0	0	0	0	0	0	0	0	0	0	0	0	
0	0	0	0	0	0	0	0	0	0	0	0	0	0	0	0	0	0	0	0	0	0	0	0	0	0	0	0	0	0	0	0	0	0	0	8.21056	0	0	0	0	0	0	0	0	0	0	0	8.94885	0	0	0	0	0	5.64986	0	0	0	0	0	0	10.6987	0	0	0	0	0	0	0	0	0	0	0	0	0	0	0	0	0	0	0	0	0	0	0	0	0	0	0	0	0	0	0	0	0	1.22768	0	0	0	0	0	
0	0	0	0	0	0	0	0	0	0	0	0	0	0	0	0	0	0	0	0	0	0	0	0	0	0	0	0	0	0	0	0	0	0	0	0	0	0	0	0	0	13.78452	0	0	0	0	0	0	0	0	0	0	1.42083	0	0	0	0	0	0	0	0	0	0	0	0	0	0	5.86711	0	0	0	6.31903	0	0	0	0	0	0	0	0	0	0	0	0	0	0	0	0	0	0	0	0	0	0	0	0	0	0	0	0	
0	0	0	0	0	0	0	0	0	0	0	0	0	0	0	0	0	0	0	0	0	0	0	0	0	0	0	0	0	0	0	0	0	0	0	0	0	0	0	0	9.69461	0	0	0	10.33421	0	0	6.63466	0	0	1.59115	10.87424	0	0	0	9.95033	0	0	5.82504	0	6.5841	0	0	0	0	0	0	0	4.93182	0	0	0	0	0	0	0	0	0	0	0	0	0	0	0	0	0	0	0	0	0	0	0	0	0	0	1.42083	0	0	0	0	
0	0	0	0	0	0	0	0	0	0	0	0	0	0	0	0	0	0	0	0	0	0	0	0	0	0	0	0	0	0	0	0	0	0	0	0	0	0	0	0	0	0	0	0	13.74522	0	0	0	0	7.28535	0	0	7.18913	0	0	0	0	6.66741	0	0	0	3.7812	0	0	0	0	0	0	0	0	0	0	0	0	0	0	0	0	0	0	0	0	0	0	0	0	0	0	0	0	0	0	0	0	0	0	0	0	0	0	
0	0	0	0	0	0	0	0	0	0	0	0	0	0	0	0	0	0	0	0	0	0	0	0	0	0	0	0	0	0	0	0	0	0	0	0	0	0	0	0	0	0	0	10.80613	0	0	13.01777	0	0	0	10.09364	0	0	0	0	0	0	0	0	8.36681	0	0	0	0	10.89142	0	0	2.59271	0	0	0	0	9.81609	0	0	0	2.74487	0	0	0	0	0	0	0	0	0	0	0	0	0	0	0	0	0	0	0	0	0	0	0	
0	0	0	0	0	0	0	0	0	0	0	0	0	0	0	0	0	0	0	0	0	0	0	0	0	0	0	0	0	0	0	0	0	0	0	0	0	0	0	0	0	0	0	0	1.59115	0	0	10.1991	0	0	0	14.61391	9.90611	0	0	8.76193	0	0	0	0	0	0	0	0	0	0	0	6.97884	0	0	0	0	0	12.46829	0	0	0	0	0	0	0	0	0	0	0	0	0	0	0	0	0	0	0	0	0	0	0	0	0	0	
0	0	0	0	0	0	0	0	0	0	0	0	0	0	0	0	0	0	0	0	0	0	0	0	0	0	0	0	0	0	0	0	0	0	0	0	0	13.62426	0	0	0	0	0	0	0	0	0	0	3.17819	0	0	7.38342	0	0	4.3065	0	11.74018	0	0	2.32935	0	10.01771	0	0	0	0	0	0	0	0	0	0	0	0	5.67043	2.00698	0	0	0	0	0	0	0	0	0	0	0	0	0	0	0	0	0	0	0	0	0	0	0	0	
0	0	0	0	0	0	0	0	0	0	0	0	0	0	0	0	0	0	0	0	0	0	0	0	0	0	0	0	0	0	0	0	0	0	0	0	0	0	0	0	0	0	13.78174	0	0	11.08119	0	12.30046	0	0	9.58292	0	12.35395	0	11.01981	0	0	0	0	0	0	0	0	8.78844	0	0	0	5.7992	0	0	9.71029	0	0	0	0	0	0	0	2.6708	0	0	0	0	0	0	0	0	0	0	0	0	0	0	0	0	0	0	0	0	0	
0	0	0	0	0	0	0	0	0	0	0	0	0	0	0	0	0	0	0	0	0	0	0	0	0	0	0	0	0	0	0	0	0	0	0	0	0	0	0	0	0	0	0	0	0	0	0	8.23004	8.84532	0	0	8.92116	0	0	0	0	0	0	0	0	0	0	0	0	0	0	0	0	0	0	0	0	0	0	0	0	0	0	0	0	0	0	0	0	0	0	0	0	0	0	8.48634	0	0	0	0	0	0	0	0	0	
0	0	0	0	0	0	0	0	0	0	0	0	0	0	0	0	0	0	0	0	0	0	0	0	0	0	0	0	0	0	0	0	0	0	0	0	0	0	0	0	0	0	0	0	0	0	0	11.10644	0	0	0	0	6.71886	1.88123	0	0	0	0	10.48674	12.00458	0	0	0	0	0	0	0	0	0	0	0	0	0	0	0	0	0	0	0	0	0	0	0	0	0	0	0	0	0	0	0	0	0	0	0	0	0	0	6.03151	0	
0	0	0	0	0	0	0	0	0	0	0	0	0	0	0	0	0	0	0	0	0	0	0	0	0	0	0	0	0	0	0	0	0	0	0	0	0	0	0	0	0	0	8.43832	0	0	0	0	0	0	8.54964	0	8.45082	0	8.1351	0	0	0	0	0	0	0	0	0	0	11.73167	0	0	0	0	0	0	0	0	0	0	0	12.7485	0	0	0	0	0	0	0	0	0	0	0	0	0	0	0	0	0	0	0	0	0	0	0	
0	0	0	0	0	0	0	0	0	0	0	0	10.63072	0	0	0	0	0	0	0	0	0	0	0	0	0	0	0	0	0	9.20649	0	0	0	0	0	0	0	0	0	0	0	8.54882	0	0	0	0	11.34225	0	0	11.57057	0	0	6.02409	7.46867	0	10.54934	0	0	0	0	0	0	9.63742	6.72344	10.52136	0	0	0	0	0	0	0	0	0	0	0	0	0	0	0	0	0	0	0	0	0	0	0	0	0	0	0	0	0	0	0	0	0	0	
0	0	0	0	0	0	0	0	0	0	0	0	0	0	0	0	0	0	0	0	0	0	0	0	0	0	0	0	0	0	0	0	0	0	0	0	0	0	0	0	0	0	0	0	0	11.26317	8.70275	0	1.59115	12.81288	1.42083	8.36151	7.34302	0	9.22359	5.77517	0	0	0	0	12.28094	0	0	0	0	0	0	0	0	5.85076	0	0	0	0	0	0	2.06779	0	0	0	0	0	0	0	0	0	0	0	0	0	0	0	0	0	0	0	0	0	0	0	
0	0	0	0	0	0	0	0	0	0	0	0	0	0	0	8.30081	0	0	0	0	0	0	0	0	0	0	0	0	0	0	0	0	0	0	0	5.25697	10.66868	0	0	0	0	0	0	5.98642	0	10.88042	7.86685	7.8693	3.63302	7.53018	0	0	3.67152	0	10.88861	0	0	0	0	6.6957	0	9.60546	0	7.57656	0	9.22602	0	0	11.42555	0	7.12122	0	0	0	0	9.86778	0	1.00468	0	4.24988	0	0	0	0	0	0	0	0	0	0	9.93458	0	0	0	0	0	0	0	0	0	
0	0	0	0	0	0	0	0	0	0	0	0	0	0	0	0	0	0	0	0	0	0	0	0	0	0	10.01817	0	0	0	0	4.72775	0	0	5.42411	0	0	0	0	0	11.32336	0	0	0	0	0	0	0	9.31689	0	2.51015	9.41157	9.09938	0	10.29468	0	8.87345	0	6.74729	0	1.22768	9.45984	0	0	0	6.78618	0	0	0	0	0	0	0	8.53282	0	0	0	0	0	0	0	0	0	0	0	0	0	0	0	0	0	0	0	0	0	0	4.6334	0	0	0	
0	0	0	0	0	0	0	0	0	0	0	0	0	0	0	0	0	0	0	10.05322	0	0	0	0	0	0	0	0	0	0	0	0	0	0	0	0	0	0	0	0	0	0	0	12.91592	0	0	11.87605	10.94224	11.08699	0	7.93604	7.51303	10.37815	0	0	0	12.75145	0	0	8.26796	7.43632	0	0	12.36381	0	6.36085	0	8.14539	0	0	0	0	0	0	0	0	0	0	0	0	0	0	0	0	0	0	0	0	0	0	7.09026	0	0	0	0	0	0	0	0	0	
0	0	0	0	0	0	0	0	0	0	0	0	7.87137	0	0	0	0	0	0	10.1767	0	0	0	0	0	0	0	0	0	0	0	0	0	6.72606	0	0	0	0	0	0	0	12.13663	12.15267	0	10.51512	0	0	5.22539	10.04454	0	2.88249	8.00668	6.93093	7.46815	9.1286	6.21861	8.28089	5.7289	9.57256	0	0	0	0	0	2.22968	0	0	0	0	0	0	0	0	0	0	0	0	0	10.98226	1.59115	0	0	0	0	0	0	0	0	0	0	0	0	0	0	0	0	0	0	0	0	
0	0	0	0	0	0	0	0	0	0	0	0	0	0	0	0	0	0	0	0	0	0	0	13.76473	0	0	0	0	0	0	0	0	0	0	0	0	0	0	11.97459	0	0	0	7.45785	9.12475	1.22768	0	10.34831	5.53621	0	8.60935	8.45634	7.21505	0	0	0	0	0	6.29737	12.39604	10.23649	10.17544	0	0	0	6.89592	0	0	0	0	0	0	0	0	0	0	0	0	0	0	0	0	0	0	0	0	0	0	0	0	0	0	0	0	0	0	0	0	0	0	0	
0	0	9.15648	0	0	0	0	0	0	0	0	0	0	0	0	0	0	0	0	0	0	0	0	0	0	0	0	0	0	0	0	0	0	0	0	0	0	0	0	0	10.00063	0	0	0	0	9.27215	0	9.50287	9.09231	12.27482	0	8.03531	9.24289	7.87327	0.41738	10.07132	0	0	6.71426	2.74487	7.62517	0	6.63855	10.11954	0	0	0	0	0	0	0	7.76012	0	0	0	0	4.0962	0	0	0	0	0	0	0	0	0	0	0	0	0	0	0	0	0	0	0	0	0	0	0	
0	0	0	0	0	0	0	0	0	0	0	9.37851	0	0	0	0	0	0	0	0	0	0	0	0	0	0	0	0	0	0	0	0	9.13167	0	0	0	0	9.57522	12.34461	3.94728	5.70955	9.45083	0	0	12.05116	8.01359	11.27683	5.0576	10.78691	0	11.26313	0	4.53799	6.25699	0	10.18263	4.19318	9.85485	0	0	0	0	0	0	0	0	0	6.82512	0	0	0	0	9.72924	0	0	4.15172	0	0	10.95643	0	0	0	0	0	0	0	0	0	0	0	0	0	0	0	0	7.08953	0	0	0	0	
0	0	0	0	0	0	0	0	0	0	0	0	0	0	0	0	0	0	0	0	0	0	0	0	0	0	0	0	0	0	0	0	0	0	5.60404	7.30195	0	0	0	7.6531	0	12.1767	0	9.94081	13.36594	9.53892	7.15489	7.93265	6.46806	11.46931	10.27267	10.29198	7.94009	9.35088	0	0	7.00495	0	0	5.68739	8.12126	0	1.59115	0	0	0	0	0	0	0	0	0	0	0	0	0	0	0	7.51174	0	0	0	0	0	0	0	0	10.5078	0	0	0	0	0	0	0	0	0	0	0	0	
0	0	0	0	0	0	0	0	9.07536	0	8.55358	0	0	0	0	0	0	0	0	0	0	0	0	0	0	0	11.7019	0	0	0	0	0	0	0	0	2.81531	0	12.16758	11.318	0	8.74655	10.04728	0	6.82512	2.81531	11.53277	6.88792	7.65651	9.0322	8.93033	0	6.93631	3.67152	0	0	0	10.11525	3.55282	0	0	0	0	2.94667	0	0	0	11.50077	0	0	0	0	0	0	0	0	0	0	0	0	0	0	0	0	0	0	0	0	0	0	0	0	0	0	4.25672	0	0	0	0	0	0	
0	0	0	0	0	0	0	0	0	0	0	11.4453	0	0	12.38028	0	0	0	0	0	0	0	0	0	0	0	0	0	0	0	0	10.91542	0	0	7.08603	0	11.02144	0	0	10.13604	0.74071	0	9.7303	9.73557	10.64403	7.71303	11.08836	8.59831	4.50698	8.12224	6.49965	9.61645	9.1822	8.72195	0	6.60414	9.97477	0	0	9.78626	8.22358	5.21128	0	10.11737	0	0	0	0	0	0	0	0	0	0	0	6.90871	0	0	0	0	0	0	0	6.28839	0	0	0	0	0	0	0	0	0	0	0	0	0	0	0	0	
0	0	0	0	0	0	0	0	0	0	0	0	12.17576	0	0	0	0	0	0	0	0	0	0	0	0	0	0	0	0	9.82252	0	0	8.52233	0	10.80207	0	12.05913	0	12.06219	10.42185	11.00075	10.35432	9.63481	8.24139	7.61122	4.06642	9.51396	10.26712	8.09672	9.20997	7.41505	10.45567	10.07042	5.97527	6.71509	6.06085	9.08761	0	0	8.54583	6.25075	0	0	0	0	0	0	0	0	0	0	0	0	10.5006	0	0	0	0	0	0	10.41938	0	0	0	0	0	0	0	0	0	0	0	0	0	0	0	0	0	0	0	
0	0	0	0	0	0	0	12.59347	0	0	0	10.38613	0	0	0	0	0	0	0	0	0	0	0	0	0	0	0	7.99224	0	0	6.03151	0	11.70828	0	0	0	7.51174	7.92612	9.47759	9.63121	9.54132	5.4755	0	11.09926	10.32132	9.80799	8.76721	9.05683	10.5155	9.89223	5.14934	9.43342	10.56832	9.10203	7.44567	5.94285	10.71434	5.00037	5.32712	9.71951	5.91545	11.54099	7.26031	0	9.27137	0	0	0	0	0	0	0	0	11.29063	0	0	0	0	0	0	0	0	0	0	0	0	0	0	0	0	0	0	0	0	0	0	0	0	0	0	
11.97903	0	0	0	0	0	0	0	8.24936	0	0	0	6.9903	0	0	0	0	0	0	0	0	0	0	0	12.47255	0	0	7.09314	0	0	0	0	11.1744	0	10.22784	8.45634	0	5.99403	10.02329	8.00483	8.40158	8.92126	5.40188	10.51063	11.82574	9.78822	7.80132	9.48282	6.39016	8.49971	10.30069	6.05043	6.44124	3.90438	12.39427	9.47489	10.82012	6.00809	0	12.04526	1.74347	0.41738	0	7.15051	0	6.70036	0	0	0	0	0.41738	0	0	0	0	0	0	0	0	0	0	0	4.34005	0	0	13.06874	0	0	0	0	0	0	0	0	0	0	0	0	0	0	
0	0	0	10.78873	0	0	0	0	0	0	0	0	0	0	0	0	0	0	9.50978	0	0	11.02098	0	6.17239	11.45983	8.47142	0	0	9.02701	11.32594	12.12614	0	12.92635	0	0	0.41738	0	9.39958	11.17781	8.79784	9.00206	6.11736	9.11448	9.27096	8.69791	10.03871	8.38961	8.92431	9.63858	5.65941	9.75219	9.05346	11.06772	6.51398	7.3597	9.62066	0	4.92535	4.14579	8.36235	0.41738	3.37762	10.65944	0	0	0	0	0	0	4.06762	0	0	5.29445	0	1.22768	8.68169	11.10556	3.94728	0	0.74071	0	0	0	0	0	0	0	0	0	0	0	0	0	0	0	0	0	0	0	0	
10.22522	0	0	0	10.53284	8.11419	0	0	0	0	0	0	0	0	0	0	0	8.71432	0	0	0	0	0	0	9.22278	0	10.01884	8.91855	0	12.61546	10.02039	0	0	0	10.60329	7.34908	5.67433	10.33635	10.79854	8.53389	9.18209	9.04827	9.71593	9.32324	9.11206	9.91231	10.1293	7.9716	8.14848	10.68232	4.17428	10.65991	10.60671	7.70981	8.70123	9.37425	9.39746	5.18512	2.21305	9.33844	9.76583	0	7.25728	10.96566	11.68274	9.69578	9.25737	0	0	0	0	0	0	0	5.85043	0	0	0	0	0	0	0	0	0	0	0	0	0	0	0	0	0	0	0	0	0	0	0	0	0	
0	0	0	0	0	0	0	0	7.40726	0	7.83155	0	0	0	0	0	9.16578	10.467	10.10336	7.59169	10.53055	7.7001	0	0	0	13.89463	0	8.78405	6.68847	11.21385	0	10.51244	11.32858	8.09689	9.52237	10.95991	6.5217	8.1447	9.70282	9.43055	9.24864	8.61605	5.84567	7.89389	10.16542	8.26038	7.88734	8.8314	8.91564	7.43046	7.6259	10.74985	7.5797	8.64227	5.98324	5.80693	6.04759	8.49442	0	10.61074	5.29703	8.92714	10.57157	0	7.28245	11.03234	6.53797	0	0	0	0	7.80366	0	0	6.6434	0	0	0	8.78953	0	0	0	0	0	0	7.60419	0	0	0	0	0	0	0	0	0	4.65277	0	0	0	0	
0	10.4941	0	0	2.00698	8.04267	0	0	0	0	0	0	0	0	7.56383	8.13854	0	10.54909	9.29847	0	6.06081	0	7.20234	0	0	0	0	0	10.2692	10.2425	7.58159	0	10.32745	5.68032	8.52759	7.89449	9.39077	9.83464	8.89721	9.898	8.25952	8.28482	8.2304	8.73186	9.05587	7.74051	9.61394	9.40629	8.00361	7.6826	7.10445	8.20628	8.10058	6.46238	8.24642	7.23791	5.02395	9.89664	7.52025	5.23924	0	9.96976	0	11.69783	10.12758	3.33029	7.03281	10.62215	0	0	0	0	0	0	0	3.1237	0	0	0	0	8.51625	0	0	0	0	0	0	0	0	0	0	0	0	0	0	0	0	0	0	0	
0	13.25028	8.66032	0	10.95334	0	0	0	0	0	8.33119	0	0	0	11.26412	10.08476	0	6.52751	0	0	7.80366	6.65305	9.17311	9.63232	7.16909	8.93902	0	4.95212	8.10729	8.23432	11.01444	10.29584	11.39206	10.72004	10.01327	5.98748	8.7662	8.3502	8.12694	8.12838	7.53103	7.97886	7.57929	7.31673	7.43451	6.89564	8.52564	8.46883	9.77763	8.36487	7.67153	8.35524	8.46305	7.82595	7.00489	7.4188	8.20519	6.22293	7.55828	5.78171	0	7.60068	9.57125	9.93012	4.10694	0.41738	2.00698	0	0	0	0	6.15653	0	3.97832	10.08565	0	6.71886	0	1.42083	0	0	0	0	5.30601	0	1.40766	0	0	0	0	0	0	0	0	0	0	0	0	0	0	
0	0	0	0	0	0	0	0	6.51698	0	8.60545	12.38921	0	0	0	0	0	0	10.2028	0	7.59169	0	0	0	0	10.49276	9.68574	0	1.00468	8.9989	6.65728	7.98079	7.46593	9.05021	10.77464	8.8162	9.36002	10.847	10.07891	9.58754	7.07205	9.27612	8.55891	7.62468	8.11443	8.21375	7.0698	8.89893	8.03305	8.63049	8.64214	7.63789	6.84126	8.02042	7.95451	8.77443	8.3346	8.20443	9.73095	8.01518	8.47317	7.19608	9.02328	6.38704	0	9.13547	0	8.09973	0	0	0	0	0	0	0	0	0	0	2.88249	0	0	8.37412	0	0	0	0	0	7.45893	3.63302	8.58921	0	0	0	0	0	0	0	0	0	0	
0	0	0	0	0	0	0	0	13.40968	8.6864	7.88883	1.59115	0	12.88087	0	0	0	8.87655	10.96711	6.27067	0	0	0.41738	9.13749	7.75071	5.35483	9.13253	9.5122	6.10653	9.70222	0	8.24756	4.79326	4.59001	5.56668	9.05833	9.14776	6.22666	7.64265	6.48535	6.97568	7.59718	8.96062	8.89314	6.67669	8.91188	8.41707	7.95863	7.49482	9.11223	8.43345	7.74959	7.06695	7.38611	8.16864	8.45203	6.89339	11.59427	8.77855	5.95281	5.87775	7.97469	7.96452	5.61396	0.87174	8.38884	8.76527	0	0	0	0	0	0	7.44941	7.98844	0	0	0	10.94469	0	0	0	0	0	0	0	0	0	6.78179	0	2.6708	0	0	0	0	0	0	0	0	0	
0	0	10.44321	9.37317	0	10.20116	0	1.59115	7.29771	0	0	0	0	0	0	0	0	8.43536	0	0	0	0	0	11.87862	0	9.9741	0	10.46252	7.74846	7.77723	0	10.38444	0	8.14025	6.31038	8.71594	8.09613	6.66332	1.97467	9.06843	8.18238	8.66143	9.07755	8.01103	6.88254	7.10945	6.9429	9.15753	7.97413	8.49052	7.99633	7.78356	8.76542	8.15939	7.98824	5.85318	7.67059	8.28962	7.44446	7.6647	9.36339	9.13089	2.64723	8.47822	4.56968	0	0	4.61437	3.37762	4.34034	5.299	0	7.40726	0	2.35109	0	5.56096	0	0	0	0	0	4.34847	0	0	0	0	0	0	0	0	0	0	0	0	0	0	0	0	0	
0	0	0	0	0	0	0	0	0	0	10.75692	9.46665	8.19925	0	12.85778	0	0	9.55681	0	16.0613	0	0	0	0	0	0	6.15211	4.61377	7.10707	0	8.29157	8.08821	6.37556	8.23523	7.8942	8.73358	8.8102	6.80109	8.54611	8.81549	9.22525	6.05297	5.67206	6.86877	7.01638	6.94959	6.63367	7.07429	7.46533	5.98452	7.15793	9.01125	9.1999	7.44775	6.21904	7.27942	5.82366	7.55172	9.33703	6.99323	8.63427	6.28193	7.42878	7.38744	0	5.54918	6.44103	4.02736	0	0	5.81648	0	6.37446	1.94156	0	13.02325	0	0	0	0	0	0	0	0	0	0	0	0	6.69396	0	0	0	0	0	0	0	0	0	0	0	
0	0	0	0	0	0	0	0	0	9.94395	0	0	6.66741	0	0	0	0	0	0	0	0	0	0	8.82538	0	0	7.29998	0	0	4.79791	6.66693	0	0	7.33416	8.30999	7.25399	5.63359	2.22968	0	9.10291	6.19515	8.6864	4.93852	5.31839	8.82587	10.7578	7.19465	7.80497	9.10398	5.51541	7.07224	8.97529	7.56213	6.44652	7.63677	7.23146	8.03422	6.85922	4.53254	6.50078	7.91874	6.26063	4.24342	8.88534	7.99317	7.47313	8.40015	7.73943	6.37521	0	0	10.40767	0	4.78154	0	2.51015	8.06815	0	0	0	0	0	0	0	10.92815	0	0	3.23069	0	0	0	8.28228	0	0	0	0	7.87756	0	0	0	
0	0	0	0	0	0	0	0	0	0	0	12.01876	0	0	0	0	0	5.31713	12.41301	0	0	0	0	1.88123	0	0	0	8.14197	0	0	0	0	6.46047	6.81457	6.43888	0	5.74914	8.26913	6.03514	4.62822	6.09168	9.13043	7.40111	2.245	0	9.6602	6.04648	5.60661	6.84914	6.65157	7.69424	11.07743	9.24423	6.22832	6.66355	7.53226	7.38225	6.74058	7.71936	8.7841	7.44237	4.22564	0	6.97441	8.01576	0	4.79493	6.85051	6.71886	10.10707	0	0	0	0	0	10.67402	0	10.25602	0	0	0	9.51251	0	0	0	0	0	0	0	0	0	0	0	0	0	0	0	0	0	0	
0	0	0	0	7.95277	0	0	0	0	0	9.32593	0	0.74071	0	0	9.96008	0	0	6.41857	0	6.68882	4.86695	0	0	0	8.79281	7.7143	0	0	5.0864	0	8.28539	12.33074	0	0	7.49574	9.25878	12.43188	10.81207	11.17383	7.51291	7.83791	5.90022	9.23408	3.62354	7.61039	11.72896	6.7715	8.55111	8.12455	8.88813	7.02272	8.62832	8.26499	6.4595	7.29443	7.62579	8.96508	4.3264	8.09108	5.14816	8.55921	5.9248	6.84666	8.45864	0	6.88408	9.30863	0	0.41738	8.71863	8.14881	6.74081	11.1377	10.13291	0	6.19229	0	0	0	6.87133	0	0	4.06762	0	2.51015	0	0	0	10.04865	0	0	0	0	0	0	0	0	0	0	
0	0	0	0	0	0	0	0	0	0	0	10.49477	3.84319	0	0	10.2373	0	0	0	2.32935	1.88123	0	1.22768	0	0	0	0	0	0	4.59914	2.88249	6.54696	0	0	0	9.1792	0	0	0	6.78179	3.35065	5.00682	5.05714	5.46635	6.14478	3.31935	5.90219	7.85344	6.31104	4.50508	0	0	8.29506	10.13746	2.81531	7.07948	7.88175	6.3853	6.3482	6.3983	7.45791	6.32912	8.53325	7.28522	5.50223	6.93272	6.6288	8.31157	0.41738	8.94709	0	6.21211	8.38041	10.25958	10.07087	0	9.21058	0	7.00922	0	0	0	0	0	0	0	0	0	0	0	0	0	0	0	0	0	0	0	0	0	
0	0	0	7.30996	0	0	0	0	0	0	0	0	0	0	0	0	0.74071	0	0	0	0	0	7.00168	0	0	0	7.07922	5.90529	8.57405	7.4355	0	0	3.46788	0	0	10.21949	0	2.6708	6.97884	4.42379	5.3526	0	0.41738	0	3.25414	10.63499	9.08888	8.59423	5.56034	5.66389	6.48217	7.7733	8.23559	8.47139	9.13754	8.46096	7.93613	6.60746	7.08196	7.68884	8.91712	7.65222	8.541	8.54558	7.9136	8.77119	5.51641	11.28851	9.50845	7.87349	7.66225	9.19871	5.0042	2.32114	8.47655	0	11.77402	0	5.29751	10.00787	0	4.00871	4.96318	0	0	0.41738	0	0	0	0	0	0	0	0	0	0	0	5.36661	0	11.59472	
0	0	5.42343	0	0	0	0	0	0	0	0	0	0	0	0	0	0	0	0	0	7.8693	0	0	0	0	10.84138	0	8.38102	0	9.77967	0	9.71491	8.51176	0	5.65296	0	0	5.82383	6.25953	0	6.41857	0	0	7.25481	10.87398	10.66153	2.03641	3.45576	8.20893	6.9109	9.83105	9.19249	6.69431	6.84485	6.85616	8.42409	0	6.43301	8.38596	6.07989	2.31002	6.16565	5.61416	3.35488	5.11463	8.22519	5.15586	0	8.65161	5.21264	4.05806	7.36546	5.97398	8.3683	0	0	6.36974	0	2.3676	7.84424	0	6.61422	0	0	0	0	0	0	3.8553	0	0	0	0	0	0	0	2.22968	0	0	0	
0	0	0	0	2.51015	0	0	0	0	0	0	0	8.32818	0	0	0	0	0	0	0	5.45754	4.33075	0	0	0	0	0	6.26183	0	0	0	0.41738	10.93459	0	0	0	7.60667	0	2.74487	8.63497	0	0	4.52076	0	8.94198	0	5.29064	9.96783	3.00813	6.95815	7.861	4.16134	8.45082	7.14616	7.89718	3.23431	0	5.70897	6.71129	2.48113	8.51362	7.11445	8.7935	7.51742	7.25242	8.20894	5.22668	4.43365	7.93399	6.16535	7.90211	0	0	9.4141	0	7.633	5.31486	6.39053	0	0	0	0	0	0	5.62381	0.74071	0	0	0	0	0	0	0	0	0	0	8.01675	0	0	0	
0	0	0	0	0	0	0	0	8.41724	0	0	0	1.59115	0	0	0	9.06455	7.73091	4.40117	0	0	0	0	0	4.01613	0	0	0	0	0	0	0	0	0	8.54454	8.2776	0	9.37705	0	0	0	0	5.84202	10.85895	0	10.70175	9.32894	7.06088	0	5.6748	0	10.16283	9.05548	8.50525	0	7.15558	0	6.05641	0	6.96472	7.81886	7.60667	5.71034	8.15561	7.63937	8.0137	6.39839	7.7817	10.22441	7.66576	8.46014	2.95075	6.16577	6.61899	8.16757	4.84617	9.75667	6.3311	0	0	6.56378	9.94248	9.22779	0	4.98874	0.41738	7.45494	6.46861	6.82512	0	3.59388	0	0	9.23024	0	0	0	0	0	0	
0	0	0	0	0	0	0	0	0	0	0	0	0	0	0	0	0	0	0	0	5.79577	0	0	0	0	0	0	0	0	5.23143	0	0	0	0	8.33419	0	0	0	0	0	8.91315	0	9.37049	7.97888	5.46708	0	0	5.77288	5.87538	6.34087	12.65104	0	0	6.08938	3.4522	7.14651	0	0	7.63558	9.60134	11.59628	6.05819	4.96317	6.81522	7.96332	7.74789	5.01653	5.80725	6.81433	6.04698	10.09662	7.22672	4.90697	5.3488	5.44596	0	2.09193	0	6.82225	0	0	0	3.55282	0	0	0	8.36954	0	0	0	0	0	0	0	0	0	0	0	0	0	
0	0	0	0	7.93208	0	0	0	0	0	0	1.42083	0	5.09648	0	0	0	0	0	0	0	0	0	0	0	0	0	0	0	0	0	0	0	0	0	0	0	0	0	7.06167	0	0	6.73712	0	6.77726	0	0.79558	0	0	0	5.64331	0	0	0	9.65673	0	0	1.22768	0	7.92612	7.90436	2.68592	7.85126	6.84542	6.82055	0	3.88993	5.26446	9.42896	7.65335	8.19876	9.17855	7.82018	5.46622	0	0	5.14838	5.63359	7.00193	5.92402	4.99389	7.51703	1.59115	0	1.59115	0	3.81599	8.74888	0	5.01621	0	0	0	0	6.5841	0	0	0	0	0	
0	0	0	0	0	0	0	0	0	0	0	0	0	0	0	0	0	7.20664	0	0	0	8.58795	9.02886	0	0	0	7.88985	0	0	0	0	0	0	6.45144	6.7167	0	0	0	0	0	0	0	0	0	0	0	0	0	1.00468	0	13.39869	0	0	0	0	8.81699	10.31683	8.56035	7.14536	5.45754	0	7.07367	5.60157	0	8.4716	6.37894	7.91409	7.53238	5.02324	4.22172	6.37128	5.22181	6.74579	4.891	9.05718	8.47438	6.84994	0	10.72582	6.79143	0	0	6.93314	0	6.19899	10.11876	5.81648	2.22968	0	10.02724	0	0	0	0	0	0	8.89236	0	0	0	
0	0	0	0	0	0	0	0	6.41746	0	0	0	0	0	0	0	0	0	0	0	0	0	0	0	0	0	0	1.42083	0	0	0	0	0	0	0	0	0	0	0	8.80619	0	0	0	0	0	6.76854	0	6.83787	8.57151	0	0	8.60172	0	0	0	0	0	0	8.63275	0	8.32551	0	9.02896	9.3572	7.42186	4.80034	6.61179	0	0	6.65967	8.62401	5.36661	8.59226	7.88147	8.14305	12.4111	1.77641	0	0	6.28252	7.83854	7.38869	9.74793	8.32282	7.19249	0	0	0	0	0	7.7619	0	10.52741	0	0	0	0	0	0	0	
0	0	0	0	0	0	0	0	0	0	0	0	0	10.32254	0	0	0	0	0	1.22768	0	0	0	0	0	3.79649	0	0	0	0	0	0	0	0	8.41582	0	0	7.38502	0	0	9.12301	0	6.07524	10.2065	2.00698	0	0	0	0	0	4.3065	7.14877	0	0	3.37762	0	0	0	0	8.38742	5.20307	0	5.27899	8.35503	6.81226	5.09042	9.74556	5.21849	0	5.81367	6.89075	0	4.98057	6.7041	8.9683	7.35189	6.53118	5.90186	6.98246	4.48027	0	5.12505	7.78842	5.06244	2.31192	0	0	6.63855	3.25705	0	6.70501	0	0	8.50378	0	0	0	0	4.99863	0	
0	0	0	0	0	0	0	6.72802	0	0	0	0	0	0	0	0	0	0	0	0	0	0	9.50513	0	0	0	0	0	8.28693	0	0	0	0	0	10.27207	0	0	2.00698	0	0	0	0.94062	0	0	0	0	9.44227	0	0	0	0	0	8.79608	0	0	0	5.31432	3.81599	0	6.03187	7.01303	0	0	6.24654	0	6.09661	0	7.57229	6.82101	10.47858	8.79175	6.90794	7.45769	4.68136	9.40944	6.6809	3.89501	0	6.63839	6.14062	6.96706	7.64384	6.12074	0	6.25469	0	2.12264	5.76291	0	0	8.48769	10.05055	0	0	0	0	8.52759	0	0	0	
0	0	0	0	0	0	0	0	0	0	0	0	0	0	0	0	0	0	0	0	0	0	0	0	0	0	0	0	0	0	0	0	0	0	0	0	0	6.6378	0	0	0	0	0	0	0	0	0	0	0	8.71317	0	4.80223	0	3.66945	0	0	3.1237	5.07331	1.42083	0	1.22768	0	8.45082	12.53627	7.5992	7.31581	0	0	8.80801	7.87759	0	8.41156	5.59335	10.29866	8.02352	6.59129	0	4.99052	4.64117	9.01528	4.01264	10.98799	5.40138	0	0	0	5.1087	0	0	0	0	0	6.60471	6.92349	6.59915	0	0	0	0	0	
0	0	0	0	0	0	0	8.55229	0	0	0	0	0	0	0	0	0	0	0	0	0	0	0	0	0	0	0	0	0	0	0	0	0	0	0	0	0	4.75266	0	8.11952	0	0	0	0	0	0	0	0	0	0	5.18019	0	0	12.66064	5.99449	0	0	6.78365	9.85005	9.78461	0	1.88123	0	7.9109	8.54905	9.9918	0	0	8.74678	6.78319	7.80958	4.13794	4.38629	9.71563	4.97862	8.17824	6.77363	0	8.17758	9.18344	7.8781	9.15053	5.90531	4.53228	7.99905	0	0	1.15596	0	0	7.52494	0	0	0	0	2.81788	0	0	0	0	
0	0	0	0	0	0	0	0	0	0	0	0	0	0	0	0	0	0	0	0	0	0	0	0	0	10.58608	0	0	0	0	0	0	0	0	0	0	0	7.98079	0	0	0	0	0	0	9.26273	0	0	0	10.74512	0	0	0	0	0	0	0.74071	0	0	0	0	0	0	7.74618	0	0	6.2669	6.95268	6.05714	7.24763	7.99123	4.19145	0	7.58995	0	9.79772	5.86181	3.91556	6.47966	6.23099	6.66356	4.31297	0	4.86516	0	9.36021	8.80737	0	0	0	0	11.33758	0	0	0	0	0	0	0.74071	0	0	
0	0	0	0	0	0	0	0	0	0	0	0	6.10367	0	0	0	0	0	0	0	0	0	0	0	0	0	0	0	0	0	0	0	0	0	0	0	0	0	0	0	0	0	0	0	0	0	0	7.87756	0	0	1.22768	0	9.5613	0	0	0	0	0	0	4.33571	0	0	0	3.58563	2.6708	5.43534	9.12013	0	12.20137	0	0	9.51509	0	0	0	4.24518	7.16537	9.07604	7.78345	5.03905	0	5.68276	4.97059	4.68783	3.8545	3.36431	7.23515	0	7.26661	0	0	0	0	6.17239	0	0	0	0	0	0	
0	0	0	0	0	0	0	0	0	0	0	0	0	0	0	0	0	0	0	0	0	0	0	0	0	0	0	0	0	0	0	0	10.33121	0	0	0	0	0	0	0	8.9051	0	0	0	0	0	0	0	0	0	0	0	0	0	0	0	5.09473	0	0	0	10.61187	0	0	5.862	0	7.67458	0	0	7.17987	0	0	0	7.87961	0	0	2.51015	0	0	5.72679	9.14793	8.47059	6.9903	9.41512	0	6.6434	0	0.74071	0	0	0	6.74614	5.97511	5.64628	0	0	0	0	0	0	0	
0	0	0	0	0	0	0	1.68881	0	0	0	0	0	0	0	0	0	0	0	0	0	0	0	0	0	0	0	6.95563	0	0	0	0	0	0	0	0	0	0	0	0	0	0	0	0	0	0	0	0	0	0	0	0	0	0	0	0	0	0	0	0	0	0	0	0	0	0	0	0	0	0	3.97504	5.15869	5.48627	4.06762	0	9.79064	8.42006	0	9.56735	4.06762	0	6.8114	0	7.08247	2.12264	8.24097	0	8.89996	0	2.22968	0	3.06707	0	0	0	10.98799	0	0	0	0	
0	0	0	0	0	0	0	0	0	0	0	0	0	0	0	0	0	0	0	0	8.82625	0	0	0	0	0	0	0	0	0	0.41738	0	0	0	0	0	0	0	0	0	0	0	0	0	0	0	0	0	0	0	0	0	0	0	0	0	0	0	0	10.31989	0	0	0	0	7.51967	8.43971	5.31891	5.85679	0	0	0	0	0	0	0	7.7004	6.11552	0.74071	0	0	3.94288	0	0	0	4.66004	7.0645	8.19803	6.82312	8.45359	0	6.20556	5.41279	6.30072	5.24426	0	5.52215	0	0	0	0	
0	0	0	0	0	0	0	0	0	0	0	0	0	0	0	0	0	0	0	0	0	0	0	0	0	0	0	0	0	0	0	0	0	0	0	0	0	0	0	0	0	0	0	0	0	0	0	0	6.45764	0	0	0	0	0	0	0	0	0	0	0	0	0	0	0	0	0	0	0	0	8.72351	12.14734	9.76528	7.20128	0	7.98462	7.24763	0	10.26627	4.35461	0	0	7.97888	9.78225	0	6.6011	0	1.42083	0	0	6.07675	0	2.09685	6.06367	0	7.42145	0	0	0	0	0	
0	0	0	0	0	0	0	0	0	0	0	0	0	0	0	7.74781	0	0	0	0	0	0	0	0	0	0	0	0	0	0	0	0	0	0	7.7552	0	0	0	0	0	0	0	0	0	0	0	0	0	0	0	0	0	0	0	0	0	0	0	0	0	0	0	0	0	0	0	0	5.08226	0	0	0	0	0	6.91209	0	0	0	0.61384	0	0	0	3.06707	0	0	4.0564	0	7.81288	3.23975	6.95563	10.04694	8.78186	0	9.05366	0	0	0	0	0	0	0	
0	0	0	0	0	0	0	0	0	0	0	0	0	0	0	0	0	0	0	0	0	0	0	0	0	0	0	0	0	0	0	0	0	0	0	0	0	0	0	0	0	0	0	0	0	0	0	0	7.70273	6.31903	0	0	0	0	0	0	0	0	0	11.00316	0	0	0	0	0	7.06456	0	0	0	0	0	8.37412	0	0	0	0	0	11.4025	0	4.86116	11.76153	0	0	8.57912	0	0	0	0	0	0	0	0	0	0	0	0	0	0	0	0	
0	0	0	0	0	0	0	0	0	0	0	0	0	0	0	0	0	0	0	0	0	0	0	0	0	0	0	0	0	0	0	0	0	0	0	0	0	0	0	0	0	0	0	0	0	0	0	0	0	0	0	0	0	0	0	2.2393	0	0	13.48316	0	0	0	0	0	7.355	0	0	0	0	0	0	8.2962	0	5.51158	0	0	7.82943	0	0	0	3.87597	5.98706	4.36226	8.12583	0	0	0	9.17753	8.46546	0	2.94667	10.44634	10.40517	0	0	0	0	0	0	0	
0	0	0	0	0	0	0	0	0	0	0	0	0	0	0	0	0	0	0	0	0	0	0	0	0	0	0	0	0	0	0	0	0	0	0	0	0	0	0	0	0	0	0	0	0	0	0	0	0	0	0	0	0	0	0	0	0	0	0	0	0	0	0	0	0	0	0	0	0	0	0	0	0	0	0	0	0	0	0	0	0	0	0	0	0	0	0.74071	0	0	0	0	10.74399	0	0	0	0	0	0	0	0	
0	0	0	0	0	0	0	0	0	0	0	0	0	0	0	0	0	0	0	0	0	0	0	0	0	0	0	0	0	0	0	0	0	0	0	0	0	0	0	0	0	0	0	0	0	0	0	0	0	0	0	0	0	0	0	0	0	0	0	0	0	0	0	0	0	0	0	0	0	0	8.2085	0	0	0	0	0	7.77522	0	0	8.88167	0	0	0	8.81017	0	0	0	0.41738	0	0	6.03032	9.45911	0	0	0	0	0	0	0	0	
0	0	0	0	0	0	0	0	0	0	0	0	0	0	0	0	0	0	0	0	0	0	0	0	0	0	0	0	0	0	0	0	0	0	0	0	0	0	0	0	0	0	0	0	0	0	0	0	0	0	0	0	0	0	0	0	0	0	0	1.42083	0	0	0	0	0	0	0	0	0	0	5.20543	0	0	0	0	0	0	0	0	0	0	0	0	0	0	0	5.55341	0	0	0	0	0	0	0	0	0	0	0	0	0	
0	0	0	0	0	0	0	0	0	0	0	0	0	0	0	0	0	0	0	0	0	0	0	0	0	0	0	0	0	0	0	0	0	0	0	0	0	0	0	0	0	0	0	0	0	0	0	0	0	0	0	0	0	0	0	0	0	0	0	0	0	0	0	0	0	0	0	0	0	7.36091	1.74347	0	0	0	0	0	0	0	7.861	0	0	0	0	0	0	0	0	0	7.87756	5.31891	0	0	0	0	0	0	0	0	0	0	
0	0	0	0	0	0	0	0	0	0	0	0	0	0	0	0	0	0	0	0	0	0	0	0	0	0	0	0	0	0	0	0	0	0	0	0	0	0	0	0	0	0	0	0	0	0	0	0	0	0	0	0	0	0	0	0	0	0	0	0	0	0	0	0	0	0	0	0	0	0	0	0	0	0	0	0	0	0	0	0	0	0	0	0	0	0	3.55282	0	0	0	0	0	0	0	0	0	0	0	0	0	
0	0	0	0	0	0	0	0	0	0	0	0	0	0	0	0	0	0	0	0	0	0	0	0	0	0	0	0	0	0	0	0	0	0	0	0	0	0	0	0	0	0	0	0	0	0	0	0	0	0	0	0	0	0	0	0	0	0	7.52756	0	0	0	0	0	0	0	0	0	0	0	0	0	0	0	0	8.0914	0	0	0	0	0	0	0	0	0	0	0	0	0	0	0	0	0	0	0	0	0	0	0	0	
0	0	0	0	0	0	0	0	0	0	0	0	0	0	0	0	0	0	0	0	0	0	0	0	0	0	0	0	0	0	0	0	8.94787	0	0	0	0	0	0	0	0	0	0	0	0	0	0	0	0	0	1.22768	0	0	0	0	0	0	0	0	0	0	0	0.74071	0	0	0	0	0	0	0	0	0	0	0	0	5.99403	0	0	0	0	1.22768	0	0	0	0	0	0	0	0	0	0	0	0	0	0	0	0	0	0	0	
0	0	0	0	0	0	0	0	0	0	0	0	0	0	0	0	0	0	0	0	0	0	0	0	0	0	0	0	0	0	0	0	0	0	0	0	0	0	0	0	0	0	0	0	0	0	0	0	0	0	0	0	0	0	0	0	0	0	0	0	0	0	0	0	0	0	0	0	0	0	0	0	0	0	0	0	0	0	0	0	0	0	0	0	0	0	0	0	0	0	0	0	0	0	0	0	0	0	0	0	
0	0	0	0	0	0	0	0	0	0	0	0	0	0	0	0	0	0	0	0	0	0	0	0	0	0	0	0	0	0	0	0	0	0	0	0	0	0	0	0	0	0	0	0	0	0	0	0	0	0	0	0	0	0	0	0	0	0	0	0	0	0	0	0	0	0	0	0	0	0	0	0	0	0	0	0	0	0	0	0	0	0	0	0	0	0	0	0	0	0	0	0	0	0	0	0	0	0	0	0	
0	0	0	0	0	0	0	0	0	0	0	0	0	0	0	0	0	0	0	0	0	0	0	0	0	0	0	0	0	0	0	0	0	0	0	0	0	0	0	0	0	0	0	0	0	0	0	0	0	0	0	0	0	0	0	0	0	0	0	0	0	0	0	0	0	0	0	0	0	0	0	0	0	0	0	0	0	0	0	0	0	0	0	0	0	0	0	0	0	0	0	0	0	0	0	0	0	0	0	0	
0	0	0	0	0	0	0	0	0	0	0	0	0	0	0	0	0	0	0	0	0	0	0	0	0	0	0	0	0	0	0	0	0	0	0	0	0	0	0	0	0	0	0	0	0	0	0	0	0	0	0	0	0	0	0	0	0	0	0	0	0	0	0	0	0	0	0	0	0	0	0	0	0	0	0	0	0	0	0	0	0	0	0	0	0	0	0	0	0	0	0	0	0	0	0	0	0	0	0	0	
0	0	0	0	0	0	0	0	0	0	0	0	0	0	0	0	0	0	0	0	0	0	0	0	0	0	0	0	0	0	0	0	0	0	0	0	0	0	0	0	0	0	0	0	0	0	0	0	0	0	0	0	0	0	0	0	0	0	0	0	0	0	0	0	0	0	0	0	0	0	0	0	0	0	0	0	0	0	0	0	0	0.74071	0	0	0	0	0	0	0	0	0	0	0	0	0	0	0	0	0	0	
0	0	0	0	0	0	0	0	0	0	0	0	0	0	0	0	0	0	0	0	0	0	0	0	0	0	0	0	0	0	0	0	0	0	0	0	0	0	0	0	0	0	0	0	0	0	0	10.67758	0	0	0	0	0	0	0	0	0	0	0	0	0	0	0	0	0	0	0	0	0	0	0	0	0	0	8.11902	0	0	0	0	0	0	0	0	0	0	0	0	0	0	0	0	0	0	0	0	0	0	0	0	0	
