0	0	0	0	0	0	0	0	0	0	0	0	0	0	0	0	0	0	0	0	0	0	0	0	0	0	0	0	0	0	0	0	0	0	0	0	0	0	0	0	0	0	0	0	0	0	0	0	0	0	0	6.1208	0	0	0	0	0	0	0	0	0	0	0	0	0	0	0	0	0	0	0	0	0	0	0	0	0	0	0	0	0	0	0	0	0	0	0	0	0	0	0	0	0	0	0	0	0	0	0	0	
0	0	0	0	0	0	0	0	0	0	0	0	0	0	0	0	0	0	0	0	0	0	0	0	0	0	0	0	0	0	0	0	0	0	0	0	0	0	0	0	0	0	0	0	0	0	0	12.31071	0	0	0	0	0	0	0	0	0	0	0	0	0	0	0	7.56087	0	0	0	0	0	0	0	0	0	0	0	0	0	0	0	0	0	0	0	0	0	0	0	0	0	0	0	0	0	0	0	0	0	0	0	0	
0	0	0	0	0	0	0	0	0	0	0	0	0	0	0	0	0	0	0	0	0	0	0	0	0	0	0	0	0	0	0	0	0	0	0	0	0	0	0	0	0	0	0	0	0	0	0	0	0	0	0	0	0	0	9.47293	0	0	0	0	0	0	0	0	0	0	0	0	0	0	0	0	0	0	0	0	0	0	0	0	0	0	0	0	0	0	0	0	0	0	0	0	0	0	0	0	0	0	0	0	0	
0	0	0	0	0	0	0	0	0	0	0	0	0	0	0	0	0	0	0	0	0	0	0	0	0	0	0	0	0	0	0	0	0	0	0	0	0	0	0	0	0	0	0	0	0	0	15.01232	8.69145	0	0	0	0	0	0	0	0	0	0	0	0	0	0	0	0	0	0	0	0	0	0	0	0	0	0	0	0	0	0	0	0	0	0	0	0	0	0	0	0	0	0	0	0	0	0	0	0	0	0	0	0	
0	0	0	0	0	0	0	0	0	0	0	0	0	0	0	0	0	0	0	0	0	0	0	0	0	0	0	0	0	0	0	0	0	0	0	0	0	5.80239	0	0	0	0	0	11.4929	0	0	0	0	0	0	0	0	0	0	0	0	0	0	0	0	0	0	0	0	0	0	0	0	0	0	0	0	0	0	0	0	0	0	0	0	0	0	0	0	0	0	0	0	0	0	0	0	0	0	0	0	0	0	0	0	
0	0	0	0	0	0	0	0	0	0	0	0	0	0	0	0	0	0	0	0	0	0	0	0	0	0	0	0	0	0	0	0	0	0	0	0	0	0	0	0	0	0	0	0	0	0	0	0	0	0	0	0	0	0	0	0	0	0	0	0	0	0	0	0	0	0	0	0	0	0	0	0	7.49062	0	0	0	0	0	0	0	0	0	0	0	0	0	0	0	0	0	0	0	0	0	0	0	0	0	0	0	
0	0	0	0	0	0	0	0	0	0	0	0	0	0	0	0	0	0	0	0	0	0	0	0	0	0	0	0	0	0	0	0	0	0	0	0	0	0	0	0	0	0	0	0	0	0	0	0	0	0	0	0	0	0	0	0	0	0	0	0	0	0	0	0	0	0	0	0	0	0	0	0	0	0	10.68856	0	0	0	0	0	0	0	0	0	0	0	0	0	0	0	0	0	0	0	0	0	0	0	0	0	
0	0	0	0	0	0	0	0	0	0	0	0	0	0	0	0	0	0	0	0	0	0	0	0	0	0	0	0	0	0	0	0	0	0	0	0	0	0	0	0	0	0	0	0	0	0	0	0	0	0	0	9.32572	0	0	0	13.09455	0	0	10.3268	0	0	0	0	0	0	0	0	0	0	0	0	0	0	0	0	0	0	0	0	0	0	0	0	0	0	0	0	0	0	0	0	0	0	0	0	0	0	0	0	0	
0	0	0	0	0	0	0	0	0	0	0	0	0	0	0	0	0	0	0	0	0	0	0	0	0	0	0	0	8.23975	0	0	0	0	0	0	0	0	0	0	0	0	0	0	0	0	0	0	0	0	0	0	0	0	0	0	0	0	0	0	0	0	0	0	0	0	0	0	8.54806	0	0	0	0	0	0	0	0	0	0	0	0	0	0	0	0	0	0	0	0	0	0	0	0	0	0	0	0	0	0	0	0	
0	0	0	0	0	0	0	0	0	0	0	0	0	0	0	0	0	0	0	0	0	0	0	0	0	0	0	0	0	0	0	0	0	0	0	0	0	0	0	0	0	0	0	0	0	0	0	0	0	0	0	0	0	0	0	10.13205	0	0	0	0	0	0	0	0	0	0	0	0	0	0	0	0	0	0	0	0	0	0	0	0	0	0	0	0	0	0	0	0	0	0	0	0	0	0	0	0	0	0	0	0	
0	0	0	0	0	0	0	0	0	0	0	0	0	0	0	0	0	0	0	0	0	0	0	0	0	0	0	0	0	0	0	0	0	0	0	0	0	0	0	0	0	0	0	0	0	0	0	0	0	0	0	0	0	0	0	0	0	0	0	0	0	0	0	0	0	0	0	9.66572	0	0	0	0	0	0	0	0	0	0	0	0	0	0	0	0	0	0	0	0	0	0	0	0	0	0	0	0	0	0	0	0	
0	0	0	0	0	0	0	0	0	0	0	0	0	0	0	0	0	0	0	0	0	0	0	0	0	0	0	0	0	0	0	0	0	0	0	0	0	0	0	0	0	0	0	0	0	0	0	0	0	0	0	0	9.62062	0	0	0	7.56387	0	0	0	0	0	0	0	0	0	0	0	0	0	0	7.05584	0	0	0	0	0	0	0	0	0	0	0	0	0	0	0	0	0	0	0	0	0	0	0	0	0	0	0	0	
0	0	0	0	0	0	0	0	0	0	0	0	0	0	0	0	0	0	0	0	0	0	0	0	0	0	0	0	0	0	0	0	0	0	0	0	0	0	0	0	0	0	0	0	0	0	0	0	10.38467	0	0	0	11.53433	0	0	0	0	0	0	0	0	0	0	0	0	0	0	7.56576	0	0	0	0	0	0	0	0	0	0	0	0	0	0	0	0	0	0	0	0	0	0	0	0	0	0	0	0	0	0	0	0	
0	0	0	0	0	0	0	0	0	0	0	0	0	0	0	0	0	0	0	0	0	0	0	0	0	0	0	0	0	0	13.39828	0	0	0	0	0	0	0	0	11.41053	0	0	0	0	0	0	0	9.2343	0	0	0	0	0	0	0	0	0	5.06056	17.18313	0	9.80469	0	0	10.64764	0	0	0	0	0	0	0	0	0	0	0	0	0	0	0	0	0	0	0	0	0	0	0	0	0	0	0	0	0	0	0	0	0	0	0	0	
0	0	0	0	0	0	0	0	0	0	0	0	0	0	0	0	0	0	0	0	0	0	0	0	0	0	0	0	0	0	0	0	0	0	0	0	0	0	0	0	0	0	0	0	0	0	0	0	0	0	0	0	0	0	6.64597	0	0	0	0	0	0	0	0	0	0	0	0	0	0	0	0	0	0	0	16.52839	0	0	0	0	0	0	0	0	0	0	0	0	0	0	0	0	0	0	0	0	0	0	0	0	0	
0	0	0	0	0	0	0	0	0	0	0	0	0	0	0	0	0	0	0	0	0	0	0	0	0	0	0	0	0	0	0	0	0	0	0	0	0	0	0	0	0	0	12.45114	0	0	0	0	0	0	0	0	0	9.38989	0	0	0	0	0	0	12.49529	0	0	0	0	0	0	0	0	0	0	0	5.93679	0	0	0	0	0	0	0	0	0	0	0	0	0	0	0	0	0	0	0	0	0	0	0	0	0	0	0	0	
0	0	0	0	0	0	0	0	0	0	0	0	0	0	0	0	0	0	0	0	0	0	0	0	0	0	0	0	0	0	0	0	0	0	0	0	0	0	0	0	0	0	0	6.37634	0	0	0	11.75003	0	0	0	8.69872	0	0	0	0	0	0	4.90949	0	0	0	0	0	0	0	0	0	0	0	0	0	0	0	0	0	0	0	0	0	0	0	0	0	0	0	0	0	0	0	0	0	0	0	0	0	0	0	0	0	
0	0	0	0	0	0	0	0	0	0	0	0	0	0	0	0	0	0	0	0	0	0	0	0	0	0	0	0	0	0	0	0	0	0	0	0	0	0	0	0	0	0	9.64624	0	0	0	0	0	0	0	0	0	0	0	0	7.85455	0	0	0	0	0	0	0	0	0	0	1.37995	0	7.70745	0	0	0	0	0	0	0	0	0	0	0	0	0	0	0	0	0	0	0	0	0	0	0	0	0	0	0	0	0	0	0	
0	0	0	0	0	0	0	0	0	0	0	0	0	0	0	0	0	0	0	0	0	0	0	0	0	0	0	0	0	0	0	0	0	0	0	0	0	0	0	0	12.26498	0	0	0	0	0	0	0	0	0	0	0	0	0	0	0	0	0	0	0	0	0	0	0	0	0	0	0	0	0	0	0	0	0	0	0	0	0	0	0	0	0	0	0	0	0	0	0	0	0	0	0	0	0	0	0	0	0	0	0	
0	0	0	0	0	0	0	0	0	0	0	0	0	0	0	0	0	0	0	0	0	0	0	0	0	0	0	0	0	0	0	0	0	0	0	0	0	0	0	0	0	0	0	0	0	0	0	6.06664	0	0	7.75308	0	0	0	0	0	0	0	0	0	0	0	0	0	0	0	0	0	0	0	0	0	0	0	0	0	9.12839	0	0	0	0	0	0	0	0	0	0	0	0	0	0	0	0	0	0	0	0	0	0	0	
0	0	0	0	0	0	0	0	0	0	0	0	0	0	0	0	0	0	0	0	0	0	0	0	0	0	0	0	0	0	0	0	0	0	0	0	0	0	0	0	0	0	0	0	0	0	0	5.67243	0	0	8.73254	11.18065	0	0	0	0	6.75072	0	8.65894	0	9.9083	0	0	0	0	12.41637	0	0	0	0	0	0	0	0	0	0	0	0	0	0	0	0	0	0	0	0	0	0	0	0	0	0	0	0	0	0	0	0	0	0	
0	0	0	0	0	0	0	0	0	0	0	0	0	0	0	0	0	0	0	0	0	0	0	0	0	0	0	0	0	0	0	0	0	0	0	0	0	0	0	0	0	7.99711	0	0	0	0	0	0	0	0	0	0	0	0	0	0	0	0	0	0	0	0	0	0	0	0	0	0	0	0	0	0	0	0	0	0	0	0	0	0	0	0	0	0	0	0	0	0	0	0	0	0	0	0	0	0	0	0	0	0	
0	0	0	0	0	0	0	0	0	0	0	0	0	0	0	0	0	0	0	0	0	0	0	0	0	0	0	0	0	0	0	7.98073	0.71458	0	0	0	0	0	0	0	0	0	0	0	0	0	0	9.50637	0	0	0	0	0	0	0	0	0	0	0	0	0	0	0	4.60866	0	0	0	7.75317	0	0	0	0	0	0	0	0	0	0	0	0	0	0	0	0	0	0	0	0	0	0	0	0	0	0	0	0	0	0	0	0	
0	0	0	0	0	0	0	0	0	0	0	0	0	0	0	0	0	0	0	0	0	0	0	0	0	0	0	0	0	0	0	12.32569	0	0	0	0	0	0	0	0	0	0	0	0	0	0	0	0	0	0	0	0	0	0	0	0	0	0	0	0	0	0	0	0	0	0	0	0	0	0	0	0	0	0	0	0	0	0	0	0	0	0	0	0	0	0	0	0	0	0	0	0	0	0	0	0	0	0	0	0	
0	0	0	0	0	0	0	0	0	0	0	0	0	0	0	0	0	0	0	0	0	0	0	0	0	0	0	0	0	0	0	0	0	0	0	0	0	0	0	0	0	0	0	9.96491	0	0	0	0	0	12.31421	0	0	0	0	9.01677	0	0	0	0	0	0	0	0	0	0	0	0	0	0	0	0	0	0	0	0	0	0	0	0	1.95775	0	0	0	0	0	0	0	0	0	0	0	0	0	0	0	0	0	0	0	0	
0	0	0	0	0	0	0	0	0	0	0	0	0	0	0	0	0	0	0	0	0	0	0	0	0	0	0	0	0	0	0	0	6.78522	0	0	0	0	0	0	0	0	0	0	0	0	0	0	4.19438	0	0	4.70452	0	0	0	0	0	0	0	7.66022	0	0	0	0	0	0	0	0	0	0	0	8.62421	0	0	0	0	0	0	0	0	0	0	0	0	0	0	7.1152	0	0	0	0	0	0	0	0	0	0	0	0	0	0	
0	0	0	0	0	0	0	0	0	0	0	0	0	0	0	0	0	0	0	0	0	0	0	0	0	0	0	0	0	0	0	0	0	0	0	0	0	0	0	10.7737	0	0	0	0	14.54114	0	8.90932	0	0	0	0	0	0	0	0	0	0	0	0	0	0	0	0	0	0	0	0	0	0	0	0	0	0	0	0	0	0	0	0	0	0	0	0	0	0	0	0	0	0	0	0	0	0	0	0	0	0	0	0	0	
0	0	0	0	0	0	0	0	0	0	0	0	0	0	0	0	0	0	0	0	0	0	0	0	0	0	0	0	0	0	0	0	0	0	0	8.42201	0	0	0	0	0	0	0	0	0	0	0	8.14001	0	0	0	0	0	7.2812	0	0	0	0	0	0	11.43395	0	0	0	0	0	0	0	0	0	0	0	0	0	0	0	0	0	0	0	0	0	0	0	0	0	0	0	0	0	0	0	0	0	2.07214	0	0	0	0	0	
0	0	0	0	0	0	0	0	0	0	0	0	0	0	0	0	0	0	0	0	0	0	0	0	0	0	0	0	0	0	0	0	0	0	0	0	0	0	0	0	0	12.21907	0	0	0	0	0	0	0	0	0	0	4.76988	0	0	0	0	0	0	0	0	0	0	0	0	0	0	0.97196	0	0	0	6.03878	0	0	0	0	0	0	0	0	0	0	0	0	0	0	0	0	0	0	0	0	0	0	0	0	0	0	0	0	
0	0	0	0	0	0	0	0	0	0	0	0	0	0	0	0	0	0	0	0	0	0	0	0	0	0	0	0	0	0	0	0	0	0	0	0	0	0	0	0	9.14482	0	0	0	9.96584	0	0	7.4401	0	0	0.97196	12.30628	0	0	0	10.0327	0	0	5.41504	0	6.87463	0	0	0	0	0	0	0	5.10154	0	0	0	0	0	0	0	0	0	0	0	0	0	0	0	0	0	0	0	0	0	0	0	0	0	0	1.19036	0	0	0	0	
0	0	0	0	0	0	0	0	0	0	0	0	0	0	0	0	0	0	0	0	0	0	0	0	0	0	0	0	0	0	0	0	0	0	0	0	0	0	0	0	0	0	0	0	12.46984	0	0	0	0	6.254	0	0	6.87068	0	0	0	0	7.75103	0	0	0	4.71811	0	0	0	0	0	0	0	0	0	0	0	0	0	0	0	0	0	0	0	0	0	0	0	0	0	0	0	0	0	0	0	0	0	0	0	0	0	0	
0	0	0	0	0	0	0	0	0	0	0	0	0	0	0	0	0	0	0	0	0	0	0	0	0	0	0	0	0	0	0	0	0	0	0	0	0	0	0	0	0	0	0	9.41923	0	0	11.56044	0	0	0	8.71614	0	0	0	0	0	0	0	0	7.41947	0	0	0	0	10.06586	0	0	0.40108	0	0	0	0	10.74435	0	0	0	0.71458	0	0	0	0	0	0	0	0	0	0	0	0	0	0	0	0	0	0	0	0	0	0	0	
0	0	0	0	0	0	0	0	0	0	0	0	0	0	0	0	0	0	0	0	0	0	0	0	0	0	0	0	0	0	0	0	0	0	0	0	0	0	0	0	0	0	0	0	7.27472	3.57257	0	10.49452	0	0	0	16.07549	9.85087	0	0	6.75985	0	0	0.71458	0	0	0	0	0	0	0	0	4.73558	0	0	0	0	0	12.00907	0	0	0	0	0	0	0	0	0	0	0	0	0	0	0	0	0	0	0	0	0	0	0	0	0	0	
0	0	0	0	0	0	0	0	0	0	0	0	0	0	0	0	0	0	0	0	0	0	0	0	0	0	0	0	0	0	0	0	0	0	0	0	0	11.82518	0	0	0	0	0	0	0	0	0	0	7.1565	0	0	6.22538	0	0	5.85127	0	13.41344	0	0	1.37995	0	9.03363	0	0	0	0	0	0	0	0	0	0	0	0	5.86796	2.45607	0	0	0	0	0	0	0	0	0	0	0	0	0	0	0	0	0	0	0	0	0	0	0	0	
0	0	0	0	0	0	0	0	0	0	0	0	0	0	0	0	0	0	0	0	0	0	0	0	0	0	0	0	0	0	0	0	0	0	0	0	0	0	0	0	0	0	13.60182	0	0	10.84154	0	12.16982	0	0	7.20118	0	12.19116	0	11.02958	0	0	0	0	0	0	0	0	8.79425	0	0	0	6.81016	0	0	5.51954	0	0	0	0	0	0	0	3.11974	0	0	0	0	0	0	0	0	0	0	0	0	0	0	0	0	0	0	0	0	0	
0	0	0	0	0	0	0	0	0	0	0	0	0	0	0	0	0	0	0	0	0	0	0	0	0	0	0	0	0	0	0	0	0	0	0	0	0	0	0	0	0	0	0	0	0	0	0	8.71284	9.39265	0	0	6.56361	0	0	0	0	0	0	0	0	0	0	0	0	0.97196	0	0	0	0	0	0	0	0	0	0	0	0	0	0	0	0	0	0	0	0	0	0	0	0	0	7.92093	0	0	0	0	0	0	0	0	0	
0	0	0	0	0	0	0	0	0	0	0	0	0	0	0	0	0	0	0	0	0	0	0	0	0	0	0	0	0	0	0	0	0	0	0	0	0	0	0	0	0	0	0	0	0	0	0	11.2964	0	0	0	0	6.82247	1.83354	0	0	0	0	12.30944	12.19264	0	0	0	0	0	0	0	0	0	0	0	0	0	0	0	0	0	0	0	0	0	0	0	0	0	0	0	0	0	0	0	0	0	0	0	0	0	0	5.40416	0	
0	0	0	0	0	0	0	0	0	0	0	0	0	0	0	0	0	0	0	0	0	0	0	0	0	0	0	0	0	0	0	0	0	0	0	0	0	0	0	0	0	0	8.67261	0	0	0	0	0	0	9.1401	0	5.60752	0	4.98956	0	0	0	0	0	0	0	0	0	0	11.21685	0	0	0	0	0	0	0	0	0	0	0	10.53061	0	0	0	0	0	0	0	0	0	0	0	0	0	0	0	0	0	0	0	0	0	0	0	
0	0	0	0	0	0	0	0	0	0	0	0	11.25708	0	0	0	0	0	0	0	0	0	0	0	0	0	0	0	0	0	9.62765	0	0	0	0	0	0	0	0	0	0	0	9.70345	0	0	0	0	14.12291	0	0	12.05674	0	0	5.42303	4.51064	0	10.17229	0	0	0	0	0	0	9.49103	5.00404	9.33582	0	0	0	0	0	0	0	0	0	0	0	0	0	0	0	0	0	0	0	0	0	0	0	0	0	0	0	0	0	0	0	0	0	0	
0	0	0	0	0	0	0	0	0	0	0	0	0	0	0	0	0	0	0	0	0	0	0	0	0	0	0	0	0	0	0	0	0	0	0	0	0	0	0	0	0	0	0	0	0	12.21838	8.91316	0	2.07214	12.87816	4.06222	7.42527	6.41361	0	10.40936	5.79863	0	0	0	0	12.20924	0	0	0	0	0	0	0	0	7.40912	0	0	0	0	0	0	4.3773	0	0	0	0	0	0	0	0	0	0	0	0	0	0	0	0	0	0	0	0	0	0	0	
0	0	0	0	0	0	0	0	0	0	0	0	0	0	0	7.73809	0	0	0	0	0	0	0	0	0	0	0	0	0	0	0	0	0	0	0	3.22239	10.77317	0	0	0	0	0	0	4.19438	0	10.74354	7.66145	7.61612	3.68471	7.5461	0	0	4.93013	0	10.3753	0	0	0	0	5.2303	0	11.43746	0	5.7518	0	8.14818	0	0	11.43195	0	6.27803	0	0	0	0	9.54591	0	0.71458	0	4.12452	0	0	0	0	0	0	0	0	0	0	7.45417	0	0	0	0	0	0	0	0	0	
0	0	0	0	0	0	0	0	0	0	0	0	0	0	0	0	0	0	0	0	0	0	0	0	0	0	11.70996	0	0	0	0	4.00577	0	0	7.55104	0	0	0	0	0	10.80864	0	0	0	0	0	0	0	10.15522	0	1.6976	10.35073	8.74875	0	10.86554	0	9.144	0	5.7999	0	8.67034	8.52354	0	0	0	5.8672	0	0	0	0	0	0	0	8.29674	0	0	0	0	0	0	0	0	0	0	0	0	0	0	0	0	0	0	0	0	0	0	4.44846	0	0	0	
0	0	0	0	0	0	0	0	0	0	0	0	0	0	0	0	0	0	0	10.88425	0	0	0	0	0	0	0	0	0	0	0	0	0	0	0	0	0	0	0	0	0	0	0	13.18963	0	0	10.73976	10.9049	12.06766	0	9.33295	7.70368	10.86107	0	0	0	12.73906	0	0	7.00765	6.26596	0	0	12.97023	0	7.00634	0	7.2137	0	0	0	0	0	0	0	0	0	0	0	0	0	0	0	0	0	0	0	0	0	0	6.95875	0	0	0	0	0	0	0	0	0	
0	0	0	0	0	0	0	0	0	0	0	0	8.43676	0	0	0	0	0	0	8.95196	0	0	0	0	0	0	0	0	0	0	0	0	0	6.40635	0	0	0	0	0	0	0	14.79502	13.12742	0	8.67427	0	0	5.82391	8.92272	0	1.6976	8.4076	7.00454	5.04622	9.50549	4.68255	6.02739	5.49801	8.09395	0	0	0	0	0	1.19036	0	0	0	0	0	0	0	0	0	0	0	0	0	12.19983	0	0	0	0	0	0	0	0	0	0	0	0	0	0	0	0	0	0	0	0	0	
0	0	0	0	0	0	0	0	0	0	0	0	0	0	0	0	0	0	0	0	0	0	0	13.50088	0	0	0	0	0	0	0	0	0	0	0	0	0	0	11.57673	0	0	0	6.61351	8.76691	0	0	11.48348	4.70996	0	7.79643	7.4699	6.99999	0	0	0	0	0	6.45536	13.58214	9.67367	9.74222	0	0	0	6.49862	0	0.40108	0	0	0	0	0	0	0	0	0	0	0	0	0	0	0	0	0	0	0	0	0	0	0	0	0	0	0	0	0	0	0	0	0	
0	0	8.27899	0	0	0	0	0	0	0	0	0	0	0	0	0	0	0	0	0	0	0	0	0	0	0	0	0	0	0	0	0	0	0	0	0	0	0	0	0	10.25416	0	0	0	0	8.58742	0	10.07818	9.91693	11.48221	0	7.54363	8.80669	8.62032	0	8.34447	0	0	8.57656	7.88617	6.82721	0	6.70771	9.43	0	0	0	0	0	0	0	8.23038	0	0	0	0	1.95777	0	0	0	0	0	0	0	0	0	0	0	0	0	0	0	0	0	0	0	0	0	0	0	
0	0	0	0	0	0	0	0	0	0	0	9.56004	0	0	0	0	0	0	0	0	0	0	0	0	0	0	0	0	0	0	0	0	8.87624	0	0	0	0	9.15723	12.01893	2.27685	5.47864	8.75305	0	0	12.21606	7.66835	10.61759	6.12957	10.44491	0	11.38448	0	5.74506	3.78264	0	10.12494	4.28152	7.9694	0	0	0	0	0	0	0	0	0	5.48897	0	0	0	0	9.3892	0	0	0.71458	0	0	10.62381	0	0	0	0	0	0	0	0	0	0	0	0	0	0	0	0	7.9937	0	0	0	0	
0	0	0	0	0	0	0	0	0	0	0	0	0	0	0	0	0	0	0	0	0	0	0	0	0	0	0	0	0	0	0	0	0	0	7.75959	8.26948	0	0	0	7.33321	0	11.58473	0	9.8039	13.04331	9.99175	6.74652	7.21387	5.69029	11.34387	10.78305	9.9974	1.95777	9.00336	0	0	5.97759	0	0	5.79723	6.41439	0	1.6976	0	0	0	0	0	0	0	0	0	0	0	0	0	0	0	4.44846	0	0	0	0	0	0	0	0	10.30905	0	0	0	0	0	0	0	0	0	0	0	0	
0	0	0	0	0	0	0	0	8.4619	0	9.50701	0	0	0	0	0	0	0	0	0	0	0	0	0	0	0	10.56367	0	0	0	0	0	0	0	0	0	0	13.6175	11.79505	0	7.68006	8.51848	0	4.00577	9.66059	11.22275	4.22672	7.83649	8.43781	9.03994	0	7.23988	5.04664	0	0	0	9.54951	3.17198	0	0	0	0	2.45607	0	0	0	8.97948	0	0	0	0	0	0	0	0	0	0	0	0	0	0	0	0	0	0	0	0	0	0	0	0	0	0	0	0	0	0	0	0	0	
0	0	0	0	0	0	0	0	0	0	0	10.52214	0	0	10.48027	0	0	0	0	0	0	0	0	0	0	0	0	0	0	0	0	10.96581	0	0	8.18042	0	11.31358	0	0	9.7087	2.27685	0	10.21906	9.17673	10.9816	7.58972	10.86579	8.57212	5.23969	6.92638	6.79503	10.13722	9.15589	9.12372	0	6.14714	10.23778	0	0	6.94011	6.7253	5.40227	0	11.25121	0	0	0	0	0	0	0	0	0	0	0	6.79018	0	0	0	0	0	0	0	6.00317	0	0	0	0	0	0	0	0	0	0	0	0	0	0	0	0	
0	0	0	0	0	0	0	0	0	0	0	0	10.8818	0	0	0	0	0	0	0	0	0	0	0	0	0	0	0	0	9.21886	0	0	8.46321	0	9.67197	0	11.78053	0	12.25507	10.38156	11.34938	8.66807	9.35422	8.6096	7.6382	3.48684	9.58282	10.53391	8.78589	9.32181	6.25454	9.86383	9.80301	6.98458	5.95483	5.47376	9.15154	0	0	6.65363	9.28113	0	0	0	0	0	0	0	0	0	0	0	0	9.60611	0	0	0	0	0	0	10.79918	0	0	0	0	0	0	0	0	0	0	0	0	0	0	0	0	0	0	0	
0	0	0	0	0	0	0	12.16552	0	0	0	9.93026	0	0	0	0	0	0	0	0	0	0	0	0	0	0	0	8.32008	0	0	4.71811	0	11.57976	0	0	0	6.24793	7.34748	10.96433	9.53301	9.40808	5.08671	0	10.2222	9.62319	8.74893	8.73866	8.54658	10.6344	10.3129	4.57832	9.30059	9.28632	9.17873	6.73054	4.65217	10.98898	5.46524	9.84233	9.68551	6.24913	11.76521	7.70966	0	8.84037	0	0	0	0	0	0	0	0	11.5362	0	0	0	0	0	0	0	0	0	0	0	0	0	0	0	0	0	0	0	0	0	0	0	0	0	0	
11.24589	0	0	0	0	0	0	0	7.4987	0	0	0	6.95881	0	0	0	0	0	0	0	0	0	0	0	12.03619	0	0	7.10369	0	0	0	0	12.58314	0	10.22116	8.229	0	6.34782	9.68605	7.29517	9.56065	8.56533	5.29646	9.63573	11.46019	9.28866	7.53238	9.3137	6.099	9.655	9.7996	5.09863	5.82172	5.75691	12.23876	9.19482	8.2938	6.3916	0	11.17099	3.94702	1.19036	0	6.96766	0	6.53398	0	0	0	0	0	0	0	0	0	0	0	0	0	0	0	0	4.54267	0	0	6.97552	0	0	0	0	0	0	0	0	0	0	0	0	0	0	
0	0	0	11.94202	0	0	0	0	0	0	0	0	0	0	0	0	0	0	9.19854	0	0	12.16361	0	6.34782	12.06701	9.21419	0	0	9.67084	12.34244	11.53401	0	11.45552	0	0	0.40108	0	9.07459	9.56229	7.39363	8.1508	6.74758	7.99347	9.18747	8.31546	9.84044	7.88071	8.92934	8.94303	5.77967	9.82749	7.30021	10.58434	6.24224	7.30964	9.30939	0	4.66669	4.82788	8.15819	0.40108	5.53956	9.82968	0	0	0	0	0	0	2.61546	0	0	6.37035	0	0.97196	5.90627	11.57491	3.96608	0	0	0	0	0	0	0	0	0	0	0	0	0	0	0	0	0	0	0	0	0	0	
9.3351	0	0	0	10.62615	9.07791	0	0	0	0	0	0	0	0	0	0	0	7.13364	0	0	0	0	0	0	9.02123	0	8.43264	8.61735	0	10.76947	9.36319	0	0	0	10.56092	8.38237	7.04511	10.77434	11.2184	7.80531	7.97072	9.29595	8.88572	8.82416	9.53748	9.83146	10.11402	7.57699	8.83422	10.19729	5.17087	10.19734	9.35783	6.55113	9.09384	8.4624	8.68637	4.74834	3.25576	8.64888	8.307	0	7.1906	8.48144	12.54659	10.46865	9.57653	0	0	0	0	0	0	0	4.98956	0	0	0	0	0	0	0	0	0	0	0	0	0	0	0	0	0	0	0	0	0	0	0	0	0	
0	0	0	0	0	0	0	0	5.65418	0	9.17553	0	0	0	0	0	7.59476	11.08512	9.40566	6.60695	8.48014	6.28144	0	0	0	13.42594	0	7.54363	6.83511	10.91451	0	10.04719	10.75214	8.01657	7.95608	10.87678	6.39708	6.45615	9.73274	7.36122	8.68285	7.70825	7.1532	7.61455	9.58949	7.74329	7.55045	8.38234	7.99614	7.17758	7.13103	10.67976	7.53362	9.22304	6.45364	5.75561	6.37208	8.23669	0	10.16706	4.16149	6.79358	8.89694	0	7.6366	10.85683	4.03427	0	0	0	0	7.93422	0	0	6.2047	0	0	0	9.11844	0	0	0	0	0	0	8.81288	0	0	0	0	0	0	0	0	0	4.80339	0	0	0	0	
0	9.67706	0	0	1.37995	8.03109	0	0	0	0	0	0	0	0	6.9846	9.71001	0	10.55632	8.86349	0	6.81838	0	6.50357	0	0	0	0	0	8.97269	10.39947	6.94745	0	9.81641	6.03132	8.39891	7.21999	8.84407	9.95692	8.78262	9.45787	8.6392	7.514	8.16791	7.47112	8.40159	8.04562	8.88567	9.13603	7.10622	7.50908	7.04676	7.35675	8.30199	5.47996	7.97446	6.77552	3.06554	9.00798	7.34707	5.20087	0	8.95941	0	10.93071	10.11143	1.37995	8.58085	4.97493	0	0	0	0	0	0	0	2.45607	0	0	0	0	9.4066	0	0	0	0	0	0	0	0	0	0	0	0	0	0	0	0	0	0	0	
0	13.38135	8.20099	0	10.5811	0	0	0	0	0	8.90643	0	0	0	9.98513	7.47251	0	6.85878	0	0	8.4866	5.81065	9.52487	7.46553	7.41406	9.35148	0	4.77461	6.58785	7.7895	10.2822	10.39604	11.02871	10.91941	10.36407	5.62901	9.14902	7.62172	7.28659	7.43398	7.19176	7.39982	7.64006	7.10418	7.30109	6.52237	8.27529	8.21495	9.43763	8.41334	7.2309	8.17212	8.61577	7.61168	7.09695	7.28889	8.32403	7.55691	8.22286	4.96015	0	7.90392	9.07535	8.4733	3.59842	1.6976	1.37995	0	0	0.71458	0	8.7325	0	0	11.21412	0	5.61697	0	0.97196	0	0	0	0	4.55797	0	1.3795	0	0	0	0	0	0	0	0	0	0	0	0	0	0	
0	0	0	0	0	0	0	0	5.19286	0	8.66123	12.18858	0	0	0	0	0	0	10.33004	0	9.50955	0	0	0	0	11.50743	9.47765	0	1.37995	7.16941	6.54771	9.06333	8.33304	8.09362	10.29878	7.74094	10.81621	10.71236	8.04439	9.72937	7.3547	9.22585	8.44012	7.08569	7.79083	8.04122	6.98606	8.20894	7.79158	8.44335	8.03042	6.80489	6.94907	8.65781	7.00836	8.91588	8.60027	8.0786	9.01141	7.0086	8.76869	4.58053	7.89713	5.73065	0	10.04849	0	7.53389	0	0	0	0	0	0	0	0	0	0	0.40108	0	0	10.35179	0	0	0	0	0	7.96107	5.45775	7.38115	0	0	0	0	0	0	0	0	0	0	
0	0	0	0	0	0	0	0	13.30367	9.50574	6.69237	1.95777	0	12.48234	0	0	0	8.38929	10.64013	6.08828	0	0	1.5475	10.89863	7.09695	7.20432	9.92504	9.55822	6.93054	9.41853	0	8.6921	5.3231	4.35171	4.06091	8.32707	9.34196	6.25401	8.56952	5.58587	6.46668	7.60542	8.20377	7.65103	6.27683	7.73768	7.94412	7.48505	6.84937	8.7519	8.40499	7.20908	6.98728	6.78985	8.30161	8.40995	7.38018	10.2121	7.25968	6.57983	6.16884	8.51461	7.6909	4.49021	0.91677	9.99398	9.73627	0	0	0	0	0	0	5.50942	9.06936	0	0	0	11.46094	0	0	0	0	0	0	0	0	0	5.3485	0	1.37995	0	0	0	0	0	0	0	0	0	
0	0	9.62238	10.63193	0	9.85487	0	2.95062	7.47771	0	0	0	0	0	0	0	0	7.77182	0	0	0	0	0	10.62674	0	8.98883	0	10.95171	6.05973	7.66455	0	9.35436	0	9.94159	5.31123	8.76337	7.10569	6.248	2.80044	9.48993	9.2289	7.89668	9.26038	7.43999	7.04124	6.94143	6.89632	8.07705	7.48994	8.02725	7.97824	7.30798	7.86788	7.4446	7.54989	5.82634	7.67393	7.44148	6.9705	7.99442	9.92423	9.78092	1.85966	9.74384	5.09176	0	0	5.05503	3.82181	5.88296	6.11394	0	8.12518	0	0.55783	0	6.32803	0	0	0	0	0	3.97483	0	0	0	0	0	0	0	0	0	0	0	0	0	0	0	0	0	
0	0	0	0	0	0	0	0	0	0	11.3931	10.80634	7.09241	0	12.10225	0	0	9.9865	0	15.41857	0	0	0	0	0	0	6.23571	5.03258	6.14483	0	7.86649	7.39879	5.83989	7.88416	6.53658	9.137	8.07275	7.14372	9.07073	8.30268	9.08442	5.52823	6.75597	6.96352	5.77556	7.94053	4.73069	6.78927	7.59984	6.67959	7.08679	8.54264	8.49093	7.59699	6.63179	6.51952	5.52987	6.94113	8.70831	6.462	5.55463	5.96176	6.06737	7.01564	0.40108	4.89066	4.60866	3.51976	0	0	5.29061	0	5.38718	3.56913	0	12.53549	0	0	0	0	0	0	0	0	0	0	0	0	7.00453	0	0	0	0	0	0	0	0	0	0	0	
0	0	0	0	0	1.37995	0	0	0	10.25672	0	0	9.11428	0	0	0	0	0	0	0	0	0	0	8.45909	0	0	9.70369	0	0	4.52349	5.34444	0	0	7.69054	6.74699	7.36161	4.60866	0.71458	0.40108	8.74768	3.90186	11.09446	6.00314	5.314	9.75818	6.77042	6.7995	6.87668	9.57089	5.57867	6.58529	8.80914	6.37478	6.16451	7.80413	6.93362	8.46644	6.47883	4.62538	5.93803	6.42517	5.7808	4.45111	8.29507	7.25089	6.49668	8.75839	8.13179	5.3687	0	0	9.73898	0	4.96015	0	2.53797	9.62707	0	0	0	0	0	0	0	11.19492	0	0	1.37995	0	0	0	6.66734	0	0	0	0	5.29061	0	0	0	
0	0	0	0	0	0	0	0	0	0	0	12.21197	0	0	0	0	0	6.5299	11.39825	0	0	0	0	1.37995	0	0	0	7.6784	0	0	0	0	7.71717	8.29519	7.35662	0	5.70709	8.02266	4.08541	4.91622	6.54909	9.10996	6.93881	2.92942	0	9.77852	6.0774	6.80015	6.41381	7.71211	7.14524	11.55904	8.0371	6.02607	6.52693	6.79621	6.94264	7.02137	7.4239	7.9489	7.11805	3.50562	0	7.50753	9.2606	0	5.33824	6.14714	10.76708	8.19098	0	0	0	0	0	10.4313	0	9.15621	0	0	0	9.74042	0	0	0	0	0	0	0	0	0	0	0	0	0	0	0	0	0	0	
0	0	0	0	7.33975	0	0	0	0	0	10.07618	0	1.19036	0	0	12.56081	0	0	5.60752	0	5.7026	6.01037	0	0	0	8.6382	5.16735	0	0	4.62441	0	9.6907	11.21179	0	0	6.98825	9.85387	12.81847	10.70001	12.31024	6.8611	7.8405	6.51652	9.14482	5.79354	7.88252	13.85843	4.87959	7.82605	7.74452	8.81434	6.80023	7.94042	9.3607	5.85488	6.69036	8.22902	8.79832	5.41347	8.09637	4.80797	8.86041	5.77914	6.4895	8.12498	0	6.80111	8.0259	0	0.97196	8.56519	8.34304	5.7882	9.64532	12.02729	0	4.72387	0	0	0	4.55065	0	0	3.94702	0	1.5475	0	0	0	9.66743	0	0	0	0	0	0	0	0	0	0	
0	0	0	0	0	0	0	0	0	0	0	6.06664	4.55858	0	0	10.63519	0	0	0	0.71458	5.62636	0	1.37995	0	0	0	0	0	0	3.95859	2.75899	6.52636	0	0	0	10.09067	0	0	0	6.10073	3.12407	5.3192	4.21673	6.2394	7.15961	3.25242	6.07988	7.45663	6.68951	3.97424	0	0	8.29161	10.40353	5.71706	6.91523	7.40349	6.45446	6.4819	6.69281	8.00093	6.36157	8.37708	7.06853	5.98943	7.40083	7.39496	7.48461	0	8.9292	0	5.7416	8.22262	10.70389	10.24305	0	9.2878	0	5.43655	0	0	0	0	0	0	0	0	0	0	0	0	0	0	0	0	0	0	0	0	0	
0	0	0	7.22919	0	0	0	0	0	0	0	0	0	0	0	0	0.71458	0	0	0	0	0	9.10086	0	0	0	8.2635	6.73624	7.28065	5.99595	0	0	3.57257	0	0	10.89762	0	3.31823	4.11655	2.28512	5.75537	0	0	0	5.13645	9.89282	8.81573	8.38099	5.50146	4.36929	5.10058	6.47314	8.34571	8.68586	8.06429	7.17394	6.78412	6.06333	6.54991	7.11899	8.10289	6.97792	8.57782	7.96577	7.68405	8.28373	9.216	9.12343	7.95596	8.00994	5.24598	7.69008	4.5964	0.80406	8.88422	0	12.1544	0	4.44074	13.12763	0	4.1689	3.64829	0	0	0	0	0	0	0	0	0	0	0	0	0	0	4.51064	0	10.99782	
0	0	5.88803	0	0	0	0	0	0	0	0	0	0	0	0	0	0	0	0	0	7.41406	0	0	0	0	10.29366	0	7.79993	0	8.36284	0	10.16344	6.21718	0	5.97405	0	0	5.78061	6.66624	0	5.16735	0	0	8.87553	10.31524	10.9628	1.63555	3.04908	8.09506	5.98536	9.26697	10.55171	5.91499	7.22467	7.19975	9.76314	0	5.57782	8.21407	5.80098	3.5938	5.91387	5.14802	2.68656	5.30383	7.47091	4.68623	0	8.86411	5.67902	3.51756	8.17454	5.2613	8.24302	0.97196	0	6.20943	0	3.02517	6.54887	0	6.28873	0	0	0	0	0	0	1.35845	0	0	0	0	0	0	0	2.17811	0	0	0	
0	0	0	0	1.5475	0	0	0	0	0	0	0	8.33304	0	0	0	0	0	0	0	9.10926	4.36116	0	0	0	0	0	3.93498	0	0	0	0	10.56367	0	0	0	8.82006	0	5.03258	9.11761	0	0	4.05614	0	6.68092	0	6.04463	10.32932	3.78874	6.83043	7.03836	3.46613	8.04166	5.29371	7.25437	2.49478	0	4.55249	4.44549	1.26899	7.74736	6.07846	8.4362	7.5705	5.36552	7.58748	5.49352	5.40647	7.99372	6.36071	7.51128	0	0	9.6922	0	8.90775	4.34674	6.18165	0	0	0	0	0	0	7.84854	4.51064	0	0	0	0	0	0	0	0	0	0	8.23362	0	0	0	
0	0	0	0	0	0	0	0	5.598	0	0	0	7.07654	0	0	0	8.40165	3.75489	1.37995	0	0	0	0	0	4.33921	0	0	0	0	0	0	0	0	0	10.64071	9.56371	0	10.24114	0	0	0	0	8.71724	10.89813	0	11.12502	9.77215	5.08801	0	5.05205	0	10.34042	9.0354	8.56992	0	4.81985	0	5.74206	0	5.89701	10.21754	7.00994	6.59286	7.7681	5.42995	8.19037	6.83977	5.2992	9.10255	7.53384	7.93613	3.82447	5.73578	8.15955	7.85201	5.28172	9.35005	4.57024	0	0	6.19841	7.69188	9.47022	0	8.55627	0.40108	5.77732	6.87068	5.71706	0	2.52677	0	0	8.88506	0	0	0	0	0	0	
0	0	0	0	0	0	0	0	0	0	0	0	0	0	0	0	0	0	0	0	6.22289	0	0	0	0	0	0	0	0	4.66443	0	0	0	0	6.00317	0	0	0	0	0	8.0133	0	9.25109	8.10349	5.32645	0	0	4.19438	2.07214	6.2313	11.14373	0	0	6.54676	4.00884	7.97665	0	0	8.20401	9.11084	12.32947	5.63003	2.20692	7.84863	8.07706	7.81834	5.60697	4.92248	6.88821	6.38014	10.1136	7.33593	4.28343	5.56269	3.32016	0	2.06794	0	7.84787	0	0	0	6.5782	0	0	0	8.27252	0	0	0	0	0	0	0	0	0	0	0	0	0	
0	0	0	0	8.77749	0	0	0	0	0	0	5.51954	0	3.68471	0	0	0	0	0	0	0	0	0	0	0	0	0	0	0	0	0	0	0	0	0	0	0	0	0	7.50495	0	0	4.94522	0	5.95923	0	1.42137	1.95777	0	0	1.5475	0	0	0	9.16268	0	0	3.22239	0	8.88311	9.28645	0.71458	8.33035	6.48716	7.76492	0	1.53277	4.56848	9.20033	5.67468	7.75389	8.23202	8.21817	5.4627	0	0	5.155	5.91396	5.14631	4.71811	3.68471	6.81838	0.71458	0	2.07214	0	0.97196	9.76405	0	4.27264	0	0	0	0	10.14477	0	0	0	0	0	
0	0	0	0	0	0	0	0	0	0	0	0	0	0	0	0	0	7.46749	0	0	0	8.49816	9.9746	0	0	0	8.71834	0	0	0	0	0	0	7.69763	7.97346	0	0	0	0	0	0	0	0	0	0	0	0	0	0	0	13.67975	0	0	0	0	7.23629	10.69931	8.53942	7.6874	1.6976	0	7.78049	5.50758	0	8.71992	6.04267	6.79335	6.91357	4.80098	4.70893	3.99836	5.16342	6.65385	5.28105	9.04919	7.40614	8.30405	0	9.23583	7.08397	0	0	7.6496	0	3.2711	10.16587	4.55065	1.5475	0	9.80325	0	0	0	0	0	0	9.2281	0	0	0	
0	0	0	0	0	0	0	0	6.80721	0	0	0	0	0	0	0	0	0	0	0	0	0	0	0	0	0	0	1.19036	0	0	0	0	0	0	0	0	0	0	0	8.31379	0	0	0	0	0	5.40416	0	5.98138	5.04664	0	0	9.57648	0	0	0	0	0	0	8.72034	0	10.92696	0	7.97493	9.35761	8.21926	3.11339	6.52335	0	0	6.87314	8.45631	7.45417	7.5346	7.0938	9.06907	11.3521	1.89884	0	0	6.84792	7.03169	7.43406	9.78111	8.00137	6.86111	0	0.71458	0	0	0	8.82006	0	10.56162	0	0	0	0	0	0	0	
0	0	0	0	0	0	0	0	0	0	0	0	0	7.44358	0	0	0	0	0	1.6976	0	0	0	0	0	2.46056	0	0	0	0	0	0	0	0	7.14021	0	0	6.97259	0	0	9.33868	0	3.91673	11.20397	0.71458	0	0	0	0	0	6.93634	6.66734	0	0	4.19438	0	0	0	0	8.49608	5.40503	0	5.62836	7.33034	6.8864	6.34632	10.57206	2.53797	0.40108	5.175	6.90074	0	5.73525	6.34114	8.05389	7.36198	4.89464	5.47695	6.55239	5.29472	0	6.37881	8.65894	4.68583	3.39894	0	0	2.36924	2.47004	0	3.64829	0	0	8.24738	0	0	0	0	4.11063	0	
0	0	0	0	0	0	0	10.55908	0	0	0	0	0	0	0	0	0	0	0	0	0	0	10.97641	0	0	0	0	0	11.90633	0	0	0	0	0	9.21962	0	0	1.5475	0	0	0	3.23105	0	0	0	0	8.45098	0	0	0	0	0	10.84708	0	0	0	3.88347	2.07214	0	6.00194	7.25083	0	0	6.24704	0	8.41254	0	7.2826	6.66705	10.62381	9.03851	7.63027	7.13364	5.13448	7.64413	6.19094	6.25364	5.88296	6.12075	5.97887	6.84165	6.58626	7.22992	0	4.84261	0	3.17198	4.08041	0	0	8.06774	10.02664	0	0	0	0	8.52477	0	0	0	
0	0	0	0	0	0	0	0	0	0	0	0	0	0	0	0	0	0	0	0	0	0	0	0	0	0	0	0	0	0	0	0	0	0	0	0	0	5.99093	0	0	0	0	0	0	0	0	0	0	0	1.6976	0	4.59578	0	3.71977	0	0	3.11974	4.68539	3.49267	0	3.40809	0	7.96045	12.58683	6.86276	7.21521	0	0	8.38177	8.08068	0	7.57063	6.19529	10.03921	8.28089	6.29712	0	4.25779	4.75172	6.83871	3.71603	9.71442	5.91396	0	0	0	5.8097	0	0	0	0	0	6.13481	7.54063	6.07352	0	0	0	0	0	
0	0	0	0	0	0	0	9.44931	0	0	0	0	0	0	0	0	0	0	0	0	0	0	0	0	0	0	0	0	0	0	0	0	0	0	0	0	0	4.71473	0	7.85055	0	0	0	0	0	0	0	0	0	0	4.64048	0	0	11.1884	6.71358	0	0	6.76533	10.04238	8.45269	0	0	0	7.37884	8.21219	8.60652	0	0	7.86591	6.6702	7.67542	3.74104	4.13355	9.10622	4.00577	7.84487	6.13069	0	7.47691	8.44952	7.97905	9.56126	4.76639	7.34408	7.57186	0	0	1.1794	0	0	7.313	0	0	0	0	2.80539	0	0	0	0	
0	0	0	0	0	0	0	0	0	0	0	0	0	0	0	0	0	0	0	0	0	0	0	0	0	10.26313	0	0	0	0	0	0	0	0	0	0	0	8.9659	0	0	0	0	0	0	10.66597	0	0	0	10.20556	0	0	0	0	0	0	0.71458	0	0	0	0	0	0	8.46039	0	0	5.26913	7.48154	8.36604	0	7.7186	3.41314	0	5.21196	0	8.74445	6.40233	0.71458	4.89911	6.36341	6.20711	4.36139	0	4.15769	0	10.19613	6.41627	0	0	0	0	9.47227	0	0	0	0	0	0	1.5475	0	0	
0	0	0	0	0	0	0	0	0	0	0	0	2.68901	0	0	0	0	0	3.06554	0	0	0	0	0	0	0	0	0	0	0	0	0	0	0	0	0	0	0	0	0	0	0	0	0	0	0	0	6.93634	0	0	0	0	11.08683	0	0	0	0	0	0	4.82147	0	0	0	4.60627	3.61092	6.58785	8.86205	0	12.19037	0	0	9.4592	0	0	0	3.76957	6.60741	9.41917	6.04468	4.67215	0	3.02188	6.04321	3.99851	4.54952	2.95537	5.87398	0	6.34213	0	0	0	0	4.94522	0	0	0	0	0	0	
0	0	0	0	0	0	0	0	0	0	0	0	0	0	0	0	0	0	0	0	0	0	0	0	0	0	0	0	0	0	0	0	10.75402	0	0	0	0	0	0	0	4.76988	0	0	0	0	0	0	0	0	0	0	0	0	0	0	0	7.16119	0	0	0	10.82109	0	0	5.48051	0	6.83467	0	0	7.6434	0	0	0	8.70399	0	0	3.36386	0	0	5.16588	9.6827	8.54511	5.76886	9.34153	0	5.3932	0	0	0	0.97196	1.37995	7.43471	6.58298	5.30707	0	0	0	0	0	0	0	
0	0	0	0	0	0	0	1.13843	0	0	0	0	0	0	0	0	0	0	0	0	0	0	0	0	0	0	0	6.68542	0	0	0	0	0	0	0	0	0	0	0	0	0	0	0	0	0	0	0	0	0	0	0	0	0	0	0	0	0	0	0	0	0	0	0	0	0	0	0	0	0	0	2.44974	5.80188	4.74623	0.97196	0	9.39471	4.85223	0	8.30018	4.70044	0	7.73653	0	6.37593	0.97196	8.4528	0	10.03997	0	3.91673	0	3.64829	0	0	0	9.09411	0	0	0	0	
0	0	0	0	0	0	0	0	0	0	0	0	0	0	0	0	0	0	0	0	9.09834	0	0	0	0	0	0	0	0	0	2.17811	0	0	0	0	0	0	0	0	0	0	0	0	0	0	0	0	0	0	0	0	0	0	0	0	0	0	0	0	9.95656	0	0	0	0	7.43559	8.83633	4.86815	3.52354	0	0	0	0	0	0	0	9.9519	5.82153	1.19036	0	0	3.4185	0	0	0	3.0244	6.31915	7.59387	6.913	8.39067	0	4.40547	5.97405	7.65335	5.29061	0	5.20545	0	0	0	0	
0	0	0	0	0	0	0	0	0	0	0	0	0	0	0	0	0	0	0	0	0	0	0	0	0	0	0	0	0	0	0	0	0	0	0	0	0	0	0	0	0	0	0	0	0	0	0	0	5.3485	0	0	0	0	0	0	0	0	0	0	0	0	0	0	0	0	0	0	0	0	8.95382	12.24139	9.90444	7.01626	0	9.02123	6.46761	0	9.69503	0	0	0	8.36425	9.11661	0	3.51918	0	5.82704	0	0	5.61525	0	2.60609	5.61966	0	9.83577	0	0	0	0	0	
0	0	0	0	0	0	0	0	0	0	0	0	0	0	0	7.04271	0	0	0	0	0	0	0	0	0	0	0	0	0	0	0	0	0	0	5.92922	0	0	0	0	0	0	0	0	0	0	0	0	0	0	0	0	0	0	0	0	0	0	0	0	0	0	0	0	0	0	0	0	3.40809	0	0	0	0	0	6.13403	0	0	0	2.10971	0	0	0	4.60866	0	0	3.68705	0	6.11727	3.05037	5.26679	10.16851	7.58996	0	9.78792	0	0	0	0	0	0	0	
0	0	0	0	0	0	0	0	0	0	0	0	0	0	0	0	0	0	0	0	0	0	0	0	0	0	0	0	0	0	0	0	0	0	0	0	0	0	0	0	0	0	0	0	0	0	0	0	8.99156	8.74552	0	0	0	0	0	0	0	0	0	10.67562	0	0	0	0	0	7.49946	0	0	0	0	0	9.43869	0	0	0	0	0	11.68462	0	5.10779	11.39104	0	0	8.64168	0	0	0	0	0	0	0	0	0	0	0	0	0	0	0	0	
0	0	0	0	0	0	0	0	0	0	0	0	0	0	0	0	0	0	0	0	0	0	0	0	0	0	0	0	0	0	0	0	0	0	0	0	0	0	0	0	0	0	0	0	0	0.71458	0	0	0	0	0	0	0	0	0	2.22637	0	0	11.14168	0	0	0	0	0	8.92081	0	0	0	0	0	0	4.06222	0	6.5538	0	0	6.173	0	0	0	3.89717	4.81279	4.34935	7.27342	0	0	0	8.69286	9.12931	0	0.71458	9.28632	10.66654	0	0	0	0	0	0	0	
0	0	0	0	0	0	0	0	0	0	0	0	0	0	0	0	0	0	0	0	0	0	0	0	0	0	0	0	0	0	0	0	0	0	0	0	0	0	0	0	0	0	0	0	0	0	0	0	0	0	0	0	0	0	0	0	0	0	0	0	0	0	0	0	0	0	0	0	0	0	0	0	0	0	0	0	0	0	0	0	0	0	0	0	0	0	0	0	0	0	0	9.85637	0	0	0	0	0	0	0	0	
0	0	0	0	0	0	0	0	0	0	0	0	0	0	0	0	0	0	0	0	0	0	0	0	0	0	0	0	0	0	0	0	0	0	0	0	0	0	0	0	0	0	0	0	0	0	0	0	0	0	0	0	0	0	0	0	0	0	0	0	0	0	0	0	0	0	0	0	0	0	8.33219	0	0	0	0	0	1.5475	0	0	6.90195	0	0	0	8.18042	0	0	0	3.36386	0	0	5.30135	11.06195	0	0	0	0	0	0	0	0	
0	0	0	0	0	0	0	0	0	0	0	0	0	0	0	0	0	0	0	0	0	0	0	0	0	0	0	0	0	0	0	0	0	0	0	0	0	0	0	0	0	0	0	0	0	0	0	0	0	0	0	0	0	0	0	0	0	0	0	2.36924	0	0	0	0	0	0	0	0	0	0	7.29544	0	0	0	0	0	0	0	0	0	0	0	0	0	0	0	4.26822	0	0	0	0	0	0	0	0	0	0	0	0	0	
0	0	0	0	0	0	0	0	0	0	0	0	0	0	0	0	0	0	0	0	0	0	0	0	0	0	0	0	0	0	0	0	0	0	0	0	0	0	0	0	0	0	0	0	0	0	0	0	0	0	0	0	0	0	0	0	0	0	0	0	0	0	0	0	0	0	0	0	0	6.66734	0.40108	0	0	0	0	0	0	0	7.39496	0	0	0	0	0	0	0	0	0	6.75129	5.46823	0	0	0	0	0	0	0	0	0	0	
0	0	0	0	0	0	0	0	0	0	0	0	0	0	0	0	0	0	0	0	0	0	0	0	0	0	0	0	0	0	0	0	0	0	0	0	0	0	0	0	0	0	0	0	0	0	0	0	0	0	0	0	0	0	0	0	0	0	0	0	0	0	0	0	0	0	0	0	0	0	0	0	0	0	0	0	0	0	0	0	0	0	0	0	0	0	4.42712	0	0	0	0	0	0	0	0	0	0	0	0	0	
0	0	0	0	0	0	0	0	0	0	0	0	0	0	0	0	0	0	0	0	0	0	0	0	0	0	0	0	0	0	0	0	0	0	0	0	0	0	0	0	0	0	0	0	0	0	0	0	0	0	0	0	0	0	0	0	0	0	7.94364	0	0	0	0	0	0	0	0	0	0	0	0	0	0	0	0	8.77538	0	0	0	0	0	0	0	0	0	0	0	0	0	0	0	0	0	0	0	0	0	0	0	0	
0	0	0	0	0	0	0	0	0	0	0	0	0	0	0	0	0	0	0	0	0	0	0	0	0	0	0	0	0	0	0	0	8.03815	0	0	0	0	0	0	0	0	0	0	0	0	0	0	0	0	0	2.95062	0	0	0	0	0	0	0	0	0	0	0	1.95777	0	0	0	0	0	0	0	0	0	0	0	0	4.88389	0	0	0	0	0	0	0	0	0	0	0	0	0	0	0	0	0	0	0	0	0	0	0	0	
0	0	0	0	0	0	0	0	0	0	0	0	0	0	0	0	0	0	0	0	0	0	0	0	0	0	0	0	0	0	0	0	0	0	0	0	0	0	0	0	0	0	0	0	0	0	0	0	0	0	0	0	0	0	0	0	0	0	0	0	0	0	0	0	0	0	0	0	0	0	0	0	0	0	0	0	0	0	0	0	0	0	0	0	0	0	0	0	0	0	0	0	0	0	0	0	0	0	0	0	
0	0	0	0	0	0	0	0	0	0	0	0	0	0	0	0	0	0	0	0	0	0	0	0	0	0	0	0	0	0	0	0	0	0	0	0	0	0	0	0	0	0	0	0	0	0	0	0	0	0	0	0	0	0	0	0	0	0	0	0	0	0	0	0	0	0	0	0	0	0	0	0	0	0	0	0	0	0	0	0	0	0	0	0	0	0	0	0	0	0	0	0	0	0	0	0	0	0	0	0	
0	0	0	0	0	0	0	0	0	0	0	0	0	0	0	0	0	0	0	0	0	0	0	0	0	0	0	0	0	0	0	0	0	0	0	0	0	0	0	0	0	0	0	0	0	0	0	0	0	0	0	0	0	0	0	0	0	0	0	0	0	0	0	0	0	0	0	0	0	0	0	0	0	0	0	0	0	0	0	0	0	0	0	0	0	0	0	0	0	0	0	0	0	0	0	0	0	0	0	0	
0	0	0	0	0	0	0	0	0	0	0	0	0	0	0	0	0	0	0	0	0	0	0	0	0	0	0	0	0	0	0	0	0	0	0	0	0	0	0	0	0	0	0	0	0	0	0	0	0	0	0	0	0	0	0	0	0	0	0	0	0	0	0	0	0	0	0	0	0	0	0	0	0	0	0	0	0	0	0	0	0	0	0	0	0	0	0	0	0	0	0	0	0	0	0	0	0	0	0	0	
0	0	0	0	0	0	0	0	0	0	0	0	0	0	0	0	0	0	0	0	0	0	0	0	0	0	0	0	0	0	0	0	0	0	0	0	0	0	0	0	0	0	0	0	0	0	0	0	0	0	0	0	0	0	0	0	0	0	0	0	0	0	0	0	0	0	0	0	0	0	0	0	0	0	0	0	0	0	0	0	0	0.71458	0	0	0	0	0	0	0	0	0	0	0	0	0	0	0	0	0	0	
0	0	0	0	0	0	0	0	0	0	0	0	0	0	0	0	0	0	0	0	0	0	0	0	0	0	0	0	0	0	0	0	0	0	0	0	0	0	0	0	0	0	0	0	0	0	0	10.92763	0	0	0	0	0	0	0	0	0	0	0	0	0	0	0	0	0	0	0	0	0	0	0	0	0	0	7.56178	0	0	0	0	0	0	0	0	0	0	0	0	0	0	0	0	0	0	0	0	0	0	0	0	0	
