0	0	0	0	0	0	0	0	0	0	0	0	0	0	0	0	0	0	0	0	0	0	0	0	0	0	0	0	0	0	0	0	0	0	0	0	0	0	0	0	0	0	0	0	0	0	0	0	0	0	0	8.19017	0	0	0	0	0	0	0	0	0	0	0	0	0	0	0	0	0	0	0	0	0	0	0	0	0	0	0	0	0	0	0	0	0	0	0	0	0	0	0	0	0	0	0	0	0	0	0	0	
0	0	0	0	0	0	0	0	0	0	0	0	0	0	0	0	0	0	0	0	0	0	0	0	0	0	0	0	0	0	0	0	0	0	0	0	0	0	0	0	0	0	0	0	0	0	0	13.44861	0	0	0	0	0	0	0	0	0	0	0	0	0	0	0	8.0193	0	0	0	0	0	0	0	0	0	0	0	0	0	0	0	0	0	0	0	0	0	0	0	0	0	0	0	0	0	0	0	0	0	0	0	0	
0	0	0	0	0	0	0	0	0	0	0	0	0	0	0	0	0	0	0	0	0	0	0	0	0	0	0	0	0	0	0	0	0	0	0	0	0	0	0	0	0	0	0	0	0	0	0	0	0	0	0	0	0	0	9.25127	0	0	0	0	0	0	0	0	0	0	0	0	0	0	0	0	0	0	0	0	0	0	0	0	0	0	0	0	0	0	0	0	0	0	0	0	0	0	0	0	0	0	0	0	0	
0	0	0	0	0	0	0	0	0	0	0	0	0	0	0	0	0	0	0	0	0	0	0	0	0	0	0	0	0	0	0	0	0	0	0	0	0	0	0	0	0	0	0	0	0	0	15.39454	8.41572	0	0	0	0	0	0	0	0	0	0	0	0	0	0	0	0	0	0	0	0	0	0	0	0	0	0	0	0	0	0	0	0	0	0	0	0	0	0	0	0	0	0	0	0	0	0	0	0	0	0	0	0	
0	0	0	0	0	0	0	0	0	0	0	0	0	0	0	0	0	0	0	0	0	0	0	0	0	0	0	0	0	0	0	0	0	0	0	0	0	4.0226	0	0	0	0	0	13.101	0	0	0	0	0	0	0	0	0	0	0	0	0	0	0	0	0	0	0	0	0	0	0	0	0	0	0	0	0	0	0	0	0	0	0	0	0	0	0	0	0	0	0	0	0	0	0	0	0	0	0	0	0	0	0	0	
0	0	0	0	0	0	0	0	0	0	0	0	0	0	0	0	0	0	0	0	0	0	0	0	0	0	0	0	0	0	0	0	0	0	0	0	0	0	0	0	0	0	0	0	0	0	0	0	0	0	0	0	0	0	0	0	0	0	0	0	0	0	0	0	0	0	0	0	0	0	0	0	7.6448	0	0	0	0	0	0	0	0	0	0	0	0	0	0	0	0	0	0	0	0	0	0	0	0	0	0	0	
0	0	0	0	0	0	0	0	0	0	0	0	0	0	0	0	0	0	0	0	0	0	0	0	0	0	0	0	0	0	0	0	0	0	0	0	0	0	0	0	0	0	0	0	0	0	0	0	0	0	0	0	0	0	0	0	0	0	0	0	0	0	0	0	0	0	0	0	0	0	0	0	0	0	11.80637	0	0	0	0	0	0	0	0	0	0	0	0	0	0	0	0	0	0	0	0	0	0	0	0	0	
0	0	0	0	0	0	0	0	0	0	0	0	0	0	0	0	0	0	0	0	0	0	0	0	0	0	0	0	0	0	0	0	0	0	0	0	0	0	0	0	0	0	0	0	0	0	0	0	0	0	0	9.87784	0	0	0	11.75371	0	0	10.2016	0	0	0	0	0	0	0	0	0	0	0	0	0	0	0	0	0	0	0	0	0	0	0	0	0	0	0	0	0	0	0	0	0	0	0	0	0	0	0	0	0	
0	0	0	0	0	0	0	0	0	0	0	0	0	0	0	0	0	0	0	0	0	0	0	0	0	0	0	0	5.32117	0	0	0	0	0	0	0	0	0	0	0	0	0	0	0	0	0	0	0	0	0	0	0	0	0	0	0	0	0	0	0	0	0	0	0	0	0	0	7.18187	0	0	0	0	0	0	0	0	0	0	0	0	0	0	0	0	0	0	0	0	0	0	0	0	0	0	0	0	0	0	0	0	
0	0	0	0	0	0	0	0	0	0	0	0	0	0	0	0	0	0	0	0	0	0	0	0	0	0	0	0	0	0	0	0	0	0	0	0	0	0	0	0	0	0	0	0	0	0	0	0	0	0	0	0	0	0	0	5.83102	0	0	0	0	0	0	0	0	0	0	0	0	0	0	0	0	0	0	0	0	0	0	0	0	0	0	0	0	0	0	0	0	0	0	0	0	0	0	0	0	0	0	0	0	
0	0	0	0	0	0	0	0	0	0	0	0	0	0	0	0	0	0	0	0	0	0	0	0	0	0	0	0	0	0	0	0	0	0	0	0	0	0	0	0	0	0	0	0	0	0	0	0	0	0	0	0	0	0	0	0	0	0	0	0	0	0	0	0	0	0	0	11.41466	0	0	0	0	0	0	0	0	0	0	0	0	0	0	0	0	0	0	0	0	0	0	0	0	0	0	0	0	0	0	0	0	
0	0	0	0	0	0	0	0	0	0	0	0	0	0	0	0	0	0	0	0	0	0	0	0	0	0	0	0	0	0	0	0	0	0	0	0	0	0	0	0	0	0	0	0	0	0	0	0	0	0	0	0	7.36231	0	0	0	2.81726	0	0	0	0	0	0	0	0	0	0	0	0	0	0	6.40029	0	0	0	0	0	0	0	0	0	0	0	0	0	0	0	0	0	0	0	0	0	0	0	0	0	0	0	0	
0	0	0	0	0	0	0	0	0	0	0	0	0	0	0	0	0	0	0	0	0	0	0	0	0	0	0	0	0	0	0	0	0	0	0	0	0	0	0	0	0	0	0	0	0	0	0	0	8.90999	0	0	0	11.72673	0	0	0	0	0	0	0	0	0	0	0	0	0	0	5.97402	0	0	0	0	0	0	0	0	0	0	0	0	0	0	0	0	0	0	0	0	0	0	0	0	0	0	0	0	0	0	0	0	
0	0	0	0	0	0	0	0	0	0	0	0	0	0	0	0	0	0	0	0	0	0	0	0	0	0	0	0	0	0	14.8517	0	0	0	0	0	0	0	0	5.76512	0	0	0	0	0	0	0	10.51234	0	0	0	0	0	0	0	0	0	6.10411	14.55582	0	7.78996	0	0	9.95172	0	0	0	0	0	0	0	0	0	0	0	0	0	0	0	0	0	0	0	0	0	0	0	0	0	0	0	0	0	0	0	0	0	0	0	0	
0	0	0	0	0	0	0	0	0	0	0	0	0	0	0	0	0	0	0	0	0	0	0	0	0	0	0	0	0	0	0	0	0	0	0	0	0	0	0	0	0	0	0	0	0	0	0	0	0	0	0	0	0	0	5.45261	0	0	0	0	0	0	0	0	0	0	0	0	0	0	0	0	0	0	0	17.832	0	0	0	0	0	0	0	0	0	0	0	0	0	0	0	0	0	0	0	0	0	0	0	0	0	
0	0	0	0	0	0	0	0	0	0	0	0	0	0	0	0	0	0	0	0	0	0	0	0	0	0	0	0	0	0	0	0	0	0	0	0	0	0	0	0	0	0	12.93078	0	0	0	0	0	0	0	0	0	9.80911	0	0	0	0	0	0	13.51633	0	0	0	0	0	0	0	0	0	0	0	7.13766	0	0	0	0	0	0	0	0	0	0	0	0	0	0	0	0	0	0	0	0	0	0	0	0	0	0	0	0	
0	0	0	0	0	0	0	0	0	0	0	0	0	0	0	0	0	0	0	0	0	0	0	0	0	0	0	0	0	0	0	0	0	0	0	0	0	0	0	0	0	0	0	6.66737	0	0	0	11.6783	0	0	0	9.16615	0	0	0	0	0	0	5.29049	0	0	0	0	0	0	0	0	0	0	0	0	0	0	0	0	0	0	0	0	0	0	0	0	0	0	0	0	0	0	0	0	0	0	0	0	0	0	0	0	0	
0	0	0	0	0	0	0	0	0	0	0	0	0	0	0	0	0	0	0	0	0	0	0	0	0	0	0	0	0	0	0	0	0	0	0	0	0	0	0	0	0	0	10.17752	0	0	0	0	0	0	0	0	0	0	0	0	8.52653	0	0	0	0	0	0	0	0	0	0	3.53507	0	4.89775	0	0	0	0	0	0	0	0	0	0	0	0	0	0	0	0	0	0	0	0	0	0	0	0	0	0	0	0	0	0	0	
0	0	0	0	0	0	0	0	0	0	0	0	0	0	0	0	0	0	0	0	0	0	0	0	0	0	0	0	0	0	0	0	0	0	0	0	0	0	0	0	13.48682	0	0	0	0	0	0	0	0	0	0	0	0	0	0	0	0	0	0	0	0	0	0	0	0	0	0	0	0	0	0	0	0	0	0	0	0	0	0	0	0	0	0	0	0	0	0	0	0	0	0	0	0	0	0	0	0	0	0	0	
0	0	0	0	0	0	0	0	0	0	0	0	0	0	0	0	0	0	0	0	0	0	0	0	0	0	0	0	0	0	0	0	0	0	0	0	0	0	0	0	0	0	0	0	0	0	0	9.27416	0	0	7.4598	0	0	0	0	0	0	0	0	0	0	0	0	0	0	0	0	0	0	0	0	0	0	0	0	0	8.17122	0	0	0	0	0	0	0	0	0	0	0	0	0	0	0	0	0	0	0	0	0	0	0	
0	0	0	0	0	0	0	0	0	0	0	0	0	0	0	0	0	0	0	0	0	0	0	0	0	0	0	0	0	0	0	0	0	0	0	0	0	0	0	0	0	0	0	0	0	0	0	7.14632	0	0	8.63966	10.66658	0	0	0	0	8.55653	0	10.40282	0	10.64116	0	0	0	0	12.21605	0	0	0	0	0	0	0	0	0	0	0	0	0	0	0	0	0	0	0	0	0	0	0	0	0	0	0	0	0	0	0	0	0	0	
0	0	0	0	0	0	0	0	0	0	0	0	0	0	0	0	0	0	0	0	0	0	0	0	0	0	0	0	0	0	0	0	0	0	0	0	0	0	0	0	0	7.63254	0	0	0	0	0	0	0	0	0	0	0	0	0	0	0	0	0	0	0	0	0	0	0	0	0	0	0	0	0	0	0	0	0	0	0	0	0	0	0	0	0	0	0	0	0	0	0	0	0	0	0	0	0	0	0	0	0	0	
0	0	0	0	0	0	0	0	0	0	0	0	0	0	0	0	0	0	0	0	0	0	0	0	0	0	0	0	0	0	0	5.53401	0	0	0	0	0	0	0	0	0	0	0	0	0	0	0	9.23005	0	0	0	0	0	0	0	0	0	0	0	0	0	0	0	4.44364	0	0	0	5.85234	0	0	0	0	0	0	0	0	0	0	0	0	0	0	0	0	0	0	0	0	0	0	0	0	0	0	0	0	0	0	0	0	
0	0	0	0	0	0	0	0	0	0	0	0	0	0	0	0	0	0	0	0	0	0	0	0	0	0	0	0	0	0	0	8.81548	0	0	2.70219	0	0	0	0	0	0	0	0	0	0	0	0	0	0	0	0	0	0	0	0	0	0	0	0	0	0	0	0	0	0	0	0	0	0	0	0	0	0	0	0	0	0	0	0	0	0	0	0	0	0	0	0	0	0	0	0	0	0	0	0	0	0	0	0	0	
0	0	0	0	0	0	0	0	0	0	0	0	0	0	0	0	0	0	0	0	0	0	0	0	0	0	0	0	0	0	0	0	0	0	0	0	0	0	0	0	0	0	0	10.81001	0	0	0	0	0	12.84532	0	0	0	0	11.0749	0	0	0	0	0	0	0	0	0	0	0	0	0	0	0	0	0	0	0	0	0	0	0	0	1.3511	0	0	0	0	0	0	0	0	0	0	0	0	0	0	0	0	0	0	0	0	
0	0	0	0	0	0	0	0	0	0	0	0	0	0	0	0	0	0	0	0	0	0	0	0	0	0	0	0	0	0	0	0	8.06794	0	0	0	0	0	0	0	0	0	0	0	0	0	0	2.13406	0	0	7.50503	2.17658	0	0	0	0	0	0	7.29774	0	0	0	0	0	0	0	0	0	0	0	7.82003	0	0	0	0	0	0	0	0	0	0	0	0	0	0	4.94148	0	0	0	0	0	0	0	0	0	0	0	0	0	0	
0	0	0	0	0	0	0	0	0	0	0	0	0	0	0	0	0	0	0	0	0	0	0	0	0	0	0	0	0	0	0	0	0	0	0	0	0	0	0	10.4407	0	0	0	0	15.11026	0	9.1002	0	0	0	0	0	0	0	0	0	0	0	0	0	0	0	0	0	0	0	0	0	0	2.38869	0	0	0	0	0	0	0	0	0	0	0	0	0	0	0	0	0	0	0	0	0	0	0	0	0	0	0	0	0	0	
0	0	0	0	0	0	0	0	0	0	0	0	0	0	0	0	0	0	0	0	0	0	0	0	0	0	0	0	0	0	0	0	0	0	0	10.12375	0	0	0	0	0	0	0	0	0	0	0	9.12559	0	0	0	0	0	6.90106	0	0	0	0	0	0	10.09274	0	0	0	0	0	0	0	0	0	0	0	0	0	0	0	0	0	0	0	0	0	0	0	0	0	0	0	0	0	0	0	0	0	1.8246	0	0	0	0	0	
0	0	0	0	0	0	0	0	0	0	0	0	0	0	0	0	0	0	0	0	0	0	0	0	0	0	0	0	0	0	0	0	0	0	0	0	0	0	0	0	0	12.32847	0	0	0	0	0	0	0	0	0	0	5.36632	0	0	0	0	0	0	0	0	0	0	0	0	0	0	2.79319	0	0	0	7.60768	0	0	0	0	0	0	0	0	0	0	0	0	0	0	0	0	0	0	0	0	0	0	0	0	0	0	0	0	
0	0	0	0	0	0	0	0	0	0	0	0	0	0	0	0	0	0	0	0	0	0	0	0	0	0	0	0	0	0	0	0	0	0	0	0	0	0	0	0	6.32605	0	0	0	9.04457	0	0	4.85657	0	0	5.95444	8.77698	0	0	0	11.51832	0	0	6.4147	0	8.35232	0	0	0	0	0	0	0	2.79319	0	0	0	0	0	0	0	0	0	0	0	0	0	0	0	0	0	0	0	0	0	0	0	0	0	0	3.10874	0	0	0	0	
0	0	0	0	0	0	0	0	0	0	0	0	0	0	0	0	0	0	0	0	0	0	0	0	0	0	0	0	0	0	0	0	0	0	0	0	0	0	0	0	0	0	0	0	12.14589	0	0	0	0	2.70219	0	0	8.59926	0	0	0	0	6.14787	0	0	0	6.51167	0	0	0	0	0	0	0	0	0	0	0	0	0	0	0	0	0	0	0	0	0	0	0	0	0	0	0	0	0	0	0	0	0	0	0	0	0	0	
0	0	0	0	0	0	0	0	0	0	0	0	0	0	0	0	0	0	0	0	0	0	0	0	0	0	0	0	0	0	0	0	0	0	0	0	0	0	0	0	0	0	0	10.57057	0	0	10.55278	0	0	0	7.81189	0	0	0	0	0	0	0	0	7.63561	0	0	0	0	7.56635	0	0	6.63979	0	0	0	0	11.06037	0	0	0	2.60507	0	0	0	0	0	0	0	0	0	0	0	0	0	0	0	0	0	0	0	0	0	0	0	
0	0	0	0	0	0	0	0	0	0	0	0	0	0	0	0	0	0	0	0	0	0	0	0	0	0	0	0	0	0	0	0	0	0	0	0	0	0	0	0	0	0	0	0	7.97382	1.98761	0	10.52691	0	0	0	13.90386	5.96426	0	0	7.72788	0	0	0	0	0	0	0	0	0	0	0	8.00033	0	0	0	0	0	13.43234	0	0	0	0	0	0	0	0	0	0	0	0	0	0	0	0	0	0	0	0	0	0	0	0	0	0	
0	0	0	0	0	0	0	0	0	0	0	0	0	0	0	0	0	0	0	0	0	0	0	0	0	0	0	0	0	0	0	0	0	0	0	0	0	12.678	0	0	0	0	0	0	0	0	0	0	4.44364	0	0	5.87185	0	0	1.98761	0	12.0468	0	0	0.8855	0	8.01458	0	0	0	0	0	0	0	0	0	0	0	0	6.33608	2.267	0	0	0	0	0	0	0	0	0	0	0	0	0	0	0	0	0	0	0	0	0	0	0	0	
0	0	0	0	0	0	0	0	0	0	0	0	0	0	0	0	0	0	0	0	0	0	0	0	0	0	0	0	0	0	0	0	0	0	0	0	0	0	0	0	0	0	12.89455	0	0	10.1791	0	13.18606	0	0	7.36231	0	13.64076	0	9.46008	0	0	0	0	0	0	0	0	9.39892	0	0	0	7.02485	0	0	10.50184	0	0	0	0	0	0	0	2.13406	0	0	0	0	0	0	0	0	0	0	0	0	0	0	0	0	0	0	0	0	0	
0	0	0	0	0	0	0	0	0	0	0	0	0	0	0	0	0	0	0	0	0	0	0	0	0	0	0	0	0	0	0	0	0	0	0	0	0	0	0	0	0	0	0	0	0	0	0	7.23013	7.82812	0	0	8.15844	0	0	0	0	0	0	0	0	0	0	0	0	0	0	0	0	0	0	0	0	0	0	0	0	0	0	0	0	0	0	0	0	0	0	0	0	0	0	5.74246	0	0	0	0	0	0	0	0	0	
0	0	0	0	0	0	0	0	0	0	0	0	0	0	0	0	0	0	0	0	0	0	0	0	0	0	0	0	0	0	0	0	0	0	0	0	0	0	0	0	0	0	0	0	0	0	0	10.46642	0	0	0	0	7.71921	6.19869	0	0	0	0	12.43623	13.9994	0	0	0	0	0	0	0	0	0	0	0	0	0	0	0	0	0	0	0	0	0	0	0	0	0	0	0	0	0	0	0	0	0	0	0	0	0	0	6.03122	0	
0	0	0	0	0	0	0	0	0	0	0	0	0	0	0	0	0	0	0	0	0	0	0	0	0	0	0	0	0	0	0	0	0	0	0	0	0	0	0	0	0	0	8.26759	0	0	0	0	0	0	7.76227	0	7.42412	0	5.58583	0	0	0	0	0	0	0	0	0	0	12.30281	0	0	0	0	0	0	0	0	0	0	0	11.6798	0	0	0	0	0	0	0	0	0	0	0	0	0	0	0	0	0	0	0	0	0	0	0	
0	0	0	0	0	0	0	0	0	0	0	0	11.47839	0	0	0	0	0	0	0	0	0	0	0	0	0	0	0	0	0	10.6488	0	0	0	0	0	0	0	0	0	0	0	9.06779	0	0	0	0	13.33739	0	0	12.24744	0	0	6.45008	6.57715	0	10.1604	0	0	0	0	0	0	9.47218	10.02806	8.22328	0	0	0	0	0	0	0	0	0	0	0	0	0	0	0	0	0	0	0	0	0	0	0	0	0	0	0	0	0	0	0	0	0	0	
0	0	0	0	0	0	0	0	0	0	0	0	0	0	0	0	0	0	0	0	0	0	0	0	0	0	0	0	0	0	0	0	0	0	0	0	0	0	0	0	0	0	0	0	0	10.05164	8.19017	0	5.01581	12.47738	1.43012	7.87995	8.23994	0	6.73467	6.2442	0	0	0	0	14.13906	0	0	0	0	0	0	0	0	6.00061	0	0	0	0	0	0	3.89708	0	0	0	0	0	0	0	0	0	0	0	0	0	0	0	0	0	0	0	0	0	0	0	
0	0	0	0	0	0	0	0	0	0	0	0	0	0	0	7.79822	0	0	0	0	0	0	0	0	0	0	0	0	0	0	0	0	0	0	0	6.51835	11.24471	0	0	0	0	0	0	2.13406	0	11.23511	6.98284	10.57097	4.29588	9.29474	0	0	2.13406	0	8.90363	0	0	0	0	6.86624	0	9.57913	0	7.07104	0	9.22495	0	0	11.75707	0	10.64766	0	0	0	0	11.26324	0	1.8246	0	4.9627	0	0	0	0	0	0	0	0	0	0	8.13253	0	0	0	0	0	0	0	0	0	
0	0	0	0	0	0	0	0	0	0	0	0	0	0	0	0	0	0	0	0	0	0	0	0	0	0	12.70242	0	0	0	0	2.50093	0	0	6.31841	0	0	0	0	0	11.9521	0	0	0	0	0	0	0	10.61469	6.4147	2.95957	8.78393	9.30251	0	11.24748	0	9.32936	0	2.9334	0	8.99271	7.20135	0	0	0	8.13253	0	0	0	0	0	0	0	8.25963	0	0	0	0	0	0	0	0	0	0	0	0	0	0	0	0	0	0	0	0	0	0	6.59623	0	0	0	
0	0	0	0	0	0	0	0	0	0	0	0	0	0	0	0	0	0	0	12.59042	0	0	0	0	0	0	0	0	0	0	0	0	0	0	0	0	0	0	0	0	0	0	0	14.41353	0	0	11.85718	10.21503	10.87557	0	9.16446	7.14784	11.87193	0	0	0	14.37931	0	0	6.77242	5.54284	0	0	13.07092	0	6.19869	0	6.14787	0	0	0	0	0	0	0	0	0	0	0	0	0	0	0	0	0	0	0	0	0	0	7.40769	0	0	0	0	0	0	0	0	0	
0	0	0	0	0	0	0	0	0	0	0	0	8.6196	0	0	0	0	0	0	9.59976	0	0	0	0	0	0	0	0	0	0	0	0	0	6.79442	0	0	0	0	0	0	0	14.77066	13.03794	0	8.8856	0	0	6.18604	13.26634	0	1.8246	9.12342	6.3935	7.44553	10.59443	9.57753	6.07568	4.99925	7.51211	0	0	0	0	0	2.50093	0	0	0	0	0	0	0	0	0	0	0	0	0	13.68969	0	0	0	0	0	0	0	0	0	0	0	0	0	0	0	0	0	0	0	0	0	
0	0	0	0	0	0	0	0	0	0	0	0	0	0	0	0	0	0	0	0	0	0	0	14.59806	0	0	0	0	0	0	0	0	0	0	0	0	0	0	11.25701	0	0	0	8.35774	10.22477	0	0	11.637	5.15965	0	7.26794	9.27218	6.46057	0	0	0	0	0	5.74536	13.92261	9.49523	8.9855	0	0	0	9.07549	0	0	0	0	0	0	0	0	0	0	0	0	0	0	0	0	0	0	0	0	0	0	0	0	0	0	0	0	0	0	0	0	0	0	0	
0	0	6.27171	0	0	0	0	0	0	0	0	0	0	0	0	0	0	0	0	0	0	0	0	0	0	0	0	0	0	0	0	0	0	0	0	0	0	0	0	0	11.27256	0	0	0	0	10.13358	0	8.97847	10.27151	11.75471	0	8.55281	10.24958	9.49905	0	8.30672	0	0	7.4936	4.55184	7.70288	0	7.19302	9.38436	0	0	0	0	0	0	0	8.09502	0	0	0	0	6.93279	0	0	0	0	0	0	0	0	0	0	0	0	0	0	0	0	0	0	0	0	0	0	0	
0	0	0	0	0	0	0	0	0	0	0	7.39536	0	0	0	0	0	0	0	0	0	0	0	0	0	0	0	0	0	0	0	0	4.89775	0	0	0	0	7.0951	12.22666	3.82112	7.66603	5.77631	0	0	12.23788	8.2306	11.4971	5.23989	11.37584	0	11.25375	0	3.51008	4.72719	0	9.98119	4.6731	10.54575	0	0	0	0	0	0	0	0	0	6.04053	0	0	0	0	11.03729	0	0	3.82112	0	0	11.5592	0	0	0	0	0	0	0	0	0	0	0	0	0	0	0	0	8.55686	0	0	0	0	
0	0	0	0	0	0	0	0	0	0	0	0	0	0	0	0	0	0	0	0	0	0	0	0	0	0	0	0	0	0	0	0	0	0	6.87668	9.47051	0	0	0	6.42895	0	11.72943	0	11.35945	13.29525	9.92643	7.85122	8.30268	6.27438	11.98817	11.91144	10.99628	5.29245	9.54392	0	0	7.13614	0	0	7.90178	8.11279	0	2.50093	0	0	0	0	0	0	0	0	0	0	0	0	0	0	0	3.98449	0	0	0	0	0	0	0	0	10.63925	0	0	0	0	0	0	0	0	0	0	0	0	
0	0	0	0	0	0	0	0	9.52789	0	9.45399	0	0	0	0	0	0	0	0	0	0	0	0	0	0	0	10.59132	0	0	0	0	0	0	0	0	0	0	14.21209	11.89008	0	8.17741	8.58341	0	7.4134	7.79822	12.0127	6.67302	8.8344	8.40056	9.36257	0	7.30107	0.8855	0	0	0	9.63308	4.1657	0	0	0	0	5.29026	0	0	0	10.86578	0	0	0	0	0	0	0	0	0	0	0	0	0	0	0	0	0	0	0	0	0	0	0	0	0	0	2.267	0	0	0	0	0	0	
0	0	0	0	0	0	0	0	0	0	0	9.44262	0	0	11.88298	0	0	0	0	0	0	0	0	0	0	0	0	0	0	0	0	10.98457	0	0	7.65394	0	10.9547	0	0	11.234	0.8855	0	10.61343	10.32781	9.78729	7.2631	11.23163	8.80605	4.43307	8.87743	6.60493	9.87946	9.60697	9.143	0	6.525	9.69716	0	0	9.76202	7.51715	4.87378	0	9.66747	0	0	0	0	0	0	0	0	0	0	0	6.90073	0	0	0	0	0	0	0	5.3058	0	0	0	0	0	0	0	0	0	0	0	0	0	0	0	0	
0	0	0	0	0	0	0	0	0	0	0	0	10.09106	0	0	0	0	0	0	0	0	0	0	0	0	0	0	0	0	10.24203	0	0	9.21573	0	6.40029	0	11.32696	0	13.83032	10.85691	11.45617	8.75592	8.49146	9.03633	8.55391	4.08144	9.79552	9.84241	9.45137	9.52863	7.71892	9.1234	10.59291	6.03202	5.96698	5.93909	9.05967	0	0	7.40622	7.81732	0	0	0	0	0	0	0	0	0	0	0	0	9.99455	0	0	0	0	0	0	10.47374	0	0	0	0	0	0	0	0	0	0	0	0	0	0	0	0	0	0	0	
0	0	0	0	0	0	0	14.08089	0	0	0	10.13467	0	0	0	0	0	0	0	0	0	0	0	0	0	0	0	9.08789	0	0	3.53507	0	11.29009	0	0	0	7.45232	5.24262	10.8628	10.75466	9.91546	4.29757	0	10.99164	10.30039	9.23311	8.99879	9.0422	10.87256	10.91561	5.58356	9.87523	7.20135	10.13249	7.22251	7.08649	9.85141	5.82	6.56593	8.61649	5.06788	12.47717	7.94435	0	8.84103	0	0	0	0	0	0	0	0	11.43357	0	0	0	0	0	0	0	0	0	0	0	0	0	0	0	0	0	0	0	0	0	0	0	0	0	0	
12.43109	0	0	0	0	0	0	0	6.48428	0	0	0	8.58181	0	0	0	0	0	0	0	0	0	0	0	12.70315	0	0	7.90153	0	0	0	0	13.22275	0	9.4452	9.48161	0	8.51822	10.11137	6.40857	7.15492	8.98716	5.16188	10.16808	12.1889	9.66378	8.45209	9.40119	4.76777	8.40634	9.66347	5.93372	8.96423	4.00683	11.61392	9.27201	8.92516	4.93864	0	11.48564	1.8246	0	0	6.09418	0	8.3278	0	0	0	0	2.267	0	0	0	0	0	0	0	0	0	0	0	4.29678	0	0	7.35344	0	0	0	0	0	0	0	0	0	0	0	0	0	0	
0	0	0	9.62784	0	0	0	0	0	0	0	0	0	0	0	0	0	0	9.6201	0	0	11.27117	0	5.03458	11.80408	8.28924	0	0	10.37823	12.27273	11.30188	0	11.95618	0	0	0.50965	0	9.1786	10.62233	7.75515	7.80232	7.03184	9.11515	9.52901	8.37673	10.13928	8.09874	8.27226	9.03075	6.04309	9.35941	8.12544	9.73185	5.99196	8.01537	8.31842	0	4.0851	5.41723	7.65708	0.50965	3.82112	11.83208	0	0	0	0	0	0	6.0124	0	0	7.35112	0	1.34608	8.19644	11.14243	3.30705	0	1.18339	0	0	0	0	0	0	0	0	0	0	0	0	0	0	0	0	0	0	0	0	
7.69286	0	0	0	11.19708	8.01313	0	0	0	0	0	0	0	0	0	0	0	10.08938	0	0	0	0	0	0	9.41691	0	9.14991	9.16992	0	12.54818	9.29876	0	0	0	11.64778	5.90429	6.29201	10.68228	11.56203	8.16397	6.6576	10.11653	9.78444	9.11487	8.87769	9.37018	9.99336	8.26779	8.41285	11.52976	4.22611	11.06135	8.66699	7.60799	9.58428	8.80088	8.3267	3.986	6.28109	9.2815	5.80939	0	7.35157	10.01157	13.0994	8.54628	9.64118	0	0	0	0	0	0	0	5.12494	0	0	0	0	0	0	0	0	0	0	0	0	0	0	0	0	0	0	0	0	0	0	0	0	0	
0	0	0	0	0	0	0	0	6.35621	0	7.26632	0	0	0	0	0	6.65806	11.8933	10.95624	4.8771	8.95626	5.14019	0	0	0	11.07914	0	9.25027	6.19686	10.62539	0	10.55033	11.28324	7.42278	8.96531	11.69292	6.81543	6.83429	9.47117	8.95325	8.86884	8.06876	4.96043	8.14652	9.68624	8.05627	7.71949	8.73396	7.7765	6.36977	7.48445	10.74628	7.11545	9.73799	5.91953	5.58661	6.1651	9.10131	0	8.20889	6.18509	7.25835	9.47596	0	6.272	10.01748	4.55184	0	0	0	0	8.01221	0	0	6.24778	0	0	0	10.20367	0	0	0	0	0	0	7.49699	0	0	0	0	0	0	0	0	0	5.5985	0	0	0	0	
0	10.51024	0	0	2.38869	8.74171	0	0	0	0	0	0	0	0	7.45232	9.58153	0	11.09432	9.745	0	8.34106	0	7.51381	0	0	0	0	0	9.93543	9.53285	6.65749	0	8.77279	4.46001	10.03273	7.32531	9.09337	9.9725	7.74612	8.54704	9.13731	7.01996	8.23788	7.49581	8.49188	7.10346	8.65791	9.94183	7.43688	8.53685	7.02984	7.65847	8.2945	5.74782	7.93087	5.761	1.43012	7.99539	8.14037	3.32179	0	9.48076	0	11.35594	10.65484	5.52075	7.30157	7.93938	0	0	0	0	0	0	0	3.73192	0	0	0	0	7.23246	0	0	0	0	0	0	0	0	0	0	0	0	0	0	0	0	0	0	0	
0	10.39875	6.82909	0	8.50858	0	0	0	0	0	7.91426	0	0	0	7.4134	8.30479	0	10.58775	0	0	10.16693	6.37105	8.29567	8.5582	6.32605	11.73195	0	3.49201	7.18884	8.42335	9.50704	11.05147	10.77042	11.59296	9.92955	8.06351	8.84947	8.44139	6.53682	8.32749	7.68867	7.20031	7.15492	6.70648	6.94685	6.28905	8.34523	7.8053	9.08552	8.64602	7.40251	8.27307	7.26637	7.78572	7.53086	7.58632	8.18213	6.17123	8.14322	7.88353	0	7.97944	9.78189	8.69195	5.48302	2.267	2.267	0	0	0	0	5.75383	0	7.35486	8.49807	0	5.24262	0	0	0	0	0	0	5.02578	0	2.14794	0	0	0	0	0	0	0	0	0	0	0	0	0	0	
0	0	0	0	0	0	0	0	5.35143	0	8.23347	13.18597	0	0	0	0	0	0	10.84698	0	6.26377	0	0	0	0	8.2814	10.45009	0	0.50965	9.63478	6.85364	6.34873	8.16057	8.65402	8.90048	8.79198	9.19124	10.47535	8.65135	9.78803	6.2962	8.98314	7.53307	7.92018	7.38152	8.63249	7.28714	8.3602	7.83743	9.06345	8.35973	7.11077	6.43621	7.45671	7.51515	8.41098	8.87489	7.69848	9.62939	5.99743	9.21937	5.24745	9.66897	5.16116	0	9.96651	0	8.43251	0	0	0	0	0	0	0	0	0	0	3.68518	0	0	6.0124	0	0	0	0	0	7.69043	5.15955	7.16348	0	0	0	0	0	0	0	0	0	0	
0	0	0	0	0	0	0	0	12.34313	10.45945	4.29339	2.50093	0	11.0212	0	0	0	3.98449	9.54844	4.73206	0	0	0.50965	9.86128	6.60881	4.05973	8.15629	9.52354	6.04206	9.57907	0	6.73317	5.39558	4.20443	4.98876	8.2286	7.62064	6.29557	5.98843	5.01792	6.39043	7.17151	8.39211	7.88786	5.93567	7.68318	7.57398	8.14359	6.90947	8.58162	8.36687	6.84487	6.97958	6.01105	7.47267	8.35856	4.88779	9.6723	8.38194	4.64801	6.8244	7.9909	7.52737	7.38077	1.30254	10.232	9.51123	0	0	0	0	0	0	5.90429	9.49438	0	0	0	12.91575	0	0	0	0	0	0	0	0	0	6.56429	0	0.50965	0	0	0	0	0	0	0	0	0	
0	0	8.68937	9.70228	0	7.43122	0	0.8855	5.27456	0	0	0	0	0	0	0	0	7.03872	0	0	0	0	0	10.37777	0	8.92391	0	10.76392	6.73467	8.62561	0	7.98289	0	10.7132	5.39821	8.74231	6.62055	6.83808	1.28791	9.29924	7.91586	8.93305	8.37246	7.46353	7.81723	6.46316	6.91367	8.33827	7.78494	7.78026	7.96613	7.20196	8.12345	8.16135	7.38893	6.53587	7.54297	9.39645	7.68104	7.63113	8.7965	9.23962	1.19435	8.18808	4.36003	0	0	6.24474	4.57766	4.35681	6.29395	0	7.52048	0	1.90835	0	4.92331	0	0	0	0	0	5.20171	0	0	0	0	0	0	0	0	0	0	0	0	0	0	0	0	0	
0	0	0	0	0	0	0	0	1.18339	0	9.36502	8.57862	7.34112	0	11.97346	0	0	7.06649	0	13.79991	0	0	0	0	0	0	4.49876	4.29588	5.69707	0	9.37186	7.54136	5.09544	7.42249	8.20275	6.57647	8.16391	6.55703	7.77248	6.57535	8.30127	5.78081	5.1323	6.86225	6.40703	6.45422	4.93977	5.63896	7.99617	6.73375	6.23207	9.30526	8.65291	6.96711	5.62747	6.76549	6.32407	7.31698	9.11793	7.11338	7.52486	6.14936	7.65378	7.36861	0	5.20606	6.33365	3.16168	0	0	6.0029	0	5.84249	5.36421	0	12.42954	0	0	0	0	0	0	0	0	0	0	0	0	6.68586	0	0	0	0	0	0	0	0	0	0	0	
0	0	0	0	0	2.60507	0	0	0	9.64703	0	0	8.3709	0	0	0	0	0	0	0	0	0	0	9.48262	0	0	9.79746	0	0	4.61635	7.43541	0	0	7.08534	9.98769	6.34873	4.29588	0	0	8.30092	4.64033	9.76413	4.30599	5.27197	9.07857	7.07856	7.58203	6.77841	8.89852	5.1666	6.76887	8.4703	6.33359	6.84021	7.77133	7.07513	6.44191	7.29914	4.35672	5.57785	7.20107	6.69369	3.92557	7.54153	7.1199	6.52264	5.36632	8.30479	7.17142	0	0	13.0119	0	6.37105	0	1.43012	9.68688	0	0	0	0	0	0	0	12.09133	0	0	0.50965	0	0	0	7.7163	0	0	0	0	7.38077	0	0	0	
0	0	0	0	0	0	0	0	0	0	0	9.78576	0	0	0	0	0	5.07688	12.45948	0	0	0	0	1.64081	0	0	0	6.8237	0	0	0	0	5.59754	8.48201	6.91148	0	4.63659	9.08804	4.52344	5.92501	7.58358	8.61658	6.51369	2.82405	0	8.98784	5.76973	5.29205	6.40463	7.87975	6.43014	10.57642	8.02547	5.87373	6.30399	7.19759	6.48366	7.81374	6.91897	8.70695	7.43033	4.42674	0	5.32747	8.8749	0	8.45973	5.69605	11.91894	6.17252	0	0	0	2.38869	0	8.75309	0	8.74599	0	0	0	10.69251	0	0	0	0	0	0	0	0	0	0	0	0	0	0	0	0	0	0	
0	0	0	0	7.67819	0	0	0	0	0	9.20748	0	1.64081	0	0	11.05636	0	0	5.05311	0	5.02631	4.74657	0	0	0	7.38808	4.99679	0	0	5.81656	0	9.05165	10.83733	0	0	8.0588	10.90679	14.40055	11.84144	11.07518	6.52684	9.05839	6.94354	4.26442	3.94767	7.70801	13.49118	4.38737	8.02071	8.58639	8.80771	6.85477	8.56213	8.40592	5.957	6.38233	5.81829	7.54598	3.41574	7.89011	5.48337	7.95182	5.60631	7.1578	7.96942	0	7.05326	9.83886	0	2.70219	9.53611	9.36502	6.52552	8.46238	9.09558	0	6.02958	0	0	0	6.87147	0	0	2.38869	0	1.43012	0	0	0	7.26234	0	0	0	0	0	0	0	0	0	0	
0	0	0	0	0	0	0	0	0	0	0	4.7003	4.39335	0	0	10.46252	0	0	0	2.13406	4.05973	0	1.18339	0	0	0	0	0	0	3.53048	3.77721	5.85993	0	0	0	11.30321	0	0	0	4.67659	3.92864	4.15626	4.79506	5.0016	7.74353	3.45399	5.63856	7.17327	6.23861	3.85277	0	0	7.52211	8.97053	3.30705	6.68339	7.24472	6.49274	6.44306	6.05452	8.43581	6.8364	8.95381	7.10704	5.11615	7.5989	6.53822	8.24705	0	9.25889	0	5.65859	8.59425	12.36993	11.12557	0	3.24393	0	2.70219	0	0	0	0	0	0	0	0	0	0	0	0	0	0	0	0	0	0	0	0	0	
0	0	0	6.68207	0	0	0	0	0	0	0	0	0	0	0	0	0	0	0	0	0	0	7.0342	0	0	0	7.02013	7.94519	7.41699	7.95177	0	0	5.17655	0	0	10.99039	0	3.48135	3.03608	1.76754	5.29621	0	0	0	1.26316	8.94017	8.43154	6.79647	5.34406	6.08079	5.16146	5.20904	5.90909	7.80987	7.66951	6.23811	8.00146	6.72384	6.99815	6.88658	8.31212	6.6236	9.11021	8.47603	6.18322	8.2884	5.93139	15.61394	10.17715	5.97957	6.3973	8.05266	4.52116	1.03625	7.17425	0	13.17246	0	5.37247	10.88174	0.50965	4.38634	5.35143	0	0	0	0	0	0	0	0	0	0	0	0	0	0	8.41276	0	9.58073	
0	0	5.43882	0	0	0	0	0	0	0	0	0	0	0	0	0	0	0	0	0	7.56313	0	0	0	0	6.59623	0	8.0281	0	8.18388	0	10.8759	6.67012	0	4.38634	0	0	3.36361	6.19846	0	6.2316	0	0	7.93822	11.97695	9.66597	2.95723	3.27946	6.72315	5.74292	8.52537	9.29863	6.70827	6.23482	7.48223	9.59887	0	5.65537	7.66838	5.73025	2.27979	4.78373	5.11556	3.23955	5.18358	5.95524	5.24624	0	7.64038	5.61725	3.67953	8.25472	7.11971	7.72617	0.50965	0	5.71833	0	3.74426	5.27456	0	5.60174	0	0	0	0	0	0	4.97286	0	0	0	0	0	0	0	1.98761	0	0	0	
0	0	0	0	2.95957	0	0	0	0	0	0	0	9.46268	0	0	0	0	0	0	0	7.31703	0.50965	0	0	0	0	0	6.03122	0	0	0	0	9.77254	0	0	0	8.75592	0	3.68518	6.14787	0	0	3.43665	4.55184	7.33228	0	6.20912	8.04267	4.44364	5.50719	6.12178	4.47848	9.34072	5.43665	7.14191	1.32186	0	4.81433	5.18559	1.14045	7.74382	7.28342	7.39096	6.12851	4.62241	8.0472	7.05912	5.28021	7.50503	6.44487	7.02314	0	0	8.91505	0	10.5295	4.72051	5.4016	0	0	0	0	0	0	6.80742	2.38869	0	0	0	0	0	0	0	0	0	0	9.26921	0	0	0	
0	0	0	0	0	0	0	0	3.24393	0	0	0	11.22493	0	0	0	7.66301	3.53507	2.95957	0	0	0	0	0	4.45581	0	0	0	0	0	0	0	0	0	7.84151	8.84103	0	8.4217	0	0	0	0	8.66398	12.86183	0	11.15956	7.64785	6.58354	0	5.64525	0	11.20436	8.28924	7.72644	0	4.74657	0	6.28763	0	7.14219	8.48906	0.8855	7.27523	8.40015	5.52849	8.33593	5.87026	7.39872	10.93016	7.11344	8.99846	4.13672	5.3773	7.3771	7.53082	5.28069	10.81373	7.02953	0	0	7.96162	5.29026	7.92121	0	5.84706	0	5.6481	5.90429	5.15955	0	3.58584	0	0	9.07273	0	0	0	0	0	0	
0	0	0	0	0	0	0	0	0	0	0	0	0	0	0	0	0	0	0	0	6.82077	0	0	0	0	0	0	0	0	4.09592	0	0	0	0	3.94535	0	0	0	0	0	9.6516	0	9.5679	8.67149	5.595	0	0	1.43012	3.53507	5.18718	8.61493	0	0	6.27498	3.62228	7.74096	0	0	7.40204	8.61465	10.62693	5.81258	1.84856	8.08832	7.06293	7.25276	6.25105	7.34687	6.14047	5.33322	9.85278	6.99405	3.24059	5.86717	5.02735	0	3.60138	0	5.09257	0	0	0	3.36751	0	0	0	7.29476	0	0	0	0	0	0	0	0	0	0	0	0	0	
0	0	0	0	7.5071	0	0	0	0	0	0	2.70219	0	4.93819	0	0	0	0	0	0	0	0	0	0	0	0	0	0	0	0	0	0	0	0	0	0	0	0	0	7.14284	0	0	6.76871	0	7.64383	0	1.89281	1.8246	0	0	0.8855	0	0	0	10.3344	0	0	0.50965	0	9.67197	9.51187	0.54775	8.1303	7.27672	6.66218	0	0	4.48068	10.56019	5.44663	5.05388	8.51645	8.72281	5.32295	0	0	4.64517	3.86373	7.60056	5.33638	2.38869	8.14554	1.64081	0	0	0	2.60507	9.68351	0	4.8157	0	0	0	0	9.87113	0	0	0	0	0	
0	0	0	0	0	0	0	0	0	0	0	0	0	0	0	0	0	7.23183	0	0	0	8.97703	9.88153	0	0	0	10.22272	0	0	0	0	0	0	5.00836	7.59291	0	0	0	0	0	0	0	0	0	0	0	0	0	3.53507	0	14.46021	0	0	0	0	7.40533	9.25654	8.12968	5.87335	1.43012	0	3.39078	5.07637	0	8.21924	8.18082	6.36296	7.45999	4.42541	6.36713	5.22168	5.17512	5.96994	5.17708	10.09136	4.30669	5.42283	0	7.04813	5.66104	0	0	8.65228	0	5.5985	9.43954	6.12178	3.68518	0	8.26675	0	0	0	0	0	0	9.2747	0	0	0	
0	0	0	0	0	0	0	0	7.1397	0	0	0	0	0	0	0	0	0	0	0	0	0	0	0	0	0	0	2.13406	0	0.50965	0	0	0	0	0	0	0	0	0	9.52164	0	0	0	0	0	6.91264	0	5.12494	3.03608	0	0	9.09908	0	0	0	0	0	0	9.16157	0	12.21058	0	9.46383	9.04534	7.99984	4.452	6.67707	0	0	7.36069	7.79271	4.7914	8.43204	8.29865	9.34648	9.95146	2.16334	0	0	6.90525	7.26209	7.43924	10.8956	8.2307	7.13699	0	0	0	0	0	9.20955	0	12.12023	0	0	0	0	0	0	0	
0	0	0	0	0	0	0	0	0	0	0	0	0	6.08623	0	0	0	0	0	1.98761	0	0	0	0	0	2.93993	0	0	0	0	0	0	0	0	6.70569	0	0	6.72045	0	0	8.33917	0	6.2316	9.05724	0	0	0	0	0	0	5.20996	4.26442	0	0	4.55184	0	0	0	0	8.28488	6.60593	0	5.05688	7.87834	5.98371	6.62432	10.24361	4.23225	0	5.43933	5.52265	0	5.00951	5.97512	8.58818	6.69415	3.69883	5.13966	5.84583	3.70114	0	6.234	6.74611	4.85393	3.83163	0	0	5.52075	3.15735	0	6.92275	0	0	7.17198	0	0	0	0	5.4372	0	
0	0	0	0	0	0	0	11.25975	0	0	0	0	0	0	0	0	0	0	0	0	0	0	11.34611	0	0	0	0	0	9.35572	0	0	0	0	0	9.18801	0	0	1.98761	0	0	0	2.603	0	0	0	0	10.21327	0	0	0	0	0	9.63632	0	0	0	4.34016	2.87878	0	5.3932	7.51082	0	0	6.55067	0	4.13124	0	7.2082	6.47448	10.98034	10.13892	7.48206	6.85572	5.14667	7.51715	6.7505	8.44126	4.26442	5.76072	6.12216	5.90036	7.4962	6.29577	0	4.23681	0	3.48135	6.67637	0	0	9.49861	10.77798	0	0	0	0	10.42033	0	0	0	
0	0	0	0	0	0	0	0	0	0	0	0	0	0	0	0	0	0	0	0	0	0	0	0	0	0	0	0	0	0	0	0	0	0	0	0	0	5.87491	0	0	0	0	0	0	0	0	0	0	0	5.39566	0	4.89105	0	2.52876	0	0	3.82112	5.66995	4.38634	0	2.60507	0	9.95111	12.72489	8.3467	5.05478	0	0	8.06741	7.95816	0	9.33694	6.25151	9.26422	6.94801	5.28296	0	4.57585	4.88484	5.64826	4.40215	9.10131	5.33638	0	0	0	3.20364	0	0	0	0	0	8.35715	6.47856	5.07141	0	0	0	0	0	
0	0	0	0	0	0	0	4.44364	0	0	0	0	0	0	0	0	0	0	0	0	0	0	0	0	0	0	0	0	0	0	0	0	0	0	0	0	0	5.58848	0	6.62128	0	0	0	0	0	0	0	0	0	0	3.89054	0	0	14.18235	6.78775	0	0	7.20849	9.1146	9.5871	0	1.64081	0	6.2894	8.18416	10.0484	0	0	8.45049	4.96398	8.16385	5.04026	4.27213	8.29649	7.29385	7.26479	6.02293	0	7.18059	8.66415	7.97055	8.98066	3.13329	3.44867	5.3674	0	0	0.46505	0	0	9.5254	0	0	0	0	2.36419	0	0	0	0	
0	0	0	0	0	0	0	0	0	0	0	0	0	0	0	0	0	0	0	0	0	0	0	0	0	8.2355	0	0	0	0	0	0	0	0	0	0	0	9.39347	0	0	0	0	0	0	8.90999	0	0	0	9.86393	0	0	0	0	0	0	1.98761	0	0	0	0	0	0	7.76706	0	0	5.37641	7.34547	6.23566	0	6.77958	3.1915	0	4.61422	0	8.33728	6.48922	3.58686	5.73099	4.06479	6.97127	4.82623	0	4.12961	0	6.49143	6.02188	0	0	0	0	6.76871	0	0	0	0	0	0	0	0	0	
0	0	0	0	0	0	0	0	0	0	0	0	2.87878	0	0	0	0	0	0	0	0	0	0	0	0	0	0	0	0	0	0	0	0	0	0	0	0	0	0	0	0	0	0	0	0	0	0	10.3115	0	0	4.49876	0	13.41398	0	0	0	0	0	0	3.96736	0	0	0	4.32864	3.10874	6.05899	10.29121	0	11.62937	0	0	8.92391	0	0	0	3.73916	6.46121	8.77439	5.48798	4.91561	0	6.93116	5.70364	4.60009	3.57867	3.55095	7.13392	0	6.5899	0	0	0	0	3.82112	0	0	0	0	0	0	
0	0	0	0	0	0	0	0	0	0	0	0	0	0	0	0	0	0	0	0	0	0	0	0	0	0	0	0	0	0	0	0	10.69783	0	0	0	0	0	0	0	10.96544	0	0	0	0	0	0	0	0	0	0	0	0	0	0	0	5.45769	0	0	0	8.88922	0	0	4.10464	0	5.84172	0	0	7.22853	0	0	0	7.80644	0	0	3.10874	0	0	5.21575	9.52753	6.69435	6.85572	10.92953	0	2.70219	0	0.50965	0	0	0.50965	6.25334	5.86885	5.32542	0	0	0	0	0	0	0	
0	0	0	0	0	0	0	1.24863	0	0	0	0	0	0	0	0	0	0	0	0	0	0	0	0	0	0	0	6.06813	0	0	0	0	0	0	0	0	0	0	0	0	0	0	0	0	0	0	0	0	0	0	0	0	0	0	0	0	0	0.8855	0	0	0	0	0	0	0	0	0	0	0	0	3.36662	4.27486	5.56102	0.8855	0	7.79272	6.31073	0	9.34855	4.57766	0	7.22016	0	9.41959	0.8855	9.47554	0	8.91253	0	5.58583	0	4.91811	0	0	0	9.23716	0	0	0	0	
0	0	0	0	0	0	0	0	0	0	0	0	0	0	0	0	0	0	0	0	8.58818	0	0	0	0	0	0	0	0	0	2.267	0	0	0	0	0	0	0	0	0	0	0	0	0	0	0	0	0	0	0	0	0	0	0	0	0	0	0	0	10.35275	0	0	0	0	6.13923	9.22699	5.62352	5.03265	0	0	0	0	0	0	0	9.25628	5.72076	1.18339	0	0	2.16334	0	0	0	3.5863	5.33638	7.03821	6.97235	5.85234	0	7.52713	7.07104	5.20996	5.66024	0	7.39173	0	0	0	0	
0	0	0	0	0	0	0	0	0	0	0	0	0	0	0	0	0	0	0	0	0	0	0	0	0	0	0	0	0	0	0	0	0	0	0	0	0	0	0	0	0	0	0	0	0	0	0	0	3.82112	0	0	0	0	0	0	0	0	0	0	0	0	0	0	0	0	0	0	0	0	8.81412	12.14711	10.02337	7.23012	0	10.75872	5.78742	0	9.40794	0	0	0	7.49699	5.74349	0	4.7218	0	1.98761	0	0	6.00235	0	3.88455	5.79841	0	6.2316	0	0	0	0	0	
0	0	0	0	0	0	0	0	0	0	0	0	0	0	0	6.25139	0	0	0	0	0	0	0	0	0	0	0	0	0	0	0	0	0	0	6.47778	0	0	0	0	0	0	0	0	0	0	0	0	0	0	0	0	0	0	0	0	0	0	0	0	0	0	0	0	0	0	0	0	2.50093	0	0	0	0	0	6.16501	0	0	0	1.25047	0	0	0	1.43012	0	0	3.91467	0	7.19052	5.33046	7.68397	10.07372	7.06649	0	10.02981	0	0	0	0	0	0	0	
0	0	0	0	0	0	0	0	0	0	0	0	0	0	0	0	0	0	0	0	0	0	0	0	0	0	0	0	0	0	0	0	0	0	0	0	0	0	0	0	0	0	0	0	0	0	0	0	7.83617	4.32667	0	0	0	0	0	0	0	0	0	9.69723	0	0	0	0	0	6.83014	0	0	0	0	0	7.43829	0	0	0	0	0	11.18899	0	5.2619	11.53118	0	0	9.78922	0	0	0	0	0	0	0	0	0	0	0	0	0	0	0	0	
0	0	0	0	0	0	0	0	0	0	0	0	0	0	0	0	0	0	0	0	0	0	0	0	0	0	0	0	0	0	0	0	0	0	0	0	0	0	0	0	0	0	0	0	0	0	0	0	0	0	0	0	0	0	0	2.40675	0	0	13.32714	0	0	0	0	0	9.8193	0	0	0	0	0	0	5.03458	0	4.19936	0	0	5.97402	0	0	0	3.3949	7.27339	4.5253	6.6429	0	0	0	7.92687	10.23163	0	3.98449	10.07924	10.18751	0	0	0	0	0	0	0	
0	0	0	0	0	0	0	0	0	0	0	0	0	0	0	0	0	0	0	0	0	0	0	0	0	0	0	0	0	0	0	0	0	0	0	0	0	0	0	0	0	0	0	0	0	0	0	0	0	0	0	0	0	0	0	0	0	0	0	0	0	0	0	0	0	0	0	0	0	0	0	0	0	0	0	0	0	0	0	0	0	0	0	0	0	0	1.64081	0	0	0	0	8.77558	0	0	0	0	0	0	0	0	
0	0	0	0	0	0	0	0	0	0	0	0	0	0	0	0	0	0	0	0	0	0	0	0	0	0	0	0	0	0	0	0	0	0	0	0	0	0	0	0	0	0	0	0	0	0	0	0	0	0	0	0	0	0	0	0	0	0	0	0	0	0	0	0	0	0	0	0	0	0	6.83857	0	0	0	0	0	5.76512	0	0	7.63223	0	0	0	9.02358	0	0	0	1.43012	0	0	4.61508	12.12305	0	0	0	0	0	0	0	0	
0	0	0	0	0	0	0	0	0	0	0	0	0	0	0	0	0	0	0	0	0	0	0	0	0	0	0	0	0	0	0	0	0	0	0	0	0	0	0	0	0	0	0	0	0	0	0	0	0	0	0	0	0	0	0	0	0	0	0	3.86373	0	0	0	0	0	0	0	0	0	0	8.11059	0	0	0	0	0	0	0	0	0	0	0	0	0	0	0	7.06649	0	0	0	0	0	0	0	0	0	0	0	0	0	
0	0	0	0	0	0	0	0	0	0	0	0	0	0	0	0	0	0	0	0	0	0	0	0	0	0	0	0	0	0	0	0	0	0	0	0	0	0	0	0	0	0	0	0	0	0	0	0	0	0	0	0	0	0	0	0	0	0	0	0	0	0	0	0	0	0	0	0	0	8.58022	2.267	0	0	0	0	0	0	0	6.4709	0	0	0	0	0	0	0	0	0	6.44307	3.48135	0	0	0	0	0	0	0	0	0	0	
0	0	0	0	0	0	0	0	0	0	0	0	0	0	0	0	0	0	0	0	0	0	0	0	0	0	0	0	0	0	0	0	0	0	0	0	0	0	0	0	0	0	0	0	0	0	0	0	0	0	0	0	0	0	0	0	0	0	0	0	0	0	0	0	0	0	0	0	0	0	0	0	0	0	0	0	0	0	0	0	0	0	0	0	0	0	2.60507	0	0	0	0	0	0	0	0	0	0	0	0	0	
0	0	0	0	0	0	0	0	0	0	0	0	0	0	0	0	0	0	0	0	0	0	0	0	0	0	0	0	0	0	0	0	0	0	0	0	0	0	0	0	0	0	0	0	0	0	0	0	0	0	0	0	0	0	0	0	0	0	9.39529	0	0	0	0	0	0	0	0	0	0	0	0	0	0	0	0	7.59192	0	0	0	0	0	0	0	0	0	0	0	0	0	0	0	0	0	0	0	0	0	0	0	0	
0	0	0	0	0	0	0	0	0	0	0	0	0	0	0	0	0	0	0	0	0	0	0	0	0	0	0	0	0	0	0	0	7.56635	0	0	0	0	0	0	0	0	0	0	0	0	0	0	0	0	0	0	0	0	0	0	0	0	0	0	0	0	0	1.8246	0	0	0	0	0	0	0	0	0	0	0	0	6.83445	0	0	0	0	6.9868	0	0	0	0	0	0	0	0	0	0	0	0	0	0	0	0	0	0	0	
0	0	0	0	0	0	0	0	0	0	0	0	0	0	0	0	0	0	0	0	0	0	0	0	0	0	0	0	0	0	0	0	0	0	0	0	0	0	0	0	0	0	0	0	0	0	0	0	0	0	0	0	0	0	0	0	0	0	0	0	0	0	0	0	0	0	0	0	0	0	0	0	0	0	0	0	0	0	0	0	0	0	0	0	0	0	0	0	0	0	0	0	0	0	0	0	0	0	0	0	
0	0	0	0	0	0	0	0	0	0	0	0	0	0	0	0	0	0	0	0	0	0	0	0	0	0	0	0	0	0	0	0	0	0	0	0	0	0	0	0	0	0	0	0	0	0	0	0	0	0	0	0	0	0	0	0	0	0	0	0	0	0	0	0	0	0	0	0	0	0	0	0	0	0	0	0	0	0	0	0	0	0	0	0	0	0	0	0	0	0	0	0	0	0	0	0	0	0	0	0	
0	0	0	0	0	0	0	0	0	0	0	0	0	0	0	0	0	0	0	0	0	0	0	0	0	0	0	0	0	0	0	0	0	0	0	0	0	0	0	0	0	0	0	0	0	0	0	0	0	0	0	0	0	0	0	0	0	0	0	0	0	0	0	0	0	0	0	0	0	0	0	0	0	0	0	0	0	0	0	0	0	0	0	0	0	0	0	0	0	0	0	0	0	0	0	0	0	0	0	0	
0	0	0	0	0	0	0	0	0	0	0	0	0	0	0	0	0	0	0	0	0	0	0	0	0	0	0	0	0	0	0	0	0	0	0	0	0	0	0	0	0	0	0	0	0	0	0	0	0	0	0	0	0	0	0	0	0	0	0	0	0	0	0	0	0	0	0	0	0	0	0	0	0	0	0	0	0	0	0	0	0	0	0	0	0	0	0	0	0	0	0	0	0	0	0	0	0	0	0	0	
0	0	0	0	0	0	0	0	0	0	0	0	0	0	0	0	0	0	0	0	0	0	0	0	0	0	0	0	0	0	0	0	0	0	0	0	0	0	0	0	0	0	0	0	0	0	0	0	0	0	0	0	0	0	0	0	0	0	0	0	0	0	0	0	0	0	0	0	0	0	0	0	0	0	0	0	0	0	0	0	0	1.64081	0	0	0	0	0	0	0	0	0	0	0	0	0	0	0	0	0	0	
0	0	0	0	0	0	0	0	0	0	0	0	0	0	0	0	0	0	0	0	0	0	0	0	0	0	0	0	0	0	0	0	0	0	0	0	0	0	0	0	0	0	0	0	0	0	0	10.80865	0	0	0	0	0	0	0	0	0	0	0	0	0	0	0	0	0	0	0	0	0	0	0	0	0	0	7.56083	0	0	0	0	0	0	0	0	0	0	0	0	0	0	0	0	0	0	0	0	0	0	0	0	0	
