0	0	0	0	0	0	0	0	0	0	0	0	0	0	0	0	0	0	0	0	0	0	0	0	0	0	0	0	0	0	0	0	0	0	0	0	0	0	0	0	0	0	0	0	0	0	0	0	0	0	0	7.09194	0	0	0	0	0	0	0	0	0	0	0	0	0	0	0	0	0	0	0	0	0	0	0	0	0	0	0	0	0	0	0	0	0	0	0	0	0	0	0	0	0	0	0	0	0	0	0	0	
0	0	0	0	0	0	0	0	0	0	0	0	0	0	0	0	0	0	0	0	0	0	0	0	0	0	0	0	0	0	0	0	0	0	0	0	0	0	0	0	0	0	0	0	0	0	0	12.5564	0	0	0	0	0	0	0	0	0	0	0	0	0	0	0	10.31578	0	0	0	0	0	0	0	0	0	0	0	0	0	0	0	0	0	0	0	0	0	0	0	0	0	0	0	0	0	0	0	0	0	0	0	0	
0	0	0	0	0	0	0	0	0	0	0	0	0	0	0	0	0	0	0	0	0	0	0	0	0	0	0	0	0	0	0	0	0	0	0	0	0	0	0	0	0	0	0	0	0	0	0	0	0	0	0	0	0	0	9.64775	0	0	0	0	0	0	0	0	0	0	0	0	0	0	0	0	0	0	0	0	0	0	0	0	0	0	0	0	0	0	0	0	0	0	0	0	0	0	0	0	0	0	0	0	0	
0	0	0	0	0	0	0	0	0	0	0	0	0	0	0	0	0	0	0	0	0	0	0	0	0	0	0	0	0	0	0	0	0	0	0	0	0	0	0	0	0	0	0	0	0	0	16.22207	8.8631	0	0	0	0	0	0	0	0	0	0	0	0	0	0	0	0	0	0	0	0	0	0	0	0	0	0	0	0	0	0	0	0	0	0	0	0	0	0	0	0	0	0	0	0	0	0	0	0	0	0	0	0	
0	0	0	0	0	0	0	0	0	0	0	0	0	0	0	0	0	0	0	0	0	0	0	0	0	0	0	0	0	0	0	0	0	0	0	0	0	5.70909	0	0	0	0	0	12.03314	0	0	0	0	0	0	0	0	0	0	0	0	0	0	0	0	0	0	0	0	0	0	0	0	0	0	0	0	0	0	0	0	0	0	0	0	0	0	0	0	0	0	0	0	0	0	0	0	0	0	0	0	0	0	0	0	
0	0	0	0	0	0	0	0	0	0	0	0	0	0	0	0	0	0	0	0	0	0	0	0	0	0	0	0	0	0	0	0	0	0	0	0	0	0	0	0	0	0	0	0	0	0	0	0	0	0	0	0	0	0	0	0	0	0	0	0	0	0	0	0	0	0	0	0	0	0	0	0	7.94052	0	0	0	0	0	0	0	0	0	0	0	0	0	0	0	0	0	0	0	0	0	0	0	0	0	0	0	
0	0	0	0	0	0	0	0	0	0	0	0	0	0	0	0	0	0	0	0	0	0	0	0	0	0	0	0	0	0	0	0	0	0	0	0	0	0	0	0	0	0	0	0	0	0	0	0	0	0	0	0	0	0	0	0	0	0	0	0	0	0	0	0	0	0	0	0	0	0	0	0	0	0	11.83327	0	0	0	0	0	0	0	0	0	0	0	0	0	0	0	0	0	0	0	0	0	0	0	0	0	
0	0	0	0	0	0	0	0	0	0	0	0	0	0	0	0	0	0	0	0	0	0	0	0	0	0	0	0	0	0	0	0	0	0	0	0	0	0	0	0	0	0	0	0	0	0	0	0	0	0	0	9.33419	0	0	0	10.92246	0	0	11.51827	0	0	0	0	0	0	0	0	0	0	0	0	0	0	0	0	0	0	0	0	0	0	0	0	0	0	0	0	0	0	0	0	0	0	0	0	0	0	0	0	0	
0	0	0	0	0	0	0	0	0	0	0	0	0	0	0	0	0	0	0	0	0	0	0	0	0	0	0	0	6.31868	0	0	0	0	0	0	0	0	0	0	0	0	0	0	0	0	0	0	0	0	0	0	0	0	0	0	0	0	0	0	0	0	0	0	0	0	0	0	7.75605	0	0	0	0	0	0	0	0	0	0	0	0	0	0	0	0	0	0	0	0	0	0	0	0	0	0	0	0	0	0	0	0	
0	0	0	0	0	0	0	0	0	0	0	0	0	0	0	0	0	0	0	0	0	0	0	0	0	0	0	0	0	0	0	0	0	0	0	0	0	0	0	0	0	0	0	0	0	0	0	0	0	0	0	0	0	0	0	8.00135	0	0	0	0	0	0	0	0	0	0	0	0	0	0	0	0	0	0	0	0	0	0	0	0	0	0	0	0	0	0	0	0	0	0	0	0	0	0	0	0	0	0	0	0	
0	0	0	0	0	0	0	0	0	0	0	0	0	0	0	0	0	0	0	0	0	0	0	0	0	0	0	0	0	0	0	0	0	0	0	0	0	0	0	0	0	0	0	0	0	0	0	0	0	0	0	0	0	0	0	0	0	0	0	0	0	0	0	0	0	0	0	10.5299	0	0	0	0	0	0	0	0	0	0	0	0	0	0	0	0	0	0	0	0	0	0	0	0	0	0	0	0	0	0	0	0	
0	0	0	0	0	0	0	0	0	0	0	0	0	0	0	0	0	0	0	0	0	0	0	0	0	0	0	0	0	0	0	0	0	0	0	0	0	0	0	0	0	0	0	0	0	0	0	0	0	0	0	0	5.75927	0	0	0	5.98646	0	0	0	0	0	0	0	0	0	0	0	0	0	0	6.82879	0	0	0	0	0	0	0	0	0	0	0	0	0	0	0	0	0	0	0	0	0	0	0	0	0	0	0	0	
0	0	0	0	0	0	0	0	0	0	0	0	0	0	0	0	0	0	0	0	0	0	0	0	0	0	0	0	0	0	0	0	0	0	0	0	0	0	0	0	0	0	0	0	0	0	0	0	10.02706	0	0	0	12.59387	0	0	0	0	0	0	0	0	0	0	0	0	0	0	6.71353	0	0	0	0	0	0	0	0	0	0	0	0	0	0	0	0	0	0	0	0	0	0	0	0	0	0	0	0	0	0	0	0	
0	0	0	0	0	0	0	0	0	0	0	0	0	0	0	0	0	0	0	0	0	0	0	0	0	0	0	0	0	0	14.26575	0	0	0	0	0	0	0	0	9.07411	0	0	0	0	0	0	0	8.91878	0	0	0	0	0	0	0	0	0	6.02841	17.53991	0	10.69653	0	0	11.93081	0	0	0	0	0	0	0	0	0	0	0	0	0	0	0	0	0	0	0	0	0	0	0	0	0	0	0	0	0	0	0	0	0	0	0	0	
0	0	0	0	0	0	0	0	0	0	0	0	0	0	0	0	0	0	0	0	0	0	0	0	0	0	0	0	0	0	0	0	0	0	0	0	0	0	0	0	0	0	0	0	0	0	0	0	0	0	0	0	0	0	6.74782	0	0	0	0	0	0	0	0	0	0	0	0	0	0	0	0	0	0	0	17.03044	0	0	0	0	0	0	0	0	0	0	0	0	0	0	0	0	0	0	0	0	0	0	0	0	0	
0	0	0	0	0	0	0	0	0	0	0	0	0	0	0	0	0	0	0	0	0	0	0	0	0	0	0	0	0	0	0	0	0	0	0	0	0	0	0	0	0	0	14.22453	0	0	0	0	0	0	0	0	0	9.34271	0	0	0	0	0	0	13.84726	0	0	0	0	0	0	0	0	0	0	0	4.80626	0	0	0	0	0	0	0	0	0	0	0	0	0	0	0	0	0	0	0	0	0	0	0	0	0	0	0	0	
0	0	0	0	0	0	0	0	0	0	0	0	0	0	0	0	0	0	0	0	0	0	0	0	0	0	0	0	0	0	0	0	0	0	0	0	0	0	0	0	0	0	0	6.82431	0	0	0	11.19098	0	0	0	8.22488	0	0	0	0	0	0	4.53208	0	0	0	0	0	0	0	0	0	0	0	0	0	0	0	0	0	0	0	0	0	0	0	0	0	0	0	0	0	0	0	0	0	0	0	0	0	0	0	0	0	
0	0	0	0	0	0	0	0	0	0	0	0	0	0	0	0	0	0	0	0	0	0	0	0	0	0	0	0	0	0	0	0	0	0	0	0	0	0	0	0	0	0	11.24808	0	0	0	0	0	0	0	0	0	0	0	0	8.59583	0	0	0	0	0	0	0	0	0	0	0.61259	0	4.63255	0	0	0	0	0	0	0	0	0	0	0	0	0	0	0	0	0	0	0	0	0	0	0	0	0	0	0	0	0	0	0	
0	0	0	0	0	0	0	0	0	0	0	0	0	0	0	0	0	0	0	0	0	0	0	0	0	0	0	0	0	0	0	0	0	0	0	0	0	0	0	0	12.55451	0	0	0	0	0	0	0	0	0	0	0	0	0	0	0	0	0	0	0	0	0	0	0	0	0	0	0	0	0	0	0	0	0	0	0	0	0	0	0	0	0	0	0	0	0	0	0	0	0	0	0	0	0	0	0	0	0	0	0	
0	0	0	0	0	0	0	0	0	0	0	0	0	0	0	0	0	0	0	0	0	0	0	0	0	0	0	0	0	0	0	0	0	0	0	0	0	0	0	0	0	0	0	0	0	0	0	6.1782	0	0	7.54441	0	0	0	0	0	0	0	0	0	0	0	0	0	0	0	0	0	0	0	0	0	0	0	0	0	8.33728	0	0	0	0	0	0	0	0	0	0	0	0	0	0	0	0	0	0	0	0	0	0	0	
0	0	0	0	0	0	0	0	0	0	0	0	0	0	0	0	0	0	0	0	0	0	0	0	0	0	0	0	0	0	0	0	0	0	0	0	0	0	0	0	0	0	0	0	0	0	0	6.14084	0	0	9.05271	11.59934	0	0	0	0	7.55274	0	9.11253	0	10.87021	0	0	0	0	11.44434	0	0	0	0	0	0	0	0	0	0	0	0	0	0	0	0	0	0	0	0	0	0	0	0	0	0	0	0	0	0	0	0	0	0	
0	0	0	0	0	0	0	0	0	0	0	0	0	0	0	0	0	0	0	0	0	0	0	0	0	0	0	0	0	0	0	0	0	0	0	0	0	0	0	0	0	9.3058	0	0	0	0	0	0	0	0	0	0	0	0	0	0	0	0	0	0	0	0	0	0	0	0	0	0	0.84278	0	0	0	0	0	0	0	0	0	0	0	0	0	0	0	0	0	0	0	0	0	0	0	0	0	0	0	0	0	0	0	
0	0	0	0	0	0	0	0	0	0	0	0	0	0	0	0	0	0	0	0	0	0	0	0	0	0	0	0	0	0	0	5.96263	2.76956	0	0	0	0	0	0	0	0	0	0	0	0	0	0	8.38372	0	0	0	0	0	0	0	0	0	0	0	0	0	0	0	7.44717	0	0	0	7.87376	0	0	0	0	0	0	0	0	0	0	0	0	0	0	0	0	0	0	0	0	0	0	0	0	0	0	0	0	0	0	0	0	
0	0	0	0	0	0	0	0	0	0	0	0	0	0	0	0	0	0	0	0	0	0	0	0	0	0	0	0	0	0	0	10.14364	0	0	1.37128	0	0	0	0	0	0	0	0	0	0	0	0	0	0	0	0	0	0	0	0	0	0	0	0	0	0	0	0	0	0	0	0	0	0	0	0	0	0	0	0	0	0	0	0	0	0	0	0	0	0	0	0	0	0	0	0	0	0	0	0	0	0	0	0	0	
0	0	0	0	0	0	0	0	0	0	0	0	0	0	0	0	0	0	0	0	0	0	0	0	0	0	0	0	0	0	0	0	0	0	0	0	0	0	0	0	0	0	0	10.00085	0	0	0	0	0	11.93793	0	0	0	0	9.58405	0	0	0	0	0	0	0	0	0	0	0	0	0	0	0	0	0	0	0	0	0	0	0	0	1.2	0	0	0	0	0	0	0	0	0	0	0	0	0	0	0	0	0	0	0	0	
0	0	0	0	0	0	0	0	0	0	0	0	0	0	0	0	0	0	0	0	0	0	0	0	0	0	0	0	0	0	0	0	11.74353	0	0	0	0	0	0	0	0	0	0	0	0	0	0	5.03297	0	0	5.44454	0	0	0	0	0	0	0	8.6193	0	0	0	0	0	0	0	0	0	0	0	10.78172	0	0	0	0	0	0	0	0	0	0	0	0	0	0	7.18112	0	0	0	0	0	0	0	0	0	0	0	0	0	0	
0	0	0	0	0	0	0	0	0	0	0	0	0	0	0	0	0	0	0	0	0	0	0	0	0	0	0	0	0	0	0	0	0	0	0	0	0	0	0	9.67275	0	0	0	0	14.14122	0	8.72228	0	0	0	0	0	0	0	0	0	0	0	0	0	0	0	0	0	0	0	0	0	0	0.84278	0	0	0	0	0	0	0	0	0	0	0	0	0	0	0	0	0	0	0	0	0	0	0	0	0	0	0	0	0	0	
0	0	0	0	0	0	0	0	0	0	0	0	0	0	0	0	0	0	0	0	0	0	0	0	0	0	0	0	0	0	0	0	0	0	0	8.30265	0	0	0	0	0	0	0	0	0	0	0	8.3537	0	0	0	0	0	6.06704	0	0	0	0	0	0	10.71336	0	0	0	0	0	0	0	0	0	0	0	0	0	0	0	0	0	0	0	0	0	0	0	0	0	0	0	0	0	0	0	0	0	2.23358	0	0	0	0	0	
0	0	0	0	0	0	0	0	0	0	0	0	0	0	0	0	0	0	0	0	0	0	0	0	0	0	0	0	0	0	0	0	0	0	0	0	0	0	0	0	0	13.74965	0	0	0	0	0	0	0	0	0	0	4.88586	0	0	0	0	0	0	0	0	0	0	0	0	0	0	2.52632	0	0	0	6.44669	0	0	0	0	0	0	0	0	0	0	0	0	0	0	0	0	0	0	0	0	0	0	0	0	0	0	0	0	
0	0	0	0	0	0	0	0	0	0	0	0	0	0	0	0	0	0	0	0	0	0	0	0	0	0	0	0	0	0	0	0	0	0	0	0	0	0	0	0	9.52364	0	0	0	10.90066	0	0	6.80857	0	0	2.76956	11.53225	0	0	0	10.23987	0	0	5.78717	0	8.84933	0	0	0	0	0	0	0	5.93794	0	0	0	0	0	0	0	0	0	0	0	0	0	0	0	0	0	0	0	0	0	0	0	0	0	0	1.75724	0	0	0	0	
0	0	0	0	0	0	0	0	0	0	0	0	0	0	0	0	0	0	0	0	0	0	0	0	0	0	0	0	0	0	0	0	0	0	0	0	0	0	0	0	0	0	0	0	14.22367	0	0	0	0	2.45851	0	0	7.73019	0	0	0	0	7.27554	0	0	0	3.90866	0	0	0	0	0	0	0	0	0	0	0	0	0	0	0	0	0	0	0	0	0	0	0	0	0	0	0	0	0	0	0	0	0	0	0	0	0	0	
0	0	0	0	0	0	0	0	0	0	0	0	0	0	0	0	0	0	0	0	0	0	0	0	0	0	0	0	0	0	0	0	0	0	0	0	0	0	0	0	0	0	0	11.10314	0	0	12.26044	0	0	0	9.50485	0	0	0	0	0	0	0	0	8.65192	0	0	0	0	10.47063	0	0	4.5535	0	0	0	0	10.5982	0	0	0	2.59108	0	0	0	0	0	0	0	0	0	0	0	0	0	0	0	0	0	0	0	0	0	0	0	
0	0	0	0	0	0	0	0	0	0	0	0	0	0	0	0	0	0	0	0	0	0	0	0	0	0	0	0	0	0	0	0	0	0	0	0	0	0	0	0	0	0	0	0	5.24242	4.12092	0	11.0373	0	0	0	16.01963	9.70465	0	0	7.23559	0	0	0	0	0	0	0	0	0	0	0	6.71353	0	0	0	0	0	12.14048	0	0	0	0	0	0	0	0	0	0	0	0	0	0	0	0	0	0	0	0	0	0	0	0	0	0	
0	0	0	0	0	0	0	0	0	0	0	0	0	0	0	0	0	0	0	0	0	0	0	0	0	0	0	0	0	0	0	0	0	0	0	0	0	14.11165	0	0	0	0	0	0	0	0	0	0	8.1738	0	0	5.70323	0	0	2.65306	0	10.89827	0	0	1.75724	0	8.77984	0	0	0	0	0	0	0	0	0	0	0	0	6.02717	2.82444	0	0	0	0	0	0	0	0	0	0	0	0	0	0	0	0	0	0	0	0	0	0	0	0	
0	0	0	0	0	0	0	0	0	0	0	0	0	0	0	0	0	0	0	0	0	0	0	0	0	0	0	0	0	0	0	0	0	0	0	0	0	0	0	0	0	0	13.04064	0	0	11.73392	0	12.23312	0	0	9.51376	0	11.72087	0	10.66365	0	0	0	0	0	0	0	0	9.65013	0	0	0	6.88798	0	0	7.06655	0	0	0	0	0	0	0	3.15945	0	0	0	0	0	0	0	0	0	0	0	0	0	0	0	0	0	0	0	0	0	
0	0	0	0	0	0	0	0	0	0	0	0	0	0	0	0	0	0	0	0	0	0	0	0	0	0	0	0	0	0	0	0	0	0	0	0	0	0	0	0	0	0	0	0	0	0	0	7.93741	9.40257	0	0	8.70409	0	0	0	0	0	0	0	0	0	0	0	0	0.61259	0	0	0	0	0	0	0	0	0	0	0	0	0	0	0	0	0	0	0	0	0	0	0	0	0	8.24973	0	0	0	0	0	0	0	0	0	
0	0	0	0	0	0	0	0	0	0	0	0	0	0	0	0	0	0	0	0	0	0	0	0	0	0	0	0	0	0	0	0	0	0	0	0	0	0	0	0	0	0	0	0	0	0	0	10.14465	0	0	0	0	7.47746	1.6397	0	0	0	0	11.28345	12.6365	0	0	0	0	0	0	0	0	0	0	0	0	0	0	0	0	0	0	0	0	0	0	0	0	0	0	0	0	0	0	0	0	0	0	0	0	0	0	6.06877	0	
0	0	0	0	0	0	0	0	0	0	0	0	0	0	0	0	0	0	0	0	0	0	0	0	0	0	0	0	0	0	0	0	0	0	0	0	0	0	0	0	0	0	9.52312	0	0	0	0	0	0	9.16925	0	7.45806	0	6.83214	0	0	0	0	0	0	0	0	0	0	11.41473	0	0	0	0	0	0	0	0	0	0	0	11.4416	0	0	0	0	0	0	0	0	0	0	0	0	0	0	0	0	0	0	0	0	0	0	0	
0	0	0	0	0	0	0	0	0	0	0	0	11.88534	0	0	0	0	0	0	0	0	0	0	0	0	0	0	0	0	0	10.14802	0	0	0	0	0	0	0	0	0	0	0	10.29844	0	0	0	0	13.78957	0	0	11.57815	0	0	3.8166	4.41727	0	9.65321	0	0	0	0	0	0	9.84569	8.04391	9.89782	0	0	0	0	0	0	0	0	0	0	0	0	0	0	0	0	0	0	0	0	0	0	0	0	0	0	0	0	0	0	0	0	0	0	
0	0	0	0	0	0	0	0	0	0	0	0	0	0	0	0	0	0	0	0	0	0	0	0	0	0	0	0	0	0	0	0	0	0	0	0	0	0	0	0	0	0	0	0	0	11.305	9.35208	0	3.39532	12.73539	3.39532	8.0469	6.63089	0	9.6468	6.23106	0	0	0	0	13.14467	0	0	0	0	0	0	0	0	6.50548	0	0	0	0	0	0	4.66311	0	0	0	0	0	0	0	0	0	0	0	0	0	0	0	0	0	0	0	0	0	0	0	
0	0	0	0	0	0	0	0	0	0	0	0	0	0	0	7.94362	0	0	0	0	0	0	0	0	0	0	0	0	0	0	0	0	0	0	0	6.12452	10.73547	0	0	0	0	0	0	2.76956	0	9.85479	7.82178	7.87863	3.93385	7.51341	0	0	3.50022	0	9.3309	0	0	0	0	6.15161	0	9.93572	0	6.85868	0	9.60576	0	0	11.27943	0	7.70481	0	0	0	0	9.72713	0	0.61259	0	3.59832	0	0	0	0	0	0	0	0	0	0	8.13496	0	0	0	0	0	0	0	0	0	
0	0	0	0	0	0	0	0	0	0	0	0	0	0	0	0	0	0	0	0	0	0	0	0	0	0	12.00909	0	0	0	0	2.65306	0	0	5.62653	0	0	0	0	0	10.95844	0	0	0	0	0	0	0	9.925	6.31868	2.76956	10.05602	8.77549	0	10.89667	0	9.10493	0	4.42101	0	3.83035	8.89575	0	0	0	6.23504	0	0	0	0	0	0	0	7.49449	0	0	0	0	0	0	0	0	0	0	0	0	0	0	0	0	0	0	0	0	0	0	5.22885	0	0	0	
0	0	0	0	0	0	0	0	0	0	0	0	0	0	0	0	0	0	0	10.20732	0	0	0	0	0	0	0	0	0	0	0	0	0	0	0	0	0	0	0	0	0	0	0	13.21043	0	0	11.60768	10.97212	12.01592	0	7.49449	7.76118	10.35448	0	0	0	12.73259	0	0	6.88826	7.51707	0	0	13.3565	0	7.34291	0	8.09783	0	0	0	0	0	0	0	0	0	0	0	0	0	0	0	0	0	0	0	0	0	0	7.01845	0	0	0	0	0	0	0	0	0	
0	0	0	0	0	0	0	0	0	0	0	0	7.88994	0	0	0	0	0	0	9.72418	0	0	0	0	0	0	0	0	0	0	0	0	0	6.99483	0	0	0	0	0	0	0	13.17663	12.81819	0	8.91126	0	0	5.83964	8.97901	0	2.23358	7.49506	6.96805	4.67782	9.40788	7.14143	5.37228	5.50119	8.74647	0	0	0	0	0	1.6397	0	0	0	0	0	0	0	0	0	0	0	0	0	11.761	1.04124	0	0	0	0	0	0	0	0	0	0	0	0	0	0	0	0	0	0	0	0	
0	0	0	0	0	0	0	0	0	0	0	0	0	0	0	0	0	0	0	0	0	0	0	13.25714	0	0	0	0	0	0	0	0	0	0	0	0	0	0	12.25678	0	0	0	7.42803	8.48942	0	0	10.75791	4.95406	0	8.53707	7.99688	7.37673	0	0	0	0	0	5.37818	14.12321	9.56352	9.05415	0	0	0	8.95768	0	0	0	0	0	0	0	0	0	0	0	0	0	0	0	0	0	0	0	0	0	0	0	0	0	0	0	0	0	0	0	0	0	0	0	
0	0	9.22521	0	0	0	0	0	0	0	0	0	0	0	0	0	0	0	0	0	0	0	0	0	0	0	0	0	0	0	0	0	0	0	0	0	0	0	0	0	10.38137	0	0	0	0	8.4777	0	10.53596	9.19036	11.41048	0	8.53643	9.10493	9.02122	0.33857	9.68717	0	0	7.00549	5.11233	6.93004	0	7.16289	10.07702	0	0	0	0	0	0	0	7.98971	0	0	0	0	4.87289	0	0	0	0	0	0	0	0	0	0	0	0	0	0	0	0	0	0	0	0	0	0	0	
0	0	0	0	0	0	0	0	0	0	0	9.03464	0	0	0	0	0	0	0	0	0	0	0	0	0	0	0	0	0	0	0	0	9.35266	0	0	0	0	9.31134	12.95429	4.12092	5.53896	9.50011	0	0	11.93488	8.07149	10.57554	5.19478	10.83183	0	11.07917	0	4.44931	4.91829	0	10.69817	4.72628	9.48227	0	0	0	0	0	0	0	0	0	6.28483	0	0	0	0	12.12681	0	0	1.04124	0	0	12.20616	0	0	0	0	0	0	0	0	0	0	0	0	0	0	0	0	7.5954	0	0	0	0	
0	0	0	0	0	0	0	0	0	0	0	0	0	0	0	0	0	0	0	0	0	0	0	0	0	0	0	0	0	0	0	0	0	0	7.17351	7.61053	0	0	0	7.11139	0	11.76791	0	10.21919	13.50963	9.76909	6.8355	8.13186	5.92889	11.57266	10.64115	9.78211	1.59493	9.52185	0	0	6.46662	0	0	6.64692	6.78447	0	3.20154	0	0	0	0	0	0	0	0	0	0	0	0	0	0	0	6.77405	0	0	0	0	0	0	0	0	10.95242	0	0	0	0	0	0	0	0	0	0	0	0	
0	0	0	0	0	0	0	0	9.54474	0	9.26421	0	0	0	0	0	0	0	0	0	0	0	0	0	0	0	11.7309	0	0	0	0	0	0	0	0	1.37128	0	13.55052	12.00816	0	7.87336	10.19663	0	4.30592	6.8119	11.78425	4.85813	7.49257	8.45429	9.56737	0	8.01609	5.63423	0	0	0	9.73083	2.97763	0	0	0	0	4.46987	0	0	0	10.74363	0	0	0	0	0	0	0	0	0	0	0	0	0	0	0	0	0	0	0	0	0	0	0	0	0	0	0.61259	0	0	0	0	0	0	
0	0	0	0	0	0	0	0	0	0	0	10.83513	0	0	12.18599	0	0	0	0	0	0	0	0	0	0	0	0	0	0	0	0	11.09862	0	0	8.87638	0	10.81599	0	0	10.21369	2.23358	0	10.64838	9.55749	10.37104	7.55385	10.63265	8.59504	5.15564	7.86192	6.57351	10.09447	9.69355	9.46081	0	6.61185	10.13935	0	0	10.78605	7.66776	5.44994	0	10.96068	0	0	0	0	0	0	0	0	0	0.61259	0	7.04174	0	0	0	0	0	0	0	6.06307	0	0	0	0	0	0	0	0	0	0	0	0	0	0	0	0	
0	0	0	0	0	0	0	0	0	0	0	0	12.32374	0	0	0	0	0	0	0	0	0	0	0	0	0	0	0	0	9.01633	0	0	9.19493	0	11.33618	0	10.14499	0	11.76748	10.04739	10.6509	10.02852	9.29225	8.45559	8.13894	4.55109	9.37654	10.67103	7.35694	9.53679	6.18776	10.7031	9.96885	8.22691	6.45599	5.5898	9.53454	0	0	7.93273	9.13578	0	0	0	0	0	0	0	0	0	0	0	0	9.66919	0	0	0	0	0	0	10.95684	0	0	0	0	0	0	0	0	0	0	0	0	0	0	0	0	0	0	0	
0	0	0	0	0	0	0	11.97594	0	0	0	9.98362	0	0	0	0	0	0	0	0	0	0	0	0	0	0	0	8.14577	0	0	6.6617	0	12.53529	0	0	0	6.97851	7.9343	11.41522	10.32661	9.57654	5.38042	0	11.03376	9.74899	8.66658	8.78269	9.32747	10.5577	10.13022	4.6931	9.28887	9.96616	9.49854	7.15241	5.44218	10.41721	5.75681	9.34148	9.25612	6.85703	11.73348	8.84436	0	9.13578	0	0	0	0	0	0	0	0	10.93108	0	0	0	0	0	0	0	0	0	0	0	0	0	0	0	0	0	0	0	0	0	0	0	0	0	0	
12.70239	0	0	0	0	0	0	0	6.22721	0	0	0	7.71937	0	0	0	0	0	0	0	0	0	0	0	11.89218	0	0	7.10031	0	0	0	0	11.25887	0	10.38761	8.29781	0	6.89761	9.96941	7.91975	12.56557	9.05829	5.00157	9.53999	11.60132	10.26002	7.4005	9.63188	5.69148	9.85587	10.34402	5.31451	6.47788	5.02144	11.82438	9.06167	10.68652	6.45032	0	11.15848	3.39532	0.84278	0	7.14212	0	6.79482	0	0	0	0	1.04124	0	0	0	0	0	0	0	0	0	0	0	4.11294	0	0	8.62987	0	0	0	0	0	0	0	0	0	0	0	0	0	0	
0	0	0	11.93208	0	0	0	0	0	0	0	0	0	0	0	0	0	0	9.67974	0	0	13.13287	0	6.728	12.05354	9.23347	0	0	9.70007	11.54967	12.09925	0	12.40767	0	0	0	0	9.25585	10.71268	8.03267	8.5749	7.43584	8.45614	9.35974	8.75395	10.03856	8.29494	8.30812	9.04899	5.73712	9.48226	7.9591	10.4791	6.85191	7.87101	9.62342	0	4.71887	4.60115	8.4953	0	4.20609	10.07135	0	0	0	0	0	0	4.16413	0	0	6.19913	0	0.61259	7.53002	11.28495	3.77567	0	0.33857	0	0	0	0	0	0	0	0	0	0	0	0	0	0	0	0	0	0	0	0	
9.44862	0	0	0	10.87915	8.57071	0	0	0	0	0	0	0	0	0	0	0	8.05399	0	0	0	0	0	0	8.61542	0	9.1535	8.7963	0	12.56425	9.47545	0	0	0	10.72829	7.57274	6.11113	10.30192	11.36728	7.55749	8.2052	9.70089	9.01344	8.80496	9.22312	9.66525	9.98637	7.89147	8.54373	10.77715	4.43174	10.19247	9.00968	6.62872	8.88344	9.53874	9.02884	5.18855	8.145	9.37854	7.76218	0	7.85261	10.04089	12.10099	10.30948	9.40505	0	0	0	0	0	0	0	5.91283	0	0	0	0	0	0	0	0	0	0	0	0	0	0	0	0	0	0	0	0	1.75724	0	0	0	0	
0	0	0	0	0	0	0	0	5.6571	0	8.28807	0	0	0	0	0	6.58428	10.47466	9.68856	6.63123	10.46173	5.78143	0	0	0	13.46661	0	8.61347	6.2859	10.72017	0	10.1644	11.7534	8.52994	8.63452	10.17494	6.42067	7.00621	9.58387	7.6345	8.60146	7.65887	7.29725	7.85796	10.02063	8.05032	7.50458	8.44248	8.23995	7.27187	7.95722	10.76767	7.24703	8.84776	6.94845	5.65694	5.87189	8.02499	0	10.52473	4.7426	7.57674	10.2537	0	7.36211	10.8322	6.14084	0	0	0	0	7.58472	0	0	5.9565	0	0	0	9.21047	0	0	0	0	0	0	6.48127	0	0	0	0	0	0	0	0	0	5.16646	0	0	0	0	
0	9.83236	0	0	2.06143	7.67524	0	0	0	0	0	0	0	0	6.60795	8.68011	0	10.37703	9.2391	0	4.3811	0	7.71748	0	0	0	0	0	9.14693	10.56735	6.66535	0	9.71422	5.20402	9.66054	8.83019	9.38709	9.75458	8.62622	9.32773	8.87883	7.78086	7.73287	8.33041	8.47003	7.66824	8.95551	9.48924	7.25731	7.84067	7.12219	7.81002	8.28804	6.85456	8.69983	7.44133	5.0901	9.51018	7.80844	6.24129	0	8.76843	0	11.49228	9.71668	1.6397	9.5179	6.43351	0	0	0	0	0	0	0	2.92835	0	0	0	0	9.00917	0	0	0	0	0	0	0	0	0	0	0	0	0	0	0	0	0	0	0	
0	13.05837	8.3734	0	10.32206	0	0	0	0	0	8.72769	0	0	0	9.99526	7.63741	0	6.78793	0	0	8.55583	6.53986	9.85434	9.14224	7.07789	9.90739	0	5.20972	6.82542	8.42006	11.38036	10.37272	10.93391	10.97784	10.10822	5.26869	9.10357	7.88283	7.23216	7.84335	7.51964	7.63122	8.17739	7.23465	6.97473	6.85669	8.57365	8.31703	9.25767	8.39581	7.28297	8.40642	8.75074	7.74758	7.17307	7.23968	8.45133	6.09711	8.59976	5.8937	0	7.95696	9.54626	9.80037	4.6532	0.61259	1.04124	0	0	0.33857	0	7.95734	0	3.83035	10.91931	0	7.86724	0	0.33857	0	0	0	0	4.81527	0	1.15626	0	0	0	0	0	0	0	0	0	0	0	0	0	0	
0	0	0	0	0	0	0	0	7.66776	0	8.87881	12.34282	0	0	0	0	0	0	10.16706	0	7.8508	0	0	0	0	9.57907	10.07022	0	2.52632	9.34094	7.0844	7.9343	7.80717	9.22863	9.36369	8.10141	10.05233	10.04453	8.39814	9.73978	6.69174	9.51303	8.49865	7.5231	7.90277	8.24045	6.92831	8.37593	7.84136	8.95423	8.04601	7.1476	6.86521	8.56098	6.91008	8.5436	8.10149	8.26135	11.41417	7.62087	8.86459	4.5493	8.74831	5.81775	0	10.08781	0	8.04696	0	0	0	0	0	0	0	0	0	0	1.21568	0	0	9.35383	0	0	0	0	0	8.08378	3.598	7.5647	0	0	0	0	0	0	0	0	0	0	
0	0	0	0	0	0	0	0	13.05891	9.3058	6.12069	2.52632	0	13.01085	0	0	0	8.77723	11.19812	6.59258	0	0	1.75724	9.96797	9.32378	6.22996	9.4205	9.4338	6.81883	9.66653	0	8.95082	5.2201	4.87907	5.01228	8.68511	9.12207	6.5002	7.84608	5.96117	6.30468	7.67724	8.52271	8.05846	6.4269	8.43783	8.44994	7.87566	7.04169	9.16209	8.33202	7.72853	6.83128	7.06347	8.10761	8.64543	7.08038	10.38611	7.73557	6.47428	5.6725	8.05299	7.84136	6.02841	0.87862	8.61309	9.48209	0	0	0	0	0	0	8.19087	7.3048	0	0	0	11.54941	0	0	0	0	0	0	0	0	0	6.96024	0	1.37128	0	0	0	0	0	0	0	0	0	
0	0	10.42944	10.78104	0	7.72118	0	4.14269	8.49155	0	0	0	0	0	0	0	0	6.84883	0	0	0	0	0	11.05427	0	9.37352	0	11.24644	6.9633	8.21463	0	10.27047	0	10.31008	5.5773	9.10023	8.35704	6.78307	1.29289	8.4332	8.49021	8.74663	8.40638	8.57204	7.62589	6.77234	7.02102	8.46268	7.7965	7.97383	8.52028	7.38538	8.03808	7.92838	7.83914	5.81809	7.51695	7.99681	8.54906	7.78635	9.7214	10.5477	2.74923	7.92176	4.74272	0	0	5.16695	2.76956	5.00994	6.64885	0	8.58394	0	2.35663	0	6.025	0	0	0	0	0	4.35843	0	0	0	0	0	0	0	0	0	0	0	0	0	0	0	0	0	
0	0	0	0	0	0	0	0	0	0	10.55574	10.41358	7.87075	0	15.51626	0	0	9.35208	0	14.91772	0	0	0	0	0	0	5.98087	4.97348	6.31135	0	7.89924	7.69141	6.12749	8.01899	6.77417	9.03729	9.01146	6.89628	8.93214	7.58373	9.53915	6.04364	6.09726	7.33885	6.73422	7.66922	4.84528	6.68876	7.74688	6.32394	7.23651	8.6983	8.4066	7.64035	6.67745	6.69538	5.87096	7.9501	8.73981	7.17856	7.74562	6.36701	8.5447	7.83156	0	5.00489	5.05609	3.3997	0	0	6.68414	0	5.19634	3.09601	0	12.22923	0	0	0	0	0	0	0	0	0	0	0	0	7.21443	0	0	0	0	0	0	0	0	0	0	0	
0	0	0	0	0	0.33857	0	0	0	10.38476	0	0	8.52404	0	0	0	0	0	0	0	0	0	0	8.65857	0	0	8.70625	0	0	4.33761	6.1586	0	0	7.79285	8.21676	7.10031	4.96129	1.04124	0	8.9858	4.42356	11.01921	5.36377	5.75043	9.29918	7.49113	6.93144	7.92279	9.77596	5.63003	6.69121	9.18077	6.50584	6.52536	8.28564	6.86999	7.78013	7.14371	4.78539	6.92958	6.74054	6.03265	4.17287	9.20514	7.65675	6.59818	9.00226	8.37225	6.10923	0	0	11.87359	0	4.83328	0	1.04124	9.53808	0	0	0	0	0	0	0	11.4285	0	0	3.83035	0	0	0	7.94517	0	0	0	0	7.10309	0	0	0	
0	0	0	0	0	0	0	0	0	0	0	11.50835	0	0	0	0	0	7.89971	11.25075	0	0	0	0	1.37128	0	0	0	8.50736	0	0	0	0	8.27053	8.53763	6.66117	0	5.44613	8.68791	4.18957	4.9141	6.9041	8.71883	7.41931	3.02581	0	10.23616	5.98771	6.04775	7.22394	7.69088	7.59057	11.79006	8.3899	5.70658	6.75891	7.14676	6.58034	7.03606	7.66023	9.12853	7.06185	4.19321	0	6.71942	8.49269	0	5.00099	6.98455	10.84449	8.54041	0	0	0	1.04124	0	10.19043	0	8.95306	0	0	0	9.64941	0	0	0	0	0	0	0	0	0	0	0	0	0	0	0	0	0	0	
0	0	0	0	8.31758	0	0	0	0	0	10.26241	0	0.61259	0	0	12.03559	0	0	6.38411	0	5.55961	4.88586	0	0	0	8.86823	6.49826	0	0	4.43926	0	9.07116	11.95446	0	0	7.61033	10.10743	13.55797	10.79574	12.14194	7.22639	7.76919	6.26968	9.63485	5.43671	8.63136	13.76374	5.0812	8.22377	8.15177	9.34081	7.57472	9.00681	9.15633	5.59448	7.19293	7.52489	8.5176	5.12873	7.68252	4.675	8.52716	5.62644	6.37706	8.44943	0	6.29409	9.69324	0	0.33857	9.1701	8.43864	6.23295	10.50293	11.35586	0	5.91597	0	0	0	5.86125	0	0	6.27007	0	2.23358	0	0	0	9.29369	0	0	0	0	0	0	0	0	0	0	
0	0	0	0	0	0	0	0	0	0	0	7.22543	4.90138	0	0	10.64209	0	0	0	1.51172	3.88302	0	1.6397	0	0	0	0	0	0	4.38149	2.45851	7.45775	0	0	0	9.61163	0	0	0	6.08572	3.73972	5.78385	4.9143	6.14559	8.26862	3.4159	6.52267	7.96213	6.73409	3.14024	0	0	8.23812	10.24348	1.86592	6.88909	8.48192	6.25232	6.43214	6.51255	8.38212	6.89322	8.51259	6.8441	5.60687	7.83194	8.01764	8.26678	0	8.75158	0	5.99275	8.16157	11.07387	11.41095	0	6.56829	0	6.62738	0	0	0	0	0	0	0	0	0	0	0	0	0	0	0	0	0	0	0	0	0	
0	0	0	7.64887	0	0	0	0	0	0	0	0	0	0	0	0	1.04124	0	0	0	0	0	8.39849	0	0	0	8.24401	8.35112	8.10061	8.13767	0	0	3.68957	0	0	10.9801	0	3.93385	4.09882	2.21751	5.70903	0	0	0	3.42367	10.96374	8.76489	7.95135	5.94186	4.32535	5.57962	6.97742	8.4425	8.38959	8.20072	7.43483	7.31408	6.27163	7.60641	7.12148	8.59622	7.2088	7.9935	8.52897	7.86433	9.12854	7.02906	11.16144	9.32547	8.48996	7.4708	8.19259	4.70809	1.09407	8.85008	0	11.69739	0	5.18137	12.88373	0.84278	5.24905	3.9586	0	0	0	0	0	0	0	0	0	0	0	0	0	0	4.2865	0	11.12141	
0	0	6.32099	0	0	0	0	0	0	0	0	0	0	0	0	0	0	0	0	0	8.50316	0	0	0	0	9.99712	0	7.9866	0	8.69123	0	10.44294	7.20747	0	6.79482	0	0	5.29876	6.86	0	7.34291	0	0	9.71106	11.20638	10.37042	3.15366	3.41234	9.36197	6.60326	9.50107	8.87475	6.01064	6.45927	6.86045	9.67327	0	5.76721	8.25788	6.55427	2.83468	5.88713	5.77575	2.36006	5.52127	7.46707	4.64	0	8.66585	5.11629	4.02036	8.63617	6.3268	8.51729	0.33857	0	6.19528	0	4.15359	5.06752	0	6.42298	0	0	0	0	0	0	4.13988	0	0	0	0	0	0	0	2.71249	0	0	0	
0	0	0	0	2.92835	0	0	0	0	0	0	0	8.61054	0	0	0	0	0	0	0	7.81058	6.03425	0	0	0	0	0	5.98985	0	0	0	0.33857	11.16793	0	0	0	9.25612	0	4.63255	8.78677	0	0	3.69572	0	10.4495	0	6.79327	10.34336	4.3811	8.07987	8.59681	5.05786	8.79967	5.44061	7.32904	1.55805	0	5.42033	5.62473	1.81474	8.19561	6.42805	8.62507	7.73772	5.85657	8.45644	6.37842	5.44802	7.7527	6.44441	7.92955	0	0	9.32797	0	8.86571	4.98798	6.2679	0	0	0	0	0	0	6.26512	2.97763	0	0	0	0	0	0	0	0	0	0	8.15518	0	0	0	
0	0	0	0	0	0	0	0	3.9586	0	0	0	6.40227	0	0	0	9.01559	4.00687	1.04124	0	0	0	0	0	3.30925	0	0	0	0	0	0	0	0	0	9.55796	9.07906	0	10.3879	0	0	0	0	8.25598	11.48524	0	11.66602	9.33918	6.728	0	5.5606	0	9.85931	8.61054	8.96221	0	5.84142	0	6.80732	0	5.74535	9.31358	5.20835	6.35656	7.6278	6.90613	7.69004	6.47133	5.50789	9.48209	7.22724	8.634	3.96762	5.61705	7.62394	7.82762	5.51553	9.9005	7.21005	0	0	6.69523	7.40276	9.33428	0	8.4288	0	6.81529	7.39598	6.37034	0	1.80277	0	0	9.22717	0	0	0	0	0	0	
0	0	0	0	0	0	0	0	0	0	0	0	0	0	0	0	0	0	0	0	6.28299	0	0	0	0	0	0	0	0	4.69281	0	0	0	0	4.79256	0	0	0	0	0	9.22329	0	8.3734	7.98035	5.56263	0	0	4.32508	2.87733	6.52662	10.88481	0	0	6.51021	3.64605	7.4933	0	0	8.82954	8.72524	12.5609	5.35655	2.43128	8.15132	8.40122	8.08279	5.66586	4.435	7.19075	6.07823	10.46126	7.30163	4.4301	5.64131	4.3866	0	3.42152	0	7.36835	0	0	0	7.18141	0	0	0	8.65068	0	0	0	0	0	0	0	0	0	0	0	0	0	
0	0	0	0	8.65949	0	0	0	0	0	0	3.39532	0	5.80775	0	0	0	0	0	0	0	0	0	0	0	0	0	0	0	0	0	0	0	0	0	0	0	0	0	7.02914	0	0	6.79482	0	7.7588	0	1.46371	1.04124	0	0	1.21568	0	0	0	9.17922	0	0	2.45851	0	8.82008	8.72738	0.33857	8.24862	6.45001	7.92578	0	1.24432	4.96444	9.25059	6.58601	9.02971	9.02265	8.48475	5.5554	0	0	6.21657	3.1161	7.13482	5.85467	4.63255	7.55052	0.33857	0	1.21568	0	4.53716	10.39054	0	4.64086	0	0	0	0	9.29369	0	0	0	0	0	
0	0	0	0	0	0	0	0	0	0	0	0	0	0	0	0	0	7.86042	0	0	0	8.11031	9.26607	0	0	0	9.36023	0	0	0	0	0	0	6.86498	7.43247	0	0	0	0	0	0	0	0	0	0	0	0	0	0	0	13.70309	0	0	0	0	7.47071	10.91581	8.76048	7.90116	3.39532	0	7.77465	6.07142	0	8.52802	6.36534	7.75677	7.71629	4.7947	4.56884	6.13969	5.22216	6.39165	5.55003	9.30386	8.11706	5.12696	0	9.55644	7.26163	0	0	7.5316	0	7.04648	9.17275	7.622	1.75724	0	9.68248	0	0	0	0	0	0	8.98765	0	0	0	
0	0	0	0	0	0	0	0	6.69683	0	0	0	0	0	0	0	0	0	0	0	0	0	0	0	0	0	0	1.37128	0	0	0	0	0	0	0	0	0	0	0	8.90189	0	0	0	0	0	6.32821	0	6.89119	7.30962	0	0	9.38669	0	0	0	0	0	0	8.89431	0	10.88026	0	8.03865	9.45547	7.97014	3.53213	6.71612	0	0	6.52838	8.43023	5.70909	8.41511	7.82893	8.08214	11.21391	2.56464	0	0	6.68367	7.75784	7.75083	10.23037	8.30149	7.89243	0	0	0	0	0	7.12512	0	11.05499	0	0	0	0	0	0	0	
0	0	0	0	0	0	0	0	0	0	0	0	0	9.81001	0	0	0	0	0	2.06143	0	0	0	0	0	2.77658	0	0	0	0	0	0	0	0	7.25571	0	0	7.16199	0	0	8.80138	0	5.46314	10.19597	0.84278	0	0	0	0	0	4.80626	7.43178	0	0	4.00687	0	0	0	0	8.90136	5.34143	0	5.33251	7.90116	6.6001	5.69513	10.65803	3.50022	0	5.47959	6.9222	0	5.38345	6.54017	8.53746	7.40332	4.47847	5.16427	6.88146	4.69203	0	5.73192	7.80205	4.82299	2.82476	0	0	5.22885	3.93112	0	7.86069	0	0	8.29173	0	0	0	0	4.54622	0	
0	0	0	0	0	0	0	11.05839	0	0	0	0	0	0	0	0	0	0	0	0	0	0	10.30767	0	0	0	0	0	9.62956	0	0	0	0	0	9.92571	0	0	1.6397	0	0	0	1.67688	0	0	0	0	9.34973	0	0	0	0	0	9.86914	0	0	0	4.25127	3.02528	0	5.30603	6.22201	0	0	6.18624	0	7.21262	0	7.8443	6.91801	10.2565	9.96897	7.21334	7.5362	5.632	8.58195	6.64012	5.94121	3.88302	6.37924	6.7252	6.47839	7.15064	7.50243	0	5.88783	0	3.20154	5.18598	0	0	9.2169	10.32435	0	0	0	0	8.56492	0	0	0	
0	0	0	0	0	0	0	0	0	0	0	0	0	0	0	0	0	0	0	0	0	0	0	0	0	0	0	0	0	0	0	0	0	0	0	0	0	6.32817	0	0	0	0	0	0	0	0	0	0	0	2.65306	0	5.36284	0	3.32971	0	0	3.53355	5.78224	2.45851	0	3.24243	0	8.39962	12.85342	7.77617	7.54399	0	0	8.20437	7.80623	0	10.33393	5.61098	10.78455	8.09868	5.73367	0	4.15494	4.51057	7.64202	4.33935	10.55422	6.5275	0	0	0	5.07133	0	0	0	0	0	6.7523	7.53505	5.46314	0	0	0	0	0	
0	0	0	0	0	0	0	8.83269	0	0	0	0	0	0	0	0	0	0	0	0	0	0	0	0	0	0	0	0	0	0	0	0	0	0	0	0	0	5.7096	0	7.71574	0	0	0	0	0	0	0	0	0	0	4.29001	0	0	11.53586	5.32012	0	0	6.644	9.52519	10.00791	0	0.33857	0	8.28393	8.51989	9.11872	0	0	8.50697	6.38625	8.31287	4.3252	4.18312	9.21503	3.98294	7.8811	6.24494	0	8.15595	9.01736	8.33996	9.14592	4.56155	5.54987	8.02298	0	0	1.05315	0	0	8.76851	0	0	0	0	2.21041	0	0	0	0	
0	0	0	0	0	0	0	0	0	0	0	0	0	0	0	0	0	0	0	0	0	0	0	0	0	10.20149	0	0	0	0	0	0	0	0	0	0	0	8.89092	0	0	0	0	0	0	10.71768	0	0	0	10.27878	0	0	0	0	0	0	1.37128	0	0	0	0	0	0	8.49596	0	0	7.58932	8.08498	7.39439	0.61259	7.68544	2.99345	0	6.37539	0	8.58295	6.21372	1.51172	5.93788	4.9958	6.3217	3.87324	0	5.38943	0	7.67337	7.09157	0	0	0	0	10.5987	0	0	0	0	0	0	1.04124	0	0	
0	0	0	0	0	0	0	0	0	0	0	0	2.45851	0	0	0	0	0	0.33857	0	0	0	0	0	0	0	0	0	0	0	0	0	0	0	0	0	0	0	0	0	0	0	0	0	0	0	0	8.34669	0	0	1.04124	0	11.10262	0	0	0	0	0	0	4.75979	0	0	0	3.79229	3.74754	5.63423	9.48587	0	11.84338	0	0	8.48304	0	0	0	3.49123	7.32877	9.0408	5.86218	5.29294	0	4.53829	5.84591	3.50096	4.4706	2.8842	6.03147	0	6.6767	0	0	0	0	5.47176	0	0	0	0	0	0	
0	0	0	0	0	0	0	0	0	0	0	0	0	0	0	0	0	0	0	0	0	0	0	0	0	0	0	0	0	0	0	0	10.86633	0	0	0	0	0	0	0	6.28971	0	0	0	0	0	0	0	0	0	0	0	0	0	0	0	6.26669	0	0	0	10.73337	0	0	5.92416	0	7.74982	0	0	7.7895	0	0	0	9.44808	0	0	2.87733	0	0	5.81158	9.47575	8.42779	6.02256	9.76729	0	8.59187	0	1.96698	0	0.33857	0.33857	7.28889	5.82131	5.94132	0	0	0	0	0	0	0	
0	0	0	0	0	0	0	1.60077	0	0	0	0	0	0	0	0	0	0	0	0	0	0	0	0	0	0	0	6.63508	0	0	0	0	0	0	0	0	0	0	0	0	0	0	0	0	0	0	0	0	0	0	0	0	0	0	0	0	0	1.21568	0	0	0	0	0	0	0	0	0	0	0	0	2.38936	5.40969	4.81036	0.61259	0	9.58554	6.26512	0	8.58116	3.24243	0	7.22365	0	6.65793	2.82444	8.1586	0	9.97705	0	3.3209	0	1.21568	0	0	0	9.45135	0	0	0	0	
0	0	0	0	0	0	0	0	0	0	0	0	0	0	0	0	0	0	0	0	8.28685	0	0	0	0	0	0	0	0	0	1.21568	0	0	0	0	0	0	0	0	0	0	0	0	0	0	0	0	0	0	0	0	0	0	0	0	0	0	0	0	9.66525	0	0	0	0	7.19189	8.75002	5.48033	5.22057	0	0	0	0	0	0	0	7.65645	5.62933	0	0	0	3.22606	0	0	0	4.57128	7.06939	7.44377	7.15008	7.52382	0	6.04585	6.20431	5.82131	5.611	0	5.73081	0	0	0	0	
0	0	0	0	0	0	0	0	0	0	0	0	0	0	0	0	0	0	0	0	0	0	0	0	0	0	0	0	0	0	0	0	0	0	0	0	0	0	0	0	0	0	0	0	0	0	0	0	6.83548	0	0	0	0	0	0	0	0	0	0	0	0	0	0	0	0	0	0	0	0	9.22138	11.75461	10.3571	7.0171	0	8.55684	6.60403	0	9.55137	0	0	0	8.06686	9.73338	0	3.91547	0	5.68704	0	0	3.83643	0	2.91982	4.95826	0	6.73518	0	0	0	0	0	
0	0	0	0	0	0	0	0	0	0	0	0	0	0	0	7.88565	0	0	0	0	0	0	0	0	0	0	0	0	0	0	0	0	0	0	7.01142	0	0	0	0	0	0	0	0	0	0	0	0	0	0	0	0	0	0	0	0	0	0	0	0	0	0	0	0	0	0	0	0	4.00687	0	0	0	0	0	7.26814	0	0	0	1.5357	0	0	0	4.96129	0	0	5.53485	0	7.50657	2.84721	6.5275	10.07635	8.40414	0	9.53139	0	0	0	0	0	0	0	
0	0	0	0	0	0	0	0	0	0	0	0	0	0	0	0	0	0	0	0	0	0	0	0	0	0	0	0	0	0	0	0	0	0	0	0	0	0	0	0	0	0	0	0	0	0	0	0	8.65571	6.97851	0	0	0	0	0	0	0	0	0	11.84773	0	0	0	0	0	7.00948	0	0	0	0	0	7.40726	0	0	0	0	0	11.38179	0	5.49815	12.14992	0	0	9.21946	0	0	0	0	0	0	0	0	0	0	0	0	0	0	0	0	
0	0	0	0	0	0	0	0	0	0	0	0	0	0	0	0	0	0	0	0	0	0	0	0	0	0	0	0	0	0	0	0	0	0	0	0	0	0	0	0	0	0	0	0	0	0	0	0	0	0	0	0	0	0	0	2.39885	0	0	12.80215	0	0	0	0	0	7.27308	0	0	0	0	0	0	4.12092	0	5.50575	0	0	8.05972	0	0	0	5.1793	5.61818	5.29718	7.92517	0	0	0	8.31588	9.56283	0	4.03042	10.73076	11.29728	0	0	0	0	0	0	0	
0	0	0	0	0	0	0	0	0	0	0	0	0	0	0	0	0	0	0	0	0	0	0	0	0	0	0	0	0	0	0	0	0	0	0	0	0	0	0	0	0	0	0	0	0	0	0	0	0	0	0	0	0	0	0	0	0	0	0	0	0	0	0	0	0	0	0	0	0	0	0	0	0	0	0	0	0	0	0	0	0	0	0	0	0	0	0	0	0	0	0	10.12531	0	0	0	0	0	0	0	0	
0	0	0	0	0	0	0	0	0	0	0	0	0	0	0	0	0	0	0	0	0	0	0	0	0	0	0	0	0	0	0	0	0	0	0	0	0	0	0	0	0	0	0	0	0	0	0	0	0	0	0	0	0	0	0	0	0	0	0	0	0	0	0	0	0	0	0	0	0	0	8.68596	0	0	0	0	0	4.52063	0	0	7.87696	0	0	0	9.35325	0	0	0	3.02528	0	0	6.9868	10.90166	0	0	0	0	0	0	0	0	
0	0	0	0	0	0	0	0	0	0	0	0	0	0	0	0	0	0	0	0	0	0	0	0	0	0	0	0	0	0	0	0	0	0	0	0	0	0	0	0	0	0	0	0	0	0	0	0	0	0	0	0	0	0	0	0	0	0	0	2.06143	0	0	0	0	0	0	0	0	0	0	6.27992	0	0	0	0	0	0	0	0	0	0	0	0	0	0	0	6.76004	0	0	0	0	0	0	0	0	0	0	0	0	0	
0	0	0	0	0	0	0	0	0	0	0	0	0	0	0	0	0	0	0	0	0	0	0	0	0	0	0	0	0	0	0	0	0	0	0	0	0	0	0	0	0	0	0	0	0	0	0	0	0	0	0	0	0	0	0	0	0	0	0	0	0	0	0	0	0	0	0	0	0	7.32398	1.04124	0	0	0	0	0	0	0	8.09365	0	0	0	0	0	0	0	0	0	6.82206	5.20835	0	0	0	0	0	0	0	0	0	0	
0	0	0	0	0	0	0	0	0	0	0	0	0	0	0	0	0	0	0	0	0	0	0	0	0	0	0	0	0	0	0	0	0	0	0	0	0	0	0	0	0	0	0	0	0	0	0	0	0	0	0	0	0	0	0	0	0	0	0	0	0	0	0	0	0	0	0	0	0	0	0	0	0	0	0	0	0	0	0	0	0	0	0	0	0	0	2.71249	0	0	0	0	0	0	0	0	0	0	0	0	0	
0	0	0	0	0	0	0	0	0	0	0	0	0	0	0	0	0	0	0	0	0	0	0	0	0	0	0	0	0	0	0	0	0	0	0	0	0	0	0	0	0	0	0	0	0	0	0	0	0	0	0	0	0	0	0	0	0	0	7.92019	0	0	0	0	0	0	0	0	0	0	0	0	0	0	0	0	7.41623	0	0	0	0	0	0	0	0	0	0	0	0	0	0	0	0	0	0	0	0	0	0	0	0	
0	0	0	0	0	0	0	0	0	0	0	0	0	0	0	0	0	0	0	0	0	0	0	0	0	0	0	0	0	0	0	0	8.71594	0	0	0	0	0	0	0	0	0	0	0	0	0	0	0	0	0	2.06143	0	0	0	0	0	0	0	0	0	0	0	3.2822	0	0	0	0	0	0	0	0	0	0	0	0	6.59221	0	0	0	0	3.2822	0	0	0	0	0	0	0	0	0	0	0	0	0	0	0	0	0	0	0	
0	0	0	0	0	0	0	0	0	0	0	0	0	0	0	0	0	0	0	0	0	0	0	0	0	0	0	0	0	0	0	0	0	0	0	0	0	0	0	0	0	0	0	0	0	0	0	0	0	0	0	0	0	0	0	0	0	0	0	0	0	0	0	0	0	0	0	0	0	0	0	0	0	0	0	0	0	0	0	0	0	0	0	0	0	0	0	0	0	0	0	0	0	0	0	0	0	0	0	0	
0	0	0	0	0	0	0	0	0	0	0	0	0	0	0	0	0	0	0	0	0	0	0	0	0	0	0	0	0	0	0	0	0	0	0	0	0	0	0	0	0	0	0	0	0	0	0	0	0	0	0	0	0	0	0	0	0	0	0	0	0	0	0	0	0	0	0	0	0	0	0	0	0	0	0	0	0	0	0	0	0	0	0	0	0	0	0	0	0	0	0	0	0	0	0	0	0	0	0	0	
0	0	0	0	0	0	0	0	0	0	0	0	0	0	0	0	0	0	0	0	0	0	0	0	0	0	0	0	0	0	0	0	0	0	0	0	0	0	0	0	0	0	0	0	0	0	0	0	0	0	0	0	0	0	0	0	0	0	0	0	0	0	0	0	0	0	0	0	0	0	0	0	0	0	0	0	0	0	0	0	0	0	0	0	0	0	0	0	0	0	0	0	0	0	0	0	0	0	0	0	
0	0	0	0	0	0	0	0	0	0	0	0	0	0	0	0	0	0	0	0	0	0	0	0	0	0	0	0	0	0	0	0	0	0	0	0	0	0	0	0	0	0	0	0	0	0	0	0	0	0	0	0	0	0	0	0	0	0	0	0	0	0	0	0	0	0	0	0	0	0	0	0	0	0	0	0	0	0	0	0	0	0	0	0	0	0	0	0	0	0	0	0	0	0	0	0	0	0	0	0	
0	0	0	0	0	0	0	0	0	0	0	0	0	0	0	0	0	0	0	0	0	0	0	0	0	0	0	0	0	0	0	0	0	0	0	0	0	0	0	0	0	0	0	0	0	0	0	0	0	0	0	0	0	0	0	0	0	0	0	0	0	0	0	0	0	0	0	0	0	0	0	0	0	0	0	0	0	0	0	0	0	1.04124	0	0	0	0	0	0	0	0	0	0	0	0	0	0	0	0	0	0	
0	0	0	0	0	0	0	0	0	0	0	0	0	0	0	0	0	0	0	0	0	0	0	0	0	0	0	0	0	0	0	0	0	0	0	0	0	0	0	0	0	0	0	0	0	0	0	11.96385	0	0	0	0	0	0	0	0	0	0	0	0	0	0	0	0	0	0	0	0	0	0	0	0	0	0	8.2413	0	0	0	0	0	0	0	0	0	0	0	0	0	0	0	0	0	0	0	0	0	0	0	0	0	
