0	0	0	0	0	0	0	0	0	0	0	0	0	0	0	0	0	0	0	0	0	0	0	0	0	0	0	0	0	0	0	0	0	0	0	0	0	0	0	0	0	0	0	0	0	0	0	0	0	0	0	7.92011	0	0	0	0	0	0	0	0	0	0	0	0	0	0	0	0	0	0	0	0	0	0	0	0	0	0	0	0	0	0	0	0	0	0	0	0	0	0	0	0	0	0	0	0	0	0	0	0	
0	0	0	0	0	0	0	0	0	0	0	0	0	0	0	0	0	0	0	0	0	0	0	0	0	0	0	0	0	0	0	0	0	0	0	0	0	0	0	0	0	0	0	0	0	0	0	12.8532	0	0	0	0	0	0	0	0	0	0	0	0	0	0	0	8.15237	0	0	0	0	0	0	0	0	0	0	0	0	0	0	0	0	0	0	0	0	0	0	0	0	0	0	0	0	0	0	0	0	0	0	0	0	
0	0	0	0	0	0	0	0	0	0	0	0	0	0	0	0	0	0	0	0	0	0	0	0	0	0	0	0	0	0	0	0	0	0	0	0	0	0	0	0	0	0	0	0	0	0	0	0	0	0	0	0	0	0	9.07684	0	0	0	0	0	0	0	0	0	0	0	0	0	0	0	0	0	0	0	0	0	0	0	0	0	0	0	0	0	0	0	0	0	0	0	0	0	0	0	0	0	0	0	0	0	
0	0	0	0	0	0	0	0	0	0	0	0	0	0	0	0	0	0	0	0	0	0	0	0	0	0	0	0	0	0	0	0	0	0	0	0	0	0	0	0	0	0	0	0	0	0	14.5357	8.86765	0	0	0	0	0	0	0	0	0	0	0	0	0	0	0	0	0	0	0	0	0	0	0	0	0	0	0	0	0	0	0	0	0	0	0	0	0	0	0	0	0	0	0	0	0	0	0	0	0	0	0	0	
0	0	0	0	0	0	0	0	0	0	0	0	0	0	0	0	0	0	0	0	0	0	0	0	0	0	0	0	0	0	0	0	0	0	0	0	0	5.08606	0	0	0	0	0	11.85883	0	0	0	0	0	0	0	0	0	0	0	0	0	0	0	0	0	0	0	0	0	0	0	0	0	0	0	0	0	0	0	0	0	0	0	0	0	0	0	0	0	0	0	0	0	0	0	0	0	0	0	0	0	0	0	0	
0	0	0	0	0	0	0	0	0	0	0	0	0	0	0	0	0	0	0	0	0	0	0	0	0	0	0	0	0	0	0	0	0	0	0	0	0	0	0	0	0	0	0	0	0	0	0	0	0	0	0	0	0	0	0	0	0	0	0	0	0	0	0	0	0	0	0	0	0	0	0	0	8.62354	0	0	0	0	0	0	0	0	0	0	0	0	0	0	0	0	0	0	0	0	0	0	0	0	0	0	0	
0	0	0	0	0	0	0	0	0	0	0	0	0	0	0	0	0	0	0	0	0	0	0	0	0	0	0	0	0	0	0	0	0	0	0	0	0	0	0	0	0	0	0	0	0	0	0	0	0	0	0	0	0	0	0	0	0	0	0	0	0	0	0	0	0	0	0	0	0	0	0	0	0	0	12.03501	0	0	0	0	0	0	0	0	0	0	0	0	0	0	0	0	0	0	0	0	0	0	0	0	0	
0	0	0	0	0	0	0	0	0	0	0	0	0	0	0	0	0	0	0	0	0	0	0	0	0	0	0	0	0	0	0	0	0	0	0	0	0	0	0	0	0	0	0	0	0	0	0	0	0	0	0	9.49582	0	0	0	10.62782	0	0	11.82318	0	0	0	0	0	0	0	0	0	0	0	0	0	0	0	0	0	0	0	0	0	0	0	0	0	0	0	0	0	0	0	0	0	0	0	0	0	0	0	0	0	
0	0	0	0	0	0	0	0	0	0	0	0	0	0	0	0	0	0	0	0	0	0	0	0	0	0	0	0	4.12792	0	0	0	0	0	0	0	0	0	0	0	0	0	0	0	0	0	0	0	0	0	0	0	0	0	0	0	0	0	0	0	0	0	0	0	0	0	0	6.83986	0	0	0	0	0	0	0	0	0	0	0	0	0	0	0	0	0	0	0	0	0	0	0	0	0	0	0	0	0	0	0	0	
0	0	0	0	0	0	0	0	0	0	0	0	0	0	0	0	0	0	0	0	0	0	0	0	0	0	0	0	0	0	0	0	0	0	0	0	0	0	0	0	0	0	0	0	0	0	0	0	0	0	0	0	0	0	0	6.81427	0	0	0	0	0	0	0	0	0	0	0	0	0	0	0	0	0	0	0	0	0	0	0	0	0	0	0	0	0	0	0	0	0	0	0	0	0	0	0	0	0	0	0	0	
0	0	0	0	0	0	0	0	0	0	0	0	0	0	0	0	0	0	0	0	0	0	0	0	0	0	0	0	0	0	0	0	0	0	0	0	0	0	0	0	0	0	0	0	0	0	0	0	0	0	0	0	0	0	0	0	0	0	0	0	0	0	0	0	0	0	0	10.73589	0	0	0	0	0	0	0	0	0	0	0	0	0	0	0	0	0	0	0	0	0	0	0	0	0	0	0	0	0	0	0	0	
0	0	0	0	0	0	0	0	0	0	0	0	0	0	0	0	0	0	0	0	0	0	0	0	0	0	0	0	0	0	0	0	0	0	0	0	0	0	0	0	0	0	0	0	0	0	0	0	0	0	0	0	5.03862	0	0	0	4.50945	0	0	0	0	0	0	0	0	0	0	0	0	0	0	10.62431	0	0	0	0	0	0	0	0	0	0	0	0	0	0	0	0	0	0	0	0	0	0	0	0	0	0	0	0	
0	0	0	0	0	0	0	0	0	0	0	0	0	0	0	0	0	0	0	0	0	0	0	0	0	0	0	0	0	0	0	0	0	0	0	0	0	0	0	0	0	0	0	0	0	0	0	0	10.47748	0	0	0	11.97582	0	0	0	0	0	0	0	0	0	0	0	0	0	0	3.7695	0	0	0	0	0	0	0	0	0	0	0	0	0	0	0	0	0	0	0	0	0	0	0	0	0	0	0	0	0	0	0	0	
0	0	0	0	0	0	0	0	0	0	0	0	0	0	0	0	0	0	0	0	0	0	0	0	0	0	0	0	0	0	12.64185	0	0	0	0	0	0	0	0	6.80721	0	0	0	0	0	0	0	9.67989	0	0	0	0	0	0	0	0	0	5.17651	15.91451	0	9.72928	0	0	9.40264	0	0	0	0	0	0	0	0	0	0	0	0	0	0	0	0	0	0	0	0	0	0	0	0	0	0	0	0	0	0	0	0	0	0	0	0	
0	0	0	0	0	0	0	0	0	0	0	0	0	0	0	0	0	0	0	0	0	0	0	0	0	0	0	0	0	0	0	0	0	0	0	0	0	0	0	0	0	0	0	0	0	0	0	0	0	0	0	0	0	0	6.47466	0	0	0	0	0	0	0	0	0	0	0	0	0	0	0	0	0	0	0	17.64485	0	0	0	0	0	0	0	0	0	0	0	0	0	0	0	0	0	0	0	0	0	0	0	0	0	
0	0	0	0	0	0	0	0	0	0	0	0	0	0	0	0	0	0	0	0	0	0	0	0	0	0	0	0	0	0	0	0	0	0	0	0	0	0	0	0	0	0	13.57912	0	0	0	0	0	0	0	0	0	9.54208	0	0	0	0	0	0	12.43796	0	0	0	0	0	0	0	0	0	0	0	8.0273	0	0	0	0	0	0	0	0	0	0	0	0	0	0	0	0	0	0	0	0	0	0	0	0	0	0	0	0	
0	0	0	0	0	0	0	0	0	0	0	0	0	0	0	0	0	0	0	0	0	0	0	0	0	0	0	0	0	0	0	0	0	0	0	0	0	0	0	0	0	0	0	6.26597	0	0	0	12.04814	0	0	0	8.08732	0	0	0	0	0	0	4.53179	0	0	0	0	0	0	0	0	0	0	0	0	0	0	0	0	0	0	0	0	0	0	0	0	0	0	0	0	0	0	0	0	0	0	0	0	0	0	0	0	0	
0	0	0	0	0	0	0	0	0	0	0	0	0	0	0	0	0	0	0	0	0	0	0	0	0	0	0	0	0	0	0	0	0	0	0	0	0	0	0	0	0	0	11.56307	0	0	0	0	0	0	0	0	0	0	0	0	8.85171	0	0	0	0	0	0	0	0	0	0	0	0	3.51596	0	0	0	0	0	0	0	0	0	0	0	0	0	0	0	0	0	0	0	0	0	0	0	0	0	0	0	0	0	0	0	
0	0	0	0	0	0	0	0	0	0	0	0	0	0	0	0	0	0	0	0	0	0	0	0	0	0	0	0	0	0	0	0	0	0	0	0	0	0	0	0	13.23876	0	0	0	0	0	0	0	0	0	0	0	0	0	0	0	0	0	0	0	0	0	0	0	0	0	0	0	0	0	0	0	0	0	0	0	0	0	0	0	0	0	0	0	0	0	0	0	0	0	0	0	0	0	0	0	0	0	0	0	
0	0	0	0	0	0	0	0	0	0	0	0	0	0	0	0	0	0	0	0	0	0	0	0	0	0	0	0	0	0	0	0	0	0	0	0	0	0	0	0	0	0	0	0	0	0	0	7.92011	0	0	8.18953	0	0	0	0	0	0	0	0	0	0	0	0	0	0	0	0	0	0	0	0	0	0	0	0	0	7.98412	0	0	0	0	0	0	0	0	0	0	0	0	0	0	0	0	0	0	0	0	0	0	0	
0	0	0	0	0	0	0	0	0	0	0	0	0	0	0	0	0	0	0	0	0	0	0	0	0	0	0	0	0	0	0	0	0	0	0	0	0	0	0	0	0	0	0	0	0	0	0	6.06467	0	0	9.06949	11.11399	0	0	0	0	8.43043	0	9.76707	0	10.89004	0	0	0	0	10.64278	0	0	0	0	0	0	0	0	0	0	0	0	0	0	0	0	0	0	0	0	0	0	0	0	0	0	0	0	0	0	0	0	0	0	
0	0	0	0	0	0	0	0	0	0	0	0	0	0	0	0	0	0	0	0	0	0	0	0	0	0	0	0	0	0	0	0	0	0	0	0	0	0	0	0	0	8.03033	0	0	0	0	0	0	0	0	0	0	0	0	0	0	0	0	0	0	0	0	0	0	0	0	0	0	0.6318	0	0	0	0	0	0	0	0	0	0	0	0	0	0	0	0	0	0	0	0	0	0	0	0	0	0	0	0	0	0	0	
0	0	0	0	0	0	0	0	0	0	0	0	0	0	0	0	0	0	0	0	0	0	0	0	0	0	0	0	0	0	0	2.92475	1.06963	0	0	0	0	0	0	0	0	0	0	0	0	0	0	7.7241	0	0	0	0	0	0	0	0	0	0	0	0	0	0	0	4.12792	0	0	0	7.51466	0	0	0	0	0	0	0	0	0	0	0	0	0	0	0	0	0	0	0	0	0	0	0	0	0	0	0	0	0	0	0	0	
0	0	0	0	0	0	0	0	0	0	0	0	0	0	0	0	0	0	0	0	0	0	0	0	0	0	0	0	0	0	0	8.86027	0	0	0.6318	0	0	0	0	0	0	0	0	0	0	0	0	0	0	0	0	0	0	0	0	0	0	0	0	0	0	0	0	0	0	0	0	0	0	0	0	0	0	0	0	0	0	0	0	0	0	0	0	0	0	0	0	0	0	0	0	0	0	0	0	0	0	0	0	0	
0	0	0	0	0	0	0	0	0	0	0	0	0	0	0	0	0	0	0	0	0	0	0	0	0	0	0	0	0	0	0	0	0	0	0	0	0	0	0	0	0	0	0	10.35149	0	0	0	0	0	12.52849	0	0	0	0	9.8039	0	0	0	0	0	0	0	0	0	0	0	0	0	0	0	0	0	0	0	0	0	0	0	0	1.82415	0	0	0	0	0	0	0	0	0	0	0	0	0	0	0	0	0	0	0	0	
0	0	0	0	0	0	0	0	0	0	0	0	0	0	0	0	0	0	0	0	0	0	0	0	0	0	0	0	0	0	0	0	7.59885	0	0	0	0	0	0	0	0	0	0	0	0	0	0	5.82004	0	0	6.33844	0	0	0	0	0	0	0	7.46168	0	0	0	0	0	0	0	0	0	0	0	8.64943	0	0	0	0	0	0	0	0	0	0	0	0	0	0	5.83456	0	0	0	0	0	0	0	0	0	0	0	0	0	0	
0	0	0	0	0	0	0	0	0	0	0	0	0	0	0	0	0	0	0	0	0	0	0	0	0	0	0	0	0	0	0	0	0	0	0	0	0	0	0	9.4989	0	0	0	0	14.9068	0	7.60293	0	0	0	0	0	0	0	0	0	0	0	0	0	0	0	0	0	0	0	0	0	0	1.67708	0	0	0	0	0	0	0	0	0	0	0	0	0	0	0	0	0	0	0	0	0	0	0	0	0	0	0	0	0	0	
0	0	0	0	0	0	0	0	0	0	0	0	0	0	0	0	0	0	0	0	0	0	0	0	0	0	0	0	0	0	0	0	0	0	0	9.19786	0	0	0	0	0	0	0	0	0	0	0	8.71126	0	0	0	0	0	6.18136	0	0	0	0	0	0	10.72375	0	0	0	0	0	0	0	0	0	0	0	0	0	0	0	0	0	0	0	0	0	0	0	0	0	0	0	0	0	0	0	0	0	2.10323	0	0	0	0	0	
0	0	0	0	0	0	0	0	0	0	0	0	0	0	0	0	0	0	0	0	0	0	0	0	0	0	0	0	0	0	0	0	0	0	0	0	0	0	0	0	0	13.35733	0	0	0	0	0	0	0	0	0	0	1.40512	0	0	0	0	0	0	0	0	0	0	0	0	0	0	3.44495	0	0	0	7.00532	0	0	0	0	0	0	0	0	0	0	0	0	0	0	0	0	0	0	0	0	0	0	0	0	0	0	0	0	
0	0	0	0	0	0	0	0	0	0	0	0	0	0	0	0	0	0	0	0	0	0	0	0	0	0	0	0	0	0	0	0	0	0	0	0	0	0	0	0	8.43027	0	0	0	9.9545	0	0	6.19838	0	0	1.40512	9.73488	0	0	0	11.09237	0	0	7.63519	0	8.51938	0	0	0	0	0	0	0	4.98956	0	0	0	0	0	0	0	0	0	0	0	0	0	0	0	0	0	0	0	0	0	0	0	0	0	0	2.43178	0	0	0	0	
0	0	0	0	0	0	0	0	0	0	0	0	0	0	0	0	0	0	0	0	0	0	0	0	0	0	0	0	0	0	0	0	0	0	0	0	0	0	0	0	0	0	0	0	12.80747	0	0	0	0	9.31326	0	0	8.42336	0	0	0	0	5.8751	0	0	0	6.77138	0	0	0	0	0	0	0	0	0	0	0	0	0	0	0	0	0	0	0	0	0	0	0	0	0	0	0	0	0	0	0	0	0	0	0	0	0	0	
0	0	0	0	0	0	0	0	0	0	0	0	0	0	0	0	0	0	0	0	0	0	0	0	0	0	0	0	0	0	0	0	0	0	0	0	0	0	0	0	0	0	0	10.03226	0	0	10.02771	0	0	0	8.93505	0	0	0	0	0	0	0	0	9.4679	0	0	0	0	8.94955	0	0	1.06963	0	0	0	0	10.50992	0	0	0	9.08124	0	0	0	0	0	0	0	0	0	0	0	0	0	0	0	0	0	0	0	0	0	0	0	
0	0	0	0	0	0	0	0	0	0	0	0	0	0	0	0	0	0	0	0	0	0	0	0	0	0	0	0	0	0	0	0	0	0	0	0	0	0	0	0	0	0	0	0	3.43692	4.85908	0	10.83816	0	0	0	14.79878	7.97785	0	0	6.84218	0	0	0	0	0	0	0	0	0	0	0	7.42986	0	0	0	0	0	12.77425	0	0	0	0	0	0	0	0	0	0	0	0	0	0	0	0	0	0	0	0	0	0	0	0	0	0	
0	0	0	0	0	0	0	0	0	0	0	0	0	0	0	0	0	0	0	0	0	0	0	0	0	0	0	0	0	0	0	0	0	0	0	0	0	13.24286	0	0	0	0	0	0	0	0	0	0	3.02554	0	0	4.85855	0	0	1.90585	0	11.52376	0	0	1.06963	0	9.42126	0	0	0	0	0	0	0	0	0	0	0	0	6.19086	3.82648	0	0	0	0	0	0	0	0	0	0	0	0	0	0	0	0	0	0	0	0	0	0	0	0	
0	0	0	0	0	0	0	0	0	0	0	0	0	0	0	0	0	0	0	0	0	0	0	0	0	0	0	0	0	0	0	0	0	0	0	0	0	0	0	0	0	0	12.93917	0	0	11.19365	0	12.25647	0	0	7.67452	0	12.17169	0	9.89995	0	0	0	0	0	0	0	0	9.66043	0	0	0	6.33397	0	0	8.81346	0	0	0	0	0	0	0	2.92475	0	0	0	0	0	0	0	0	0	0	0	0	0	0	0	0	0	0	0	0	0	
0	0	0	0	0	0	0	0	0	0	0	0	0	0	0	0	0	0	0	0	0	0	0	0	0	0	0	0	0	0	0	0	0	0	0	0	0	0	0	0	0	0	0	0	0	0	0	7.37838	8.05439	0	0	6.82829	0	0	0	0	0	0	0	0	0	0	0	0	1.90585	0	0	0	0	0	0	0	0	0	0	0	0	0	0	0	0	0	0	0	0	0	0	0	0	0	7.63917	0	0	0	0	0	0	0	0	0	
0	0	0	0	0	0	0	0	0	0	0	0	0	0	0	0	0	0	0	0	0	0	0	0	0	0	0	0	0	0	0	0	0	0	0	0	0	0	0	0	0	0	0	0	0	0	0	9.92789	0	0	0	0	7.64314	7.88029	0	0	0	0	10.86218	13.13596	0	0	0	0	0	0	0	0	0	0	0	0	0	0	0	0	0	0	0	0	0	0	0	0	0	0	0	0	0	0	0	0	0	0	0	0	0	0	6.90966	0	
0	0	0	0	0	0	0	0	0	0	0	0	0	0	0	0	0	0	0	0	0	0	0	0	0	0	0	0	0	0	0	0	0	0	0	0	0	0	0	0	0	0	10.12249	0	0	0	0	0	0	8.59159	0	6.82829	0	6.52683	0	0	0	0	0	0	0	0	0	0	11.19973	0	0	0	0	0	0	0	0	0	0	0	10.9153	0	0	0	0	0	0	0	0	0	0	0	0	0	0	0	0	0	0	0	0	0	0	0	
0	0	0	0	0	0	0	0	0	0	0	0	10.60765	0	0	0	0	0	0	0	0	0	0	0	0	0	0	0	0	0	10.02543	0	0	0	0	0	0	0	0	0	0	0	9.45649	0	0	0	0	12.66596	0	0	11.6954	0	0	6.95183	6.1675	0	9.31816	0	0	0	0	0	0	10.74331	6.26349	9.19921	0	0	0	0	0	0	0	0	0	0	0	0	0	0	0	0	0	0	0	0	0	0	0	0	0	0	0	0	0	0	0	0	0	0	
0	0	0	0	0	0	0	0	0	0	0	0	0	0	0	0	0	0	0	0	0	0	0	0	0	0	0	0	0	0	0	0	0	0	0	0	0	0	0	0	0	0	0	0	0	11.20296	9.73302	0	4.17257	12.41652	2.81639	7.91476	7.05514	0	9.20191	6.37021	0	0	0	0	13.22135	0	0	0	0	0	0	0	0	7.44838	0	0	0	0	0	0	5.38805	0	0	0	0	0	0	0	0	0	0	0	0	0	0	0	0	0	0	0	0	0	0	0	
0	0	0	0	0	0	0	0	0	0	0	0	0	0	0	7.95247	0	0	0	0	0	0	0	0	0	0	0	0	0	0	0	0	0	0	0	4.25791	10.93203	0	0	0	0	0	0	3.02554	0	10.11178	7.71946	8.99065	4.74546	7.53617	0	0	4.33848	0	8.77959	0	0	0	0	5.834	0	10.06814	0	6.2322	0	9.55899	0	0	11.24126	0	11.13916	0	0	0	0	10.53381	0	0.6318	0	4.59615	0	0	0	0	0	0	0	0	0	0	7.93961	0	0	0	0	0	0	0	0	0	
0	0	0	0	0	0	0	0	0	0	0	0	0	0	0	0	0	0	0	0	0	0	0	0	0	0	12.22233	0	0	0	0	3.58364	0	0	6.66604	0	0	0	0	0	11.55508	0	0	0	0	0	0	0	11.00834	3.88988	3.20817	9.05912	9.07538	0	10.65167	0	9.50109	0	5.31398	0	2.69922	8.72631	0	0	0	7.24887	0	0	0	0	0	0	0	7.87355	0	0	0	0	0	0	0	0	0	0	0	0	0	0	0	0	0	0	0	0	0	0	5.7917	0	0	0	
0	0	0	0	0	0	0	0	0	0	0	0	0	0	0	0	0	0	0	13.07507	0	0	0	0	0	0	0	0	0	0	0	0	0	0	0	0	0	0	0	0	0	0	0	13.10757	0	0	11.58826	10.45281	11.42054	0	10.29897	7.35721	10.41441	0	0	0	13.39004	0	0	7.65892	6.38052	0	0	12.03198	0	4.29875	0	8.53869	0	0	0	0	0	0	0	0	0	0	0	0	0	0	0	0	0	0	0	0	0	0	7.20411	0	0	0	0	0	0	0	0	0	
0	0	0	0	0	0	0	0	0	0	0	0	8.20167	0	0	0	0	0	0	10.15622	0	0	0	0	0	0	0	0	0	0	0	0	0	6.51008	0	0	0	0	0	0	0	13.27624	12.11152	0	8.35851	0	0	5.57185	7.7241	0	4.17257	9.10306	7.37295	7.71477	9.56603	7.25407	8.17964	5.45498	7.86865	0	0	0	0	0	2.43178	0	0	0	0	0	0	0	0	0	0	0	0	0	14.24845	0.6318	0	0	0	0	0	0	0	0	0	0	0	0	0	0	0	0	0	0	0	0	
0	0	0	0	0	0	0	0	0	0	0	0	0	0	0	0	0	0	0	0	0	0	0	13.00573	0	0	0	0	0	0	0	0	0	0	0	0	0	0	11.40016	0	0	0	7.59723	8.76144	0.6318	0	11.5754	5.22758	0	8.19278	8.22834	7.08285	0	0	0	0	0	5.7804	12.84035	9.8553	8.55353	0	0	0	10.21609	0	0	0	0	0	0	0	0	0	0	0	0	0	0	0	0	0	0	0	0	0	0	0	0	0	0	0	0	0	0	0	0	0	0	0	
0	0	8.89897	0	0	0	0	0	0	0	0	0	0	0	0	0	0	0	0	0	0	0	0	0	0	0	0	0	0	0	0	0	0	0	0	0	0	0	0	0	10.33683	0	0	0	0	9.70385	0	9.42211	9.54314	11.11243	0	8.81874	9.69335	8.71236	0.6318	10.00706	0	0	5.19827	4.21586	7.42912	0	7.10657	9.15262	0	0	0	0	0	0	0	8.16635	0	0	0	0	2.69922	0	0	0	0	0	0	0	0	0	0	0	0	0	0	0	0	0	0	0	0	0	0	0	
0	0	0	0	0	0	0	0	0	0	0	8.86877	0	0	0	0	0	0	0	0	0	0	0	0	0	0	0	0	0	0	0	0	7.89368	0	0	0	0	8.59287	12.62818	5.36141	5.70318	8.91549	0	0	11.89774	8.27441	10.62754	4.76731	10.94053	0	10.69392	0	4.06778	7.21295	0	11.04462	5.26605	9.0774	0	0	0	0	0	0	0	0	0	6.30418	0	0	0	0	8.67487	0	0	2.10323	0	0	11.24027	0	0	0	0	0	0	0	0	0	0	0	0	0	0	0	0	7.96784	0	0	0	0	
0	0	0	0	0	0	0	0	0	0	0	0	0	0	0	0	0	0	0	0	0	0	0	0	0	0	0	0	0	0	0	0	0	0	6.69693	7.76445	0	0	0	8.53228	0	11.92291	0	10.6717	13.53406	9.64958	7.21892	7.46713	5.64377	11.47336	11.31821	10.0843	1.95777	8.67503	0	0	6.95066	0	0	8.03723	7.21191	0	2.92475	0	0	0	0	0	0	0	0	0	0	0	0	0	0	0	3.51596	0	0	0	0	0	0	0	0	10.02009	0	0	0	0	0	0	0	0	0	0	0	0	
0	0	0	0	0	0	0	0	9.38259	0	9.28049	0	0	0	0	0	0	0	0	0	0	0	0	0	0	0	11.21948	0	0	0	0	0	0	0	0	0	0	13.1836	11.31654	0	8.99649	8.18814	0	6.67382	6.56919	10.96911	6.28811	8.34428	7.56791	9.09468	0	7.91829	2.43178	0	0	0	9.45268	5.39947	0	0	0	0	3.51596	0	0	0	8.73811	0	0	0	0	0	0	0	0	0	0	0	0	0	0	0	0	0	0	0	0	0	0	0	0	0	0	1.67708	0	0	0	0	0	0	
0	0	0	0	0	0	0	0	0	0	0	11.11077	0	0	11.71021	0	0	0	0	0	0	0	0	0	0	0	0	0	0	0	0	11.12362	0	0	7.61915	0	10.75299	0	0	10.42036	5.4727	0	10.55729	9.99403	10.18401	7.27221	11.00922	8.31	5.22556	8.558	7.2633	9.37373	9.54798	8.91512	0	5.62502	9.41725	0	0	7.32004	8.02121	5.19944	0	11.49301	0	0	0	0	0	0	0	0	0	0	0	6.43795	0	0	0	0	0	0	0	6.68157	0	0	0	0	0	0	0	0	0	0	0	0	0	0	0	0	
0	0	0	0	0	0	0	0	0	0	0	0	11.15802	0	0	0	0	0	0	0	0	0	0	0	0	0	0	0	0	9.58812	0	0	8.80994	0	9.55267	0	9.83026	0	13.15033	10.67659	10.77165	9.77433	8.67521	8.3968	7.97519	5.32656	9.42033	10.085	9.18021	9.82588	7.34853	10.84032	10.00397	6.465	6.37876	5.68098	9.24682	0	0	7.54044	8.30804	0	0	0	0	0	0	0	0	0	0	0	0	10.09272	0	0	0	0	0	0	10.53524	0	0	0	0	0	0	0	0	0	0	0	0	0	0	0	0	0	0	0	
0	0	0	0	0	0	0	12.58235	0	0	0	10.10963	0	0	0	0	0	0	0	0	0	0	0	0	0	0	0	7.85655	0	0	5.62502	0	11.42112	0	0	0	8.35479	6.86955	10.51698	9.75865	9.47395	5.01467	0	10.79648	9.87484	9.05925	8.46095	8.63423	10.58548	10.48112	5.06204	9.30075	8.66904	10.20472	6.21325	6.0395	9.31699	4.73058	5.105	9.22329	6.37938	12.1108	8.19627	0	8.42105	0	0	0	0	0	0	0	0	11.39781	0	0	0	0	0	0	0	0	0	0	0	0	0	0	0	0	0	0	0	0	0	0	0	0	0	0	
13.05947	0	0	0	0	0	0	0	6.73009	0	0	0	7.54893	0	0	0	0	0	0	0	0	0	0	0	12.86077	0	0	7.94284	0	0	0	0	7.83934	0	10.49584	7.416	0	8.46433	9.67599	6.73463	8.03336	9.1901	5.27926	9.74928	11.97683	9.46877	7.49561	9.138	6.3667	9.04234	10.04756	5.99206	6.22189	4.36396	11.78108	9.03065	9.76252	6.20685	0	11.08281	5.26163	1.06963	0	7.30954	0	7.73902	0	0	0	0	0	0	0	0	0	0	0	0	0	0	0	0	4.28833	0	0	6.09316	0	0	0	0	0	0	0	0	0	0	0	0	0	0	
0	0	0	10.8804	0	0	0	0	0	0	0	0	0	0	0	0	0	0	9.89829	0	0	12.18537	0	5.342	12.03409	8.75412	0	0	9.64961	11.76469	11.27977	0	13.06336	0	0	0	0	9.42468	10.87804	7.35399	7.95228	7.38418	8.60185	9.31992	8.39529	9.99762	7.67497	8.58401	9.3289	6.83976	9.38366	7.86493	10.01681	6.69654	7.5832	9.37739	0	4.04844	5.46274	8.07281	0	5.641	10.52344	0	0	0	0	0	0	5.17651	0	0	8.14118	0	1.06963	7.84625	10.35995	4.00099	0	0	0	0	0	0	0	0	0	0	0	0	0	0	0	0	0	0	0	0	0	0	
8.6175	0	0	0	10.94294	7.92783	0	0	0	0	0	0	0	0	0	0	0	9.55372	0	0	0	0	0	0	8.99997	0	8.84215	9.36371	0	12.14078	10.0453	0	0	0	11.02778	7.68226	6.03508	10.72822	11.71132	8.27258	7.50308	9.72987	9.81097	9.02672	9.25328	9.6115	9.95726	7.88522	8.52622	10.57198	4.04242	10.19996	9.24173	7.79297	9.05021	8.82909	9.02797	5.19962	2.1389	9.25996	5.2197	0	7.17276	8.06627	12.47477	9.57259	9.24269	0	0	0	0	0	0	0	5.52528	0	0	0	0	0	0	0	0	0	0	0	0	0	0	0	0	0	0	0	0	0	0	0	0	0	
0	0	0	0	0	0	0	0	8.7486	0	7.60293	0	0	0	0	0	6.84218	11.17458	10.96413	6.78582	10.10748	7.04808	0	0	0	12.98457	0	8.69414	5.35458	10.65167	0	10.24969	10.5913	7.30877	8.91222	10.7117	6.29928	8.35407	9.84167	8.41342	9.28513	7.31479	5.76899	7.90488	9.63608	8.13387	7.45476	8.71059	8.39247	7.11146	8.75901	10.92944	6.90707	8.71758	6.53774	5.67889	5.86616	8.21507	0	8.16623	5.7578	6.22161	8.36824	0	7.35648	10.37376	5.132	0	0	0	0	8.22834	0	0	5.88854	0	0	0	9.76252	0	0	0	0	0	0	6.88305	0	0	0	0	0	0	0	0	0	4.08186	0	0	0	0	
0	9.77252	0	0	1.90585	8.95595	0	0	0	0	0	0	0	0	7.65499	9.38733	0	10.68239	9.31561	0	8.28535	0	7.44813	0	0	0	0	0	9.76433	10.99669	6.62122	0	8.15515	5.9303	9.53033	8.41377	9.25972	10.02232	8.67833	9.7918	8.81227	8.01495	8.16838	7.54105	8.66935	7.69679	8.93704	9.71735	7.58489	8.09009	7.10147	7.89933	8.27444	5.88011	8.32714	6.7129	4.03427	8.83531	7.95483	4.77436	0	8.61951	0	11.7846	10.10619	2.92475	7.98997	6.20021	0	0	0	0	0	0	0	1.06963	0	0	0	0	7.75286	0	0	0	0	0	0	0	0	0	0	0	0	0	0	0	0	0	0	0	
0	10.27678	7.77566	0	9.57589	0	0	0	0	0	9.07243	0	0	0	8.91876	7.33485	0	9.41081	0	0	6.70455	6.13403	8.56166	8.30712	5.71832	11.22114	0	4.83287	7.92664	7.57583	10.96015	10.50883	10.89602	11.43053	9.99578	4.69308	9.33104	8.25763	7.29381	7.77373	7.86967	7.93873	7.93492	7.49889	7.37668	6.64779	8.72402	8.4035	9.23223	8.80345	7.60745	8.45941	8.01695	7.76319	7.53088	7.75725	8.36089	6.28828	8.45488	6.28398	0	7.62253	8.70076	9.11071	2.8056	0	1.90585	0	0	0	0	6.78582	0	6.15643	10.00783	0	7.0176	0	0	0	0	0	0	5.07982	0	1.94065	0	0	0	0	0	0	0	0	0	0	0	0	0	0	
0	0	0	0	0	0	0	0	6.84907	0	9.19651	12.27878	0	0	0	0	0	0	10.85751	0	3.20817	0	0	0	0	8.66123	10.30477	0	1.06963	9.69431	6.71859	6.46536	8.33774	8.71212	9.70828	8.4133	9.69138	9.35531	8.7994	9.57909	6.49844	9.19608	8.40712	7.91007	7.25642	8.4298	6.94261	9.08954	8.04155	9.16624	8.1305	7.25466	6.55588	8.4224	7.61907	8.63268	8.82566	8.02198	9.09725	5.80971	8.72375	7.23593	9.68101	5.67471	0	10.0916	0	7.42104	0	0	0	0	0	0	0	0	0	0	0	0	0	7.44813	0	0	0	0	0	7.7708	4.62213	5.9411	0	0	0	0	0	0	0	0	0	0	
0	0	0	0	0	0	0	0	12.84577	10.28315	6.76119	4.25791	0	12.0575	0	0	0	8.62755	11.18959	6.35029	0	0	0	10.10041	7.31009	5.06254	8.27259	9.67346	6.75758	9.73417	0	8.67179	4.93574	4.67712	4.71299	7.86424	9.01398	6.26913	7.90597	6.1541	6.34543	7.54671	8.03998	8.30041	6.28201	8.1925	8.2553	7.96923	7.88362	8.82786	8.56959	7.50614	7.42448	6.93165	8.33198	9.19419	6.52308	9.46278	7.99969	6.78756	5.67588	6.16228	8.09578	7.01147	1.51277	8.91658	9.18158	0	0	0	0	0	0	6.88975	8.30303	0	0	0	11.45116	0	0	0	0	0	0	0	0	0	5.342	0	1.67708	0	0	0	0	0	0	0	0	0	
0	0	9.65454	10.51555	0	8.66319	0	1.67708	7.416	0	0	0	0	0	0	0	0	7.98247	0	0	0	0	0	11.15906	0	9.33674	0	11.18725	6.88975	8.43925	0	9.82043	0	8.97656	5.73875	9.5441	7.36495	6.80581	2.01134	9.88486	7.24131	8.24745	9.23904	8.03432	7.83164	6.47121	7.29341	8.35141	8.39125	8.22811	7.8992	7.83117	8.82906	8.30914	7.41453	6.10232	7.78384	7.21436	7.7576	7.80403	9.35256	9.31751	2.10793	7.88365	5.23869	0	0	5.41701	1.67708	6.76345	5.6738	0	7.31009	0	0.85072	0	6.04508	0	0	0	0	0	4.6902	0	0	0	0	0	0	0	0	0	0	0	0	0	0	0	0	0	
0	0	0	0	0	0	0	0	0	0	10.45111	9.73767	8.0429	0	12.82167	0	0	8.17174	0	15.4001	0	0	0	0	0	0	5.88854	4.55628	8.00294	0	8.29042	7.50921	6.43082	8.58141	8.35762	8.0244	9.03166	7.72355	8.29014	8.17507	9.33087	6.77573	5.97079	7.3169	6.41094	7.11126	6.84054	6.9335	7.9657	6.65069	6.87775	9.16546	8.95341	7.18356	5.88472	7.47377	6.01294	7.90517	8.83765	7.54976	5.97764	6.19192	7.97994	8.85062	0	5.10248	6.36315	3.65349	0	0	5.9411	0	5.01035	3.61956	0	12.3946	0	0	0	0	0	0	0	0	0	0	0	0	6.85825	0	0	0	0	0	0	0	0	0	0	0	
0	0	0	0	0	0.6318	0	0	0	9.76616	0	0	9.03212	0	0	0	0	0	0	0	0	0	0	9.03388	0	0	8.59221	0	0	4.62301	6.78949	0	0	9.08576	9.5705	7.35436	5.41813	0.6318	1.06963	9.03363	4.61931	8.6435	4.59944	5.63624	8.75918	7.03861	7.03584	7.77093	9.34924	5.61661	7.00976	8.87291	8.10808	6.61923	7.28221	6.76778	7.71173	6.65562	4.76592	6.31586	7.0995	5.74752	4.29397	8.17726	7.83147	7.90056	8.06627	8.11854	6.89256	0	0	5.26163	0	6.39175	0	3.7695	9.45101	0	0	0	0	0	0	0	11.16183	0	0	2.10323	0	0	0	7.21725	0	0	0	0	7.22787	0	0	0	
0	0	0	0	0	0	0	0	0	0	0	10.69583	0	0	0	0	0	5.84685	11.83884	0	0	0	0	2.27685	0	0	0	8.53228	0	0	0	0	7.38439	7.74008	6.87906	0	5.39955	9.26711	6.97832	5.68576	7.27994	8.90175	7.38595	3.45812	0	9.90921	5.91646	6.2065	6.83039	7.77299	7.69898	10.66169	9.69375	6.37291	6.97006	7.07302	7.23123	7.29055	7.33423	8.61747	7.16524	4.0976	0	6.24903	8.17152	0	4.53179	6.71213	11.56568	7.38548	0	0	0	1.06963	0	10.10604	0	9.05912	0	0	0	8.80745	0	0	0	0	0	0	0	0	0	0	0	0	0	0	0	0	0	0	
0	0	0	0	7.39685	0	0	0	0	0	9.82765	0	1.06963	0	0	11.86543	0	0	5.91506	0	5.76824	4.21586	0	0	0	7.96838	4.7156	0	0	5.85881	0	8.48587	11.19973	0	0	7.93961	10.74516	15.3044	10.82816	12.3238	7.37615	8.73005	7.11053	8.30303	4.07598	7.99264	12.71276	3.19443	8.52126	8.12406	8.94368	8.44227	9.09132	8.52202	6.40135	7.07614	7.93715	8.02997	4.01577	6.92367	5.22787	7.86878	5.69416	5.89508	8.54783	0	6.40415	9.41914	0	0.6318	9.5246	8.0394	6.89204	9.51057	9.45749	0	5.6773	0	0	0	8.71692	0	0	6.35349	0	2.10323	0	0	0	9.7959	0	0	0	0	0	0	0	0	0	0	
0	0	0	0	0	0	0	0	0	0	0	6.98669	4.12206	0	0	9.27154	0	0	0	2.81639	2.10323	0	2.10323	0	0	0	0	0	0	4.70877	3.7695	6.84266	0	0	0	10.48469	0	0	0	5.19827	3.57592	5.72866	4.78657	5.22243	8.35585	3.85624	5.53635	8.4813	6.80009	3.83022	0	0	7.63788	10.36705	2.10323	6.62358	8.17862	7.12379	6.71088	5.9323	7.96008	6.38753	8.86702	7.40897	6.07597	6.96863	5.03862	8.70746	2.43178	9.28073	0	5.80614	8.57163	10.47247	10.75391	0	2.69922	0	5.67243	0	0	0	0	0	0	0	0	0	0	0	0	0	0	0	0	0	0	0	0	0	
0	0	0	8.95276	0	0	0	0	0	0	0	0	0	0	0	0	0	0	0	0	0	0	7.50596	0	0	0	8.07598	7.38594	7.42063	7.416	0	0	4.77471	0	0	12.36622	0	3.37026	6.80721	5.90353	5.06162	0	0	0	3.50052	9.96723	8.88119	8.25713	5.62171	5.05301	4.83917	6.64157	7.19234	8.33776	8.42717	7.96723	7.70143	6.34661	7.74969	7.15754	8.82948	7.03044	8.73042	8.4371	6.80178	8.94076	5.73994	10.37197	8.91142	7.51566	6.55709	8.38052	5.01808	0.4212	8.10748	0	12.35687	0	5.3389	10.4202	0.6318	5.30237	6.62647	0	0	2.10323	0	0	0	0	0	0	0	0	0	0	0	6.56082	0	10.747	
0	0	4.68377	0	0	0	0	0	0	0	0	0	0	0	0	0	0	0	0	0	7.49722	0	0	0	0	8.71504	0	8.14835	0	7.96838	0	9.85444	6.4198	0	6.06467	0	0	4.7061	6.38982	0	6.65034	0	0	7.93082	11.14057	10.10388	3.10812	4.31721	7.05981	7.17972	9.4682	9.87316	6.95456	7.58651	7.62578	10.12778	0	6.56995	8.6059	6.61392	2.22204	5.66402	5.95643	3.92235	4.93954	7.04373	5.11298	0	8.67395	6.21243	4.7503	8.50922	6.02423	8.32281	0	0	6.05494	0	4.60048	4.17257	0	5.92766	0	0	0	0	0	0	4.82564	0	0	0	0	0	0	0	1.40512	0	0	0	
0	0	0	0	2.43178	0	0	0	0	0	0	0	9.14704	0	0	0	0	0	0	0	6.88975	4.45148	0	0	0	0	0	6.09281	0	0	0	2.92475	11.08254	0	0	0	8.84311	0	3.7695	7.8428	0	0	4.19236	0	7.75745	0	6.5016	9.86553	6.13403	6.06282	7.10657	5.17752	9.63373	5.54486	8.1094	2.16924	0	4.95502	6.15125	1.83294	7.79858	7.0737	8.28705	7.08744	6.85352	7.80694	6.12818	5.16821	7.87543	6.77629	7.48651	0	0	9.34029	0	10.41545	4.21399	5.86461	0	0	0	0	0	0	5.70318	0.6318	0	0	0	0	0	0	0	0	0	0	9.50437	0	0	0	
0	0	0	0	0	0	0	0	7.89035	0	0	0	5.2197	0	0	0	8.98127	2.43178	1.90585	0	0	0	0	0	2.50447	0	0	0	0	0	0	0	0	0	8.54719	9.72742	0	8.28281	0	0	0	0	8.9089	10.91036	0	11.44425	8.64943	6.65821	0	5.10605	0	9.90905	8.53442	8.23375	0	5.76279	0	6.99436	0	5.75335	8.42331	4.29875	5.94695	7.72035	6.22317	7.84288	6.55748	9.15246	10.37257	7.782	8.31731	4.71281	5.86948	6.50954	7.77214	4.65255	9.53864	8.10996	0	0	7.94605	6.37274	8.91599	0	8.68522	0	5.4727	6.52683	5.86153	0	4.2214	0	0	9.14925	0	0	0	0	0	0	
0	0	0	0	0	0	0	0	0	0	0	0	0	0	0	0	0	0	0	0	6.57085	0	0	0	0	0	0	0	0	5.71832	0	0	0	0	4.21586	0	0	0	0	0	8.80463	0	10.07109	7.77566	5.92684	0	0	6.30418	4.41479	6.22248	9.51633	0	0	5.43817	4.33413	8.07822	0	0	7.04962	8.90414	11.48861	6.15765	2.62697	5.63373	7.4324	7.64285	6.30089	4.98398	8.85446	5.43415	10.33509	7.13336	4.67224	6.02252	4.90685	0	1.37336	0	7.88749	0	0	0	3.02554	0	0	0	7.87654	0	0	0	0	0	0	0	0	0	0	0	0	0	
0	0	0	0	8.11854	0	0	0	0	0	0	2.43178	0	5.73329	0	0	0	0	0	0	0	0	0	0	0	0	0	0	0	0	0	0	0	0	0	0	0	0	0	6.266	0	0	7.27469	0	8.56615	0	1.27241	4.03427	0	0	1.40512	0	0	0	9.71709	0	0	1.67708	0	10.00783	8.15757	0	8.32911	6.41069	7.56486	0	2.21533	4.53384	9.95614	7.47278	7.09987	8.77213	8.55564	5.37204	0	0	4.27276	4.55628	7.41018	4.62213	4.03427	8.25713	0	0	2.43178	0	1.40512	9.07532	0	4.67738	0	0	0	0	7.72035	0	0	0	0	0	
0	0	0	0	0	0	0	0	0	0	0	0	0	0	0	0	0	7.17346	0	0	0	9.32566	10.35027	0	0	0	9.52711	0	0	0	0	0	0	6.74493	7.17075	0	0	0	0	0	0	0	0	0	0	0	0	0	0	0	13.65783	0	0	0	0	7.45573	10.7717	8.74167	7.54893	3.20817	0	6.24823	5.45535	0	8.69488	7.84921	8.39056	7.38504	5.26422	4.75322	5.45073	5.26361	6.63442	4.65788	9.66016	6.93442	7.2415	0	8.73564	5.50757	0	0	8.59709	0	5.342	9.55836	4.77471	2.43178	0	9.69008	0	0	0	0	0	0	9.5867	0	0	0	
0	0	0	0	0	0	0	0	7.36758	0	0	0	0	0	0	0	0	0	0	0	0	0	0	0	0	0	0	0	0	0.6318	0	0	0	0	0	0	0	0	0	8.97015	0	0	0	0	0	6.72717	0	6.47431	4.62213	0	0	9.74969	0	0	0	0	0	0	8.42702	0	11.13906	0	9.09862	9.10441	7.92966	3.05541	6.2141	0	0	6.74384	7.97428	5.641	8.92851	6.73922	8.54346	11.23961	2.44307	0	0	7.20093	7.96644	8.00752	10.58615	8.42035	6.89406	0	0	0	0	0	8.21773	0	10.97036	0	0	0	0	0	0	0	
0	0	0	0	0	0	0	0	0	0	0	0	0	7.95247	0	0	0	0	0	3.58364	0	0	0	0	0	3.07196	0	0	0	0	0	0	0	0	7.19037	0	0	7.25087	0	0	8.76873	0	6.4832	9.61364	0	0	0	0	0	0	6.09977	5.5593	0	0	6.36315	0	0	0	0	8.72523	6.5577	0	5.58479	8.77598	6.85593	5.30942	10.17774	5.19827	0	5.38376	6.32957	0	4.68814	6.5341	8.98753	7.11886	6.79283	4.70569	6.41819	4.90868	0	5.80674	6.7568	5.35381	3.09963	0	0	7.16297	3.52016	0	7.43902	0	0	8.52154	0	0	0	0	4.66715	0	
0	0	0	0	0	0	0	10.97598	0	0	0	0	0	0	0	0	0	0	0	0	0	0	11.07851	0	0	0	0	0	8.43027	0	0	0	0	0	9.46802	0	0	3.37026	0	0	0	2.82356	0	0	0	0	7.94208	0	0	0	0	0	9.96485	0	0	0	4.67244	3.11974	0	5.69149	6.91747	0	0	6.4237	0	5.62502	0	7.56786	6.84332	10.44657	9.58932	7.42475	7.78647	5.35683	7.05385	7.34361	6.71536	8.61951	6.27426	5.99066	6.55479	7.21575	6.59922	0	5.25262	0	4.65397	5.27567	0	0	9.05317	9.95747	0	0	0	0	9.95689	0	0	0	
0	0	0	0	0	0	0	0	0	0	0	0	0	0	0	0	0	0	0	0	0	0	0	0	0	0	0	0	0	0	0	0	0	0	0	0	0	7.79938	0	0	0	0	0	0	0	0	0	0	0	4.7156	0	4.82247	0	2.4296	0	0	3.71016	6.87384	4.37714	0	2.5717	0	8.18269	12.23883	8.7832	7.62179	0	0	8.34066	7.67205	0	9.57259	6.31412	10.38948	7.94929	5.53565	0	5.06118	4.65078	8.05385	4.39556	9.23517	5.03862	0	0	0	4.95005	0	0	0	0	0	7.53318	5.60292	5.132	0	0	0	0	0	
0	0	0	0	0	0	0	7.61107	0	0	0	0	0	0	0	0	0	0	0	0	0	0	0	0	0	0	0	0	0	0	0	0	0	0	0	0	0	4.22063	0	7.43902	0	0	0	0	0	0	0	0	0	0	4.25339	0	0	12.10253	7.21885	0	0	7.40931	9.20862	10.28823	0	1.40512	0	7.52192	8.60724	9.99546	0	0	8.0029	5.83561	7.91438	4.92189	4.92022	8.80481	8.44171	8.25701	6.50954	0	8.00421	8.41161	8.63359	9.18567	4.16887	3.91918	6.39491	0	0	1.45371	0	0	8.76873	0	0	0	0	2.60022	0	0	0	0	
0	0	0	0	0	0	0	0	0	0	0	0	0	0	0	0	0	0	0	0	0	0	0	0	0	9.21397	0	0	0	0	0	0	0	0	0	0	0	8.14118	0	0	0	0	0	0	8.52799	0	0	0	9.94247	0	0	0	0	0	0	1.67708	0	0	0	0	0	0	8.23796	0	0	6.13329	7.47593	6.65575	10.12249	7.17066	3.06135	0	8.13184	0	8.62755	6.51814	1.40512	6.21074	4.14191	6.35466	6.41175	0	4.01322	0	8.75595	9.75662	0	0	0	0	8.53442	0	0	0	0	0	0	0.6318	0	0	
0	0	0	0	0	0	0	0	0	0	0	0	2.69922	0	0	0	0	0	0	0	0	0	0	0	0	0	0	0	0	0	0	0	0	0	0	0	0	0	0	0	0	0	0	0	0	0	0	9.73115	0	0	0.6318	0	12.00195	0	0	0	0	0	0	4.20267	0	0	0	3.6973	3.82648	6.36315	9.53522	0	12.46513	0	0	8.67487	0	0	0	3.80966	7.47764	9.41739	7.03228	5.68042	0	5.30341	5.56002	4.81503	2.89748	3.65904	7.6542	0	6.0165	0	0	0	0	5.76279	0	0	0	0	0	0	
0	0	0	0	0	0	0	0	0	0	0	0	0	0	0	0	0	0	0	0	0	0	0	0	0	0	0	0	0	0	0	0	10.59745	0	0	0	0	0	0	0	9.07391	0	0	0	0	0	0	0	0	0	0	0	0	0	0	0	5.49225	0	0	0	9.7607	0	0	5.75785	0	7.70903	0	0	8.15271	0	0	0	8.28535	0	0	6.74206	0	0	5.36297	9.80886	8.25783	5.52528	9.89163	0	5.9411	0	2.10323	0	2.43178	0	7.93009	7.08235	5.87094	0	0	0	0	0	0	0	
0	0	0	0	0	0	0	1.64575	0	0	0	0	0	0	0	0	0	0	0	0	0	0	0	0	0	0	0	7.16849	0	0	0	0	0	0	0	0	0	0	0	0	0	0	0	0	0	0	0	0	0	0	0	0	0	0	0	0	0	1.06963	0	0	0	0	0	0	0	0	0	0	0	0	3.97406	4.65565	5.55441	0	0	7.43902	6.09977	0	9.61404	4.03427	0	8.26199	0	8.63555	4.03427	8.81382	0	8.24933	0	3.93411	0	4.7156	0	0	0	8.9844	0	0	0	0	
0	0	0	0	0	0	0	0	0	0	0	0	0	0	0	0	0	0	0	0	7.80431	0	0	0	0	0	0	0	0	0	1.90585	0	0	0	0	0	0	0	0	0	0	0	0	0	0	0	0	0	0	0	0	0	0	0	0	0	0	0	0	11.03535	0	0	0	0	7.28997	8.62354	4.45148	4.32528	0	0	0	0	0	0	0	5.19827	5.95654	1.67708	0	0	3.29701	0	0	0	4.12777	6.94226	8.6124	7.12459	6.61843	0	6.66604	6.20021	3.71016	6.96781	0	5.76279	0	0	0	0	
0	0	0	0	0	0	0	0	0	0	0	0	0	0	0	0	0	0	0	0	0	0	0	0	0	0	0	0	0	0	0	0	0	0	0	0	0	0	0	0	0	0	0	0	0	0	0	0	4.55628	0	0	0	0	0	0	0	0	0	0	0	0	0	0	0	0	0	0	0	0	8.71126	11.48612	10.84765	7.50547	0	10.21809	6.57751	0	8.77598	5.28215	0	0	8.00278	7.86061	0	3.97297	0	4.68512	0	0	6.27926	0	4.13482	4.73609	0	4.37714	0	0	0	0	0	
0	0	0	0	0	0	0	0	0	0	0	0	0	0	0	7.65593	0	0	0	0	0	0	0	0	0	0	0	0	0	0	0	0	0	0	6.95509	0	0	0	0	0	0	0	0	0	0	0	0	0	0	0	0	0	0	0	0	0	0	0	0	0	0	0	0	0	0	0	0	4.8315	0	0	0	0	0	7.07164	0	0	0	0	0	0	0	3.82648	0	0	4.8744	0	8.57805	3.0947	7.53617	10.08191	8.67875	0	9.97197	0	0	0	0	0	0	0	
0	0	0	0	0	0	0	0	0	0	0	0	0	0	0	0	0	0	0	0	0	0	0	0	0	0	0	0	0	0	0	0	0	0	0	0	0	0	0	0	0	0	0	0	0	0	0	0	8.69222	6.92279	0	0	0	0	0	0	0	0	0	9.89497	0	0	0	0	0	7.51547	0	0	0	0	0	8.99221	0	0	0	0	0	11.48806	0	5.90387	11.80668	0	0	10.32701	0	0	0	0	0	0	0	0	0	0	0	0	0	0	0	0	
0	0	0	0	0	0	0	0	0	0	0	0	0	0	0	0	0	0	0	5.39947	0	0	0	0	0	0	0	0	0	0	0	0	0	0	0	0	0	0	0	0	0	0	0	0	0	0	0	0	0	0	0	0	0	0	0	3.20388	0	0	12.25562	0	0	0	0	0	6.62647	0	0	0	0	0	0	6.46536	0	5.06254	0	0	6.92279	0	0	0	4.21203	7.28286	4.31397	7.80715	0	0	0	8.0839	9.93795	0	1.06963	10.75986	10.44998	0	0	0	0	0	0	0	
0	0	0	0	0	0	0	0	0	0	0	0	0	0	0	0	0	0	0	0	0	0	0	0	0	0	0	0	0	0	0	0	0	0	0	0	0	0	0	0	0	0	0	0	0	0	0	0	0	0	0	0	0	0	0	0	0	0	0	0	0	0	0	0	0	0	0	0	0	0	0	0	0	0	0	0	0	0	0	0	0	0	0	0	0	0	0.6318	0	0	0	0	9.52819	0	0	0	0	0	0	0	0	
0	0	0	0	0	0	0	0	0	0	0	0	0	0	0	0	0	0	0	0	0	0	0	0	0	0	0	0	0	0	0	0	0	0	0	0	0	0	0	0	0	0	0	0	0	0	0	0	0	0	0	0	0	0	0	0	0	0	0	0	0	0	0	0	0	0	0	0	0	0	8.18349	0	0	0	0	0	4.62213	0	0	7.93622	0	0	0	9.4679	0	0	0	1.40512	0	0	4.96133	10.36657	0	0	0	0	0	0	0	0	
0	0	0	0	0	0	0	0	0	0	0	0	0	0	0	0	0	0	0	0	0	0	0	0	0	0	0	0	0	0	0	0	0	0	0	0	0	0	0	0	0	0	0	0	0	0	0	0	0	0	0	0	0	0	0	0	0	0	0	4.33848	0	0	0	0	0	0	0	0	0	0	8.89897	0	0	0	0	0	0	0	0	0	0	0	0	0	0	0	6.34376	0	0	0	0	0	0	0	0	0	0	0	0	0	
0	0	0	0	0	0	0	0	0	0	0	0	0	0	0	0	0	0	0	0	0	0	0	0	0	0	0	0	0	0	0	0	0	0	0	0	0	0	0	0	0	0	0	0	0	0	0	0	0	0	0	0	0	0	0	0	0	0	0	0	0	0	0	0	0	0	0	0	0	7.96204	0	0	0	0	0	0	0	0	6.82829	0	0	0	0	0	0	0	0	0	8.17174	4.52218	0	0	0	0	0	0	0	0	0	0	
0	0	0	0	0	0	0	0	0	0	0	0	0	0	0	0	0	0	0	0	0	0	0	0	0	0	0	0	0	0	0	0	0	0	0	0	0	0	0	0	0	0	0	0	0	0	0	0	0	0	0	0	0	0	0	0	0	0	0	0	0	0	0	0	0	0	0	0	0	0	0	0	0	0	0	0	0	0	0	0	0	0	0	0	0	0	4.17257	0	0	0	0	0	0	0	0	0	0	0	0	0	
0	0	0	0	0	0	0	0	0	0	0	0	0	0	0	0	0	0	0	0	0	0	0	0	0	0	0	0	0	0	0	0	0	0	0	0	0	0	0	0	0	0	0	0	0	0	0	0	0	0	0	0	0	0	0	0	0	0	8.26488	0	0	0	0	0	0	0	0	0	0	0	0	0	0	0	0	7.75745	0	0	0	0	0	0	0	0	0	0	0	0	0	0	0	0	0	0	0	0	0	0	0	0	
0	0	0	0	0	0	0	0	0	0	0	0	0	0	0	0	0	0	0	0	0	0	0	0	0	0	0	0	0	0	0	0	7.14628	0	0	0	0	0	0	0	0	0	0	0	0	0	0	0	0	0	0	0	0	0	0	0	0	0	0	0	0	0	1.90585	0	0	0	0	0	0	0	0	0	0	0	0	5.26163	0	0	0	0	4.37714	0	0	0	0	0	0	0	0	0	0	0	0	0	0	0	0	0	0	0	
0	0	0	0	0	0	0	0	0	0	0	0	0	0	0	0	0	0	0	0	0	0	0	0	0	0	0	0	0	0	0	0	0	0	0	0	0	0	0	0	0	0	0	0	0	0	0	0	0	0	0	0	0	0	0	0	0	0	0	0	0	0	0	0	0	0	0	0	0	0	0	0	0	0	0	0	0	0	0	0	0	0	0	0	0	0	0	0	0	0	0	0	0	0	0	0	0	0	0	0	
0	0	0	0	0	0	0	0	0	0	0	0	0	0	0	0	0	0	0	0	0	0	0	0	0	0	0	0	0	0	0	0	0	0	0	0	0	0	0	0	0	0	0	0	0	0	0	0	0	0	0	0	0	0	0	0	0	0	0	0	0	0	0	0	0	0	0	0	0	0	0	0	0	0	0	0	0	0	0	0	0	0	0	0	0	0	0	0	0	0	0	0	0	0	0	0	0	0	0	0	
0	0	0	0	0	0	0	0	0	0	0	0	0	0	0	0	0	0	0	0	0	0	0	0	0	0	0	0	0	0	0	0	0	0	0	0	0	0	0	0	0	0	0	0	0	0	0	0	0	0	0	0	0	0	0	0	0	0	0	0	0	0	0	0	0	0	0	0	0	0	0	0	0	0	0	0	0	0	0	0	0	0	0	0	0	0	0	0	0	0	0	0	0	0	0	0	0	0	0	0	
0	0	0	0	0	0	0	0	0	0	0	0	0	0	0	0	0	0	0	0	0	0	0	0	0	0	0	0	0	0	0	0	0	0	0	0	0	0	0	0	0	0	0	0	0	0	0	0	0	0	0	0	0	0	0	0	0	0	0	0	0	0	0	0	0	0	0	0	0	0	0	0	0	0	0	0	0	0	0	0	0	0	0	0	0	0	0	0	0	0	0	0	0	0	0	0	0	0	0	0	
0	0	0	0	0	0	0	0	0	0	0	0	0	0	0	0	0	0	0	0	0	0	0	0	0	0	0	0	0	0	0	0	0	0	0	0	0	0	0	0	0	0	0	0	0	0	0	0	0	0	0	0	0	0	0	0	0	0	0	0	0	0	0	0	0	0	0	0	0	0	0	0	0	0	0	0	0	0	0	0	0	1.67708	0	0	0	0	0	0	0	0	0	0	0	0	0	0	0	0	0	0	
0	0	0	0	0	0	0	0	0	0	0	0	0	0	0	0	0	0	0	0	0	0	0	0	0	0	0	0	0	0	0	0	0	0	0	0	0	0	0	0	0	0	0	0	0	0	0	11.41823	0	0	0	0	0	0	0	0	0	0	0	0	0	0	0	0	0	0	0	0	0	0	0	0	0	0	8.31156	0	0	0	0	0	0	0	0	0	0	0	0	0	0	0	0	0	0	0	0	0	0	0	0	0	
