0	0	0	0	0	0	0	0	0	0	0	0	0	0	0	0	0	0	0	0	0	0	0	0	0	0	0	0	0	0	0	0	0	0	0	0	0	0	0	0	0	0	0	0	0	0	0	0	0	0	0	7.61694	0	0	0	0	0	0	0	0	0	0	0	0	0	0	0	0	0	0	0	0	0	0	0	0	0	0	0	0	0	0	0	0	0	0	0	0	0	0	0	0	0	0	0	0	0	0	0	0	
0	0	0	0	0	0	0	0	0	0	0	0	0	0	0	0	0	0	0	0	0	0	0	0	0	0	0	0	0	0	0	0	0	0	0	0	0	0	0	0	0	0	0	0	0	0	0	13.06364	0	0	0	0	0	0	0	0	0	0	0	0	0	0	0	8.15322	0	0	0	0	0	0	0	0	0	0	0	0	0	0	0	0	0	0	0	0	0	0	0	0	0	0	0	0	0	0	0	0	0	0	0	0	
0	0	0	0	0	0	0	0	0	0	0	0	0	0	0	0	0	0	0	0	0	0	0	0	0	0	0	0	0	0	0	0	0	0	0	0	0	0	0	0	0	0	0	0	0	0	0	0	0	0	0	0	0	0	9.81221	0	0	0	0	0	0	0	0	0	0	0	0	0	0	0	0	0	0	0	0	0	0	0	0	0	0	0	0	0	0	0	0	0	0	0	0	0	0	0	0	0	0	0	0	0	
0	0	0	0	0	0	0	0	0	0	0	0	0	0	0	0	0	0	0	0	0	0	0	0	0	0	0	0	0	0	0	0	0	0	0	0	0	0	0	0	0	0	0	0	0	0	16.02127	8.45103	0	0	0	0	0	0	0	0	0	0	0	0	0	0	0	0	0	0	0	0	0	0	0	0	0	0	0	0	0	0	0	0	0	0	0	0	0	0	0	0	0	0	0	0	0	0	0	0	0	0	0	0	
0	0	0	0	0	0	0	0	0	0	0	0	0	0	0	0	0	0	0	0	0	0	0	0	0	0	0	0	0	0	0	0	0	0	0	0	0	5.21551	0	0	0	0	0	12.61158	0	0	0	0	0	0	0	0	0	0	0	0	0	0	0	0	0	0	0	0	0	0	0	0	0	0	0	0	0	0	0	0	0	0	0	0	0	0	0	0	0	0	0	0	0	0	0	0	0	0	0	0	0	0	0	0	
0	0	0	0	0	0	0	0	0	0	0	0	0	0	0	0	0	0	0	0	0	0	0	0	0	0	0	0	0	0	0	0	0	0	0	0	0	0	0	0	0	0	0	0	0	0	0	0	0	0	0	0	0	0	0	0	0	0	0	0	0	0	0	0	0	0	0	0	0	0	0	0	9.37942	0	0	0	0	0	0	0	0	0	0	0	0	0	0	0	0	0	0	0	0	0	0	0	0	0	0	0	
0	0	0	0	0	0	0	0	0	0	0	0	0	0	0	0	0	0	0	0	0	0	0	0	0	0	0	0	0	0	0	0	0	0	0	0	0	0	0	0	0	0	0	0	0	0	0	0	0	0	0	0	0	0	0	0	0	0	0	0	0	0	0	0	0	0	0	0	0	0	0	0	0	0	12.3902	0	0	0	0	0	0	0	0	0	0	0	0	0	0	0	0	0	0	0	0	0	0	0	0	0	
0	0	0	0	0	0	0	0	0	0	0	0	0	0	0	0	0	0	0	0	0	0	0	0	0	0	0	0	0	0	0	0	0	0	0	0	0	0	0	0	0	0	0	0	0	0	0	0	0	0	0	9.34698	0	0	0	9.88049	0	0	8.94805	0	0	0	0	0	0	0	0	0	0	0	0	0	0	0	0	0	0	0	0	0	0	0	0	0	0	0	0	0	0	0	0	0	0	0	0	0	0	0	0	0	
0	0	0	0	0	0	0	0	0	0	0	0	0	0	0	0	0	0	0	0	0	0	0	0	0	0	0	0	7.77794	0	0	0	0	0	0	0	0	0	0	0	0	0	0	0	0	0	0	0	0	0	0	0	0	0	0	0	0	0	0	0	0	0	0	0	0	0	0	7.84744	0	0	0	0	0	0	0	0	0	0	0	0	0	0	0	0	0	0	0	0	0	0	0	0	0	0	0	0	0	0	0	0	
0	0	0	0	0	0	0	0	0	0	0	0	0	0	0	0	0	0	0	0	0	0	0	0	0	0	0	0	0	0	0	0	0	0	0	0	0	0	0	0	0	0	0	0	0	0	0	0	0	0	0	0	0	0	0	6.89164	0	0	0	0	0	0	0	0	0	0	0	0	0	0	0	0	0	0	0	0	0	0	0	0	0	0	0	0	0	0	0	0	0	0	0	0	0	0	0	0	0	0	0	0	
0	0	0	0	0	0	0	0	0	0	0	0	0	0	0	0	0	0	0	0	0	0	0	0	0	0	0	0	0	0	0	0	0	0	0	0	0	0	0	0	0	0	0	0	0	0	0	0	0	0	0	0	0	0	0	0	0	0	0	0	0	0	0	0	0	0	0	10.55852	0	0	0	0	0	0	0	0	0	0	0	0	0	0	0	0	0	0	0	0	0	0	0	0	0	0	0	0	0	0	0	0	
0	0	0	0	0	0	0	0	0	0	0	0	0	0	0	0	0	0	0	0	0	0	0	0	0	0	0	0	0	0	0	0	0	0	0	0	0	0	0	0	0	0	0	0	0	0	0	0	0	0	0	0	3.40323	0	0	0	6.42263	0	0	0	0	0	0	0	0	0	0	0	0	0	0	6.19597	0	0	0	0	0	0	0	0	0	0	0	0	0	0	0	0	0	0	0	0	0	0	0	0	0	0	0	0	
0	0	0	0	0	0	0	0	0	0	0	0	0	0	0	0	0	0	0	0	0	0	0	0	0	0	0	0	0	0	0	0	0	0	0	0	0	0	0	0	0	0	0	0	0	0	0	0	8.65367	0	0	0	11.28829	0	0	0	0	0	0	0	0	0	0	0	0	0	0	5.70868	0	0	0	0	0	0	0	0	0	0	0	0	0	0	0	0	0	0	0	0	0	0	0	0	0	0	0	0	0	0	0	0	
0	0	0	0	0	0	0	0	0	0	0	0	0	0	0	0	0	0	0	0	0	0	0	0	0	0	0	0	0	0	15.24742	0	0	0	0	0	0	0	0	8.6592	0	0	0	0	0	0	0	9.24848	0	0	0	0	0	0	0	0	0	5.83901	16.44315	0	8.52673	0	0	10.84597	0	0	0	0	0	0	0	0	0	0	0	0	0	0	0	0	0	0	0	0	0	0	0	0	0	0	0	0	0	0	0	0	0	0	0	0	
0	0	0	0	0	0	0	0	0	0	0	0	0	0	0	0	0	0	0	0	0	0	0	0	0	0	0	0	0	0	0	0	0	0	0	0	0	0	0	0	0	0	0	0	0	0	0	0	0	0	0	0	0	0	5.51496	0	0	0	0	0	0	0	0	0	0	0	0	0	0	0	0	0	0	0	17.39962	0	0	0	0	0	0	0	0	0	0	0	0	0	0	0	0	0	0	0	0	0	0	0	0	0	
0	0	0	0	0	0	0	0	0	0	0	0	0	0	0	0	0	0	0	0	0	0	0	0	0	0	0	0	0	0	0	0	0	0	0	0	0	0	0	0	0	0	12.66795	0	0	0	0	0	0	0	0	0	9.66457	0	0	0	0	0	0	13.88204	0	0	0	0	0	0	0	0	0	0	0	4.14464	0	0	0	0	0	0	0	0	0	0	0	0	0	0	0	0	0	0	0	0	0	0	0	0	0	0	0	0	
0	0	0	0	0	0	0	0	0	0	0	0	0	0	0	0	0	0	0	0	0	0	0	0	0	0	0	0	0	0	0	0	0	0	0	0	0	0	0	0	0	0	0	6.25564	0	0	0	12.50264	0	0	0	7.59819	0	0	0	0	0	0	4.22728	0	0	0	0	0	0	0	0	0	0	0	0	0	0	0	0	0	0	0	0	0	0	0	0	0	0	0	0	0	0	0	0	0	0	0	0	0	0	0	0	0	
0	0	0	0	0	0	0	0	0	0	0	0	0	0	0	0	0	0	0	0	0	0	0	0	0	0	0	0	0	0	0	0	0	0	0	0	0	0	0	0	0	0	9.49946	0	0	0	0	0	0	0	0	0	0	0	0	8.74379	0	0	0	0	0	0	0	0	0	0	2.03217	0	2.13727	0	0	0	0	0	0	0	0	0	0	0	0	0	0	0	0	0	0	0	0	0	0	0	0	0	0	0	0	0	0	0	
0	0	0	0	0	0	0	0	0	0	0	0	0	0	0	0	0	0	0	0	0	0	0	0	0	0	0	0	0	0	0	0	0	0	0	0	0	0	0	0	13.31024	0	0	0	0	0	0	0	0	0	0	0	0	0	0	0	0	0	0	0	0	0	0	0	0	0	0	0	0	0	0	0	0	0	0	0	0	0	0	0	0	0	0	0	0	0	0	0	0	0	0	0	0	0	0	0	0	0	0	0	
0	0	0	0	0	0	0	0	0	0	0	0	0	0	0	0	0	0	0	0	0	0	0	0	0	0	0	0	0	0	0	0	0	0	0	0	0	0	0	0	0	0	0	0	0	0	0	8.37623	0	0	6.05284	0	0	0	0	0	0	0	0	0	0	0	0	0	0	0	0	0	0	0	0	0	0	0	0	0	8.26033	0	0	0	0	0	0	0	0	0	0	0	0	0	0	0	0	0	0	0	0	0	0	0	
0	0	0	0	0	0	0	0	0	0	0	0	0	0	0	0	0	0	0	0	0	0	0	0	0	0	0	0	0	0	0	0	0	0	0	0	0	0	0	0	0	0	0	0	0	0	0	6.30712	0	0	8.69621	10.84161	0	0	0	0	7.20969	0	10.0072	0	10.99562	0	0	0	0	10.87925	0	0	0	0	0	0	0	0	0	0	0	0	0	0	0	0	0	0	0	0	0	0	0	0	0	0	0	0	0	0	0	0	0	0	
0	0	0	0	0	0	0	0	0	0	0	0	0	0	0	0	0	0	0	0	0	0	0	0	0	0	0	0	0	0	0	0	0	0	0	0	0	0	0	0	0	7.94465	0	0	0	0	0	0	0	0	0	0	0	0	0	0	0	0	0	0	0	0	0	0	0	0	0	0	0.69421	0	0	0	0	0	0	0	0	0	0	0	0	0	0	0	0	0	0	0	0	0	0	0	0	0	0	0	0	0	0	0	
0	0	0	0	0	0	0	0	0	0	0	0	0	0	0	0	0	0	0	0	0	0	0	0	0	0	0	0	0	0	0	7.27513	1.34772	0	0	0	0	0	0	0	0	0	0	0	0	0	0	6.4618	0	0	0	0	0	0	0	0	0	0	0	0	0	0	0	8.02044	0	0	0	5.885	0	0	0	0	0	0	0	0	0	0	0	0	0	0	0	0	0	0	0	0	0	0	0	0	0	0	0	0	0	0	0	0	
0	0	0	0	0	0	0	0	0	0	0	0	0	0	0	0	0	0	0	0	0	0	0	0	0	0	0	0	0	0	0	10.32477	0	0	0	0	0	0	0	0	0	0	0	0	0	0	0	0	0	0	0	0	0	0	0	0	0	0	0	0	0	0	0	0	0	0	0	0	0	0	0	0	0	0	0	0	0	0	0	0	0	0	0	0	0	0	0	0	0	0	0	0	0	0	0	0	0	0	0	0	
0	0	0	0	0	0	0	0	0	0	0	0	0	0	0	0	0	0	0	0	0	0	0	0	0	0	0	0	0	0	0	0	0	0	0	0	0	0	0	0	0	0	0	10.03508	0	0	0	0	0	13.18375	0	0	0	0	9.63796	0	0	0	0	0	0	0	0	0	0	0	0	0	0	0	0	0	0	0	0	0	0	0	0	0.83069	0	0	0	0	0	0	0	0	0	0	0	0	0	0	0	0	0	0	0	0	
0	0	0	0	0	0	0	0	0	0	0	0	0	0	0	0	0	0	0	0	0	0	0	0	0	0	0	0	0	0	0	0	12.14383	0	0	0	0	0	0	0	0	0	0	0	0	0	0	3.89783	0	0	4.66949	0.49672	0	0	0	0	0	0	8.25887	0	0	0	0	0	0	0	0	0	0	0	10.56413	0	0	0	0	0	0	0	0	0	0	0	0	0	0	5.89857	0	0	0	0	0	0	0	0	0	0	0	0	0	0	
0	0	0	0	0	0	0	0	0	0	0	0	0	0	0	0	0	0	0	0	0	0	0	0	0	0	0	0	0	0	0	0	0	0	0	0	0	0	0	9.47899	0	0	0	0	15.4335	0	8.62686	0	0	0	0	0	0	0	0	0	0	0	0	0	0	0	0	0	0	0	0	0	0	2.49452	0	0	0	0	0	0	0	0	0	0	0	0	0	0	0	0	0	0	0	0	0	0	0	0	0	0	0	0	0	0	
0	0	0	0	0	0	0	0	0	0	0	0	0	0	0	0	0	0	0	0	0	0	0	0	0	0	0	0	0	0	0	0	0	0	0	9.58612	0	0	0	0	0	0	0	0	0	0	0	8.82172	0	0	0	0	0	5.81682	0	0	0	0	0	0	9.06504	0	0	0	0	0	0	0	0	0	0	0	0	0	0	0	0	0	0	0	0	0	0	0	0	0	0	0	0	0	0	0	0	0	1.34772	0	0	0	0	0	
0	0	0	0	0	0	0	0	0	0	0	0	0	0	0	0	0	0	0	0	0	0	0	0	0	0	0	0	0	0	0	0	0	0	0	0	0	0	0	0	0	12.39799	0	0	0	0	0	0	0	0	0	0	5.35276	0	0	0	0	0	0	0	0	0	0	0	0	0	0	8.40939	0	0	0	6.31274	0	0	0	0	0	0	0	0	0	0	0	0	0	0	0	0	0	0	0	0	0	0	0	0	0	0	0	0	
0	0	0	0	0	0	0	0	0	0	0	0	0	0	0	0	0	0	0	0	0	0	0	0	0	0	0	0	0	0	0	0	0	0	0	0	0	0	0	0	8.17189	0	0	0	10.98993	0	0	6.60548	0	0	6.97905	10.18086	0	0	0	10.5976	0	0	4.8486	0	8.50698	0	0	0	0	0	0	0	4.28846	0	0	0	0	0	0	0	0	0	0	0	0	0	0	0	0	0	0	0	0	0	0	0	0	0	0	1.16098	0	0	0	0	
0	0	0	0	0	0	0	0	0	0	0	0	0	0	0	0	0	0	0	0	0	0	0	0	0	0	0	0	0	0	0	0	0	0	0	0	0	0	0	0	0	0	0	0	12.68037	0	0	0	0	3.77294	0	0	8.74275	0	0	0	0	5.62984	0	0	0	4.37695	0	0	0	0	0	0	0	0	0	0	0	0	0	0	0	0	0	0	0	0	0	0	0	0	0	0	0	0	0	0	0	0	0	0	0	0	0	0	
0	0	0	0	0	0	0	0	0	0	0	0	0	0	0	0	0	0	0	0	0	0	0	0	0	0	0	0	0	0	0	0	0	0	0	0	0	0	0	0	0	0	0	11.55316	0	0	12.66775	0	0	0	7.47881	0	0	0	0	0	0	0	0	6.27869	0	0	0	0	9.51539	0	0	2.9632	0	0	0	0	10.35095	0	0	0	1.51304	0	0	0	0	0	0	0	0	0	0	0	0	0	0	0	0	0	0	0	0	0	0	0	
0	0	0	0	0	0	0	0	0	0	0	0	0	0	0	0	0	0	0	0	0	0	0	0	0	0	0	0	0	0	0	0	0	0	0	0	0	0	0	0	0	0	0	0	5.29022	1.91884	0	10.69414	0	0	0	15.50948	7.38056	0	0	7.42793	0	0	0	0	0	0	0	0	0	0	0	6.66438	0	0	0	0	0	12.24236	0	0	0	0	0	0	0	0	0	0	0	0	0	0	0	0	0	0	0	0	0	0	0	0	0	0	
0	0	0	0	0	0	0	0	0	0	0	0	0	0	0	0	0	0	0	0	0	0	0	0	0	0	0	0	0	0	0	0	0	0	0	0	0	12.80078	0	0	0	0	0	0	0	0	0	0	9.20909	0	0	5.68356	0	0	1.16098	0	11.2273	0	0	1.34772	0	9.11414	0	0	0	0	0	0	0	0	0	0	0	0	5.70182	2.03217	0	0	0	0	0	0	0	0	0	0	0	0	0	0	0	0	0	0	0	0	0	0	0	0	
0	0	0	0	0	0	0	0	0	0	0	0	0	0	0	0	0	0	0	0	0	0	0	0	0	0	0	0	0	0	0	0	0	0	0	0	0	0	0	0	0	0	13.67454	0	0	10.755	0	12.57631	0	0	6.52125	0	12.20328	0	9.61369	0	0	0	0	0	0	0	0	8.95076	0	0	0	6.4618	0	0	7.81801	0	0	0	0	0	0	0	3.70619	0	0	0	0	0	0	0	0	0	0	0	0	0	0	0	0	0	0	0	0	0	
0	0	0	0	0	0	0	0	0	0	0	0	0	0	0	0	0	0	0	0	0	0	0	0	0	0	0	0	0	0	0	0	0	0	0	0	0	0	0	0	0	0	0	0	0	0	0	5.83901	7.74091	0	0	9.18249	0	0	0	0	0	0	0	0	0	0	0	0	1.16098	0	0	0	0	0	0	0	0	0	0	0	0	0	0	0	0	0	0	0	0	0	0	0	0	0	6.75797	0	0	0	0	0	0	0	0	0	
0	0	0	0	0	0	0	0	0	0	0	0	0	0	0	0	0	0	0	0	0	0	0	0	0	0	0	0	0	0	0	0	0	0	0	0	0	0	0	0	0	0	0	0	0	0	0	10.15724	0	0	0	0	7.68134	2.57153	0	0	0	0	11.89413	12.94475	0	0	0	0	0	0	0	0	0	0	0	0	0	0	0	0	0	0	0	0	0	0	0	0	0	0	0	0	0	0	0	0	0	0	0	0	0	0	4.92397	0	
0	0	0	0	0	0	0	0	0	0	0	0	0	0	0	0	0	0	0	0	0	0	0	0	0	0	0	0	0	0	0	0	0	0	0	0	0	0	0	0	0	0	9.31368	0	0	0	0	0	0	8.81211	0	7.06812	0	6.67314	0	0	0	0	0	0	0	0	0	0	11.19382	0	0	0	0	0	0	0	0	0	0	0	12.75211	0	0	0	0	0	0	0	0	0	0	0	0	0	0	0	0	0	0	0	0	0	0	0	
0	0	0	0	0	0	0	0	0	0	0	0	10.03636	0	0	0	0	0	0	0	0	0	0	0	0	0	0	0	0	0	9.87053	0	0	0	0	0	0	0	0	0	0	0	9.19867	0	0	0	0	14.03183	0	0	11.87532	0	0	4.02897	3.77294	0	8.76733	0	0	0	0	0	0	8.5611	8.31595	9.46455	0	0	0	0	0	0	0	0	0	0	0	0	0	0	0	0	0	0	0	0	0	0	0	0	0	0	0	0	0	0	0	0	0	0	
0	0	0	0	0	0	0	0	0	0	0	0	0	0	0	0	0	0	0	0	0	0	0	0	0	0	0	0	0	0	0	0	0	0	0	0	0	0	0	0	0	0	0	0	0	11.0294	8.09896	0	2.13727	12.6444	3.98487	8.86644	7.33757	0	8.70158	5.54546	0	0	0	0	14.08951	0	0	0	0	0	0	0	0	5.78523	0	0	0	0	0	0	3.01606	0	0	0	0	0	0	0	0	0	0	0	0	0	0	0	0	0	0	0	0	0	0	0	
0	0	0	0	0	0	0	0	0	0	0	0	0	0	0	7.2923	0	0	0	0	0	0	0	0	0	0	0	0	0	0	0	0	0	0	0	4.89429	11.06239	0	0	0	0	0	0	2.84408	0	9.5257	7.34082	9.16473	3.17546	8.73649	0	0	3.73995	0	9.34555	0	0	0	0	5.05043	0	10.56795	0	6.74971	0	8.79487	0	0	11.60718	0	6.15276	0	0	0	0	10.20399	0	0.94643	0	2.88025	0	0	0	0	0	0	0	0	0	0	9.06338	0	0	0	0	0	0	0	0	0	
0	0	0	0	0	0	0	0	0	0	0	0	0	0	0	0	0	0	0	0	0	0	0	0	0	0	12.04918	0	0	0	0	1.91884	0	0	6.10821	0	0	0	0	0	11.56429	0	0	0	0	0	0	0	9.16873	1.66138	2.23521	10.15646	8.8825	0	10.50461	0	8.42374	0	4.57288	0	4.78534	7.94646	0	0	0	5.71718	0	0	0	0	0	0	0	7.86275	0	0	0	0	0	0	0	0	0	0	0	0	0	0	0	0	0	0	0	0	0	0	5.1667	0	0	0	
0	0	0	0	0	0	0	0	0	0	0	0	0	0	0	0	0	0	0	10.17663	0	0	0	0	0	0	0	0	0	0	0	0	0	0	0	0	0	0	0	0	0	0	0	13.41831	0	0	10.98993	10.49198	11.11982	0	7.52311	7.29392	10.18355	0	0	0	13.15408	0	0	7.43321	6.34739	0	0	13.68012	0	6.57368	0	8.70692	0	0	0	0	0	0	0	0	0	0	0	0	0	0	0	0	0	0	0	0	0	0	6.83971	0	0	0	0	0	0	0	0	0	
0	0	0	0	0	0	0	0	0	0	0	0	7.18609	0	0	0	0	0	0	9.42877	0	0	0	0	0	0	0	0	0	0	0	0	0	6.54796	0	0	0	0	0	0	0	14.06758	13.03356	0	8.77099	0	0	6.19233	7.08135	0	2.71422	7.39717	7.02699	2.76299	9.3191	5.15423	5.44069	5.16047	7.39351	0	0	0	0	0	2.71422	0	0	0	0	0	0	0	0	0	0	0	0	0	11.15446	2.03217	0	0	0	0	0	0	0	0	0	0	0	0	0	0	0	0	0	0	0	0	
0	0	0	0	0	0	0	0	0	0	0	0	0	0	0	0	0	0	0	0	0	0	0	14.51838	0	0	0	0	0	0	0	0	0	0	0	0	0	0	11.23712	0	0	0	7.85519	8.97665	0.94643	0	10.32145	4.94821	0	8.44445	8.6178	7.01605	0	0	0	0	0	5.64624	12.82794	9.73008	9.03306	0	0	0	9.78972	0	0	0	0	0	0	0	0	0	0	0	0	0	0	0	0	0	0	0	0	0	0	0	0	0	0	0	0	0	0	0	0	0	0	0	
0	0	8.0409	0	0	0	0	0	0	0	0	0	0	0	0	0	0	0	0	0	0	0	0	0	0	0	0	0	0	0	0	0	0	0	0	0	0	0	0	0	10.9095	0	0	0	0	9.40332	0	10.93303	9.05502	11.30196	0	9.06587	9.70305	8.75599	0.38847	8.19945	0	0	8.65809	4.63197	6.43881	0	6.89164	9.43393	0	0	0	0	0	0	0	7.83105	0	0	0	0	2.64464	0	0	0	0	0	0	0	0	0	0	0	0	0	0	0	0	0	0	0	0	0	0	0	
0	0	0	0	0	0	0	0	0	0	0	8.24277	0	0	0	0	0	0	0	0	0	0	0	0	0	0	0	0	0	0	0	0	7.9154	0	0	0	0	8.29915	12.64457	2.32691	7.53758	8.08957	0	0	11.63721	8.65337	11.22352	5.92413	10.78577	0	11.38364	0	4.54667	5.21973	0	10.18176	4.10087	11.19407	0	0	0	0	0	0	0	0	0	6.346	0	0	0	0	13.51376	0	0	4.57699	0	0	11.78926	0	0	0	0	0	0	0	0	0	0	0	0	0	0	0	0	7.92734	0	0	0	0	
0	0	0	0	0	0	0	0	0	0	0	0	0	0	0	0	0	0	0	0	0	0	0	0	0	0	0	0	0	0	0	0	0	0	7.58013	8.24018	0	0	0	7.359	0	12.02787	0	10.57023	13.5643	9.99305	7.47102	7.01991	6.05478	11.8337	10.72383	10.57206	0.38847	8.95185	0	0	6.77525	0	0	5.43418	7.59174	0	2.13727	0	0	0	0	0	0	0	0	0	0	0	0	0	0	0	8.15322	0	0	0	0	0	0	0	0	11.15973	0	0	0	0	0	0	0	0	0	0	0	0	
0	0	0	0	0	0	0	0	8.54209	0	8.76444	0	0	0	0	0	0	0	0	0	0	0	0	0	0	0	10.20863	0	0	0	0	0	0	0	0	0.69421	0	13.21724	11.91118	0	8.95546	9.21135	0	7.49372	8.38292	11.93802	6.61606	7.523	8.3043	9.25905	0	7.27698	0.69421	0	0	0	9.53079	1.34772	0	0	0	0	2.13727	0	0	0	12.67473	0	0	0	0	0	0	0	0	0	0	0	0	0	0	0	0	0	0	0	0	0	0	0	0	0	0	3.80519	0	0	0	0	0	0	
0	0	0	0	0	0	0	0	0	0	0	9.90209	0	0	10.94563	0	0	0	0	0	0	0	0	0	0	0	0	0	0	0	0	11.284	0	0	7.66386	0	10.62722	0	0	10.80244	0.69421	0	11.32827	9.56676	10.39954	7.1258	10.88229	8.52111	4.92108	7.88407	6.44998	9.94955	9.23122	9.44365	0	6.42076	9.73859	0	0	11.67583	8.74794	5.46323	0	10.56766	0	0	0	0	0	0	0	0	0	0.38847	0	6.55361	0	0	0	0	0	0	0	7.08135	0	0	0	0	0	0	0	0	0	0	0	0	0	0	0	0	
0	0	0	0	0	0	0	0	0	0	0	0	11.22115	0	0	0	0	0	0	0	0	0	0	0	0	0	0	0	0	9.26451	0	0	9.70679	0	9.5692	0	11.69114	0	11.23952	10.55556	10.56544	9.84603	10.05232	8.93683	8.16241	3.64335	9.63859	10.49619	9.10283	9.32348	7.66584	10.28601	10.19804	7.24361	5.36245	5.55436	9.00221	0	0	6.90286	9.58496	0	0	0	0	0	0	0	0	0	0	0	0	9.90938	0	0	0	0	0	0	10.66368	0	0	0	0	0	0	0	0	0	0	0	0	0	0	0	0	0	0	0	
0	0	0	0	0	0	0	12.90757	0	0	0	10.53227	0	0	0	0	0	0	0	0	0	0	0	0	0	0	0	7.75129	0	0	5.37442	0	13.28084	0	0	0	9.00296	5.36363	12.26777	10.17946	9.4382	4.93826	0	11.24219	10.18382	9.38727	8.84217	8.73581	10.54263	10.36726	5.14836	9.2303	9.11329	9.55326	6.98016	4.28905	10.93155	4.88729	7.78309	8.89003	6.91146	11.99461	6.30712	0	9.09633	0	0	0	0	0	0	0	0	10.97007	0	0	0	0	0	0	0	0	0	0	0	0	0	0	0	0	0	0	0	0	0	0	0	0	0	0	
11.08412	0	0	0	0	0	0	0	9.06774	0	0	0	7.9804	0	0	0	0	0	0	0	0	0	0	0	11.63099	0	0	7.69431	0	0	0	0	12.15522	0	9.93248	7.91725	0	7.13309	10.20754	6.51669	13.11305	9.21886	4.71139	9.41693	12.13	10.08381	8.47824	9.05183	5.68178	8.0141	9.73358	5.54691	6.62081	4.05504	11.64529	9.53109	8.6636	6.11966	0	11.6121	3.17546	2.03217	0	6.20407	0	6.77435	0	0	0	0	0.69421	0	0	0	0	0	0	0	0	0	0	0	4.14013	0	0	11.01001	0	0	0	0	0	0	0	0	0	0	0	0	0	0	
0	0	0	11.49163	0	0	0	0	0	0	0	0	0	0	0	0	0	0	9.87765	0	0	11.91868	0	7.18609	11.62538	9.66731	0	0	10.16114	12.02156	11.88431	0	9.67987	0	0	1.34772	0	8.97885	10.79741	7.832	8.54519	7.82581	8.91272	9.23106	8.90727	10.18413	8.20752	8.96856	8.98792	6.03171	9.32887	7.23393	10.01732	5.79556	7.64655	9.02774	0	5.18894	4.92679	8.3456	0	4.46032	10.1988	0	0	0	0	0	0	4.89429	0	0	6.91029	0	0.69421	6.85359	12.22626	4.2421	0	1.16098	0	0	0	0	0	0	0	0	0	0	0	0	0	0	0	0	0	0	0	0	
8.99074	0	0	0	11.07547	9.58527	0	0	0	0	0	0	0	0	0	0	0	7.29514	0	0	0	0	0	0	9.37942	0	8.98075	8.63518	0	11.58717	9.9187	0	0	0	10.75861	7.02769	6.32911	10.51825	11.68371	8.40555	7.05608	9.60849	9.70662	8.83639	9.49066	9.74028	9.78106	7.82428	9.11088	10.66687	4.1045	10.07291	7.83763	6.74653	8.9155	8.90742	8.60259	5.16369	4.35517	8.80738	7.42534	0	6.49743	8.14851	11.83109	10.00329	9.40196	0	0	0	0	0	0	0	5.1667	0	0	0	0	0	0	0	0	0	0	0	0	0	0	0	0	0	0	0	0	0	0	0	0	0	
0	0	0	0	0	0	0	0	7.24606	0	7.3752	0	0	0	0	0	7.12672	10.85827	9.98493	6.73304	9.30595	5.32635	0	0	0	13.15296	0	7.82785	6.4099	10.78613	0	10.47735	10.8802	7.69709	8.9945	10.84213	6.04041	7.14105	9.15068	8.85559	8.60599	8.13609	6.96653	8.10618	10.04791	8.0096	7.63986	8.53398	8.30463	6.53399	7.25692	10.84478	6.59215	9.25907	6.17553	5.41893	6.47677	8.75105	0	9.15616	5.12047	9.13728	9.41126	0	5.9285	10.93634	4.87923	0	0	0	0	6.38919	0	0	4.16963	0	0	0	9.37271	0	0	0	0	0	0	5.62081	0	0	0	0	0	0	0	0	0	5.49794	0	0	0	0	
0	10.59039	0	0	0.94643	7.44338	0	0	0	0	0	0	0	0	6.60608	8.86635	0	10.81166	8.93137	0	6.26716	0	6.24364	0	0	0	0	0	10.16663	10.29349	7.38657	0	9.52812	5.40605	10.23143	8.56013	9.1994	9.25149	8.52573	9.27118	8.56236	7.90582	8.32405	7.91602	8.71476	7.6056	8.98086	9.42985	7.37544	7.8431	6.87272	7.75364	7.81701	5.65117	7.91534	6.40107	2.41313	8.90828	7.00654	6.17427	0	9.12616	0	11.57115	9.65945	3.27093	8.41978	5.20346	0	0	0	0	0	0	0	2.13727	0	0	0	0	8.33648	0	0	0	0	0	0	0	0	0	0	0	0	0	0	0	0	0	0	0	
0	12.0684	7.00358	0	9.54123	0	0	0	0	0	7.53517	0	0	0	9.01249	8.18267	0	7.3859	0	0	11.93301	5.75894	9.14467	10.13024	7.61694	9.973	0	4.5212	7.83568	7.41604	10.33066	10.90157	10.75042	11.64287	9.62602	5.21241	8.73679	8.0934	6.88923	8.13077	7.38447	7.65528	8.1355	7.38933	7.15424	6.61899	8.28139	7.95328	9.1697	8.39919	7.02211	7.98831	8.08054	7.429	7.17654	6.94065	8.8487	6.50221	8.10355	5.95135	0	7.84854	9.39857	9.50864	3.69405	2.23521	2.23521	0	0	0.38847	0	6.41031	0	5.03692	9.75144	0	6.6152	0	0	0	0	0	0	4.53998	0	0.75652	0	0	0	0	0	0	0	0	0	0	0	0	0	0	
0	0	0	0	0	0	0	0	6.97196	0	8.61667	12.6737	0	0	0	0	0	0	10.78031	0	9.00557	0	0	0	0	9.09633	10.01008	0	0.38847	8.23835	6.43105	6.41031	8.48226	8.09876	9.45291	9.07199	9.25131	10.4785	8.31083	9.70675	7.19953	8.97182	8.34015	7.4317	7.69597	8.30878	7.07804	8.59774	7.64973	8.76544	8.14269	7.54404	6.83831	8.57128	6.98092	7.87567	8.64796	7.42739	14.2551	8.32922	8.47847	4.54285	6.63803	6.0799	0	9.39427	0	7.876	0	0	0	0	0	0	0	0	0	0	3.92743	0	0	7.98568	0	0	0	0	0	7.28272	3.01926	8.49096	0	0	0	0	0	0	0	0	0	0	
0	0	0	0	0	0	0	0	12.26798	9.53234	5.23506	3.44477	0	12.20753	0	0	0	5.51754	11.348	5.46776	0	0	0	9.18922	8.35187	4.95305	8.54328	9.26049	7.64236	9.47181	0	8.1792	4.91179	3.91524	5.28918	7.633	8.5772	7.22585	7.55428	5.52992	6.10925	7.59593	8.40001	8.77948	6.20471	7.63673	8.01743	8.14994	6.93281	9.06332	8.43378	7.25792	7.2342	6.94173	7.71272	8.71349	5.72456	10.49186	7.97509	5.53075	5.94864	7.96363	6.90653	5.21551	0.75652	7.74002	7.89495	0	0	0	0	0	0	6.232	6.83028	0	0	0	11.6046	0	0	0	0	0	0	0	0	0	5.06383	0	2.49452	0	0	0	0	0	0	0	0	0	
0	0	9.11333	10.78933	0	8.29481	0	2.13727	6.54054	0	0	0	0	0	0	0	0	7.7003	0	0	0	0	0	10.68089	0	10.3122	0	10.92739	5.46804	7.90745	0	9.84527	0	9.6239	6.84708	9.11674	7.21593	6.73302	1.78528	8.5636	8.39492	8.15735	8.15062	7.74149	7.6243	6.78153	7.36026	8.46482	7.65034	7.69463	8.05338	7.6829	8.24228	8.18767	7.96137	5.97125	7.02463	9.08562	7.90051	8.19172	9.44984	9.42032	2.57083	9.78821	4.62227	0	0	6.27594	5.51754	3.4007	6.36304	0	7.48877	0	1.21032	0	5.10065	0	0	0	0	0	4.05596	0	0	0	0	0	0	0	0	0	0	0	0	0	0	0	0	0	
0	0	0	0	0	0	0	0	0.38847	0	10.3034	9.57447	7.94371	0	13.00358	0	0	8.11995	0	15.02296	0	0	0	0	0	0	3.77294	3.48514	8.30409	0	8.25304	7.72318	5.69756	7.65989	4.89505	8.39941	8.20047	6.74	8.92341	7.29518	8.67317	6.16275	5.40119	7.36603	6.00592	7.84709	5.06482	6.64841	7.54635	6.14963	6.92012	9.06889	8.93029	7.19026	7.39932	6.63041	5.41105	7.25911	8.78335	5.92272	7.26004	6.09566	6.95326	7.73781	0	5.57947	4.09332	3.07829	0	0	6.36776	0	4.61193	3.39661	0	12.51259	0	0	0	0	0	0	0	0	0	0	0	0	6.82618	0	0	0	0	0	0	0	0	0	0	0	
0	0	0	0	0	0	0	0	0	10.12486	0	0	7.35356	0	0	0	0	0	0	0	0	0	0	9.02238	0	0	8.39292	0	0	4.37618	6.10781	0	0	7.07784	8.96153	7.08135	4.14464	0	0	9.13728	3.86837	10.77879	5.50951	5.60076	9.81464	6.4445	6.38979	8.693	9.59041	7.75735	6.81714	8.68453	7.25368	6.4477	7.98993	6.4679	7.83525	6.36729	4.86039	5.43362	6.51224	6.3993	4.53546	8.93073	7.58561	6.21351	8.55281	7.15202	6.14595	0	0	15.51116	0	5.41678	0	0.69421	9.70626	0	0	0	0	0	0	0	11.7861	0	0	5.38512	0	0	0	7.31767	0	0	0	0	6.40506	0	0	0	
0	0	0	0	0	0	0	0	0	0	0	11.05696	0	0	0	0	0	8.25605	11.16129	0	0	0	0	1.79585	0	0	0	6.27293	0	0	0	0	7.54203	8.02766	6.83155	0	5.25354	8.17562	4.0145	4.41826	7.13878	8.49063	6.71953	2.14423	0	9.65251	5.75349	6.91861	7.12911	7.74663	7.27805	10.14113	8.06633	5.70833	6.7401	7.1129	6.29314	7.14056	7.08609	8.78862	8.32424	3.91922	0	6.20871	9.02257	0	5.1655	5.65661	11.12342	7.96822	0	0	0	2.32691	0	9.66127	0	9.13887	0	0	0	9.90022	0	0	0	0	0	0	0	0	0	0	0	0	0	0	0	0	0	0	
0	0	0	0	7.12201	0	0	0	0	0	10.38135	0	0.94643	0	0	12.00593	0	0	7.01051	0	6.99703	5.39575	0	0	0	8.03241	5.53688	0	0	3.68356	0	8.68394	10.9616	0	0	7.50604	10.14114	14.04716	10.85298	12.00456	6.34649	8.30471	5.82204	8.01528	5.20673	7.5519	13.49497	4.53527	8.56809	7.97493	9.18867	6.53872	9.13907	8.93351	5.73134	6.80856	6.68062	7.37973	3.6182	7.8196	5.11425	8.09802	5.47945	6.28006	8.35773	0	8.06296	8.90963	0	0.38847	9.59314	8.24424	6.19026	9.1493	10.86026	0	5.71972	0	0	0	4.71918	0	0	5.80751	0	1.66138	0	0	0	7.25776	0	0	0	0	0	0	0	0	0	0	
0	0	0	0	0	0	0	0	0	0	0	7.58246	3.48806	0	0	10.99933	0	0	0	0.38847	3.44477	0	0.94643	0	0	0	0	0	0	3.25576	1.79585	5.30563	0	0	0	9.37808	0	0	0	5.95853	3.42944	4.954	4.51529	5.92821	7.3095	3.17788	6.93641	7.95261	6.95078	4.91463	0	0	7.57956	9.90806	3.12525	6.41285	7.77107	6.20226	6.23188	6.64525	8.12798	6.46309	8.38315	6.69399	5.15807	7.6058	6.17144	7.74359	0.94643	8.43724	0	5.70623	8.12961	11.37595	10.45529	0	5.11618	0	4.64983	0	0	0	0	0	0	0	0	0	0	0	0	0	0	0	0	0	0	0	0	0	
0	0	0	8.93991	0	0	0	0	0	0	0	0	0	0	0	0	0.69421	0	0	0	0	0	7.71356	0	0	0	7.5184	7.3719	7.08464	5.95135	0	0	0.38847	0	0	10.80781	0	1.51304	3.44477	1.74257	5.93463	0	2.41313	0	5.39212	10.6159	7.92799	7.34261	5.35694	4.18273	6.24681	6.1937	8.14682	7.69655	8.19879	7.18644	7.52423	6.43932	6.97779	6.74194	8.53721	5.86808	8.31221	8.63237	6.44457	9.15903	5.64712	13.4873	9.04955	7.6132	7.14598	7.49877	3.52169	0.94383	8.0226	0	11.71812	0	4.46393	11.08474	1.34772	3.95644	1.51304	0	0	0.38847	0	0	0	0	0	0	0	0	0	0	0	4.39825	0	10.80569	
0	0	7.06828	0	0	0	0	0	0	0	0	0	0	0	0	0	0	0	0	0	8.46596	0	0	0	0	9.65132	0	8.26548	0	9.97788	0	10.63369	8.17498	0	5.66542	0	0	6.62516	6.02409	0	5.38512	0	0	10.13426	11.53088	10.82671	2.83079	2.90818	8.46217	5.83766	9.74012	8.74483	6.23858	6.00404	6.53044	9.58411	0	5.6586	8.01052	6.55598	2.26768	5.85889	5.19312	2.38172	5.69131	6.67364	4.1996	0	8.5865	4.21606	3.6735	9.22374	5.59447	7.73044	1.51304	0	5.94256	0	3.9901	7.33711	0	6.36131	0	0	0	0	0	0	3.67652	0	0	0	0	0	0	0	2.32691	0	0	0	
0	0	0	0	1.34772	0	0	0	0	0	0	0	9.14439	0	0	0	0	0	0	0	6.12108	3.17546	0	0	0	0	0	4.67675	0	0	0	2.23521	11.29771	0	0	0	9.50131	0	3.48514	8.18573	0	0	3.52571	0	8.74586	0	5.17546	9.70359	3.22398	6.77164	6.56899	4.7689	8.15791	5.79192	7.71882	1.01609	0	5.15593	4.85581	1.75686	7.75234	6.99402	7.63085	6.97643	4.74861	8.07914	5.16437	4.94246	7.12943	6.30912	7.28561	0	0	9.87541	0	8.59369	4.45005	5.83828	0	0	0	0	0	0	6.32946	4.8486	0	0	0	0	0	0	0	0	0	0	8.86826	0	0	0	
0	0	0	0	0	0	0	0	2.90487	0	0	0	6.38919	0	0	0	8.86539	4.20051	1.34772	0	0	0	0	0	5.18997	0	0	0	0	0	0	0	0	0	8.25742	8.33264	0	9.84748	0	0	0	0	9.36394	11.22804	0	11.27648	9.0667	6.93236	0	5.01658	0	10.04187	7.81801	9.35791	0	6.32946	0	6.30936	0	5.6042	8.60799	3.36046	5.84251	6.63328	5.92465	8.10868	6.50567	5.09978	10.12805	7.36583	8.72556	2.41643	6.44559	7.03791	7.79023	5.27844	9.70122	4.92397	0	0	6.10174	8.89753	9.14986	0	5.6629	0.69421	5.90001	7.22535	4.50027	0	4.45748	0	0	9.22026	0	0	0	0	0	0	
0	0	0	0	0	0	0	0	0	0	0	0	0	0	0	0	0	0	0	0	5.9727	0	0	0	0	0	0	0	0	3.27093	0	0	0	0	4.01277	0	0	0	0	0	9.48709	0	8.57986	9.24921	6.45115	0	0	1.16098	1.51304	6.10505	10.46857	0	0	5.86706	4.23848	7.38736	0	0	8.30276	8.56842	11.84921	5.35319	2.7177	7.83201	8.18366	7.13737	5.66881	5.48886	6.77376	5.84703	9.93398	7.4936	3.5949	5.86217	3.94811	0	4.52992	0	8.08694	0	0	0	7.9962	0	0	0	8.82192	0	0	0	0	0	0	0	0	0	0	0	0	0	
0	0	0	0	7.53997	0	0	0	0	0	0	5.09024	0	2.71422	0	0	0	0	0	0	0	0	0	0	0	0	0	0	0	0	0	0	0	0	0	0	0	0	0	6.94667	0	0	6.30712	0	8.23298	0	2.24022	0.94643	0	0	6.2141	0	0	0	9.68421	0	0	1.16098	0	9.30595	8.55467	5.54501	6.71901	6.44113	7.80276	0	0	5.48256	9.91895	5.49215	7.17202	8.66643	8.50174	5.71109	0	0	5.24988	3.59989	5.48485	4.3111	2.49452	7.06812	0.94643	0	0.69421	0	2.84408	8.85782	0	3.99354	0	0	0	0	7.58013	0	0	0	0	0	
0	0	0	0	0	0	0	0	0	0	0	0	0	0	0	0	0	7.69882	0	0	0	9.03985	9.02623	0	0	0	10.05156	0	0	0	0	0	0	5.97921	7.46651	0	0	0	0	0	0	0	0	0	0	0	0	0	0	0	14.72063	0	0	0	0	8.61655	10.26252	8.65984	5.70868	3.83673	0	5.67478	4.85798	0	8.05872	5.44226	7.87238	7.55032	4.58351	4.67044	5.63058	5.64915	6.10835	5.10995	9.23962	6.87204	7.02276	0	9.36394	5.83077	0	0	7.46203	0	6.14648	9.24537	6.06225	0.38847	0	9.14448	0	0	0	0	0	0	9.34737	0	0	0	
0	0	0	0	0	0	0	0	6.17631	0	0	0	0	0	0	0	0	0	0	0	0	0	0	0	0	0	0	0	0	0	0	0	0	0	0	0	0	0	0	8.42173	0	0	0	0	0	6.44143	0	5.58411	4.68493	0	0	9.41447	0	0	0	0	0	0	9.29208	0	11.40318	0	9.04657	10.06884	7.69732	4.197	8.00893	0	0	6.6288	8.30717	4.21834	8.1323	7.93288	7.7959	10.77013	2.7827	0	0	7.10074	7.43631	7.74094	10.63677	8.16943	7.08837	0	0	0	0	0	6.79859	0	10.78278	0	0	0	0	0	0	0	
0	0	0	0	0	0	0	0	0	0	0	0	0	7.33986	0	0	0	0	0	3.52441	0	0	0	0	0	2.90888	0	0	0	0	0	0	0	0	7.58711	0	0	7.23091	0	0	8.98284	0	5.82335	10.14823	0	0	0	0	0	0	4.04012	6.15276	0	0	2.9632	0	0	0	0	8.5756	6.24657	0	6.0223	7.13626	6.73723	5.82315	10.74386	5.49794	0	5.84213	6.7632	0	5.18705	6.7163	8.5033	7.34878	3.78268	5.21565	5.63852	4.58493	0	6.91045	7.36442	4.93896	4.02631	0	0	3.73995	3.20648	0	6.88788	0	0	8.2413	0	0	0	0	4.81333	0	
0	0	0	0	0	0	0	9.80625	0	0	0	0	0	0	0	0	0	0	0	0	0	0	10.05952	0	0	0	0	0	8.17498	0	0	0	0	0	9.30415	0	0	2.03217	0	0	0	1.30391	0	0	0	0	9.60287	0	0	0	0	0	9.20759	0	0	0	5.85431	3.17546	0	4.86284	7.61182	0	0	5.72495	0	5.42718	0	7.48988	6.75262	10.64959	10.14638	7.35463	6.6152	5.21277	9.58843	6.23433	6.03797	1.16098	6.07397	6.18355	6.67737	6.46401	8.0077	0	5.74531	0	6.58765	3.90431	0	0	7.88854	10.13347	0	0	0	0	9.32485	0	0	0	
0	0	0	0	0	0	0	0	0	0	0	0	0	0	0	0	0	0	0	0	0	0	0	0	0	0	0	0	0	0	0	0	0	0	0	0	0	5.87728	0	0	0	0	0	0	0	0	0	0	0	9.99633	0	4.74983	0	3.38006	0	0	1.66138	5.0007	5.2743	0	1.51304	0	8.40413	12.96797	7.33711	6.58299	0	0	8.87719	7.2228	0	9.49699	6.15226	10.64982	7.30981	6.05068	0	4.71302	4.54274	6.66026	4.12018	10.51744	6.7034	0	0	0	4.75656	0	0	0	0	0	5.91909	7.67856	5.97988	0	0	0	0	0	
0	0	0	0	0	0	0	7.01741	0	0	0	0	0	0	0	0	0	0	0	0	0	0	0	0	0	0	0	0	0	0	0	0	0	0	0	0	0	5.49709	0	7.29798	0	0	0	0	0	0	0	0	0	0	3.38789	0	0	12.9193	6.18308	0	0	6.81951	9.30102	9.29677	0	0	0	7.84269	8.26127	8.02387	0	0	8.02516	6.21607	7.90881	4.23471	4.86143	8.6466	3.70619	7.63937	6.02092	0	7.61035	9.16794	7.63543	9.16706	5.19343	4.9579	6.31653	0	0	0.95509	0	0	8.89566	0	0	0	0	2.42888	0	0	0	0	
0	0	0	0	0	0	0	0	0	0	0	0	0	0	0	0	0	0	0	0	0	0	0	0	0	9.35987	0	0	0	0	0	0	0	0	0	0	0	9.31928	0	0	0	0	0	0	8.41723	0	0	0	10.26696	0	0	0	0	0	0	0.94643	0	0	0	0	0	0	8.18587	0	0	6.1151	6.68959	7.29573	0	7.59959	4.23435	0	5.24473	0	8.39091	5.61723	4.35533	5.50056	4.66917	6.26601	3.64024	0	3.44496	0	6.04885	6.47412	0	0	0	0	9.69984	0	0	0	0	0	0	0.94643	0	0	
0	0	0	0	0	0	0	0	0	0	0	0	3.59989	0	0	0	0	0	0.38847	0	0	0	0	0	0	0	0	0	0	0	0	0	0	0	0	0	0	0	0	0	0	0	0	0	0	0	0	7.97332	0	0	0.69421	0	11.16343	0	0	0	0	0	0	4.50379	0	0	0	3.3704	3.44477	4.90921	9.91649	0	11.67337	0	0	8.55281	0	0	0	2.93137	7.03573	9.24273	8.12663	5.49634	0	5.06698	5.76643	4.4534	4.93656	1.87447	7.78197	0	5.07709	0	0	0	0	5.29715	0	0	0	0	0	0	
0	0	0	0	0	0	0	0	0	0	0	0	0	0	0	0	0	0	0	0	0	0	0	0	0	0	0	0	0	0	0	0	10.51501	0	0	0	0	0	0	0	5.62984	0	0	0	0	0	0	0	0	0	0	0	0	0	0	0	5.51368	0	0	0	10.00529	0	0	4.36464	0	7.65504	0	0	8.12273	0	0	0	7.00358	0	0	2.23521	0	0	4.86926	9.66482	7.7594	6.55957	10.58111	0	5.19131	0	0	0	0	1.79585	7.73228	5.6796	5.54738	0	0	0	0	0	0	0	
0	0	0	0	0	0	0	1.11761	0	0	0	0	0	0	0	0	0	0	0	0	0	0	0	0	0	0	0	6.96841	0	0	0	0	0	0	0	0	0	0	0	0	0	0	0	0	0	0	0	0	0	0	0	0	0	0	0	0	0	1.16098	0	0	0	0	0	0	0	0	0	0	0	0	2.65748	5.16582	5.54832	2.71422	0	8.82762	6.28442	0	8.94921	4.28892	0	6.56964	0	7.67917	2.13727	8.80161	0	9.09633	0	4.41924	0	0.94643	0	0	0	9.32901	0	0	0	0	
0	0	0	0	0	0	0	0	0	0	0	0	0	0	0	0	0	0	0	0	8.5611	0	0	0	0	0	0	0	0	0	1.16098	0	0	0	0	0	0	0	0	0	0	0	0	0	0	0	0	0	0	0	0	0	0	0	0	0	0	0	0	10.44125	0	0	0	0	6.936	8.82958	4.41924	4.31706	0	0	0	0	0	0	0	10.30129	5.38334	5.12898	0	0	3.20253	0	0	0	3.00974	7.04805	7.3523	7.98368	6.96127	0	6.68619	5.58411	5.71718	6.26716	0	5.23931	0	0	0	0	
0	0	0	0	0	0	0	0	0	0	0	0	0	0	0	0	0	0	0	0	0	0	0	0	0	0	0	0	0	0	0	0	0	0	0	0	0	0	0	0	0	0	0	0	0	0	0	0	5.90746	0	0	0	0	0	0	0	0	0	0	0	0	0	0	0	0	0	0	0	0	8.75518	11.3181	10.2942	7.06436	0	9.39804	6.62878	0	8.69406	0	0	0	7.58013	7.82981	0	7.16171	0	3.63621	0	0	5.40394	0	2.11443	5.38848	0	2.84408	0	0	0	0	0	
0	0	0	0	0	0	0	0	0	0	0	0	0	0	0	6.85259	0	0	0	0	0	0	0	0	0	0	0	0	0	0	0	0	0	0	5.25107	0	0	0	0	0	0	0	0	0	0	0	0	0	0	0	0	0	0	0	0	0	0	0	0	0	0	0	0	0	0	0	0	2.57153	0	0	0	0	0	6.62878	0	0	0	1.75898	0	0	0	3.8676	0	0	4.75108	0	7.48779	3.12191	5.75894	9.63276	7.88555	0	9.52933	0	0	0	0	0	0	0	
0	0	0	0	0	0	0	0	0	0	0	0	0	0	0	0	0	0	0	0	0	0	0	0	0	0	0	0	0	0	0	0	0	0	0	0	0	0	0	0	0	0	0	0	0	0	0	0	8.17806	5.80751	0	0	0	0	0	0	0	0	0	10.11926	0	0	0	0	0	6.94326	0	0	0	0	0	6.56429	0	0	0	0	0	11.74279	0	5.53125	11.23528	0	0	9.66512	0	0	0	0	0	0	0	0	0	0	0	0	0	0	0	0	
0	0	0	0	0	0	0	0	0	0	0	0	0	0	0	0	0	0	0	0	0	0	0	0	0	0	0	0	0	0	0	0	0	0	0	0	0	0	0	0	0	0	0	0	0	0	0	0	0	0	0	0	0	0	0	2.82972	0	0	12.42928	0	0	0	0	0	6.05556	0	0	0	0	0	0	3.59989	0	5.09024	0	0	5.26273	0	0	0	3.06692	3.9396	3.79735	7.80968	0	0	0	7.82981	9.73086	0	6.42076	8.29764	10.65348	0	0	0	0	0	0	0	
0	0	0	0	0	0	0	0	0	0	0	0	0	0	0	0	0	0	0	0	0	0	0	0	0	0	0	0	0	0	0	0	0	0	0	0	0	0	0	0	0	0	0	0	0	0	0	0	0	0	0	0	0	0	0	0	0	0	0	0	0	0	0	0	0	0	0	0	0	0	0	0	0	0	0	0	0	0	0	0	0	0	0	0	0	0	0.38847	0	0	0	0	9.54791	0	0	0	0	0	0	0	0	
0	0	0	0	0	0	0	0	0	0	0	0	0	0	0	0	0	0	0	0	0	0	0	0	0	0	0	0	0	0	0	0	0	0	0	0	0	0	0	0	0	0	0	0	0	0	0	0	0	0	0	0	0	0	0	0	0	0	0	0	0	0	0	0	0	0	0	0	0	0	7.75357	0	0	0	0	0	5.94412	0	0	6.61479	0	0	0	9.03476	0	0	0	7.63723	0	0	7.22153	10.72607	0	0	0	0	0	0	0	0	
0	0	0	0	0	0	0	0	0	0	0	0	0	0	0	0	0	0	0	0	0	0	0	0	0	0	0	0	0	0	0	0	0	0	0	0	0	0	0	0	0	0	0	0	0	0	0	0	0	0	0	0	0	0	0	0	0	0	0	4.2421	0	0	0	0	0	0	0	0	0	0	5.11618	0	0	0	0	0	0	0	0	0	0	0	0	0	0	0	5.47808	0	0	0	0	0	0	0	0	0	0	0	0	0	
0	0	0	0	0	0	0	0	0	0	0	0	0	0	0	0	0	0	0	0	0	0	0	0	0	0	0	0	0	0	0	0	0	0	0	0	0	0	0	0	0	0	0	0	0	0	0	0	0	0	0	0	0	0	0	0	0	0	0	0	0	0	0	0	0	0	0	0	0	7.12672	2.03217	0	0	0	0	0	0	0	6.49678	0	0	0	0	0	0	0	0	0	6.936	4.81732	0	0	0	0	0	0	0	0	0	0	
0	0	0	0	0	0	0	0	0	0	0	0	0	0	0	0	0	0	0	0	0	0	0	0	0	0	0	0	0	0	0	0	0	0	0	0	0	0	0	0	0	0	0	0	0	0	0	0	0	0	0	0	0	0	0	0	0	0	0	0	0	0	0	0	0	0	0	0	0	0	0	0	0	0	0	0	0	0	0	0	0	0	0	0	0	0	3.52441	0	0	0	0	0	0	0	0	0	0	0	0	0	
0	0	0	0	0	0	0	0	0	0	0	0	0	0	0	0	0	0	0	0	0	0	0	0	0	0	0	0	0	0	0	0	0	0	0	0	0	0	0	0	0	0	0	0	0	0	0	0	0	0	0	0	0	0	0	0	0	0	8.12475	0	0	0	0	0	0	0	0	0	0	0	0	0	0	0	0	7.18609	0	0	0	0	0	0	0	0	0	0	0	0	0	0	0	0	0	0	0	0	0	0	0	0	
0	0	0	0	0	0	0	0	0	0	0	0	0	0	0	0	0	0	0	0	0	0	0	0	0	0	0	0	0	0	0	0	7.20132	0	0	0	0	0	0	0	0	0	0	0	0	0	0	0	0	0	0.69421	0	0	0	0	0	0	0	0	0	0	0	0.38847	0	0	0	0	0	0	0	0	0	0	0	0	6.69912	0	0	0	0	1.34772	0	0	0	0	0	0	0	0	0	0	0	0	0	0	0	0	0	0	0	
0	0	0	0	0	0	0	0	0	0	0	0	0	0	0	0	0	0	0	0	0	0	0	0	0	0	0	0	0	0	0	0	0	0	0	0	0	0	0	0	0	0	0	0	0	0	0	0	0	0	0	0	0	0	0	0	0	0	0	0	0	0	0	0	0	0	0	0	0	0	0	0	0	0	0	0	0	0	0	0	0	0	0	0	0	0	0	0	0	0	0	0	0	0	0	0	0	0	0	0	
0	0	0	0	0	0	0	0	0	0	0	0	0	0	0	0	0	0	0	0	0	0	0	0	0	0	0	0	0	0	0	0	0	0	0	0	0	0	0	0	0	0	0	0	0	0	0	0	0	0	0	0	0	0	0	0	0	0	0	0	0	0	0	0	0	0	0	0	0	0	0	0	0	0	0	0	0	0	0	0	0	0	0	0	0	0	0	0	0	0	0	0	0	0	0	0	0	0	0	0	
0	0	0	0	0	0	0	0	0	0	0	0	0	0	0	0	0	0	0	0	0	0	0	0	0	0	0	0	0	0	0	0	0	0	0	0	0	0	0	0	0	0	0	0	0	0	0	0	0	0	0	0	0	0	0	0	0	0	0	0	0	0	0	0	0	0	0	0	0	0	0	0	0	0	0	0	0	0	0	0	0	0	0	0	0	0	0	0	0	0	0	0	0	0	0	0	0	0	0	0	
0	0	0	0	0	0	0	0	0	0	0	0	0	0	0	0	0	0	0	0	0	0	0	0	0	0	0	0	0	0	0	0	0	0	0	0	0	0	0	0	0	0	0	0	0	0	0	0	0	0	0	0	0	0	0	0	0	0	0	0	0	0	0	0	0	0	0	0	0	0	0	0	0	0	0	0	0	0	0	0	0	0	0	0	0	0	0	0	0	0	0	0	0	0	0	0	0	0	0	0	
0	0	0	0	0	0	0	0	0	0	0	0	0	0	0	0	0	0	0	0	0	0	0	0	0	0	0	0	0	0	0	0	0	0	0	0	0	0	0	0	0	0	0	0	0	0	0	0	0	0	0	0	0	0	0	0	0	0	0	0	0	0	0	0	0	0	0	0	0	0	0	0	0	0	0	0	0	0	0	0	0	2.90487	0	0	0	0	0	0	0	0	0	0	0	0	0	0	0	0	0	0	
0	0	0	0	0	0	0	0	0	0	0	0	0	0	0	0	0	0	0	0	0	0	0	0	0	0	0	0	0	0	0	0	0	0	0	0	0	0	0	0	0	0	0	0	0	0	0	12.14777	0	0	0	0	0	0	0	0	0	0	0	0	0	0	0	0	0	0	0	0	0	0	0	0	0	0	7.96071	0	0	0	0	0	0	0	0	0	0	0	0	0	0	0	0	0	0	0	0	0	0	0	0	0	
