0	0	0	0	0	0	0	0	0	0	0	0	0	0	0	0	0	0	0	0	0	0	0	0	0	0	0	0	0	0	0	0	0	0	0	0	0	0	0	0	0	0	0	0	0	0	0	0	0	0	0	9.17454	0	0	0	0	0	0	0	0	0	0	0	0	0	0	0	0	0	0	0	0	0	0	0	0	0	0	0	0	0	0	0	0	0	0	0	0	0	0	0	0	0	0	0	0	0	0	0	0	
0	0	0	0	0	0	0	0	0	0	0	0	0	0	0	0	0	0	0	0	0	0	0	0	0	0	0	0	0	0	0	0	0	0	0	0	0	0	0	0	0	0	0	0	0	0	0	13.42319	0	0	0	0	0	0	0	0	0	0	0	0	0	0	0	8.89575	0	0	0	0	0	0	0	0	0	0	0	0	0	0	0	0	0	0	0	0	0	0	0	0	0	0	0	0	0	0	0	0	0	0	0	0	
0	0	0	0	0	0	0	0	0	0	0	0	0	0	0	0	0	0	0	0	0	0	0	0	0	0	0	0	0	0	0	0	0	0	0	0	0	0	0	0	0	0	0	0	0	0	0	0	0	0	0	0	0	0	10.30078	0	0	0	0	0	0	0	0	0	0	0	0	0	0	0	0	0	0	0	0	0	0	0	0	0	0	0	0	0	0	0	0	0	0	0	0	0	0	0	0	0	0	0	0	0	
0	0	0	0	0	0	0	0	0	0	0	0	0	0	0	0	0	0	0	0	0	0	0	0	0	0	0	0	0	0	0	0	0	0	0	0	0	0	0	0	0	0	0	0	0	0	14.59003	10.15328	0	0	0	0	0	0	0	0	0	0	0	0	0	0	0	0	0	0	0	0	0	0	0	0	0	0	0	0	0	0	0	0	0	0	0	0	0	0	0	0	0	0	0	0	0	0	0	0	0	0	0	0	
0	0	0	0	0	0	0	0	0	0	0	0	0	0	0	0	0	0	0	0	0	0	0	0	0	0	0	0	0	0	0	0	0	0	0	0	0	7.96529	0	0	0	0	0	11.96429	0	0	0	0	0	0	0	0	0	0	0	0	0	0	0	0	0	0	0	0	0	0	0	0	0	0	0	0	0	0	0	0	0	0	0	0	0	0	0	0	0	0	0	0	0	0	0	0	0	0	0	0	0	0	0	0	
0	0	0	0	0	0	0	0	0	0	0	0	0	0	0	0	0	0	0	0	0	0	0	0	0	0	0	0	0	0	0	0	0	0	0	0	0	0	0	0	0	0	0	0	0	0	0	0	0	0	0	0	0	0	0	0	0	0	0	0	0	0	0	0	0	0	0	0	0	0	0	0	8.15121	0	0	0	0	0	0	0	0	0	0	0	0	0	0	0	0	0	0	0	0	0	0	0	0	0	0	0	
0	0	0	0	0	0	0	0	0	0	0	0	0	0	0	0	0	0	0	0	0	0	0	0	0	0	0	0	0	0	0	0	0	0	0	0	0	0	0	0	0	0	0	0	0	0	0	0	0	0	0	0	0	0	0	0	0	0	0	0	0	0	0	0	0	0	0	0	0	0	0	0	0	0	11.03602	0	0	0	0	0	0	0	0	0	0	0	0	0	0	0	0	0	0	0	0	0	0	0	0	0	
0	0	0	0	0	0	0	0	0	0	0	0	0	0	0	0	0	0	0	0	0	0	0	0	0	0	0	0	0	0	0	0	0	0	0	0	0	0	0	0	0	0	0	0	0	0	0	0	0	0	0	8.77984	0	0	0	12.36176	0	0	13.22816	0	0	0	0	0	0	0	0	0	0	0	0	0	0	0	0	0	0	0	0	0	0	0	0	0	0	0	0	0	0	0	0	0	0	0	0	0	0	0	0	0	
0	0	0	0	0	0	0	0	0	0	0	0	0	0	0	0	0	0	0	0	0	0	0	0	0	0	0	0	7.61021	0	0	0	0	0	0	0	0	0	0	0	0	0	0	0	0	0	0	0	0	0	0	0	0	0	0	0	0	0	0	0	0	0	0	0	0	0	0	9.6643	0	0	0	0	0	0	0	0	0	0	0	0	0	0	0	0	0	0	0	0	0	0	0	0	0	0	0	0	0	0	0	0	
0	0	0	0	0	0	0	0	0	0	0	0	0	0	0	0	0	0	0	0	0	0	0	0	0	0	0	0	0	0	0	0	0	0	0	0	0	0	0	0	0	0	0	0	0	0	0	0	0	0	0	0	0	0	0	9.8021	0	0	0	0	0	0	0	0	0	0	0	0	0	0	0	0	0	0	0	0	0	0	0	0	0	0	0	0	0	0	0	0	0	0	0	0	0	0	0	0	0	0	0	0	
0	0	0	0	0	0	0	0	0	0	0	0	0	0	0	0	0	0	0	0	0	0	0	0	0	0	0	0	0	0	0	0	0	0	0	0	0	0	0	0	0	0	0	0	0	0	0	0	0	0	0	0	0	0	0	0	0	0	0	0	0	0	0	0	0	0	0	9.44944	0	0	0	0	0	0	0	0	0	0	0	0	0	0	0	0	0	0	0	0	0	0	0	0	0	0	0	0	0	0	0	0	
0	0	0	0	0	0	0	0	0	0	0	0	0	0	0	0	0	0	0	0	0	0	0	0	0	0	0	0	0	0	0	0	0	0	0	0	0	0	0	0	0	0	0	0	0	0	0	0	0	0	0	0	8.00132	0	0	0	2.87216	0	0	0	0	0	0	0	0	0	0	0	0	0	0	6.38502	0	0	0	0	0	0	0	0	0	0	0	0	0	0	0	0	0	0	0	0	0	0	0	0	0	0	0	0	
0	0	0	0	0	0	0	0	0	0	0	0	0	0	0	0	0	0	0	0	0	0	0	0	0	0	0	0	0	0	0	0	0	0	0	0	0	0	0	0	0	0	0	0	0	0	0	0	12.51813	0	0	0	13.68086	0	0	0	0	0	0	0	0	0	0	0	0	0	0	6.64061	0	0	0	0	0	0	0	0	0	0	0	0	0	0	0	0	0	0	0	0	0	0	0	0	0	0	0	0	0	0	0	0	
0	0	0	0	0	0	0	0	0	0	0	0	0	0	0	0	0	0	0	0	0	0	0	0	0	0	0	0	0	0	13.80469	0	0	0	0	0	0	0	0	11.14776	0	0	0	0	0	0	0	8.65963	0	0	0	0	0	0	0	0	0	5.85535	17.03336	0	11.39838	0	0	10.76932	0	0	0	0	0	0	0	0	0	0	0	0	0	0	0	0	0	0	0	0	0	0	0	0	0	0	0	0	0	0	0	0	0	0	0	0	
0	0	0	0	0	0	0	0	0	0	0	0	0	0	0	0	0	0	0	0	0	0	0	0	0	0	0	0	0	0	0	0	0	0	0	0	0	0	0	0	0	0	0	0	0	0	0	0	0	0	0	0	0	0	6.68142	0	0	0	0	0	0	0	0	0	0	0	0	0	0	0	0	0	0	0	15.562	0	0	0	0	0	0	0	0	0	0	0	0	0	0	0	0	0	0	0	0	0	0	0	0	0	
0	0	0	0	0	0	0	0	0	0	0	0	0	0	0	0	0	0	0	0	0	0	0	0	0	0	0	0	0	0	0	0	0	0	0	0	0	0	0	0	0	0	13.97857	0	0	0	0	0	0	0	0	0	9.44944	0	0	0	0	0	0	12.67584	0	0	0	0	0	0	0	0	0	0	0	5.51243	0	0	0	0	0	0	0	0	0	0	0	0	0	0	0	0	0	0	0	0	0	0	0	0	0	0	0	0	
0	0	0	0	0	0	0	0	0	0	0	0	0	0	0	0	0	0	0	0	0	0	0	0	0	0	0	0	0	0	0	0	0	0	0	0	0	0	0	0	0	0	0	8.37692	0	0	0	11.8257	0	0	0	8.79709	0	0	0	0	0	0	4.90773	0	0	0	0	0	0	0	0	0	0	0	0	0	0	0	0	0	0	0	0	0	0	0	0	0	0	0	0	0	0	0	0	0	0	0	0	0	0	0	0	0	
0	0	0	0	0	0	0	0	0	0	0	0	0	0	0	0	0	0	0	0	0	0	0	0	0	0	0	0	0	0	0	0	0	0	0	0	0	0	0	0	0	0	11.43683	0	0	0	0	0	0	0	0	0	0	0	0	8.06017	0	0	0	0	0	0	0	0	0	0	2.94798	0	5.83553	0	0	0	0	0	0	0	0	0	0	0	0	0	0	0	0	0	0	0	0	0	0	0	0	0	0	0	0	0	0	0	
0	0	0	0	0	0	0	0	0	0	0	0	0	0	0	0	0	0	0	0	0	0	0	0	0	0	0	0	0	0	0	0	0	0	0	0	0	0	0	0	11.91052	0	0	0	0	0	0	0	0	0	0	0	0	0	0	0	0	0	0	0	0	0	0	0	0	0	0	0	0	0	0	0	0	0	0	0	0	0	0	0	0	0	0	0	0	0	0	0	0	0	0	0	0	0	0	0	0	0	0	0	
0	0	0	0	0	0	0	0	0	0	0	0	0	0	0	0	0	0	0	0	0	0	0	0	0	0	0	0	0	0	0	0	0	0	0	0	0	0	0	0	0	0	0	0	0	0	0	6.91074	0	0	8.38288	0	0	0	0	0	0	0	0	0	0	0	0	0	0	0	0	0	0	0	0	0	0	0	0	0	9.45595	0	0	0	0	0	0	0	0	0	0	0	0	0	0	0	0	0	0	0	0	0	0	0	
0	0	0	0	0	0	0	0	0	0	0	0	0	0	0	0	0	0	0	0	0	0	0	0	0	0	0	0	0	0	0	0	0	0	0	0	0	0	0	0	0	0	0	0	0	0	0	7.26218	0	0	9.4801	11.17563	0	0	0	0	9.49559	0	9.56908	0	9.37414	0	0	0	0	10.05236	0	0	0	0	0	0	0	0	0	0	0	0	0	0	0	0	0	0	0	0	0	0	0	0	0	0	0	0	0	0	0	0	0	0	
0	0	0	0	0	0	0	0	0	0	0	0	0	0	0	0	0	0	0	0	0	0	0	0	0	0	0	0	0	0	0	0	0	0	0	0	0	0	0	0	0	10.15891	0	0	0	0	0	0	0	0	0	0	0	0	0	0	0	0	0	0	0	0	0	0	0	0	0	0	0.48037	0	0	0	0	0	0	0	0	0	0	0	0	0	0	0	0	0	0	0	0	0	0	0	0	0	0	0	0	0	0	0	
0	0	0	0	0	0	0	0	0	0	0	0	0	0	0	0	0	0	0	0	0	0	0	0	0	0	0	0	0	0	0	7.60436	0	0	0	0	0	0	0	0	0	0	0	0	0	0	0	9.447	0	0	0	0	0	0	0	0	0	0	0	0	0	0	0	5.43549	0	0	0	7.54761	0	0	0	0	0	0	0	0	0	0	0	0	0	0	0	0	0	0	0	0	0	0	0	0	0	0	0	0	0	0	0	0	
0	0	0	0	0	0	0	0	0	0	0	0	0	0	0	0	0	0	0	0	0	0	0	0	0	0	0	0	0	0	0	10.26741	0	0	1.12783	0	0	0	0	0	0	0	0	0	0	0	0	0	0	0	0	0	0	0	0	0	0	0	0	0	0	0	0	0	0	0	0	0	0	0	0	0	0	0	0	0	0	0	0	0	0	0	0	0	0	0	0	0	0	0	0	0	0	0	0	0	0	0	0	0	
0	0	0	0	0	0	0	0	0	0	0	0	0	0	0	0	0	0	0	0	0	0	0	0	0	0	0	0	0	0	0	0	0	0	0	0	0	0	0	0	0	0	0	10.53509	0	0	0	0	0	14.86797	0	0	0	0	9.3323	0	0	0	0	0	0	0	0	0	0	0	0	0	0	0	0	0	0	0	0	0	0	0	0	0.8041	0	0	0	0	0	0	0	0	0	0	0	0	0	0	0	0	0	0	0	0	
0	0	0	0	0	0	0	0	0	0	0	0	0	0	0	0	0	0	0	0	0	0	0	0	0	0	0	0	0	0	0	0	11.22051	0	0	0	0	0	0	0	0	0	0	0	0	0	0	4.07073	0	0	6.29961	0	0	0	0	0	0	0	8.50191	0	0	0	0	0	0	0	0	0	0	0	7.60729	0	0	0	0	0	0	0	0	0	0	0	0	0	0	7.21358	0	0	0	0	0	0	0	0	0	0	0	0	0	0	
0	0	0	0	0	0	0	0	0	0	0	0	0	0	0	0	0	0	0	0	0	0	0	0	0	0	0	0	0	0	0	0	0	0	0	0	0	0	0	10.98912	0	0	0	0	15.1085	0	10.01759	0	0	0	0	0	0	0	0	0	0	0	0	0	0	0	0	0	0	0	0	0	0	2.30772	0	0	0	0	0	0	0	0	0	0	0	0	0	0	0	0	0	0	0	0	0	0	0	0	0	0	0	0	0	0	
0	0	0	0	0	0	0	0	0	0	0	0	0	0	0	0	0	0	0	0	0	0	0	0	0	0	0	0	0	0	0	0	0	0	0	8.75375	0	0	0	0	0	0	0	0	0	0	0	8.02996	0	0	0	0	0	6.79186	0	0	0	0	0	0	10.48467	0	0	0	0	0	0	0	0	0	0	0	0	0	0	0	0	0	0	0	0	0	0	0	0	0	0	0	0	0	0	0	0	0	3.27682	0	0	0	0	0	
0	0	0	0	0	0	0	0	0	0	0	0	0	0	0	0	0	0	0	0	0	0	0	0	0	0	0	0	0	0	0	0	0	0	0	0	0	0	0	0	0	14.57523	0	0	0	0	0	0	0	0	0	0	7.97211	0	0	0	0	0	0	0	0	0	0	0	0	0	0	3.21678	0	0	0	5.00957	0	0	0	0	0	0	0	0	0	0	0	0	0	0	0	0	0	0	0	0	0	0	0	0	0	0	0	0	
0	0	0	0	0	0	0	0	0	0	0	0	0	0	0	0	0	0	0	0	0	0	0	0	0	0	0	0	0	0	0	0	0	0	0	0	0	0	0	0	8.80435	0	0	0	9.66067	0	0	7.65623	0	0	5.81542	12.07452	0	0	0	10.04104	0	0	9.35075	0	9.41479	0	0	0	0	0	0	0	8.02121	0	0	0	0	0	0	0	0	0	0	0	0	0	0	0	0	0	0	0	0	0	0	0	0	0	0	4.13703	0	0	0	0	
0	0	0	0	0	0	0	0	0	0	0	0	0	0	0	0	0	0	0	0	0	0	0	0	0	0	0	0	0	0	0	0	0	0	0	0	0	0	0	0	0	0	0	0	13.29099	0	0	0	0	8.3123	0	0	7.91893	0	0	0	0	7.67579	0	0	0	4.34766	0	0	0	0	0	0	0	0	0	0	0	0	0	0	0	0	0	0	0	0	0	0	0	0	0	0	0	0	0	0	0	0	0	0	0	0	0	0	
0	0	0	0	0	0	0	0	0	0	0	0	0	0	0	0	0	0	0	0	0	0	0	0	0	0	0	0	0	0	0	0	0	0	0	0	0	0	0	0	0	0	0	12.38923	0	0	13.72804	0	0	0	10.04644	0	0	0	0	0	0	0	0	9.44863	0	0	0	0	9.60905	0	0	7.26218	0	0	0	0	10.10506	0	0	0	1.91292	0	0	0	0	0	0	0	0	0	0	0	0	0	0	0	0	0	0	0	0	0	0	0	
0	0	0	0	0	0	0	0	0	0	0	0	0	0	0	0	0	0	0	0	0	0	0	0	0	0	0	0	0	0	0	0	0	0	0	0	0	0	0	0	0	0	0	0	4.04852	4.16907	0	11.75775	0	0	0	18.30416	8.43266	0	0	6.18017	0	0	0	0	0	0	0	0	0	0	0	9.73946	0	0	0	0	0	12.01833	0	0	0	0	0	0	0	0	0	0	0	0	0	0	0	0	0	0	0	0	0	0	0	0	0	0	
0	0	0	0	0	0	0	0	0	0	0	0	0	0	0	0	0	0	0	0	0	0	0	0	0	0	0	0	0	0	0	0	0	0	0	0	0	13.13257	0	0	0	0	0	0	0	0	0	0	8.91122	0	0	5.84304	0	0	1.36759	0	10.54619	0	0	3.21678	0	5.86517	0	0	0	0	0	0	0	0	0	0	0	0	5.61723	3.27682	0	0	0	0	0	0	0	0	0	0	0	0	0	0	0	0	0	0	0	0	0	0	0	0	
0	0	0	0	0	0	0	0	0	0	0	0	0	0	0	0	0	0	0	0	0	0	0	0	0	0	0	0	0	0	0	0	0	0	0	0	0	0	0	0	0	0	14.73283	0	0	13.45752	0	12.08995	0	0	10.68146	0	11.69913	0	10.31829	0	0	0	0	0	0	0	0	11.0409	0	0	0	8.31409	0	0	7.68136	0	0	0	0	0	0	0	3.9652	0	0	0	0	0	0	0	0	0	0	0	0	0	0	0	0	0	0	0	0	0	
0	0	0	0	0	0	0	0	0	0	0	0	0	0	0	0	0	0	0	0	0	0	0	0	0	0	0	0	0	0	0	0	0	0	0	0	0	0	0	0	0	0	0	0	0	0	0	8.61089	10.24832	0	0	10.71134	0	0	0	0	0	0	0	0	0	0	0	0	0.48037	0	0	0	0	0	0	0	0	0	0	0	0	0	0	0	0	0	0	0	0	0	0	0	0	0	8.60505	0	0	0	0	0	0	0	0	0	
0	0	0	0	0	0	0	0	0	0	0	0	0	0	0	0	0	0	0	0	0	0	0	0	0	0	0	0	0	0	0	0	0	0	0	0	0	0	0	0	0	0	0	0	0	0	0	12.20048	0	0	0	0	7.50431	1.36759	0	0	0	0	12.26752	10.96194	0	0	0	0	0	0	0	0	0	0	0	0	0	0	0	0	0	0	0	0	0	0	0	0	0	0	0	0	0	0	0	0	0	0	0	0	0	0	8.03214	0	
0	0	0	0	0	0	0	0	0	0	0	0	0	0	0	0	0	0	0	0	0	0	0	0	0	0	0	0	0	0	0	0	0	0	0	0	0	0	0	0	0	0	9.12436	0	0	0	0	0	0	9.29808	0	8.55288	0	8.08767	0	0	0	0	0	0	0	0	0	0	13.1078	0	0	0	0	0	0	0	0	0	0	0	12.66157	0	0	0	0	0	0	0	0	0	0	0	0	0	0	0	0	0	0	0	0	0	0	0	
0	0	0	0	0	0	0	0	0	0	0	0	10.79937	0	0	0	0	0	0	0	0	0	0	0	0	0	0	0	0	0	12.14669	0	0	0	0	0	0	0	0	0	0	0	9.601	0	0	0	0	15.95705	0	0	12.09616	0	0	5.02716	5.32607	0	10.63254	0	0	0	0	0	0	11.30697	8.70131	10.26648	0	0	0	0	0	0	0	0	0	0	0	0	0	0	0	0	0	0	0	0	0	0	0	0	0	0	0	0	0	0	0	0	0	0	
0	0	0	0	0	0	0	0	0	0	0	0	0	0	0	0	0	0	0	0	0	0	0	0	0	0	0	0	0	0	0	0	0	0	0	0	0	0	0	0	0	0	0	0	0	10.30666	11.42278	0	5.31179	12.3996	6.59417	7.56965	7.81311	0	10.41415	6.60205	0	0	0	0	10.76997	0	0	0	0	0	0	0	0	8.0664	0	0	0	0	0	0	3.2384	0	0	0	0	0	0	0	0	0	0	0	0	0	0	0	0	0	0	0	0	0	0	0	
0	0	0	0	0	0	0	0	0	0	0	0	0	0	0	8.33719	0	0	0	0	0	0	0	0	0	0	0	0	0	0	0	0	0	0	0	8.19076	11.38918	0	0	0	0	0	0	3.21678	0	11.65827	8.54509	8.1126	5.77436	8.57398	0	0	4.60353	0	9.85414	0	0	0	0	7.09296	0	10.19339	0	7.1178	0	9.33407	0	0	10.93599	0	12.4863	0	0	0	0	10.70414	0	0.48037	0	3.40558	0	0	0	0	0	0	0	0	0	0	9.81481	0	0	0	0	0	0	0	0	0	
0	0	0	0	0	0	0	0	0	0	0	0	0	0	0	0	0	0	0	0	0	0	0	0	0	0	11.5787	0	0	0	0	3.15413	0	0	6.43199	0	0	0	0	0	10.81193	0	0	0	0	0	0	0	11.79077	6.21128	3.02002	10.42746	8.78639	0	11.49684	0	11.56314	0	7.53319	0	9.43845	9.50306	0	0	0	8.31409	0	0	0	0	0	0	0	8.25187	0	0	0	0	0	0	0	0	0	0	0	0	0	0	0	0	0	0	0	0	0	0	7.20151	0	0	0	
0	0	0	0	0	0	0	0	0	0	0	0	0	0	0	0	0	0	0	11.64978	0	0	0	0	0	0	0	0	0	0	0	0	0	0	0	0	0	0	0	0	0	0	0	13.87775	0	0	13.15393	12.55743	12.24673	0	7.46936	8.10933	10.4129	0	0	0	13.57508	0	0	6.87985	6.42753	0	0	12.54509	0	7.10957	0	9.74213	0	0	0	0	0	0	0	0	0	0	0	0	0	0	0	0	0	0	0	0	0	0	7.61411	0	0	0	0	0	0	0	0	0	
0	0	0	0	0	0	0	0	0	0	0	0	9.1264	0	0	0	0	0	0	8.69169	0	0	0	0	0	0	0	0	0	0	0	0	0	7.02664	0	0	0	0	0	0	0	13.72346	12.66148	0	8.90471	0	0	5.45251	8.95092	0	6.12407	7.61137	7.29639	4.51281	10.41468	9.8523	6.15991	5.28181	9.35067	0	0	0	0	0	1.91292	0	0	0	0	0	0	0	0	0	0	0	0	0	11.25194	1.36759	0	0	0	0	0	0	0	0	0	0	0	0	0	0	0	0	0	0	0	0	
0	0	0	0	0	0	0	0	0	0	0	0	0	0	0	0	0	0	0	0	0	0	0	13.46248	0	0	0	0	0	0	0	0	0	0	0	0	0	0	11.53518	0	0	0	7.52143	8.88855	0	0	10.67588	6.03622	0	8.61574	8.83088	7.56435	0	0	0	0	0	6.52986	14.26474	9.57955	11.00557	0	0	0	8.3547	0	0	0	0	0	0	0	0	0	0	0	0	0	0	0	0	0	0	0	0	0	0	0	0	0	0	0	0	0	0	0	0	0	0	0	
0	0	10.08053	0	0	0	0	0	0	0	0	0	0	0	0	0	0	0	0	0	0	0	0	0	0	0	0	0	0	0	0	0	0	0	0	0	0	0	0	0	10.44817	0	0	0	0	8.94862	0	9.7471	8.92418	12.18521	0	7.41695	9.09443	9.40928	0.48037	10.74926	0	0	8.04082	9.63437	8.40027	0	8.18294	11.039	0	0	0	0	0	0	0	8.02936	0	0	0	0	4.6944	0	0	0	0	0	0	0	0	0	0	0	0	0	0	0	0	0	0	0	0	0	0	0	
0	0	0	0	0	0	0	0	0	0	0	10.06784	0	0	0	0	0	0	0	0	0	0	0	0	0	0	0	0	0	0	0	0	8.0102	0	0	0	0	9.7381	13.25432	5.23819	7.35563	8.21973	0	0	12.16397	8.61342	10.73988	5.78249	10.73316	0	11.53384	0	6.60741	5.30673	0	11.46959	6.24234	11.49547	0	0	0	0	0	0	0	0	0	6.94815	0	0	0	0	9.01071	0	0	8.04945	0	0	10.30664	0	0	0	0	0	0	0	0	0	0	0	0	0	0	0	0	8.64112	0	0	0	0	
0	0	0	0	0	0	0	0	0	0	0	0	0	0	0	0	0	0	0	0	0	0	0	0	0	0	0	0	0	0	0	0	0	0	8.42936	7.90819	0	0	0	6.79744	0	11.79753	0	10.95169	13.57057	10.40148	7.08927	9.74842	6.69438	11.08608	11.72713	10.432	1.91292	9.56931	0	0	8.06649	0	0	8.51169	8.19854	0	6.70212	0	0	0	0	0	0	0	0	0	0	0	0	0	0	0	6.17229	0	0	0	0	0	0	0	0	9.79634	0	0	0	0	0	0	0	0	0	0	0	0	
0	0	0	0	0	0	0	0	10.09624	0	11.11216	0	0	0	0	0	0	0	0	0	0	0	0	0	0	0	12.68227	0	0	0	0	0	0	0	0	0	0	16.2529	11.64463	0	7.31646	7.71159	0	4.82079	11.06637	11.93919	4.37545	8.32802	8.74271	9.25516	0	8.83461	3.33447	0	0	0	9.03013	3.15413	0	0	0	0	3.77011	0	0	0	11.3552	0	0	0	0	0	0	0	0	0	0	0	0	0	0	0	0	0	0	0	0	0	0	0	0	0	0	2.18774	0	0	0	0	0	0	
0	0	0	0	0	0	0	0	0	0	0	12.035	0	0	13.50463	0	0	0	0	0	0	0	0	0	0	0	0	0	0	0	0	11.20804	0	0	8.19076	0	11.2742	0	0	9.7735	2.41849	0	9.99615	9.94165	10.22993	7.98403	10.5909	9.08515	5.31494	8.44352	6.94287	9.93077	10.31913	9.64931	0	6.64061	9.90686	0	0	9.40305	9.72135	4.51687	0	10.96708	0	0	0	0	0	0	0	0	0	0	0	7.0386	0	0	0	0	0	0	0	5.0617	0	0	0	0	0	0	0	0	0	0	0	0	0	0	0	0	
0	0	0	0	0	0	0	0	0	0	0	0	12.37137	0	0	0	0	0	0	0	0	0	0	0	0	0	0	0	0	9.61778	0	0	8.36684	0	9.93614	0	11.75462	0	13.54296	10.34132	10.81334	10.17921	9.79162	9.68062	8.2237	4.23945	9.94376	10.61524	7.32396	9.10637	7.69806	10.9418	10.41915	5.97518	6.34947	6.09284	9.02396	0	0	8.74315	6.71303	0	0	0	0	0	0	0	0	0	0	0	0	9.64226	0	0	0	0	0	0	10.04449	0	0	0	0	0	0	0	0	0	0	0	0	0	0	0	0	0	0	0	
0	0	0	0	0	0	0	12.82453	0	0	0	10.03671	0	0	0	0	0	0	0	0	0	0	0	0	0	0	0	8.55136	0	0	6.58825	0	11.99618	0	0	0	6.43857	8.54375	12.56028	10.18148	9.78931	6.19507	0	11.2684	10.52412	8.71734	9.34645	9.35035	10.83898	9.86553	5.52747	9.69761	9.36458	11.3896	7.34527	7.15948	11.39215	6.95725	10.86607	9.00073	6.56414	12.37995	8.4194	0	8.90648	0	0	0	0	0	0	0	0	10.19047	0	0	0	0	0	0	0	0	0	0	0	0	0	0	0	0	0	0	0	0	0	0	0	0	0	0	
14.40172	0	0	0	0	0	0	0	6.48488	0	0	0	7.73318	0	0	0	0	0	0	0	0	0	0	0	12.58849	0	0	7.46614	0	0	0	0	13.18915	0	10.99313	8.24813	0	6.98911	10.33814	6.95795	8.83837	8.80417	5.70187	9.98317	11.66894	10.03866	8.01079	10.11145	7.09809	11.8756	9.92383	6.33616	6.6729	6.77137	11.60648	9.37464	9.51402	6.64028	0	10.58198	3.21678	0.48037	0	8.93605	0	8.7669	0	0	0	0	5.2828	0	0	0	0	0	0	0	0	0	0	0	5.1916	0	0	9.24623	0	0	0	0	0	0	0	0	0	0	0	0	0	0	
0	0	0	11.24209	0	0	0	0	0	0	0	0	0	0	0	0	0	0	9.22304	0	0	10.33604	0	7.68967	11.78578	9.87493	0	0	10.32941	10.6125	11.61015	0	14.36961	0	0	0.84012	0	10.11533	9.83872	8.25902	8.78309	6.43291	8.77182	9.26666	8.67309	10.07093	8.80488	9.14773	9.78673	5.99977	9.88648	8.38864	10.55797	8.3558	7.78382	9.40312	0	4.68116	6.62766	8.60584	0	5.99596	9.77243	0	0	0	0	0	0	6.65199	0	0	5.68854	0	1.57313	7.37979	12.28092	4.44796	0	1.12783	0	0	0	0	0	0	0	0	0	0	0	0	0	0	0	0	0	0	0	0	
9.39799	0	0	0	12.26872	8.86413	0	0	0	0	0	0	0	0	0	0	0	12.11299	0	0	0	0	0	0	9.2019	0	8.18343	9.82481	0	12.34598	9.69999	0	0	0	10.71508	8.89694	6.59335	10.97001	11.1137	8.07439	7.48527	9.34255	8.77863	8.86091	9.57392	9.78001	10.1549	8.36561	9.33665	10.48725	5.27839	10.50757	10.87052	7.40956	9.9391	9.30588	9.88816	5.16602	3.35327	8.02956	8.74713	0	6.80485	9.52412	11.86922	10.74556	9.50991	0	0	0	0	0	0	0	5.84547	0	0	0	0	0	0	0	0	0	0	0	0	0	0	0	0	0	0	0	0	0.48037	0	0	0	0	
0	0	0	0	0	0	0	0	4.95548	0	7.90473	0	0	0	0	0	7.89758	13.68762	9.28922	6.95735	11.17119	6.74621	0	0	0	13.68199	0	9.28466	7.1761	10.87659	0	10.22803	11.29817	9.40866	8.34687	11.02916	6.79238	7.76297	8.89781	7.76268	8.81759	8.05183	6.43769	7.96375	9.60078	8.09091	7.46451	8.63245	8.46124	7.64401	7.45086	11.41248	8.24541	9.55631	7.46408	6.38166	6.09872	8.63403	0	9.74744	4.44847	7.63049	7.45868	0	9.34321	11.66127	7.26959	0	0	0	0	7.31683	0	0	7.04629	0	0	0	9.38696	0	0	0	0	0	0	7.68136	0	0	0	0	0	0	0	0	0	6.62337	0	0	0	0	
0	9.8368	0	0	1.12783	8.75111	0	0	0	0	0	0	0	0	5.36808	10.73294	0	10.61759	10.58402	0	6.57037	0	10.10596	0	0	0	0	0	9.42949	12.21122	7.07054	0	9.78992	6.82605	9.90972	7.95442	9.49739	10.50769	8.95234	9.41816	8.72537	7.54649	8.22342	8.78711	8.43591	8.36804	9.1641	9.36421	7.70217	7.54963	7.64487	8.04212	8.51435	8.11143	8.94708	8.0988	4.82079	9.80664	8.42801	6.71615	0	8.95583	0	11.5098	10.24992	1.91292	8.53235	9.32076	0	0	0	0	0	0	0	4.34766	0	0	0	0	9.0399	0	0	0	0	0	0	0	0	0	0	0	0	0	0	0	0	0	0	0	
0	12.2405	9.09443	0	9.86942	0	0	0	0	0	9.89243	0	0	0	9.72808	8.70268	0	8.80052	0	0	9.64651	7.55369	9.74562	10.72062	7.16623	8.40602	0	6.02574	5.95978	9.62925	11.07433	10.57038	10.81858	11.02716	10.65931	6.12269	8.74736	8.82363	7.99387	7.78035	6.13258	8.13482	8.05728	7.68649	7.11348	7.24191	8.56606	8.29165	9.78398	8.98904	7.61293	9.36188	8.69229	8.45874	7.68406	8.21302	7.96312	7.842	8.80758	7.92129	0	8.96327	9.95906	9.18847	2.53934	3.44328	0.48037	0	0	0	0	8.69688	0	4.57989	10.04374	0	8.09185	0	1.36759	0	0	0	0	4.7946	0	1.02843	0	0	0	0	0	0	0	0	0	0	0	0	0	0	
0	0	0	0	0	0	0	0	7.8215	0	8.4956	11.38896	0	0	0	0	0	0	10.40955	0	11.3434	0	0	0	0	11.09714	10.42361	0	1.36759	8.42273	6.94065	7.83405	10.29852	9.55166	9.863	8.57058	10.41276	10.29634	8.56405	10.10158	7.83959	9.01075	8.81117	7.67415	7.95434	8.58305	7.30603	8.35293	7.92806	9.56135	8.10698	7.07268	7.29388	8.58881	7.25374	8.87936	9.0432	8.57771	10.14135	7.28239	10.0581	4.61785	11.49776	6.16016	0	12.09091	0	8.81673	0	0	0	0	0	0	0	0	0	0	0.84012	0	0	10.53009	0	0	0	0	0	8.57245	6.55226	10.88566	0	0	0	0	0	0	0	0	0	0	
0	0	0	0	0	0	0	0	12.94349	9.4785	8.85096	2.70739	0	12.53849	0	0	0	10.48983	11.03493	8.16198	0	0	1.12783	10.36571	8.1249	7.95843	9.27273	9.31161	5.75542	9.22686	0	8.02897	6.05489	5.75143	4.72645	8.10266	9.72184	6.64685	9.65196	6.29971	7.30529	8.34077	8.41121	8.51405	6.98613	9.00326	8.39676	7.96757	7.4125	9.21416	8.75728	8.02991	6.59304	6.66968	8.41849	8.5505	6.19799	9.47693	9.22018	7.66157	6.60327	9.26651	8.67391	8.12694	1.15386	9.07908	9.88039	0	0	0	0	0	0	7.08038	9.51635	0	0	0	13.01857	0	0	0	0	0	0	0	0	0	6.9665	0	2.94798	0	0	0	0	0	0	0	0	0	
0	0	10.82191	9.20455	0	8.26676	0	3.85134	7.63336	0	0	0	0	0	0	0	0	7.02943	0	0	0	0	0	10.59786	0	9.95522	0	11.39441	8.13305	8.53975	0	9.70208	0	11.76236	5.90339	9.13424	8.5276	7.09949	1.55743	9.27656	9.91569	9.07029	8.80505	8.5773	8.28814	6.72467	6.98427	8.28169	7.46413	8.47264	8.72095	7.78197	8.16096	8.42857	7.86045	6.67186	7.78275	8.9906	8.26266	7.80229	9.59271	8.96079	2.53085	9.85722	4.53651	0	0	6.93255	3.33447	4.08726	5.09719	0	9.4809	0	1.69495	0	6.66952	0	0	0	0	0	5.27463	0	0	0	0	0	0	0	0	0	0	0	0	0	0	0	0	0	
0	0	0	0	0	0	0	0	0	0	11.7231	9.40305	9.46259	0	14.82997	0	0	8.56347	0	13.29785	0	0	0	0	0	0	6.04858	4.95548	8.23923	0	7.47913	8.27967	6.33268	9.42916	6.39387	8.74917	8.96543	7.71811	8.85166	8.21492	9.6964	6.3449	7.00274	7.48835	7.09447	7.28756	5.70587	6.58255	8.24883	6.64941	8.33321	9.34951	8.47756	7.61929	7.6107	7.51057	6.39801	7.95606	8.72949	8.34013	9.52783	6.90051	9.45528	6.55648	1.36759	5.13142	8.95782	4.7462	0	0	8.5544	0	6.7954	4.88782	0	13.53319	0	0	0	0	0	0	0	0	0	0	0	0	7.09637	0	0	0	0	0	0	0	0	0	0	0	
0	0	0	0	0	1.36759	0	0	0	10.37004	0	0	11.30967	0	0	0	0	0	0	0	0	0	0	8.53558	0	0	8.90101	0	0	4.16849	6.95294	0	0	7.18874	6.95276	7.63049	6.11587	3.21678	0.48037	8.79026	5.05958	10.49062	5.69218	6.64728	9.80964	8.16778	6.60506	7.49171	9.89876	4.83141	7.47038	9.28657	6.99223	6.61029	8.98391	7.51541	8.34132	7.13558	5.124	6.99994	6.51489	6.29427	4.75239	11.47742	8.43183	6.16909	8.58441	9.54258	6.2302	0	0	13.42861	0	7.79608	0	3.44328	9.60612	0	0	0	0	0	0	0	10.3527	0	0	2.94798	0	0	0	8.30511	0	0	0	0	8.73247	0	0	0	
0	0	0	0	0	0	0	0	0	0	0	12.10201	0	0	0	0	0	5.54397	10.23277	0	0	0	0	0.48037	0	0	0	9.38014	0	0	0	0	7.69595	8.07323	8.02622	0	5.68539	9.27293	4.49814	6.32627	7.37602	9.21128	7.81059	4.14713	0	10.04971	6.89451	5.14133	7.11984	7.11748	7.95833	10.82884	8.74605	6.56148	7.1136	7.23355	6.88455	7.41698	7.46006	9.6251	7.48366	4.23102	0	7.65946	10.21836	0	7.24768	7.42028	9.40052	9.09046	0	0	0	1.57313	0	11.19643	0	8.32302	0	0	0	8.92363	0	0	0	0	0	0	0	0	0	0	0	0	0	0	0	0	0	0	
0	0	0	0	9.51524	0	0	0	0	0	9.33936	0	1.75301	0	0	10.56249	0	0	7.55065	0	6.6306	5.73209	0	0	0	9.05747	6.11587	0	0	5.47496	0	9.33452	12.49086	0	0	8.38571	9.57283	12.05429	10.53048	11.26728	7.34151	8.54832	7.00809	8.39082	7.51571	8.14108	15.57852	4.50995	7.8718	7.89836	8.82341	7.25413	8.89432	10.3752	5.73974	7.25143	7.99291	8.49792	5.25565	8.03567	5.44659	8.46437	6.23584	6.5208	9.44962	0	7.88398	10.24131	0	0	8.153	9.09652	6.59253	10.34531	10.84241	0	4.77838	0	0	0	6.03125	0	0	1.91292	0	3.59249	0	0	0	11.85528	0	0	0	0	0	0	0	0	0	0	
0	0	0	0	0	0	0	0	0	0	0	5.74277	5.04069	0	0	9.15268	0	0	0	3.02002	5.67745	0	0	0	0	0	0	0	0	4.737	1.91292	6.81111	0	0	0	10.06625	0	0	0	7.41027	3.97801	6.73756	4.61601	5.98033	7.88693	3.64266	6.58887	8.74198	8.64891	3.55278	0	0	8.77921	10.01686	4.50656	8.13028	8.73286	7.15265	7.35329	7.29539	8.7798	7.07762	8.79439	7.95186	5.41035	8.13883	7.28794	8.27127	0	9.35689	0	6.43096	8.62299	11.05195	12.30207	0	6.30797	0	7.30606	0	0	0	0	0	0	0	0	0	0	0	0	0	0	0	0	0	0	0	0	0	
0	0	0	8.34422	0	0	0	0	0	0	0	0	0	0	0	0	0	0	0	0	0	0	9.59364	0	0	0	9.52321	7.81941	8.70541	8.1492	0	0	2.87216	0	0	10.55297	0	5.26808	8.719	2.6191	6.03251	0	1.36759	0	5.39822	10.44882	8.85995	9.1696	5.59618	5.30077	5.84655	7.04554	8.9046	8.58849	8.12805	6.97817	7.34145	6.73758	7.60461	7.37467	7.6807	7.62753	8.33314	8.17345	8.02798	8.2787	6.14808	8.65257	10.8911	7.92812	5.27176	9.44914	6.38772	1.27043	9.22301	0	12.26212	0	6.22024	10.32142	0.84012	5.51243	9.03591	0	0	0	0	0	0	0	0	0	0	0	0	0	0	3.33447	0	12.36144	
0	0	5.79422	0	0	0	0	0	0	0	0	0	0	0	0	0	0	0	0	0	8.50348	0	0	0	0	9.91563	0	8.58182	0	9.77177	0	10.52816	8.57098	0	7.45967	0	0	6.80459	6.6151	0	8.51131	0	0	7.5361	10.6349	9.93265	4.27771	3.23233	7.89758	8.84159	8.01349	9.7567	7.09465	7.64947	6.93239	9.60074	0	6.50826	8.45091	7.2023	3.65768	6.13219	6.7315	2.59666	5.08606	8.49575	5.85283	0	8.78825	5.52392	3.93628	7.75181	6.24276	8.76625	0	0	6.41932	0	2.28562	6.03125	0	6.98869	0	0	0	0	0	0	5.02628	0	0	0	0	0	0	0	3.21678	0	0	0	
0	0	0	0	1.75301	0	0	0	0	0	0	0	8.34597	0	0	0	0	0	0	0	8.81198	6.47106	0	0	0	0	0	7.22342	0	0	0	0	9.79506	0	0	0	7.76497	0	7.3591	8.48451	0	0	3.49826	0.48037	10.52855	0	5.77821	9.20963	3.8113	6.86246	7.81392	6.01144	11.47738	5.35095	7.7559	3.92314	0	6.48304	5.29484	2.85328	7.5931	6.36898	9.45422	8.43094	6.18062	9.21967	7.67463	5.81145	8.31562	6.38186	8.0579	0	0	8.78185	0	8.22187	5.55353	5.96709	0	0	0	0	0	0	7.93066	5.17648	0	0	0	0	0	0	0	0	0	0	8.32835	0	0	0	
0	0	0	0	0	0	0	0	9.01292	0	0	0	6.0175	0	0	0	7.72242	5.39542	2.30772	0	0	0	0	0	4.77053	0	0	0	0	0	0	0	0	0	10.79745	9.28466	0	9.64295	0	0	0	0	8.48132	9.90319	0	10.17704	10.34615	8.00355	0	5.10001	0	10.01483	9.84612	7.97593	0	6.21128	0	8.40545	0	6.20823	9.52171	7.05059	5.64324	7.22074	6.88526	7.82721	7.41206	5.69899	8.90172	7.88544	8.23329	4.59536	6.05733	7.52612	7.91192	7.31053	10.05405	7.57477	0	0	7.8759	4.73777	10.03529	0	7.40419	0.84012	7.844	7.66741	6.90599	0	3.65401	0	0	9.07489	0	0	0	0	0	0	
0	0	0	0	0	0	0	0	0	0	0	0	0	0	0	0	0	0	0	0	5.78777	0	0	0	0	0	0	0	0	5.17648	0	0	0	0	5.89421	0	0	0	0	0	9.08607	0	8.6326	9.21539	5.8979	0	0	0.84012	4.67221	6.40449	10.63346	0	0	6.227	3.97171	7.86676	0	0	8.11089	8.80659	13.96758	5.19748	2.81551	6.42778	7.12275	7.34274	5.23252	4.71964	6.79882	6.11312	9.87239	7.37507	5.3723	6.13738	5.50323	0	1.81613	0	8.07502	0	0	0	1.91292	0	0	0	9.82558	0	0	0	0	0	0	0	0	0	0	0	0	0	
0	0	0	0	10.05397	0	0	0	0	0	0	5.80527	0	6.72924	0	0	0	0	0	0	0	0	0	0	0	0	0	0	0	0	0	0	0	0	0	0	0	0	0	6.90424	0	0	6.49021	0	5.73969	0	2.56766	1.57313	0	0	2.52135	0	0	0	8.61235	0	0	0.48037	0	10.09363	8.86946	0	7.43555	7.16433	8.71166	0	4.76763	4.85923	9.10892	7.87438	7.93831	9.46466	8.94977	6.86682	0	0	5.85924	6.43199	6.89346	6.61757	4.53142	10.06996	2.30772	0	3.85134	0	5.92268	10.0703	0	5.3525	0	0	0	0	9.23255	0	0	0	0	0	
0	0	0	0	0	0	0	0	0	0	0	0	0	0	0	0	0	8.5569	0	0	0	7.78579	8.93936	0	0	0	8.71358	0	0	0	0	0	0	8.09534	7.74314	0	0	0	0	0	0	0	0	0	0	0	0	0	0	0	12.14392	0	0	0	0	7.29201	10.09292	9.66945	9.40473	2.61737	0	8.35325	7.641	0	8.49679	8.6114	6.49048	8.29605	4.89805	5.18608	6.57389	5.9741	7.0273	5.67011	8.353	7.27317	6.80767	0	10.55569	6.07335	0	0	6.90031	0	7.67579	9.3591	7.68413	3.54445	0	10.26883	0	0	0	0	0	0	8.77187	0	0	0	
0	0	0	0	0	0	0	0	7.07706	0	0	0	0	0	0	0	0	0	0	0	0	0	0	0	0	0	0	3.27682	0	1.12783	0	0	0	0	0	0	0	0	0	9.3363	0	0	0	0	0	5.60902	0	8.07081	5.77436	0	0	9.95292	0	0	0	0	0	0	9.20219	0	8.44077	0	7.93052	9.95186	7.69947	4.59318	7.26955	0	0	8.02851	8.14966	5.23819	8.7741	7.30831	8.19698	10.31248	1.26862	0	0.48037	7.55349	8.37597	8.21353	9.46162	8.84932	8.79522	0	0	0	0	0	7.06344	0	10.84949	0	0	0	0	0	0	0	
0	0	0	0	0	0	0	0	0	0	0	0	0	8.24249	0	0	0	0	0	5.04453	0	0	0	0	0	3.19126	0	0	0	0	0	0	0	0	7.56878	0	0	6.97499	0	0	9.9695	0	5.68854	11.51954	1.12783	0	0	0	0	0	7.77281	8.05375	0	0	3.27682	0	0	0	0	7.69941	5.71406	0	5.48822	8.79796	6.58825	5.39987	9.65943	3.33447	0	6.1066	7.51942	0	6.40441	6.69318	9.2495	7.37843	4.26753	5.52678	7.89935	5.19558	0	6.87716	9.30553	4.45349	3.9652	0	0	7.08038	4.44208	0	9.63365	0	0	8.0516	0	0	0	0	4.41699	0	
0	0	0	0	0	0	0	9.66207	0	0	0	0	0	0	0	0	0	0	0	0	0	0	10.35836	0	0	0	0	0	9.34551	0	0	0	0	0	10.35469	0	0	5.0617	0	0	0	1.66307	0	0	0	0	10.72516	0	0	0	0	0	10.40955	0	0	0	3.12451	2.05686	0	6.53033	7.12691	0	0	7.86747	0	4.48126	0	8.7111	6.95753	10.67763	8.58398	7.76708	8.50818	6.67363	8.08347	6.76044	7.34482	3.02002	6.79357	6.82649	7.78857	7.72454	9.40123	0	5.78292	0	5.34021	6.51995	0	0	9.23539	8.75354	0	0	0	0	8.59181	0	0	0	
0	0	0	0	0	0	0	0	0	0	0	0	0	0	0	0	0	0	0	0	0	0	0	0	0	0	0	0	0	0	0	0	0	0	0	0	0	6.5294	0	0	0	0	0	0	0	0	0	0	0	3.54445	0	5.53499	0	3.80607	0	0	3.8903	6.59238	4.77988	0	4.13703	0	10.04428	11.84974	7.51992	8.04367	0	0	8.06044	7.89753	0	7.55065	5.88429	9.54018	8.08837	6.12998	0	5.59207	5.04196	7.07018	4.4771	9.89363	6.55833	0	0	0	6.7108	0	0	0	0	0	7.25717	8.38295	6.66889	0	0	0	0	0	
0	0	0	0	0	0	0	9.4801	0	0	0	0	0	0	0	0	0	0	0	0	0	0	0	0	0	0	0	0	0	0	0	0	0	0	0	0	0	5.35884	0	7.79608	0	0	0	0	0	0	0	0	0	0	4.96779	0	0	11.38022	7.59372	0	0	6.7871	9.78152	10.79425	0	0	0	8.29971	8.80621	8.84086	0	0	8.31455	5.33189	8.05511	4.81648	3.95483	9.53546	2.05686	8.65112	6.64802	0	8.54855	9.19468	9.06996	8.63976	4.55713	6.42118	8.68148	0	0	2.21225	0	0	7.37636	0	0	0	0	2.02473	0	0	0	0	
0	0	0	0	0	0	0	0	0	0	0	0	0	0	0	0	0	0	0	0	0	0	0	0	0	9.79954	0	0	0	0	0	0	0	0	0	0	0	7.94692	0	0	0	0	0	0	10.43159	0	0	0	9.46081	0	0	0	0	0	0	0.84012	0	0	0	0	0	0	8.63342	0	0	7.46966	8.83315	8.2719	0.84012	7.45193	3.29812	0	6.5813	0	8.8069	6.74419	2.87216	6.39054	5.36145	7.27701	4.31282	0	5.14445	0	10.79617	6.19463	0	0	0	0	9.24575	0	0	0	0	0	0	1.57313	0	0	
0	0	0	0	0	0	0	0	0	0	0	0	3.59249	0	0	0	0	0	1.36759	0	0	0	0	0	0	0	0	0	0	0	0	0	0	0	0	0	0	0	0	0	0	0	0	0	0	0	0	9.24387	0	0	2.18774	0	10.75981	0	0	0	0	0	0	5.26354	0	0	0	5.03673	4.67221	8.51287	8.92497	0	10.54772	0	0	8.92066	0	0	0	3.53148	7.95038	8.94596	5.61076	5.97174	0	4.95261	7.04674	4.21082	5.09749	4.31826	5.68693	0	7.35563	0	0	0	0	6.17229	0	0	0	0	0	0	
0	0	0	0	0	0	0	0	0	0	0	0	0	0	0	0	0	0	0	0	0	0	0	0	0	0	0	0	0	0	0	0	10.67798	0	0	0	0	0	0	0	5.22301	0	0	0	0	0	0	0	0	0	0	0	0	0	0	0	7.32265	0	0	0	9.52333	0	0	3.54073	0	6.75585	0	0	8.17772	0	0	0	8.6369	0	0	3.77011	0	0	6.2714	9.46216	9.43757	5.89421	10.12409	0	4.73777	0	2.87216	0	0.48037	0	7.61768	6.00875	5.74834	0	0	0	0	0	0	0	
0	0	0	0	0	0	0	3.03285	0	0	0	0	0	0	0	0	0	0	0	0	0	0	0	0	0	0	0	8.45719	0	0	0	0	0	0	0	0	0	0	0	0	0	0	0	0	0	0	0	0	0	0	0	0	0	0	0	0	0	0.48037	0	0	0	0	0	0	0	0	0	0	0	0	2.81039	5.68122	5.0313	0	0	9.68995	7.37979	0	9.57364	5.60902	0	7.02742	0	7.03329	3.54445	9.02413	0	10.23655	0	3.59249	0	3.59249	0	0	0	9.36379	0	0	0	0	
0	0	0	0	0	0	0	0	0	0	0	0	0	0	0	0	0	0	0	0	8.24813	0	0	0	0	0	0	0	0	0	3.08863	0	0	0	0	0	0	0	0	0	0	0	0	0	0	0	0	0	0	0	0	0	0	0	0	0	0	0	0	11.90741	0	0	0	0	7.25473	8.82963	6.12407	6.05109	0	0	0	0	0	0	0	7.12599	6.41578	0	0	0	3.35652	0	0	0	4.75692	7.76235	7.20624	7.00221	7.86616	0	7.77281	7.90235	7.65332	6.87233	0	7.33812	0	0	0	0	
0	0	0	0	0	0	0	0	0	0	0	0	0	0	0	0	0	0	0	0	0	0	0	0	0	0	0	0	0	0	0	0	0	0	0	0	0	0	0	0	0	0	0	0	0	0	0	0	7.40018	0	0	0	0	0	0	0	0	0	0	0	0	0	0	0	0	0	0	0	0	7.96756	10.97955	9.05425	7.80137	0	9.8021	6.30797	0	8.87526	0	0	0	8.35296	8.81426	0	4.42043	0	4.64968	0	0	5.44511	0	4.98935	5.5779	0	6.01371	0	0	0	0	0	
0	0	0	0	0	0	0	0	0	0	0	0	0	0	0	9.61025	0	0	0	0	0	0	0	0	0	0	0	0	0	0	0	0	0	0	8.23116	0	0	0	0	0	0	0	0	0	0	0	0	0	0	0	0	0	0	0	0	0	0	0	0	0	0	0	0	0	0	0	0	5.0617	0	0	0	0	0	8.14316	0	0	0	3.6812	0	0	0	7.15827	0	0	3.75511	0	7.66213	3.68178	7.05059	9.93219	8.83463	0	9.80274	0	0	0	0	0	0	0	
0	0	0	0	0	0	0	0	0	0	0	0	0	0	0	0	0	0	0	0	0	0	0	0	0	0	0	0	0	0	0	0	0	0	0	0	0	0	0	0	0	0	0	0	0	0	0	0	8.10641	10.05021	0	0	0	0	0	0	0	0	0	11.58093	0	0	0	0	0	7.16803	0	0	0	0	0	8.27045	0	0	0	0	0	11.58167	0	5.78965	11.38108	0	0	8.43924	0	0	0	0	0	0	0	0	0	0	0	0	0	0	0	0	
0	0	0	0	0	0	0	0	0	0	0	0	0	0	0	0	0	0	0	0	0	0	0	0	0	0	0	0	0	0	0	0	0	0	0	0	0	0	0	0	0	0	0	0	0	0	0	0	0	0	0	0	0	0	0	2.29725	0	0	13.97744	0	0	0	0	0	7.7702	0	0	0	0	0	0	3.63899	0	6.66889	0	0	9.10896	0	0	0	4.71017	4.92361	3.77929	8.62106	0	0	0	8.92301	9.61235	0	4.67221	12.44621	9.8249	0	0	0	0	0	0	0	
0	0	0	0	0	0	0	0	0	0	0	0	0	0	0	0	0	0	0	0	0	0	0	0	0	0	0	0	0	0	0	0	0	0	0	0	0	0	0	0	0	0	0	0	0	0	0	0	0	0	0	0	0	0	0	0	0	0	0	0	0	0	0	0	0	0	0	0	0	0	0	0	0	0	0	0	0	0	0	0	0	0	0	0	0	0	1.36759	0	0	0	0	10.45249	0	0	0	0	0	0	0	0	
0	0	0	0	0	0	0	0	0	0	0	0	0	0	0	0	0	0	0	0	0	0	0	0	0	0	0	0	0	0	0	0	0	0	0	0	0	0	0	0	0	0	0	0	0	0	0	0	0	0	0	0	0	0	0	0	0	0	0	0	0	0	0	0	0	0	0	0	0	0	9.02561	0	0	0	0	0	0	0	0	8.34597	0	0	0	9.18927	0	0	0	0.84012	0	0	5.85067	11.43909	0	0	0	0	0	0	0	0	
0	0	0	0	0	0	0	0	0	0	0	0	0	0	0	0	0	0	0	0	0	0	0	0	0	0	0	0	0	0	0	0	0	0	0	0	0	0	0	0	0	0	0	0	0	0	0	0	0	0	0	0	0	0	0	0	0	0	0	1.91292	0	0	0	0	0	0	0	0	0	0	6.92488	0	0	0	0	0	0	0	0	0	0	0	0	0	0	0	7.06769	0	0	0	0	0	0	0	0	0	0	0	0	0	
0	0	0	0	0	0	0	0	0	0	0	0	0	0	0	0	0	0	0	0	0	0	0	0	0	0	0	0	0	0	0	0	0	0	0	0	0	0	0	0	0	0	0	0	0	0	0	0	0	0	0	0	0	0	0	0	0	0	0	0	0	0	0	0	0	0	0	0	0	9.83867	2.70739	0	0	0	0	0	0	0	8.96011	0	0	0	0	0	0	0	0	0	9.12027	7.46614	0	0	0	0	0	0	0	0	0	0	
0	0	0	0	0	0	0	0	0	0	0	0	0	0	0	0	0	0	0	0	0	0	0	0	0	0	0	0	0	0	0	0	0	0	0	0	0	0	0	0	0	0	0	0	0	0	0	0	0	0	0	0	0	0	0	0	0	0	0	0	0	0	0	0	0	0	0	0	0	0	0	0	0	0	0	0	0	0	0	0	0	0	0	0	0	0	6.24173	0	0	0	0	0	0	0	0	0	0	0	0	0	
0	0	0	0	0	0	0	0	0	0	0	0	0	0	0	0	0	0	0	0	0	0	0	0	0	0	0	0	0	0	0	0	0	0	0	0	0	0	0	0	0	0	0	0	0	0	0	0	0	0	0	0	0	0	0	0	0	0	6.90599	0	0	0	0	0	0	0	0	0	0	0	0	0	0	0	0	7.37979	0	0	0	0	0	0	0	0	0	0	0	0	0	0	0	0	0	0	0	0	0	0	0	0	
0	0	0	0	0	0	0	0	0	0	0	0	0	0	0	0	0	0	0	0	0	0	0	0	0	0	0	0	0	0	0	0	9.32076	0	0	0	0	0	0	0	0	0	0	0	0	0	0	0	0	0	3.8903	0	0	0	0	0	0	0	0	0	0	0	1.75301	0	0	0	0	0	0	0	0	0	0	0	0	8.87161	0	0	0	0	7.15427	0	0	0	0	0	0	0	0	0	0	0	0	0	0	0	0	0	0	0	
0	0	0	0	0	0	0	0	0	0	0	0	0	0	0	0	0	0	0	0	0	0	0	0	0	0	0	0	0	0	0	0	0	0	0	0	0	0	0	0	0	0	0	0	0	0	0	0	0	0	0	0	0	0	0	0	0	0	0	0	0	0	0	0	0	0	0	0	0	0	0	0	0	0	0	0	0	0	0	0	0	0	0	0	0	0	0	0	0	0	0	0	0	0	0	0	0	0	0	0	
0	0	0	0	0	0	0	0	0	0	0	0	0	0	0	0	0	0	0	0	0	0	0	0	0	0	0	0	0	0	0	0	0	0	0	0	0	0	0	0	0	0	0	0	0	0	0	0	0	0	0	0	0	0	0	0	0	0	0	0	0	0	0	0	0	0	0	0	0	0	0	0	0	0	0	0	0	0	0	0	0	0	0	0	0	0	0	0	0	0	0	0	0	0	0	0	0	0	0	0	
0	0	0	0	0	0	0	0	0	0	0	0	0	0	0	0	0	0	0	0	0	0	0	0	0	0	0	0	0	0	0	0	0	0	0	0	0	0	0	0	0	0	0	0	0	0	0	0	0	0	0	0	0	0	0	0	0	0	0	0	0	0	0	0	0	0	0	0	0	0	0	0	0	0	0	0	0	0	0	0	0	0	0	0	0	0	0	0	0	0	0	0	0	0	0	0	0	0	0	0	
0	0	0	0	0	0	0	0	0	0	0	0	0	0	0	0	0	0	0	0	0	0	0	0	0	0	0	0	0	0	0	0	0	0	0	0	0	0	0	0	0	0	0	0	0	0	0	0	0	0	0	0	0	0	0	0	0	0	0	0	0	0	0	0	0	0	0	0	0	0	0	0	0	0	0	0	0	0	0	0	0	0	0	0	0	0	0	0	0	0	0	0	0	0	0	0	0	0	0	0	
0	0	0	0	0	0	0	0	0	0	0	0	0	0	0	0	0	0	0	0	0	0	0	0	0	0	0	0	0	0	0	0	0	0	0	0	0	0	0	0	0	0	0	0	0	0	0	0	0	0	0	0	0	0	0	0	0	0	0	0	0	0	0	0	0	0	0	0	0	0	0	0	0	0	0	0	0	0	0	0	0	2.41849	0	0	0	0	0	0	0	0	0	0	0	0	0	0	0	0	0	0	
0	0	0	0	0	0	0	0	0	0	0	0	0	0	0	0	0	0	0	0	0	0	0	0	0	0	0	0	0	0	0	0	0	0	0	0	0	0	0	0	0	0	0	0	0	0	0	11.0243	0	0	0	0	0	0	0	0	0	0	0	0	0	0	0	0	0	0	0	0	0	0	0	0	0	0	8.65851	0	0	0	0	0	0	0	0	0	0	0	0	0	0	0	0	0	0	0	0	0	0	0	0	0	
