0	0	0	0	0	0	0	0	0	0	0	0	0	0	0	0	0	0	0	0	0	0	0	0	0	0	0	0	0	0	0	0	0	0	0	0	0	0	0	0	0	0	0	0	0	0	0	0	0	0	0	8.9059	0	0	0	0	0	0	0	0	0	0	0	0	0	0	0	0	0	0	0	0	0	0	0	0	0	0	0	0	0	0	0	0	0	0	0	0	0	0	0	0	0	0	0	0	0	0	0	0	
0	0	0	0	0	0	0	0	0	0	0	0	0	0	0	0	0	0	0	0	0	0	0	0	0	0	0	0	0	0	0	0	0	0	0	0	0	0	0	0	0	0	0	0	0	0	0	13.32333	0	0	0	0	0	0	0	0	0	0	0	0	0	0	0	13.21171	0	0	0	0	0	0	0	0	0	0	0	0	0	0	0	0	0	0	0	0	0	0	0	0	0	0	0	0	0	0	0	0	0	0	0	0	
0	0	0	0	0	0	0	0	0	0	0	0	0	0	0	0	0	0	0	0	0	0	0	0	0	0	0	0	0	0	0	0	0	0	0	0	0	0	0	0	0	0	0	0	0	0	0	0	0	0	0	0	0	0	10.34238	0	0	0	0	0	0	0	0	0	0	0	0	0	0	0	0	0	0	0	0	0	0	0	0	0	0	0	0	0	0	0	0	0	0	0	0	0	0	0	0	0	0	0	0	0	
0	0	0	0	0	0	0	0	0	0	0	0	0	0	0	0	0	0	0	0	0	0	0	0	0	0	0	0	0	0	0	0	0	0	0	0	0	0	0	0	0	0	0	0	0	0	12.43998	9.48453	0	0	0	0	0	0	0	0	0	0	0	0	0	0	0	0	0	0	0	0	0	0	0	0	0	0	0	0	0	0	0	0	0	0	0	0	0	0	0	0	0	0	0	0	0	0	0	0	0	0	0	0	
0	0	0	0	0	0	0	0	0	0	0	0	0	0	0	0	0	0	0	0	0	0	0	0	0	0	0	0	0	0	0	0	0	0	0	0	0	7.95892	0	0	0	0	0	11.77653	0	0	0	0	0	0	0	0	0	0	0	0	0	0	0	0	0	0	0	0	0	0	0	0	0	0	0	0	0	0	0	0	0	0	0	0	0	0	0	0	0	0	0	0	0	0	0	0	0	0	0	0	0	0	0	0	
0	0	0	0	0	0	0	0	0	0	0	0	0	0	0	0	0	0	0	0	0	0	0	0	0	0	0	0	0	0	0	0	0	0	0	0	0	0	0	0	0	0	0	0	0	0	0	0	0	0	0	0	0	0	0	0	0	0	0	0	0	0	0	0	0	0	0	0	0	0	0	0	7.95235	0	0	0	0	0	0	0	0	0	0	0	0	0	0	0	0	0	0	0	0	0	0	0	0	0	0	0	
0	0	0	0	0	0	0	0	0	0	0	0	0	0	0	0	0	0	0	0	0	0	0	0	0	0	0	0	0	0	0	0	0	0	0	0	0	0	0	0	0	0	0	0	0	0	0	0	0	0	0	0	0	0	0	0	0	0	0	0	0	0	0	0	0	0	0	0	0	0	0	0	0	0	11.00947	0	0	0	0	0	0	0	0	0	0	0	0	0	0	0	0	0	0	0	0	0	0	0	0	0	
0	0	0	0	0	0	0	0	0	0	0	0	0	0	0	0	0	0	0	0	0	0	0	0	0	0	0	0	0	0	0	0	0	0	0	0	0	0	0	0	0	0	0	0	0	0	0	0	0	0	0	8.66647	0	0	0	11.7511	0	0	12.05123	0	0	0	0	0	0	0	0	0	0	0	0	0	0	0	0	0	0	0	0	0	0	0	0	0	0	0	0	0	0	0	0	0	0	0	0	0	0	0	0	0	
0	0	0	0	0	0	0	0	0	0	0	0	0	0	0	0	0	0	0	0	0	0	0	0	0	0	0	0	1.4305	0	0	0	0	0	0	0	0	0	0	0	0	0	0	0	0	0	0	0	0	0	0	0	0	0	0	0	0	0	0	0	0	0	0	0	0	0	0	7.87635	0	0	0	0	0	0	0	0	0	0	0	0	0	0	0	0	0	0	0	0	0	0	0	0	0	0	0	0	0	0	0	0	
0	0	0	0	0	0	0	0	0	0	0	0	0	0	0	0	0	0	0	0	0	0	0	0	0	0	0	0	0	0	0	0	0	0	0	0	0	0	0	0	0	0	0	0	0	0	0	0	0	0	0	0	0	0	0	8.73752	0	0	0	0	0	0	0	0	0	0	0	0	0	0	0	0	0	0	0	0	0	0	0	0	0	0	0	0	0	0	0	0	0	0	0	0	0	0	0	0	0	0	0	0	
0	0	0	0	0	0	0	0	0	0	0	0	0	0	0	0	0	0	0	0	0	0	0	0	0	0	0	0	0	0	0	0	0	0	0	0	0	0	0	0	0	0	0	0	0	0	0	0	0	0	0	0	0	0	0	0	0	0	0	0	0	0	0	0	0	0	0	10.09051	0	0	0	0	0	0	0	0	0	0	0	0	0	0	0	0	0	0	0	0	0	0	0	0	0	0	0	0	0	0	0	0	
0	0	0	0	0	0	0	0	0	0	0	0	0	0	0	0	0	0	0	0	0	0	0	0	0	0	0	0	0	0	0	0	0	0	0	0	0	0	0	0	0	0	0	0	0	0	0	0	0	0	0	0	5.42022	0	0	0	3.13567	0	0	0	0	0	0	0	0	0	0	0	0	0	0	8.79555	0	0	0	0	0	0	0	0	0	0	0	0	0	0	0	0	0	0	0	0	0	0	0	0	0	0	0	0	
0	0	0	0	0	0	0	0	0	0	0	0	0	0	0	0	0	0	0	0	0	0	0	0	0	0	0	0	0	0	0	0	0	0	0	0	0	0	0	0	0	0	0	0	0	0	0	0	11.05713	0	0	0	14.49482	0	0	0	0	0	0	0	0	0	0	0	0	0	0	9.04668	0	0	0	0	0	0	0	0	0	0	0	0	0	0	0	0	0	0	0	0	0	0	0	0	0	0	0	0	0	0	0	0	
0	0	0	0	0	0	0	0	0	0	0	0	0	0	0	0	0	0	0	0	0	0	0	0	0	0	0	0	0	0	12.56203	0	0	0	0	0	0	0	0	6.50552	0	0	0	0	0	0	0	7.75512	0	0	0	0	0	0	0	0	0	7.20331	7.60825	0	11.4951	0	0	11.65715	0	0	0	0	0	0	0	0	0	0	0	0	0	0	0	0	0	0	0	0	0	0	0	0	0	0	0	0	0	0	0	0	0	0	0	0	
0	0	0	0	0	0	0	0	0	0	0	0	0	0	0	0	0	0	0	0	0	0	0	0	0	0	0	0	0	0	0	0	0	0	0	0	0	0	0	0	0	0	0	0	0	0	0	0	0	0	0	0	0	0	6.84597	0	0	0	0	0	0	0	0	0	0	0	0	0	0	0	0	0	0	0	0.35907	0	0	0	0	0	0	0	0	0	0	0	0	0	0	0	0	0	0	0	0	0	0	0	0	0	
0	0	0	0	0	0	0	0	0	0	0	0	0	0	0	0	0	0	0	0	0	0	0	0	0	0	0	0	0	0	0	0	0	0	0	0	0	0	0	0	0	0	17.10593	0	0	0	0	0	0	0	0	0	8.9042	0	0	0	0	0	0	12.66637	0	0	0	0	0	0	0	0	0	0	0	9.60007	0	0	0	0	0	0	0	0	0	0	0	0	0	0	0	0	0	0	0	0	0	0	0	0	0	0	0	0	
0	0	0	0	0	0	0	0	0	0	0	0	0	0	0	0	0	0	0	0	0	0	0	0	0	0	0	0	0	0	0	0	0	0	0	0	0	0	0	0	0	0	0	7.44297	0	0	0	10.96148	0	0	0	7.33748	0	0	0	0	0	0	4.02085	0	0	0	0	0	0	0	0	0	0	0	0	0	0	0	0	0	0	0	0	0	0	0	0	0	0	0	0	0	0	0	0	0	0	0	0	0	0	0	0	0	
0	0	0	0	0	0	0	0	0	0	0	0	0	0	0	0	0	0	0	0	0	0	0	0	0	0	0	0	0	0	0	0	0	0	0	0	0	0	0	0	0	0	12.45683	0	0	0	0	0	0	0	0	0	0	0	0	8.22997	0	0	0	0	0	0	0	0	0	0	2.8513	0	9.49439	0	0	0	0	0	0	0	0	0	0	0	0	0	0	0	0	0	0	0	0	0	0	0	0	0	0	0	0	0	0	0	
0	0	0	0	0	0	0	0	0	0	0	0	0	0	0	0	0	0	0	0	0	0	0	0	0	0	0	0	0	0	0	0	0	0	0	0	0	0	0	0	11.88797	0	0	0	0	0	0	0	0	0	0	0	0	0	0	0	0	0	0	0	0	0	0	0	0	0	0	0	0	0	0	0	0	0	0	0	0	0	0	0	0	0	0	0	0	0	0	0	0	0	0	0	0	0	0	0	0	0	0	0	
0	0	0	0	0	0	0	0	0	0	0	0	0	0	0	0	0	0	0	0	0	0	0	0	0	0	0	0	0	0	0	0	0	0	0	0	0	0	0	0	0	0	0	0	0	0	0	8.927	0	0	9.12674	0	0	0	0	0	0	0	0	0	0	0	0	0	0	0	0	0	0	0	0	0	0	0	0	0	8.22453	0	0	0	0	0	0	0	0	0	0	0	0	0	0	0	0	0	0	0	0	0	0	0	
0	0	0	0	0	0	0	0	0	0	0	0	0	0	0	0	0	0	0	0	0	0	0	0	0	0	0	0	0	0	0	0	0	0	0	0	0	0	0	0	0	0	0	0	0	0	0	7.87805	0	0	10.12158	12.11777	0	0	0	0	8.76941	0	9.29077	0	10.70916	0	0	0	0	7.6954	0	0	0	0	0	0	0	0	0	0	0	0	0	0	0	0	0	0	0	0	0	0	0	0	0	0	0	0	0	0	0	0	0	0	
0	0	0	0	0	0	0	0	0	0	0	0	0	0	0	0	0	0	0	0	0	0	0	0	0	0	0	0	0	0	0	0	0	0	0	0	0	0	0	0	0	11.32094	0	0	0	0	0	0	0	0	0	0	0	0	0	0	0	0	0	0	0	0	0	0	0	0	0	0	0.64625	0	0	0	0	0	0	0	0	0	0	0	0	0	0	0	0	0	0	0	0	0	0	0	0	0	0	0	0	0	0	0	
0	0	0	0	0	0	0	0	0	0	0	0	0	0	0	0	0	0	0	0	0	0	0	0	0	0	0	0	0	0	0	5.38163	0	0	0	0	0	0	0	0	0	0	0	0	0	0	0	7.44706	0	0	0	0	0	0	0	0	0	0	0	0	0	0	0	3.58739	0	0	0	3.62091	0	0	0	0	0	0	0	0	0	0	0	0	0	0	0	0	0	0	0	0	0	0	0	0	0	0	0	0	0	0	0	0	
0	0	0	0	0	0	0	0	0	0	0	0	0	0	0	0	0	0	0	0	0	0	0	0	0	0	0	0	0	0	0	11.18152	0	0	1.27071	0	0	0	0	0	0	0	0	0	0	0	0	0	0	0	0	0	0	0	0	0	0	0	0	0	0	0	0	0	0	0	0	0	0	0	0	0	0	0	0	0	0	0	0	0	0	0	0	0	0	0	0	0	0	0	0	0	0	0	0	0	0	0	0	0	
0	0	0	0	0	0	0	0	0	0	0	0	0	0	0	0	0	0	0	0	0	0	0	0	0	0	0	0	0	0	0	0	0	0	0	0	0	0	0	0	0	0	0	9.35754	0	0	0	0	0	12.26534	0	0	0	0	9.19872	0	0	0	0	0	0	0	0	0	0	0	0	0	0	0	0	0	0	0	0	0	0	0	0	1.60519	0	0	0	0	0	0	0	0	0	0	0	0	0	0	0	0	0	0	0	0	
0	0	0	0	0	0	0	0	0	0	0	0	0	0	0	0	0	0	0	0	0	0	0	0	0	0	0	0	0	0	0	0	11.22099	0	0	0	0	0	0	0	0	0	0	0	0	0	0	5.40105	0	0	9.50274	3.00698	0	0	0	0	0	0	9.233	0	0	0	0	0	0	0	0	0	0	0	4.37711	0	0	0	0	0	0	0	0	0	0	0	0	0	0	7.06545	0	0	0	0	0	0	0	0	0	0	0	0	0	0	
0	0	0	0	0	0	0	0	0	0	0	0	0	0	0	0	0	0	0	0	0	0	0	0	0	0	0	0	0	0	0	0	0	0	0	0	0	0	0	11.78245	0	0	0	0	14.42129	0	9.05284	0	0	0	0	0	0	0	0	0	0	0	0	0	0	0	0	0	0	0	0	0	0	4.61195	0	0	0	0	0	0	0	0	0	0	0	0	0	0	0	0	0	0	0	0	0	0	0	0	0	0	0	0	0	0	
0	0	0	0	0	0	0	0	0	0	0	0	0	0	0	0	0	0	0	0	0	0	0	0	0	0	0	0	0	0	0	0	0	0	0	9.12544	0	0	0	0	0	0	0	0	0	0	0	7.09416	0	0	0	0	0	5.39772	0	0	0	0	0	0	9.64303	0	0	0	0	0	0	0	0	0	0	0	0	0	0	0	0	0	0	0	0	0	0	0	0	0	0	0	0	0	0	0	0	0	6.63011	0	0	0	0	0	
0	0	0	0	0	0	0	0	0	0	0	0	0	0	0	0	0	0	0	0	0	0	0	0	0	0	0	0	0	0	0	0	0	0	0	0	0	0	0	0	0	15.28739	0	0	0	0	0	0	0	0	0	0	1.93572	0	0	0	0	0	0	0	0	0	0	0	0	0	0	4.02314	0	0	0	4.88457	0	0	0	0	0	0	0	0	0	0	0	0	0	0	0	0	0	0	0	0	0	0	0	0	0	0	0	0	
0	0	0	0	0	0	0	0	0	0	0	0	0	0	0	0	0	0	0	0	0	0	0	0	0	0	0	0	0	0	0	0	0	0	0	0	0	0	0	0	9.28686	0	0	0	10.65861	0	0	6.81529	0	0	3.86427	12.61323	0	0	0	9.832	0	0	7.68356	0	6.15704	0	0	0	0	0	0	0	3.65367	0	0	0	0	0	0	0	0	0	0	0	0	0	0	0	0	0	0	0	0	0	0	0	0	0	0	5.29082	0	0	0	0	
0	0	0	0	0	0	0	0	0	0	0	0	0	0	0	0	0	0	0	0	0	0	0	0	0	0	0	0	0	0	0	0	0	0	0	0	0	0	0	0	0	0	0	0	17.76326	0	0	0	0	1.27071	0	0	8.57599	0	0	0	0	8.18025	0	0	0	5.90826	0	0	0	0	0	0	0	0	0	0	0	0	0	0	0	0	0	0	0	0	0	0	0	0	0	0	0	0	0	0	0	0	0	0	0	0	0	0	
0	0	0	0	0	0	0	0	0	0	0	0	0	0	0	0	0	0	0	0	0	0	0	0	0	0	0	0	0	0	0	0	0	0	0	0	0	0	0	0	0	0	0	11.53444	0	0	14.47475	0	0	0	12.51043	0	0	0	0	0	0	0	0	9.2625	0	0	0	0	9.68226	0	0	7.52217	0	0	0	0	9.58741	0	0	0	5.34197	0	0	0	0	0	0	0	0	0	0	0	0	0	0	0	0	0	0	0	0	0	0	0	
0	0	0	0	0	0	0	0	0	0	0	0	0	0	0	0	0	0	0	0	0	0	0	0	0	0	0	0	0	0	0	0	0	0	0	0	0	0	0	0	0	0	0	0	2.13448	0	0	11.96718	0.35907	0	0	16.18088	8.09336	0	0	6.48746	0	0	9.88728	0	0	0	0	0	0	0	0	11.55707	0	0	0	0	0	11.35605	0	0	0	0	0	0	0	0	0	0	0	0	0	0	0	0	0	0	0	0	0	0	0	0	0	0	
0	0	0	0	0	0	0	0	0	0	0	0	0	0	0	0	0	0	0	0	0	0	0	0	0	0	0	0	0	0	0	0	0	0	0	0	0	17.97779	0	0	0	0	0	0	0	0	0	0	11.02579	0	0	7.88156	0	0	0	0	9.86996	0	0	6.03179	0	6.52336	0	0	0	0	0	0	0	0	0	0	0	0	7.3562	3.55307	0	0	0	0	0	0	0	0	0	0	0	0	0	0	0	0	0	0	0	0	0	0	0	0	
0	0	0	0	0	0	0	0	0	0	0	0	0	0	0	0	0	0	0	0	0	0	0	0	0	0	0	0	0	0	0	0	0	0	0	0	0	0	0	0	0	0	13.9524	0	0	12.6346	0	12.09709	0	0	10.15021	0	10.5261	0	10.81274	0	0	0	0	0	0	0	0	10.62545	0	0	0	5.93516	0	0	8.74134	0	0	0	0	0	0	0	1.93572	0	0	0	0	0	0	0	0	0	0	0	0	0	0	0	0	0	0	0	0	0	
0	0	0	0	0	0	0	0	0	0	0	0	0	0	0	0	0	0	0	0	0	0	0	0	0	0	0	0	0	0	0	0	0	0	0	0	0	0	0	0	0	0	0	0	0	0	0	7.99292	10.00383	0	0	12.48463	0	0	0	0	0	0	0	0	0	0	0	0	0.64625	0	0	0	0	0	0	0	0	0	0	0	0	0	0	0	0	0	0	0	0	0	0	0	0	0	7.91568	0	0	0	0	0	0	0	0	0	
0	0	0	0	0	0	0	0	0	0	0	0	0	0	0	0	0	0	0	0	0	0	0	0	0	0	0	0	0	0	0	0	0	0	0	0	0	0	0	0	0	0	0	0	0	0	0	12.31163	0	0	0	0	9.29012	0	0	0	0	0	10.74876	10.14085	0	0	0	0	0	0	0	0	0	0	0	0	0	0	0	0	0	0	0	0	0	0	0	0	0	0	0	0	0	0	0	0	0	0	0	0	0	0	7.94244	0	
0	0	0	0	0	0	0	0	0	0	0	0	0	0	0	0	0	0	0	0	0	0	0	0	0	0	0	0	0	0	0	0	0	0	0	0	0	0	0	0	0	0	9.00603	0	0	0	0	0	0	9.32867	0	9.6882	0	8.6035	0	0	0	0	0	0	0	0	0	0	13.09556	0	0	0	0	0	0	0	0	0	0	0	15.2393	0	0	0	0	0	0	0	0	0	0	0	0	0	0	0	0	0	0	0	0	0	0	0	
0	0	0	0	0	0	0	0	0	0	0	0	11.49529	0	0	0	0	0	0	0	0	0	0	0	0	0	0	0	0	0	11.57496	0	0	0	0	0	0	0	0	0	0	0	9.51217	0	0	0	0	13.66717	0	0	12.56688	0	0	5.96809	2.8513	0	10.4779	0	0	0	0	0	0	10.54914	9.6693	10.65558	0	0	0	0	0	0	0	0	0	0	0	0	0	0	0	0	0	0	0	0	0	0	0	0	0	0	0	0	0	0	0	0	0	0	
0	0	0	0	0	0	0	0	0	0	0	0	0	0	0	0	0	0	0	0	0	0	0	0	0	0	0	0	0	0	0	0	0	0	0	0	0	0	0	0	0	0	0	0	0	11.3074	7.88496	0	4.4348	11.88269	2.73366	7.89001	8.90615	0	11.2351	7.56758	0	0	0	0	11.9979	0	0	0	0	0	0	0	0	7.33764	0	0	0	0	0	0	4.72411	0	0	0	0	0	0	0	0	0	0	0	0	0	0	0	0	0	0	0	0	0	0	0	
0	0	0	0	0	0	0	0	0	0	0	0	0	0	0	9.61263	0	0	0	0	0	0	0	0	0	0	0	0	0	0	0	0	0	0	0	6.65863	11.58998	0	0	0	0	0	0	0.88573	0	11.0456	8.1966	7.4794	5.48537	7.73038	0	0	6.28801	0	11.4991	0	0	0	0	8.38313	0	10.96101	0	9.14789	0	9.09221	0	0	11.46619	0	10.13034	0	0	0	0	9.42374	0	2.8513	0	1.82501	0	0	0	0	0	0	0	0	0	0	11.35651	0	0	0	0	0	0	0	0	0	
0	0	0	0	0	0	0	0	0	0	0	0	0	0	0	0	0	0	0	0	0	0	0	0	0	0	11.11396	0	0	0	0	4.59518	0	0	6.28279	0	0	0	0	0	11.573	0	0	0	0	0	0	0	11.7045	7.79788	5.88085	10.47231	8.8309	0	10.93958	0	8.49357	0	6.92651	0	2.34571	8.83626	0	0	0	8.3819	0	0	0	0	0	0	0	8.27804	0	0	0	0	0	0	0	0	0	0	0	0	0	0	0	0	0	0	0	0	0	0	5.57361	0	0	0	
0	0	0	0	0	0	0	0	0	0	0	0	0	0	0	0	0	0	0	11.40873	0	0	0	0	0	0	0	0	0	0	0	0	0	0	0	0	0	0	0	0	0	0	0	12.66947	0	0	13.45761	12.36128	12.01859	0	8.09783	9.14436	9.66277	0	0	0	12.4394	0	0	8.3873	7.79073	0	0	12.49108	0	7.59987	0	11.05425	0	0	0	0	0	0	0	0	0	0	0	0	0	0	0	0	0	0	0	0	0	0	8.8304	0	0	0	0	0	0	0	0	0	
0	0	0	0	0	0	0	0	0	0	0	0	8.04169	0	0	0	0	0	0	9.49156	0	0	0	0	0	0	0	0	0	0	0	0	0	9.07977	0	0	0	0	0	0	0	10.13542	12.83056	0	9.45359	0	0	4.25874	7.52438	0	3.74771	8.31522	7.48156	4.31477	9.68293	10.23417	5.59987	5.24598	9.31545	0	0	0	0	0	5.53896	0	0	0	0	0	0	0	0	0	0	0	0	0	10.62028	0.88573	0	0	0	0	0	0	0	0	0	0	0	0	0	0	0	0	0	0	0	0	
0	0	0	0	0	0	0	0	0	0	0	0	0	0	0	0	0	0	0	0	0	0	0	13.03653	0	0	0	0	0	0	0	0	0	0	0	0	0	0	12.74419	0	0	0	7.41935	9.0436	3.10926	0	8.39958	5.72173	0	8.93494	9.39011	7.81678	0	0	0	0	0	6.84655	13.62964	10.83322	10.96122	0	0	0	9.4148	0	1.09106	0	0	0	0	0	0	0	0	0	0	0	0	0	0	0	0	0	0	0	0	0	0	0	0	0	0	0	0	0	0	0	0	0	
0	0	10.01924	0	0	0	0	0	0	0	0	0	0	0	0	0	0	0	0	0	0	0	0	0	0	0	0	0	0	0	0	0	0	0	0	0	0	0	0	0	9.9377	0	0	0	0	8.85311	0	7.40405	8.64279	11.17146	0	8.23536	9.07341	10.27608	4.3966	10.67865	0	0	4.84257	0	9.24937	0	9.09146	10.94951	0	0	0	0	0	0	0	7.51034	0	0	0	0	3.99785	0	0	0	0	0	0	0	0	0	0	0	0	0	0	0	0	0	0	0	0	0	0	0	
0	0	0	0	0	0	0	0	0	0	0	10.97323	0	0	0	0	0	0	0	0	0	0	0	0	0	0	0	0	0	0	0	0	8.69978	0	0	0	0	10.10059	15.53123	7.14401	7.26291	8.12244	0	0	11.71514	8.06613	10.43353	9.72987	10.69098	0	11.30153	0	4.29104	6.8968	0	11.43301	6.99645	10.84746	0	0	0	0	0	0	0	0	0	9.42492	0	0	0	0	10.55295	0	0	10.43863	0	0	11.95922	0	0	0	0	0	0	0	0	0	0	0	0	0	0	0	0	7.39774	0	0	0	0	
0	0	0	0	0	0	0	0	0	0	0	0	0	0	0	0	0	0	0	0	0	0	0	0	0	0	0	0	0	0	0	0	0	0	6.90643	7.4237	0	0	0	8.42049	0	12.39263	0	10.95158	14.25988	10.35639	6.49492	9.11771	8.64833	10.32385	10.6213	8.57279	4.58486	9.28988	0	0	10.29686	0	0	8.44258	7.48396	0	3.06122	0	0	0	0	0	0	0	0	0	0	0	0	0	0	0	6.16274	0	0	0	0	0	0	0	0	8.74038	0	0	0	0	0	0	0	0	0	0	0	0	
0	0	0	0	0	0	0	0	11.64689	0	10.4846	0	0	0	0	0	0	0	0	0	0	0	0	0	0	0	11.79363	0	0	0	0	0	0	0	0	4.27553	0	13.75863	11.55423	0	9.26562	9.93262	0	7.59987	5.17147	11.6078	7.64293	7.78858	9.16292	9.1038	0	8.00452	4.2328	0	0	0	8.67404	3.36804	0	0	0	0	6.47377	0	0	0	11.42117	0	0	0	0	0	0	0	0	0	0	0	0	0	0	0	0	0	0	0	0	0	0	0	0	0	0	9.2678	0	0	0	0	0	0	
0	0	0	0	0	0	0	0	0	0	0	13.09854	0	0	13.86116	0	0	0	0	0	0	0	0	0	0	0	0	0	0	0	0	10.58939	0	0	9.44319	0	11.1866	0	0	10.08976	2.73366	0	9.86904	10.30219	10.64784	7.58095	10.20341	8.33993	6.97056	9.93259	9.64141	9.87928	10.84547	8.61134	0	6.32408	10.89246	0	0	16.13321	10.67964	6.04995	0	10.98313	0	0	0	0	0	0	0	0	0	0.35907	0	7.27526	0	0	0	0	0	0	0	5.84584	0	0	0	0	0	0	0	0	0	0	0	0	0	0	0	0	
0	0	0	0	0	0	0	0	0	0	0	0	14.09292	0	0	0	0	0	0	0	0	0	0	0	0	0	0	0	0	8.88277	0	0	8.19284	0	6.23488	0	11.9389	0	12.49723	10.04493	9.97901	11.25858	9.8203	8.71655	8.96667	5.55246	10.11969	10.15291	5.50345	9.38565	8.41745	12.12637	10.49169	8.91568	7.09027	7.26304	11.07042	0	0	10.01845	7.9441	0	0	0	0	0.35907	0	0	0	0	0	0	0	9.27452	0	0	0	0	0	0	10.52583	0	0	0	0	0	0	0	0	0	0	0	0	0	0	0	0	0	0	0	
0	0	0	0	0	0	0	13.54076	0	0	0	9.36002	0	0	0	0	0	0	0	0	0	0	0	0	0	0	0	8.17461	0	0	6.04419	0	13.69995	0	0	0	9.48589	9.97172	10.34864	10.3908	9.76081	8.41345	0	10.6166	10.96503	9.2	9.37834	10.20074	10.22917	9.50813	5.28851	9.5275	11.38142	10.71281	8.81009	8.12085	12.1709	6.36293	5.35974	9.35194	7.29104	11.97631	9.02572	0	10.09014	0	0	0	0	0	0	0	0	7.9004	0	0	0	0	0	0	0	0	0	0	0	0	0	0	0	0	0	0	0	0	0	0	0	0	0	0	
14.74775	0	0	0	0	0	0	0	7.00045	0	0	0	6.82966	0	0	0	0	0	0	0	0	0	0	0	12.31483	0	0	7.8251	0	0	0	0	13.06311	0	12.19344	7.68356	0	7.14689	10.10149	7.9041	9.51571	10.02999	6.27079	9.33825	11.18446	10.6012	8.79019	10.18178	6.86707	9.07531	11.09523	7.30012	9.82658	5.12122	10.28629	8.65164	12.30785	8.8779	0	9.88272	1.27071	2.79367	0	7.65765	0	9.15219	0	0	0	0	7.99292	0	0	0	0	0	0	0	0	0	0	0	5.24397	0	0	6.94393	0	0	0	0	0	0	0	0	0	0	0	0	0	0	
0	0	0	12.60317	0	0	0	0	0	0	0	0	0	0	0	0	0	0	8.28851	0	0	11.39653	0	5.5477	12.32349	8.08887	0	0	10.30742	6.42716	12.37302	0	14.31047	0	0	1.57434	0	11.22643	10.62711	9.58351	9.40841	5.82992	9.36062	9.34895	9.92728	9.7707	8.82616	9.71704	10.65948	7.36961	9.72589	9.00042	10.4065	7.09524	7.9185	10.05715	0	5.20382	6.02816	9.24627	0	4.96509	8.85046	0	0	0	0	0	0	6.74858	0	0	5.88085	0	1.4305	9.69215	11.18117	6.74941	0	1.09106	0	0	0	0	0	0	0	0	0	0	0	0	0	0	0	0	0	0	0	0	
8.7808	0	0	0	12.95478	8.10526	0	0	0	0	0	0	0	0	0	0	0	9.15362	0	0	0	0	0	0	10.55213	0	9.93288	8.99596	0	14.34941	9.90127	0	0	0	10.80502	10.7788	6.5378	11.38571	10.77369	9.47553	8.91015	9.10907	9.01782	9.71975	9.666	9.26038	9.6218	8.56085	9.29118	9.83044	5.97449	9.02346	12.47205	7.92358	9.73935	11.44999	9.64743	3.98966	7.3622	9.12442	8.47306	0	7.0677	10.14949	9.95989	10.38019	9.83546	0	0	0	0	0	0	0	8.79922	0	0	0	0	0	0	0	0	0	0	0	0	0	0	0	0	0	0	0	0	1.70514	0	0	0	0	
0	0	0	0	0	0	0	0	7.26821	0	9.50901	0	0	0	0	0	7.25493	13.06092	9.97617	8.08437	12.23809	6.60334	0	0	0	14.52921	0	10.59335	8.71956	10.61509	0	10.85187	11.64842	9.85695	9.16345	9.85655	7.51889	7.42076	9.97433	9.2168	9.87166	7.60954	6.18944	8.32073	9.43851	8.26664	8.58702	9.30066	8.95262	8.37357	8.09612	10.99939	8.24378	9.21702	7.39787	6.63921	5.19345	7.53101	0	11.11745	5.4986	6.038	8.78817	0	9.38265	11.47022	7.28399	0	0	0	0	4.93874	0	0	8.97963	0	0	0	8.27673	0	0	0	0	0	0	6.4413	0	0	0	0	0	0	0	0	0	8.57599	0	0	0	0	
0	10.5319	0	0	4.78458	8.40374	0	0	0	0	0	0	0	0	6.71792	9.29661	0	10.49932	9.92565	0	7.14113	0	9.75473	0	0	0	0	0	10.31924	9.54329	7.60267	0	11.92125	5.59097	11.51242	9.05565	10.30495	10.60827	9.33372	9.5712	8.55794	8.22623	8.65708	8.68559	9.1551	8.21831	9.07036	9.64975	8.26964	7.72037	8.16313	9.22427	9.1295	8.93307	8.84803	8.8605	8.51935	9.20371	8.43177	7.86373	0	8.16186	0	12.09977	9.82851	1.82501	6.05994	9.70929	0	0	0	0	0	0	0	2.53697	0	0	0	0	8.88059	0	0	0	0	0	0	0	0	0	0	0	0	0	0	0	0	0	0	0	
0	11.66508	10.318	0	9.85147	0	0	0	0	0	9.95579	0	0	0	9.89244	8.52931	0	8.97477	0	0	8.91944	8.28721	10.61119	10.13358	10.80159	8.60455	0	6.25502	8.82282	7.89049	13.8251	10.38141	10.34725	10.396	11.11946	8.99959	8.71035	8.9458	9.11739	8.44397	8.35655	8.64741	9.29407	8.2411	7.09688	8.20624	9.27712	8.42593	9.92213	8.58178	8.37439	9.34565	8.91354	8.43203	7.20938	7.30997	7.87806	9.09585	8.29264	7.81789	0	8.41947	10.20461	11.17418	3.03435	6.33422	0.88573	0	0	0.88573	0	10.28642	0	1.09106	9.63587	0	7.66359	0	0.64625	0	0	0	0	5.29588	0	2.06005	0	0	0	0	0	0	0	0	0	0	0	0	0	0	
0	0	0	0	0	0	0	0	11.92524	0	9.25251	11.53842	0	0	0	0	0	0	10.19749	0	11.46158	0	0	0	0	12.16416	10.90678	0	5.01637	9.11738	8.15943	9.05053	8.64788	9.62015	10.58246	9.79368	9.05402	9.09855	8.67793	9.41651	7.20379	8.37987	9.83851	8.56926	7.60934	8.76807	7.42287	7.48569	8.27784	9.47645	8.88771	8.91409	8.55563	8.03055	7.25434	9.7259	8.40587	9.25818	10.72803	10.20278	9.93709	4.95041	11.81139	8.46978	0	11.78128	0	9.05219	0	0	0	0	0	0	0	0	0	0	0	0	0	11.41606	0	0	0	0	0	9.41048	6.31898	11.35962	0	0	0	0	0	0	0	0	0	0	
0	0	0	0	0	0	0	0	12.64259	7.20883	7.3772	5.16011	0	13.63218	0	0	0	9.77498	8.94365	8.66593	0	0	2.53697	9.81833	11.03767	7.9441	7.99132	9.65295	5.29918	9.88129	0	9.16265	5.02709	6.5111	7.09288	8.99529	9.7558	7.74036	9.44936	7.40535	8.87615	9.69056	8.89913	9.70493	7.13741	9.34793	8.91562	8.11849	6.98335	9.67113	8.73982	7.75727	7.11077	7.19625	8.7643	8.57027	8.34156	11.06694	9.89201	7.84817	6.06521	8.46096	9.65835	6.96633	3.68042	9.02028	10.51333	0	0	0	0	0	0	10.70965	8.93867	0	0	0	12.49794	0	0	0	0	0	0	0	0	0	8.07079	0	1.70514	0	0	0	0	0	0	0	0	0	
0	0	11.88128	8.24403	0	4.73951	0	3.99785	9.99667	0	0	0	0	0	0	0	0	8.38197	0	0	0	0	0	12.05104	0	9.84801	0	9.60605	9.04822	8.61614	0	9.91425	0	9.6027	5.89255	9.00696	9.42519	7.24618	3.83808	10.84241	7.08467	9.10293	9.0336	8.96747	8.20037	6.92444	6.74228	9.39221	8.21806	7.89552	9.46473	8.12886	8.69512	8.89082	8.8321	6.96915	8.08111	9.22953	8.49347	8.4591	10.15303	10.25273	4.92782	9.91034	5.8741	0	0	8.74633	1.57434	4.50488	3.75737	0	10.21441	0	5.13307	0	8.5063	0	0	0	0	0	6.28675	0	0	0	0	0	0	0	0	0	0	0	0	0	0	0	0	0	
0	0	0	0	0	0	0	0	0	0	10.14949	9.62197	9.59961	0	14.32007	0	0	8.02144	0	5.65677	0	0	0	0	0	0	9.28751	7.10605	6.22561	0	7.42351	8.10367	8.08438	9.56278	7.45834	9.18385	9.45593	8.27355	8.30015	8.71498	10.01032	7.69033	8.34889	7.33796	8.4465	9.33695	5.94284	7.89284	7.79464	6.27724	8.01029	9.89727	8.77104	7.52841	7.77617	6.7608	6.97754	8.39672	8.76959	7.96499	7.75314	7.26492	9.07786	6.62081	0	5.83523	7.4794	5.52385	0	0	10.11093	0	6.04979	4.28161	0	12.69025	0	0	2.13448	0	0	0	0	0	0	0	0	0	6.78767	0	0	0	0	0	0	0	0	0	0	0	
0	0	0	0	0	0	0	0	0	10.4404	0	0	7.72075	0	0	0	0	0	0	0	0	0	0	10.55398	0	0	8.62508	0	0	4.42646	7.17854	0	0	10.18836	7.1555	7.97034	8.11411	3.6857	0	8.97234	5.40826	7.75512	4.88448	7.46589	10.04104	9.98264	7.58958	9.07936	10.44931	5.3632	7.68755	10.39804	7.47355	6.97936	8.54387	7.48115	6.28132	7.18979	5.56089	7.62198	8.18376	6.29566	5.20311	11.01251	8.53865	6.07557	9.28686	9.87257	8.45289	0	0	10.19471	0	6.63422	0	4.18877	10.20373	0	0	0	0	0	0	0	9.96806	0	0	6.54098	0	0	0	10.251	0	0	0	0	8.50595	0	0	0	
0	0	0	0	0	0	0	0	0	0	0	11.76111	0	0	0	0	0	5.96813	11.56866	0	0	0	0	2.38915	0	0	0	9.91077	0	0	0	0	8.14113	6.70333	7.38124	0	5.80835	9.51426	0.96671	5.49092	7.41629	8.80989	8.6013	4.11431	0	9.57422	7.35699	6.73554	7.99366	7.40775	8.69606	10.98151	8.83787	4.87222	7.34839	7.42228	7.70306	7.02664	7.16021	9.61277	7.31454	6.20778	0	8.9363	7.7858	0	7.6861	8.43823	9.59902	9.86372	0	0	0	6.87898	0	11.12057	0	8.76964	0	0	0	10.74904	0	0	0	0	0	0	0	0	0	0	0	0	0	0	0	0	0	0	
0	0	0	0	7.73624	0	0	0	0	0	9.36807	0	2.67102	0	0	11.76134	0	0	7.7052	0	6.51286	11.5653	0	0	0	8.10821	6.91996	0	0	10.91489	0	10.31737	12.9423	0	0	6.7599	9.47046	8.1008	10.6893	10.73406	6.37449	7.98168	7.47302	9.66227	8.62516	7.7906	13.1871	6.81657	9.33399	8.63993	10.05719	7.20029	8.66928	9.00691	5.61318	8.30744	7.54785	9.28301	5.35364	6.8707	5.54813	7.95459	5.76502	4.55786	8.9998	0	8.24386	11.70801	0	0	8.20703	6.5322	7.29138	11.90704	9.397	0	7.124	0	0	0	7.07313	0	0	9.31016	0	8.07231	0	0	0	1.57434	0	0	0	0	0	0	0	0	0	0	
0	0	0	0	0	0	0	0	0	0	0	6.51447	3.7501	0	0	7.785	0	0	0	7.83406	0.64625	0	1.09106	0	0	0	0	0	0	5.61625	4.09646	6.05728	0	0	0	8.49808	0	0	0	6.38388	5.9093	6.93166	5.17388	6.10166	9.32321	3.48357	6.05085	8.66539	7.5247	5.22936	0	0	8.35555	10.16201	7.63105	8.10132	8.434	7.14617	7.39601	7.28113	8.77486	7.81799	9.38796	8.76455	5.98809	8.19814	8.61499	10.66147	2.22447	8.88813	0	7.20371	7.33522	8.95108	13.10674	0	3.77775	0	9.72768	0	0	0	0	0	0	0	0	0	0	0	0	0	0	0	0	0	0	0	0	0	
0	0	0	9.36002	0	0	0	0	0	0	0	0	0	0	0	0	2.13448	0	0	0	0	0	9.88254	0	0	0	8.82232	10.11294	10.50382	8.23269	0	0	1.82501	0	0	11.98893	0	2.73366	0	3.82065	6.97992	0	0	0	4.09603	12.35445	7.95364	7.6413	7.29627	5.94477	6.03076	8.1214	8.62991	9.63032	8.77169	8.36219	8.35351	7.52626	8.78569	7.38733	8.4111	9.6298	8.50752	9.50895	8.72175	8.63511	5.20789	7.28922	10.82281	8.69627	4.03194	9.67783	7.53597	3.69431	6.54833	0	12.09689	0.64625	6.87854	9.57571	0.88573	7.91905	11.29246	0	0	0	0	0	0	0	0	0	0	0	0	0	0	11.94077	0	13.03798	
0	0	4.57896	0	0	0	0	0	0	0	0	0	0	0	0	0	0	0	0	0	9.91626	0	0	0	0	10.68014	0	9.51058	0	9.77172	0	10.82088	9.77405	0	9.31401	0	0	7.35305	6.98629	0	7.23883	0	0	8.5683	11.73325	9.57196	4.46521	5.93727	4.67714	8.42537	7.04799	9.63022	8.04698	7.62959	7.08677	9.35589	5.19392	5.95146	8.73508	9.67593	3.90507	7.38463	8.38867	2.64912	5.23985	8.88654	5.95621	0	8.92745	5.03702	6.6709	7.39085	8.15877	9.31781	1.09106	0	6.40725	0	3.94339	6.79337	0	5.92557	0	0	0	0	0	0	8.35948	0	0	0	0	0	0	0	6.06869	0	0	0	
0	0	0	0	4.02314	0	0	0	0	0	0	0	9.10189	0	0	0	0	0	0	0	8.9059	6.71792	0	0	0	0	0	8.94112	0	0	0	6.40327	10.22875	0	0	0	6.28801	0	4.96509	8.81016	0	0	6.85674	0	9.77218	0	6.90964	9.89072	9.14501	6.99834	9.00762	6.48801	10.85715	4.61108	8.94243	7.67518	0	7.15975	6.64426	2.87037	9.0813	7.27786	9.14583	8.13755	7.41581	9.92163	7.88119	4.75784	8.50217	6.50177	8.19622	0	0	8.24647	0	7.62902	6.71603	6.35884	0	0	0	0	0	0	8.62638	0.35907	0	0	0	0	0	0	0	0	0	0	8.5403	0	0	0	
0	0	0	0	0	0	0	0	7.30219	0	0	0	1.00223	0	0	0	8.67007	1.57434	3.06122	0	0	0	0	0	4.40993	0	0	0	0	0	0	0	0	0	8.39286	8.55121	0	9.10559	0	0	0	0	4.02314	10.82874	0	11.10177	10.95978	9.28816	0	4.28702	0	9.0092	10.63573	7.46618	0	8.2859	0	8.36032	0	3.69858	9.39592	8.15758	6.89007	8.02458	7.32288	6.94499	7.06407	5.94455	9.02102	7.11735	7.78485	4.81949	9.17872	9.14213	8.08831	5.55542	10.04037	9.95538	0	0	9.75813	9.88513	11.17255	0	3.42037	1.82501	8.04015	7.3923	7.27086	0	3.01103	0	0	9.92615	0	0	0	0	0	0	
0	0	0	0	0	0	0	0	0	0	0	0	0	0	0	0	0	0	0	0	6.79065	0	0	0	0	0	0	0	0	7.01757	0	0	0	0	7.21158	0	0	0	0	0	9.11518	0	9.32549	8.63358	4.99211	0	0	6.90982	7.30992	6.51073	9.69805	0	0	6.43691	3.9201	7.06391	0	0	9.44923	8.51859	13.22518	6.34288	5.39475	5.61034	7.78194	8.39117	6.6303	7.34552	6.59852	6.17899	10.63966	7.41628	4.75388	6.57914	8.19622	0	3.1331	0	6.10641	0	0	0	2.90672	0	0	0	8.8373	0	0	0	0	0	0	0	0	0	0	0	0	0	
0	0	0	0	9.98545	0	0	0	0	0	0	8.16328	0	7.76453	0	0	0	0	0	0	0	0	0	0	0	0	0	0	0	0	0	0	0	0	0	0	0	0	0	8.46304	0	0	9.59744	0	5.36046	0	1.44004	3.51791	0	0	3.55307	0	0	0	8.97153	0	0	0	0	8.85575	8.01734	2.20958	7.06618	7.6966	9.3183	0	2.88545	6.11843	8.11201	6.41152	9.55652	9.59074	8.99891	6.15902	0	0	7.25112	5.21602	9.66795	7.33538	8.16612	9.12616	3.15573	0	1.4305	0	4.67714	10.90178	0	5.91001	0	0	0	0	6.28279	0	0	0	0	0	
0	0	0	0	0	0	0	0	0	0	0	0	0	0	0	0	0	7.00605	0	0	0	7.35045	9.4467	0	0	0	9.18408	0	0	0	0	0	0	7.03281	7.55583	0	0	0	0	0	0	0	0	0	0	0	0	0	2.03854	0	7.64538	0	0	0	0	8.5529	9.93894	10.17291	7.61451	5.46705	0	8.26004	6.8649	0	7.81707	7.92794	6.11607	7.47997	5.88868	6.31344	8.37651	6.56427	7.50494	4.58571	7.98268	7.56709	6.94658	0	10.98192	6.98495	0	0	7.17194	0	5.59907	8.68286	2.30918	2.8513	0	11.79342	0	0	0	0	0	0	8.43228	0	0	0	
0	0	0	0	0	0	0	0	7.82112	0	0	0.35907	0	0	0	0	0	0	0	0	0	0	0	0	0	0	0	10.07963	0	0	0	0	0	0	0	0	0	0	0	9.61389	0	0	0	0	0	5.96156	0	9.69362	9.53507	0	0	10.9013	0	0	0	0	0	0	8.64028	0	8.28106	0	8.03344	9.78504	5.30506	5.11683	6.85635	0	0	5.76631	8.84499	2.79367	9.37409	7.05865	8.98309	9.69088	2.60554	0	0	5.46875	7.69028	9.55967	9.16787	10.85483	6.86106	0	0.88573	0	0	0	6.67069	0	10.69595	0	0	0	0	0	0	0	
0	0	0	0	0	0	0	0	0	0	0	0	0	11.33632	0	0	0	0	0	4.41583	0	0	0	0	0	4.10505	0	0	0	0	0	0	0	0	7.43769	0	0	6.59895	0	0	10.5616	0	3.94589	9.50397	1.09106	0	0	0	0	0	8.21235	8.84604	0	0	5.50345	0	0	0	0	7.42584	4.50428	0	7.13553	10.65356	6.30358	5.36009	9.45291	7.07009	0	5.18215	7.62545	0	6.42284	6.99173	9.69461	6.91003	5.22861	5.52484	8.29703	4.31934	0	7.64543	10.6057	4.75717	3.73991	0	0	4.4348	5.56395	0	10.92917	0	0	7.37521	0	0	0	0	5.32877	0	
0	0	0	0	0	0	0	5.80995	0	0	0	0	0	0	0	0	0	0	0	0	0	0	7.74185	0	0	0	0	0	10.41195	0	0	0	0	0	10.38774	0	0	1.57434	0	0	0	3.85033	0	0	0	0	6.83704	0	0	0	0	0	10.12925	0	0	0	4.88512	5.04134	0	5.52154	8.26752	0	0	7.70107	0	4.79929	0	9.11971	7.45103	10.16377	8.74224	6.23886	9.87561	6.27507	7.568	7.34003	5.75707	5.70446	7.02842	6.08302	9.41319	8.29782	6.39168	0	7.54041	0	3.71705	6.77969	0	0	11.43488	7.94191	0	0	0	0	7.90211	0	0	0	
0	0	0	0	0	0	0	0	0	0	0	0	0	0	0	0	0	0	0	0	0	0	0	0	0	0	0	0	0	0	0	0	0	0	0	0	0	5.90968	0	0	0	0	0	0	0	0	0	0	0	2.30918	0	6.37043	0	4.88999	0	0	4.95197	8.82358	1.82501	0	2.22447	0	10.17157	12.18147	6.24566	8.99207	0	0	8.81787	7.27266	0	5.16011	6.21324	10.77118	7.23946	7.35024	0	5.14069	5.6367	8.80653	3.68807	9.99427	6.10468	0.35907	0	0	4.46489	0	0	0	0	0	6.74646	10.51947	9.97577	0	0	0	0	0	
0	0	0	0	0	0	0	10.06372	0	0	0	0	0	0	0	0	0	0	0	0	0	0	0	0	0	0	0	0	0	0	0	0	0	0	0	0	0	5.00933	0	6.81163	0	0	0	0	0	0	0	0	0	0	5.62198	0	0	9.4267	7.20963	0	0	7.48709	9.55797	12.44248	0	0.35907	0	8.92559	9.15973	9.2139	0	0	7.96444	5.25886	8.6864	5.59143	5.6612	8.6048	5.79535	7.71088	7.37337	0	8.70234	8.70296	9.17884	9.17846	4.88182	5.37523	6.46502	0	0	1.82961	0	0	6.31898	0	0	0	0	1.85836	0	0	0	0	
0	0	0	0	0	0	0	0	0	0	0	0	0	0	0	0	0	0	0	0	0	0	0	0	0	10.48032	0	0	0	0	0	0	0	0	0	0	0	7.57657	0	0	0	0	0	0	10.63727	0	0	0	7.40919	0	0	0	0	0	0	1.27071	0	0	0	0	0	0	9.3023	0	0	7.63451	7.66429	8.12328	0.35907	6.95138	3.11996	0	9.17685	0	9.22689	6.94802	6.39361	7.07696	6.20761	7.39204	6.10795	0	7.24416	0	10.10835	7.36805	0	0	0	0	10.78043	0	0	0	0	0	0	2.46496	0	0	
0	0	0	0	0	0	0	0	0	0	0	0	9.14789	0	0	0	0	0	0	0	0	0	0	0	0	0	0	0	0	0	0	0	0	0	0	0	0	0	0	0	0	0	0	0	0	0	0	9.25452	0	0	0.35907	0	8.59615	0	0	0	0	0	0	5.55678	0	0	0	7.30238	6.15131	8.6305	8.23551	0	9.22075	0	0	7.43533	0	0	0	2.33603	7.73716	9.45885	6.23983	6.97332	0	6.73275	6.75046	5.64731	4.46745	5.91321	6.34811	5.09003	9.623	0	0	0	0	8.39528	0	0	0	0	0	0	
0	0	0	0	0	0	0	0	0	0	0	0	0	0	0	0	0	0	0	0	0	0	0	0	0	0	0	0	0	0	0	0	10.81183	0	0	0	0	0	0	0	7.1555	0	0	0	0	0	0	0	0	0	0	0	0	0	0	0	6.70442	0	0	0	8.88572	0	0	7.26731	0	8.23404	0	0	7.53638	0	0	0	11.38575	0	0	4.96509	0	0	6.46663	9.58997	9.60865	6.31898	9.48703	0	5.49444	0	2.67102	0	0.64625	1.09106	6.64414	6.28267	6.95867	0	0	0	0	0	0	0	
0	0	0	0	0	0	0	2.79108	0	0	0	0	0	0	0	0	0	0	0	0	0	0	0	0	0	0	0	4.72417	0	0	0	0	0	0	0	0	0	0	0	0	0	0	0	0	0	0	0	0	0	0	0	0	0	0	0	0	0	0.35907	0	0	0	0	0	0	0	0	0	0	0	0	2.7013	4.77864	5.81708	3.58739	0	10.50914	9.74489	0	9.58225	4.75605	0	7.4066	0	6.84392	6.05036	8.32675	0	8.98041	0	2.90672	0	1.4305	0	0	0	9.17494	0	0	0	0	
0	0	0	0	0	0	0	0	0	0	0	0	0	0	0	0	0	0	0	0	8.40012	0	0	0	0	0	0	0	0	0	4.3966	0	0	0	0	0	0	0	0	0	0	0	0	0	0	0	0	0	0	0	0	0	0	0	0	0	0	0	0	12.47054	0	0	0	0	5.92848	7.52659	7.24958	7.17032	0	0	0	0	0	0	0	4.45352	7.0293	0	0	0	7.18253	0	0	0	7.01079	6.30873	7.92895	5.70845	9.73965	0	8.5685	7.24421	9.83869	4.45352	0	7.23071	0	0	0	0	
0	0	0	0	0	0	0	0	0	0	0	0	0	0	0	0	0	0	0	0	0	0	0	0	0	0	0	0	0	0	0	0	0	0	0	0	0	0	0	0	0	0	0	0	0	0	0	0	7.59987	0	0	0	0	0	0	0	0	0	0	0	0	0	0	0	0	0	0	0	0	7.6756	10.43422	9.07795	7.15685	0	10.1267	7.00176	0	9.12544	0	0	0	8.75272	9.58472	0	4.2273	0	6.65863	0	0	2.78681	0	3.74707	7.95611	0	4.64492	0	0	0	0	0	
0	0	0	0	0	0	0	0	0	0	0	0	0	0	0	9.15049	0	0	0	0	0	0	0	0	0	0	0	0	0	0	0	0	0	0	8.69291	0	0	0	0	0	0	0	0	0	0	0	0	0	0	0	0	0	0	0	0	0	0	0	0	0	0	0	0	0	0	0	0	7.43298	0	0	0	0	0	9.77637	0	0	0	2.80373	0	0	0	5.16114	0	0	6.32956	0	7.88846	3.8461	8.88018	9.65126	10.82874	0	8.37578	0	0	0	0	0	0	0	
0	0	0	0	0	0	0	0	0	0	0	0	0	0	0	0	0	0	0	0	0	0	0	0	0	0	0	0	0	0	0	0	0	0	0	0	0	0	0	0	0	0	0	0	0	0	0	0	9.61627	0	0	0	0	0	0	0	0	0	0	8.71732	0	0	0	0	0	6.37693	0	0	0	0	0	6.44598	0	0	0	0	0	12.16319	0	5.08498	11.92188	0	0	8.86802	0	0	0	0	0	0	0	0	0	0	0	0	0	0	0	0	
0	0	0	0	0	0	0	0	0	0	0	0	0	0	0	0	0	0	0	5.23779	0	0	0	0	0	0	0	0	0	0	0	0	0	0	0	0	0	0	0	0	0	0	0	0	0	0	0	0	0	0	0	0	0	0	0	3.07749	0	0	12.62534	0	0	0	0	0	6.82966	0	0	0	0	0	0	3.62091	0	3.9721	0	0	8.85311	0	0	0	4.635	6.82161	6.28751	8.83865	0	0	0	8.74038	8.93122	0	8.66405	12.9779	10.74855	0	0	0	0	0	0	0	
0	0	0	0	0	0	0	0	0	0	0	0	0	0	0	0	0	0	0	0	0	0	0	0	0	0	0	0	0	0	0	0	0	0	0	0	0	0	0	0	0	0	0	0	0	0	0	0	0	0	0	0	0	0	0	0	0	0	0	0	0	0	0	0	0	0	0	0	0	0	0	0	0	0	0	0	0	0	0	0	0	0	0	0	0	0	1.4305	0	0	0	0	10.03836	0	0	0	0	0	0	0	0	
0	0	0	0	0	0	0	0	0	0	0	0	0	0	0	0	0	0	0	0	0	0	0	0	0	0	0	0	0	0	0	0	0	0	0	0	0	0	0	0	0	0	0	0	0	0	0	0	0	0	0	0	0	0	0	0	0	0	0	0	0	0	0	0	0	0	0	0	0	0	8.09774	0	0	0	0	0	5.10195	0	0	9.78005	0	0	0	11.22593	0	0	0	0	0	0	7.73984	8.18306	0	0	0	0	0	0	0	0	
0	0	0	0	0	0	0	0	0	0	0	0	0	0	0	0	0	0	0	0	0	0	0	0	0	0	0	0	0	0	0	0	0	0	0	0	0	0	0	0	0	0	0	0	0	0	0	0	0	0	0	0	0	0	0	0	0	0	0	1.09106	0	0	0	0	0	0	0	0	0	0	8.2177	0	0	0	0	0	0	0	0	0	0	0	0	0	0	0	7.6756	0	0	0	0	0	0	0	0	0	0	0	0	0	
0	0	0	0	0	0	0	0	0	0	0	0	0	0	0	0	0	0	0	0	0	0	0	0	0	0	0	0	0	0	0	0	0	0	0	0	0	0	0	0	0	0	0	0	0	0	0	0	0	0	0	0	0	0	0	0	0	0	0	0	0	0	0	0	0	0	0	0	0	9.36188	1.09106	0	0	0	0	0	0	0	10.50382	0	0	0	0	0	0	0	0	0	9.81264	5.66483	0	0	0	0	0	0	0	0	0	0	
0	0	0	0	0	0	0	0	0	0	0	0	0	0	0	0	0	0	0	0	0	0	0	0	0	0	0	0	0	0	0	0	0	0	0	0	0	0	0	0	0	0	0	0	0	0	0	0	0	0	0	0	0	0	0	0	0	0	0	0	0	0	0	0	0	0	0	0	0	0	0	0	0	0	0	0	0	0	0	0	0	0	0	0	0	0	5.83159	0	0	0	0	0	0	0	0	0	0	0	0	0	
0	0	0	0	0	0	0	0	0	0	0	0	0	0	0	0	0	0	0	0	0	0	0	0	0	0	0	0	0	0	0	0	0	0	0	0	0	0	0	0	0	0	0	0	0	0	0	0	0	0	0	0	0	0	0	0	0	0	7.42351	0	0	0	0	0	0	0	0	0	0	0	0	0	0	0	0	6.52779	0	0	0	0	0	0	0	0	0	0	0	0	0	0	0	0	0	0	0	0	0	0	0	0	
0	0	0	0	0	0	0	0	0	0	0	0	0	0	0	0	0	0	0	0	0	0	0	0	0	0	0	0	0	0	0	0	9.56444	0	0	0	0	0	0	0	0	0	0	0	0	0	0	0	0	0	0	0	0	0	0	0	0	0	0	0	0	0	0	0	0	0	0	0	0	0	0	0	0	0	0	11.17165	0	0	0	0	0	0	0	0	0	0	0	0	0	0	0	0	0	0	0	0	0	0	0	0	
0	0	0	0	0	0	0	0	0	0	0	0	0	0	0	0	0	0	0	0	0	0	0	0	0	0	0	0	0	0	0	0	0	0	0	0	0	0	0	0	0	0	0	0	0	0	0	0	0	0	0	0	0	0	0	0	0	0	0	0	0	0	0	0	0	0	0	0	0	0	0	0	0	0	0	0	0	0	0	0	0	0	0	0	0	0	0	0	0	0	0	0	0	0	0	0	0	0	0	0	
0	0	0	0	0	0	0	0	0	0	0	0	0	0	0	0	0	0	0	0	0	0	0	0	0	0	0	0	0	0	0	0	0	0	0	0	0	0	0	0	0	0	0	0	0	0	0	0	0	0	0	0	0	0	0	0	0	0	0	0	0	0	0	0	0	0	0	0	0	0	0	0	0	0	0	0	0	0	0	0	0	0	0	0	0	0	0	0	0	0	0	0	0	0	0	0	0	0	0	0	
0	0	0	0	0	0	0	0	0	0	0	0	0	0	0	0	0	0	0	0	0	0	0	0	0	0	0	0	0	0	0	0	0	0	0	0	0	0	0	0	0	0	0	0	0	0	0	0	0	0	0	0	0	0	0	0	0	0	0	0	0	0	0	0	0	0	0	0	0	0	0	0	0	0	0	0	0	0	0	0	0	0	0	0	0	0	0	0	0	0	0	0	0	0	0	0	0	0	0	0	
0	0	0	0	0	0	0	0	0	0	0	0	0	0	0	0	0	0	0	0	0	0	0	0	0	0	0	0	0	0	0	0	0	0	0	0	0	0	0	0	0	0	0	0	0	0	0	0	0	0	0	0	0	0	0	0	0	0	0	0	0	0	0	0	0	0	0	0	0	0	0	0	0	0	0	0	0	0	0	0	0	0	0	0	0	0	0	0	0	0	0	0	0	0	0	0	0	0	0	0	
0	0	0	0	0	0	0	0	0	0	0	0	0	0	0	0	0	0	0	0	0	0	0	0	0	0	0	0	0	0	0	0	0	0	0	0	0	0	0	0	0	0	0	0	0	0	0	0	0	0	0	0	0	0	0	0	0	0	0	0	0	0	0	0	0	0	0	0	0	0	0	0	0	0	0	0	0	0	0	0	0	1.70514	0	0	0	0	0	0	0	0	0	0	0	0	0	0	0	0	0	0	
0	0	0	0	0	0	0	0	0	0	0	0	0	0	0	0	0	0	0	0	0	0	0	0	0	0	0	0	0	0	0	0	0	0	0	0	0	0	0	0	0	0	0	0	0	0	0	12.23395	0	0	0	0	0	0	0	0	0	0	0	0	0	0	0	0	0	0	0	0	0	0	0	0	0	0	10.77432	0	0	0	0	0	0	0	0	0	0	0	0	0	0	0	0	0	0	0	0	0	0	0	0	0	
