0	0	0	0	0	0	0	0	0	0	0	0	0	0	0	0	0	0	0	0	0	0	0	0	0	0	0	0	0	0	0	0	0	0	0	0	0	0	0	0	0	0	0	0	0	0	0	0	0	0	0	8.73808	0	0	0	0	0	0	0	0	0	0	0	0	0	0	0	0	0	0	0	0	0	0	0	0	0	0	0	0	0	0	0	0	0	0	0	0	0	0	0	0	0	0	0	0	0	0	0	0	
0	0	0	0	0	0	0	0	0	0	0	0	0	0	0	0	0	0	0	0	0	0	0	0	0	0	0	0	0	0	0	0	0	0	0	0	0	0	0	0	0	0	0	0	0	0	0	14.7741	0	0	0	0	0	0	0	0	0	0	0	0	0	0	0	9.3391	0	0	0	0	0	0	0	0	0	0	0	0	0	0	0	0	0	0	0	0	0	0	0	0	0	0	0	0	0	0	0	0	0	0	0	0	
0	0	0	0	0	0	0	0	0	0	0	0	0	0	0	0	0	0	0	0	0	0	0	0	0	0	0	0	0	0	0	0	0	0	0	0	0	0	0	0	0	0	0	0	0	0	0	0	0	0	0	0	0	0	9.49841	0	0	0	0	0	0	0	0	0	0	0	0	0	0	0	0	0	0	0	0	0	0	0	0	0	0	0	0	0	0	0	0	0	0	0	0	0	0	0	0	0	0	0	0	0	
0	0	0	0	0	0	0	0	0	0	0	0	0	0	0	0	0	0	0	0	0	0	0	0	0	0	0	0	0	0	0	0	0	0	0	0	0	0	0	0	0	0	0	0	0	0	11.18785	8.60993	0	0	0	0	0	0	0	0	0	0	0	0	0	0	0	0	0	0	0	0	0	0	0	0	0	0	0	0	0	0	0	0	0	0	0	0	0	0	0	0	0	0	0	0	0	0	0	0	0	0	0	0	
0	0	0	0	0	0	0	0	0	0	0	0	0	0	0	0	0	0	0	0	0	0	0	0	0	0	0	0	0	0	0	0	0	0	0	0	0	6.88668	0	0	0	0	0	13.93688	0	0	0	0	0	0	0	0	0	0	0	0	0	0	0	0	0	0	0	0	0	0	0	0	0	0	0	0	0	0	0	0	0	0	0	0	0	0	0	0	0	0	0	0	0	0	0	0	0	0	0	0	0	0	0	0	
0	0	0	0	0	0	0	0	0	0	0	0	0	0	0	0	0	0	0	0	0	0	0	0	0	0	0	0	0	0	0	0	0	0	0	0	0	0	0	0	0	0	0	0	0	0	0	0	0	0	0	0	0	0	0	0	0	0	0	0	0	0	0	0	0	0	0	0	0	0	0	0	7.24763	0	0	0	0	0	0	0	0	0	0	0	0	0	0	0	0	0	0	0	0	0	0	0	0	0	0	0	
0	0	0	0	0	0	0	0	0	0	0	0	0	0	0	0	0	0	0	0	0	0	0	0	0	0	0	0	0	0	0	0	0	0	0	0	0	0	0	0	0	0	0	0	0	0	0	0	0	0	0	0	0	0	0	0	0	0	0	0	0	0	0	0	0	0	0	0	0	0	0	0	0	0	9.9926	0	0	0	0	0	0	0	0	0	0	0	0	0	0	0	0	0	0	0	0	0	0	0	0	0	
0	0	0	0	0	0	0	0	0	0	0	0	0	0	0	0	0	0	0	0	0	0	0	0	0	0	0	0	0	0	0	0	0	0	0	0	0	0	0	0	0	0	0	0	0	0	0	0	0	0	0	8.28161	0	0	0	11.65624	0	0	3.3811	0	0	0	0	0	0	0	0	0	0	0	0	0	0	0	0	0	0	0	0	0	0	0	0	0	0	0	0	0	0	0	0	0	0	0	0	0	0	0	0	0	
0	0	0	0	0	0	0	0	0	0	0	0	0	0	0	0	0	0	0	0	0	0	0	0	0	0	0	0	2.73361	0	0	0	0	0	0	0	0	0	0	0	0	0	0	0	0	0	0	0	0	0	0	0	0	0	0	0	0	0	0	0	0	0	0	0	0	0	0	6.91471	0	0	0	0	0	0	0	0	0	0	0	0	0	0	0	0	0	0	0	0	0	0	0	0	0	0	0	0	0	0	0	0	
0	0	0	0	0	0	0	0	0	0	0	0	0	0	0	0	0	0	0	0	0	0	0	0	0	0	0	0	0	0	0	0	0	0	0	0	0	0	0	0	0	0	0	0	0	0	0	0	0	0	0	0	0	0	0	8.50041	0	0	0	0	0	0	0	0	0	0	0	0	0	0	0	0	0	0	0	0	0	0	0	0	0	0	0	0	0	0	0	0	0	0	0	0	0	0	0	0	0	0	0	0	
0	0	0	0	0	0	0	0	0	0	0	0	0	0	0	0	0	0	0	0	0	0	0	0	0	0	0	0	0	0	0	0	0	0	0	0	0	0	0	0	0	0	0	0	0	0	0	0	0	0	0	0	0	0	0	0	0	0	0	0	0	0	0	0	0	0	0	9.98649	0	0	0	0	0	0	0	0	0	0	0	0	0	0	0	0	0	0	0	0	0	0	0	0	0	0	0	0	0	0	0	0	
0	0	0	0	0	0	0	0	0	0	0	0	0	0	0	0	0	0	0	0	0	0	0	0	0	0	0	0	0	0	0	0	0	0	0	0	0	0	0	0	0	0	0	0	0	0	0	0	0	0	0	0	1.2299	0	0	0	3.01937	0	0	0	0	0	0	0	0	0	0	0	0	0	0	2.73361	0	0	0	0	0	0	0	0	0	0	0	0	0	0	0	0	0	0	0	0	0	0	0	0	0	0	0	0	
0	0	0	0	0	0	0	0	0	0	0	0	0	0	0	0	0	0	0	0	0	0	0	0	0	0	0	0	0	0	0	0	0	0	0	0	0	0	0	0	0	0	0	0	0	0	0	0	8.5489	0	0	0	11.18085	0	0	0	0	0	0	0	0	0	0	0	0	0	0	5.31293	0	0	0	0	0	0	0	0	0	0	0	0	0	0	0	0	0	0	0	0	0	0	0	0	0	0	0	0	0	0	0	0	
0	0	0	0	0	0	0	0	0	0	0	0	0	0	0	0	0	0	0	0	0	0	0	0	0	0	0	0	0	0	11.10989	0	0	0	0	0	0	0	0	3.30458	0	0	0	0	0	0	0	8.44578	0	0	0	0	0	0	0	0	0	8.74171	6.43589	0	9.69229	0	0	10.95501	0	0	0	0	0	0	0	0	0	0	0	0	0	0	0	0	0	0	0	0	0	0	0	0	0	0	0	0	0	0	0	0	0	0	0	0	
0	0	0	0	0	0	0	0	0	0	0	0	0	0	0	0	0	0	0	0	0	0	0	0	0	0	0	0	0	0	0	0	0	0	0	0	0	0	0	0	0	0	0	0	0	0	0	0	0	0	0	0	0	0	6.12917	0	0	0	0	0	0	0	0	0	0	0	0	0	0	0	0	0	0	0	0.62124	0	0	0	0	0	0	0	0	0	0	0	0	0	0	0	0	0	0	0	0	0	0	0	0	0	
0	0	0	0	0	0	0	0	0	0	0	0	0	0	0	0	0	0	0	0	0	0	0	0	0	0	0	0	0	0	0	0	0	0	0	0	0	0	0	0	0	0	14.27092	0	0	0	0	0	0	0	0	0	9.9884	0	0	0	0	0	0	12.42795	0	0	0	0	0	0	0	0	0	0	0	10.77485	0	0	0	0	0	0	0	0	0	0	0	0	0	0	0	0	0	0	0	0	0	0	0	0	0	0	0	0	
0	0	0	0	0	0	0	0	0	0	0	0	0	0	0	0	0	0	0	0	0	0	0	0	0	0	0	0	0	0	0	0	0	0	0	0	0	0	0	0	0	0	0	7.21726	0	0	0	9.70434	0	0	0	7.5269	0	0	0	0	0	0	4.94375	0	0	0	0	0	0	0	0	0	0	0	0	0	0	0	0	0	0	0	0	0	0	0	0	0	0	0	0	0	0	0	0	0	0	0	0	0	0	0	0	0	
0	0	0	0	0	0	0	0	0	0	0	0	0	0	0	0	0	0	0	0	0	0	0	0	0	0	0	0	0	0	0	0	0	0	0	0	0	0	0	0	0	0	7.90345	0	0	0	0	0	0	0	0	0	0	0	0	8.80471	0	0	0	0	0	0	0	0	0	0	1.05408	0	10.46866	0	0	0	0	0	0	0	0	0	0	0	0	0	0	0	0	0	0	0	0	0	0	0	0	0	0	0	0	0	0	0	
0	0	0	0	0	0	0	0	0	0	0	0	0	0	0	0	0	0	0	0	0	0	0	0	0	0	0	0	0	0	0	0	0	0	0	0	0	0	0	0	13.66257	0	0	0	0	0	0	0	0	0	0	0	0	0	0	0	0	0	0	0	0	0	0	0	0	0	0	0	0	0	0	0	0	0	0	0	0	0	0	0	0	0	0	0	0	0	0	0	0	0	0	0	0	0	0	0	0	0	0	0	
0	0	0	0	0	0	0	0	0	0	0	0	0	0	0	0	0	0	0	0	0	0	0	0	0	0	0	0	0	0	0	0	0	0	0	0	0	0	0	0	0	0	0	0	0	0	0	11.78372	0	0	8.80603	0	0	0	0	0	0	0	0	0	0	0	0	0	0	0	0	0	0	0	0	0	0	0	0	0	6.95085	0	0	0	0	0	0	0	0	0	0	0	0	0	0	0	0	0	0	0	0	0	0	0	
0	0	0	0	0	0	0	0	0	0	0	0	0	0	0	0	0	0	0	0	0	0	0	0	0	0	0	0	0	0	0	0	0	0	0	0	0	0	0	0	0	0	0	0	0	0	0	9.60944	0	0	10.73144	10.01791	0	0	0	0	5.92327	0	9.53446	0	9.8606	0	0	0	0	8.32265	0	0	0	0	0	0	0	0	0	0	0	0	0	0	0	0	0	0	0	0	0	0	0	0	0	0	0	0	0	0	0	0	0	0	
0	0	0	0	0	0	0	0	0	0	0	0	0	0	0	0	0	0	0	0	0	0	0	0	0	0	0	0	0	0	0	0	0	0	0	0	0	0	0	0	0	8.81939	0	0	0	0	0	0	0	0	0	0	0	0	0	0	0	0	0	0	0	0	0	0	0	0	0	0	0	0	0	0	0	0	0	0	0	0	0	0	0	0	0	0	0	0	0	0	0	0	0	0	0	0	0	0	0	0	0	0	
0	0	0	0	0	0	0	0	0	0	0	0	0	0	0	0	0	0	0	0	0	0	0	0	0	0	0	0	0	0	0	2.25323	0	0	0	0	0	0	0	0	0	0	0	0	0	0	0	8.19201	0	0	0	0	0	0	0	0	0	0	0	0	0	0	0	0.85384	0	0	0	1.77484	0	0	0	0	0	0	0	0	0	0	0	0	0	0	0	0	0	0	0	0	0	0	0	0	0	0	0	0	0	0	0	0	
0	0	0	0	0	0	0	0	0	0	0	0	0	0	0	0	0	0	0	0	0	0	0	0	0	0	0	0	0	0	0	10.5306	0	0	0	0	0	0	0	0	0	0	0	0	0	0	0	0	0	0	0	0	0	0	0	0	0	0	0	0	0	0	0	0	0	0	0	0	0	0	0	0	0	0	0	0	0	0	0	0	0	0	0	0	0	0	0	0	0	0	0	0	0	0	0	0	0	0	0	0	
0	0	0	0	0	0	0	0	0	0	0	0	0	0	0	0	0	0	0	0	0	0	0	0	0	0	0	0	0	0	0	0	0	0	0	0	0	0	0	0	0	0	0	10.4869	0	0	0	0	0	11.40671	0	0	0	0	10.71051	0	0	0	0	0	0	0	0	0	0	0	0	0	0	0	0	0	0	0	0	0	0	0	0	1.35083	0	0	0	0	0	0	0	0	0	0	0	0	0	0	0	0	0	0	0	0	
0	0	0	0	0	0	0	0	0	0	0	0	0	0	0	0	0	0	0	0	0	0	0	0	0	0	0	0	0	0	0	0	8.06729	0	0	0	0	0	0	0	0	0	0	0	0	0	0	4.40484	0	0	7.17459	1.59503	0	0	0	0	0	0	8.21309	0	0	0	0	0	0	0	0	0	0	0	2.67403	0	0	0	0	0	0	0	0	0	0	0	0	0	0	6.13992	0	0	0	0	0	0	0	0	0	0	0	0	0	0	
0	0	0	0	0	0	0	0	0	0	0	0	0	0	0	0	0	0	0	0	0	0	0	0	0	0	0	0	0	0	0	0	0	0	0	0	0	0	0	12.87105	0	0	0	0	14.55886	0	2.99942	0	0	0	0	0	0	0	0	0	0	0	0	0	0	0	0	0	0	0	0	0	0	1.98557	0	0	0	0	0	0	0	0	0	0	0	0	0	0	0	0	0	0	0	0	0	0	0	0	0	0	0	0	0	0	
0	0	0	0	0	0	0	0	0	0	0	0	0	0	0	0	0	0	0	0	0	0	0	0	0	0	0	0	0	0	0	0	0	0	0	12.38446	0	0	0	0	0	0	0	0	0	0	0	8.85253	0	0	0	0	0	5.97502	0	0	0	0	0	0	9.88051	0	0	0	0	0	0	0	0	0	0	0	0	0	0	0	0	0	0	0	0	0	0	0	0	0	0	0	0	0	0	0	0	0	7.56919	0	0	0	0	0	
0	0	0	0	0	0	0	0	0	0	0	0	0	0	0	0	0	0	0	0	0	0	0	0	0	0	0	0	0	0	0	0	0	0	0	0	0	0	0	0	0	13.44212	0	0	0	0	0	0	0	0	0	0	0.62124	0	0	0	0	0	0	0	0	0	0	0	0	0	0	5.79076	0	0	0	4.05382	0	0	0	0	0	0	0	0	0	0	0	0	0	0	0	0	0	0	0	0	0	0	0	0	0	0	0	0	
0	0	0	0	0	0	0	0	0	0	0	0	0	0	0	0	0	0	0	0	0	0	0	0	0	0	0	0	0	0	0	0	0	0	0	0	0	0	0	0	9.35514	0	0	0	10.50839	0	0	6.50984	0	0	2.16941	12.40972	0	0	0	10.69279	0	0	7.88057	0	4.20882	0	0	0	0	0	0	0	0.85384	0	0	0	0	0	0	0	0	0	0	0	0	0	0	0	0	0	0	0	0	0	0	0	0	0	0	6.13811	0	0	0	0	
0	0	0	0	0	0	0	0	0	0	0	0	0	0	0	0	0	0	0	0	0	0	0	0	0	0	0	0	0	0	0	0	0	0	0	0	0	0	0	0	0	0	0	0	14.65525	0	0	0	0	1.38659	0	0	6.56041	0	0	0	0	7.83709	0	0	0	6.29467	0	0	0	0	0	0	0	0	0	0	0	0	0	0	0	0	0	0	0	0	0	0	0	0	0	0	0	0	0	0	0	0	0	0	0	0	0	0	
0	0	0	0	0	0	0	0	0	0	0	0	0	0	0	0	0	0	0	0	0	0	0	0	0	0	0	0	0	0	0	0	0	0	0	0	0	0	0	0	0	0	0	10.43793	0	0	11.72047	0	0	0	10.89103	0	0	0	0	0	0	0	0	5.47882	0	0	0	0	8.4154	0	0	9.70464	0	0	0	0	8.60482	0	0	0	3.90627	0	0	0	0	0	0	0	0	0	0	0	0	0	0	0	0	0	0	0	0	0	0	0	
0	0	0	0	0	0	0	0	0	0	0	0	0	0	0	0	0	0	0	0	0	0	0	0	0	0	0	0	0	0	0	0	0	0	0	0	0	0	0	0	0	0	0	0	2.08042	0	0	10.57174	0	0	0	9.01523	7.26793	0	0	9.29157	0	0	9.9711	0	0	0	0	0	0	0	0	11.5411	0	0	0	0	0	13.17544	0	0	0	0	0	0	0	0	0	0	0	0	0	0	0	0	0	0	0	0	0	0	0	0	0	0	
0	0	0	0	0	0	0	0	0	0	0	0	0	0	0	0	0	0	0	0	0	0	0	0	0	0	0	0	0	0	0	0	0	0	0	0	0	15.48741	0	0	0	0	0	0	0	0	0	0	7.84048	0	0	5.53287	0	0	1.2299	0	8.83563	0	0	5.28333	0	4.27047	0	0	0	0	0	0	0	0	0	0	0	0	6.30514	1.98557	0	0	0	0	0	0	0	0	0	0	0	0	0	0	0	0	0	0	0	0	0	0	0	0	
0	0	0	0	0	0	0	0	0	0	0	0	0	0	0	0	0	0	0	0	0	0	0	0	0	0	0	0	0	0	0	0	0	0	0	0	0	0	0	0	0	0	14.35625	0	0	9.03308	0	12.27851	0	0	3.95715	0	11.17599	0	10.37149	0	0	0	0	0	0	0	0	7.52139	0	0	0	2.73361	0	0	10.21108	0	0	0	0	0	0	0	1.98557	0	0	0	0	0	0	0	0	0	0	0	0	0	0	0	0	0	0	0	0	0	
0	0	0	0	0	0	0	0	0	0	0	0	0	0	0	0	0	0	0	0	0	0	0	0	0	0	0	0	0	0	0	0	0	0	0	0	0	0	0	0	0	0	0	0	0	0	0	8.87254	11.74691	0	0	9.02788	0	0	0	0	0	0	0	0	0	0	0	0	0	0	0	0	0	0	0	0	0	0	0	0	0	0	0	0	0	0	0	0	0	0	0	0	0	0	8.55304	0	0	0	0	0	0	0	0	0	
0	0	0	0	0	0	0	0	0	0	0	0	0	0	0	0	0	0	0	0	0	0	0	0	0	0	0	0	0	0	0	0	0	0	0	0	0	0	0	0	0	0	0	0	0	0	0	13.10381	0	0	0	0	10.30829	0.62124	0	0	0	0	10.22856	9.8165	0	0	0	0	0	0	0	0	0	0	0	0	0	0	0	0	0	0	0	0	0	0	0	0	0	0	0	0	0	0	0	0	0	0	0	0	0	0	6.20805	0	
0	0	0	0	0	0	0	0	0	0	0	0	0	0	0	0	0	0	0	0	0	0	0	0	0	0	0	0	0	0	0	0	0	0	0	0	0	0	0	0	0	0	7.66413	0	0	0	0	0	0	8.7576	0	8.08598	0	7.64292	0	0	0	0	0	0	0	0	0	0	13.60543	0	0	0	0	0	0	0	0	0	0	0	13.97957	0	0	0	0	0	0	0	0	0	0	0	0	0	0	0	0	0	0	0	0	0	0	0	
0	0	0	0	0	0	0	0	0	0	0	0	14.27354	0	0	0	0	0	0	0	0	0	0	0	0	0	0	0	0	0	9.70231	0	0	0	0	0	0	0	0	0	0	0	10.71714	0	0	0	0	8.38204	0	0	14.71453	0	0	4.92701	3.30458	0	9.24105	0	0	0	0	0	0	7.74055	10.57633	8.5364	0	0	0	0	0	0	0	0	0	0	0	0	0	0	0	0	0	0	0	0	0	0	0	0	0	0	0	0	0	0	0	0	0	0	
0	0	0	0	0	0	0	0	0	0	0	0	0	0	0	0	0	0	0	0	0	0	0	0	0	0	0	0	0	0	0	0	0	0	0	0	0	0	0	0	0	0	0	0	0	10.34812	4.20882	0	2.73361	13.06252	0.34381	9.22702	10.96957	0	9.66118	6.53416	0	0	0	0	12.49626	0	0	0	0	0	0	0	0	5.16304	0	0	0	0	0	0	3.73215	0	0	0	0	0	0	0	0	0	0	0	0	0	0	0	0	0	0	0	0	0	0	0	
0	0	0	0	0	0	0	0	0	0	0	0	0	0	0	9.67976	0	0	0	0	0	0	0	0	0	0	0	0	0	0	0	0	0	0	0	4.25021	12.44622	0	0	0	0	0	0	0	0	10.87541	7.60591	9.21459	5.2118	8.85588	0	0	5.02172	0	12.93254	0	0	0	0	7.05086	0	8.70124	0	5.4613	0	7.09413	0	0	11.59355	0	6.91269	0	0	0	0	9.08975	0	2.16941	0	2.56674	0	0	0	0	0	0	0	0	0	0	9.21197	0	0	0	0	0	0	0	0	0	
0	0	0	0	0	0	0	0	0	0	0	0	0	0	0	0	0	0	0	0	0	0	0	0	0	0	11.75255	0	0	0	0	4.47634	0	0	4.73146	0	0	0	0	0	13.66394	0	0	0	0	0	0	0	10.92861	6.38105	5.93099	9.22695	9.13188	0	8.73079	0	5.35148	0	3.71759	0	1.2299	6.14361	0	0	0	8.33713	0	0	0	0	0	0	0	10.55868	0	0	0	0	0	0	0	0	0	0	0	0	0	0	0	0	0	0	0	0	0	0	0.85384	0	0	0	
0	0	0	0	0	0	0	0	0	0	0	0	0	0	0	0	0	0	0	12.41286	0	0	0	0	0	0	0	0	0	0	0	0	0	0	0	0	0	0	0	0	0	0	0	13.25069	0	0	11.75716	11.77555	9.82894	0	8.26954	9.80809	12.00237	0	0	0	13.44041	0	0	7.63782	6.17816	0	0	11.37065	0	7.64097	0	6.12704	0	0	0	0	0	0	0	0	0	0	0	0	0	0	0	0	0	0	0	0	0	0	7.90643	0	0	0	0	0	0	0	0	0	
0	0	0	0	0	0	0	0	0	0	0	0	7.62729	0	0	0	0	0	0	9.21785	0	0	0	0	0	0	0	0	0	0	0	0	0	6.35446	0	0	0	0	0	0	0	7.57938	14.00482	0	8.92998	0	0	2.53235	11.31062	0	2.16941	8.16421	7.98236	1.25942	9.78605	1.05408	5.51135	4.93535	7.69777	0	0	0	0	0	4.80275	0	0	0	0	0	0	0	0	0	0	0	0	0	7.78875	3.13818	0	0	0	0	0	0	0	0	0	0	0	0	0	0	0	0	0	0	0	0	
0	0	0	0	0	0	0	0	0	0	0	0	0	0	0	0	0	0	0	0	0	0	0	14.03099	0	0	0	0	0	0	0	0	0	0	0	0	0	0	11.39536	0	0	0	8.27428	11.32674	0	0	9.0014	5.55451	0	8.51393	11.329	6.81267	0	0	0	0	0	5.68424	15.60726	11.95563	11.5498	0	0	0	8.41085	0	0	0	0	0	0	0	0	0	0	0	0	0	0	0	0	0	0	0	0	0	0	0	0	0	0	0	0	0	0	0	0	0	0	0	
0	0	8.82025	0	0	0	0	0	0	0	0	0	0	0	0	0	0	0	0	0	0	0	0	0	0	0	0	0	0	0	0	0	0	0	0	0	0	0	0	0	10.97155	0	0	0	0	11.12857	0	7.6338	9.89567	11.32272	0	9.44817	10.80272	9.21192	3.95715	9.8838	0	0	1.52792	0	9.24261	0	9.70928	10.65042	0	0	0	0	0	0	0	6.99611	0	0	0	0	2.08042	0	0	0	0	0	0	0	0	0	0	0	0	0	0	0	0	0	0	0	0	0	0	0	
0	0	0	0	0	0	0	0	0	0	0	9.53655	0	0	0	0	0	0	0	0	0	0	0	0	0	0	0	0	0	0	0	0	7.10545	0	0	0	0	8.63127	13.96997	4.97311	9.11798	7.58141	0	0	11.8014	6.62212	12.01794	7.79298	10.628	0	10.42584	0	0.31062	7.74519	0	10.57221	4.24815	9.41146	0	0	0	0	0	0	0	0	0	7.73144	0	0	0	0	8.37504	0	0	10.92837	0	0	12.12564	0	0	0	0	0	0	0	0	0	0	0	0	0	0	0	0	7.37063	0	0	0	0	
0	0	0	0	0	0	0	0	0	0	0	0	0	0	0	0	0	0	0	0	0	0	0	0	0	0	0	0	0	0	0	0	0	0	3.55634	7.50007	0	0	0	8.03212	0	14.16481	0	10.85205	13.4257	9.82794	7.51481	8.63054	11.38542	10.208	10.59411	10.12887	1.53869	9.59624	0	0	8.58975	0	0	6.12328	7.45213	0	1.88405	0	0	0	0	0	0	0	0	0	0	0	0	0	0	0	3.55634	0	0	0	0	0	0	0	0	8.69188	0	0	0	0	0	0	0	0	0	0	0	0	
0	0	0	0	0	0	0	0	10.4549	0	8.25055	0	0	0	0	0	0	0	0	0	0	0	0	0	0	0	6.0819	0	0	0	0	0	0	0	0	0.34381	0	10.41308	12.04534	0	10.9583	6.39496	0	11.42405	4.77465	11.51018	9.55161	8.15612	9.8856	9.50099	0	7.0969	0.85384	0	0	0	9.58562	2.8989	0	0	0	0	4.80275	0	0	0	14.38609	0	0	0	0	0	0	0	0	0	0	0	0	0	0	0	0	0	0	0	0	0	0	0	0	0	0	9.39207	0	0	0	0	0	0	
0	0	0	0	0	0	0	0	0	0	0	11.54838	0	0	11.36889	0	0	0	0	0	0	0	0	0	0	0	0	0	0	0	0	10.15566	0	0	6.70138	0	11.23242	0	0	11.31097	1.05408	0	9.20694	10.66595	11.63551	8.14959	11.28291	8.97717	2.83316	9.29986	7.4327	9.97885	10.99901	8.91205	0	5.98715	11.19251	0	0	14.66549	9.70974	5.67544	0	11.9182	0	0	0	0	0	0	0	0	0	0	0	7.00179	0	0	0	0	0	0	0	4.14442	0	0	0	0	0	0	0	0	0	0	0	0	0	0	0	0	
0	0	0	0	0	0	0	0	0	0	0	0	13.85564	0	0	0	0	0	0	0	0	0	0	0	0	0	0	0	0	10.22931	0	0	7.92438	0	1.77484	0	12.78917	0	12.15939	10.21631	11.65574	9.47515	9.06161	7.44642	8.4976	4.6908	10.95599	10.30779	7.72228	8.2608	11.18895	12.63132	10.07121	8.4117	6.23761	6.74635	10.1371	0	0	9.50751	3.26475	0	0	0	0	0	0	0	0	0	0	0	0	10.5084	0	0	0	0	0	0	9.46968	0	0	0	0	0	0	0	0	0	0	0	0	0	0	0	0	0	0	0	
0	0	0	0	0	0	0	12.85411	0	0	0	11.08429	0	0	0	0	0	0	0	0	0	0	0	0	0	0	0	9.39841	0	0	4.98541	0	11.28829	0	0	0	10.75207	7.55068	8.70367	9.32498	9.70068	5.01581	0	10.38541	11.14878	10.14945	9.54582	9.66723	10.57703	10.26985	4.29268	9.54392	8.69282	8.75075	6.41503	7.39723	11.83191	5.1474	3.89282	9.67739	6.61356	11.46911	6.45814	0	9.82423	0	0	0	0	0	0	0	0	6.12704	0	0	0	0	0	0	0	0	0	0	0	0	0	0	0	0	0	0	0	0	0	0	0	0	0	0	
9.11518	0	0	0	0	0	0	0	7.78792	0	0	0	6.19751	0	0	0	0	0	0	0	0	0	0	0	9.2276	0	0	8.78548	0	0	0	0	14.84654	0	11.64323	9.07111	0	7.07121	10.63722	6.83549	8.26828	9.6489	6.12455	9.99812	11.84527	10.55637	8.52769	10.12144	5.99574	5.13001	10.13715	6.29868	10.86097	2.18691	10.51858	8.67867	10.40566	7.02786	0	11.03305	0	3.48877	0	5.57595	0	8.25055	0	0	0	0	4.44103	0	0	0	0	0	0	0	0	0	0	0	4.33823	0	0	5.6628	0	0	0	0	0	0	0	0	0	0	0	0	0	0	
0	0	0	12.55989	0	0	0	0	0	0	0	0	0	0	0	0	0	0	7.91154	0	0	10.96883	0	2.79083	11.2646	6.51018	0	0	10.79487	7.33919	11.78309	0	11.61265	0	0	1.77484	0	10.06994	11.30455	10.24862	8.89175	5.87255	9.92489	9.46093	9.38107	10.16743	8.83621	8.035	10.46225	7.53185	9.49971	8.36495	10.8445	7.31169	6.11189	10.01636	0	2.54014	4.28949	8.61779	0	3.58897	8.87006	0	0	0	0	0	0	5.43462	0	0	5.55512	0	0.85384	9.62132	10.78038	4.67102	0	0.62124	0	0	0	0	0	0	0	0	0	0	0	0	0	0	0	0	0	0	0	0	
9.27975	0	0	0	11.80373	9.55566	0	0	0	0	0	0	0	0	0	0	0	9.92911	0	0	0	0	0	0	10.94323	0	10.51429	9.29451	0	12.00265	10.73621	0	0	0	12.04892	10.69279	6.28126	12.01614	10.58545	10.3647	9.02313	9.38371	10.23484	9.61327	9.42381	9.1798	9.99544	8.3606	8.26081	10.53143	5.62387	9.52249	10.0291	7.18464	9.82904	9.70973	8.52125	2.29589	3.91131	9.24667	7.94658	0	6.1095	8.54475	11.10831	10.27634	8.31409	0	0	0	0	0	0	0	6.88996	0	0	0	0	0	0	0	0	0	0	0	0	0	0	0	0	0	0	0	0	0.62124	0	0	0	0	
0	0	0	0	0	0	0	0	5.54684	0	8.75974	0	0	0	0	0	8.46788	15.18789	10.0021	8.041	11.21978	5.41712	0	0	0	13.8085	0	9.59646	9.51646	10.53296	0	11.29309	15.3301	6.87373	10.45607	10.44067	7.20787	7.02607	10.97442	10.62979	10.29002	8.93764	4.64571	8.58531	9.56248	8.30079	9.77496	8.99949	8.83314	7.71337	7.89931	10.37691	7.14411	8.07251	5.49544	6.47955	4.23543	8.96012	0	11.64961	5.70409	4.40484	8.70187	0	7.77988	10.34128	1.98557	0	0	0	0	3.62088	0	0	9.99565	0	0	0	8.75794	0	0	0	0	0	0	5.8458	0	0	0	0	0	0	0	0	0	6.46255	0	0	0	0	
0	10.79181	0	0	1.2299	7.06543	0	0	0	0	0	0	0	0	9.24818	7.12783	0	11.76699	9.42278	0	5.8923	0	4.77465	0	0	0	0	0	10.85707	9.74953	8.09886	0	11.28565	2.34168	11.1169	8.74292	9.663	8.9866	9.42245	9.3269	9.03143	7.79118	8.44512	8.65189	9.63164	7.71137	8.77509	9.3106	8.8975	8.43792	7.14541	8.96962	8.04688	6.69432	7.87801	8.69529	6.32888	7.21839	8.46245	5.4245	0	8.23793	0	11.66858	10.46598	0.85384	6.12409	11.47103	0	0	0	0	0	0	0	2.47892	0	0	0	0	8.55247	0	0	0	0	0	0	0	0	0	0	0	0	0	0	0	0	0	0	0	
0	8.67868	7.95755	0	8.9612	0	0	0	0	0	8.49719	0	0	0	9.24626	8.87833	0	9.50163	0	0	7.74598	7.95599	8.09069	7.97126	10.30829	10.96243	0	5.89361	11.1422	6.89524	11.3661	10.18797	11.05618	10.72568	10.32913	4.62185	8.75221	8.82498	8.51171	9.19561	7.4651	8.88678	7.72614	7.48626	7.3328	7.44959	8.68917	7.56432	9.20782	8.12696	8.33329	8.47288	7.80657	7.88026	7.20548	7.09323	8.0217	8.22504	6.32911	9.07327	0	7.34287	10.71689	10.77252	2.21153	4.8303	1.65668	0	0	8.63247	0	6.03365	0	0	8.83818	0	7.1526	0	0	0	0	0	0	4.84695	0	2.6059	0	0	0	0	0	0	0	0	0	0	0	0	0	0	
0	0	0	0	0	0	0	0	9.34448	0	9.53655	12.17853	0	0	0	0	0	0	10.11982	0	8.59079	0	0	0	0	12.9983	11.07524	0	5.71887	10.66747	8.64257	7.90183	6.29467	9.19293	11.01305	10.54247	7.47944	8.87927	9.02325	9.04379	6.72287	7.55814	9.14388	8.20244	7.30741	6.9567	6.95792	7.46458	8.84431	8.91717	9.54112	9.41537	8.48067	7.05843	7.11693	8.68355	8.36057	8.47413	11.25134	9.61815	11.00086	5.40042	9.82936	8.52183	0	7.53282	0	8.97171	0	0	0	0	0	0	0	0	0	0	0	0	0	7.94501	0	0	0	0	0	6.91827	6.58488	8.54579	0	0	0	0	0	0	0	0	0	0	
0	0	0	0	0	0	0	0	11.3958	7.19826	0	5.16928	0	12.15794	0	0	0	0.85384	5.28333	4.94261	0	0	1.88405	8.27628	9.1975	4.40484	5.08027	9.39516	4.90197	10.38304	0	6.85259	4.65318	4.99929	4.7945	8.75147	8.24579	6.93647	6.69762	6.06814	9.08128	9.78345	8.65298	9.76024	6.71041	8.11492	7.74585	8.29932	6.37277	8.56063	7.85933	6.73292	7.1577	6.10093	8.39499	8.09855	7.77367	12.8417	10.60752	5.5615	6.64284	8.1276	9.50231	5.73354	3.62502	9.5298	10.17224	0	0	0	0	0	0	8.87998	7.96534	0	0	0	14.56486	0	0	0	0	0	0	0	0	0	6.49735	0	0.34381	0	0	0	0	0	0	0	0	0	
0	0	10.32018	5.63414	0	4.05382	0	1.65668	10.61818	0	0	0	0	0	0	0	0	9.16423	0	0	0	0	0	11.16757	0	8.54682	0	8.29481	8.17196	8.59035	0	7.6518	0	11.31566	5.37578	8.416	8.5196	6.37592	3.78064	10.22522	7.39457	9.65333	7.34085	8.43654	8.00792	8.33277	6.52701	9.19622	8.59575	7.50556	8.28216	8.212	8.84276	7.95054	8.00579	6.24671	7.99111	8.64549	7.38774	7.32483	9.0374	9.42695	4.57987	8.6088	4.2999	0	0	9.45837	0.85384	3.98193	2.23306	0	10.23769	0	2.24412	0	7.54407	0	0	0	0	0	3.73025	0	0	0	0	0	0	0	0	0	0	0	0	0	0	0	0	0	
0	0	0	0	0	0	0	0	0	0	8.44244	6.81952	8.92152	0	11.24512	0	0	8.76421	0	4.44103	0	0	0	0	0	0	9.54229	6.86686	8.55201	0	8.90449	8.66207	7.64302	8.12581	4.39548	8.81581	8.69566	7.67335	7.5197	7.70034	8.36248	7.18962	7.42377	7.0008	7.6623	8.84143	6.76891	7.37833	8.63076	6.22417	6.7918	9.86782	9.11667	6.49885	6.76404	7.12252	6.52428	7.76145	9.47564	5.52871	6.03344	5.83999	7.62614	7.0853	0	6.4073	6.03531	4.47186	0	0	9.07327	0	7.39463	2.89057	0	11.93267	0	0	2.73361	0	0	0	0	0	0	0	0	0	5.87358	0	0	0	0	0	0	0	0	0	0	0	
0	0	0	0	0	0	0	0	0	9.92072	0	0	2.73361	0	0	0	0	0	0	0	0	0	0	9.63956	0	0	8.18815	0	0	4.8808	6.83087	0	0	9.47263	9.03973	8.24544	4.81659	1.05408	3.18161	9.81089	5.07156	5.6432	3.99591	7.81204	7.78233	8.60976	7.83574	7.07145	9.4631	5.79818	7.15428	9.34653	7.13269	7.10003	7.8702	7.6493	6.86845	7.25428	4.60688	6.32845	8.30644	5.09002	3.78548	8.45557	6.96922	5.72526	8.64707	10.92118	8.54995	0	0	7.55481	0	4.36771	0	2.16941	9.08761	0	0	0	0	0	0	0	10.07157	0	0	3.18161	0	0	0	9.63505	0	0	0	0	7.3535	0	0	0	
0	0	0	0	0	0	0	0	0	0	0	8.43685	0	0	0	0	0	5.63001	12.78884	0	0	0	0	1.77484	0	0	0	7.99912	0	0	0	0	5.4682	6.12744	6.41506	0	4.2847	9.17745	4.07308	3.72892	6.59386	8.54301	7.86975	0.94203	0	7.62845	5.95109	4.77344	7.22775	7.58282	7.64822	11.05796	7.92951	4.58872	7.06544	6.13068	7.00436	8.01603	7.12394	8.92209	6.70279	6.35713	0	6.57707	6.79993	0	8.77984	8.25055	11.24608	7.82043	0	0	1.88405	1.52792	0	10.34278	0	9.7441	0	0	0	9.91679	0	0	0	0	0	0	0	0	0	0	0	0	0	0	0	0	0	0	
0	0	0	0	5.80225	0	0	0	0	0	8.27457	0	1.05408	0	0	10.98861	0	0	6.2289	0	5.44603	10.71767	0	0	0	7.46538	8.14478	0	0	8.5513	0	9.99844	8.71239	0	0	5.04543	11.57573	9.46089	11.38596	10.00975	7.86856	9.65638	7.79266	8.27645	6.03584	6.64692	11.65166	5.85483	9.34593	9.04606	8.59872	5.38768	7.56963	7.95167	6.51557	7.58907	6.33566	9.94929	2.59559	7.39805	5.85677	7.56305	4.61204	3.50345	8.12151	0	8.14049	9.72222	0	0	6.99183	5.56335	7.79334	10.15049	8.08415	0	6.93716	0	0	0	5.38902	0	0	10.41536	0	0.85384	0	0	0	0	0	0	0	0	0	0	0	0	0	0	
0	0	0	0	0	0	0	0	0	0	0	6.31919	3.51955	0	0	8.27457	0	0	0	4.85734	3.30458	0	1.52792	0	0	0	0	0	0	3.84478	5.62758	6.14226	0	0	0	8.57865	0	0	0	2.40754	5.24236	6.29399	4.42477	5.10541	8.58882	3.02631	4.33063	6.6233	6.44391	3.96685	0	0	7.2786	9.39386	3.3811	6.74469	7.64362	6.3942	6.95866	6.03574	8.41361	7.70921	9.22087	7.8561	5.48968	9.13463	6.6287	9.16292	5.5217	8.50104	0	6.39606	7.00124	9.85474	10.29815	0	2.25323	0	7.41394	0	0	0	0	0	0	0	0	0	0	0	0	0	0	0	0	0	0	0	0	0	
0	0	0	10.53793	0	0	0	0	0	0	0	0	0	0	0	0	0.85384	0	0	0	0	0	7.0998	0	0	0	7.63158	6.75932	9.07903	7.32231	0	0	0.62124	0	0	11.3836	0	0.34381	0	2.75235	4.60008	0	0.34381	0	4.20853	11.09878	7.67804	4.67179	6.42683	5.02201	6.10051	6.49249	8.12661	8.14393	6.82455	8.28075	8.77783	7.00645	6.5833	6.87077	7.71468	7.63847	8.32332	9.58028	8.23554	8.17296	5.50293	7.04205	10.8351	9.41379	2.81618	9.83921	5.0636	3.1839	5.44268	0	12.60682	10.2789	6.7026	8.93416	0.34381	8.13376	10.71813	0	0	0	0	0	0	0	0	0	0	0	0	0	0	13.34688	0	12.30037	
0	0	4.49625	0	0	0	0	0	0	0	0	0	0	0	0	0	0	0	0	0	7.5382	0	0	0	0	9.04709	0	9.5604	0	10.09021	0	11.00706	9.67026	0	9.07687	0	0	8.02899	5.91396	0	9.06966	0	0	8.92777	11.31078	9.13327	1.77037	4.54023	6.79526	6.14629	4.3296	9.54281	7.92502	8.84986	7.62575	8.49985	2.54693	5.12275	8.10491	8.08916	3.3438	6.41405	6.23472	2.36748	4.57624	6.81444	4.89958	0	9.44978	3.54822	5.38031	5.54321	8.45294	8.53052	2.08042	0	5.00912	0	3.38177	6.87349	0	4.76484	0	0	0	0	0	0	6.40672	0	0	0	0	0	0	0	4.60954	0	0	0	
0	0	0	0	3.74189	0	0	0	0	0	0	0	9.05587	0	0	0	0	0	0	0	7.58949	5.16928	0	0	0	0	0	7.44375	0	0	0	7.24507	9.42407	0	0	0	3.52296	0	1.77484	7.56919	0	0	4.42798	0.85384	7.35824	0	8.48507	6.12148	9.75493	4.63275	5.91177	4.39201	8.47226	3.71309	8.90004	7.82826	0	6.05018	5.53711	0.6933	7.03705	6.90258	7.47247	6.1239	6.23693	9.14875	5.90942	3.62588	6.16854	6.9874	6.99048	0	0	9.28769	0	8.046	5.83581	6.447	0	0	0	0	0	0	8.77754	0	0	0	0	0	0	0	0	0	0	0	8.72346	0	0	0	
0	0	0	0	0	0	0	0	6.77767	0	0	0	2.67403	0	0	0	9.83745	1.38659	7.1903	0	0	0	0	0	4.41909	0	0	0	0	0	0	0	0	0	8.41994	7.66221	0	5.13654	0	0	0	0	1.98557	12.79825	0	9.1039	9.94021	8.52696	0	5.24375	0	9.42011	10.03503	7.99604	0	7.29784	0	7.98941	0	4.30141	7.54989	9.62918	7.59047	6.16541	5.32264	6.59755	6.54156	6.19289	8.9246	5.7002	8.43366	4.16857	9.40848	10.25749	7.71004	4.35391	9.10578	9.57422	0	0	9.10816	12.44719	10.73094	0	3.58877	0.34381	8.18802	5.22224	6.70882	0	2.43582	0	0	8.65776	0	0	0	0	0	0	
0	0	0	0	0	0	0	0	0	0	0	0	0	0	0	0	0	0	0	0	9.26936	0	0	0	0	0	0	0	0	6.77767	0	0	0	0	6.59295	0	0	0	0	0	9.06097	0	9.9151	8.77931	4.08029	0	0	7.12783	6.97574	5.75233	9.31248	0	0	0.6933	4.33064	7.20234	0	0	8.2545	9.51373	10.56176	6.23375	2.78096	6.0828	6.84449	7.94842	4.23611	5.84956	6.06647	5.45823	9.90775	7.00472	4.17425	5.04209	6.62332	0	2.37433	0	3.55005	0	0	0	0	0	0	0	8.24699	0	0	0	0	0	0	0	0	0	0	0	0	0	
0	0	0	0	7.95599	0	0	0	0	0	0	4.87067	0	3.52296	0	0	0	0	0	0	0	0	0	0	0	0	0	0	0	0	0	0	0	0	0	0	0	0	0	9.19077	0	0	6.37639	0	4.45353	0	2.01243	7.72961	0	0	3.6521	0	0	0	10.37325	0	0	0.62124	0	8.41313	7.50313	0.37407	6.83283	7.02762	7.2237	0	1.00025	4.33811	9.87586	5.17166	9.92016	8.88833	8.5878	5.27922	0	0	6.96043	4.80275	8.00653	5.79076	6.3857	8.21571	2.73361	0	0.62124	0	6.60496	12.84365	0	5.31136	0	0	0	0	8.93098	0	0	0	0	0	
0	0	0	0	0	0	0	0	0	0	0	0	0	0	0	0	0	4.22367	0	0	0	9.27223	7.69818	0	0	0	9.55886	0	0	0	0	0	0	5.77912	7.47878	0	0	0	0	0	0	0	0	0	0	0	0	0	2.79083	0	8.55304	0	0	0	0	9.9099	8.1777	8.5691	4.71677	7.0998	0	7.0138	5.93123	0	8.64465	6.62056	4.83418	7.21151	5.09648	4.71876	7.44933	6.2632	5.84475	4.64206	9.05626	6.7901	4.74515	0	9.09899	8.82233	0	0	7.26193	0	6.5229	8.92819	0	4.36771	0	9.95471	0	0	0	0	0	0	8.58912	0	0	0	
0	0	0	0	0	0	0	0	6.7507	0	0	0	0	0	0	0	0	0	0	0	0	0	0	0	0	0	0	10.89613	0	0	0	0	0	0	0	0	0	0	0	10.58925	0	0	0	0	0	6.39496	0	6.15455	8.56641	0	0	10.20813	0	0	0	0	0	0	7.32186	0	10.123	0	8.17878	9.35603	5.41337	6.09241	4.88877	0	0	4.73719	7.94446	0.62124	9.28379	9.29331	5.88749	10.32962	1.52359	0	0	7.39673	6.49491	8.00489	9.72313	10.58889	7.3387	0	1.65668	0	0	0	3.88014	0	10.31501	0	0	0	0	0	0	0	
0	0	0	0	0	0	0	0	0	0	0	0	0	6.64818	0	0	0	0	0	1.05408	0	0	0	0	0	3.67602	0	0	0	0	0	0	0	0	7.52982	0	0	5.75509	0	0	10.56791	0	2.16941	8.96168	1.05408	0	0	0	0	0	3.52296	8.48424	0	0	5.92462	0	0	0	0	6.19135	5.21653	0	6.87437	9.26594	5.99326	4.89491	9.48505	9.60496	0	4.23816	6.88865	0	4.84045	5.40105	8.27832	7.386	3.86476	5.81385	8.14611	3.82125	0	7.44816	9.05002	4.37169	3.8503	0	0	5.66632	5.62647	0	9.3938	0	0	7.77286	0	0	0	0	5.14722	0	
0	0	0	0	0	0	0	8.73444	0	0	0	0	0	0	0	0	0	0	0	0	0	0	6.62083	0	0	0	0	0	9.45593	0	0	0	0	0	9.30007	0	0	1.38659	0	0	0	3.50587	0	0	0	0	9.25303	0	0	0	0	0	9.33369	0	0	0	7.03484	5.03363	0	4.74613	10.38991	0	0	6.08626	0	1.2299	0	7.05414	6.59505	9.96451	8.53386	6.71658	8.58877	4.39834	6.17619	6.62635	4.40397	4.22966	5.77607	6.22255	8.02937	7.95383	2.64167	0	6.75602	0	0.34381	4.1058	0	0	9.98534	7.57083	0	0	0	0	8.86673	0	0	0	
0	0	0	0	0	0	0	0	0	0	0	0	0	0	0	0	0	0	0	0	0	0	0	0	0	0	0	0	0	0	0	0	0	0	0	0	0	4.83359	0	0	0	0	0	0	0	0	0	0	0	4.88388	0	4.23944	0	4.92735	0	0	5.76243	8.10754	1.65668	0	1.52792	0	8.64804	12.39105	6.4314	5.50626	0	0	8.35709	7.21029	0	3.58897	5.78177	9.08759	7.07363	6.49279	0	3.48637	4.44762	7.31416	2.12805	9.33309	4.09983	0	0	0	3.07728	0	0	0	0	0	5.95734	9.56166	9.74184	0	0	0	0	0	
0	0	0	0	0	0	0	8.22092	0	0	0	0	0	0	0	0	0	0	0	0	0	0	0	0	0	0	0	0	0	0	0	0	0	0	0	0	0	3.03502	0	4.1223	0	0	0	0	0	0	0	0	0	0	4.86849	0	0	8.95152	6.80018	0	0	7.76214	8.94759	11.42362	0	1.77484	0	8.73251	8.2076	10.19428	0	0	7.72412	5.49242	9.17325	6.21333	4.65315	6.44327	5.90531	6.73387	7.23888	0	7.90214	4.27823	7.39653	8.60382	4.95594	3.98423	2.60724	0	0	0.41429	0	0	6.02938	0	0	0	0	1.92979	0	0	0	0	
0	0	0	0	0	0	0	0	0	0	0	0	0	0	0	0	0	0	0	0	0	0	0	0	0	9.8366	0	0	0	0	0	0	0	0	0	0	0	11.73586	0	0	0	0	0	0	11.78405	0	0	0	5.22224	0	0	0	0	0	0	1.88405	0	0	0	0	0	0	8.25318	0	0	4.78931	5.328	4.89691	1.05408	6.02927	2.30714	0	7.16155	0	7.74417	6.36938	4.34878	7.07281	5.99971	5.955	3.52356	0	6.77589	0	7.27044	6.62368	0	0	0	0	9.34389	0	0	0	0	0	0	4.22966	0	0	
0	0	0	0	0	0	0	0	0	0	0	0	5.98715	0	0	0	0	0	0	0	0	0	0	0	0	0	0	0	0	0	0	0	0	0	0	0	0	0	0	0	0	0	0	0	0	0	0	9.32585	0	0	0.62124	0	10.30675	0	0	0	0	0	0	3.93041	0	0	0	7.14344	4.16621	7.12783	9.37783	0	9.9295	0	0	9.1305	0	0	0	1.23244	6.42915	8.89044	8.25739	3.88177	0	5.45457	6.13377	4.39762	4.81772	4.04442	7.44824	3.77062	8.35858	0	0	0	0	7.11388	0	0	0	0	0	0	
0	0	0	0	0	0	0	0	0	0	0	0	0	0	0	0	0	0	0	0	0	0	0	0	0	0	0	0	0	0	0	0	10.60652	0	0	0	0	0	0	0	6.87018	0	0	0	0	0	0	0	0	0	0	0	0	0	0	0	6.86047	0	0	0	8.13912	0	0	5.06902	0	6.45814	0	0	5.54085	0	0	0	11.45908	0	0	3.26475	0	0	4.17748	9.70338	6.86709	7.24251	9.37988	0	6.85349	0	0	0	0	0.34381	5.80464	5.23399	5.14263	0	0	0	0	0	0	0	
0	0	0	0	0	0	0	1.2299	0	0	0	0	0	0	0	0	0	0	0	0	0	0	0	0	0	0	0	4.8303	0	0	0	0	0	0	0	0	0	0	0	0	0	0	0	0	0	0	0	0	0	0	0	0	0	0	0	0	0	0	0	0	0	0	0	0	0	0	0	0	0	0	3.12677	2.99051	7.97956	0.34381	0	10.03947	9.9884	0	10.03669	6.55629	0	5.59619	0	9.36876	3.04717	7.87339	0	7.86899	0	0	0	0.34381	0	0	0	9.67026	0	0	0	0	
0	0	0	0	0	0	0	0	0	0	0	0	0	0	0	0	0	0	0	0	7.9669	0	0	0	0	0	0	0	0	0	2.61188	0	0	0	0	0	0	0	0	0	0	0	0	0	0	0	0	0	0	0	0	0	0	0	0	0	0	0	0	12.33166	0	0	0	0	6.39496	8.01271	9.86851	7.73566	0	0	0	0	0	0	0	5.00972	5.47782	0	0	0	5.3574	0	0	0	6.60699	1.52792	8.02108	5.21326	7.97	0	6.88339	6.61688	11.82604	3.18161	0	7.58141	0	0	0	0	
0	0	0	0	0	0	0	0	0	0	0	0	0	0	0	0	0	0	0	0	0	0	0	0	0	0	0	0	0	0	0	0	0	0	0	0	0	0	0	0	0	0	0	0	0	0	0	0	2.79083	0	0	0	0	0	0	0	0	0	0	0	0	0	0	0	0	0	0	0	0	6.97265	9.4642	10.43793	6.38963	0	11.57471	8.25944	0	9.96412	0	0	0	8.76421	8.23079	0	5.72352	0	1.77484	0	0	5.47056	0	1.56622	7.78278	0	5.44357	0	0	0	0	0	
0	0	0	0	0	0	0	0	0	0	0	0	0	0	0	5.91074	0	0	0	0	0	0	0	0	0	0	0	0	0	0	0	0	0	0	7.80793	0	0	0	0	0	0	0	0	0	0	0	0	0	0	0	0	0	0	0	0	0	0	0	0	0	0	0	0	0	0	0	0	5.02172	0	0	0	0	0	6.2289	0	0	0	2.13667	0	0	0	2.95004	0	0	4.86837	0	5.69837	4.11054	8.27957	10.37062	9.65059	0	7.98233	0	0	0	0	0	0	0	
0	0	0	0	0	0	0	0	0	0	0	0	0	0	0	0	0	0	0	0	0	0	0	0	0	0	0	0	0	0	0	0	0	0	0	0	0	0	0	0	0	0	0	0	0	0	0	0	9.45316	0.62124	0	0	0	0	0	0	0	0	0	4.97311	0	0	0	0	0	5.58946	0	0	0	0	0	5.13654	0	0	0	0	0	11.81832	0	6.2406	9.78648	0	0	9.22046	0	0	0	0	0	0	0	0	0	0	0	0	0	0	0	0	
0	0	0	0	0	0	0	0	0	0	0	0	0	0	0	0	0	0	0	0	0	0	0	0	0	0	0	0	0	0	0	0	0	0	0	0	0	0	0	0	0	0	0	0	0	0	0	0	0	0	0	0	0	0	0	2.7058	0	0	9.93824	0	0	0	0	0	8.53745	0	0	0	0	0	0	4.84388	0	6.0646	0	0	7.03022	0	0	0	6.2379	6.82743	5.04895	7.8102	0	0	0	7.76395	8.79992	0	10.29845	9.67026	9.13327	0	0	0	0	0	0	0	
0	0	0	0	0	0	0	0	0	0	0	0	0	0	0	0	0	0	0	0	0	0	0	0	0	0	0	0	0	0	0	0	0	0	0	0	0	0	0	0	0	0	0	0	0	0	0	0	0	0	0	0	0	0	0	0	0	0	0	0	0	0	0	0	0	0	0	0	0	0	0	0	0	0	0	0	0	0	0	0	0	0	0	0	0	0	0.85384	0	0	0	0	10.48528	0	0	0	0	0	0	0	0	
0	0	0	0	0	0	0	0	0	0	0	0	0	0	0	0	0	0	0	0	0	0	0	0	0	0	0	0	0	0	0	0	0	0	0	0	0	0	0	0	0	0	0	0	0	0	0	0	0	0	0	0	0	0	0	0	0	0	0	0	0	0	0	0	0	0	0	0	0	0	6.01047	0.34381	0	0	0	0	5.37037	0	0	8.11148	0	0	0	10.58343	0	0	0	0	0	0	7.64604	8.51534	0	0	0	0	0	0	0	0	
0	0	0	0	0	0	0	0	0	0	0	0	0	0	0	0	0	0	0	0	0	0	0	0	0	0	0	0	0	0	0	0	0	0	0	0	0	0	0	0	0	0	0	0	0	0	0	0	0	0	0	0	0	0	0	0	0	0	0	0.85384	0	0	0	0	0	0	0	0	0	0	7.54237	0	0	0	0	0	0	0	0	0	0	0	0	0	0	0	7.66221	0	0	0	0	0	0	0	0	0	0	0	0	0	
0	0	0	0	0	0	0	0	0	0	0	0	0	0	0	0	0	0	0	0	0	0	0	0	0	0	0	0	0	0	0	0	0	0	0	0	0	0	0	0	0	0	0	0	0	0	0	0	0	0	0	0	0	0	0	0	0	0	0	0	0	0	0	0	0	0	0	0	0	8.92221	1.65668	0	0	0	0	0	0	0	6.92552	0	0	0	0	0	0	0	0	0	10.81786	3.34335	0	0	0	0	0	0	0	0	0	0	
0	0	0	0	0	0	0	0	0	0	0	0	0	0	0	0	0	0	0	0	0	0	0	0	0	0	0	0	0	0	0	0	0	0	0	0	0	0	0	0	0	0	0	0	0	0	0	0	0	0	0	0	0	0	0	0	0	0	0	0	0	0	0	0	0	0	0	0	0	0	0	0	0	0	0	0	0	0	0	0	0	0	0	0	0	0	4.25021	0	0	0	0	0	0	0	0	0	0	0	0	0	
0	0	0	0	0	0	0	0	0	0	0	0	0	0	0	0	0	0	0	0	0	0	0	0	0	0	0	0	0	0	0	0	0	0	0	0	0	0	0	0	0	0	0	0	0	0	0	0	0	0	0	0	0	0	0	0	0	0	6.6559	0	0	0	0	0	0	0	0	0	0	0	0	0	0	0	0	6.47133	0	0	0	0	0	0	0	0	0	0	0	0	0	0	0	0	0	0	0	0	0	0	0	0	
0	0	0	0	0	0	0	0	0	0	0	0	0	0	0	0	0	0	0	0	0	0	0	0	0	0	0	0	0	0	0	0	6.70882	0	0	0	0	0	0	0	0	0	0	0	0	0	0	0	0	0	0	0	0	0	0	0	0	0	0	0	0	0	0	0	0	0	0	0	0	0	0	0	0	0	0	6.98496	0	0	0	0	1.38659	0	0	0	0	0	0	0	0	0	0	0	0	0	0	0	0	0	0	0	
0	0	0	0	0	0	0	0	0	0	0	0	0	0	0	0	0	0	0	0	0	0	0	0	0	0	0	0	0	0	0	0	0	0	0	0	0	0	0	0	0	0	0	0	0	0	0	0	0	0	0	0	0	0	0	0	0	0	0	0	0	0	0	0	0	0	0	0	0	0	0	0	0	0	0	0	0	0	0	0	0	0	0	0	0	0	0	0	0	0	0	0	0	0	0	0	0	0	0	0	
0	0	0	0	0	0	0	0	0	0	0	0	0	0	0	0	0	0	0	0	0	0	0	0	0	0	0	0	0	0	0	0	0	0	0	0	0	0	0	0	0	0	0	0	0	0	0	0	0	0	0	0	0	0	0	0	0	0	0	0	0	0	0	0	0	0	0	0	0	0	0	0	0	0	0	0	0	0	0	0	0	0	0	0	0	0	0	0	0	0	0	0	0	0	0	0	0	0	0	0	
0	0	0	0	0	0	0	0	0	0	0	0	0	0	0	0	0	0	0	0	0	0	0	0	0	0	0	0	0	0	0	0	0	0	0	0	0	0	0	0	0	0	0	0	0	0	0	0	0	0	0	0	0	0	0	0	0	0	0	0	0	0	0	0	0	0	0	0	0	0	0	0	0	0	0	0	0	0	0	0	0	0	0	0	0	0	0	0	0	0	0	0	0	0	0	0	0	0	0	0	
0	0	0	0	0	0	0	0	0	0	0	0	0	0	0	0	0	0	0	0	0	0	0	0	0	0	0	0	0	0	0	0	0	0	0	0	0	0	0	0	0	0	0	0	0	0	0	0	0	0	0	0	0	0	0	0	0	0	0	0	0	0	0	0	0	0	0	0	0	0	0	0	0	0	0	0	0	0	0	0	0	0	0	0	0	0	0	0	0	0	0	0	0	0	0	0	0	0	0	0	
0	0	0	0	0	0	0	0	0	0	0	0	0	0	0	0	0	0	0	0	0	0	0	0	0	0	0	0	0	0	0	0	0	0	0	0	0	0	0	0	0	0	0	0	0	0	0	0	0	0	0	0	0	0	0	0	0	0	0	0	0	0	0	0	0	0	0	0	0	0	0	0	0	0	0	0	0	0	0	0	0	0	0	0	0	0	0	0	0	0	0	0	0	0	0	0	0	0	0	0	
0	0	0	0	0	0	0	0	0	0	0	0	0	0	0	0	0	0	0	0	0	0	0	0	0	0	0	0	0	0	0	0	0	0	0	0	0	0	0	0	0	0	0	0	0	0	0	10.83496	0	0	0	0	0	0	0	0	0	0	0	0	0	0	0	0	0	0	0	0	0	0	0	0	0	0	9.58584	0	0	0	0	0	0	0	0	0	0	0	0	0	0	0	0	0	0	0	0	0	0	0	0	0	
