0	0	0	0	0	0	0	0	0	0	0	0	0	0	0	0	0	0	0	0	0	0	0	0	0	0	0	0	0	0	0	0	0	0	0	0	0	0	0	0	0	0	0	0	0	0	0	0	0	0	0	9.36002	0	0	0	0	0	0	0	0	0	0	0	0	0	0	0	0	0	0	0	0	0	0	0	0	0	0	0	0	0	0	0	0	0	0	0	0	0	0	0	0	0	0	0	0	0	0	0	0	
0	0	0	0	0	0	0	0	0	0	0	0	0	0	0	0	0	0	0	0	0	0	0	0	0	0	0	0	0	0	0	0	0	0	0	0	0	0	0	0	0	0	0	0	0	0	0	14.91827	0	0	0	0	0	0	0	0	0	0	0	0	0	0	0	12.89563	0	0	0	0	0	0	0	0	0	0	0	0	0	0	0	0	0	0	0	0	0	0	0	0	0	0	0	0	0	0	0	0	0	0	0	0	
0	0	0	0	0	0	0	0	0	0	0	0	0	0	0	0	0	0	0	0	0	0	0	0	0	0	0	0	0	0	0	0	0	0	0	0	0	0	0	0	0	0	0	0	0	0	0	0	0	0	0	0	0	0	9.96855	0	0	0	0	0	0	0	0	0	0	0	0	0	0	0	0	0	0	0	0	0	0	0	0	0	0	0	0	0	0	0	0	0	0	0	0	0	0	0	0	0	0	0	0	0	
0	0	0	0	0	0	0	0	0	0	0	0	0	0	0	0	0	0	0	0	0	0	0	0	0	0	0	0	0	0	0	0	0	0	0	0	0	0	0	0	0	0	0	0	0	0	12.7266	8.91718	0	0	0	0	0	0	0	0	0	0	0	0	0	0	0	0	0	0	0	0	0	0	0	0	0	0	0	0	0	0	0	0	0	0	0	0	0	0	0	0	0	0	0	0	0	0	0	0	0	0	0	0	
0	0	0	0	0	0	0	0	0	0	0	0	0	0	0	0	0	0	0	0	0	0	0	0	0	0	0	0	0	0	0	0	0	0	0	0	0	7.09495	0	0	0	0	0	13.04618	0	0	0	0	0	0	0	0	0	0	0	0	0	0	0	0	0	0	0	0	0	0	0	0	0	0	0	0	0	0	0	0	0	0	0	0	0	0	0	0	0	0	0	0	0	0	0	0	0	0	0	0	0	0	0	0	
0	0	0	0	0	0	0	0	0	0	0	0	0	0	0	0	0	0	0	0	0	0	0	0	0	0	0	0	0	0	0	0	0	0	0	0	0	0	0	0	0	0	0	0	0	0	0	0	0	0	0	0	0	0	0	0	0	0	0	0	0	0	0	0	0	0	0	0	0	0	0	0	7.8649	0	0	0	0	0	0	0	0	0	0	0	0	0	0	0	0	0	0	0	0	0	0	0	0	0	0	0	
0	0	0	0	0	0	0	0	0	0	0	0	0	0	0	0	0	0	0	0	0	0	0	0	0	0	0	0	0	0	0	0	0	0	0	0	0	0	0	0	0	0	0	0	0	0	0	0	0	0	0	0	0	0	0	0	0	0	0	0	0	0	0	0	0	0	0	0	0	0	0	0	0	0	10.12311	0	0	0	0	0	0	0	0	0	0	0	0	0	0	0	0	0	0	0	0	0	0	0	0	0	
0	0	0	0	0	0	0	0	0	0	0	0	0	0	0	0	0	0	0	0	0	0	0	0	0	0	0	0	0	0	0	0	0	0	0	0	0	0	0	0	0	0	0	0	0	0	0	0	0	0	0	8.75455	0	0	0	12.32214	0	0	9.61401	0	0	0	0	0	0	0	0	0	0	0	0	0	0	0	0	0	0	0	0	0	0	0	0	0	0	0	0	0	0	0	0	0	0	0	0	0	0	0	0	0	
0	0	0	0	0	0	0	0	0	0	0	0	0	0	0	0	0	0	0	0	0	0	0	0	0	0	0	0	0	0	0	0	0	0	0	0	0	0	0	0	0	0	0	0	0	0	0	0	0	0	0	0	0	0	0	0	0	0	0	0	0	0	0	0	0	0	0	6.64573	0	0	0	0	0	0	0	0	0	0	0	0	0	0	0	0	0	0	0	0	0	0	0	0	0	0	0	0	0	0	0	0	
0	0	0	0	0	0	0	0	0	0	0	0	0	0	0	0	0	0	0	0	0	0	0	0	0	0	0	0	0	0	0	0	0	0	0	0	0	0	0	0	0	0	0	0	0	0	0	0	0	0	0	0	0	0	0	8.99104	0	0	0	0	0	0	0	0	0	0	0	0	0	0	0	0	0	0	0	0	0	0	0	0	0	0	0	0	0	0	0	0	0	0	0	0	0	0	0	0	0	0	0	0	
0	0	0	0	0	0	0	0	0	0	0	0	0	0	0	0	0	0	0	0	0	0	0	0	0	0	0	0	0	0	0	0	0	0	0	0	0	0	0	0	0	0	0	0	0	0	0	0	0	0	0	0	0	0	0	0	0	0	0	0	0	0	0	0	0	0	0	10.74076	0	0	0	0	0	0	0	0	0	0	0	0	0	0	0	0	0	0	0	0	0	0	0	0	0	0	0	0	0	0	0	0	
0	0	0	0	0	0	0	0	0	0	0	0	0	0	0	0	0	0	0	0	0	0	0	0	0	0	0	0	0	0	0	0	0	0	0	0	0	0	0	0	0	0	0	0	0	0	0	0	0	0	0	0	4.08454	0	0	0	4.70579	0	0	0	0	0	0	0	0	0	0	0	0	0	0	5.31055	0	0	0	0	0	0	0	0	0	0	0	0	0	0	0	0	0	0	0	0	0	0	0	0	0	0	0	0	
0	0	0	0	0	0	0	0	0	0	0	0	0	0	0	0	0	0	0	0	0	0	0	0	0	0	0	0	0	0	0	0	0	0	0	0	0	0	0	0	0	0	0	0	0	0	0	0	9.9282	0	0	0	12.70381	0	0	0	0	0	0	0	0	0	0	0	0	0	0	6.14981	0	0	0	0	0	0	0	0	0	0	0	0	0	0	0	0	0	0	0	0	0	0	0	0	0	0	0	0	0	0	0	0	
0	0	0	0	0	0	0	0	0	0	0	0	0	0	0	0	0	0	0	0	0	0	0	0	0	0	0	0	0	0	12.449	0	0	0	0	0	0	0	0	2.13004	0	0	0	0	0	0	0	9.42526	0	0	0	0	0	0	0	0	0	8.14704	6.33129	0	10.84511	0	0	12.03426	0	0	0	0	0	0	0	0	0	0	0	0	0	0	0	0	0	0	0	0	0	0	0	0	0	0	0	0	0	0	0	0	0	0	0	0	
0	0	0	0	0	0	0	0	0	0	0	0	0	0	0	0	0	0	0	0	0	0	0	0	0	0	0	0	0	0	0	0	0	0	0	0	0	0	0	0	0	0	0	0	0	0	0	0	0	0	0	0	0	0	6.13912	0	0	0	0	0	0	0	0	0	0	0	0	0	0	0	0	0	0	0	0	0	0	0	0	0	0	0	0	0	0	0	0	0	0	0	0	0	0	0	0	0	0	0	0	0	
0	0	0	0	0	0	0	0	0	0	0	0	0	0	0	0	0	0	0	0	0	0	0	0	0	0	0	0	0	0	0	0	0	0	0	0	0	0	0	0	0	0	15.2335	0	0	0	0	0	0	0	0	0	8.95222	0	0	0	0	0	0	13.73324	0	0	0	0	0	0	0	0	0	0	0	8.73655	0	0	0	0	0	0	0	0	0	0	0	0	0	0	0	0	0	0	0	0	0	0	0	0	0	0	0	0	
0	0	0	0	0	0	0	0	0	0	0	0	0	0	0	0	0	0	0	0	0	0	0	0	0	0	0	0	0	0	0	0	0	0	0	0	0	0	0	0	0	0	0	7.01709	0	0	0	9.79167	0	0	0	6.63518	0	0	0	0	0	0	5.17592	0	0	0	0	0	0	0	0	0	0	0	0	0	0	0	0	0	0	0	0	0	0	0	0	0	0	0	0	0	0	0	0	0	0	0	0	0	0	0	0	0	
0	0	0	0	0	0	0	0	0	0	0	0	0	0	0	0	0	0	0	0	0	0	0	0	0	0	0	0	0	0	0	0	0	0	0	0	0	0	0	0	0	0	10.52685	0	0	0	0	0	0	0	0	0	0	0	0	9.06403	0	0	0	0	0	0	0	0	0	0	2.02514	0	9.74367	0	0	0	0	0	0	0	0	0	0	0	0	0	0	0	0	0	0	0	0	0	0	0	0	0	0	0	0	0	0	0	
0	0	0	0	0	0	0	0	0	0	0	0	0	0	0	0	0	0	0	0	0	0	0	0	0	0	0	0	0	0	0	0	0	0	0	0	0	0	0	0	13.45634	0	0	0	0	0	0	0	0	0	0	0	0	0	0	0	0	0	0	0	0	0	0	0	0	0	0	0	0	0	0	0	0	0	0	0	0	0	0	0	0	0	0	0	0	0	0	0	0	0	0	0	0	0	0	0	0	0	0	0	
0	0	0	0	0	0	0	0	0	0	0	0	0	0	0	0	0	0	0	0	0	0	0	0	0	0	0	0	0	0	0	0	0	0	0	0	0	0	0	0	0	0	0	0	0	0	0	10.38533	0	0	7.30173	0	0	0	0	0	0	0	0	0	0	0	0	0	0	0	0	0	0	0	0	0	0	0	0	0	7.72116	0	0	0	0	0	0	0	0	0	0	0	0	0	0	0	0	0	0	0	0	0	0	0	
0	0	0	0	0	0	0	0	0	0	0	0	0	0	0	0	0	0	0	0	0	0	0	0	0	0	0	0	0	0	0	0	0	0	0	0	0	0	0	0	0	0	0	0	0	0	0	9.61119	0	0	9.7647	10.67807	0	0	0	0	7.67174	0	10.05687	0	10.20119	0	0	0	0	8.54706	0	0	0	0	0	0	0	0	0	0	0	0	0	0	0	0	0	0	0	0	0	0	0	0	0	0	0	0	0	0	0	0	0	0	
0	0	0	0	0	0	0	0	0	0	0	0	0	0	0	0	0	0	0	0	0	0	0	0	0	0	0	0	0	0	0	0	0	0	0	0	0	0	0	0	0	10.77958	0	0	0	0	0	0	0	0	0	0	0	0	0	0	0	0	0	0	0	0	0	0	0	0	0	0	0.94193	0	0	0	0	0	0	0	0	0	0	0	0	0	0	0	0	0	0	0	0	0	0	0	0	0	0	0	0	0	0	0	
0	0	0	0	0	0	0	0	0	0	0	0	0	0	0	0	0	0	0	0	0	0	0	0	0	0	0	0	0	0	0	1.50701	0	0	0	0	0	0	0	0	0	0	0	0	0	0	0	9.52061	0	0	0	0	0	0	0	0	0	0	0	0	0	0	0	2.77265	0	0	0	5.58423	0	0	0	0	0	0	0	0	0	0	0	0	0	0	0	0	0	0	0	0	0	0	0	0	0	0	0	0	0	0	0	0	
0	0	0	0	0	0	0	0	0	0	0	0	0	0	0	0	0	0	0	0	0	0	0	0	0	0	0	0	0	0	0	12.11586	0	0	0.69073	0	0	0	0	0	0	0	0	0	0	0	0	0	0	0	0	0	0	0	0	0	0	0	0	0	0	0	0	0	0	0	0	0	0	0	0	0	0	0	0	0	0	0	0	0	0	0	0	0	0	0	0	0	0	0	0	0	0	0	0	0	0	0	0	0	
0	0	0	0	0	0	0	0	0	0	0	0	0	0	0	0	0	0	0	0	0	0	0	0	0	0	0	0	0	0	0	0	0	0	0	0	0	0	0	0	0	0	0	9.70863	0	0	0	0	0	11.4169	0	0	0	0	9.88435	0	0	0	0	0	0	0	0	0	0	0	0	0	0	0	0	0	0	0	0	0	0	0	0	4.23216	0	0	0	0	0	0	0	0	0	0	0	0	0	0	0	0	0	0	0	0	
0	0	0	0	0	0	0	0	0	0	0	0	0	0	0	0	0	0	0	0	0	0	0	0	0	0	0	0	0	0	0	0	8.60395	0	0	0	0	0	0	0	0	0	0	0	0	0	0	5.80629	0	0	5.83773	2.2485	0	0	0	0	0	0	9.03308	0	0	0	0	0	0	0	0	0	0	0	5.46895	0	0	0	0	0	0	0	0	0	0	0	0	0	0	6.12669	0	0	0	0	0	0	0	0	0	0	0	0	0	0	
0	0	0	0	0	0	0	0	0	0	0	0	0	0	0	0	0	0	0	0	0	0	0	0	0	0	0	0	0	0	0	0	0	0	0	0	0	0	0	11.37315	0	0	0	0	15.42616	0	7.78882	0	0	0	0	0	0	0	0	0	0	0	0	0	0	0	0	0	0	0	0	0	0	2.02514	0	0	0	0	0	0	0	0	0	0	0	0	0	0	0	0	0	0	0	0	0	0	0	0	0	0	0	0	0	0	
0	0	0	0	0	0	0	0	0	0	0	0	0	0	0	0	0	0	0	0	0	0	0	0	0	0	0	0	0	0	0	0	0	0	0	11.59341	0	0	0	0	0	0	0	0	0	0	0	7.94617	0	0	0	0	0	6.24283	0	0	0	0	0	0	9.27607	0	0	0	0	0	0	0	0	0	0	0	0	0	0	0	0	0	0	0	0	0	0	0	0	0	0	0	0	0	0	0	0	0	9.06651	0	0	0	0	0	
0	0	0	0	0	0	0	0	0	0	0	0	0	0	0	0	0	0	0	0	0	0	0	0	0	0	0	0	0	0	0	0	0	0	0	0	0	0	0	0	0	14.15367	0	0	0	0	0	0	0	0	0	0	0.94193	0	0	0	0	0	0	0	0	0	0	0	0	0	0	1.50701	0	0	0	4.65852	0	0	0	0	0	0	0	0	0	0	0	0	0	0	0	0	0	0	0	0	0	0	0	0	0	0	0	0	
0	0	0	0	0	0	0	0	0	0	0	0	0	0	0	0	0	0	0	0	0	0	0	0	0	0	0	0	0	0	0	0	0	0	0	0	0	0	0	0	8.39483	0	0	0	10.3248	0	0	8.7684	0	0	0.69073	12.00589	0	0	0	11.11009	0	0	8.10905	0	5.52775	0	0	0	0	0	0	0	2.22786	0	0	0	0	0	0	0	0	0	0	0	0	0	0	0	0	0	0	0	0	0	0	0	0	0	0	7.35244	0	0	0	0	
0	0	0	0	0	0	0	0	0	0	0	0	0	0	0	0	0	0	0	0	0	0	0	0	0	0	0	0	0	0	0	0	0	0	0	0	0	0	0	0	0	0	0	0	15.46281	0	0	0	0	0	0	0	6.81317	0	0	0	0	7.99039	0	0	0	5.18224	0	0	0	0	0	0	0	0	0	0	0	0	0	0	0	0	0	0	0	0	0	0	0	0	0	0	0	0	0	0	0	0	0	0	0	0	0	0	
0	0	0	0	0	0	0	0	0	0	0	0	0	0	0	0	0	0	0	0	0	0	0	0	0	0	0	0	0	0	0	0	0	0	0	0	0	0	0	0	0	0	0	11.14669	0	0	14.14967	0	0	0	8.25683	0	0	0	0	0	0	0	0	7.84385	0	0	0	0	8.91508	0	0	8.36826	0	0	0	0	9.23769	0	0	0	6.47266	0	0	0	0	0	0	0	0	0	0	0	0	0	0	0	0	0	0	0	0	0	0	0	
0	0	0	0	0	0	0	0	0	0	0	0	0	0	0	0	0	0	0	0	0	0	0	0	0	0	0	0	0	0	0	0	0	0	0	0	0	0	0	0	0	0	0	0	5.52669	0.69073	0	11.4169	0	0	0	15.5734	7.37929	0	0	9.12241	0	0	7.67205	0	0	0	0	0	0	0	3.82805	12.79145	0	0	0	0	0	12.30228	0	0	0	0	0	0	0	0	0	0	0	0	0	0	0	0	0	0	0	0	0	0	0	0	0	0	
0	0	0	0	0	0	0	0	0	0	0	0	0	0	0	0	0	0	0	0	0	0	0	0	0	0	0	0	0	0	0	0	0	0	0	0	0	16.46345	0	0	0	0	0	0	0	0	0	0	11.1759	0	0	5.86704	0	0	5.79037	0	8.32334	0	0	2.48684	0	6.58305	0	0	0	0	0	0	0	0	0	0	0	0	6.87084	2.56377	0	0	0	0	0	0	0	0	0	0	0	0	0	0	0	0	0	0	0	0	0	0	0	0	
0	0	0	0	0	0	0	0	0	0	0	0	0	0	0	0	0	0	0	0	0	0	0	0	0	0	0	0	0	0	0	0	0	0	0	0	0	0	0	0	0	0	14.08531	0	0	11.17014	0	12.00512	0	0	7.92446	0	10.80431	0	10.62745	0	0	0	0	0	0	0	0	9.13744	0	0	0	6.92675	0	0	8.57753	0	0	0	0	0	0	0	2.40556	0	0	0	0	0	0	0	0	0	0	0	0	0	0	0	0	0	0	0	0	0	
0	0	0	0	0	0	0	0	0	0	0	0	0	0	0	0	0	0	0	0	0	0	0	0	0	0	0	0	0	0	0	0	0	0	0	0	0	0	0	0	0	0	0	0	0	0	0	8.54469	9.30506	0	0	12.65361	0	0	0	0	0	0	0	0	0	0	0	0	0.69073	0	0	0	0	0	0	0	0	0	0	0	0	0	0	0	0	0	0	0	0	0	0	0	0	0	8.64325	0	0	0	0	0	0	0	0	0	
0	0	0	0	0	0	0	0	0	0	0	0	0	0	0	0	0	0	0	0	0	0	0	0	0	0	0	0	0	0	0	0	0	0	0	0	0	0	0	0	0	0	0	0	0	0	0	12.69942	0	0	0	0	9.69854	0	0	0	0	0	11.18272	10.45388	0	0	0	0	0	0	0	0	0	0	0	0	0	0	0	0	0	0	0	0	0	0	0	0	0	0	0	0	0	0	0	0	0	0	0	0	0	0	9.5981	0	
0	0	0	0	0	0	0	0	0	0	0	0	0	0	0	0	0	0	0	0	0	0	0	0	0	0	0	0	0	0	0	0	0	0	0	0	0	0	0	0	0	0	8.03329	0	0	0	0	0	0	9.03384	0	8.90032	0	9.44128	0	0	0	0	0	0	0	0	0	0	13.23067	0	0	0	0	0	0	0	0	0	0	0	12.5984	0	0	0	0	0	0	0	0	0	0	0	0	0	0	0	0	0	0	0	0	0	0	0	
0	0	0	0	0	0	0	0	0	0	0	0	11.42385	0	0	0	0	0	0	0	0	0	0	0	0	0	0	0	0	0	11.20715	0	0	0	0	0	0	0	0	0	0	0	7.88835	0	0	0	0	13.87258	0	0	14.00099	0	0	7.44177	1.78919	0	10.41511	0	0	0	0	0	0	9.43233	9.76623	9.47279	0	0	0	0	0	0	0	0	0	0	0	0	0	0	0	0	0	0	0	0	0	0	0	0	0	0	0	0	0	0	0	0	0	0	
0	0	0	0	0	0	0	0	0	0	0	0	0	0	0	0	0	0	0	0	0	0	0	0	0	0	0	0	0	0	0	0	0	0	0	0	0	0	0	0	0	0	0	0	0	11.22024	4.45142	0	2.22786	13.03667	2.40556	8.7578	10.27104	0	10.61677	6.22355	0	0	0	0	12.4467	0	0	0	0	0	0	0	0	6.01665	0	0	0	0	0	0	5.52514	0	0	0	0	0	0	0	0	0	0	0	0	0	0	0	0	0	0	0	0	0	0	0	
0	0	0	0	0	0	0	0	0	0	0	0	0	0	0	9.9944	0	0	0	0	0	0	0	0	0	0	0	0	0	0	0	0	0	0	0	4.91494	11.3251	0	0	0	0	0	0	1.912	0	10.98279	8.2194	8.84649	1.65499	9.22516	0	0	4.54926	0	11.87155	0	0	0	0	5.81418	0	8.94953	0	6.7238	0	9.05323	0	0	11.61489	0	6.69416	0	0	0	0	9.58414	0	5.02787	0	2.22786	0	0	0	0	0	0	0	0	0	0	9.97032	0	0	0	0	0	0	0	0	0	
0	0	0	0	0	0	0	0	0	0	0	0	0	0	0	0	0	0	0	0	0	0	0	0	0	0	10.5923	0	0	0	0	3.39479	0	0	4.8396	0	0	0	0	0	12.6655	0	0	0	0	0	0	0	9.61897	10.00909	2.13004	9.95924	8.23347	0	11.33747	0	8.45033	0	4.52868	0	3.26257	7.42897	0	0	0	6.76918	0	0	0	0	0	0	0	9.32592	0	0	0	0	0	0	0	0	0	0	0	0	0	0	0	0	0	0	0	0	0	0	0.94193	0	0	0	
0	0	0	0	0	0	0	0	0	0	0	0	0	0	0	0	0	0	0	12.25802	0	0	0	0	0	0	0	0	0	0	0	0	0	0	0	0	0	0	0	0	0	0	0	12.92697	0	0	12.03066	11.8712	10.64747	0	7.37929	9.80334	10.24747	0	0	0	12.76319	0	0	7.54419	7.92348	0	0	12.04247	0	7.56618	0	9.5587	0	0	0	0	0	0	0	0	0	0	0	0	0	0	0	0	0	0	0	0	0	0	7.63763	0	0	0	0	0	0	0	0	0	
0	0	0	0	0	0	0	0	0	0	0	0	7.64132	0	0	0	0	0	0	9.77788	0	0	0	0	0	0	0	0	0	0	0	0	0	9.31666	0	0	0	0	0	0	0	10.00522	14.21449	0	8.9025	0	0	3.45422	11.21481	0	3.59133	7.45387	7.7256	3.12158	10.0902	7.28871	5.99039	4.94066	7.97878	0	0	0	0	0	4.8396	0	0	0	0	0	0	0	0	0	0	0	0	0	12.52522	3.55411	0	0	0	0	0	0	0	0	0	0	0	0	0	0	0	0	0	0	0	0	
0	0	0	0	0	0	0	0	0	0	0	0	0	0	0	0	0	0	0	0	0	0	0	14.05996	0	0	0	0	0	0	0	0	0	0	0	0	0	0	11.78972	0	0	0	8.58215	10.09463	4.0582	0	10.81689	6.02647	0	8.26441	10.80827	7.44938	0	0	0	0	0	7.26976	13.62777	11.3683	11.94563	0	0	0	9.77131	0	0	0	0	0	0	0	0	0	0	0	0	0	0	0	0	0	0	0	0	0	0	0	0	0	0	0	0	0	0	0	0	0	0	0	
0	0	8.39087	0	0	0	0	0	0	0	0	0	0	0	0	0	0	0	0	0	0	0	0	0	0	0	0	0	0	0	0	0	0	0	0	0	0	0	0	0	10.72155	0	0	0	0	9.8806	0	7.77018	9.7385	11.26075	0	9.87495	10.34571	9.47836	5.98476	10.38235	0	0	4.20952	0.38626	8.62568	0	9.68569	10.83471	0	0	0	0	0	0	0	6.92589	0	0	0	0	5.27668	0	0	0	0	0	0	0	0	0	0	0	0	0	0	0	0	0	0	0	0	0	0	0	
0	0	0	0	0	0	0	0	0	0	0	10.14401	0	0	0	0	0	0	0	0	0	0	0	0	0	0	0	0	0	0	0	0	7.44432	0	0	0	0	9.63526	14.84424	6.18067	10.20344	9.09281	0	0	11.97585	7.7322	11.60169	7.76699	10.28746	0	10.60174	0	5.4586	7.31826	0	10.9402	5.03538	12.5035	0	0	0	0	0	0	0	0	0	6.81317	0	0	0	0	11.5465	0	0	11.38992	0	0	12.30639	0	0	0	0	0	0	0	0	0	0	0	0	0	0	0	0	8.63035	0	0	0	0	
0	0	0	0	0	0	0	0	0	0	0	0	0	0	0	0	0	0	0	0	0	0	0	0	0	0	0	0	0	0	0	0	0	0	7.46201	7.34856	0	0	0	10.21243	0	13.60509	0	10.96989	14.46104	10.80221	7.14558	8.36737	9.30291	10.59028	10.72523	9.54394	4.23326	9.04187	0	0	7.65902	0	0	5.7135	8.27839	0	0.94193	0	0	0	0	0	0	0	0	0	0	0	0	0	0	0	4.62301	0	0	0	0	0	0	0	0	8.94145	0	0	0	0	0	0	0	0	0	0	0	0	
0	0	0	0	0	0	0	0	10.52054	0	9.5918	0	0	0	0	0	0	0	0	0	0	0	0	0	0	0	10.82766	0	0	0	0	0	0	0	0	5.41806	0	13.74054	12.52274	0	10.48189	9.42719	0	10.47333	6.88613	11.25888	9.16922	8.00936	9.38695	9.89234	0	7.40793	0	0	0	0	9.52895	3.66303	0	0	0	0	5.09421	0	0	0	10.86062	0	0	0	0	0	0	0	0	0	0	0	0	0	0	0	0	0	0	0	0	0	0	0	0	0	0	10.77504	0	0	0	0	0	0	
0	0	0	0	0	0	0	0	0	0	0	11.94338	0	0	12.28285	0	0	0	0	0	0	0	0	0	0	0	0	0	0	0	0	10.49283	0	0	6.23461	0	10.67753	0	0	10.73569	2.40556	0	9.10612	10.95545	10.74422	8.52506	10.90319	9.11974	4.3256	9.9629	6.85616	9.72802	10.39982	9.54156	0	6.55506	10.24279	0	0	13.70101	9.72547	5.03786	0	11.51536	0	0	0	0	0	0	0	0	0	0.69073	0	8.20123	0	0	0	0	0	0	0	4.91494	0	0	0	0	0	0	0	0	0	0	0	0	0	0	0	0	
0	0	0	0	0	0	0	0	0	0	0	0	14.36916	0	0	0	0	0	0	0	0	0	0	0	0	0	0	0	0	10.38732	0	0	8.09939	0	4.77635	0	13.67469	0	13.35224	10.59431	10.90669	10.824	10.31323	8.46491	10.10672	5.6491	11.02199	10.63556	4.36807	8.94529	10.06205	11.6225	10.6043	8.97895	4.9684	7.88802	10.39497	0	0	7.24557	6.76511	0	0	0	0	0	0	0	0	0	0	0	0	9.98926	0	0	0	0	0	0	10.5403	0	0	0	0	0	0	0	0	0	0	0	0	0	0	0	0	0	0	0	
0	0	0	0	0	0	0	14.0544	0	0	0	10.84197	0	0	0	0	0	0	0	0	0	0	0	0	0	0	0	9.1523	0	0	5.9565	0	13.12847	0	0	0	9.53382	7.16453	9.6987	9.97019	10.44886	6.28097	0	10.39251	11.19407	10.08455	9.25546	9.5885	11.11586	11.66433	5.82714	9.75226	9.62075	9.55694	7.56594	5.04152	12.82785	4.96058	7.24833	9.63422	7.38868	11.97486	7.79083	0	10.16576	0	0	0	0	0	0	0	0	8.33436	0	0	0	0	0	0	0	0	0	0	0	0	0	0	0	0	0	0	0	0	0	0	0	0	0	0	
11.85096	0	0	0	0	0	0	0	8.5597	0	0	0	8.35209	0	0	0	0	0	0	0	0	0	0	0	10.03423	0	0	8.57288	0	0	0	0	17.90268	0	11.58699	9.46654	0	7.44177	10.5851	6.70223	8.59252	10.26891	7.0074	10.12174	11.81561	10.42495	9.05949	9.65209	7.85528	8.29943	10.74448	5.84164	11.72077	4.39624	10.4882	9.92039	10.45199	9.52908	0	11.09574	0.38626	2.48684	0	6.56508	0	8.70824	0	0	0	0	3.73131	0	0	0	0	0	0	0	0	0	0	0	5.08031	0	0	6.07845	0	0	0	0	0	0	0	0	0	0	0	0	0	0	
0	0	0	12.42946	0	0	0	0	0	0	0	0	0	0	0	0	0	0	8.77346	0	0	12.52394	0	4.67596	11.53069	7.5114	0	0	11.54472	7.7482	12.59131	0	11.89942	0	0	1.78919	0	9.97738	11.76789	9.83483	9.47899	4.54151	9.52794	9.62853	10.19185	10.24447	9.01663	8.86443	10.30546	7.38839	9.83368	7.76391	10.3205	8.32163	6.49981	10.23157	0	4.54358	4.72396	9.17328	0.38626	4.69318	9.94852	0	0	0	0	0	0	4.60493	0	0	5.51811	0	0.94193	8.69974	10.90107	3.31869	0	1.65499	0	0	0	0	0	0	0	0	0	0	0	0	0	0	0	0	0	0	0	0	
8.81142	0	0	0	12.56896	8.09303	0	0	0	0	0	0	0	0	0	0	0	9.31414	0	0	0	0	0	0	10.78812	0	9.96847	9.12657	0	13.15061	10.93946	0	0	0	11.43317	10.37736	6.86021	11.9658	11.38595	10.67476	9.14208	9.27901	10.13435	9.79656	9.74951	9.60279	10.27617	9.04848	9.55241	10.21749	5.13997	9.6683	9.21923	7.10482	9.16277	9.9119	9.53169	2.77215	3.95915	10.34617	8.56003	0	7.17127	9.20804	11.41219	10.54446	8.72266	0	0	0	0	0	0	0	6.77728	0	0	0	0	0	0	0	0	0	0	0	0	0	0	0	0	0	0	0	0	0	0	0	0	0	
0	0	0	0	0	0	0	0	8.30104	0	7.22795	0	0	0	0	0	8.20223	14.65109	11.20133	8.87601	11.67695	6.65519	0	0	0	14.75111	0	7.68933	8.80625	11.39765	0	10.93155	11.084	8.99094	10.13233	9.72704	7.64681	7.11983	10.16709	11.01884	9.9898	8.62138	4.68659	9.18675	9.89142	8.89726	9.26811	9.80457	8.69351	7.02857	8.47858	12.27106	6.73141	8.13854	6.01927	7.04698	5.25937	8.80649	0	11.26984	5.87348	6.5456	9.80766	0	7.39006	10.92473	5.19439	0	0	0	0	3.62762	0	0	8.78857	0	0	0	9.21178	0	0	0	0	0	0	5.19439	0	0	0	0	0	0	0	0	0	6.75284	0	0	0	0	
0	10.57643	0	0	5.25364	7.57318	0	0	0	0	0	0	0	0	8.22757	10.45072	0	10.90662	9.50066	0	4.34646	0	7.92892	0	0	0	0	0	10.50035	10.03508	7.49392	0	11.45873	4.55866	11.86504	8.21532	9.49362	10.45442	9.2145	9.76365	9.45293	8.17024	9.15121	8.82236	9.64632	7.76429	8.75606	9.67099	8.46112	8.29056	8.42483	8.89771	8.85941	7.7376	8.70423	6.51411	3.94771	8.69646	8.20599	8.00117	0	8.83632	0	11.78997	10.31564	2.31944	5.99273	11.60441	0	0	0	0	0	0	0	3.065	0	0	0	0	8.86718	0	0	0	0	0	0	0	0	0	0	0	0	0	0	0	0	0	0	0	
0	11.35466	8.95935	0	9.34315	0	0	0	0	0	10.1239	0	0	0	8.2741	9.75602	0	9.8265	0	0	6.57378	7.56852	10.22724	9.57395	10.89527	10.34128	0	5.35518	10.13773	8.14943	12.70241	10.30252	10.44797	11.40163	10.98839	4.81964	8.78179	8.90624	8.68878	9.1942	7.92403	8.9666	9.18122	7.86882	7.59051	7.47403	8.75539	8.05591	9.70083	8.71936	8.42928	8.94001	8.33953	8.10944	7.76798	6.71991	8.19768	9.03879	8.10109	8.32057	0	8.08228	10.89184	9.97683	2.22571	4.20952	0	0	0	5.13259	0	8.2721	0	4.7102	9.36608	0	8.16568	0	0.69073	0	0	0	0	4.61295	0	1.6974	0	0	0	0	0	0	0	0	0	0	0	0	0	0	
0	0	0	0	0	0	0	0	8.1749	0	10.42421	12.08673	0	0	0	0	0	0	11.17379	0	8.58792	0	0	0	0	13.42631	10.75627	0	3.065	10.44882	6.34397	8.62878	7.39779	8.79176	10.42308	10.78398	9.42421	8.41475	8.73657	9.73672	7.97972	8.55406	9.14161	9.09933	7.30493	8.67307	7.53598	7.73797	8.77522	9.83823	9.4684	9.3338	8.803	7.76075	6.81648	8.94107	8.52399	8.39709	8.72927	9.37157	9.89977	5.98679	10.81468	8.60187	0	11.16351	0	8.46702	0	0	0	0	0	0	0	0	0	0	0.94193	0	0	9.93591	0	0	0	0	0	8.5469	4.54926	10.70724	0	0	0	0	0	0	0	0	0	0	
0	0	0	0	0	0	0	0	11.52004	8.50622	5.56087	2.6368	0	12.19243	0	0	0	6.75694	6.66826	7.09598	0	0	0	8.11822	6.40109	10.13419	5.53731	9.63988	5.28179	10.98057	0	7.86398	8.85085	5.92687	4.51836	8.69073	9.7663	7.16232	9.19201	6.15969	9.10497	9.02917	8.98236	9.96498	6.66617	8.0771	8.4741	8.73632	6.76132	9.31334	8.62207	7.20001	7.55912	7.05854	8.23473	8.05139	7.58201	12.11963	9.37077	6.58155	6.15303	9.01233	8.15887	4.03136	3.5466	8.52111	8.79556	0	0	0	0	0	0	9.69907	8.30244	0	0	0	14.13854	0	0	0	0	0	0	0	0	0	7.64796	0	2.13004	0	0	0	0	0	0	0	0	0	
0	0	10.27776	8.43339	0	4.91494	0	2.6368	9.55282	0	0	0	0	0	0	0	0	9.12811	0	0	0	0	0	12.3922	0	8.75718	0	9.48654	7.09819	8.26334	0	8.69895	0	10.52114	6.17876	8.66306	8.45731	6.86268	4.57869	9.76579	8.80485	9.39859	8.52707	8.08084	7.84927	8.12474	7.10903	9.76553	8.65158	7.74523	8.77266	8.53111	8.88498	7.99691	7.65051	6.11153	8.09332	10.77382	7.70779	7.52137	9.11219	11.13432	4.54884	10.62801	5.89497	0	0	9.4363	0.94193	6.87486	1.93107	0	11.89209	0	2.84281	0	8.79831	0	0	0	0	0	6.13692	0	0	0	0	0	0	0	0	0	0	0	0	0	0	0	0	0	
0	0	0	0	0	0	0	0	0	0	9.87212	8.39219	9.15564	0	11.23019	0	0	6.77728	0	5.32167	0	0	0	0	0	0	8.79556	4.25662	8.70866	0	9.06568	8.00712	7.24119	9.09141	5.61046	8.86719	9.6219	8.15319	7.58063	8.13828	9.14104	5.88562	8.63026	7.00925	7.37357	8.16435	8.09773	6.90778	7.70764	6.55735	7.46445	9.7452	9.0392	7.48967	7.82349	7.0158	5.76925	8.18921	9.14262	7.01972	8.5148	6.19295	8.94672	6.4588	0.69073	5.77789	7.3084	4.7488	0	0	10.26053	0	5.6283	3.18882	0	12.20403	0	0	4.08454	0	0	0	0	0	0	0	0	0	6.12567	0	0	0	0	0	0	0	0	0	0	0	
0	0	0	0	0	0.69073	0	0	0	10.28025	0	0	8.26693	0	0	0	0	0	0	0	0	0	0	10.29217	0	0	9.1798	0	0	4.94548	7.51202	0	0	9.61121	8.33023	8.11065	6.94843	4.56805	4.41034	9.43681	5.51026	5.82984	4.1902	7.12542	9.95893	7.60871	6.60383	8.84766	10.0256	5.91857	7.14312	9.25936	7.21053	7.14769	8.48018	7.25357	7.41054	8.12513	5.14586	6.63834	7.5686	7.74064	4.00772	10.47386	7.19534	6.23526	7.73578	8.71141	6.59324	0	0	6.13728	0	9.07639	0	1.78919	11.47951	0	0	0	0	0	0	0	9.57505	0	0	6.22871	0	0	0	8.98406	0	0	0	0	6.67261	0	0	0	
0	0	0	0	0	0	0	0	0	0	0	10.81689	0	0	0	0	0	8.1064	13.35611	0	0	0	0	0	0	0	0	8.02991	0	0	0	0	6.9015	6.96161	7.15571	0	4.55362	9.49517	3.46338	4.82196	7.66518	8.79146	8.28068	3.42697	0	8.44851	6.1582	5.12968	6.87295	7.73377	8.22206	10.78192	8.60809	5.7668	7.7706	7.64786	6.87064	7.68193	7.2677	9.38878	5.925	6.50119	0	8.0768	8.75266	0	8.12656	5.2652	10.6942	9.37396	0	0	6.11188	5.37602	0	10.67265	0	8.98231	0	0	0	9.28691	0	0	0	0	0	0	0	0	0	0	0	0	0	0	0	0	0	0	
0	0	0	0	7.01406	0	0	0	0	0	9.0457	0	4.34646	0	0	11.94843	0	0	7.82834	0	5.97822	12.24457	0	0	0	7.97463	5.42838	0	0	11.46649	0	9.17553	10.55716	0	0	7.92446	10.367	9.91908	11.25777	10.61332	5.34604	9.42655	7.36241	8.1703	8.20231	6.93883	12.9821	6.80171	9.64143	8.45212	8.92971	7.00914	8.4829	8.89749	6.47084	7.45057	6.88952	8.55346	4.61345	7.33209	5.84233	8.29743	5.46761	5.47625	8.31661	0	8.95588	10.16035	0	0	9.06437	7.35244	7.87207	11.37407	7.62413	0	6.60331	0	0	0	6.38528	0	0	10.61196	0	2.02514	0	0	0	0.69073	0	0	0	0	0	0	0	0	0	0	
0	0	0	0	0	0	0	0	0	0	0	5.68238	5.40201	0	0	7.37129	0	0	0	3.79653	5.77427	0	0.69073	0	0	0	0	0	0	4.37035	5.77427	5.33644	0	0	0	7.9799	0	0	0	5.31055	4.84368	6.35046	5.5187	5.86523	8.91444	3.49787	5.90988	8.88155	7.25093	5.31833	0	0	7.6905	9.94941	11.06387	7.6079	8.16492	5.41159	6.51463	6.48893	7.47898	7.76835	8.7402	7.16742	5.8005	8.30244	7.70002	8.45869	3.117	9.31429	0	6.56438	8.1519	9.41232	11.74228	0	3.82805	0	6.05306	0	0	0	0	0	0	0	0	0	0	0	0	0	0	0	0	0	0	0	0	0	
0	0	0	9.44128	0	0	0	0	0	0	0	0	0	0	0	0	2.48684	0	0	0	0	0	8.20673	0	0	0	7.49667	9.55103	7.60765	7.9711	0	0	1.3421	0	0	11.47639	0	2.48684	0	2.79212	7.78979	0	3.73131	0	5.11973	12.05637	7.12573	6.10547	5.57375	6.55798	5.33997	6.46022	8.93293	8.74348	8.19684	7.89029	8.8615	7.40499	6.90996	8.92659	8.34847	7.80726	8.34344	9.68845	8.94424	8.18174	6.26881	5.88335	9.64116	9.79263	7.33903	9.54802	4.91654	4.94868	7.28709	0	12.46742	3.69757	5.89087	8.88166	0.57357	5.39719	6.55506	0	0	0.38626	0	0	0	0	0	0	0	0	0	0	0	13.46893	0	12.25249	
0	0	5.00369	0	0	0	0	0	0	0	0	0	0	0	0	0	0	0	0	0	8.92787	0	0	0	0	9.80586	0	9.26371	0	10.63471	0	10.70777	10.2365	0	10.10914	0	0	7.35989	6.27784	0	8.58677	0	0	9.33277	11.06676	10.39622	3.34816	4.63832	2.40556	7.51775	6.52651	10.00565	7.97474	8.87611	7.4092	9.1069	6.97684	5.76619	8.59576	7.8673	4.24608	6.5627	6.81591	2.95756	5.61345	8.58808	5.93275	0	8.99056	6.23894	4.85953	6.9879	8.5349	8.80541	6.10547	0	5.52995	0	6.03413	4.41034	0	6.26056	0	0	0	0	0	0	3.00999	0	0	0	0	0	0	0	6.4322	0	0	0	
0	0	0	0	2.77265	0	0	0	0	0	0	0	9.71181	0	0	0	0	0	0	0	7.87626	6.02613	0	0	0	0	0	7.82289	0	0	0	6.29226	10.75723	0	0	0	6.68127	0	6.2866	7.62795	0	0	3.94151	2.22786	6.93401	0	5.1469	9.40776	9.12955	6.77975	5.92768	6.14774	9.77939	5.11849	7.5765	6.86466	0	6.15001	5.81835	2.44859	8.08355	7.74403	8.2632	6.90964	6.67291	10.32762	7.90038	7.62597	7.01292	6.60672	8.4221	0	0	9.94971	0	8.60573	8.24957	6.02389	0	0	0	0	0	0	8.64325	1.3421	0	0	0	0	0	0	0	0	0	0	8.15328	0	0	0	
0	0	0	0	0	0	0	0	6.58305	0	0	0	3.4363	0	0	0	8.59137	2.95507	6.10547	0	0	0	0	0	7.25626	0	0	0	0	0	0	0	0	0	8.67069	7.90426	0	6.96979	0	0	0	0	2.83605	12.33523	0	9.65411	9.63255	8.581	0	5.51514	0	9.21253	9.96457	7.59289	0	8.38691	0	8.89831	0	4.62826	9.46993	9.05323	7.07915	6.88987	5.51146	7.2479	7.06823	6.67664	9.33829	6.41694	8.62801	2.39582	9.34773	8.93241	8.41124	4.89727	10.04718	9.8612	0	0	9.16239	10.18492	10.46312	0	3.41051	0.38626	7.17069	6.3693	3.117	0	4.23373	0	0	9.57781	0	0	0	0	0	0	
0	0	0	0	0	0	0	0	0	0	0	0	0	0	0	0	0	0	0	0	8.15384	0	0	0	0	0	0	0	0	4.32452	0	0	0	0	8.14078	0	0	0	0	0	8.82614	0	9.22812	8.11385	4.7855	0	0	6.7196	7.04551	5.68516	10.2409	0	0	1.38633	3.99791	7.67148	0	0	8.91162	9.06159	12.66027	6.3237	4.70931	6.06224	7.74551	6.98176	6.13797	6.57313	6.27788	6.13054	9.89918	7.14727	3.79623	5.77291	4.56524	0	3.65452	0	3.49781	0	0	0	3.91871	0	0	0	9.21138	0	0	0	0	0	0	0	0	0	0	0	0	0	
0	0	0	0	8.56588	0	0	0	0	0	0	6.98386	0	5.79037	0	0	0	0	0	0	0	0	0	0	0	0	0	0	0	0	0	0	0	0	0	0	0	0	0	7.87615	0	0	6.5217	0	5.45364	0	4.13268	8.07331	0	0	2.89679	0	0	0	10.47115	0	0	1.3421	0	7.89499	7.9094	1.96628	6.66446	7.89506	9.21985	0	4.99582	5.74984	9.9253	5.63971	7.21996	9.43692	8.68118	5.97939	0	0	6.45087	6.01247	9.17904	5.49865	4.34646	7.94078	2.83605	0	5.08118	0	4.18537	10.29225	0	5.83436	0	0	0	0	9.07392	0	0	0	0	0	
0	0	0	0	0	0	0	0	0	0	0	0	0	0	0	0	0	6.10912	0	0	0	7.77676	8.94953	0	0	0	9.88576	0	0	0	0	0	0	8.55383	7.22132	0	0	0	0	0	0	0	0	0	0	0	0	0	2.13004	0	7.87059	0	0	0	0	9.41729	8.44327	9.19066	5.86826	6.61051	0	7.51434	5.45189	0	8.10546	7.11918	8.52977	7.8845	6.66951	7.03715	7.65457	6.50214	6.71	6.81438	8.81725	7.40701	4.06095	0	8.40139	5.87209	0	0	7.13836	0	6.11188	8.63456	1.3421	2.95507	0	10.71245	0	0	0	0	0	0	9.04151	0	0	0	
0	0	0	0	0	0	0	0	7.20115	0	0	0	0	0	0	0	0	0	0	0	0	0	0	0	0	0	0	11.10748	0	0	0	0	0	0	0	0	0	0	0	10.62547	0	0	0	0	0	6.73632	0	8.65649	10.16961	0	0	10.74464	0	0	0	0	0	0	8.16827	0	9.9284	0	7.50631	9.82689	6.72718	6.29761	6.79545	0	0	6.00852	8.43797	3.21565	9.11975	7.69523	5.07926	10.04387	3.06404	0	0.94193	7.75143	6.2421	8.35904	10.22211	9.52391	6.40334	0	0	0	0	0	6.03291	0	11.57643	0	0	0	0	0	0	0	
0	0	0	0	0	0	0	0	0	0	0	0	0	10.33923	0	0	0	0	0	1.3421	0	0	0	0	0	2.76564	0	0	0	0	0	0	0	0	7.53069	0	0	6.63372	0	0	10.684	0	3.21565	8.94864	6.96625	0	0	0	0	0	6.03965	8.294	0	0	5.39719	0	0	0	0	7.03552	5.39941	0	8.31275	8.94594	6.42706	4.29379	9.28427	8.50622	0	4.72956	7.0831	0	5.97917	6.4598	9.37478	7.31097	6.26989	6.76492	7.31935	3.85634	0	7.19303	9.53322	3.87392	2.62824	0	0	7.51625	4.30483	0	8.66415	0	0	8.06507	0	0	0	0	4.60816	0	
0	0	0	0	0	0	0	8.27839	0	0	0	0	0	0	0	0	0	0	0	0	0	0	9.34239	0	0	0	0	0	10.39161	0	0	0	0	0	10.00104	0	0	2.13004	0	0	0	2.20929	0	0	0	0	10.08199	0	0	0	0	0	9.59638	0	0	0	5.02575	4.27961	0	5.92772	9.90227	0	0	6.91472	0	3.66303	0	8.01699	7.02652	9.86311	7.75916	6.85831	9.29311	6.2028	6.70694	7.59383	7.22421	4.92955	6.52353	6.52206	8.43457	8.0759	4.62579	0	4.55528	0	3.39479	5.18182	0	0	8.2157	7.46911	0	0	0	0	8.34801	0	0	0	
0	0	0	0	0	0	0	0	0	0	0	0	0	0	0	0	0	0	0	0	0	0	0	0	0	0	0	0	0	0	0	0	0	0	0	0	0	4.92168	0	0	0	0	0	0	0	0	0	0	0	2.13004	0	6.08093	0	4.56498	0	0	2.48684	7.21425	1.50701	0	1.50701	0	10.18948	12.09141	8.33298	6.91944	0	0	9.04829	7.40662	0	2.56377	6.14115	10.18248	7.76822	7.46715	0	4.53386	4.76094	8.38968	3.79512	9.18082	5.74153	1.78919	0	0	3.79032	0	0	0	0	0	6.08645	8.70728	9.64533	0	0	0	0	0	
0	0	0	0	0	0	0	10.01681	0	0	0	0	0	0	0	0	0	0	0	0	0	0	0	0	0	0	0	0	0	0	0	0	0	0	0	0	0	4.73734	0	6.27521	0	0	0	0	0	0	0	0	0	0	5.39046	0	0	8.57288	6.46687	0	0	6.78713	9.74005	11.6684	0	0	0	8.98165	9.08237	10.70087	0	0	8.13405	5.62266	9.10403	5.39275	4.85613	7.89117	2.95507	7.18179	6.03057	0	7.8908	8.46834	8.63119	9.15619	4.31576	5.71731	5.43734	0	0	3.00518	0	0	5.63859	0	0	0	0	2.02118	0	0	0	0	
0	0	0	0	0	0	0	0	0	0	0	0	0	0	0	0	0	0	0	0	0	0	0	0	0	9.89463	0	0	0	0	0	0	0	0	0	0	0	10.18644	0	0	0	0	0	0	9.60892	0	0	0	8.31362	0	0	0	0	0	0	0.94193	0	0	0	0	0	0	8.76032	0	0	5.82315	6.93525	5.89076	0	6.17931	1.86915	0	8.7266	0	8.70293	6.90561	3.94771	6.79131	4.89794	6.03798	4.57986	0	5.96107	0	8.94684	7.03417	0	0	0	0	9.76674	0	0	0	0	0	0	1.15581	0	0	
0	0	0	0	0	0	0	0	0	0	0	0	4.27961	0	0	0	0	0	0.69073	0	0	0	0	0	0	0	0	0	0	0	0	0	0	0	0	0	0	0	0	0	0	0	0	0	0	0	0	9.10321	0	0	3.308	0	9.18616	0	0	0	0	0	0	5.63778	0	0	0	6.22958	6.94843	9.78443	9.5262	0	9.91863	0	0	9.38938	0	0	0	2.4562	7.28218	9.01564	7.21766	4.55953	0	6.08584	5.64491	4.1295	6.62995	2.81756	5.47355	6.25215	6.09254	0	0	0	0	6.78131	0	0	0	0	0	0	
0	0	0	0	0	0	0	0	0	0	0	0	0	0	0	0	0	0	0	0	0	0	0	0	0	0	0	0	0	0	0	0	11.55844	0	0	0	0	0	0	0	5.65627	0	0	0	0	0	0	0	0	0	0	0	0	0	0	0	7.79983	0	0	0	8.33304	0	0	7.02261	0	7.8611	0	0	6.67947	0	0	0	9.82991	0	0	3.97613	0	0	4.89177	9.42162	8.84107	7.07538	9.953	0	8.07824	0	1.3421	0	0.38626	4.30224	6.07388	5.45503	5.93839	0	0	0	0	0	0	0	
0	0	0	0	0	0	0	2.86606	0	0	0	0	0	0	0	0	0	0	0	0	0	0	0	0	0	0	0	6.14356	0	0	0	0	0	0	0	0	0	0	0	0	0	0	0	0	0	0	0	0	0	0	0	0	0	0	0	0	0	1.15581	0	0	0	0	0	0	0	0	0	0	0	0	2.4956	4.55698	6.03918	2.31944	0	9.83865	9.14371	0	9.84443	5.33271	0	6.45754	0	8.53517	4.38936	8.07877	0	9.71022	0	6.03291	0	3.21565	0	0	0	9.79693	0	0	0	0	
0	0	0	0	0	0	0	0	0	0	0	0	0	0	0	0	0	0	0	0	6.98386	0	0	0	0	0	0	0	0	0	6.33679	0	0	0	0	0	0	0	0	0	0	0	0	0	0	0	0	0	0	0	0	0	0	0	0	0	0	0	0	13.29241	0	0	0	0	5.68238	7.18598	8.77549	5.8011	0	0	0	0	0	0	0	4.80832	5.65623	0	0	0	5.89592	0	0	0	6.78641	5.63859	7.81679	6.54333	8.63659	0	7.61445	5.69098	10.66939	2.70633	0	5.38664	0	0	0	0	
0	0	0	0	0	0	0	0	0	0	0	0	0	0	0	0	0	0	0	0	0	0	0	0	0	0	0	0	0	0	0	0	0	0	0	0	0	0	0	0	0	0	0	0	0	0	0	0	6.00559	0	0	0	0	0	0	0	0	0	0	0	0	0	0	0	0	0	0	0	0	7.17988	9.25954	9.9099	7.20835	0	10.89503	8.15639	0	9.70916	7.42897	0	0	8.51109	8.31084	0	4.4612	0	2.13004	0	0	6.41622	0	3.48169	8.71955	0	1.50701	0	0	0	0	0	
0	0	0	0	0	0	0	0	0	0	0	0	0	0	0	7.47668	0	0	0	0	0	0	0	0	0	0	0	0	0	0	0	0	0	0	6.28092	0	0	0	0	0	0	0	0	0	0	0	0	0	0	0	0	0	0	0	0	0	0	0	0	0	0	0	0	0	0	0	0	4.11041	0	0	0	0	0	6.84434	0	0	0	1.28189	0	0	0	3.47664	0	0	4.86597	0	5.37936	4.63627	6.44751	9.27355	10.55921	0	8.32195	0	0	0	0	0	0	0	
0	0	0	0	0	0	0	0	0	0	0	0	0	0	0	0	0	0	0	0	0	0	0	0	0	0	0	0	0	0	0	0	0	0	0	0	0	0	0	0	0	0	0	0	0	0	0	0	8.24666	6.41673	0	0	0	0	0	0	0	0	0	9.07145	0	0	0	0	0	6.46604	0	0	0	0	0	4.92955	0	0	0	0	0	11.4559	0	4.15385	8.90495	0	0	9.98613	0	0	0	0	0	0	0	0	0	0	0	0	0	0	0	0	
0	0	0	0	0	0	0	0	0	0	0	0	0	0	0	0	0	0	0	3.76429	0	0	0	0	0	0	0	0	0	0	0	0	0	0	0	0	0	0	0	0	0	0	0	0	0	0	0	0	0	0	0	0	0	0	0	2.03246	0	0	11.93888	0	0	0	0	0	8.53517	0	0	0	0	0	0	4.0582	0	7.01158	0	0	4.5866	0	0	0	3.32095	8.39709	6.31842	8.31309	0	0	0	7.43922	9.56183	0	9.28887	11.25469	8.93964	0	0	0	0	0	0	0	
0	0	0	0	0	0	0	0	0	0	0	0	0	0	0	0	0	0	0	0	0	0	0	0	0	0	0	0	0	0	0	0	0	0	0	0	0	0	0	0	0	0	0	0	0	0	0	0	0	0	0	0	0	0	0	0	0	0	0	0	0	0	0	0	0	0	0	0	0	0	0	0	0	0	0	0	0	0	0	0	0	0	0	0	0	0	0.69073	0	0	0	0	9.97297	0	0	0	0	0	0	0	0	
0	0	0	0	0	0	0	0	0	0	0	0	0	0	0	0	0	0	0	0	0	0	0	0	0	0	0	0	0	0	0	0	0	0	0	0	0	0	0	0	0	0	0	0	0	0	0	0	0	0	0	0	0	0	0	0	0	0	0	0	0	0	0	0	0	0	0	0	0	0	7.03007	1.50701	0	0	0	0	4.32452	0	0	7.94439	0	0	0	10.96695	0	0	0	0	0	0	7.72794	9.03308	0	0	0	0	0	0	0	0	
0	0	0	0	0	0	0	0	0	0	0	0	0	0	0	0	0	0	0	0	0	0	0	0	0	0	0	0	0	0	0	0	0	0	0	0	0	0	0	0	0	0	0	0	0	0	0	0	0	0	0	0	0	0	0	0	0	0	0	3.39479	0	0	0	0	0	0	0	0	0	0	7.82052	0	0	0	0	0	0	0	0	0	0	0	0	0	0	0	6.30912	0	0	0	0	0	0	0	0	0	0	0	0	0	
0	0	0	0	0	0	0	0	0	0	0	0	0	0	0	0	0	0	0	0	0	0	0	0	0	0	0	0	0	0	0	0	0	0	0	0	0	0	0	0	0	0	0	0	0	0	0	0	0	0	0	0	0	0	0	0	0	0	0	0	0	0	0	0	0	0	0	0	0	8.83683	1.50701	0	0	0	0	0	0	0	8.37228	0	0	0	0	0	0	0	0	0	10.96362	2.89679	0	0	0	0	0	0	0	0	0	0	
0	0	0	0	0	0	0	0	0	0	0	0	0	0	0	0	0	0	0	0	0	0	0	0	0	0	0	0	0	0	0	0	0	0	0	0	0	0	0	0	0	0	0	0	0	0	0	0	0	0	0	0	0	0	0	0	0	0	0	0	0	0	0	0	0	0	0	0	0	0	0	0	0	0	0	0	0	0	0	0	0	0	0	0	0	0	4.56805	0	0	0	0	0	0	0	0	0	0	0	0	0	
0	0	0	0	0	0	0	0	0	0	0	0	0	0	0	0	0	0	0	0	0	0	0	0	0	0	0	0	0	0	0	0	0	0	0	0	0	0	0	0	0	0	0	0	0	0	0	0	0	0	0	0	0	0	0	0	0	0	7.99387	0	0	0	0	0	0	0	0	0	0	0	0	0	0	0	0	6.36393	0	0	0	0	0	0	0	0	0	0	0	0	0	0	0	0	0	0	0	0	0	0	0	0	
0	0	0	0	0	0	0	0	0	0	0	0	0	0	0	0	0	0	0	0	0	0	0	0	0	0	0	0	0	0	0	0	8.08151	0	0	0	0	0	0	0	0	0	0	0	0	0	0	0	0	0	4.03136	0	0	0	0	0	0	0	0	0	0	0	5.91306	0	0	0	0	0	0	0	0	0	0	0	0	11.19586	0	0	0	0	1.65499	0	0	0	0	0	0	0	0	0	0	0	0	0	0	0	0	0	0	0	
0	0	0	0	0	0	0	0	0	0	0	0	0	0	0	0	0	0	0	0	0	0	0	0	0	0	0	0	0	0	0	0	0	0	0	0	0	0	0	0	0	0	0	0	0	0	0	0	0	0	0	0	0	0	0	0	0	0	0	0	0	0	0	0	0	0	0	0	0	0	0	0	0	0	0	0	0	0	0	0	0	0	0	0	0	0	0	0	0	0	0	0	0	0	0	0	0	0	0	0	
0	0	0	0	0	0	0	0	0	0	0	0	0	0	0	0	0	0	0	0	0	0	0	0	0	0	0	0	0	0	0	0	0	0	0	0	0	0	0	0	0	0	0	0	0	0	0	0	0	0	0	0	0	0	0	0	0	0	0	0	0	0	0	0	0	0	0	0	0	0	0	0	0	0	0	0	0	0	0	0	0	0	0	0	0	0	0	0	0	0	0	0	0	0	0	0	0	0	0	0	
0	0	0	0	0	0	0	0	0	0	0	0	0	0	0	0	0	0	0	0	0	0	0	0	0	0	0	0	0	0	0	0	0	0	0	0	0	0	0	0	0	0	0	0	0	0	0	0	0	0	0	0	0	0	0	0	0	0	0	0	0	0	0	0	0	0	0	0	0	0	0	0	0	0	0	0	0	0	0	0	0	0	0	0	0	0	0	0	0	0	0	0	0	0	0	0	0	0	0	0	
0	0	0	0	0	0	0	0	0	0	0	0	0	0	0	0	0	0	0	0	0	0	0	0	0	0	0	0	0	0	0	0	0	0	0	0	0	0	0	0	0	0	0	0	0	0	0	0	0	0	0	0	0	0	0	0	0	0	0	0	0	0	0	0	0	0	0	0	0	0	0	0	0	0	0	0	0	0	0	0	0	0	0	0	0	0	0	0	0	0	0	0	0	0	0	0	0	0	0	0	
0	0	0	0	0	0	0	0	0	0	0	0	0	0	0	0	0	0	0	0	0	0	0	0	0	0	0	0	0	0	0	0	0	0	0	0	0	0	0	0	0	0	0	0	0	0	0	0	0	0	0	0	0	0	0	0	0	0	0	0	0	0	0	0	0	0	0	0	0	0	0	0	0	0	0	0	0	0	0	0	0	0	0	0	0	0	0	0	0	0	0	0	0	0	0	0	0	0	0	0	
0	0	0	0	0	0	0	0	0	0	0	0	0	0	0	0	0	0	0	0	0	0	0	0	0	0	0	0	0	0	0	0	0	0	0	0	0	0	0	0	0	0	0	0	0	0	0	11.52065	0	0	0	0	0	0	0	0	0	0	0	0	0	0	0	0	0	0	0	0	0	0	0	0	0	0	10.64027	0	0	0	0	0	0	0	0	0	0	0	0	0	0	0	0	0	0	0	0	0	0	0	0	0	
