0	0	0	0	0	0	0	0	0	0	0	0	0	0	0	0	0	0	0	0	0	0	0	0	0	0	0	0	0	0	0	0	0	0	0	0	0	0	0	0	0	0	0	0	0	0	0	0	0	0	0	8.45054	0	0	0	0	0	0	0	0	0	0	0	0	0	0	0	0	0	0	0	0	0	0	0	0	0	0	0	0	0	0	0	0	0	0	0	0	0	0	0	0	0	0	0	0	0	0	0	0	
0	0	0	0	0	0	0	0	0	0	0	0	0	0	0	0	0	0	0	0	0	0	0	0	0	0	0	0	0	0	0	0	0	0	0	0	0	0	0	0	0	0	0	0	0	0	0	12.61464	0	0	0	0	0	0	0	0	0	0	0	0	0	0	0	7.49575	0	0	0	0	0	0	0	0	0	0	0	0	0	0	0	0	0	0	0	0	0	0	0	0	0	0	0	0	0	0	0	0	0	0	0	0	
0	0	0	0	0	0	0	0	0	0	0	0	0	0	0	0	0	0	0	0	0	0	0	0	0	0	0	0	0	0	0	0	0	0	0	0	0	0	0	0	0	0	0	0	0	0	0	0	0	0	0	0	0	0	9.47652	0	0	0	0	0	0	0	0	0	0	0	0	0	0	0	0	0	0	0	0	0	0	0	0	0	0	0	0	0	0	0	0	0	0	0	0	0	0	0	0	0	0	0	0	0	
0	0	0	0	0	0	0	0	0	0	0	0	0	0	0	0	0	0	0	0	0	0	0	0	0	0	0	0	0	0	0	0	0	0	0	0	0	0	0	0	0	0	0	0	0	0	12.07662	10.97517	0	0	0	0	0	0	0	0	0	0	0	0	0	0	0	0	0	0	0	0	0	0	0	0	0	0	0	0	0	0	0	0	0	0	0	0	0	0	0	0	0	0	0	0	0	0	0	0	0	0	0	0	
0	0	0	0	0	0	0	0	0	0	0	0	0	0	0	0	0	0	0	0	0	0	0	0	0	0	0	0	0	0	0	0	0	0	0	0	0	9.58579	0	0	0	0	0	11.42925	0	0	0	0	0	0	0	0	0	0	0	0	0	0	0	0	0	0	0	0	0	0	0	0	0	0	0	0	0	0	0	0	0	0	0	0	0	0	0	0	0	0	0	0	0	0	0	0	0	0	0	0	0	0	0	0	
0	0	0	0	0	0	0	0	0	0	0	0	0	0	0	0	0	0	0	0	0	0	0	0	0	0	0	0	0	0	0	0	0	0	0	0	0	0	0	0	0	0	0	0	0	0	0	0	0	0	0	0	0	0	0	0	0	0	0	0	0	0	0	0	0	0	0	0	0	0	0	0	9.34314	0	0	0	0	0	0	0	0	0	0	0	0	0	0	0	0	0	0	0	0	0	0	0	0	0	0	0	
0	0	0	0	0	0	0	0	0	0	0	0	0	0	0	0	0	0	0	0	0	0	0	0	0	0	0	0	0	0	0	0	0	0	0	0	0	0	0	0	0	0	0	0	0	0	0	0	0	0	0	0	0	0	0	0	0	0	0	0	0	0	0	0	0	0	0	0	0	0	0	0	0	0	10.96908	0	0	0	0	0	0	0	0	0	0	0	0	0	0	0	0	0	0	0	0	0	0	0	0	0	
0	0	0	0	0	0	0	0	0	0	0	0	0	0	0	0	0	0	0	0	0	0	0	0	0	0	0	0	0	0	0	0	0	0	0	0	0	0	0	0	0	0	0	0	0	0	0	0	0	0	0	8.47682	0	0	0	9.87129	0	0	10.157	0	0	0	0	0	0	0	0	0	0	0	0	0	0	0	0	0	0	0	0	0	0	0	0	0	0	0	0	0	0	0	0	0	0	0	0	0	0	0	0	0	
0	0	0	0	0	0	0	0	0	0	0	0	0	0	0	0	0	0	0	0	0	0	0	0	0	0	0	0	8.92154	0	0	0	0	0	0	0	0	0	0	0	0	0	0	0	0	0	0	0	0	0	0	0	0	0	0	0	0	0	0	0	0	0	0	0	0	0	0	11.3692	0	0	0	0	0	0	0	0	0	0	0	0	0	0	0	0	0	0	0	0	0	0	0	0	0	0	0	0	0	0	0	0	
0	0	0	0	0	0	0	0	0	0	0	0	0	0	0	0	0	0	0	0	0	0	0	0	0	0	0	0	0	0	0	0	0	0	0	0	0	0	0	0	0	0	0	0	0	0	0	0	0	0	0	0	0	0	0	7.99449	0	0	0	0	0	0	0	0	0	0	0	0	0	0	0	0	0	0	0	0	0	0	0	0	0	0	0	0	0	0	0	0	0	0	0	0	0	0	0	0	0	0	0	0	
0	0	0	0	0	0	0	0	0	0	0	0	0	0	0	0	0	0	0	0	0	0	0	0	0	0	0	0	0	0	0	0	0	0	0	0	0	0	0	0	0	0	0	0	0	0	0	0	0	0	0	0	0	0	0	0	0	0	0	0	0	0	0	0	0	0	0	9.05934	0	0	0	0	0	0	0	0	0	0	0	0	0	0	0	0	0	0	0	0	0	0	0	0	0	0	0	0	0	0	0	0	
0	0	0	0	0	0	0	0	0	0	0	0	0	0	0	0	0	0	0	0	0	0	0	0	0	0	0	0	0	0	0	0	0	0	0	0	0	0	0	0	0	0	0	0	0	0	0	0	0	0	0	0	3.02779	0	0	0	2.91711	0	0	0	0	0	0	0	0	0	0	0	0	0	0	9.30353	0	0	0	0	0	0	0	0	0	0	0	0	0	0	0	0	0	0	0	0	0	0	0	0	0	0	0	0	
0	0	0	0	0	0	0	0	0	0	0	0	0	0	0	0	0	0	0	0	0	0	0	0	0	0	0	0	0	0	0	0	0	0	0	0	0	0	0	0	0	0	0	0	0	0	0	0	12.64592	0	0	0	11.70782	0	0	0	0	0	0	0	0	0	0	0	0	0	0	7.90041	0	0	0	0	0	0	0	0	0	0	0	0	0	0	0	0	0	0	0	0	0	0	0	0	0	0	0	0	0	0	0	0	
0	0	0	0	0	0	0	0	0	0	0	0	0	0	0	0	0	0	0	0	0	0	0	0	0	0	0	0	0	0	12.83992	0	0	0	0	0	0	0	0	2.60136	0	0	0	0	0	0	0	8.69224	0	0	0	0	0	0	0	0	0	8.1898	6.49421	0	10.20759	0	0	7.80362	0	0	0	0	0	0	0	0	0	0	0	0	0	0	0	0	0	0	0	0	0	0	0	0	0	0	0	0	0	0	0	0	0	0	0	0	
0	0	0	0	0	0	0	0	0	0	0	0	0	0	0	0	0	0	0	0	0	0	0	0	0	0	0	0	0	0	0	0	0	0	0	0	0	0	0	0	0	0	0	0	0	0	0	0	0	0	0	0	0	0	7.98843	0	0	0	0	0	0	0	0	0	0	0	0	0	0	0	0	0	0	0	7.69157	0	0	0	0	0	0	0	0	0	0	0	0	0	0	0	0	0	0	0	0	0	0	0	0	0	
0	0	0	0	0	0	0	0	0	0	0	0	0	0	0	0	0	0	0	0	0	0	0	0	0	0	0	0	0	0	0	0	0	0	0	0	0	0	0	0	0	0	11.89542	0	0	0	0	0	0	0	0	0	9.49333	0	0	0	0	0	0	13.7292	0	0	0	0	0	0	0	0	0	0	0	3.62408	0	0	0	0	0	0	0	0	0	0	0	0	0	0	0	0	0	0	0	0	0	0	0	0	0	0	0	0	
0	0	0	0	0	0	0	0	0	0	0	0	0	0	0	0	0	0	0	0	0	0	0	0	0	0	0	0	0	0	0	0	0	0	0	0	0	0	0	0	0	0	0	9.46754	0	0	0	13.84996	0	0	0	9.15427	0	0	0	0	0	0	4.39097	0	0	0	0	0	0	0	0	0	0	0	0	0	0	0	0	0	0	0	0	0	0	0	0	0	0	0	0	0	0	0	0	0	0	0	0	0	0	0	0	0	
0	0	0	0	0	0	0	0	0	0	0	0	0	0	0	0	0	0	0	0	0	0	0	0	0	0	0	0	0	0	0	0	0	0	0	0	0	0	0	0	0	0	9.2042	0	0	0	0	0	0	0	0	0	0	0	0	7.83033	0	0	0	0	0	0	0	0	0	0	1.13264	0	0	0	0	0	0	0	0	0	0	0	0	0	0	0	0	0	0	0	0	0	0	0	0	0	0	0	0	0	0	0	0	0	
0	0	0	0	0	0	0	0	0	0	0	0	0	0	0	0	0	0	0	0	0	0	0	0	0	0	0	0	0	0	0	0	0	0	0	0	0	0	0	0	12.46238	0	0	0	0	0	0	0	0	0	0	0	0	0	0	0	0	0	0	0	0	0	0	0	0	0	0	0	0	0	0	0	0	0	0	0	0	0	0	0	0	0	0	0	0	0	0	0	0	0	0	0	0	0	0	0	0	0	0	0	
0	0	0	0	0	0	0	0	0	0	0	0	0	0	0	0	0	0	0	0	0	0	0	0	0	0	0	0	0	0	0	0	0	0	0	0	0	0	0	0	0	0	0	0	0	0	0	4.97322	0	0	6.51003	0	0	0	0	0	0	0	0	0	0	0	0	0	0	0	0	0	0	0	0	0	0	0	0	0	8.39412	0	0	0	0	0	0	0	0	0	0	0	0	0	0	0	0	0	0	0	0	0	0	0	
0	0	0	0	0	0	0	0	0	0	0	0	0	0	0	0	0	0	0	0	0	0	0	0	0	0	0	0	0	0	0	0	0	0	0	0	0	0	0	0	0	0	0	0	0	0	0	6.56407	0	0	6.79852	10.16189	0	0	0	0	7.89425	0	10.32167	0	9.49393	0	0	0	0	9.36222	0	0	0	0	0	0	0	0	0	0	0	0	0	0	0	0	0	0	0	0	0	0	0	0	0	0	0	0	0	0	0	0	0	0	
0	0	0	0	0	0	0	0	0	0	0	0	0	0	0	0	0	0	0	0	0	0	0	0	0	0	0	0	0	0	0	0	0	0	0	0	0	0	0	0	0	9.18068	0	0	0	0	0	0	0	0	0	0	0	0	0	0	0	0	0	0	0	0	0	0	0	0	0	0	0	0	0	0	0	0	0	0	0	0	0	0	0	0	0	0	0	0	0	0	0	0	0	0	0	0	0	0	0	0	0	0	
0	0	0	0	0	0	0	0	0	0	0	0	0	0	0	0	0	0	0	0	0	0	0	0	0	0	0	0	0	0	0	9.40282	0	0	0	0	0	0	0	0	0	0	0	0	0	0	0	7.52641	0	0	0	0	0	0	0	0	0	0	0	0	0	0	0	2.86021	0	0	0	1.31661	0	0	0	0	0	0	0	0	0	0	0	0	0	0	0	0	0	0	0	0	0	0	0	0	0	0	0	0	0	0	0	0	
0	0	0	0	0	0	0	0	0	0	0	0	0	0	0	0	0	0	0	0	0	0	0	0	0	0	0	0	0	0	0	11.18474	0	0	0	0	0	0	0	0	0	0	0	0	0	0	0	0	0	0	0	0	0	0	0	0	0	0	0	0	0	0	0	0	0	0	0	0	0	0	0	0	0	0	0	0	0	0	0	0	0	0	0	0	0	0	0	0	0	0	0	0	0	0	0	0	0	0	0	0	
0	0	0	0	0	0	0	0	0	0	0	0	0	0	0	0	0	0	0	0	0	0	0	0	0	0	0	0	0	0	0	0	0	0	0	0	0	0	0	0	0	0	0	10.1017	0	0	0	0	0	15.3154	0	0	0	0	8.30172	0	0	0	0	0	0	0	0	0	0	0	0	0	0	0	0	0	0	0	0	0	0	0	0	2.04797	0	0	0	0	0	0	0	0	0	0	0	0	0	0	0	0	0	0	0	0	
0	0	0	0	0	0	0	0	0	0	0	0	0	0	0	0	0	0	0	0	0	0	0	0	0	0	0	0	0	0	0	0	9.08015	0	0	0	0	0	0	0	0	0	0	0	0	0	0	6.04433	0	0	5.58877	0.79119	0	0	0	0	0	0	9.44478	0	0	0	0	0	0	0	0	0	0	0	0.37651	0	0	0	0	0	0	0	0	0	0	0	0	0	0	6.74815	0	0	0	0	0	0	0	0	0	0	0	0	0	0	
0	0	0	0	0	0	0	0	0	0	0	0	0	0	0	0	0	0	0	0	0	0	0	0	0	0	0	0	0	0	0	0	0	0	0	0	0	0	0	10.93477	0	0	0	0	13.96415	0	7.34252	0	0	0	0	0	0	0	0	0	0	0	0	0	0	0	0	0	0	0	0	0	0	1.31661	0	0	0	0	0	0	0	0	0	0	0	0	0	0	0	0	0	0	0	0	0	0	0	0	0	0	0	0	0	0	
0	0	0	0	0	0	0	0	0	0	0	0	0	0	0	0	0	0	0	0	0	0	0	0	0	0	0	0	0	0	0	0	0	0	0	9.77442	0	0	0	0	0	0	0	0	0	0	0	7.72244	0	0	0	0	0	7.47854	0	0	0	0	0	0	9.54952	0	0	0	0	0	0	0	0	0	0	0	0	0	0	0	0	0	0	0	0	0	0	0	0	0	0	0	0	0	0	0	0	0	0	0	0	0	0	0	
0	0	0	0	0	0	0	0	0	0	0	0	0	0	0	0	0	0	0	0	0	0	0	0	0	0	0	0	0	0	0	0	0	0	0	0	0	0	0	0	0	14.0008	0	0	0	0	0	0	0	0	0	0	0.37651	0	0	0	0	0	0	0	0	0	0	0	0	0	0	4.47046	0	0	0	3.3139	0	0	0	0	0	0	0	0	0	0	0	0	0	0	0	0	0	0	0	0	0	0	0	0	0	0	0	0	
0	0	0	0	0	0	0	0	0	0	0	0	0	0	0	0	0	0	0	0	0	0	0	0	0	0	0	0	0	0	0	0	0	0	0	0	0	0	0	0	8.73415	0	0	0	11.20528	0	0	8.09218	0	0	0.37651	11.67846	0	0	0	10.06684	0	0	11.30318	0	4.71934	0	0	0	0	0	0	0	0.37651	0	0	0	0	0	0	0	0	0	0	0	0	0	0	0	0	0	0	0	0	0	0	0	0	0	0	2.09751	0	0	0	0	
0	0	0	0	0	0	0	0	0	0	0	0	0	0	0	0	0	0	0	0	0	0	0	0	0	0	0	0	0	0	0	0	0	0	0	0	0	0	0	0	0	0	0	0	10.7851	0	0	0	0	0.67473	0	0	7.17998	0	0	0	0	7.30493	0	0	0	10.14907	0	0	0	0	0	0	0	0	0	0	0	0	0	0	0	0	0	0	0	0	0	0	0	0	0	0	0	0	0	0	0	0	0	0	0	0	0	0	
0	0	0	0	0	0	0	0	0	0	0	0	0	0	0	0	0	0	0	0	0	0	0	0	0	0	0	0	0	0	0	0	0	0	0	0	0	0	0	0	0	0	0	12.91463	0	0	12.13402	0	0	0	7.05616	0	0	0	0	0	0	0	0	7.16807	0	0	0	0	8.54108	0	0	1.13264	0	0	0	0	9.45707	0	0	0	0.37651	0	0	0	0	0	0	0	0	0	0	0	0	0	0	0	0	0	0	0	0	0	0	0	
0	0	0	0	0	0	0	0	0	0	0	0	0	0	0	0	0	0	0	0	0	0	0	0	0	0	0	0	0	0	0	0	0	0	0	0	0	0	0	0	0	0	0	0	1.35913	2.60136	0	11.62158	0	0	0	10.17617	0.92182	0	0	5.59712	0	0	0	0	0	0	0	0	0	0	0	6.86276	0	0	0	0	0	11.33516	0	0	0	0	0	0	0	0	0	0	0	0	0	0	0	0	0	0	0	0	0	0	0	0	0	0	
0	0	0	0	0	0	0	0	0	0	0	0	0	0	0	0	0	0	0	0	0	0	0	0	0	0	0	0	0	0	0	0	0	0	0	0	0	10.05476	0	0	0	0	0	0	0	0	0	0	1.75924	0	0	7.80465	0	0	13.01439	0	8.93918	0	0	4.84439	0	5.09148	0	0	0	0	0	0	0	0	0	0	0	0	5.21268	2.67055	0	0	0	0	0	0	0	0	0	0	0	0	0	0	0	0	0	0	0	0	0	0	0	0	
0	0	0	0	0	0	0	0	0	0	0	0	0	0	0	0	0	0	0	0	0	0	0	0	0	0	0	0	0	0	0	0	0	0	0	0	0	0	0	0	0	0	16.56484	0	0	10.70593	0	12.53718	0	0	8.96006	0	11.45706	0	10.47309	0	0	0	0	0	0	0	0	8.29352	0	0	0	9.77491	0	0	5.55199	0	0	0	0	0	0	0	5.5054	0	0	0	0	0	0	0	0	0	0	0	0	0	0	0	0	0	0	0	0	0	
0	0	0	0	0	0	0	0	0	0	0	0	0	0	0	0	0	0	0	0	0	0	0	0	0	0	0	0	0	0	0	0	0	0	0	0	0	0	0	0	0	0	0	0	0	0	0	6.12666	13.24663	0	0	11.98452	0	0	0	0	0	0	0	0	0	0	0	0	0.67473	0	0	0	0	0	0	0	0	0	0	0	0	0	0	0	0	0	0	0	0	0	0	0	0	0	7.01352	0	0	0	0	0	0	0	0	0	
0	0	0	0	0	0	0	0	0	0	0	0	0	0	0	0	0	0	0	0	0	0	0	0	0	0	0	0	0	0	0	0	0	0	0	0	0	0	0	0	0	0	0	0	0	0	0	9.14389	0	0	0	0	8.85807	1.13264	0	0	0	0	10.28936	10.12693	0	0	0	0	0	0	0	0	0	0	0	0	0	0	0	0	0	0	0	0	0	0	0	0	0	0	0	0	0	0	0	0	0	0	0	0	0	0	3.72511	0	
0	0	0	0	0	0	0	0	0	0	0	0	0	0	0	0	0	0	0	0	0	0	0	0	0	0	0	0	0	0	0	0	0	0	0	0	0	0	0	0	0	0	8.72514	0	0	0	0	0	0	9.75557	0	6.475	0	7.68322	0	0	0	0	0	0	0	0	0	0	9.94558	0	0	0	0	0	0	0	0	0	0	0	10.58177	0	0	0	0	0	0	0	0	0	0	0	0	0	0	0	0	0	0	0	0	0	0	0	
0	0	0	0	0	0	0	0	0	0	0	0	9.04882	0	0	0	0	0	0	0	0	0	0	0	0	0	0	0	0	0	8.01293	0	0	0	0	0	0	0	0	0	0	0	10.3083	0	0	0	0	5.72461	0	0	10.78266	0	0	3.4773	1.31661	0	8.99644	0	0	0	0	0	0	8.98574	6.4208	10.20881	0	0	0	0	0	0	0	0	0	0	0	0	0	0	0	0	0	0	0	0	0	0	0	0	0	0	0	0	0	0	0	0	0	0	
0	0	0	0	0	0	0	0	0	0	0	0	0	0	0	0	0	0	0	0	0	0	0	0	0	0	0	0	0	0	0	0	0	0	0	0	0	0	0	0	0	0	0	0	0	10.61402	5.22398	0	0.37651	12.77445	1.31661	7.3775	4.83447	0	6.87013	7.73312	0	0	0	0	12.12836	0	0	0	0	0	0	0	0	6.77855	0	0	0	0	0	0	2.64379	0	0	0	0	0	0	0	0	0	0	0	0	0	0	0	0	0	0	0	0	0	0	0	
0	0	0	0	0	0	0	0	0	0	0	0	0	0	0	8.27975	0	0	0	0	0	0	0	0	0	0	0	0	0	0	0	0	0	0	0	4.14539	11.14597	0	0	0	0	0	0	8.20737	0	11.32932	8.98993	8.38257	2.91825	7.57684	0	0	3.51542	0	11.30742	0	0	0	0	4.43112	0	8.80905	0	10.6189	0	7.93246	0	0	11.07656	0	9.79054	0	0	0	0	10.47702	0	5.2581	0	3.74834	0	0	0	0	0	0	0	0	0	0	8.26444	0	0	0	0	0	0	0	0	0	
0	0	0	0	0	0	0	0	0	0	0	0	0	0	0	0	0	0	0	0	0	0	0	0	0	0	11.10242	0	0	0	0	3.55256	0	0	5.73272	0	0	0	0	0	11.04668	0	0	0	0	0	0	0	8.15135	10.88378	0.92182	10.73449	7.91474	0	11.61816	0	13.72361	0	8.20679	0	0.92182	9.01184	0	0	0	7.26633	0	0	0	0	0	0	0	6.19871	0	0	0	0	0	0	0	0	0	0	0	0	0	0	0	0	0	0	0	0	0	0	11.77539	0	0	0	
0	0	0	0	0	0	0	0	0	0	0	0	0	0	0	0	0	0	0	8.47008	0	0	0	0	0	0	0	0	0	0	0	0	0	0	0	0	0	0	0	0	0	0	0	13.31765	0	0	11.51817	11.27168	12.44088	0	7.10697	6.77704	10.72079	0	0	0	13.57961	0	0	7.92439	3.80907	0	0	12.41339	0	3.62408	0	9.49691	0	0	0	0	0	0	0	0	0	0	0	0	0	0	0	0	0	0	0	0	0	0	7.99077	0	0	0	0	0	0	0	0	0	
0	0	0	0	0	0	0	0	0	0	0	0	9.41547	0	0	0	0	0	0	8.67129	0	0	0	0	0	0	0	0	0	0	0	0	0	7.00437	0	0	0	0	0	0	0	11.31538	13.9695	0	7.36965	0	0	4.61523	7.64074	0	0.37651	7.59531	6.5139	5.62867	9.18175	8.61754	5.93356	5.98763	9.08302	0	0	0	0	0	0	0	0	0	0	0	0	0	0	0	0	0	0	0	8.70466	0.37651	0	0	0	0	0	0	0	0	0	0	0	0	0	0	0	0	0	0	0	0	
0	0	0	0	0	0	0	0	0	0	0	0	0	0	0	0	0	0	0	0	0	0	0	13.21436	0	0	0	0	0	0	0	0	0	0	0	0	0	0	12.55671	0	0	0	7.91129	9.01264	0	0	6.81948	6.93612	0	9.44449	6.43081	6.72344	0	0	0	0	0	4.06121	13.15024	9.37069	8.30581	0	0	0	9.73104	0	0	0	0	0	0	0	0	0	0	0	0	0	0	0	0	0	0	0	0	0	0	0	0	0	0	0	0	0	0	0	0	0	0	0	
0	0	7.85097	0	0	0	0	0	0	0	0	0	0	0	0	0	0	0	0	0	0	0	0	0	0	0	0	0	0	0	0	0	0	0	0	0	0	0	0	0	8.28597	0	0	0	0	9.17993	0	7.50405	8.50365	11.42701	0	5.98445	8.60765	8.25627	0	11.43688	0	0	2.67055	0	8.57584	0	7.17998	11.64621	0	0	0	0	0	0	0	7.48028	0	0	0	0	0.67473	0	0	0	0	0	0	0	0	0	0	0	0	0	0	0	0	0	0	0	0	0	0	0	
0	0	0	0	0	0	0	0	0	0	0	11.77355	0	0	0	0	0	0	0	0	0	0	0	0	0	0	0	0	0	0	0	0	8.43073	0	0	0	0	9.61882	12.70552	5.62353	6.38522	7.39378	0	0	11.94117	7.63598	11.1721	5.51031	10.41949	0	11.49451	0	4.91065	5.78738	0	11.3134	5.30633	6.57529	0	0	0	0	0	0	0	0	0	5.02698	0	0	0	0	10.73399	0	0	0.37651	0	0	10.03644	0	0	0	0	0	0	0	0	0	0	0	0	0	0	0	0	8.05009	0	0	0	0	
0	0	0	0	0	0	0	0	0	0	0	0	0	0	0	0	0	0	0	0	0	0	0	0	0	0	0	0	0	0	0	0	0	0	5.28041	10.32692	0	0	0	7.50525	0	12.0274	0	10.3155	12.29313	9.52666	7.28681	7.29088	4.90418	10.67121	11.57166	10.11224	0	8.7291	0	0	5.05211	0	0	6.00705	7.63859	0	1.62625	0	0	0	0	0	0	0	0	0	0	0	0	0	0	0	2.19465	0	0	0	0	0	0	0	0	9.79248	0	0	0	0	0	0	0	0	0	0	0	0	
0	0	0	0	0	0	0	0	8.09859	0	11.80382	0	0	0	0	0	0	0	0	0	0	0	0	0	0	0	10.08517	0	0	0	0	0	0	0	2.86021	0	0	12.78972	10.9529	0	6.47577	7.49337	0	2.60136	0	11.06286	2.6733	7.70245	7.02084	8.53013	0	7.49499	2.60136	0	0	0	9.6801	5.55199	0	0	0	0	3.0796	0	0	0	7.31307	0	0	0	0	0	0	0	0	0	0	0	0	0	0	0	0	0	0	0	0	0	0	0	0	0	0	0	0	0	0	0	0	0	
0	0	0	0	0	0	0	0	0	0	0	11.26033	0	0	10.95875	0	0	0	0	0	0	0	0	0	0	0	0	0	0	0	0	10.71875	0	0	5.33471	0	11.82556	0	0	9.0106	5.16526	0	8.71366	10.13207	9.70042	7.91018	10.48197	8.93375	4.90252	7.54179	6.48162	9.47699	9.13173	8.10713	0	5.46702	8.7974	0	0	3.81954	9.32246	4.43779	0	12.4755	0	0	0	0	0	0	0	0	0	0.67473	0	7.26647	0	0	0	0	0	0	0	7.22955	0	0	0	0	0	0	0	0	0	0	0	0	0	0	0	0	
0	0	0	0	0	0	0	0	0	0	0	0	12.57755	0	0	0	0	0	0	0	0	0	0	0	0	0	0	0	0	9.21727	0	0	7.14698	0	7.29948	0	12.92219	0	13.04571	10.92596	10.40343	9.04068	10.71243	5.77702	8.24014	4.73334	9.98755	10.97416	6.14501	9.3928	5.13081	12.00852	10.6891	5.79715	6.42166	4.92942	10.26718	0	0	5.72461	4.82934	0	0	0	0	0	0	0	0	0	0	0	0	9.47864	0	0	0	0	0	0	9.57455	0	0	0	0	0	0	0	0	0	0	0	0	0	0	0	0	0	0	0	
0	0	0	0	0	0	0	13.02268	0	0	0	10.38384	0	0	0	0	0	0	0	0	0	0	0	0	0	0	0	8.63388	0	0	6.84416	0	12.39314	0	0	0	1.31661	8.1898	8.04788	10.68179	9.47692	4.52373	0	10.01409	9.60095	8.68678	9.04089	8.33652	10.67422	9.11538	5.69636	9.21653	9.90661	8.08123	7.11318	4.4506	12.65055	6.3109	2.87839	9.15299	6.33653	12.24709	4.95946	0	9.18954	0	0	0	0	0	0	0	0	9.67005	0	0	0	0	0	0	0	0	0	0	0	0	0	0	0	0	0	0	0	0	0	0	0	0	0	0	
11.67399	0	0	0	0	0	0	0	7.6274	0	0	0	9.79199	0	0	0	0	0	0	0	0	0	0	0	13.7761	0	0	6.60883	0	0	0	0	10.14793	0	11.06768	9.27465	0	5.87876	11.21791	7.03725	8.35656	8.10505	6.32979	8.95221	10.97045	9.48679	6.67813	9.4693	5.57664	6.07057	8.85485	5.71621	5.94654	7.50779	12.29453	8.45776	8.44191	6.94123	0	9.45968	0	3.65854	0	5.1399	0	8.3787	0	0	0	0	0	0	0	0	0	0	0	0	0	0	0	0	4.3265	0	0	7.44002	0	0	0	0	0	0	0	0	0	0	0	0	0	0	
0	0	0	11.25822	0	0	0	0	0	0	0	0	0	0	0	0	0	0	8.77998	0	0	10.58121	0	6.0378	11.47489	7.65362	0	0	10.69663	9.6711	12.45966	0	13.23624	0	0	0	0	9.60494	9.46795	7.27461	8.82327	6.25446	7.82311	8.97257	9.67675	9.52806	7.9978	8.62891	8.9645	7.17206	9.85222	6.54443	10.54696	8.14964	5.86299	9.40894	0	3.54273	4.9384	8.42766	0	2.09751	9.28916	0	0	0	0	0	0	4.47046	0	0	6.55036	0	2.45215	4.68631	11.83548	1.85985	0	0.37651	0	0	0	0	0	0	0	0	0	0	0	0	0	0	0	0	0	0	0	0	
9.62445	0	0	0	12.41842	6.7263	0	0	0	0	0	0	0	0	0	0	0	9.46379	0	0	0	0	0	0	9.01097	0	7.51916	8.81819	0	11.38764	9.56847	0	0	0	9.9894	6.51317	6.04376	11.4026	10.76423	7.67216	7.0114	8.77096	8.12564	9.21507	8.52588	9.21133	9.97914	7.61173	7.96422	9.59878	3.15589	9.10712	11.41578	5.7668	8.24043	10.17943	8.48903	5.84094	7.02539	9.11679	6.51787	0	5.26149	9.05853	10.94266	10.91812	10.14884	0	0	0	0	0	0	0	4.09594	0	0	0	0	0	0	0	0	0	0	0	0	0	0	0	0	0	0	0	0	3.02779	0	0	0	0	
0	0	0	0	0	0	0	0	3.1296	0	6.81006	0	0	0	0	0	5.82666	13.41455	8.08915	4.52752	10.4332	7.19326	0	0	0	13.75338	0	7.84724	5.69262	10.88674	0	9.3438	10.88697	9.79336	7.7011	10.61958	6.1993	6.82115	8.41606	7.67966	8.00285	8.28343	6.03722	7.69859	9.7506	7.07694	7.62536	8.68994	7.66193	7.8059	6.46904	10.85028	5.95979	8.76483	5.30135	6.53195	5.72232	8.69743	0	9.75563	7.75211	10.73449	5.44977	0	8.51912	11.52286	1.88104	0	0	0	0	7.50288	0	0	5.1772	0	0	0	9.06978	0	0	0	0	0	0	7.56326	0	0	0	0	0	0	0	0	0	0.37651	0	0	0	0	
0	10.12923	0	0	8.23047	8.74432	0	0	0	0	0	0	0	0	1.99331	10.94397	0	10.35949	11.07916	0	8.81574	0	12.03663	0	0	0	0	0	9.66951	10.6718	8.16297	0	6.47015	7.20289	8.49533	7.34687	8.82959	10.37014	7.88801	8.62081	8.49228	8.22889	6.73478	9.8254	7.99327	7.46911	8.46552	8.47995	7.3609	6.95383	6.25654	7.49647	7.97836	7.09378	9.35148	5.95855	2.79971	6.51662	5.98484	8.59555	0	9.16052	0	12.49382	10.55646	0.67473	5.285	2.73658	0	0	0	0	0	0	0	0	0	0	0	0	9.83982	0	0	0	0	0	0	0	0	0	0	0	0	0	0	0	0	0	0	0	
0	11.38056	10.28422	0	10.17679	0	0	0	0	0	9.25577	0	0	0	10.25776	4.37002	0	8.51663	0	0	5.51484	3.84968	8.13912	10.09328	8.07964	7.4073	0	4.70062	5.92904	8.61622	10.08001	10.52539	9.91092	10.39622	10.80229	5.56889	9.16831	7.3232	6.27608	6.34462	5.77622	7.63698	8.00334	7.50439	7.42984	6.55421	8.03652	7.6427	9.43662	8.17225	6.96365	8.75485	8.11093	7.50045	6.18807	6.16675	8.24449	6.61352	7.56762	7.79008	0	7.44723	9.37386	9.38212	1.635	0.92182	0.37651	0	0	0	0	8.55597	0	0.37651	9.78274	0	6.15712	0	1.13264	0	0	0	0	4.85983	0	1.45913	0	0	0	0	0	0	0	0	0	0	0	0	0	0	
0	0	0	0	0	0	0	0	8.49175	0	12.56227	10.73095	0	0	0	0	0	0	10.25495	0	10.06964	0	0	0	0	11.33416	9.33811	0	0	5.64947	5.73063	5.05313	8.48936	9.12326	9.69887	7.86619	10.34171	9.71051	7.00995	7.76155	5.03889	8.44386	8.81376	8.83347	7.87332	8.44192	6.54193	7.91626	8.02028	8.139	7.65804	5.90878	5.84229	7.03037	7.11881	8.04508	8.2582	8.41525	10.61588	7.94317	7.23752	4.98373	10.32905	6.09141	0	9.71149	0	7.1341	0	0	0	0	0	0	0	0	0	0	0	0	0	8.53065	0	0	0	0	0	8.83595	11.74977	6.15108	0	0	0	0	0	0	0	0	0	0	
0	0	0	0	0	0	0	0	11.13051	8.21173	2.18995	2.37131	0	12.95544	0	0	0	4.91737	11.65784	6.00807	0	0	0.92182	7.78376	5.62353	10.99355	3.1296	9.86074	6.26519	9.00737	0	7.60971	5.77065	3.8849	5.42758	5.06275	8.76167	5.61447	10.63597	6.09169	6.07762	6.96156	7.93153	8.10591	6.39128	7.46157	7.84938	7.06631	7.34335	8.4877	7.77044	7.55908	7.24089	6.24578	8.53694	8.23365	4.97446	9.23308	6.9934	6.4172	6.69299	9.24871	8.68686	4.21652	1.85126	7.97334	9.71168	0	0	0	0	0	0	5.40746	10.98466	0	0	0	11.92404	0	0	0	0	0	0	0	0	0	4.78322	0	2.73658	0	0	0	0	0	0	0	0	0	
0	0	10.39538	7.77399	0	10.78339	0	3.17793	8.15703	0	0	0	0	0	0	0	0	6.46319	0	0	0	0	0	9.83972	0	9.75613	0	10.77311	10.30681	7.5063	0	9.78232	0	12.31459	5.14532	8.23566	7.3085	5.97402	1.17439	8.45644	7.0012	8.93638	6.70525	8.70858	6.61961	6.98523	5.31019	7.64353	6.78689	7.91092	8.12582	7.4133	7.97067	7.54705	7.39411	5.54355	7.21752	7.27032	8.18223	7.39494	10.27574	8.75321	3.74407	8.96092	8.85325	0	0	4.97108	5.97079	2.94084	4.97807	0	9.46561	0	0.52562	0	4.44376	0	0	0	0	0	4.5657	0	0	0	0	0	0	0	0	0	0	0	0	0	0	0	0	0	
0	0	0	0	0	0	0	0	0	0	10.55657	9.12937	9.81187	0	14.07495	0	0	9.39773	0	6.89202	0	0	0	0	0	0	5.98445	1.99331	4.17617	0	6.73129	8.75478	4.81069	6.38702	3.82214	9.26493	8.07618	7.72618	7.79728	9.45129	8.76807	5.55799	6.22474	7.27249	8.78722	8.38372	3.97163	5.48943	6.94656	6.34531	6.42289	7.66468	8.48855	7.62459	6.01843	5.83817	5.44153	7.6181	8.48116	7.26193	5.74694	5.83936	9.44616	5.32336	0	5.44933	9.49094	4.35243	0	0	10.67733	0	3.45868	4.14563	0	13.35253	0	0	0	0	0	0	0	0	0	0	0	0	6.44536	0	0	0	0	0	0	0	0	0	0	0	
0	0	0	0	0	0.67473	0	0	0	10.42196	0	0	9.99994	0	0	0	0	0	0	0	0	0	0	8.3518	0	0	8.71899	0	0	4.50264	6.6501	0	0	6.85733	8.97979	6.54116	9.69932	1.31661	0	7.77641	4.55432	13.16182	5.12045	3.94118	9.88934	6.33308	6.67902	8.6994	10.57962	6.32935	6.50901	8.94837	6.23459	6.24389	8.84401	5.70299	8.66385	6.22623	4.39144	5.92349	6.23495	5.20179	5.6449	8.51603	6.6939	5.74926	8.93654	6.83288	4.33353	0	0	8.20592	0	3.02779	0	7.2238	9.50285	0	0	0	0	0	0	0	11.33349	0	0	0	0	0	0	8.6912	0	0	0	0	6.73129	0	0	0	
0	0	0	0	0	0	0	0	0	0	0	11.85244	0	0	0	0	0	9.08208	13.15722	0	0	0	0	3.0796	0	0	0	7.5678	0	0	0	0	8.11348	6.21253	4.99618	0	5.51301	7.60103	0	2.27483	4.76578	9.74348	7.60885	5.75436	0	9.24775	5.91067	4.08129	7.74231	6.23204	7.74805	12.47183	8.60946	4.24646	6.4466	5.78666	6.68368	6.09786	8.48613	8.59374	6.98871	3.88172	0	7.09791	8.70854	0	4.98332	4.26207	8.4989	7.11496	0	0	0	3.87922	0	10.61506	0	8.99082	0	0	0	8.93072	0	0	0	0	0	0	0	0	0	0	0	0	0	0	0	0	0	0	
0	0	0	0	5.6597	0	0	0	0	0	9.17696	0	2.60136	0	0	10.65776	0	0	9.34513	0	8.11961	2.73658	0	0	0	8.15703	4.85928	0	0	4.03982	0	10.03941	14.6795	0	0	8.39795	8.75631	0	10.12654	10.59069	1.67529	7.65148	5.54723	8.03606	2.91198	5.80101	13.31626	2.48275	6.59587	6.92753	8.41969	6.87251	8.10227	6.606	5.89059	7.99179	7.06226	6.43535	5.46758	7.19755	5.6819	7.19655	6.05183	3.59738	7.75365	0	8.00666	8.63935	0	0	8.00461	8.07326	5.96777	8.88918	6.09591	0	5.79869	0	0	0	6.4653	0	0	0	0	1.13264	0	0	0	0.92182	0	0	0	0	0	0	0	0	0	0	
0	0	0	0	0	0	0	0	0	0	0	6.18103	2.24714	0	0	10.24647	0	0	0	0	6.02464	0	0.67473	0	0	0	0	0	0	5.44852	2.19465	5.4674	0	0	0	10.28525	0	0	0	7.46443	3.67528	5.47535	4.11808	9.31045	5.82234	3.52556	5.97969	7.00833	5.92196	6.15339	0	0	7.54523	9.82923	0.92182	6.87071	10.55691	7.08892	6.33456	6.04276	7.98354	6.21784	7.69274	6.18029	3.75026	5.9063	6.91716	6.45056	0	10.81328	0	5.4182	8.90326	9.18659	7.44975	0	21.02664	0	4.34907	0	0	0	0	0	0	0	0	0	0	0	0	0	0	0	0	0	0	0	0	0	
0	0	0	9.88682	0	0	0	0	0	0	0	0	0	0	0	0	0.67473	0	0	0	0	0	9.40726	0	0	0	7.60725	8.41227	5.48634	7.90221	0	0	5.64947	0	0	9.93766	0	2.73658	2.67055	5.27528	4.02429	0	0	0	2.35146	12.31493	6.70887	9.43051	5.995	4.06097	6.75349	4.69144	8.15909	8.5787	6.29806	5.07799	5.82657	5.51562	6.45435	5.64955	9.1686	6.00163	6.28471	9.48179	7.29027	9.07626	7.46996	8.81192	12.46712	8.06829	3.45232	8.76887	4.79977	3.4327	5.47812	0	12.74148	0	5.20612	8.9171	0.00863	3.4773	1.62625	0	0	0.37651	0	0	0	0	0	0	0	0	0	0	0	0	0	11.28691	
0	0	3.92304	0	0	0	0	0	0	0	0	0	0	0	0	0	0	0	0	0	6.88112	0	0	0	0	7.34252	0	7.49923	0	6.59554	0	11.34627	11.6239	0	13.34982	0	0	3.48302	6.08149	0	5.35587	0	0	7.81695	10.16639	8.96953	1.00138	4.69347	4.50875	9.87817	6.80949	10.5784	5.64465	6.19948	6.47882	9.91126	0	6.79446	7.71034	6.82084	2.33157	4.30168	5.15061	2.32181	5.09115	5.67775	4.97912	0	7.9952	3.31126	4.86422	6.4196	5.97622	8.51547	0	0	5.39868	0	1.80361	8.12194	0	6.32862	0	0	0	0	0	0	2.2857	0	0	0	0	0	0	0	3.22469	0	0	0	
0	0	0	0	0.67473	0	0	0	0	0	0	0	8.30172	0	0	0	0	0	0	0	11.73886	7.93949	0	0	0	0	0	3.8244	0	0	0	0.67473	10.4968	0	0	0	7.59476	0	9.5785	9.64286	0	0	2.77686	0.37651	12.28516	0	4.61492	9.51348	0.37651	6.49916	9.93902	5.67181	8.78682	4.03622	6.72456	0	0	5.58091	5.27415	3.80498	8.61497	5.09822	7.53208	6.29897	6.12057	8.27882	6.79019	5.83678	7.58396	6.28633	7.53617	0	0	9.08886	0	6.94487	4.10342	6.05335	0	0	0	0	0	0	7.71837	4.76751	0	0	0	0	0	0	0	0	0	0	9.02094	0	0	0	
0	0	0	0	0	0	0	0	2.60136	0	0	0	0.37651	0	0	0	8.36702	2.45215	0	0	0	0	0	0	3.55774	0	0	0	0	0	0	0	0	0	5.87876	8.53762	0	9.39964	0	0	0	0	11.18048	11.76183	0	10.26166	10.28318	8.25038	0	3.79671	0	10.11301	9.10614	8.49728	0	8.88925	0	5.8593	0	5.15408	8.17695	6.33282	4.33022	5.54279	3.59033	6.55506	7.53563	5.32759	8.15401	7.55361	8.70878	3.99714	6.6	9.42677	7.80144	2.65625	9.2812	7.08179	0	0	4.97322	8.01792	10.56194	0	2.80314	1.13264	4.26207	4.93154	4.01843	0	0.71458	0	0	11.17403	0	0	0	0	0	0	
0	0	0	0	0	0	0	0	0	0	0	0	0	0	0	0	0	0	0	0	5.60936	0	0	0	0	0	0	0	0	4.39067	0	0	0	0	8.00123	0	0	0	0	0	8.74833	0	10.55743	9.21002	4.2979	0	0	0	2.37131	5.50797	10.9889	0	0	1.26434	5.7814	5.77719	0	0	8.19713	8.45849	9.54146	6.27995	2.80029	6.69211	7.16888	7.5579	5.51121	4.35211	7.59355	5.97052	11.21842	7.00035	4.10765	4.84792	2.80895	0	3.51952	0	6.47903	0	0	0	0.37651	0	0	0	7.56831	0	0	0	0	0	0	0	0	0	0	0	0	0	
0	0	0	0	6.24481	0	0	0	0	0	0	4.16949	0	6.96614	0	0	0	0	0	0	0	0	0	0	0	0	0	0	0	0	0	0	0	0	0	0	0	0	0	5.91253	0	0	6.69853	0	5.93013	0	0	0	0	0	1.75924	0	0	0	8.61864	0	0	0.37651	0	11.58228	8.01242	0.39616	5.88458	7.25558	7.19069	0	5.45285	4.46001	8.60805	6.83205	5.98537	8.84183	7.71925	5.89936	0	0	2.04124	5.86406	5.01234	7.14089	0.92182	7.35045	0.37651	0	3.90815	0	4.71934	8.99194	0	5.71961	0	0	0	0	3.17793	0	0	0	0	0	
0	0	0	0	0	0	0	0	0	0	0	0	0	0	0	0	0	9.837	0	0	0	10.39889	7.77837	0	0	0	7.98604	0	0	0	0	0	0	6.572	9.01323	0	0	0	0	0	0	0	0	0	0	0	0	0	0	0	0	0	0	0	0	6.78052	12.32804	9.95151	7.73663	1.4797	0	6.20898	6.50668	0	8.13417	7.23184	5.15703	7.62345	4.66616	4.66012	6.91742	5.26402	5.97242	7.80308	8.01589	7.20783	6.61265	0	9.86853	3.43719	0	0	6.93728	0	5.4959	9.4569	8.09388	1.99331	0	10.38031	0	0	0	0	0	0	7.67678	0	0	0	
0	0	0	0	0	0	0	0	6.88649	0	0	0	0	0	0	0	0	0	0	0	0	0	0	0	0	0	0	3.22469	0	4.6353	0	0	0	0	0	0	0	0	0	9.93411	0	0	0	0	0	5.95701	0	3.78874	7.32116	0	0	9.07298	0	0	0	0	0	0	8.51079	0	7.87447	0	11.11991	8.73782	8.96852	2.91653	6.01956	0	0	8.40332	9.7344	2.52867	8.13943	5.83524	6.0224	9.88774	2.31929	0	0	7.83006	5.27287	7.00322	9.75065	9.24809	4.62496	0	0	0	0	0	7.40476	0	9.97482	0	0	0	0	0	0	0	
0	0	0	0	0	0	0	0	0	0	0	0	0	10.70851	0	0	0	0	0	6.19871	0	0	0	0	0	2.29151	0	0	0	0	0	0	0	0	8.99166	0	0	7.07983	0	0	10.9039	0	2.86021	8.46522	0.37651	0	0	0	0	0	4.78322	6.59109	0	0	1.75924	0	0	0	0	6.3657	5.7285	0	5.85325	7.42743	6.3697	2.99589	10.12824	3.87922	0	4.87832	7.06247	0	7.42933	6.09309	7.94648	5.72815	4.28667	5.46418	5.69269	5.34962	0	6.56684	5.30237	4.16391	1.87864	0	0	7.02016	1.98709	0	10.93785	0	0	8.13271	0	0	0	0	4.0717	0	
0	0	0	0	0	0	0	10.64626	0	0	0	0	0	0	0	0	0	0	0	0	0	0	1.4797	0	0	0	0	0	9.77687	0	0	0	0	0	10.48458	0	0	0.37651	0	0	0	1.36829	0	0	0	0	4.51295	0	0	0	0	0	7.88047	0	0	0	2.91398	8.97295	0	6.0644	8.31333	0	0	6.7316	0	6.05083	0	8.3643	6.64759	10.42822	9.78616	6.83341	7.67061	4.97033	7.27191	6.16613	9.59364	2.37131	6.91484	8.25475	6.20122	6.74625	5.54235	0	4.08396	0	5.51484	4.36349	0	0	9.08808	8.27698	0	0	0	0	8.16754	0	0	0	
0	0	0	0	0	0	0	0	0.37651	0	0	0	0	0	0	0	0	0	0	0	0	0	0	0	0	0	0	0	0	0	0	0	0	0	0	0	0	5.28041	0	0	0	0	0	0	0	0	0	0	0	6.56407	0	4.63149	0	2.54696	0	0	2.86021	6.67495	0	0	4.04474	0	8.48576	11.61213	6.24481	7.69892	0	0	7.84259	7.82373	0	8.23047	4.55685	10.94928	7.68928	5.22703	0	4.52427	5.39875	9.00907	4.89062	8.98743	5.86406	2.37131	0	0	2.95165	0	0	0	0	0	8.21365	6.0138	6.55495	0	0	0	0	0	
0	0	0	0	0	0	0	8.203	0	0	0	0	0	0	0	0	0	0	0	0	0	0	0	0	0	0	0	0	0	0	0	0	0	0	0	0	0	4.58132	0	7.44975	0	0	0	0	0	0	0	0	0	0	3.98648	0	0	12.40975	6.61774	0	0	7.74449	9.77147	9.86853	0	2.09751	0	7.2989	8.91637	8.60213	0	0	7.23467	6.22062	8.468	3.13036	4.46493	8.94624	1.4797	7.87361	6.58697	0	7.72239	6.45071	8.11339	11.91304	4.95827	4.17697	5.03728	0	0	3.12205	0	0	6.43081	0	0	0	0	1.09203	0	0	0	0	
0	0	0	0	0	0	0	0	0	0	0	0	0	0	0	0	0	0	0	0	0	0	0	0	0	11.37975	0	0	0	0	0	0	0	0	0	0	0	8.36571	0	0	0	0	0	0	8.35393	0	0	0	9.58523	0	0	0	0	0	0	0.67473	0	0	0	0	0	0	8.16204	0	0	7.7392	6.90876	8.20481	1.31661	7.45934	4.48965	0	5.99449	0	9.38749	4.96534	7.81321	6.10622	4.06498	5.2991	1.67824	0	4.9098	0	10.52306	6.36099	0	0	0	0	9.85001	0	0	0	0	0	0	1.75924	0	0	
0	0	0	0	0	0	0	0	0	0	0	0	3.43816	0	0	0	0	0	0	0	0	0	0	0	0	0	0	0	0	0	0	0	0	0	0	0	0	0	0	0	0	0	0	0	0	0	0	8.5178	0	0	2.19465	0	10.59212	0	0	0	0	0	0	5.50363	0	0	0	4.01355	2.60136	6.00468	8.85983	0	9.7361	0	0	9.17175	0	0	0	2.94907	7.93634	8.46719	7.33506	4.0525	0	4.64667	5.36616	3.82749	5.91157	2.78934	6.29578	0	5.53353	0	0	0	0	3.81954	0	0	0	0	0	0	
0	0	0	0	0	0	0	0	0	0	0	0	0	0	0	0	0	0	0	0	0	0	0	0	0	0	0	0	0	0	0	0	9.73104	0	0	0	0	0	0	0	0.67473	0	0	0	0	0	0	0	0	0	0	0	0	0	0	0	8.76209	0	0	0	9.55941	0	0	3.58858	0	6.83665	0	0	7.64219	0	0	0	6.08291	0	0	5.2693	0	0	4.09521	7.52329	5.62533	5.99797	8.63604	0	3.78874	0	0	0	2.97407	2.19465	5.2799	5.03941	4.42068	0	0	0	0	0	0	0	
0	0	0	0	0	0	0	0.79828	0	0	0	0	0	0	0	0	0	0	0	0	0	0	0	0	0	0	0	5.09148	0	0	0	0	0	0	0	0	0	0	0	0	0	0	0	0	0	0	0	0	0	0	0	0	0	0	0	0	0	0	0	0	0	0	0	0	0	0	0	0	0	0	2.82914	4.73245	5.03449	0	0	9.06095	9.58859	0	8.98026	6.23411	0	5.20831	0	5.37673	1.4797	8.86448	0	7.26633	0	1.88104	0	3.0796	0	0	0	9.97793	0	0	0	0	
0	0	0	0	0	0	0	0	0	0	0	0	0	0	0	0	0	0	0	0	10.07603	0	0	0	0	0	0	0	0	0	0	0	0	0	0	0	0	0	0	0	0	0	0	0	0	0	0	0	0	0	0	0	0	0	0	0	0	0	0	10.43196	0	0	0	0	7.02016	8.94005	5.42759	3.22569	0	0	0	0	0	0	0	0.67473	5.20008	0	0	0	4.05477	0	0	0	3.47816	5.83422	7.06086	4.3156	5.20078	0	7.92893	5.93609	6.65651	7.45711	0	5.07881	0	0	0	0	
0	0	0	0	0	0	0	0	0	0	0	0	0	0	0	0	0	0	0	0	0	0	0	0	0	0	0	0	0	0	0	0	0	0	0	0	0	0	0	0	0	0	0	0	0	0	0	0	2.73658	0	0	0	0	0	0	0	0	0	0	0	0	0	0	0	0	0	0	0	0	7.4174	10.28145	9.23522	7.40644	0	8.10642	5.92904	0	8.90189	0	0	0	7.96725	8.24198	0	3.67917	0	0	0	0	1.45259	0	1.78861	1.99432	0	2.37131	0	0	0	0	0	
0	0	0	0	0	0	0	0	0	0	0	0	0	0	0	6.28828	0	0	0	0	0	0	0	0	0	0	0	0	0	0	0	0	0	0	5.37673	0	0	0	0	0	0	0	0	0	0	0	0	0	0	0	0	0	0	0	0	0	0	0	0	0	0	0	0	0	0	0	0	3.0796	0	0	0	0	0	6.89925	0	0	0	0	0	0	0	3.87922	0	0	5.88005	0	4.09348	2.97155	4.04474	10.04003	7.72041	0	8.85622	0	0	0	0	0	0	0	
0	0	0	0	0	0	0	0	0	0	0	0	0	0	0	0	0	0	0	0	0	0	0	0	0	0	0	0	0	0	0	0	0	0	0	0	0	0	0	0	0	0	0	0	0	0	0	0	9.10302	0	0	0	0	0	0	0	0	0	0	7.79008	0	0	0	0	0	7.88619	0	0	0	0	0	9.28847	0	0	0	0	0	12.29752	0	5.49607	11.01553	0	0	7.2238	0	0	0	0	0	0	0	0	0	0	0	0	0	0	0	0	
0	0	0	0	0	0	0	0	0	0	0	0	0	0	0	0	0	0	0	0	0	0	0	0	0	0	0	0	0	0	0	0	0	0	0	0	0	0	0	0	0	0	0	0	0	0.67473	0	0	0	0	0	0	0	0	0	2.77582	0	0	12.45297	0	0	0	0	0	8.27142	0	0	0	0	0	0	2.45215	0	0.92182	0	0	4.88862	0	0	0	2.13104	5.74213	3.46129	7.89145	0	0	0	8.02949	9.02862	0	4.07056	11.41688	9.48555	0	0	0	0	0	0	0	
0	0	0	0	0	0	0	0	0	0	0	0	0	0	0	0	0	0	0	0	0	0	0	0	0	0	0	0	0	0	0	0	0	0	0	0	0	0	0	0	0	0	0	0	0	0	0	0	0	0	0	0	0	0	0	0	0	0	0	0	0	0	0	0	0	0	0	0	0	0	0	0	0	0	0	0	0	0	0	0	0	0	0	0	0	0	6.52723	0	0	0	0	9.11237	0	0	0	0	0	0	0	0	
0	0	0	0	0	0	0	0	0	0	0	0	0	0	0	0	0	0	0	0	0	0	0	0	0	0	0	0	0	0	0	0	0	0	0	0	0	0	0	0	0	0	0	0	0	0	0	0	0	0	0	0	0	0	0	0	0	0	0	0	0	0	0	0	0	0	0	0	0	0	9.57501	0	0	0	0	0	1.31661	0	0	6.97905	0	0	0	9.6637	0	0	0	5.68335	0	0	5.59872	9.08491	0	0	0	0	0	0	0	0	
0	0	0	0	0	0	0	0	0	0	0	0	0	0	0	0	0	0	0	0	0	0	0	0	0	0	0	0	0	0	0	0	0	0	0	0	0	0	0	0	0	0	0	0	0	0	0	0	0	0	0	0	0	0	0	0	0	0	0	3.55256	0	0	0	0	0	0	0	0	0	0	2.09751	0	0	0	0	0	0	0	0	0	0	0	0	0	0	0	2.2857	0	0	0	0	0	0	0	0	0	0	0	0	0	
0	0	0	0	0	0	0	0	0	0	0	0	0	0	0	0	0	0	0	0	0	0	0	0	0	0	0	0	0	0	0	0	0	0	0	0	0	0	0	0	0	0	0	0	0	0	0	0	0	0	0	0	0	0	0	0	0	0	0	0	0	0	0	0	0	0	0	0	0	8.22329	0	0	0	0	0	0	0	0	7.55414	0	0	0	0	0	0	0	0	0	10.06924	9.20784	0	0	0	0	0	0	0	0	0	0	
0	0	0	0	0	0	0	0	0	0	0	0	0	0	0	0	0	0	0	0	0	0	0	0	0	0	0	0	0	0	0	0	0	0	0	0	0	0	0	0	0	0	0	0	0	0	0	0	0	0	0	0	0	0	0	0	0	0	0	0	0	0	0	0	0	0	0	0	0	0	0	0	0	0	0	0	0	0	0	0	0	0	0	0	0	0	0	0	0	0	0	0	0	0	0	0	0	0	0	0	
0	0	0	0	0	0	0	0	0	0	0	0	0	0	0	0	0	0	0	0	0	0	0	0	0	0	0	0	0	0	0	0	0	0	0	0	0	0	0	0	0	0	0	0	0	0	0	0	0	0	0	0	0	0	0	0	0	0	7.32116	0	0	0	0	0	0	0	0	0	0	0	0	0	0	0	0	6.9934	0	0	0	0	0	0	0	0	0	0	0	0	0	0	0	0	0	0	0	0	0	0	0	0	
0	0	0	0	0	0	0	0	0	0	0	0	0	0	0	0	0	0	0	0	0	0	0	0	0	0	0	0	0	0	0	0	9.48255	0	0	0	0	0	0	0	0	0	0	0	0	0	0	0	0	0	0	0	0	0	0	0	0	0	0	0	0	0	0.37651	0	0	0	0	0	0	0	0	0	0	0	0	0.37651	0	0	0	0	0	0	0	0	0	0	0	0	0	0	0	0	0	0	0	0	0	0	0	0	
0	0	0	0	0	0	0	0	0	0	0	0	0	0	0	0	0	0	0	0	0	0	0	0	0	0	0	0	0	0	0	0	0	0	0	0	0	0	0	0	0	0	0	0	0	0	0	0	0	0	0	0	0	0	0	0	0	0	0	0	0	0	0	0	0	0	0	0	0	0	0	0	0	0	0	0	0	0	0	0	0	0	0	0	0	0	0	0	0	0	0	0	0	0	0	0	0	0	0	0	
0	0	0	0	0	0	0	0	0	0	0	0	0	0	0	0	0	0	0	0	0	0	0	0	0	0	0	0	0	0	0	0	0	0	0	0	0	0	0	0	0	0	0	0	0	0	0	0	0	0	0	0	0	0	0	0	0	0	0	0	0	0	0	0	0	0	0	0	0	0	0	0	0	0	0	0	0	0	0	0	0	0	0	0	0	0	0	0	0	0	0	0	0	0	0	0	0	0	0	0	
0	0	0	0	0	0	0	0	0	0	0	0	0	0	0	0	0	0	0	0	0	0	0	0	0	0	0	0	0	0	0	0	0	0	0	0	0	0	0	0	0	0	0	0	0	0	0	0	0	0	0	0	0	0	0	0	0	0	0	0	0	0	0	0	0	0	0	0	0	0	0	0	0	0	0	0	0	0	0	0	0	0	0	0	0	0	0	0	0	0	0	0	0	0	0	0	0	0	0	0	
0	0	0	0	0	0	0	0	0	0	0	0	0	0	0	0	0	0	0	0	0	0	0	0	0	0	0	0	0	0	0	0	0	0	0	0	0	0	0	0	0	0	0	0	0	0	0	0	0	0	0	0	0	0	0	0	0	0	0	0	0	0	0	0	0	0	0	0	0	0	0	0	0	0	0	0	0	0	0	0	0	0	0	0	0	0	0	0	0	0	0	0	0	0	0	0	0	0	0	0	
0	0	0	0	0	0	0	0	0	0	0	0	0	0	0	0	0	0	0	0	0	0	0	0	0	0	0	0	0	0	0	0	0	0	0	0	0	0	0	0	0	0	0	0	0	0	0	0	0	0	0	0	0	0	0	0	0	0	0	0	0	0	0	0	0	0	0	0	0	0	0	0	0	0	0	0	0	0	0	0	0	2.86021	0	0	0	0	0	0	0	0	0	0	0	0	0	0	0	0	0	0	
0	0	0	0	0	0	0	0	0	0	0	0	0	0	0	0	0	0	0	0	0	0	0	0	0	0	0	0	0	0	0	0	0	0	0	0	0	0	0	0	0	0	0	0	0	0	0	11.60786	0	0	0	0	0	0	0	0	0	0	0	0	0	0	0	0	0	0	0	0	0	0	0	0	0	0	7.52918	0	0	0	0	0	0	0	0	0	0	0	0	0	0	0	0	0	0	0	0	0	0	0	0	0	
