0	0	0	0	0	0	0	0	0	0	0	0	0	0	0	0	0	0	0	0	0	0	0	0	0	0	0	0	0	0	0	0	0	0	0	0	0	0	0	0	0	0	0	0	0	0	0	0	0	0	0	7.11685	0	0	0	0	0	0	0	0	0	0	0	0	0	0	0	0	0	0	0	0	0	0	0	0	0	0	0	0	0	0	0	0	0	0	0	0	0	0	0	0	0	0	0	0	0	0	0	0	
0	0	0	0	0	0	0	0	0	0	0	0	0	0	0	0	0	0	0	0	0	0	0	0	0	0	0	0	0	0	0	0	0	0	0	0	0	0	0	0	0	0	0	0	0	0	0	12.05956	0	0	0	0	0	0	0	0	0	0	0	0	0	0	0	6.59687	0	0	0	0	0	0	0	0	0	0	0	0	0	0	0	0	0	0	0	0	0	0	0	0	0	0	0	0	0	0	0	0	0	0	0	0	
0	0	0	0	0	0	0	0	0	0	0	0	0	0	0	0	0	0	0	0	0	0	0	0	0	0	0	0	0	0	0	0	0	0	0	0	0	0	0	0	0	0	0	0	0	0	0	0	0	0	0	0	0	0	8.98339	0	0	0	0	0	0	0	0	0	0	0	0	0	0	0	0	0	0	0	0	0	0	0	0	0	0	0	0	0	0	0	0	0	0	0	0	0	0	0	0	0	0	0	0	0	
0	0	0	0	0	0	0	0	0	0	0	0	0	0	0	0	0	0	0	0	0	0	0	0	0	0	0	0	0	0	0	0	0	0	0	0	0	0	0	0	0	0	0	0	0	0	12.40282	10.37283	0	0	0	0	0	0	0	0	0	0	0	0	0	0	0	0	0	0	0	0	0	0	0	0	0	0	0	0	0	0	0	0	0	0	0	0	0	0	0	0	0	0	0	0	0	0	0	0	0	0	0	0	
0	0	0	0	0	0	0	0	0	0	0	0	0	0	0	0	0	0	0	0	0	0	0	0	0	0	0	0	0	0	0	0	0	0	0	0	0	8.85381	0	0	0	0	0	10.79215	0	0	0	0	0	0	0	0	0	0	0	0	0	0	0	0	0	0	0	0	0	0	0	0	0	0	0	0	0	0	0	0	0	0	0	0	0	0	0	0	0	0	0	0	0	0	0	0	0	0	0	0	0	0	0	0	
0	0	0	0	0	0	0	0	0	0	0	0	0	0	0	0	0	0	0	0	0	0	0	0	0	0	0	0	0	0	0	0	0	0	0	0	0	0	0	0	0	0	0	0	0	0	0	0	0	0	0	0	0	0	0	0	0	0	0	0	0	0	0	0	0	0	0	0	0	0	0	0	9.51423	0	0	0	0	0	0	0	0	0	0	0	0	0	0	0	0	0	0	0	0	0	0	0	0	0	0	0	
0	0	0	0	0	0	0	0	0	0	0	0	0	0	0	0	0	0	0	0	0	0	0	0	0	0	0	0	0	0	0	0	0	0	0	0	0	0	0	0	0	0	0	0	0	0	0	0	0	0	0	0	0	0	0	0	0	0	0	0	0	0	0	0	0	0	0	0	0	0	0	0	0	0	11.49168	0	0	0	0	0	0	0	0	0	0	0	0	0	0	0	0	0	0	0	0	0	0	0	0	0	
0	0	0	0	0	0	0	0	0	0	0	0	0	0	0	0	0	0	0	0	0	0	0	0	0	0	0	0	0	0	0	0	0	0	0	0	0	0	0	0	0	0	0	0	0	0	0	0	0	0	0	8.18199	0	0	0	11.17554	0	0	3.18679	0	0	0	0	0	0	0	0	0	0	0	0	0	0	0	0	0	0	0	0	0	0	0	0	0	0	0	0	0	0	0	0	0	0	0	0	0	0	0	0	0	
0	0	0	0	0	0	0	0	0	0	0	0	0	0	0	0	0	0	0	0	0	0	0	0	0	0	0	0	10.58491	0	0	0	0	0	0	0	0	0	0	0	0	0	0	0	0	0	0	0	0	0	0	0	0	0	0	0	0	0	0	0	0	0	0	0	0	0	0	10.31891	0	0	0	0	0	0	0	0	0	0	0	0	0	0	0	0	0	0	0	0	0	0	0	0	0	0	0	0	0	0	0	0	
0	0	0	0	0	0	0	0	0	0	0	0	0	0	0	0	0	0	0	0	0	0	0	0	0	0	0	0	0	0	0	0	0	0	0	0	0	0	0	0	0	0	0	0	0	0	0	0	0	0	0	0	0	0	0	8.2385	0	0	0	0	0	0	0	0	0	0	0	0	0	0	0	0	0	0	0	0	0	0	0	0	0	0	0	0	0	0	0	0	0	0	0	0	0	0	0	0	0	0	0	0	
0	0	0	0	0	0	0	0	0	0	0	0	0	0	0	0	0	0	0	0	0	0	0	0	0	0	0	0	0	0	0	0	0	0	0	0	0	0	0	0	0	0	0	0	0	0	0	0	0	0	0	0	0	0	0	0	0	0	0	0	0	0	0	0	0	0	0	9.73676	0	0	0	0	0	0	0	0	0	0	0	0	0	0	0	0	0	0	0	0	0	0	0	0	0	0	0	0	0	0	0	0	
0	0	0	0	0	0	0	0	0	0	0	0	0	0	0	0	0	0	0	0	0	0	0	0	0	0	0	0	0	0	0	0	0	0	0	0	0	0	0	0	0	0	0	0	0	0	0	0	0	0	0	0	0.79651	0	0	0	3.96152	0	0	0	0	0	0	0	0	0	0	0	0	0	0	1.8396	0	0	0	0	0	0	0	0	0	0	0	0	0	0	0	0	0	0	0	0	0	0	0	0	0	0	0	0	
0	0	0	0	0	0	0	0	0	0	0	0	0	0	0	0	0	0	0	0	0	0	0	0	0	0	0	0	0	0	0	0	0	0	0	0	0	0	0	0	0	0	0	0	0	0	0	0	10.50449	0	0	0	11.5953	0	0	0	0	0	0	0	0	0	0	0	0	0	0	3.29905	0	0	0	0	0	0	0	0	0	0	0	0	0	0	0	0	0	0	0	0	0	0	0	0	0	0	0	0	0	0	0	0	
0	0	0	0	0	0	0	0	0	0	0	0	0	0	0	0	0	0	0	0	0	0	0	0	0	0	0	0	0	0	11.57157	0	0	0	0	0	0	0	0	4.38515	0	0	0	0	0	0	0	9.79835	0	0	0	0	0	0	0	0	0	7.88531	5.76618	0	9.11775	0	0	6.55791	0	0	0	0	0	0	0	0	0	0	0	0	0	0	0	0	0	0	0	0	0	0	0	0	0	0	0	0	0	0	0	0	0	0	0	0	
0	0	0	0	0	0	0	0	0	0	0	0	0	0	0	0	0	0	0	0	0	0	0	0	0	0	0	0	0	0	0	0	0	0	0	0	0	0	0	0	0	0	0	0	0	0	0	0	0	0	0	0	0	0	6.56479	0	0	0	0	0	0	0	0	0	0	0	0	0	0	0	0	0	0	0	5.48687	0	0	0	0	0	0	0	0	0	0	0	0	0	0	0	0	0	0	0	0	0	0	0	0	0	
0	0	0	0	0	0	0	0	0	0	0	0	0	0	0	0	0	0	0	0	0	0	0	0	0	0	0	0	0	0	0	0	0	0	0	0	0	0	0	0	0	0	10.69834	0	0	0	0	0	0	0	0	0	9.83838	0	0	0	0	0	0	12.79701	0	0	0	0	0	0	0	0	0	0	0	8.21543	0	0	0	0	0	0	0	0	0	0	0	0	0	0	0	0	0	0	0	0	0	0	0	0	0	0	0	0	
0	0	0	0	0	0	0	0	0	0	0	0	0	0	0	0	0	0	0	0	0	0	0	0	0	0	0	0	0	0	0	0	0	0	0	0	0	0	0	0	0	0	0	5.84311	0	0	0	12.71387	0	0	0	10.03312	0	0	0	0	0	0	4.60246	0	0	0	0	0	0	0	0	0	0	0	0	0	0	0	0	0	0	0	0	0	0	0	0	0	0	0	0	0	0	0	0	0	0	0	0	0	0	0	0	0	
0	0	0	0	0	0	0	0	0	0	0	0	0	0	0	0	0	0	0	0	0	0	0	0	0	0	0	0	0	0	0	0	0	0	0	0	0	0	0	0	0	0	8.2385	0	0	0	0	0	0	0	0	0	0	0	0	6.75779	0	0	0	0	0	0	0	0	0	0	1.30673	0	2.43864	0	0	0	0	0	0	0	0	0	0	0	0	0	0	0	0	0	0	0	0	0	0	0	0	0	0	0	0	0	0	0	
0	0	0	0	0	0	0	0	0	0	0	0	0	0	0	0	0	0	0	0	0	0	0	0	0	0	0	0	0	0	0	0	0	0	0	0	0	0	0	0	11.89864	0	0	0	0	0	0	0	0	0	0	0	0	0	0	0	0	0	0	0	0	0	0	0	0	0	0	0	0	0	0	0	0	0	0	0	0	0	0	0	0	0	0	0	0	0	0	0	0	0	0	0	0	0	0	0	0	0	0	0	
0	0	0	0	0	0	0	0	0	0	0	0	0	0	0	0	0	0	0	0	0	0	0	0	0	0	0	0	0	0	0	0	0	0	0	0	0	0	0	0	0	0	0	0	0	0	0	4.99771	0	0	4.19104	0	0	0	0	0	0	0	0	0	0	0	0	0	0	0	0	0	0	0	0	0	0	0	0	0	9.35614	0	0	0	0	0	0	0	0	0	0	0	0	0	0	0	0	0	0	0	0	0	0	0	
0	0	0	0	0	0	0	0	0	0	0	0	0	0	0	0	0	0	0	0	0	0	0	0	0	0	0	0	0	0	0	0	0	0	0	0	0	0	0	0	0	0	0	0	0	0	0	5.63328	0	0	6.51205	10.87855	0	0	0	0	6.7605	0	9.19679	0	9.47593	0	0	0	0	9.20672	0	0	0	0	0	0	0	0	0	0	0	0	0	0	0	0	0	0	0	0	0	0	0	0	0	0	0	0	0	0	0	0	0	0	
0	0	0	0	0	0	0	0	0	0	0	0	0	0	0	0	0	0	0	0	0	0	0	0	0	0	0	0	0	0	0	0	0	0	0	0	0	0	0	0	0	8.81775	0	0	0	0	0	0	0	0	0	0	0	0	0	0	0	0	0	0	0	0	0	0	0	0	0	0	0	0	0	0	0	0	0	0	0	0	0	0	0	0	0	0	0	0	0	0	0	0	0	0	0	0	0	0	0	0	0	0	
0	0	0	0	0	0	0	0	0	0	0	0	0	0	0	0	0	0	0	0	0	0	0	0	0	0	0	0	0	0	0	8.45542	0	0	0	0	0	0	0	0	0	0	0	0	0	0	0	9.45109	0	0	0	0	0	0	0	0	0	0	0	0	0	0	0	1.07403	0	0	0	1.8396	0	0	0	0	0	0	0	0	0	0	0	0	0	0	0	0	0	0	0	0	0	0	0	0	0	0	0	0	0	0	0	0	
0	0	0	0	0	0	0	0	0	0	0	0	0	0	0	0	0	0	0	0	0	0	0	0	0	0	0	0	0	0	0	11.10924	0	0	0.45249	0	0	0	0	0	0	0	0	0	0	0	0	0	0	0	0	0	0	0	0	0	0	0	0	0	0	0	0	0	0	0	0	0	0	0	0	0	0	0	0	0	0	0	0	0	0	0	0	0	0	0	0	0	0	0	0	0	0	0	0	0	0	0	0	0	
0	0	0	0	0	0	0	0	0	0	0	0	0	0	0	0	0	0	0	0	0	0	0	0	0	0	0	0	0	0	0	0	0	0	0	0	0	0	0	0	0	0	0	10.27407	0	0	0	0	0	16.62695	0	0	0	0	9.10903	0	0	0	0	0	0	0	0	0	0	0	0	0	0	0	0	0	0	0	0	0	0	0	0	3.18894	0	0	0	0	0	0	0	0	0	0	0	0	0	0	0	0	0	0	0	0	
0	0	0	0	0	0	0	0	0	0	0	0	0	0	0	0	0	0	0	0	0	0	0	0	0	0	0	0	0	0	0	0	6.44652	0	0	0	0	0	0	0	0	0	0	0	0	0	0	6.14233	0	0	4.66077	0	0	0	0	0	0	0	7.62753	0	0	0	0	0	0	0	0	0	0	0	0	0	0	0	0	0	0	0	0	0	0	0	0	0	0	6.46621	0	0	0	0	0	0	0	0	0	0	0	0	0	0	
0	0	0	0	0	0	0	0	0	0	0	0	0	0	0	0	0	0	0	0	0	0	0	0	0	0	0	0	0	0	0	0	0	0	0	0	0	0	0	10.31596	0	0	0	0	14.80239	0	3.06504	0	0	0	0	0	0	0	0	0	0	0	0	0	0	0	0	0	0	0	0	0	0	0	0	0	0	0	0	0	0	0	0	0	0	0	0	0	0	0	0	0	0	0	0	0	0	0	0	0	0	0	0	0	
0	0	0	0	0	0	0	0	0	0	0	0	0	0	0	0	0	0	0	0	0	0	0	0	0	0	0	0	0	0	0	0	0	0	0	8.76496	0	0	0	0	0	0	0	0	0	0	0	8.26983	0	0	0	0	0	7.27681	0	0	0	0	0	0	9.14609	0	0	0	0	0	0	0	0	0	0	0	0	0	0	0	0	0	0	0	0	0	0	0	0	0	0	0	0	0	0	0	0	0	0	0	0	0	0	0	
0	0	0	0	0	0	0	0	0	0	0	0	0	0	0	0	0	0	0	0	0	0	0	0	0	0	0	0	0	0	0	0	0	0	0	0	0	0	0	0	0	13.79877	0	0	0	0	0	0	0	0	0	0	0.79651	0	0	0	0	0	0	0	0	0	0	0	0	0	0	0	0	0	0	5.64395	0	0	0	0	0	0	0	0	0	0	0	0	0	0	0	0	0	0	0	0	0	0	0	0	0	0	0	0	
0	0	0	0	0	0	0	0	0	0	0	0	0	0	0	0	0	0	0	0	0	0	0	0	0	0	0	0	0	0	0	0	0	0	0	0	0	0	0	0	7.31011	0	0	0	8.92334	0	0	6.87695	0	0	2.22786	10.96458	0	0	0	10.63757	0	0	9.90144	0	3.244	0	0	0	0	0	0	0	0.45249	0	0	0	0	0	0	0	0	0	0	0	0	0	0	0	0	0	0	0	0	0	0	0	0	0	0	2.86068	0	0	0	0	
0	0	0	0	0	0	0	0	0	0	0	0	0	0	0	0	0	0	0	0	0	0	0	0	0	0	0	0	0	0	0	0	0	0	0	0	0	0	0	0	0	0	0	0	10.31429	0	0	0	0	0.45249	0	0	7.84657	0	0	0	0	7.38516	0	0	0	10.37359	0	0	0	0	0	0	0	0	0	0	0	0	0	0	0	0	0	0	0	0	0	0	0	0	0	0	0	0	0	0	0	0	0	0	0	0	0	0	
0	0	0	0	0	0	0	0	0	0	0	0	0	0	0	0	0	0	0	0	0	0	0	0	0	0	0	0	0	0	0	0	0	0	0	0	0	0	0	0	0	0	0	10.44167	0	0	9.49521	0	0	0	4.48348	0	0	0	0	0	0	0	0	2.53351	0	0	0	0	8.04074	0	0	2.10969	0	0	0	0	10.02851	0	0	0	1.07403	0	0	0	0	0	0	0	0	0	0	0	0	0	0	0	0	0	0	0	0	0	0	0	
0	0	0	0	0	0	0	0	0	0	0	0	0	0	0	0	0	0	0	0	0	0	0	0	0	0	0	0	0	0	0	0	0	0	0	0	0	0	0	0	0	0	0	0	0	0	0	11.29502	0	0	0	8.41608	0.45249	0	0	6.2718	0	0	0	0	0	0	0	0	0	0	0.45249	4.72371	0	0	0	0	0	11.2861	0	0	0	0	0	0	0	0	0	0	0	0	0	0	0	0	0	0	0	0	0	0	0	0	0	0	
0	0	0	0	0	0	0	0	0	0	0	0	0	0	0	0	0	0	0	0	0	0	0	0	0	0	0	0	0	0	0	0	0	0	0	0	0	10.29834	0	0	0	0	0	0	0	0	0	0	2.10969	0	0	7.0549	0	0	13.29807	0	9.16843	0	0	4.94692	0	1.68289	0	0	0	0	0	0	0	0	0	0	0	0	6.48583	4.41038	0	0	0	0	0	0	0	0	0	0	0	0	0	0	0	0	0	0	0	0	0	0	0	0	
0	0	0	0	0	0	0	0	0	0	0	0	0	0	0	0	0	0	0	0	0	0	0	0	0	0	0	0	0	0	0	0	0	0	0	0	0	0	0	0	0	0	16.68021	0	0	11.2666	0	12.38534	0	0	5.53352	0	11.20669	0	10.68452	0	0	0	0	0	0	0	0	7.85348	0	0	0	10.47043	0	0	4.33336	0	0	0	0	0	0	0	4.25201	0	0	0	0	0	0	0	0	0	0	0	0	0	0	0	0	0	0	0	0	0	
0	0	0	0	0	0	0	0	0	0	0	0	0	0	0	0	0	0	0	0	0	0	0	0	0	0	0	0	0	0	0	0	0	0	0	0	0	0	0	0	0	0	0	0	0	0	0	8.12312	9.4677	0	0	6.39692	0	0	0	0	0	0	0	0	0	0	0	0	2.43864	0	0	0	0	0	0	0	0	0	0	0	0	0	0	0	0	0	0	0	0	0	0	0	0	0	4.10531	0	0	0	0	0	0	0	0	0	
0	0	0	0	0	0	0	0	0	0	0	0	0	0	0	0	0	0	0	0	0	0	0	0	0	0	0	0	0	0	0	0	0	0	0	0	0	0	0	0	0	0	0	0	0	0	0	9.87621	0	0	0	0	10.78645	4.98098	0	0	0	0	9.08564	12.12494	0	0	0	0	0	0	0	0	0	0	0	0	0	0	0	0	0	0	0	0	0	0	0	0	0	0	0	0	0	0	0	0	0	0	0	0	0	0	4.83962	0	
0	0	0	0	0	0	0	0	0	0	0	0	0	0	0	0	0	0	0	0	0	0	0	0	0	0	0	0	0	0	0	0	0	0	0	0	0	0	0	0	0	0	8.55347	0	0	0	0	0	0	8.50116	0	3.90698	0	7.75849	0	0	0	0	0	0	0	0	0	0	8.6117	0	0	0	0	0	0	0	0	0	0	0	3.29905	0	0	0	0	0	0	0	0	0	0	0	0	0	0	0	0	0	0	0	0	0	0	0	
0	0	0	0	0	0	0	0	0	0	0	0	9.08574	0	0	0	0	0	0	0	0	0	0	0	0	0	0	0	0	0	9.06306	0	0	0	0	0	0	0	0	0	0	0	10.06171	0	0	0	0	5.82362	0	0	10.26287	0	0	7.41764	4.41038	0	9.36933	0	0	0	0	0	0	8.7089	5.10972	9.26231	0	0	0	0	0	0	0	0	0	0	0	0	0	0	0	0	0	0	0	0	0	0	0	0	0	0	0	0	0	0	0	0	0	0	
0	0	0	0	0	0	0	0	0	0	0	0	0	0	0	0	0	0	0	0	0	0	0	0	0	0	0	0	0	0	0	0	0	0	0	0	0	0	0	0	0	0	0	0	0	9.98701	4.82094	0	0	13.18869	0.45249	7.10241	4.8465	0	8.36319	8.19385	0	0	0	0	13.16747	0	0	0	0	0	0	0	0	7.40391	0	0	0	0	0	0	2.82977	0	0	0	0	0	0	0	0	0	0	0	0	0	0	0	0	0	0	0	0	0	0	0	
0	0	0	0	0	0	0	0	0	0	0	0	0	0	0	8.78679	0	0	0	0	0	0	0	0	0	0	0	0	0	0	0	0	0	0	0	2.22786	11.44973	0	0	0	0	0	0	4.94692	0	10.38953	7.4125	8.22967	2.10969	9.66851	0	0	5.57871	0	9.43582	0	0	0	0	2.62251	0	7.45347	0	9.77972	0	8.24552	0	0	10.81003	0	8.3551	0	0	0	0	10.72308	0	4.10531	0	5.39398	0	0	0	0	0	0	0	0	0	0	8.72783	0	0	0	0	0	0	0	0	0	
0	0	0	0	0	0	0	0	0	0	0	0	0	0	0	0	0	0	0	0	0	0	0	0	0	0	10.68839	0	0	0	0	4.83962	0	0	5.84227	0	0	0	0	0	9.50986	0	0	0	0	0	0	0	8.05123	4.75534	0.45249	10.55413	9.71352	0	12.11047	0	11.28355	0	4.92171	0	0.79651	8.62122	0	0	0	7.37238	0	0	0	0	0	0	0	7.18418	0	0	0	0	0	0	0	0	0	0	0	0	0	0	0	0	0	0	0	0	0	0	8.59805	0	0	0	
0	0	0	0	0	0	0	0	0	0	0	0	0	0	0	0	0	0	0	9.82379	0	0	0	0	0	0	0	0	0	0	0	0	0	0	0	0	0	0	0	0	0	0	0	13.30751	0	0	11.97681	11.92703	12.90726	0	9.36986	6.5764	10.35341	0	0	0	13.18115	0	0	8.18036	4.18907	0	0	13.13203	0	3.244	0	10.27579	0	0	0	0	0	0	0	0	0	0	0	0	0	0	0	0	0	0	0	0	0	0	8.20417	0	0	0	0	0	0	0	0	0	
0	0	0	0	0	0	0	0	0	0	0	0	9.38186	0	0	0	0	0	0	9.33736	0	0	0	0	0	0	0	0	0	0	0	0	0	6.9546	0	0	0	0	0	0	0	12.87018	13.19448	0	5.74561	0	0	2.06293	8.30387	0	0	8.80239	6.11484	4.80182	9.65968	3.75778	5.66123	5.55465	7.40025	0	0	0	0	0	1.8396	0	0	0	0	0	0	0	0	0	0	0	0	0	9.97722	0	0	0	0	0	0	0	0	0	0	0	0	0	0	0	0	0	0	0	0	0	
0	0	0	0	0	0	0	0	0	0	0	0	0	0	0	0	0	0	0	0	0	0	0	13.08899	0	0	0	0	0	0	0	0	0	0	0	0	0	0	11.64195	0	0	0	8.4544	8.48242	0	0	6.45426	5.95085	0	9.1241	7.47454	6.67111	0	0	0	0	0	4.92922	13.91377	8.77955	8.33877	0	0	0	10.36394	0	0	0	0	0	0	0	0	0	0	0	0	0	0	0	0	0	0	0	0	0	0	0	0	0	0	0	0	0	0	0	0	0	0	0	
0	0	6.82497	0	0	0	0	0	0	0	0	0	0	0	0	0	0	0	0	0	0	0	0	0	0	0	0	0	0	0	0	0	0	0	0	0	0	0	0	0	8.73878	0	0	0	0	8.76862	0	7.1275	9.22904	11.33038	0	6.56354	8.90904	7.64797	0	11.094	0	0	3.54657	0	8.52889	0	6.98458	11.41725	0	0	0	0	0	0	0	7.9245	0	0	0	0	0	0	0	0	0	0	0	0	0	0	0	0	0	0	0	0	0	0	0	0	0	0	0	0	
0	0	0	0	0	0	0	0	0	0	0	11.41919	0	0	0	0	0	0	0	0	0	0	0	0	0	0	0	0	0	0	0	0	7.40097	0	0	0	0	9.11489	13.56585	7.27622	4.45952	7.01227	0	0	11.65188	8.96827	11.23483	5.78512	9.73686	0	11.15448	0	4.72804	4.94599	0	11.5607	5.57819	6.08683	0	0	0	0	0	0	0	0	0	3.29905	0	0	0	0	6.17948	0	0	3.29905	0	0	8.69101	0	0	0	0	0	0	0	0	0	0	0	0	0	0	0	0	8.82299	0	0	0	0	
0	0	0	0	0	0	0	0	0	0	0	0	0	0	0	0	0	0	0	0	0	0	0	0	0	0	0	0	0	0	0	0	0	0	7.56715	10.08233	0	0	0	6.85742	0	11.68149	0	9.80936	12.69772	9.56018	7.75085	5.81162	4.6128	10.76674	11.47138	10.17823	2.22786	8.99432	0	0	6.79723	0	0	5.60147	8.72407	0	0	0	0	0	0	0	0	0	0	0	0	0	0	0	0	0	1.68289	0	0	0	0	0	0	0	0	10.14623	0	0	0	0	0	0	0	0	0	0	0	0	
0	0	0	0	0	0	0	0	9.54871	0	12.08549	0	0	0	0	0	0	0	0	0	0	0	0	0	0	0	6.85283	0	0	0	0	0	0	0	3.50034	0	0	13.44029	10.46216	0	6.68992	6.79177	0	2.10969	0	10.83604	3.36664	7.66767	7.07591	7.80257	0	7.23887	1.30673	0	0	0	9.17356	8.50747	0	0	0	0	3.00007	0	0	0	7.26589	0	0	0	0	0	0	0	0	0	0	0	0	0	0	0	0	0	0	0	0	0	0	0	0	0	0	0	0	0	0	0	0	0	
0	0	0	0	0	0	0	0	0	0	0	11.39275	0	0	8.26983	0	0	0	0	0	0	0	0	0	0	0	0	0	0	0	0	10.74058	0	0	7.87629	0	10.71993	0	0	9.47934	2.33711	0	8.0989	8.39489	9.36014	7.43677	10.05381	8.5848	4.96612	7.40876	6.47964	8.73883	9.19865	7.67455	0	4.48348	8.72948	0	0	0.79651	6.93766	3.88047	0	12.22282	0	0	0	0	0	0	0	0	0	0	0	7.15139	0	0	0	0	0	0	0	7.69834	0	0	0	0	0	0	0	0	0	0	0	0	0	0	0	0	
0	0	0	0	0	0	0	0	0	0	0	0	12.33613	0	0	0	0	0	0	0	0	0	0	0	0	0	0	0	0	8.95153	0	0	7.69064	0	4.80201	0	11.46654	0	13.1673	10.35625	10.29878	9.25276	9.97556	7.19935	7.81978	4.1958	10.46023	10.06029	7.16579	9.24969	6.61531	12.11671	10.5449	5.75931	5.67678	5.20326	10.26312	0	0	4.50705	8.15144	0	0	0	0	0	0	0	0	0	0	0	0	9.49683	0	0	0	0	0	0	9.581	0	0	0	0	0	0	0	0	0	0	0	0	0	0	0	0	0	0	0	
0	0	0	0	0	0	0	12.86092	0	0	0	9.5803	0	0	0	0	0	0	0	0	0	0	0	0	0	0	0	7.81859	0	0	6.34555	0	12.04116	0	0	0	0.79651	8.24902	7.02116	10.47799	9.83162	3.78011	0	9.86729	9.88191	8.26099	8.56142	6.60207	10.27717	8.97696	5.74831	9.41169	9.76859	9.91085	7.91199	5.07722	12.94758	5.33777	4.3364	8.99593	5.26081	12.67681	2.53351	0	8.75515	0	0	0	0	0	0	0	0	10.46856	0	0	0	0	0	0	0	0	0	0	0	0	0	0	0	0	0	0	0	0	0	0	0	0	0	0	
8.58841	0	0	0	0	0	0	0	7.33023	0	0	0	10.31387	0	0	0	0	0	0	0	0	0	0	0	11.26617	0	0	7.76339	0	0	0	0	8.19744	0	11.52766	7.55023	0	7.34649	9.74469	4.98434	8.27499	8.28072	5.24725	8.96783	10.92169	8.8325	7.30553	8.97042	6.28334	6.01913	8.54636	5.90483	6.17577	8.18102	12.24907	8.16091	9.50549	6.68791	0	9.51059	0	1.07403	0	3.62522	0	8.57454	0	0	0	0	0	0	0	0	0	0	0	0	0	0	0	0	4.00694	0	0	7.25852	0	0	0	0	0	0	0	0	0	0	0	0	0	0	
0	0	0	10.75849	0	0	0	0	0	0	0	0	0	0	0	0	0	0	8.61306	0	0	9.91306	0	7.8373	11.84797	8.61983	0	0	10.68419	9.3316	11.88976	0	7.70345	0	0	0	0	9.79423	9.16295	7.97093	8.01176	7.18857	7.49179	8.92544	8.72395	9.57637	7.10885	8.9882	8.38456	6.21818	9.9528	5.49104	10.15988	7.67784	5.72075	8.67041	0	2.40599	5.6825	7.8801	0	1.98098	10.11972	0	0	0	0	0	0	3.83431	0	0	8.99697	0	0.45249	2.62251	10.99616	3.24457	0	0	0	0	0	0	0	0	0	0	0	0	0	0	0	0	0	0	0	0	0	0	
8.46748	0	0	0	10.62012	8.40163	0	0	0	0	0	0	0	0	0	0	0	8.11739	0	0	0	0	0	0	9.69953	0	7.24254	9.14915	0	11.15424	9.85626	0	0	0	10.89315	6.59687	6.00093	11.30967	11.18813	8.26689	6.86389	8.73035	8.14499	8.38887	8.35467	8.88659	9.30155	7.43914	7.07935	10.65633	2.57982	9.13845	9.48857	6.05343	8.49019	10.84789	8.3188	5.652	1.46603	8.64499	11.0503	0	5.29542	9.24226	10.5703	10.25984	10.60813	0	0	0	0	0	0	0	2.10969	0	0	0	0	0	0	0	0	0	0	0	0	0	0	0	0	0	0	0	0	0.45249	0	0	0	0	
0	0	0	0	0	0	0	0	6.05708	0	8.2612	0	0	0	0	0	4.16578	12.81615	11.09764	6.32581	9.98406	7.09486	0	0	0	12.97518	0	6.2649	6.10179	10.3919	0	9.99712	10.33254	9.13977	7.85898	10.67012	5.7045	6.34609	8.42921	7.68229	7.95315	7.9088	6.01851	7.76593	9.38693	7.03914	7.2857	8.24443	7.17846	7.20724	6.59709	10.61927	5.95867	7.82093	5.15729	6.43156	5.81678	8.4077	0	9.72362	7.25619	8.18836	6.49104	0	6.71242	11.0104	3.29905	0	0	0	0	8.84459	0	0	2.22786	0	0	0	9.47294	0	0	0	0	0	0	7.50705	0	0	0	0	0	0	0	0	0	0	0	0	0	0	
0	9.64679	0	0	10.57866	9.18131	0	0	0	0	0	0	0	0	4.10531	11.37725	0	10.42592	10.54655	0	10.29241	0	9.53577	0	0	0	0	0	9.3027	10.41116	7.3532	0	6.44041	7.46345	8.15518	6.54879	8.20403	9.66854	7.81369	7.84555	8.50674	7.78793	7.03487	8.1412	7.84859	6.66071	7.82563	8.18792	7.25736	7.29256	5.84964	7.14486	7.93881	5.73775	8.42655	3.9335	3.00007	5.18248	5.85308	7.74853	0	9.03395	0	11.19404	10.46903	2.70635	7.15969	0.45249	0	0	0	0	0	0	0	2.78557	0	0	0	0	9.54678	0	0	0	0	0	0	0	0	0	0	0	0	0	0	0	0	0	0	0	
0	9.77245	10.38158	0	9.81032	0	0	0	0	0	8.61848	0	0	0	10.07705	2.53351	0	9.67957	0	0	7.52736	5.2279	7.51737	7.50739	6.36503	9.25537	0	5.30736	6.2649	9.01949	11.42036	10.65976	10.25694	11.22486	10.08838	5.27954	8.71096	7.29445	6.47482	6.88964	5.34364	7.95078	7.19014	7.06703	7.86851	6.44098	7.63063	8.51537	9.46063	8.32588	7.16423	8.25191	7.73272	6.75215	5.63436	5.88097	9.06421	6.35172	6.5829	10.27235	0	6.97182	9.25162	8.37017	1.46603	0.45249	0.45249	0	0	0	0	8.43085	0	0	8.75884	0	7.22739	0	0.79651	0	0	0	0	4.14263	0	2.45602	0	0	0	0	0	0	0	0	0	0	0	0	0	0	
0	0	0	0	0	0	0	0	6.37147	0	10.19783	11.03341	0	0	0	0	0	0	10.67545	0	10.1481	0	0	0	0	10.12639	10.40495	0	0	6.59137	6.54931	3.54657	10.13066	7.72749	9.69632	7.57839	10.29623	10.15187	6.33456	7.59784	4.75542	8.07034	8.89305	9.00269	7.52646	7.73877	6.47925	8.2113	8.10368	8.41694	6.74097	5.65457	5.51341	7.17297	8.0784	8.36081	8.84379	8.2876	8.84228	7.28508	6.84642	4.90153	6.02512	5.95124	0	10.02761	0	6.80482	0	0	0	0	0	0	0	0	0	0	0	0	0	6.33242	0	0	0	0	0	10.10106	12.66557	4.53024	0	0	0	0	0	0	0	0	0	0	
0	0	0	0	0	0	0	0	11.40848	9.89307	0	2.86068	0	12.79544	0	0	0	0	10.44205	4.17686	0	0	0	8.21922	3.244	8.94615	0.79651	9.71685	6.35077	9.19986	0	7.41588	6.25912	4.21871	4.4791	6.06936	8.17076	5.64423	9.83037	5.21455	6.70327	7.78947	7.92841	7.14512	6.02741	6.53706	7.87332	6.56494	6.92785	8.46405	8.10093	6.84501	7.65178	6.02786	8.55436	8.46303	4.18945	10.45142	8.58565	6.46324	6.90073	10.00118	8.25391	4.33336	1.43034	9.00793	10.6871	0	0	0	0	0	0	4.13586	11.0296	0	0	0	11.83967	0	0	0	0	0	0	0	0	0	4.6409	0	1.8396	0	0	0	0	0	0	0	0	0	
0	0	9.96025	6.26542	0	10.764	0	1.50701	9.71542	0	0	0	0	0	0	0	0	6.57142	0	0	0	0	0	10.28263	0	8.70763	0	10.33986	10.1579	7.74347	0	9.84376	0	12.44633	4.93439	8.20982	6.39042	6.59753	1.26637	9.46099	6.7576	9.69863	6.54965	6.82894	7.20686	7.39441	5.93232	6.8782	6.52815	8.16472	8.3584	7.28222	8.23453	7.03055	7.10805	4.88847	7.10344	7.7352	7.59342	7.63664	9.91881	6.88653	2.8941	8.67419	9.30466	0	0	5.55471	6.82027	5.38879	3.86186	0	11.82773	0	0.39826	0	5.22014	0	0	0	0	0	5.23544	0	0	0	0	0	0	0	0	0	0	0	0	0	0	0	0	0	
0	0	0	0	0	0	0	0	1.07403	0	10.63724	7.69064	8.94992	0	12.6079	0	0	9.97035	0	4.83962	0	0	0	0	0	0	6.50036	3.12719	4.46495	0	6.80875	10.13247	5.8293	8.03449	4.76973	8.52618	8.30053	8.47723	7.03671	9.52784	8.21397	5.69737	5.88731	7.78585	7.55834	8.27044	3.58399	7.09215	7.35943	6.11134	6.30135	7.56189	8.42757	7.57699	6.95868	5.33841	5.43111	6.53446	7.80198	6.77573	5.05895	4.72372	5.80783	4.64681	0	5.13606	10.0018	5.9387	0	0	6.76758	0	4.06315	4.93328	0	13.24239	0	0	0	0	0	0	0	0	0	0	0	0	6.22073	0	0	0	0	0	0	0	0	0	0	0	
0	0	0	0	0	0	0	0	0	9.71226	0	0	10.29749	0	0	0	0	0	0	0	0	0	0	8.75788	0	0	9.27335	0	0	4.40389	6.79951	0	0	5.74304	11.00911	7.08588	7.84426	1.30673	0	8.74899	3.42411	11.91028	5.9208	3.83342	9.27045	5.99771	7.10395	8.36825	9.53536	6.28196	5.59582	9.18788	6.51213	5.76499	7.91235	5.7036	8.38385	6.09493	4.50037	5.32812	5.48539	4.68051	5.7904	3.57795	6.26233	5.80677	8.1737	4.61944	4.76651	0	0	7.35625	0	5.32391	0	8.57732	8.60762	0	0	0	0	0	0	0	11.86483	0	0	0	0	0	0	8.99697	0	0	0	0	3.06504	0	0	0	
0	0	0	0	0	0	0	0	0	0	0	11.31768	0	0	0	0	0	6.01228	11.71572	0	0	0	0	6.08084	0	0	0	6.01661	0	0	0	0	7.32901	5.99417	6.83042	0	5.37556	10.01489	0.65337	0.6245	5.00454	9.00183	8.4965	3.82893	0	9.09175	5.64832	4.20829	6.47063	6.61441	8.08467	9.69546	8.57574	4.08312	6.52387	5.70553	7.15856	6.43896	8.20186	6.98913	5.97396	3.11834	0	6.66568	9.75195	0	4.57912	0.79651	10.53132	6.7631	0	0	0	1.07403	0	9.82145	0	9.17305	0	0	0	6.12284	0	0	0	0	0	0	0	0	0	0	0	0	0	0	0	0	0	0	
0	0	0	0	5.98326	0	0	0	0	0	9.67308	0	5.67549	0	0	10.82593	0	0	9.38425	0	9.87268	2.78557	0	0	0	7.97466	6.10421	0	0	6.35339	0	10.52222	13.84646	0	0	9.87394	9.73863	0.79651	9.84128	10.07264	1.67331	8.73034	5.9542	7.15464	3.85746	6.0228	13.05417	2.58378	6.92555	8.34109	8.32973	6.83756	8.06816	6.91229	5.93268	7.62045	6.8736	5.68985	4.13832	5.38038	6.10774	6.80227	6.43961	5.00663	7.37318	0	6.49165	9.22208	0	0.45249	8.44668	8.72407	6.35293	7.3311	4.55599	0	5.45394	0	0	0	6.91581	0	0	0	0	2.22786	0	0	0	0	0	0	0	0	0	0	0	0	0	0	
0	0	0	0	0	0	0	0	0	0	0	5.29713	2.19394	0	0	11.75853	0	0	0	0	7.04621	0	0.79651	0	0	0	0	0	0	3.38842	1.98098	5.48535	0	0	0	11.05505	0	0	0	6.72299	2.22156	6.52779	3.85387	8.50662	7.22142	3.55892	7.12315	7.07149	5.83636	5.10723	0	0	7.99395	9.65092	2.33711	6.41886	9.48284	7.54015	6.0511	5.91659	8.10226	6.53569	7.66145	7.03741	4.01369	6.35392	6.35857	5.3853	0.79651	10.92466	0	5.14004	8.99553	9.81438	6.99296	0	20.27447	0	3.6348	0	0	0	0	0	0	0	0	0	0	0	0	0	0	0	0	0	0	0	0	0	
0	0	0	9.57194	0	0	0	0	0	0	0	0	0	0	0	0	1.07403	0	0	0	0	0	9.47294	0	0	0	8.91127	6.75154	2.62251	9.9549	0	0	6.34555	0	0	12.46972	0	4.1951	2.43864	4.17755	3.2591	0	0.79651	0	3.19897	11.9318	7.77604	9.77912	5.39734	4.207	6.6383	5.02908	6.98898	8.88207	5.22849	4.94958	6.40097	4.61435	6.1737	5.30376	9.25977	4.66612	6.40389	9.40297	5.84353	7.67637	6.76114	8.68843	11.04965	6.6511	2.64609	8.26683	3.31765	3.28504	5.02009	0	12.84309	0	4.14265	8.61306	0.45249	4.1951	0	0	0	0	0	0	0	0	0	0	0	0	0	0	0	0.45249	0	11.66783	
0	0	4.0284	0	0	0	0	0	0	0	0	0	0	0	0	0	0	0	0	0	7.50705	0	0	0	0	7.10145	0	7.54253	0	8.09229	0	9.93168	5.83298	0	9.42116	0	0	4.00673	6.6457	0	2.53351	0	0	7.41699	10.28434	9.5287	0.53702	4.24752	4.16578	9.01878	9.06441	10.83294	7.11991	6.94682	6.56517	10.65565	0	6.93971	7.62967	4.924	1.9745	4.75945	5.20245	2.41905	4.88532	5.22499	4.90924	0	6.50948	2.80729	4.48071	7.18247	6.11695	8.78103	0	0	5.38982	0	1.77581	7.82564	0	6.29805	0	0	0	0	0	0	1.07403	0	0	0	0	0	0	0	2.43864	0	0	0	
0	0	0	0	3.59136	0	0	0	0	0	0	0	8.69486	0	0	0	0	0	0	0	11.79699	6.45866	0	0	0	0	0	2.42089	0	0	0	0.45249	9.59275	0	0	0	8.58426	0	12.5223	8.94831	0	0	3.9353	0	7.17686	0	3.96449	9.09743	0.79651	6.1851	10.29876	3.68499	9.88354	3.84565	6.9188	0	0	4.84123	5.76717	0.75351	8.82957	4.47404	7.57594	6.70822	5.12193	7.59174	7.31585	4.83024	7.96091	6.11791	7.49522	0	0	9.17921	0	7.88672	4.76169	6.30944	0	0	0	0	0	0	8.95689	0	0	0	0	0	0	0	0	0	0	0	9.79297	0	0	0	
0	0	0	0	0	0	0	0	0.45249	0	0	0	0	0	0	0	6.95061	5.96095	1.50701	0	0	0	0	0	3.00439	0	0	0	0	0	0	0	0	0	7.24151	8.4077	0	7.81151	0	0	0	0	10.24458	10.81417	0	10.26334	10.36877	8.80829	0	1.40989	0	10.53491	9.81968	8.4595	0	8.03467	0	5.32417	0	5.84863	7.1934	7.13587	5.37054	7.40411	3.65499	6.85698	7.42564	5.33946	9.66459	6.97945	8.72772	3.71912	6.43831	10.02034	8.16763	2.93374	9.05433	8.59255	0	0	6.00837	4.45952	11.67545	0	0.22625	1.98098	0.45249	5.07859	0.79651	0	2.91031	0	0	11.26783	0	0	0	0	0	0	
0	0	0	0	0	0	0	0	0	0	0	0	0	0	0	0	0	0	0	0	5.73596	0	0	0	0	0	0	0	0	5.51039	0	0	0	0	7.39467	0	0	0	0	0	9.61257	0	8.10779	8.35022	4.45818	0	0	0	3.59136	5.74381	9.62811	0	0	4.45948	6.6135	6.63639	0	0	7.45114	7.9538	10.11301	6.24322	1.79568	6.17484	6.69799	7.23502	5.55888	4.44629	7.71603	5.56665	10.23748	6.7383	3.46109	5.90366	0.93527	0	2.3171	0	6.50446	0	0	0	0.45249	0	0	0	7.62619	0	0	0	0	0	0	0	0	0	0	0	0	0	
0	0	0	0	4.48348	0	0	0	0	0	0	4.43516	0	6.14984	0	0	0	0	0	0	0	0	0	0	0	0	0	0	0	0	0	0	0	0	0	0	0	0	0	5.64647	0	0	7.45347	0	5.45315	0	1.11393	0.45249	0	0	0.79651	0	0	0	8.09812	0	0	1.07403	0	12.48133	7.52634	1.7476	6.21423	7.88136	5.14647	0	3.37149	4.77866	8.9129	6.74122	3.00703	8.67834	8.20479	6.78486	0	0	1.22916	8.21543	5.69071	8.18471	0.45249	6.50622	0.45249	0	1.68289	0	2.43864	9.62571	0	3.88813	0	0	0	0	6.39692	0	0	0	0	0	
0	0	0	0	0	0	0	0	0	0	0	0	0	0	0	0	0	9.27227	0	0	0	10.52664	8.25599	0	0	0	9.06505	0	0	0	0	0	0	5.57675	10.15587	0	0	0	0	0	0	0	0	0	0	0	0	0	0	0	0	0	0	0	0	5.78631	11.84011	10.52844	7.56434	1.30673	0	6.5815	5.95676	0	8.15816	8.20777	4.89653	7.60872	5.16235	5.17578	5.43031	5.01073	6.14149	5.82711	7.94962	6.45085	6.96795	0	8.9375	3.9814	0	0	8.36747	0	2.10969	10.06022	10.3197	0.45249	0	10.41138	0	0	0	0	0	0	8.80712	0	0	0	
0	0	0	0	0	0	0	0	7.30573	0	0	0	0	0	0	0	0	0	0	0	0	0	0	0	0	0	0	5.81421	0	3.94198	0	0	0	0	0	0	0	0	0	9.94497	0	0	0	0	0	5.99176	0	5.06277	3.06504	0	0	10.67414	0	0	0	0	0	0	8.85233	0	6.39275	0	10.18256	8.52762	8.4714	2.63431	6.60064	0	0	8.82529	9.00331	2.43864	9.11978	5.9297	8.33493	9.71805	2.93944	0	0	9.00151	4.43572	7.39254	9.63548	9.14214	3.89355	0	0	0	0	0	8.33713	0	9.95856	0	0	0	0	0	0	0	
0	0	0	0	0	0	0	0	0	0	0	0	0	9.87734	0	0	0	0	0	4.25201	0	0	0	0	0	1.73764	0	0	0	0	0	0	0	0	8.59942	0	0	7.15332	0	0	10.34445	0	4.78283	7.80914	0	0	0	0	0	0	4.45952	5.81421	0	0	5.55629	0	0	0	0	5.51709	6.40644	0	5.87649	8.39354	6.92021	4.35479	10.72523	2.86068	0	5.31478	6.8682	0	8.12872	5.78376	8.36641	6.09421	4.93268	5.00242	4.66079	4.92844	0	7.61415	2.43864	3.79262	1.40687	0	0	7.82798	1.69556	0	3.54657	0	0	7.20595	0	0	0	0	4.38371	0	
0	0	0	0	0	0	0	9.08378	0	0	0	0	0	0	0	0	0	0	0	0	0	0	1.8396	0	0	0	0	0	9.30747	0	0	0	0	0	10.53344	0	0	0.79651	0	0	0	1.46603	0	0	0	0	5.02386	0	0	0	0	0	8.92444	0	0	0	2.39142	7.88531	0	6.87326	8.62366	0	0	6.75064	0	4.41038	0	7.22995	6.86799	10.16487	10.1549	6.3325	7.73123	5.4918	7.78524	6.83793	9.7682	0.79651	6.91674	7.38906	5.7797	7.09177	5.78281	0	3.36746	0	7.26934	3.55753	0	0	8.26983	8.31064	0	0	0	0	10.09222	0	0	0	
0	0	0	0	0	0	0	0	0	0	0	0	0	0	0	0	0	0	0	0	0	0	0	0	0	0	0	0	0	0	0	0	0	0	0	0	0	6.13704	0	0	0	0	0	0	0	0	0	0	0	8.29374	0	4.66102	0	3.6724	0	0	2.53351	6.24959	0	0	6.86656	0	6.37787	12.13408	6.8436	7.21139	0	0	8.56144	7.92863	0	9.18405	4.42883	10.38207	7.62327	5.83557	0	4.19038	4.96635	8.4204	3.01496	9.66131	1.8396	3.94198	0	0	2.95638	0	0	0	0	0	7.56304	6.27528	6.46469	0	0	0	0	0	
0	0	0	0	0	0	0	9.581	0	0	0	0	0	0	0	0	0	0	0	0	0	0	0	0	0	0	0	0	0	0	0	0	0	0	0	0	0	3.51082	0	7.95337	0	0	0	0	0	0	0	0	0	0	4.01298	0	0	12.57046	6.6197	0	0	7.77564	8.76618	11.29099	0	5.69614	0	6.6774	9.12309	9.65341	0	0	6.69707	5.7052	9.0048	3.77222	3.9324	8.30544	0.79651	8.07422	7.44382	0	7.42615	6.79057	8.19431	8.59805	3.90355	4.41689	2.95168	0	0	2.00375	0	0	8.3005	0	0	0	0	1.45316	0	0	0	0	
0	0	0	0	0	0	0	0	0	0	0	0	0	0	0	0	0	0	0	0	0	0	0	0	0	10.52231	0	0	0	0	0	0	0	0	0	0	0	9.03901	0	0	0	0	0	0	9.16473	0	0	0	10.4678	0	0	0	0	0	0	0.79651	0	0	0	0	0	0	8.64073	0	0	5.10306	6.88683	8.67265	0	7.27873	4.34001	0	7.09473	0	9.81497	5.17494	5.57871	6.27246	2.84539	5.99287	1.66033	0	1.51219	0	10.35909	6.29274	0	0	0	0	8.79758	0	0	0	0	0	0	0.79651	0	0	
0	0	0	0	0	0	0	0	0	0	0	0	7.07014	0	0	0	0	0	0.45249	0	0	0	0	0	0	0	0	0	0	0	0	0	0	0	0	0	0	0	0	0	0	0	0	0	0	0	0	10.49973	0	0	2.10969	0	10.84079	0	0	0	0	0	0	5.32712	0	0	0	4.78464	3.71795	8.72532	9.85619	0	9.92459	0	0	8.44783	0	0	0	3.3936	6.38276	8.8582	6.27206	4.73903	0	4.42997	4.8905	5.08446	5.10884	5.51047	7.55453	0	3.00007	0	0	0	0	2.70635	0	0	0	0	0	0	
0	0	0	0	0	0	0	0	0	0	0	0	0	0	0	0	0	0	0	0	0	0	0	0	0	0	0	0	0	0	0	0	9.80133	0	0	0	0	0	0	0	1.8396	0	0	0	0	0	0	0	0	0	0	0	0	0	0	0	7.20652	0	0	0	8.22628	0	0	2.44874	0	6.62945	0	0	8.33003	0	0	0	7.55589	0	0	7.50705	0	0	3.32637	8.49491	5.10783	6.1272	9.55861	0	4.85807	0	0.79651	0	2.53351	0.45249	5.89142	5.89527	5.23676	0	0	0	0	0	0	0	
0	0	0	0	0	0	0	2.82198	0	0	0	0	0	0	0	0	0	0	0	0	0	0	0	0	0	0	0	2.33711	0	0	0	0	0	0	0	0	0	0	0	0	0	0	0	0	0	0	0	0	0	0	0	0	0	0	0	0	0	0	0	0	0	0	0	0	0	0	0	0	0	0	2.97107	5.05117	6.01625	0	0	7.11301	10.08832	0	9.64404	6.13577	0	5.81431	0	6.60235	0.79651	9.84008	0	8.09338	0	0.45249	0	3.79656	0	0	0	8.56615	0	0	0	0	
0	0	0	0	0	0	0	0	0	0	0	0	0	0	0	0	0	0	0	0	9.80312	0	0	0	0	0	0	0	0	0	3.00007	0	0	0	0	0	0	0	0	0	0	0	0	0	0	0	0	0	0	0	0	0	0	0	0	0	0	0	0	10.06717	0	0	0	0	7.94692	9.17948	3.71795	2.21696	0	0	0	0	0	0	0	0.79651	4.59234	0	0	0	4.02239	0	0	0	3.32548	6.49447	7.65134	4.16065	4.27963	0	8.08839	8.15331	4.87628	5.68585	0	3.6348	0	0	0	0	
0	0	0	0	0	0	0	0	0	0	0	0	0	0	0	0	0	0	0	0	0	0	0	0	0	0	0	0	0	0	0	0	0	0	0	0	0	0	0	0	0	0	0	0	0	0	0	0	2.70635	0	0	0	0	0	0	0	0	0	0	0	0	0	0	0	0	0	0	0	0	6.97617	10.42282	8.33713	7.89649	0	9.4677	6.02479	0	8.75269	0	0	0	7.30002	6.38278	0	3.42642	0	0	0	0	1.67604	0	4.0102	3.16607	0	5.72658	0	0	0	0	0	
0	0	0	0	0	0	0	0	0	0	0	0	0	0	0	4.43516	0	0	0	0	0	0	0	0	0	0	0	0	0	0	0	0	0	0	1.98098	0	0	0	0	0	0	0	0	0	0	0	0	0	0	0	0	0	0	0	0	0	0	0	0	0	0	0	0	0	0	0	0	0	0	0	0	0	0	9.14609	0	0	0	0.22625	0	0	0	2.70635	0	0	6.37302	0	3.27083	3.25893	3.244	9.97228	8.34041	0	9.91801	0	0	0	0	0	0	0	
0	0	0	0	0	0	0	0	0	0	0	0	0	0	0	0	0	0	0	0	0	0	0	0	0	0	0	0	0	0	0	0	0	0	0	0	0	0	0	0	0	0	0	0	0	0	0	0	9.33818	0	0	0	0	0	0	0	0	0	0	5.74652	0	0	0	0	0	8.58758	0	0	0	0	0	8.10393	0	0	0	0	0	10.21582	0	5.11845	10.60961	0	0	7.86265	0	0	0	0	0	0	0	0	0	0	0	0	0	0	0	0	
0	0	0	0	0	0	0	0	0	0	0	0	0	0	0	0	0	0	0	0	0	0	0	0	0	0	0	0	0	0	0	0	0	0	0	0	0	0	0	0	0	0	0	0	0	0	0	0	0	0	0	0	0	0	0	3.00056	0	0	11.03822	0	0	0	0	0	10.39309	0	0	0	0	0	0	5.60078	0	2.22786	0	0	1.30673	0	0	0	2.74964	6.97474	2.88877	8.46515	0	0	0	8.45693	9.11335	0	1.30673	11.38044	10.19193	0	0	0	0	0	0	0	
0	0	0	0	0	0	0	0	0	0	0	0	0	0	0	0	0	0	0	0	0	0	0	0	0	0	0	0	0	0	0	0	0	0	0	0	0	0	0	0	0	0	0	0	0	0	0	0	0	0	0	0	0	0	0	0	0	0	0	0	0	0	0	0	0	0	0	0	0	0	0	0	0	0	0	0	0	0	0	0	0	0	0	0	0	0	1.50701	0	0	0	0	9.49152	0	0	0	0	0	0	0	0	
0	0	0	0	0	0	0	0	0	0	0	0	0	0	0	0	0	0	0	0	0	0	0	0	0	0	0	0	0	0	0	0	0	0	0	0	0	0	0	0	0	0	0	0	0	0	0	0	0	0	0	0	0	0	0	0	0	0	0	0	0	0	0	0	0	0	0	0	0	0	9.63414	0	0	0	0	0	0	0	0	4.00954	0	0	0	10.91121	0	0	0	7.67252	0	0	6.45297	9.30747	0	0	0	0	0	0	0	0	
0	0	0	0	0	0	0	0	0	0	0	0	0	0	0	0	0	0	0	0	0	0	0	0	0	0	0	0	0	0	0	0	0	0	0	0	0	0	0	0	0	0	0	0	0	0	0	0	0	0	0	0	0	0	0	0	0	0	0	5.83298	0	0	0	0	0	0	0	0	0	0	3.06504	0	0	0	0	0	0	0	0	0	0	0	0	0	0	0	3.4526	0	0	0	0	0	0	0	0	0	0	0	0	0	
0	0	0	0	0	0	0	0	0	0	0	0	0	0	0	0	0	0	0	0	0	0	0	0	0	0	0	0	0	0	0	0	0	0	0	0	0	0	0	0	0	0	0	0	0	0	0	0	0	0	0	0	0	0	0	0	0	0	0	0	0	0	0	0	0	0	0	0	0	7.65416	0.45249	0	0	0	0	0	0	0	7.50997	0	0	0	0	0	0	0	0	0	7.41661	8.34041	0	0	0	0	0	0	0	0	0	0	
0	0	0	0	0	0	0	0	0	0	0	0	0	0	0	0	0	0	0	0	0	0	0	0	0	0	0	0	0	0	0	0	0	0	0	0	0	0	0	0	0	0	0	0	0	0	0	0	0	0	0	0	0	0	0	0	0	0	0	0	0	0	0	0	0	0	0	0	0	0	0	0	0	0	0	0	0	0	0	0	0	0	0	0	0	0	0	0	0	0	0	0	0	0	0	0	0	0	0	0	
0	0	0	0	0	0	0	0	0	0	0	0	0	0	0	0	0	0	0	0	0	0	0	0	0	0	0	0	0	0	0	0	0	0	0	0	0	0	0	0	0	0	0	0	0	0	0	0	0	0	0	0	0	0	0	0	0	0	9.02683	0	0	0	0	0	0	0	0	0	0	0	0	0	0	0	0	8.00601	0	0	0	0	0	0	0	0	0	0	0	0	0	0	0	0	0	0	0	0	0	0	0	0	
0	0	0	0	0	0	0	0	0	0	0	0	0	0	0	0	0	0	0	0	0	0	0	0	0	0	0	0	0	0	0	0	9.25014	0	0	0	0	0	0	0	0	0	0	0	0	0	0	0	0	0	3.18679	0	0	0	0	0	0	0	0	0	0	0	0	0	0	0	0	0	0	0	0	0	0	0	0	0	0	0	0	0	0	0	0	0	0	0	0	0	0	0	0	0	0	0	0	0	0	0	0	0	
0	0	0	0	0	0	0	0	0	0	0	0	0	0	0	0	0	0	0	0	0	0	0	0	0	0	0	0	0	0	0	0	0	0	0	0	0	0	0	0	0	0	0	0	0	0	0	0	0	0	0	0	0	0	0	0	0	0	0	0	0	0	0	0	0	0	0	0	0	0	0	0	0	0	0	0	0	0	0	0	0	0	0	0	0	0	0	0	0	0	0	0	0	0	0	0	0	0	0	0	
0	0	0	0	0	0	0	0	0	0	0	0	0	0	0	0	0	0	0	0	0	0	0	0	0	0	0	0	0	0	0	0	0	0	0	0	0	0	0	0	0	0	0	0	0	0	0	0	0	0	0	0	0	0	0	0	0	0	0	0	0	0	0	0	0	0	0	0	0	0	0	0	0	0	0	0	0	0	0	0	0	0	0	0	0	0	0	0	0	0	0	0	0	0	0	0	0	0	0	0	
0	0	0	0	0	0	0	0	0	0	0	0	0	0	0	0	0	0	0	0	0	0	0	0	0	0	0	0	0	0	0	0	0	0	0	0	0	0	0	0	0	0	0	0	0	0	0	0	0	0	0	0	0	0	0	0	0	0	0	0	0	0	0	0	0	0	0	0	0	0	0	0	0	0	0	0	0	0	0	0	0	0	0	0	0	0	0	0	0	0	0	0	0	0	0	0	0	0	0	0	
0	0	0	0	0	0	0	0	0	0	0	0	0	0	0	0	0	0	0	0	0	0	0	0	0	0	0	0	0	0	0	0	0	0	0	0	0	0	0	0	0	0	0	0	0	0	0	0	0	0	0	0	0	0	0	0	0	0	0	0	0	0	0	0	0	0	0	0	0	0	0	0	0	0	0	0	0	0	0	0	0	0	0	0	0	0	0	0	0	0	0	0	0	0	0	0	0	0	0	0	
0	0	0	0	0	0	0	0	0	0	0	0	0	0	0	0	0	0	0	0	0	0	0	0	0	0	0	0	0	0	0	0	0	0	0	0	0	0	0	0	0	0	0	0	0	0	0	0	0	0	0	0	0	0	0	0	0	0	0	0	0	0	0	0	0	0	0	0	0	0	0	0	0	0	0	0	0	0	0	0	0	1.30673	0	0	0	0	0	0	0	0	0	0	0	0	0	0	0	0	0	0	
0	0	0	0	0	0	0	0	0	0	0	0	0	0	0	0	0	0	0	0	0	0	0	0	0	0	0	0	0	0	0	0	0	0	0	0	0	0	0	0	0	0	0	0	0	0	0	11.88745	0	0	0	0	0	0	0	0	0	0	0	0	0	0	0	0	0	0	0	0	0	0	0	0	0	0	9.2696	0	0	0	0	0	0	0	0	0	0	0	0	0	0	0	0	0	0	0	0	0	0	0	0	0	
