0	0	0	0	0	0	0	0	0	0	0	0	0	0	0	0	0	0	0	0	0	0	0	0	0	0	0	0	0	0	0	0	0	0	0	0	0	0	0	0	0	0	0	0	0	0	0	0	0	0	0	8.35	0	0	0	0	0	0	0	0	0	0	0	0	0	0	0	0	0	0	0	0	0	0	0	0	0	0	0	0	0	0	0	0	0	0	0	0	0	0	0	0	0	0	0	0	0	0	0	0	
0	0	0	0	0	0	0	0	0	0	0	0	0	0	0	0	0	0	0	0	0	0	0	0	0	0	0	0	0	0	0	0	0	0	0	0	0	0	0	0	0	0	0	0	0	0	0	12.8184	0	0	0	0	0	0	0	0	0	0	0	0	0	0	0	9.489	0	0	0	0	0	0	0	0	0	0	0	0	0	0	0	0	0	0	0	0	0	0	0	0	0	0	0	0	0	0	0	0	0	0	0	0	
0	0	0	0	0	0	0	0	0	0	0	0	0	0	0	0	0	0	0	0	0	0	0	0	0	0	0	0	0	0	0	0	0	0	0	0	0	0	0	0	0	0	0	0	0	0	0	0	0	0	0	0	0	0	9.33175	0	0	0	0	0	0	0	0	0	0	0	0	0	0	0	0	0	0	0	0	0	0	0	0	0	0	0	0	0	0	0	0	0	0	0	0	0	0	0	0	0	0	0	0	0	
0	0	0	0	0	0	0	0	0	0	0	0	0	0	0	0	0	0	0	0	0	0	0	0	0	0	0	0	0	0	0	0	0	0	0	0	0	0	0	0	0	0	0	0	0	0	12.12781	10.17735	0	0	0	0	0	0	0	0	0	0	0	0	0	0	0	0	0	0	0	0	0	0	0	0	0	0	0	0	0	0	0	0	0	0	0	0	0	0	0	0	0	0	0	0	0	0	0	0	0	0	0	0	
0	0	0	0	0	0	0	0	0	0	0	0	0	0	0	0	0	0	0	0	0	0	0	0	0	0	0	0	0	0	0	0	0	0	0	0	0	9.21505	0	0	0	0	0	11.12987	0	0	0	0	0	0	0	0	0	0	0	0	0	0	0	0	0	0	0	0	0	0	0	0	0	0	0	0	0	0	0	0	0	0	0	0	0	0	0	0	0	0	0	0	0	0	0	0	0	0	0	0	0	0	0	0	
0	0	0	0	0	0	0	0	0	0	0	0	0	0	0	0	0	0	0	0	0	0	0	0	0	0	0	0	0	0	0	0	0	0	0	0	0	0	0	0	0	0	0	0	0	0	0	0	0	0	0	0	0	0	0	0	0	0	0	0	0	0	0	0	0	0	0	0	0	0	0	0	10.03765	0	0	0	0	0	0	0	0	0	0	0	0	0	0	0	0	0	0	0	0	0	0	0	0	0	0	0	
0	0	0	0	0	0	0	0	0	0	0	0	0	0	0	0	0	0	0	0	0	0	0	0	0	0	0	0	0	0	0	0	0	0	0	0	0	0	0	0	0	0	0	0	0	0	0	0	0	0	0	0	0	0	0	0	0	0	0	0	0	0	0	0	0	0	0	0	0	0	0	0	0	0	11.09561	0	0	0	0	0	0	0	0	0	0	0	0	0	0	0	0	0	0	0	0	0	0	0	0	0	
0	0	0	0	0	0	0	0	0	0	0	0	0	0	0	0	0	0	0	0	0	0	0	0	0	0	0	0	0	0	0	0	0	0	0	0	0	0	0	0	0	0	0	0	0	0	0	0	0	0	0	8.09034	0	0	0	11.70997	0	0	10.91522	0	0	0	0	0	0	0	0	0	0	0	0	0	0	0	0	0	0	0	0	0	0	0	0	0	0	0	0	0	0	0	0	0	0	0	0	0	0	0	0	0	
0	0	0	0	0	0	0	0	0	0	0	0	0	0	0	0	0	0	0	0	0	0	0	0	0	0	0	0	9.23674	0	0	0	0	0	0	0	0	0	0	0	0	0	0	0	0	0	0	0	0	0	0	0	0	0	0	0	0	0	0	0	0	0	0	0	0	0	0	9.24233	0	0	0	0	0	0	0	0	0	0	0	0	0	0	0	0	0	0	0	0	0	0	0	0	0	0	0	0	0	0	0	0	
0	0	0	0	0	0	0	0	0	0	0	0	0	0	0	0	0	0	0	0	0	0	0	0	0	0	0	0	0	0	0	0	0	0	0	0	0	0	0	0	0	0	0	0	0	0	0	0	0	0	0	0	0	0	0	8.54766	0	0	0	0	0	0	0	0	0	0	0	0	0	0	0	0	0	0	0	0	0	0	0	0	0	0	0	0	0	0	0	0	0	0	0	0	0	0	0	0	0	0	0	0	
0	0	0	0	0	0	0	0	0	0	0	0	0	0	0	0	0	0	0	0	0	0	0	0	0	0	0	0	0	0	0	0	0	0	0	0	0	0	0	0	0	0	0	0	0	0	0	0	0	0	0	0	0	0	0	0	0	0	0	0	0	0	0	0	0	0	0	9.18053	0	0	0	0	0	0	0	0	0	0	0	0	0	0	0	0	0	0	0	0	0	0	0	0	0	0	0	0	0	0	0	0	
0	0	0	0	0	0	0	0	0	0	0	0	0	0	0	0	0	0	0	0	0	0	0	0	0	0	0	0	0	0	0	0	0	0	0	0	0	0	0	0	0	0	0	0	0	0	0	0	0	0	0	0	4.37939	0	0	0	3.77198	0	0	0	0	0	0	0	0	0	0	0	0	0	0	5.182	0	0	0	0	0	0	0	0	0	0	0	0	0	0	0	0	0	0	0	0	0	0	0	0	0	0	0	0	
0	0	0	0	0	0	0	0	0	0	0	0	0	0	0	0	0	0	0	0	0	0	0	0	0	0	0	0	0	0	0	0	0	0	0	0	0	0	0	0	0	0	0	0	0	0	0	0	11.12964	0	0	0	12.49528	0	0	0	0	0	0	0	0	0	0	0	0	0	0	7.7956	0	0	0	0	0	0	0	0	0	0	0	0	0	0	0	0	0	0	0	0	0	0	0	0	0	0	0	0	0	0	0	0	
0	0	0	0	0	0	0	0	0	0	0	0	0	0	0	0	0	0	0	0	0	0	0	0	0	0	0	0	0	0	15.12443	0	0	0	0	0	0	0	0	8.07731	0	0	0	0	0	0	0	9.44046	0	0	0	0	0	0	0	0	0	9.43897	7.81649	0	8.9257	0	0	10.32375	0	0	0	0	0	0	0	0	0	0	0	0	0	0	0	0	0	0	0	0	0	0	0	0	0	0	0	0	0	0	0	0	0	0	0	0	
0	0	0	0	0	0	0	0	0	0	0	0	0	0	0	0	0	0	0	0	0	0	0	0	0	0	0	0	0	0	0	0	0	0	0	0	0	0	0	0	0	0	0	0	0	0	0	0	0	0	0	0	0	0	7.22715	0	0	0	0	0	0	0	0	0	0	0	0	0	0	0	0	0	0	0	5.76325	0	0	0	0	0	0	0	0	0	0	0	0	0	0	0	0	0	0	0	0	0	0	0	0	0	
0	0	0	0	0	0	0	0	0	0	0	0	0	0	0	0	0	0	0	0	0	0	0	0	0	0	0	0	0	0	0	0	0	0	0	0	0	0	0	0	0	0	12.70525	0	0	0	0	0	0	0	0	0	9.75688	0	0	0	0	0	0	14.31277	0	0	0	0	0	0	0	0	0	0	0	7.02993	0	0	0	0	0	0	0	0	0	0	0	0	0	0	0	0	0	0	0	0	0	0	0	0	0	0	0	0	
0	0	0	0	0	0	0	0	0	0	0	0	0	0	0	0	0	0	0	0	0	0	0	0	0	0	0	0	0	0	0	0	0	0	0	0	0	0	0	0	0	0	0	7.83033	0	0	0	13.13775	0	0	0	9.46313	0	0	0	0	0	0	4.32928	0	0	0	0	0	0	0	0	0	0	0	0	0	0	0	0	0	0	0	0	0	0	0	0	0	0	0	0	0	0	0	0	0	0	0	0	0	0	0	0	0	
0	0	0	0	0	0	0	0	0	0	0	0	0	0	0	0	0	0	0	0	0	0	0	0	0	0	0	0	0	0	0	0	0	0	0	0	0	0	0	0	0	0	9.23243	0	0	0	0	0	0	0	0	0	0	0	0	7.54874	0	0	0	0	0	0	0	0	0	0	1.05707	0	5.94295	0	0	0	0	0	0	0	0	0	0	0	0	0	0	0	0	0	0	0	0	0	0	0	0	0	0	0	0	0	0	0	
0	0	0	0	0	0	0	0	0	0	0	0	0	0	0	0	0	0	0	0	0	0	0	0	0	0	0	0	0	0	0	0	0	0	0	0	0	0	0	0	11.95244	0	0	0	0	0	0	0	0	0	0	0	0	0	0	0	0	0	0	0	0	0	0	0	0	0	0	0	0	0	0	0	0	0	0	0	0	0	0	0	0	0	0	0	0	0	0	0	0	0	0	0	0	0	0	0	0	0	0	0	
0	0	0	0	0	0	0	0	0	0	0	0	0	0	0	0	0	0	0	0	0	0	0	0	0	0	0	0	0	0	0	0	0	0	0	0	0	0	0	0	0	0	0	0	0	0	0	6.6756	0	0	5.93387	0	0	0	0	0	0	0	0	0	0	0	0	0	0	0	0	0	0	0	0	0	0	0	0	0	9.42391	0	0	0	0	0	0	0	0	0	0	0	0	0	0	0	0	0	0	0	0	0	0	0	
0	0	0	0	0	0	0	0	0	0	0	0	0	0	0	0	0	0	0	0	0	0	0	0	0	0	0	0	0	0	0	0	0	0	0	0	0	0	0	0	0	0	0	0	0	0	0	6.78332	0	0	7.66084	10.14619	0	0	0	0	7.48617	0	9.61696	0	10.30949	0	0	0	0	9.49334	0	0	0	0	0	0	0	0	0	0	0	0	0	0	0	0	0	0	0	0	0	0	0	0	0	0	0	0	0	0	0	0	0	0	
0	0	0	0	0	0	0	0	0	0	0	0	0	0	0	0	0	0	0	0	0	0	0	0	0	0	0	0	0	0	0	0	0	0	0	0	0	0	0	0	0	11.72341	0	0	0	0	0	0	0	0	0	0	0	0	0	0	0	0	0	0	0	0	0	0	0	0	0	0	0	0	0	0	0	0	0	0	0	0	0	0	0	0	0	0	0	0	0	0	0	0	0	0	0	0	0	0	0	0	0	0	
0	0	0	0	0	0	0	0	0	0	0	0	0	0	0	0	0	0	0	0	0	0	0	0	0	0	0	0	0	0	0	8.42903	0	0	0	0	0	0	0	0	0	0	0	0	0	0	0	8.00632	0	0	0	0	0	0	0	0	0	0	0	0	0	0	0	4.56648	0	0	0	0.78283	0	0	0	0	0	0	0	0	0	0	0	0	0	0	0	0	0	0	0	0	0	0	0	0	0	0	0	0	0	0	0	0	
0	0	0	0	0	0	0	0	0	0	0	0	0	0	0	0	0	0	0	0	0	0	0	0	0	0	0	0	0	0	0	11.33229	0	0	0.44382	0	0	0	0	0	0	0	0	0	0	0	0	0	0	0	0	0	0	0	0	0	0	0	0	0	0	0	0	0	0	0	0	0	0	0	0	0	0	0	0	0	0	0	0	0	0	0	0	0	0	0	0	0	0	0	0	0	0	0	0	0	0	0	0	0	
0	0	0	0	0	0	0	0	0	0	0	0	0	0	0	0	0	0	0	0	0	0	0	0	0	0	0	0	0	0	0	0	0	0	0	0	0	0	0	0	0	0	0	10.18108	0	0	0	0	0	17.16795	0	0	0	0	9.69803	0	0	0	0	0	0	0	0	0	0	0	0	0	0	0	0	0	0	0	0	0	0	0	0	1.75843	0	0	0	0	0	0	0	0	0	0	0	0	0	0	0	0	0	0	0	0	
0	0	0	0	0	0	0	0	0	0	0	0	0	0	0	0	0	0	0	0	0	0	0	0	0	0	0	0	0	0	0	0	10.45802	0	0	0	0	0	0	0	0	0	0	0	0	0	0	3.32276	0	0	6.11195	0	0	0	0	0	0	0	8.05403	0	0	0	0	0	0	0	0	0	0	0	0.44382	0	0	0	0	0	0	0	0	0	0	0	0	0	0	6.5525	0	0	0	0	0	0	0	0	0	0	0	0	0	0	
0	0	0	0	0	0	0	0	0	0	0	0	0	0	0	0	0	0	0	0	0	0	0	0	0	0	0	0	0	0	0	0	0	0	0	0	0	0	0	11.66954	0	0	0	0	14.64329	0	9.3605	0	0	0	0	0	0	0	0	0	0	0	0	0	0	0	0	0	0	0	0	0	0	0	0	0	0	0	0	0	0	0	0	0	0	0	0	0	0	0	0	0	0	0	0	0	0	0	0	0	0	0	0	0	
0	0	0	0	0	0	0	0	0	0	0	0	0	0	0	0	0	0	0	0	0	0	0	0	0	0	0	0	0	0	0	0	0	0	0	8.67899	0	0	0	0	0	0	0	0	0	0	0	8.31616	0	0	0	0	0	6.24455	0	0	0	0	0	0	11.15356	0	0	0	0	0	0	0	0	0	0	0	0	0	0	0	0	0	0	0	0	0	0	0	0	0	0	0	0	0	0	0	0	0	1.05707	0	0	0	0	0	
0	0	0	0	0	0	0	0	0	0	0	0	0	0	0	0	0	0	0	0	0	0	0	0	0	0	0	0	0	0	0	0	0	0	0	0	0	0	0	0	0	14.32409	0	0	0	0	0	0	0	0	0	0	1.28741	0	0	0	0	0	0	0	0	0	0	0	0	0	0	3.87664	0	0	0	4.6097	0	0	0	0	0	0	0	0	0	0	0	0	0	0	0	0	0	0	0	0	0	0	0	0	0	0	0	0	
0	0	0	0	0	0	0	0	0	0	0	0	0	0	0	0	0	0	0	0	0	0	0	0	0	0	0	0	0	0	0	0	0	0	0	0	0	0	0	0	7.61121	0	0	0	10.10195	0	0	7.47014	0	0	2.59531	12.0434	0	0	0	10.56823	0	0	10.8809	0	4.3542	0	0	0	0	0	0	0	1.28741	0	0	0	0	0	0	0	0	0	0	0	0	0	0	0	0	0	0	0	0	0	0	0	0	0	0	0.78283	0	0	0	0	
0	0	0	0	0	0	0	0	0	0	0	0	0	0	0	0	0	0	0	0	0	0	0	0	0	0	0	0	0	0	0	0	0	0	0	0	0	0	0	0	0	0	0	0	12.70447	0	0	0	0	1.48604	0	0	4.84488	0	0	0	0	7.36234	0	0	0	9.68104	0	0	0	0	0	0	0	0	0	0	0	0	0	0	0	0	0	0	0	0	0	0	0	0	0	0	0	0	0	0	0	0	0	0	0	0	0	0	
0	0	0	0	0	0	0	0	0	0	0	0	0	0	0	0	0	0	0	0	0	0	0	0	0	0	0	0	0	0	0	0	0	0	0	0	0	0	0	0	0	0	0	13.06868	0	0	11.71028	0	0	0	7.43921	0	0	0	0	0	0	0	0	5.51313	0	0	0	0	8.27145	0	0	2.08478	0	0	0	0	9.71173	0	0	0	4.54438	0	0	0	0	0	0	0	0	0	0	0	0	0	0	0	0	0	0	0	0	0	0	0	
0	0	0	0	0	0	0	0	0	0	0	0	0	0	0	0	0	0	0	0	0	0	0	0	0	0	0	0	0	0	0	0	0	0	0	0	0	0	0	0	0	0	0	0	0.78283	1.81623	0	11.75518	0	0	0	10.72691	2.59531	0	0	5.06267	0	0	0	0	0	0	0	0	0	0	0	7.45411	0	0	0	0	0	11.41968	0	0	0	0	0	0	0	0	0	0	0	0	0	0	0	0	0	0	0	0	0	0	0	0	0	0	
0	0	0	0	0	0	0	0	0	0	0	0	0	0	0	0	0	0	0	0	0	0	0	0	0	0	0	0	0	0	0	0	0	0	0	0	0	13.05994	0	0	0	0	0	0	0	0	0	0	2.83267	0	0	7.87213	0	0	11.18805	0	10.75002	0	0	3.68791	0	2.41219	0	0	0	0	0	0	0	0	0	0	0	0	5.7801	2.20236	0	0	0	0	0	0	0	0	0	0	0	0	0	0	0	0	0	0	0	0	0	0	0	0	
0	0	0	0	0	0	0	0	0	0	0	0	0	0	0	0	0	0	0	0	0	0	0	0	0	0	0	0	0	0	0	0	0	0	0	0	0	0	0	0	0	0	17.52118	0	0	11.87181	0	12.71073	0	0	8.17944	0	11.47678	0	10.11373	0	0	0	0	0	0	0	0	8.14313	0	0	0	9.42844	0	0	12.03426	0	0	0	0	0	0	0	4.47597	0	0	0	0	0	0	0	0	0	0	0	0	0	0	0	0	0	0	0	0	0	
0	0	0	0	0	0	0	0	0	0	0	0	0	0	0	0	0	0	0	0	0	0	0	0	0	0	0	0	0	0	0	0	0	0	0	0	0	0	0	0	0	0	0	0	0	0	0	7.04181	11.01879	0	0	11.55555	0	0	0	0	0	0	0	0	0	0	0	0	0.78283	0	0	0	0	0	0	0	0	0	0	0	0	0	0	0	0	0	0	0	0	0	0	0	0	0	6.08752	0	0	0	0	0	0	0	0	0	
0	0	0	0	0	0	0	0	0	0	0	0	0	0	0	0	0	0	0	0	0	0	0	0	0	0	0	0	0	0	0	0	0	0	0	0	0	0	0	0	0	0	0	0	0	0	0	13.11059	0	0	0	0	9.36602	2.75781	0	0	0	0	13.33362	9.7736	0	0	0	0	0	0	0	0	0	0	0	0	0	0	0	0	0	0	0	0	0	0	0	0	0	0	0	0	0	0	0	0	0	0	0	0	0	0	4.30247	0	
0	0	0	0	0	0	0	0	0	0	0	0	0	0	0	0	0	0	0	0	0	0	0	0	0	0	0	0	0	0	0	0	0	0	0	0	0	0	0	0	0	0	8.75794	0	0	0	0	0	0	9.27676	0	6.88795	0	7.34646	0	0	0	0	0	0	0	0	0	0	13.54557	0	0	0	0	0	0	0	0	0	0	0	14.2875	0	0	0	0	0	0	0	0	0	0	0	0	0	0	0	0	0	0	0	0	0	0	0	
0	0	0	0	0	0	0	0	0	0	0	0	9.75808	0	0	0	0	0	0	0	0	0	0	0	0	0	0	0	0	0	9.65097	0	0	0	0	0	0	0	0	0	0	0	10.55551	0	0	0	0	6.55366	0	0	12.2698	0	0	4.73207	2.41219	0	8.62522	0	0	0	0	0	0	9.0562	8.29481	9.36838	0	0	0	0	0	0	0	0	0	0	0	0	0	0	0	0	0	0	0	0	0	0	0	0	0	0	0	0	0	0	0	0	0	0	
0	0	0	0	0	0	0	0	0	0	0	0	0	0	0	0	0	0	0	0	0	0	0	0	0	0	0	0	0	0	0	0	0	0	0	0	0	0	0	0	0	0	0	0	0	10.72716	3.15787	0	1.05707	13.52169	1.48604	6.77727	5.88753	0	10.29839	7.89726	0	0	0	0	12.92124	0	0	0	0	0	0	0	0	7.76836	0	0	0	0	0	0	2.04226	0	0	0	0	0	0	0	0	0	0	0	0	0	0	0	0	0	0	0	0	0	0	0	
0	0	0	0	0	0	0	0	0	0	0	0	0	0	0	9.78543	0	0	0	0	0	0	0	0	0	0	0	0	0	0	0	0	0	0	0	4.98275	11.49508	0	0	0	0	0	0	9.13965	0	10.77989	8.02414	8.40009	3.03643	8.8248	0	0	2.90383	0	10.24414	0	0	0	0	5.41909	0	9.41328	0	9.5492	0	8.39392	0	0	11.15948	0	7.75286	0	0	0	0	10.65327	0	3.51686	0	4.17131	0	0	0	0	0	0	0	0	0	0	9.3446	0	0	0	0	0	0	0	0	0	
0	0	0	0	0	0	0	0	0	0	0	0	0	0	0	0	0	0	0	0	0	0	0	0	0	0	10.39727	0	0	0	0	3.15787	0	0	7.89064	0	0	0	0	0	10.99265	0	0	0	0	0	0	0	9.91722	9.4509	1.28741	9.92615	9.20979	0	10.63315	0	12.2936	0	8.26361	0	0.78283	8.47357	0	0	0	7.84842	0	0	0	0	0	0	0	6.81598	0	0	0	0	0	0	0	0	0	0	0	0	0	0	0	0	0	0	0	0	0	0	6.72065	0	0	0	
0	0	0	0	0	0	0	0	0	0	0	0	0	0	0	0	0	0	0	12.72112	0	0	0	0	0	0	0	0	0	0	0	0	0	0	0	0	0	0	0	0	0	0	0	13.7324	0	0	11.85016	12.53899	12.51548	0	7.97774	7.51292	11.82029	0	0	0	14.43962	0	0	7.94537	4.81732	0	0	13.59257	0	3.76639	0	8.47357	0	0	0	0	0	0	0	0	0	0	0	0	0	0	0	0	0	0	0	0	0	0	8.29957	0	0	0	0	0	0	0	0	0	
0	0	0	0	0	0	0	0	0	0	0	0	9.41328	0	0	0	0	0	0	9.18322	0	0	0	0	0	0	0	0	0	0	0	0	0	6.8654	0	0	0	0	0	0	0	11.98691	13.42066	0	7.84798	0	0	3.85564	8.38618	0	1.66056	9.05725	6.37554	3.84299	9.72998	7.21271	6.24434	6.22187	8.06238	0	0	0	0	0	1.66056	0	0	0	0	0	0	0	0	0	0	0	0	0	10.47491	1.66056	0	0	0	0	0	0	0	0	0	0	0	0	0	0	0	0	0	0	0	0	
0	0	0	0	0	0	0	0	0	0	0	0	0	0	0	0	0	0	0	0	0	0	0	13.69644	0	0	0	0	0	0	0	0	0	0	0	0	0	0	12.03983	0	0	0	8.07961	9.10892	0	0	8.59494	6.33554	0	9.3435	8.06766	7.03207	0	0	0	0	0	5.69611	14.18187	9.0126	10.27802	0	0	0	9.33497	0	0.78283	0	0	0	0	0	0	0	0	0	0	0	0	0	0	0	0	0	0	0	0	0	0	0	0	0	0	0	0	0	0	0	0	0	
0	0	6.65512	0	0	0	0	0	0	0	0	0	0	0	0	0	0	0	0	0	0	0	0	0	0	0	0	0	0	0	0	0	0	0	0	0	0	0	0	0	9.59328	0	0	0	0	8.94461	0	6.27073	9.28669	11.6291	0	6.17643	9.49909	9.3785	4.52194	12.02069	0	0	2.08478	0	7.95806	0	7.76247	11.34433	0	0	0	0	0	0	0	8.00129	0	0	0	0	4.6097	0	0	0	0	0	0	0	0	0	0	0	0	0	0	0	0	0	0	0	0	0	0	0	
0	0	0	0	0	0	0	0	0	0	0	10.83242	0	0	0	0	0	0	0	0	0	0	0	0	0	0	0	0	0	0	0	0	6.68573	0	0	0	0	8.49411	13.5592	5.50171	4.84488	6.10273	0	0	11.8378	8.19913	11.21089	5.01212	9.99416	0	11.8164	0	4.21782	6.05585	0	11.0284	5.06863	8.04616	0	0	0	0	0	0	0	0	0	5.59067	0	0	0	0	4.54438	0	0	3.42307	0	0	10.51666	0	0	0	0	0	0	0	0	0	0	0	0	0	0	0	0	9.2681	0	0	0	0	
0	0	0	0	0	0	0	0	0	0	0	0	0	0	0	0	0	0	0	0	0	0	0	0	0	0	0	0	0	0	0	0	0	0	5.46688	8.38618	0	0	0	7.70385	0	12.33211	0	10.58969	15.94243	9.59587	7.53119	8.03967	4.30334	10.98401	11.77969	10.14252	0.78283	8.78852	0	0	7.96915	0	0	6.07597	9.3438	0	0.44382	0	0	0	0	0	0	0	0	0	0	0	0	0	0	0	5.15308	0	0	0	0	0	0	0	0	8.94566	0	0	0	0	0	0	0	0	0	0	0	0	
0	0	0	0	0	0	0	0	10.40917	0	11.6106	0	0	0	0	0	0	0	0	0	0	0	0	0	0	0	9.93095	0	0	0	0	0	0	0	1.28741	0.44382	0	12.59273	10.86706	0	7.47102	6.19074	0	3.84082	0	11.60127	5.20703	7.92741	8.19557	8.34656	0	8.56227	1.05707	0	0	0	8.92037	11.02877	0	0	0	0	4.67218	0	0	0	10.59334	0	0	0	0	0	0	0	0	0	0	0	0	0	0	0	0	0	0	0	0	0	0	0	0	0	0	0.78283	0	0	0	0	0	0	
0	0	0	0	0	0	0	0	0	0	0	11.54028	0	0	10.80567	0	0	0	0	0	0	0	0	0	0	0	0	0	0	0	0	11.2371	0	0	6.11777	0	11.60243	0	0	10.08097	3.68791	0	9.86798	9.42234	9.71528	7.82601	10.67981	9.08387	4.39441	8.67465	6.81922	9.50385	10.27381	8.26019	0	5.43119	9.1232	0	0	4.63082	8.03632	4.83703	0	12.62649	0	0	0	0	0	0	0	0	0	0	0	7.45483	0	0	0	0	0	0	0	7.34646	0	0	0	0	0	0	0	0	0	0	0	0	0	0	0	0	
0	0	0	0	0	0	0	0	0	0	0	0	12.56392	0	0	0	0	0	0	0	0	0	0	0	0	0	0	0	0	9.49766	0	0	7.11487	0	3.56156	0	14.89706	0	12.91896	10.59233	10.21348	9.43897	10.59933	8.44228	8.40463	4.34385	10.62448	10.41459	4.91546	9.66556	7.13951	11.3744	10.49306	5.59024	6.49882	5.34378	11.20162	0	0	7.5598	6.2049	0	0	0	0	0	0	0	0	0	0	0	0	9.35965	0	0	0	0	0	0	9.08711	0	0	0	0	0	0	0	0	0	0	0	0	0	0	0	0	0	0	0	
0	0	0	0	0	0	0	12.70883	0	0	0	9.91489	0	0	0	0	0	0	0	0	0	0	0	0	0	0	0	8.69914	0	0	5.22432	0	12.51388	0	0	0	3.56156	12.53435	7.23636	11.7924	9.83649	4.71087	0	10.82843	11.17152	8.75739	9.2788	8.05888	10.77561	9.96122	5.83724	9.02059	9.7454	8.63914	9.09309	6.06866	13.63195	5.34562	5.94522	9.24533	5.03613	13.44025	5.93448	0	9.62158	0	0	0	0	0	0	0	0	9.15706	0	0	0	0	0	0	0	0	0	0	0	0	0	0	0	0	0	0	0	0	0	0	0	0	0	0	
10.63675	0	0	0	0	0	0	0	9.05716	0	0	0	9.54712	0	0	0	0	0	0	0	0	0	0	0	11.84437	0	0	6.87473	0	0	0	0	12.34055	0	11.48347	8.62736	0	5.70467	10.9688	6.93722	8.6115	8.47237	6.1959	9.19193	11.25582	9.64867	7.56357	10.25817	6.13451	6.01758	9.0097	6.55981	7.09648	6.75513	11.83616	8.69533	9.98477	5.98705	0	10.76533	0	4.2212	0	5.72947	0	9.2333	0	0	0	0	0	0	0	0	0	0	0	0	0	0	0	0	4.81273	0	0	6.74382	0	0	0	0	0	0	0	0	0	0	0	0	0	0	
0	0	0	10.9461	0	0	0	0	0	0	0	0	0	0	0	0	0	0	8.05599	0	0	11.09798	0	7.46885	11.32374	8.43054	0	0	11.70873	9.55888	12.22737	0	11.81381	0	0	0	0	10.53619	9.90351	9.34686	8.81335	6.35136	8.13418	8.89884	9.26488	9.76021	8.56937	9.30728	9.16044	6.74359	9.75767	7.07725	10.11722	7.7716	5.9233	8.262	0	2.95004	5.64719	8.58641	1.05707	3.76639	9.10704	0	0	0	0	0	0	4.78958	0	0	6.25339	0	1.81623	7.03786	11.8926	2.83921	0	0.78283	0	0	0	0	0	0	0	0	0	0	0	0	0	0	0	0	0	0	0	0	
8.32915	0	0	0	11.98716	7.52596	0	0	0	0	0	0	0	0	0	0	0	12.25871	0	0	0	0	0	0	9.77419	0	7.28044	8.63537	0	12.41771	10.04456	0	0	0	10.59334	8.18659	5.69657	11.51041	10.92032	8.68257	7.10357	8.73453	8.80004	9.40891	8.81993	8.88061	9.75662	7.89305	8.00528	10.60059	5.412	9.81213	11.80163	6.45333	9.50041	10.0379	8.88633	4.91419	5.79075	8.44642	6.45047	0	5.29488	12.03203	10.71952	10.00918	9.86175	0	0	0	0	0	0	0	4.89813	0	0	0	0	0	0	0	0	0	0	0	0	0	0	0	0	0	0	0	0	0.78283	0	0	0	0	
0	0	0	0	0	0	0	0	5.75366	0	7.59785	0	0	0	0	0	6.57016	14.78833	9.13781	5.12357	11.18515	8.03683	0	0	0	13.12084	0	8.35318	9.06196	10.99581	0	9.52401	12.34335	8.89561	7.77621	10.98866	7.02294	6.81786	8.94179	7.82459	8.35034	8.24752	5.69722	7.92952	9.69533	7.84628	7.89227	8.79134	8.01906	7.53147	6.57626	11.19213	6.68178	8.06762	5.93623	6.31762	5.92682	8.67009	0	9.75988	8.68724	8.67518	6.96434	0	9.29909	12.19375	4.63082	0	0	0	0	6.63434	0	0	8.18302	0	0	0	9.87504	0	0	0	0	0	0	7.59517	0	0	0	0	0	0	0	0	0	1.48604	0	0	0	0	
0	10.45061	0	0	9.36917	9.03951	0	0	0	0	0	0	0	0	2.75781	11.24762	0	11.00089	10.97079	0	9.65678	0	9.27835	0	0	0	0	0	9.18166	9.60899	8.16968	0	9.84371	6.50691	9.98272	7.30431	9.34383	9.86202	7.85616	8.39049	8.54285	7.80923	7.31754	8.93495	8.13687	7.42129	8.68856	8.78072	7.66332	7.30761	6.75887	7.82218	7.67614	6.48131	8.94179	5.76542	3.03643	6.0665	7.48522	8.16008	0	9.01159	0	11.18872	10.73592	1.05707	6.39191	1.48604	0	0	0	0	0	0	0	2.97166	0	0	0	0	9.69324	0	0	0	0	0	0	0	0	0	0	0	0	0	0	0	0	0	0	0	
0	11.93834	8.92121	0	10.14363	0	0	0	0	0	8.79469	0	0	0	9.67342	7.46297	0	8.27983	0	0	7.71626	5.87374	8.80251	11.87211	7.37491	9.05913	0	4.20734	6.31343	8.09603	11.46469	10.98637	10.05652	10.37886	10.45648	6.26509	8.58589	8.21274	6.68149	7.02075	6.573	8.14482	7.42225	8.00544	7.27531	6.82798	8.27809	7.59409	9.51758	8.48226	7.36531	9.13344	7.85717	7.79761	6.74522	6.57455	8.79873	6.23615	6.92399	9.95209	0	7.69286	9.19565	10.662	1.6869	3.15787	1.05707	0	0	0	0	13.27785	0	0	9.44643	0	8.23913	0	0	0	0	0	0	4.31434	0	1.80246	0	0	0	0	0	0	0	0	0	0	0	0	0	0	
0	0	0	0	0	0	0	0	6.87473	0	10.48981	12.23152	0	0	0	0	0	0	10.08961	0	9.81515	0	0	0	0	11.54637	10.65216	0	1.48604	6.6756	6.73656	8.82594	9.94894	9.67081	9.47168	7.70272	9.74374	10.11736	7.88959	8.45461	5.86499	8.29244	8.45001	8.27689	7.83107	7.74458	6.77611	8.53789	8.13572	8.40334	7.82095	6.68253	6.1917	7.29985	7.56089	8.97162	8.66029	8.55428	11.20488	8.23869	9.51041	5.12937	9.46227	5.54359	0	9.60086	0	7.75177	0	0	0	0	0	0	0	0	0	0	0	0	0	9.71421	0	0	0	0	0	9.12211	11.72632	7.50649	0	0	0	0	0	0	0	0	0	0	
0	0	0	0	0	0	0	0	11.21541	8.06183	4.01679	2.08478	0	13.13639	0	0	0	2.59531	11.19272	5.4732	0	0	0	8.3525	5.78227	10.16894	2.83267	9.43609	6.74324	9.60958	0	8.35393	5.94815	3.95209	5.09019	6.70528	8.63087	5.81434	10.38386	5.71141	7.61087	8.0125	8.66773	8.58787	6.24327	7.12981	7.75382	7.09158	6.72447	8.82122	8.52153	7.05364	7.29158	5.86703	8.14704	7.87702	4.25906	11.08413	9.32366	5.96804	6.52191	9.31884	8.42817	6.08752	1.29766	9.58739	10.03517	0	0	0	0	0	0	5.56894	11.15812	0	0	0	11.84296	0	0	0	0	0	0	0	0	0	5.34431	0	3.56156	0	0	0	0	0	0	0	0	0	
0	0	10.60907	6.91448	0	8.41082	0	1.28741	7.32717	0	0	0	0	0	0	0	0	7.23867	0	0	0	0	0	10.92005	0	9.44345	0	10.54355	10.22777	7.87549	0	9.25071	0	11.29658	5.5919	8.79893	6.52794	6.9244	0.89295	10.17773	6.95008	9.48494	6.71004	8.14139	7.64312	6.52879	5.87595	7.9967	6.87375	7.86962	8.23178	7.43765	7.94635	8.24241	7.56797	5.20987	7.59316	7.82976	8.23331	7.20609	11.00596	8.03304	4.28764	9.25557	7.73035	0	0	5.30959	4.69242	4.92524	4.48796	0	10.92327	0	1.47524	0	5.10344	0	0	0	0	0	5.11106	0	0	0	0	0	0	0	0	0	0	0	0	0	0	0	0	0	
0	0	0	0	0	0	0	0	0	0	10.02971	8.34681	9.58758	0	14.62623	0	0	10.28928	0	4.99909	0	0	0	0	0	0	5.03123	2.97166	4.53428	0	7.21621	8.9711	5.77334	7.31182	4.68077	7.74995	9.10673	8.02703	7.34431	9.33137	8.61792	6.01978	5.92379	7.6174	8.33837	7.2054	4.63199	5.76655	7.17388	6.62107	7.27405	8.25277	8.39062	7.22146	6.70275	5.93844	5.76249	7.6108	8.6316	6.50068	7.33787	5.97375	9.78947	5.52996	0	5.47825	10.00413	5.22913	0	0	10.38216	0	5.16618	4.23825	0	13.61858	0	0	0	0	0	0	0	0	0	0	0	0	6.10056	0	0	0	0	0	0	0	0	0	0	0	
0	0	0	0	0	0	0	0	0	9.98477	0	0	6.93543	0	0	0	0	0	0	0	0	0	0	9.15378	0	0	8.63186	0	0	4.51636	7.10719	0	0	6.31874	9.9405	6.86584	6.87915	0.78283	0	7.85067	3.52855	11.65978	5.97249	4.51619	9.53281	7.71636	6.74834	8.49269	9.86721	6.36428	7.48332	8.91101	6.986	6.39129	8.80829	6.93805	8.57362	6.62892	4.64176	5.41869	5.8475	5.64222	6.20375	8.3392	6.35331	5.31513	7.51788	6.82975	6.40544	0	0	6.96069	0	5.09344	0	8.69162	10.16034	0	0	0	0	0	0	0	11.68636	0	0	1.05707	0	0	0	11.23904	0	0	0	0	7.09219	0	0	0	
0	0	0	0	0	0	0	0	0	0	0	11.78949	0	0	0	0	0	7.62625	12.62097	0	0	0	0	1.95673	0	0	0	8.41387	0	0	0	0	6.40779	5.85225	6.97569	0	5.05074	8.61767	0.74302	2.3485	6.10706	9.75093	8.23481	4.73088	0	9.58919	5.84432	4.8423	7.85011	6.20488	8.05115	12.41729	8.633	4.41638	7.24232	5.74754	6.63934	6.79241	8.17222	8.95374	6.82804	3.76553	0	7.57645	9.89383	0	6.13717	4.89813	10.03616	7.30681	0	0	0	5.09344	0	9.99091	0	8.81098	0	0	0	7.07408	0	0	0	0	0	0	0	0	0	0	0	0	0	0	0	0	0	0	
0	0	0	0	5.78563	0	0	0	0	0	9.33658	0	3.42307	0	0	10.81377	0	0	7.80027	0	7.33931	8.60083	0	0	0	8.70289	4.86285	0	0	5.23572	0	10.93645	13.35239	0	0	8.44999	9.59091	1.81623	9.94683	10.83573	3.24344	8.31453	6.02962	6.69579	3.92724	6.50307	13.33283	5.06281	7.08199	8.18627	8.84403	6.89002	8.10765	6.68721	5.80205	7.86329	6.28068	7.45158	5.27336	6.83309	5.55743	7.59223	5.59695	5.70182	8.25235	0	7.93204	9.1525	0	0	8.63361	8.61017	6.59245	9.29751	6.0929	0	6.63884	0	0	0	5.46688	0	0	0.44382	0	1.48604	0	0	0	6.46819	0	0	0	0	0	0	0	0	0	0	
0	0	0	0	0	0	0	0	0	0	0	5.61208	2.16428	0	0	10.06507	0	0	0	2.90383	6.79273	0	0.44382	0	0	0	0	0	0	5.13937	2.75781	3.99121	0	0	0	10.16352	0	0	0	5.77279	3.9121	6.64703	4.11135	7.56348	7.4866	4.37548	6.39214	8.07723	6.24001	6.71991	0	0	7.88396	9.79941	2.08478	6.92943	9.54121	6.79286	8.24898	6.11798	8.33302	7.51053	7.98403	6.9575	4.71072	5.20087	5.21035	7.18337	1.66056	11.19109	0	6.14945	8.60172	10.5248	8.37056	0	20.12091	0	4.96622	0	0	0	0	0	0	0	0	0	0	0	0	0	0	0	0	0	0	0	0	0	
0	0	0	8.39701	0	0	0	0	0	0	0	0	0	0	0	0	0	0	0	0	0	0	7.89283	0	0	0	7.58126	7.79119	6.94811	9.94578	0	0	3.9116	0	0	11.08832	0	2.08478	2.59531	5.02889	4.7226	0	0.78283	0	3.31339	11.08679	7.4485	7.88405	5.47204	6.71718	6.22172	5.40855	7.65043	8.36465	6.53734	6.63171	7.12004	5.43398	7.3539	5.64827	8.70696	6.92089	7.96568	10.09466	7.3982	7.79232	7.01865	8.73982	11.26717	7.33186	3.51238	9.05439	5.17263	3.44403	5.40607	0	12.95187	0	5.09672	8.51961	0.44382	5.64361	2.90383	0	0	0	0	0	0	0	0	0	0	0	0	0	0	0.44382	0	11.64865	
0	0	4.71626	0	0	0	0	0	0	0	0	0	0	0	0	0	0	0	0	0	8.67899	0	0	0	0	7.71626	0	8.90494	0	8.29315	0	10.49594	12.11252	0	10.77159	0	0	6.45443	6.23142	0	7.34326	0	0	6.89119	10.05387	8.72639	0.91995	4.65884	5.92596	9.11827	8.38725	10.76414	6.70285	5.73438	6.07086	9.04242	0	7.59659	7.21362	6.64797	2.16023	5.05642	5.46157	1.69698	5.16754	6.69032	4.64733	0	7.6218	3.55982	5.22768	6.77944	6.00828	8.38324	0	0	5.48773	0	1.46875	6.07986	0	6.34253	0	0	0	0	0	0	5.96907	0	0	0	0	0	0	0	4.32856	0	0	0	
0	0	0	0	3.80408	0	0	0	0	0	0	0	8.83508	0	0	0	0	0	0	0	11.99074	5.12357	0	0	0	0	0	5.21035	0	0	0	0.44382	10.51204	0	0	0	7.64275	0	14.10498	8.75313	0	0	3.02795	0	11.79111	0	4.29187	9.10797	2.83267	5.75621	9.21242	6.02106	9.93255	4.18635	7.04059	0.97837	0	6.08536	6.3061	2.91318	7.94447	5.12379	8.04131	6.20436	5.02985	8.78604	6.72292	5.07384	6.9484	6.32359	7.68646	0	0	9.41047	0	7.58225	5.12336	6.30879	0	0	0	0	0	0	7.58167	1.66056	0	0	0	0	0	0	0	0	0	0	9.32933	0	0	0	
0	0	0	0	0	0	0	0	2.97166	0	0	0	0	0	0	0	7.45114	3.47073	1.28741	0	0	0	0	0	4.74197	0	0	0	0	0	0	0	0	0	6.36478	8.14313	0	8.44552	0	0	0	0	11.00571	12.65513	0	10.04805	9.89592	9.16974	0	3.56109	0	10.59469	9.20628	8.09615	0	7.096	0	5.0153	0	6.085	7.3658	4.58825	6.12055	6.6654	4.28171	6.27291	7.41411	5.13144	8.6313	7.56943	8.17027	2.3505	6.52469	9.79657	7.83967	3.68499	9.51938	7.78856	0	0	6.16923	4.99909	11.03679	0	4.18402	1.05707	5.90008	4.19307	4.32856	0	1.11096	0	0	11.36348	0	0	0	0	0	0	
0	0	0	0	0	0	0	0	0	0	0	0	0	0	0	0	0	0	0	0	6.83299	0	0	0	0	0	0	0	0	6.42651	0	0	0	0	7.51504	0	0	0	0	0	9.19745	0	8.72393	8.95407	3.97429	0	0	0.78283	3.32276	5.5163	10.02423	0	0	2.1106	6.28621	7.04849	0	0	7.65684	8.38312	9.57941	5.97554	2.90513	5.43005	6.44016	8.13016	5.16723	4.78762	7.43452	6.38384	11.07989	6.94205	4.39262	5.46493	2.75781	0	5.38363	0	6.10064	0	0	0	1.66056	0	0	0	8.94477	0	0	0	0	0	0	0	0	0	0	0	0	0	
0	0	0	0	4.86285	0	0	0	0	0	0	5.16761	0	5.34431	0	0	0	0	0	0	0	0	0	0	0	0	0	0	0	0	0	0	0	0	0	0	0	0	0	6.24552	0	0	8.76752	0	5.26525	0	1.13003	0	0	0	2.90383	0	0	0	8.98209	0	0	0.44382	0	11.19671	7.57357	1.48604	6.1724	7.87686	7.07825	0	3.80958	4.97649	8.97575	5.86777	5.37725	9.1621	8.87757	6.11679	0	0	2.36019	5.76325	6.89093	9.05718	2.50665	7.55428	1.28741	0	2.50665	0	5.57984	9.27054	0	4.9518	0	0	0	0	6.37108	0	0	0	0	0	
0	0	0	0	0	0	0	0	0	0	0	0	0	0	0	0	0	8.60611	0	0	0	10.33265	9.29334	0	0	0	8.16683	0	0	0	0	0	0	6.29216	8.85887	0	0	0	0	0	0	0	0	0	0	0	0	0	0	0	2.08478	0	0	0	0	7.19229	12.12602	10.35918	7.68882	1.28741	0	6.47556	6.33843	0	7.8743	7.38409	4.71808	7.38475	5.21769	4.24031	8.78786	5.47934	6.21145	8.28229	8.36351	6.46709	4.64419	0	8.33881	3.80672	0	0	7.82869	0	6.19074	9.96297	7.42113	5.52446	0	10.59935	0	0	0	0	0	0	8.34299	0	0	0	
0	0	0	0	0	0	0	0	6.89377	0	0	0	0	0	0	0	0	0	0	0	0	0	0	0	0	0	0	4.01165	0	3.9116	0	0	0	0	0	0	0	0	0	9.48793	0	0	0	0	0	6.04093	0	4.37939	6.26695	0	0	9.63275	0	0	0	0	0	0	9.02386	0	7.17433	0	11.13828	8.91973	9.01135	4.68265	6.11883	0	0	7.48322	9.20761	2.75781	9.2686	6.45037	4.58487	9.69652	2.42449	0	0	8.92185	6.12102	7.42761	10.34908	8.97496	5.67949	0	0	0	0	0	6.41437	0	9.73882	0	0	0	0	0	0	0	
0	0	0	0	0	0	0	0	0	0	0	0	0	10.3806	0	0	0	0	0	5.26544	0	0	0	0	0	2.69448	0	0	0	0	0	0	0	0	8.10777	0	0	6.86087	0	0	10.88008	0	4.19307	7.88185	0	0	0	0	0	0	5.16761	6.46819	0	0	4.99909	0	0	0	0	7.26103	5.87207	0	5.09823	9.02062	6.29369	3.49437	9.84416	2.31107	0	4.66629	6.64239	0	7.47397	6.12808	8.98824	5.8176	4.5243	5.12695	5.65997	4.97491	0	6.37835	6.68068	3.71368	2.59813	0	0	7.58438	3.07513	0	10.26921	0	0	7.33684	0	0	0	0	4.4181	0	
0	0	0	0	0	0	0	9.11268	0	0	0	0	0	0	0	0	0	0	0	0	0	0	1.48604	0	0	0	0	0	9.99906	0	0	0	0	0	10.43838	0	0	2.08478	0	0	0	1.47524	0	0	0	0	5.20573	0	0	0	0	0	8.90504	0	0	0	2.45773	9.00047	0	5.57012	7.75453	0	0	6.36851	0	4.13509	0	9.12164	6.84235	10.20593	9.68675	6.49712	7.61651	5.27548	6.9896	6.21587	8.50989	0.78283	6.92191	7.48419	6.40507	7.5453	5.48976	0	5.14066	0	3.21495	5.18877	0	0	13.36855	8.16031	0	0	0	0	9.08807	0	0	0	
0	0	0	0	0	0	0	0	0	0	0	0	0	0	0	0	0	0	0	0	0	0	0	0	0	0	0	0	0	0	0	0	0	0	0	0	0	5.51586	0	0	0	0	0	0	0	0	0	0	0	6.34574	0	4.44711	0	3.87678	0	0	2.41219	5.80855	0	0	2.31107	0	11.4229	12.11989	7.20568	6.25727	0	0	8.79688	8.27119	0	9.02162	5.16547	10.48165	7.16019	7.33891	0	4.76992	4.76519	7.84033	4.45817	9.41252	5.19625	0.78283	0	0	3.82087	0	0	0	0	0	8.85424	7.13629	7.75286	0	0	0	0	0	
0	0	0	0	0	0	0	8.36742	0	0	0	0	0	0	0	0	0	0	0	0	0	0	0	0	0	0	0	0	0	0	0	0	0	0	0	0	0	5.98938	0	7.17004	0	0	0	0	0	0	0	0	0	0	3.77592	0	0	11.31831	6.66324	0	0	8.69218	9.489	11.97262	0	4.04351	0	6.76841	8.92925	9.91489	0	0	7.33291	5.36424	8.43172	4.02113	4.14699	8.37517	1.95673	7.86937	6.91024	0	7.55732	6.51403	8.34219	9.19302	3.54373	3.9015	4.39082	0	0	1.24256	0	0	7.78856	0	0	0	0	1.68756	0	0	0	0	
0	0	0	0	0	0	0	0	0	0	0	0	0	0	0	0	0	0	0	0	0	0	0	0	0	10.37161	0	0	0	0	0	0	0	0	0	0	0	10.93048	0	0	0	0	0	0	10.51204	0	0	0	12.35004	0	0	0	0	0	0	1.81623	0	0	0	0	0	0	8.5444	0	0	7.4542	6.01832	8.5592	0	6.81902	3.76715	0	8.52168	0	9.37074	5.80182	12.10687	6.7597	4.11804	6.33366	1.47051	0	7.97799	0	10.07811	6.0951	0	0	0	0	7.87522	0	0	0	0	0	0	1.28741	0	0	
0	0	0	0	0	0	0	0	0	0	0	0	3.9116	0	0	0	0	0	0	0	0	0	0	0	0	0	0	0	0	0	0	0	0	0	0	0	0	0	0	0	0	0	0	0	0	0	0	10.75514	0	0	0	0	9.36681	0	0	0	0	0	0	4.72919	0	0	0	4.53077	3.72768	5.94295	9.28846	0	9.74905	0	0	8.72393	0	0	0	3.88587	6.4783	8.27877	6.49735	4.60177	0	6.38359	6.17774	4.83039	5.32145	2.21493	6.81388	0	6.07216	0	0	0	0	5.55795	0	0	0	0	0	0	
0	0	0	0	0	0	0	0	0	0	0	0	0	0	0	0	0	0	0	0	0	0	0	0	0	0	0	0	0	0	0	0	9.23588	0	0	0	0	0	0	0	0	0	0	0	0	0	0	0	0	0	0	0	0	0	0	0	6.8662	0	0	0	7.90004	0	0	2.90463	0	5.79168	0	0	7.44097	0	0	0	8.01237	0	0	5.12357	0	0	4.46113	8.45798	5.79647	5.63317	9.45609	0	4.67218	0	0	0	1.95673	3.76639	5.9666	4.72173	4.86226	0	0	0	0	0	0	0	
0	0	0	0	0	0	0	0.22191	0	0	0	0	0	0	0	0	0	0	0	0	0	0	0	0	0	0	0	4.27589	0	0	0	0	0	0	0	0	0	0	0	0	0	0	0	0	0	0	0	0	0	0	0	0	0	0	0	0	0	0	0	0	0	0	0	0	0	0	0	0	0	0	6.32422	4.91652	5.26481	0	0	8.07731	10.56549	0	9.55816	5.87374	0	5.91997	0	5.94295	2.08478	9.70845	0	7.29112	0	2.08478	0	1.95673	0	0	0	9.46788	0	0	0	0	
0	0	0	0	0	0	0	0	0	0	0	0	0	0	0	0	0	0	0	0	9.39873	0	0	0	0	0	0	0	0	0	0.44382	0	0	0	0	0	0	0	0	0	0	0	0	0	0	0	0	0	0	0	0	0	0	0	0	0	0	0	0	11.97107	0	0	0	0	6.77386	8.82594	5.81032	4.30217	0	0	0	0	0	0	0	1.81623	4.6525	0	0	0	3.60636	0	0	0	3.88806	6.31995	7.37768	4.26836	5.53571	0	8.20608	6.2397	8.47064	7.32393	0	5.70467	0	0	0	0	
0	0	0	0	0	0	0	0	0	0	0	0	0	0	0	0	0	0	0	0	0	0	0	0	0	0	0	0	0	0	0	0	0	0	0	0	0	0	0	0	0	0	0	0	0	0	0	0	3.37379	0	0	0	0	0	0	0	0	0	0	0	0	0	0	0	0	0	0	0	0	7.26433	10.65233	8.84189	7.52386	0	10.03616	5.41909	0	8.39392	0	0	0	7.69385	6.54812	0	3.9486	0	1.05707	0	0	1.68907	0	3.19533	2.65271	0	2.59531	0	0	0	0	0	
0	0	0	0	0	0	0	0	0	0	0	0	0	0	0	6.9656	0	0	0	0	0	0	0	0	0	0	0	0	0	0	0	0	0	0	6.06441	0	0	0	0	0	0	0	0	0	0	0	0	0	0	0	0	0	0	0	0	0	0	0	0	0	0	0	0	0	0	0	0	3.26986	0	0	0	0	0	8.77939	0	0	0	2.61216	0	0	0	3.03643	0	0	5.85174	0	4.96807	3.14019	6.54255	9.77642	9.69176	0	9.92722	0	0	0	0	0	0	0	
0	0	0	0	0	0	0	0	0	0	0	0	0	0	0	0	0	0	0	0	0	0	0	0	0	0	0	0	0	0	0	0	0	0	0	0	0	0	0	0	0	0	0	0	0	0	0	0	8.4939	0	0	0	0	0	0	0	0	0	0	6.59725	0	0	0	0	0	7.82301	0	0	0	0	0	8.41387	0	0	0	0	0	11.05612	0	5.02344	10.14573	0	0	6.7786	0	0	0	0	0	0	0	0	0	0	0	0	0	0	0	0	
0	0	0	0	0	0	0	0	0	0	0	0	0	0	0	0	0	0	0	0	0	0	0	0	0	0	0	0	0	0	0	0	0	0	0	0	0	0	0	0	0	0	0	0	0	0	0	0	0	0	0	0	0	0	0	2.62416	0	0	12.77846	0	0	0	0	0	7.4302	0	0	0	0	0	0	3.56156	0	7.70385	0	0	6.44452	0	0	0	3.29639	5.69247	4.24797	8.37297	0	0	0	8.01639	9.28994	0	5.63317	11.11542	10.53149	0	0	0	0	0	0	0	
0	0	0	0	0	0	0	0	0	0	0	0	0	0	0	0	0	0	0	0	0	0	0	0	0	0	0	0	0	0	0	0	0	0	0	0	0	0	0	0	0	0	0	0	0	0	0	0	0	0	0	0	0	0	0	0	0	0	0	0	0	0	0	0	0	0	0	0	0	0	0	0	0	0	0	0	0	0	0	0	0	0	0	0	0	0	7.01393	0	0	0	0	9.25302	0	0	0	0	0	0	0	0	
0	0	0	0	0	0	0	0	0	0	0	0	0	0	0	0	0	0	0	0	0	0	0	0	0	0	0	0	0	0	0	0	0	0	0	0	0	0	0	0	0	0	0	0	0	0	0	0	0	0	0	0	0	0	0	0	0	0	0	0	0	0	0	0	0	0	0	0	0	0	8.8001	0	0	0	0	0	3.42307	0	0	7.63493	0	0	0	10.82728	0	0	0	2.97166	0	0	4.47427	8.19902	0	0	0	0	0	0	0	0	
0	0	0	0	0	0	0	0	0	0	0	0	0	0	0	0	0	0	0	0	0	0	0	0	0	0	0	0	0	0	0	0	0	0	0	0	0	0	0	0	0	0	0	0	0	0	0	0	0	0	0	0	0	0	0	0	0	0	0	2.08478	0	0	0	0	0	0	0	0	0	0	3.64702	0	0	0	0	0	0	0	0	0	0	0	0	0	0	0	6.16199	0	0	0	0	0	0	0	0	0	0	0	0	0	
0	0	0	0	0	0	0	0	0	0	0	0	0	0	0	0	0	0	0	0	0	0	0	0	0	0	0	0	0	0	0	0	0	0	0	0	0	0	0	0	0	0	0	0	0	0	0	0	0	0	0	0	0	0	0	0	0	0	0	0	0	0	0	0	0	0	0	0	0	9.3848	0.44382	0	0	0	0	0	0	0	8.45592	0	0	0	0	0	0	0	0	0	8.30962	7.66084	0	0	0	0	0	0	0	0	0	0	
0	0	0	0	0	0	0	0	0	0	0	0	0	0	0	0	0	0	0	0	0	0	0	0	0	0	0	0	0	0	0	0	0	0	0	0	0	0	0	0	0	0	0	0	0	0	0	0	0	0	0	0	0	0	0	0	0	0	0	0	0	0	0	0	0	0	0	0	0	0	0	0	0	0	0	0	0	0	0	0	0	0	0	0	0	0	0.78283	0	0	0	0	0	0	0	0	0	0	0	0	0	
0	0	0	0	0	0	0	0	0	0	0	0	0	0	0	0	0	0	0	0	0	0	0	0	0	0	0	0	0	0	0	0	0	0	0	0	0	0	0	0	0	0	0	0	0	0	0	0	0	0	0	0	0	0	0	0	0	0	8.36899	0	0	0	0	0	0	0	0	0	0	0	0	0	0	0	0	7.42113	0	0	0	0	0	0	0	0	0	0	0	0	0	0	0	0	0	0	0	0	0	0	0	0	
0	0	0	0	0	0	0	0	0	0	0	0	0	0	0	0	0	0	0	0	0	0	0	0	0	0	0	0	0	0	0	0	11.66731	0	0	0	0	0	0	0	0	0	0	0	0	0	0	0	0	0	2.08478	0	0	0	0	0	0	0	0	0	0	0	0.44382	0	0	0	0	0	0	0	0	0	0	0	0	1.95673	0	0	0	0	0.44382	0	0	0	0	0	0	0	0	0	0	0	0	0	0	0	0	0	0	0	
0	0	0	0	0	0	0	0	0	0	0	0	0	0	0	0	0	0	0	0	0	0	0	0	0	0	0	0	0	0	0	0	0	0	0	0	0	0	0	0	0	0	0	0	0	0	0	0	0	0	0	0	0	0	0	0	0	0	0	0	0	0	0	0	0	0	0	0	0	0	0	0	0	0	0	0	0	0	0	0	0	0	0	0	0	0	0	0	0	0	0	0	0	0	0	0	0	0	0	0	
0	0	0	0	0	0	0	0	0	0	0	0	0	0	0	0	0	0	0	0	0	0	0	0	0	0	0	0	0	0	0	0	0	0	0	0	0	0	0	0	0	0	0	0	0	0	0	0	0	0	0	0	0	0	0	0	0	0	0	0	0	0	0	0	0	0	0	0	0	0	0	0	0	0	0	0	0	0	0	0	0	0	0	0	0	0	0	0	0	0	0	0	0	0	0	0	0	0	0	0	
0	0	0	0	0	0	0	0	0	0	0	0	0	0	0	0	0	0	0	0	0	0	0	0	0	0	0	0	0	0	0	0	0	0	0	0	0	0	0	0	0	0	0	0	0	0	0	0	0	0	0	0	0	0	0	0	0	0	0	0	0	0	0	0	0	0	0	0	0	0	0	0	0	0	0	0	0	0	0	0	0	0	0	0	0	0	0	0	0	0	0	0	0	0	0	0	0	0	0	0	
0	0	0	0	0	0	0	0	0	0	0	0	0	0	0	0	0	0	0	0	0	0	0	0	0	0	0	0	0	0	0	0	0	0	0	0	0	0	0	0	0	0	0	0	0	0	0	0	0	0	0	0	0	0	0	0	0	0	0	0	0	0	0	0	0	0	0	0	0	0	0	0	0	0	0	0	0	0	0	0	0	0	0	0	0	0	0	0	0	0	0	0	0	0	0	0	0	0	0	0	
0	0	0	0	0	0	0	0	0	0	0	0	0	0	0	0	0	0	0	0	0	0	0	0	0	0	0	0	0	0	0	0	0	0	0	0	0	0	0	0	0	0	0	0	0	0	0	0	0	0	0	0	0	0	0	0	0	0	0	0	0	0	0	0	0	0	0	0	0	0	0	0	0	0	0	0	0	0	0	0	0	1.95673	0	0	0	0	0	0	0	0	0	0	0	0	0	0	0	0	0	0	
0	0	0	0	0	0	0	0	0	0	0	0	0	0	0	0	0	0	0	0	0	0	0	0	0	0	0	0	0	0	0	0	0	0	0	0	0	0	0	0	0	0	0	0	0	0	0	11.65511	0	0	0	0	0	0	0	0	0	0	0	0	0	0	0	0	0	0	0	0	0	0	0	0	0	0	9.12389	0	0	0	0	0	0	0	0	0	0	0	0	0	0	0	0	0	0	0	0	0	0	0	0	0	
