0	0	0	0	0	0	0	0	0	0	0	0	0	0	0	0	0	0	0	0	0	0	0	0	0	0	0	0	0	0	0	0	0	0	0	0	0	0	0	0	0	0	0	0	0	0	0	0	0	0	0	8.0693	0	0	0	0	0	0	0	0	0	0	0	0	0	0	0	0	0	0	0	0	0	0	0	0	0	0	0	0	0	0	0	0	0	0	0	0	0	0	0	0	0	0	0	0	0	0	0	0	
0	0	0	0	0	0	0	0	0	0	0	0	0	0	0	0	0	0	0	0	0	0	0	0	0	0	0	0	0	0	0	0	0	0	0	0	0	0	0	0	0	0	0	0	0	0	0	12.90969	0	0	0	0	0	0	0	0	0	0	0	0	0	0	0	9.04487	0	0	0	0	0	0	0	0	0	0	0	0	0	0	0	0	0	0	0	0	0	0	0	0	0	0	0	0	0	0	0	0	0	0	0	0	
0	0	0	0	0	0	0	0	0	0	0	0	0	0	0	0	0	0	0	0	0	0	0	0	0	0	0	0	0	0	0	0	0	0	0	0	0	0	0	0	0	0	0	0	0	0	0	0	0	0	0	0	0	0	10.0867	0	0	0	0	0	0	0	0	0	0	0	0	0	0	0	0	0	0	0	0	0	0	0	0	0	0	0	0	0	0	0	0	0	0	0	0	0	0	0	0	0	0	0	0	0	
0	0	0	0	0	0	0	0	0	0	0	0	0	0	0	0	0	0	0	0	0	0	0	0	0	0	0	0	0	0	0	0	0	0	0	0	0	0	0	0	0	0	0	0	0	0	11.89705	10.86883	0	0	0	0	0	0	0	0	0	0	0	0	0	0	0	0	0	0	0	0	0	0	0	0	0	0	0	0	0	0	0	0	0	0	0	0	0	0	0	0	0	0	0	0	0	0	0	0	0	0	0	0	
0	0	0	0	0	0	0	0	0	0	0	0	0	0	0	0	0	0	0	0	0	0	0	0	0	0	0	0	0	0	0	0	0	0	0	0	0	8.77442	0	0	0	0	0	12.42878	0	0	0	0	0	0	0	0	0	0	0	0	0	0	0	0	0	0	0	0	0	0	0	0	0	0	0	0	0	0	0	0	0	0	0	0	0	0	0	0	0	0	0	0	0	0	0	0	0	0	0	0	0	0	0	0	
0	0	0	0	0	0	0	0	0	0	0	0	0	0	0	0	0	0	0	0	0	0	0	0	0	0	0	0	0	0	0	0	0	0	0	0	0	0	0	0	0	0	0	0	0	0	0	0	0	0	0	0	0	0	0	0	0	0	0	0	0	0	0	0	0	0	0	0	0	0	0	0	9.11918	0	0	0	0	0	0	0	0	0	0	0	0	0	0	0	0	0	0	0	0	0	0	0	0	0	0	0	
0	0	0	0	0	0	0	0	0	0	0	0	0	0	0	0	0	0	0	0	0	0	0	0	0	0	0	0	0	0	0	0	0	0	0	0	0	0	0	0	0	0	0	0	0	0	0	0	0	0	0	0	0	0	0	0	0	0	0	0	0	0	0	0	0	0	0	0	0	0	0	0	0	0	11.14096	0	0	0	0	0	0	0	0	0	0	0	0	0	0	0	0	0	0	0	0	0	0	0	0	0	
0	0	0	0	0	0	0	0	0	0	0	0	0	0	0	0	0	0	0	0	0	0	0	0	0	0	0	0	0	0	0	0	0	0	0	0	0	0	0	0	0	0	0	0	0	0	0	0	0	0	0	7.8729	0	0	0	12.64229	0	0	6.38485	0	0	0	0	0	0	0	0	0	0	0	0	0	0	0	0	0	0	0	0	0	0	0	0	0	0	0	0	0	0	0	0	0	0	0	0	0	0	0	0	0	
0	0	0	0	0	0	0	0	0	0	0	0	0	0	0	0	0	0	0	0	0	0	0	0	0	0	0	0	5.53733	0	0	0	0	0	0	0	0	0	0	0	0	0	0	0	0	0	0	0	0	0	0	0	0	0	0	0	0	0	0	0	0	0	0	0	0	0	0	10.74391	0	0	0	0	0	0	0	0	0	0	0	0	0	0	0	0	0	0	0	0	0	0	0	0	0	0	0	0	0	0	0	0	
0	0	0	0	0	0	0	0	0	0	0	0	0	0	0	0	0	0	0	0	0	0	0	0	0	0	0	0	0	0	0	0	0	0	0	0	0	0	0	0	0	0	0	0	0	0	0	0	0	0	0	0	0	0	0	8.61526	0	0	0	0	0	0	0	0	0	0	0	0	0	0	0	0	0	0	0	0	0	0	0	0	0	0	0	0	0	0	0	0	0	0	0	0	0	0	0	0	0	0	0	0	
0	0	0	0	0	0	0	0	0	0	0	0	0	0	0	0	0	0	0	0	0	0	0	0	0	0	0	0	0	0	0	0	0	0	0	0	0	0	0	0	0	0	0	0	0	0	0	0	0	0	0	0	0	0	0	0	0	0	0	0	0	0	0	0	0	0	0	10.43693	0	0	0	0	0	0	0	0	0	0	0	0	0	0	0	0	0	0	0	0	0	0	0	0	0	0	0	0	0	0	0	0	
0	0	0	0	0	0	0	0	0	0	0	0	0	0	0	0	0	0	0	0	0	0	0	0	0	0	0	0	0	0	0	0	0	0	0	0	0	0	0	0	0	0	0	0	0	0	0	0	0	0	0	0	5.51876	0	0	0	4.03717	0	0	0	0	0	0	0	0	0	0	0	0	0	0	5.36089	0	0	0	0	0	0	0	0	0	0	0	0	0	0	0	0	0	0	0	0	0	0	0	0	0	0	0	0	
0	0	0	0	0	0	0	0	0	0	0	0	0	0	0	0	0	0	0	0	0	0	0	0	0	0	0	0	0	0	0	0	0	0	0	0	0	0	0	0	0	0	0	0	0	0	0	0	10.76826	0	0	0	10.8798	0	0	0	0	0	0	0	0	0	0	0	0	0	0	3.54745	0	0	0	0	0	0	0	0	0	0	0	0	0	0	0	0	0	0	0	0	0	0	0	0	0	0	0	0	0	0	0	0	
0	0	0	0	0	0	0	0	0	0	0	0	0	0	0	0	0	0	0	0	0	0	0	0	0	0	0	0	0	0	12.2874	0	0	0	0	0	0	0	0	2.73183	0	0	0	0	0	0	0	8.89002	0	0	0	0	0	0	0	0	0	9.71735	6.68469	0	10.30432	0	0	7.84727	0	0	0	0	0	0	0	0	0	0	0	0	0	0	0	0	0	0	0	0	0	0	0	0	0	0	0	0	0	0	0	0	0	0	0	0	
0	0	0	0	0	0	0	0	0	0	0	0	0	0	0	0	0	0	0	0	0	0	0	0	0	0	0	0	0	0	0	0	0	0	0	0	0	0	0	0	0	0	0	0	0	0	0	0	0	0	0	0	0	0	7.68731	0	0	0	0	0	0	0	0	0	0	0	0	0	0	0	0	0	0	0	5.76713	0	0	0	0	0	0	0	0	0	0	0	0	0	0	0	0	0	0	0	0	0	0	0	0	0	
0	0	0	0	0	0	0	0	0	0	0	0	0	0	0	0	0	0	0	0	0	0	0	0	0	0	0	0	0	0	0	0	0	0	0	0	0	0	0	0	0	0	12.65496	0	0	0	0	0	0	0	0	0	9.73254	0	0	0	0	0	0	12.2801	0	0	0	0	0	0	0	0	0	0	0	6.18733	0	0	0	0	0	0	0	0	0	0	0	0	0	0	0	0	0	0	0	0	0	0	0	0	0	0	0	0	
0	0	0	0	0	0	0	0	0	0	0	0	0	0	0	0	0	0	0	0	0	0	0	0	0	0	0	0	0	0	0	0	0	0	0	0	0	0	0	0	0	0	0	6.2002	0	0	0	12.07038	0	0	0	9.93848	0	0	0	0	0	0	4.66414	0	0	0	0	0	0	0	0	0	0	0	0	0	0	0	0	0	0	0	0	0	0	0	0	0	0	0	0	0	0	0	0	0	0	0	0	0	0	0	0	0	
0	0	0	0	0	0	0	0	0	0	0	0	0	0	0	0	0	0	0	0	0	0	0	0	0	0	0	0	0	0	0	0	0	0	0	0	0	0	0	0	0	0	9.42307	0	0	0	0	0	0	0	0	0	0	0	0	7.63519	0	0	0	0	0	0	0	0	0	0	1.47612	0	1.47612	0	0	0	0	0	0	0	0	0	0	0	0	0	0	0	0	0	0	0	0	0	0	0	0	0	0	0	0	0	0	0	
0	0	0	0	0	0	0	0	0	0	0	0	0	0	0	0	0	0	0	0	0	0	0	0	0	0	0	0	0	0	0	0	0	0	0	0	0	0	0	0	12.18686	0	0	0	0	0	0	0	0	0	0	0	0	0	0	0	0	0	0	0	0	0	0	0	0	0	0	0	0	0	0	0	0	0	0	0	0	0	0	0	0	0	0	0	0	0	0	0	0	0	0	0	0	0	0	0	0	0	0	0	
0	0	0	0	0	0	0	0	0	0	0	0	0	0	0	0	0	0	0	0	0	0	0	0	0	0	0	0	0	0	0	0	0	0	0	0	0	0	0	0	0	0	0	0	0	0	0	8.24764	0	0	7.16221	0	0	0	0	0	0	0	0	0	0	0	0	0	0	0	0	0	0	0	0	0	0	0	0	0	8.65619	0	0	0	0	0	0	0	0	0	0	0	0	0	0	0	0	0	0	0	0	0	0	0	
0	0	0	0	0	0	0	0	0	0	0	0	0	0	0	0	0	0	0	0	0	0	0	0	0	0	0	0	0	0	0	0	0	0	0	0	0	0	0	0	0	0	0	0	0	0	0	5.90937	0	0	7.5417	10.46266	0	0	0	0	5.75545	0	8.02886	0	9.23179	0	0	0	0	9.25442	0	0	0	0	0	0	0	0	0	0	0	0	0	0	0	0	0	0	0	0	0	0	0	0	0	0	0	0	0	0	0	0	0	0	
0	0	0	0	0	0	0	0	0	0	0	0	0	0	0	0	0	0	0	0	0	0	0	0	0	0	0	0	0	0	0	0	0	0	0	0	0	0	0	0	0	9.7932	0	0	0	0	0	0	0	0	0	0	0	0	0	0	0	0	0	0	0	0	0	0	0	0	0	0	0	0	0	0	0	0	0	0	0	0	0	0	0	0	0	0	0	0	0	0	0	0	0	0	0	0	0	0	0	0	0	0	
0	0	0	0	0	0	0	0	0	0	0	0	0	0	0	0	0	0	0	0	0	0	0	0	0	0	0	0	0	0	0	5.24138	0	0	0	0	0	0	0	0	0	0	0	0	0	0	0	8.81208	0	0	0	0	0	0	0	0	0	0	0	0	0	0	0	0	0	0	0	2.09322	0	0	0	0	0	0	0	0	0	0	0	0	0	0	0	0	0	0	0	0	0	0	0	0	0	0	0	0	0	0	0	0	
0	0	0	0	0	0	0	0	0	0	0	0	0	0	0	0	0	0	0	0	0	0	0	0	0	0	0	0	0	0	0	11.99267	0	0	0.37518	0	0	0	0	0	0	0	0	0	0	0	0	0	0	0	0	0	0	0	0	0	0	0	0	0	0	0	0	0	0	0	0	0	0	0	0	0	0	0	0	0	0	0	0	0	0	0	0	0	0	0	0	0	0	0	0	0	0	0	0	0	0	0	0	0	
0	0	0	0	0	0	0	0	0	0	0	0	0	0	0	0	0	0	0	0	0	0	0	0	0	0	0	0	0	0	0	0	0	0	0	0	0	0	0	0	0	0	0	9.61123	0	0	0	0	0	15.47552	0	0	0	0	9.1632	0	0	0	0	0	0	0	0	0	0	0	0	0	0	0	0	0	0	0	0	0	0	0	0	1.87606	0	0	0	0	0	0	0	0	0	0	0	0	0	0	0	0	0	0	0	0	
0	0	0	0	0	0	0	0	0	0	0	0	0	0	0	0	0	0	0	0	0	0	0	0	0	0	0	0	0	0	0	0	9.10913	0	0	0	0	0	0	0	0	0	0	0	0	0	0	5.26386	0	0	7.82854	0.75369	0	0	0	0	0	0	8.80635	0	0	0	0	0	0	0	0	0	0	0	0.67265	0	0	0	0	0	0	0	0	0	0	0	0	0	0	6.66383	0	0	0	0	0	0	0	0	0	0	0	0	0	0	
0	0	0	0	0	0	0	0	0	0	0	0	0	0	0	0	0	0	0	0	0	0	0	0	0	0	0	0	0	0	0	0	0	0	0	0	0	0	0	10.54756	0	0	0	0	14.78534	0	6.86827	0	0	0	0	0	0	0	0	0	0	0	0	0	0	0	0	0	0	0	0	0	0	1.47612	0	0	0	0	0	0	0	0	0	0	0	0	0	0	0	0	0	0	0	0	0	0	0	0	0	0	0	0	0	0	
0	0	0	0	0	0	0	0	0	0	0	0	0	0	0	0	0	0	0	0	0	0	0	0	0	0	0	0	0	0	0	0	0	0	0	8.06451	0	0	0	0	0	0	0	0	0	0	0	7.78452	0	0	0	0	0	7.482	0	0	0	0	0	0	9.81951	0	0	0	0	0	0	0	0	0	0	0	0	0	0	0	0	0	0	0	0	0	0	0	0	0	0	0	0	0	0	0	0	0	0.37518	0	0	0	0	0	
0	0	0	0	0	0	0	0	0	0	0	0	0	0	0	0	0	0	0	0	0	0	0	0	0	0	0	0	0	0	0	0	0	0	0	0	0	0	0	0	0	14.37763	0	0	0	0	0	0	0	0	0	0	0.91915	0	0	0	0	0	0	0	0	0	0	0	0	0	0	0.37518	0	0	0	4.03949	0	0	0	0	0	0	0	0	0	0	0	0	0	0	0	0	0	0	0	0	0	0	0	0	0	0	0	0	
0	0	0	0	0	0	0	0	0	0	0	0	0	0	0	0	0	0	0	0	0	0	0	0	0	0	0	0	0	0	0	0	0	0	0	0	0	0	0	0	8.3431	0	0	0	10.69468	0	0	9.62007	0	0	0.37518	12.8682	0	0	0	9.83085	0	0	10.03985	0	4.38536	0	0	0	0	0	0	0	0	0	0	0	0	0	0	0	0	0	0	0	0	0	0	0	0	0	0	0	0	0	0	0	0	0	0	3.17297	0	0	0	0	
0	0	0	0	0	0	0	0	0	0	0	0	0	0	0	0	0	0	0	0	0	0	0	0	0	0	0	0	0	0	0	0	0	0	0	0	0	0	0	0	0	0	0	0	12.51922	0	0	0	0	0	0	0	7.15953	0	0	0	0	7.04089	0	0	0	6.40015	0	0	0	0	0	0	0	0	0	0	0	0	0	0	0	0	0	0	0	0	0	0	0	0	0	0	0	0	0	0	0	0	0	0	0	0	0	0	
0	0	0	0	0	0	0	0	0	0	0	0	0	0	0	0	0	0	0	0	0	0	0	0	0	0	0	0	0	0	0	0	0	0	0	0	0	0	0	0	0	0	0	12.1294	0	0	11.41695	0	0	0	9.22106	0	0	0	0	0	0	0	0	3.78356	0	0	0	0	9.19132	0	0	1.75531	0	0	0	0	9.99982	0	0	0	2.52406	0	0	0	0	0	0	0	0	0	0	0	0	0	0	0	0	0	0	0	0	0	0	0	
0	0	0	0	0	0	0	0	0	0	0	0	0	0	0	0	0	0	0	0	0	0	0	0	0	0	0	0	0	0	0	0	0	0	0	0	0	0	0	0	0	0	0	0	1.31325	0	0	11.53486	0	0	0	10.6076	1.75531	0	0	7.14447	0	0	0	0	0	0	0	0	0	0	0	6.8646	0	0	0	0	0	11.31654	0	0	0	0	0	0	0	0	0	0	0	0	0	0	0	0	0	0	0	0	0	0	0	0	0	0	
0	0	0	0	0	0	0	0	0	0	0	0	0	0	0	0	0	0	0	0	0	0	0	0	0	0	0	0	0	0	0	0	0	0	0	0	0	12.51922	0	0	0	0	0	0	0	0	0	0	2.1903	0	0	8.55976	0	0	13.75953	0	6.41026	0	0	3.35149	0	0	0	0	0	0	0	0	0	0	0	0	0	0	5.71536	2.28125	0	0	0	0	0	0	0	0	0	0	0	0	0	0	0	0	0	0	0	0	0	0	0	0	
0	0	0	0	0	0	0	0	0	0	0	0	0	0	0	0	0	0	0	0	0	0	0	0	0	0	0	0	0	0	0	0	0	0	0	0	0	0	0	0	0	0	17.49636	0	0	11.08525	0	12.69602	0	0	10.52273	0	12.06825	0	11.18358	0	0	0	0	0	0	0	0	7.56678	0	0	0	8.81779	0	0	8.07884	0	0	0	0	0	0	0	3.39287	0	0	0	0	0	0	0	0	0	0	0	0	0	0	0	0	0	0	0	0	0	
0	0	0	0	0	0	0	0	0	0	0	0	0	0	0	0	0	0	0	0	0	0	0	0	0	0	0	0	0	0	0	0	0	0	0	0	0	0	0	0	0	0	0	0	0	0	0	7.52086	9.72091	0	0	12.9628	0	0	0	0	0	0	0	0	0	0	0	0	1.12961	0	0	0	0	0	0	0	0	0	0	0	0	0	0	0	0	0	0	0	0	0	0	0	0	0	4.88323	0	0	0	0	0	0	0	0	0	
0	0	0	0	0	0	0	0	0	0	0	0	0	0	0	0	0	0	0	0	0	0	0	0	0	0	0	0	0	0	0	0	0	0	0	0	0	0	0	0	0	0	0	0	0	0	0	9.95692	0	0	0	0	9.56729	1.75531	0	0	0	0	10.49842	12.99202	0	0	0	0	0	0	0	0	0	0	0	0	0	0	0	0	0	0	0	0	0	0	0	0	0	0	0	0	0	0	0	0	0	0	0	0	0	0	4.92614	0	
0	0	0	0	0	0	0	0	0	0	0	0	0	0	0	0	0	0	0	0	0	0	0	0	0	0	0	0	0	0	0	0	0	0	0	0	0	0	0	0	0	0	8.50753	0	0	0	0	0	0	9.49827	0	7.55087	0	8.4969	0	0	0	0	0	0	0	0	0	0	9.12149	0	0	0	0	0	0	0	0	0	0	0	11.19843	0	0	0	0	0	0	0	0	0	0	0	0	0	0	0	0	0	0	0	0	0	0	0	
0	0	0	0	0	0	0	0	0	0	0	0	10.29442	0	0	0	0	0	0	0	0	0	0	0	0	0	0	0	0	0	8.59102	0	0	0	0	0	0	0	0	0	0	0	9.81591	0	0	0	0	6.62082	0	0	11.53327	0	0	4.64714	1.98914	0	9.14919	0	0	0	0	0	0	9.87988	7.43184	9.65174	0	0	0	0	0	0	0	0	0	0	0	0	0	0	0	0	0	0	0	0	0	0	0	0	0	0	0	0	0	0	0	0	0	0	
0	0	0	0	0	0	0	0	0	0	0	0	0	0	0	0	0	0	0	0	0	0	0	0	0	0	0	0	0	0	0	0	0	0	0	0	0	0	0	0	0	0	0	0	0	10.85626	3.87401	0	0.67265	12.35995	0.67265	7.15313	5.67519	0	8.89812	7.02246	0	0	0	0	12.4996	0	0	0	0	0	0	0	0	6.54721	0	0	0	0	0	0	2.11139	0	0	0	0	0	0	0	0	0	0	0	0	0	0	0	0	0	0	0	0	0	0	0	
0	0	0	0	0	0	0	0	0	0	0	0	0	0	0	9.48477	0	0	0	0	0	0	0	0	0	0	0	0	0	0	0	0	0	0	0	4.98144	11.67236	0	0	0	0	0	0	6.03883	0	11.40341	8.20969	8.52276	4.11562	7.93917	0	0	3.51033	0	11.98487	0	0	0	0	6.59002	0	9.28221	0	7.56904	0	8.96224	0	0	11.27702	0	6.96061	0	0	0	0	10.44985	0	0	0	3.30889	0	0	0	0	0	0	0	0	0	0	7.48782	0	0	0	0	0	0	0	0	0	
0	0	0	0	0	0	0	0	0	0	0	0	0	0	0	0	0	0	0	0	0	0	0	0	0	0	11.25194	0	0	0	0	2.66585	0	0	6.24497	0	0	0	0	0	10.68157	0	0	0	0	0	0	0	7.78977	8.10086	1.62246	10.53607	9.28427	0	11.62349	0	13.598	0	2.80906	0	0	8.96824	0	0	0	7.94961	0	0	0	0	0	0	0	7.42438	0	0	0	0	0	0	0	0	0	0	0	0	0	0	0	0	0	0	0	0	0	0	10.08552	0	0	0	
0	0	0	0	0	0	0	0	0	0	0	0	0	0	0	0	0	0	0	7.97368	0	0	0	0	0	0	0	0	0	0	0	0	0	0	0	0	0	0	0	0	0	0	0	13.34579	0	0	9.82755	12.53801	12.21444	0	7.15051	8.09266	11.0416	0	0	0	13.81775	0	0	7.24113	4.09971	0	0	12.46091	0	5.67788	0	11.41617	0	0	0	0	0	0	0	0	0	0	0	0	0	0	0	0	0	0	0	0	0	0	8.56869	0	0	0	0	0	0	0	0	0	
0	0	0	0	0	0	0	0	0	0	0	0	9.56503	0	0	0	0	0	0	8.12868	0	0	0	0	0	0	0	0	0	0	0	0	0	7.12972	0	0	0	0	0	0	0	12.87837	14.20689	0	8.67815	0	0	4.44584	8.38472	0	0.67265	8.14082	6.62294	5.09862	9.12061	3.07468	6.05644	6.14527	8.2836	0	0	0	0	0	0.37518	0	0	0	0	0	0	0	0	0	0	0	0	0	8.85621	0	0	0	0	0	0	0	0	0	0	0	0	0	0	0	0	0	0	0	0	0	
0	0	0	0	0	0	0	0	0	0	0	0	0	0	0	0	0	0	0	0	0	0	0	13.98323	0	0	0	0	0	0	0	0	0	0	0	0	0	0	13.36168	0	0	0	8.34896	9.06021	0	0	6.98894	5.89521	0	9.29609	7.1384	6.98216	0	0	0	0	0	4.22543	14.99876	9.37289	8.6218	0	0	0	8.00069	0	0	0	0	0	0	0	0	0	0	0	0	0	0	0	0	0	0	0	0	0	0	0	0	0	0	0	0	0	0	0	0	0	0	0	
0	0	8.28246	0	0	0	0	0	0	0	0	0	0	0	0	0	0	0	0	0	0	0	0	0	0	0	0	0	0	0	0	0	0	0	0	0	0	0	0	0	9.6154	0	0	0	0	8.73071	0	7.01319	9.25722	11.46215	0	7.11695	9.16767	7.91663	3.12466	12.4907	0	0	2.44758	0	8.60329	0	7.15352	11.49355	0	0	0	0	0	0	0	7.81447	0	0	0	0	1.87696	0	0	0	0	0	0	0	0	0	0	0	0	0	0	0	0	0	0	0	0	0	0	0	
0	0	0	0	0	0	0	0	0	0	0	12.25454	0	0	0	0	0	0	0	0	0	0	0	0	0	0	0	0	0	0	0	0	8.23632	0	0	0	0	9.23033	13.91648	5.39184	5.33989	7.08779	0	0	12.0575	7.48209	11.02178	5.17993	10.2255	0	12.19639	0	3.277	5.24866	0	11.43705	4.88593	9.39007	0	0	0	0	0	0	0	0	0	6.89372	0	0	0	0	7.45645	0	0	0	0	0	9.73354	0	0	0	0	0	0	0	0	0	0	0	0	0	0	0	0	7.83731	0	0	0	0	
0	0	0	0	0	0	0	0	0	0	0	0	0	0	0	0	0	0	0	0	0	0	0	0	0	0	0	0	0	0	0	0	0	0	4.92614	9.87944	0	0	0	7.05062	0	12.37358	0	10.02554	13.56894	9.49879	7.41971	7.95121	6.3535	10.58681	11.30172	10.436	0	9.15079	0	0	7.23274	0	0	5.02432	7.95653	0	0.37518	0	0	0	0	0	0	0	0	0	0	0	0	0	0	0	6.61209	0	0	0	0	0	0	0	0	9.42119	0	0	0	0	0	0	0	0	0	0	0	0	
0	0	0	0	0	0	0	0	9.17659	0	11.13868	0	0	0	0	0	0	0	0	0	0	0	0	0	0	0	8.21629	0	0	0	0	0	0	0	0.37518	0	0	12.77549	11.11473	0	8.05187	6.87193	0	4.76214	0	11.53482	4.96768	7.74438	7.59689	8.55405	0	7.72776	4.66414	0	0	0	9.5448	4.54071	0	0	0	0	2.9692	0	0	0	10.79701	0	0	0	0	0	0	0	0	0	0	0	0	0	0	0	0	0	0	0	0	0	0	0	0	0	0	0	0	0	0	0	0	0	
0	0	0	0	0	0	0	0	0	0	0	11.64506	0	0	8.91603	0	0	0	0	0	0	0	0	0	0	0	0	0	0	0	0	10.97526	0	0	6.14558	0	10.86034	0	0	9.1765	5.24138	0	9.07675	8.56491	9.84415	7.38586	10.79888	9.04337	4.49894	8.14324	6.98515	9.22814	10.13777	8.38383	0	5.18361	9.56024	0	0	3.68706	7.70256	4.94661	0	11.97053	0	0	0	0	0	0	0	0	0	0.37518	0	6.96352	0	0	0	0	0	0	0	6.99124	0	0	0	0	0	0	0	0	0	0	0	0	0	0	0	0	
0	0	0	0	0	0	0	0	0	0	0	0	14.01127	0	0	0	0	0	0	0	0	0	0	0	0	0	0	0	0	9.38191	0	0	7.36063	0	4.06531	0	11.78069	0	13.03921	10.42295	10.00586	10.39172	10.91867	8.13685	8.19821	4.02533	9.91496	10.6198	4.09068	9.2768	7.32299	11.48923	10.77317	5.40047	6.66889	5.60219	11.49364	0	0	7.73309	6.68885	0	0	0	0	0	0	0	0	0	0	0	0	9.86785	0	0	0	0	0	0	9.84769	0	0	0	0	0	0	0	0	0	0	0	0	0	0	0	0	0	0	0	
0	0	0	0	0	0	0	12.57794	0	0	0	9.10213	0	0	0	0	0	0	0	0	0	0	0	0	0	0	0	9.03265	0	0	3.43309	0	12.71247	0	0	0	3.58364	8.81874	7.45029	9.80336	9.85806	4.98415	0	10.44536	10.2464	8.89524	9.19266	7.46614	10.71769	9.02299	5.21608	9.38048	9.78446	7.81529	7.56013	5.32313	12.2004	6.6436	4.03339	9.41367	6.067	12.27302	5.71097	0	9.05216	0	0	0	0	0	0	0	0	9.9539	0	0	0	0	0	0	0	0	0	0	0	0	0	0	0	0	0	0	0	0	0	0	0	0	0	0	
7.41688	0	0	0	0	0	0	0	9.02133	0	0	0	8.66783	0	0	0	0	0	0	0	0	0	0	0	12.82605	0	0	6.9811	0	0	0	0	9.49846	0	11.13348	9.12149	0	6.4982	10.64322	6.00645	9.0578	9.09319	5.98257	9.86829	10.96544	9.61377	7.57171	9.47938	5.939	4.72677	9.80785	6.2395	5.78968	7.64378	12.25109	9.09372	10.16044	6.49468	0	9.90629	0	1.87696	0	6.33751	0	8.84227	0	0	0	0	0	0	0	0	0	0	0	0	0	0	0	0	4.15175	0	0	7.91756	0	0	0	0	0	0	0	0	0	0	0	0	0	0	
0	0	0	11.49963	0	0	0	0	0	0	0	0	0	0	0	0	0	0	8.84879	0	0	11.21763	0	7.70256	11.39663	9.30745	0	0	11.03079	8.58879	11.95412	0	8.16646	0	0	0	0	9.04473	10.5199	7.99025	8.25373	5.76932	7.87418	8.85896	8.94334	9.90056	8.19527	8.44209	8.862	6.21719	10.22376	8.45162	10.76615	7.71125	6.27933	10.00768	0	3.44506	5.32729	8.15935	0	1.31325	9.40801	0	0	0	0	0	0	4.11562	0	0	5.95152	0	0	7.15051	11.64452	2.74019	0	0	0	0	0	0	0	0	0	0	0	0	0	0	0	0	0	0	0	0	0	0	
9.05216	0	0	0	10.66754	6.24322	0	0	0	0	0	0	0	0	0	0	0	8.56975	0	0	0	0	0	0	9.09979	0	8.32964	8.57267	0	12.1769	9.81579	0	0	0	10.29203	7.29393	5.19822	10.3825	11.25054	7.8254	7.43695	9.19843	8.52288	9.07983	8.88642	8.99716	9.92179	7.89203	7.67311	10.34833	4.9186	8.86791	8.88368	6.12439	9.1419	9.71377	8.78199	3.24819	3.82221	8.48348	5.63541	0	5.75155	9.40359	11.57122	11.33954	9.7218	0	0	0	0	0	0	0	4.61253	0	0	0	0	0	0	0	0	0	0	0	0	0	0	0	0	0	0	0	0	0.67265	0	0	0	0	
0	0	0	0	0	0	0	0	5.70277	0	7.7511	0	0	0	0	0	4.50341	12.58702	9.4099	5.85118	12.10081	7.56862	0	0	0	13.5549	0	9.30813	5.36572	10.83452	0	9.56898	12.04167	9.36888	8.57042	10.71926	6.78843	6.73663	8.99055	8.12843	8.06202	8.45547	5.03669	7.79695	9.59147	7.34429	7.885	8.28032	8.29444	7.82665	6.86717	10.87787	6.84028	8.65005	5.79277	5.57214	5.44867	8.48499	0	10.13628	6.95055	7.98217	6.32243	0	7.90456	10.85202	6.85722	0	0	0	0	6.83863	0	0	6.37971	0	0	0	9.59747	0	0	0	0	0	0	6.693	0	0	0	0	0	0	0	0	0	1.98914	0	0	0	0	
0	9.70559	0	0	2.9692	8.97677	0	0	0	0	0	0	0	0	2.44758	10.42233	0	10.24867	10.74923	0	9.46247	0	10.3977	0	0	0	0	0	9.54177	9.51495	8.29458	0	8.22777	6.05145	7.59586	7.23582	9.28466	9.19323	8.17841	8.49672	8.93513	8.18649	7.49159	8.53548	8.33308	7.46022	8.76635	8.91158	8.02477	7.19444	6.55285	7.92999	7.34344	7.35369	9.20033	6.49263	5.37128	6.64598	6.75093	7.07667	0	9.04857	0	12.28508	10.95044	1.75531	6.7645	0.67265	0	0	0	0	0	0	0	1.87696	0	0	0	0	9.96047	0	0	0	0	0	0	0	0	0	0	0	0	0	0	0	0	0	0	0	
0	9.99058	9.47095	0	10.23054	0	0	0	0	0	9.22965	0	0	0	10.2462	3.47223	0	7.54858	0	0	6.79685	6.62517	8.30165	10.39228	6.51235	8.29207	0	4.72951	6.81599	6.1732	10.97121	10.52331	10.10058	10.31531	10.37736	5.62121	8.45396	8.41159	7.18481	6.89454	6.21387	8.08272	7.55419	7.45667	7.55793	7.30809	8.29124	7.72604	9.28698	8.52758	7.14884	8.79301	8.06605	8.17191	6.32746	6.62807	8.29685	6.07218	7.17147	8.30702	0	6.8767	10.48513	9.92499	1.14063	1.31325	0.67265	0	0	0	0	8.33904	0	0	10.6166	0	8.34837	0	0.91915	0	0	0	0	4.85944	0	1.45671	0	0	0	0	0	0	0	0	0	0	0	0	0	0	
0	0	0	0	0	0	0	0	8.19159	0	12.01438	11.34201	0	0	0	0	0	0	10.48107	0	7.40681	0	0	0	0	9.41179	10.36903	0	1.62246	7.06989	6.65443	6.22219	9.38384	9.23162	9.26453	7.99522	9.86508	9.34125	7.62101	7.86876	5.01585	8.0959	9.03549	8.71264	7.94458	8.40312	6.18755	8.01829	8.10953	8.16598	7.73107	6.40773	6.44986	7.084	7.78462	8.71395	8.01706	9.27894	11.80293	8.26059	7.60811	5.14414	7.86024	5.75574	0	8.24452	0	8.1657	0	0	0	0	0	0	0	0	0	0	0	0	0	8.20181	0	0	0	0	0	7.97841	10.51221	6.26739	0	0	0	0	0	0	0	0	0	0	
0	0	0	0	0	0	0	0	10.96907	9.02445	0	2.52406	0	13.51497	0	0	0	2.1903	10.68664	6.28016	0	0	0.67265	8.78245	7.52784	10.25113	3.6534	9.9	5.68985	9.42281	0	8.45169	5.975	4.46827	3.25427	6.5438	8.33893	5.9779	10.04491	5.35035	7.18226	8.01145	8.0314	8.21248	6.3209	7.36374	8.54848	7.21989	6.83359	9.05302	8.41358	7.23973	7.20835	5.52721	8.22593	8.82519	5.16216	6.48191	9.25161	5.99738	6.61643	10.32325	8.76622	4.21125	0.99457	8.87314	9.81095	0	0	0	0	0	0	5.93761	10.11981	0	0	0	11.3224	0	0	0	0	0	0	0	0	0	3.30889	0	2.28125	0	0	0	0	0	0	0	0	0	
0	0	11.28047	7.1041	0	9.82519	0	1.31325	7.15953	0	0	0	0	0	0	0	0	7.36684	0	0	0	0	0	10.75939	0	8.5607	0	11.35597	10.8857	7.71938	0	9.20919	0	10.78948	5.12437	8.18746	6.69799	5.85288	1.26942	9.54527	6.6758	8.96319	6.72774	8.01773	6.46714	6.96411	5.54436	8.02661	7.34619	7.78439	7.8114	7.31578	7.97699	7.92062	7.69995	5.11261	7.71052	8.02048	8.07354	7.33518	9.67304	8.36059	3.24199	8.97932	5.41277	0	0	5.24041	4.57707	4.80875	4.64591	0	11.6308	0	0.90113	0	4.47808	0	0	0	0	0	4.58692	0	0	0	0	0	0	0	0	0	0	0	0	0	0	0	0	0	
0	0	0	0	0	0	0	0	0	0	11.48116	9.08724	9.28435	0	13.03324	0	0	9.15345	0	4.54071	0	0	0	0	0	0	5.79054	4.09068	3.94923	0	6.97089	9.40359	5.58643	6.57303	3.44742	8.90195	8.46197	7.79881	7.13799	8.65612	8.89823	5.70623	5.03669	7.24124	8.56729	8.31502	4.74592	5.99338	7.17774	5.83807	6.37588	8.42213	8.81572	7.65516	6.73944	6.05328	5.75034	6.97562	8.9119	7.4704	7.16722	5.04901	7.77801	4.86201	0	5.13725	10.38725	6.50917	0	0	8.53436	0	4.92797	3.30165	0	14.54686	0	0	0	0	0	0	0	0	0	0	0	0	6.18681	0	0	0	0	0	0	0	0	0	0	0	
0	0	0	0	0	0	0	0	0	10.63854	0	0	5.43209	0	0	0	0	0	0	0	0	0	0	8.68495	0	0	7.91151	0	0	4.2282	7.24718	0	0	6.00695	9.82755	6.62082	6.24497	0.67265	0	8.28521	3.61989	13.19327	5.45109	4.53736	9.43327	7.40794	7.09276	8.57056	9.73697	6.08867	6.55236	8.8205	6.17583	6.16338	8.2206	6.42945	8.27632	6.10344	4.39019	5.90806	5.95062	5.75953	4.5158	4.99958	6.44046	5.01193	8.42017	8.44743	5.62693	0	0	9.86157	0	2.73183	0	7.26637	9.44659	0	0	0	0	0	0	0	11.44934	0	0	0	0	0	0	9.27185	0	0	0	0	8.10553	0	0	0	
0	0	0	0	0	0	0	0	0	0	0	11.56882	0	0	0	0	0	6.2851	13.31997	0	0	0	0	3.17297	0	0	0	6.57212	0	0	0	0	7.1782	5.70304	6.27011	0	5.62681	8.09339	0.45958	2.08211	5.55369	8.90254	8.33847	3.8112	0	7.52861	5.17966	4.07737	6.88743	5.86153	8.03387	11.1233	8.56099	3.73098	6.64159	6.00747	6.56055	6.12812	8.14677	8.425	7.67021	3.75647	0	7.44506	9.23346	0	4.9167	6.26739	9.8285	7.39431	0	0	0	1.47612	0	10.21409	0	8.96567	0	0	0	8.56273	0	0	0	0	0	0	0	0	0	0	0	0	0	0	0	0	0	0	
0	0	0	0	5.71012	0	0	0	0	0	9.28565	0	2.44758	0	0	10.87524	0	0	7.52551	0	7.51118	4.30093	0	0	0	8.74376	5.85118	0	0	5.85153	0	10.45288	14.18741	0	0	8.63479	9.20953	0	10.08907	10.91728	3.56234	7.9269	5.5057	8.14694	3.40035	5.59837	12.62081	4.07922	6.8986	7.87007	8.42899	5.1754	8.19347	6.71124	5.70785	7.99891	6.54236	7.0814	4.5051	6.40612	5.65922	6.59178	5.69381	4.04959	7.14076	0	7.34516	9.95303	0	0	8.1256	8.80635	7.08856	10.2233	7.13017	0	5.85067	0	0	0	6.82357	0	0	0	0	0.37518	0	0	0	0.91915	0	0	0	0	0	0	0	0	0	0	
0	0	0	0	0	0	0	0	0	0	0	5.75924	0.99295	0	0	10.94406	0	0	0	1.31325	6.49346	0	0	0	0	0	0	0	0	4.33064	2.79494	5.0034	0	0	0	10.93709	0	0	0	6.87193	3.08098	5.02745	3.7782	9.78555	7.51949	3.61109	6.67402	7.51757	5.92713	4.56485	0	0	7.85592	10.57632	1.12961	6.04466	9.36093	7.1965	6.5002	6.69771	8.2383	6.78737	8.10037	7.15347	3.91109	5.48813	6.75778	7.39408	0	11.07914	0	5.80079	8.21553	9.56219	7.08259	0	19.42161	0	6.08375	0	0	0	0	0	0	0	0	0	0	0	0	0	0	0	0	0	0	0	0	0	
0	0	0	12.76167	0	0	0	0	0	0	0	0	0	0	0	0	0.37518	0	0	0	0	0	9.14893	0	0	0	7.80614	6.62442	7.86208	9.38127	0	0	2.52406	0	0	10.67433	0	1.87696	5.02157	4.93309	4.19818	0	0.91915	0	3.57632	11.6634	6.18117	9.45943	5.98382	4.98224	6.95052	4.82507	7.6934	8.81431	6.19864	6.64721	7.41831	5.54956	5.60203	5.42591	9.37918	6.77533	6.64668	8.87604	6.65782	8.68334	6.18994	10.365	12.29984	7.67773	3.28959	9.38402	4.1129	3.17966	5.22521	0	13.23786	0	5.14383	9.49549	0	4.40572	4.52218	0	0	1.47612	0	0	0	0	0	0	0	0	0	0	0	0	0	13.13373	
0	0	4.2057	0	0	0	0	0	0	0	0	0	0	0	0	0	0	0	0	0	8.18277	0	0	0	0	8.91863	0	8.13787	0	9.37677	0	10.57563	8.13174	0	9.87988	0	0	5.7858	6.05855	0	4.03949	0	0	7.42008	10.6388	7.92866	0.18759	3.6686	4.30093	10.19731	9.03674	10.86517	6.13244	6.38526	6.49478	8.77642	0	6.66613	7.0104	5.13701	2.14548	5.51575	5.6382	1.68143	4.25209	6.02609	4.55456	0	7.18089	2.84127	5.19244	6.62393	6.77683	8.68327	0	0	5.34486	0	1.48966	7.16252	0	5.92246	0	0	0	0	0	0	5.15286	0	0	0	0	0	0	0	2.9692	0	0	0	
0	0	0	0	2.85539	0	0	0	0	0	0	0	7.85655	0	0	0	0	0	0	0	12.79298	6.70947	0	0	0	0	0	3.52752	0	0	0	0.67265	9.41869	0	0	0	5.12342	0	9.41367	8.80635	0	0	3.33817	0	9.21819	0	3.8937	9.35469	0	4.87576	10.37407	4.72136	8.41641	3.74415	7.65098	0.18759	0	6.03222	4.79403	2.3098	8.53563	5.09291	7.61017	6.60703	4.6731	8.21736	6.75051	4.77171	7.20847	6.07591	6.80123	0	0	9.25838	0	7.22227	4.79992	6.15157	0	0	0	0	0	0	8.62506	6.30581	0	0	0	0	0	0	0	0	0	0	8.97592	0	0	0	
0	0	0	0	0	0	0	0	1.87696	0	0	0	0	0	0	0	8.13327	3.54745	1.12961	0	0	0	0	0	4.24236	0	0	0	0	0	0	0	0	0	5.17177	8.0993	0	9.09196	0	0	0	0	10.12212	11.60683	0	10.76273	10.41576	8.9204	0	4.37432	0	10.7037	9.54853	8.43903	0	8.29888	0	5.24909	0	4.41692	7.53614	7.48543	4.21592	6.57212	4.05639	6.18227	7.42632	5.3421	8.84786	6.3232	8.22474	4.29193	6.00371	9.64694	7.81731	3.99731	9.83093	8.68875	0	0	5.68622	1.98914	10.55562	0	0.18759	0.37518	5.92356	4.66414	5.4518	0	1.5216	0	0	10.72554	0	0	0	0	0	0	
0	0	0	0	0	0	0	0	0	0	0	0	0	0	0	0	0	0	0	0	5.70903	0	0	0	0	0	0	0	0	4.62994	0	0	0	0	8.08359	0	0	0	0	0	9.63244	0	9.51846	8.79482	4.10808	0	0	0	3.12466	5.58517	9.87669	0	0	2.22025	6.35319	6.05941	0	0	7.40207	8.25031	9.80904	5.89212	1.67654	5.29896	7.16814	7.25838	4.91713	5.15152	7.83764	5.92175	10.66779	7.07665	3.27303	5.40835	2.71221	0	3.2634	0	6.82285	0	0	0	0.37518	0	0	0	7.8381	0	0	0	0	0	0	0	0	0	0	0	0	0	
0	0	0	0	4.27903	0	0	0	0	0	0	2.44758	0	7.19797	0	0	0	0	0	0	0	0	0	0	0	0	0	0	0	0	0	0	0	0	0	0	0	0	0	6.76172	0	0	5.71913	0	5.25901	0	2.10984	0	0	0	2.09322	0	0	0	9.16767	0	0	0.37518	0	11.24012	7.83006	0.36188	6.33758	7.72762	7.49268	0	3.6304	4.38293	8.84659	6.65182	6.84435	9.31406	8.72391	5.29319	0	0	3.01801	8.26864	7.51142	6.09005	3.43309	8.09773	0	0	2.73183	0	3.35149	9.9991	0	4.88269	0	0	0	0	5.48088	0	0	0	0	0	
0	0	0	0	0	0	0	0	0	0	0	0	0	0	0	0	0	8.56839	0	0	0	10.97121	8.56862	0	0	0	8.24199	0	0	0	0	0	0	7.98886	8.36037	0	0	0	0	0	0	0	0	0	0	0	0	0	0.37518	0	0.37518	0	0	0	0	7.94214	11.87137	9.76089	4.96781	2.1903	0	5.83462	5.80823	0	7.93706	6.85397	5.38192	7.97156	4.51174	4.95076	6.90267	5.15334	6.04158	5.96099	7.79835	6.785	7.03036	0	10.05564	4.88655	0	0	7.31076	0	8.53436	9.29358	2.5967	3.30889	0	10.58934	0	0	0	0	0	0	8.12399	0	0	0	
0	0	0	0	0	0	0	0	7.18282	0	0	0	0	0	0	0	0	0	0	0	0	0	0	0	0	0	0	1.87696	0	4.46513	0	0	0	0	0	0	0	0	0	9.76606	0	0	0	0	0	5.11107	0	2.1903	6.05825	0	0	9.53819	0	0	0	0	0	0	8.10214	0	7.29442	0	10.63646	8.94896	9.38886	4.30097	6.1136	0	0	8.399	9.53758	2.28125	9.06499	5.65676	6.03931	9.93797	2.16126	0	0	8.69811	4.65537	7.234	9.89661	8.12706	7.18268	0	0	0	0	0	9.28771	0	10.10634	0	0	0	0	0	0	0	
0	0	0	0	0	0	0	0	0	0	0	0	0	11.19258	0	0	0	0	0	4.30093	0	0	0	0	0	2.83959	0	0	0	0	0	0	0	0	7.99399	0	0	7.16946	0	0	10.66067	0	4.03949	8.31646	0	0	0	0	0	0	4.38536	7.55771	0	0	3.58364	0	0	0	0	5.97173	5.24454	0	4.95981	7.93743	6.26739	3.40959	10.06385	3.84449	0	4.70369	7.43071	0	6.96629	5.68197	8.32049	5.67306	3.97913	4.92027	6.38567	5.07734	0	6.50357	4.89768	3.94443	2.63749	0	0	9.70405	4.42417	0	7.32366	0	0	7.26358	0	0	0	0	4.08972	0	
0	0	0	0	0	0	0	7.83043	0	0	0	0	0	0	0	0	0	0	0	0	0	0	0.91915	0	0	0	0	0	10.52651	0	0	0	0	0	11.04044	0	0	1.31325	0	0	0	1.3309	0	0	0	0	5.19395	0	0	0	0	0	9.19717	0	0	0	3.00097	8.0709	0	5.93417	7.61298	0	0	6.1507	0	3.17297	0	8.37252	6.45324	10.64658	9.68992	5.95601	8.42641	5.67277	7.60029	6.41001	8.85399	0.37518	7.07546	7.99861	5.58197	7.55706	5.8574	0	5.64996	0	0	6.91641	0	0	9.46004	8.27106	0	0	0	0	9.06341	0	0	0	
0	0	0	0	0	0	0	0	0	0	0	0	0	0	0	0	0	0	0	0	0	0	0	0	0	0	0	0	0	0	0	0	0	0	0	0	0	5.36668	0	0	0	0	0	0	0	0	0	0	0	6.04534	0	4.37973	0	2.9239	0	0	3.39287	7.12596	0	0	3.68706	0	8.43139	11.77459	6.97089	6.80157	0	0	8.21419	7.25961	0	7.454	5.3591	11.79181	7.40758	6.04541	0	4.31454	5.12475	8.55664	3.47541	8.93448	4.68094	0.67265	0	0	3.92667	0	0	0	0	0	5.88518	7.40381	8.22061	0	0	0	0	0	
0	0	0	0	0	0	0	8.45356	0	0	0	0	0	0	0	0	0	0	0	0	0	0	0	0	0	0	0	0	0	0	0	0	0	0	0	0	0	3.77864	0	7.50679	0	0	0	0	0	0	0	0	0	0	4.05348	0	0	14.10159	6.0802	0	0	6.58269	9.48835	11.43176	0	3.58364	0	7.13743	9.95448	9.1617	0	0	6.90209	6.15996	8.06743	3.64591	4.46366	8.42444	3.43309	7.48773	6.5545	0	7.78863	7.41222	8.08466	7.81338	3.46001	4.38965	3.29858	0	0	2.22931	0	0	7.80957	0	0	0	0	1.41893	0	0	0	0	
0	0	0	0	0	0	0	0	0	0	0	0	0	0	0	0	0	0	0	0	0	0	0	0	0	10.927	0	0	0	0	0	0	0	0	0	0	0	5.89504	0	0	0	0	0	0	5.58274	0	0	0	8.83666	0	0	0	0	0	0	1.62246	0	0	0	0	0	0	8.51039	0	0	6.33451	6.51008	9.18006	0	7.5137	2.80466	0	7.10744	0	9.3256	5.70817	5.1478	7.36651	4.44219	6.31219	2.00728	0	6.36702	0	11.52733	6.70734	0	0	0	0	9.42618	0	0	0	0	0	0	1.75531	0	0	
0	0	0	0	0	0	0	0	0	0	0	0	4.44559	0	0	0	0	0	0	0	0	0	0	0	0	0	0	0	0	0	0	0	0	0	0	0	0	0	0	0	0	0	0	0	0	0	0	10.30834	0	0	1.31325	0	9.73656	0	0	0	0	0	0	5.40743	0	0	0	4.39387	1.12961	4.73021	9.0561	0	9.91625	0	0	8.98186	0	0	0	1.89366	7.0613	8.62169	5.27827	4.38883	0	4.39968	5.91075	3.25176	5.00802	3.68729	6.46103	0	7.59143	0	0	0	0	5.80594	0	0	0	0	0	0	
0	0	0	0	0	0	0	0	0	0	0	0	0	0	0	0	0	0	0	0	0	0	0	0	0	0	0	0	0	0	0	0	9.92774	0	0	0	0	0	0	0	2.73183	0	0	0	0	0	0	0	0	0	0	0	0	0	0	0	7.43158	0	0	0	9.32616	0	0	2.97273	0	7.02453	0	0	7.40168	0	0	0	8.90171	0	0	5.97214	0	0	3.66272	7.95466	6.19767	6.5811	9.32225	0	5.65254	0	0	0	0.91915	3.26499	5.12338	4.94937	4.82134	0	0	0	0	0	0	0	
0	0	0	0	0	0	0	3.20884	0	0	0	0	0	0	0	0	0	0	0	0	0	0	0	0	0	0	0	1.98914	0	0	0	0	0	0	0	0	0	0	0	0	0	0	0	0	0	0	0	0	0	0	0	0	0	0	0	0	0	0.91915	0	0	0	0	0	0	0	0	0	0	0	0	3.42239	3.76211	5.27686	0	0	8.16795	9.6167	0	9.60364	5.23001	0	4.92366	0	6.54484	1.62246	8.83305	0	8.16496	0	0	0	0	0	0	0	9.70662	0	0	0	0	
0	0	0	0	0	0	0	0	0	0	0	0	0	0	0	0	0	0	0	0	10.60948	0	0	0	0	0	0	0	0	0	1.62246	0	0	0	0	0	0	0	0	0	0	0	0	0	0	0	0	0	0	0	0	0	0	0	0	0	0	0	0	10.45322	0	0	0	0	7.63303	8.72667	4.61253	5.53648	0	0	0	0	0	0	0	0.91915	4.86108	0	0	0	4.03704	0	0	0	3.80204	4.14012	7.15106	4.59128	8.29888	0	8.76263	6.11499	7.04739	7.43927	0	5.38159	0	0	0	0	
0	0	0	0	0	0	0	0	0	0	0	0	0	0	0	0	0	0	0	0	0	0	0	0	0	0	0	0	0	0	0	0	0	0	0	0	0	0	0	0	0	0	0	0	0	0	0	0	2.1903	0	0	0	0	0	0	0	0	0	0	0	0	0	0	0	0	0	0	0	0	6.1932	10.47957	8.80922	6.89978	0	9.20518	5.92356	0	8.7705	0	0	0	8.00069	8.17686	0	3.97567	0	0.91915	0	0	0.56481	0	1.93072	2.01975	0	1.47612	0	0	0	0	0	
0	0	0	0	0	0	0	0	0	0	0	0	0	0	0	4.98063	0	0	0	0	0	0	0	0	0	0	0	0	0	0	0	0	0	0	7.14447	0	0	0	0	0	0	0	0	0	0	0	0	0	0	0	0	0	0	0	0	0	0	0	0	0	0	0	0	0	0	0	0	5.28599	0	0	0	0	0	8.00737	0	0	0	0.64717	0	0	0	4.18793	0	0	6.86494	0	3.77414	2.91059	7.00798	9.92252	8.04679	0	9.29591	0	0	0	0	0	0	0	
0	0	0	0	0	0	0	0	0	0	0	0	0	0	0	0	0	0	0	0	0	0	0	0	0	0	0	0	0	0	0	0	0	0	0	0	0	0	0	0	0	0	0	0	0	0	0	0	8.87823	0	0	0	0	0	0	0	0	0	0	6.02574	0	0	0	0	0	7.60167	0	0	0	0	0	8.41641	0	0	0	0	0	11.70353	0	6.0202	10.5297	0	0	7.66927	0	0	0	0	0	0	0	0	0	0	0	0	0	0	0	0	
0	0	0	0	0	0	0	0	0	0	0	0	0	0	0	0	0	0	0	0	0	0	0	0	0	0	0	0	0	0	0	0	0	0	0	0	0	0	0	0	0	0	0	0	0	0	0	0	0	0	0	0	0	0	0	3.12647	0	0	12.66859	0	0	0	0	0	8.32851	0	0	0	0	0	0	1.47612	0	1.47612	0	0	7.4368	0	0	0	2.74811	5.46026	3.51582	8.30252	0	0	0	8.02557	8.94587	0	2.85539	7.78063	9.44782	0	0	0	0	0	0	0	
0	0	0	0	0	0	0	0	0	0	0	0	0	0	0	0	0	0	0	0	0	0	0	0	0	0	0	0	0	0	0	0	0	0	0	0	0	0	0	0	0	0	0	0	0	0	0	0	0	0	0	0	0	0	0	0	0	0	0	0	0	0	0	0	0	0	0	0	0	0	0	0	0	0	0	0	0	0	0	0	0	0	0	0	0	0	2.09322	0	0	0	0	9.95303	0	0	0	0	0	0	0	0	
0	0	0	0	0	0	0	0	0	0	0	0	0	0	0	0	0	0	0	0	0	0	0	0	0	0	0	0	0	0	0	0	0	0	0	0	0	0	0	0	0	0	0	0	0	0	0	0	0	0	0	0	0	0	0	0	0	0	0	0	0	0	0	0	0	0	0	0	0	0	9.31609	0	0	0	0	0	1.31325	0	0	8.45108	0	0	0	10.51981	0	0	0	2.44758	0	0	7.13136	8.92129	0	0	0	0	0	0	0	0	
0	0	0	0	0	0	0	0	0	0	0	0	0	0	0	0	0	0	0	0	0	0	0	0	0	0	0	0	0	0	0	0	0	0	0	0	0	0	0	0	0	0	0	0	0	0	0	0	0	0	0	0	0	0	0	0	0	0	0	3.12466	0	0	0	0	0	0	0	0	0	0	2.85539	0	0	0	0	0	0	0	0	0	0	0	0	0	0	0	5.53733	0	0	0	0	0	0	0	0	0	0	0	0	0	
0	0	0	0	0	0	0	0	0	0	0	0	0	0	0	0	0	0	0	0	0	0	0	0	0	0	0	0	0	0	0	0	0	0	0	0	0	0	0	0	0	0	0	0	0	0	0	0	0	0	0	0	0	0	0	0	0	0	0	0	0	0	0	0	0	0	0	0	0	8.5821	0.91915	0	0	0	0	0	0	0	8.55159	0	0	0	0	0	0	0	0	0	6.76961	9.31756	0	0	0	0	0	0	0	0	0	0	
0	0	0	0	0	0	0	0	0	0	0	0	0	0	0	0	0	0	0	0	0	0	0	0	0	0	0	0	0	0	0	0	0	0	0	0	0	0	0	0	0	0	0	0	0	0	0	0	0	0	0	0	0	0	0	0	0	0	0	0	0	0	0	0	0	0	0	0	0	0	0	0	0	0	0	0	0	0	0	0	0	0	0	0	0	0	0.67265	0	0	0	0	0	0	0	0	0	0	0	0	0	
0	0	0	0	0	0	0	0	0	0	0	0	0	0	0	0	0	0	0	0	0	0	0	0	0	0	0	0	0	0	0	0	0	0	0	0	0	0	0	0	0	0	0	0	0	0	0	0	0	0	0	0	0	0	0	0	0	0	7.76693	0	0	0	0	0	0	0	0	0	0	0	0	0	0	0	0	7.01793	0	0	0	0	0	0	0	0	0	0	0	0	0	0	0	0	0	0	0	0	0	0	0	0	
0	0	0	0	0	0	0	0	0	0	0	0	0	0	0	0	0	0	0	0	0	0	0	0	0	0	0	0	0	0	0	0	10.23486	0	0	0	0	0	0	0	0	0	0	0	0	0	0	0	0	0	0.37518	0	0	0	0	0	0	0	0	0	0	0	0	0	0	0	0	0	0	0	0	0	0	0	0	0.67265	0	0	0	0	3.78356	0	0	0	0	0	0	0	0	0	0	0	0	0	0	0	0	0	0	0	
0	0	0	0	0	0	0	0	0	0	0	0	0	0	0	0	0	0	0	0	0	0	0	0	0	0	0	0	0	0	0	0	0	0	0	0	0	0	0	0	0	0	0	0	0	0	0	0	0	0	0	0	0	0	0	0	0	0	0	0	0	0	0	0	0	0	0	0	0	0	0	0	0	0	0	0	0	0	0	0	0	0	0	0	0	0	0	0	0	0	0	0	0	0	0	0	0	0	0	0	
0	0	0	0	0	0	0	0	0	0	0	0	0	0	0	0	0	0	0	0	0	0	0	0	0	0	0	0	0	0	0	0	0	0	0	0	0	0	0	0	0	0	0	0	0	0	0	0	0	0	0	0	0	0	0	0	0	0	0	0	0	0	0	0	0	0	0	0	0	0	0	0	0	0	0	0	0	0	0	0	0	0	0	0	0	0	0	0	0	0	0	0	0	0	0	0	0	0	0	0	
0	0	0	0	0	0	0	0	0	0	0	0	0	0	0	0	0	0	0	0	0	0	0	0	0	0	0	0	0	0	0	0	0	0	0	0	0	0	0	0	0	0	0	0	0	0	0	0	0	0	0	0	0	0	0	0	0	0	0	0	0	0	0	0	0	0	0	0	0	0	0	0	0	0	0	0	0	0	0	0	0	0	0	0	0	0	0	0	0	0	0	0	0	0	0	0	0	0	0	0	
0	0	0	0	0	0	0	0	0	0	0	0	0	0	0	0	0	0	0	0	0	0	0	0	0	0	0	0	0	0	0	0	0	0	0	0	0	0	0	0	0	0	0	0	0	0	0	0	0	0	0	0	0	0	0	0	0	0	0	0	0	0	0	0	0	0	0	0	0	0	0	0	0	0	0	0	0	0	0	0	0	0	0	0	0	0	0	0	0	0	0	0	0	0	0	0	0	0	0	0	
0	0	0	0	0	0	0	0	0	0	0	0	0	0	0	0	0	0	0	0	0	0	0	0	0	0	0	0	0	0	0	0	0	0	0	0	0	0	0	0	0	0	0	0	0	0	0	0	0	0	0	0	0	0	0	0	0	0	0	0	0	0	0	0	0	0	0	0	0	0	0	0	0	0	0	0	0	0	0	0	0	1.98914	0	0	0	0	0	0	0	0	0	0	0	0	0	0	0	0	0	0	
0	0	0	0	0	0	0	0	0	0	0	0	0	0	0	0	0	0	0	0	0	0	0	0	0	0	0	0	0	0	0	0	0	0	0	0	0	0	0	0	0	0	0	0	0	0	0	12.092	0	0	0	0	0	0	0	0	0	0	0	0	0	0	0	0	0	0	0	0	0	0	0	0	0	0	9.86875	0	0	0	0	0	0	0	0	0	0	0	0	0	0	0	0	0	0	0	0	0	0	0	0	0	
