0	0	0	0	0	0	0	0	0	0	0	0	0	0	0	0	0	0	0	0	0	0	0	0	0	0	0	0	0	0	0	0	0	0	0	0	0	0	0	0	0	0	0	0	0	0	0	0	0	0	0	10.26876	0	0	0	0	0	0	0	0	0	0	0	0	0	0	0	0	0	0	0	0	0	0	0	0	0	0	0	0	0	0	0	0	0	0	0	0	0	0	0	0	0	0	0	0	0	0	0	0	
0	0	0	0	0	0	0	0	0	0	0	0	0	0	0	0	0	0	0	0	0	0	0	0	0	0	0	0	0	0	0	0	0	0	0	0	0	0	0	0	0	0	0	0	0	0	0	13.01584	0	0	0	0	0	0	0	0	0	0	0	0	0	0	0	9.01479	0	0	0	0	0	0	0	0	0	0	0	0	0	0	0	0	0	0	0	0	0	0	0	0	0	0	0	0	0	0	0	0	0	0	0	0	
0	0	0	0	0	0	0	0	0	0	0	0	0	0	0	0	0	0	0	0	0	0	0	0	0	0	0	0	0	0	0	0	0	0	0	0	0	0	0	0	0	0	0	0	0	0	0	0	0	0	0	0	0	0	9.36542	0	0	0	0	0	0	0	0	0	0	0	0	0	0	0	0	0	0	0	0	0	0	0	0	0	0	0	0	0	0	0	0	0	0	0	0	0	0	0	0	0	0	0	0	0	
0	0	0	0	0	0	0	0	0	0	0	0	0	0	0	0	0	0	0	0	0	0	0	0	0	0	0	0	0	0	0	0	0	0	0	0	0	0	0	0	0	0	0	0	0	0	11.85213	10.43078	0	0	0	0	0	0	0	0	0	0	0	0	0	0	0	0	0	0	0	0	0	0	0	0	0	0	0	0	0	0	0	0	0	0	0	0	0	0	0	0	0	0	0	0	0	0	0	0	0	0	0	0	
0	0	0	0	0	0	0	0	0	0	0	0	0	0	0	0	0	0	0	0	0	0	0	0	0	0	0	0	0	0	0	0	0	0	0	0	0	9.5019	0	0	0	0	0	11.06026	0	0	0	0	0	0	0	0	0	0	0	0	0	0	0	0	0	0	0	0	0	0	0	0	0	0	0	0	0	0	0	0	0	0	0	0	0	0	0	0	0	0	0	0	0	0	0	0	0	0	0	0	0	0	0	0	
0	0	0	0	0	0	0	0	0	0	0	0	0	0	0	0	0	0	0	0	0	0	0	0	0	0	0	0	0	0	0	0	0	0	0	0	0	0	0	0	0	0	0	0	0	0	0	0	0	0	0	0	0	0	0	0	0	0	0	0	0	0	0	0	0	0	0	0	0	0	0	0	8.92103	0	0	0	0	0	0	0	0	0	0	0	0	0	0	0	0	0	0	0	0	0	0	0	0	0	0	0	
0	0	0	0	0	0	0	0	0	0	0	0	0	0	0	0	0	0	0	0	0	0	0	0	0	0	0	0	0	0	0	0	0	0	0	0	0	0	0	0	0	0	0	0	0	0	0	0	0	0	0	0	0	0	0	0	0	0	0	0	0	0	0	0	0	0	0	0	0	0	0	0	0	0	11.03477	0	0	0	0	0	0	0	0	0	0	0	0	0	0	0	0	0	0	0	0	0	0	0	0	0	
0	0	0	0	0	0	0	0	0	0	0	0	0	0	0	0	0	0	0	0	0	0	0	0	0	0	0	0	0	0	0	0	0	0	0	0	0	0	0	0	0	0	0	0	0	0	0	0	0	0	0	8.27612	0	0	0	11.38448	0	0	8.3058	0	0	0	0	0	0	0	0	0	0	0	0	0	0	0	0	0	0	0	0	0	0	0	0	0	0	0	0	0	0	0	0	0	0	0	0	0	0	0	0	0	
0	0	0	0	0	0	0	0	0	0	0	0	0	0	0	0	0	0	0	0	0	0	0	0	0	0	0	0	9.202	0	0	0	0	0	0	0	0	0	0	0	0	0	0	0	0	0	0	0	0	0	0	0	0	0	0	0	0	0	0	0	0	0	0	0	0	0	0	8.91801	0	0	0	0	0	0	0	0	0	0	0	0	0	0	0	0	0	0	0	0	0	0	0	0	0	0	0	0	0	0	0	0	
0	0	0	0	0	0	0	0	0	0	0	0	0	0	0	0	0	0	0	0	0	0	0	0	0	0	0	0	0	0	0	0	0	0	0	0	0	0	0	0	0	0	0	0	0	0	0	0	0	0	0	0	0	0	0	8.55592	0	0	0	0	0	0	0	0	0	0	0	0	0	0	0	0	0	0	0	0	0	0	0	0	0	0	0	0	0	0	0	0	0	0	0	0	0	0	0	0	0	0	0	0	
0	0	0	0	0	0	0	0	0	0	0	0	0	0	0	0	0	0	0	0	0	0	0	0	0	0	0	0	0	0	0	0	0	0	0	0	0	0	0	0	0	0	0	0	0	0	0	0	0	0	0	0	0	0	0	0	0	0	0	0	0	0	0	0	0	0	0	9.49983	0	0	0	0	0	0	0	0	0	0	0	0	0	0	0	0	0	0	0	0	0	0	0	0	0	0	0	0	0	0	0	0	
0	0	0	0	0	0	0	0	0	0	0	0	0	0	0	0	0	0	0	0	0	0	0	0	0	0	0	0	0	0	0	0	0	0	0	0	0	0	0	0	0	0	0	0	0	0	0	0	0	0	0	0	2.54784	0	0	0	3.50279	0	0	0	0	0	0	0	0	0	0	0	0	0	0	5.43442	0	0	0	0	0	0	0	0	0	0	0	0	0	0	0	0	0	0	0	0	0	0	0	0	0	0	0	0	
0	0	0	0	0	0	0	0	0	0	0	0	0	0	0	0	0	0	0	0	0	0	0	0	0	0	0	0	0	0	0	0	0	0	0	0	0	0	0	0	0	0	0	0	0	0	0	0	11.40415	0	0	0	12.04048	0	0	0	0	0	0	0	0	0	0	0	0	0	0	9.40354	0	0	0	0	0	0	0	0	0	0	0	0	0	0	0	0	0	0	0	0	0	0	0	0	0	0	0	0	0	0	0	0	
0	0	0	0	0	0	0	0	0	0	0	0	0	0	0	0	0	0	0	0	0	0	0	0	0	0	0	0	0	0	14.60666	0	0	0	0	0	0	0	0	5.88684	0	0	0	0	0	0	0	9.02441	0	0	0	0	0	0	0	0	0	9.50809	6.17651	0	8.9687	0	0	10.15944	0	0	0	0	0	0	0	0	0	0	0	0	0	0	0	0	0	0	0	0	0	0	0	0	0	0	0	0	0	0	0	0	0	0	0	0	
0	0	0	0	0	0	0	0	0	0	0	0	0	0	0	0	0	0	0	0	0	0	0	0	0	0	0	0	0	0	0	0	0	0	0	0	0	0	0	0	0	0	0	0	0	0	0	0	0	0	0	0	0	0	6.81891	0	0	0	0	0	0	0	0	0	0	0	0	0	0	0	0	0	0	0	3.55264	0	0	0	0	0	0	0	0	0	0	0	0	0	0	0	0	0	0	0	0	0	0	0	0	0	
0	0	0	0	0	0	0	0	0	0	0	0	0	0	0	0	0	0	0	0	0	0	0	0	0	0	0	0	0	0	0	0	0	0	0	0	0	0	0	0	0	0	12.16819	0	0	0	0	0	0	0	0	0	9.55067	0	0	0	0	0	0	13.78369	0	0	0	0	0	0	0	0	0	0	0	7.90224	0	0	0	0	0	0	0	0	0	0	0	0	0	0	0	0	0	0	0	0	0	0	0	0	0	0	0	0	
0	0	0	0	0	0	0	0	0	0	0	0	0	0	0	0	0	0	0	0	0	0	0	0	0	0	0	0	0	0	0	0	0	0	0	0	0	0	0	0	0	0	0	6.7381	0	0	0	13.45715	0	0	0	9.11512	0	0	0	0	0	0	4.45013	0	0	0	0	0	0	0	0	0	0	0	0	0	0	0	0	0	0	0	0	0	0	0	0	0	0	0	0	0	0	0	0	0	0	0	0	0	0	0	0	0	
0	0	0	0	0	0	0	0	0	0	0	0	0	0	0	0	0	0	0	0	0	0	0	0	0	0	0	0	0	0	0	0	0	0	0	0	0	0	0	0	0	0	8.01468	0	0	0	0	0	0	0	0	0	0	0	0	7.93118	0	0	0	0	0	0	0	0	0	0	3.2715	0	5.39934	0	0	0	0	0	0	0	0	0	0	0	0	0	0	0	0	0	0	0	0	0	0	0	0	0	0	0	0	0	0	0	
0	0	0	0	0	0	0	0	0	0	0	0	0	0	0	0	0	0	0	0	0	0	0	0	0	0	0	0	0	0	0	0	0	0	0	0	0	0	0	0	11.94096	0	0	0	0	0	0	0	0	0	0	0	0	0	0	0	0	0	0	0	0	0	0	0	0	0	0	0	0	0	0	0	0	0	0	0	0	0	0	0	0	0	0	0	0	0	0	0	0	0	0	0	0	0	0	0	0	0	0	0	
0	0	0	0	0	0	0	0	0	0	0	0	0	0	0	0	0	0	0	0	0	0	0	0	0	0	0	0	0	0	0	0	0	0	0	0	0	0	0	0	0	0	0	0	0	0	0	6.67395	0	0	6.56781	0	0	0	0	0	0	0	0	0	0	0	0	0	0	0	0	0	0	0	0	0	0	0	0	0	9.09554	0	0	0	0	0	0	0	0	0	0	0	0	0	0	0	0	0	0	0	0	0	0	0	
0	0	0	0	0	0	0	0	0	0	0	0	0	0	0	0	0	0	0	0	0	0	0	0	0	0	0	0	0	0	0	0	0	0	0	0	0	0	0	0	0	0	0	0	0	0	0	5.92844	0	0	7.15604	10.1498	0	0	0	0	6.45965	0	8.17882	0	10.38875	0	0	0	0	9.99147	0	0	0	0	0	0	0	0	0	0	0	0	0	0	0	0	0	0	0	0	0	0	0	0	0	0	0	0	0	0	0	0	0	0	
0	0	0	0	0	0	0	0	0	0	0	0	0	0	0	0	0	0	0	0	0	0	0	0	0	0	0	0	0	0	0	0	0	0	0	0	0	0	0	0	0	11.97659	0	0	0	0	0	0	0	0	0	0	0	0	0	0	0	0	0	0	0	0	0	0	0	0	0	0	0.429	0	0	0	0	0	0	0	0	0	0	0	0	0	0	0	0	0	0	0	0	0	0	0	0	0	0	0	0	0	0	0	
0	0	0	0	0	0	0	0	0	0	0	0	0	0	0	0	0	0	0	0	0	0	0	0	0	0	0	0	0	0	0	7.11338	0	0	0	0	0	0	0	0	0	0	0	0	0	0	0	10.32202	0	0	0	0	0	0	0	0	0	0	0	0	0	0	0	6.95732	0	0	0	1.02772	0	0	0	0	0	0	0	0	0	0	0	0	0	0	0	0	0	0	0	0	0	0	0	0	0	0	0	0	0	0	0	0	
0	0	0	0	0	0	0	0	0	0	0	0	0	0	0	0	0	0	0	0	0	0	0	0	0	0	0	0	0	0	0	11.36473	0	0	1.02772	0	0	0	0	0	0	0	0	0	0	0	0	0	0	0	0	0	0	0	0	0	0	0	0	0	0	0	0	0	0	0	0	0	0	0	0	0	0	0	0	0	0	0	0	0	0	0	0	0	0	0	0	0	0	0	0	0	0	0	0	0	0	0	0	0	
0	0	0	0	0	0	0	0	0	0	0	0	0	0	0	0	0	0	0	0	0	0	0	0	0	0	0	0	0	0	0	0	0	0	0	0	0	0	0	0	0	0	0	10.09832	0	0	0	0	0	17.18471	0	0	0	0	9.05385	0	0	0	0	0	0	0	0	0	0	0	0	0	0	0	0	0	0	0	0	0	0	0	0	1.8756	0	0	0	0	0	0	0	0	0	0	0	0	0	0	0	0	0	0	0	0	
0	0	0	0	0	0	0	0	0	0	0	0	0	0	0	0	0	0	0	0	0	0	0	0	0	0	0	0	0	0	0	0	8.87708	0	0	0	0	0	0	0	0	0	0	0	0	0	0	4.13918	0	0	7.55399	0	0	0	0	0	0	0	9.26507	0	0	0	0	0	0	0	0	0	0	0	1.02772	0	0	0	0	0	0	0	0	0	0	0	0	0	0	6.64315	0	0	0	0	0	0	0	0	0	0	0	0	0	0	
0	0	0	0	0	0	0	0	0	0	0	0	0	0	0	0	0	0	0	0	0	0	0	0	0	0	0	0	0	0	0	0	0	0	0	0	0	0	0	11.78038	0	0	0	0	14.5955	0	9.92005	0	0	0	0	0	0	0	0	0	0	0	0	0	0	0	0	0	0	0	0	0	0	0.75916	0	0	0	0	0	0	0	0	0	0	0	0	0	0	0	0	0	0	0	0	0	0	0	0	0	0	0	0	0	0	
0	0	0	0	0	0	0	0	0	0	0	0	0	0	0	0	0	0	0	0	0	0	0	0	0	0	0	0	0	0	0	0	0	0	0	8.39012	0	0	0	0	0	0	0	0	0	0	0	8.16148	0	0	0	0	0	5.88413	0	0	0	0	0	0	11.81864	0	0	0	0	0	0	0	0	0	0	0	0	0	0	0	0	0	0	0	0	0	0	0	0	0	0	0	0	0	0	0	0	0	1.44959	0	0	0	0	0	
0	0	0	0	0	0	0	0	0	0	0	0	0	0	0	0	0	0	0	0	0	0	0	0	0	0	0	0	0	0	0	0	0	0	0	0	0	0	0	0	0	14.697	0	0	0	0	0	0	0	0	0	0	0.429	0	0	0	0	0	0	0	0	0	0	0	0	0	0	0	0	0	0	3.63536	0	0	0	0	0	0	0	0	0	0	0	0	0	0	0	0	0	0	0	0	0	0	0	0	0	0	0	0	
0	0	0	0	0	0	0	0	0	0	0	0	0	0	0	0	0	0	0	0	0	0	0	0	0	0	0	0	0	0	0	0	0	0	0	0	0	0	0	0	9.05479	0	0	0	10.57351	0	0	8.13769	0	0	3.2715	12.59194	0	0	0	10.11283	0	0	10.15638	0	4.65754	0	0	0	0	0	0	0	0.75916	0	0	0	0	0	0	0	0	0	0	0	0	0	0	0	0	0	0	0	0	0	0	0	0	0	0	0.75916	0	0	0	0	
0	0	0	0	0	0	0	0	0	0	0	0	0	0	0	0	0	0	0	0	0	0	0	0	0	0	0	0	0	0	0	0	0	0	0	0	0	0	0	0	0	0	0	0	12.6722	0	0	0	0	0.429	0	0	4.44464	0	0	0	0	7.56268	0	0	0	10.1555	0	0	0	0	0	0	0	0	0	0	0	0	0	0	0	0	0	0	0	0	0	0	0	0	0	0	0	0	0	0	0	0	0	0	0	0	0	0	
0	0	0	0	0	0	0	0	0	0	0	0	0	0	0	0	0	0	0	0	0	0	0	0	0	0	0	0	0	0	0	0	0	0	0	0	0	0	0	0	0	0	0	12.63373	0	0	10.63071	0	0	0	7.91264	0	0	0	0	0	0	0	0	5.26289	0	0	0	0	8.95262	0	0	2.98645	0	0	0	0	9.834	0	0	0	4.32512	0	0	0	0	0	0	0	0	0	0	0	0	0	0	0	0	0	0	0	0	0	0	0	
0	0	0	0	0	0	0	0	0	0	0	0	0	0	0	0	0	0	0	0	0	0	0	0	0	0	0	0	0	0	0	0	0	0	0	0	0	0	0	0	0	0	0	0	1.25399	0	0	11.22563	0	0	0	8.67821	3.1073	0	0	6.20388	0	0	0	0	0	0	0	0	0	0	0	7.2737	0	0	0	0	0	11.27424	0	0	0	0	0	0	0	0	0	0	0	0	0	0	0	0	0	0	0	0	0	0	0	0	0	0	
0	0	0	0	0	0	0	0	0	0	0	0	0	0	0	0	0	0	0	0	0	0	0	0	0	0	0	0	0	0	0	0	0	0	0	0	0	12.51875	0	0	0	0	0	0	0	0	0	0	2.26571	0	0	8.88193	0	0	12.51909	0	10.63197	0	0	3.41891	0	2.78375	0	0	0	0	0	0	0	0	0	0	0	0	5.90547	2.63085	0	0	0	0	0	0	0	0	0	0	0	0	0	0	0	0	0	0	0	0	0	0	0	0	
0	0	0	0	0	0	0	0	0	0	0	0	0	0	0	0	0	0	0	0	0	0	0	0	0	0	0	0	0	0	0	0	0	0	0	0	0	0	0	0	0	0	17.48577	0	0	11.70921	0	12.38283	0	0	8.15448	0	11.11308	0	10.38838	0	0	0	0	0	0	0	0	7.37648	0	0	0	8.98256	0	0	10.50812	0	0	0	0	0	0	0	3.50942	0	0	0	0	0	0	0	0	0	0	0	0	0	0	0	0	0	0	0	0	0	
0	0	0	0	0	0	0	0	0	0	0	0	0	0	0	0	0	0	0	0	0	0	0	0	0	0	0	0	0	0	0	0	0	0	0	0	0	0	0	0	0	0	0	0	0	0	0	8.91483	9.93748	0	0	9.33712	0	0	0	0	0	0	0	0	0	0	0	0	1.02772	0	0	0	0	0	0	0	0	0	0	0	0	0	0	0	0	0	0	0	0	0	0	0	0	0	6.72206	0	0	0	0	0	0	0	0	0	
0	0	0	0	0	0	0	0	0	0	0	0	0	0	0	0	0	0	0	0	0	0	0	0	0	0	0	0	0	0	0	0	0	0	0	0	0	0	0	0	0	0	0	0	0	0	0	13.0821	0	0	0	0	8.93742	2.54784	0	0	0	0	13.67631	9.6291	0	0	0	0	0	0	0	0	0	0	0	0	0	0	0	0	0	0	0	0	0	0	0	0	0	0	0	0	0	0	0	0	0	0	0	0	0	0	3.98997	0	
0	0	0	0	0	0	0	0	0	0	0	0	0	0	0	0	0	0	0	0	0	0	0	0	0	0	0	0	0	0	0	0	0	0	0	0	0	0	0	0	0	0	9.27236	0	0	0	0	0	0	9.47335	0	6.69339	0	8.15273	0	0	0	0	0	0	0	0	0	0	13.49147	0	0	0	0	0	0	0	0	0	0	0	12.72089	0	0	0	0	0	0	0	0	0	0	0	0	0	0	0	0	0	0	0	0	0	0	0	
0	0	0	0	0	0	0	0	0	0	0	0	10.13522	0	0	0	0	0	0	0	0	0	0	0	0	0	0	0	0	0	9.15107	0	0	0	0	0	0	0	0	0	0	0	9.85224	0	0	0	0	3.7136	0	0	12.35571	0	0	4.51187	1.7756	0	8.70683	0	0	0	0	0	0	8.54124	7.96756	10.12183	0	0	0	0	0	0	0	0	0	0	0	0	0	0	0	0	0	0	0	0	0	0	0	0	0	0	0	0	0	0	0	0	0	0	
0	0	0	0	0	0	0	0	0	0	0	0	0	0	0	0	0	0	0	0	0	0	0	0	0	0	0	0	0	0	0	0	0	0	0	0	0	0	0	0	0	0	0	0	0	11.44233	2.15788	0	0.75916	13.48686	0.75916	7.74064	6.09453	0	10.61583	8.19548	0	0	0	0	11.73685	0	0	0	0	0	0	0	0	6.97425	0	0	0	0	0	0	2.8179	0	0	0	0	0	0	0	0	0	0	0	0	0	0	0	0	0	0	0	0	0	0	0	
0	0	0	0	0	0	0	0	0	0	0	0	0	0	0	9.06415	0	0	0	0	0	0	0	0	0	0	0	0	0	0	0	0	0	0	0	4.94385	11.37511	0	0	0	0	0	0	8.82295	0	10.87504	7.98877	7.75738	2.92199	8.64347	0	0	4.6772	0	8.40787	0	0	0	0	5.94476	0	7.76199	0	10.84249	0	8.93946	0	0	10.98782	0	4.95999	0	0	0	0	9.83489	0	3.1073	0	2.27709	0	0	0	0	0	0	0	0	0	0	8.84485	0	0	0	0	0	0	0	0	0	
0	0	0	0	0	0	0	0	0	0	0	0	0	0	0	0	0	0	0	0	0	0	0	0	0	0	10.75212	0	0	0	0	3.55264	0	0	4.32512	0	0	0	0	0	10.74769	0	0	0	0	0	0	0	7.96944	6.35799	1.62181	10.12854	9.54065	0	10.29643	0	11.08668	0	6.53321	0	1.9146	8.80854	0	0	0	7.29612	0	0	0	0	0	0	0	7.35223	0	0	0	0	0	0	0	0	0	0	0	0	0	0	0	0	0	0	0	0	0	0	5.96888	0	0	0	
0	0	0	0	0	0	0	0	0	0	0	0	0	0	0	0	0	0	0	11.34066	0	0	0	0	0	0	0	0	0	0	0	0	0	0	0	0	0	0	0	0	0	0	0	13.5536	0	0	10.8761	12.41664	12.48228	0	7.88755	7.56619	11.31285	0	0	0	14.20008	0	0	8.05275	4.2884	0	0	13.9872	0	4.6772	0	9.66585	0	0	0	0	0	0	0	0	0	0	0	0	0	0	0	0	0	0	0	0	0	0	7.86992	0	0	0	0	0	0	0	0	0	
0	0	0	0	0	0	0	0	0	0	0	0	9.34021	0	0	0	0	0	0	9.40206	0	0	0	0	0	0	0	0	0	0	0	0	0	7.57642	0	0	0	0	0	0	0	10.66219	13.50416	0	7.27853	0	0	3.18333	9.98113	0	0	9.48737	6.17056	3.28386	9.45626	5.24982	6.33272	6.66445	8.34133	0	0	0	0	0	1.62181	0	0	0	0	0	0	0	0	0	0	0	0	0	8.93436	1.44959	0	0	0	0	0	0	0	0	0	0	0	0	0	0	0	0	0	0	0	0	
0	0	0	0	0	0	0	0	0	0	0	0	0	0	0	0	0	0	0	0	0	0	0	13.58939	0	0	0	0	0	0	0	0	0	0	0	0	0	0	13.2188	0	0	0	7.35639	9.08729	0	0	7.60525	6.22973	0	9.70251	7.92708	7.11956	0	0	0	0	0	6.40539	13.94494	9.23637	9.99197	0	0	0	9.23719	0	0	0	0	0	0	0	0	0	0	0	0	0	0	0	0	0	0	0	0	0	0	0	0	0	0	0	0	0	0	0	0	0	0	0	
0	0	7.40034	0	0	0	0	0	0	0	0	0	0	0	0	0	0	0	0	0	0	0	0	0	0	0	0	0	0	0	0	0	0	0	0	0	0	0	0	0	9.17516	0	0	0	0	9.00412	0	6.0427	8.88555	11.30528	0	5.92022	9.02824	8.95266	4.08134	11.66267	0	0	1.9146	0	7.45656	0	7.09157	11.53398	0	0	0	0	0	0	0	8.38451	0	0	0	0	6.06901	0	0	0	0	0	0	0	0	0	0	0	0	0	0	0	0	0	0	0	0	0	0	0	
0	0	0	0	0	0	0	0	0	0	0	11.29705	0	0	0	0	0	0	0	0	0	0	0	0	0	0	0	0	0	0	0	0	8.32618	0	0	0	0	9.27287	13.05711	7.2737	3.2715	6.47566	0	0	11.86372	7.52387	10.88318	6.19423	10.40327	0	11.49384	0	3.10936	6.64651	0	11.08265	4.83	8.41395	0	0	0	0	0	0	0	0	0	5.90362	0	0	0	0	10.82608	0	0	5.31401	0	0	10.54671	0	0	0	0	0	0	0	0	0	0	0	0	0	0	0	0	8.82642	0	0	0	0	
0	0	0	0	0	0	0	0	0	0	0	0	0	0	0	0	0	0	0	0	0	0	0	0	0	0	0	0	0	0	0	0	0	0	5.71679	8.55998	0	0	0	8.00109	0	12.4999	0	10.60954	15.42331	9.39298	7.23797	8.22695	4.09662	10.92376	11.22453	9.84491	0	8.99815	0	0	7.75137	0	0	4.75514	8.70939	0	0.429	0	0	0	0	0	0	0	0	0	0	0	0	0	0	0	2.85453	0	0	0	0	0	0	0	0	8.73307	0	0	0	0	0	0	0	0	0	0	0	0	
0	0	0	0	0	0	0	0	10.16685	0	11.43208	0	0	0	0	0	0	0	0	0	0	0	0	0	0	0	7.99327	0	0	0	0	0	0	0	0.75916	0	0	12.11129	10.87956	0	7.87072	5.95284	0	3.78781	5.56678	11.70473	5.08609	7.61503	8.67735	8.30095	0	7.16726	0	0	0	0	9.49803	4.65754	0	0	0	0	2.70933	0	0	0	11.19668	0	0	0	0	0	0	0	0	0	0	0	0	0	0	0	0	0	0	0	0	0	0	0	0	0	0	0	0	0	0	0	0	0	
0	0	0	0	0	0	0	0	0	0	0	11.51242	0	0	10.18541	0	0	0	0	0	0	0	0	0	0	0	0	0	0	0	0	10.78901	0	0	5.33891	0	10.82827	0	0	9.666	3.63536	0	10.17395	8.68938	9.93496	7.68098	10.58434	8.97762	4.34811	8.28175	6.66829	9.42146	10.23339	8.00564	0	2.98645	9.03106	0	0	5.28868	7.38846	5.37237	0	12.93332	0	0	0	0	0	0	0	0	0	0.429	0	7.3143	0	0	0	0	0	0	0	7.4526	0	0	0	0	0	0	0	0	0	0	0	0	0	0	0	0	
0	0	0	0	0	0	0	0	0	0	0	0	12.33584	0	0	0	0	0	0	0	0	0	0	0	0	0	0	0	0	9.46844	0	0	6.87033	0	4.1948	0	14.92492	0	12.20843	10.64825	10.20867	9.12178	10.26331	7.70994	8.12577	4.69746	10.67806	10.44133	3.55264	9.62253	8.33393	11.37228	10.0642	5.92676	5.47962	5.77846	11.60303	0	0	7.54912	5.88684	0	0	0	0	0	0	0	0	0	0	0	0	9.24298	0	0	0	0	0	0	9.80078	0	0	0	0	0	0	0	0	0	0	0	0	0	0	0	0	0	0	0	
0	0	0	0	0	0	0	12.15368	0	0	0	9.86754	0	0	0	0	0	0	0	0	0	0	0	0	0	0	0	8.74243	0	0	5.14077	0	13.02703	0	0	0	2.85453	12.49566	6.89958	11.33297	9.6033	4.61635	0	10.62863	10.60508	8.74465	8.98054	8.39096	10.76516	9.77509	5.2539	9.27229	11.20565	7.74579	10.93096	6.25565	13.8383	5.67512	5.0693	9.39094	5.6448	12.53458	2.54784	0	10.48147	0	0	0	0	0	0	0	0	8.98847	0	0	0	0	0	0	0	0	0	0	0	0	0	0	0	0	0	0	0	0	0	0	0	0	0	0	
8.18913	0	0	0	0	0	0	0	7.84222	0	0	0	9.05666	0	0	0	0	0	0	0	0	0	0	0	10.85845	0	0	6.76862	0	0	0	0	12.09665	0	11.66923	8.82516	0	5.18264	10.57998	6.66102	8.60421	8.18754	6.99678	9.16996	10.99797	9.46419	7.94258	10.27284	6.13017	4.28063	9.09005	6.24075	8.41331	6.70845	11.96067	8.1943	10.43387	6.73693	0	10.53259	0	5.24982	0	5.07213	0	7.94746	0	0	0	0	0	0	0	0	0	0	0	0	0	0	0	0	4.73283	0	0	8.07652	0	0	0	0	0	0	0	0	0	0	0	0	0	0	
0	0	0	11.55522	0	0	0	0	0	0	0	0	0	0	0	0	0	0	8.62207	0	0	11.29963	0	8.75751	11.24968	8.62713	0	0	11.4655	8.86213	12.35241	0	10.43675	0	0	0	0	10.23681	9.95405	9.35282	8.68759	6.49325	8.10602	9.2165	9.41936	9.83845	8.42588	8.90387	8.98735	6.23271	9.83345	7.31702	10.34672	7.28871	5.74451	9.20115	0	3.13828	5.43934	8.38032	1.25399	4.73462	8.70222	0	0	0	0	0	0	4.48981	0	0	5.74501	0	2.4598	7.28655	12.49955	4.00779	0	0.75916	0	0	0	0	0	0	0	0	0	0	0	0	0	0	0	0	0	0	0	0	
8.96267	0	0	0	11.5504	7.04947	0	0	0	0	0	0	0	0	0	0	0	11.78832	0	0	0	0	0	0	9.79348	0	7.35761	8.29816	0	11.11308	10.12668	0	0	0	10.11689	8.48379	5.79375	11.25012	10.50331	8.57457	7.54758	8.77414	8.59455	9.38409	8.85221	8.74653	9.50515	7.80744	8.06103	10.61433	5.25921	9.8488	12.14665	6.50554	9.20109	9.83576	8.92959	4.66032	3.02863	7.96642	9.09188	0	5.48411	13.1362	10.88194	10.37603	9.46703	0	0	0	0	0	0	0	5.12654	0	0	0	0	0	0	0	0	0	0	0	0	0	0	0	0	0	0	0	0	0	0	0	0	0	
0	0	0	0	0	0	0	0	6.30211	0	7.78029	0	0	0	0	0	5.84399	15.13757	9.35325	6.07643	10.87557	8.33359	0	0	0	13.17922	0	8.27871	8.62601	10.94892	0	9.19093	12.62157	8.60315	7.95824	11.0162	7.6083	7.63562	9.26745	8.12704	8.47214	8.08814	5.48387	7.98231	9.64924	7.60685	7.89729	8.8122	8.33462	7.5729	6.4023	11.27045	6.71169	8.75231	5.67804	6.43327	5.23962	8.39012	0	11.40599	8.15395	8.24453	6.51699	0	9.07423	12.1671	6.55148	0	0	0	0	6.87033	0	0	8.04715	0	0	0	9.101	0	0	0	0	0	0	6.84882	0	0	0	0	0	0	0	0	0	0	0	0	0	0	
0	10.07025	0	0	9.91644	8.89712	0	0	0	0	0	0	0	0	4.44464	10.73815	0	10.91621	10.49333	0	9.75295	0	8.85563	0	0	0	0	0	9.31288	9.89875	8.46221	0	10.31263	7.71522	9.81139	8.11374	9.04896	9.78627	8.18042	8.46622	8.58886	7.67785	7.34233	8.56737	8.21833	7.32799	8.42178	8.66226	7.64163	7.26039	6.71354	7.68576	7.93353	6.20333	8.75731	5.73337	3.37142	5.71033	7.27933	8.71985	0	9.11316	0	11.39769	10.59075	0.429	6.267	2.70933	0	0	0	0	0	0	0	1.62181	0	0	0	0	10.07768	0	0	0	0	0	0	0	0	0	0	0	0	0	0	0	0	0	0	0	
0	11.00639	8.98946	0	10.35681	0	0	0	0	0	8.50182	0	0	0	9.69084	8.81632	0	7.70088	0	0	8.76212	6.07643	8.74073	10.5666	7.73176	8.29152	0	4.84231	6.7078	7.95923	10.54704	10.68087	10.16747	10.27591	10.11511	5.3314	8.41873	8.32647	7.25702	7.29726	6.83071	8.20542	7.1736	7.858	7.61054	6.85313	8.14258	8.13898	9.66515	8.3995	7.34465	9.04696	7.84445	7.4339	6.62218	6.42086	9.00831	7.13848	6.90046	9.75006	0	8.17465	9.74179	10.56065	2.2337	3.04815	0.75916	0	0	0	0	12.5095	0	0	9.98212	0	7.57816	0	0.75916	0	0	0	0	4.48134	0	2.11091	0	0	0	0	0	0	0	0	0	0	0	0	0	0	
0	0	0	0	0	0	0	0	7.50579	0	11.04733	12.20516	0	0	0	0	0	0	10.17551	0	9.91281	0	0	0	0	11.49954	9.84656	0	1.02772	6.19709	7.30237	8.81964	8.99338	9.33015	9.53623	7.49369	9.32681	10.47701	8.02572	8.39037	5.88949	8.62835	8.82091	8.32532	7.82057	7.58822	6.43014	8.43242	8.15714	7.88981	7.97835	7.01677	6.34977	7.31649	7.53355	9.16118	8.18926	8.91387	11.11826	8.4326	9.41101	4.59837	8.31323	5.99153	0	8.6481	0	7.7114	0	0	0	0	0	0	0	0	0	0	0	0	0	8.26579	0	0	0	0	0	8.81624	11.09035	6.54079	0	0	0	0	0	0	0	0	0	0	
0	0	0	0	0	0	0	0	10.82965	8.24618	6.68589	2.26571	0	13.61725	0	0	0	2.26571	11.94868	4.93124	0	0	2.26571	8.4455	6.10574	9.8186	2.54784	9.74925	7.3968	9.96259	0	8.35121	5.56873	3.52826	3.11225	6.93492	8.62794	6.02581	10.20884	6.06205	7.73666	8.5113	8.48819	8.47937	6.7417	6.92484	7.68412	6.89152	6.66561	9.02855	8.60927	7.37187	7.64156	5.91799	8.55731	8.422	4.54035	11.24488	9.4457	5.96255	6.38341	9.54418	8.8482	4.32512	1.96285	10.73007	9.95167	0	0	0	0	0	0	4.87742	11.08691	0	0	0	11.78124	0	0	0	0	0	0	0	0	0	4.57611	0	1.7756	0	0	0	0	0	0	0	0	0	
0	0	10.68634	7.04662	0	6.95329	0	3.16414	7.9515	0	0	0	0	0	0	0	0	7.53582	0	0	0	0	0	11.50746	0	10.5995	0	10.41992	9.97022	7.29899	0	9.60589	0	11.55936	5.4429	8.66929	6.49996	6.75391	0.92792	10.49714	7.12679	9.56205	6.97123	7.99527	6.92418	7.26709	5.96374	8.29742	6.84954	7.79961	8.20567	7.26907	7.89081	7.88237	7.80462	5.06988	7.44794	7.57953	7.9146	7.15786	11.09828	8.71871	4.26373	9.78105	6.19626	0	0	5.241	3.59458	6.37915	4.8889	0	11.77098	0	0.59408	0	5.05679	0	0	0	0	0	5.37305	0	0	0	0	0	0	0	0	0	0	0	0	0	0	0	0	0	
0	0	0	0	0	0	0	0	0.75916	0	10.93164	9.11998	9.39323	0	14.34303	0	0	11.47904	0	5.09765	0	0	0	0	0	0	4.69659	3.46488	4.41313	0	6.73619	9.11774	6.1697	7.40531	4.01894	8.74804	8.53409	8.10267	6.93891	9.10454	9.1287	5.53642	5.9893	7.48468	8.0698	7.76836	4.71973	7.07532	6.99068	6.08399	7.38761	8.02496	8.60197	7.62672	6.88338	6.18343	5.77271	7.43041	8.6393	6.67557	7.69676	6.17868	8.33938	5.72907	0	5.60424	9.7725	4.90584	0	0	8.56254	0	4.99372	4.41105	0	13.96762	0	0	0	0	0	0	0	0	0	0	0	0	6.41406	0	0	0	0	0	0	0	0	0	0	0	
0	0	0	0	0	0.429	0	0	0	10.28086	0	0	6.80034	0	0	0	0	0	0	0	0	0	0	8.99262	0	0	7.73054	0	0	4.63648	7.04314	0	0	5.84614	9.56855	6.68856	7.89386	0.75916	0	8.00499	3.79308	12.00628	5.51394	4.62934	9.34217	8.0221	6.83898	8.94917	9.30958	6.66389	7.43327	9.01596	6.56567	6.65884	8.71254	6.86157	8.70932	6.41485	4.70584	5.79153	5.86342	5.56111	6.03175	8.37924	6.38541	4.92956	8.41521	6.5246	6.46835	0	0	7.58077	0	4.39802	0	7.46679	9.93391	0	0	0	0	0	0	0	10.82718	0	0	0	0	0	0	11.28168	0	0	0	0	6.6443	0	0	0	
0	0	0	0	0	0	0	0	0	0	0	12.0791	0	0	0	0	0	5.70849	12.76497	0	0	0	0	1.02772	0	0	0	7.15604	0	0	0	0	6.85453	5.87251	6.07209	0	5.49083	7.68479	0	0.75916	6.4255	9.81195	8.45075	4.57062	0	8.90094	5.73869	5.08301	8.13741	5.8451	8.56773	12.11199	8.62565	4.06641	7.09193	5.70181	6.45666	6.46124	7.96616	8.3634	6.95637	4.10202	0	7.39583	9.71851	0	6.13979	5.93662	8.69259	8.0711	0	0	0	2.4598	0	10.23143	0	8.44562	0	0	0	6.62087	0	0	0	0	0	0	0	0	0	0	0	0	0	0	0	0	0	0	
0	0	0	0	5.05121	0	0	0	0	0	9.24791	0	2.78375	0	0	11.36567	0	0	7.36744	0	8.17926	8.08994	0	0	0	8.91172	5.70726	0	0	5.63148	0	10.74608	13.60359	0	0	8.04147	9.24627	1.62181	10.21598	11.53531	2.85818	8.18398	5.55829	8.37063	3.39793	6.54321	12.85949	4.82557	7.2722	8.34642	9.15897	6.24485	8.0618	7.44073	5.83753	7.66002	6.66503	7.79932	5.05311	6.30918	5.24243	7.76427	5.75337	4.85603	7.6273	0	6.57117	9.16854	0	0	8.3858	8.16496	6.60418	9.3178	6.65734	0	6.63965	0	0	0	6.01596	0	0	0	0	0	0	0	0	2.4598	0	0	0	0	0	0	0	0	0	0	
0	0	0	0	0	0	0	0	0	0	0	6.27656	2.35787	0	0	10.40726	0	0	0	0.75916	7.23443	0	0	0	0	0	0	0	0	4.63718	2.366	4.46458	0	0	0	9.69808	0	0	0	6.96133	4.17496	6.48105	3.82092	6.99997	7.05884	4.01162	6.50923	8.32715	6.43171	7.03005	0	0	8.4012	10.2523	2.04135	6.40613	9.26519	6.90486	7.99606	6.48671	8.13016	7.70738	7.51924	7.13228	5.018	4.90076	6.47492	6.72866	1.25399	10.50618	0	5.94536	8.33495	9.98459	7.75044	0	19.52434	0	6.27656	0	0	0	0	0	0	0	0	0	0	0	0	0	0	0	0	0	0	0	0	0	
0	0	0	8.71772	0	0	0	0	0	0	0	0	0	0	0	0	0.429	0	0	0	0	0	7.84473	0	0	0	7.73763	6.83843	6.85746	8.10635	0	0	3.8584	0	0	11.61307	0	3.1073	0.429	5.76623	3.90816	0	0.429	0	2.90619	11.72435	8.01328	8.13507	5.88399	5.2973	5.93269	5.10442	7.95317	8.54337	6.76358	6.70205	6.63616	5.42384	7.12474	5.61658	9.31896	7.19799	7.82045	9.4714	7.37834	8.77183	6.71206	8.1857	11.02552	7.98385	3.02853	9.01173	5.3111	3.60368	5.49975	0	12.83952	0	5.20022	9.44067	1.49636	4.65754	1.25399	0	0	0.429	0	0	0	0	0	0	0	0	0	0	0	0	0	11.80935	
0	0	4.54495	0	0	0	0	0	0	0	0	0	0	0	0	0	0	0	0	0	8.35698	0	0	0	0	9.90554	0	8.45978	0	8.36154	0	10.20374	11.90949	0	8.95363	0	0	7.06764	6.29771	0	6.28299	0	0	7.8088	9.83126	8.58222	0.37958	3.17353	8.2771	8.93742	8.94547	10.67843	6.93781	5.7128	6.09731	8.55412	0.429	7.14618	7.2421	5.77793	2.11905	4.88692	5.67585	1.99432	5.14903	6.2413	4.36743	0	7.95081	4.18759	4.95043	6.5082	6.29518	8.25657	0	0	5.41425	0	1.39033	6.31472	0	6.28116	0	0	0	0	0	0	5.93131	0	0	0	0	0	0	0	2.366	0	0	0	
0	0	0	0	3.7136	0	0	0	0	0	0	0	8.36458	0	0	0	0	0	0	0	11.77982	4.1948	0	0	0	0	0	5.00128	0	0	0	0	10.52076	0	0	0	7.71996	0	13.13237	9.30983	0	0	3.04558	0.429	10.98486	0	4.89916	9.87128	2.26571	5.51846	10.50984	4.72782	9.33712	3.9836	7.50302	0.37958	0	5.55094	6.84351	3.7946	8.01052	4.81681	8.23866	6.94378	5.43866	8.36276	6.27608	4.81684	7.10998	6.10557	7.73559	0	0	9.66268	0	7.55679	4.91254	6.77412	0	0	0	0	0	0	7.66441	11.13079	0	0	0	0	0	0	0	0	0	0	8.71772	0	0	0	
0	0	0	0	0	0	0	0	2.15788	0	0	0	0	0	0	0	8.55989	2.92199	1.02772	0	0	0	0	0	5.21603	0	0	0	0	0	0	0	0	0	6.12734	8.53317	0	8.95162	0	0	0	0	10.51258	12.05734	0	10.15216	10.14936	9.15458	0	3.44576	0	10.37075	9.47898	8.40524	0	7.3182	0	5.47366	0	5.21676	7.79727	6.85315	6.15987	6.2571	4.1392	7.06113	7.33241	5.21128	8.52777	7.31478	7.85156	2.48138	6.29107	9.27155	7.89622	3.9849	9.81155	7.46113	0	0	6.00044	4.44464	11.68879	0	1.73244	3.04815	6.80482	4.08134	5.91194	0	2.00198	0	0	10.96132	0	0	0	0	0	0	
0	0	0	0	0	0	0	0	0	0	0	0	0	0	0	0	0	0	0	0	5.99773	0	0	0	0	0	0	0	0	6.89572	0	0	0	0	8.02046	0	0	0	0	0	9.27074	0	8.67069	8.7082	3.83391	0	0	0	2.4598	5.91417	9.96173	0	0	6.6227	6.13131	7.44504	0	0	7.55639	8.37438	9.68963	6.16474	2.41255	5.23891	6.86273	8.56088	3.80955	4.79176	7.24799	7.36536	10.45774	7.00695	3.71892	4.48551	1.62181	0	6.67458	0	7.18023	0	0	0	0	0	0	0	8.64412	0	0	0	0	0	0	0	0	0	0	0	0	0	
0	0	0	0	3.55264	0	0	0	0	0	0	4.1948	0	5.73567	0	0	0	0	0	0	0	0	0	0	0	0	0	0	0	0	0	0	0	0	0	0	0	0	0	6.49595	0	0	7.72705	0	5.15658	0	0.2145	0.429	0	0	0.429	0	0	0	8.84158	0	0	0	0	10.5557	7.82236	1.26652	6.77008	8.34663	6.97234	0	3.42007	5.26225	8.55328	5.59492	5.27655	9.31854	8.60535	6.44248	0	0	3.42271	5.5562	5.59497	9.55001	2.70933	7.53032	4.48981	0	2.4598	0	4.86032	9.43568	0	4.41191	0	0	0	0	6.55148	0	0	0	0	0	
0	0	0	0	0	0	0	0	0	0	0	0	0	0	0	0	0	8.33268	0	0	0	10.23807	8.59261	0	0	0	8.53587	0	0	0	0	0	0	5.27716	8.54749	0	0	0	0	0	0	0	0	0	0	0	0	0	0.429	0	0.429	0	0	0	0	8.03553	11.53472	10.44928	7.85771	2.54784	0	7.85504	5.54317	0	8.27329	6.43696	5.89086	7.40087	5.14008	4.71256	8.20029	5.6372	5.59534	9.22754	7.83473	7.467	4.24462	0	9.23139	6.07532	0	0	7.51831	0	5.92022	10.14561	3.63536	6.03132	0	11.25833	0	0	0	0	0	0	8.07303	0	0	0	
0	0	0	0	0	0	0	0	6.69969	0	0	0.75916	0	0	0	0	0	0	0	0	0	0	0	0	0	0	0	1.9146	0	2.63085	0	0	0	0	0	0	0	0	0	9.82694	0	0	0	0	0	4.99173	0	4.69659	5.3014	0	0	9.57445	0	0	0	0	0	0	8.76718	0	6.98747	0	11.32083	9.47061	8.57622	4.04838	5.86262	0	0	7.09262	9.11537	1.7756	8.97783	6.36086	7.87279	10.57157	1.68571	0	0	8.95165	5.27439	7.18917	9.67443	9.86755	5.47242	0	0	0	0	0	6.55148	0	9.62841	0	0	0	0	0	0	0	
0	0	0	0	0	0	0	0	0	0	0	0	0	11.26392	0	0	0	0	0	5.81767	0	0	0	0	0	2.5031	0	0	0	0	0	0	0	0	8.36002	0	0	6.96288	0	0	11.21432	0	3.41891	8.82295	0	0	0	0	0	0	3.55264	8.93742	0	0	3.21881	0	0	0	0	8.32904	5.39639	0	5.38623	8.88977	6.94115	4.74891	9.9925	3.16414	0	4.66663	7.75826	0	7.35221	5.81257	9.51014	6.17704	4.76979	5.39642	5.61882	5.17743	0	6.72372	6.05405	3.95558	1.96285	0	0	7.96356	1.65333	0	9.70168	0	0	7.54377	0	0	0	0	4.10747	0	
0	0	0	0	0	0	0	7.33686	0	0	0	0	0	0	0	0	0	0	0	0	0	0	0.75916	0	0	0	0	0	9.93237	0	0	0	0	0	10.81291	0	0	2.366	0	0	0	1.60638	0	0	0	0	5.02883	0	0	0	0	0	9.16506	0	0	0	2.87151	9.49983	0	6.04715	8.41707	0	0	5.94333	0	5.19632	0	8.62112	6.80727	9.90032	8.83286	6.16321	7.66441	5.14856	7.23774	6.49095	8.48259	1.9146	7.41489	7.58865	5.93132	7.16718	5.61104	0	4.89172	0	2.4598	6.52328	0	0	13.46083	8.06433	0	0	0	0	8.70102	0	0	0	
0	0	0	0	0	0	0	0	2.4598	0	0	0	0	0	0	0	0	0	0	0	0	0	0	0	0	0	0	0	0	0	0	0	0	0	0	0	0	5.86457	0	0	0	0	0	0	0	0	0	0	0	6.00044	0	4.0957	0	4.22502	0	0	4.02108	6.39775	0	0	6.4693	0	11.9936	12.22209	7.64707	6.6443	0	0	8.85068	7.52924	0	10.36887	5.12409	11.10635	7.19009	7.67028	0	4.26221	4.42881	8.53423	3.73491	9.37373	6.11298	1.02772	0	0	4.62407	0	0	0	0	0	8.19997	7.10273	7.24435	0	0	0	0	0	
0	0	0	0	0	0	0	9.83892	0	0	0	0	0	0	0	0	0	0	0	0	0	0	0	0	0	0	0	0	0	0	0	0	0	0	0	0	0	6.01125	0	7.82943	0	0	0	0	0	0	0	0	0	0	4.04829	0	0	10.12898	6.24134	0	0	8.5241	9.51083	11.67372	0	3.04815	0	7.34902	9.20339	9.69567	0	0	7.24745	6.28643	8.65609	3.65759	4.47312	8.39086	0.75916	7.67231	7.0611	0	8.02839	7.20692	7.73764	8.69741	3.62171	5.29905	3.09896	0	0	1.12381	0	0	7.10615	0	0	0	0	2.59552	0	0	0	0	
0	0	0	0	0	0	0	0	0	0	0	0	0	0	0	0	0	0	0	0	0	0	0	0	0	10.41899	0	0	0	0	0	0	0	0	0	0	0	10.92446	0	0	0	0	0	0	11.15356	0	0	0	12.23707	0	0	0	0	0	0	0	0	0	0	0	0	0	8.81365	0	0	7.13883	6.03421	8.98958	0	7.2561	3.20001	0	7.71858	0	9.10736	5.60159	10.97248	6.74853	3.72032	6.11928	1.02302	0	8.64909	0	9.57117	6.17433	0	0	0	0	8.85998	0	0	0	0	0	0	1.62181	0	0	
0	0	0	0	0	0	0	0	0	0	0	0	2.366	0	0	0	0	0	0.429	0	0	0	0	0	0	0	0	0	0	0	0	0	0	0	0	0	0	0	0	0	0	0	0	0	0	0	0	9.77707	0	0	1.02772	0	8.46695	0	0	0	0	0	0	4.4307	0	0	0	4.74893	4.44464	5.85267	8.88128	0	9.88032	0	0	8.33858	0	0	0	2.41648	6.12933	8.53872	5.8753	4.87133	0	5.31928	5.2718	4.13316	5.6423	3.13311	6.69283	0	5.56678	0	0	0	0	5.00735	0	0	0	0	0	0	
0	0	0	0	0	0	0	0	0	0	0	0	0	0	0	0	0	0	0	0	0	0	0	0	0	0	0	0	0	0	0	0	9.72548	0	0	0	0	0	0	0	0.75916	0	0	0	0	0	0	0	0	0	0	0	0	0	0	0	6.63189	0	0	0	8.51107	0	0	3.36207	0	6.16959	0	0	7.02896	0	0	0	8.06777	0	0	5.64872	0	0	4.10245	8.31674	5.98758	5.96888	9.15283	0	5.37547	0	0	0	1.02772	0	6.22283	4.73687	4.67097	0	0	0	0	0	0	0	
0	0	0	0	0	0	0	3.19027	0	0	0	0	0	0	0	0	0	0	0	0	0	0	0	0	0	0	0	2.78375	0	0	0	0	0	0	0	0	0	0	0	0	0	0	0	0	0	0	0	0	0	0	0	0	0	0	0	0	0	0.429	0	0	0	0	0	0	0	0	0	0	0	0	7.5953	5.45205	5.91482	0.429	0	8.67436	10.80445	0	9.49913	5.32652	0	6.34975	0	5.89525	1.7756	9.26422	0	7.96356	0	1.44959	0	1.62181	0	0	0	9.50946	0	0	0	0	
0	0	0	0	0	0	0	0	0	0	0	0	0	0	0	0	0	0	0	0	9.66092	0	0	0	0	0	0	0	0	0	1.62181	0	0	0	0	0	0	0	0	0	0	0	0	0	0	0	0	0	0	0	0	0	0	0	0	0	0	0	0	11.69572	0	0	0	0	7.10252	7.91057	7.35833	4.94156	0	0	0	0	0	0	0	1.7756	4.69958	0.429	0	0	3.75152	0	0	0	4.83373	5.60833	7.67881	4.97666	5.67829	0	7.79835	5.98475	7.65948	6.62418	0	4.92752	0	0	0	0	
0	0	0	0	0	0	0	0	0	0	0	0	0	0	0	0	0	0	0	0	0	0	0	0	0	0	0	0	0	0	0	0	0	0	0	0	0	0	0	0	0	0	0	0	0	0	0	0	2.70933	0	0	0	0	0	0	0	0	0	0	0	0	0	0	0	0	0	0	0	0	7.75507	10.91569	8.74359	7.48467	0	9.3954	6.11298	0	9.2675	0	0	0	8.20952	8.62804	0	3.79559	0	0.75916	0	0	1.6755	0	2.70791	2.43486	0	2.26571	0	0	0	0	0	
0	0	0	0	0	0	0	0	0	0	0	0	0	0	0	5.87207	0	0	0	0	0	0	0	0	0	0	0	0	0	0	0	0	0	0	5.69767	0	0	0	0	0	0	0	0	0	0	0	0	0	0	0	0	0	0	0	0	0	0	0	0	0	0	0	0	0	0	0	0	3.37142	0	0	0	0	0	8.83285	0	0	0	0.8878	0	0	0	4.13918	0	0	5.45017	0	3.81369	3.24306	6.33342	9.96058	10.01146	0	9.56789	0	0	0	0	0	0	0	
0	0	0	0	0	0	0	0	0	0	0	0	0	0	0	0	0	0	0	0	0	0	0	0	0	0	0	0	0	0	0	0	0	0	0	0	0	0	0	0	0	0	0	0	0	0	0	0	8.69621	0	0	0	0	0	0	0	0	0	0	5.56678	0	0	0	0	0	8.00877	0	0	0	0	0	7.82943	0	0	0	0	0	11.20207	0	4.56319	10.65291	0	0	5.79984	0	0	0	0	0	0	0	0	0	0	0	0	0	0	0	0	
0	0	0	0	0	0	0	0	0	0	0	0	0	0	0	0	0	0	0	0	0	0	0	0	0	0	0	0	0	0	0	0	0	0	0	0	0	0	0	0	0	0	0	0	0	0	0	0	0	0	0	0	0	0	0	2.33736	0	0	11.8221	0	0	0	0	0	6.28299	0	0	0	0	0	0	1.44959	0	7.34917	0	0	5.70726	0	0	0	3.38806	6.54297	3.76399	8.82858	0	0	0	8.27549	8.45564	0	4.2744	11.89145	11.05275	0	0	0	0	0	0	0	
0	0	0	0	0	0	0	0	0	0	0	0	0	0	0	0	0	0	0	0	0	0	0	0	0	0	0	0	0	0	0	0	0	0	0	0	0	0	0	0	0	0	0	0	0	0	0	0	0	0	0	0	0	0	0	0	0	0	0	0	0	0	0	0	0	0	0	0	0	0	0	0	0	0	0	0	0	0	0	0	0	0	0	0	0	0	7.24435	0	0	0	0	9.56129	0	0	0	0	0	0	0	0	
0	0	0	0	0	0	0	0	0	0	0	0	0	0	0	0	0	0	0	0	0	0	0	0	0	0	0	0	0	0	0	0	0	0	0	0	0	0	0	0	0	0	0	0	0	0	0	0	0	0	0	0	0	0	0	0	0	0	0	0	0	0	0	0	0	0	0	0	0	0	9.56321	0	0	0	0	0	0.429	0	0	7.19382	0	0	0	10.92266	0	0	0	2.15788	0	0	6.36774	7.47524	0	0	0	0	0	0	0	0	
0	0	0	0	0	0	0	0	0	0	0	0	0	0	0	0	0	0	0	0	0	0	0	0	0	0	0	0	0	0	0	0	0	0	0	0	0	0	0	0	0	0	0	0	0	0	0	0	0	0	0	0	0	0	0	0	0	0	0	2.15788	0	0	0	0	0	0	0	0	0	0	2.85453	0	0	0	0	0	0	0	0	0	0	0	0	0	0	0	4.82551	0	0	0	0	0	0	0	0	0	0	0	0	0	
0	0	0	0	0	0	0	0	0	0	0	0	0	0	0	0	0	0	0	0	0	0	0	0	0	0	0	0	0	0	0	0	0	0	0	0	0	0	0	0	0	0	0	0	0	0	0	0	0	0	0	0	0	0	0	0	0	0	0	0	0	0	0	0	0	0	0	0	0	9.64104	0.75916	0	0	0	0	0	0	0	8.89398	0	0	0	0	0	0	0	0	0	8.91379	8.84919	0	0	0	0	0	0	0	0	0	0	
0	0	0	0	0	0	0	0	0	0	0	0	0	0	0	0	0	0	0	0	0	0	0	0	0	0	0	0	0	0	0	0	0	0	0	0	0	0	0	0	0	0	0	0	0	0	0	0	0	0	0	0	0	0	0	0	0	0	0	0	0	0	0	0	0	0	0	0	0	0	0	0	0	0	0	0	0	0	0	0	0	0	0	0	0	0	0	0	0	0	0	0	0	0	0	0	0	0	0	0	
0	0	0	0	0	0	0	0	0	0	0	0	0	0	0	0	0	0	0	0	0	0	0	0	0	0	0	0	0	0	0	0	0	0	0	0	0	0	0	0	0	0	0	0	0	0	0	0	0	0	0	0	0	0	0	0	0	0	7.5571	0	0	0	0	0	0	0	0	0	0	0	0	0	0	0	0	7.88332	0	0	0	0	0	0	0	0	0	0	0	0	0	0	0	0	0	0	0	0	0	0	0	0	
0	0	0	0	0	0	0	0	0	0	0	0	0	0	0	0	0	0	0	0	0	0	0	0	0	0	0	0	0	0	0	0	12.27637	0	0	0	0	0	0	0	0	0	0	0	0	0	0	0	0	0	0.75916	0	0	0	0	0	0	0	0	0	0	0	0	0	0	0	0	0	0	0	0	0	0	0	0	0.75916	0	0	0	0	0	0	0	0	0	0	0	0	0	0	0	0	0	0	0	0	0	0	0	0	
0	0	0	0	0	0	0	0	0	0	0	0	0	0	0	0	0	0	0	0	0	0	0	0	0	0	0	0	0	0	0	0	0	0	0	0	0	0	0	0	0	0	0	0	0	0	0	0	0	0	0	0	0	0	0	0	0	0	0	0	0	0	0	0	0	0	0	0	0	0	0	0	0	0	0	0	0	0	0	0	0	0	0	0	0	0	0	0	0	0	0	0	0	0	0	0	0	0	0	0	
0	0	0	0	0	0	0	0	0	0	0	0	0	0	0	0	0	0	0	0	0	0	0	0	0	0	0	0	0	0	0	0	0	0	0	0	0	0	0	0	0	0	0	0	0	0	0	0	0	0	0	0	0	0	0	0	0	0	0	0	0	0	0	0	0	0	0	0	0	0	0	0	0	0	0	0	0	0	0	0	0	0	0	0	0	0	0	0	0	0	0	0	0	0	0	0	0	0	0	0	
0	0	0	0	0	0	0	0	0	0	0	0	0	0	0	0	0	0	0	0	0	0	0	0	0	0	0	0	0	0	0	0	0	0	0	0	0	0	0	0	0	0	0	0	0	0	0	0	0	0	0	0	0	0	0	0	0	0	0	0	0	0	0	0	0	0	0	0	0	0	0	0	0	0	0	0	0	0	0	0	0	0	0	0	0	0	0	0	0	0	0	0	0	0	0	0	0	0	0	0	
0	0	0	0	0	0	0	0	0	0	0	0	0	0	0	0	0	0	0	0	0	0	0	0	0	0	0	0	0	0	0	0	0	0	0	0	0	0	0	0	0	0	0	0	0	0	0	0	0	0	0	0	0	0	0	0	0	0	0	0	0	0	0	0	0	0	0	0	0	0	0	0	0	0	0	0	0	0	0	0	0	0	0	0	0	0	0	0	0	0	0	0	0	0	0	0	0	0	0	0	
0	0	0	0	0	0	0	0	0	0	0	0	0	0	0	0	0	0	0	0	0	0	0	0	0	0	0	0	0	0	0	0	0	0	0	0	0	0	0	0	0	0	0	0	0	0	0	0	0	0	0	0	0	0	0	0	0	0	0	0	0	0	0	0	0	0	0	0	0	0	0	0	0	0	0	0	0	0	0	0	0	0.75916	0	0	0	0	0	0	0	0	0	0	0	0	0	0	0	0	0	0	
0	0	0	0	0	0	0	0	0	0	0	0	0	0	0	0	0	0	0	0	0	0	0	0	0	0	0	0	0	0	0	0	0	0	0	0	0	0	0	0	0	0	0	0	0	0	0	11.89919	0	0	0	0	0	0	0	0	0	0	0	0	0	0	0	0	0	0	0	0	0	0	0	0	0	0	8.88474	0	0	0	0	0	0	0	0	0	0	0	0	0	0	0	0	0	0	0	0	0	0	0	0	0	
