0	0	0	0	0	0	0	0	0	0	0	0	0	0	0	0	0	0	0	0	0	0	0	0	0	0	0	0	0	0	0	0	0	0	0	0	0	0	0	0	0	0	0	0	0	0	0	0	0	0	0	10.27032	0	0	0	0	0	0	0	0	0	0	0	0	0	0	0	0	0	0	0	0	0	0	0	0	0	0	0	0	0	0	0	0	0	0	0	0	0	0	0	0	0	0	0	0	0	0	0	0	
0	0	0	0	0	0	0	0	0	0	0	0	0	0	0	0	0	0	0	0	0	0	0	0	0	0	0	0	0	0	0	0	0	0	0	0	0	0	0	0	0	0	0	0	0	0	0	13.08571	0	0	0	0	0	0	0	0	0	0	0	0	0	0	0	12.66694	0	0	0	0	0	0	0	0	0	0	0	0	0	0	0	0	0	0	0	0	0	0	0	0	0	0	0	0	0	0	0	0	0	0	0	0	
0	0	0	0	0	0	0	0	0	0	0	0	0	0	0	0	0	0	0	0	0	0	0	0	0	0	0	0	0	0	0	0	0	0	0	0	0	0	0	0	0	0	0	0	0	0	0	0	0	0	0	0	0	0	9.62881	0	0	0	0	0	0	0	0	0	0	0	0	0	0	0	0	0	0	0	0	0	0	0	0	0	0	0	0	0	0	0	0	0	0	0	0	0	0	0	0	0	0	0	0	0	
0	0	0	0	0	0	0	0	0	0	0	0	0	0	0	0	0	0	0	0	0	0	0	0	0	0	0	0	0	0	0	0	0	0	0	0	0	0	0	0	0	0	0	0	0	0	11.83042	8.28243	0	0	0	0	0	0	0	0	0	0	0	0	0	0	0	0	0	0	0	0	0	0	0	0	0	0	0	0	0	0	0	0	0	0	0	0	0	0	0	0	0	0	0	0	0	0	0	0	0	0	0	0	
0	0	0	0	0	0	0	0	0	0	0	0	0	0	0	0	0	0	0	0	0	0	0	0	0	0	0	0	0	0	0	0	0	0	0	0	0	8.8033	0	0	0	0	0	11.7241	0	0	0	0	0	0	0	0	0	0	0	0	0	0	0	0	0	0	0	0	0	0	0	0	0	0	0	0	0	0	0	0	0	0	0	0	0	0	0	0	0	0	0	0	0	0	0	0	0	0	0	0	0	0	0	0	
0	0	0	0	0	0	0	0	0	0	0	0	0	0	0	0	0	0	0	0	0	0	0	0	0	0	0	0	0	0	0	0	0	0	0	0	0	0	0	0	0	0	0	0	0	0	0	0	0	0	0	0	0	0	0	0	0	0	0	0	0	0	0	0	0	0	0	0	0	0	0	0	9.62755	0	0	0	0	0	0	0	0	0	0	0	0	0	0	0	0	0	0	0	0	0	0	0	0	0	0	0	
0	0	0	0	0	0	0	0	0	0	0	0	0	0	0	0	0	0	0	0	0	0	0	0	0	0	0	0	0	0	0	0	0	0	0	0	0	0	0	0	0	0	0	0	0	0	0	0	0	0	0	0	0	0	0	0	0	0	0	0	0	0	0	0	0	0	0	0	0	0	0	0	0	0	10.6517	0	0	0	0	0	0	0	0	0	0	0	0	0	0	0	0	0	0	0	0	0	0	0	0	0	
0	0	0	0	0	0	0	0	0	0	0	0	0	0	0	0	0	0	0	0	0	0	0	0	0	0	0	0	0	0	0	0	0	0	0	0	0	0	0	0	0	0	0	0	0	0	0	0	0	0	0	8.41069	0	0	0	13.05476	0	0	6.54649	0	0	0	0	0	0	0	0	0	0	0	0	0	0	0	0	0	0	0	0	0	0	0	0	0	0	0	0	0	0	0	0	0	0	0	0	0	0	0	0	0	
0	0	0	0	0	0	0	0	0	0	0	0	0	0	0	0	0	0	0	0	0	0	0	0	0	0	0	0	7.71793	0	0	0	0	0	0	0	0	0	0	0	0	0	0	0	0	0	0	0	0	0	0	0	0	0	0	0	0	0	0	0	0	0	0	0	0	0	0	5.6354	0	0	0	0	0	0	0	0	0	0	0	0	0	0	0	0	0	0	0	0	0	0	0	0	0	0	0	0	0	0	0	0	
0	0	0	0	0	0	0	0	0	0	0	0	0	0	0	0	0	0	0	0	0	0	0	0	0	0	0	0	0	0	0	0	0	0	0	0	0	0	0	0	0	0	0	0	0	0	0	0	0	0	0	0	0	0	0	8.6007	0	0	0	0	0	0	0	0	0	0	0	0	0	0	0	0	0	0	0	0	0	0	0	0	0	0	0	0	0	0	0	0	0	0	0	0	0	0	0	0	0	0	0	0	
0	0	0	0	0	0	0	0	0	0	0	0	0	0	0	0	0	0	0	0	0	0	0	0	0	0	0	0	0	0	0	0	0	0	0	0	0	0	0	0	0	0	0	0	0	0	0	0	0	0	0	0	0	0	0	0	0	0	0	0	0	0	0	0	0	0	0	9.32115	0	0	0	0	0	0	0	0	0	0	0	0	0	0	0	0	0	0	0	0	0	0	0	0	0	0	0	0	0	0	0	0	
0	0	0	0	0	0	0	0	0	0	0	0	0	0	0	0	0	0	0	0	0	0	0	0	0	0	0	0	0	0	0	0	0	0	0	0	0	0	0	0	0	0	0	0	0	0	0	0	0	0	0	0	5.66884	0	0	0	3.89768	0	0	0	0	0	0	0	0	0	0	0	0	0	0	1.25423	0	0	0	0	0	0	0	0	0	0	0	0	0	0	0	0	0	0	0	0	0	0	0	0	0	0	0	0	
0	0	0	0	0	0	0	0	0	0	0	0	0	0	0	0	0	0	0	0	0	0	0	0	0	0	0	0	0	0	0	0	0	0	0	0	0	0	0	0	0	0	0	0	0	0	0	0	11.70926	0	0	0	13.10836	0	0	0	0	0	0	0	0	0	0	0	0	0	0	7.66721	0	0	0	0	0	0	0	0	0	0	0	0	0	0	0	0	0	0	0	0	0	0	0	0	0	0	0	0	0	0	0	0	
0	0	0	0	0	0	0	0	0	0	0	0	0	0	0	0	0	0	0	0	0	0	0	0	0	0	0	0	0	0	13.14457	0	0	0	0	0	0	0	0	6.74121	0	0	0	0	0	0	0	9.22506	0	0	0	0	0	0	0	0	0	8.63504	7.25454	0	8.3454	0	0	10.45429	0	0	0	0	0	0	0	0	0	0	0	0	0	0	0	0	0	0	0	0	0	0	0	0	0	0	0	0	0	0	0	0	0	0	0	0	
0	0	0	0	0	0	0	0	0	0	0	0	0	0	0	0	0	0	0	0	0	0	0	0	0	0	0	0	0	0	0	0	0	0	0	0	0	0	0	0	0	0	0	0	0	0	0	0	0	0	0	0	0	0	5.65751	0	0	0	0	0	0	0	0	0	0	0	0	0	0	0	0	0	0	0	2.63113	0	0	0	0	0	0	0	0	0	0	0	0	0	0	0	0	0	0	0	0	0	0	0	0	0	
0	0	0	0	0	0	0	0	0	0	0	0	0	0	0	0	0	0	0	0	0	0	0	0	0	0	0	0	0	0	0	0	0	0	0	0	0	0	0	0	0	0	16.66347	0	0	0	0	0	0	0	0	0	9.7585	0	0	0	0	0	0	14.44829	0	0	0	0	0	0	0	0	0	0	0	6.11332	0	0	0	0	0	0	0	0	0	0	0	0	0	0	0	0	0	0	0	0	0	0	0	0	0	0	0	0	
0	0	0	0	0	0	0	0	0	0	0	0	0	0	0	0	0	0	0	0	0	0	0	0	0	0	0	0	0	0	0	0	0	0	0	0	0	0	0	0	0	0	0	6.74007	0	0	0	12.36518	0	0	0	9.09113	0	0	0	0	0	0	4.42693	0	0	0	0	0	0	0	0	0	0	0	0	0	0	0	0	0	0	0	0	0	0	0	0	0	0	0	0	0	0	0	0	0	0	0	0	0	0	0	0	0	
0	0	0	0	0	0	0	0	0	0	0	0	0	0	0	0	0	0	0	0	0	0	0	0	0	0	0	0	0	0	0	0	0	0	0	0	0	0	0	0	0	0	10.7885	0	0	0	0	0	0	0	0	0	0	0	0	7.22812	0	0	0	0	0	0	0	0	0	0	1.62204	0	5.32685	0	0	0	0	0	0	0	0	0	0	0	0	0	0	0	0	0	0	0	0	0	0	0	0	0	0	0	0	0	0	0	
0	0	0	0	0	0	0	0	0	0	0	0	0	0	0	0	0	0	0	0	0	0	0	0	0	0	0	0	0	0	0	0	0	0	0	0	0	0	0	0	12.24402	0	0	0	0	0	0	0	0	0	0	0	0	0	0	0	0	0	0	0	0	0	0	0	0	0	0	0	0	0	0	0	0	0	0	0	0	0	0	0	0	0	0	0	0	0	0	0	0	0	0	0	0	0	0	0	0	0	0	0	
0	0	0	0	0	0	0	0	0	0	0	0	0	0	0	0	0	0	0	0	0	0	0	0	0	0	0	0	0	0	0	0	0	0	0	0	0	0	0	0	0	0	0	0	0	0	0	7.95386	0	0	6.63537	0	0	0	0	0	0	0	0	0	0	0	0	0	0	0	0	0	0	0	0	0	0	0	0	0	10.01518	0	0	0	0	0	0	0	0	0	0	0	0	0	0	0	0	0	0	0	0	0	0	0	
0	0	0	0	0	0	0	0	0	0	0	0	0	0	0	0	0	0	0	0	0	0	0	0	0	0	0	0	0	0	0	0	0	0	0	0	0	0	0	0	0	0	0	0	0	0	0	6.55714	0	0	7.82317	10.46246	0	0	0	0	6.09348	0	8.20817	0	9.35053	0	0	0	0	10.70655	0	0	0	0	0	0	0	0	0	0	0	0	0	0	0	0	0	0	0	0	0	0	0	0	0	0	0	0	0	0	0	0	0	0	
0	0	0	0	0	0	0	0	0	0	0	0	0	0	0	0	0	0	0	0	0	0	0	0	0	0	0	0	0	0	0	0	0	0	0	0	0	0	0	0	0	11.78809	0	0	0	0	0	0	0	0	0	0	0	0	0	0	0	0	0	0	0	0	0	0	0	0	0	0	0.429	0	0	0	0	0	0	0	0	0	0	0	0	0	0	0	0	0	0	0	0	0	0	0	0	0	0	0	0	0	0	0	
0	0	0	0	0	0	0	0	0	0	0	0	0	0	0	0	0	0	0	0	0	0	0	0	0	0	0	0	0	0	0	5.87871	0	0	0	0	0	0	0	0	0	0	0	0	0	0	0	9.0457	0	0	0	0	0	0	0	0	0	0	0	0	0	0	0	6.75515	0	0	0	0.75933	0	0	0	0	0	0	0	0	0	0	0	0	0	0	0	0	0	0	0	0	0	0	0	0	0	0	0	0	0	0	0	0	
0	0	0	0	0	0	0	0	0	0	0	0	0	0	0	0	0	0	0	0	0	0	0	0	0	0	0	0	0	0	0	13.24963	0	0	5.08332	0	0	0	0	0	0	0	0	0	0	0	0	0	0	0	0	0	0	0	0	0	0	0	0	0	0	0	0	0	0	0	0	0	0	0	0	0	0	0	0	0	0	0	0	0	0	0	0	0	0	0	0	0	0	0	0	0	0	0	0	0	0	0	0	0	
0	0	0	0	0	0	0	0	0	0	0	0	0	0	0	0	0	0	0	0	0	0	0	0	0	0	0	0	0	0	0	0	0	0	0	0	0	0	0	0	0	0	0	10.04007	0	0	0	0	0	17.57861	0	0	0	0	9.11041	0	0	0	0	0	0	0	0	0	0	0	0	0	0	0	0	0	0	0	0	0	0	0	0	0.81102	0	0	0	0	0	0	0	0	0	0	0	0	0	0	0	0	0	0	0	0	
0	0	0	0	0	0	0	0	0	0	0	0	0	0	0	0	0	0	0	0	0	0	0	0	0	0	0	0	0	0	0	0	9.18184	0	0	0	0	0	0	0	0	0	0	0	0	0	0	3.78813	0	0	6.98045	0.57705	0	0	0	0	0	0	8.38748	0	0	0	0	0	0	0	0	0	0	0	1.02786	0	0	0	0	0	0	0	0	0	0	0	0	0	0	6.44608	0	0	0	0	0	0	0	0	0	0	0	0	0	0	
0	0	0	0	0	0	0	0	0	0	0	0	0	0	0	0	0	0	0	0	0	0	0	0	0	0	0	0	0	0	0	0	0	0	0	0	0	0	0	11.47868	0	0	0	0	15.28883	0	6.45832	0	0	0	0	0	0	0	0	0	0	0	0	0	0	0	0	0	0	0	0	0	0	1.4498	0	0	0	0	0	0	0	0	0	0	0	0	0	0	0	0	0	0	0	0	0	0	0	0	0	0	0	0	0	0	
0	0	0	0	0	0	0	0	0	0	0	0	0	0	0	0	0	0	0	0	0	0	0	0	0	0	0	0	0	0	0	0	0	0	0	8.98685	0	0	0	0	0	0	0	0	0	0	0	7.73445	0	0	0	0	0	6.09074	0	0	0	0	0	0	11.65884	0	0	0	0	0	0	0	0	0	0	0	0	0	0	0	0	0	0	0	0	0	0	0	0	0	0	0	0	0	0	0	0	0	4.05184	0	0	0	0	0	
0	0	0	0	0	0	0	0	0	0	0	0	0	0	0	0	0	0	0	0	0	0	0	0	0	0	0	0	0	0	0	0	0	0	0	0	0	0	0	0	0	15.7123	0	0	0	0	0	0	0	0	0	0	0	0	0	0	0	0	0	0	0	0	0	0	0	0	0	0.75933	0	0	0	4.08166	0	0	0	0	0	0	0	0	0	0	0	0	0	0	0	0	0	0	0	0	0	0	0	0	0	0	0	0	
0	0	0	0	0	0	0	0	0	0	0	0	0	0	0	0	0	0	0	0	0	0	0	0	0	0	0	0	0	0	0	0	0	0	0	0	0	0	0	0	8.5456	0	0	0	10.01277	0	0	6.49899	0	0	2.26598	13.04107	0	0	0	10.26302	0	0	9.14171	0	4.49013	0	0	0	0	0	0	0	1.4498	0	0	0	0	0	0	0	0	0	0	0	0	0	0	0	0	0	0	0	0	0	0	0	0	0	0	1.25423	0	0	0	0	
0	0	0	0	0	0	0	0	0	0	0	0	0	0	0	0	0	0	0	0	0	0	0	0	0	0	0	0	0	0	0	0	0	0	0	0	0	0	0	0	0	0	0	0	16.54987	0	0	0	0	3.37173	0	0	5.853	0	0	0	0	6.99445	0	0	0	8.06625	0	0	0	0	0	0	0	0	0	0	0	0	0	0	0	0	0	0	0	0	0	0	0	0	0	0	0	0	0	0	0	0	0	0	0	0	0	0	
0	0	0	0	0	0	0	0	0	0	0	0	0	0	0	0	0	0	0	0	0	0	0	0	0	0	0	0	0	0	0	0	0	0	0	0	0	0	0	0	0	0	0	13.84381	0	0	12.72912	0	0	0	8.86461	0	0	0	0	0	0	0	0	4.94418	0	0	0	0	7.90049	0	0	2.78404	0	0	0	0	9.6027	0	0	0	5.7076	0	0	0	0	0	0	0	0	0	0	0	0	0	0	0	0	0	0	0	0	0	0	0	
0	0	0	0	0	0	0	0	0	0	0	0	0	0	0	0	0	0	0	0	0	0	0	0	0	0	0	0	0	0	0	0	0	0	0	0	0	0	0	0	0	0	0	0	2.46009	0	0	11.92443	0	0	0	9.31968	7.22144	0	0	5.53515	0	0	0	0	0	0	0	0	0	0	0	9.28156	0	0	0	0	0	11.24812	0	0	0	0	0	0	0	0	0	0	0	0	0	0	0	0	0	0	0	0	0	0	0	0	0	0	
0	0	0	0	0	0	0	0	0	0	0	0	0	0	0	0	0	0	0	0	0	0	0	0	0	0	0	0	0	0	0	0	0	0	0	0	0	17.63459	0	0	0	0	0	0	0	0	0	0	5.52433	0	0	9.25589	0	0	10.84038	0	11.03177	0	0	3.21912	0	2.15814	0	0	0	0	0	0	0	0	0	0	0	0	5.73337	1.62204	0	0	0	0	0	0	0	0	0	0	0	0	0	0	0	0	0	0	0	0	0	0	0	0	
0	0	0	0	0	0	0	0	0	0	0	0	0	0	0	0	0	0	0	0	0	0	0	0	0	0	0	0	0	0	0	0	0	0	0	0	0	0	0	0	0	0	17.89379	0	0	12.70456	0	13.16396	0	0	10.13289	0	11.10097	0	10.12799	0	0	0	0	0	0	0	0	9.65197	0	0	0	9.28956	0	0	10.27999	0	0	0	0	0	0	0	2.54814	0	0	0	0	0	0	0	0	0	0	0	0	0	0	0	0	0	0	0	0	0	
0	0	0	0	0	0	0	0	0	0	0	0	0	0	0	0	0	0	0	0	0	0	0	0	0	0	0	0	0	0	0	0	0	0	0	0	0	0	0	0	0	0	0	0	0	0	0	9.12122	9.49603	0	0	11.35975	0	0	0	0	0	0	0	0	0	0	0	0	0.429	0	0	0	0	0	0	0	0	0	0	0	0	0	0	0	0	0	0	0	0	0	0	0	0	0	6.16297	0	0	0	0	0	0	0	0	0	
0	0	0	0	0	0	0	0	0	0	0	0	0	0	0	0	0	0	0	0	0	0	0	0	0	0	0	0	0	0	0	0	0	0	0	0	0	0	0	0	0	0	0	0	0	0	0	13.5783	0	0	0	0	8.25308	1.77585	0	0	0	0	13.73761	10.82394	0	0	0	0	0	0	0	0	0	0	0	0	0	0	0	0	0	0	0	0	0	0	0	0	0	0	0	0	0	0	0	0	0	0	0	0	0	0	4.1395	0	
0	0	0	0	0	0	0	0	0	0	0	0	0	0	0	0	0	0	0	0	0	0	0	0	0	0	0	0	0	0	0	0	0	0	0	0	0	0	0	0	0	0	8.58907	0	0	0	0	0	0	9.42809	0	8.90582	0	8.09942	0	0	0	0	0	0	0	0	0	0	11.22618	0	0	0	0	0	0	0	0	0	0	0	14.42676	0	0	0	0	0	0	0	0	0	0	0	0	0	0	0	0	0	0	0	0	0	0	0	
0	0	0	0	0	0	0	0	0	0	0	0	10.95984	0	0	0	0	0	0	0	0	0	0	0	0	0	0	0	0	0	10.20916	0	0	0	0	0	0	0	0	0	0	0	10.66157	0	0	0	0	7.60184	0	0	13.07858	0	0	3.55294	1.91483	0	8.54714	0	0	0	0	0	0	8.57472	9.48491	9.461	0	0	0	0	0	0	0	0	0	0	0	0	0	0	0	0	0	0	0	0	0	0	0	0	0	0	0	0	0	0	0	0	0	0	
0	0	0	0	0	0	0	0	0	0	0	0	0	0	0	0	0	0	0	0	0	0	0	0	0	0	0	0	0	0	0	0	0	0	0	0	0	0	0	0	0	0	0	0	0	11.12136	0.75933	0	3.46518	13.59657	0	7.79775	6.07685	0	11.44108	7.54071	0	0	0	0	11.53937	0	0	0	0	0	0	0	0	6.82801	0	0	0	0	0	0	2.4844	0	0	0	0	0	0	0	0	0	0	0	0	0	0	0	0	0	0	0	0	0	0	0	
0	0	0	0	0	0	0	0	0	0	0	0	0	0	0	8.27422	0	0	0	0	0	0	0	0	0	0	0	0	0	0	0	0	0	0	0	5.56712	12.05581	0	0	0	0	0	0	8.94994	0	11.17393	7.0554	8.54961	3.41922	9.06915	0	0	2.26598	0	9.54768	0	0	0	0	7.1245	0	7.98969	0	10.36125	0	8.48553	0	0	11.32278	0	8.74743	0	0	0	0	10.73585	0	0	0	3.6052	0	0	0	0	0	0	0	0	0	0	9.66126	0	0	0	0	0	0	0	0	0	
0	0	0	0	0	0	0	0	0	0	0	0	0	0	0	0	0	0	0	0	0	0	0	0	0	0	11.40357	0	0	0	0	3.21912	0	0	7.38581	0	0	0	0	0	11.09449	0	0	0	0	0	0	0	9.75636	8.96701	2.92229	10.20027	9.94645	0	10.41677	0	11.41661	0	6.1893	0	1.77585	8.59295	0	0	0	7.33411	0	0	0	0	0	0	0	8.0323	0	0	0	0	0	0	0	0	0	0	0	0	0	0	0	0	0	0	0	0	0	0	1.4498	0	0	0	
0	0	0	0	0	0	0	0	0	0	0	0	0	0	0	0	0	0	0	12.08497	0	0	0	0	0	0	0	0	0	0	0	0	0	0	0	0	0	0	0	0	0	0	0	13.56079	0	0	12.62492	12.36754	12.66294	0	7.16685	8.0973	11.2155	0	0	0	14.35177	0	0	8.24605	6.5435	0	0	13.99985	0	5.67863	0	8.38748	0	0	0	0	0	0	0	0	0	0	0	0	0	0	0	0	0	0	0	0	0	0	8.2099	0	0	0	0	0	0	0	0	0	
0	0	0	0	0	0	0	0	0	0	0	0	9.22423	0	0	0	0	0	0	9.20149	0	0	0	0	0	0	0	0	0	0	0	0	0	7.65238	0	0	0	0	0	0	0	10.95406	12.88719	0	8.78497	0	0	3.43854	9.34517	0	2.54814	8.49541	6.59032	7.29315	9.78364	0	6.72871	5.79856	8.12704	0	0	0	0	0	4.57644	0	0	0	0	0	0	0	0	0	0	0	0	0	10.32276	1.62204	0	0	0	0	0	0	0	0	0	0	0	0	0	0	0	0	0	0	0	0	
0	0	0	0	0	0	0	0	0	0	0	0	0	0	0	0	0	0	0	0	0	0	0	14.2465	0	0	0	0	0	0	0	0	0	0	0	0	0	0	13.1487	0	0	0	7.55087	8.9224	0	0	6.54873	7.31239	0	9.04249	8.89222	8.02367	0	0	0	0	0	5.87938	15.26217	9.45318	10.91267	0	0	0	7.39475	0	0	0	0	0	0	0	0	0	0	0	0	0	0	0	0	0	0	0	0	0	0	0	0	0	0	0	0	0	0	0	0	0	0	0	
0	0	7.04727	0	0	0	0	0	0	0	0	0	0	0	0	0	0	0	0	0	0	0	0	0	0	0	0	0	0	0	0	0	0	0	0	0	0	0	0	0	9.62088	0	0	0	0	8.81998	0	7.00574	8.74626	11.18504	0	6.75052	9.38158	9.43286	4.24867	10.22678	0	0	2.04163	0	6.65485	0	7.96989	11.36998	0	0	0	0	0	0	0	7.76091	0	0	0	0	5.21022	0	0	0	0	0	0	0	0	0	0	0	0	0	0	0	0	0	0	0	0	0	0	0	
0	0	0	0	0	0	0	0	0	0	0	10.81481	0	0	0	0	0	0	0	0	0	0	0	0	0	0	0	0	0	0	0	0	6.8361	0	0	0	0	9.61847	13.61763	6.024	5.31435	6.77737	0	0	12.07741	8.05265	11.02606	4.89126	10.60377	0	11.65435	0	3.47915	6.55481	0	10.75508	4.54706	9.56392	0	0	0	0	0	0	0	0	0	7.31854	0	0	0	0	5.65898	0	0	4.86065	0	0	11.49036	0	0	0	0	0	0	0	0	0	0	0	0	0	0	0	0	8.86433	0	0	0	0	
0	0	0	0	0	0	0	0	0	0	0	0	0	0	0	0	0	0	0	0	0	0	0	0	0	0	0	0	0	0	0	0	0	0	4.35016	8.68509	0	0	0	8.39788	0	12.33387	0	10.49298	17.0216	9.61973	7.44739	8.70847	3.68924	10.82598	10.84058	9.93169	1.02786	9.0329	0	0	8.63077	0	0	4.18965	9.45033	0	0.75933	0	0	0	0	0	0	0	0	0	0	0	0	0	0	0	5.22365	0	0	0	0	0	0	0	0	8.99078	0	0	0	0	0	0	0	0	0	0	0	0	
0	0	0	0	0	0	0	0	10.85205	0	11.43513	0	0	0	0	0	0	0	0	0	0	0	0	0	0	0	10.24089	0	0	0	0	0	0	0	0	0	0	13.33643	11.1937	0	7.15431	6.05439	0	5.00768	0	11.71545	5.57	7.7605	9.96458	8.56626	0	8.31901	0	0	0	0	9.61512	7.10649	0	0	0	0	3.78813	0	0	0	12.10817	0	0	0	0	0	0	0	0	0	0	0	0	0	0	0	0	0	0	0	0	0	0	0	0	0	0	4.16758	0	0	0	0	0	0	
0	0	0	0	0	0	0	0	0	0	0	11.10732	0	0	12.2754	0	0	0	0	0	0	0	0	0	0	0	0	0	0	0	0	11.03058	0	0	5.7266	0	10.65573	0	0	9.99732	2.54814	0	9.90105	9.53321	10.11424	7.43787	10.70139	8.71892	4.90203	9.18768	6.85979	9.65082	10.61278	8.6629	0	5.39968	8.81093	0	0	6.19743	8.20817	4.56864	0	12.99976	0	0	0	0	0	0	0	0	0	0	0	7.4908	0	0	0	0	0	0	0	5.82683	0	0	0	0	0	0	0	0	0	0	0	0	0	0	0	0	
0	0	0	0	0	0	0	0	0	0	0	0	12.71128	0	0	0	0	0	0	0	0	0	0	0	0	0	0	0	0	9.68998	0	0	7.24469	0	2.36628	0	14.41152	0	12.7936	10.56101	10.07303	10.379	10.39486	9.01024	8.26743	3.58267	10.58922	10.36969	6.32755	9.5904	9.17087	10.67878	10.53059	5.85996	6.40384	5.8786	10.39942	0	0	8.13718	5.43475	0	0	0	0	0	0	0	0	0	0	0	0	9.47654	0	0	0	0	0	0	10.36049	0	0	0	0	0	0	0	0	0	0	0	0	0	0	0	0	0	0	0	
0	0	0	0	0	0	0	13.30937	0	0	0	9.70322	0	0	0	0	0	0	0	0	0	0	0	0	0	0	0	8.83319	0	0	3.32263	0	13.26255	0	0	0	4.59723	11.62713	7.38281	11.99724	9.67895	5.29875	0	10.59922	10.89929	9.04809	9.40561	8.44331	10.9221	9.9094	6.01998	9.0448	10.46979	8.37398	9.85854	5.79755	15.26816	4.78082	5.40018	8.95397	6.14013	13.58046	3.27181	0	10.14044	0	0	0	0	0	0	0	0	9.67294	0	0	0	0	0	0	0	0	0	0	0	0	0	0	0	0	0	0	0	0	0	0	0	0	0	0	
12.42836	0	0	0	0	0	0	0	8.43582	0	0	0	8.06997	0	0	0	0	0	0	0	0	0	0	0	12.72249	0	0	6.57821	0	0	0	0	13.65758	0	11.95758	7.87091	0	6.03165	10.86615	7.16425	7.29964	8.13376	6.32152	9.63832	11.1624	9.64277	8.06699	10.8804	6.92875	4.62485	10.08509	6.43843	7.36003	6.69702	11.72797	8.80239	10.2618	5.70199	0	10.58131	0	0.429	0	5.51339	0	6.51405	0	0	0	0	0.429	0	0	0	0	0	0	0	0	0	0	0	4.29551	0	0	8.07921	0	0	0	0	0	0	0	0	0	0	0	0	0	0	
0	0	0	10.94344	0	0	0	0	0	0	0	0	0	0	0	0	0	0	8.48134	0	0	11.83685	0	8.70615	11.51092	11.36847	0	0	11.70387	8.40527	12.73136	0	13.48921	0	0	0.75933	0	10.40656	10.00178	8.94903	8.57381	6.39165	8.45664	9.01029	9.47566	9.77404	8.46381	9.06126	9.42882	6.37161	10.24092	8.47326	10.11039	7.01319	6.21098	9.54225	0	3.71931	5.35849	8.97381	0	1.62204	9.04759	0	0	0	0	0	0	3.7515	0	0	6.10608	0	3.27181	8.85493	12.1596	2.54814	0	0	0	0	0	0	0	0	0	0	0	0	0	0	0	0	0	0	0	0	0	0	
8.3634	0	0	0	11.96098	8.08512	0	0	0	0	0	0	0	0	0	0	0	12.34168	0	0	0	0	0	0	10.31415	0	6.49071	8.31872	0	14.11646	10.33073	0	0	0	10.80535	9.11222	5.77582	11.51859	11.27377	9.50541	7.90784	8.73409	8.88373	9.36706	9.4873	8.95844	9.61664	8.42234	8.4443	10.55453	3.97617	9.91984	12.88224	6.93889	9.55909	9.23806	9.60995	4.14075	7.06289	7.61311	9.50086	0	5.33455	13.60164	10.64079	10.41447	9.38534	0	0	0	0	0	0	0	6.21098	0	0	0	0	0	0	0	0	0	0	0	0	0	0	0	0	0	0	0	0	0	0	0	0	0	
0	0	0	0	0	0	0	0	5.80912	0	7.9659	0	0	0	0	0	7.20121	15.74433	9.46171	5.31435	10.87165	8.86249	0	0	0	12.72197	0	8.8299	7.95169	10.87751	0	10.14088	12.40211	8.81929	8.22337	11.20414	8.05193	6.61335	9.25848	8.93826	8.64131	8.15199	4.84351	7.75914	9.82464	8.11311	8.14058	9.23143	8.67574	7.81428	6.84758	11.24851	7.5938	9.8691	6.02962	6.11208	5.31385	8.32184	0	11.1298	7.2067	7.88578	7.75521	0	9.7991	12.56912	6.60925	0	0	0	0	6.85349	0	0	7.88366	0	0	0	9.36803	0	0	0	0	0	0	6.94555	0	0	0	0	0	0	0	0	0	0.429	0	0	0	0	
0	10.16676	0	0	6.79619	8.68688	0	0	0	0	0	0	0	0	4.30031	10.74782	0	11.39766	10.02681	0	10.30667	0	9.01307	0	0	0	0	0	8.87085	9.99916	8.14789	0	11.50934	6.45573	9.92605	7.75293	9.4215	10.19157	8.27811	8.73701	8.47289	7.7807	7.82064	7.68139	8.24177	7.40745	8.42474	9.03029	7.70139	7.56302	6.99211	7.95485	7.55458	6.56913	8.86382	6.6634	3.55294	6.51985	7.60058	6.04568	0	8.35884	0	11.95382	11.22821	0.429	6.23932	1.25423	0	0	0	0	0	0	0	3.46518	0	0	0	0	10.27934	0	0	0	0	0	0	0	0	0	0	0	0	0	0	0	0	0	0	0	
0	10.466	9.18785	0	10.30431	0	0	0	0	0	8.61479	0	0	0	8.8806	7.87304	0	8.49248	0	0	7.47277	4.37445	8.64102	12.05098	8.60198	9.03527	0	4.5726	6.38846	7.65959	12.2759	10.82559	9.99446	10.8959	10.14621	5.07968	8.16433	8.10128	7.35369	6.94609	6.68213	8.39907	6.87016	7.71136	7.0336	6.8365	8.41519	7.39435	9.778	8.30227	7.31754	8.93811	7.46442	7.9694	6.54699	5.363	9.01151	6.16124	7.02992	10.67817	0	8.02359	9.55016	10.87113	2.0107	3.37173	0.75933	0	0	0	0	11.84642	0	0.75933	9.47371	0	4.80811	0	0.429	0	0	0	0	4.7574	0	1.20509	0	0	0	0	0	0	0	0	0	0	0	0	0	0	
0	0	0	0	0	0	0	0	6.93334	0	9.43019	13.07586	0	0	0	0	0	0	9.93016	0	8.68688	0	0	0	0	11.70732	9.90162	0	2.04163	7.60441	6.80952	9.31959	10.15847	9.9966	9.68603	8.48343	9.43599	10.77949	8.35304	8.95798	5.72333	8.13212	8.7017	7.01961	7.61576	7.28135	6.32194	8.62419	8.00609	8.30026	7.92571	7.31829	6.77116	7.38806	7.21207	9.0081	7.92819	9.2357	11.54054	8.84988	9.58149	6.33803	9.53022	5.60737	0	9.1621	0	7.77595	0	0	0	0	0	0	0	0	0	0	0	0	0	7.97387	0	0	0	0	0	9.16898	10.21842	5.30173	0	0	0	0	0	0	0	0	0	0	
0	0	0	0	0	0	0	0	11.65652	8.95491	4.00562	2.63113	0	13.45085	0	0	0	5.06851	10.51974	5.74873	0	0	0	8.06885	6.76896	10.37937	3.04845	9.67588	9.25676	9.80271	0	7.5506	5.68301	3.71389	4.4753	7.5819	8.79733	5.68663	9.2082	6.04388	7.36222	8.77708	7.88029	8.73714	6.70039	7.19775	7.32009	7.64695	6.59632	8.66042	9.04225	7.56076	7.30174	5.70864	7.94413	8.42787	4.2168	10.57655	10.01759	6.251	5.90831	9.8908	8.9764	4.37445	1.60956	11.33588	10.47199	0	0	0	0	0	0	8.84844	10.54035	0	0	0	11.60484	0	0	0	0	0	0	0	0	0	7.94982	0	0.75933	0	0	0	0	0	0	0	0	0	
0	0	9.96707	8.66992	0	5.1125	0	5.43475	7.80541	0	0	0	0	0	0	0	0	8.07319	0	0	0	0	0	11.43152	0	8.03991	0	10.62411	9.7504	7.63856	0	9.22185	0	10.63734	5.81497	8.65118	6.92366	6.43387	1.40817	9.9504	6.63963	9.28032	6.83454	8.00566	6.7195	6.25589	6.21925	8.22953	6.72749	7.67848	7.73736	7.88636	8.03852	8.01155	8.05466	5.35896	7.8345	8.07597	8.76133	6.95569	11.45253	7.64453	6.25556	9.79832	6.55578	0	0	5.53928	2.54814	3.69437	4.75661	0	12.32999	0	0.81102	0	5.34837	0	0	0	0	0	5.91191	0	0	0	0	0	0	0	0	0	0	0	0	0	0	0	0	0	
0	0	0	0	0	0	0	0	0	0	10.86899	8.43878	8.6795	0	12.3985	0	0	9.88648	0	4.05184	0	0	0	0	0	0	4.63793	3.7515	6.68048	0	7.50338	8.50652	5.70975	8.33565	4.41147	8.67061	8.58281	8.09321	7.20309	8.59803	8.85692	5.57275	5.31961	7.51925	7.75289	7.25358	4.72446	5.34548	7.26717	5.82327	7.35794	8.4706	8.18435	7.47539	7.74209	6.8509	6.01531	7.3037	9.05065	7.73058	7.67903	6.0488	8.34782	6.64378	0	5.87128	9.38308	4.28737	0	0	5.95318	0	5.34583	2.39509	0	14.08682	0	0	0	0	0	0	0	0	0	0	0	0	6.02119	0	0	0	0	0	0	0	0	0	0	0	
0	0	0	0	0	0	0	0	0	9.94036	0	0	4.82584	0	0	0	0	0	0	0	0	0	0	9.07151	0	0	7.10119	0	0	4.0815	6.64596	0	0	6.70603	10.27919	7.37682	6.82292	0.429	2.04163	8.21323	3.47497	11.97508	5.43905	4.83903	9.71442	8.10399	6.97725	8.65686	8.94865	6.43079	7.47251	8.98217	6.9811	6.68968	8.4532	7.30328	8.16504	6.49722	4.56256	6.55225	5.72092	5.83802	4.04142	9.0638	6.00383	4.77884	8.33738	8.46447	6.50198	0	0	3.67532	0	6.41798	0	7.13521	8.94994	0	0	0	0	0	0	0	12.16929	0	0	1.02786	0	0	0	11.68032	0	0	0	0	8.56156	0	0	0	
0	0	0	0	0	0	0	0	0	0	0	11.2778	0	0	0	0	0	4.27055	13.18789	0	0	0	0	0.429	0	0	0	7.01673	0	0	0	0	6.12878	6.36509	5.4665	0	5.46816	7.57058	3.44073	1.51266	6.87422	9.59075	7.84167	4.17425	0	9.42011	5.51343	4.95906	7.65835	5.85351	7.53392	12.44442	8.19066	3.84093	6.79378	5.71996	6.25485	6.65952	7.63102	7.71932	6.81305	4.55703	0	6.16643	10.11215	0	4.75319	5.65898	9.49048	7.93493	0	0	0	7.86877	0	10.13244	0	9.00154	0	0	0	8.26013	0	0	0	0	0	0	0	0	0	0	0	0	0	0	0	0	0	0	
0	0	0	0	6.37452	0	0	0	0	0	9.38233	0	3.46518	0	0	11.5509	0	0	6.18374	0	7.04895	10.04292	0	0	0	8.15307	4.79017	0	0	5.83558	0	11.0232	13.75534	0	0	8.42721	10.48843	1.77585	10.2446	11.02388	3.27088	8.33583	5.7842	7.69159	3.27476	6.42418	12.66387	7.12491	7.24203	9.0454	9.12394	6.0483	8.07793	6.94501	5.69428	7.11071	6.16309	7.07012	4.65649	6.84688	5.15197	6.98539	5.36262	6.52896	7.68766	0	7.14959	9.97571	0	0.429	8.7469	8.15482	6.03713	10.90163	7.30788	0	7.14724	0	0	0	8.34968	0	0	0.429	0	0.429	0	0	0	3.95851	0	0	0	0	0	0	0	0	0	0	
0	0	0	0	0	0	0	0	0	0	0	5.89559	1.87575	0	0	8.86996	0	0	0	0	6.32755	0	0	0	0	0	0	0	0	5.70402	4.16758	5.44471	0	0	0	9.98985	0	0	0	6.67429	3.10949	7.06219	3.52768	5.83144	7.91923	4.78061	5.22252	7.62218	6.63202	6.64967	0	0	7.9178	10.48161	1.02786	7.65895	7.67163	6.22304	7.71544	6.33029	8.71158	7.90755	8.24684	7.71954	5.84567	5.48844	5.02313	7.30303	5.42315	10.62515	0	6.5009	7.80341	10.04339	10.76199	0	18.14744	0	5.25015	0	0	0	0	0	0	0	0	0	0	0	0	0	0	0	0	0	0	0	0	0	
0	0	0	7.97188	0	0	0	0	0	0	0	0	0	0	0	0	0	0	0	0	0	0	7.72267	0	0	0	6.85308	8.25627	8.10669	7.85805	0	0	3.46518	0	0	10.95277	0	1.02786	3.55294	5.5484	4.52276	0	0.429	0	2.19376	11.98152	7.20859	8.70854	5.81819	9.39314	5.91511	5.47884	7.95271	8.60002	7.25831	6.97689	6.99636	5.22909	6.75874	5.67699	9.30319	8.31228	8.82567	9.5354	6.91422	8.39472	6.39551	7.82537	10.65633	7.39468	2.13007	8.7211	5.6286	3.68801	6.4121	0	12.95917	0	5.81482	9.20911	0	5.02313	3.926	0	0	0.75933	0	0	0	0	0	0	0	0	0	0	0	0.429	0	13.02293	
0	0	4.19712	0	0	0	0	0	0	0	0	0	0	0	0	0	0	0	0	0	6.31506	0	0	0	0	9.13994	0	8.47787	0	9.85283	0	9.70203	11.51106	0	8.66858	0	0	7.03209	6.30374	0	6.05439	0	0	7.21858	11.16873	8.56947	0.95742	4.17558	6.35223	9.18448	8.81371	10.73175	7.14495	6.34686	6.0572	8.28896	0	7.19042	7.11672	5.9699	2.05086	4.4519	5.62484	1.97953	6.62486	8.28293	5.10923	0	7.21454	3.95505	4.311	7.32105	7.84226	8.17357	2.26598	0	5.59586	0	2.02952	6.74587	0	6.58303	0	0	0	0	0	0	6.13296	0	0	0	0	0	0	0	3.46518	0	0	0	
0	0	0	0	2.70962	0	0	0	0	0	0	0	8.92034	0	0	0	0	0	0	0	11.88388	2.70962	0	0	0	0	0	7.2834	0	0	0	0.75933	10.37411	0	0	0	7.26757	0	13.10542	8.37097	0	0	2.76758	0	7.5941	0	3.66672	8.85924	3.50973	4.91098	10.41458	5.23645	10.23468	3.99856	7.57348	0.7249	0	5.16535	5.51228	3.43617	6.74171	5.23849	8.52064	6.95924	5.1014	9.42239	6.12522	3.1213	6.83165	5.99269	7.70456	0	0	9.5637	0	7.85931	4.40277	6.01774	0	0	0	0	0	0	7.95587	0.75933	0	0	0	0	0	0	0	0	0	0	8.96001	0	0	0	
0	0	0	0	0	0	0	0	5.92878	0	0	0	0	0	0	0	7.53066	4.42184	2.92229	0	0	0	0	0	6.31905	0	0	0	0	0	0	0	0	0	5.65898	8.02656	0	8.62114	0	0	0	0	10.25159	12.35967	0	8.87912	9.60013	7.82317	0	5.30325	0	10.53599	9.52819	7.72214	0	6.66939	0	5.35751	0	4.79264	7.22205	6.63963	6.26641	6.52494	4.35475	5.88165	6.91852	6.37384	8.67348	7.48122	7.61648	1.90804	7.04851	9.1257	7.88605	4.00124	9.54631	10.02048	0	0	7.56537	1.62204	11.20351	0	1.89407	0	6.84916	3.55294	5.52433	0	0	0	0	10.60096	0	0	0	0	0	0	
0	0	0	0	0	0	0	0	0	0	0	0	0	0	0	0	0	0	0	0	6.87792	0	0	0	0	0	0	0	0	6.51405	0	0	0	0	7.06977	0	0	0	0	0	9.15141	0	8.81555	8.46022	4.71289	0	0	0.75933	4.89464	5.20095	9.53897	0	0	1.27407	5.15661	7.75673	0	0	7.24772	8.00383	8.89117	6.00421	3.87309	4.84404	6.73807	7.20349	1.98788	4.69253	7.87488	6.47648	10.4676	7.0781	3.10488	5.17201	2.92042	0	5.38719	0	5.67359	0	0	0	0.429	0	0	0	8.89529	0	0	0	0	0	0	0	0	0	0	0	0	0	
0	0	0	0	3.99029	0	0	0	0	0	0	3.21912	0	3.95851	0	0	0	0	0	0	0	0	0	0	0	0	0	0	0	0	0	0	0	0	0	0	0	0	0	7.04916	0	0	7.22144	0	4.3772	0	2.11108	0	0	0	3.27181	0	0	0	8.41701	0	0	0	0	10.51804	7.62618	2.31901	6.09785	8.05936	7.68197	0	1.91193	4.95977	9.03047	6.53693	6.38102	8.89893	8.54768	6.1134	0	0	2.94983	3.85872	7.02434	8.99666	3.1076	7.73445	1.62204	0	1.77585	0	4.79017	10.3236	0	4.68104	0	0	0	0	8.09395	0	0	0	0	0	
0	0	0	0	0	0	0	0	0	0	0	0	0	0	0	0	0	7.16123	0	0	0	9.96557	8.75439	0	0	0	8.88801	0	0	0	0	0	0	4.95855	8.44915	0	0	0	0	0	0	0	0	0	0	0	0	0	0	0	0	0	0	0	0	8.37931	11.57424	10.83088	8.50216	1.4498	0	7.15662	5.38412	0	7.71931	7.02735	5.25397	7.28411	4.6685	3.35646	9.89883	6.32861	6.11024	8.45049	8.17659	7.22123	4.42546	0	10.09319	6.01763	0	0	7.57064	0	7.69159	9.50317	0	7.99948	0	10.5296	0	0	0	0	0	0	8.55643	0	0	0	
0	0	0	0	0	0	0	0	6.07963	0	0	0	0	0	0	0	0	0	0	0	0	0	0	0	0	0	0	0	0	0	0	0	0	0	0	0	0	0	0	9.19354	0	0	0	0	0	5.33924	0	4.37445	9.41856	0	0	10.32626	0	0	0	0	0	0	9.64313	0	6.55724	0	10.0836	9.03476	8.33112	4.76795	5.70353	0	0	5.77782	8.89928	5.66884	7.77444	6.52671	6.15258	9.85976	1.18314	0	0	9.51736	6.12881	7.24706	9.95905	8.49219	7.13611	0	0	0	0	0	7.8984	0	10.04315	0	0	0	0	0	0	0	
0	0	0	0	0	0	0	0	0	0	0	0	0	12.05979	0	0	0	0	0	4.94418	0	0	0	0	0	2.89991	0	0	0	0	0	0	0	0	7.6499	0	0	6.79841	0	0	10.60691	0	4.57644	9.73641	4.82584	0	0	0	0	0	6.40034	9.07379	0	0	4.49013	0	0	0	0	8.21687	5.86139	0	5.25819	8.89222	6.36441	2.94255	9.29214	2.92229	0.429	4.35027	7.41803	0	7.41989	5.73719	10.45037	6.4125	4.86889	4.32403	6.66641	4.71781	0	6.52583	8.65253	3.51733	2.59833	0	0	7.83197	3.28688	0	5.22365	0	0	6.75052	0	0	0	0	4.34137	0	
0	0	0	0	0	0	0	5.06851	0	0	0	0	0	0	0	0	0	0	0	0	0	0	2.36628	0	0	0	0	0	8.74044	0	0	0	0	0	10.03431	0	0	3.7515	0	0	0	0.2145	0	0	0	0	4.80135	0	0	0	0	0	10.22928	0	0	0	3.87311	9.04476	0	6.02657	7.63607	0	0	6.55216	0	2.70962	0	8.8937	6.74352	10.2928	8.83048	6.62233	7.43573	5.26109	7.32167	7.01565	5.18196	0	6.92106	6.70743	6.89656	7.57491	5.81798	0	4.77548	0	1.02786	5.29939	0	0	14.23739	7.80541	0	0	0	0	8.92959	0	0	0	
0	0	0	0	0	0	0	0	4.59723	0	0	0	0	0	0	0	0	0	0	0	0	0	0	0	0	0	0	0	0	0	0	0	0	0	0	0	0	6.4164	0	0	0	0	0	0	0	0	0	0	0	5.32685	0	4.78569	0	4.3806	0	0	3.27181	6.1992	0.429	0	3.95851	0	11.3483	12.64339	5.853	6.38118	0	0	8.93682	6.81149	0	9.7104	5.30166	10.55476	6.49851	5.68384	0	4.06753	4.58655	8.71999	4.12517	8.86354	5.18297	0	0	0	4.97936	0	0	0	0	0	9.47042	8.4521	6.55714	0	0	0	0	0	
0	0	0	0	0	0	0	9.5748	0	0	0	0	0	0	0	0	0	0	0	0	0	0	0	0	0	0	0	0	0	0	0	0	0	0	0	0	0	6.2458	0	7.05105	0	0	0	0	0	0	0	0	0	0	3.79566	0	0	11.27599	5.55611	0	0	8.09209	9.7098	12.01087	0	2.36628	0	7.66252	10.05544	9.86789	0	0	7.50568	5.90073	8.1381	4.68079	4.07522	8.76853	1.91483	7.55837	6.23679	0	8.46688	6.65379	7.29968	8.70495	2.71498	4.07079	5.49091	0	0	1.35163	0	0	7.35562	0	0	0	0	1.90571	0	0	0	0	
0	0	0	0	0	0	0	0	0	0	0	0	0	0	0	0	0	0	0	0	0	0	0	0	0	10.36353	0	0	0	0	0	0	0	0	0	0	0	9.34824	0	0	0	0	0	0	11.40247	0	0	0	10.85826	0	0	0	0	0	0	2.54814	0	0	0	0	0	0	8.63465	0	0	6.06432	5.20243	9.11826	0.429	6.86152	2.88651	0	7.71306	0	9.03907	5.8819	10.65077	6.58599	4.36189	6.16616	1.43322	0	7.71851	0	7.22144	6.22532	0	0	0	0	9.99623	0	0	0	0	0	0	0	0	0	
0	0	0	0	0	0	0	0	0	0	0	0	4.35016	0	0	0	0	0	0	0	0	0	0	0	0	0	0	0	0	0	0	0	0	0	0	0	0	0	0	0	0	0	0	0	0	0	0	9.00544	0	0	1.62204	0	8.68445	0	0	0	0	0	0	4.72609	0	0	0	4.1894	1.91483	4.73494	9.11585	0	9.7098	0	0	8.37248	0	0	0	2.24285	6.29458	8.71853	4.35537	4.28561	0	6.81691	6.00556	3.97802	7.41815	2.59149	6.34491	0	8.15131	0	0	0	0	6.96568	0	0	0	0	0	0	
0	0	0	0	0	0	0	0	0	0	0	0	0	0	0	0	0	0	0	0	0	0	0	0	0	0	0	0	0	0	0	0	10.02481	0	0	0	0	0	0	0	1.02786	0	0	0	0	0	0	0	0	0	0	0	0	0	0	0	5.46705	0	0	0	8.49985	0	0	3.6492	0	6.69373	0	0	6.78359	0	0	0	9.38083	0	0	4.19512	0	0	3.71926	8.83357	5.45169	5.92878	9.64388	0	2.26598	0	0.75933	0	0	2.54814	6.99937	4.30409	4.76319	0	0	0	0	0	0	0	
0	0	0	0	0	0	0	3.79348	0	0	0	0	0	0	0	0	0	0	0	0	0	0	0	0	0	0	0	4.80811	0	0	0	0	0	0	0	0	0	0	0	0	0	0	0	0	0	0	0	0	0	0	0	0	0	0	0	0	0	0	0	0	0	0	0	0	0	0	0	0	0	0	4.62118	4.90039	5.40054	0	0	8.30614	9.93629	0	9.54444	4.61773	0	6.87024	0	6.40034	1.25423	9.57545	0	8.47683	0	0.75933	0	0.75933	0	0	0	9.37933	0	0	0	0	
0	0	0	0	0	0	0	0	0	0	0	0	0	0	0	0	0	0	0	0	10.30549	0	0	0	0	0	0	0	0	0	0.75933	0	0	0	0	0	0	0	0	0	0	0	0	0	0	0	0	0	0	0	0	0	0	0	0	0	0	0	0	12.23731	0	0	0	0	6.0915	8.20986	5.86162	5.94034	0	0	0	0	0	0	0	2.15814	4.66104	0	0	0	3.52364	0	0	0	4.73825	8.07924	7.70049	4.39391	6.51951	0	6.49755	6.93742	9.89648	8.41555	0	6.28973	0	0	0	0	
0	0	0	0	0	0	0	0	0	0	0	0	0	0	0	0	0	0	0	0	0	0	0	0	0	0	0	0	0	0	0	0	0	0	0	0	0	0	0	0	0	0	0	0	0	0	0	0	3.16445	0	0	0	0	0	0	0	0	0	0	0	0	0	0	0	0	0	0	0	0	7.91505	10.84093	8.52269	7.18105	0	10.6745	5.71713	0	8.64506	1.25423	0	0	7.65239	7.24798	0	4.49293	0	1.62204	0	0	1.86874	0	2.11428	2.12434	0	2.63113	0	0	0	0	0	
0	0	0	0	0	0	0	0	0	0	0	0	0	0	0	7.28077	0	0	0	0	0	0	0	0	0	0	0	0	0	0	0	0	0	0	7.67212	0	0	0	0	0	0	0	0	0	0	0	0	0	0	0	0	0	0	0	0	0	0	0	0	0	0	0	0	0	0	0	0	5.27617	0	0	0	0	0	8.84193	0	0	0	4.39378	0	0	0	3.1076	0	0	4.70857	0	5.34066	2.79402	7.19099	9.74169	9.57349	0	10.01566	0	0	0	0	0	0	0	
0	0	0	0	0	0	0	0	0	0	0	0	0	0	0	0	0	0	0	0	0	0	0	0	0	0	0	0	0	0	0	0	0	0	0	0	0	0	0	0	0	0	0	0	0	0	0	0	8.63126	0	0	0	0	0	0	0	0	0	0	6.06935	0	0	0	0	0	7.39498	0	0	0	0	0	5.27617	0	0	0	0	0	10.55869	0	5.14592	10.39838	0	0	6.96568	0	0	0	0	0	0	0	0	0	0	0	0	0	0	0	0	
0	0	0	0	0	0	0	0	0	0	0	0	0	0	0	0	0	0	0	0	0	0	0	0	0	0	0	0	0	0	0	0	0	0	0	0	0	0	0	0	0	0	0	0	0	0	0	0	0	0	0	0	0	0	0	2.20598	0	0	11.36374	0	0	0	0	0	5.92878	0	0	0	0	0	0	3.32263	0	7.52525	0	0	6.86211	0	0	0	5.01981	5.63078	4.21384	8.42985	0	0	0	8.14073	6.56397	0	3.99029	12.16026	10.40503	0	0	0	0	0	0	0	
0	0	0	0	0	0	0	0	0	0	0	0	0	0	0	0	0	0	0	0	0	0	0	0	0	0	0	0	0	0	0	0	0	0	0	0	0	0	0	0	0	0	0	0	0	0	0	0	0	0	0	0	0	0	0	0	0	0	0	0	0	0	0	0	0	0	0	0	0	0	0	0	0	0	0	0	0	0	0	0	0	0	0	0	0	0	6.9496	0	0	0	0	9.16366	0	0	0	0	0	0	0	0	
0	0	0	0	0	0	0	0	0	0	0	0	0	0	0	0	0	0	0	0	0	0	0	0	0	0	0	0	0	0	0	0	0	0	0	0	0	0	0	0	0	0	0	0	0	0	0	0	0	0	0	0	0	0	0	0	0	0	0	0	0	0	0	0	0	0	0	0	0	0	8.73938	0	0	0	0	0	0.75933	0	0	8.86451	0	0	0	10.97158	0	0	0	3.95851	0	0	6.07452	7.72739	0	0	0	0	0	0	0	0	
0	0	0	0	0	0	0	0	0	0	0	0	0	0	0	0	0	0	0	0	0	0	0	0	0	0	0	0	0	0	0	0	0	0	0	0	0	0	0	0	0	0	0	0	0	0	0	0	0	0	0	0	0	0	0	0	0	0	0	3.1076	0	0	0	0	0	0	0	0	0	0	4.19512	0	0	0	0	0	0	0	0	0	0	0	0	0	0	0	3.16445	0	0	0	0	0	0	0	0	0	0	0	0	0	
0	0	0	0	0	0	0	0	0	0	0	0	0	0	0	0	0	0	0	0	0	0	0	0	0	0	0	0	0	0	0	0	0	0	0	0	0	0	0	0	0	0	0	0	0	0	0	0	0	0	0	0	0	0	0	0	0	0	0	0	0	0	0	0	0	0	0	0	0	10.14176	1.4498	0	0	0	0	0	0	0	7.66229	0	0	0	0	0	0	0	0	0	7.80987	8.60455	0	0	0	0	0	0	0	0	0	0	
0	0	0	0	0	0	0	0	0	0	0	0	0	0	0	0	0	0	0	0	0	0	0	0	0	0	0	0	0	0	0	0	0	0	0	0	0	0	0	0	0	0	0	0	0	0	0	0	0	0	0	0	0	0	0	0	0	0	0	0	0	0	0	0	0	0	0	0	0	0	0	0	0	0	0	0	0	0	0	0	0	0	0	0	0	0	0	0	0	0	0	0	0	0	0	0	0	0	0	0	
0	0	0	0	0	0	0	0	0	0	0	0	0	0	0	0	0	0	0	0	0	0	0	0	0	0	0	0	0	0	0	0	0	0	0	0	0	0	0	0	0	0	0	0	0	0	0	0	0	0	0	0	0	0	0	0	0	0	7.46713	0	0	0	0	0	0	0	0	0	0	0	0	0	0	0	0	6.87493	0	0	0	0	0	0	0	0	0	0	0	0	0	0	0	0	0	0	0	0	0	0	0	0	
0	0	0	0	0	0	0	0	0	0	0	0	0	0	0	0	0	0	0	0	0	0	0	0	0	0	0	0	0	0	0	0	12.57232	0	0	0	0	0	0	0	0	0	0	0	0	0	0	0	0	0	0.429	0	0	0	0	0	0	0	0	0	0	0	0	0	0	0	0	0	0	0	0	0	0	0	0	3.32263	0	0	0	0	0	0	0	0	0	0	0	0	0	0	0	0	0	0	0	0	0	0	0	0	
0	0	0	0	0	0	0	0	0	0	0	0	0	0	0	0	0	0	0	0	0	0	0	0	0	0	0	0	0	0	0	0	0	0	0	0	0	0	0	0	0	0	0	0	0	0	0	0	0	0	0	0	0	0	0	0	0	0	0	0	0	0	0	0	0	0	0	0	0	0	0	0	0	0	0	0	0	0	0	0	0	0	0	0	0	0	0	0	0	0	0	0	0	0	0	0	0	0	0	0	
0	0	0	0	0	0	0	0	0	0	0	0	0	0	0	0	0	0	0	0	0	0	0	0	0	0	0	0	0	0	0	0	0	0	0	0	0	0	0	0	0	0	0	0	0	0	0	0	0	0	0	0	0	0	0	0	0	0	0	0	0	0	0	0	0	0	0	0	0	0	0	0	0	0	0	0	0	0	0	0	0	0	0	0	0	0	0	0	0	0	0	0	0	0	0	0	0	0	0	0	
0	0	0	0	0	0	0	0	0	0	0	0	0	0	0	0	0	0	0	0	0	0	0	0	0	0	0	0	0	0	0	0	0	0	0	0	0	0	0	0	0	0	0	0	0	0	0	0	0	0	0	0	0	0	0	0	0	0	0	0	0	0	0	0	0	0	0	0	0	0	0	0	0	0	0	0	0	0	0	0	0	0	0	0	0	0	0	0	0	0	0	0	0	0	0	0	0	0	0	0	
0	0	0	0	0	0	0	0	0	0	0	0	0	0	0	0	0	0	0	0	0	0	0	0	0	0	0	0	0	0	0	0	0	0	0	0	0	0	0	0	0	0	0	0	0	0	0	0	0	0	0	0	0	0	0	0	0	0	0	0	0	0	0	0	0	0	0	0	0	0	0	0	0	0	0	0	0	0	0	0	0	0	0	0	0	0	0	0	0	0	0	0	0	0	0	0	0	0	0	0	
0	0	0	0	0	0	0	0	0	0	0	0	0	0	0	0	0	0	0	0	0	0	0	0	0	0	0	0	0	0	0	0	0	0	0	0	0	0	0	0	0	0	0	0	0	0	0	0	0	0	0	0	0	0	0	0	0	0	0	0	0	0	0	0	0	0	0	0	0	0	0	0	0	0	0	0	0	0	0	0	0	0	0	0	0	0	0	0	0	0	0	0	0	0	0	0	0	0	0	0	
0	0	0	0	0	0	0	0	0	0	0	0	0	0	0	0	0	0	0	0	0	0	0	0	0	0	0	0	0	0	0	0	0	0	0	0	0	0	0	0	0	0	0	0	0	0	0	11.94814	0	0	0	0	0	0	0	0	0	0	0	0	0	0	0	0	0	0	0	0	0	0	0	0	0	0	9.53839	0	0	0	0	0	0	0	0	0	0	0	0	0	0	0	0	0	0	0	0	0	0	0	0	0	
