0	0	0	0	0	0	0	0	0	0	0	0	0	0	0	0	0	0	0	0	0	0	0	0	0	0	0	0	0	0	0	0	0	0	0	0	0	0	0	0	0	0	0	0	0	0	0	0	0	0	0	6.35897	0	0	0	0	0	0	0	0	0	0	0	0	0	0	0	0	0	0	0	0	0	0	0	0	0	0	0	0	0	0	0	0	0	0	0	0	0	0	0	0	0	0	0	0	0	0	0	0	
0	0	0	0	0	0	0	0	0	0	0	0	0	0	0	0	0	0	0	0	0	0	0	0	0	0	0	0	0	0	0	0	0	0	0	0	0	0	0	0	0	0	0	0	0	0	0	12.11463	0	0	0	0	0	0	0	0	0	0	0	0	0	0	0	8.0173	0	0	0	0	0	0	0	0	0	0	0	0	0	0	0	0	0	0	0	0	0	0	0	0	0	0	0	0	0	0	0	0	0	0	0	0	
0	0	0	0	0	0	0	0	0	0	0	0	0	0	0	0	0	0	0	0	0	0	0	0	0	0	0	0	0	0	0	0	0	0	0	0	0	0	0	0	0	0	0	0	0	0	0	0	0	0	0	0	0	0	9.89292	0	0	0	0	0	0	0	0	0	0	0	0	0	0	0	0	0	0	0	0	0	0	0	0	0	0	0	0	0	0	0	0	0	0	0	0	0	0	0	0	0	0	0	0	0	
0	0	0	0	0	0	0	0	0	0	0	0	0	0	0	0	0	0	0	0	0	0	0	0	0	0	0	0	0	0	0	0	0	0	0	0	0	0	0	0	0	0	0	0	0	0	11.80312	10.09604	0	0	0	0	0	0	0	0	0	0	0	0	0	0	0	0	0	0	0	0	0	0	0	0	0	0	0	0	0	0	0	0	0	0	0	0	0	0	0	0	0	0	0	0	0	0	0	0	0	0	0	0	
0	0	0	0	0	0	0	0	0	0	0	0	0	0	0	0	0	0	0	0	0	0	0	0	0	0	0	0	0	0	0	0	0	0	0	0	0	8.85525	0	0	0	0	0	11.30954	0	0	0	0	0	0	0	0	0	0	0	0	0	0	0	0	0	0	0	0	0	0	0	0	0	0	0	0	0	0	0	0	0	0	0	0	0	0	0	0	0	0	0	0	0	0	0	0	0	0	0	0	0	0	0	0	
0	0	0	0	0	0	0	0	0	0	0	0	0	0	0	0	0	0	0	0	0	0	0	0	0	0	0	0	0	0	0	0	0	0	0	0	0	0	0	0	0	0	0	0	0	0	0	0	0	0	0	0	0	0	0	0	0	0	0	0	0	0	0	0	0	0	0	0	0	0	0	0	9.68515	0	0	0	0	0	0	0	0	0	0	0	0	0	0	0	0	0	0	0	0	0	0	0	0	0	0	0	
0	0	0	0	0	0	0	0	0	0	0	0	0	0	0	0	0	0	0	0	0	0	0	0	0	0	0	0	0	0	0	0	0	0	0	0	0	0	0	0	0	0	0	0	0	0	0	0	0	0	0	0	0	0	0	0	0	0	0	0	0	0	0	0	0	0	0	0	0	0	0	0	0	0	11.52612	0	0	0	0	0	0	0	0	0	0	0	0	0	0	0	0	0	0	0	0	0	0	0	0	0	
0	0	0	0	0	0	0	0	0	0	0	0	0	0	0	0	0	0	0	0	0	0	0	0	0	0	0	0	0	0	0	0	0	0	0	0	0	0	0	0	0	0	0	0	0	0	0	0	0	0	0	8.67029	0	0	0	10.84427	0	0	9.00919	0	0	0	0	0	0	0	0	0	0	0	0	0	0	0	0	0	0	0	0	0	0	0	0	0	0	0	0	0	0	0	0	0	0	0	0	0	0	0	0	0	
0	0	0	0	0	0	0	0	0	0	0	0	0	0	0	0	0	0	0	0	0	0	0	0	0	0	0	0	9.19119	0	0	0	0	0	0	0	0	0	0	0	0	0	0	0	0	0	0	0	0	0	0	0	0	0	0	0	0	0	0	0	0	0	0	0	0	0	0	10.67736	0	0	0	0	0	0	0	0	0	0	0	0	0	0	0	0	0	0	0	0	0	0	0	0	0	0	0	0	0	0	0	0	
0	0	0	0	0	0	0	0	0	0	0	0	0	0	0	0	0	0	0	0	0	0	0	0	0	0	0	0	0	0	0	0	0	0	0	0	0	0	0	0	0	0	0	0	0	0	0	0	0	0	0	0	0	0	0	8.20766	0	0	0	0	0	0	0	0	0	0	0	0	0	0	0	0	0	0	0	0	0	0	0	0	0	0	0	0	0	0	0	0	0	0	0	0	0	0	0	0	0	0	0	0	
0	0	0	0	0	0	0	0	0	0	0	0	0	0	0	0	0	0	0	0	0	0	0	0	0	0	0	0	0	0	0	0	0	0	0	0	0	0	0	0	0	0	0	0	0	0	0	0	0	0	0	0	0	0	0	0	0	0	0	0	0	0	0	0	0	0	0	9.24286	0	0	0	0	0	0	0	0	0	0	0	0	0	0	0	0	0	0	0	0	0	0	0	0	0	0	0	0	0	0	0	0	
0	0	0	0	0	0	0	0	0	0	0	0	0	0	0	0	0	0	0	0	0	0	0	0	0	0	0	0	0	0	0	0	0	0	0	0	0	0	0	0	0	0	0	0	0	0	0	0	0	0	0	0	1.71545	0	0	0	2.50481	0	0	0	0	0	0	0	0	0	0	0	0	0	0	7.6824	0	0	0	0	0	0	0	0	0	0	0	0	0	0	0	0	0	0	0	0	0	0	0	0	0	0	0	0	
0	0	0	0	0	0	0	0	0	0	0	0	0	0	0	0	0	0	0	0	0	0	0	0	0	0	0	0	0	0	0	0	0	0	0	0	0	0	0	0	0	0	0	0	0	0	0	0	11.82327	0	0	0	11.49239	0	0	0	0	0	0	0	0	0	0	0	0	0	0	7.1404	0	0	0	0	0	0	0	0	0	0	0	0	0	0	0	0	0	0	0	0	0	0	0	0	0	0	0	0	0	0	0	0	
0	0	0	0	0	0	0	0	0	0	0	0	0	0	0	0	0	0	0	0	0	0	0	0	0	0	0	0	0	0	12.4534	0	0	0	0	0	0	0	0	1.87366	0	0	0	0	0	0	0	9.47743	0	0	0	0	0	0	0	0	0	11.0695	6.02971	0	9.23171	0	0	5.96964	0	0	0	0	0	0	0	0	0	0	0	0	0	0	0	0	0	0	0	0	0	0	0	0	0	0	0	0	0	0	0	0	0	0	0	0	
0	0	0	0	0	0	0	0	0	0	0	0	0	0	0	0	0	0	0	0	0	0	0	0	0	0	0	0	0	0	0	0	0	0	0	0	0	0	0	0	0	0	0	0	0	0	0	0	0	0	0	0	0	0	7.30329	0	0	0	0	0	0	0	0	0	0	0	0	0	0	0	0	0	0	0	7.51535	0	0	0	0	0	0	0	0	0	0	0	0	0	0	0	0	0	0	0	0	0	0	0	0	0	
0	0	0	0	0	0	0	0	0	0	0	0	0	0	0	0	0	0	0	0	0	0	0	0	0	0	0	0	0	0	0	0	0	0	0	0	0	0	0	0	0	0	11.63183	0	0	0	0	0	0	0	0	0	9.87432	0	0	0	0	0	0	12.64803	0	0	0	0	0	0	0	0	0	0	0	5.69008	0	0	0	0	0	0	0	0	0	0	0	0	0	0	0	0	0	0	0	0	0	0	0	0	0	0	0	0	
0	0	0	0	0	0	0	0	0	0	0	0	0	0	0	0	0	0	0	0	0	0	0	0	0	0	0	0	0	0	0	0	0	0	0	0	0	0	0	0	0	0	0	8.72851	0	0	0	13.07841	0	0	0	9.19874	0	0	0	0	0	0	4.26095	0	0	0	0	0	0	0	0	0	0	0	0	0	0	0	0	0	0	0	0	0	0	0	0	0	0	0	0	0	0	0	0	0	0	0	0	0	0	0	0	0	
0	0	0	0	0	0	0	0	0	0	0	0	0	0	0	0	0	0	0	0	0	0	0	0	0	0	0	0	0	0	0	0	0	0	0	0	0	0	0	0	0	0	8.48712	0	0	0	0	0	0	0	0	0	0	0	0	7.57992	0	0	0	0	0	0	0	0	0	0	0	0	0	0	0	0	0	0	0	0	0	0	0	0	0	0	0	0	0	0	0	0	0	0	0	0	0	0	0	0	0	0	0	0	
0	0	0	0	0	0	0	0	0	0	0	0	0	0	0	0	0	0	0	0	0	0	0	0	0	0	0	0	0	0	0	0	0	0	0	0	0	0	0	0	11.65074	0	0	0	0	0	0	0	0	0	0	0	0	0	0	0	0	0	0	0	0	0	0	0	0	0	0	0	0	0	0	0	0	0	0	0	0	0	0	0	0	0	0	0	0	0	0	0	0	0	0	0	0	0	0	0	0	0	0	0	
0	0	0	0	0	0	0	0	0	0	0	0	0	0	0	0	0	0	0	0	0	0	0	0	0	0	0	0	0	0	0	0	0	0	0	0	0	0	0	0	0	0	0	0	0	0	0	4.40429	0	0	6.32804	0	0	0	0	0	0	0	0	0	0	0	0	0	0	0	0	0	0	0	0	0	0	0	0	0	8.68557	0	0	0	0	0	0	0	0	0	0	0	0	0	0	0	0	0	0	0	0	0	0	0	
0	0	0	0	0	0	0	0	0	0	0	0	0	0	0	0	0	0	0	0	0	0	0	0	0	0	0	0	0	0	0	0	0	0	0	0	0	0	0	0	0	0	0	0	0	0	0	6.31136	0	0	5.55643	10.67557	0	0	0	0	7.37926	0	9.96887	0	9.71159	0	0	0	0	8.98988	0	0	0	0	0	0	0	0	0	0	0	0	0	0	0	0	0	0	0	0	0	0	0	0	0	0	0	0	0	0	0	0	0	0	
0	0	0	0	0	0	0	0	0	0	0	0	0	0	0	0	0	0	0	0	0	0	0	0	0	0	0	0	0	0	0	0	0	0	0	0	0	0	0	0	0	8.9247	0	0	0	0	0	0	0	0	0	0	0	0	0	0	0	0	0	0	0	0	0	0	0	0	0	0	0	0	0	0	0	0	0	0	0	0	0	0	0	0	0	0	0	0	0	0	0	0	0	0	0	0	0	0	0	0	0	0	
0	0	0	0	0	0	0	0	0	0	0	0	0	0	0	0	0	0	0	0	0	0	0	0	0	0	0	0	0	0	0	8.58904	0	0	0	0	0	0	0	0	0	0	0	0	0	0	0	8.71592	0	0	0	0	0	0	0	0	0	0	0	0	0	0	0	5.04332	0	0	0	1.09896	0	0	0	0	0	0	0	0	0	0	0	0	0	0	0	0	0	0	0	0	0	0	0	0	0	0	0	0	0	0	0	0	
0	0	0	0	0	0	0	0	0	0	0	0	0	0	0	0	0	0	0	0	0	0	0	0	0	0	0	0	0	0	0	9.7819	0	0	0	0	0	0	0	0	0	0	0	0	0	0	0	0	0	0	0	0	0	0	0	0	0	0	0	0	0	0	0	0	0	0	0	0	0	0	0	0	0	0	0	0	0	0	0	0	0	0	0	0	0	0	0	0	0	0	0	0	0	0	0	0	0	0	0	0	
0	0	0	0	0	0	0	0	0	0	0	0	0	0	0	0	0	0	0	0	0	0	0	0	0	0	0	0	0	0	0	0	0	0	0	0	0	0	0	0	0	0	0	10.00566	0	0	0	0	0	15.46494	0	0	0	0	8.35247	0	0	0	0	0	0	0	0	0	0	0	0	0	0	0	0	0	0	0	0	0	0	0	0	1.9575	0	0	0	0	0	0	0	0	0	0	0	0	0	0	0	0	0	0	0	0	
0	0	0	0	0	0	0	0	0	0	0	0	0	0	0	0	0	0	0	0	0	0	0	0	0	0	0	0	0	0	0	0	7.76045	0	0	0	0	0	0	0	0	0	0	0	0	0	0	5.36982	0	0	3.93141	0	0	0	0	0	0	0	8.89732	0	0	0	0	0	0	0	0	0	0	0	0.4654	0	0	0	0	0	0	0	0	0	0	0	0	0	0	6.80235	0	0	0	0	0	0	0	0	0	0	0	0	0	0	
0	0	0	0	0	0	0	0	0	0	0	0	0	0	0	0	0	0	0	0	0	0	0	0	0	0	0	0	0	0	0	0	0	0	0	0	0	0	0	10.64982	0	0	0	0	14.16836	0	5.72164	0	0	0	0	0	0	0	0	0	0	0	0	0	0	0	0	0	0	0	0	0	0	0.81664	0	0	0	0	0	0	0	0	0	0	0	0	0	0	0	0	0	0	0	0	0	0	0	0	0	0	0	0	0	0	
0	0	0	0	0	0	0	0	0	0	0	0	0	0	0	0	0	0	0	0	0	0	0	0	0	0	0	0	0	0	0	0	0	0	0	7.83209	0	0	0	0	0	0	0	0	0	0	0	7.67166	0	0	0	0	0	6.68885	0	0	0	0	0	0	9.38927	0	0	0	0	0	0	0	0	0	0	0	0	0	0	0	0	0	0	0	0	0	0	0	0	0	0	0	0	0	0	0	0	0	0	0	0	0	0	0	
0	0	0	0	0	0	0	0	0	0	0	0	0	0	0	0	0	0	0	0	0	0	0	0	0	0	0	0	0	0	0	0	0	0	0	0	0	0	0	0	0	13.48293	0	0	0	0	0	0	0	0	0	0	0	0	0	0	0	0	0	0	0	0	0	0	0	0	0	3.67813	0	0	0	4.82821	0	0	0	0	0	0	0	0	0	0	0	0	0	0	0	0	0	0	0	0	0	0	0	0	0	0	0	0	
0	0	0	0	0	0	0	0	0	0	0	0	0	0	0	0	0	0	0	0	0	0	0	0	0	0	0	0	0	0	0	0	0	0	0	0	0	0	0	0	8.3491	0	0	0	10.23668	0	0	8.44237	0	0	0	12.24757	0	0	0	10.45857	0	0	11.69016	0	3.76148	0	0	0	0	0	0	0	0	0	0	0	0	0	0	0	0	0	0	0	0	0	0	0	0	0	0	0	0	0	0	0	0	0	0	1.53769	0	0	0	0	
0	0	0	0	0	0	0	0	0	0	0	0	0	0	0	0	0	0	0	0	0	0	0	0	0	0	0	0	0	0	0	0	0	0	0	0	0	0	0	0	0	0	0	0	10.58623	0	0	0	0	0	0	0	6.82394	0	0	0	0	7.14429	0	0	0	8.94378	0	0	0	0	0	0	0	0	0	0	0	0	0	0	0	0	0	0	0	0	0	0	0	0	0	0	0	0	0	0	0	0	0	0	0	0	0	0	
0	0	0	0	0	0	0	0	0	0	0	0	0	0	0	0	0	0	0	0	0	0	0	0	0	0	0	0	0	0	0	0	0	0	0	0	0	0	0	0	0	0	0	11.05434	0	0	7.66897	0	0	0	5.88853	0	0	0	0	0	0	0	0	6.79456	0	0	0	0	9.17133	0	0	0	0	0	0	0	9.8661	0	0	0	1.33491	0	0	0	0	0	0	0	0	0	0	0	0	0	0	0	0	0	0	0	0	0	0	0	
0	0	0	0	0	0	0	0	0	0	0	0	0	0	0	0	0	0	0	0	0	0	0	0	0	0	0	0	0	0	0	0	0	0	0	0	0	0	0	0	0	0	0	0	0.4654	0	0	10.93963	0	0	0	10.95562	0	0	0	6.28343	0	0	0	0	0	0	0	0	0	0	0	5.57958	0	0	0	0	0	10.97362	0	0	0	0	0	0	0	0	0	0	0	0	0	0	0	0	0	0	0	0	0	0	0	0	0	0	
0	0	0	0	0	0	0	0	0	0	0	0	0	0	0	0	0	0	0	0	0	0	0	0	0	0	0	0	0	0	0	0	0	0	0	0	0	10.64262	0	0	0	0	0	0	0	0	0	0	1.09896	0	0	7.71953	0	0	12.80522	0	7.8369	0	0	4.72815	0	4.11839	0	0	0	0	0	0	0	0	0	0	0	0	5.69028	3.04135	0	0	0	0	0	0	0	0	0	0	0	0	0	0	0	0	0	0	0	0	0	0	0	0	
0	0	0	0	0	0	0	0	0	0	0	0	0	0	0	0	0	0	0	0	0	0	0	0	0	0	0	0	0	0	0	0	0	0	0	0	0	0	0	0	0	0	16.78924	0	0	11.34965	0	12.51246	0	0	6.64345	0	11.34733	0	11.13445	0	0	0	0	0	0	0	0	7.44145	0	0	0	9.83397	0	0	4.18028	0	0	0	0	0	0	0	3.7204	0	0	0	0	0	0	0	0	0	0	0	0	0	0	0	0	0	0	0	0	0	
0	0	0	0	0	0	0	0	0	0	0	0	0	0	0	0	0	0	0	0	0	0	0	0	0	0	0	0	0	0	0	0	0	0	0	0	0	0	0	0	0	0	0	0	0	0	0	6.99729	9.39907	0	0	7.81024	0	0	0	0	0	0	0	0	0	0	0	0	1.87366	0	0	0	0	0	0	0	0	0	0	0	0	0	0	0	0	0	0	0	0	0	0	0	0	0	6.18874	0	0	0	0	0	0	0	0	0	
0	0	0	0	0	0	0	0	0	0	0	0	0	0	0	0	0	0	0	0	0	0	0	0	0	0	0	0	0	0	0	0	0	0	0	0	0	0	0	0	0	0	0	0	0	0	0	9.24739	0	0	0	0	10.16864	2.14597	0	0	0	0	9.18981	10.74185	0	0	0	0	0	0	0	0	0	0	0	0	0	0	0	0	0	0	0	0	0	0	0	0	0	0	0	0	0	0	0	0	0	0	0	0	0	0	3.16895	0	
0	0	0	0	0	0	0	0	0	0	0	0	0	0	0	0	0	0	0	0	0	0	0	0	0	0	0	0	0	0	0	0	0	0	0	0	0	0	0	0	0	0	8.41816	0	0	0	0	0	0	9.43886	0	3.84027	0	6.42437	0	0	0	0	0	0	0	0	0	0	9.68314	0	0	0	0	0	0	0	0	0	0	0	9.46349	0	0	0	0	0	0	0	0	0	0	0	0	0	0	0	0	0	0	0	0	0	0	0	
0	0	0	0	0	0	0	0	0	0	0	0	8.65728	0	0	0	0	0	0	0	0	0	0	0	0	0	0	0	0	0	8.24253	0	0	0	0	0	0	0	0	0	0	0	9.76306	0	0	0	0	6.00427	0	0	10.14556	0	0	5.76268	2.37498	0	8.1412	0	0	0	0	0	0	8.5219	2.47713	9.91982	0	0	0	0	0	0	0	0	0	0	0	0	0	0	0	0	0	0	0	0	0	0	0	0	0	0	0	0	0	0	0	0	0	0	
0	0	0	0	0	0	0	0	0	0	0	0	0	0	0	0	0	0	0	0	0	0	0	0	0	0	0	0	0	0	0	0	0	0	0	0	0	0	0	0	0	0	0	0	0	10.44471	4.95755	0	0.4654	12.86092	0.81664	6.38975	4.89979	0	6.81421	7.77841	0	0	0	0	12.32921	0	0	0	0	0	0	0	0	6.66523	0	0	0	0	0	0	2.20471	0	0	0	0	0	0	0	0	0	0	0	0	0	0	0	0	0	0	0	0	0	0	0	
0	0	0	0	0	0	0	0	0	0	0	0	0	0	0	7.75538	0	0	0	0	0	0	0	0	0	0	0	0	0	0	0	0	0	0	0	1.71545	11.3276	0	0	0	0	0	0	6.13505	0	11.19357	8.04337	8.32875	2.66205	8.13528	0	0	4.02027	0	10.84009	0	0	0	0	2.57255	0	8.31502	0	9.42486	0	7.77557	0	0	11.16156	0	8.41011	0	0	0	0	10.32666	0	3.54331	0	4.52847	0	0	0	0	0	0	0	0	0	0	8.91335	0	0	0	0	0	0	0	0	0	
0	0	0	0	0	0	0	0	0	0	0	0	0	0	0	0	0	0	0	0	0	0	0	0	0	0	10.65255	0	0	0	0	3.39458	0	0	6.80932	0	0	0	0	0	10.56157	0	0	0	0	0	0	0	7.57763	10.28105	0	10.49822	9.17608	0	11.93281	0	12.13889	0	5.71685	0	1.09896	8.4978	0	0	0	5.84141	0	0	0	0	0	0	0	6.8336	0	0	0	0	0	0	0	0	0	0	0	0	0	0	0	0	0	0	0	0	0	0	9.34604	0	0	0	
0	0	0	0	0	0	0	0	0	0	0	0	0	0	0	0	0	0	0	8.45618	0	0	0	0	0	0	0	0	0	0	0	0	0	0	0	0	0	0	0	0	0	0	0	13.46605	0	0	11.09633	10.6236	12.57701	0	7.51835	6.97532	10.44288	0	0	0	13.23375	0	0	7.77496	3.64296	0	0	12.29544	0	3.28617	0	10.5005	0	0	0	0	0	0	0	0	0	0	0	0	0	0	0	0	0	0	0	0	0	0	7.71664	0	0	0	0	0	0	0	0	0	
0	0	0	0	0	0	0	0	0	0	0	0	9.57785	0	0	0	0	0	0	7.85836	0	0	0	0	0	0	0	0	0	0	0	0	0	7.33735	0	0	0	0	0	0	0	12.22125	13.75988	0	6.74376	0	0	4.00885	7.43194	0	0	8.15745	6.2933	5.03296	9.32314	9.65003	5.84149	5.34845	8.3013	0	0	0	0	0	0	0	0	0	0	0	0	0	0	0	0	0	0	0	7.30225	0.4654	0	0	0	0	0	0	0	0	0	0	0	0	0	0	0	0	0	0	0	0	
0	0	0	0	0	0	0	0	0	0	0	0	0	0	0	0	0	0	0	0	0	0	0	12.94884	0	0	0	0	0	0	0	0	0	0	0	0	0	0	12.33212	0	0	0	8.29714	8.60887	0	0	7.50064	5.47963	0	9.42657	7.07674	6.54015	0	0	0	0	0	4.29736	12.49545	8.89039	9.12585	0	0	0	9.33843	0	0.4654	0	0	0	0	0	0	0	0	0	0	0	0	0	0	0	0	0	0	0	0	0	0	0	0	0	0	0	0	0	0	0	0	0	
0	0	7.86073	0	0	0	0	0	0	0	0	0	0	0	0	0	0	0	0	0	0	0	0	0	0	0	0	0	0	0	0	0	0	0	0	0	0	0	0	0	8.31978	0	0	0	0	8.67888	0	6.99342	9.05947	11.3531	0	5.30184	9.11895	7.65911	0	10.70086	0	0	2.37498	0	7.88599	0	6.50519	11.55943	0	0	0	0	0	0	0	7.4413	0	0	0	0	0.81664	0	0	0	0	0	0	0	0	0	0	0	0	0	0	0	0	0	0	0	0	0	0	0	
0	0	0	0	0	0	0	0	0	0	0	11.33973	0	0	0	0	0	0	0	0	0	0	0	0	0	0	0	0	0	0	0	0	8.41976	0	0	0	0	9.17142	12.27159	4.35147	6.57598	6.75682	0	0	11.90424	7.88284	11.35311	5.74529	10.09374	0	11.37054	0	4.42227	5.04013	0	10.89136	5.33226	5.10571	0	0	0	0	0	0	0	0	0	4.02027	0	0	0	0	5.07625	0	0	0	0	0	9.15118	0	0	0	0	0	0	0	0	0	0	0	0	0	0	0	0	8.80806	0	0	0	0	
0	0	0	0	0	0	0	0	0	0	0	0	0	0	0	0	0	0	0	0	0	0	0	0	0	0	0	0	0	0	0	0	0	0	6.25495	9.57527	0	0	0	7.14429	0	11.95359	0	9.59693	12.35064	9.50515	7.40636	6.02656	4.94083	10.84678	11.38376	10.01895	0	8.14634	0	0	5.2972	0	0	5.87081	8.34066	0	1.53769	0	0	0	0	0	0	0	0	0	0	0	0	0	0	0	3.39458	0	0	0	0	0	0	0	0	9.80479	0	0	0	0	0	0	0	0	0	0	0	0	
0	0	0	0	0	0	0	0	7.62513	0	11.63165	0	0	0	0	0	0	0	0	0	0	0	0	0	0	0	9.42965	0	0	0	0	0	0	0	4.11839	0	0	12.10214	10.85913	0	7.11047	7.09694	0	2.82591	4.74872	10.63716	2.27282	7.37327	7.31768	8.1922	0	8.17731	1.09896	0	0	0	9.458	5.69008	0	0	0	0	1.09896	0	0	0	7.07674	0	0	0	0	0	0	0	0	0	0	0	0	0	0	0	0	0	0	0	0	0	0	0	0	0	0	0	0	0	0	0	0	0	
0	0	0	0	0	0	0	0	0	0	0	10.76728	0	0	10.13436	0	0	0	0	0	0	0	0	0	0	0	0	0	0	0	0	10.94994	0	0	5.44738	0	11.6051	0	0	9.36295	6.77463	0	8.03086	9.22445	9.60343	7.4076	10.3014	8.48535	4.77661	6.92811	6.58356	8.89393	9.38337	7.5425	0	4.70728	8.27256	0	0	3.16895	8.43888	4.10104	0	12.2903	0	0	0	0	0	0	0	0	0	0	0	7.11629	0	0	0	0	0	0	0	7.36356	0	0	0	0	0	0	0	0	0	0	0	0	0	0	0	0	
0	0	0	0	0	0	0	0	0	0	0	0	11.0812	0	0	0	0	0	0	0	0	0	0	0	0	0	0	0	0	9.04082	0	0	7.46961	0	6.07114	0	11.31988	0	12.4745	10.43655	9.92626	8.32362	10.39656	5.81492	7.84441	4.3423	9.77992	10.54278	5.76268	8.75713	4.55558	12.71385	10.76223	5.89834	5.56769	5.04081	9.11671	0	0	3.7204	5.21579	0	0	0	0	0	0	0	0	0	0	0	0	9.63176	0	0	0	0	0	0	10.03107	0	0	0	0	0	0	0	0	0	0	0	0	0	0	0	0	0	0	0	
0	0	0	0	0	0	0	12.87984	0	0	0	9.94845	0	0	0	0	0	0	0	0	0	0	0	0	0	0	0	8.46087	0	0	5.6248	0	12.22962	0	0	0	1.87366	6.84798	8.64302	10.06025	9.58043	4.39238	0	10.14731	9.34734	8.44601	8.56648	6.70479	10.52498	8.44964	5.77273	8.87014	9.50938	9.04082	7.76737	3.69162	12.62631	6.55406	2.37436	8.92244	5.55226	12.24044	3.63457	0	8.52041	0	0	0	0	0	0	0	0	9.63077	0	0	0	0	0	0	0	0	0	0	0	0	0	0	0	0	0	0	0	0	0	0	0	0	0	0	
11.43999	0	0	0	0	0	0	0	7.9082	0	0	0	10.03317	0	0	0	0	0	0	0	0	0	0	0	13.29333	0	0	7.45403	0	0	0	0	9.41605	0	11.08517	8.8168	0	6.19625	10.72132	6.12168	7.68507	8.04634	6.25711	8.89441	11.0593	9.1068	6.809	9.33107	6.16685	5.56495	8.79807	5.38641	5.90774	8.89201	12.39939	8.19467	7.84648	6.09745	0	9.02662	0	2.47713	0	3.78795	0	7.07674	0	0	0	0	0	0	0	0	0	0	0	0	0	0	0	0	3.87613	0	0	5.24403	0	0	0	0	0	0	0	0	0	0	0	0	0	0	
0	0	0	11.2618	0	0	0	0	0	0	0	0	0	0	0	0	0	0	9.15215	0	0	10.25791	0	7.10094	11.49989	9.41846	0	0	10.79598	9.06972	12.03498	0	12.42592	0	0	0	0	9.3656	9.76345	6.835	8.39286	7.03369	7.09336	8.98482	9.07048	9.56757	7.3081	8.36728	8.544	6.66492	9.87823	6.26083	10.51178	7.20881	6.37901	8.91892	0	3.43199	5.22557	7.9455	0	2.47713	9.51994	0	0	0	0	0	0	2.47713	0	0	7.06858	0	1.09896	2.26502	11.14006	3.18352	0	0.4654	0	0	0	0	0	0	0	0	0	0	0	0	0	0	0	0	0	0	0	0	
9.21356	0	0	0	11.12661	6.51062	0	0	0	0	0	0	0	0	0	0	0	8.83975	0	0	0	0	0	0	9.16942	0	7.21566	8.44053	0	11.16873	9.44764	0	0	0	10.44603	5.81239	5.75334	11.32624	10.77889	7.55133	6.78866	9.22819	7.90951	8.44376	8.435	8.98686	9.91766	7.37444	7.76802	9.63277	2.43959	9.00048	9.95233	5.90847	8.12708	9.81637	8.32389	5.10652	4.87502	9.14315	9.27158	0	6.5259	8.31502	10.70613	10.90854	9.98386	0	0	0	0	0	0	0	3.28617	0	0	0	0	0	0	0	0	0	0	0	0	0	0	0	0	0	0	0	0	0.4654	0	0	0	0	
0	0	0	0	0	0	0	0	3.87812	0	7.37021	0	0	0	0	0	4.35147	13.12816	8.82651	6.24774	8.97577	7.74397	0	0	0	13.6396	0	6.18119	5.7886	10.55554	0	9.58144	10.8753	9.36196	7.61044	10.68947	5.77042	6.80433	8.20455	7.05982	7.51397	8.147	6.0173	7.4269	9.54046	7.01528	7.18538	8.24081	7.59534	7.23184	6.35422	10.39692	6.12723	8.63645	5.01634	5.98936	5.7166	8.63811	0	10.19886	7.70439	8.90421	5.62445	0	7.53151	11.20687	2.14597	0	0	0	0	7.35687	0	0	5.6794	0	0	0	9.05328	0	0	0	0	0	0	7.09292	0	0	0	0	0	0	0	0	0	0	0	0	0	0	
0	9.31792	0	0	10.67288	9.02193	0	0	0	0	0	0	0	0	2.14597	11.21567	0	10.26462	10.49446	0	10.07552	0	11.67879	0	0	0	0	0	9.33857	10.58265	7.70204	0	5.09244	7.60511	6.9403	7.00331	8.54548	9.63376	7.91732	8.46286	8.49506	7.46955	6.82575	8.38926	7.95023	7.08715	8.16223	8.32626	7.07612	6.99715	5.59265	7.32889	8.03179	7.04997	8.75147	5.41683	2.47713	6.50809	6.10123	7.30508	0	9.04447	0	11.46604	10.74606	0.81664	6.38159	0.4654	0	0	0	0	0	0	0	0.4654	0	0	0	0	9.76195	0	0	0	0	0	0	0	0	0	0	0	0	0	0	0	0	0	0	0	
0	11.60774	10.53902	0	10.01042	0	0	0	0	0	8.26769	0	0	0	9.82975	2.47713	0	7.47887	0	0	4.52847	4.21026	8.12783	7.83933	7.10494	8.48406	0	4.63433	6.24774	9.0805	9.75291	10.47834	9.80839	10.43624	10.20546	7.89856	9.17075	7.20378	6.54435	6.46974	5.48677	7.80918	7.38916	7.2282	7.59024	6.62428	8.19306	7.78372	9.29944	8.21318	6.85778	8.03092	7.89244	6.87185	5.87604	5.71196	8.71626	6.48036	7.01209	7.0808	0	6.78703	9.52413	9.12248	0.66746	0	0	0	0	0	0	8.02575	0	0	9.97324	0	6.39204	0	0.4654	0	0	0	0	4.4084	0	1.83907	0	0	0	0	0	0	0	0	0	0	0	0	0	0	
0	0	0	0	0	0	0	0	6.8763	0	12.85515	10.72183	0	0	0	0	0	0	10.4841	0	9.26891	0	0	0	0	11.47552	9.29323	0	0	6.02971	5.8082	4.48007	8.90765	8.29638	9.74378	7.55873	10.29621	9.73533	6.25734	7.48618	5.18742	8.16683	8.85894	8.62449	7.62643	8.02129	6.41304	7.95482	8.02228	7.93328	7.13367	5.42173	5.8862	6.7228	7.03748	8.01143	8.11786	8.42997	10.72052	7.43001	6.72355	4.57689	9.92752	6.26057	0	9.70449	0	6.45314	0	0	0	0	0	0	0	0	0	0	0	0	0	8.02786	0	0	0	0	0	9.40109	11.80066	5.07625	0	0	0	0	0	0	0	0	0	0	
0	0	0	0	0	0	0	0	11.3186	9.07584	3.36024	1.09896	0	12.799	0	0	0	3.67813	11.65636	5.17039	0	0	3.63457	7.58015	5.13994	9.3553	1.53769	9.61393	5.816	9.0203	0	7.73926	6.89742	3.70866	4.72591	4.6589	8.5221	5.8598	9.62128	5.51466	6.09335	7.27934	8.40778	7.29085	6.13379	6.75164	7.58117	6.8458	7.37213	8.21063	7.7754	7.08353	7.45298	5.9093	8.47265	8.30258	4.77545	7.41096	7.3161	4.88583	6.81426	8.97405	7.94439	3.44589	1.79997	8.37404	9.64593	0	0	0	0	0	0	4.32431	10.52157	0	0	0	10.84248	0	0	0	0	0	0	0	0	0	3.44589	0	2.01625	0	0	0	0	0	0	0	0	0	
0	0	9.93785	7.19636	0	10.35545	0	2.01625	8.18896	0	0	0	0	0	0	0	0	6.67722	0	0	0	0	0	9.76873	0	9.51244	0	11.06586	9.82734	7.12652	0	9.75536	0	11.79526	4.9943	8.50633	6.84867	5.94803	0.51256	8.96026	6.94326	9.26825	6.55957	8.08667	6.04947	7.25815	5.58787	7.10751	6.91018	8.11966	8.21115	7.31101	7.81076	7.07586	7.33823	4.8162	7.00995	7.54889	8.19193	7.12348	9.76734	7.92249	1.42019	8.92809	7.49018	0	0	4.74654	5.80259	3.70068	4.61277	0	8.58332	0	0.76885	0	4.68145	0	0	0	0	0	4.61569	0	0	0	0	0	0	0	0	0	0	0	0	0	0	0	0	0	
0	0	0	0	0	0	0	0	0	0	10.73284	8.81314	9.67531	0	14.79313	0	0	10.26328	0	5.13994	0	0	0	0	0	0	6.91322	3.80142	3.81534	0	6.41797	9.42107	4.96675	7.20956	4.27336	9.05992	7.82155	7.63797	7.16649	9.40377	8.39874	5.55404	5.80791	7.30541	8.11818	8.16277	3.84122	5.24989	7.21276	6.1707	6.2106	7.25015	8.39991	7.4124	5.90313	5.71213	5.41385	7.24071	8.15829	7.09743	4.62869	5.72712	7.05083	5.14274	0	4.64392	10.24167	4.63501	0	0	9.69446	0	4.36184	5.5609	0	13.0471	0	0	0	0	0	0	0	0	0	0	0	0	6.24184	0	0	0	0	0	0	0	0	0	0	0	
0	0	0	0	0	0.81664	0	0	0	10.19605	0	0	9.74972	0	0	0	0	0	0	0	0	0	0	8.44486	0	0	8.44101	0	0	4.33279	6.15397	0	0	6.33434	9.40313	7.06037	8.85643	0.81664	0	8.50839	3.55247	13.07084	5.35946	3.64008	9.68016	5.93236	6.58365	8.57676	10.01799	6.45878	6.13549	8.94828	6.43553	5.99512	8.15107	5.06553	8.35486	6.10616	4.46776	5.29063	5.65874	5.1568	5.51273	6.28145	6.34917	5.34885	8.63397	6.69736	3.76903	0	0	7.4095	0	4.08643	0	7.17121	9.12191	0	0	0	0	0	0	0	11.09984	0	0	0.81664	0	0	0	6.85273	0	0	0	0	4.64279	0	0	0	
0	0	0	0	0	0	0	0	0	0	0	12.21744	0	0	0	0	0	7.79336	12.87304	0	0	0	0	3.22874	0	0	0	7.37684	0	0	0	0	8.208	6.05692	5.69609	0	5.1303	7.47821	0	0.93683	5.21311	9.1702	7.6625	5.2872	0	8.79849	6.22384	4.44917	6.99966	6.214	7.9379	12.03635	8.74655	4.19239	6.24582	6.06071	6.7053	6.25238	8.37251	7.61782	6.19219	3.66792	0	6.98535	9.23103	0	5.23907	4.02027	8.61728	6.94969	0	0	0	0.4654	0	10.40611	0	8.82408	0	0	0	7.92174	0	0	0	0	0	0	0	0	0	0	0	0	0	0	0	0	0	0	
0	0	0	0	6.11471	0	0	0	0	0	9.65753	0	3.28617	0	0	10.74056	0	0	7.58279	0	7.59201	2.14597	0	0	0	8.37083	5.69008	0	0	4.65551	0	10.21461	14.51355	0	0	8.92696	9.19682	0	10.25746	10.89712	1.00813	8.08964	5.74931	7.85836	2.6079	5.42273	12.95417	2.66299	6.28912	7.73364	8.70046	6.54439	7.62808	6.90907	5.94951	7.74696	6.92367	5.78868	4.84065	6.96323	5.22796	7.52514	5.64595	4.7627	7.55365	0	6.42189	7.12868	0	0	8.33183	8.06114	5.65531	8.99067	5.32811	0	5.59513	0	0	0	6.43711	0	0	0	0	1.33491	0	0	0	0	0	0	0	0	0	0	0	0	0	0	
0	0	0	0	0	0	0	0	0	0	0	5.49687	3.27944	0	0	11.43979	0	0	0	0.4654	6.14284	0	1.09896	0	0	0	0	0	0	5.28613	3.3414	5.28447	0	0	0	10.79721	0	0	0	6.95366	3.72133	5.6232	4.47406	8.97406	6.49395	3.67168	6.40582	6.10933	5.23736	4.83107	0	0	7.5136	9.50812	0	6.63545	9.92611	7.02165	5.88282	6.26979	7.69466	6.21732	7.29166	6.15983	3.32997	5.44998	6.97127	6.18015	0	10.9801	0	5.07957	8.90923	9.61124	6.88562	0	20.99375	0	3.10655	0	0	0	0	0	0	0	0	0	0	0	0	0	0	0	0	0	0	0	0	0	
0	0	0	10.39474	0	0	0	0	0	0	0	0	0	0	0	0	0.81664	0	0	0	0	0	9.23923	0	0	0	7.38191	7.48323	4.32431	7.46961	0	0	4.72815	0	0	10.9433	0	2.66205	1.09896	5.83276	3.92059	0	0.81664	0	2.74599	12.52345	6.87067	9.26356	5.63927	4.28238	6.74895	5.18508	7.8644	8.35864	6.15264	4.86483	6.01952	4.92472	5.90072	5.75217	9.3891	4.49222	5.54899	9.37375	6.8073	8.78591	5.99117	9.07584	11.18891	7.83158	2.29659	8.25126	4.69282	3.35724	5.15888	0	12.92283	0	4.0277	9.12879	0	4.62065	0.81664	0	0	0	0	0	0	0	0	0	0	0	0	0	0	0.81664	0	11.42329	
0	0	3.87668	0	0	0	0	0	0	0	0	0	0	0	0	0	0	0	0	0	6.4808	0	0	0	0	7.44145	0	7.40014	0	6.81421	0	10.87267	9.78439	0	10.40773	0	0	2.7724	6.36298	0	4.45525	0	0	7.75889	9.88829	9.04498	0.93683	4.05809	4.62065	9.26113	6.72763	11.357	5.17862	5.81125	6.44382	10.11861	0	6.61088	7.74223	5.93868	1.30023	4.2265	4.95176	2.00403	4.79025	5.23993	4.91983	0	7.39654	2.73685	4.74094	6.03165	6.23788	8.31567	0	0	5.28096	0	1.63972	7.57417	0	5.95215	0	0	0	0	0	0	3.02659	0	0	0	0	0	0	0	2.97304	0	0	0	
0	0	0	0	0	0	0	0	0	0	0	0	8.46864	0	0	0	0	0	0	0	12.33765	6.69736	0	0	0	0	0	4.38392	0	0	0	0	9.85725	0	0	0	8.16811	0	8.66947	9.4805	0	0	3.35657	0	12.59007	0	4.32328	9.51469	0	5.68724	10.37709	4.03992	7.84648	3.60346	7.0196	0	0	4.7555	4.6174	2.97658	8.95014	4.49068	7.44949	5.78906	5.65838	7.67968	6.02545	5.36556	7.37213	6.06689	7.52163	0	0	9.03998	0	7.47178	4.37103	5.62735	0	0	0	0	0	0	8.21876	6.64893	0	0	0	0	0	0	0	0	0	0	9.30669	0	0	0	
0	0	0	0	0	0	0	0	2.14597	0	0	0	0	0	0	0	7.82726	4.59814	0.4654	0	0	0	0	0	3.59317	0	0	0	0	0	0	0	0	0	5.36982	8.41333	0	9.53926	0	0	0	0	11.04917	11.93492	0	10.08944	10.81134	7.36689	0	2.99743	0	10.51858	9.72073	8.77443	0	8.73022	0	4.9105	0	5.02829	7.78933	7.33323	5.13875	6.88562	3.11285	7.0757	7.38937	5.22178	8.58046	7.22762	8.56195	3.72176	6.53863	9.90041	7.36567	2.00015	9.44106	5.25945	0	0	5.07625	2.37498	10.9582	0	2.54622	0.81664	3.3414	4.11839	4.05373	0	0.84141	0	0	12.04405	0	0	0	0	0	0	
0	0	0	0	0	0	0	0	0	0	0	0	0	0	0	0	0	0	0	0	5.82772	0	0	0	0	0	0	0	0	3.39458	0	0	0	0	8.13333	0	0	0	0	0	9.30843	0	9.74653	8.39876	3.85142	0	0	0.4654	1.53769	5.62997	9.83216	0	0	0.76885	6.40747	5.55588	0	0	7.54678	8.19524	10.0316	6.0437	2.15398	6.02502	7.03692	7.61496	5.49439	4.62321	7.26952	5.6295	11.47415	6.83841	3.59845	4.57909	0.66746	0	2.12432	0	6.26751	0	0	0	0.81664	0	0	0	7.69914	0	0	0	0	0	0	0	0	0	0	0	0	0	
0	0	0	0	6.39857	0	0	0	0	0	0	3.80142	0	5.17076	0	0	0	0	0	0	0	0	0	0	0	0	0	0	0	0	0	0	0	0	0	0	0	0	0	5.71656	0	0	6.6814	0	5.7042	0	0.2327	0	0	0	1.09896	0	0	0	8.65183	0	0	0	0	12.13413	7.56433	0	6.27055	8.17319	7.19247	0	4.84114	4.26542	8.55895	5.30764	4.38881	8.659	7.76707	5.93016	0	0	1.26757	6.07929	4.72062	7.52433	0	7.42237	0	0	2.37498	0	1.09896	8.05671	0	4.62142	0	0	0	0	4.43	0	0	0	0	0	
0	0	0	0	0	0	0	0	0	0	0	0	0	0	0	0	0	9.26349	0	0	0	10.99315	8.04251	0	0	0	8.51441	0	0	0	0	0	0	7.26892	9.24768	0	0	0	0	0	0	0	0	0	0	0	0	0	0	0	0	0	0	0	0	6.67133	12.12213	10.37703	7.4634	1.71545	0	5.61712	5.51519	0	8.1572	7.3529	4.98729	7.54624	5.15823	4.39202	6.7283	5.15412	5.91157	7.17378	7.83849	7.08115	6.76662	0	9.19119	2.56341	0	0	7.14663	0	3.98603	9.93186	5.28785	1.53769	0	10.48941	0	0	0	0	0	0	8.46729	0	0	0	
0	0	0	0	0	0	0	0	7.07975	0	0	0	0	0	0	0	0	0	0	0	0	0	0	0	0	0	0	3.98603	0	4.48007	0	0	0	0	0	0	0	0	0	9.54995	0	0	0	0	0	4.59814	0	4.11839	5.20093	0	0	10.40611	0	0	0	0	0	0	8.60238	0	6.96434	0	11.02526	8.98419	8.48108	2.83179	5.5057	0	0	7.69729	9.83275	2.37498	8.03152	5.63623	6.61377	10.1537	2.74063	0	0	8.79587	4.71397	6.8044	10.07908	8.8748	4.6331	0	0.4654	0	0	0	8.17383	0	9.78185	0	0	0	0	0	0	0	
0	0	0	0	0	0	0	0	0	0	0	0	0	10.09323	0	0	0	0	0	6.24774	0	0	0	0	0	1.83714	0	0	0	0	0	0	0	0	8.58332	0	0	6.69577	0	0	10.47217	0	2.82591	7.51535	0.4654	0	0	0	0	0	4.05373	6.32513	0	0	2.37498	0	0	0	0	6.32582	5.37648	0	5.24436	7.76803	7.19014	2.93129	10.12752	2.37498	0	4.70498	7.09766	0	6.49187	5.7141	7.98948	5.36265	4.42472	5.67413	4.79438	5.25603	0	6.6181	5.07625	4.37365	2.27592	0	0	5.45991	1.25367	0	10.66411	0	0	7.77055	0	0	0	0	4.18293	0	
0	0	0	0	0	0	0	10.15329	0	0	0	0	0	0	0	0	0	0	0	0	0	0	1.33491	0	0	0	0	0	8.60182	0	0	0	0	0	10.29525	0	0	1.33491	0	0	0	1.78147	0	0	0	0	4.2002	0	0	0	0	0	7.80288	0	0	0	2.46989	8.11363	0	6.46031	8.19431	0	0	6.55374	0	5.7112	0	7.3804	6.59121	10.1557	9.99655	6.5153	7.95448	4.40466	7.85836	5.57589	9.13355	3.04135	6.67059	7.80551	5.75469	6.40414	5.26988	0	3.3414	0	3.04135	3.81257	0	0	8.51891	8.15139	0	0	0	0	9.17418	0	0	0	
0	0	0	0	0	0	0	0	0.4654	0	0	0	0	0	0	0	0	0	0	0	0	0	0	0	0	0	0	0	0	0	0	0	0	0	0	0	0	5.40107	0	0	0	0	0	0	0	0	0	0	0	7.36356	0	4.13387	0	3.26717	0	0	2.66205	5.66006	0	0	4.40429	0	10.18996	12.03881	6.37229	7.2781	0	0	7.87279	7.70046	0	8.00879	3.90918	11.27633	7.73003	5.81593	0	4.50269	5.11494	8.00165	4.22608	8.94043	6.26926	1.33491	0	0	3.28974	0	0	0	0	0	8.00858	6.02275	6.15059	0	0	0	0	0	
0	0	0	0	0	0	0	8.55878	0	0	0	0	0	0	0	0	0	0	0	0	0	0	0	0	0	0	0	0	0	0	0	0	0	0	0	0	0	3.71743	0	8.07342	0	0	0	0	0	0	0	0	0	0	3.95031	0	0	12.55473	6.6699	0	0	8.19871	9.72463	9.56776	0	1.53769	0	7.15933	8.89526	9.01239	0	0	7.3082	5.55034	8.43989	2.595	4.18063	8.65244	1.71545	8.18777	6.84439	0	6.72312	6.9126	8.11333	8.50386	5.64556	4.67966	3.52354	0	0	2.44167	0	0	7.35352	0	0	0	0	1.03552	0	0	0	0	
0	0	0	0	0	0	0	0	0	0	0	0	0	0	0	0	0	0	0	0	0	0	0	0	0	11.12169	0	0	0	0	0	0	0	0	0	0	0	7.30919	0	0	0	0	0	0	7.92767	0	0	0	10.29029	0	0	0	0	0	0	0	0	0	0	0	0	0	8.68219	0	0	6.26315	6.31744	8.72368	0	7.30485	4.49535	0	6.62226	0	9.56268	4.61858	7.64722	5.3597	3.77843	5.39278	1.41836	0	4.77098	0	9.37693	6.42791	0	0	0	0	9.09304	0	0	0	0	0	0	0.81664	0	0	
0	0	0	0	0	0	0	0	0	0	0	0	3.98603	0	0	0	0	0	0	0	0	0	0	0	0	0	0	0	0	0	0	0	0	0	0	0	0	0	0	0	0	0	0	0	0	0	0	8.40687	0	0	0	0	9.51694	0	0	0	0	0	0	5.36878	0	0	0	4.20473	2.47713	7.55678	9.23435	0	10.13875	0	0	8.91904	0	0	0	2.67691	6.581	8.31636	6.69107	3.97567	0	3.87232	5.80979	4.44677	4.32277	1.81729	6.1746	0	4.52847	0	0	0	0	3.63457	0	0	0	0	0	0	
0	0	0	0	0	0	0	0	0	0	0	0	0	0	0	0	0	0	0	0	0	0	0	0	0	0	0	0	0	0	0	0	9.46893	0	0	0	0	0	0	0	0.4654	0	0	0	0	0	0	0	0	0	0	0	0	0	0	0	8.70995	0	0	0	9.35789	0	0	2.91618	0	6.7995	0	0	8.00705	0	0	0	6.88562	0	0	6.28343	0	0	3.28841	8.25145	5.50465	5.83181	9.50339	0	3.39458	0	0	0	2.74629	1.53769	5.58028	4.71841	4.48072	0	0	0	0	0	0	0	
0	0	0	0	0	0	0	1.85495	0	0	0	0	0	0	0	0	0	0	0	0	0	0	0	0	0	0	0	6.09544	0	0	0	0	0	0	0	0	0	0	0	0	0	0	0	0	0	0	0	0	0	0	0	0	0	0	0	0	0	0	0	0	0	0	0	0	0	0	0	0	0	0	3.37324	4.32156	5.26791	0	0	8.33726	8.98988	0	8.56266	6.31136	0	5.13791	0	5.84141	2.01625	9.2442	0	7.19764	0	1.87366	0	2.14597	0	0	0	8.98121	0	0	0	0	
0	0	0	0	0	0	0	0	0	0	0	0	0	0	0	0	0	0	0	0	9.32308	0	0	0	0	0	0	0	0	0	0.81664	0	0	0	0	0	0	0	0	0	0	0	0	0	0	0	0	0	0	0	0	0	0	0	0	0	0	0	0	9.94232	0	0	0	0	7.8795	8.57759	4.40429	2.09987	0	0	0	0	0	0	0	1.33491	4.69521	0	0	0	4.21468	0	0	0	3.21665	3.84027	7.46105	4.34079	4.84741	0	7.59136	6.40506	5.31569	7.40303	0	4.35147	0	0	0	0	
0	0	0	0	0	0	0	0	0	0	0	0	0	0	0	0	0	0	0	0	0	0	0	0	0	0	0	0	0	0	0	0	0	0	0	0	0	0	0	0	0	0	0	0	0	0	0	0	3.3414	0	0	0	0	0	0	0	0	0	0	0	0	0	0	0	0	0	0	0	0	6.02128	10.33136	8.97249	7.20241	0	8.99635	6.35227	0	8.58761	0	0	0	7.95227	7.72455	0	3.45204	0	0	0	0	0.76885	0	2.84458	1.30569	0	3.58967	0	0	0	0	0	
0	0	0	0	0	0	0	0	0	0	0	0	0	0	0	5.77407	0	0	0	0	0	0	0	0	0	0	0	0	0	0	0	0	0	0	3.49541	0	0	0	0	0	0	0	0	0	0	0	0	0	0	0	0	0	0	0	0	0	0	0	0	0	0	0	0	0	0	0	0	2.37498	0	0	0	0	0	7.33663	0	0	0	0.2327	0	0	0	3.04135	0	0	5.21714	0	3.8092	3.16257	3.58967	10.29039	8.09969	0	9.55321	0	0	0	0	0	0	0	
0	0	0	0	0	0	0	0	0	0	0	0	0	0	0	0	0	0	0	0	0	0	0	0	0	0	0	0	0	0	0	0	0	0	0	0	0	0	0	0	0	0	0	0	0	0	0	0	9.2356	0	0	0	0	0	0	0	0	0	0	8.17002	0	0	0	0	0	8.16091	0	0	0	0	0	9.2519	0	0	0	0	0	11.26404	0	5.19415	11.05124	0	0	7.48195	0	0	0	0	0	0	0	0	0	0	0	0	0	0	0	0	
0	0	0	0	0	0	0	0	0	0	0	0	0	0	0	0	0	0	0	0	0	0	0	0	0	0	0	0	0	0	0	0	0	0	0	0	0	0	0	0	0	0	0	0	0	0.4654	0	0	0	0	0	0	0	0	0	2.61076	0	0	11.47031	0	0	0	0	0	8.90993	0	0	0	0	0	0	4.02027	0	1.09896	0	0	4.50447	0	0	0	2.36691	5.69011	2.85652	8.16523	0	0	0	8.66542	8.95347	0	0	11.00602	9.31102	0	0	0	0	0	0	0	
0	0	0	0	0	0	0	0	0	0	0	0	0	0	0	0	0	0	0	0	0	0	0	0	0	0	0	0	0	0	0	0	0	0	0	0	0	0	0	0	0	0	0	0	0	0	0	0	0	0	0	0	0	0	0	0	0	0	0	0	0	0	0	0	0	0	0	0	0	0	0	0	0	0	0	0	0	0	0	0	0	0	0	0	0	0	4.02027	0	0	0	0	9.27247	0	0	0	0	0	0	0	0	
0	0	0	0	0	0	0	0	0	0	0	0	0	0	0	0	0	0	0	0	0	0	0	0	0	0	0	0	0	0	0	0	0	0	0	0	0	0	0	0	0	0	0	0	0	0	0	0	0	0	0	0	0	0	0	0	0	0	0	0	0	0	0	0	0	0	0	0	0	0	9.74299	0	0	0	0	0	1.09896	0	0	4.78901	0	0	0	10.04829	0	0	0	6.47464	0	0	6.82597	9.19869	0	0	0	0	0	0	0	0	
0	0	0	0	0	0	0	0	0	0	0	0	0	0	0	0	0	0	0	0	0	0	0	0	0	0	0	0	0	0	0	0	0	0	0	0	0	0	0	0	0	0	0	0	0	0	0	0	0	0	0	0	0	0	0	0	0	0	0	3.98603	0	0	0	0	0	0	0	0	0	0	3.10655	0	0	0	0	0	0	0	0	0	0	0	0	0	0	0	3.16895	0	0	0	0	0	0	0	0	0	0	0	0	0	
0	0	0	0	0	0	0	0	0	0	0	0	0	0	0	0	0	0	0	0	0	0	0	0	0	0	0	0	0	0	0	0	0	0	0	0	0	0	0	0	0	0	0	0	0	0	0	0	0	0	0	0	0	0	0	0	0	0	0	0	0	0	0	0	0	0	0	0	0	8.30116	0.4654	0	0	0	0	0	0	0	8.66812	0	0	0	0	0	0	0	0	0	7.53917	9.12585	0	0	0	0	0	0	0	0	0	0	
0	0	0	0	0	0	0	0	0	0	0	0	0	0	0	0	0	0	0	0	0	0	0	0	0	0	0	0	0	0	0	0	0	0	0	0	0	0	0	0	0	0	0	0	0	0	0	0	0	0	0	0	0	0	0	0	0	0	0	0	0	0	0	0	0	0	0	0	0	0	0	0	0	0	0	0	0	0	0	0	0	0	0	0	0	0	0	0	0	0	0	0	0	0	0	0	0	0	0	0	
0	0	0	0	0	0	0	0	0	0	0	0	0	0	0	0	0	0	0	0	0	0	0	0	0	0	0	0	0	0	0	0	0	0	0	0	0	0	0	0	0	0	0	0	0	0	0	0	0	0	0	0	0	0	0	0	0	0	8.53676	0	0	0	0	0	0	0	0	0	0	0	0	0	0	0	0	7.77055	0	0	0	0	0	0	0	0	0	0	0	0	0	0	0	0	0	0	0	0	0	0	0	0	
0	0	0	0	0	0	0	0	0	0	0	0	0	0	0	0	0	0	0	0	0	0	0	0	0	0	0	0	0	0	0	0	10.20026	0	0	0	0	0	0	0	0	0	0	0	0	0	0	0	0	0	0	0	0	0	0	0	0	0	0	0	0	0	0	0	0	0	0	0	0	0	0	0	0	0	0	0.81664	0	0	0	0	0	0	0	0	0	0	0	0	0	0	0	0	0	0	0	0	0	0	0	0	
0	0	0	0	0	0	0	0	0	0	0	0	0	0	0	0	0	0	0	0	0	0	0	0	0	0	0	0	0	0	0	0	0	0	0	0	0	0	0	0	0	0	0	0	0	0	0	0	0	0	0	0	0	0	0	0	0	0	0	0	0	0	0	0	0	0	0	0	0	0	0	0	0	0	0	0	0	0	0	0	0	0	0	0	0	0	0	0	0	0	0	0	0	0	0	0	0	0	0	0	
0	0	0	0	0	0	0	0	0	0	0	0	0	0	0	0	0	0	0	0	0	0	0	0	0	0	0	0	0	0	0	0	0	0	0	0	0	0	0	0	0	0	0	0	0	0	0	0	0	0	0	0	0	0	0	0	0	0	0	0	0	0	0	0	0	0	0	0	0	0	0	0	0	0	0	0	0	0	0	0	0	0	0	0	0	0	0	0	0	0	0	0	0	0	0	0	0	0	0	0	
0	0	0	0	0	0	0	0	0	0	0	0	0	0	0	0	0	0	0	0	0	0	0	0	0	0	0	0	0	0	0	0	0	0	0	0	0	0	0	0	0	0	0	0	0	0	0	0	0	0	0	0	0	0	0	0	0	0	0	0	0	0	0	0	0	0	0	0	0	0	0	0	0	0	0	0	0	0	0	0	0	0	0	0	0	0	0	0	0	0	0	0	0	0	0	0	0	0	0	0	
0	0	0	0	0	0	0	0	0	0	0	0	0	0	0	0	0	0	0	0	0	0	0	0	0	0	0	0	0	0	0	0	0	0	0	0	0	0	0	0	0	0	0	0	0	0	0	0	0	0	0	0	0	0	0	0	0	0	0	0	0	0	0	0	0	0	0	0	0	0	0	0	0	0	0	0	0	0	0	0	0	0	0	0	0	0	0	0	0	0	0	0	0	0	0	0	0	0	0	0	
0	0	0	0	0	0	0	0	0	0	0	0	0	0	0	0	0	0	0	0	0	0	0	0	0	0	0	0	0	0	0	0	0	0	0	0	0	0	0	0	0	0	0	0	0	0	0	0	0	0	0	0	0	0	0	0	0	0	0	0	0	0	0	0	0	0	0	0	0	0	0	0	0	0	0	0	0	0	0	0	0	3.16895	0	0	0	0	0	0	0	0	0	0	0	0	0	0	0	0	0	0	
0	0	0	0	0	0	0	0	0	0	0	0	0	0	0	0	0	0	0	0	0	0	0	0	0	0	0	0	0	0	0	0	0	0	0	0	0	0	0	0	0	0	0	0	0	0	0	12.09563	0	0	0	0	0	0	0	0	0	0	0	0	0	0	0	0	0	0	0	0	0	0	0	0	0	0	7.2945	0	0	0	0	0	0	0	0	0	0	0	0	0	0	0	0	0	0	0	0	0	0	0	0	0	
